T,M1x,M1y,M1z,M2x,M2y,M2z,M3x,M3y,M3z,M4x,M4y,M4z,M5x,M5y,M5z,M6x,M6y,M6z,M7x,M7y,M7z,M8x,M8y,M8z,M9x,M9y,M9z,M10x,M10y,M10z,M11x,M11y,M11z,M12x,M12y,M12z,M13x,M13y,M13z,M14x,M14y,M14z,M15x,M15y,M15z,M16x,M16y,M16z,M17x,M17y,M17z,M18x,M18y,M18z,M19x,M19y,M19z,M20x,M20y,M20z
0,0,0.95578,0,0.01249,1.40127,0.0004,-0.06998,1.61232,-0.02028,-0.00917,1.33405,-0.19451,0.01883,1.26433,-0.426,-0.00279,1.26939,-0.68989,0.01888,1.29645,-0.8628,-0.00892,1.33369,0.19522,0.01154,1.23585,0.41712,-0.01867,1.21882,0.67967,0.03195,1.23288,0.848,-0.05622,0.88917,-0.07568,-0.03359,0.48784,-0.09124,0.03701,0.09067,-0.11476,-0.14675,-0.03541,-0.12272,-0.04824,0.8826,0.07511,-0.03929,0.48063,0.08777,0.02202,0.08133,0.097,-0.17423,-0.02298,0.11531
0.02,-7e-05,0.95577,-2e-05,0.0125,1.40126,0.00042,-0.07017,1.61223,-0.02029,-0.0092,1.33405,-0.1945,0.01849,1.26432,-0.42602,-0.00337,1.26947,-0.68989,0.01819,1.29645,-0.86282,-0.00888,1.33366,0.19523,0.01147,1.23567,0.41708,-0.01878,1.21847,0.67961,0.03178,1.23226,0.84798,-0.0563,0.88916,-0.07569,-0.03363,0.48783,-0.09124,0.03701,0.09067,-0.11476,-0.14675,-0.03541,-0.1227,-0.04829,0.88259,0.0751,-0.03933,0.48062,0.08778,0.02199,0.08132,0.09703,-0.17425,-0.02299,0.11532
0.04,-0.00014,0.95576,-5e-05,0.01251,1.40125,0.00043,-0.07036,1.61214,-0.02031,-0.00924,1.33406,-0.19449,0.01815,1.26431,-0.42604,-0.00394,1.26955,-0.68989,0.01752,1.29645,-0.86285,-0.00885,1.33364,0.19524,0.01139,1.23549,0.41702,-0.01889,1.21813,0.67954,0.03161,1.23165,0.84796,-0.05639,0.88916,-0.0757,-0.03366,0.48783,-0.09126,0.03701,0.09067,-0.11476,-0.14675,-0.03541,-0.12268,-0.04835,0.88258,0.07508,-0.03938,0.48061,0.08777,0.02197,0.08131,0.09704,-0.17427,-0.023,0.11532
0.06,-0.00021,0.95575,-7e-05,0.01252,1.40123,0.00044,-0.07054,1.61205,-0.02032,-0.00928,1.33407,-0.19448,0.01781,1.26429,-0.42606,-0.0045,1.26962,-0.68988,0.01686,1.29645,-0.86286,-0.00882,1.33361,0.19525,0.01131,1.23531,0.41698,-0.01901,1.21779,0.67948,0.03143,1.23104,0.84794,-0.05648,0.88915,-0.07571,-0.03369,0.48783,-0.09126,0.03701,0.09067,-0.11476,-0.14675,-0.03542,-0.12266,-0.0484,0.88256,0.07507,-0.03942,0.4806,0.08778,0.02195,0.08131,0.09706,-0.1743,-0.02301,0.11532
0.08,-0.00028,0.95574,-9e-05,0.01254,1.40122,0.00045,-0.07073,1.61194,-0.02034,-0.00931,1.33408,-0.19446,0.01744,1.26429,-0.42608,-0.00514,1.26974,-0.68989,0.01611,1.2965,-0.86289,-0.00877,1.33359,0.19526,0.01126,1.23511,0.41692,-0.01909,1.21743,0.67941,0.03128,1.23039,0.84791,-0.05657,0.88914,-0.07572,-0.03372,0.48782,-0.09126,0.03701,0.09067,-0.11476,-0.14674,-0.03542,-0.12264,-0.04845,0.88255,0.07505,-0.03946,0.48058,0.08779,0.02193,0.0813,0.09708,-0.17431,-0.02302,0.11532
0.1,-0.00034,0.95573,-0.00012,0.01253,1.40121,0.00047,-0.07091,1.61187,-0.02033,-0.00935,1.33409,-0.19446,0.01716,1.26426,-0.42609,-0.0056,1.26976,-0.68988,0.01556,1.29644,-0.8629,-0.00877,1.33356,0.19527,0.01116,1.23495,0.41688,-0.01923,1.21711,0.67935,0.03107,1.22985,0.84789,-0.05664,0.88913,-0.07574,-0.03375,0.48782,-0.09128,0.03702,0.09067,-0.11476,-0.14673,-0.03542,-0.12262,-0.04849,0.88254,0.07504,-0.0395,0.48057,0.08779,0.02192,0.08129,0.0971,-0.17433,-0.02303,0.11532
0.12,-0.00039,0.95572,-0.00017,0.01242,1.4012,0.00049,-0.07105,1.61186,-0.02021,-0.00941,1.33411,-0.19445,0.01711,1.26414,-0.42604,-0.00559,1.2695,-0.68984,0.01555,1.29607,-0.86288,-0.00892,1.33352,0.19528,0.01096,1.23488,0.41688,-0.01954,1.21689,0.67932,0.03068,1.22966,0.84788,-0.05672,0.88913,-0.07577,-0.03379,0.48781,-0.0913,0.03704,0.09067,-0.11476,-0.14671,-0.03544,-0.1226,-0.04852,0.88253,0.075,-0.03955,0.48056,0.08776,0.02189,0.08128,0.09712,-0.17436,-0.02303,0.11533
0.14,-0.00043,0.9557,-0.00022,0.01227,1.40118,0.00051,-0.07118,1.61186,-0.02005,-0.00947,1.33412,-0.19444,0.01715,1.26398,-0.42597,-0.00542,1.26912,-0.68978,0.01573,1.29558,-0.86284,-0.00912,1.33346,0.19529,0.01073,1.23484,0.41689,-0.0199,1.21669,0.67931,0.03024,1.22958,0.84789,-0.05679,0.88911,-0.0758,-0.03383,0.48779,-0.09131,0.03706,0.09066,-0.11476,-0.14667,-0.03547,-0.12256,-0.04853,0.88251,0.07497,-0.0396,0.48054,0.08774,0.02186,0.08127,0.09714,-0.1744,-0.02304,0.11534
0.16,-0.00047,0.95568,-0.00028,0.01214,1.40117,0.00053,-0.07131,1.61186,-0.01991,-0.00952,1.33413,-0.19445,0.01715,1.26384,-0.42592,-0.00533,1.26881,-0.68974,0.01581,1.29515,-0.86282,-0.0093,1.33341,0.19528,0.01052,1.23477,0.41689,-0.02023,1.21648,0.67929,0.02984,1.22944,0.84788,-0.05686,0.88909,-0.07584,-0.03386,0.48777,-0.09134,0.03708,0.09066,-0.11477,-0.14664,-0.03549,-0.12254,-0.04854,0.88249,0.07493,-0.03964,0.48052,0.0877,0.02184,0.08125,0.09714,-0.17442,-0.02305,0.11534
0.18,-0.00052,0.95566,-0.00033,0.01199,1.40115,0.00055,-0.07144,1.61186,-0.01977,-0.00959,1.33413,-0.19444,0.01716,1.26368,-0.42585,-0.00522,1.26844,-0.68969,0.01593,1.29466,-0.86279,-0.0095,1.33336,0.19529,0.01029,1.23472,0.4169,-0.02059,1.21627,0.67927,0.02939,1.22932,0.84788,-0.05694,0.88907,-0.07587,-0.03391,0.48776,-0.09135,0.03709,0.09065,-0.11477,-0.14661,-0.03553,-0.12251,-0.04856,0.88246,0.07489,-0.03971,0.4805,0.08768,0.0218,0.08123,0.09716,-0.17446,-0.02305,0.11535
0.2,-0.00056,0.95565,-0.00038,0.01187,1.40114,0.00058,-0.07158,1.61185,-0.01962,-0.00965,1.33415,-0.19443,0.01716,1.26356,-0.42579,-0.00512,1.26817,-0.68964,0.01602,1.29429,-0.86275,-0.00966,1.33332,0.1953,0.01009,1.23466,0.4169,-0.0209,1.21607,0.67925,0.02902,1.22919,0.84788,-0.05701,0.88906,-0.0759,-0.03394,0.48775,-0.09137,0.03712,0.09065,-0.11477,-0.14658,-0.03554,-0.12248,-0.04857,0.88245,0.07486,-0.03974,0.48048,0.08766,0.02178,0.08122,0.09718,-0.17449,-0.02305,0.11536
0.22,-0.0006,0.95565,-0.00042,0.01177,1.40114,0.00061,-0.07182,1.61181,-0.01946,-0.00974,1.33418,-0.19441,0.0171,1.26356,-0.42576,-0.00513,1.26815,-0.68962,0.016,1.29425,-0.86274,-0.00975,1.33328,0.19532,0.00992,1.23456,0.4169,-0.02111,1.21591,0.67924,0.02884,1.229,0.84785,-0.05709,0.88906,-0.07591,-0.03391,0.48775,-0.09136,0.03714,0.09065,-0.11475,-0.14656,-0.03553,-0.12247,-0.04857,0.88246,0.07485,-0.03973,0.48049,0.08768,0.02175,0.08122,0.0972,-0.17452,-0.02305,0.11541
0.24,-0.00065,0.95565,-0.00046,0.01168,1.40114,0.00063,-0.07209,1.61176,-0.01931,-0.00985,1.33421,-0.1944,0.017,1.26359,-0.42575,-0.00518,1.26823,-0.6896,0.01594,1.29432,-0.86272,-0.00981,1.33325,0.19533,0.00976,1.23444,0.41688,-0.02128,1.21575,0.67922,0.02872,1.22877,0.84782,-0.05718,0.88905,-0.07591,-0.03388,0.48775,-0.09134,0.03715,0.09065,-0.11473,-0.14656,-0.03551,-0.12247,-0.04858,0.88246,0.07484,-0.0397,0.4805,0.08772,0.02171,0.08122,0.09722,-0.17457,-0.02305,0.11545
0.26,-0.00069,0.95565,-0.00049,0.01159,1.40114,0.00067,-0.07234,1.6117,-0.01914,-0.00995,1.33424,-0.19437,0.01691,1.26361,-0.42572,-0.00522,1.26826,-0.68957,0.0159,1.29435,-0.8627,-0.00988,1.33322,0.19536,0.0096,1.23432,0.41688,-0.02146,1.21557,0.67921,0.02858,1.22855,0.84781,-0.05726,0.88905,-0.07591,-0.03385,0.48776,-0.09132,0.03718,0.09065,-0.1147,-0.14655,-0.0355,-0.12245,-0.04858,0.88246,0.07484,-0.03968,0.4805,0.08776,0.02168,0.08121,0.09725,-0.1746,-0.02304,0.11551
0.28,-0.00074,0.95565,-0.00053,0.01149,1.40115,0.00069,-0.0726,1.61165,-0.01899,-0.01005,1.33427,-0.19435,0.01685,1.26362,-0.42569,-0.00521,1.26828,-0.68955,0.0159,1.29435,-0.86268,-0.00996,1.33319,0.19538,0.00942,1.23422,0.41687,-0.02168,1.21544,0.67919,0.02841,1.22838,0.84778,-0.05735,0.88904,-0.07591,-0.03382,0.48776,-0.09131,0.0372,0.09065,-0.11468,-0.14654,-0.03548,-0.12245,-0.04859,0.88247,0.07483,-0.03966,0.48051,0.08779,0.02164,0.08121,0.09727,-0.17464,-0.02304,0.11556
0.3,-0.00078,0.95565,-0.00057,0.0114,1.40115,0.00072,-0.07286,1.6116,-0.01884,-0.01015,1.33429,-0.19433,0.01672,1.26366,-0.42568,-0.00532,1.26835,-0.68954,0.01578,1.29443,-0.86267,-0.01002,1.33316,0.1954,0.00929,1.23409,0.41685,-0.02181,1.21523,0.67917,0.02831,1.22809,0.84775,-0.05742,0.88904,-0.07593,-0.0338,0.48776,-0.0913,0.03721,0.09065,-0.11467,-0.14653,-0.03547,-0.12245,-0.04859,0.88247,0.07481,-0.03964,0.48051,0.08782,0.02161,0.08121,0.09728,-0.17467,-0.02304,0.1156
0.32,-0.00081,0.95564,-0.00061,0.01128,1.40114,0.00074,-0.07318,1.61152,-0.01871,-0.0103,1.33431,-0.19431,0.01641,1.26376,-0.4257,-0.00575,1.26856,-0.68955,0.01529,1.29473,-0.86267,-0.01008,1.33312,0.19541,0.00927,1.23388,0.41679,-0.02176,1.21482,0.6791,0.02832,1.22748,0.84771,-0.05746,0.88903,-0.07596,-0.03385,0.48775,-0.09133,0.03722,0.09065,-0.11468,-0.14653,-0.03547,-0.12245,-0.04862,0.88246,0.07478,-0.03969,0.4805,0.08779,0.0216,0.0812,0.09728,-0.17468,-0.02304,0.11557
0.34,-0.00084,0.95562,-0.00065,0.01116,1.40112,0.00077,-0.07351,1.61143,-0.0186,-0.01047,1.33432,-0.19429,0.01603,1.26387,-0.42574,-0.00632,1.2688,-0.68957,0.01466,1.29509,-0.86268,-0.01013,1.33307,0.19543,0.0093,1.23364,0.41672,-0.02164,1.21432,0.67902,0.02838,1.22675,0.84767,-0.05749,0.88901,-0.076,-0.03392,0.48773,-0.09136,0.03722,0.09064,-0.11471,-0.14653,-0.03548,-0.12244,-0.04865,0.88244,0.07473,-0.03975,0.48048,0.08774,0.02159,0.08119,0.09727,-0.1747,-0.02305,0.11553
0.36,-0.00087,0.95561,-0.0007,0.01104,1.40111,0.00078,-0.07383,1.61135,-0.01848,-0.01064,1.33434,-0.19428,0.01567,1.26398,-0.42578,-0.00684,1.26902,-0.68959,0.01409,1.29542,-0.86269,-0.01018,1.33303,0.19544,0.00931,1.23342,0.41665,-0.02155,1.21387,0.67894,0.02842,1.22608,0.84762,-0.05752,0.889,-0.07605,-0.03398,0.48772,-0.0914,0.03722,0.09064,-0.11474,-0.14652,-0.03548,-0.12245,-0.04867,0.88243,0.07469,-0.03981,0.48047,0.08769,0.02158,0.08119,0.09726,-0.17471,-0.02305,0.11549
0.38,-0.0009,0.9556,-0.00073,0.01091,1.40111,0.00081,-0.07416,1.61127,-0.01837,-0.01079,1.33435,-0.19426,0.01533,1.26411,-0.42581,-0.00733,1.26929,-0.68961,0.01355,1.2958,-0.8627,-0.01024,1.33299,0.19547,0.00932,1.2332,0.41659,-0.02146,1.21341,0.67887,0.02845,1.22539,0.84758,-0.05755,0.889,-0.07608,-0.03405,0.48771,-0.09143,0.03721,0.09064,-0.11476,-0.14653,-0.03548,-0.12245,-0.04871,0.88242,0.07465,-0.03987,0.48045,0.08766,0.02158,0.08118,0.09725,-0.17472,-0.02304,0.11546
0.4,-0.00094,0.95559,-0.00078,0.01078,1.4011,0.00083,-0.0745,1.61118,-0.01824,-0.01098,1.33437,-0.19424,0.01494,1.2642,-0.42583,-0.0079,1.26948,-0.68962,0.01291,1.2961,-0.8627,-0.01029,1.33294,0.19549,0.00933,1.23298,0.41651,-0.02136,1.21295,0.67879,0.02849,1.22473,0.84753,-0.0576,0.88899,-0.07613,-0.03411,0.48769,-0.09146,0.03722,0.09064,-0.11477,-0.14653,-0.03548,-0.12245,-0.04874,0.88241,0.07461,-0.03993,0.48044,0.08762,0.02156,0.08118,0.09725,-0.17474,-0.02304,0.11544
0.42,-0.001,0.95557,-0.00087,0.01065,1.40108,0.00083,-0.07484,1.61109,-0.01808,-0.01122,1.33439,-0.19424,0.01444,1.26416,-0.42584,-0.00866,1.26947,-0.68961,0.01206,1.29612,-0.86269,-0.0103,1.33288,0.19549,0.00935,1.23273,0.41643,-0.02126,1.21246,0.6787,0.02854,1.22413,0.84746,-0.05772,0.88896,-0.07617,-0.03414,0.48768,-0.09147,0.03725,0.09063,-0.11477,-0.14649,-0.03549,-0.12243,-0.04874,0.88239,0.07456,-0.03998,0.48043,0.08759,0.02151,0.08116,0.09727,-0.17479,-0.02305,0.11545
0.44,-0.00108,0.95555,-0.00096,0.01049,1.40106,0.00084,-0.07521,1.611,-0.0179,-0.0115,1.33442,-0.19423,0.01388,1.26407,-0.42583,-0.00951,1.26938,-0.68957,0.0111,1.29605,-0.86267,-0.01031,1.33281,0.19549,0.00936,1.23247,0.41635,-0.02118,1.21196,0.67861,0.02858,1.22357,0.84739,-0.05787,0.88894,-0.07621,-0.03418,0.48766,-0.09147,0.03729,0.09062,-0.11475,-0.14645,-0.0355,-0.12239,-0.04875,0.88237,0.07452,-0.04004,0.48041,0.08759,0.02145,0.08115,0.0973,-0.17486,-0.02306,0.1155
0.46,-0.00115,0.95554,-0.00105,0.01035,1.40105,0.00085,-0.07556,1.61092,-0.01773,-0.01176,1.33445,-0.19423,0.01334,1.26402,-0.42583,-0.01031,1.26934,-0.68954,0.01018,1.29603,-0.86265,-0.01031,1.33275,0.1955,0.00938,1.23222,0.41626,-0.02109,1.21148,0.67851,0.02861,1.22304,0.84731,-0.058,0.88893,-0.07625,-0.03421,0.48765,-0.09148,0.03733,0.09063,-0.11474,-0.14641,-0.0355,-0.12236,-0.04876,0.88237,0.07447,-0.04009,0.4804,0.08757,0.0214,0.08114,0.09733,-0.17491,-0.02305,0.11554
0.48,-0.00122,0.95552,-0.00114,0.01021,1.40103,0.00086,-0.07592,1.61083,-0.01755,-0.01202,1.33448,-0.19422,0.0128,1.26397,-0.42583,-0.01113,1.26929,-0.68951,0.00929,1.29598,-0.86263,-0.01031,1.33268,0.19551,0.00939,1.23199,0.41619,-0.02098,1.21095,0.67843,0.02869,1.22234,0.84725,-0.05814,0.8889,-0.07628,-0.03424,0.48763,-0.09148,0.03737,0.09062,-0.11472,-0.14637,-0.03551,-0.12232,-0.04876,0.88235,0.07442,-0.04015,0.48039,0.08756,0.02134,0.08113,0.09736,-0.17497,-0.02306,0.11558
0.5,-0.0013,0.9555,-0.00123,0.01005,1.40102,0.00086,-0.07628,1.61075,-0.01738,-0.01229,1.3345,-0.19422,0.01226,1.26387,-0.42582,-0.01196,1.26922,-0.68948,0.00831,1.29597,-0.8626,-0.01034,1.33262,0.19551,0.00942,1.2317,0.41609,-0.02093,1.21052,0.67832,0.02864,1.22199,0.84716,-0.05827,0.88888,-0.07633,-0.03429,0.48761,-0.09149,0.0374,0.09061,-0.11471,-0.14634,-0.03552,-0.1223,-0.04878,0.88233,0.07437,-0.0402,0.48037,0.08755,0.02129,0.08111,0.09739,-0.17503,-0.02307,0.11561
0.52,-0.00139,0.95548,-0.0013,0.00984,1.401,0.00086,-0.07662,1.61069,-0.0172,-0.01259,1.33451,-0.19422,0.01175,1.26366,-0.42578,-0.01275,1.26904,-0.68942,0.0072,1.29592,-0.86256,-0.01042,1.33256,0.1955,0.00952,1.23131,0.41591,-0.02105,1.21037,0.67813,0.02827,1.22256,0.847,-0.05839,0.88886,-0.07638,-0.03435,0.48759,-0.0915,0.03741,0.09061,-0.1147,-0.14633,-0.03552,-0.12228,-0.04885,0.88231,0.07432,-0.04023,0.48035,0.08754,0.02126,0.08109,0.09741,-0.17506,-0.02308,0.11563
0.54,-0.0015,0.95546,-0.00138,0.0096,1.40098,0.00083,-0.07697,1.61065,-0.01703,-0.01291,1.33451,-0.19425,0.01122,1.2634,-0.42575,-0.01359,1.26884,-0.68935,0.00598,1.29592,-0.8625,-0.01053,1.33252,0.19547,0.00963,1.23087,0.41568,-0.02125,1.21034,0.67789,0.02773,1.22348,0.84679,-0.05851,0.88884,-0.07645,-0.03444,0.48758,-0.09153,0.0374,0.09061,-0.11472,-0.14635,-0.03552,-0.12228,-0.04894,0.88229,0.07424,-0.04027,0.48033,0.08752,0.02123,0.08108,0.09741,-0.1751,-0.02308,0.11562
0.56,-0.0016,0.95544,-0.00145,0.00938,1.40096,0.00081,-0.07731,1.6106,-0.01685,-0.01322,1.33451,-0.19426,0.0107,1.26315,-0.4257,-0.01445,1.26869,-0.68927,0.00474,1.29599,-0.86244,-0.01063,1.33247,0.19546,0.00974,1.23044,0.41547,-0.02143,1.21027,0.67768,0.02725,1.22427,0.8466,-0.05864,0.88883,-0.07651,-0.0345,0.48756,-0.09155,0.0374,0.0906,-0.11471,-0.14636,-0.03551,-0.12226,-0.04902,0.88226,0.07418,-0.04031,0.48031,0.08751,0.0212,0.08106,0.09743,-0.17513,-0.02309,0.11564
0.58,-0.00169,0.95542,-0.00152,0.00916,1.40095,0.0008,-0.07764,1.61055,-0.01666,-0.01352,1.33452,-0.19426,0.01019,1.26296,-0.42567,-0.01514,1.26836,-0.68923,0.00378,1.29568,-0.86242,-0.01072,1.33242,0.19545,0.00987,1.23006,0.41529,-0.02152,1.21013,0.67749,0.02683,1.22496,0.84643,-0.05874,0.88881,-0.07656,-0.0346,0.48754,-0.09156,0.0374,0.0906,-0.11472,-0.14636,-0.03551,-0.12227,-0.04909,0.88224,0.07413,-0.04031,0.48029,0.08752,0.02118,0.08104,0.09744,-0.17516,-0.0231,0.11564
0.6,-0.00181,0.9554,-0.00161,0.00892,1.40093,0.00075,-0.078,1.6105,-0.01653,-0.01384,1.33451,-0.19431,0.00966,1.26262,-0.42563,-0.01621,1.26842,-0.68913,0.00219,1.29618,-0.8623,-0.01084,1.33237,0.1954,0.00995,1.22956,0.41501,-0.02183,1.21017,0.67721,0.02619,1.22592,0.84616,-0.05888,0.88879,-0.07664,-0.03465,0.48753,-0.09161,0.03738,0.09059,-0.11473,-0.14638,-0.03551,-0.12225,-0.04919,0.88222,0.07404,-0.0404,0.48027,0.08747,0.02114,0.08102,0.09744,-0.17521,-0.0231,0.11565
0.62,-0.00197,0.95537,-0.00174,0.00866,1.4009,0.0006,-0.07836,1.61044,-0.01656,-0.01419,1.33447,-0.19445,0.00914,1.26184,-0.42556,-0.01821,1.26944,-0.68886,-0.00096,1.29867,-0.8619,-0.01099,1.33235,0.19526,0.00992,1.22879,0.41451,-0.02255,1.2107,0.67671,0.02522,1.22759,0.84562,-0.05908,0.88879,-0.07676,-0.03448,0.48755,-0.09177,0.03738,0.09057,-0.11474,-0.14639,-0.03553,-0.12214,-0.04932,0.88217,0.07391,-0.04069,0.48021,0.08729,0.02109,0.08101,0.09742,-0.17527,-0.02309,0.11569
0.64,-0.00215,0.95535,-0.00189,0.00838,1.40088,0.00041,-0.07873,1.61039,-0.01666,-0.01454,1.33443,-0.19463,0.00862,1.2609,-0.42547,-0.0206,1.27089,-0.68849,-0.00472,1.30202,-0.86133,-0.01116,1.33234,0.19508,0.00982,1.2279,0.4139,-0.02349,1.21144,0.67611,0.02405,1.22954,0.84496,-0.0593,0.88879,-0.07691,-0.03425,0.48758,-0.09196,0.03738,0.09055,-0.11476,-0.1464,-0.03553,-0.12203,-0.04946,0.88212,0.07376,-0.04106,0.48016,0.08706,0.02102,0.08101,0.09739,-0.17536,-0.02305,0.11574
0.66,-0.00232,0.95532,-0.00204,0.00811,1.40086,0.00022,-0.07909,1.61033,-0.01674,-0.01488,1.33439,-0.19479,0.00811,1.26003,-0.42539,-0.02284,1.27223,-0.68811,-0.00824,1.30511,-0.86075,-0.01133,1.33232,0.19491,0.00973,1.22703,0.41332,-0.02438,1.21208,0.67551,0.02289,1.23135,0.84431,-0.05951,0.88878,-0.07705,-0.03408,0.4876,-0.09214,0.03737,0.09053,-0.11479,-0.14642,-0.03555,-0.12193,-0.0496,0.88207,0.07361,-0.04138,0.48011,0.08686,0.02096,0.081,0.09736,-0.17543,-0.02302,0.11578
0.68,-0.00249,0.9553,-0.00218,0.00783,1.40084,4e-05,-0.07945,1.61029,-0.01679,-0.01527,1.33435,-0.19496,0.00755,1.25916,-0.4253,-0.02491,1.27326,-0.68775,-0.01149,1.30771,-0.86018,-0.01147,1.33232,0.19475,0.00974,1.22631,0.41279,-0.02493,1.2128,0.67499,0.02223,1.2333,0.84367,-0.05972,0.88879,-0.07718,-0.0338,0.48764,-0.09233,0.03738,0.09052,-0.11481,-0.14643,-0.03555,-0.12181,-0.04973,0.88203,0.07347,-0.04175,0.48005,0.08663,0.02089,0.081,0.09735,-0.17552,-0.02297,0.11585
0.7,-0.00266,0.95528,-0.00234,0.00758,1.40082,-0.00014,-0.07983,1.61023,-0.01691,-0.01555,1.33432,-0.19513,0.00706,1.25826,-0.42521,-0.02743,1.27508,-0.68724,-0.01543,1.31159,-0.85935,-0.01167,1.33231,0.19457,0.00953,1.22527,0.41212,-0.02622,1.21345,0.67425,0.02054,1.23509,0.8429,-0.05992,0.88879,-0.07734,-0.03371,0.48766,-0.0925,0.03736,0.0905,-0.11484,-0.14646,-0.03555,-0.12175,-0.04987,0.88199,0.07331,-0.04203,0.48001,0.08644,0.02082,0.08099,0.09733,-0.1756,-0.02293,0.11589
0.72,-0.00278,0.95525,-0.00257,0.00745,1.40079,-0.00032,-0.08022,1.61007,-0.01723,-0.0155,1.3343,-0.19534,0.00683,1.25735,-0.42515,-0.03092,1.27891,-0.68638,-0.02092,1.31868,-0.85789,-0.01197,1.33226,0.19437,0.00876,1.22351,0.41111,-0.02939,1.21393,0.673,0.01626,1.23641,0.84184,-0.06001,0.88875,-0.07758,-0.03409,0.4876,-0.09258,0.03731,0.0905,-0.11491,-0.14649,-0.03559,-0.12187,-0.05002,0.88197,0.07308,-0.04193,0.48,0.08638,0.02082,0.08097,0.09725,-0.1756,-0.02296,0.11583
0.74,-0.00288,0.95522,-0.00283,0.00737,1.40076,-0.00051,-0.08063,1.60989,-0.01764,-0.01534,1.3343,-0.19556,0.00666,1.25641,-0.42508,-0.03484,1.28354,-0.68522,-0.02707,1.32706,-0.85594,-0.01231,1.3322,0.19415,0.00777,1.22143,0.40992,-0.03333,1.21434,0.67144,0.01088,1.23757,0.84057,-0.06006,0.8887,-0.07786,-0.03462,0.48751,-0.09264,0.03724,0.09049,-0.11498,-0.14652,-0.03563,-0.12206,-0.05016,0.88196,0.07281,-0.04171,0.48001,0.08636,0.02083,0.08094,0.09716,-0.17559,-0.02299,0.11574
0.76,-0.00299,0.95519,-0.00308,0.00726,1.40073,-0.00069,-0.08103,1.60972,-0.01801,-0.01523,1.3343,-0.19578,0.00642,1.25546,-0.42501,-0.03862,1.28786,-0.68396,-0.03297,1.33496,-0.8538,-0.01264,1.33214,0.19394,0.00685,1.21943,0.40876,-0.03702,1.21479,0.66988,0.00586,1.23881,0.83924,-0.06013,0.88866,-0.07812,-0.03507,0.48743,-0.09272,0.03718,0.09049,-0.11506,-0.14657,-0.03567,-0.12222,-0.05031,0.88194,0.07255,-0.04157,0.48,0.08632,0.02083,0.08091,0.09709,-0.17559,-0.02302,0.11567
0.78,-0.00311,0.95516,-0.00332,0.00715,1.4007,-0.00088,-0.08144,1.60955,-0.01836,-0.01511,1.33428,-0.196,0.00624,1.25463,-0.42497,-0.04202,1.29207,-0.68266,-0.03829,1.34256,-0.85158,-0.01297,1.3321,0.19372,0.00592,1.21774,0.40772,-0.04034,1.21543,0.66847,0.0014,1.24024,0.838,-0.06021,0.88861,-0.07838,-0.03559,0.48735,-0.09278,0.03711,0.09049,-0.11514,-0.1466,-0.0357,-0.1224,-0.05047,0.88193,0.0723,-0.04138,0.48,0.08631,0.02084,0.08088,0.09702,-0.17559,-0.02304,0.11561
0.8,-0.00319,0.95513,-0.00358,0.00706,1.40067,-0.00104,-0.08183,1.60937,-0.01877,-0.01497,1.33429,-0.1962,0.00592,1.25356,-0.42485,-0.04624,1.29672,-0.68087,-0.04479,1.35107,-0.84863,-0.01328,1.33203,0.19352,0.00491,1.21537,0.40633,-0.04464,1.21571,0.66648,-0.00456,1.24133,0.83629,-0.06026,0.88857,-0.07866,-0.036,0.48728,-0.09287,0.03706,0.09048,-0.11522,-0.14664,-0.03573,-0.12255,-0.05058,0.88191,0.07203,-0.04123,0.48,0.08625,0.02084,0.08085,0.09695,-0.17559,-0.02305,0.11555
0.82,-0.00317,0.95509,-0.00388,0.00703,1.40063,-0.00115,-0.08216,1.60917,-0.01927,-0.01479,1.33433,-0.19636,0.00518,1.25194,-0.42449,-0.05259,1.30253,-0.67794,-0.05431,1.36185,-0.844,-0.01351,1.33191,0.19336,0.00376,1.21121,0.40399,-0.05129,1.21509,0.663,-0.01413,1.24159,0.83334,-0.06022,0.88853,-0.07897,-0.03606,0.48723,-0.09304,0.03704,0.09044,-0.11531,-0.14667,-0.03575,-0.12261,-0.05058,0.88187,0.07171,-0.04127,0.47996,0.08607,0.02085,0.08082,0.09684,-0.17558,-0.02308,0.11545
0.84,-0.0031,0.95505,-0.00419,0.00703,1.40059,-0.00122,-0.08246,1.60896,-0.01981,-0.01458,1.33438,-0.19649,0.00426,1.25009,-0.42402,-0.05977,1.30874,-0.67421,-0.06498,1.37344,-0.83818,-0.01371,1.33177,0.19323,0.00247,1.20643,0.40122,-0.05911,1.21414,0.65867,-0.02554,1.24152,0.82961,-0.06014,0.8885,-0.0793,-0.03599,0.4872,-0.09325,0.03705,0.09038,-0.11539,-0.14669,-0.03577,-0.12263,-0.05052,0.88182,0.07139,-0.04135,0.47991,0.08586,0.02087,0.0808,0.09673,-0.17556,-0.0231,0.11534
0.86,-0.00304,0.955,-0.00449,0.00703,1.40054,-0.00131,-0.08276,1.60875,-0.02033,-0.01437,1.33442,-0.19663,0.00334,1.24832,-0.42357,-0.06656,1.31469,-0.67023,-0.07507,1.38453,-0.83194,-0.01391,1.33163,0.19309,0.00112,1.20199,0.39852,-0.06676,1.21338,0.65424,-0.03673,1.24162,0.8257,-0.06007,0.88845,-0.07961,-0.03598,0.48714,-0.09343,0.03705,0.09032,-0.11547,-0.14671,-0.0358,-0.12266,-0.05048,0.88176,0.07107,-0.04139,0.47986,0.08567,0.0209,0.08076,0.09662,-0.17554,-0.02313,0.11524
0.88,-0.00301,0.95496,-0.00479,0.00701,1.4005,-0.00139,-0.08309,1.60852,-0.02087,-0.01417,1.33447,-0.19676,0.0023,1.2468,-0.4232,-0.07306,1.32107,-0.66597,-0.08453,1.39611,-0.82514,-0.01412,1.33149,0.19296,-0.00036,1.19767,0.39577,-0.07389,1.21312,0.64971,-0.04694,1.24216,0.82155,-0.06002,0.88842,-0.07993,-0.03597,0.4871,-0.09362,0.03704,0.09027,-0.11555,-0.14674,-0.03582,-0.12269,-0.05046,0.88172,0.07076,-0.04147,0.47982,0.08547,0.02091,0.08073,0.09652,-0.17553,-0.02315,0.11514
0.9,-0.00292,0.95492,-0.0051,0.00701,1.40046,-0.00148,-0.08335,1.60834,-0.02138,-0.01395,1.33452,-0.19691,0.00124,1.24478,-0.42262,-0.08024,1.32663,-0.66094,-0.09513,1.40671,-0.81735,-0.01433,1.33136,0.19281,-0.00191,1.19313,0.39274,-0.08279,1.21203,0.6442,-0.06032,1.24193,0.81654,-0.05992,0.88839,-0.08025,-0.03592,0.48706,-0.09381,0.03706,0.09022,-0.11564,-0.14675,-0.03584,-0.12272,-0.05038,0.88167,0.07044,-0.04151,0.47977,0.08527,0.02094,0.0807,0.0964,-0.17551,-0.02317,0.11504
0.92,-0.00272,0.95489,-0.00543,0.00698,1.40043,-0.00159,-0.08346,1.60825,-0.02175,-0.01371,1.33457,-0.19707,0.00014,1.24145,-0.42149,-0.08932,1.33005,-0.65447,-0.10906,1.41479,-0.80786,-0.01455,1.33123,0.19265,-0.00346,1.18813,0.3892,-0.09633,1.20864,0.63635,-0.08203,1.23944,0.8094,-0.05974,0.88837,-0.08058,-0.03582,0.48704,-0.09401,0.0371,0.09018,-0.11572,-0.14672,-0.03587,-0.12275,-0.05017,0.88163,0.0701,-0.04148,0.47973,0.08505,0.02095,0.08065,0.09625,-0.17551,-0.02316,0.115
0.94,-0.00248,0.95486,-0.00576,0.00695,1.40041,-0.00169,-0.0835,1.60819,-0.02209,-0.01345,1.33463,-0.19723,-0.00114,1.23762,-0.4201,-0.0994,1.33251,-0.64697,-0.12457,1.42165,-0.79704,-0.01478,1.33109,0.19248,-0.00512,1.18296,0.38534,-0.11201,1.20397,0.62672,-0.10766,1.2353,0.80021,-0.05952,0.88836,-0.08091,-0.0357,0.48701,-0.0942,0.03715,0.09014,-0.11579,-0.14667,-0.0359,-0.12278,-0.04991,0.88158,0.06977,-0.04142,0.47969,0.08483,0.02096,0.0806,0.09609,-0.17553,-0.02314,0.11498
0.96,-0.00225,0.95483,-0.0061,0.00694,1.40038,-0.00181,-0.08355,1.60812,-0.02246,-0.01318,1.33468,-0.1974,-0.00259,1.23406,-0.41875,-0.10929,1.33518,-0.63903,-0.13958,1.42864,-0.78547,-0.015,1.33096,0.19231,-0.00692,1.17798,0.38142,-0.12721,1.19952,0.61636,-0.13255,1.23101,0.78979,-0.0593,0.88834,-0.08125,-0.03558,0.48699,-0.0944,0.03721,0.09009,-0.11588,-0.14663,-0.03593,-0.12282,-0.04967,0.88154,0.06943,-0.04137,0.47964,0.0846,0.02099,0.08056,0.09592,-0.17552,-0.02312,0.11494
0.98,-0.00203,0.95481,-0.00644,0.0069,1.40036,-0.00192,-0.08367,1.60805,-0.0228,-0.01296,1.33475,-0.19757,-0.00416,1.23071,-0.41741,-0.11877,1.33858,-0.63039,-0.15393,1.43658,-0.77272,-0.01522,1.33084,0.19214,-0.00863,1.1732,0.37745,-0.14225,1.19573,0.60498,-0.15727,1.2274,0.77781,-0.05911,0.88833,-0.08158,-0.03546,0.48697,-0.09459,0.03727,0.09006,-0.11594,-0.14658,-0.03596,-0.12285,-0.04942,0.88151,0.06909,-0.04134,0.47961,0.08439,0.02098,0.08052,0.09576,-0.17554,-0.0231,0.11493
1,-0.00179,0.95477,-0.00676,0.0069,1.40032,-0.00202,-0.08365,1.60799,-0.02316,-0.01265,1.33479,-0.19773,-0.00603,1.22702,-0.41584,-0.12937,1.34017,-0.62106,-0.16978,1.44196,-0.75928,-0.01547,1.3307,0.19197,-0.01084,1.16829,0.37317,-0.15835,1.19011,0.59202,-0.18419,1.22092,0.76372,-0.05887,0.88831,-0.08192,-0.03535,0.48693,-0.09479,0.03731,0.09,-0.11604,-0.14655,-0.036,-0.12289,-0.04918,0.88145,0.06875,-0.04127,0.47956,0.08416,0.02102,0.08047,0.0956,-0.17553,-0.02309,0.11488
1.02,-0.00151,0.95471,-0.007,0.00702,1.40027,-0.00208,-0.08329,1.60801,-0.02354,-0.01211,1.3348,-0.19785,-0.00858,1.22249,-0.41373,-0.14309,1.33742,-0.61079,-0.18985,1.44138,-0.74533,-0.01572,1.33056,0.19184,-0.01415,1.16304,0.36837,-0.17674,1.18051,0.57668,-0.2157,1.20847,0.74638,-0.05849,0.88827,-0.08225,-0.03527,0.48687,-0.09501,0.03729,0.08992,-0.11617,-0.14661,-0.03603,-0.12297,-0.049,0.88138,0.06844,-0.04112,0.47949,0.08394,0.02115,0.08039,0.09545,-0.17543,-0.02309,0.11476
1.04,-0.00121,0.95463,-0.00722,0.00718,1.40019,-0.00213,-0.0828,1.60803,-0.02395,-0.01146,1.33478,-0.19797,-0.01161,1.21775,-0.41136,-0.1582,1.33305,-0.59938,-0.21187,1.4385,-0.73014,-0.016,1.33041,0.19171,-0.01808,1.15774,0.3632,-0.19586,1.16945,0.55914,-0.24887,1.19345,0.7256,-0.05806,0.8882,-0.08259,-0.03519,0.48678,-0.09525,0.03725,0.08981,-0.11634,-0.14669,-0.03608,-0.12308,-0.04884,0.88128,0.06811,-0.04093,0.47939,0.08372,0.02132,0.0803,0.09529,-0.1753,-0.0231,0.1146
1.06,-0.00091,0.95456,-0.00745,0.00733,1.40012,-0.00218,-0.08236,1.60805,-0.02436,-0.01082,1.33477,-0.19809,-0.01485,1.21339,-0.409,-0.17282,1.32961,-0.58696,-0.23316,1.43675,-0.71336,-0.01629,1.33027,0.19157,-0.02206,1.1527,0.35791,-0.21411,1.15942,0.54012,-0.28075,1.17949,0.70216,-0.05764,0.88815,-0.08292,-0.03511,0.48671,-0.09548,0.03722,0.08971,-0.11649,-0.14676,-0.03613,-0.12318,-0.04866,0.8812,0.06779,-0.04076,0.47931,0.08349,0.02148,0.08022,0.09513,-0.17519,-0.02311,0.11446
1.08,-0.00064,0.9545,-0.00768,0.00746,1.40006,-0.00226,-0.08196,1.60808,-0.0247,-0.01033,1.33477,-0.19822,-0.01855,1.20924,-0.40656,-0.18717,1.32738,-0.57312,-0.25351,1.43676,-0.6945,-0.01648,1.33014,0.19143,-0.02579,1.14811,0.3527,-0.23149,1.15122,0.51947,-0.3115,1.16825,0.67569,-0.05726,0.88811,-0.08325,-0.03504,0.48665,-0.0957,0.03718,0.08962,-0.11665,-0.14683,-0.03616,-0.12327,-0.0485,0.88112,0.06747,-0.04059,0.47924,0.08328,0.02162,0.08014,0.09498,-0.17508,-0.02311,0.11433
1.1,-0.00031,0.95442,-0.00789,0.00763,1.39998,-0.00227,-0.08145,1.60809,-0.02518,-0.00952,1.33476,-0.19831,-0.02232,1.20528,-0.40398,-0.2019,1.32343,-0.55865,-0.27518,1.43396,-0.6749,-0.0169,1.32998,0.19132,-0.03064,1.14322,0.34677,-0.24873,1.14097,0.49697,-0.34209,1.15294,0.64611,-0.05679,0.88805,-0.08358,-0.03495,0.48656,-0.09593,0.03715,0.08951,-0.1168,-0.14692,-0.0362,-0.12337,-0.04831,0.88102,0.06716,-0.04041,0.47915,0.08305,0.0218,0.08005,0.09482,-0.17495,-0.02312,0.11417
1.12,0.00017,0.95429,-0.00804,0.00788,1.39985,-0.00209,-0.08066,1.60808,-0.02603,-0.00791,1.33475,-0.19828,-0.02587,1.20157,-0.4012,-0.218,1.3146,-0.54417,-0.30116,1.42324,-0.65544,-0.01794,1.32972,0.19129,-0.03829,1.13743,0.33908,-0.26699,1.12489,0.472,-0.3738,1.12665,0.61232,-0.05612,0.88794,-0.08389,-0.03483,0.48642,-0.09616,0.03712,0.08934,-0.11697,-0.14703,-0.03625,-0.12351,-0.04802,0.88088,0.06687,-0.04022,0.479,0.08279,0.02205,0.07991,0.09464,-0.17476,-0.02313,0.11396
1.14,0.00071,0.95415,-0.00816,0.00817,1.39971,-0.00182,-0.07975,1.60805,-0.02701,-0.00597,1.33474,-0.19819,-0.02962,1.1983,-0.39833,-0.23435,1.30446,-0.52852,-0.32822,1.4101,-0.63399,-0.0192,1.32942,0.19128,-0.04711,1.1317,0.33041,-0.28493,1.10809,0.44452,-0.40458,1.09845,0.5737,-0.05536,0.88782,-0.08419,-0.03469,0.48626,-0.09639,0.03709,0.08915,-0.11713,-0.14716,-0.03629,-0.12366,-0.0477,0.88072,0.06659,-0.04001,0.47884,0.08253,0.02234,0.07977,0.09446,-0.17455,-0.02314,0.11374
1.16,0.00122,0.95402,-0.00829,0.00845,1.39958,-0.00158,-0.07888,1.60802,-0.02794,-0.00416,1.33474,-0.19809,-0.03383,1.1955,-0.39548,-0.24979,1.29605,-0.51116,-0.35338,1.39938,-0.60959,-0.02037,1.32914,0.19126,-0.05564,1.12668,0.32163,-0.30125,1.09436,0.41524,-0.43259,1.07521,0.53136,-0.05464,0.88771,-0.08449,-0.03456,0.48612,-0.09662,0.03707,0.08897,-0.11729,-0.14728,-0.03633,-0.12381,-0.0474,0.88057,0.06631,-0.03981,0.47869,0.08227,0.02262,0.07963,0.09429,-0.17434,-0.02315,0.11352
1.18,0.00175,0.95389,-0.00841,0.00871,1.39945,-0.00139,-0.07795,1.60804,-0.02877,-0.00241,1.33472,-0.19803,-0.03842,1.19302,-0.39259,-0.26463,1.28824,-0.49207,-0.37756,1.38926,-0.58229,-0.02151,1.32889,0.19119,-0.06428,1.12239,0.31269,-0.3162,1.08247,0.3839,-0.45807,1.05453,0.48486,-0.05391,0.8876,-0.08477,-0.03443,0.48598,-0.09684,0.03705,0.0888,-0.11746,-0.14739,-0.03637,-0.12396,-0.04706,0.88042,0.06604,-0.03961,0.47854,0.08202,0.02289,0.0795,0.09412,-0.17414,-0.02316,0.11331
1.2,0.00226,0.95375,-0.00855,0.00903,1.3993,-0.00108,-0.07707,1.60795,-0.0298,-0.00047,1.33475,-0.19786,-0.04321,1.19134,-0.38979,-0.27826,1.28127,-0.47223,-0.39974,1.38017,-0.55322,-0.02274,1.32856,0.19119,-0.07317,1.11829,0.30287,-0.32944,1.07257,0.35157,-0.48019,1.03743,0.43605,-0.05317,0.88748,-0.08509,-0.03429,0.48583,-0.09709,0.03702,0.08862,-0.11764,-0.14752,-0.03641,-0.12414,-0.04677,0.88026,0.06574,-0.03939,0.47838,0.08174,0.02319,0.07935,0.09393,-0.17392,-0.02316,0.11307
1.22,0.00269,0.95356,-0.00876,0.00955,1.39909,-0.00039,-0.0763,1.60752,-0.03137,0.00201,1.33491,-0.19737,-0.0479,1.19108,-0.38724,-0.29023,1.27529,-0.45297,-0.41916,1.37242,-0.52397,-0.02419,1.32801,0.19142,-0.08247,1.11371,0.29096,-0.34125,1.06472,0.31862,-0.49886,1.02448,0.38671,-0.05245,0.88732,-0.08554,-0.03418,0.48564,-0.09743,0.03695,0.08839,-0.11786,-0.14771,-0.03647,-0.12436,-0.04663,0.88004,0.06531,-0.03909,0.47817,0.08137,0.02354,0.07915,0.09369,-0.17366,-0.02319,0.1128
1.24,0.00309,0.95336,-0.00898,0.01012,1.39887,0.00043,-0.07555,1.60698,-0.03312,0.00465,1.33512,-0.19676,-0.05272,1.19172,-0.38485,-0.30092,1.27024,-0.43347,-0.43638,1.3658,-0.49362,-0.02571,1.32739,0.19171,-0.09177,1.10968,0.27813,-0.35169,1.05947,0.28516,-0.51484,1.0161,0.33615,-0.05173,0.88715,-0.08602,-0.03407,0.48544,-0.09778,0.03685,0.08815,-0.1181,-0.14792,-0.03653,-0.1246,-0.04654,0.87981,0.06485,-0.03878,0.47794,0.08098,0.02391,0.07894,0.09345,-0.17339,-0.02321,0.11253
1.26,0.00351,0.95317,-0.00918,0.01065,1.39866,0.00117,-0.07473,1.60648,-0.03476,0.00717,1.33529,-0.19619,-0.05781,1.19279,-0.38248,-0.31049,1.26597,-0.41293,-0.45156,1.36008,-0.4613,-0.02716,1.32683,0.19193,-0.10073,1.10676,0.26534,-0.36042,1.05684,0.25104,-0.52776,1.01184,0.28373,-0.051,0.88699,-0.08647,-0.03395,0.48525,-0.09812,0.03676,0.08791,-0.11832,-0.14812,-0.03659,-0.12484,-0.04642,0.8796,0.06442,-0.03848,0.47773,0.08061,0.02426,0.07875,0.09322,-0.17313,-0.02323,0.11227
1.28,0.0039,0.95295,-0.00942,0.01118,1.39841,0.00202,-0.07382,1.60594,-0.03646,0.00985,1.33549,-0.19551,-0.0629,1.19468,-0.38019,-0.31898,1.26118,-0.39182,-0.4652,1.35311,-0.42741,-0.02879,1.32616,0.19219,-0.10974,1.10434,0.25112,-0.36724,1.0552,0.21358,-0.53658,1.00813,0.22796,-0.05029,0.8868,-0.08696,-0.03386,0.48503,-0.09848,0.03668,0.08766,-0.11858,-0.14833,-0.03666,-0.1251,-0.04634,0.87935,0.06395,-0.03815,0.47749,0.08022,0.02463,0.07852,0.09299,-0.17287,-0.02326,0.11199
1.3,0.00435,0.95279,-0.00959,0.01172,1.39823,0.00266,-0.07298,1.60544,-0.03807,0.01222,1.33564,-0.19498,-0.06834,1.19689,-0.37798,-0.32565,1.2591,-0.37064,-0.47498,1.35014,-0.39324,-0.03006,1.32569,0.19232,-0.11782,1.10347,0.23869,-0.37246,1.05851,0.18151,-0.54313,1.01445,0.1762,-0.04953,0.88667,-0.08737,-0.0337,0.48488,-0.09882,0.03659,0.08745,-0.11881,-0.14853,-0.03671,-0.12535,-0.04618,0.87916,0.06355,-0.03787,0.47731,0.07986,0.02498,0.07835,0.09276,-0.1726,-0.02327,0.11174
1.32,0.005,0.95281,-0.00954,0.01233,1.39825,0.00269,-0.07243,1.60517,-0.03936,0.01373,1.33564,-0.19494,-0.07438,1.19855,-0.3757,-0.32986,1.2632,-0.34957,-0.47873,1.35715,-0.36002,-0.03031,1.32573,0.19217,-0.12411,1.10473,0.23207,-0.37791,1.06939,0.16521,-0.54912,1.03864,0.13624,-0.04858,0.88672,-0.08755,-0.0333,0.48491,-0.09907,0.03649,0.08739,-0.11893,-0.14866,-0.03671,-0.12555,-0.04581,0.87915,0.06337,-0.03767,0.47729,0.07962,0.02533,0.07836,0.09255,-0.17226,-0.02323,0.11161
1.34,0.00572,0.95288,-0.00942,0.01299,1.39833,0.00249,-0.072,1.60496,-0.04055,0.01493,1.33557,-0.19508,-0.08069,1.20032,-0.3734,-0.33225,1.26994,-0.32868,-0.47867,1.36822,-0.32742,-0.03018,1.32595,0.19191,-0.12978,1.10678,0.22761,-0.38333,1.08311,0.1549,-0.55052,1.06708,0.10117,-0.04757,0.88683,-0.08765,-0.03283,0.48499,-0.09928,0.03639,0.08737,-0.11903,-0.14877,-0.03671,-0.12575,-0.04536,0.87919,0.06328,-0.03751,0.47732,0.07942,0.02567,0.07842,0.09233,-0.1719,-0.02319,0.1115
1.36,0.00642,0.95293,-0.00933,0.01364,1.39838,0.0024,-0.07151,1.6047,-0.04179,0.01629,1.33553,-0.19514,-0.08692,1.20282,-0.37112,-0.33343,1.27599,-0.30779,-0.47682,1.37779,-0.29456,-0.03019,1.3261,0.19169,-0.13561,1.10887,0.22216,-0.38774,1.09635,0.14211,-0.54641,1.09128,0.06533,-0.04659,0.88691,-0.08778,-0.03238,0.48506,-0.0995,0.03632,0.08734,-0.11915,-0.14887,-0.03671,-0.12596,-0.04493,0.87921,0.06315,-0.03731,0.47734,0.0792,0.02603,0.07846,0.09212,-0.17154,-0.02314,0.11137
1.38,0.0071,0.95298,-0.00926,0.01426,1.39844,0.00229,-0.07093,1.6045,-0.04304,0.01763,1.33549,-0.19521,-0.09283,1.20536,-0.36868,-0.33312,1.28061,-0.28663,-0.47281,1.38514,-0.26097,-0.03026,1.32624,0.19146,-0.14128,1.11109,0.21633,-0.39132,1.10899,0.12909,-0.53608,1.11154,0.02841,-0.04559,0.88699,-0.08795,-0.03191,0.48513,-0.09977,0.03621,0.0873,-0.11927,-0.149,-0.0367,-0.12619,-0.04453,0.87923,0.06298,-0.03714,0.47735,0.07894,0.02639,0.0785,0.09189,-0.17118,-0.02309,0.11123
1.4,0.00782,0.95305,-0.00911,0.01495,1.39851,0.00218,-0.07058,1.60419,-0.04423,0.01891,1.33545,-0.19527,-0.09932,1.20915,-0.36645,-0.3314,1.28857,-0.26664,-0.46562,1.39685,-0.22976,-0.03013,1.32643,0.19126,-0.14688,1.11387,0.21173,-0.39452,1.12439,0.11846,-0.52501,1.13296,0.00015,-0.04461,0.88709,-0.088,-0.03148,0.48521,-0.09993,0.03615,0.0873,-0.11938,-0.14908,-0.03668,-0.12637,-0.04405,0.87928,0.06294,-0.03694,0.47739,0.07879,0.02672,0.07856,0.09169,-0.17084,-0.02304,0.11113
1.42,0.00861,0.95315,-0.00876,0.01585,1.39862,0.00209,-0.07085,1.60359,-0.04528,0.02004,1.33536,-0.19529,-0.10727,1.21594,-0.36489,-0.32817,1.30509,-0.24917,-0.45419,1.41984,-0.20392,-0.0295,1.32674,0.19119,-0.15257,1.11763,0.21004,-0.39713,1.14628,0.11256,-0.52126,1.16523,-0.01126,-0.04369,0.88718,-0.08773,-0.03118,0.48529,-0.09977,0.03619,0.08734,-0.11943,-0.14903,-0.03665,-0.12641,-0.04338,0.87938,0.06321,-0.03664,0.47748,0.07894,0.02694,0.07863,0.0916,-0.17059,-0.02301,0.11111
1.44,0.00944,0.95327,-0.00832,0.01681,1.39875,0.00202,-0.07136,1.60288,-0.04625,0.0211,1.33526,-0.19528,-0.11537,1.22426,-0.36347,-0.32298,1.32425,-0.23296,-0.43941,1.44593,-0.18066,-0.02867,1.32711,0.19117,-0.15821,1.1219,0.20958,-0.39836,1.17047,0.10907,-0.51853,1.20172,-0.01615,-0.04278,0.88728,-0.08733,-0.03092,0.48537,-0.09948,0.03628,0.08742,-0.11946,-0.14892,-0.0366,-0.12639,-0.04262,0.87952,0.06361,-0.03631,0.4776,0.07922,0.02712,0.07872,0.09155,-0.17037,-0.02298,0.11112
1.46,0.01025,0.95338,-0.00791,0.01772,1.39887,0.00196,-0.07178,1.6022,-0.04723,0.0222,1.33516,-0.19527,-0.12273,1.23279,-0.36184,-0.31613,1.34101,-0.21687,-0.42277,1.46819,-0.15727,-0.02797,1.32744,0.19114,-0.16375,1.12622,0.20858,-0.39808,1.19337,0.10508,-0.51181,1.23529,-0.023,-0.04188,0.88738,-0.08697,-0.03065,0.48546,-0.09924,0.03634,0.08748,-0.11948,-0.14884,-0.03657,-0.12638,-0.0419,0.87964,0.06397,-0.03602,0.47771,0.07945,0.02731,0.0788,0.09148,-0.17015,-0.02295,0.11112
1.48,0.01105,0.95349,-0.00751,0.01872,1.39899,0.00185,-0.0721,1.6015,-0.0483,0.02328,1.33505,-0.1953,-0.12958,1.24214,-0.36032,-0.30722,1.35662,-0.20073,-0.4034,1.48824,-0.13348,-0.02712,1.3278,0.19109,-0.169,1.13075,0.20759,-0.39576,1.21639,0.10091,-0.50204,1.26874,-0.02971,-0.04096,0.88748,-0.08664,-0.03039,0.48554,-0.09901,0.0364,0.08754,-0.11955,-0.14876,-0.03653,-0.12642,-0.04121,0.87976,0.0643,-0.03566,0.47782,0.07966,0.02752,0.07888,0.09139,-0.16991,-0.02291,0.1111
1.5,0.0119,0.95362,-0.00709,0.01958,1.39913,0.00182,-0.07264,1.60079,-0.04917,0.0244,1.33499,-0.19526,-0.13591,1.25188,-0.35843,-0.29756,1.37198,-0.18645,-0.38312,1.50761,-0.1131,-0.02651,1.32813,0.19107,-0.17443,1.13552,0.20683,-0.39293,1.23872,0.09848,-0.49191,1.30084,-0.03359,-0.04005,0.88759,-0.08625,-0.03009,0.48564,-0.09874,0.03649,0.08762,-0.11957,-0.14866,-0.03647,-0.1264,-0.04042,0.87991,0.0647,-0.0354,0.47796,0.07991,0.02769,0.07899,0.09134,-0.16969,-0.02287,0.1111
1.52,0.01293,0.95378,-0.00666,0.02014,1.3993,0.00195,-0.07364,1.6001,-0.0496,0.02568,1.33502,-0.19506,-0.14184,1.26153,-0.35559,-0.28873,1.38857,-0.17554,-0.36417,1.52866,-0.09949,-0.02651,1.3284,0.1911,-0.18051,1.14056,0.20635,-0.39166,1.25955,0.09961,-0.48465,1.33031,-0.03246,-0.03907,0.88772,-0.08575,-0.02962,0.48576,-0.09839,0.0367,0.08771,-0.11948,-0.14844,-0.0364,-0.12624,-0.03934,0.8801,0.06519,-0.0354,0.47813,0.08026,0.02779,0.07917,0.09142,-0.1695,-0.02289,0.11117
1.54,0.01402,0.95395,-0.00623,0.02057,1.39949,0.00215,-0.07484,1.59941,-0.04984,0.02701,1.3351,-0.19481,-0.14725,1.27154,-0.35238,-0.27951,1.40532,-0.16598,-0.34491,1.5496,-0.0885,-0.02676,1.32863,0.19114,-0.18672,1.14581,0.206,-0.3903,1.2797,0.10226,-0.47771,1.35862,-0.029,-0.03808,0.88785,-0.08522,-0.0291,0.48588,-0.098,0.03695,0.0878,-0.11936,-0.14818,-0.03634,-0.12603,-0.03816,0.88031,0.06573,-0.03549,0.47832,0.08064,0.02785,0.07938,0.09155,-0.16932,-0.02291,0.11126
1.56,0.01508,0.95412,-0.0058,0.02104,1.39967,0.00232,-0.07595,1.5987,-0.05014,0.02831,1.33517,-0.19456,-0.15197,1.28216,-0.34922,-0.26888,1.42063,-0.15611,-0.32403,1.56806,-0.07661,-0.02692,1.32887,0.19118,-0.19263,1.1512,0.20555,-0.38736,1.29955,0.10452,-0.46828,1.38616,-0.02605,-0.0371,0.88798,-0.08471,-0.02861,0.48601,-0.09762,0.03717,0.0879,-0.11925,-0.14794,-0.03626,-0.12585,-0.03702,0.88051,0.06625,-0.03555,0.47851,0.08101,0.02793,0.07959,0.09166,-0.16913,-0.02292,0.11134
1.58,0.01614,0.95429,-0.00536,0.02158,1.39985,0.00246,-0.07699,1.59795,-0.05059,0.02963,1.33521,-0.19435,-0.15627,1.29366,-0.34583,-0.25672,1.43533,-0.1459,-0.30126,1.58511,-0.06416,-0.02698,1.32914,0.1912,-0.19839,1.15692,0.20513,-0.38311,1.31941,0.10712,-0.45673,1.41352,-0.02258,-0.03613,0.88811,-0.08418,-0.02813,0.48613,-0.09723,0.0374,0.088,-0.11913,-0.14771,-0.03619,-0.12564,-0.03589,0.88072,0.06678,-0.0356,0.47871,0.08139,0.028,0.0798,0.09179,-0.16895,-0.02292,0.11144
1.6,0.01721,0.95446,-0.00494,0.02193,1.40003,0.0027,-0.07823,1.59724,-0.0507,0.03091,1.33532,-0.19405,-0.15949,1.30475,-0.34253,-0.24486,1.44836,-0.13705,-0.27944,1.59984,-0.05366,-0.02732,1.32933,0.19126,-0.20399,1.16247,0.2046,-0.37855,1.33771,0.10996,-0.44527,1.43813,-0.01873,-0.03514,0.88824,-0.08367,-0.02762,0.48626,-0.09687,0.03762,0.08809,-0.11902,-0.14747,-0.03612,-0.12548,-0.03474,0.88092,0.06729,-0.0357,0.47891,0.08176,0.02806,0.08002,0.0919,-0.16877,-0.02293,0.11153
1.62,0.01828,0.95464,-0.00454,0.02177,1.40022,0.00324,-0.08,1.59666,-0.04993,0.03211,1.33558,-0.19347,-0.16117,1.31388,-0.33978,-0.23564,1.45908,-0.1312,-0.2619,1.61208,-0.04755,-0.02842,1.32934,0.19148,-0.20957,1.16727,0.20367,-0.37511,1.35293,0.11278,-0.4368,1.4576,-0.01504,-0.03414,0.8884,-0.0832,-0.02707,0.48641,-0.09655,0.03783,0.0882,-0.11886,-0.14723,-0.03605,-0.12542,-0.0336,0.88112,0.06776,-0.03595,0.47912,0.08214,0.02811,0.08026,0.09201,-0.16859,-0.02294,0.11165
1.64,0.01935,0.95482,-0.00416,0.02141,1.40041,0.00387,-0.08199,1.59612,-0.04881,0.03323,1.33591,-0.1928,-0.16221,1.32225,-0.33717,-0.22736,1.46877,-0.12642,-0.24593,1.62306,-0.04306,-0.02979,1.32927,0.19175,-0.21504,1.1718,0.20262,-0.37186,1.36673,0.11576,-0.42938,1.47483,-0.01114,-0.03314,0.88856,-0.08276,-0.0265,0.48657,-0.09628,0.03803,0.0883,-0.11871,-0.14699,-0.03598,-0.12541,-0.03247,0.88132,0.0682,-0.03627,0.47932,0.08251,0.02815,0.08052,0.09209,-0.16841,-0.02294,0.11175
1.66,0.02042,0.955,-0.00376,0.02113,1.40059,0.00449,-0.08389,1.59554,-0.04783,0.03434,1.33622,-0.19213,-0.16309,1.33114,-0.33435,-0.21818,1.47807,-0.12102,-0.2288,1.6331,-0.03766,-0.03101,1.32921,0.19201,-0.22031,1.17655,0.20165,-0.36765,1.38048,0.11897,-0.42057,1.49208,-0.0069,-0.03213,0.88872,-0.0823,-0.02593,0.48673,-0.09598,0.03824,0.08841,-0.11855,-0.14676,-0.03591,-0.12537,-0.03134,0.88152,0.06866,-0.03655,0.47953,0.0829,0.0282,0.08078,0.09218,-0.16822,-0.02294,0.11186
1.68,0.0215,0.9552,-0.00339,0.02091,1.40078,0.00503,-0.08574,1.59493,-0.047,0.03567,1.33653,-0.19152,-0.16339,1.34066,-0.33148,-0.20812,1.48728,-0.11553,-0.21061,1.64262,-0.0321,-0.03233,1.32918,0.19216,-0.22567,1.18159,0.20037,-0.36288,1.39423,0.12235,-0.41094,1.50929,-0.00235,-0.03114,0.8889,-0.08185,-0.02537,0.48691,-0.09569,0.03845,0.08854,-0.11839,-0.14652,-0.03583,-0.12533,-0.03018,0.88174,0.06911,-0.03684,0.47977,0.08329,0.02823,0.08106,0.09229,-0.16806,-0.02292,0.11198
1.7,0.02255,0.95536,-0.00297,0.02051,1.40094,0.00575,-0.08775,1.59431,-0.04581,0.03651,1.33686,-0.19077,-0.16378,1.34908,-0.32849,-0.19915,1.49487,-0.11026,-0.19414,1.65019,-0.02691,-0.03349,1.32904,0.19255,-0.23042,1.1862,0.19961,-0.3578,1.40636,0.1259,-0.40165,1.52426,0.00231,-0.03013,0.88904,-0.08139,-0.02481,0.48705,-0.0954,0.03864,0.08863,-0.11824,-0.1463,-0.03577,-0.12531,-0.02909,0.88191,0.06957,-0.03715,0.47997,0.08366,0.02829,0.08132,0.09236,-0.16786,-0.02292,0.11207
1.72,0.02349,0.95547,-0.00241,0.01965,1.40102,0.00688,-0.09021,1.59375,-0.04372,0.03598,1.33726,-0.18971,-0.16537,1.35454,-0.32531,-0.19358,1.49947,-0.10546,-0.18242,1.65481,-0.02274,-0.03414,1.32867,0.19356,-0.23382,1.1897,0.20045,-0.35273,1.41548,0.12961,-0.39396,1.53512,0.0068,-0.02909,0.88916,-0.08091,-0.02428,0.48717,-0.09511,0.03873,0.08869,-0.11811,-0.1462,-0.03572,-0.12535,-0.02825,0.88202,0.07006,-0.03754,0.48009,0.08394,0.02845,0.08152,0.09237,-0.16759,-0.02292,0.11208
1.74,0.02439,0.95555,-0.0018,0.0186,1.40107,0.00817,-0.09283,1.59319,-0.0413,0.03496,1.33768,-0.18854,-0.16739,1.35875,-0.3221,-0.18935,1.50287,-0.10102,-0.17266,1.65819,-0.01919,-0.03463,1.3282,0.19481,-0.2367,1.19273,0.20187,-0.34766,1.42321,0.13331,-0.38696,1.54417,0.01116,-0.02803,0.88925,-0.08042,-0.02376,0.48726,-0.09484,0.03879,0.08872,-0.118,-0.14613,-0.03568,-0.12541,-0.02749,0.88208,0.07055,-0.03795,0.48018,0.08417,0.02864,0.0817,0.09236,-0.1673,-0.02293,0.11206
1.76,0.0253,0.95564,-0.00121,0.01762,1.40111,0.00938,-0.09536,1.59258,-0.03904,0.03416,1.33807,-0.18742,-0.16908,1.36344,-0.31888,-0.18443,1.50647,-0.09653,-0.16204,1.66152,-0.01556,-0.03521,1.32776,0.19595,-0.2397,1.19598,0.20305,-0.34228,1.43103,0.13702,-0.3794,1.55344,0.01563,-0.02699,0.88935,-0.07992,-0.02324,0.48737,-0.09456,0.03886,0.08877,-0.11789,-0.14605,-0.03564,-0.12546,-0.0267,0.88216,0.07105,-0.03835,0.48029,0.08442,0.02881,0.0819,0.09235,-0.16702,-0.02294,0.11204
1.78,0.02625,0.95574,-0.00065,0.01668,1.40116,0.01053,-0.09791,1.59196,-0.03679,0.03334,1.33845,-0.18636,-0.17073,1.36848,-0.31552,-0.17927,1.51007,-0.09189,-0.15084,1.66471,-0.01204,-0.0357,1.32734,0.19704,-0.24267,1.19949,0.20436,-0.33637,1.43896,0.14108,-0.3713,1.56292,0.02061,-0.0259,0.88946,-0.07946,-0.02272,0.48748,-0.09431,0.03895,0.08882,-0.11779,-0.14596,-0.03559,-0.12553,-0.02588,0.88226,0.0715,-0.03875,0.48041,0.08464,0.029,0.08212,0.09232,-0.16672,-0.02293,0.11201
1.8,0.02711,0.95582,-1e-05,0.01563,1.40118,0.01185,-0.10046,1.59132,-0.03446,0.03243,1.33883,-0.18516,-0.17233,1.37247,-0.31232,-0.17473,1.51286,-0.08778,-0.14118,1.66691,-0.00878,-0.03632,1.32685,0.19827,-0.24536,1.20243,0.20562,-0.33095,1.44548,0.14452,-0.36389,1.57069,0.02478,-0.02491,0.88956,-0.07892,-0.02219,0.48758,-0.09401,0.03902,0.08886,-0.11767,-0.14588,-0.03556,-0.12558,-0.02514,0.88232,0.07205,-0.03915,0.4805,0.08491,0.02916,0.0823,0.09232,-0.16645,-0.02293,0.112
1.82,0.02778,0.95587,0.00083,0.01436,1.40115,0.01356,-0.10298,1.59071,-0.03196,0.03146,1.33927,-0.18356,-0.17382,1.37391,-0.30962,-0.17157,1.51413,-0.08497,-0.13518,1.66746,-0.00582,-0.03728,1.32623,0.19984,-0.24759,1.20392,0.20648,-0.32722,1.44919,0.14622,-0.35852,1.57495,0.02662,-0.02419,0.88964,-0.07814,-0.02157,0.48767,-0.09357,0.03909,0.08888,-0.11746,-0.14577,-0.03556,-0.12554,-0.02452,0.88234,0.07282,-0.03951,0.48055,0.08534,0.02926,0.08242,0.0924,-0.16627,-0.02298,0.11204
1.84,0.02838,0.9559,0.00176,0.01301,1.40109,0.01546,-0.10548,1.59009,-0.02937,0.03043,1.33971,-0.18179,-0.17532,1.37432,-0.30709,-0.16906,1.51477,-0.08267,-0.1307,1.66736,-0.00303,-0.03835,1.32554,0.20156,-0.24959,1.2048,0.20726,-0.32416,1.45174,0.14733,-0.35401,1.57778,0.02766,-0.02356,0.88971,-0.07726,-0.02093,0.48776,-0.09308,0.03917,0.08889,-0.11721,-0.14566,-0.03559,-0.12546,-0.02395,0.88234,0.0737,-0.03985,0.48057,0.08584,0.02935,0.08251,0.09253,-0.16611,-0.02304,0.11212
1.86,0.02901,0.95594,0.00266,0.0117,1.40103,0.01728,-0.10798,1.58945,-0.02682,0.02941,1.34013,-0.1801,-0.17683,1.37514,-0.30448,-0.16634,1.51558,-0.0802,-0.12562,1.66742,-0.00029,-0.03935,1.32487,0.20322,-0.25163,1.20593,0.20812,-0.32076,1.45459,0.1488,-0.3491,1.58104,0.02919,-0.02288,0.88978,-0.07642,-0.02031,0.48784,-0.09261,0.03925,0.08892,-0.11697,-0.14554,-0.0356,-0.12539,-0.02335,0.88235,0.07454,-0.04022,0.48061,0.08632,0.02944,0.08262,0.09265,-0.16593,-0.0231,0.1122
1.88,0.02964,0.95599,0.00354,0.01038,1.40097,0.01907,-0.11051,1.58879,-0.02429,0.02842,1.34056,-0.17842,-0.17831,1.37604,-0.30186,-0.16336,1.51645,-0.07782,-0.12023,1.66746,0.00239,-0.0404,1.3242,0.20484,-0.25378,1.20722,0.20893,-0.31714,1.45757,0.15027,-0.34402,1.58447,0.0308,-0.02221,0.88986,-0.0756,-0.01964,0.48794,-0.09215,0.03932,0.08894,-0.11674,-0.14545,-0.03561,-0.12532,-0.02276,0.88237,0.07536,-0.04052,0.48065,0.08677,0.02953,0.08273,0.09276,-0.16577,-0.02313,0.11227
1.9,0.03024,0.95602,0.00447,0.00905,1.40088,0.02095,-0.11297,1.58813,-0.02172,0.02733,1.34096,-0.17667,-0.17988,1.37651,-0.29928,-0.1611,1.51692,-0.07554,-0.11586,1.66719,0.00491,-0.04138,1.32349,0.20655,-0.25561,1.20805,0.20984,-0.31402,1.45973,0.15172,-0.33946,1.58694,0.03227,-0.02157,0.88993,-0.07472,-0.01909,0.48803,-0.09165,0.03941,0.08897,-0.11651,-0.14533,-0.03563,-0.12526,-0.0222,0.88236,0.07623,-0.04097,0.48068,0.08728,0.02961,0.08285,0.09288,-0.1656,-0.02319,0.11234
1.92,0.03078,0.956,0.00554,0.00771,1.40072,0.02304,-0.11527,1.58749,-0.01901,0.02599,1.34133,-0.17474,-0.18173,1.37607,-0.29673,-0.16056,1.5166,-0.07327,-0.11375,1.66635,0.00724,-0.04214,1.32272,0.20853,-0.25666,1.2078,0.21106,-0.31214,1.4602,0.15318,-0.33606,1.58735,0.03335,-0.021,0.88996,-0.07371,-0.01887,0.48806,-0.09101,0.03955,0.08902,-0.1163,-0.14512,-0.03567,-0.1252,-0.02169,0.8823,0.07723,-0.0419,0.48069,0.08797,0.02965,0.08302,0.09301,-0.16542,-0.02328,0.11241
1.94,0.03128,0.95597,0.00667,0.00636,1.40055,0.02522,-0.1175,1.58686,-0.01625,0.02454,1.34168,-0.17273,-0.18366,1.37523,-0.2942,-0.16073,1.51596,-0.07104,-0.11264,1.6653,0.00948,-0.04283,1.32191,0.21062,-0.25743,1.20712,0.21237,-0.3108,1.46,0.15462,-0.33321,1.58692,0.03426,-0.02046,0.88997,-0.07265,-0.01878,0.4881,-0.09032,0.03969,0.0891,-0.11609,-0.14489,-0.0357,-0.12514,-0.02122,0.88223,0.07829,-0.043,0.48069,0.08873,0.02968,0.08322,0.09315,-0.16524,-0.02337,0.11247
1.96,0.03179,0.95594,0.00778,0.00502,1.40037,0.02736,-0.11975,1.5862,-0.01351,0.02315,1.34202,-0.17075,-0.18554,1.37454,-0.29167,-0.16062,1.51545,-0.06884,-0.11118,1.66433,0.0117,-0.04356,1.32111,0.21266,-0.25832,1.20662,0.21365,-0.30925,1.46006,0.15611,-0.33019,1.58681,0.0353,-0.01992,0.88999,-0.0716,-0.01863,0.48813,-0.08965,0.03983,0.08916,-0.11588,-0.14468,-0.03574,-0.12508,-0.02074,0.88216,0.07934,-0.04401,0.48069,0.08946,0.02972,0.08341,0.09327,-0.16506,-0.02345,0.11253
1.98,0.03232,0.95591,0.00888,0.00365,1.40017,0.02949,-0.12207,1.5855,-0.01079,0.0217,1.34234,-0.16878,-0.18749,1.37379,-0.28912,-0.16041,1.51491,-0.06666,-0.10945,1.6633,0.01384,-0.04427,1.3203,0.21469,-0.25921,1.20614,0.21493,-0.30753,1.46012,0.15757,-0.32686,1.58664,0.03626,-0.01936,0.89001,-0.07055,-0.01847,0.48816,-0.08898,0.03999,0.08922,-0.11568,-0.14444,-0.03578,-0.12502,-0.02024,0.88209,0.08038,-0.04509,0.4807,0.0902,0.02974,0.08362,0.09338,-0.16489,-0.02352,0.11256
2,0.0328,0.95588,0.00999,0.00234,1.39998,0.03163,-0.12422,1.58485,-0.00805,0.02034,1.34266,-0.16679,-0.18929,1.37302,-0.28664,-0.16058,1.51433,-0.06451,-0.10852,1.66234,0.01599,-0.04498,1.31949,0.21673,-0.26003,1.20554,0.21622,-0.30624,1.45996,0.1591,-0.32428,1.58631,0.03741,-0.01883,0.89002,-0.06951,-0.01838,0.48819,-0.08832,0.0401,0.08928,-0.11547,-0.14425,-0.03581,-0.12498,-0.0198,0.88201,0.08141,-0.04606,0.48071,0.0909,0.02979,0.08382,0.09348,-0.1647,-0.02359,0.11259
2.02,0.03309,0.95587,0.01113,0.00115,1.39981,0.03383,-0.12603,1.58438,-0.00526,0.01919,1.34302,-0.16473,-0.19071,1.37234,-0.28436,-0.16165,1.51374,-0.06234,-0.10956,1.66166,0.01831,-0.04576,1.31873,0.21878,-0.26078,1.20473,0.2175,-0.30604,1.45943,0.16084,-0.32366,1.58582,0.03913,-0.01843,0.89006,-0.06849,-0.01849,0.48825,-0.08769,0.04,0.08937,-0.11523,-0.14428,-0.03583,-0.12498,-0.01961,0.88196,0.08243,-0.04673,0.48071,0.09147,0.02984,0.08395,0.09358,-0.16454,-0.02366,0.11264
2.04,0.03333,0.95587,0.01227,3e-05,1.39965,0.03604,-0.12769,1.58398,-0.00248,0.01814,1.34339,-0.16267,-0.19198,1.37165,-0.28217,-0.16306,1.51313,-0.06017,-0.11137,1.66108,0.02068,-0.04654,1.318,0.22081,-0.26147,1.20384,0.21877,-0.30626,1.45874,0.16263,-0.32378,1.58523,0.04102,-0.01805,0.8901,-0.06747,-0.01867,0.48831,-0.08708,0.03985,0.08946,-0.11499,-0.14436,-0.03583,-0.12501,-0.01949,0.88192,0.08344,-0.04728,0.4807,0.09198,0.02992,0.08406,0.09367,-0.16436,-0.02373,0.11269
2.06,0.03359,0.95586,0.0134,-0.00113,1.39948,0.03821,-0.12942,1.58353,0.00027,0.01704,1.34373,-0.16064,-0.19333,1.37094,-0.27995,-0.16433,1.51251,-0.05803,-0.11285,1.66044,0.023,-0.04732,1.31724,0.22283,-0.26219,1.20298,0.22004,-0.30629,1.45811,0.16439,-0.32359,1.58467,0.04282,-0.01767,0.89014,-0.06646,-0.01881,0.48837,-0.08647,0.03971,0.08955,-0.11477,-0.14441,-0.03583,-0.12504,-0.01934,0.88187,0.08445,-0.04787,0.4807,0.09251,0.02999,0.08418,0.09375,-0.1642,-0.0238,0.11272
2.08,0.03384,0.95585,0.01455,-0.00231,1.39929,0.04044,-0.1312,1.58304,0.0031,0.01592,1.34408,-0.15855,-0.19466,1.3702,-0.27773,-0.16561,1.51186,-0.05587,-0.11433,1.65977,0.02532,-0.04812,1.31647,0.22489,-0.26291,1.20209,0.22129,-0.30631,1.45746,0.16617,-0.32336,1.5841,0.04464,-0.01729,0.89018,-0.06543,-0.01898,0.48843,-0.08585,0.03958,0.08964,-0.11453,-0.14446,-0.03584,-0.12507,-0.0192,0.88182,0.08547,-0.04853,0.48069,0.09304,0.03006,0.08432,0.09384,-0.16402,-0.02386,0.11277
2.1,0.03411,0.95585,0.01567,-0.00343,1.39912,0.04256,-0.13283,1.58262,0.00576,0.01486,1.3444,-0.15657,-0.19596,1.3695,-0.27554,-0.16695,1.51128,-0.05375,-0.11598,1.65919,0.02763,-0.04887,1.31574,0.22685,-0.2636,1.20126,0.22258,-0.30646,1.45681,0.16793,-0.32338,1.58353,0.04647,-0.01689,0.89022,-0.06442,-0.0191,0.48849,-0.08526,0.03946,0.08973,-0.11431,-0.14451,-0.03583,-0.12509,-0.01905,0.88178,0.08646,-0.04899,0.48069,0.09356,0.03015,0.08443,0.09393,-0.16384,-0.02391,0.11281
2.12,0.03446,0.95586,0.01673,-0.00441,1.39896,0.04439,-0.13406,1.58238,0.00801,0.01393,1.34464,-0.15484,-0.19725,1.36889,-0.27335,-0.16838,1.5109,-0.05169,-0.11788,1.65885,0.0299,-0.04948,1.31514,0.22857,-0.26417,1.20059,0.22406,-0.30686,1.45622,0.16967,-0.32393,1.58298,0.04826,-0.01638,0.89023,-0.06347,-0.01908,0.48853,-0.08469,0.03937,0.08978,-0.11412,-0.14459,-0.03578,-0.12511,-0.01884,0.88178,0.08741,-0.04889,0.48069,0.09407,0.03031,0.08445,0.09404,-0.16366,-0.02393,0.11284
2.14,0.03483,0.95588,0.01776,-0.00534,1.39883,0.0461,-0.13514,1.5822,0.0101,0.01305,1.34485,-0.15321,-0.19852,1.36831,-0.27119,-0.16988,1.51059,-0.04968,-0.11992,1.6586,0.03214,-0.05006,1.31459,0.23018,-0.2647,1.19997,0.22558,-0.30738,1.45565,0.17138,-0.32471,1.58243,0.05004,-0.01585,0.89025,-0.06254,-0.01901,0.48858,-0.08414,0.0393,0.08983,-0.11394,-0.14467,-0.03571,-0.12512,-0.01861,0.88181,0.08834,-0.04858,0.4807,0.09457,0.0305,0.08443,0.09416,-0.16349,-0.02394,0.11286
2.16,0.0352,0.95589,0.0188,-0.00628,1.39867,0.04786,-0.13628,1.58198,0.01223,0.01217,1.34506,-0.15155,-0.19976,1.3677,-0.26905,-0.17134,1.51022,-0.04766,-0.12189,1.65828,0.03439,-0.05066,1.31401,0.23182,-0.26526,1.19932,0.22706,-0.30785,1.45506,0.17308,-0.32537,1.58187,0.0518,-0.01532,0.89027,-0.0616,-0.01894,0.48861,-0.08359,0.03923,0.08988,-0.11377,-0.14473,-0.03565,-0.12513,-0.01838,0.88181,0.08927,-0.04837,0.4807,0.09507,0.03069,0.08443,0.09427,-0.16331,-0.02395,0.1129
2.18,0.03555,0.95591,0.01986,-0.00724,1.39851,0.04964,-0.13744,1.58177,0.01441,0.01119,1.34527,-0.14987,-0.20113,1.36705,-0.26681,-0.17283,1.50986,-0.0456,-0.1239,1.65799,0.03662,-0.05121,1.31344,0.23351,-0.26577,1.19868,0.22864,-0.30832,1.45447,0.17486,-0.32609,1.5813,0.05362,-0.0148,0.89029,-0.06065,-0.01892,0.48866,-0.08302,0.03915,0.08994,-0.1136,-0.14481,-0.03557,-0.12516,-0.01818,0.88183,0.09021,-0.04812,0.48071,0.09557,0.03088,0.08443,0.09438,-0.16313,-0.02395,0.11292
2.2,0.03593,0.95593,0.02087,-0.00818,1.39836,0.05132,-0.13857,1.58154,0.01645,0.01039,1.34547,-0.14828,-0.20224,1.36648,-0.2648,-0.17431,1.5095,-0.04368,-0.12591,1.65764,0.03884,-0.05187,1.31288,0.23507,-0.26638,1.19803,0.23001,-0.30884,1.45388,0.17646,-0.32678,1.58074,0.05529,-0.01428,0.89031,-0.05974,-0.01881,0.48871,-0.08249,0.0391,0.08999,-0.11342,-0.14486,-0.03551,-0.12516,-0.01792,0.88185,0.09112,-0.04791,0.48073,0.09608,0.03105,0.08444,0.0945,-0.16295,-0.02396,0.11296
2.22,0.03638,0.95595,0.02172,-0.00908,1.39821,0.0527,-0.13967,1.58129,0.01809,0.01003,1.34565,-0.14693,-0.20268,1.3662,-0.2634,-0.17573,1.50916,-0.04211,-0.12784,1.65712,0.04104,-0.05287,1.31234,0.23624,-0.26729,1.19734,0.23076,-0.30945,1.45332,0.1776,-0.32729,1.58029,0.05652,-0.01377,0.89033,-0.05892,-0.01847,0.48876,-0.08204,0.03913,0.09002,-0.11324,-0.1448,-0.03551,-0.1251,-0.01752,0.88186,0.09193,-0.04787,0.48077,0.09658,0.03116,0.08449,0.09461,-0.16281,-0.02396,0.11303
2.24,0.03685,0.95598,0.02252,-0.00997,1.39806,0.05398,-0.14076,1.58105,0.0196,0.00982,1.34583,-0.14567,-0.20288,1.36602,-0.26221,-0.17714,1.50884,-0.04069,-0.12978,1.65653,0.04323,-0.054,1.31182,0.23729,-0.26831,1.19664,0.2313,-0.31011,1.45277,0.17858,-0.32777,1.57986,0.0576,-0.01328,0.89037,-0.05814,-0.01806,0.48881,-0.08161,0.03918,0.09004,-0.11304,-0.14472,-0.03552,-0.12501,-0.01707,0.88189,0.09271,-0.04789,0.48083,0.09709,0.03123,0.08457,0.09474,-0.1627,-0.02396,0.11312
2.26,0.03731,0.956,0.02334,-0.01086,1.3979,0.0553,-0.14185,1.58079,0.02118,0.00954,1.346,-0.14438,-0.20319,1.36577,-0.26094,-0.17856,1.50848,-0.03923,-0.13175,1.65594,0.0454,-0.05506,1.31128,0.23839,-0.26926,1.19592,0.23193,-0.31076,1.45219,0.17962,-0.32829,1.57938,0.05874,-0.01277,0.89039,-0.05735,-0.01768,0.48886,-0.08117,0.03922,0.09006,-0.11284,-0.14465,-0.03553,-0.12493,-0.01665,0.88191,0.0935,-0.04788,0.48087,0.09759,0.03132,0.08463,0.09487,-0.16258,-0.02397,0.1132
2.28,0.03777,0.95603,0.02418,-0.01177,1.39774,0.05663,-0.14299,1.58051,0.02274,0.00926,1.34619,-0.14306,-0.20351,1.36561,-0.25961,-0.17996,1.50816,-0.03767,-0.13361,1.65537,0.04765,-0.05615,1.31074,0.2395,-0.27026,1.19524,0.23257,-0.31139,1.45166,0.18071,-0.32873,1.57899,0.05994,-0.01228,0.89043,-0.05654,-0.01731,0.48892,-0.08071,0.03927,0.09009,-0.11265,-0.14457,-0.03554,-0.12485,-0.01622,0.88193,0.09431,-0.04788,0.48093,0.09812,0.0314,0.08471,0.09499,-0.16246,-0.02396,0.11328
2.3,0.03824,0.95605,0.02495,-0.01263,1.39758,0.05789,-0.14402,1.58027,0.02427,0.00902,1.34635,-0.14183,-0.20374,1.36528,-0.25848,-0.1814,1.50774,-0.03635,-0.13571,1.65472,0.04971,-0.05719,1.3102,0.24053,-0.27117,1.19448,0.23313,-0.31204,1.45102,0.18166,-0.32931,1.57844,0.06098,-0.01177,0.89045,-0.0558,-0.0169,0.48896,-0.08032,0.03932,0.0901,-0.11248,-0.14449,-0.03555,-0.12479,-0.01579,0.88195,0.09505,-0.04786,0.48097,0.09858,0.0315,0.08478,0.0951,-0.16233,-0.02396,0.11334
2.32,0.03871,0.95604,0.02556,-0.01338,1.39739,0.05896,-0.14476,1.58017,0.02576,0.00885,1.34648,-0.14078,-0.20375,1.36444,-0.25786,-0.18303,1.50703,-0.03566,-0.13858,1.65387,0.05129,-0.05813,1.30966,0.24138,-0.27182,1.19345,0.23349,-0.31278,1.45002,0.18223,-0.33039,1.5774,0.06156,-0.01121,0.89046,-0.05526,-0.01642,0.48899,-0.08007,0.03934,0.09007,-0.11239,-0.14448,-0.03556,-0.12478,-0.0154,0.88193,0.09559,-0.04781,0.48098,0.09883,0.03166,0.0848,0.09517,-0.16217,-0.02395,0.11336
2.34,0.03918,0.95601,0.0261,-0.01408,1.39718,0.05994,-0.14541,1.58009,0.02721,0.00871,1.34659,-0.13981,-0.20368,1.36343,-0.25744,-0.1847,1.50621,-0.03521,-0.14167,1.65292,0.05267,-0.05902,1.30911,0.24215,-0.27238,1.19233,0.23377,-0.31354,1.4489,0.18267,-0.33162,1.57618,0.06197,-0.01063,0.89044,-0.05479,-0.01591,0.48899,-0.07987,0.03936,0.09002,-0.11233,-0.14448,-0.03558,-0.12479,-0.01501,0.88188,0.09604,-0.04774,0.48096,0.09901,0.03182,0.0848,0.09523,-0.16201,-0.02396,0.11335
2.36,0.03965,0.95599,0.02667,-0.01481,1.39698,0.06095,-0.14611,1.57999,0.02866,0.00854,1.3467,-0.13881,-0.20367,1.36252,-0.25692,-0.18632,1.50543,-0.03464,-0.1446,1.65199,0.05411,-0.0599,1.30857,0.24296,-0.27296,1.19127,0.23412,-0.31426,1.44785,0.1832,-0.33275,1.57507,0.06249,-0.01007,0.89044,-0.05429,-0.01542,0.489,-0.07965,0.03938,0.08998,-0.11225,-0.14447,-0.03559,-0.12479,-0.01462,0.88185,0.09653,-0.04768,0.48095,0.09923,0.03198,0.08481,0.0953,-0.16185,-0.02396,0.11336
2.38,0.04014,0.95596,0.02726,-0.01553,1.39677,0.06198,-0.14676,1.57991,0.03017,0.00846,1.34681,-0.13778,-0.20351,1.36151,-0.25646,-0.18802,1.5046,-0.03416,-0.14779,1.65099,0.05556,-0.06087,1.308,0.24376,-0.27358,1.19012,0.23434,-0.31508,1.44671,0.18361,-0.33399,1.57384,0.06287,-0.00947,0.89042,-0.05378,-0.01489,0.48901,-0.07943,0.03941,0.08993,-0.11218,-0.14446,-0.03561,-0.1248,-0.01423,0.8818,0.09704,-0.04761,0.48093,0.09944,0.03217,0.08482,0.09535,-0.16166,-0.02396,0.11336
2.4,0.04059,0.95594,0.02779,-0.01624,1.39657,0.06294,-0.1475,1.57976,0.03155,0.00819,1.3469,-0.13684,-0.20362,1.36064,-0.25592,-0.18957,1.50381,-0.03357,-0.15049,1.65004,0.05691,-0.06165,1.30746,0.24454,-0.27408,1.18911,0.23479,-0.31569,1.44571,0.18422,-0.33502,1.57279,0.0635,-0.00894,0.89042,-0.05331,-0.01443,0.48902,-0.07921,0.03944,0.08989,-0.11211,-0.14445,-0.03562,-0.12479,-0.01385,0.88177,0.0975,-0.04755,0.48092,0.09965,0.03231,0.08483,0.09543,-0.16152,-0.02396,0.11338
2.42,0.04097,0.95594,0.02813,-0.01689,1.3964,0.0637,-0.14849,1.57938,0.03253,0.00746,1.34695,-0.13616,-0.20447,1.36019,-0.25508,-0.19071,1.50315,-0.03259,-0.15169,1.64928,0.05809,-0.06189,1.30704,0.24527,-0.27423,1.18848,0.23583,-0.31565,1.44514,0.18541,-0.33537,1.57231,0.06483,-0.00855,0.89042,-0.05298,-0.01409,0.48904,-0.07905,0.0395,0.08988,-0.11204,-0.1444,-0.03561,-0.12479,-0.01347,0.88177,0.09783,-0.04753,0.48094,0.09981,0.03238,0.08486,0.09549,-0.16144,-0.02395,0.11341
2.44,0.04132,0.95594,0.02841,-0.01752,1.39624,0.06438,-0.14956,1.57893,0.03339,0.00655,1.34698,-0.13555,-0.20558,1.35985,-0.25414,-0.19169,1.50253,-0.03147,-0.15239,1.64859,0.0592,-0.06195,1.30665,0.24599,-0.27424,1.18798,0.2371,-0.3154,1.44471,0.1868,-0.33549,1.57199,0.06641,-0.00823,0.89043,-0.05269,-0.01379,0.48905,-0.07889,0.03957,0.08987,-0.11197,-0.14433,-0.03561,-0.12476,-0.0131,0.88176,0.09813,-0.04752,0.48097,0.09998,0.03242,0.0849,0.09556,-0.16138,-0.02395,0.11347
2.46,0.04168,0.95594,0.02871,-0.01816,1.39607,0.06509,-0.15058,1.57852,0.03429,0.00574,1.34701,-0.13491,-0.20655,1.35945,-0.25328,-0.19275,1.50188,-0.03045,-0.15334,1.64785,0.06031,-0.0621,1.30625,0.2467,-0.27432,1.18741,0.23823,-0.31527,1.44419,0.18806,-0.33574,1.57158,0.06785,-0.00788,0.89043,-0.05238,-0.01349,0.48907,-0.07873,0.03963,0.08986,-0.1119,-0.14428,-0.0356,-0.12475,-0.01273,0.88176,0.09843,-0.04749,0.481,0.10014,0.03247,0.08493,0.09563,-0.16132,-0.02395,0.11352
2.48,0.04205,0.95594,0.02903,-0.01879,1.3959,0.06582,-0.15166,1.57805,0.03521,0.00486,1.34704,-0.13426,-0.20762,1.35908,-0.25231,-0.19379,1.50125,-0.02931,-0.15419,1.64712,0.06153,-0.0622,1.30584,0.24744,-0.27437,1.18689,0.23948,-0.31504,1.44374,0.18943,-0.33586,1.57122,0.06937,-0.00752,0.89044,-0.05206,-0.01316,0.48908,-0.07857,0.03969,0.08985,-0.11183,-0.14422,-0.03559,-0.12474,-0.01235,0.88175,0.09875,-0.04749,0.48102,0.10031,0.03253,0.08497,0.0957,-0.16124,-0.02395,0.11357
2.5,0.0424,0.95594,0.0293,-0.01942,1.39573,0.06649,-0.15261,1.57768,0.03609,0.00407,1.34707,-0.13365,-0.20855,1.35863,-0.25152,-0.1948,1.50057,-0.02837,-0.15511,1.64639,0.06251,-0.06235,1.30544,0.24811,-0.27442,1.18628,0.24057,-0.31496,1.44317,0.19064,-0.33618,1.57077,0.07078,-0.0072,0.89044,-0.05178,-0.01287,0.48909,-0.07841,0.03977,0.08984,-0.11176,-0.14416,-0.03558,-0.12472,-0.01197,0.88175,0.09904,-0.04744,0.48105,0.10047,0.03256,0.08499,0.09577,-0.1612,-0.02394,0.11362
2.52,0.04273,0.95595,0.02947,-0.01998,1.39558,0.06704,-0.15314,1.57759,0.03681,0.00361,1.34714,-0.13315,-0.2089,1.35809,-0.25126,-0.19569,1.49978,-0.02792,-0.15629,1.64564,0.06303,-0.06273,1.30505,0.24858,-0.27451,1.18535,0.2411,-0.31534,1.44225,0.1914,-0.33704,1.5701,0.07189,-0.00695,0.89045,-0.05155,-0.01265,0.4891,-0.07825,0.03988,0.08984,-0.11167,-0.14405,-0.03557,-0.12463,-0.01157,0.88177,0.09927,-0.0472,0.48108,0.10065,0.03256,0.08497,0.09586,-0.16122,-0.02393,0.11368
2.54,0.04305,0.95596,0.0296,-0.02051,1.39543,0.06754,-0.15351,1.5776,0.03752,0.00324,1.34722,-0.13268,-0.2091,1.35744,-0.25117,-0.19653,1.49894,-0.02767,-0.15755,1.64488,0.06331,-0.06316,1.30466,0.24898,-0.27457,1.18433,0.24149,-0.31586,1.44119,0.19201,-0.3381,1.5693,0.07289,-0.00674,0.89045,-0.05135,-0.01244,0.48911,-0.07809,0.04002,0.08984,-0.11158,-0.14392,-0.03556,-0.12453,-0.01116,0.88178,0.09948,-0.04689,0.48111,0.10084,0.03254,0.08493,0.09595,-0.16127,-0.02391,0.11375
2.56,0.04337,0.95596,0.02975,-0.02107,1.39527,0.06806,-0.15396,1.57756,0.0383,0.00277,1.34727,-0.13221,-0.20945,1.35673,-0.25098,-0.19741,1.49807,-0.02735,-0.15879,1.64412,0.06363,-0.06353,1.30427,0.24942,-0.27461,1.18335,0.24203,-0.3163,1.44017,0.19271,-0.33908,1.5685,0.07391,-0.00651,0.89044,-0.05114,-0.01223,0.48911,-0.07793,0.04014,0.08984,-0.1115,-0.14381,-0.03556,-0.12443,-0.01076,0.88179,0.0997,-0.04662,0.48112,0.10102,0.03253,0.0849,0.09604,-0.16131,-0.02391,0.11383
2.58,0.0437,0.95598,0.0299,-0.0216,1.39513,0.06861,-0.15438,1.57749,0.03886,0.0025,1.34738,-0.13168,-0.2095,1.35646,-0.25086,-0.19821,1.49734,-0.0269,-0.15993,1.64335,0.06427,-0.06404,1.30386,0.24985,-0.27477,1.18234,0.24226,-0.3168,1.4392,0.19338,-0.33999,1.56791,0.07508,-0.00629,0.89045,-0.05092,-0.01202,0.48912,-0.07776,0.04026,0.08985,-0.11141,-0.14369,-0.03554,-0.12433,-0.01034,0.88182,0.09992,-0.04633,0.48116,0.10121,0.03251,0.08487,0.09613,-0.16136,-0.02388,0.1139
2.6,0.044,0.95598,0.03003,-0.02218,1.39497,0.06907,-0.15482,1.57752,0.03985,0.00186,1.3474,-0.13127,-0.2101,1.35528,-0.25063,-0.19914,1.49635,-0.02677,-0.1613,1.64261,0.06419,-0.06429,1.30349,0.25028,-0.27469,1.18138,0.24308,-0.3172,1.43813,0.19405,-0.34108,1.56687,0.07592,-0.00607,0.89045,-0.05073,-0.01182,0.48912,-0.07762,0.04039,0.08984,-0.11133,-0.14358,-0.03553,-0.12424,-0.00997,0.88182,0.10011,-0.04607,0.48118,0.10137,0.0325,0.08484,0.09621,-0.16139,-0.02387,0.11396
2.62,0.04418,0.95596,0.0301,-0.02301,1.39479,0.06925,-0.15539,1.57785,0.04212,5e-05,1.34716,-0.1312,-0.21232,1.35146,-0.24999,-0.20052,1.49463,-0.02752,-0.1634,1.64195,0.06202,-0.06386,1.3033,0.25075,-0.27398,1.18061,0.24568,-0.31732,1.43685,0.19471,-0.34273,1.5646,0.07583,-0.00592,0.89044,-0.05065,-0.01166,0.48911,-0.07758,0.04045,0.08982,-0.11131,-0.14353,-0.03554,-0.1242,-0.00976,0.88179,0.1002,-0.04597,0.48116,0.10141,0.03252,0.0848,0.09625,-0.1614,-0.02387,0.11398
2.64,0.04431,0.95592,0.03014,-0.02392,1.39459,0.06931,-0.15595,1.57826,0.04478,-0.00213,1.34682,-0.13124,-0.215,1.34674,-0.24923,-0.20206,1.49264,-0.0286,-0.16579,1.64126,0.05914,-0.0632,1.30317,0.25119,-0.27304,1.17991,0.24883,-0.31736,1.43546,0.19536,-0.34458,1.56186,0.07544,-0.0058,0.89041,-0.05061,-0.01153,0.48908,-0.07757,0.04048,0.08978,-0.11131,-0.1435,-0.03557,-0.12418,-0.00962,0.88174,0.10023,-0.04592,0.48112,0.1014,0.03254,0.08475,0.09627,-0.1614,-0.02389,0.11398
2.66,0.04445,0.9559,0.03019,-0.02477,1.3944,0.06943,-0.15646,1.57862,0.04717,-0.0041,1.34653,-0.13122,-0.2173,1.34256,-0.24852,-0.20351,1.49081,-0.02951,-0.16807,1.64053,0.05666,-0.06268,1.30303,0.25162,-0.27219,1.17919,0.25162,-0.31747,1.43412,0.196,-0.34632,1.55934,0.07523,-0.00568,0.89039,-0.05056,-0.0114,0.48907,-0.07755,0.04052,0.08976,-0.1113,-0.14347,-0.03557,-0.12415,-0.00947,0.88172,0.10029,-0.04585,0.4811,0.10141,0.03255,0.08472,0.09629,-0.1614,-0.02389,0.114
2.68,0.04463,0.95587,0.03025,-0.02569,1.39419,0.06955,-0.15695,1.57901,0.04988,-0.00627,1.34619,-0.13119,-0.21981,1.33784,-0.24766,-0.20505,1.48876,-0.03055,-0.17055,1.63972,0.05383,-0.06203,1.30288,0.25209,-0.2712,1.1785,0.25479,-0.31748,1.43268,0.19666,-0.34823,1.55657,0.07499,-0.00551,0.89037,-0.0505,-0.01123,0.48905,-0.07752,0.04058,0.08973,-0.11129,-0.14343,-0.03559,-0.12412,-0.00927,0.88168,0.10035,-0.04576,0.48107,0.10142,0.03257,0.08468,0.09632,-0.1614,-0.02389,0.11401
2.7,0.04473,0.95584,0.03029,-0.02649,1.39401,0.06964,-0.15737,1.5793,0.05198,-0.00808,1.3459,-0.13118,-0.22179,1.33399,-0.24701,-0.20644,1.48703,-0.03142,-0.17276,1.63892,0.05159,-0.06156,1.30276,0.25245,-0.27035,1.1778,0.2573,-0.31767,1.43135,0.1973,-0.34986,1.5541,0.07484,-0.00543,0.89035,-0.05045,-0.01114,0.48903,-0.0775,0.04062,0.0897,-0.11129,-0.1434,-0.0356,-0.1241,-0.00916,0.88164,0.10039,-0.04572,0.48104,0.10143,0.03259,0.08464,0.09634,-0.16141,-0.0239,0.11402
2.72,0.04462,0.95581,0.0303,-0.02692,1.39393,0.06966,-0.15771,1.57932,0.05235,-0.00876,1.34579,-0.13116,-0.2224,1.33283,-0.24703,-0.20735,1.48627,-0.03171,-0.17403,1.63829,0.05122,-0.06165,1.30268,0.25255,-0.27001,1.17702,0.25789,-0.31831,1.4304,0.1979,-0.35057,1.55262,0.07494,-0.00558,0.89032,-0.05042,-0.01129,0.489,-0.07748,0.04062,0.08969,-0.11128,-0.1434,-0.03561,-0.12408,-0.00924,0.88161,0.10043,-0.04579,0.48101,0.10144,0.03256,0.08462,0.09637,-0.16144,-0.02391,0.11405
2.74,0.04442,0.95578,0.03029,-0.02724,1.39388,0.06966,-0.15803,1.57924,0.05211,-0.00908,1.34574,-0.13117,-0.22257,1.33257,-0.24728,-0.20811,1.48585,-0.03181,-0.17498,1.63773,0.05145,-0.06194,1.30262,0.25254,-0.26985,1.17623,0.25781,-0.31912,1.42958,0.19848,-0.35098,1.5515,0.07513,-0.00581,0.89029,-0.0504,-0.01153,0.48897,-0.07747,0.04059,0.08969,-0.11127,-0.14343,-0.03561,-0.12407,-0.00941,0.88158,0.10044,-0.04593,0.48098,0.10144,0.03252,0.08461,0.09638,-0.16148,-0.02392,0.11409
2.76,0.04426,0.95576,0.03029,-0.02762,1.39382,0.06966,-0.15836,1.57922,0.05215,-0.00957,1.34568,-0.13118,-0.22294,1.33189,-0.24742,-0.20894,1.48529,-0.032,-0.17608,1.63715,0.05139,-0.06213,1.30256,0.25258,-0.26961,1.17547,0.25805,-0.31984,1.42871,0.19907,-0.35153,1.55025,0.07529,-0.00601,0.89027,-0.05038,-0.01173,0.48895,-0.07745,0.04058,0.08969,-0.11126,-0.14344,-0.0356,-0.12405,-0.00953,0.88156,0.10047,-0.04604,0.48096,0.10145,0.03248,0.08461,0.0964,-0.16152,-0.02392,0.11412
2.78,0.0441,0.95573,0.03031,-0.02799,1.39376,0.0697,-0.1587,1.57918,0.05219,-0.01004,1.34561,-0.13114,-0.22328,1.33127,-0.24756,-0.20976,1.48472,-0.03215,-0.17716,1.63654,0.05143,-0.06234,1.30249,0.25265,-0.26935,1.17464,0.25826,-0.32058,1.42778,0.19972,-0.35197,1.54891,0.07545,-0.0062,0.89023,-0.05033,-0.01192,0.48892,-0.07743,0.04057,0.08969,-0.11124,-0.14346,-0.0356,-0.12402,-0.00966,0.88154,0.10052,-0.04612,0.48092,0.10147,0.03245,0.08458,0.09643,-0.16156,-0.02392,0.11417
2.8,0.04392,0.9557,0.03029,-0.02834,1.3937,0.06967,-0.15902,1.57914,0.0521,-0.01047,1.34554,-0.13118,-0.22359,1.33073,-0.24776,-0.21055,1.48421,-0.03234,-0.17821,1.63599,0.05142,-0.06256,1.30244,0.25264,-0.26917,1.17394,0.25836,-0.32131,1.42699,0.20024,-0.35253,1.54783,0.07566,-0.00642,0.8902,-0.05033,-0.01215,0.48889,-0.07742,0.04055,0.08968,-0.11123,-0.14348,-0.03561,-0.124,-0.00981,0.88151,0.10052,-0.04629,0.4809,0.10148,0.0324,0.08458,0.09645,-0.1616,-0.02393,0.1142
2.82,0.04368,0.95566,0.03019,-0.02871,1.39365,0.06948,-0.1593,1.57914,0.05183,-0.01091,1.34543,-0.13137,-0.22395,1.33019,-0.24804,-0.2113,1.48377,-0.03267,-0.17927,1.6356,0.05112,-0.06282,1.30242,0.25249,-0.26919,1.17355,0.25836,-0.32197,1.42651,0.20044,-0.35356,1.5474,0.076,-0.0067,0.89017,-0.05041,-0.01249,0.48885,-0.07743,0.04053,0.08969,-0.11126,-0.14348,-0.03562,-0.12401,-0.01002,0.88146,0.10044,-0.04671,0.48087,0.10146,0.0323,0.08462,0.09644,-0.16166,-0.02396,0.1142
2.84,0.04342,0.95562,0.03006,-0.02907,1.3936,0.06922,-0.15957,1.57915,0.05145,-0.01133,1.34532,-0.13161,-0.2243,1.3297,-0.24836,-0.21201,1.48339,-0.03304,-0.18032,1.63528,0.05075,-0.06309,1.30243,0.25228,-0.26928,1.17328,0.25828,-0.32261,1.42616,0.20051,-0.35472,1.54722,0.07637,-0.007,0.89015,-0.05053,-0.01286,0.48882,-0.07744,0.04051,0.08971,-0.1113,-0.14348,-0.03564,-0.12402,-0.01024,0.88141,0.10032,-0.04722,0.48084,0.10145,0.03219,0.08467,0.09643,-0.16172,-0.024,0.11419
2.86,0.04317,0.95559,0.02994,-0.02943,1.39356,0.06899,-0.15984,1.57916,0.05111,-0.01175,1.34523,-0.13183,-0.22465,1.32921,-0.24867,-0.21274,1.48299,-0.0334,-0.18137,1.63493,0.05043,-0.06336,1.30244,0.25209,-0.26934,1.17296,0.25822,-0.32325,1.42577,0.20063,-0.3558,1.54693,0.0767,-0.00729,0.89013,-0.05063,-0.01321,0.4888,-0.07746,0.04049,0.08973,-0.11133,-0.14349,-0.03565,-0.12403,-0.01046,0.88137,0.10022,-0.04768,0.48083,0.10143,0.03209,0.08472,0.09641,-0.16178,-0.02403,0.11418
2.88,0.04292,0.95555,0.02983,-0.02979,1.39351,0.06878,-0.16012,1.57916,0.05079,-0.01219,1.34512,-0.13204,-0.225,1.32868,-0.24896,-0.21348,1.48258,-0.03376,-0.18243,1.63458,0.05009,-0.06361,1.30244,0.25192,-0.26939,1.17264,0.25819,-0.32391,1.42536,0.2008,-0.35697,1.54666,0.07715,-0.00759,0.8901,-0.05072,-0.01357,0.48876,-0.07746,0.04047,0.08975,-0.11136,-0.14348,-0.03566,-0.12403,-0.01067,0.88132,0.10013,-0.04817,0.4808,0.10142,0.03198,0.08478,0.0964,-0.16184,-0.02406,0.11417
2.9,0.04267,0.95552,0.02969,-0.03015,1.39348,0.06851,-0.16038,1.57918,0.0504,-0.01259,1.34502,-0.13229,-0.22533,1.32821,-0.24929,-0.21418,1.48218,-0.03411,-0.18346,1.63424,0.04976,-0.0639,1.30245,0.25169,-0.26948,1.17235,0.25809,-0.32452,1.42499,0.20084,-0.35798,1.54637,0.07737,-0.00787,0.89008,-0.05085,-0.01393,0.48874,-0.0775,0.04044,0.08977,-0.11141,-0.1435,-0.03567,-0.12405,-0.01089,0.88128,0.1,-0.04861,0.48078,0.10139,0.03188,0.08483,0.09638,-0.16189,-0.02409,0.11415
2.92,0.04245,0.9555,0.02948,-0.0305,1.39345,0.06811,-0.16061,1.57922,0.04981,-0.01289,1.34492,-0.13268,-0.22561,1.32785,-0.24968,-0.21478,1.48175,-0.03444,-0.18442,1.63386,0.04948,-0.06425,1.3025,0.25132,-0.26963,1.17209,0.25782,-0.32494,1.42466,0.20056,-0.35842,1.5459,0.07695,-0.00809,0.89006,-0.05107,-0.01425,0.48872,-0.07762,0.04039,0.08978,-0.11148,-0.14354,-0.03568,-0.12408,-0.01111,0.88126,0.09979,-0.04885,0.48076,0.10127,0.03183,0.08485,0.09632,-0.16192,-0.02411,0.11412
2.94,0.04223,0.9555,0.02925,-0.03084,1.39345,0.06765,-0.16082,1.57929,0.04916,-0.01315,1.34483,-0.1331,-0.22586,1.32755,-0.25009,-0.21535,1.48134,-0.03475,-0.18536,1.63349,0.04921,-0.06463,1.30257,0.2509,-0.26982,1.17186,0.25749,-0.3253,1.42438,0.20016,-0.35869,1.54539,0.07631,-0.00829,0.89006,-0.05131,-0.01456,0.48871,-0.07777,0.04032,0.0898,-0.11156,-0.14359,-0.03569,-0.12411,-0.01134,0.88125,0.09955,-0.04903,0.48076,0.10112,0.03179,0.08487,0.09627,-0.16195,-0.02411,0.11408
2.96,0.04201,0.95548,0.02902,-0.03118,1.39343,0.06721,-0.16103,1.57934,0.04853,-0.01343,1.34473,-0.13351,-0.22612,1.32721,-0.25049,-0.21593,1.48092,-0.03508,-0.18629,1.63312,0.04892,-0.06499,1.30262,0.25049,-0.26999,1.17161,0.25717,-0.32569,1.42408,0.19981,-0.35906,1.5449,0.07577,-0.0085,0.89005,-0.05154,-0.01487,0.48869,-0.07791,0.04025,0.08981,-0.11164,-0.14364,-0.03571,-0.12414,-0.01157,0.88123,0.09931,-0.04925,0.48073,0.10098,0.03174,0.08488,0.0962,-0.16197,-0.02413,0.11404
2.98,0.0418,0.95548,0.02881,-0.03154,1.39343,0.06679,-0.16128,1.57939,0.04792,-0.01371,1.34464,-0.13391,-0.22639,1.32688,-0.25089,-0.21652,1.48048,-0.03538,-0.18727,1.63271,0.04869,-0.06537,1.30268,0.2501,-0.27017,1.17137,0.25688,-0.32605,1.42378,0.19945,-0.35933,1.5444,0.07518,-0.00871,0.89004,-0.05176,-0.0152,0.48869,-0.07804,0.04019,0.08984,-0.11172,-0.14369,-0.03571,-0.12417,-0.01179,0.88123,0.09909,-0.04941,0.48073,0.10086,0.0317,0.0849,0.09615,-0.162,-0.02414,0.11401
3,0.04157,0.95546,0.02856,-0.03185,1.39341,0.06633,-0.16144,1.57946,0.04726,-0.01396,1.34454,-0.13435,-0.22663,1.32657,-0.25131,-0.21706,1.48011,-0.03575,-0.18814,1.63239,0.04834,-0.06572,1.30275,0.24966,-0.27032,1.17114,0.25655,-0.32646,1.42349,0.1991,-0.35975,1.54393,0.07467,-0.00892,0.89003,-0.05202,-0.01549,0.48867,-0.0782,0.04013,0.08984,-0.11181,-0.14374,-0.03573,-0.1242,-0.01203,0.88121,0.09883,-0.04968,0.48071,0.1007,0.03166,0.08492,0.09608,-0.16202,-0.02416,0.11396
3.02,0.0413,0.95542,0.0282,-0.03205,1.3934,0.06574,-0.16138,1.57962,0.04649,-0.01413,1.34443,-0.1349,-0.22682,1.32629,-0.2518,-0.21747,1.47997,-0.03632,-0.18873,1.63235,0.04765,-0.06598,1.30283,0.24911,-0.27042,1.17096,0.25611,-0.32701,1.42324,0.19878,-0.36067,1.5436,0.07438,-0.00918,0.89003,-0.05242,-0.0157,0.48865,-0.07848,0.04006,0.08983,-0.11194,-0.14379,-0.03576,-0.12429,-0.01231,0.88114,0.09843,-0.05029,0.48067,0.10043,0.0316,0.085,0.09597,-0.16202,-0.02416,0.11389
3.04,0.04101,0.95536,0.0278,-0.03221,1.39338,0.06511,-0.16122,1.57979,0.04566,-0.01425,1.34431,-0.13551,-0.22697,1.32603,-0.25232,-0.21782,1.47992,-0.03699,-0.1892,1.63241,0.04683,-0.06621,1.30291,0.24852,-0.27048,1.17079,0.25566,-0.32759,1.42299,0.19849,-0.36175,1.54331,0.07417,-0.00945,0.89001,-0.05287,-0.01588,0.48863,-0.07879,0.03999,0.08981,-0.11207,-0.14385,-0.03581,-0.12439,-0.01262,0.88104,0.09797,-0.05102,0.48061,0.10013,0.03155,0.08508,0.09584,-0.16202,-0.02416,0.1138
3.06,0.04072,0.95531,0.02741,-0.03237,1.39337,0.0645,-0.16109,1.57996,0.04484,-0.01438,1.3442,-0.1361,-0.22713,1.32578,-0.25284,-0.21818,1.47984,-0.03762,-0.18973,1.63243,0.04606,-0.06645,1.303,0.24794,-0.27054,1.17063,0.25523,-0.32814,1.42274,0.1982,-0.36275,1.54299,0.07393,-0.00972,0.89,-0.0533,-0.01606,0.4886,-0.07909,0.03992,0.08979,-0.11221,-0.1439,-0.03586,-0.12449,-0.01292,0.88095,0.09754,-0.05169,0.48056,0.09983,0.0315,0.08516,0.09572,-0.16203,-0.02417,0.11371
3.08,0.04048,0.95526,0.02703,-0.03259,1.39335,0.0639,-0.16103,1.58011,0.04407,-0.01455,1.34408,-0.13667,-0.22733,1.32547,-0.25331,-0.21858,1.4797,-0.03821,-0.19025,1.6324,0.04534,-0.06671,1.30306,0.24737,-0.27066,1.17046,0.25473,-0.32875,1.42249,0.19784,-0.36374,1.54269,0.07365,-0.00994,0.88998,-0.05372,-0.01625,0.48858,-0.07939,0.03985,0.08977,-0.11236,-0.14396,-0.0359,-0.12458,-0.01318,0.88087,0.09711,-0.05236,0.48052,0.09954,0.03146,0.08524,0.09559,-0.16202,-0.02416,0.11363
3.1,0.04012,0.95521,0.02663,-0.03269,1.39336,0.06325,-0.16081,1.58032,0.0432,-0.01464,1.34398,-0.13728,-0.22744,1.32529,-0.25389,-0.21891,1.47971,-0.03892,-0.19075,1.63252,0.04448,-0.06691,1.30319,0.24677,-0.27066,1.1703,0.25438,-0.32924,1.42225,0.19764,-0.36479,1.54235,0.0735,-0.01029,0.88997,-0.05416,-0.01644,0.48856,-0.0797,0.03977,0.08975,-0.11248,-0.14402,-0.03595,-0.12467,-0.01355,0.88079,0.09666,-0.05306,0.48047,0.09924,0.03138,0.08532,0.09548,-0.16204,-0.02417,0.11355
3.12,0.03946,0.95519,0.0262,-0.03251,1.3935,0.0625,-0.16026,1.58068,0.04211,-0.01451,1.34395,-0.138,-0.22726,1.32548,-0.25472,-0.21908,1.4801,-0.03987,-0.19127,1.63308,0.04331,-0.06695,1.30353,0.24607,-0.27041,1.17023,0.25443,-0.32944,1.4221,0.19775,-0.36597,1.54194,0.07366,-0.01097,0.88999,-0.05461,-0.01663,0.48856,-0.08002,0.03967,0.08974,-0.11251,-0.14409,-0.03599,-0.12475,-0.01419,0.88073,0.09621,-0.05378,0.48042,0.09893,0.03125,0.0854,0.09538,-0.16213,-0.02417,0.11349
3.14,0.03866,0.95518,0.02575,-0.03223,1.3937,0.06169,-0.15958,1.58111,0.04091,-0.01432,1.34394,-0.13876,-0.227,1.32582,-0.25567,-0.2192,1.48063,-0.04095,-0.19178,1.63382,0.04199,-0.06692,1.30395,0.24532,-0.27003,1.17019,0.25464,-0.32952,1.42196,0.19803,-0.36721,1.54149,0.07397,-0.0118,0.89002,-0.05507,-0.01684,0.48858,-0.08035,0.03955,0.08974,-0.11251,-0.14418,-0.03602,-0.12482,-0.01495,0.88069,0.09575,-0.05452,0.48038,0.0986,0.03106,0.08548,0.0953,-0.16226,-0.02418,0.11344
3.16,0.03791,0.95517,0.02531,-0.03198,1.39388,0.0609,-0.15893,1.58152,0.03976,-0.01416,1.34392,-0.13951,-0.22678,1.32608,-0.25658,-0.21935,1.4811,-0.042,-0.19227,1.63448,0.04071,-0.0669,1.30436,0.2446,-0.26966,1.17014,0.25483,-0.32963,1.42181,0.19828,-0.36838,1.54104,0.07427,-0.01259,0.89004,-0.05551,-0.01705,0.48859,-0.08067,0.03945,0.08974,-0.11252,-0.14426,-0.03605,-0.12489,-0.01567,0.88065,0.0953,-0.05526,0.48034,0.09829,0.0309,0.08556,0.09521,-0.16237,-0.02419,0.1134
3.18,0.03722,0.95516,0.02488,-0.0318,1.39403,0.06015,-0.15839,1.58188,0.03866,-0.01399,1.34391,-0.14022,-0.22657,1.32634,-0.25741,-0.2195,1.48154,-0.04295,-0.19285,1.63512,0.03952,-0.06698,1.3047,0.2439,-0.26948,1.17015,0.25484,-0.32979,1.42174,0.19834,-0.36966,1.54069,0.07439,-0.01329,0.89008,-0.05597,-0.01722,0.48861,-0.08102,0.03933,0.08974,-0.11256,-0.14436,-0.03608,-0.12499,-0.01635,0.8806,0.09484,-0.05599,0.4803,0.09795,0.03076,0.08565,0.09512,-0.16246,-0.02419,0.11334
3.2,0.03636,0.95515,0.02442,-0.03147,1.39424,0.05929,-0.15759,1.58235,0.0374,-0.01384,1.34388,-0.14104,-0.22633,1.32665,-0.25844,-0.21963,1.48209,-0.04413,-0.19325,1.63584,0.0381,-0.06684,1.30518,0.24313,-0.26888,1.17002,0.25525,-0.32981,1.42149,0.19883,-0.37071,1.54012,0.07492,-0.01422,0.8901,-0.05641,-0.01748,0.48861,-0.08131,0.03922,0.08975,-0.11256,-0.14444,-0.03611,-0.12504,-0.01715,0.88056,0.0944,-0.05674,0.48026,0.09766,0.03054,0.08572,0.09505,-0.16263,-0.02419,0.11331
3.22,0.03506,0.95512,0.02393,-0.03079,1.39456,0.05816,-0.15615,1.58313,0.03583,-0.01383,1.34376,-0.14212,-0.22609,1.32689,-0.25998,-0.21985,1.48278,-0.04599,-0.19326,1.63661,0.03603,-0.06614,1.30599,0.24223,-0.26716,1.16957,0.25686,-0.32948,1.42073,0.2006,-0.37115,1.53898,0.07659,-0.01575,0.89006,-0.05675,-0.01798,0.48855,-0.08142,0.03916,0.08974,-0.11243,-0.14449,-0.03613,-0.12492,-0.01825,0.88054,0.09407,-0.05755,0.48021,0.09755,0.03012,0.08575,0.0951,-0.16301,-0.02422,0.11341
3.24,0.03359,0.95508,0.02341,-0.02997,1.39492,0.05689,-0.15446,1.584,0.03406,-0.01383,1.34361,-0.14333,-0.22583,1.32718,-0.26172,-0.22005,1.48357,-0.04808,-0.19308,1.63744,0.03373,-0.06524,1.30691,0.24125,-0.26498,1.16898,0.25884,-0.32895,1.41978,0.20277,-0.37129,1.53762,0.0786,-0.01752,0.89,-0.05707,-0.01858,0.48848,-0.08148,0.03913,0.08972,-0.11229,-0.14452,-0.03616,-0.12476,-0.01946,0.88051,0.09376,-0.05836,0.48015,0.09749,0.02962,0.08576,0.09517,-0.16348,-0.02425,0.11354
3.26,0.03219,0.95505,0.0229,-0.0292,1.39525,0.05565,-0.15289,1.5848,0.03229,-0.0138,1.34347,-0.1445,-0.22556,1.32755,-0.26339,-0.22021,1.48436,-0.05004,-0.19294,1.63828,0.03159,-0.06444,1.30777,0.24028,-0.26297,1.16847,0.26056,-0.32843,1.41893,0.20469,-0.37146,1.53637,0.08039,-0.01919,0.88996,-0.05739,-0.01915,0.48842,-0.08157,0.03908,0.08972,-0.11218,-0.14455,-0.03617,-0.12464,-0.02062,0.88049,0.09344,-0.05915,0.48009,0.09741,0.02915,0.08578,0.09522,-0.16391,-0.02428,0.11365
3.28,0.0308,0.95501,0.02241,-0.02852,1.39555,0.05442,-0.15136,1.5856,0.03076,-0.01395,1.34328,-0.14566,-0.22543,1.32738,-0.26506,-0.22058,1.48487,-0.05221,-0.19305,1.63891,0.02911,-0.06359,1.30862,0.23934,-0.26092,1.16809,0.26263,-0.32784,1.41817,0.20682,-0.37162,1.53519,0.08237,-0.02085,0.88991,-0.05771,-0.01966,0.48836,-0.08167,0.03904,0.08972,-0.11207,-0.14458,-0.03619,-0.12455,-0.02178,0.88046,0.09313,-0.06,0.48003,0.09731,0.0287,0.08581,0.09527,-0.16432,-0.02432,0.11375
3.3,0.02936,0.95498,0.02187,-0.02764,1.39588,0.05311,-0.14969,1.58635,0.02864,-0.01375,1.34313,-0.1469,-0.22502,1.32826,-0.26679,-0.22054,1.48593,-0.05407,-0.19262,1.63993,0.02719,-0.06278,1.3095,0.23827,-0.25873,1.16748,0.26405,-0.32719,1.41722,0.20857,-0.37157,1.53385,0.08396,-0.02258,0.88986,-0.05804,-0.02029,0.4883,-0.08175,0.03902,0.08973,-0.11198,-0.1446,-0.0362,-0.12442,-0.02296,0.88045,0.09281,-0.06073,0.47998,0.09724,0.02822,0.08581,0.09532,-0.16477,-0.02435,0.11387
3.32,0.0278,0.95496,0.02121,-0.02629,1.39628,0.05161,-0.14768,1.58686,0.02484,-0.01251,1.3431,-0.14829,-0.22377,1.33224,-0.26864,-0.21936,1.48859,-0.05494,-0.19068,1.64208,0.02701,-0.06221,1.31047,0.23688,-0.2564,1.1662,0.26354,-0.32646,1.41574,0.20917,-0.37097,1.5321,0.08436,-0.02449,0.88977,-0.05841,-0.02132,0.48819,-0.08177,0.03901,0.08978,-0.11197,-0.1446,-0.03618,-0.1242,-0.0242,0.88049,0.09244,-0.06113,0.47995,0.09724,0.02765,0.08574,0.09541,-0.16536,-0.02438,0.11406
3.34,0.0262,0.95494,0.0205,-0.02475,1.3967,0.05002,-0.1455,1.58727,0.02045,-0.01093,1.34306,-0.14976,-0.22213,1.33721,-0.27056,-0.21775,1.49177,-0.05557,-0.18821,1.64461,0.0273,-0.0617,1.31147,0.23536,-0.25394,1.1647,0.26241,-0.3257,1.41403,0.20936,-0.37024,1.53016,0.08435,-0.02647,0.88967,-0.05881,-0.02245,0.48808,-0.08177,0.03902,0.08984,-0.11199,-0.14458,-0.03616,-0.12394,-0.02546,0.88054,0.09205,-0.06141,0.47992,0.09726,0.02706,0.08564,0.09549,-0.16597,-0.02443,0.11427
3.36,0.02462,0.95492,0.01982,-0.02332,1.39707,0.04845,-0.14339,1.58767,0.01638,-0.00957,1.34297,-0.15121,-0.22058,1.34152,-0.27247,-0.21632,1.49462,-0.05643,-0.18604,1.64692,0.02715,-0.06114,1.31245,0.23388,-0.25148,1.16335,0.26164,-0.32495,1.41243,0.20973,-0.36965,1.52826,0.0845,-0.02842,0.88958,-0.05918,-0.02352,0.48797,-0.08178,0.03902,0.0899,-0.11201,-0.14457,-0.03613,-0.12372,-0.02671,0.88059,0.09168,-0.06174,0.47989,0.09726,0.02648,0.08555,0.09557,-0.16656,-0.02447,0.11446
3.38,0.02301,0.95491,0.01913,-0.02185,1.39745,0.04678,-0.14129,1.58793,0.01182,-0.00804,1.34285,-0.15274,-0.21873,1.34635,-0.27452,-0.21482,1.49774,-0.05727,-0.18371,1.64935,0.02725,-0.06068,1.31346,0.2323,-0.24903,1.16197,0.26069,-0.32399,1.41085,0.20999,-0.36847,1.52645,0.08446,-0.0304,0.88949,-0.05956,-0.02465,0.48788,-0.08179,0.03903,0.08999,-0.11208,-0.14455,-0.03608,-0.12353,-0.02798,0.88065,0.09131,-0.06208,0.47987,0.09726,0.0259,0.08548,0.09562,-0.16716,-0.02449,0.11463
3.4,0.02146,0.95489,0.01845,-0.02043,1.39777,0.0452,-0.13913,1.58831,0.00803,-0.00679,1.3427,-0.1542,-0.21714,1.35016,-0.27638,-0.21333,1.50039,-0.05832,-0.18161,1.6516,0.02668,-0.06003,1.31441,0.23084,-0.24645,1.16071,0.26003,-0.32334,1.4092,0.21031,-0.3684,1.52437,0.08459,-0.03231,0.88939,-0.05993,-0.02565,0.48778,-0.08183,0.03905,0.09005,-0.11211,-0.14453,-0.03604,-0.12332,-0.0292,0.8807,0.09093,-0.06235,0.47985,0.09723,0.02535,0.08539,0.09569,-0.16773,-0.02452,0.11482
3.42,0.02008,0.95486,0.01779,-0.01916,1.39803,0.0439,-0.13685,1.58916,0.00662,-0.00632,1.34254,-0.15544,-0.21664,1.35107,-0.27761,-0.21204,1.50168,-0.05984,-0.18025,1.65335,0.02433,-0.05879,1.3152,0.22977,-0.2436,1.1598,0.26025,-0.32367,1.40738,0.21098,-0.37151,1.52159,0.08542,-0.03399,0.88929,-0.06032,-0.02625,0.48768,-0.08195,0.03905,0.09004,-0.112,-0.14454,-0.03605,-0.12304,-0.03029,0.88073,0.09053,-0.06248,0.4798,0.09708,0.0249,0.08528,0.09581,-0.16821,-0.02457,0.11504
3.44,0.01877,0.95484,0.01713,-0.01794,1.39825,0.04268,-0.13452,1.59018,0.006,-0.00613,1.34239,-0.15661,-0.21653,1.35099,-0.27864,-0.21079,1.5025,-0.06151,-0.17913,1.6549,0.02137,-0.05735,1.31594,0.22883,-0.24063,1.15903,0.26073,-0.32429,1.40548,0.21176,-0.37569,1.51853,0.08656,-0.03559,0.88921,-0.06072,-0.0267,0.4876,-0.08212,0.03906,0.09002,-0.11187,-0.14456,-0.03605,-0.12276,-0.03133,0.88077,0.09012,-0.06255,0.47977,0.09687,0.02449,0.08517,0.09593,-0.16865,-0.0246,0.11526
3.46,0.01743,0.95481,0.01647,-0.01671,1.39847,0.0414,-0.13222,1.59108,0.00494,-0.00582,1.34221,-0.15784,-0.21624,1.35132,-0.27978,-0.20954,1.50348,-0.06314,-0.1779,1.65647,0.01867,-0.05601,1.31668,0.2278,-0.2377,1.1582,0.26105,-0.32467,1.40358,0.2125,-0.37933,1.51545,0.08762,-0.03722,0.88911,-0.06112,-0.0272,0.48752,-0.08229,0.03907,0.09,-0.11177,-0.14457,-0.03605,-0.12251,-0.03239,0.8808,0.08971,-0.06263,0.47973,0.09667,0.02406,0.08506,0.09602,-0.16911,-0.02464,0.11545
3.48,0.01606,0.95478,0.0158,-0.01547,1.39866,0.04009,-0.1299,1.59198,0.00396,-0.00552,1.34202,-0.15909,-0.21597,1.35165,-0.28094,-0.20826,1.50453,-0.06483,-0.17673,1.65812,0.01588,-0.05466,1.31741,0.22675,-0.2347,1.15736,0.26141,-0.32525,1.40152,0.21327,-0.38294,1.51225,0.08873,-0.03889,0.88901,-0.06152,-0.02775,0.48744,-0.08245,0.03909,0.08999,-0.11169,-0.14456,-0.03605,-0.12226,-0.03347,0.88084,0.0893,-0.06276,0.4797,0.09647,0.02363,0.08496,0.0961,-0.16957,-0.02468,0.11564
3.5,0.01478,0.95476,0.01516,-0.01426,1.39885,0.0388,-0.12759,1.59286,0.00293,-0.00527,1.34182,-0.16031,-0.21578,1.35168,-0.28206,-0.20705,1.50527,-0.0665,-0.17554,1.65946,0.01306,-0.05327,1.31813,0.22573,-0.23174,1.15662,0.26172,-0.32533,1.39972,0.21407,-0.38653,1.50919,0.09009,-0.04044,0.88892,-0.06191,-0.02816,0.48737,-0.08264,0.03911,0.08998,-0.1116,-0.14458,-0.03603,-0.12206,-0.03449,0.88088,0.0889,-0.06277,0.47967,0.09625,0.02324,0.08484,0.09618,-0.16999,-0.02471,0.1158
3.52,0.01372,0.95474,0.01459,-0.01309,1.399,0.03757,-0.12528,1.59366,0.00161,-0.00511,1.34159,-0.16147,-0.21568,1.35109,-0.28313,-0.20599,1.50527,-0.06803,-0.17422,1.66001,0.01034,-0.05181,1.31879,0.22477,-0.22889,1.15598,0.26181,-0.32432,1.39854,0.21497,-0.39134,1.50499,0.09138,-0.04167,0.88884,-0.06231,-0.02821,0.48732,-0.08288,0.03908,0.08991,-0.1115,-0.14467,-0.036,-0.12199,-0.03539,0.88091,0.08849,-0.0625,0.47962,0.09596,0.02297,0.08468,0.09629,-0.17034,-0.02476,0.1159
3.54,0.01276,0.95473,0.01404,-0.01194,1.39915,0.03636,-0.12298,1.59444,0.00022,-0.00498,1.34136,-0.16262,-0.21564,1.35025,-0.28418,-0.205,1.505,-0.06953,-0.17284,1.66027,0.00763,-0.05031,1.31943,0.22385,-0.22608,1.15545,0.26185,-0.32275,1.39767,0.21586,-0.39591,1.5013,0.09335,-0.04276,0.88878,-0.06272,-0.02811,0.48729,-0.08316,0.03904,0.08983,-0.11141,-0.14479,-0.03596,-0.12197,-0.03622,0.88095,0.08808,-0.0621,0.47959,0.09565,0.02274,0.08451,0.0964,-0.17064,-0.02481,0.11598
3.56,0.01177,0.95472,0.01349,-0.01078,1.39929,0.03512,-0.12069,1.59519,-0.00116,-0.00484,1.34112,-0.16377,-0.21557,1.34954,-0.28524,-0.20398,1.50486,-0.07106,-0.1715,1.66064,0.00493,-0.04882,1.32007,0.2229,-0.22326,1.15492,0.26194,-0.32122,1.39676,0.21669,-0.39952,1.49855,0.09583,-0.0439,0.88871,-0.06311,-0.02808,0.48726,-0.08342,0.03902,0.08977,-0.11132,-0.14488,-0.03591,-0.12193,-0.03706,0.88099,0.08768,-0.06175,0.47956,0.09535,0.02249,0.08435,0.09649,-0.17096,-0.02484,0.11605
3.58,0.01074,0.95471,0.01293,-0.00963,1.39942,0.0339,-0.11831,1.59597,-0.00253,-0.00469,1.34089,-0.16492,-0.21552,1.34872,-0.28625,-0.20296,1.50459,-0.07253,-0.17022,1.66094,0.00218,-0.04734,1.32069,0.22194,-0.22029,1.15418,0.26184,-0.32041,1.39536,0.21783,-0.4074,1.49067,0.09763,-0.04507,0.88864,-0.06352,-0.02799,0.48724,-0.0837,0.03899,0.0897,-0.11124,-0.14499,-0.03585,-0.12192,-0.03795,0.88104,0.08726,-0.06143,0.47953,0.09502,0.02224,0.0842,0.09657,-0.17127,-0.02487,0.11609
3.6,0.00981,0.9547,0.01239,-0.00848,1.39953,0.03263,-0.11613,1.59662,-0.00398,-0.00459,1.34063,-0.1661,-0.21547,1.34805,-0.28736,-0.20198,1.50449,-0.07411,-0.16882,1.66126,-0.00049,-0.04581,1.32132,0.22096,-0.21761,1.1539,0.26208,-0.31789,1.39507,0.21832,-0.40621,1.49345,0.10162,-0.04615,0.88858,-0.0639,-0.02801,0.48722,-0.08395,0.03898,0.08965,-0.11118,-0.14506,-0.03581,-0.1219,-0.03872,0.88108,0.08687,-0.06102,0.4795,0.09474,0.022,0.08404,0.09663,-0.17159,-0.02491,0.11614
3.62,0.00913,0.95471,0.01192,-0.00737,1.39965,0.03128,-0.1145,1.59695,-0.00568,-0.00455,1.3403,-0.16734,-0.21532,1.34793,-0.28878,-0.20113,1.50488,-0.07595,-0.16707,1.6617,-0.00284,-0.04419,1.32198,0.21994,-0.21562,1.15474,0.26321,-0.31088,1.39745,0.21687,-0.38168,1.52332,0.11567,-0.04703,0.88853,-0.06417,-0.02835,0.48718,-0.08403,0.03906,0.08968,-0.1111,-0.14498,-0.03579,-0.12176,-0.03921,0.88114,0.08658,-0.06035,0.47951,0.09463,0.02177,0.08386,0.09671,-0.1719,-0.02493,0.11628
3.64,0.00855,0.95472,0.01148,-0.00627,1.39976,0.02989,-0.11309,1.59716,-0.00744,-0.00456,1.33995,-0.1686,-0.21519,1.34796,-0.29028,-0.20032,1.50545,-0.07788,-0.16517,1.66218,-0.00511,-0.04252,1.32266,0.21889,-0.21393,1.15607,0.2647,-0.3021,1.40074,0.21472,-0.36107,1.55096,0.14364,-0.04781,0.88848,-0.06441,-0.0288,0.48714,-0.08406,0.03917,0.08973,-0.11103,-0.14485,-0.03579,-0.12159,-0.03958,0.8812,0.08633,-0.05958,0.47951,0.09458,0.02155,0.08366,0.0968,-0.17221,-0.02496,0.11646
3.66,0.00793,0.95473,0.01103,-0.00517,1.39986,0.02851,-0.11161,1.5974,-0.00915,-0.00458,1.3396,-0.16986,-0.21509,1.3479,-0.2917,-0.19949,1.50594,-0.07978,-0.16332,1.66266,-0.00746,-0.04085,1.32331,0.21784,-0.21215,1.1573,0.26607,-0.29402,1.40348,0.2129,-0.35638,1.56295,0.17075,-0.04863,0.88843,-0.06466,-0.0292,0.4871,-0.08412,0.03927,0.08977,-0.11096,-0.14473,-0.03578,-0.12144,-0.03999,0.88127,0.08606,-0.05887,0.47953,0.0945,0.02133,0.08349,0.09687,-0.17251,-0.02498,0.11661
3.68,0.00729,0.95474,0.01057,-0.00409,1.39995,0.02712,-0.11005,1.59766,-0.01103,-0.00454,1.33926,-0.17111,-0.21485,1.34787,-0.29329,-0.1987,1.5063,-0.0817,-0.16162,1.66295,-0.00969,-0.03927,1.32395,0.21677,-0.21005,1.15804,0.26717,-0.28604,1.40535,0.21063,-0.36783,1.56071,0.19418,-0.04947,0.88838,-0.06492,-0.02961,0.48707,-0.08418,0.03936,0.08981,-0.11089,-0.14461,-0.03577,-0.1213,-0.04043,0.88133,0.08578,-0.05811,0.47954,0.0944,0.02111,0.0833,0.09694,-0.17282,-0.02499,0.11677
3.7,0.00671,0.95475,0.01015,-0.00299,1.40004,0.02571,-0.10876,1.59782,-0.01258,-0.00465,1.33889,-0.17237,-0.21494,1.34778,-0.29456,-0.19786,1.50695,-0.08359,-0.15959,1.66357,-0.01215,-0.03749,1.32461,0.21571,-0.20863,1.15993,0.26887,-0.27733,1.40859,0.20899,-0.37923,1.55245,0.20502,-0.05026,0.88834,-0.06513,-0.03,0.48703,-0.08421,0.03947,0.08985,-0.11083,-0.14449,-0.03575,-0.12114,-0.0408,0.88139,0.08555,-0.05741,0.47956,0.09434,0.02088,0.08314,0.09703,-0.17312,-0.025,0.11693
3.72,0.00624,0.95473,0.00983,-0.00184,1.40009,0.02423,-0.10814,1.59776,-0.0132,-0.00516,1.3384,-0.17367,-0.21597,1.34754,-0.29495,-0.19687,1.50833,-0.08538,-0.15671,1.6651,-0.01534,-0.0352,1.3253,0.21468,-0.2089,1.16478,0.2721,-0.26697,1.41537,0.20914,-0.36257,1.56326,0.21849,-0.05096,0.88826,-0.06523,-0.03033,0.48697,-0.08416,0.03958,0.08987,-0.11077,-0.1444,-0.03573,-0.12096,-0.04103,0.88142,0.08543,-0.05694,0.47957,0.09439,0.02063,0.08301,0.09715,-0.17343,-0.02503,0.11711
3.74,0.00583,0.9547,0.00955,-0.00068,1.40012,0.02272,-0.10777,1.59759,-0.01346,-0.00582,1.33788,-0.17496,-0.21732,1.34726,-0.295,-0.19581,1.50996,-0.08716,-0.1535,1.66692,-0.0188,-0.03272,1.32599,0.21366,-0.20962,1.17089,0.27596,-0.2557,1.42312,0.20972,-0.33084,1.58111,0.23187,-0.05161,0.88818,-0.06528,-0.03063,0.48689,-0.08408,0.0397,0.08987,-0.11072,-0.14431,-0.0357,-0.12078,-0.0412,0.88144,0.08535,-0.05654,0.47957,0.09449,0.02037,0.08288,0.09729,-0.17373,-0.02506,0.1173
3.76,0.00539,0.95468,0.00926,0.00046,1.40016,0.02122,-0.10729,1.59747,-0.01385,-0.00643,1.33737,-0.17624,-0.21854,1.34701,-0.29518,-0.19478,1.51145,-0.08897,-0.15046,1.66852,-0.02216,-0.03034,1.32667,0.21261,-0.20987,1.17662,0.27958,-0.24458,1.42972,0.20979,-0.30111,1.59359,0.24216,-0.05228,0.8881,-0.06534,-0.03094,0.48683,-0.08401,0.03981,0.08988,-0.11067,-0.14422,-0.03566,-0.1206,-0.04139,0.88147,0.08526,-0.05611,0.47958,0.09457,0.02012,0.08276,0.09743,-0.17403,-0.02508,0.11749
3.78,0.00495,0.95466,0.00896,0.00162,1.40018,0.01968,-0.10675,1.59735,-0.01429,-0.00704,1.33686,-0.17754,-0.21975,1.34677,-0.29539,-0.1938,1.51294,-0.09083,-0.14748,1.67012,-0.02566,-0.02792,1.32735,0.21152,-0.20972,1.18219,0.28299,-0.2332,1.4355,0.20943,-0.26595,1.60387,0.25038,-0.05295,0.88803,-0.06542,-0.03125,0.48677,-0.08394,0.03994,0.0899,-0.11063,-0.14411,-0.03563,-0.12043,-0.04159,0.8815,0.08516,-0.05565,0.47959,0.09464,0.01987,0.08264,0.09755,-0.17433,-0.02511,0.11767
3.8,0.00454,0.95463,0.00867,0.00272,1.40019,0.01818,-0.10635,1.59718,-0.01455,-0.0077,1.33635,-0.17879,-0.22105,1.34648,-0.29545,-0.1927,1.51441,-0.09265,-0.14434,1.67162,-0.02906,-0.02553,1.32798,0.21044,-0.20982,1.18862,0.28692,-0.22172,1.44155,0.20935,-0.23029,1.61223,0.25287,-0.05359,0.88794,-0.06548,-0.03153,0.4867,-0.08388,0.04006,0.08991,-0.11059,-0.14402,-0.0356,-0.12027,-0.04175,0.88152,0.08506,-0.05526,0.47959,0.09471,0.01963,0.08252,0.09769,-0.17462,-0.02513,0.11785
3.82,0.0042,0.95456,0.00842,0.00374,1.40015,0.0168,-0.10621,1.59689,-0.01441,-0.0084,1.33584,-0.17992,-0.22251,1.34607,-0.29517,-0.19125,1.51581,-0.09431,-0.14075,1.6729,-0.0321,-0.02322,1.3285,0.20946,-0.21065,1.19712,0.29217,-0.21005,1.44898,0.21034,-0.20287,1.62075,0.24962,-0.05417,0.88783,-0.0655,-0.03173,0.4866,-0.08381,0.04016,0.08986,-0.11047,-0.14397,-0.03558,-0.12012,-0.04184,0.88149,0.08501,-0.05501,0.47956,0.09476,0.01943,0.0824,0.09789,-0.17488,-0.02515,0.11805
3.84,0.0039,0.95448,0.00817,0.00471,1.40008,0.01545,-0.10619,1.59655,-0.01411,-0.00912,1.33533,-0.181,-0.22403,1.34561,-0.29475,-0.18969,1.51717,-0.09595,-0.13702,1.67406,-0.03505,-0.02096,1.32899,0.2085,-0.21134,1.20652,0.29788,-0.19814,1.4565,0.21148,-0.17822,1.6287,0.24391,-0.05471,0.8877,-0.06551,-0.03188,0.4865,-0.08376,0.04026,0.08979,-0.11036,-0.14392,-0.03556,-0.11999,-0.04188,0.88145,0.08495,-0.05481,0.47951,0.0948,0.01924,0.08229,0.09811,-0.17512,-0.02517,0.11824
3.86,0.00359,0.9544,0.00791,0.00567,1.40002,0.01409,-0.10611,1.59622,-0.01387,-0.00985,1.33482,-0.1821,-0.22553,1.34518,-0.29439,-0.18821,1.51847,-0.09764,-0.13342,1.67515,-0.03809,-0.01871,1.32946,0.2075,-0.21132,1.21564,0.30329,-0.18611,1.46298,0.21208,-0.15271,1.63418,0.23805,-0.05526,0.88758,-0.06554,-0.03206,0.48639,-0.0837,0.04036,0.08974,-0.11026,-0.14387,-0.03555,-0.11987,-0.04193,0.88142,0.08488,-0.05459,0.47947,0.09483,0.01905,0.08216,0.0983,-0.17537,-0.0252,0.11841
3.88,0.00323,0.95431,0.00767,0.00669,1.39993,0.01267,-0.10596,1.59587,-0.01361,-0.01058,1.33428,-0.18322,-0.22704,1.34475,-0.29396,-0.18671,1.51984,-0.09941,-0.12981,1.67633,-0.04135,-0.01636,1.32995,0.20645,-0.21071,1.22514,0.30877,-0.17331,1.46896,0.21243,-0.12615,1.63785,0.23114,-0.05586,0.88744,-0.06555,-0.03224,0.48628,-0.08364,0.04045,0.08967,-0.11014,-0.14384,-0.03553,-0.11974,-0.04204,0.88137,0.08483,-0.05438,0.47941,0.09487,0.01886,0.08204,0.09851,-0.17561,-0.02523,0.1186
3.9,0.00299,0.95424,0.00741,0.00755,1.39986,0.01137,-0.10593,1.59553,-0.0133,-0.01134,1.33381,-0.18423,-0.22851,1.34432,-0.29359,-0.18525,1.52097,-0.10108,-0.12629,1.67714,-0.04424,-0.01422,1.33038,0.20547,-0.20971,1.23427,0.31401,-0.16164,1.47409,0.21249,-0.10373,1.64026,0.22398,-0.05634,0.88733,-0.06558,-0.03238,0.48618,-0.08359,0.04058,0.08962,-0.11005,-0.14375,-0.03552,-0.11961,-0.04202,0.88134,0.08476,-0.05415,0.47938,0.09491,0.01867,0.08193,0.0987,-0.17585,-0.02525,0.11877
3.92,0.00305,0.95425,0.0071,0.00794,1.39988,0.01043,-0.10628,1.59528,-0.01287,-0.01222,1.33357,-0.18496,-0.22983,1.34394,-0.29343,-0.1839,1.52151,-0.10241,-0.12297,1.67708,-0.046,-0.01267,1.33066,0.20476,-0.20871,1.24225,0.31869,-0.15326,1.47837,0.21237,-0.09067,1.64313,0.21821,-0.05655,0.88732,-0.06565,-0.03247,0.48617,-0.08354,0.04079,0.08967,-0.10997,-0.14352,-0.0355,-0.11946,-0.04167,0.88136,0.08463,-0.05385,0.47941,0.09498,0.01849,0.08187,0.09885,-0.17607,-0.02523,0.11895
3.94,0.00322,0.95427,0.00678,0.00815,1.3999,0.00964,-0.10678,1.59504,-0.01237,-0.01314,1.3334,-0.18556,-0.23112,1.34354,-0.29333,-0.1826,1.5218,-0.10359,-0.11975,1.67667,-0.04735,-0.01134,1.33088,0.20416,-0.20753,1.24972,0.32313,-0.14615,1.48223,0.2122,-0.08121,1.64618,0.21289,-0.05665,0.88733,-0.06574,-0.03252,0.48618,-0.08348,0.04104,0.08972,-0.1099,-0.14324,-0.0355,-0.11929,-0.04121,0.8814,0.08449,-0.05353,0.47945,0.09507,0.0183,0.08182,0.09898,-0.17629,-0.02521,0.11914
3.96,0.00334,0.95429,0.00647,0.00843,1.39992,0.0088,-0.10721,1.59479,-0.01188,-0.01405,1.33321,-0.1862,-0.23242,1.34317,-0.29318,-0.1813,1.52217,-0.10483,-0.11656,1.67638,-0.04891,-0.00992,1.33113,0.2035,-0.20587,1.25732,0.32754,-0.13849,1.48583,0.2119,-0.07036,1.64841,0.20711,-0.05679,0.88734,-0.06582,-0.03258,0.48618,-0.08343,0.04127,0.08978,-0.10982,-0.14298,-0.03549,-0.11913,-0.0408,0.88143,0.08436,-0.05323,0.4795,0.09515,0.01812,0.08178,0.09913,-0.17651,-0.02518,0.11933
3.98,0.00346,0.95431,0.00615,0.00873,1.39994,0.00791,-0.10759,1.59454,-0.01141,-0.01495,1.333,-0.18687,-0.23372,1.34276,-0.29306,-0.17998,1.52254,-0.10618,-0.11329,1.67601,-0.05053,-0.00845,1.33139,0.20281,-0.20376,1.26537,0.33214,-0.13025,1.4894,0.21156,-0.05894,1.65033,0.20093,-0.05695,0.88734,-0.06589,-0.03267,0.48618,-0.08336,0.04152,0.08985,-0.10975,-0.1427,-0.03548,-0.11896,-0.04038,0.88146,0.08422,-0.05288,0.47954,0.09524,0.01793,0.08173,0.09929,-0.17673,-0.02515,0.11953
4,0.00362,0.95432,0.00586,0.00894,1.39995,0.00715,-0.10805,1.59427,-0.01086,-0.01587,1.33283,-0.18742,-0.235,1.3424,-0.29286,-0.17874,1.52278,-0.10731,-0.11029,1.67559,-0.05198,-0.00713,1.33159,0.20221,-0.20152,1.27223,0.33608,-0.1234,1.49221,0.21103,-0.04974,1.65166,0.19526,-0.05704,0.88734,-0.06596,-0.03267,0.48618,-0.0833,0.04176,0.08989,-0.10967,-0.14244,-0.03548,-0.11881,-0.03995,0.88149,0.0841,-0.0526,0.47957,0.09532,0.01778,0.08168,0.09944,-0.17692,-0.02513,0.11972
4.02,0.00388,0.95434,0.00563,0.00894,1.39998,0.00667,-0.1087,1.59401,-0.01013,-0.01679,1.33274,-0.18774,-0.23625,1.3422,-0.29252,-0.17761,1.5228,-0.10791,-0.10788,1.67523,-0.05315,-0.00612,1.3317,0.20184,-0.19973,1.27617,0.33846,-0.12007,1.4937,0.21013,-0.04555,1.6524,0.19122,-0.05696,0.88735,-0.06602,-0.03241,0.4862,-0.08332,0.04197,0.08989,-0.10961,-0.14224,-0.03546,-0.11873,-0.03948,0.88152,0.08399,-0.05247,0.47962,0.09532,0.01769,0.08169,0.09953,-0.17701,-0.02512,0.11984
4.04,0.00417,0.95436,0.00544,0.00885,1.4,0.00633,-0.10943,1.59374,-0.00932,-0.01772,1.33268,-0.18794,-0.23748,1.34207,-0.29209,-0.17657,1.52272,-0.10828,-0.10573,1.67487,-0.05415,-0.00525,1.33177,0.20159,-0.19817,1.27896,0.34026,-0.11818,1.4947,0.20914,-0.04343,1.653,0.18789,-0.05683,0.88736,-0.06607,-0.03206,0.48622,-0.08335,0.04216,0.08988,-0.10953,-0.14207,-0.03544,-0.11866,-0.03902,0.88155,0.0839,-0.05242,0.47966,0.09531,0.01761,0.08171,0.09962,-0.17707,-0.02512,0.11995
4.06,0.00445,0.95438,0.00524,0.0088,1.40002,0.00595,-0.11011,1.59347,-0.00853,-0.01863,1.33262,-0.18817,-0.2387,1.34192,-0.29168,-0.1755,1.52268,-0.10874,-0.10351,1.67449,-0.05519,-0.00433,1.33186,0.2013,-0.19641,1.28218,0.34226,-0.11571,1.49584,0.20821,-0.04048,1.65353,0.18428,-0.05672,0.88737,-0.06612,-0.03175,0.48624,-0.08336,0.04236,0.08987,-0.10946,-0.14188,-0.03542,-0.11858,-0.03855,0.88158,0.08381,-0.05233,0.47971,0.09531,0.01754,0.08173,0.09972,-0.17714,-0.02511,0.12007
4.08,0.00475,0.9544,0.00502,0.00877,1.40005,0.00551,-0.11076,1.5932,-0.00774,-0.01958,1.33253,-0.18844,-0.23995,1.34168,-0.29131,-0.17437,1.52256,-0.10935,-0.10116,1.67403,-0.05648,-0.00334,1.33196,0.20095,-0.19444,1.28572,0.34439,-0.11303,1.49711,0.20721,-0.03753,1.65422,0.18046,-0.05659,0.88738,-0.06618,-0.0314,0.48627,-0.08339,0.04259,0.08986,-0.1094,-0.14168,-0.03541,-0.11851,-0.03806,0.88161,0.08371,-0.05222,0.47975,0.0953,0.01747,0.08175,0.09983,-0.1772,-0.0251,0.1202
4.1,0.00502,0.95441,0.00486,0.00869,1.40006,0.00524,-0.11145,1.59291,-0.0069,-0.02045,1.33248,-0.18857,-0.24113,1.34164,-0.29079,-0.17342,1.52252,-0.1096,-0.09915,1.67366,-0.05724,-0.00252,1.332,0.20075,-0.19279,1.28828,0.34607,-0.11115,1.49791,0.20634,-0.03519,1.65438,0.17725,-0.05647,0.88738,-0.0662,-0.0311,0.48628,-0.08339,0.04277,0.08985,-0.10932,-0.1415,-0.0354,-0.11843,-0.03762,0.88162,0.08365,-0.05216,0.47979,0.09533,0.0174,0.08176,0.09994,-0.17726,-0.0251,0.12032
4.12,0.00523,0.95442,0.00481,0.00852,1.40007,0.00536,-0.11225,1.59258,-0.00599,-0.02111,1.33255,-0.18839,-0.24209,1.34221,-0.28991,-0.17287,1.52277,-0.10897,-0.09791,1.67357,-0.05665,-0.00209,1.33193,0.20087,-0.19205,1.28847,0.34667,-0.1111,1.49757,0.20576,-0.0338,1.65315,0.17543,-0.05636,0.88739,-0.06616,-0.03092,0.48629,-0.08335,0.04289,0.08985,-0.10926,-0.14139,-0.03539,-0.11839,-0.0373,0.88163,0.08366,-0.05216,0.47981,0.09539,0.01736,0.08177,0.1,-0.1773,-0.02509,0.1204
4.14,0.00542,0.95442,0.00482,0.00831,1.40007,0.00566,-0.11308,1.59223,-0.00503,-0.02168,1.33265,-0.18808,-0.24296,1.34297,-0.28888,-0.17249,1.5231,-0.10799,-0.09698,1.67358,-0.05552,-0.0018,1.33179,0.20114,-0.19169,1.28773,0.34685,-0.11178,1.49681,0.20531,-0.03289,1.65141,0.17415,-0.05625,0.88739,-0.06609,-0.03078,0.4863,-0.08328,0.04299,0.08985,-0.10919,-0.14129,-0.03538,-0.11834,-0.03702,0.88163,0.08371,-0.05219,0.47982,0.09549,0.01732,0.08178,0.10006,-0.17733,-0.02508,0.12047
4.16,0.00562,0.95442,0.00481,0.00812,1.40008,0.00589,-0.11388,1.59188,-0.00409,-0.02229,1.33273,-0.18781,-0.24387,1.34364,-0.28789,-0.17205,1.52339,-0.10716,-0.09592,1.67353,-0.05462,-0.00144,1.33168,0.20136,-0.19117,1.28742,0.34723,-0.11212,1.49624,0.20482,-0.03182,1.6499,0.17258,-0.05614,0.88739,-0.06602,-0.03062,0.4863,-0.08322,0.0431,0.08985,-0.10912,-0.14118,-0.03538,-0.11829,-0.03672,0.88163,0.08376,-0.05221,0.47983,0.09558,0.01728,0.08179,0.10012,-0.17737,-0.02507,0.12056
4.18,0.00583,0.95442,0.00479,0.00794,1.40008,0.00609,-0.11469,1.59152,-0.00314,-0.02289,1.33281,-0.18757,-0.24475,1.34432,-0.28693,-0.17153,1.52366,-0.10636,-0.09477,1.67347,-0.05379,-0.00108,1.33157,0.20155,-0.19061,1.28703,0.34758,-0.11255,1.4956,0.20428,-0.03068,1.64816,0.1708,-0.05602,0.8874,-0.06597,-0.03046,0.48631,-0.08317,0.04321,0.08984,-0.10905,-0.14108,-0.03538,-0.11825,-0.03642,0.88163,0.08378,-0.0522,0.47984,0.09566,0.01725,0.0818,0.10018,-0.1774,-0.02506,0.12063
4.2,0.00601,0.95442,0.0048,0.00773,1.40008,0.00638,-0.11548,1.59117,-0.00219,-0.0235,1.33291,-0.18725,-0.24566,1.34502,-0.28589,-0.1712,1.52398,-0.10544,-0.09387,1.67344,-0.05271,-0.00076,1.33144,0.20182,-0.1902,1.28661,0.34788,-0.11292,1.49499,0.20389,-0.02986,1.64669,0.16943,-0.05593,0.8874,-0.06588,-0.03032,0.48632,-0.0831,0.04331,0.08984,-0.10898,-0.14097,-0.03538,-0.1182,-0.03613,0.88162,0.08385,-0.05226,0.47985,0.09577,0.0172,0.08181,0.10025,-0.17745,-0.02506,0.12072
4.22,0.00612,0.95443,0.00489,0.00747,1.40009,0.00687,-0.11617,1.59093,-0.00119,-0.02418,1.33307,-0.18674,-0.24664,1.34575,-0.28463,-0.17138,1.52446,-0.10426,-0.09354,1.67347,-0.05101,-0.00049,1.33126,0.20227,-0.19006,1.28637,0.34814,-0.11292,1.49463,0.20389,-0.02972,1.6462,0.1692,-0.05597,0.88741,-0.06566,-0.03026,0.48634,-0.08294,0.04344,0.08988,-0.10886,-0.14082,-0.03538,-0.11808,-0.03586,0.88163,0.08402,-0.05249,0.47988,0.09597,0.01708,0.08185,0.10037,-0.17753,-0.02509,0.12083
4.24,0.00621,0.95445,0.00501,0.00719,1.40011,0.00745,-0.11682,1.59072,-0.00019,-0.02487,1.33326,-0.18616,-0.24762,1.34651,-0.28329,-0.17173,1.525,-0.10298,-0.09345,1.67355,-0.04908,-0.00024,1.33107,0.20279,-0.19003,1.28615,0.34836,-0.11282,1.49435,0.20406,-0.02985,1.64606,0.16944,-0.05603,0.88744,-0.06541,-0.03021,0.48637,-0.08277,0.04358,0.08993,-0.10874,-0.14064,-0.03538,-0.11796,-0.03559,0.88165,0.08423,-0.05277,0.47992,0.09619,0.01695,0.08192,0.1005,-0.17761,-0.02511,0.12095
4.26,0.0063,0.95446,0.00512,0.00692,1.40012,0.00799,-0.1175,1.59049,0.0008,-0.02555,1.33342,-0.1856,-0.2486,1.34725,-0.28199,-0.172,1.5255,-0.10173,-0.09326,1.67359,-0.04727,1e-05,1.33089,0.20328,-0.18996,1.28591,0.34861,-0.11277,1.49403,0.20417,-0.02987,1.64576,0.16947,-0.05609,0.88745,-0.06517,-0.03017,0.48639,-0.0826,0.04371,0.08997,-0.10862,-0.14049,-0.03538,-0.11785,-0.03534,0.88165,0.08443,-0.05302,0.47995,0.09641,0.01682,0.08197,0.10062,-0.1777,-0.02513,0.12107
4.28,0.00641,0.95448,0.00522,0.00666,1.40013,0.00853,-0.11815,1.59026,0.00182,-0.02626,1.33361,-0.18504,-0.2496,1.34802,-0.28065,-0.17226,1.52603,-0.10047,-0.09303,1.67363,-0.04537,0.00032,1.3307,0.20377,-0.18985,1.28568,0.34882,-0.11269,1.49368,0.2042,-0.02981,1.64541,0.16946,-0.05614,0.88747,-0.06493,-0.0301,0.48643,-0.08243,0.04386,0.09002,-0.1085,-0.14031,-0.03538,-0.11772,-0.03504,0.88167,0.08462,-0.05329,0.48,0.09664,0.01669,0.08204,0.10077,-0.17779,-0.02515,0.12121
4.3,0.00649,0.95449,0.00536,0.00638,1.40014,0.0091,-0.11881,1.59003,0.00282,-0.02689,1.33377,-0.18447,-0.25051,1.34872,-0.27934,-0.17256,1.52651,-0.09921,-0.09292,1.6737,-0.0436,0.00051,1.33052,0.20429,-0.18982,1.28547,0.34911,-0.11261,1.49342,0.20444,-0.02996,1.64526,0.16966,-0.05619,0.88748,-0.06467,-0.03007,0.48645,-0.08226,0.04397,0.09006,-0.10838,-0.14016,-0.03538,-0.11762,-0.03482,0.88168,0.08483,-0.05353,0.48002,0.09686,0.01658,0.08209,0.1009,-0.17786,-0.02518,0.12133
4.32,0.0065,0.95451,0.00562,0.00606,1.40016,0.00971,-0.1195,1.58982,0.0038,-0.02731,1.33392,-0.18388,-0.25117,1.3493,-0.27813,-0.17291,1.52689,-0.09793,-0.09304,1.6739,-0.0422,0.00038,1.33037,0.20485,-0.18998,1.28537,0.34965,-0.11255,1.4934,0.20522,-0.03063,1.64562,0.17034,-0.05622,0.88751,-0.06439,-0.03012,0.48647,-0.08203,0.04398,0.09011,-0.10828,-0.14013,-0.03537,-0.11759,-0.03477,0.8817,0.08511,-0.05372,0.48005,0.09707,0.01652,0.08214,0.10096,-0.17788,-0.02518,0.12139
4.34,0.00648,0.95453,0.00593,0.00571,1.40017,0.01035,-0.12019,1.58962,0.00478,-0.02765,1.33405,-0.18328,-0.25173,1.3498,-0.27695,-0.17331,1.52722,-0.09665,-0.09329,1.67415,-0.04091,0.00014,1.33024,0.20544,-0.19021,1.2853,0.35028,-0.1125,1.49348,0.20622,-0.03152,1.64617,0.17121,-0.05623,0.88753,-0.06408,-0.03021,0.48649,-0.08179,0.04395,0.09015,-0.10817,-0.14013,-0.03536,-0.11759,-0.0348,0.88171,0.08542,-0.05388,0.48007,0.09729,0.01649,0.08218,0.10102,-0.17788,-0.02519,0.12144
4.36,0.00648,0.95455,0.00621,0.00539,1.40019,0.01097,-0.12086,1.58941,0.00574,-0.02802,1.33419,-0.1827,-0.25232,1.35031,-0.27577,-0.1737,1.52757,-0.0954,-0.0935,1.67436,-0.03957,-5e-05,1.33011,0.206,-0.19039,1.2852,0.35086,-0.11244,1.49351,0.20711,-0.0323,1.64662,0.17197,-0.05625,0.88755,-0.0638,-0.03028,0.48651,-0.08156,0.04395,0.09019,-0.10808,-0.14011,-0.03535,-0.11759,-0.03478,0.88173,0.0857,-0.05404,0.4801,0.09749,0.01647,0.08222,0.10107,-0.17788,-0.02519,0.12148
4.38,0.00649,0.95457,0.0065,0.00505,1.4002,0.01161,-0.12159,1.58918,0.00675,-0.02839,1.33433,-0.1821,-0.25292,1.35092,-0.27452,-0.17401,1.52794,-0.09405,-0.09356,1.6746,-0.03822,-0.00024,1.32997,0.20659,-0.1906,1.28514,0.35146,-0.11235,1.49356,0.20803,-0.03305,1.64707,0.17274,-0.05625,0.88758,-0.0635,-0.03035,0.48654,-0.08131,0.04394,0.09023,-0.10797,-0.14009,-0.03534,-0.11757,-0.03476,0.88175,0.08599,-0.05423,0.48012,0.09771,0.01643,0.08227,0.10113,-0.17789,-0.0252,0.12154
4.4,0.00646,0.95458,0.0068,0.00472,1.40021,0.01222,-0.12221,1.58899,0.00768,-0.02875,1.33445,-0.18152,-0.25347,1.3513,-0.27341,-0.17451,1.52823,-0.09287,-0.09398,1.67479,-0.0369,-0.00045,1.32983,0.20716,-0.19079,1.28501,0.35206,-0.11234,1.49357,0.20895,-0.03392,1.6475,0.1735,-0.05628,0.88759,-0.0632,-0.03044,0.48655,-0.08109,0.04392,0.09027,-0.10787,-0.14009,-0.03533,-0.11757,-0.03479,0.88176,0.08629,-0.05435,0.48013,0.09792,0.0164,0.0823,0.10118,-0.1779,-0.02522,0.12157
4.42,0.00633,0.95459,0.00715,0.00441,1.40022,0.01278,-0.12257,1.58898,0.00842,-0.02908,1.33453,-0.18098,-0.25393,1.35108,-0.27263,-0.17551,1.52831,-0.09215,-0.09535,1.67484,-0.03558,-0.00069,1.32974,0.20769,-0.19091,1.28471,0.35267,-0.11255,1.4935,0.20983,-0.03512,1.64788,0.17425,-0.05638,0.88759,-0.06287,-0.03058,0.48656,-0.08091,0.04387,0.0903,-0.10779,-0.14013,-0.03531,-0.11754,-0.03495,0.88177,0.08663,-0.05429,0.48013,0.09811,0.01641,0.08229,0.10125,-0.17789,-0.02523,0.12159
4.44,0.00615,0.95459,0.00753,0.00409,1.40021,0.01333,-0.12284,1.58901,0.00911,-0.02942,1.33459,-0.18045,-0.25436,1.35063,-0.27197,-0.1767,1.52831,-0.09159,-0.09709,1.67484,-0.03426,-0.00095,1.32966,0.20821,-0.19102,1.28434,0.3533,-0.11286,1.49338,0.21072,-0.03645,1.64824,0.175,-0.05652,0.88758,-0.06252,-0.03075,0.48655,-0.08074,0.04379,0.09032,-0.1077,-0.14019,-0.0353,-0.1175,-0.03518,0.88178,0.08699,-0.05417,0.48012,0.09831,0.01641,0.08226,0.10133,-0.1779,-0.02525,0.12161
4.46,0.006,0.95459,0.00789,0.00377,1.40021,0.01388,-0.12315,1.58901,0.00981,-0.02974,1.33466,-0.17992,-0.25478,1.35029,-0.27127,-0.1778,1.52833,-0.09097,-0.09864,1.67485,-0.03297,-0.0012,1.32958,0.20873,-0.19114,1.284,0.35391,-0.11313,1.49327,0.2116,-0.0377,1.64858,0.17573,-0.05663,0.88758,-0.06219,-0.03089,0.48655,-0.08056,0.04374,0.09034,-0.10762,-0.14024,-0.0353,-0.11747,-0.03537,0.88179,0.08734,-0.05408,0.48011,0.0985,0.01642,0.08223,0.10141,-0.1779,-0.02528,0.12162
4.48,0.00584,0.95459,0.00826,0.00346,1.40021,0.01444,-0.12346,1.58902,0.01054,-0.03008,1.33473,-0.17938,-0.25523,1.34993,-0.27053,-0.17895,1.52837,-0.09032,-0.10028,1.67486,-0.0316,-0.00143,1.32949,0.20926,-0.19123,1.28367,0.35455,-0.11337,1.49318,0.21251,-0.039,1.64896,0.17646,-0.05674,0.88757,-0.06185,-0.03106,0.48655,-0.08039,0.04367,0.09036,-0.10753,-0.14029,-0.03529,-0.11743,-0.03557,0.88179,0.08769,-0.05396,0.4801,0.0987,0.01644,0.0822,0.10149,-0.17789,-0.0253,0.12163
4.5,0.00569,0.95459,0.00863,0.00315,1.4002,0.01499,-0.12374,1.58903,0.0112,-0.03039,1.33479,-0.17886,-0.25562,1.34954,-0.26988,-0.18003,1.52834,-0.08974,-0.10185,1.67484,-0.03039,-0.0017,1.32941,0.20978,-0.19137,1.28329,0.35514,-0.1137,1.49305,0.21337,-0.04023,1.64922,0.17719,-0.05686,0.88756,-0.0615,-0.03119,0.48655,-0.0802,0.04362,0.09038,-0.10743,-0.14033,-0.03528,-0.1174,-0.03576,0.8818,0.08805,-0.05389,0.48009,0.0989,0.01645,0.08218,0.10157,-0.17789,-0.02532,0.12166
4.52,0.00555,0.9546,0.00898,0.0028,1.40021,0.01548,-0.12402,1.58909,0.01169,-0.03065,1.33484,-0.1784,-0.25589,1.34913,-0.26947,-0.18092,1.52816,-0.08931,-0.10319,1.67478,-0.02966,-0.00207,1.32935,0.21024,-0.19164,1.28279,0.3556,-0.11428,1.49284,0.21408,-0.04124,1.64921,0.17789,-0.057,0.88757,-0.06115,-0.03127,0.48657,-0.07997,0.04358,0.09042,-0.10734,-0.14038,-0.03522,-0.11743,-0.0359,0.88181,0.0884,-0.05404,0.48009,0.09913,0.01641,0.0822,0.10164,-0.17791,-0.02533,0.12169
4.54,0.00541,0.9546,0.00933,0.00244,1.40021,0.01595,-0.12429,1.58914,0.01212,-0.03089,1.33488,-0.17796,-0.25611,1.34869,-0.26916,-0.18174,1.52791,-0.08893,-0.10446,1.67469,-0.02909,-0.00249,1.32929,0.2107,-0.19197,1.28222,0.356,-0.11497,1.49259,0.21475,-0.04219,1.64909,0.17861,-0.05715,0.88757,-0.06079,-0.03133,0.48658,-0.07971,0.04353,0.09045,-0.10725,-0.14043,-0.03517,-0.11747,-0.03603,0.88181,0.08875,-0.05426,0.48009,0.09937,0.01635,0.08223,0.10171,-0.17795,-0.02535,0.12173
4.56,0.00528,0.9546,0.00968,0.0021,1.4002,0.01643,-0.12455,1.58919,0.01257,-0.03113,1.33491,-0.17751,-0.25633,1.34827,-0.26881,-0.18257,1.52768,-0.08853,-0.10573,1.6746,-0.02846,-0.00287,1.32923,0.21115,-0.19226,1.28167,0.35641,-0.11561,1.49235,0.21545,-0.04318,1.64902,0.17934,-0.05729,0.88758,-0.06044,-0.03139,0.48659,-0.07947,0.0435,0.09047,-0.10715,-0.14047,-0.03513,-0.1175,-0.03615,0.88181,0.08911,-0.05443,0.48009,0.0996,0.01632,0.08225,0.10178,-0.17797,-0.02537,0.12177
4.58,0.00514,0.95461,0.01004,0.00173,1.40021,0.01692,-0.12482,1.58926,0.01305,-0.03139,1.33496,-0.17705,-0.25659,1.34781,-0.26843,-0.18347,1.52746,-0.08812,-0.10712,1.67453,-0.0278,-0.00327,1.32917,0.21162,-0.19256,1.28118,0.35687,-0.11623,1.49212,0.21612,-0.04411,1.64893,0.17998,-0.05744,0.88759,-0.06007,-0.03145,0.48662,-0.07921,0.04345,0.09051,-0.10706,-0.14053,-0.03506,-0.11755,-0.03628,0.88181,0.08947,-0.05462,0.4801,0.09985,0.01626,0.08228,0.10186,-0.178,-0.02538,0.12182
4.6,0.00501,0.95461,0.01038,0.0014,1.40021,0.01739,-0.12509,1.5893,0.01346,-0.0316,1.335,-0.17662,-0.25677,1.34743,-0.26813,-0.18422,1.52722,-0.08774,-0.10825,1.67442,-0.02724,-0.00366,1.32911,0.21206,-0.19287,1.28055,0.35722,-0.11691,1.49186,0.21683,-0.04514,1.64886,0.18081,-0.05757,0.88759,-0.05973,-0.03152,0.48663,-0.07897,0.04342,0.09054,-0.10696,-0.14056,-0.03502,-0.11757,-0.03641,0.88181,0.08981,-0.05481,0.48009,0.10008,0.01623,0.08231,0.10193,-0.17801,-0.02539,0.12186
4.62,0.00487,0.9546,0.01065,0.00113,1.40019,0.01775,-0.12536,1.58928,0.01369,-0.03175,1.33502,-0.17629,-0.25682,1.34729,-0.26806,-0.1846,1.52697,-0.08742,-0.10872,1.67422,-0.02696,-0.00403,1.32906,0.21241,-0.19323,1.27958,0.35727,-0.11779,1.49157,0.21763,-0.04645,1.6489,0.18214,-0.05769,0.88758,-0.05948,-0.03168,0.48662,-0.07879,0.04342,0.09057,-0.10689,-0.14054,-0.03502,-0.11756,-0.03657,0.8818,0.09006,-0.05508,0.48008,0.10023,0.01622,0.08234,0.10197,-0.17801,-0.0254,0.12186
4.64,0.00473,0.95457,0.01089,0.00087,1.40016,0.01807,-0.12564,1.58923,0.01385,-0.03186,1.33501,-0.176,-0.25681,1.34721,-0.26808,-0.18484,1.52669,-0.08714,-0.10893,1.67398,-0.02678,-0.00439,1.32899,0.21271,-0.1936,1.27845,0.35719,-0.11874,1.49124,0.21845,-0.04788,1.64893,0.18367,-0.0578,0.88756,-0.05928,-0.03187,0.48659,-0.07863,0.04342,0.09059,-0.10683,-0.1405,-0.03505,-0.11754,-0.03675,0.88176,0.09028,-0.05537,0.48005,0.10036,0.01622,0.08236,0.10199,-0.17799,-0.02541,0.12186
4.66,0.0046,0.95456,0.01114,0.00062,1.40015,0.0184,-0.1259,1.58921,0.01403,-0.03197,1.33503,-0.1757,-0.25681,1.34712,-0.26806,-0.18514,1.52643,-0.08684,-0.10926,1.67376,-0.02656,-0.00475,1.32894,0.21303,-0.19396,1.27739,0.35716,-0.11966,1.49092,0.21926,-0.04926,1.64896,0.18512,-0.0579,0.88755,-0.05906,-0.03203,0.48659,-0.07846,0.04343,0.09062,-0.10676,-0.14047,-0.03505,-0.11752,-0.03691,0.88175,0.09051,-0.05563,0.48004,0.1005,0.01622,0.0824,0.10202,-0.17797,-0.02541,0.12186
4.68,0.00446,0.95453,0.01141,0.00035,1.40012,0.01875,-0.1262,1.58916,0.01424,-0.03211,1.33502,-0.17538,-0.25685,1.34701,-0.26803,-0.18541,1.52615,-0.08654,-0.10955,1.67353,-0.02636,-0.00511,1.32887,0.21336,-0.19431,1.27638,0.35717,-0.12055,1.49062,0.22008,-0.05058,1.64899,0.18659,-0.05802,0.88753,-0.05881,-0.0322,0.48656,-0.07827,0.04345,0.09064,-0.10669,-0.14042,-0.03507,-0.1175,-0.03708,0.88171,0.09076,-0.05594,0.48001,0.10066,0.01621,0.08242,0.10206,-0.17796,-0.02543,0.12187
4.7,0.00433,0.95452,0.01163,0.00011,1.4001,0.01906,-0.12644,1.58914,0.01438,-0.03219,1.33504,-0.17511,-0.2568,1.34693,-0.26805,-0.18572,1.52589,-0.08625,-0.10986,1.6733,-0.02613,-0.00548,1.32881,0.21365,-0.19466,1.2752,0.35706,-0.12154,1.49024,0.2209,-0.05209,1.64898,0.18809,-0.05811,0.88752,-0.05863,-0.03238,0.48655,-0.07813,0.04343,0.09067,-0.10663,-0.14041,-0.03508,-0.11749,-0.03725,0.8817,0.09095,-0.05616,0.47999,0.10077,0.01622,0.08245,0.10208,-0.17794,-0.02543,0.12186
4.72,0.00418,0.95452,0.01174,-9e-05,1.4001,0.01928,-0.12657,1.58918,0.01434,-0.03211,1.33509,-0.17495,-0.2566,1.34689,-0.2682,-0.18621,1.52571,-0.086,-0.11031,1.67306,-0.02579,-0.00594,1.32876,0.21385,-0.1951,1.27361,0.35671,-0.12278,1.48966,0.22172,-0.0541,1.64886,0.18953,-0.05818,0.88753,-0.0586,-0.03262,0.48655,-0.07812,0.04328,0.09068,-0.10664,-0.14052,-0.03513,-0.11749,-0.0375,0.88169,0.09101,-0.05616,0.47998,0.10077,0.01625,0.08243,0.10206,-0.17792,-0.02543,0.1218
4.74,0.00404,0.95453,0.0118,-0.00025,1.40011,0.01947,-0.12664,1.58924,0.01423,-0.03197,1.33516,-0.17483,-0.25632,1.34686,-0.26841,-0.18675,1.52555,-0.08576,-0.11078,1.6728,-0.0254,-0.00642,1.32871,0.214,-0.19553,1.27183,0.35625,-0.12411,1.48899,0.22254,-0.05633,1.6487,0.191,-0.05822,0.88755,-0.05863,-0.03287,0.48655,-0.07816,0.04309,0.0907,-0.10666,-0.14066,-0.03519,-0.1175,-0.03775,0.8817,0.091,-0.05606,0.47996,0.10073,0.0163,0.08241,0.10202,-0.1779,-0.02542,0.12172
4.76,0.0039,0.95454,0.01188,-0.00044,1.40012,0.01968,-0.12674,1.5893,0.01415,-0.03185,1.33522,-0.17469,-0.25608,1.34682,-0.2686,-0.18727,1.52537,-0.08551,-0.11125,1.67253,-0.025,-0.00689,1.32865,0.21418,-0.19593,1.27012,0.35583,-0.12542,1.48833,0.22338,-0.0585,1.64853,0.1925,-0.05828,0.88756,-0.05863,-0.03312,0.48656,-0.07817,0.04292,0.09071,-0.10666,-0.14078,-0.03524,-0.11749,-0.03799,0.8817,0.09102,-0.05599,0.47995,0.10071,0.01634,0.0824,0.102,-0.17787,-0.02541,0.12167
4.78,0.00375,0.95454,0.012,-0.0006,1.40011,0.0199,-0.12684,1.58933,0.01409,-0.03172,1.33526,-0.17454,-0.25583,1.3468,-0.26874,-0.18778,1.52524,-0.08528,-0.11163,1.67231,-0.02468,-0.00735,1.32861,0.21437,-0.19633,1.26854,0.35546,-0.12666,1.48772,0.22417,-0.06054,1.64838,0.19391,-0.05833,0.88757,-0.0586,-0.03337,0.48655,-0.07817,0.04275,0.09072,-0.10667,-0.1409,-0.0353,-0.11749,-0.03824,0.8817,0.09108,-0.05595,0.47993,0.10071,0.01639,0.08238,0.10198,-0.17784,-0.02541,0.1216
4.8,0.00363,0.95456,0.012,-0.00079,1.40013,0.02006,-0.1269,1.58942,0.01395,-0.03161,1.33535,-0.17444,-0.25557,1.34675,-0.26901,-0.18833,1.52499,-0.08505,-0.11221,1.67197,-0.02422,-0.00783,1.32855,0.2145,-0.1967,1.26661,0.35494,-0.12806,1.48695,0.22504,-0.06295,1.64816,0.19555,-0.05837,0.8876,-0.05868,-0.0336,0.48657,-0.07823,0.04259,0.09075,-0.1067,-0.14102,-0.03534,-0.11752,-0.03846,0.88171,0.09102,-0.05583,0.47993,0.10064,0.01643,0.08236,0.10194,-0.17782,-0.02539,0.12153
4.82,0.00362,0.95459,0.01168,-0.00102,1.40015,0.02009,-0.12682,1.58963,0.01356,-0.03151,1.33551,-0.17451,-0.25527,1.34659,-0.26961,-0.18896,1.52436,-0.08485,-0.11325,1.67129,-0.02338,-0.00831,1.32841,0.21446,-0.19694,1.26382,0.35402,-0.12973,1.48575,0.2261,-0.06612,1.64775,0.19768,-0.05831,0.88764,-0.05908,-0.03378,0.48659,-0.07845,0.04249,0.09078,-0.10679,-0.14108,-0.03536,-0.11761,-0.03855,0.88172,0.09065,-0.05547,0.47993,0.10035,0.0165,0.0823,0.10184,-0.17779,-0.02538,0.12143
4.84,0.00366,0.95463,0.01123,-0.00125,1.40018,0.02005,-0.12667,1.5899,0.01306,-0.03141,1.33571,-0.17466,-0.25493,1.34639,-0.27034,-0.18963,1.52359,-0.08468,-0.11448,1.67048,-0.02243,-0.00879,1.32825,0.21434,-0.1971,1.26065,0.35292,-0.13155,1.48435,0.22724,-0.06968,1.64723,0.20004,-0.05821,0.88771,-0.0596,-0.03394,0.48662,-0.07874,0.04242,0.09082,-0.10691,-0.14112,-0.03537,-0.11774,-0.03858,0.88174,0.09014,-0.05501,0.47993,0.09997,0.01658,0.08224,0.10171,-0.17776,-0.02536,0.12131
4.86,0.00368,0.95467,0.01082,-0.00148,1.40021,0.02003,-0.12655,1.59015,0.0126,-0.03131,1.33589,-0.17479,-0.2546,1.34621,-0.27103,-0.19028,1.52287,-0.08452,-0.11565,1.66972,-0.02158,-0.00929,1.32811,0.21424,-0.19723,1.2576,0.35186,-0.13335,1.48298,0.22834,-0.07317,1.64669,0.20234,-0.05813,0.88777,-0.06009,-0.0341,0.48666,-0.07902,0.04233,0.09086,-0.10703,-0.14117,-0.03538,-0.11787,-0.03864,0.88176,0.08967,-0.0546,0.47993,0.09962,0.01665,0.08219,0.10158,-0.17773,-0.02533,0.12119
4.88,0.00368,0.95471,0.01047,-0.00171,1.40024,0.02006,-0.12644,1.59038,0.0122,-0.03123,1.33608,-0.17486,-0.25431,1.34607,-0.27164,-0.19093,1.52218,-0.08429,-0.11672,1.66893,-0.02061,-0.00975,1.32796,0.2142,-0.19735,1.25483,0.35091,-0.13494,1.48171,0.2294,-0.07629,1.64613,0.20445,-0.05807,0.88782,-0.0605,-0.03428,0.48669,-0.07925,0.04224,0.0909,-0.10713,-0.14123,-0.03538,-0.11798,-0.03871,0.88179,0.08927,-0.05419,0.47994,0.09931,0.01671,0.08213,0.10148,-0.17771,-0.02531,0.12109
4.9,0.00373,0.95475,0.00998,-0.00196,1.40027,0.01997,-0.12628,1.59065,0.01165,-0.0311,1.33627,-0.17505,-0.25393,1.34582,-0.27245,-0.1916,1.52138,-0.08423,-0.11805,1.66816,-0.01985,-0.01029,1.32781,0.21403,-0.19735,1.2514,0.34969,-0.137,1.4801,0.23057,-0.08035,1.64543,0.20701,-0.05795,0.88789,-0.06107,-0.03442,0.48673,-0.07958,0.04216,0.09094,-0.10726,-0.14128,-0.03539,-0.11811,-0.03874,0.88181,0.08872,-0.05376,0.47995,0.09892,0.0168,0.08208,0.10134,-0.17767,-0.02528,0.12096
4.92,0.00384,0.95479,0.00915,-0.00232,1.40029,0.01962,-0.12603,1.59105,0.01069,-0.03091,1.33647,-0.17555,-0.25342,1.34529,-0.27374,-0.19234,1.52029,-0.08459,-0.12012,1.6675,-0.01969,-0.01107,1.32761,0.21357,-0.19706,1.24637,0.34789,-0.14027,1.47763,0.23201,-0.08668,1.64429,0.21076,-0.05776,0.88797,-0.06201,-0.03453,0.48678,-0.08017,0.04206,0.09097,-0.1075,-0.14132,-0.03545,-0.11826,-0.03872,0.88181,0.0878,-0.05331,0.47994,0.0983,0.0169,0.08201,0.10109,-0.17763,-0.02522,0.12075
4.94,0.00399,0.95482,0.00817,-0.00272,1.4003,0.01913,-0.12574,1.59147,0.00956,-0.03068,1.33668,-0.17619,-0.25284,1.34464,-0.27524,-0.19311,1.51908,-0.08514,-0.12248,1.66684,-0.01977,-0.01193,1.32738,0.21298,-0.19654,1.24072,0.3458,-0.14401,1.47474,0.23353,-0.09401,1.64283,0.21492,-0.05753,0.88805,-0.06311,-0.03462,0.48683,-0.08087,0.04196,0.09098,-0.10779,-0.14136,-0.03553,-0.11844,-0.03868,0.88179,0.08672,-0.05286,0.47992,0.09759,0.01702,0.08193,0.1008,-0.17759,-0.02515,0.12049
4.96,0.00413,0.95486,0.00725,-0.0031,1.40032,0.01869,-0.12546,1.59188,0.0085,-0.03046,1.33689,-0.17677,-0.25228,1.34404,-0.27667,-0.19388,1.51791,-0.08565,-0.12472,1.66615,-0.01977,-0.01276,1.32717,0.21244,-0.19594,1.23536,0.34377,-0.14755,1.47191,0.23499,-0.10108,1.64126,0.21885,-0.05731,0.88814,-0.06415,-0.03471,0.48688,-0.08153,0.04187,0.09101,-0.10806,-0.1414,-0.03559,-0.11861,-0.03864,0.88178,0.0857,-0.05242,0.47991,0.09692,0.01714,0.08187,0.10053,-0.17754,-0.02507,0.12026
4.98,0.00426,0.9549,0.00638,-0.00347,1.40034,0.01833,-0.12515,1.5923,0.00753,-0.03023,1.33711,-0.17729,-0.2517,1.34348,-0.27799,-0.19456,1.51676,-0.08604,-0.12694,1.66549,-0.01968,-0.01358,1.32695,0.21196,-0.19516,1.23023,0.34198,-0.15074,1.46903,0.23646,-0.10741,1.63942,0.2228,-0.05711,0.88823,-0.06513,-0.03479,0.48694,-0.08216,0.04177,0.09104,-0.10831,-0.14144,-0.03566,-0.11877,-0.0386,0.88178,0.08474,-0.05192,0.4799,0.09628,0.01725,0.0818,0.10027,-0.17751,-0.025,0.12004
5,0.00442,0.95493,0.00536,-0.00389,1.40034,0.01776,-0.12489,1.5927,0.00632,-0.03004,1.33729,-0.17799,-0.25112,1.3428,-0.27959,-0.19541,1.51553,-0.08674,-0.12928,1.66471,-0.01987,-0.01443,1.32674,0.21129,-0.19426,1.22459,0.33957,-0.15467,1.46589,0.23789,-0.11555,1.63748,0.2267,-0.05686,0.88831,-0.06627,-0.0349,0.48698,-0.08288,0.04167,0.09105,-0.10861,-0.14149,-0.03572,-0.11896,-0.03855,0.88176,0.08362,-0.05155,0.47988,0.09555,0.01738,0.08174,0.09998,-0.17745,-0.02493,0.11978
5.02,0.00466,0.95495,0.004,-0.00443,1.40034,0.01673,-0.12479,1.59305,0.00449,-0.02997,1.3374,-0.17914,-0.25054,1.3418,-0.28191,-0.19669,1.5142,-0.08823,-0.13179,1.66365,-0.02078,-0.01534,1.32657,0.21017,-0.1932,1.21764,0.3356,-0.16049,1.46213,0.23924,-0.12815,1.63527,0.23059,-0.0565,0.8884,-0.06779,-0.03507,0.48702,-0.08382,0.04155,0.09106,-0.10901,-0.14159,-0.03575,-0.11929,-0.03845,0.88172,0.08212,-0.05152,0.47986,0.09457,0.01754,0.08175,0.0996,-0.17731,-0.02486,0.11945
5.04,0.00494,0.95496,0.00248,-0.00501,1.40032,0.01549,-0.12473,1.59337,0.0024,-0.02995,1.33747,-0.18048,-0.24995,1.34067,-0.28451,-0.19812,1.51279,-0.09004,-0.13438,1.66247,-0.022,-0.01627,1.3264,0.20885,-0.19183,1.21022,0.33098,-0.16704,1.4579,0.24055,-0.14257,1.63243,0.23435,-0.05609,0.88848,-0.06949,-0.03526,0.48704,-0.08486,0.04143,0.09106,-0.10946,-0.1417,-0.03578,-0.11967,-0.03833,0.88167,0.08045,-0.0516,0.47983,0.09348,0.01772,0.08177,0.09917,-0.17715,-0.02481,0.11907
5.06,0.00521,0.95498,0.00102,-0.00558,1.40032,0.01433,-0.12464,1.59371,0.0004,-0.02991,1.33756,-0.18175,-0.24934,1.3396,-0.287,-0.19948,1.5114,-0.09172,-0.13694,1.66132,-0.02309,-0.01719,1.32623,0.2076,-0.19017,1.20314,0.3266,-0.17324,1.45348,0.24188,-0.1563,1.62896,0.23798,-0.05569,0.88856,-0.07112,-0.03545,0.48707,-0.08586,0.04131,0.09107,-0.10988,-0.1418,-0.03579,-0.12001,-0.03821,0.88162,0.07885,-0.05162,0.47981,0.09244,0.01789,0.0818,0.09876,-0.177,-0.02474,0.11872
5.08,0.00546,0.955,-0.00035,-0.00614,1.40031,0.01326,-0.12456,1.59404,-0.00146,-0.02987,1.33765,-0.18293,-0.24871,1.33856,-0.28941,-0.20078,1.51004,-0.09337,-0.1394,1.6602,-0.02422,-0.01811,1.32605,0.20645,-0.18815,1.19608,0.32232,-0.17901,1.44868,0.2433,-0.16913,1.62474,0.24203,-0.05531,0.88865,-0.07266,-0.0356,0.48712,-0.08682,0.04117,0.09109,-0.1103,-0.14193,-0.0358,-0.12037,-0.03812,0.88158,0.07733,-0.05168,0.47979,0.09143,0.01805,0.08182,0.09836,-0.17685,-0.02467,0.11836
5.1,0.00575,0.955,-0.00197,-0.00673,1.40027,0.0119,-0.12447,1.59435,-0.00369,-0.02984,1.3377,-0.18439,-0.2481,1.33743,-0.29206,-0.2022,1.50855,-0.09523,-0.14209,1.65892,-0.02542,-0.01905,1.32587,0.20501,-0.18595,1.18912,0.3176,-0.1856,1.44365,0.24448,-0.18393,1.61999,0.24489,-0.0549,0.88872,-0.07444,-0.03585,0.48713,-0.08791,0.04105,0.09109,-0.11077,-0.14203,-0.03583,-0.12074,-0.03797,0.88152,0.07557,-0.05169,0.47975,0.0903,0.01821,0.08183,0.09792,-0.17671,-0.02461,0.11799
5.12,0.00615,0.95499,-0.00418,-0.00737,1.40023,0.00984,-0.12436,1.59467,-0.00681,-0.02984,1.33769,-0.18653,-0.24757,1.33614,-0.29526,-0.20393,1.50679,-0.09751,-0.14535,1.65729,-0.02667,-0.02001,1.32572,0.20289,-0.18373,1.18238,0.3119,-0.19432,1.43841,0.24503,-0.20413,1.61448,0.24484,-0.0544,0.88876,-0.07679,-0.03637,0.48709,-0.08925,0.041,0.0911,-0.11135,-0.14205,-0.03588,-0.12113,-0.03769,0.88146,0.07325,-0.05149,0.47973,0.0889,0.01837,0.08182,0.09738,-0.17659,-0.02453,0.11759
5.14,0.00658,0.95496,-0.00663,-0.00804,1.40016,0.0075,-0.12425,1.59497,-0.01029,-0.02986,1.33763,-0.18895,-0.24707,1.33477,-0.29868,-0.20578,1.50491,-0.09998,-0.14884,1.65549,-0.028,-0.021,1.32556,0.20049,-0.18134,1.17577,0.30578,-0.20386,1.43261,0.2453,-0.22588,1.60756,0.2433,-0.05388,0.88878,-0.07935,-0.037,0.48702,-0.09069,0.04096,0.0911,-0.11196,-0.14206,-0.03594,-0.12151,-0.03736,0.88139,0.0707,-0.05124,0.4797,0.08739,0.01852,0.0818,0.09681,-0.17647,-0.02446,0.11719
5.16,0.00699,0.95493,-0.00901,-0.0087,1.40009,0.00524,-0.12414,1.59526,-0.01365,-0.02986,1.33758,-0.19129,-0.24654,1.33344,-0.30204,-0.20757,1.50305,-0.10242,-0.15223,1.6537,-0.02936,-0.02199,1.32539,0.19817,-0.17864,1.16929,0.29978,-0.21289,1.42623,0.24557,-0.24603,1.59939,0.24183,-0.05338,0.8888,-0.08185,-0.0376,0.48697,-0.09211,0.04089,0.09111,-0.11258,-0.14209,-0.03599,-0.12191,-0.03706,0.88131,0.06822,-0.05102,0.47967,0.08591,0.01866,0.08178,0.09624,-0.17636,-0.02439,0.11679
5.18,0.00742,0.95492,-0.01124,-0.00934,1.40004,0.00312,-0.12399,1.59556,-0.01684,-0.02988,1.33754,-0.19348,-0.246,1.33211,-0.30526,-0.20932,1.50118,-0.10476,-0.15558,1.65189,-0.03062,-0.02293,1.32524,0.19599,-0.17543,1.16283,0.29396,-0.22145,1.41918,0.24601,-0.26635,1.58963,0.24078,-0.05285,0.88884,-0.08421,-0.03815,0.48694,-0.09345,0.04083,0.09114,-0.11316,-0.14212,-0.03602,-0.1223,-0.03675,0.88126,0.06587,-0.05076,0.47966,0.08451,0.01881,0.08177,0.09569,-0.17625,-0.0243,0.11639
5.2,0.00783,0.95487,-0.01385,-0.01002,1.39994,0.00063,-0.12387,1.59581,-0.02047,-0.02985,1.33748,-0.19605,-0.24542,1.33076,-0.30883,-0.21111,1.49925,-0.10742,-0.15902,1.65,-0.0322,-0.02397,1.32504,0.19344,-0.17242,1.15676,0.28765,-0.23058,1.41172,0.24584,-0.28492,1.57928,0.23774,-0.05236,0.88884,-0.08693,-0.03882,0.48688,-0.095,0.04078,0.09116,-0.11385,-0.14215,-0.03607,-0.12273,-0.03643,0.88116,0.06317,-0.05058,0.47963,0.0829,0.01894,0.08175,0.09508,-0.17615,-0.02422,0.11596
5.22,0.00818,0.95473,-0.01738,-0.01076,1.39975,-0.00274,-0.12381,1.59594,-0.02513,-0.02968,1.33734,-0.19953,-0.24473,1.3294,-0.31322,-0.21301,1.4972,-0.11081,-0.16262,1.64802,-0.03457,-0.02529,1.32472,0.18997,-0.17048,1.15146,0.28016,-0.24146,1.40404,0.24417,-0.3012,1.56936,0.23002,-0.05199,0.88874,-0.09052,-0.0398,0.48671,-0.09702,0.04075,0.09113,-0.11475,-0.14215,-0.03615,-0.1232,-0.03611,0.88098,0.05959,-0.05058,0.47953,0.08078,0.01903,0.08172,0.09435,-0.17609,-0.02416,0.11548
5.24,0.00851,0.95456,-0.02128,-0.01153,1.39953,-0.00647,-0.12376,1.59603,-0.0302,-0.02946,1.33719,-0.20338,-0.24398,1.32802,-0.31795,-0.21495,1.49507,-0.11452,-0.1663,1.64595,-0.03727,-0.02671,1.32435,0.18613,-0.16882,1.14651,0.27221,-0.25285,1.39579,0.24171,-0.31916,1.5577,0.21972,-0.05166,0.88861,-0.09445,-0.04088,0.48652,-0.09923,0.04075,0.09111,-0.11574,-0.14214,-0.03623,-0.12369,-0.03578,0.88077,0.05565,-0.05066,0.47943,0.07846,0.0191,0.0817,0.09357,-0.17603,-0.0241,0.11497
5.26,0.00884,0.95439,-0.02504,-0.01229,1.3993,-0.01006,-0.12369,1.59612,-0.03508,-0.02927,1.33703,-0.20708,-0.24325,1.32664,-0.32257,-0.21686,1.49292,-0.11815,-0.16995,1.64383,-0.03989,-0.02809,1.32398,0.18243,-0.16675,1.14156,0.26447,-0.26358,1.38675,0.23925,-0.33909,1.54341,0.21,-0.05133,0.88849,-0.09826,-0.04192,0.48634,-0.10138,0.04072,0.09109,-0.11671,-0.14215,-0.03631,-0.12418,-0.03547,0.88057,0.05184,-0.05075,0.47933,0.07621,0.01918,0.08168,0.0928,-0.17596,-0.02403,0.11447
5.28,0.0092,0.95425,-0.02869,-0.01305,1.3991,-0.01357,-0.12359,1.59623,-0.03991,-0.02906,1.3369,-0.21068,-0.24251,1.32534,-0.32702,-0.21871,1.49084,-0.12165,-0.17354,1.64175,-0.04238,-0.02947,1.32364,0.17882,-0.1644,1.13667,0.25673,-0.27409,1.37689,0.23678,-0.36139,1.52575,0.20048,-0.05097,0.88839,-0.10194,-0.04297,0.4862,-0.10342,0.04072,0.09113,-0.11763,-0.14214,-0.03631,-0.12466,-0.03511,0.88039,0.04816,-0.05064,0.47925,0.07404,0.01927,0.08167,0.09206,-0.17592,-0.02392,0.11399
5.3,0.0095,0.95405,-0.03267,-0.01381,1.39884,-0.01736,-0.12353,1.59626,-0.04493,-0.02887,1.33673,-0.21457,-0.24171,1.32387,-0.33189,-0.22064,1.48853,-0.12555,-0.17723,1.63946,-0.04534,-0.03086,1.32321,0.17492,-0.16212,1.13208,0.24887,-0.28411,1.36662,0.23345,-0.38293,1.50636,0.19094,-0.05065,0.88823,-0.10598,-0.04402,0.48602,-0.10575,0.04068,0.09112,-0.11872,-0.14215,-0.03639,-0.12519,-0.03484,0.88015,0.04412,-0.05096,0.47914,0.07164,0.01936,0.08171,0.09123,-0.17582,-0.02385,0.11343
5.32,0.00965,0.95372,-0.03749,-0.01463,1.39845,-0.02183,-0.12362,1.59611,-0.05048,-0.02877,1.3365,-0.21917,-0.24077,1.32206,-0.33782,-0.22276,1.48573,-0.1304,-0.18117,1.63674,-0.04937,-0.0323,1.32259,0.1703,-0.1603,1.12795,0.24073,-0.29347,1.35652,0.22838,-0.39798,1.48981,0.17928,-0.05039,0.88798,-0.11095,-0.04508,0.48575,-0.1089,0.04055,0.091,-0.12024,-0.14219,-0.03667,-0.12586,-0.03482,0.87975,0.03916,-0.05247,0.47895,0.06861,0.01946,0.0819,0.09017,-0.17555,-0.0239,0.11265
5.34,0.00973,0.95334,-0.04263,-0.01547,1.398,-0.02658,-0.12378,1.5959,-0.05622,-0.0287,1.33625,-0.22404,-0.23975,1.32008,-0.34416,-0.22497,1.48271,-0.13568,-0.18522,1.63381,-0.0539,-0.03375,1.3219,0.16539,-0.15862,1.12407,0.23249,-0.30233,1.34629,0.22244,-0.40926,1.47488,0.1665,-0.05017,0.88768,-0.11628,-0.04616,0.48545,-0.11235,0.04037,0.09085,-0.12191,-0.14227,-0.037,-0.12657,-0.0349,0.87929,0.03385,-0.05443,0.47874,0.06535,0.01956,0.08219,0.08903,-0.17523,-0.02395,0.11182
5.36,0.00984,0.95298,-0.04762,-0.01629,1.39758,-0.03123,-0.1239,1.5957,-0.06186,-0.02862,1.33599,-0.2288,-0.23872,1.31813,-0.35034,-0.22711,1.47973,-0.14085,-0.18921,1.63089,-0.05833,-0.03518,1.32125,0.1606,-0.15669,1.12024,0.22434,-0.31076,1.3355,0.21649,-0.42017,1.45883,0.15392,-0.04994,0.8874,-0.12144,-0.04722,0.48518,-0.11567,0.04021,0.09074,-0.12351,-0.14235,-0.03726,-0.12725,-0.03493,0.87886,0.02871,-0.05618,0.47855,0.06219,0.01966,0.08248,0.08794,-0.17493,-0.02395,0.11105
5.38,0.00999,0.95263,-0.05266,-0.01714,1.39715,-0.03585,-0.12399,1.59552,-0.06756,-0.02851,1.33578,-0.23354,-0.23769,1.31645,-0.35643,-0.22913,1.47682,-0.14586,-0.19301,1.628,-0.06256,-0.03667,1.32055,0.15581,-0.15468,1.1164,0.21601,-0.31916,1.32388,0.21042,-0.42976,1.44231,0.14086,-0.04966,0.88713,-0.12666,-0.04832,0.48494,-0.11903,0.04003,0.09068,-0.12515,-0.14243,-0.03749,-0.12792,-0.03493,0.87844,0.02351,-0.05797,0.4784,0.05898,0.01974,0.08284,0.08685,-0.17465,-0.02388,0.11031
5.4,0.01002,0.95225,-0.05765,-0.01795,1.39671,-0.04058,-0.12414,1.59529,-0.07316,-0.02849,1.33548,-0.23836,-0.23658,1.31419,-0.36277,-0.23134,1.47362,-0.15138,-0.19717,1.62489,-0.06742,-0.03805,1.31992,0.15094,-0.15255,1.11291,0.20808,-0.32628,1.31274,0.20373,-0.43725,1.42723,0.12838,-0.0495,0.88682,-0.13182,-0.04938,0.48467,-0.12236,0.03983,0.09058,-0.12672,-0.14256,-0.0377,-0.12859,-0.03505,0.87799,0.01837,-0.05979,0.47824,0.05581,0.01981,0.0832,0.08579,-0.17437,-0.02383,0.10958
5.42,0.00977,0.9518,-0.06242,-0.01865,1.39624,-0.04551,-0.12442,1.59498,-0.07843,-0.02868,1.33495,-0.24331,-0.23521,1.31044,-0.36971,-0.23406,1.4697,-0.15813,-0.20229,1.62124,-0.07372,-0.03913,1.31947,0.14598,-0.15026,1.11013,0.20126,-0.33092,1.3037,0.19601,-0.44298,1.41504,0.11763,-0.0496,0.8864,-0.13673,-0.05034,0.48429,-0.12556,0.0396,0.09035,-0.12803,-0.14281,-0.03792,-0.12922,-0.03545,0.87752,0.01348,-0.06156,0.47802,0.05275,0.01986,0.08353,0.08483,-0.17407,-0.02389,0.10886
5.44,0.0094,0.95132,-0.06711,-0.01931,1.39575,-0.05053,-0.12476,1.59465,-0.08358,-0.02896,1.33434,-0.2483,-0.2337,1.30614,-0.37683,-0.23691,1.46547,-0.16533,-0.20771,1.61735,-0.08059,-0.04007,1.3191,0.14097,-0.1479,1.10768,0.19488,-0.33448,1.29548,0.18793,-0.44779,1.40408,0.10752,-0.04982,0.88593,-0.14155,-0.05126,0.48387,-0.12869,0.03935,0.09008,-0.12925,-0.14311,-0.03813,-0.12983,-0.03598,0.87703,0.00869,-0.06335,0.4778,0.04975,0.01988,0.08386,0.0839,-0.17379,-0.02399,0.10816
5.46,0.00907,0.95086,-0.07182,-0.01996,1.39528,-0.05551,-0.12506,1.59433,-0.08878,-0.0292,1.33376,-0.25327,-0.23216,1.30211,-0.3838,-0.2396,1.46134,-0.17232,-0.21288,1.61348,-0.08724,-0.04103,1.3187,0.13599,-0.14548,1.1052,0.18834,-0.3381,1.28676,0.17996,-0.45228,1.39258,0.09712,-0.05,0.88549,-0.14639,-0.05219,0.48349,-0.13184,0.0391,0.08985,-0.1305,-0.1434,-0.0383,-0.13043,-0.03646,0.87656,0.00387,-0.06514,0.4776,0.04674,0.0199,0.08423,0.08298,-0.17352,-0.02402,0.10749
5.48,0.00881,0.95039,-0.07663,-0.02069,1.39479,-0.06054,-0.12539,1.59401,-0.09406,-0.0294,1.33319,-0.2583,-0.23042,1.29828,-0.39098,-0.24213,1.4571,-0.17939,-0.21797,1.6094,-0.09384,-0.04215,1.31826,0.13093,-0.14304,1.10267,0.18169,-0.34157,1.27765,0.17166,-0.45661,1.38062,0.08644,-0.05008,0.88504,-0.15136,-0.0532,0.48311,-0.13512,0.0388,0.08965,-0.13176,-0.14373,-0.03844,-0.13105,-0.0369,0.87607,-0.00106,-0.06691,0.47741,0.04359,0.01994,0.08465,0.08204,-0.17322,-0.02399,0.10682
5.5,0.00837,0.94992,-0.0812,-0.02126,1.39432,-0.06548,-0.12568,1.59366,-0.09912,-0.02972,1.33258,-0.2632,-0.22887,1.29402,-0.39767,-0.24478,1.45288,-0.18638,-0.22308,1.60544,-0.10065,-0.04293,1.31793,0.12603,-0.14048,1.1005,0.17542,-0.34431,1.26917,0.16378,-0.45995,1.36968,0.07646,-0.05042,0.88458,-0.15603,-0.05405,0.48273,-0.13809,0.03856,0.08943,-0.13296,-0.14403,-0.03858,-0.13161,-0.03745,0.87559,-0.00571,-0.06877,0.47723,0.04073,0.01986,0.08507,0.08118,-0.17303,-0.02399,0.10622
5.52,0.00737,0.94948,-0.08516,-0.02142,1.39396,-0.07016,-0.12592,1.59328,-0.10368,-0.03035,1.33189,-0.26777,-0.22798,1.28875,-0.40309,-0.24789,1.44893,-0.19314,-0.22827,1.6021,-0.10798,-0.04288,1.31794,0.12151,-0.13779,1.09914,0.17,-0.34586,1.26248,0.15727,-0.46156,1.3616,0.06847,-0.05149,0.88416,-0.15995,-0.05454,0.48239,-0.14022,0.03842,0.08919,-0.13403,-0.14422,-0.03873,-0.13203,-0.03838,0.87513,-0.00965,-0.07064,0.47706,0.03858,0.01952,0.0854,0.08051,-0.17313,-0.02403,0.10576
5.54,0.0062,0.94905,-0.08888,-0.02143,1.39363,-0.07475,-0.12613,1.59289,-0.10803,-0.0311,1.33116,-0.27219,-0.22726,1.28308,-0.40799,-0.25116,1.44495,-0.19976,-0.23353,1.59881,-0.11542,-0.04251,1.31808,0.11715,-0.13501,1.0981,0.16492,-0.34686,1.25642,0.15124,-0.46249,1.35455,0.06125,-0.0528,0.88376,-0.16357,-0.05487,0.48207,-0.14205,0.03836,0.08895,-0.13504,-0.14435,-0.03887,-0.1324,-0.03941,0.87468,-0.0133,-0.07264,0.47691,0.03671,0.01907,0.08575,0.07989,-0.17332,-0.0241,0.10534
5.56,0.00514,0.9486,-0.09269,-0.02152,1.39327,-0.07937,-0.12635,1.59249,-0.11244,-0.03182,1.33043,-0.27666,-0.22635,1.27758,-0.41303,-0.25429,1.44077,-0.20634,-0.23874,1.59522,-0.12266,-0.04226,1.31814,0.11274,-0.13222,1.09693,0.15972,-0.34789,1.2499,0.14496,-0.4635,1.3469,0.05372,-0.05398,0.88333,-0.16731,-0.05525,0.48173,-0.14401,0.03827,0.0887,-0.13607,-0.14451,-0.039,-0.13278,-0.04035,0.87421,-0.01706,-0.07474,0.47677,0.03475,0.01865,0.08615,0.07923,-0.17344,-0.02417,0.1049
5.58,0.00393,0.94819,-0.09659,-0.02158,1.39295,-0.08411,-0.12662,1.59209,-0.11701,-0.03249,1.32974,-0.28125,-0.22524,1.27244,-0.41834,-0.25727,1.43685,-0.21322,-0.24378,1.5918,-0.13011,-0.04208,1.31826,0.10819,-0.12952,1.09586,0.15429,-0.34871,1.24366,0.13867,-0.46422,1.33996,0.04658,-0.05529,0.88294,-0.17115,-0.05567,0.48146,-0.14599,0.03814,0.08851,-0.13712,-0.14469,-0.0391,-0.13319,-0.04147,0.87378,-0.02092,-0.0761,0.4766,0.03266,0.0184,0.08641,0.07854,-0.17356,-0.02408,0.10442
5.6,0.00299,0.94771,-0.10024,-0.02168,1.39254,-0.08856,-0.1268,1.59168,-0.12118,-0.03332,1.32896,-0.28554,-0.22433,1.26667,-0.4229,-0.26041,1.43218,-0.21934,-0.24907,1.58767,-0.13693,-0.04171,1.31827,0.10395,-0.12657,1.09473,0.14938,-0.3494,1.23683,0.13244,-0.4649,1.33187,0.03903,-0.05639,0.88248,-0.17469,-0.05597,0.48111,-0.14787,0.03813,0.08825,-0.1381,-0.14481,-0.03918,-0.1335,-0.04225,0.87328,-0.0245,-0.07903,0.47654,0.0309,0.01779,0.08705,0.07788,-0.17367,-0.02425,0.10402
5.62,0.0028,0.94705,-0.10337,-0.02186,1.3919,-0.09239,-0.1267,1.59128,-0.12445,-0.03457,1.32795,-0.28918,-0.22395,1.25908,-0.42565,-0.26401,1.42547,-0.22356,-0.25504,1.58171,-0.14227,-0.04083,1.31798,0.10037,-0.12283,1.09336,0.1457,-0.34993,1.22819,0.12617,-0.46562,1.32007,0.02988,-0.05693,0.88185,-0.17757,-0.05589,0.48055,-0.14961,0.03846,0.08778,-0.13898,-0.14472,-0.03928,-0.13356,-0.04209,0.8726,-0.02744,-0.08616,0.47689,0.02998,0.01632,0.08889,0.0773,-0.17356,-0.02499,0.10384
5.64,0.00288,0.94633,-0.10625,-0.02212,1.39117,-0.09591,-0.12655,1.59087,-0.12733,-0.036,1.32686,-0.29251,-0.22363,1.25095,-0.42766,-0.26767,1.41802,-0.22696,-0.26118,1.57501,-0.14691,-0.03981,1.31759,0.09709,-0.11888,1.09194,0.14251,-0.3502,1.21888,0.11993,-0.46595,1.30703,0.02029,-0.05725,0.88115,-0.18014,-0.05572,0.47992,-0.15125,0.0389,0.08724,-0.1398,-0.14455,-0.03938,-0.13353,-0.0416,0.87185,-0.0301,-0.09482,0.4776,0.02949,0.01448,0.09145,0.07672,-0.17338,-0.02562,0.10375
5.66,0.00287,0.94563,-0.1092,-0.02237,1.39047,-0.09952,-0.12645,1.59045,-0.13034,-0.03735,1.32579,-0.29591,-0.22297,1.24325,-0.42993,-0.27106,1.41082,-0.23058,-0.26708,1.56844,-0.1516,-0.0389,1.31722,0.09372,-0.11507,1.09057,0.13907,-0.35018,1.20978,0.11368,-0.46581,1.2946,0.01104,-0.05763,0.88048,-0.18281,-0.05563,0.47933,-0.15291,0.03931,0.08674,-0.14065,-0.14438,-0.03949,-0.13357,-0.04123,0.87113,-0.03285,-0.10272,0.47842,0.02892,0.01281,0.09408,0.07609,-0.17316,-0.02586,0.10361
5.68,0.00274,0.94494,-0.11234,-0.02251,1.3898,-0.10337,-0.12621,1.59007,-0.13357,-0.03872,1.32473,-0.29954,-0.22198,1.23536,-0.43243,-0.27435,1.40333,-0.23451,-0.27288,1.56155,-0.15664,-0.0378,1.31693,0.09011,-0.11098,1.08929,0.13547,-0.34977,1.20029,0.10728,-0.46511,1.2818,0.00169,-0.05818,0.87982,-0.18563,-0.05528,0.47875,-0.15471,0.0398,0.08623,-0.14156,-0.14417,-0.03956,-0.13358,-0.04093,0.87041,-0.03577,-0.11045,0.47944,0.02849,0.01153,0.09709,0.07555,-0.17247,-0.02574,0.10354
5.7,0.00292,0.94422,-0.11502,-0.02295,1.38905,-0.10661,-0.12627,1.5896,-0.13626,-0.04011,1.32366,-0.30259,-0.22109,1.22806,-0.43427,-0.2774,1.39607,-0.23746,-0.27855,1.55472,-0.16047,-0.0371,1.31646,0.08707,-0.10744,1.0879,0.13224,-0.34928,1.19124,0.10114,-0.46417,1.26954,-0.00733,-0.05832,0.87912,-0.18806,-0.05543,0.47812,-0.15619,0.04022,0.08576,-0.14234,-0.14396,-0.03967,-0.13366,-0.04042,0.86968,-0.03828,-0.11868,0.48072,0.02814,0.00945,0.10033,0.07475,-0.17252,-0.02536,0.10332
5.72,0.00391,0.94344,-0.11656,-0.02415,1.38814,-0.1083,-0.12707,1.58894,-0.13763,-0.04152,1.32256,-0.3042,-0.22081,1.22215,-0.4346,-0.28012,1.38956,-0.23816,-0.28417,1.54832,-0.1615,-0.03741,1.31558,0.08545,-0.10524,1.08612,0.12991,-0.34913,1.18343,0.09554,-0.46341,1.25861,-0.01575,-0.05734,0.87834,-0.18959,-0.05693,0.4774,-0.15685,0.04038,0.08546,-0.14275,-0.14384,-0.03988,-0.1339,-0.03942,0.8689,-0.03982,-0.12833,0.48242,0.02767,0.00543,0.10385,0.07317,-0.17428,-0.02485,0.10266
5.74,0.00519,0.94263,-0.11764,-0.02567,1.38715,-0.10937,-0.1282,1.58817,-0.13848,-0.04294,1.32144,-0.30523,-0.22077,1.21677,-0.43428,-0.28265,1.38338,-0.23796,-0.28963,1.54211,-0.16144,-0.03815,1.31452,0.08441,-0.10364,1.08421,0.12799,-0.34907,1.17623,0.09021,-0.46258,1.24837,-0.02385,-0.05596,0.87752,-0.19075,-0.05898,0.47666,-0.15719,0.04043,0.08525,-0.143,-0.14378,-0.04011,-0.13418,-0.03824,0.86809,-0.04095,-0.13841,0.48449,0.02714,0.00055,0.10763,0.07133,-0.17689,-0.02395,0.10178
5.76,0.00633,0.94182,-0.11887,-0.02706,1.38616,-0.11065,-0.12923,1.58741,-0.1395,-0.04435,1.32029,-0.30646,-0.2205,1.21127,-0.4342,-0.28506,1.3771,-0.23808,-0.2949,1.53579,-0.1618,-0.03874,1.31351,0.08317,-0.10187,1.0824,0.12596,-0.34875,1.16895,0.08484,-0.46134,1.23816,-0.03191,-0.05477,0.8767,-0.19201,-0.06081,0.47595,-0.15763,0.04054,0.08504,-0.14328,-0.14369,-0.04029,-0.13439,-0.03715,0.86729,-0.0422,-0.14803,0.48678,0.02665,-0.00406,0.11167,0.06963,-0.17931,-0.02262,0.10091
5.78,0.00753,0.94104,-0.12032,-0.02834,1.38519,-0.11223,-0.13002,1.58671,-0.14085,-0.04575,1.31913,-0.30797,-0.21983,1.20532,-0.43436,-0.28746,1.37026,-0.23852,-0.30046,1.52882,-0.16244,-0.03911,1.31257,0.08165,-0.09956,1.08058,0.12359,-0.34796,1.1608,0.07892,-0.45952,1.22669,-0.0407,-0.05354,0.87593,-0.1935,-0.06248,0.47531,-0.15823,0.04067,0.08489,-0.1436,-0.14358,-0.04041,-0.1346,-0.03598,0.8665,-0.04368,-0.15826,0.48967,0.02609,-0.00785,0.11691,0.0675,-0.18021,-0.02083,0.09986
5.8,0.00867,0.9402,-0.12121,-0.02994,1.38412,-0.11307,-0.13138,1.5858,-0.14146,-0.04717,1.31796,-0.30879,-0.21975,1.20048,-0.43388,-0.28949,1.36462,-0.2381,-0.30503,1.52305,-0.16223,-0.04003,1.31143,0.08082,-0.09852,1.0788,0.12199,-0.3477,1.15466,0.07417,-0.45804,1.21821,-0.04783,-0.0523,0.87506,-0.19444,-0.06462,0.47459,-0.15846,0.04073,0.08476,-0.14374,-0.14352,-0.04055,-0.13476,-0.03495,0.86569,-0.0446,-0.16701,0.49226,0.02562,-0.01336,0.12072,0.06611,-0.1842,-0.0188,0.09892
5.82,0.00965,0.93922,-0.12075,-0.03228,1.38282,-0.11215,-0.13414,1.58433,-0.14027,-0.04858,1.31679,-0.30799,-0.22137,1.19839,-0.43191,-0.2908,1.36216,-0.23571,-0.30723,1.52066,-0.16018,-0.04228,1.30983,0.08163,-0.10064,1.07708,0.1223,-0.34919,1.1537,0.07243,-0.45817,1.21745,-0.05069,-0.05101,0.87391,-0.19409,-0.06797,0.47364,-0.15781,0.0406,0.08467,-0.14345,-0.14358,-0.04076,-0.13486,-0.03425,0.86486,-0.04415,-0.17185,0.4933,0.02531,-0.02347,0.11973,0.06672,-0.19664,-0.01713,0.09849
5.84,0.01055,0.93818,-0.11974,-0.03495,1.38142,-0.11052,-0.13749,1.58262,-0.13838,-0.05003,1.3156,-0.30653,-0.22374,1.19737,-0.42932,-0.29187,1.36092,-0.23249,-0.30857,1.51955,-0.15728,-0.04506,1.308,0.08309,-0.10405,1.07535,0.12337,-0.35139,1.15474,0.07191,-0.45899,1.21961,-0.05184,-0.04974,0.87266,-0.1932,-0.07177,0.47264,-0.15685,0.04038,0.08468,-0.14297,-0.14369,-0.04093,-0.13492,-0.0337,0.86401,-0.04316,-0.17527,0.4937,0.02504,-0.0354,0.11704,0.06802,-0.21224,-0.01546,0.09807
5.86,0.01146,0.93717,-0.11894,-0.03751,1.38003,-0.10919,-0.14062,1.58097,-0.13679,-0.0515,1.31439,-0.30534,-0.22587,1.19591,-0.42696,-0.29305,1.35918,-0.22957,-0.31025,1.51789,-0.15465,-0.0476,1.30624,0.08428,-0.10694,1.07361,0.12414,-0.35329,1.15496,0.07096,-0.45952,1.22054,-0.05359,-0.04849,0.87147,-0.19251,-0.07532,0.47175,-0.15607,0.04021,0.08477,-0.14253,-0.14378,-0.04099,-0.13495,-0.03311,0.86316,-0.04239,-0.17923,0.49443,0.02471,-0.04661,0.1153,0.06896,-0.2264,-0.0135,0.09743
5.88,0.01251,0.93617,-0.11832,-0.03995,1.37862,-0.10819,-0.14359,1.57933,-0.13553,-0.05284,1.31311,-0.30446,-0.22767,1.19409,-0.42487,-0.29416,1.35708,-0.22702,-0.31207,1.51591,-0.1525,-0.05005,1.30452,0.08517,-0.10942,1.07181,0.12458,-0.35483,1.15469,0.06949,-0.45962,1.2209,-0.05594,-0.04707,0.87025,-0.19199,-0.07907,0.47092,-0.15543,0.04003,0.08502,-0.14203,-0.14387,-0.04092,-0.13494,-0.0324,0.86236,-0.04177,-0.18346,0.49542,0.02418,-0.05771,0.11405,0.06928,-0.2403,-0.01102,0.09654
5.9,0.01323,0.93512,-0.11718,-0.04273,1.37713,-0.10642,-0.14707,1.5775,-0.13351,-0.05453,1.31187,-0.30284,-0.23039,1.19319,-0.42208,-0.29536,1.35592,-0.22351,-0.31342,1.51479,-0.14912,-0.05281,1.3026,0.08678,-0.11305,1.07006,0.12583,-0.35718,1.15581,0.06943,-0.46068,1.22302,-0.05654,-0.04603,0.86905,-0.19098,-0.08253,0.4701,-0.15452,0.03983,0.08521,-0.14147,-0.14399,-0.04086,-0.13489,-0.03199,0.86145,-0.04069,-0.18676,0.49581,0.02395,-0.06954,0.11193,0.07067,-0.25528,-0.00892,0.09566
5.92,0.01304,0.93391,-0.11491,-0.04634,1.37544,-0.10285,-0.15179,1.57526,-0.12975,-0.0572,1.31073,-0.29951,-0.23545,1.19456,-0.41767,-0.29686,1.35697,-0.21772,-0.31365,1.51566,-0.14267,-0.05628,1.30021,0.09008,-0.11952,1.06844,0.129,-0.36149,1.1602,0.07276,-0.46413,1.22917,-0.05296,-0.04605,0.86791,-0.18892,-0.08511,0.46917,-0.15291,0.03963,0.085,-0.14098,-0.14419,-0.04111,-0.13492,-0.03237,0.86017,-0.03859,-0.18789,0.4946,0.02458,-0.08343,0.10751,0.07493,-0.27311,-0.00804,0.09481
5.94,0.01251,0.93265,-0.11212,-0.0503,1.37366,-0.0985,-0.15702,1.57282,-0.12523,-0.06022,1.30963,-0.29543,-0.24134,1.19688,-0.41255,-0.29841,1.35885,-0.21095,-0.31339,1.51726,-0.13493,-0.06009,1.29762,0.09411,-0.12712,1.0669,0.13295,-0.36641,1.1659,0.0775,-0.46834,1.23701,-0.04761,-0.04645,0.8668,-0.18636,-0.08738,0.46819,-0.15098,0.03941,0.08465,-0.1405,-0.14441,-0.04146,-0.13498,-0.03306,0.85877,-0.03603,-0.18816,0.49276,0.02558,-0.09813,0.10258,0.07982,-0.29177,-0.0072,0.0934
5.96,0.01211,0.93141,-0.1095,-0.05415,1.37186,-0.09445,-0.16207,1.57041,-0.12101,-0.06312,1.30847,-0.29163,-0.24682,1.19883,-0.40767,-0.29991,1.36025,-0.20455,-0.31333,1.51838,-0.12765,-0.0638,1.29506,0.09787,-0.13426,1.06534,0.13657,-0.37084,1.17096,0.08171,-0.47197,1.2441,-0.04288,-0.0467,0.86568,-0.18397,-0.0898,0.46724,-0.14918,0.03919,0.08441,-0.14002,-0.14464,-0.04173,-0.13505,-0.03364,0.85743,-0.03362,-0.18883,0.49119,0.02641,-0.1125,0.09853,0.0837,-0.30951,-0.00566,0.09133
5.98,0.01178,0.93015,-0.10714,-0.05784,1.37004,-0.09076,-0.16697,1.56794,-0.11715,-0.06595,1.30723,-0.28817,-0.25224,1.20077,-0.40302,-0.30114,1.36152,-0.19832,-0.31291,1.51931,-0.12045,-0.06728,1.29252,0.10128,-0.14107,1.06385,0.13996,-0.37479,1.17591,0.08565,-0.47512,1.25095,-0.03844,-0.04689,0.86453,-0.18181,-0.0922,0.4663,-0.1475,0.03901,0.08419,-0.13962,-0.14483,-0.04195,-0.13516,-0.03412,0.85607,-0.03145,-0.18938,0.48964,0.02723,-0.12812,0.09476,0.08725,-0.32849,-0.00311,0.0885
6,0.01124,0.92894,-0.10411,-0.06194,1.36819,-0.08618,-0.17228,1.56545,-0.11242,-0.069,1.30611,-0.28385,-0.25783,1.20306,-0.39768,-0.30276,1.36303,-0.19147,-0.31293,1.52042,-0.11259,-0.07129,1.28983,0.10553,-0.14874,1.06233,0.14395,-0.37927,1.18124,0.09055,-0.47878,1.25857,-0.03279,-0.04726,0.86347,-0.17904,-0.09453,0.46539,-0.14551,0.03875,0.08397,-0.13911,-0.14509,-0.04218,-0.13525,-0.03485,0.85473,-0.02866,-0.18997,0.48795,0.02816,-0.14168,0.09158,0.09019,-0.3444,-0.00119,0.08527
6.02,0.01024,0.92784,-0.09944,-0.06706,1.36629,-0.07943,-0.17849,1.56294,-0.10562,-0.07256,1.30526,-0.27748,-0.26373,1.20598,-0.39075,-0.30546,1.36509,-0.1832,-0.3143,1.52206,-0.10333,-0.07664,1.28678,0.11179,-0.15846,1.06066,0.14929,-0.3852,1.18735,0.09761,-0.4838,1.26794,-0.02438,-0.04801,0.86259,-0.17476,-0.09675,0.46457,-0.14276,0.03832,0.08375,-0.13833,-0.14546,-0.04251,-0.13528,-0.03614,0.85343,-0.02437,-0.19077,0.48595,0.02921,-0.14917,0.089,0.09236,-0.35237,-0.0023,0.08226
6.04,0.00904,0.9268,-0.0941,-0.0726,1.36436,-0.07183,-0.1851,1.5604,-0.09798,-0.07636,1.30452,-0.27028,-0.26978,1.2092,-0.38313,-0.30855,1.36734,-0.17428,-0.31616,1.52386,-0.09339,-0.08254,1.28356,0.11883,-0.16901,1.05898,0.15516,-0.39153,1.19376,0.10562,-0.48913,1.27797,-0.01472,-0.04891,0.86181,-0.16987,-0.09889,0.4638,-0.1397,0.03784,0.08355,-0.13743,-0.14586,-0.04285,-0.13528,-0.03767,0.85216,-0.01946,-0.19163,0.48388,0.03038,-0.15443,0.0866,0.09418,-0.35739,-0.00457,0.07931
6.06,0.00792,0.92575,-0.08903,-0.078,1.36237,-0.06462,-0.19159,1.55779,-0.09073,-0.08009,1.30369,-0.26344,-0.27571,1.21231,-0.37576,-0.31143,1.36937,-0.16554,-0.31775,1.52539,-0.08359,-0.08822,1.28034,0.1255,-0.17917,1.05737,0.16073,-0.39729,1.19988,0.11331,-0.49383,1.28756,-0.00538,-0.04973,0.86099,-0.16523,-0.10104,0.46302,-0.13679,0.0374,0.08339,-0.1366,-0.14623,-0.04312,-0.13532,-0.03911,0.8509,-0.0148,-0.19248,0.48192,0.03156,-0.16067,0.08423,0.09573,-0.36355,-0.0062,0.07598
6.08,0.00684,0.92464,-0.08412,-0.08326,1.3603,-0.0577,-0.1979,1.5551,-0.08384,-0.08376,1.30273,-0.25687,-0.28161,1.2155,-0.36858,-0.3141,1.37134,-0.15693,-0.31912,1.52676,-0.07378,-0.09372,1.2771,0.13189,-0.18905,1.05579,0.16604,-0.40254,1.20586,0.12093,-0.49789,1.29712,0.00397,-0.05057,0.86015,-0.16073,-0.10316,0.46223,-0.13394,0.03706,0.08326,-0.13581,-0.14648,-0.04339,-0.1354,-0.04045,0.84955,-0.0103,-0.193,0.47979,0.03244,-0.16735,0.08172,0.09702,-0.37007,-0.00772,0.07185
6.1,0.00562,0.92366,-0.07871,-0.08895,1.35823,-0.05009,-0.20471,1.55238,-0.07615,-0.08768,1.30194,-0.24961,-0.2875,1.2186,-0.36078,-0.31719,1.37314,-0.14777,-0.32096,1.52802,-0.06355,-0.09973,1.27373,0.13891,-0.19955,1.05422,0.17185,-0.4081,1.21175,0.1291,-0.50228,1.30649,0.01398,-0.05142,0.85938,-0.15577,-0.10531,0.46151,-0.13089,0.03657,0.08317,-0.13492,-0.14689,-0.04359,-0.13541,-0.04205,0.84839,-0.00532,-0.19414,0.47806,0.03397,-0.17262,0.07967,0.09807,-0.37487,-0.00954,0.06869
6.12,0.00405,0.92306,-0.07209,-0.09573,1.35628,-0.04073,-0.21286,1.54964,-0.06647,-0.0922,1.30163,-0.24068,-0.29346,1.22138,-0.35151,-0.32149,1.37462,-0.13735,-0.32408,1.52921,-0.05253,-0.10706,1.27011,0.14749,-0.21165,1.05262,0.17896,-0.41482,1.21761,0.13856,-0.50815,1.31558,0.02546,-0.05223,0.85879,-0.14972,-0.10763,0.46098,-0.12732,0.03568,0.08322,-0.13378,-0.14776,-0.04356,-0.13525,-0.04434,0.84778,0.00081,-0.19702,0.4774,0.03722,-0.17442,0.07874,0.09926,-0.3758,-0.01213,0.06902
6.14,0.00235,0.9226,-0.065,-0.10296,1.35429,-0.0308,-0.22159,1.5468,-0.05613,-0.09703,1.30143,-0.23117,-0.29955,1.22391,-0.34166,-0.32632,1.37586,-0.12643,-0.32777,1.53024,-0.0412,-0.11488,1.26636,0.15657,-0.22428,1.05103,0.18649,-0.42181,1.2233,0.14856,-0.51437,1.32441,0.03763,-0.05303,0.85828,-0.14323,-0.10992,0.46054,-0.12359,0.03475,0.08335,-0.13258,-0.14868,-0.04344,-0.13507,-0.04688,0.84736,0.00739,-0.20052,0.47712,0.04108,-0.17474,0.07826,0.10048,-0.37507,-0.01503,0.07058
6.16,0.00071,0.92207,-0.05811,-0.11006,1.35218,-0.02128,-0.23015,1.54381,-0.04628,-0.10187,1.30103,-0.22202,-0.3057,1.22632,-0.33204,-0.33097,1.37695,-0.11569,-0.33126,1.53105,-0.02996,-0.12244,1.26258,0.16526,-0.23652,1.04948,0.1937,-0.42825,1.22872,0.15842,-0.51995,1.33303,0.04976,-0.05384,0.85774,-0.13691,-0.11212,0.46008,-0.11995,0.03399,0.08351,-0.13144,-0.14939,-0.04333,-0.13493,-0.04928,0.84684,0.01376,-0.20368,0.47667,0.04463,-0.1756,0.07761,0.10165,-0.37492,-0.01772,0.07147
6.18,-0.00093,0.92158,-0.05123,-0.11721,1.35001,-0.01189,-0.23876,1.54075,-0.03667,-0.10667,1.30061,-0.21296,-0.31184,1.22894,-0.32251,-0.33564,1.37805,-0.10495,-0.33477,1.53182,-0.01862,-0.1301,1.25874,0.17381,-0.24869,1.04793,0.20078,-0.4343,1.23404,0.16852,-0.52508,1.34188,0.06255,-0.05457,0.85719,-0.13061,-0.11437,0.45965,-0.11633,0.03334,0.08379,-0.13029,-0.14998,-0.0431,-0.13487,-0.05174,0.8464,0.02012,-0.20673,0.47625,0.04819,-0.17627,0.07704,0.10282,-0.37445,-0.02059,0.07243
6.2,-0.0026,0.92105,-0.04424,-0.12448,1.34769,-0.00249,-0.24758,1.53749,-0.02688,-0.11182,1.3,-0.20385,-0.3182,1.23074,-0.31267,-0.3405,1.37861,-0.0941,-0.3385,1.53215,-0.00739,-0.13764,1.25483,0.18239,-0.26077,1.04646,0.20797,-0.44037,1.23883,0.17846,-0.53024,1.34961,0.07477,-0.05545,0.85669,-0.12417,-0.11634,0.45922,-0.11271,0.03276,0.08401,-0.1292,-0.15048,-0.04296,-0.13475,-0.05412,0.84585,0.02657,-0.21001,0.47587,0.0518,-0.17674,0.07654,0.10387,-0.37391,-0.02306,0.07333
6.22,-0.00438,0.92035,-0.037,-0.13194,1.34509,0.00706,-0.25677,1.53387,-0.01642,-0.11773,1.29894,-0.19455,-0.32512,1.23061,-0.30203,-0.34574,1.3781,-0.08305,-0.3426,1.53173,0.00347,-0.14476,1.2508,0.19125,-0.27284,1.0453,0.21568,-0.44697,1.24289,0.18791,-0.53616,1.355,0.08509,-0.0568,0.85627,-0.11743,-0.11776,0.45873,-0.10902,0.03214,0.08397,-0.12824,-0.15098,-0.04314,-0.13441,-0.05628,0.84491,0.03328,-0.21404,0.47554,0.05552,-0.17727,0.07614,0.10465,-0.37394,-0.02438,0.07391
6.24,-0.00618,0.91962,-0.02968,-0.13946,1.34236,0.01665,-0.26608,1.53007,-0.00576,-0.1239,1.29772,-0.1852,-0.33217,1.22966,-0.29116,-0.35112,1.37711,-0.072,-0.3469,1.53095,0.01411,-0.15173,1.24671,0.20017,-0.28476,1.04426,0.22356,-0.45364,1.24653,0.19715,-0.54235,1.35941,0.09474,-0.05829,0.8559,-0.1106,-0.11893,0.45826,-0.10533,0.03152,0.08387,-0.12733,-0.15147,-0.04341,-0.13398,-0.05835,0.84386,0.04006,-0.2183,0.47526,0.05928,-0.17769,0.07586,0.10527,-0.37404,-0.02522,0.07435
6.26,-0.00796,0.91895,-0.02242,-0.14695,1.3396,0.0261,-0.27533,1.52623,0.00465,-0.12997,1.2965,-0.17597,-0.33911,1.22889,-0.28047,-0.35647,1.37615,-0.06105,-0.35118,1.53015,0.02472,-0.15873,1.24259,0.20894,-0.2965,1.04322,0.23128,-0.45996,1.25009,0.20649,-0.54822,1.36402,0.10486,-0.0597,0.85555,-0.10383,-0.12014,0.45786,-0.10166,0.03097,0.0839,-0.12637,-0.15187,-0.04356,-0.13357,-0.06044,0.84292,0.04678,-0.22234,0.47502,0.06299,-0.17806,0.07566,0.10588,-0.37399,-0.02616,0.07473
6.28,-0.00981,0.91813,-0.01501,-0.1545,1.3366,0.0356,-0.28468,1.52209,0.01508,-0.1361,1.29503,-0.16667,-0.34626,1.22812,-0.26955,-0.36173,1.37519,-0.04986,-0.3553,1.52934,0.03554,-0.16578,1.23827,0.21776,-0.3085,1.04231,0.2393,-0.46606,1.25393,0.21644,-0.55395,1.36911,0.1159,-0.06118,0.85507,-0.09691,-0.12146,0.45734,-0.09786,0.0305,0.08393,-0.1254,-0.1522,-0.04369,-0.13315,-0.0626,0.84181,0.05364,-0.22667,0.47476,0.06679,-0.17841,0.07553,0.10641,-0.37388,-0.02709,0.07501
6.3,-0.01151,0.91759,-0.00793,-0.1619,1.33379,0.04476,-0.29379,1.51816,0.02519,-0.14216,1.29376,-0.15769,-0.35299,1.2268,-0.25917,-0.36718,1.37378,-0.03933,-0.35983,1.52811,0.04567,-0.17259,1.23416,0.22625,-0.31953,1.04123,0.2467,-0.47201,1.25669,0.22524,-0.55961,1.37272,0.12543,-0.06253,0.85486,-0.09031,-0.1224,0.45709,-0.09433,0.03001,0.08407,-0.12444,-0.15251,-0.04378,-0.13272,-0.06459,0.84099,0.06018,-0.23034,0.4746,0.07035,-0.17865,0.0755,0.10689,-0.37376,-0.02773,0.07518
6.32,-0.01283,0.91785,-0.00173,-0.1689,1.33167,0.05314,-0.30229,1.51507,0.03455,-0.14799,1.29322,-0.1495,-0.35859,1.2244,-0.25021,-0.37327,1.37151,-0.03049,-0.36539,1.52604,0.0541,-0.17885,1.23073,0.23395,-0.32835,1.03957,0.25234,-0.47808,1.25693,0.2308,-0.56543,1.37276,0.13053,-0.06352,0.85542,-0.08454,-0.12244,0.45755,-0.09151,0.02939,0.08444,-0.1235,-0.15284,-0.0438,-0.1323,-0.06617,0.841,0.06589,-0.23219,0.47466,0.07327,-0.17876,0.07558,0.10742,-0.37369,-0.02787,0.07534
6.34,-0.01399,0.9184,0.00412,-0.17572,1.32975,0.06117,-0.31051,1.51222,0.04357,-0.15372,1.29287,-0.14165,-0.36371,1.22149,-0.24186,-0.37954,1.36883,-0.02238,-0.37136,1.52358,0.06178,-0.18484,1.22753,0.2413,-0.33624,1.03766,0.25732,-0.48414,1.25621,0.23513,-0.57125,1.37139,0.13392,-0.06436,0.85626,-0.0791,-0.12211,0.45828,-0.08895,0.02873,0.08491,-0.12259,-0.15316,-0.04376,-0.13189,-0.06758,0.84131,0.07126,-0.23336,0.47481,0.07594,-0.17879,0.07571,0.10798,-0.37363,-0.02778,0.0755
6.36,-0.01519,0.9188,0.01009,-0.18256,1.32759,0.06921,-0.31879,1.50908,0.05258,-0.15946,1.29229,-0.13377,-0.36894,1.2186,-0.23339,-0.38567,1.36616,-0.01412,-0.3772,1.52114,0.06961,-0.19086,1.22413,0.24867,-0.34436,1.03578,0.26256,-0.49001,1.25581,0.23999,-0.57694,1.37055,0.13812,-0.06523,0.85696,-0.07355,-0.12188,0.4589,-0.08627,0.02815,0.08538,-0.12167,-0.15342,-0.04371,-0.13149,-0.06903,0.84146,0.07675,-0.2348,0.47494,0.0787,-0.17879,0.07587,0.10852,-0.3735,-0.02775,0.07566
6.38,-0.01651,0.91927,0.01622,-0.18956,1.32538,0.07738,-0.32727,1.50584,0.06167,-0.16538,1.29168,-0.12574,-0.37436,1.21572,-0.22466,-0.39206,1.36353,-0.00564,-0.38296,1.51873,0.07761,-0.197,1.22069,0.25616,-0.35282,1.0341,0.26787,-0.49607,1.25565,0.24498,-0.58291,1.36988,0.14246,-0.06623,0.85773,-0.06783,-0.12171,0.45961,-0.08351,0.02759,0.08597,-0.12072,-0.15362,-0.04358,-0.13107,-0.0706,0.84168,0.08239,-0.23624,0.4751,0.08156,-0.17876,0.07607,0.1091,-0.37332,-0.02769,0.07584
6.4,-0.01754,0.91967,0.02193,-0.19614,1.32308,0.08499,-0.33521,1.50257,0.07027,-0.17091,1.29092,-0.11825,-0.37914,1.21241,-0.21678,-0.39794,1.36048,0.00197,-0.389,1.51591,0.0848,-0.20272,1.21723,0.26312,-0.36018,1.0319,0.27283,-0.50147,1.25466,0.24941,-0.58815,1.3684,0.14623,-0.06692,0.85842,-0.06253,-0.12127,0.46026,-0.08096,0.02712,0.08643,-0.11985,-0.15381,-0.04348,-0.13069,-0.07187,0.84184,0.08762,-0.23745,0.47525,0.08416,-0.17866,0.07627,0.10963,-0.3731,-0.02758,0.076
6.42,-0.01782,0.91979,0.0266,-0.20169,1.32057,0.09127,-0.34183,1.49932,0.07781,-0.17548,1.28982,-0.11207,-0.38234,1.20824,-0.21098,-0.40236,1.35648,0.00756,-0.3958,1.51217,0.0901,-0.20744,1.21369,0.26882,-0.36496,1.02835,0.277,-0.50526,1.25163,0.25262,-0.5915,1.36505,0.14872,-0.06684,0.85881,-0.05826,-0.12021,0.46063,-0.07892,0.02684,0.08641,-0.11921,-0.15402,-0.04356,-0.13045,-0.07242,0.84175,0.09181,-0.23822,0.47528,0.08611,-0.17843,0.07636,0.10999,-0.37284,-0.02748,0.07605
6.44,-0.0178,0.91983,0.03085,-0.20681,1.31798,0.09698,-0.34791,1.49607,0.08486,-0.17964,1.28856,-0.10643,-0.38486,1.20373,-0.20602,-0.40622,1.35212,0.01228,-0.40281,1.50804,0.0946,-0.21173,1.21015,0.27398,-0.36867,1.02426,0.28079,-0.50839,1.24777,0.25529,-0.5941,1.36092,0.15064,-0.06645,0.85911,-0.05441,-0.11889,0.46091,-0.07707,0.02665,0.08625,-0.11864,-0.1542,-0.04369,-0.13026,-0.07266,0.84158,0.09558,-0.23877,0.47529,0.08782,-0.17814,0.07641,0.11029,-0.37254,-0.02736,0.07608
6.46,-0.0179,0.91991,0.03526,-0.21205,1.31533,0.10281,-0.35416,1.4927,0.09195,-0.18394,1.28728,-0.10066,-0.38757,1.19931,-0.20081,-0.41029,1.34787,0.01723,-0.40964,1.50397,0.09929,-0.21612,1.20657,0.27926,-0.37274,1.02036,0.28465,-0.51171,1.24423,0.25815,-0.59694,1.35708,0.1528,-0.06619,0.85945,-0.05039,-0.11766,0.46125,-0.07513,0.02648,0.0862,-0.11804,-0.15434,-0.04375,-0.13004,-0.07302,0.84145,0.09951,-0.23938,0.47532,0.08962,-0.17783,0.0765,0.11063,-0.3722,-0.02722,0.07613
6.48,-0.01804,0.92,0.0398,-0.21746,1.31255,0.10874,-0.36061,1.48915,0.09922,-0.18839,1.28589,-0.09478,-0.39029,1.19466,-0.19551,-0.41433,1.34346,0.02224,-0.41671,1.49969,0.104,-0.22066,1.20286,0.28463,-0.377,1.01638,0.28866,-0.51509,1.24066,0.26097,-0.59978,1.35317,0.15483,-0.06595,0.85981,-0.04626,-0.11637,0.46162,-0.07315,0.02633,0.08617,-0.11742,-0.15445,-0.0438,-0.12981,-0.07343,0.84132,0.10356,-0.24,0.47535,0.09148,-0.17748,0.07661,0.11096,-0.37181,-0.02708,0.07617
6.5,-0.01805,0.92003,0.04396,-0.22238,1.30983,0.11415,-0.3665,1.4857,0.10576,-0.19244,1.28445,-0.08942,-0.39264,1.19023,-0.19078,-0.41822,1.33917,0.0267,-0.42329,1.49546,0.1082,-0.22472,1.1993,0.28952,-0.38051,1.01233,0.29217,-0.51807,1.23683,0.26367,-0.60233,1.3491,0.15694,-0.06561,0.86009,-0.04247,-0.11512,0.46192,-0.07129,0.02622,0.08612,-0.11687,-0.15454,-0.04385,-0.1296,-0.07368,0.84115,0.10726,-0.24051,0.47538,0.09315,-0.17713,0.07671,0.11128,-0.37144,-0.02693,0.07623
6.52,-0.01774,0.91988,0.04718,-0.22611,1.30735,0.11837,-0.37102,1.4826,0.11066,-0.19556,1.28299,-0.08523,-0.39427,1.18644,-0.18732,-0.42184,1.33534,0.02994,-0.42858,1.49163,0.11135,-0.22765,1.19618,0.29335,-0.38227,1.00824,0.29454,-0.52021,1.23252,0.26625,-0.60434,1.3448,0.15941,-0.06506,0.86014,-0.03951,-0.11408,0.46201,-0.06976,0.02621,0.08596,-0.11653,-0.1546,-0.04392,-0.12947,-0.07353,0.84085,0.11015,-0.24081,0.47535,0.09438,-0.17678,0.07674,0.11155,-0.37112,-0.02679,0.07629
6.54,-0.0173,0.91967,0.05002,-0.22935,1.30497,0.12211,-0.37497,1.47965,0.11486,-0.19828,1.28154,-0.08151,-0.39559,1.18294,-0.18438,-0.42531,1.33165,0.03273,-0.43336,1.48793,0.11404,-0.23011,1.19324,0.29674,-0.3833,1.00412,0.29643,-0.52198,1.22803,0.26874,-0.60608,1.3404,0.16198,-0.06442,0.8601,-0.0369,-0.1131,0.46202,-0.06837,0.02623,0.08575,-0.11626,-0.15466,-0.044,-0.12937,-0.07322,0.8405,0.11271,-0.241,0.4753,0.09543,-0.17645,0.07674,0.1118,-0.37084,-0.02664,0.07638
6.56,-0.01693,0.91949,0.05301,-0.23276,1.30251,0.126,-0.37912,1.47659,0.11924,-0.20113,1.28005,-0.07765,-0.39699,1.17937,-0.18125,-0.42883,1.32783,0.03572,-0.4383,1.48412,0.11684,-0.23275,1.19021,0.30026,-0.3846,1.00002,0.29847,-0.52386,1.22362,0.27124,-0.6079,1.33606,0.1645,-0.06384,0.8601,-0.03414,-0.11209,0.46208,-0.06693,0.02624,0.08558,-0.11596,-0.15471,-0.04407,-0.12925,-0.07298,0.84018,0.1154,-0.24122,0.47527,0.09656,-0.17611,0.07677,0.11206,-0.37053,-0.02649,0.07647
6.58,-0.01653,0.91927,0.0561,-0.23629,1.29988,0.12999,-0.38341,1.47335,0.12394,-0.20414,1.27838,-0.07369,-0.39833,1.17534,-0.17811,-0.43226,1.32396,0.03844,-0.4434,1.48007,0.11969,-0.23541,1.18703,0.30389,-0.38591,0.9958,0.30067,-0.52576,1.21907,0.27374,-0.60972,1.33151,0.16694,-0.0632,0.86006,-0.03131,-0.11108,0.46211,-0.06541,0.02627,0.08542,-0.11565,-0.15474,-0.04413,-0.12913,-0.07273,0.83982,0.11817,-0.24147,0.47522,0.0977,-0.17571,0.07679,0.11233,-0.37017,-0.02633,0.07655
6.6,-0.01615,0.91913,0.05889,-0.2394,1.29755,0.13357,-0.38723,1.47042,0.1277,-0.20669,1.27698,-0.07012,-0.39962,1.17226,-0.1752,-0.43572,1.32012,0.04151,-0.44793,1.47644,0.12223,-0.23784,1.18416,0.30712,-0.38691,0.99183,0.30236,-0.52743,1.21477,0.27616,-0.61137,1.32738,0.16952,-0.06264,0.86009,-0.02873,-0.11004,0.46219,-0.06407,0.02632,0.08528,-0.11536,-0.15475,-0.04417,-0.129,-0.07247,0.83955,0.12069,-0.2416,0.47522,0.09877,-0.17539,0.07684,0.11258,-0.36988,-0.02616,0.07665
6.62,-0.01582,0.91918,0.06097,-0.24156,1.29599,0.13627,-0.38997,1.46832,0.12909,-0.20808,1.27635,-0.06737,-0.40095,1.17173,-0.17266,-0.43943,1.31621,0.04593,-0.45097,1.47384,0.12415,-0.23989,1.18199,0.30942,-0.38724,0.98841,0.30269,-0.52861,1.21103,0.27849,-0.61267,1.32429,0.17264,-0.06227,0.86028,-0.02676,-0.10889,0.46238,-0.06318,0.0264,0.08518,-0.1151,-0.1547,-0.0442,-0.12887,-0.07215,0.83949,0.12262,-0.24143,0.47529,0.09972,-0.17525,0.07688,0.11276,-0.36979,-0.02602,0.07681
6.64,-0.01551,0.91931,0.06276,-0.24332,1.29476,0.13862,-0.39222,1.46657,0.12961,-0.209,1.27603,-0.06498,-0.40227,1.17216,-0.17029,-0.44312,1.31228,0.05068,-0.45296,1.47149,0.12588,-0.24173,1.18014,0.31135,-0.38727,0.98528,0.30255,-0.52957,1.20756,0.28077,-0.61384,1.3216,0.17593,-0.06198,0.86053,-0.02504,-0.10772,0.46262,-0.06245,0.0265,0.0851,-0.11486,-0.15464,-0.04422,-0.12874,-0.07182,0.83953,0.12431,-0.24114,0.4754,0.10062,-0.17519,0.07692,0.11292,-0.36979,-0.02588,0.07699
6.66,-0.01519,0.9194,0.06467,-0.24521,1.29339,0.14109,-0.39462,1.46468,0.13055,-0.21012,1.27555,-0.06246,-0.40357,1.17212,-0.16787,-0.44666,1.30833,0.05511,-0.45483,1.46881,0.12776,-0.24359,1.17816,0.31342,-0.38739,0.98211,0.30265,-0.53059,1.20402,0.28304,-0.61505,1.31874,0.1791,-0.06165,0.86075,-0.02322,-0.10656,0.46284,-0.06164,0.02659,0.08502,-0.11461,-0.15458,-0.04424,-0.12862,-0.07149,0.83952,0.1261,-0.24089,0.47548,0.10155,-0.17509,0.07696,0.1131,-0.36973,-0.02574,0.07716
6.68,-0.01485,0.91948,0.06664,-0.24722,1.29189,0.14368,-0.3971,1.46264,0.1314,-0.21127,1.27506,-0.0598,-0.40497,1.17219,-0.16529,-0.45055,1.30383,0.05993,-0.45639,1.46566,0.12976,-0.24561,1.17598,0.31556,-0.38741,0.97861,0.30257,-0.53163,1.20005,0.28545,-0.6163,1.31556,0.18256,-0.0613,0.86096,-0.02135,-0.10538,0.46307,-0.06084,0.02668,0.08495,-0.11438,-0.15453,-0.04425,-0.1285,-0.07114,0.83949,0.12793,-0.24067,0.47558,0.10248,-0.17499,0.07701,0.11327,-0.36969,-0.02559,0.07733
6.7,-0.01457,0.91961,0.06841,-0.24888,1.2907,0.14591,-0.3992,1.46096,0.1322,-0.21225,1.27467,-0.05751,-0.40615,1.17224,-0.16308,-0.4536,1.30021,0.06387,-0.45728,1.46297,0.13166,-0.24724,1.17428,0.31744,-0.38749,0.97592,0.30272,-0.53251,1.19699,0.28753,-0.61743,1.31305,0.18547,-0.06103,0.86121,-0.01965,-0.10425,0.46331,-0.06007,0.02676,0.0849,-0.11415,-0.15448,-0.04424,-0.12839,-0.07085,0.83954,0.12961,-0.24038,0.47568,0.10338,-0.17492,0.07706,0.11344,-0.36966,-0.02545,0.0775
6.72,-0.01446,0.91986,0.06976,-0.24974,1.29033,0.1473,-0.40052,1.46015,0.13319,-0.21297,1.27448,-0.05611,-0.40674,1.17191,-0.16178,-0.4545,1.29921,0.06547,-0.45769,1.46203,0.13314,-0.24789,1.17384,0.31878,-0.38793,0.97536,0.30368,-0.5331,1.19634,0.2888,-0.61833,1.3123,0.18688,-0.06096,0.86149,-0.0183,-0.10328,0.46356,-0.05933,0.02681,0.08491,-0.11391,-0.15444,-0.0442,-0.12823,-0.07071,0.83976,0.13095,-0.23996,0.47581,0.10425,-0.17494,0.0771,0.11365,-0.36971,-0.02537,0.07767
6.74,-0.01443,0.92016,0.07092,-0.25028,1.29029,0.14834,-0.40151,1.45971,0.13416,-0.21355,1.27439,-0.05507,-0.4071,1.17153,-0.16085,-0.45463,1.2992,0.06624,-0.45794,1.4618,0.13443,-0.24819,1.17389,0.31988,-0.3885,0.9756,0.30489,-0.53357,1.19663,0.28974,-0.61912,1.31227,0.18773,-0.06099,0.8618,-0.01712,-0.10238,0.46382,-0.05861,0.02684,0.08494,-0.11366,-0.15442,-0.04415,-0.12806,-0.07064,0.84006,0.13214,-0.2395,0.47595,0.10509,-0.17501,0.07714,0.11387,-0.36978,-0.02529,0.07783
6.76,-0.01437,0.92043,0.07216,-0.25094,1.29012,0.14953,-0.40261,1.45911,0.13512,-0.21416,1.27427,-0.05388,-0.40755,1.17121,-0.15976,-0.4551,1.29874,0.06741,-0.45825,1.46126,0.1358,-0.24864,1.17373,0.32108,-0.389,0.97548,0.30596,-0.53407,1.19652,0.29082,-0.61991,1.31197,0.18884,-0.06097,0.86209,-0.01586,-0.10145,0.46407,-0.05789,0.02688,0.08495,-0.11341,-0.1544,-0.04409,-0.12788,-0.07054,0.84031,0.13339,-0.23906,0.47607,0.10593,-0.17505,0.07717,0.11409,-0.36984,-0.02521,0.078
6.78,-0.01427,0.92071,0.07344,-0.25167,1.28987,0.15077,-0.40383,1.45841,0.13617,-0.21487,1.27407,-0.05264,-0.40804,1.17072,-0.15863,-0.45556,1.29824,0.06855,-0.45857,1.46064,0.13721,-0.24911,1.17351,0.32234,-0.3895,0.9753,0.30711,-0.53464,1.19629,0.29195,-0.62088,1.31144,0.18996,-0.06093,0.86239,-0.01457,-0.10052,0.46434,-0.05714,0.02693,0.08499,-0.11315,-0.15436,-0.04403,-0.1277,-0.0704,0.84058,0.13469,-0.23857,0.47621,0.10684,-0.17511,0.07721,0.11431,-0.36991,-0.02514,0.07818
6.8,-0.01427,0.92099,0.07458,-0.25217,1.28985,0.15181,-0.40471,1.45803,0.13702,-0.21533,1.27406,-0.05159,-0.40838,1.17058,-0.15768,-0.45586,1.29807,0.06953,-0.45883,1.46035,0.13848,-0.24946,1.17353,0.3234,-0.39004,0.97545,0.30817,-0.53504,1.19652,0.29289,-0.62145,1.31154,0.1909,-0.06097,0.86269,-0.01342,-0.09959,0.46459,-0.05646,0.02696,0.08502,-0.11294,-0.15436,-0.04396,-0.12754,-0.07037,0.84084,0.13584,-0.23818,0.47634,0.10757,-0.17515,0.07726,0.11451,-0.36996,-0.02504,0.07832
6.82,-0.01452,0.92125,0.07541,-0.2521,1.29037,0.1524,-0.40479,1.45838,0.13733,-0.21513,1.2745,-0.05097,-0.40838,1.17139,-0.15704,-0.45594,1.2986,0.07031,-0.45905,1.46078,0.13948,-0.24963,1.17408,0.32401,-0.39067,0.97631,0.30895,-0.53498,1.19782,0.29347,-0.62094,1.31319,0.19149,-0.06119,0.86296,-0.01261,-0.09864,0.46479,-0.05593,0.02696,0.08496,-0.11285,-0.15445,-0.04389,-0.12746,-0.07064,0.84109,0.13664,-0.23804,0.47645,0.10782,-0.1751,0.07735,0.11466,-0.36995,-0.02485,0.07839
6.84,-0.01487,0.92152,0.0761,-0.25179,1.29112,0.15279,-0.40455,1.45906,0.13743,-0.21467,1.27514,-0.05055,-0.40824,1.17256,-0.15657,-0.45588,1.29946,0.07094,-0.45921,1.46153,0.14035,-0.24971,1.17487,0.32443,-0.39133,0.9775,0.30962,-0.53475,1.19957,0.29388,-0.62004,1.31544,0.1919,-0.0615,0.86324,-0.01195,-0.09769,0.46497,-0.05547,0.02695,0.08489,-0.1128,-0.15457,-0.0438,-0.1274,-0.07102,0.84135,0.13729,-0.238,0.47656,0.10787,-0.17502,0.07747,0.11478,-0.36991,-0.02462,0.07842
6.86,-0.01518,0.92178,0.07685,-0.25159,1.29176,0.15326,-0.40444,1.45959,0.13762,-0.21433,1.27568,-0.05004,-0.40815,1.17357,-0.15605,-0.45586,1.30016,0.07161,-0.45937,1.46213,0.14126,-0.24983,1.17555,0.32493,-0.39198,0.97854,0.31033,-0.5346,1.20111,0.29435,-0.61933,1.31738,0.19238,-0.06177,0.86351,-0.01123,-0.09676,0.46516,-0.05499,0.02695,0.08484,-0.11271,-0.15468,-0.04372,-0.1273,-0.07136,0.84161,0.138,-0.23792,0.47667,0.10801,-0.17496,0.07758,0.11492,-0.36989,-0.02441,0.07847
6.88,-0.01549,0.92205,0.07763,-0.2514,1.29241,0.15376,-0.40437,1.4601,0.13783,-0.214,1.27622,-0.04951,-0.40812,1.17458,-0.15543,-0.45591,1.30088,0.07238,-0.45965,1.46275,0.14225,-0.24995,1.17624,0.32546,-0.39264,0.97962,0.31111,-0.53443,1.2027,0.29488,-0.61855,1.31943,0.19293,-0.06204,0.86379,-0.01048,-0.09577,0.46536,-0.05446,0.02694,0.08477,-0.11261,-0.1548,-0.04363,-0.12718,-0.07169,0.84187,0.13875,-0.23781,0.47678,0.10816,-0.1749,0.07768,0.11506,-0.36987,-0.02419,0.07852
6.9,-0.01582,0.92229,0.0783,-0.25114,1.29308,0.15416,-0.40414,1.46072,0.13795,-0.21358,1.27679,-0.04907,-0.40792,1.17565,-0.15506,-0.45579,1.30162,0.07292,-0.45967,1.46338,0.14304,-0.25005,1.17694,0.32588,-0.39327,0.98067,0.31171,-0.53425,1.20425,0.29523,-0.61781,1.32138,0.19328,-0.06232,0.86405,-0.00984,-0.09491,0.46554,-0.05404,0.02693,0.08473,-0.11253,-0.15491,-0.04354,-0.12708,-0.07206,0.8421,0.13938,-0.23779,0.47688,0.10824,-0.17483,0.07779,0.11517,-0.36984,-0.02398,0.07854
6.92,-0.01619,0.92244,0.07868,-0.25078,1.29374,0.15433,-0.40355,1.46155,0.13784,-0.213,1.27741,-0.04886,-0.40732,1.1768,-0.15539,-0.45528,1.30233,0.07281,-0.45893,1.46394,0.14329,-0.25018,1.17754,0.32602,-0.3938,0.98157,0.31181,-0.5341,1.20556,0.29507,-0.61726,1.32294,0.19307,-0.06259,0.86422,-0.00953,-0.09439,0.46568,-0.05396,0.02688,0.08469,-0.11253,-0.15502,-0.04348,-0.12709,-0.0725,0.84223,0.13967,-0.23795,0.47692,0.10814,-0.17474,0.07787,0.11517,-0.36979,-0.02381,0.07848
6.94,-0.01658,0.92255,0.07893,-0.25038,1.29439,0.15438,-0.40281,1.46248,0.13763,-0.21234,1.27805,-0.04875,-0.40656,1.17797,-0.15598,-0.45463,1.30303,0.07246,-0.45794,1.46448,0.14332,-0.2503,1.17813,0.32603,-0.39428,0.98243,0.31172,-0.53395,1.20679,0.29472,-0.61677,1.32437,0.19267,-0.06285,0.86435,-0.00936,-0.09402,0.46579,-0.05402,0.02682,0.08467,-0.11257,-0.15513,-0.04343,-0.12717,-0.07297,0.84232,0.13982,-0.2382,0.47694,0.10796,-0.17465,0.07794,0.11512,-0.36973,-0.02365,0.07837
6.96,-0.01697,0.92267,0.07924,-0.25,1.29503,0.1545,-0.40215,1.46336,0.13747,-0.21174,1.27866,-0.0486,-0.40589,1.17912,-0.15643,-0.45406,1.30373,0.07222,-0.4571,1.46502,0.14345,-0.25042,1.17872,0.32611,-0.39478,0.9833,0.31173,-0.5338,1.20805,0.29448,-0.61625,1.32585,0.19239,-0.06313,0.8645,-0.00913,-0.09361,0.4659,-0.054,0.02677,0.08464,-0.11259,-0.15524,-0.04338,-0.1272,-0.07343,0.84242,0.14004,-0.23842,0.47696,0.10783,-0.17457,0.07802,0.1151,-0.36968,-0.02349,0.0783
6.98,-0.01734,0.92282,0.07957,-0.2496,1.2957,0.15463,-0.40145,1.46426,0.13732,-0.21107,1.27932,-0.04841,-0.40514,1.18035,-0.15693,-0.45341,1.30444,0.07199,-0.45613,1.46557,0.14361,-0.25055,1.17932,0.32619,-0.3953,0.98421,0.31173,-0.53363,1.20936,0.29417,-0.61569,1.32737,0.19201,-0.06338,0.86468,-0.00888,-0.09311,0.46605,-0.05398,0.02672,0.08462,-0.1126,-0.15535,-0.04331,-0.12725,-0.07389,0.84255,0.14026,-0.23861,0.477,0.10766,-0.17446,0.07811,0.11509,-0.36962,-0.02329,0.07821
7,-0.01776,0.92291,0.07982,-0.24925,1.29631,0.15469,-0.40078,1.46513,0.13713,-0.21051,1.27989,-0.04831,-0.4045,1.1814,-0.1574,-0.45289,1.30512,0.0717,-0.45537,1.46609,0.14366,-0.25067,1.17989,0.32623,-0.39577,0.98504,0.3117,-0.5335,1.21053,0.29396,-0.61524,1.32876,0.19179,-0.06369,0.86478,-0.0087,-0.09283,0.46614,-0.05399,0.02665,0.0846,-0.11263,-0.15546,-0.04327,-0.12728,-0.07438,0.84263,0.14043,-0.23888,0.47701,0.10754,-0.17441,0.07817,0.11505,-0.36958,-0.02317,0.07813
7.02,-0.01831,0.92283,0.0799,-0.24901,1.29675,0.15461,-0.4002,1.46586,0.13686,-0.21023,1.2802,-0.04837,-0.40422,1.18198,-0.1577,-0.45279,1.30568,0.07137,-0.45521,1.46657,0.14352,-0.25076,1.18037,0.32617,-0.39608,0.98568,0.31171,-0.5335,1.21138,0.29413,-0.61513,1.32984,0.19214,-0.06419,0.8647,-0.00864,-0.09316,0.46605,-0.05403,0.02653,0.08458,-0.11266,-0.15556,-0.04331,-0.12729,-0.07496,0.84255,0.14048,-0.2394,0.4769,0.10757,-0.17448,0.07814,0.11498,-0.36963,-0.02327,0.07809
7.04,-0.0189,0.92271,0.07991,-0.24882,1.29714,0.15446,-0.39964,1.46656,0.13656,-0.21005,1.28044,-0.04851,-0.40406,1.18239,-0.15795,-0.45283,1.30622,0.071,-0.45526,1.46705,0.14328,-0.25083,1.18082,0.32606,-0.39633,0.98626,0.3117,-0.53355,1.2121,0.2944,-0.61512,1.33081,0.19265,-0.06475,0.86457,-0.00864,-0.0937,0.46592,-0.05408,0.0264,0.08457,-0.1127,-0.15566,-0.04336,-0.12729,-0.07557,0.84244,0.14048,-0.23999,0.47678,0.10764,-0.17459,0.07808,0.1149,-0.36969,-0.02344,0.07807
7.06,-0.01947,0.92262,0.07995,-0.24861,1.29755,0.15434,-0.39908,1.46728,0.13628,-0.20983,1.28072,-0.04861,-0.40385,1.18287,-0.15823,-0.4528,1.30676,0.07065,-0.45523,1.46753,0.14308,-0.25091,1.18129,0.32597,-0.39661,0.98687,0.3117,-0.53357,1.21288,0.29461,-0.61506,1.33181,0.19306,-0.06529,0.86447,-0.00861,-0.09413,0.46582,-0.05412,0.02628,0.08457,-0.11273,-0.15576,-0.0434,-0.12728,-0.07617,0.84236,0.14051,-0.24052,0.47667,0.1077,-0.17469,0.07804,0.11483,-0.36975,-0.02356,0.07803
7.08,-0.02005,0.92248,0.08,-0.24837,1.29794,0.15424,-0.39846,1.46798,0.136,-0.20959,1.28097,-0.0487,-0.40362,1.18335,-0.15849,-0.45275,1.30732,0.07031,-0.45515,1.46801,0.14291,-0.25097,1.18173,0.3259,-0.39689,0.98747,0.31171,-0.53359,1.21367,0.2949,-0.61501,1.33286,0.1936,-0.06582,0.86432,-0.00858,-0.09461,0.46568,-0.05417,0.02615,0.08454,-0.11278,-0.15587,-0.04347,-0.12728,-0.07678,0.84222,0.14054,-0.24114,0.47653,0.10775,-0.17478,0.07799,0.11475,-0.3698,-0.02371,0.07799
7.1,-0.02062,0.92243,0.08002,-0.24821,1.29837,0.1541,-0.39796,1.4687,0.13571,-0.20942,1.28125,-0.04884,-0.40345,1.18379,-0.15877,-0.45278,1.30783,0.06995,-0.45521,1.46847,0.14265,-0.25108,1.18222,0.32579,-0.39715,0.98806,0.3117,-0.53363,1.2144,0.29506,-0.61497,1.33378,0.19391,-0.06638,0.86425,-0.00856,-0.09504,0.46561,-0.05419,0.02603,0.08456,-0.11277,-0.15596,-0.04349,-0.12727,-0.07736,0.84219,0.14056,-0.24161,0.47644,0.10783,-0.17489,0.07796,0.11469,-0.36987,-0.02384,0.07798
7.12,-0.02115,0.9226,0.07998,-0.24826,1.29887,0.15385,-0.39773,1.46943,0.13541,-0.20944,1.28162,-0.04907,-0.40338,1.18413,-0.15913,-0.45296,1.30816,0.06954,-0.45559,1.46885,0.14213,-0.25132,1.1828,0.32559,-0.39735,0.9886,0.31161,-0.53375,1.21498,0.29483,-0.61488,1.33435,0.19351,-0.06697,0.86437,-0.00853,-0.09522,0.46569,-0.05412,0.02595,0.08467,-0.11263,-0.15599,-0.04345,-0.12724,-0.07786,0.8424,0.14061,-0.2417,0.47645,0.10799,-0.17507,0.07796,0.1147,-0.37002,-0.02392,0.07804
7.14,-0.02167,0.92286,0.07992,-0.24839,1.29941,0.15356,-0.39762,1.47018,0.1351,-0.20954,1.28203,-0.04934,-0.40338,1.18443,-0.15949,-0.45321,1.30844,0.06913,-0.4561,1.46921,0.14153,-0.25161,1.18342,0.32536,-0.39752,0.98913,0.3115,-0.53389,1.2155,0.29449,-0.61479,1.3348,0.1929,-0.06757,0.86457,-0.0085,-0.09534,0.46584,-0.054,0.02588,0.08482,-0.11242,-0.15599,-0.04337,-0.12718,-0.07832,0.84271,0.14066,-0.24165,0.47652,0.10818,-0.17527,0.07798,0.11474,-0.37018,-0.02398,0.07814
7.16,-0.02219,0.92307,0.07986,-0.24848,1.29993,0.15329,-0.39746,1.47091,0.13479,-0.20961,1.2824,-0.0496,-0.40336,1.18474,-0.15985,-0.45343,1.30875,0.06873,-0.45654,1.46958,0.14097,-0.25187,1.18401,0.32513,-0.39769,0.98965,0.3114,-0.53402,1.21603,0.2942,-0.61472,1.33528,0.19239,-0.06816,0.86472,-0.00849,-0.09548,0.46595,-0.05391,0.02581,0.08494,-0.11226,-0.15601,-0.04331,-0.12715,-0.0788,0.84296,0.1407,-0.24166,0.47656,0.10835,-0.17545,0.07798,0.11476,-0.37034,-0.02406,0.07822
7.18,-0.02271,0.9233,0.07982,-0.24856,1.30046,0.15302,-0.39727,1.47167,0.13449,-0.20966,1.2828,-0.04985,-0.40328,1.18504,-0.16024,-0.45364,1.30901,0.0683,-0.45703,1.46992,0.14037,-0.25215,1.18462,0.32491,-0.39789,0.99019,0.31126,-0.53415,1.21661,0.29387,-0.61458,1.33583,0.19182,-0.06876,0.86488,-0.00844,-0.09564,0.46608,-0.05379,0.02574,0.08509,-0.11207,-0.15601,-0.04324,-0.1271,-0.07927,0.84324,0.14077,-0.24164,0.47661,0.10855,-0.17564,0.078,0.11479,-0.37049,-0.02413,0.07831
7.2,-0.02323,0.92352,0.07975,-0.24867,1.30097,0.15274,-0.39716,1.47237,0.13418,-0.20977,1.28316,-0.05011,-0.40333,1.18536,-0.16056,-0.45387,1.30935,0.06792,-0.45744,1.47033,0.13984,-0.2524,1.18522,0.32469,-0.39803,0.99069,0.31122,-0.53428,1.21709,0.29362,-0.61458,1.33621,0.19134,-0.06936,0.86505,-0.00844,-0.09575,0.4662,-0.0537,0.02567,0.08521,-0.1119,-0.15603,-0.04318,-0.12706,-0.07975,0.8435,0.1408,-0.24165,0.47665,0.1087,-0.17582,0.07801,0.11481,-0.37064,-0.02419,0.0784
7.22,-0.02368,0.9237,0.07959,-0.24876,1.30139,0.15241,-0.39713,1.4729,0.13384,-0.20998,1.2834,-0.05045,-0.40371,1.1857,-0.16069,-0.4541,1.30992,0.0677,-0.45749,1.47094,0.13951,-0.2525,1.18578,0.32445,-0.39795,0.99109,0.31143,-0.53434,1.21739,0.29359,-0.61479,1.33619,0.19105,-0.06985,0.86519,-0.00855,-0.09565,0.4663,-0.05374,0.02564,0.08526,-0.11185,-0.15605,-0.04313,-0.12705,-0.08017,0.84371,0.1407,-0.2417,0.47669,0.10869,-0.17594,0.07804,0.11479,-0.37075,-0.02421,0.07844
7.24,-0.02413,0.92387,0.0794,-0.24886,1.3018,0.15207,-0.39716,1.47336,0.13349,-0.21025,1.28361,-0.0508,-0.40422,1.18606,-0.16076,-0.45435,1.31056,0.06754,-0.45746,1.47164,0.13925,-0.25256,1.18634,0.32421,-0.3978,0.99144,0.31173,-0.53438,1.21761,0.29364,-0.61515,1.33599,0.19088,-0.07034,0.86534,-0.00871,-0.0955,0.4664,-0.05381,0.02561,0.08528,-0.11183,-0.15609,-0.04309,-0.12705,-0.0806,0.8439,0.14055,-0.24178,0.47672,0.10862,-0.17605,0.07806,0.11476,-0.37086,-0.02422,0.07847
7.26,-0.02458,0.92404,0.07922,-0.24895,1.30222,0.15173,-0.39716,1.47386,0.13315,-0.21048,1.28383,-0.05115,-0.40465,1.18642,-0.16087,-0.45458,1.31116,0.06734,-0.45747,1.47229,0.13895,-0.25264,1.18689,0.32397,-0.39765,0.9918,0.31198,-0.53442,1.21784,0.29367,-0.61547,1.33583,0.19069,-0.07082,0.86548,-0.00885,-0.09538,0.46649,-0.05387,0.02559,0.08531,-0.11179,-0.15611,-0.04305,-0.12705,-0.08102,0.84409,0.14042,-0.24184,0.47674,0.10858,-0.17616,0.07808,0.11473,-0.37096,-0.02424,0.07851
7.28,-0.025,0.92421,0.07905,-0.24905,1.30261,0.15139,-0.39719,1.47431,0.1328,-0.21073,1.28402,-0.0515,-0.40514,1.18674,-0.16094,-0.45483,1.31176,0.06717,-0.45745,1.47293,0.13868,-0.2527,1.18743,0.32373,-0.39758,0.99221,0.31225,-0.53447,1.21815,0.29361,-0.61561,1.3358,0.19031,-0.07129,0.86562,-0.00898,-0.09523,0.46659,-0.05392,0.02558,0.08534,-0.11176,-0.15613,-0.04301,-0.12704,-0.08142,0.84428,0.14031,-0.24189,0.47678,0.10854,-0.17627,0.07811,0.1147,-0.37106,-0.02425,0.07855
7.3,-0.0255,0.92439,0.07886,-0.24914,1.30306,0.15107,-0.39716,1.47486,0.13246,-0.21096,1.28429,-0.05183,-0.40555,1.18717,-0.16108,-0.45505,1.3124,0.06695,-0.45748,1.47362,0.13837,-0.25279,1.18801,0.32349,-0.39734,0.99252,0.31252,-0.53448,1.21829,0.29378,-0.61622,1.33547,0.1904,-0.07182,0.86577,-0.00913,-0.09514,0.46669,-0.05399,0.02554,0.08539,-0.11172,-0.15618,-0.04296,-0.12704,-0.0819,0.84449,0.14017,-0.24199,0.4768,0.1085,-0.17639,0.07813,0.11467,-0.37117,-0.02427,0.07858
7.32,-0.02621,0.92459,0.07862,-0.2492,1.30364,0.15083,-0.397,1.47562,0.13214,-0.21111,1.28477,-0.05208,-0.40576,1.18787,-0.16142,-0.45517,1.31309,0.06664,-0.45771,1.47434,0.13797,-0.25299,1.18863,0.32328,-0.39675,0.99254,0.31275,-0.53457,1.21794,0.29452,-0.61759,1.33459,0.19157,-0.07254,0.86593,-0.00934,-0.09523,0.4668,-0.0541,0.02541,0.08547,-0.11168,-0.15628,-0.0429,-0.12705,-0.0826,0.84471,0.13997,-0.24219,0.4768,0.10849,-0.17653,0.07813,0.11461,-0.37131,-0.02428,0.07857
7.34,-0.027,0.92479,0.07836,-0.24923,1.30428,0.15061,-0.39676,1.47648,0.13181,-0.21122,1.28533,-0.05231,-0.40588,1.18867,-0.16184,-0.45524,1.31381,0.06627,-0.458,1.4751,0.13752,-0.25321,1.18928,0.32306,-0.39598,0.99244,0.313,-0.53457,1.21743,0.29549,-0.61945,1.3334,0.19329,-0.07334,0.86609,-0.00956,-0.09538,0.46691,-0.05421,0.02527,0.08556,-0.11163,-0.15639,-0.04285,-0.12706,-0.08339,0.84495,0.13975,-0.24243,0.47678,0.10849,-0.17668,0.07812,0.11454,-0.37146,-0.02431,0.07855
7.36,-0.02776,0.92499,0.07811,-0.24925,1.30491,0.15037,-0.39653,1.47732,0.13148,-0.21134,1.28586,-0.05256,-0.40603,1.18944,-0.16224,-0.45534,1.31455,0.06591,-0.45826,1.47587,0.13707,-0.25341,1.18994,0.32283,-0.39524,0.9924,0.31328,-0.53447,1.21703,0.29636,-0.62142,1.33214,0.19493,-0.07411,0.86625,-0.00978,-0.09551,0.46702,-0.05432,0.02514,0.08564,-0.11158,-0.15649,-0.0428,-0.12707,-0.08415,0.84518,0.13955,-0.24265,0.47676,0.10849,-0.17682,0.07811,0.11447,-0.37161,-0.02433,0.07853
7.38,-0.02847,0.92517,0.07785,-0.24932,1.30545,0.15017,-0.39639,1.47803,0.13117,-0.21148,1.28635,-0.05276,-0.4062,1.19013,-0.16258,-0.4554,1.31513,0.06565,-0.45851,1.47648,0.13674,-0.25363,1.19048,0.32263,-0.39468,0.99236,0.31338,-0.53486,1.21645,0.29718,-0.62203,1.33152,0.19589,-0.07483,0.8664,-0.01002,-0.09561,0.46713,-0.05446,0.02502,0.08572,-0.11155,-0.15659,-0.04275,-0.12708,-0.08486,0.84538,0.13932,-0.24288,0.47674,0.10847,-0.17696,0.07811,0.11439,-0.37175,-0.02435,0.0785
7.4,-0.02932,0.9254,0.07761,-0.24931,1.30619,0.14989,-0.39605,1.47903,0.13081,-0.21158,1.28694,-0.05306,-0.40633,1.19102,-0.16307,-0.45552,1.31606,0.06513,-0.45881,1.47745,0.13613,-0.25381,1.19128,0.32239,-0.39372,0.99232,0.3139,-0.53419,1.21626,0.29817,-0.62528,1.32974,0.19856,-0.07569,0.86657,-0.01021,-0.09579,0.46725,-0.05453,0.02487,0.08583,-0.11146,-0.15671,-0.04268,-0.12708,-0.0857,0.84566,0.13914,-0.2431,0.47673,0.1085,-0.17713,0.07811,0.11435,-0.37191,-0.02438,0.07851
7.42,-0.03052,0.92576,0.07743,-0.24909,1.30742,0.14937,-0.39518,1.48082,0.13022,-0.21155,1.2878,-0.05357,-0.40639,1.19245,-0.16393,-0.45589,1.31777,0.06405,-0.45921,1.47925,0.13484,-0.25391,1.19275,0.32201,-0.39161,0.99218,0.31537,-0.53062,1.21702,0.29945,-0.63683,1.32338,0.20723,-0.07693,0.86679,-0.01027,-0.09617,0.46741,-0.05439,0.02466,0.08602,-0.11122,-0.15687,-0.04254,-0.127,-0.08688,0.84612,0.13911,-0.24327,0.47675,0.10869,-0.17739,0.07811,0.11444,-0.37213,-0.02446,0.07862
7.44,-0.03186,0.92617,0.07726,-0.24879,1.30886,0.14874,-0.3941,1.48289,0.12956,-0.21148,1.28874,-0.05419,-0.40641,1.19406,-0.16496,-0.4563,1.31986,0.06267,-0.45966,1.48144,0.13324,-0.25395,1.19448,0.32157,-0.3891,0.99213,0.31732,-0.52593,1.21827,0.30083,-0.64813,1.31813,0.22214,-0.07832,0.86703,-0.0103,-0.09662,0.46758,-0.0542,0.02443,0.08625,-0.11092,-0.15704,-0.04237,-0.12691,-0.0882,0.84667,0.13913,-0.24343,0.47678,0.10891,-0.17769,0.07812,0.11456,-0.37237,-0.02456,0.07876
7.46,-0.03314,0.92655,0.07709,-0.2485,1.3102,0.14815,-0.3931,1.48483,0.12898,-0.21144,1.28962,-0.05479,-0.40644,1.19553,-0.16594,-0.45662,1.32187,0.06134,-0.46009,1.48352,0.13172,-0.25396,1.19612,0.32116,-0.38679,0.9922,0.31923,-0.52166,1.21947,0.30214,-0.65462,1.31618,0.23837,-0.07965,0.86726,-0.01034,-0.09704,0.46774,-0.05403,0.02421,0.08646,-0.11064,-0.1572,-0.04222,-0.12682,-0.08947,0.84717,0.13913,-0.24359,0.47681,0.10912,-0.17796,0.07813,0.11467,-0.3726,-0.02465,0.07889
7.48,-0.03438,0.92695,0.07692,-0.24826,1.3115,0.14761,-0.39212,1.48671,0.12819,-0.21131,1.29056,-0.05531,-0.40642,1.19719,-0.16686,-0.45716,1.32346,0.06032,-0.46044,1.48526,0.13038,-0.25414,1.19762,0.32074,-0.38422,0.99192,0.32053,-0.51738,1.22016,0.30308,-0.66184,1.31168,0.26,-0.08094,0.8675,-0.01038,-0.09744,0.46792,-0.05385,0.024,0.08668,-0.11035,-0.15735,-0.04205,-0.12673,-0.09069,0.84769,0.13914,-0.24371,0.47685,0.10936,-0.17823,0.07815,0.11478,-0.37281,-0.02474,0.07903
7.5,-0.03575,0.92733,0.07674,-0.24789,1.31293,0.1469,-0.39104,1.48875,0.12775,-0.21136,1.29139,-0.05603,-0.4065,1.19851,-0.16795,-0.45723,1.32601,0.05855,-0.46093,1.48782,0.12855,-0.25398,1.19947,0.3203,-0.38208,0.99256,0.32322,-0.51273,1.22216,0.30455,-0.65782,1.31835,0.27637,-0.08235,0.86772,-0.01043,-0.0979,0.46808,-0.05369,0.02376,0.0869,-0.11008,-0.15753,-0.04189,-0.12663,-0.09204,0.84819,0.13913,-0.24394,0.47688,0.10954,-0.17852,0.07816,0.11489,-0.37306,-0.02483,0.07917
7.52,-0.03738,0.92765,0.07652,-0.24716,1.31471,0.14574,-0.38972,1.4912,0.12842,-0.21189,1.29186,-0.05727,-0.40676,1.19872,-0.16943,-0.45583,1.33104,0.05466,-0.46177,1.49247,0.1254,-0.25284,1.20224,0.3198,-0.38103,0.99559,0.32959,-0.50729,1.22732,0.30736,-0.633,1.34685,0.27559,-0.084,0.86788,-0.01053,-0.09847,0.46819,-0.05367,0.02347,0.08707,-0.10991,-0.15777,-0.04177,-0.12654,-0.09368,0.84864,0.13906,-0.24444,0.47686,0.10953,-0.17885,0.07817,0.11494,-0.37333,-0.02494,0.07924
7.54,-0.03912,0.92796,0.07628,-0.24627,1.31663,0.1444,-0.38823,1.49382,0.12943,-0.21258,1.29224,-0.0587,-0.40713,1.19866,-0.17105,-0.45383,1.33687,0.04997,-0.46223,1.49766,0.1219,-0.25132,1.20535,0.31924,-0.38026,0.99973,0.33726,-0.50137,1.23371,0.31046,-0.60334,1.37557,0.28649,-0.08575,0.86803,-0.01066,-0.09909,0.46829,-0.05368,0.02317,0.08725,-0.10976,-0.15802,-0.04166,-0.12644,-0.09542,0.84908,0.13898,-0.24504,0.47683,0.10946,-0.17919,0.07819,0.11499,-0.37361,-0.02504,0.07931
7.56,-0.04082,0.92828,0.07605,-0.24542,1.31848,0.14314,-0.38672,1.49635,0.13022,-0.21317,1.29268,-0.06002,-0.40748,1.19884,-0.17257,-0.45203,1.34215,0.04563,-0.46218,1.50231,0.11873,-0.24995,1.20828,0.31868,-0.37922,1.00366,0.34426,-0.49546,1.23956,0.31308,-0.58502,1.3914,0.30839,-0.08747,0.86818,-0.01076,-0.09969,0.4684,-0.05366,0.02288,0.08743,-0.10958,-0.15827,-0.04154,-0.12633,-0.09712,0.84953,0.13891,-0.24559,0.47682,0.10944,-0.17953,0.07821,0.11506,-0.37388,-0.02514,0.0794
7.58,-0.04248,0.92859,0.07584,-0.24463,1.32025,0.14187,-0.38517,1.49887,0.13128,-0.21388,1.29302,-0.06134,-0.40775,1.19851,-0.17409,-0.44993,1.34725,0.04092,-0.46214,1.50656,0.11556,-0.24853,1.21116,0.31812,-0.37758,1.00751,0.35133,-0.48946,1.24482,0.3153,-0.5793,1.39494,0.3374,-0.08911,0.86834,-0.01088,-0.10027,0.46851,-0.05368,0.02257,0.08761,-0.10945,-0.15852,-0.04142,-0.12626,-0.09881,0.84996,0.13883,-0.24614,0.4768,0.10935,-0.17982,0.07823,0.11509,-0.37411,-0.02524,0.07944
7.6,-0.04425,0.92892,0.07557,-0.24366,1.32215,0.14054,-0.3835,1.50143,0.13183,-0.21439,1.29353,-0.0627,-0.40824,1.19918,-0.17562,-0.44807,1.35246,0.03663,-0.46083,1.51111,0.11257,-0.24706,1.21415,0.31746,-0.37671,1.01229,0.3584,-0.4832,1.25132,0.31764,-0.58149,1.39214,0.3577,-0.09095,0.8685,-0.01099,-0.1009,0.46862,-0.05363,0.02228,0.08781,-0.10924,-0.15876,-0.04129,-0.12611,-0.10054,0.85042,0.13876,-0.2467,0.4768,0.10939,-0.18021,0.07826,0.11519,-0.37445,-0.02533,0.07957
7.62,-0.04628,0.92932,0.0751,-0.24227,1.32444,0.13903,-0.38161,1.50412,0.1308,-0.21426,1.29454,-0.06419,-0.40922,1.20271,-0.1773,-0.4472,1.35817,0.03371,-0.45717,1.51697,0.10973,-0.24561,1.21739,0.31653,-0.37809,1.0191,0.36515,-0.4764,1.26093,0.32058,-0.56805,1.40555,0.36282,-0.09333,0.86868,-0.01112,-0.10164,0.46873,-0.05342,0.02206,0.08806,-0.10884,-0.15892,-0.04111,-0.12583,-0.10234,0.851,0.13872,-0.24726,0.47686,0.1098,-0.18087,0.0783,0.11546,-0.37505,-0.02541,0.07989
7.64,-0.04839,0.92975,0.07456,-0.24069,1.32685,0.13742,-0.37966,1.50682,0.12918,-0.21392,1.29568,-0.06578,-0.41033,1.20722,-0.17905,-0.44658,1.36411,0.0312,-0.45266,1.52328,0.10687,-0.2441,1.22072,0.31548,-0.38006,1.02689,0.37184,-0.4691,1.27157,0.32348,-0.54709,1.42491,0.36225,-0.09589,0.86888,-0.01125,-0.10239,0.46885,-0.05317,0.02188,0.08834,-0.1084,-0.15903,-0.04091,-0.12551,-0.10414,0.85162,0.13868,-0.2478,0.47694,0.11032,-0.18161,0.07836,0.11579,-0.37574,-0.02547,0.08028
7.66,-0.05046,0.93016,0.07405,-0.2392,1.32913,0.13579,-0.37776,1.50944,0.12777,-0.21372,1.2967,-0.06737,-0.41134,1.21119,-0.1808,-0.44569,1.36989,0.0284,-0.44848,1.52922,0.10392,-0.24257,1.22396,0.31442,-0.38132,1.03456,0.37849,-0.46158,1.28138,0.32584,-0.52892,1.44013,0.36273,-0.09836,0.86907,-0.01137,-0.10313,0.46898,-0.05295,0.0217,0.08862,-0.10802,-0.15915,-0.0407,-0.12525,-0.10592,0.85221,0.13863,-0.24834,0.47702,0.11076,-0.1823,0.07841,0.11607,-0.37638,-0.02553,0.08062
7.68,-0.05258,0.93059,0.07355,-0.2377,1.33144,0.13412,-0.37577,1.51212,0.12629,-0.21342,1.29776,-0.06899,-0.41218,1.21528,-0.18268,-0.4449,1.37573,0.02546,-0.44416,1.53518,0.10076,-0.24112,1.2272,0.31329,-0.38221,1.0423,0.38493,-0.45378,1.2908,0.32788,-0.50928,1.45472,0.36176,-0.10087,0.86927,-0.01149,-0.10387,0.46913,-0.05275,0.0215,0.08893,-0.10766,-0.15928,-0.04047,-0.12502,-0.10776,0.85282,0.1386,-0.24887,0.47711,0.11123,-0.18299,0.07847,0.11632,-0.37702,-0.02558,0.08094
7.7,-0.05461,0.93098,0.07302,-0.2362,1.33362,0.1324,-0.37396,1.51454,0.12469,-0.21329,1.29865,-0.07065,-0.41325,1.21921,-0.1844,-0.44375,1.38138,0.02273,-0.43977,1.5409,0.09779,-0.23947,1.23039,0.31216,-0.38305,1.05061,0.3915,-0.44571,1.30033,0.32951,-0.4898,1.46855,0.35879,-0.10332,0.86944,-0.01162,-0.10459,0.46926,-0.05254,0.02135,0.08923,-0.10732,-0.15937,-0.04025,-0.12477,-0.10948,0.85339,0.13854,-0.2494,0.4772,0.11165,-0.18367,0.07853,0.11659,-0.37765,-0.02564,0.08127
7.72,-0.05645,0.93125,0.07244,-0.23473,1.33554,0.13065,-0.37261,1.51637,0.12296,-0.21369,1.2991,-0.07235,-0.41504,1.22255,-0.18561,-0.44168,1.38656,0.0206,-0.43542,1.5461,0.09547,-0.23729,1.23349,0.31109,-0.38399,1.06019,0.39871,-0.43718,1.31052,0.3306,-0.47283,1.48157,0.35449,-0.10563,0.8695,-0.01178,-0.10525,0.46927,-0.05224,0.02126,0.08943,-0.10698,-0.15941,-0.04012,-0.12441,-0.11097,0.85383,0.13845,-0.24995,0.47727,0.11193,-0.18437,0.07857,0.11691,-0.3783,-0.02573,0.08167
7.74,-0.0582,0.93148,0.07185,-0.23329,1.33732,0.12888,-0.37148,1.51792,0.12119,-0.21428,1.29939,-0.07405,-0.41708,1.2257,-0.18662,-0.43928,1.39146,0.01871,-0.43104,1.55102,0.09336,-0.23493,1.23651,0.31002,-0.38462,1.07035,0.40602,-0.42843,1.32062,0.33135,-0.45648,1.49382,0.34909,-0.10786,0.86953,-0.01194,-0.10589,0.46926,-0.05192,0.02121,0.08961,-0.10664,-0.15942,-0.04,-0.12401,-0.11235,0.85423,0.13836,-0.25051,0.47733,0.11218,-0.18508,0.07861,0.11726,-0.37894,-0.02583,0.0821
7.76,-0.05997,0.93173,0.07126,-0.23187,1.3391,0.12707,-0.37032,1.51951,0.11942,-0.21481,1.29972,-0.07576,-0.41895,1.22888,-0.18775,-0.43701,1.39632,0.01663,-0.42663,1.55588,0.09102,-0.23268,1.23949,0.30888,-0.38461,1.08043,0.41304,-0.4196,1.33005,0.33181,-0.43983,1.50485,0.34338,-0.1101,0.86958,-0.0121,-0.10653,0.46928,-0.05164,0.02115,0.08982,-0.10634,-0.15944,-0.03985,-0.12367,-0.11376,0.85464,0.13825,-0.25105,0.47741,0.11242,-0.18578,0.07867,0.11756,-0.37958,-0.02592,0.08247
7.78,-0.06185,0.932,0.07068,-0.23035,1.34098,0.12512,-0.36896,1.52125,0.11749,-0.21536,1.30005,-0.07756,-0.42081,1.23217,-0.18897,-0.43447,1.40133,0.01432,-0.42187,1.56082,0.08851,-0.23026,1.24264,0.30763,-0.38399,1.09117,0.42014,-0.4098,1.33946,0.3317,-0.42252,1.51528,0.33657,-0.11246,0.86964,-0.01223,-0.10717,0.46931,-0.05134,0.0211,0.09006,-0.10606,-0.15944,-0.03968,-0.12335,-0.11526,0.85509,0.13818,-0.25162,0.47749,0.11267,-0.18649,0.07873,0.11785,-0.38023,-0.026,0.08285
7.8,-0.06346,0.93221,0.07007,-0.22908,1.34251,0.12333,-0.36809,1.5225,0.11584,-0.21597,1.30026,-0.07921,-0.42262,1.23508,-0.19002,-0.43224,1.4057,0.01228,-0.41767,1.56518,0.08613,-0.22811,1.2453,0.30643,-0.38298,1.10105,0.42659,-0.40143,1.34763,0.33177,-0.40694,1.52388,0.3304,-0.11451,0.86967,-0.01243,-0.10776,0.46932,-0.05113,0.02109,0.09026,-0.10584,-0.15942,-0.03953,-0.12308,-0.11651,0.85545,0.13803,-0.25211,0.47756,0.11286,-0.18714,0.07877,0.11809,-0.38082,-0.02608,0.08317
7.82,-0.06433,0.93227,0.0694,-0.2284,1.34328,0.12202,-0.36836,1.52254,0.11502,-0.21657,1.30021,-0.08042,-0.42423,1.23712,-0.19057,-0.43092,1.4087,0.01104,-0.4151,1.56841,0.08412,-0.22667,1.24677,0.30549,-0.38204,1.10836,0.43173,-0.39724,1.35373,0.33326,-0.39552,1.52996,0.32719,-0.11574,0.86962,-0.01279,-0.10814,0.46925,-0.05115,0.02119,0.09033,-0.10568,-0.15933,-0.03945,-0.1229,-0.11708,0.85561,0.13769,-0.2524,0.47759,0.11292,-0.18758,0.07877,0.11825,-0.38125,-0.02614,0.0834
7.84,-0.06491,0.93227,0.06871,-0.22796,1.34374,0.12092,-0.36908,1.52211,0.11455,-0.21721,1.30005,-0.08145,-0.42578,1.23879,-0.1909,-0.42996,1.41113,0.01014,-0.41316,1.57114,0.08233,-0.22551,1.24776,0.30467,-0.38101,1.11464,0.43631,-0.39447,1.35907,0.33529,-0.38594,1.5349,0.32481,-0.11664,0.86953,-0.01322,-0.10845,0.46915,-0.05125,0.02134,0.09034,-0.10556,-0.15922,-0.03939,-0.12276,-0.1174,0.85568,0.13729,-0.25262,0.4776,0.11293,-0.18795,0.07876,0.11838,-0.38161,-0.02619,0.08361
7.86,-0.06561,0.9323,0.06803,-0.22746,1.3443,0.11974,-0.36963,1.52186,0.11396,-0.21787,1.29993,-0.08254,-0.42734,1.24058,-0.19131,-0.42887,1.41371,0.00908,-0.41094,1.57396,0.08047,-0.22426,1.24893,0.30379,-0.3796,1.1213,0.44094,-0.39082,1.3646,0.33696,-0.37598,1.53965,0.32155,-0.11767,0.86946,-0.01361,-0.10879,0.46906,-0.05131,0.02146,0.0904,-0.10544,-0.15911,-0.03931,-0.12262,-0.11782,0.85579,0.13691,-0.25286,0.47762,0.11295,-0.18835,0.07876,0.11851,-0.382,-0.02623,0.08383
7.88,-0.06639,0.93234,0.06736,-0.22683,1.34498,0.11844,-0.37008,1.52168,0.11326,-0.21845,1.29984,-0.08373,-0.42886,1.24259,-0.19181,-0.42752,1.41657,0.00784,-0.40857,1.57715,0.07823,-0.22289,1.25026,0.30281,-0.37783,1.12862,0.44573,-0.38694,1.37074,0.33884,-0.36536,1.54448,0.31766,-0.11879,0.8694,-0.01398,-0.10911,0.46899,-0.05137,0.02161,0.09045,-0.10531,-0.15899,-0.03922,-0.12248,-0.11831,0.85592,0.13655,-0.25313,0.47765,0.11301,-0.18876,0.07876,0.11866,-0.3824,-0.02628,0.08406
7.9,-0.06692,0.93234,0.06665,-0.22653,1.34534,0.1174,-0.37081,1.52122,0.11288,-0.21921,1.29964,-0.08468,-0.43039,1.24404,-0.19211,-0.42673,1.41866,0.00695,-0.40662,1.57936,0.07672,-0.22182,1.25111,0.30201,-0.37599,1.13432,0.44973,-0.38339,1.37537,0.3403,-0.35714,1.54781,0.31437,-0.11963,0.86932,-0.01443,-0.10945,0.46889,-0.0515,0.02175,0.09049,-0.10525,-0.15887,-0.03916,-0.1224,-0.11858,0.85599,0.13612,-0.2533,0.47766,0.11297,-0.18911,0.07875,0.11875,-0.38274,-0.02633,0.08423
7.92,-0.0668,0.93226,0.06588,-0.22701,1.34496,0.11713,-0.3721,1.52019,0.11328,-0.2204,1.29921,-0.08497,-0.43198,1.24409,-0.19187,-0.4274,1.41888,0.00703,-0.40548,1.57911,0.07734,-0.22138,1.25081,0.30174,-0.37451,1.13595,0.45205,-0.38065,1.37608,0.34055,-0.35428,1.54831,0.31339,-0.11975,0.8692,-0.01502,-0.10984,0.46873,-0.05173,0.02192,0.09051,-0.10528,-0.15871,-0.03914,-0.12236,-0.11825,0.85594,0.13553,-0.2532,0.47766,0.11275,-0.18929,0.07871,0.11877,-0.38293,-0.02638,0.08434
7.94,-0.06642,0.93214,0.06507,-0.22779,1.34429,0.11715,-0.37364,1.51891,0.114,-0.22174,1.29869,-0.085,-0.43357,1.24358,-0.19141,-0.42864,1.41836,0.00749,-0.40477,1.5779,0.07873,-0.22122,1.25004,0.30168,-0.37324,1.13593,0.45367,-0.37843,1.37525,0.34039,-0.35339,1.54772,0.31347,-0.11958,0.86907,-0.01568,-0.11024,0.46855,-0.05203,0.02211,0.0905,-0.10536,-0.15853,-0.03914,-0.12235,-0.11769,0.85583,0.13487,-0.25298,0.47766,0.11244,-0.18939,0.07866,0.11875,-0.38305,-0.02643,0.0844
7.96,-0.06616,0.93204,0.06428,-0.22847,1.34373,0.11705,-0.37507,1.51772,0.11461,-0.22302,1.2982,-0.08513,-0.43516,1.2433,-0.19102,-0.42964,1.41814,0.0078,-0.40399,1.57709,0.07976,-0.22096,1.24945,0.30154,-0.37186,1.13657,0.45554,-0.3761,1.37502,0.34041,-0.35156,1.54752,0.3132,-0.11954,0.86895,-0.0163,-0.11063,0.46839,-0.0523,0.02229,0.09051,-0.10541,-0.15836,-0.03914,-0.12232,-0.11723,0.85575,0.13424,-0.25281,0.47766,0.11217,-0.18953,0.07861,0.11875,-0.3832,-0.02648,0.08448
7.98,-0.0659,0.93194,0.06348,-0.22903,1.34322,0.1169,-0.37642,1.51656,0.11514,-0.22427,1.29771,-0.0853,-0.43674,1.24312,-0.19069,-0.43058,1.41804,0.00805,-0.40289,1.57621,0.08096,-0.22057,1.24895,0.30135,-0.37027,1.13755,0.4576,-0.37332,1.37497,0.34032,-0.34959,1.54758,0.31306,-0.1195,0.86882,-0.01693,-0.11105,0.46822,-0.05255,0.02248,0.09052,-0.10545,-0.15818,-0.03912,-0.12228,-0.11678,0.85567,0.13361,-0.25265,0.47766,0.11191,-0.18967,0.07857,0.11877,-0.38335,-0.02653,0.08458
8,-0.06558,0.93183,0.06271,-0.22987,1.34254,0.11697,-0.37798,1.51527,0.11595,-0.22561,1.2972,-0.08528,-0.43834,1.24257,-0.19014,-0.43175,1.41752,0.00856,-0.40261,1.57515,0.08206,-0.22051,1.24816,0.30132,-0.36908,1.13742,0.4591,-0.3716,1.3741,0.34033,-0.3482,1.54677,0.31315,-0.1194,0.8687,-0.01755,-0.1114,0.46806,-0.05282,0.02267,0.09052,-0.1055,-0.158,-0.03912,-0.12224,-0.11627,0.85557,0.13299,-0.25245,0.47765,0.11164,-0.18979,0.07852,0.11877,-0.38348,-0.02658,0.08465
8.02,-0.06513,0.93173,0.06203,-0.23134,1.3415,0.11756,-0.38005,1.51371,0.11742,-0.22716,1.29668,-0.08481,-0.43994,1.24119,-0.18909,-0.43335,1.41605,0.00969,-0.40428,1.57398,0.08257,-0.22125,1.2467,0.30166,-0.36901,1.13465,0.45927,-0.37258,1.37145,0.34075,-0.34797,1.54388,0.31322,-0.11915,0.86862,-0.01811,-0.11154,0.46794,-0.05309,0.02286,0.09049,-0.10555,-0.15782,-0.03914,-0.12225,-0.11565,0.85546,0.13241,-0.25218,0.47765,0.11135,-0.18987,0.07847,0.11873,-0.38358,-0.02663,0.08467
8.04,-0.06464,0.93162,0.0614,-0.23307,1.34028,0.11837,-0.38232,1.51202,0.11917,-0.2288,1.29614,-0.08414,-0.44157,1.23944,-0.18782,-0.43516,1.41416,0.01109,-0.40674,1.57266,0.08297,-0.22231,1.24496,0.30216,-0.36935,1.1308,0.45893,-0.37456,1.36803,0.34134,-0.34833,1.54016,0.31343,-0.11885,0.86854,-0.01864,-0.11161,0.46783,-0.05335,0.02304,0.09044,-0.10559,-0.15764,-0.03918,-0.12225,-0.11499,0.85532,0.13187,-0.25189,0.47763,0.11107,-0.18995,0.0784,0.11869,-0.38368,-0.02668,0.08469
8.06,-0.06417,0.93151,0.06076,-0.23466,1.33912,0.11911,-0.38447,1.51037,0.12082,-0.2304,1.29558,-0.08354,-0.44317,1.23782,-0.18661,-0.43689,1.41243,0.0124,-0.40887,1.57135,0.08352,-0.22319,1.24332,0.30261,-0.36945,1.12741,0.45882,-0.37606,1.36493,0.34188,-0.34845,1.5368,0.31365,-0.11857,0.86845,-0.01916,-0.1117,0.46772,-0.0536,0.02323,0.0904,-0.10562,-0.15746,-0.03922,-0.12223,-0.11435,0.85519,0.13133,-0.25161,0.47761,0.11081,-0.19003,0.07833,0.11867,-0.38378,-0.02673,0.08472
8.08,-0.06366,0.93139,0.06008,-0.23624,1.33792,0.11983,-0.38663,1.50865,0.12249,-0.23195,1.29502,-0.08295,-0.44471,1.23624,-0.18546,-0.43848,1.41072,0.01366,-0.41084,1.57015,0.08378,-0.22408,1.24163,0.30302,-0.36955,1.124,0.4587,-0.37748,1.36176,0.34234,-0.34826,1.53329,0.31368,-0.11826,0.86836,-0.01973,-0.11182,0.46759,-0.05387,0.02343,0.09036,-0.10567,-0.15727,-0.03926,-0.12223,-0.11367,0.85504,0.13075,-0.25132,0.4776,0.1105,-0.1901,0.07826,0.11863,-0.38387,-0.02678,0.08473
8.1,-0.06324,0.93131,0.05948,-0.23788,1.33675,0.12064,-0.38877,1.50701,0.12419,-0.23361,1.29447,-0.08228,-0.44635,1.23449,-0.18414,-0.44038,1.40885,0.01509,-0.41333,1.56866,0.08459,-0.22499,1.23998,0.30353,-0.36966,1.12041,0.45846,-0.37921,1.35855,0.34301,-0.34877,1.52983,0.31413,-0.11803,0.86831,-0.02022,-0.11187,0.46752,-0.05411,0.02362,0.09033,-0.10569,-0.15709,-0.03928,-0.12221,-0.11308,0.85494,0.13024,-0.25104,0.4776,0.11026,-0.19019,0.07821,0.11861,-0.38397,-0.02682,0.08477
8.12,-0.06307,0.93133,0.05906,-0.23968,1.3357,0.12158,-0.39091,1.50566,0.12587,-0.23562,1.29395,-0.08144,-0.44832,1.23235,-0.18242,-0.44313,1.40663,0.0169,-0.41712,1.56635,0.08698,-0.22591,1.23856,0.30421,-0.36976,1.11655,0.458,-0.38162,1.35537,0.34417,-0.35116,1.5267,0.31562,-0.11804,0.86835,-0.02054,-0.11178,0.46755,-0.05427,0.02375,0.09035,-0.10566,-0.15694,-0.03928,-0.12215,-0.11275,0.85494,0.12991,-0.25082,0.47762,0.1102,-0.1903,0.07818,0.11861,-0.3841,-0.02684,0.08483
8.14,-0.06301,0.93138,0.05872,-0.24155,1.33469,0.1226,-0.39304,1.50439,0.12756,-0.23775,1.29343,-0.08053,-0.45038,1.23005,-0.18055,-0.44617,1.40425,0.01886,-0.42137,1.56373,0.08992,-0.22685,1.23719,0.30497,-0.36985,1.11257,0.45745,-0.38433,1.35215,0.34554,-0.35427,1.52363,0.31746,-0.11816,0.86843,-0.02077,-0.11165,0.46762,-0.0544,0.02385,0.09039,-0.10561,-0.15682,-0.03929,-0.12208,-0.11253,0.85497,0.12966,-0.25063,0.47765,0.11019,-0.19045,0.07816,0.11862,-0.38426,-0.02686,0.08491
8.16,-0.06291,0.93141,0.05835,-0.24337,1.33365,0.1236,-0.39515,1.50306,0.12925,-0.23981,1.29289,-0.07964,-0.45234,1.22782,-0.17877,-0.44902,1.40192,0.02076,-0.42533,1.56122,0.09258,-0.22776,1.23579,0.30569,-0.36989,1.10868,0.45693,-0.38685,1.34893,0.34683,-0.35701,1.52051,0.31907,-0.11823,0.86848,-0.02104,-0.11154,0.46767,-0.05455,0.02396,0.09041,-0.10557,-0.15669,-0.0393,-0.12203,-0.11228,0.85498,0.12937,-0.25044,0.47767,0.11015,-0.19057,0.07813,0.11863,-0.38439,-0.02688,0.08497
8.18,-0.06275,0.93146,0.05794,-0.2452,1.33257,0.12461,-0.39727,1.5017,0.13099,-0.24189,1.29234,-0.07874,-0.45432,1.22547,-0.17689,-0.45196,1.3995,0.02271,-0.42944,1.55857,0.09541,-0.22864,1.23434,0.30643,-0.36981,1.10457,0.4563,-0.38935,1.34548,0.34808,-0.35984,1.51717,0.32072,-0.11826,0.86855,-0.02134,-0.11141,0.46773,-0.05471,0.02409,0.09045,-0.10553,-0.15653,-0.03929,-0.12196,-0.11195,0.85501,0.12906,-0.25018,0.47771,0.11013,-0.1907,0.07811,0.11864,-0.38454,-0.02689,0.08505
8.2,-0.06275,0.93149,0.05763,-0.24698,1.33156,0.12561,-0.39933,1.50042,0.13264,-0.24393,1.29181,-0.07784,-0.45621,1.22332,-0.17517,-0.4547,1.39717,0.02459,-0.43324,1.55604,0.09806,-0.22956,1.23301,0.30716,-0.36983,1.10093,0.45585,-0.39186,1.34243,0.34945,-0.36264,1.5142,0.32226,-0.11842,0.86861,-0.02156,-0.11132,0.46778,-0.05484,0.02417,0.09048,-0.1055,-0.15643,-0.0393,-0.12192,-0.11181,0.85502,0.12882,-0.25008,0.47772,0.11008,-0.19084,0.07809,0.11864,-0.38468,-0.02692,0.0851
8.22,-0.06314,0.93147,0.05758,-0.24862,1.33079,0.12653,-0.40125,1.49937,0.13408,-0.24579,1.29138,-0.07698,-0.4579,1.22179,-0.17392,-0.45686,1.39518,0.02625,-0.43616,1.55398,0.10009,-0.23055,1.232,0.30789,-0.3702,1.0986,0.456,-0.39448,1.3406,0.35121,-0.36522,1.51227,0.32343,-0.11886,0.86862,-0.0216,-0.11139,0.4678,-0.05486,0.02411,0.09049,-0.10549,-0.15645,-0.03934,-0.12192,-0.11216,0.85497,0.12877,-0.25044,0.47768,0.10996,-0.19098,0.07809,0.11862,-0.38479,-0.02698,0.0851
8.24,-0.06369,0.93144,0.05763,-0.25022,1.33013,0.12742,-0.40312,1.49844,0.13542,-0.24759,1.291,-0.07615,-0.45951,1.22049,-0.17284,-0.4588,1.39333,0.02781,-0.43876,1.5521,0.1019,-0.23158,1.23114,0.30862,-0.3707,1.09678,0.45634,-0.39712,1.33921,0.35308,-0.36773,1.51073,0.32456,-0.11942,0.86862,-0.02157,-0.11152,0.46781,-0.05485,0.02399,0.09051,-0.10549,-0.15653,-0.03938,-0.12194,-0.1127,0.85491,0.1288,-0.25098,0.47763,0.10981,-0.19113,0.0781,0.11859,-0.38491,-0.02704,0.08507
8.26,-0.06417,0.93142,0.05764,-0.25182,1.32943,0.12831,-0.40499,1.49747,0.13679,-0.2494,1.29061,-0.07532,-0.46113,1.2191,-0.17169,-0.46081,1.39143,0.0294,-0.44147,1.55014,0.1038,-0.23258,1.23023,0.30934,-0.37112,1.09475,0.45658,-0.39967,1.33758,0.35486,-0.37023,1.509,0.32578,-0.11993,0.86864,-0.02156,-0.11161,0.46783,-0.05485,0.0239,0.09053,-0.10548,-0.15657,-0.03942,-0.12195,-0.11316,0.85487,0.1288,-0.25143,0.47759,0.10968,-0.19128,0.07811,0.11856,-0.38502,-0.0271,0.08505
8.28,-0.06461,0.93139,0.05761,-0.25345,1.32866,0.12922,-0.40691,1.49642,0.13822,-0.25125,1.29017,-0.07447,-0.46278,1.21762,-0.17051,-0.46285,1.38941,0.03104,-0.44423,1.54807,0.10574,-0.23357,1.22926,0.31006,-0.37151,1.09264,0.45682,-0.40247,1.33591,0.35685,-0.37271,1.50712,0.32687,-0.1204,0.86864,-0.0216,-0.11171,0.46785,-0.05489,0.02382,0.09055,-0.1055,-0.15661,-0.03946,-0.12198,-0.11358,0.85481,0.12875,-0.25188,0.47755,0.1095,-0.19141,0.07811,0.11852,-0.38512,-0.02716,0.08501
8.3,-0.06518,0.93138,0.05768,-0.25501,1.32804,0.13009,-0.40871,1.49555,0.13947,-0.25301,1.28981,-0.07366,-0.46434,1.21638,-0.16946,-0.46475,1.38765,0.03252,-0.44676,1.54625,0.10751,-0.23459,1.22845,0.31077,-0.37198,1.09082,0.4571,-0.40473,1.33437,0.35841,-0.37513,1.50558,0.32826,-0.121,0.86866,-0.02153,-0.11181,0.46788,-0.05485,0.0237,0.09057,-0.10547,-0.15668,-0.0395,-0.12198,-0.11412,0.85477,0.12881,-0.25238,0.47751,0.10941,-0.19158,0.07813,0.1185,-0.38525,-0.02722,0.085
8.32,-0.06604,0.93145,0.05798,-0.25639,1.32778,0.13083,-0.41023,1.49516,0.14027,-0.25449,1.2897,-0.07295,-0.46565,1.21576,-0.16874,-0.46634,1.38659,0.03362,-0.44871,1.54512,0.10881,-0.23567,1.2281,0.31142,-0.37259,1.08968,0.45744,-0.40543,1.33318,0.35865,-0.37747,1.505,0.33045,-0.12191,0.86874,-0.0212,-0.11185,0.46799,-0.05465,0.02354,0.09064,-0.10528,-0.15677,-0.03951,-0.12189,-0.11493,0.85484,0.12914,-0.25295,0.47749,0.10955,-0.19178,0.07817,0.11856,-0.3854,-0.02727,0.08507
8.34,-0.06701,0.93155,0.05837,-0.25768,1.32767,0.13151,-0.41163,1.49495,0.14088,-0.25587,1.28969,-0.07229,-0.46687,1.2154,-0.16817,-0.46779,1.38579,0.03456,-0.45042,1.54427,0.10993,-0.23676,1.22793,0.31204,-0.37325,1.08882,0.45781,-0.40558,1.33216,0.35846,-0.37985,1.50473,0.33283,-0.12294,0.86883,-0.02076,-0.11186,0.46813,-0.05438,0.02337,0.09073,-0.10504,-0.15686,-0.03952,-0.12178,-0.11585,0.85494,0.12957,-0.25355,0.47749,0.10976,-0.19199,0.07822,0.11865,-0.38556,-0.02732,0.08515
8.36,-0.06793,0.93164,0.05872,-0.259,1.32751,0.13221,-0.41307,1.49468,0.14156,-0.25729,1.28964,-0.07161,-0.46811,1.21493,-0.16754,-0.4693,1.38488,0.03556,-0.45223,1.5433,0.11112,-0.23785,1.22768,0.31267,-0.37389,1.08784,0.45817,-0.406,1.33109,0.3585,-0.38232,1.50425,0.33502,-0.12392,0.86893,-0.02038,-0.1119,0.46826,-0.05415,0.0232,0.09081,-0.10483,-0.15695,-0.03952,-0.1217,-0.11672,0.85503,0.12995,-0.25415,0.47749,0.10994,-0.1922,0.07828,0.11871,-0.38571,-0.02736,0.08522
8.38,-0.06887,0.93173,0.05906,-0.26036,1.32732,0.13293,-0.41457,1.49436,0.14227,-0.25875,1.28958,-0.07091,-0.46941,1.21446,-0.16689,-0.47083,1.38396,0.03659,-0.45406,1.54231,0.11235,-0.23895,1.22742,0.31332,-0.37455,1.08687,0.45854,-0.40626,1.32997,0.3584,-0.38495,1.50374,0.33725,-0.12493,0.86902,-0.01999,-0.11192,0.46839,-0.05391,0.02303,0.0909,-0.10461,-0.15705,-0.03953,-0.1216,-0.11759,0.85511,0.13033,-0.25474,0.47748,0.11012,-0.19243,0.07833,0.11879,-0.38589,-0.02741,0.0853
8.4,-0.0698,0.93181,0.05945,-0.26163,1.32718,0.13361,-0.41592,1.49415,0.1429,-0.26009,1.28954,-0.07026,-0.47058,1.21404,-0.16631,-0.47228,1.3831,0.03753,-0.45578,1.5414,0.11345,-0.24003,1.22721,0.31393,-0.37517,1.08594,0.45888,-0.40673,1.32896,0.35851,-0.38747,1.50319,0.33926,-0.1259,0.8691,-0.01957,-0.11196,0.46852,-0.05367,0.02285,0.09098,-0.1044,-0.15715,-0.03953,-0.12152,-0.11849,0.85519,0.13075,-0.25535,0.47747,0.11032,-0.19263,0.07838,0.11886,-0.38604,-0.02745,0.08537
8.42,-0.07071,0.93184,0.05995,-0.26272,1.32712,0.13416,-0.41691,1.49419,0.14334,-0.26116,1.2895,-0.06971,-0.47149,1.2137,-0.16588,-0.47358,1.38236,0.03828,-0.45724,1.54067,0.11424,-0.24108,1.22713,0.31447,-0.37572,1.08507,0.45913,-0.40792,1.32821,0.35923,-0.38949,1.50262,0.34076,-0.12676,0.86912,-0.0191,-0.11207,0.46859,-0.05342,0.02265,0.09103,-0.10427,-0.1573,-0.03953,-0.12149,-0.11944,0.85523,0.13123,-0.25603,0.47742,0.11055,-0.19279,0.07841,0.1189,-0.38615,-0.02751,0.08539
8.44,-0.07161,0.93185,0.06049,-0.26374,1.32708,0.13465,-0.41776,1.49431,0.14369,-0.26211,1.28947,-0.06921,-0.47228,1.21341,-0.16553,-0.47482,1.38167,0.03895,-0.4586,1.54,0.11489,-0.24213,1.22709,0.31497,-0.37624,1.08424,0.45932,-0.40935,1.32755,0.36016,-0.3913,1.50204,0.34212,-0.12759,0.86912,-0.0186,-0.11219,0.46864,-0.05318,0.02244,0.09107,-0.10416,-0.15747,-0.03954,-0.12149,-0.1204,0.85525,0.13173,-0.25673,0.47736,0.11079,-0.19294,0.07843,0.11893,-0.38624,-0.02757,0.0854
8.46,-0.0725,0.93187,0.061,-0.26478,1.32702,0.13516,-0.41866,1.49439,0.14407,-0.2631,1.28943,-0.06871,-0.47309,1.21309,-0.16517,-0.47607,1.38095,0.03964,-0.46001,1.53928,0.1156,-0.24316,1.22703,0.31548,-0.37676,1.08338,0.45952,-0.41068,1.32684,0.36101,-0.39319,1.50145,0.34354,-0.12842,0.86913,-0.01813,-0.11231,0.4687,-0.05295,0.02224,0.09111,-0.10404,-0.15763,-0.03954,-0.12148,-0.12135,0.85527,0.13221,-0.25741,0.47731,0.11101,-0.19308,0.07845,0.11895,-0.38634,-0.02763,0.0854
8.48,-0.07343,0.93189,0.06153,-0.26584,1.32698,0.13569,-0.41958,1.49449,0.14448,-0.26413,1.2894,-0.06818,-0.47398,1.21279,-0.16475,-0.47735,1.38027,0.04036,-0.46134,1.53862,0.11629,-0.24422,1.22698,0.316,-0.3773,1.0826,0.45978,-0.41191,1.32617,0.36176,-0.39509,1.5009,0.34493,-0.12929,0.86914,-0.01763,-0.11242,0.46876,-0.05269,0.02204,0.09116,-0.10392,-0.15778,-0.03954,-0.12146,-0.12233,0.8553,0.13271,-0.25812,0.47725,0.11127,-0.19323,0.07848,0.119,-0.38644,-0.02768,0.08542
8.5,-0.07428,0.93191,0.06205,-0.26684,1.32693,0.13619,-0.42043,1.49458,0.14481,-0.26505,1.28937,-0.06768,-0.4747,1.21247,-0.16445,-0.47857,1.37951,0.04102,-0.46282,1.53786,0.11701,-0.24525,1.22692,0.3165,-0.37776,1.08166,0.45992,-0.41342,1.32543,0.36279,-0.39694,1.50024,0.34639,-0.13007,0.86916,-0.01716,-0.11254,0.46882,-0.05245,0.02184,0.09121,-0.10379,-0.15794,-0.03954,-0.12144,-0.12325,0.85533,0.13319,-0.25877,0.4772,0.11148,-0.19336,0.07851,0.11903,-0.38652,-0.02773,0.08543
8.52,-0.0749,0.93191,0.06252,-0.26765,1.32684,0.13664,-0.4211,1.49464,0.14499,-0.26566,1.28937,-0.06725,-0.47498,1.2121,-0.16443,-0.47963,1.37853,0.04151,-0.46475,1.53683,0.11778,-0.2462,1.22676,0.31693,-0.37802,1.08029,0.45975,-0.41569,1.32453,0.36457,-0.39858,1.49925,0.34794,-0.13058,0.86916,-0.01676,-0.11271,0.46886,-0.05227,0.02164,0.09125,-0.1037,-0.15809,-0.03955,-0.12145,-0.12396,0.85533,0.1336,-0.25926,0.47713,0.11154,-0.19341,0.07852,0.11902,-0.38654,-0.02777,0.08538
8.54,-0.07542,0.93191,0.06298,-0.26838,1.32674,0.13708,-0.42169,1.49469,0.14509,-0.26614,1.28937,-0.06683,-0.47508,1.21171,-0.16453,-0.48063,1.37746,0.04193,-0.46682,1.53567,0.1186,-0.2471,1.22658,0.31734,-0.37816,1.07874,0.45946,-0.41822,1.3235,0.36662,-0.40021,1.49809,0.34956,-0.13099,0.86917,-0.01639,-0.11287,0.4689,-0.05211,0.02146,0.09129,-0.1036,-0.15823,-0.03956,-0.12147,-0.12459,0.85532,0.13398,-0.25967,0.47707,0.11157,-0.19341,0.07853,0.119,-0.38652,-0.0278,0.08533
8.56,-0.07599,0.93191,0.06344,-0.26916,1.32665,0.13751,-0.42231,1.49474,0.14522,-0.26669,1.28937,-0.06641,-0.47526,1.21132,-0.16459,-0.48168,1.3764,0.04238,-0.46884,1.53452,0.1194,-0.24804,1.22641,0.31775,-0.37832,1.07725,0.4592,-0.42062,1.32244,0.36852,-0.40197,1.49694,0.35116,-0.13145,0.86917,-0.01601,-0.11303,0.46893,-0.05194,0.02127,0.09132,-0.1035,-0.15838,-0.03957,-0.12148,-0.12525,0.85532,0.13436,-0.26012,0.47701,0.11162,-0.19344,0.07853,0.11898,-0.38652,-0.02783,0.08529
8.58,-0.07657,0.9319,0.06391,-0.26994,1.32654,0.13796,-0.42296,1.49478,0.14538,-0.26724,1.28936,-0.06598,-0.47547,1.21098,-0.16461,-0.48265,1.37546,0.04282,-0.47084,1.53352,0.12012,-0.24898,1.22623,0.31817,-0.37856,1.07589,0.45902,-0.42307,1.32152,0.37059,-0.40348,1.49583,0.35239,-0.13191,0.86917,-0.01563,-0.11323,0.46896,-0.05177,0.02107,0.09136,-0.10341,-0.15852,-0.03958,-0.1215,-0.12594,0.8553,0.13475,-0.26059,0.47694,0.11164,-0.19346,0.07854,0.11896,-0.38651,-0.02787,0.08523
8.6,-0.07709,0.93191,0.06435,-0.27067,1.32645,0.13837,-0.42352,1.49485,0.14543,-0.26774,1.28937,-0.06557,-0.47554,1.21052,-0.16475,-0.48375,1.37424,0.04325,-0.47289,1.53214,0.121,-0.24987,1.22606,0.31856,-0.37855,1.07423,0.45864,-0.42543,1.32019,0.37238,-0.40559,1.49448,0.3543,-0.13233,0.86918,-0.01526,-0.11333,0.46901,-0.0516,0.0209,0.09139,-0.10331,-0.15865,-0.03959,-0.1215,-0.12655,0.85531,0.13513,-0.26097,0.47688,0.11171,-0.19347,0.07854,0.11896,-0.3865,-0.02789,0.0852
8.62,-0.07746,0.93198,0.06471,-0.27131,1.32639,0.13873,-0.42391,1.49505,0.14524,-0.26818,1.28939,-0.06524,-0.47525,1.20963,-0.16517,-0.4852,1.37227,0.04359,-0.47503,1.52973,0.12233,-0.25063,1.22593,0.31889,-0.37789,1.07189,0.45783,-0.42751,1.31791,0.37331,-0.40918,1.49264,0.35806,-0.13267,0.86924,-0.01491,-0.11315,0.46911,-0.05144,0.02082,0.09141,-0.10319,-0.15872,-0.03958,-0.12143,-0.12694,0.85539,0.13549,-0.26108,0.47688,0.11195,-0.1935,0.07855,0.11901,-0.38652,-0.02789,0.08524
8.64,-0.07778,0.93207,0.06504,-0.27191,1.32634,0.13905,-0.42421,1.49529,0.14492,-0.26857,1.28944,-0.06492,-0.47482,1.20863,-0.16572,-0.48677,1.36999,0.04393,-0.47722,1.52692,0.12381,-0.25134,1.22582,0.31919,-0.37694,1.06924,0.45681,-0.42948,1.31522,0.37393,-0.41342,1.49046,0.36257,-0.13298,0.86931,-0.01457,-0.1129,0.46922,-0.05128,0.02076,0.09141,-0.10306,-0.15879,-0.03956,-0.12135,-0.12727,0.8555,0.13583,-0.26112,0.47688,0.11224,-0.19354,0.07855,0.11909,-0.38656,-0.02789,0.0853
8.66,-0.07811,0.93215,0.06538,-0.27251,1.32629,0.13939,-0.42453,1.49551,0.14461,-0.26894,1.28949,-0.0646,-0.47443,1.20776,-0.16622,-0.48827,1.36781,0.04432,-0.47934,1.52426,0.12519,-0.25207,1.22569,0.3195,-0.37604,1.06669,0.45582,-0.43143,1.31262,0.37468,-0.41744,1.48823,0.3668,-0.1333,0.86937,-0.01423,-0.11267,0.46933,-0.05113,0.0207,0.09142,-0.10293,-0.15885,-0.03954,-0.12127,-0.12761,0.85559,0.13618,-0.26118,0.47688,0.11249,-0.19356,0.07855,0.11915,-0.38658,-0.02789,0.08535
8.68,-0.07845,0.93224,0.06572,-0.27316,1.32623,0.13972,-0.4249,1.49571,0.14448,-0.26943,1.28949,-0.06428,-0.47408,1.20663,-0.16668,-0.48968,1.36574,0.04444,-0.48148,1.52154,0.12663,-0.25277,1.22559,0.31981,-0.37514,1.06448,0.45509,-0.43344,1.31022,0.37544,-0.42127,1.48609,0.37075,-0.13363,0.86944,-0.01388,-0.11242,0.46945,-0.05097,0.02064,0.09144,-0.10281,-0.15891,-0.03952,-0.12119,-0.12796,0.8557,0.13653,-0.26124,0.47689,0.11277,-0.19359,0.07856,0.11923,-0.38661,-0.02788,0.0854
8.7,-0.07878,0.93232,0.06605,-0.27371,1.3262,0.14005,-0.42515,1.49597,0.14395,-0.26969,1.2896,-0.06397,-0.47359,1.20601,-0.16726,-0.49126,1.36332,0.04504,-0.48358,1.51877,0.12796,-0.25354,1.22544,0.3201,-0.37401,1.06159,0.45378,-0.43522,1.30725,0.3761,-0.4258,1.48335,0.37543,-0.13393,0.86951,-0.01355,-0.11223,0.46955,-0.05082,0.02056,0.09145,-0.10269,-0.15899,-0.0395,-0.12112,-0.12831,0.85579,0.13686,-0.2613,0.47689,0.11302,-0.19362,0.07856,0.11929,-0.38663,-0.02787,0.08545
8.72,-0.07905,0.93239,0.06635,-0.27399,1.32626,0.14037,-0.4251,1.49637,0.14225,-0.26923,1.29005,-0.0637,-0.47285,1.20708,-0.16803,-0.49335,1.36003,0.04719,-0.4853,1.5161,0.12891,-0.25457,1.22514,0.3203,-0.37234,1.05688,0.45087,-0.43629,1.30288,0.37654,-0.43192,1.47909,0.3819,-0.13411,0.86957,-0.01331,-0.11216,0.46964,-0.05073,0.02046,0.09148,-0.10259,-0.15907,-0.03948,-0.12113,-0.12866,0.85587,0.13711,-0.26138,0.47688,0.11314,-0.19359,0.07857,0.11929,-0.38659,-0.02787,0.08542
8.74,-0.07931,0.93245,0.06663,-0.27418,1.32635,0.14068,-0.42488,1.49683,0.14017,-0.26853,1.29061,-0.06345,-0.47196,1.20863,-0.16893,-0.49558,1.35628,0.04964,-0.4867,1.51316,0.1297,-0.25567,1.2248,0.32046,-0.37024,1.0516,0.44738,-0.43707,1.29797,0.37688,-0.439,1.4739,0.38875,-0.13425,0.86962,-0.01311,-0.11214,0.46972,-0.05065,0.02035,0.09151,-0.10251,-0.15917,-0.03947,-0.12116,-0.12903,0.85593,0.13732,-0.26146,0.47685,0.11321,-0.19354,0.07856,0.11928,-0.38655,-0.02787,0.08538
8.76,-0.07959,0.93252,0.06692,-0.27441,1.32644,0.14099,-0.42467,1.49729,0.13834,-0.26797,1.29111,-0.06319,-0.47108,1.20983,-0.16983,-0.49765,1.3526,0.05162,-0.48798,1.51001,0.13052,-0.25671,1.22451,0.32064,-0.36799,1.04678,0.44418,-0.43791,1.2933,0.37729,-0.44604,1.46857,0.39496,-0.13442,0.86968,-0.01288,-0.1121,0.4698,-0.05056,0.02023,0.09154,-0.10241,-0.15926,-0.03945,-0.12117,-0.1294,0.85601,0.13755,-0.26154,0.47684,0.11332,-0.19351,0.07857,0.11928,-0.38651,-0.02786,0.08535
8.78,-0.07983,0.93258,0.06722,-0.27466,1.32649,0.14132,-0.42454,1.49761,0.13623,-0.26729,1.29165,-0.06291,-0.47044,1.21163,-0.17043,-0.49998,1.34873,0.05421,-0.48836,1.5069,0.13131,-0.25791,1.2241,0.32081,-0.36572,1.04196,0.44093,-0.43841,1.28861,0.37761,-0.45267,1.46279,0.40117,-0.13455,0.86974,-0.01266,-0.11205,0.46988,-0.05048,0.02012,0.09156,-0.10233,-0.15935,-0.03944,-0.1212,-0.12974,0.85608,0.13779,-0.26162,0.47682,0.1134,-0.19347,0.07857,0.11927,-0.38646,-0.02786,0.08531
8.8,-0.08014,0.93265,0.06748,-0.27483,1.32663,0.1416,-0.42411,1.49821,0.13459,-0.2668,1.29212,-0.06267,-0.46922,1.21228,-0.17169,-0.50172,1.3448,0.05528,-0.48982,1.50313,0.13202,-0.25878,1.22392,0.32096,-0.36277,1.03738,0.43767,-0.43929,1.28381,0.37807,-0.46072,1.45652,0.40649,-0.13476,0.86979,-0.01246,-0.11204,0.46996,-0.05038,0.02,0.09159,-0.10222,-0.15944,-0.03943,-0.12121,-0.13014,0.85616,0.138,-0.2617,0.4768,0.11351,-0.19344,0.07856,0.11928,-0.38643,-0.02786,0.08529
8.82,-0.08067,0.93276,0.06761,-0.27483,1.32701,0.14168,-0.42303,1.4995,0.13441,-0.26698,1.29241,-0.06257,-0.46648,1.20963,-0.17473,-0.50164,1.34129,0.05234,-0.49505,1.49819,0.13255,-0.25878,1.22436,0.32108,-0.35847,1.0335,0.43451,-0.44126,1.27882,0.37887,-0.47173,1.44973,0.40983,-0.13523,0.86987,-0.01234,-0.11221,0.47006,-0.05029,0.01985,0.09169,-0.10205,-0.15954,-0.03939,-0.12122,-0.13072,0.85629,0.13812,-0.26183,0.47677,0.11369,-0.19348,0.07855,0.1193,-0.38647,-0.02787,0.0853
8.84,-0.08128,0.93289,0.06768,-0.27474,1.3275,0.14169,-0.42168,1.50107,0.13467,-0.26736,1.29264,-0.06254,-0.46304,1.20597,-0.17843,-0.50085,1.33784,0.0481,-0.50122,1.49233,0.13313,-0.25846,1.22504,0.32118,-0.35348,1.0299,0.43129,-0.44358,1.27355,0.37981,-0.48368,1.44217,0.4123,-0.1358,0.86996,-0.01227,-0.11243,0.47017,-0.05021,0.01969,0.0918,-0.10185,-0.15963,-0.03933,-0.12123,-0.13136,0.85646,0.1382,-0.26196,0.47675,0.11389,-0.19355,0.07854,0.11933,-0.38654,-0.02788,0.08531
8.86,-0.08185,0.93301,0.06777,-0.27466,1.32794,0.14173,-0.42042,1.50252,0.13466,-0.26762,1.29291,-0.06248,-0.45975,1.20302,-0.18179,-0.50028,1.3343,0.0446,-0.50639,1.48632,0.13378,-0.25827,1.22561,0.32128,-0.34845,1.02634,0.42801,-0.44556,1.26813,0.3807,-0.49483,1.43399,0.41478,-0.13633,0.87005,-0.01218,-0.11261,0.47027,-0.05012,0.01954,0.0919,-0.10167,-0.15972,-0.03929,-0.12123,-0.13197,0.85661,0.1383,-0.26207,0.47673,0.11408,-0.19361,0.07852,0.11936,-0.3866,-0.02789,0.08533
8.88,-0.0824,0.93313,0.06791,-0.27466,1.32834,0.14181,-0.41924,1.5039,0.13491,-0.26797,1.29312,-0.06238,-0.45641,1.19995,-0.18502,-0.49916,1.33123,0.04097,-0.51082,1.4802,0.13461,-0.25812,1.22614,0.32143,-0.3433,1.02306,0.42502,-0.44697,1.26285,0.38161,-0.50487,1.42564,0.41689,-0.13682,0.87013,-0.01205,-0.11282,0.47038,-0.05001,0.01938,0.09201,-0.10147,-0.15981,-0.03924,-0.12123,-0.13257,0.85676,0.13844,-0.2622,0.47671,0.1143,-0.19365,0.07851,0.1194,-0.38664,-0.02789,0.08536
8.9,-0.08303,0.93326,0.06793,-0.27449,1.32887,0.14178,-0.4178,1.50546,0.13473,-0.26819,1.29345,-0.06239,-0.45274,1.19727,-0.18857,-0.49866,1.32729,0.03752,-0.51566,1.47306,0.13529,-0.25783,1.22681,0.32146,-0.33765,1.01975,0.4214,-0.44914,1.2568,0.38253,-0.51614,1.41585,0.41874,-0.13742,0.87022,-0.01202,-0.11301,0.47049,-0.04996,0.01923,0.09212,-0.10129,-0.1599,-0.03919,-0.12123,-0.13322,0.85692,0.13848,-0.26233,0.47669,0.11447,-0.19374,0.0785,0.11944,-0.38673,-0.0279,0.08538
8.92,-0.08386,0.93345,0.0677,-0.27388,1.32976,0.14151,-0.41578,1.50743,0.13331,-0.26807,1.29412,-0.06263,-0.44866,1.19583,-0.19285,-0.50008,1.32098,0.0348,-0.52228,1.46423,0.13522,-0.25722,1.22783,0.32126,-0.33088,1.01615,0.41612,-0.45328,1.2487,0.38338,-0.53076,1.40268,0.4206,-0.13829,0.87036,-0.01218,-0.11313,0.47067,-0.05,0.01908,0.09226,-0.10108,-0.15997,-0.03913,-0.12119,-0.13401,0.85715,0.13832,-0.26251,0.4767,0.11456,-0.19392,0.07851,0.11948,-0.38691,-0.02789,0.08541
8.94,-0.08476,0.93367,0.06735,-0.27307,1.3308,0.14112,-0.4135,1.50957,0.13145,-0.26781,1.29493,-0.06299,-0.44428,1.19484,-0.19743,-0.50203,1.31363,0.03211,-0.52962,1.4544,0.13468,-0.25646,1.22898,0.32095,-0.32346,1.0127,0.41018,-0.45788,1.23937,0.38407,-0.54609,1.38728,0.422,-0.13926,0.87053,-0.01244,-0.11322,0.47088,-0.05011,0.01895,0.09241,-0.10089,-0.16003,-0.03906,-0.12115,-0.13485,0.85742,0.13806,-0.26269,0.47672,0.1146,-0.19413,0.07853,0.11953,-0.38712,-0.02787,0.08543
8.96,-0.08563,0.93388,0.06704,-0.27234,1.33177,0.14077,-0.4113,1.51161,0.12978,-0.26759,1.29568,-0.06332,-0.43985,1.19381,-0.20182,-0.50346,1.30655,0.02921,-0.53641,1.44445,0.13407,-0.25577,1.23007,0.32067,-0.31592,1.00965,0.40449,-0.46169,1.22985,0.38463,-0.55987,1.37125,0.42289,-0.14019,0.87069,-0.01267,-0.11334,0.47107,-0.05019,0.01881,0.09256,-0.1007,-0.16009,-0.03899,-0.12111,-0.13567,0.85767,0.13784,-0.26287,0.47675,0.11465,-0.19433,0.07855,0.11957,-0.38732,-0.02785,0.08546
8.98,-0.08652,0.93407,0.06681,-0.27167,1.3327,0.14049,-0.40919,1.51355,0.1281,-0.26748,1.29637,-0.06357,-0.43567,1.19316,-0.20603,-0.50428,1.29984,0.02645,-0.5421,1.43488,0.13337,-0.25508,1.23114,0.32046,-0.30779,1.00683,0.39882,-0.46441,1.21994,0.38506,-0.57177,1.35436,0.42383,-0.14114,0.87084,-0.01283,-0.11342,0.47127,-0.05023,0.01867,0.0927,-0.10049,-0.16015,-0.03893,-0.12107,-0.1365,0.8579,0.13769,-0.26309,0.47676,0.11475,-0.19454,0.07856,0.11963,-0.38752,-0.02783,0.08549
9,-0.08736,0.93429,0.06637,-0.2708,1.33372,0.14001,-0.40678,1.51564,0.12629,-0.26707,1.2972,-0.06403,-0.43068,1.19227,-0.2105,-0.50571,1.2919,0.02311,-0.5493,1.42347,0.13214,-0.25433,1.23225,0.32004,-0.29988,1.00454,0.39287,-0.46783,1.20915,0.38526,-0.5844,1.33588,0.42332,-0.14203,0.871,-0.01318,-0.11356,0.47146,-0.05039,0.01854,0.09286,-0.10033,-0.1602,-0.03886,-0.12106,-0.13729,0.85817,0.13734,-0.26319,0.47678,0.11474,-0.19472,0.07857,0.11965,-0.3877,-0.02782,0.0855
9.02,-0.08809,0.93459,0.06544,-0.26949,1.33496,0.13904,-0.40366,1.51813,0.12425,-0.26592,1.29841,-0.06499,-0.42359,1.19056,-0.21578,-0.50862,1.28081,0.01822,-0.56027,1.40734,0.12967,-0.25357,1.2334,0.31908,-0.29323,1.00292,0.38643,-0.47377,1.19666,0.38483,-0.60075,1.31409,0.41922,-0.14278,0.87119,-0.01402,-0.11391,0.47165,-0.0508,0.01839,0.09306,-0.1003,-0.16027,-0.03876,-0.1211,-0.138,0.85856,0.13652,-0.26299,0.47683,0.11452,-0.19487,0.07856,0.11959,-0.38786,-0.02783,0.0855
9.04,-0.08876,0.93492,0.0643,-0.26798,1.33628,0.13787,-0.40023,1.52075,0.12209,-0.26445,1.29977,-0.06617,-0.41559,1.1887,-0.22127,-0.51158,1.26814,0.01242,-0.57198,1.38863,0.12613,-0.25276,1.23459,0.31789,-0.28694,1.00171,0.37977,-0.4801,1.18284,0.38379,-0.61722,1.28977,0.41309,-0.14345,0.8714,-0.01506,-0.11433,0.47183,-0.05132,0.01825,0.09327,-0.10031,-0.16033,-0.03865,-0.12117,-0.13866,0.85899,0.13549,-0.26265,0.4769,0.1142,-0.19499,0.07855,0.1195,-0.38799,-0.02785,0.08549
9.06,-0.08945,0.93523,0.06323,-0.26653,1.33754,0.13676,-0.3969,1.52327,0.11996,-0.26311,1.30103,-0.06728,-0.40781,1.18723,-0.22647,-0.51353,1.25567,0.00649,-0.58204,1.36982,0.12213,-0.25194,1.23575,0.31678,-0.28028,1.00071,0.37321,-0.48499,1.16847,0.38234,-0.63094,1.26442,0.4066,-0.14415,0.8716,-0.01604,-0.11471,0.47201,-0.05181,0.01811,0.09347,-0.10032,-0.16039,-0.03855,-0.12124,-0.13934,0.8594,0.13453,-0.26237,0.47696,0.1139,-0.19512,0.07854,0.11942,-0.38814,-0.02786,0.08549
9.08,-0.09018,0.93554,0.06226,-0.26516,1.33878,0.13575,-0.3936,1.52574,0.11788,-0.26179,1.30229,-0.06831,-0.39992,1.18644,-0.23179,-0.51418,1.24322,0.00027,-0.59022,1.35068,0.11761,-0.25125,1.23688,0.31575,-0.27319,0.99991,0.36669,-0.48852,1.15348,0.38016,-0.64283,1.23677,0.39877,-0.14489,0.8718,-0.01691,-0.11512,0.47219,-0.05222,0.01795,0.09368,-0.10028,-0.16045,-0.03844,-0.12129,-0.14005,0.8598,0.13368,-0.26211,0.47702,0.11369,-0.19527,0.07854,0.11938,-0.3883,-0.02787,0.08552
9.1,-0.09081,0.93586,0.06103,-0.26356,1.34006,0.13448,-0.3901,1.52823,0.11566,-0.26034,1.30357,-0.06957,-0.39174,1.18503,-0.23665,-0.5151,1.22965,-0.0066,-0.599,1.32955,0.11206,-0.25027,1.23808,0.31448,-0.26663,0.99957,0.36008,-0.49196,1.13758,0.37777,-0.65259,1.20926,0.39043,-0.14552,0.872,-0.01805,-0.11548,0.47237,-0.05281,0.01782,0.09387,-0.10034,-0.16052,-0.03834,-0.12137,-0.14068,0.86022,0.13255,-0.26177,0.47709,0.11328,-0.19538,0.07854,0.11927,-0.38842,-0.02787,0.0855
9.12,-0.09122,0.93617,0.05915,-0.26145,1.34144,0.1326,-0.38618,1.53074,0.11312,-0.25873,1.30481,-0.07143,-0.38309,1.18138,-0.24034,-0.5177,1.21316,-0.0145,-0.6106,1.30381,0.10487,-0.24851,1.23949,0.31265,-0.26167,0.99987,0.35318,-0.49656,1.12008,0.37572,-0.66083,1.1839,0.38213,-0.14587,0.87221,-0.01988,-0.11574,0.47251,-0.05388,0.01771,0.09398,-0.1007,-0.16063,-0.03826,-0.12156,-0.14114,0.86062,0.13074,-0.26125,0.47715,0.11233,-0.19539,0.07852,0.11897,-0.38846,-0.02787,0.08532
9.14,-0.09153,0.93647,0.05702,-0.25912,1.34284,0.1305,-0.38207,1.53324,0.11045,-0.257,1.30604,-0.07352,-0.37399,1.17717,-0.24362,-0.51978,1.19503,-0.02326,-0.62158,1.27519,0.09635,-0.24647,1.24093,0.31059,-0.25738,1.00042,0.34617,-0.50069,1.10145,0.3731,-0.66804,1.15703,0.37177,-0.14611,0.8724,-0.02198,-0.11595,0.47264,-0.05513,0.0176,0.09405,-0.10116,-0.16076,-0.0382,-0.12177,-0.14151,0.86102,0.12866,-0.26066,0.4772,0.11119,-0.19537,0.07849,0.11863,-0.38847,-0.02787,0.0851
9.16,-0.09188,0.93678,0.05498,-0.25687,1.3442,0.12847,-0.37803,1.53569,0.10781,-0.25528,1.30728,-0.07553,-0.36475,1.17377,-0.24706,-0.51988,1.17696,-0.03245,-0.62952,1.24615,0.08709,-0.24459,1.24233,0.3086,-0.25279,1.00102,0.33918,-0.50298,1.08243,0.36938,-0.67325,1.12719,0.35931,-0.14639,0.87261,-0.02398,-0.11619,0.47278,-0.05631,0.01749,0.09414,-0.10159,-0.16089,-0.03812,-0.12198,-0.14191,0.86142,0.12668,-0.26012,0.47726,0.11012,-0.19536,0.07849,0.1183,-0.3885,-0.02785,0.0849
9.18,-0.09228,0.93711,0.05302,-0.25464,1.34558,0.12653,-0.37399,1.53814,0.10528,-0.25372,1.30849,-0.07743,-0.35535,1.1706,-0.25032,-0.5182,1.1581,-0.04186,-0.6349,1.21541,0.07728,-0.24259,1.24378,0.30672,-0.24787,1.00179,0.33215,-0.50348,1.06269,0.36512,-0.67575,1.09429,0.3445,-0.14673,0.87283,-0.02589,-0.11646,0.47294,-0.05743,0.01735,0.09426,-0.10196,-0.16102,-0.03803,-0.12216,-0.14236,0.86184,0.12479,-0.25955,0.47734,0.10913,-0.19538,0.07848,0.11801,-0.38855,-0.02783,0.08472
9.2,-0.09253,0.93738,0.05084,-0.2523,1.34688,0.12435,-0.36984,1.54047,0.10248,-0.25176,1.30971,-0.07961,-0.34558,1.16786,-0.2537,-0.51529,1.13962,-0.05237,-0.63809,1.1848,0.06586,-0.24074,1.24505,0.30456,-0.24369,1.00257,0.32513,-0.50317,1.04304,0.35927,-0.67594,1.0611,0.32888,-0.1469,0.873,-0.02805,-0.11662,0.47304,-0.05872,0.01728,0.09431,-0.10246,-0.16114,-0.03796,-0.1224,-0.14268,0.8622,0.12265,-0.25901,0.4774,0.10794,-0.19534,0.07848,0.11765,-0.38855,-0.02781,0.08449
9.22,-0.09244,0.93744,0.04815,-0.24973,1.34791,0.12158,-0.36546,1.54252,0.09908,-0.24876,1.31097,-0.08241,-0.33516,1.16568,-0.2575,-0.51199,1.12263,-0.06512,-0.63996,1.15624,0.05146,-0.23944,1.24582,0.30172,-0.2414,1.00301,0.31822,-0.50336,1.02433,0.35067,-0.67576,1.03331,0.31462,-0.14667,0.87299,-0.03078,-0.11649,0.47295,-0.06045,0.01734,0.09409,-0.1033,-0.16129,-0.03798,-0.12276,-0.14272,0.86232,0.11993,-0.25864,0.47735,0.10629,-0.19518,0.07843,0.11713,-0.38843,-0.02784,0.08413
9.24,-0.09221,0.93744,0.04525,-0.24706,1.34885,0.11859,-0.36098,1.54445,0.09544,-0.24537,1.31222,-0.08546,-0.32443,1.16376,-0.26136,-0.5076,1.10618,-0.07897,-0.64002,1.12821,0.03538,-0.23832,1.24641,0.29861,-0.23984,1.00338,0.31136,-0.50302,1.00611,0.34068,-0.67474,1.00822,0.30063,-0.14627,0.87294,-0.03375,-0.11625,0.47281,-0.06234,0.01744,0.09379,-0.10427,-0.16144,-0.038,-0.12317,-0.14263,0.86237,0.11698,-0.25832,0.47729,0.10445,-0.19498,0.07839,0.11654,-0.38827,-0.02787,0.08371
9.26,-0.09203,0.93748,0.04244,-0.24443,1.34982,0.11569,-0.35654,1.54639,0.09192,-0.24215,1.31345,-0.08839,-0.31366,1.16205,-0.26502,-0.5014,1.08956,-0.09288,-0.63746,1.09952,0.01887,-0.23711,1.24709,0.29561,-0.2379,1.00388,0.30452,-0.50098,0.98789,0.33036,-0.67143,0.98273,0.28544,-0.14594,0.87292,-0.03661,-0.11606,0.47271,-0.06416,0.01752,0.09355,-0.10517,-0.1616,-0.038,-0.12356,-0.14259,0.86246,0.11413,-0.25797,0.47726,0.10269,-0.19482,0.07836,0.11599,-0.38814,-0.02787,0.08332
9.28,-0.0919,0.9375,0.03966,-0.24178,1.35077,0.11286,-0.352,1.54833,0.08847,-0.23889,1.31467,-0.09127,-0.30244,1.16051,-0.26855,-0.49339,1.07241,-0.10759,-0.63216,1.06946,0.00118,-0.23593,1.24774,0.29266,-0.23582,1.00442,0.29762,-0.49743,0.96935,0.31911,-0.66614,0.95731,0.26922,-0.14566,0.87287,-0.03944,-0.11587,0.47259,-0.06597,0.01759,0.09329,-0.10607,-0.16178,-0.038,-0.12395,-0.1426,0.86253,0.11131,-0.25766,0.47721,0.10096,-0.19466,0.07833,0.11544,-0.38803,-0.02788,0.08294
9.3,-0.09162,0.93752,0.03676,-0.23912,1.35167,0.10987,-0.34758,1.55012,0.08485,-0.23556,1.31582,-0.09429,-0.29168,1.15929,-0.27201,-0.4843,1.05697,-0.12181,-0.62499,1.04209,-0.01653,-0.23473,1.24836,0.28955,-0.23409,1.00499,0.29091,-0.49307,0.95232,0.3078,-0.65993,0.9342,0.25367,-0.14522,0.87285,-0.04241,-0.11567,0.47247,-0.06784,0.01766,0.09303,-0.10702,-0.16193,-0.03801,-0.12436,-0.14245,0.8626,0.10836,-0.25729,0.47718,0.09912,-0.19448,0.07831,0.11485,-0.38789,-0.02788,0.08252
9.32,-0.09094,0.93754,0.03358,-0.2364,1.35244,0.1065,-0.34346,1.55156,0.08079,-0.23217,1.31679,-0.09768,-0.28247,1.1584,-0.27548,-0.47562,1.04534,-0.1339,-0.61804,1.02163,-0.03266,-0.23338,1.24891,0.28609,-0.2331,1.00554,0.2847,-0.48897,0.93852,0.2977,-0.65421,0.91522,0.24069,-0.1444,0.87286,-0.04568,-0.11548,0.47235,-0.06982,0.01779,0.0928,-0.10805,-0.16198,-0.03807,-0.12482,-0.1419,0.86263,0.10509,-0.25675,0.47718,0.09704,-0.19421,0.07833,0.11416,-0.38766,-0.02785,0.08203
9.34,-0.0901,0.93756,0.03029,-0.23366,1.35316,0.103,-0.33946,1.55286,0.07656,-0.22871,1.31769,-0.1012,-0.27383,1.15768,-0.27894,-0.4669,1.03537,-0.14516,-0.6108,1.00409,-0.04814,-0.23199,1.24943,0.28249,-0.23246,1.00609,0.27867,-0.48477,0.92615,0.28792,-0.64848,0.89812,0.22866,-0.14342,0.87288,-0.04907,-0.11527,0.47225,-0.07186,0.01794,0.09258,-0.10914,-0.162,-0.03814,-0.12532,-0.14119,0.86264,0.10171,-0.25613,0.4772,0.09486,-0.1939,0.07837,0.11341,-0.38739,-0.0278,0.08151
9.36,-0.08932,0.93758,0.02707,-0.23092,1.35388,0.09959,-0.3354,1.55418,0.07244,-0.22525,1.31861,-0.10463,-0.26487,1.15704,-0.28227,-0.45713,1.02509,-0.15673,-0.60188,0.98574,-0.06401,-0.23062,1.24996,0.27897,-0.23169,1.00667,0.27257,-0.47958,0.91364,0.27767,-0.64149,0.8809,0.21594,-0.14249,0.8729,-0.05239,-0.11506,0.47214,-0.07386,0.01808,0.09236,-0.1102,-0.16203,-0.0382,-0.1258,-0.14054,0.86266,0.09839,-0.25554,0.47722,0.09273,-0.19361,0.07841,0.11269,-0.38714,-0.02775,0.08101
9.38,-0.08856,0.93759,0.02378,-0.22816,1.3546,0.09612,-0.33122,1.55553,0.06828,-0.22183,1.31949,-0.1081,-0.25568,1.15636,-0.28551,-0.44627,1.01429,-0.1688,-0.5914,0.96653,-0.08073,-0.22919,1.2505,0.2754,-0.23063,1.0073,0.26644,-0.47322,0.90107,0.26714,-0.6331,0.86338,0.20298,-0.1416,0.87291,-0.05576,-0.11491,0.47203,-0.07589,0.01819,0.09214,-0.11129,-0.16209,-0.03824,-0.12631,-0.1399,0.86267,0.09502,-0.25498,0.47724,0.09057,-0.19335,0.07845,0.11196,-0.38692,-0.02769,0.0805
9.4,-0.08774,0.93761,0.0206,-0.22545,1.35528,0.09274,-0.32731,1.55673,0.06418,-0.21833,1.32037,-0.11149,-0.24699,1.15602,-0.28869,-0.4357,1.00563,-0.17959,-0.58076,0.95057,-0.09578,-0.2279,1.25099,0.2719,-0.23018,1.0079,0.26043,-0.46726,0.88995,0.25683,-0.62516,0.84809,0.19038,-0.14062,0.87294,-0.05906,-0.11466,0.47195,-0.07789,0.0183,0.09192,-0.11237,-0.16215,-0.03829,-0.12682,-0.13923,0.86269,0.09173,-0.25437,0.47726,0.08845,-0.19305,0.07851,0.11122,-0.38667,-0.02763,0.07999
9.42,-0.08682,0.93766,0.01769,-0.22289,1.35591,0.08959,-0.32408,1.55758,0.06019,-0.21464,1.32126,-0.11465,-0.23955,1.15637,-0.29191,-0.4273,1.00169,-0.18723,-0.57213,0.9418,-0.10639,-0.22701,1.25137,0.26857,-0.2313,1.00843,0.25462,-0.46371,0.88168,0.24714,-0.62003,0.83759,0.17847,-0.13947,0.87302,-0.06215,-0.11416,0.47194,-0.07983,0.01839,0.09169,-0.11344,-0.16221,-0.03838,-0.12729,-0.13851,0.8627,0.08864,-0.25371,0.47729,0.08646,-0.19267,0.07856,0.11047,-0.38632,-0.02756,0.07946
9.44,-0.08585,0.93772,0.01489,-0.2204,1.35651,0.08653,-0.32111,1.55828,0.05625,-0.2109,1.32215,-0.1177,-0.23269,1.15695,-0.29509,-0.41994,0.99961,-0.19353,-0.56451,0.93601,-0.11509,-0.22626,1.2517,0.2653,-0.23303,1.00897,0.24888,-0.46102,0.87472,0.23765,-0.61599,0.8291,0.16691,-0.13824,0.87313,-0.06516,-0.11356,0.47196,-0.08176,0.01846,0.09146,-0.11452,-0.16228,-0.03849,-0.12777,-0.13777,0.86272,0.08563,-0.25303,0.47732,0.08452,-0.19225,0.07863,0.10972,-0.38594,-0.0275,0.07892
9.46,-0.08491,0.93777,0.01206,-0.21789,1.3571,0.08346,-0.31805,1.55902,0.05232,-0.2072,1.32301,-0.12076,-0.22565,1.15742,-0.29815,-0.41208,0.99683,-0.20022,-0.5562,0.92922,-0.12436,-0.22546,1.25205,0.26202,-0.23448,1.00958,0.24311,-0.45753,0.86762,0.22794,-0.61102,0.82017,0.15522,-0.13705,0.87322,-0.06818,-0.11303,0.47197,-0.08368,0.01851,0.09123,-0.11559,-0.16237,-0.03857,-0.12825,-0.13705,0.86273,0.08259,-0.25237,0.47735,0.08256,-0.19187,0.07869,0.10896,-0.3856,-0.02742,0.07837
9.48,-0.08395,0.93783,0.00913,-0.21531,1.35771,0.08031,-0.31482,1.55981,0.04831,-0.20341,1.32389,-0.12388,-0.21818,1.15791,-0.30127,-0.40344,0.99371,-0.2072,-0.5468,0.92162,-0.13408,-0.2246,1.25241,0.25865,-0.23572,1.01024,0.23717,-0.45323,0.86039,0.218,-0.60523,0.81131,0.14325,-0.13586,0.87332,-0.0713,-0.11248,0.47199,-0.08566,0.01857,0.09101,-0.11672,-0.16246,-0.03864,-0.12876,-0.13629,0.86276,0.07947,-0.25169,0.4774,0.08055,-0.19151,0.07878,0.10819,-0.38528,-0.02733,0.07783
9.5,-0.08301,0.93787,0.00644,-0.21289,1.35825,0.07738,-0.31196,1.56042,0.0445,-0.19977,1.32468,-0.12678,-0.2117,1.1584,-0.30409,-0.39635,0.99183,-0.21304,-0.5392,0.91663,-0.14205,-0.22388,1.25272,0.25549,-0.23742,1.01091,0.23154,-0.44984,0.85446,0.20835,-0.60038,0.80355,0.13191,-0.13464,0.87341,-0.0742,-0.11195,0.472,-0.08754,0.01859,0.09078,-0.11777,-0.16259,-0.03873,-0.12925,-0.13559,0.86276,0.07656,-0.25107,0.47742,0.07865,-0.19112,0.07885,0.10744,-0.38494,-0.02723,0.07728
9.52,-0.08207,0.93788,0.00434,-0.2108,1.35866,0.07497,-0.31001,1.56062,0.04118,-0.19649,1.3253,-0.12914,-0.20783,1.15871,-0.3062,-0.3935,0.99267,-0.21625,-0.53681,0.91771,-0.14597,-0.22334,1.25296,0.25288,-0.24019,1.01158,0.22671,-0.44922,0.85125,0.19965,-0.59828,0.79753,0.12223,-0.13331,0.87348,-0.0766,-0.11142,0.47201,-0.08919,0.01857,0.09053,-0.11863,-0.16271,-0.03886,-0.12971,-0.135,0.86271,0.07415,-0.25049,0.47739,0.07701,-0.19058,0.07888,0.10673,-0.38446,-0.02713,0.07672
9.54,-0.08114,0.93787,0.00248,-0.20888,1.35901,0.0728,-0.30842,1.56064,0.03807,-0.19335,1.32585,-0.13126,-0.20493,1.15901,-0.30807,-0.39228,0.99468,-0.21848,-0.53647,0.92125,-0.14837,-0.22295,1.25313,0.25048,-0.2434,1.01228,0.22216,-0.44972,0.84916,0.19125,-0.59724,0.79245,0.11303,-0.13194,0.87354,-0.07879,-0.1109,0.472,-0.09076,0.01853,0.09028,-0.11944,-0.16284,-0.03901,-0.13018,-0.13444,0.86264,0.07194,-0.24997,0.47734,0.07547,-0.19001,0.0789,0.10603,-0.38395,-0.02703,0.07615
9.56,-0.08022,0.93786,0.00055,-0.20694,1.35935,0.07058,-0.30669,1.56072,0.03491,-0.19015,1.32641,-0.13341,-0.20156,1.15937,-0.31004,-0.39031,0.99625,-0.22117,-0.5352,0.92379,-0.1515,-0.22257,1.25329,0.24802,-0.24639,1.01302,0.21743,-0.44956,0.84677,0.18262,-0.59545,0.7873,0.10339,-0.1306,0.8736,-0.08103,-0.11041,0.47199,-0.09235,0.01848,0.09003,-0.12029,-0.163,-0.03914,-0.13065,-0.13387,0.86258,0.06967,-0.24948,0.4773,0.07392,-0.18949,0.07893,0.10534,-0.3835,-0.02691,0.07559
9.58,-0.07927,0.9379,-0.00154,-0.20479,1.3598,0.06818,-0.30481,1.56086,0.03157,-0.18694,1.327,-0.13574,-0.19838,1.15954,-0.31197,-0.38841,0.99755,-0.22375,-0.53392,0.926,-0.15442,-0.22186,1.25362,0.24542,-0.24926,1.01403,0.21266,-0.44909,0.84454,0.17422,-0.59321,0.78175,0.09432,-0.12921,0.87369,-0.08344,-0.10987,0.47203,-0.09404,0.01841,0.08981,-0.12118,-0.16316,-0.03926,-0.13117,-0.13329,0.86257,0.06723,-0.24883,0.47728,0.07224,-0.18895,0.07897,0.1046,-0.38304,-0.02678,0.07499
9.6,-0.07837,0.93783,-0.00323,-0.20309,1.36001,0.06626,-0.30328,1.56081,0.02868,-0.18378,1.3275,-0.13758,-0.19507,1.16007,-0.31384,-0.38675,0.99968,-0.22628,-0.53311,0.92948,-0.15738,-0.22185,1.25358,0.24318,-0.25233,1.0147,0.20798,-0.44913,0.84267,0.16546,-0.59152,0.7777,0.0842,-0.12791,0.8737,-0.08543,-0.10942,0.47198,-0.09552,0.01836,0.08955,-0.12202,-0.16333,-0.03938,-0.13165,-0.13273,0.86243,0.06521,-0.24854,0.47723,0.07084,-0.18847,0.07901,0.10394,-0.38262,-0.02665,0.07446
9.62,-0.07749,0.93746,-0.00399,-0.20243,1.35958,0.06544,-0.30244,1.56029,0.02687,-0.18043,1.32782,-0.13824,-0.19068,1.16167,-0.31579,-0.38485,1.00372,-0.22928,-0.53267,0.93569,-0.16131,-0.22375,1.25251,0.24168,-0.25583,1.01434,0.20327,-0.45026,0.8411,0.15514,-0.59107,0.77704,0.07047,-0.12676,0.87346,-0.08646,-0.10916,0.4717,-0.09648,0.01845,0.08919,-0.12272,-0.16344,-0.03948,-0.13199,-0.13206,0.86195,0.06415,-0.2491,0.47713,0.07014,-0.18805,0.07907,0.10344,-0.38226,-0.02651,0.07408
9.64,-0.07665,0.93698,-0.00435,-0.2022,1.35892,0.06507,-0.30192,1.55958,0.02552,-0.17714,1.32805,-0.13839,-0.18611,1.16365,-0.31763,-0.38306,1.00859,-0.23219,-0.53251,0.94315,-0.16525,-0.22631,1.25109,0.24048,-0.25941,1.01363,0.19862,-0.45177,0.83986,0.14447,-0.59107,0.77791,0.05584,-0.1257,0.87313,-0.08706,-0.10896,0.47134,-0.09723,0.01859,0.08881,-0.12337,-0.16351,-0.03959,-0.13228,-0.1314,0.86134,0.06351,-0.25,0.477,0.06972,-0.18764,0.07914,0.10296,-0.3819,-0.02637,0.07372
9.66,-0.07584,0.93656,-0.00483,-0.20184,1.35837,0.06455,-0.30132,1.55896,0.02402,-0.17397,1.3283,-0.13867,-0.18181,1.16545,-0.31935,-0.38132,1.01316,-0.23488,-0.53224,0.95021,-0.16885,-0.22854,1.24985,0.23916,-0.2628,1.01318,0.19398,-0.4529,0.83876,0.13419,-0.59064,0.77845,0.04206,-0.12464,0.87285,-0.0878,-0.10876,0.47102,-0.09804,0.01869,0.08845,-0.12404,-0.16362,-0.03969,-0.1326,-0.13078,0.8608,0.06274,-0.25076,0.47689,0.06918,-0.18724,0.07922,0.10243,-0.38156,-0.02623,0.07331
9.68,-0.07486,0.9361,-0.00557,-0.20126,1.3578,0.06378,-0.30037,1.55835,0.0222,-0.17027,1.32861,-0.13912,-0.17652,1.16742,-0.32135,-0.37858,1.01765,-0.23845,-0.53094,0.95691,-0.17367,-0.23086,1.24852,0.23745,-0.26624,1.01274,0.18862,-0.45337,0.8373,0.12276,-0.58922,0.7786,0.02686,-0.12342,0.87253,-0.08879,-0.10849,0.47067,-0.09902,0.01885,0.08804,-0.12479,-0.16369,-0.03978,-0.13294,-0.12998,0.86021,0.06171,-0.25145,0.47678,0.06854,-0.18678,0.0793,0.10181,-0.38118,-0.02605,0.07284
9.7,-0.07422,0.93569,-0.00565,-0.20122,1.35721,0.06366,-0.30013,1.55767,0.02116,-0.16766,1.32877,-0.13893,-0.1731,1.16917,-0.32259,-0.37763,1.02257,-0.24007,-0.53137,0.96474,-0.17588,-0.23311,1.24731,0.23653,-0.26929,1.01231,0.1846,-0.45464,0.83698,0.11362,-0.58914,0.78031,0.01465,-0.12253,0.87227,-0.08912,-0.10834,0.47038,-0.09959,0.01892,0.08773,-0.12535,-0.16379,-0.03988,-0.13322,-0.12953,0.85968,0.06133,-0.25234,0.47667,0.06819,-0.18641,0.07938,0.10132,-0.38085,-0.02591,0.07242
9.72,-0.07447,0.9354,-0.00407,-0.20248,1.35663,0.06518,-0.30177,1.55676,0.02203,-0.16797,1.32848,-0.13729,-0.17495,1.17016,-0.322,-0.38168,1.02843,-0.2365,-0.53655,0.97526,-0.17104,-0.23494,1.24647,0.23778,-0.27148,1.01187,0.1843,-0.45845,0.83935,0.11076,-0.59316,0.78546,0.01052,-0.1225,0.87212,-0.08781,-0.10848,0.47025,-0.09905,0.0187,0.0876,-0.12538,-0.16398,-0.04003,-0.13332,-0.13,0.85927,0.0626,-0.25364,0.47652,0.06856,-0.18624,0.07944,0.10126,-0.38063,-0.02592,0.07225
9.74,-0.07506,0.93515,-0.00181,-0.20426,1.35603,0.06737,-0.30414,1.55575,0.02368,-0.16937,1.32803,-0.13506,-0.17871,1.17091,-0.3207,-0.38737,1.03474,-0.23097,-0.54316,0.98694,-0.16356,-0.2367,1.24573,0.23988,-0.27336,1.01137,0.18546,-0.46324,0.84278,0.11026,-0.59872,0.79205,0.00941,-0.12279,0.872,-0.08583,-0.10873,0.47017,-0.09807,0.0184,0.08756,-0.1252,-0.16419,-0.0402,-0.13334,-0.13082,0.8589,0.06453,-0.25512,0.47635,0.06926,-0.18614,0.07949,0.10138,-0.38044,-0.02598,0.0722
9.76,-0.07551,0.93488,0.00019,-0.20585,1.35542,0.06929,-0.30621,1.55477,0.02502,-0.17032,1.32764,-0.13306,-0.18158,1.17183,-0.31968,-0.392,1.04095,-0.22628,-0.54855,0.99825,-0.15723,-0.23854,1.24493,0.24163,-0.27535,1.01087,0.18602,-0.46753,0.84586,0.10875,-0.60347,0.79816,0.00705,-0.12294,0.87187,-0.08409,-0.10892,0.47006,-0.09726,0.01815,0.08749,-0.12509,-0.16437,-0.04036,-0.13339,-0.13149,0.85852,0.06621,-0.2565,0.47618,0.06985,-0.186,0.07955,0.10143,-0.38022,-0.02601,0.0721
9.78,-0.07588,0.93461,0.00198,-0.20724,1.35485,0.07099,-0.30809,1.5538,0.02607,-0.17109,1.32727,-0.13127,-0.18437,1.17277,-0.31885,-0.39637,1.0472,-0.22181,-0.55345,1.00956,-0.15105,-0.24018,1.24418,0.24318,-0.27739,1.01049,0.18627,-0.47154,0.84883,0.10689,-0.60781,0.80414,0.00426,-0.12301,0.87175,-0.08258,-0.10903,0.46996,-0.09658,0.01794,0.08741,-0.12507,-0.16452,-0.04052,-0.13347,-0.13208,0.85812,0.06767,-0.25786,0.47603,0.07024,-0.1858,0.07965,0.10141,-0.37996,-0.02602,0.07195
9.8,-0.0765,0.93435,0.00438,-0.20918,1.35419,0.0733,-0.31055,1.55277,0.02789,-0.17248,1.32681,-0.1289,-0.18773,1.17368,-0.31744,-0.40102,1.0536,-0.21636,-0.55852,1.02135,-0.14389,-0.24223,1.24334,0.24534,-0.27924,1.00985,0.18751,-0.47616,0.85246,0.10639,-0.613,0.81095,0.00319,-0.12335,0.87162,-0.08044,-0.10935,0.46987,-0.0955,0.01767,0.0874,-0.12482,-0.16468,-0.04066,-0.13346,-0.13291,0.85775,0.06976,-0.2593,0.47586,0.07112,-0.1857,0.0797,0.10158,-0.37977,-0.02606,0.07193
9.82,-0.07775,0.93415,0.00825,-0.2125,1.35335,0.07703,-0.31437,1.55166,0.03155,-0.17524,1.32622,-0.1251,-0.19217,1.17457,-0.31469,-0.40629,1.06026,-0.20878,-0.56423,1.03407,-0.13484,-0.24541,1.24229,0.24896,-0.28067,1.00856,0.19101,-0.4822,0.85765,0.10891,-0.62019,0.8196,0.00591,-0.12439,0.87151,-0.07675,-0.11004,0.46985,-0.09343,0.01724,0.08755,-0.12399,-0.16492,-0.04074,-0.13324,-0.13431,0.85747,0.07341,-0.26089,0.47564,0.0732,-0.18584,0.07964,0.10221,-0.37981,-0.0262,0.07219
9.84,-0.07923,0.93395,0.01271,-0.21636,1.3524,0.08133,-0.31875,1.55047,0.03596,-0.17858,1.32552,-0.12073,-0.19714,1.17539,-0.31138,-0.41172,1.06702,-0.20028,-0.56993,1.04716,-0.12497,-0.24899,1.24113,0.25318,-0.2819,1.00699,0.19549,-0.48864,0.86361,0.11281,-0.628,0.82921,0.01039,-0.1257,0.8714,-0.07245,-0.11097,0.46982,-0.09096,0.01676,0.08779,-0.12293,-0.16515,-0.0408,-0.13293,-0.13591,0.8572,0.07768,-0.26256,0.47539,0.07577,-0.18606,0.07955,0.10302,-0.37992,-0.02637,0.07257
9.86,-0.08058,0.93373,0.01692,-0.21996,1.35147,0.08538,-0.32289,1.54926,0.04005,-0.18166,1.32482,-0.11661,-0.20188,1.17622,-0.30829,-0.41668,1.07373,-0.19216,-0.5749,1.06007,-0.11549,-0.25235,1.23998,0.25714,-0.28319,1.00553,0.19958,-0.49457,0.86947,0.11627,-0.63515,0.83872,0.01434,-0.12686,0.87126,-0.0684,-0.11189,0.46978,-0.08866,0.01631,0.08803,-0.12197,-0.16536,-0.04085,-0.13267,-0.1374,0.85691,0.08168,-0.26419,0.47516,0.07814,-0.18622,0.0795,0.10375,-0.37997,-0.02651,0.0729
9.88,-0.08204,0.9336,0.0211,-0.22359,1.35064,0.08937,-0.32699,1.54818,0.04401,-0.18471,1.32424,-0.11255,-0.20646,1.17723,-0.30529,-0.42124,1.0806,-0.1842,-0.57925,1.0731,-0.10625,-0.25583,1.23895,0.26102,-0.28455,1.00423,0.20348,-0.50021,0.87555,0.11942,-0.64186,0.84843,0.01795,-0.12813,0.87122,-0.06439,-0.11231,0.46986,-0.08635,0.01587,0.08822,-0.12097,-0.16562,-0.04085,-0.13233,-0.13899,0.8567,0.08566,-0.26576,0.47497,0.08045,-0.18636,0.07949,0.10447,-0.38,-0.02659,0.0732
9.9,-0.08332,0.93326,0.02546,-0.22727,1.3495,0.09357,-0.33126,1.54676,0.04834,-0.18795,1.32335,-0.10829,-0.21141,1.17787,-0.30198,-0.42582,1.08714,-0.17577,-0.58339,1.08583,-0.09658,-0.25915,1.23761,0.26517,-0.28572,1.00254,0.20799,-0.50582,0.88179,0.12369,-0.6487,0.85855,0.02297,-0.12923,0.87097,-0.06019,-0.11383,0.4697,-0.08397,0.0155,0.08857,-0.11999,-0.16564,-0.04092,-0.13213,-0.1404,0.85629,0.08982,-0.26747,0.47468,0.08298,-0.18652,0.07941,0.10524,-0.38004,-0.02676,0.07357
9.92,-0.08413,0.93241,0.03027,-0.23102,1.34763,0.09832,-0.33594,1.54451,0.05355,-0.19157,1.32171,-0.10355,-0.21733,1.17753,-0.29793,-0.43088,1.09279,-0.16621,-0.58775,1.0978,-0.08581,-0.26204,1.23557,0.26995,-0.2865,0.99998,0.214,-0.51161,0.88822,0.13054,-0.6561,0.86936,0.03121,-0.12982,0.87018,-0.05554,-0.11822,0.46892,-0.08151,0.01481,0.08921,-0.11907,-0.16575,-0.041,-0.13219,-0.14136,0.85539,0.09443,-0.26953,0.47418,0.08604,-0.18675,0.07917,0.10608,-0.38013,-0.02716,0.07406
9.94,-0.08473,0.93131,0.03522,-0.23476,1.34541,0.10324,-0.34073,1.54186,0.05908,-0.19534,1.3197,-0.09866,-0.2236,1.17675,-0.29359,-0.43591,1.09804,-0.15624,-0.59186,1.10935,-0.07469,-0.26472,1.23319,0.27496,-0.28707,0.99702,0.22059,-0.51716,0.89482,0.13845,-0.66328,0.88061,0.04076,-0.13022,0.86914,-0.05074,-0.12372,0.46792,-0.07903,0.01429,0.09013,-0.11791,-0.16547,-0.04108,-0.13211,-0.14211,0.85424,0.09919,-0.27174,0.47356,0.0893,-0.18699,0.07885,0.10691,-0.38022,-0.02764,0.07455
9.96,-0.08538,0.93028,0.04004,-0.23846,1.34327,0.10803,-0.3454,1.53931,0.0644,-0.19903,1.31777,-0.09389,-0.22968,1.17611,-0.2894,-0.44048,1.10339,-0.14654,-0.5953,1.12087,-0.06394,-0.26743,1.23089,0.27982,-0.28766,0.9942,0.2269,-0.52218,0.90158,0.14595,-0.66971,0.89199,0.04982,-0.13068,0.86818,-0.04607,-0.12878,0.46707,-0.07658,0.01399,0.09116,-0.1165,-0.16493,-0.04106,-0.13178,-0.14289,0.85315,0.10382,-0.2739,0.47299,0.09244,-0.1872,0.07861,0.10769,-0.38029,-0.02804,0.07497
9.98,-0.08622,0.92946,0.04518,-0.24233,1.34135,0.11297,-0.35029,1.53694,0.06981,-0.20277,1.31602,-0.08896,-0.23577,1.17563,-0.285,-0.44477,1.10889,-0.13669,-0.59827,1.13261,-0.05319,-0.27041,1.22886,0.28483,-0.28842,0.99168,0.23333,-0.52693,0.90881,0.15346,-0.67573,0.90397,0.05896,-0.13124,0.86741,-0.04111,-0.1335,0.4665,-0.07409,0.0124,0.0919,-0.11504,-0.16629,-0.04054,-0.13116,-0.14393,0.85229,0.10873,-0.27589,0.47251,0.0957,-0.1874,0.07844,0.10845,-0.38034,-0.02836,0.07532
10,-0.08662,0.92811,0.04967,-0.24581,1.3388,0.11758,-0.35472,1.53399,0.07504,-0.20639,1.31371,-0.0844,-0.24188,1.17462,-0.28093,-0.44875,1.11382,-0.12718,-0.60074,1.14339,-0.04278,-0.27274,1.22616,0.28953,-0.28875,0.9885,0.23961,-0.53098,0.91556,0.16125,-0.6809,0.91548,0.0684,-0.13155,0.86614,-0.03673,-0.13915,0.46547,-0.07174,0.01356,0.09362,-0.1129,-0.16356,-0.04075,-0.13027,-0.14438,0.85087,0.11309,-0.27827,0.47181,0.09872,-0.18762,0.07816,0.10913,-0.38041,-0.02878,0.07564
10.02,-0.08584,0.92547,0.0524,-0.24831,1.33469,0.1214,-0.35793,1.5297,0.07983,-0.20963,1.3101,-0.08079,-0.24794,1.17241,-0.27777,-0.45226,1.11733,-0.11855,-0.60262,1.15176,-0.03307,-0.27343,1.22168,0.29338,-0.28786,0.98353,0.24535,-0.53364,0.92063,0.16943,-0.68449,0.92511,0.07819,-0.13121,0.86372,-0.03393,-0.14745,0.46337,-0.06969,0.02154,0.09837,-0.10836,-0.15047,-0.04215,-0.12818,-0.14325,0.84805,0.11592,-0.28168,0.47064,0.10111,-0.18789,0.07769,0.10973,-0.38056,-0.02939,0.07598
10.04,-0.08462,0.92227,0.05445,-0.25037,1.32992,0.12493,-0.36062,1.52481,0.0845,-0.21269,1.30592,-0.07752,-0.25402,1.16964,-0.27487,-0.45545,1.12024,-0.1102,-0.60406,1.15912,-0.02358,-0.27342,1.21649,0.29692,-0.28652,0.97787,0.2509,-0.53553,0.92516,0.17779,-0.68714,0.93416,0.08818,-0.13063,0.86078,-0.03172,-0.1566,0.46095,-0.06761,0.03184,0.10511,-0.10161,-0.13332,-0.04309,-0.12368,-0.14153,0.84464,0.11816,-0.28548,0.4693,0.10333,-0.18819,0.07717,0.11029,-0.38076,-0.03003,0.07632
10.06,-0.08362,0.91925,0.05677,-0.25253,1.32536,0.1286,-0.36346,1.52009,0.08925,-0.21578,1.30189,-0.07408,-0.26013,1.16702,-0.27174,-0.4584,1.12331,-0.10171,-0.60512,1.1667,-0.01404,-0.27363,1.21156,0.3006,-0.28539,0.9725,0.25652,-0.53713,0.9301,0.18608,-0.68936,0.94372,0.09812,-0.13018,0.85798,-0.02926,-0.16517,0.45886,-0.06533,0.04064,0.11229,-0.09389,-0.11784,-0.04283,-0.11736,-0.1401,0.84144,0.12064,-0.28912,0.46809,0.10571,-0.18851,0.07676,0.11085,-0.38098,-0.03053,0.07662
10.08,-0.08257,0.91654,0.05928,-0.25496,1.32094,0.13249,-0.36647,1.51554,0.09417,-0.21896,1.2981,-0.07039,-0.26596,1.16472,-0.26846,-0.46073,1.12638,-0.09317,-0.60558,1.17402,-0.0046,-0.27416,1.20671,0.30443,-0.2839,0.96721,0.26227,-0.53782,0.93513,0.19423,-0.69051,0.95324,0.10787,-0.12967,0.85555,-0.02666,-0.17458,0.45744,-0.06285,0.04753,0.12055,-0.08424,-0.10492,-0.04026,-0.1093,-0.13862,0.8385,0.12325,-0.29259,0.46716,0.10835,-0.1888,0.07665,0.11148,-0.3812,-0.03068,0.07698
10.1,-0.0815,0.91305,0.06124,-0.25665,1.31599,0.13596,-0.36888,1.5104,0.09884,-0.22182,1.29361,-0.06718,-0.27224,1.16157,-0.2653,-0.4633,1.12908,-0.08482,-0.60596,1.18111,0.00483,-0.27377,1.20146,0.30792,-0.28289,0.96161,0.26769,-0.53869,0.94007,0.20261,-0.69169,0.96298,0.11798,-0.12922,0.85224,-0.02448,-0.18234,0.4551,-0.06031,0.05703,0.12985,-0.07436,-0.08689,-0.03872,-0.09884,-0.13708,0.83487,0.12545,-0.29643,0.4658,0.11067,-0.18915,0.07622,0.11198,-0.38147,-0.03118,0.07723
10.12,-0.08059,0.90768,0.06188,-0.25654,1.30994,0.13835,-0.36994,1.50398,0.10287,-0.22403,1.28753,-0.06517,-0.28,1.15641,-0.26242,-0.46715,1.13128,-0.07674,-0.6068,1.18846,0.01451,-0.27114,1.19549,0.31059,-0.28343,0.95544,0.27243,-0.541,0.94495,0.2118,-0.69415,0.97351,0.12917,-0.12911,0.84676,-0.02331,-0.18578,0.45001,-0.05798,0.07418,0.14079,-0.06723,-0.05403,-0.04066,-0.08626,-0.13557,0.82959,0.12671,-0.30126,0.46332,0.11212,-0.18972,0.07493,0.11229,-0.38188,-0.03267,0.07732
10.14,-0.07967,0.90153,0.06199,-0.25571,1.3034,0.14028,-0.37039,1.49702,0.10665,-0.22594,1.28078,-0.06363,-0.28817,1.15044,-0.25952,-0.47107,1.13321,-0.06877,-0.60726,1.19573,0.02419,-0.2676,1.18917,0.31288,-0.2844,0.94905,0.27698,-0.54331,0.94977,0.22134,-0.69636,0.98416,0.14076,-0.12905,0.84039,-0.02255,-0.18748,0.44377,-0.05571,0.09332,0.15324,-0.06131,-0.01544,-0.04108,-0.07306,-0.134,0.82362,0.12758,-0.30642,0.46045,0.11329,-0.19034,0.0734,0.11265,-0.38232,-0.03445,0.07747
10.16,-0.07872,0.89569,0.06233,-0.25514,1.29704,0.1424,-0.371,1.49026,0.11055,-0.22791,1.27427,-0.06185,-0.296,1.14484,-0.25638,-0.47423,1.13516,-0.06075,-0.60692,1.20277,0.03369,-0.26442,1.18299,0.31527,-0.28501,0.94282,0.28171,-0.54461,0.95465,0.23073,-0.69731,0.99462,0.1521,-0.12892,0.83437,-0.0216,-0.1897,0.43799,-0.05331,0.10977,0.16669,-0.05478,0.02018,-0.03745,-0.05966,-0.13242,0.81792,0.1286,-0.31135,0.4579,0.11472,-0.19091,0.07219,0.11317,-0.38273,-0.03587,0.07776
10.18,-0.07793,0.89005,0.0627,-0.2547,1.29085,0.14473,-0.37179,1.48362,0.11471,-0.2301,1.26798,-0.05984,-0.30415,1.1396,-0.2529,-0.47719,1.13748,-0.05243,-0.60612,1.21014,0.04346,-0.26128,1.17693,0.31782,-0.28565,0.93679,0.28673,-0.54536,0.95992,0.24035,-0.69741,1.00559,0.16359,-0.12898,0.82858,-0.0206,-0.1929,0.43258,-0.05091,0.12499,0.18312,-0.04823,0.05664,-0.02912,-0.04515,-0.13095,0.81241,0.12966,-0.31626,0.4556,0.11642,-0.19149,0.07127,0.11398,-0.38317,-0.03696,0.07832
10.2,-0.07677,0.88379,0.06289,-0.25373,1.28417,0.14655,-0.37186,1.47658,0.11837,-0.23168,1.26105,-0.05829,-0.31152,1.13353,-0.24959,-0.47926,1.13886,-0.04473,-0.6044,1.21643,0.05234,-0.25774,1.17051,0.31988,-0.28602,0.93047,0.29139,-0.5453,0.96447,0.24955,-0.6966,1.01534,0.1746,-0.12858,0.8221,-0.01977,-0.1935,0.42614,-0.04841,0.13938,0.19715,-0.04226,0.0909,-0.02028,-0.03223,-0.12918,0.80632,0.13054,-0.3211,0.45302,0.11785,-0.19195,0.07014,0.11462,-0.38347,-0.0383,0.07874
10.22,-0.07474,0.87614,0.06269,-0.25163,1.27639,0.14711,-0.37027,1.46874,0.12074,-0.2318,1.2527,-0.05789,-0.3168,1.1255,-0.24717,-0.47969,1.13798,-0.03874,-0.60139,1.22018,0.05888,-0.25348,1.16324,0.32082,-0.28578,0.92341,0.2949,-0.54427,0.96718,0.25745,-0.69508,1.02206,0.18436,-0.12711,0.8141,-0.01937,-0.1875,0.41727,-0.04572,0.15436,0.20196,-0.03768,0.12035,-0.01803,-0.02449,-0.12669,0.79896,0.13101,-0.32584,0.44967,0.11836,-0.19215,0.06836,0.11453,-0.38341,-0.04044,0.07841
10.24,-0.07231,0.86787,0.06232,-0.24903,1.26811,0.14713,-0.36797,1.46052,0.12253,-0.23129,1.24371,-0.05797,-0.32128,1.11663,-0.24501,-0.47937,1.13616,-0.03345,-0.59768,1.22288,0.06444,-0.24887,1.15559,0.32126,-0.28529,0.91608,0.29802,-0.54261,0.96919,0.26487,-0.69297,1.02762,0.19364,-0.12514,0.80543,-0.01913,-0.17892,0.40749,-0.04306,0.16967,0.20332,-0.0338,0.14795,-0.01811,-0.01887,-0.12387,0.79103,0.13131,-0.33046,0.44609,0.11852,-0.19218,0.06643,0.11427,-0.38316,-0.0428,0.0779
10.26,-0.06998,0.85979,0.06204,-0.2466,1.25997,0.14736,-0.36589,1.45237,0.12452,-0.23099,1.2349,-0.05784,-0.32605,1.10808,-0.24253,-0.47892,1.13463,-0.02792,-0.59365,1.22578,0.07019,-0.24435,1.14805,0.32186,-0.28477,0.90893,0.30146,-0.54047,0.97148,0.27245,-0.69019,1.0336,0.20301,-0.12328,0.79697,-0.01881,-0.17142,0.39818,-0.04048,0.18418,0.20656,-0.02981,0.17542,-0.01559,-0.01254,-0.12113,0.78327,0.1317,-0.33498,0.44279,0.11895,-0.19218,0.0648,0.11431,-0.38289,-0.04481,0.07767
10.28,-0.06802,0.85208,0.06169,-0.24441,1.2522,0.14778,-0.364,1.44463,0.12685,-0.23103,1.22655,-0.05751,-0.33088,1.10019,-0.23998,-0.47828,1.1336,-0.02251,-0.58937,1.22909,0.07566,-0.24003,1.1408,0.32257,-0.28433,0.90214,0.30488,-0.53792,0.97419,0.27978,-0.68691,1.04,0.21217,-0.12187,0.78891,-0.01852,-0.16392,0.38931,-0.03787,0.19868,0.21132,-0.02661,0.20503,-0.01071,-0.00692,-0.11868,0.77586,0.13203,-0.33953,0.43987,0.11936,-0.19218,0.06364,0.11454,-0.38258,-0.04639,0.07756
10.3,-0.06517,0.84345,0.06145,-0.24157,1.24353,0.14767,-0.36143,1.43597,0.12832,-0.23019,1.21707,-0.05763,-0.3352,1.09086,-0.23729,-0.47697,1.13125,-0.01728,-0.58433,1.23097,0.08083,-0.2352,1.13287,0.32286,-0.28344,0.89476,0.30845,-0.53464,0.97588,0.28718,-0.68277,1.04514,0.22117,-0.11938,0.77986,-0.01818,-0.15574,0.3796,-0.03547,0.21221,0.21308,-0.02254,0.22868,-0.00827,-0.00106,-0.1155,0.76759,0.13241,-0.34366,0.43652,0.11984,-0.1919,0.06206,0.11476,-0.38204,-0.04834,0.07752
10.32,-0.06005,0.83256,0.06146,-0.23708,1.23267,0.14624,-0.35727,1.42498,0.1276,-0.22726,1.20478,-0.05895,-0.33861,1.07792,-0.23428,-0.47456,1.12579,-0.01211,-0.57802,1.2296,0.08595,-0.22894,1.12328,0.32216,-0.28144,0.88583,0.31247,-0.53013,0.97522,0.29527,-0.67729,1.04755,0.23039,-0.11416,0.76837,-0.01776,-0.14623,0.36769,-0.03343,0.22386,0.20646,-0.0153,0.23711,-0.01504,0.00683,-0.11044,0.75721,0.13292,-0.3468,0.43195,0.12032,-0.19096,0.05917,0.11446,-0.38098,-0.05138,0.07711
10.34,-0.05405,0.82074,0.0616,-0.23196,1.2209,0.14429,-0.35245,1.41305,0.12601,-0.22345,1.19134,-0.06073,-0.34147,1.06371,-0.23106,-0.47148,1.11919,-0.00711,-0.57095,1.22699,0.09077,-0.2222,1.11301,0.32104,-0.27901,0.8764,0.31662,-0.52494,0.97372,0.30329,-0.67102,1.04889,0.23919,-0.10788,0.7559,-0.01727,-0.13624,0.35488,-0.03149,0.23478,0.19668,-0.00693,0.23995,-0.02517,0.01507,-0.10467,0.74596,0.1335,-0.34948,0.42703,0.12066,-0.1897,0.05594,0.11383,-0.37964,-0.05471,0.07634
10.36,-0.04839,0.80927,0.06171,-0.22708,1.20946,0.14253,-0.34784,1.40149,0.12476,-0.21991,1.17833,-0.06231,-0.34429,1.05029,-0.22774,-0.46816,1.1132,-0.00228,-0.56361,1.22491,0.09523,-0.21572,1.10299,0.32004,-0.27668,0.86737,0.32073,-0.51945,0.9727,0.31082,-0.66435,1.05068,0.2474,-0.10202,0.74381,-0.01679,-0.12659,0.34249,-0.0295,0.24581,0.18862,0.00085,0.24525,-0.0333,0.02275,-0.09917,0.73505,0.13407,-0.35213,0.42254,0.12088,-0.18838,0.0532,0.11321,-0.37818,-0.05759,0.07544
10.38,-0.04295,0.79808,0.06167,-0.22227,1.19831,0.14091,-0.34329,1.39022,0.12369,-0.21678,1.16558,-0.06373,-0.3477,1.03747,-0.22398,-0.46482,1.10765,0.00294,-0.55595,1.22316,0.10015,-0.20899,1.09328,0.31915,-0.27402,0.85883,0.32517,-0.51316,0.97242,0.31888,-0.65694,1.05328,0.25653,-0.09641,0.73199,-0.01642,-0.11634,0.33037,-0.02731,0.25698,0.17999,0.00882,0.25016,-0.04184,0.03056,-0.09387,0.72442,0.13451,-0.35459,0.41838,0.12093,-0.1868,0.05088,0.11235,-0.37648,-0.05996,0.07406
10.4,-0.03686,0.7861,0.06199,-0.21714,1.18635,0.1389,-0.33836,1.37817,0.12201,-0.21256,1.152,-0.0655,-0.34948,1.02381,-0.22059,-0.46049,1.10127,0.00703,-0.54765,1.22051,0.10339,-0.20263,1.0828,0.31791,-0.27165,0.84969,0.32909,-0.50709,0.97087,0.3251,-0.64941,1.05419,0.26264,-0.09005,0.7194,-0.01576,-0.10732,0.31762,-0.02548,0.2673,0.17211,0.01657,0.25435,-0.04952,0.03751,-0.08802,0.713,0.13523,-0.35682,0.41407,0.12091,-0.1852,0.04836,0.11159,-0.37467,-0.06272,0.07295
10.42,-0.02904,0.77223,0.06329,-0.21128,1.17239,0.13592,-0.33252,1.36418,0.11889,-0.2054,1.1364,-0.06816,-0.34693,1.00777,-0.21867,-0.45405,1.09263,0.00818,-0.53836,1.21553,0.10244,-0.1974,1.07034,0.31585,-0.27035,0.83869,0.33147,-0.50265,0.96575,0.3268,-0.64277,1.05035,0.26118,-0.08167,0.70495,-0.01435,-0.10147,0.3033,-0.02468,0.27578,0.16696,0.02411,0.25784,-0.05452,0.04287,-0.08072,0.69967,0.13669,-0.35862,0.40926,0.12079,-0.18362,0.04515,0.11132,-0.37266,-0.06671,0.07289
10.44,-0.0206,0.75759,0.06496,-0.20506,1.15762,0.13257,-0.32627,1.34939,0.11517,-0.1971,1.11998,-0.07115,-0.34285,0.991,-0.21727,-0.44674,1.08321,0.0082,-0.52851,1.20966,0.09997,-0.1925,1.0571,0.31345,-0.26944,0.82705,0.33314,-0.49875,0.95936,0.32672,-0.63641,1.04465,0.25692,-0.07257,0.68975,-0.01263,-0.09689,0.28839,-0.02434,0.28309,0.16273,0.03148,0.26067,-0.05855,0.04762,-0.0729,0.68556,0.13845,-0.36005,0.40442,0.12049,-0.18188,0.04186,0.11102,-0.3704,-0.07099,0.07294
10.46,-0.01251,0.74327,0.06647,-0.19891,1.14316,0.12937,-0.32013,1.33491,0.11167,-0.18928,1.10388,-0.07396,-0.3395,0.97499,-0.21557,-0.43953,1.07433,0.00861,-0.51844,1.20421,0.09807,-0.18735,1.04419,0.31117,-0.26833,0.81592,0.33495,-0.49434,0.95373,0.32715,-0.62967,1.03972,0.25374,-0.0639,0.67487,-0.01102,-0.09191,0.27378,-0.02387,0.29022,0.15824,0.03873,0.26357,-0.06272,0.05252,-0.06536,0.67178,0.14008,-0.36124,0.39998,0.11996,-0.17983,0.03904,0.11043,-0.36784,-0.07472,0.07249
10.48,-0.0041,0.72901,0.06796,-0.19265,1.12862,0.12605,-0.31375,1.32042,0.10819,-0.18115,1.08774,-0.07686,-0.33567,0.95913,-0.21403,-0.43177,1.06529,0.00874,-0.50791,1.19842,0.09578,-0.18221,1.03118,0.30874,-0.26701,0.80478,0.33673,-0.4896,0.94795,0.32731,-0.62258,1.03427,0.25008,-0.05479,0.66004,-0.00948,-0.08605,0.25923,-0.02342,0.29754,0.15378,0.04749,0.26581,-0.0667,0.05786,-0.05764,0.65807,0.14162,-0.36191,0.39593,0.11877,-0.17709,0.0367,0.10975,-0.36448,-0.07797,0.07151
10.5,0.00376,0.71448,0.06957,-0.18639,1.11401,0.12286,-0.30757,1.30571,0.10447,-0.17325,1.07143,-0.07961,-0.33231,0.94365,-0.2123,-0.42424,1.05667,0.00885,-0.49723,1.19302,0.0936,-0.17703,1.01814,0.30644,-0.26613,0.79388,0.33804,-0.48512,0.94239,0.32701,-0.61576,1.0291,0.2463,-0.04648,0.64498,-0.00769,-0.08227,0.2446,-0.0232,0.30305,0.14992,0.05324,0.26868,-0.07024,0.06213,-0.05022,0.64406,0.1434,-0.36261,0.39188,0.11813,-0.17476,0.03423,0.10884,-0.36161,-0.0814,0.07081
10.52,0.01002,0.69932,0.07151,-0.18034,1.09934,0.12015,-0.30221,1.29045,0.10023,-0.16636,1.05482,-0.08184,-0.33073,0.92896,-0.20981,-0.41793,1.04931,0.00938,-0.48666,1.18895,0.0923,-0.17175,1.00525,0.30469,-0.26644,0.78363,0.33858,-0.48155,0.93761,0.32634,-0.60992,1.02537,0.24317,-0.04051,0.62941,-0.0052,-0.08403,0.22991,-0.0233,0.30459,0.14738,0.05048,0.27356,-0.07304,0.06379,-0.04371,0.62931,0.14591,-0.36406,0.38741,0.11974,-0.17411,0.03096,0.1077,-0.3607,-0.08571,0.07165
10.54,0.01569,0.68393,0.07355,-0.17446,1.08458,0.11762,-0.29723,1.2749,0.0958,-0.15988,1.03804,-0.08388,-0.32964,0.91466,-0.20713,-0.41186,1.04231,0.00985,-0.47595,1.18513,0.09104,-0.16654,0.99232,0.3031,-0.26717,0.7736,0.33871,-0.47825,0.93296,0.32527,-0.60437,1.02191,0.23994,-0.03537,0.61366,-0.00247,-0.08785,0.21538,-0.02345,0.30425,0.14567,0.04496,0.27878,-0.07501,0.06439,-0.03753,0.61428,0.14866,-0.36554,0.38292,0.1222,-0.17387,0.02752,0.10671,-0.36026,-0.09019,0.07312
10.56,0.02159,0.66868,0.07553,-0.1686,1.06978,0.11506,-0.29218,1.25938,0.09155,-0.15331,1.0213,-0.08593,-0.32817,0.90055,-0.20458,-0.40529,1.03507,0.01011,-0.46488,1.18087,0.08942,-0.16138,0.97931,0.30145,-0.26762,0.76357,0.33887,-0.47458,0.92813,0.32407,-0.59842,1.01804,0.23646,-0.02987,0.59802,0.00015,-0.09067,0.20107,-0.02343,0.3041,0.14402,0.04123,0.28314,-0.07666,0.06549,-0.03124,0.59943,0.15128,-0.36648,0.37874,0.12422,-0.17291,0.0245,0.106,-0.359,-0.09422,0.07431
10.58,0.02768,0.65326,0.0776,-0.1626,1.05477,0.11226,-0.28713,1.24351,0.08691,-0.14654,1.00422,-0.08816,-0.32667,0.88665,-0.20201,-0.39832,1.02791,0.01022,-0.45318,1.17647,0.08781,-0.1561,0.96622,0.2996,-0.26803,0.75371,0.33891,-0.47071,0.92341,0.32277,-0.59235,1.01405,0.23285,-0.02421,0.58224,0.00285,-0.0937,0.18689,-0.02341,0.30341,0.14267,0.03691,0.28684,-0.07774,0.06643,-0.02471,0.58437,0.15398,-0.36703,0.37492,0.1263,-0.17149,0.02192,0.10519,-0.35723,-0.09793,0.0758
10.6,0.03321,0.63816,0.07948,-0.1571,1.03999,0.10996,-0.28239,1.22801,0.08303,-0.14044,0.98765,-0.08994,-0.32508,0.87307,-0.19954,-0.39148,1.02053,0.01018,-0.44185,1.17172,0.08569,-0.15119,0.95312,0.2981,-0.26844,0.74377,0.3388,-0.46682,0.91832,0.32108,-0.58616,1.00984,0.229,-0.0191,0.56673,0.00541,-0.0967,0.17306,-0.02318,0.30209,0.14166,0.03399,0.29047,-0.07849,0.06755,-0.01875,0.56969,0.15652,-0.36734,0.37091,0.12833,-0.17003,0.01904,0.10518,-0.3554,-0.10168,0.077
10.62,0.03738,0.62386,0.08084,-0.1528,1.02593,0.10898,-0.2782,1.21376,0.08132,-0.13594,0.97252,-0.09062,-0.32339,0.85969,-0.19723,-0.38543,1.01251,0.00996,-0.43218,1.16639,0.08232,-0.14713,0.94006,0.29759,-0.26888,0.73337,0.33869,-0.46306,0.91234,0.31877,-0.57975,1.00528,0.22473,-0.01526,0.55188,0.00755,-0.0992,0.15961,-0.02248,0.30032,0.14073,0.03507,0.29486,-0.07951,0.06957,-0.01424,0.55598,0.15863,-0.36764,0.36595,0.13007,-0.16904,0.0148,0.10696,-0.35406,-0.10601,0.07697
10.64,0.04098,0.60991,0.082,-0.14899,1.01219,0.1085,-0.2743,1.20001,0.08038,-0.13211,0.95798,-0.09089,-0.32173,0.84645,-0.19498,-0.37973,1.00423,0.00965,-0.42312,1.16068,0.07848,-0.14342,0.92706,0.29745,-0.26933,0.72287,0.33853,-0.45931,0.90601,0.31624,-0.57322,1.00053,0.22037,-0.01196,0.53732,0.00952,-0.10161,0.14641,-0.02162,0.29809,0.13993,0.0374,0.29935,-0.08037,0.07192,-0.0103,0.54266,0.16056,-0.36789,0.36069,0.13164,-0.16819,0.01011,0.10938,-0.35286,-0.11051,0.07659
10.66,0.04481,0.59588,0.08323,-0.14503,0.99834,0.1078,-0.27037,1.18606,0.0791,-0.12803,0.94324,-0.09134,-0.32002,0.83329,-0.19274,-0.37374,0.99593,0.00924,-0.41364,1.15474,0.07469,-0.13961,0.91406,0.29713,-0.26969,0.71253,0.3383,-0.45537,0.89975,0.31373,-0.56655,0.99564,0.21605,-0.00843,0.52272,0.01155,-0.10399,0.13331,-0.02081,0.29556,0.13925,0.03924,0.30325,-0.08083,0.07431,-0.00613,0.52925,0.16253,-0.36785,0.35572,0.13308,-0.16692,0.0058,0.11156,-0.3512,-0.11479,0.07651
10.68,0.04878,0.5815,0.08455,-0.1409,0.98415,0.10707,-0.26621,1.1718,0.07777,-0.12381,0.92808,-0.09179,-0.31824,0.81988,-0.19038,-0.36749,0.98751,0.00863,-0.40378,1.14868,0.07032,-0.13564,0.90078,0.2968,-0.27008,0.70218,0.33823,-0.45118,0.89349,0.3111,-0.55937,0.99062,0.2113,-0.00477,0.50775,0.01372,-0.10642,0.11999,-0.01985,0.29254,0.13867,0.04152,0.30684,-0.08101,0.07711,-0.00179,0.51551,0.16463,-0.36745,0.35054,0.13467,-0.16521,0.00131,0.11408,-0.34906,-0.11907,0.07619
10.7,0.0523,0.56795,0.08563,-0.1373,0.97073,0.1065,-0.26268,1.15825,0.07671,-0.12012,0.91389,-0.09213,-0.31657,0.80716,-0.18829,-0.36162,0.97899,0.00812,-0.39458,1.14206,0.06659,-0.13216,0.88809,0.29656,-0.27031,0.69201,0.33777,-0.44713,0.88697,0.30853,-0.55277,0.98539,0.20728,-0.00151,0.49366,0.01557,-0.1086,0.10745,-0.01908,0.28943,0.13817,0.04347,0.31002,-0.08091,0.07961,0.00206,0.50256,0.1664,-0.36716,0.34589,0.13557,-0.16371,-0.00271,0.11624,-0.34711,-0.12316,0.07641
10.72,0.05478,0.55658,0.08618,-0.13491,0.95936,0.10632,-0.26067,1.14658,0.07626,-0.11762,0.9022,-0.09221,-0.3152,0.79615,-0.1868,-0.35683,0.97049,0.00815,-0.38715,1.13464,0.06503,-0.12984,0.87702,0.29651,-0.27013,0.68217,0.33634,-0.4437,0.87991,0.30633,-0.54808,0.98004,0.20544,0.00084,0.48188,0.01665,-0.11017,0.09687,-0.01891,0.28687,0.13774,0.04413,0.31278,-0.08067,0.08089,0.0047,0.49165,0.16743,-0.36755,0.3427,0.13484,-0.16317,-0.00545,0.11723,-0.34612,-0.12684,0.07821
10.74,0.05683,0.54604,0.0865,-0.133,0.94877,0.10629,-0.25925,1.13564,0.07609,-0.11562,0.89149,-0.09219,-0.31398,0.78581,-0.18556,-0.35252,0.96199,0.00837,-0.38046,1.12688,0.06429,-0.12798,0.86656,0.29654,-0.2698,0.67246,0.33458,-0.44051,0.87265,0.30432,-0.54407,0.97465,0.20447,0.00281,0.47098,0.01742,-0.11153,0.08702,-0.01895,0.28438,0.13732,0.04438,0.31528,-0.08034,0.08175,0.00687,0.48152,0.16814,-0.3681,0.34003,0.13349,-0.16292,-0.00773,0.11786,-0.34545,-0.1303,0.08062
10.76,0.05904,0.53514,0.0869,-0.1309,0.93784,0.10619,-0.2576,1.12437,0.07579,-0.11343,0.88036,-0.09222,-0.31272,0.77523,-0.18422,-0.34802,0.95343,0.00848,-0.37346,1.11914,0.06317,-0.12593,0.85583,0.29653,-0.26954,0.66275,0.333,-0.43716,0.86546,0.30229,-0.53965,0.96925,0.20319,0.00492,0.4597,0.01832,-0.11298,0.0769,-0.01886,0.28151,0.13691,0.04488,0.31752,-0.07985,0.08288,0.00922,0.47106,0.16897,-0.36834,0.33716,0.13231,-0.16228,-0.01018,0.11875,-0.34442,-0.13375,0.08289
10.78,0.06135,0.52416,0.08741,-0.12873,0.92682,0.10615,-0.25582,1.11306,0.07553,-0.11113,0.86912,-0.0922,-0.31132,0.76446,-0.18278,-0.34331,0.94482,0.00848,-0.36623,1.11138,0.06168,-0.12383,0.84503,0.29658,-0.26922,0.65297,0.3313,-0.43363,0.85822,0.30013,-0.535,0.96389,0.20186,0.00715,0.44834,0.01931,-0.11429,0.06674,-0.01886,0.2785,0.13652,0.04538,0.3196,-0.07922,0.08403,0.01165,0.46052,0.16989,-0.36831,0.3343,0.13099,-0.16134,-0.01258,0.11976,-0.34306,-0.13714,0.08526
10.8,0.06335,0.51357,0.08763,-0.12683,0.9162,0.10602,-0.25446,1.10204,0.07525,-0.10917,0.85835,-0.09228,-0.31023,0.7543,-0.18161,-0.3391,0.93624,0.00865,-0.35963,1.10338,0.06099,-0.12196,0.83456,0.29652,-0.26894,0.64344,0.32973,-0.43038,0.85101,0.29834,-0.53077,0.95839,0.20093,0.00904,0.43739,0.02002,-0.11578,0.05695,-0.01876,0.27518,0.13612,0.04584,0.32125,-0.0785,0.08514,0.01381,0.45035,0.17053,-0.36835,0.3316,0.12958,-0.16057,-0.01486,0.12063,-0.34196,-0.14034,0.0878
10.82,0.06459,0.50366,0.08713,-0.12555,0.9063,0.10563,-0.25414,1.09149,0.07489,-0.10796,0.84848,-0.09268,-0.31001,0.74558,-0.18111,-0.3361,0.92772,0.00935,-0.35447,1.09487,0.06245,-0.12063,0.82463,0.29611,-0.26892,0.63442,0.32868,-0.42783,0.84396,0.29745,-0.52769,0.95252,0.2008,0.0101,0.42715,0.02004,-0.11789,0.0477,-0.01816,0.27123,0.13564,0.04621,0.3222,-0.07774,0.08616,0.0153,0.44082,0.17047,-0.36884,0.32915,0.12819,-0.1605,-0.01702,0.1211,-0.34175,-0.14329,0.09061
10.84,0.06554,0.49414,0.08633,-0.12453,0.8968,0.10513,-0.25422,1.08123,0.07449,-0.10706,0.83907,-0.09321,-0.31008,0.73747,-0.18091,-0.33359,0.91926,0.01022,-0.34994,1.08619,0.06468,-0.11952,0.81504,0.29558,-0.26895,0.62565,0.32774,-0.42558,0.83695,0.29689,-0.52508,0.9465,0.201,0.01084,0.41733,0.01976,-0.12017,0.03882,-0.01747,0.26703,0.13513,0.04643,0.32278,-0.07694,0.08703,0.01654,0.43166,0.17011,-0.36941,0.32684,0.12673,-0.16062,-0.01908,0.1214,-0.34183,-0.14603,0.09352
10.86,0.06661,0.48455,0.08566,-0.12342,0.88722,0.10468,-0.25414,1.07093,0.0741,-0.10605,0.82955,-0.09369,-0.31001,0.72915,-0.18059,-0.33089,0.9108,0.01097,-0.3452,1.07757,0.06649,-0.11832,0.80539,0.2951,-0.26891,0.61683,0.32672,-0.42321,0.82988,0.29618,-0.52225,0.94051,0.20106,0.01172,0.40744,0.0196,-0.12234,0.02992,-0.01688,0.26274,0.13462,0.04664,0.32322,-0.07602,0.08788,0.01788,0.42244,0.16987,-0.36973,0.32451,0.12522,-0.16045,-0.02114,0.12183,-0.34161,-0.14867,0.09643
10.88,0.06767,0.47453,0.08503,-0.12225,0.87724,0.10427,-0.254,1.06023,0.07378,-0.10496,0.81964,-0.09413,-0.30997,0.72063,-0.18015,-0.32799,0.90213,0.01185,-0.34005,1.0687,0.06849,-0.11709,0.79535,0.29465,-0.26905,0.60782,0.32587,-0.42061,0.82286,0.29555,-0.51919,0.93461,0.20125,0.01258,0.39708,0.01953,-0.12456,0.02058,-0.01596,0.25814,0.1341,0.04681,0.32362,-0.07492,0.08867,0.01923,0.41282,0.1697,-0.36994,0.32205,0.1236,-0.16008,-0.02326,0.12238,-0.34121,-0.15134,0.09971
10.9,0.06871,0.46552,0.08424,-0.12125,0.8682,0.10375,-0.25403,1.05045,0.07328,-0.10408,0.81068,-0.09469,-0.30987,0.71271,-0.18003,-0.32558,0.89389,0.01247,-0.33582,1.06021,0.07019,-0.11597,0.78624,0.29409,-0.2688,0.59931,0.32469,-0.41848,0.81574,0.29484,-0.51659,0.92849,0.20126,0.01344,0.38781,0.0192,-0.12663,0.01233,-0.01568,0.25375,0.13355,0.04683,0.32354,-0.07394,0.08934,0.02052,0.40413,0.16929,-0.36998,0.31989,0.12203,-0.15971,-0.02518,0.12278,-0.34087,-0.1536,0.10239
10.92,0.06978,0.45896,0.08307,-0.12062,0.86141,0.10296,-0.25434,1.04293,0.07228,-0.10366,0.80397,-0.09551,-0.30955,0.70611,-0.18071,-0.32436,0.88678,0.01234,-0.33399,1.05281,0.07099,-0.11499,0.77939,0.29328,-0.26744,0.59196,0.32258,-0.41747,0.8083,0.29391,-0.51508,0.92179,0.20069,0.01442,0.38117,0.01821,-0.12835,0.00676,-0.01728,0.25016,0.13299,0.04662,0.32253,-0.07345,0.0899,0.02172,0.39767,0.16826,-0.36981,0.3185,0.1208,-0.15956,-0.02658,0.1227,-0.3408,-0.15504,0.10326
10.94,0.07086,0.45346,0.08174,-0.12015,0.8556,0.10207,-0.2548,1.03639,0.07108,-0.10341,0.79825,-0.09645,-0.30916,0.70013,-0.18173,-0.32362,0.88018,0.01193,-0.33306,1.0459,0.07147,-0.11409,0.77353,0.29235,-0.26567,0.58516,0.32012,-0.41693,0.80082,0.29288,-0.51407,0.91493,0.19991,0.01544,0.37565,0.01695,-0.12988,0.00232,-0.01951,0.24698,0.13245,0.04628,0.32122,-0.07314,0.0904,0.02289,0.39219,0.167,-0.36953,0.31746,0.11968,-0.1595,-0.02774,0.12243,-0.34083,-0.15614,0.10344
10.96,0.07196,0.44764,0.08049,-0.11963,0.84949,0.10122,-0.25519,1.02954,0.06997,-0.10308,0.79223,-0.09734,-0.30876,0.69397,-0.18262,-0.32268,0.87343,0.01164,-0.33172,1.03885,0.07208,-0.11318,0.76736,0.29146,-0.26407,0.57823,0.3178,-0.41622,0.79343,0.29188,-0.5129,0.90818,0.19923,0.01646,0.36978,0.01582,-0.1314,-0.00247,-0.02138,0.24369,0.13192,0.04591,0.32003,-0.07272,0.09089,0.02409,0.38643,0.16585,-0.36918,0.31632,0.11848,-0.15931,-0.02897,0.12224,-0.34074,-0.15732,0.10394
10.98,0.07295,0.44114,0.07919,-0.11903,0.84277,0.10038,-0.25553,1.02208,0.0689,-0.10277,0.7856,-0.09822,-0.3085,0.68737,-0.18342,-0.32164,0.86629,0.01138,-0.33038,1.03138,0.07276,-0.11216,0.76059,0.29059,-0.26249,0.57083,0.31553,-0.41533,0.7857,0.29095,-0.51146,0.90127,0.19875,0.01737,0.36324,0.01464,-0.13327,-0.0078,-0.02357,0.23975,0.13134,0.04561,0.31843,-0.0722,0.09151,0.0252,0.37998,0.16465,-0.36895,0.31497,0.11731,-0.15908,-0.03031,0.12202,-0.34057,-0.15868,0.10444
11,0.07417,0.4363,0.07796,-0.11862,0.83753,0.0995,-0.25601,1.0161,0.0677,-0.10245,0.78045,-0.09915,-0.30796,0.68186,-0.18446,-0.32091,0.8601,0.01097,-0.3292,1.02491,0.07317,-0.11137,0.75529,0.28967,-0.26076,0.5646,0.31309,-0.41489,0.7787,0.28984,-0.51066,0.89474,0.19786,0.01853,0.35836,0.01351,-0.13435,-0.0117,-0.02523,0.23716,0.13087,0.04506,0.31746,-0.07183,0.09184,0.0265,0.37519,0.1635,-0.36828,0.31415,0.11609,-0.15879,-0.03134,0.12182,-0.34044,-0.15955,0.10478
11.02,0.07612,0.43579,0.07698,-0.1187,0.83604,0.09855,-0.25682,1.01394,0.06621,-0.10203,0.77916,-0.10011,-0.30651,0.67902,-0.18609,-0.32094,0.85613,0.01027,-0.32831,1.02074,0.07309,-0.11123,0.75373,0.28868,-0.25857,0.56123,0.31024,-0.41557,0.77336,0.28832,-0.51152,0.88891,0.1959,0.02052,0.35781,0.01255,-0.13323,-0.01199,-0.02531,0.23845,0.13066,0.04387,0.31857,-0.07197,0.0913,0.0284,0.37473,0.16253,-0.36647,0.31472,0.11462,-0.15837,-0.03159,0.12175,-0.34053,-0.15913,0.10494
11.04,0.0783,0.43691,0.07608,-0.11893,0.83598,0.09754,-0.25774,1.01323,0.06459,-0.10158,0.77932,-0.10112,-0.30477,0.6773,-0.18795,-0.32119,0.85312,0.00941,-0.32746,1.01756,0.0728,-0.11131,0.75361,0.28764,-0.25622,0.55907,0.30728,-0.41661,0.76879,0.2866,-0.51287,0.88352,0.19351,0.02277,0.35889,0.01164,-0.13135,-0.0109,-0.02483,0.24113,0.13055,0.04251,0.32038,-0.0723,0.09048,0.0305,0.3759,0.16162,-0.36428,0.31579,0.11311,-0.15796,-0.03154,0.12172,-0.34071,-0.15822,0.10494
11.06,0.08033,0.43727,0.07513,-0.11906,0.83527,0.09652,-0.25859,1.01185,0.06301,-0.10114,0.7788,-0.10215,-0.30321,0.67519,-0.18969,-0.32124,0.84983,0.00858,-0.32644,1.01407,0.07258,-0.11125,0.75285,0.28659,-0.25398,0.55653,0.30441,-0.41737,0.76403,0.28493,-0.51383,0.87816,0.19129,0.02484,0.3592,0.01071,-0.12987,-0.01045,-0.0246,0.2431,0.1304,0.04127,0.32181,-0.07251,0.08983,0.03248,0.37632,0.16068,-0.36231,0.31662,0.11167,-0.15756,-0.03161,0.12168,-0.34085,-0.15752,0.10495
11.08,0.08257,0.43776,0.07423,-0.11926,0.83452,0.09565,-0.25945,1.01046,0.06152,-0.10068,0.77835,-0.10304,-0.30127,0.67266,-0.19149,-0.32145,0.84581,0.00787,-0.32564,1.00972,0.07278,-0.11127,0.75197,0.28566,-0.25122,0.55349,0.30135,-0.41812,0.75832,0.28337,-0.51484,0.87182,0.18924,0.02716,0.35966,0.00978,-0.12815,-0.00984,-0.02443,0.24541,0.1302,0.03983,0.32343,-0.07284,0.089,0.03461,0.37685,0.15975,-0.36014,0.31754,0.11003,-0.15712,-0.03165,0.12161,-0.341,-0.15672,0.10513
11.1,0.08442,0.43835,0.07324,-0.11932,0.83415,0.09445,-0.26027,1.00938,0.05981,-0.10025,0.77807,-0.10422,-0.30001,0.67127,-0.19321,-0.32127,0.84349,0.00684,-0.32424,1.00726,0.07218,-0.11115,0.75163,0.28446,-0.24939,0.55183,0.29867,-0.41879,0.75466,0.28148,-0.51557,0.86762,0.18676,0.02903,0.36019,0.00885,-0.12676,-0.00923,-0.024,0.24731,0.13011,0.03875,0.32481,-0.07299,0.08847,0.03645,0.37751,0.15881,-0.35829,0.31837,0.10877,-0.1568,-0.03166,0.12159,-0.34115,-0.156,0.1049
11.12,0.08518,0.4388,0.07203,-0.11898,0.83443,0.09236,-0.26099,1.00876,0.05753,-0.09992,0.77789,-0.10618,-0.30081,0.67275,-0.1946,-0.32005,0.84565,0.00507,-0.32132,1.00988,0.0693,-0.11065,0.75238,0.28257,-0.2503,0.55359,0.29713,-0.4194,0.75657,0.27886,-0.51569,0.86915,0.18319,0.02961,0.3605,0.00796,-0.12642,-0.00899,-0.02283,0.24783,0.13036,0.03884,0.32549,-0.07259,0.08891,0.03746,0.37814,0.15786,-0.35735,0.31882,0.10857,-0.1568,-0.03174,0.12177,-0.34128,-0.15568,0.10359
11.14,0.08555,0.4393,0.07073,-0.11848,0.83505,0.08994,-0.26165,1.00842,0.05505,-0.09962,0.77786,-0.10843,-0.30227,0.67535,-0.19592,-0.31842,0.84947,0.00296,-0.31782,1.01433,0.06555,-0.11001,0.75362,0.28041,-0.25216,0.55669,0.29597,-0.41997,0.76057,0.27591,-0.51558,0.8728,0.17915,0.02975,0.36083,0.00707,-0.12641,-0.00879,-0.02141,0.24792,0.13075,0.03928,0.32595,-0.07199,0.08966,0.03817,0.37884,0.15689,-0.35672,0.31916,0.10874,-0.15689,-0.0318,0.12201,-0.34139,-0.15543,0.10187
11.16,0.08606,0.43978,0.06946,-0.11808,0.83552,0.08768,-0.26233,1.00797,0.05268,-0.09931,0.77777,-0.11054,-0.30337,0.67745,-0.19732,-0.31695,0.85248,0.00095,-0.31458,1.01784,0.06218,-0.10946,0.75464,0.27837,-0.25356,0.55918,0.2946,-0.42054,0.76361,0.27308,-0.51553,0.87547,0.1753,0.03005,0.36116,0.00616,-0.12626,-0.00856,-0.02016,0.2482,0.13109,0.03951,0.32648,-0.07147,0.09023,0.03898,0.37951,0.15592,-0.35598,0.31954,0.10872,-0.15695,-0.03186,0.12221,-0.34152,-0.15508,0.10035
11.18,0.08671,0.4403,0.06821,-0.11768,0.83596,0.08539,-0.26313,1.00737,0.05027,-0.09904,0.77762,-0.11267,-0.30456,0.67964,-0.19863,-0.31539,0.85557,-0.00099,-0.31118,1.02146,0.05868,-0.10885,0.75566,0.27632,-0.255,0.56179,0.29331,-0.42116,0.76671,0.27026,-0.51564,0.87809,0.17144,0.03049,0.36153,0.0053,-0.12598,-0.00829,-0.01868,0.24861,0.13147,0.03995,0.3272,-0.07089,0.09095,0.03995,0.38023,0.15498,-0.35509,0.31998,0.10873,-0.15697,-0.03193,0.12245,-0.34166,-0.15464,0.09879
11.2,0.08699,0.44072,0.0669,-0.11724,0.83651,0.08307,-0.26367,1.00707,0.04792,-0.09872,0.7776,-0.11484,-0.30561,0.68191,-0.20011,-0.31383,0.85879,-0.00319,-0.3079,1.02509,0.05518,-0.10834,0.75674,0.27422,-0.25654,0.5645,0.29192,-0.42159,0.77013,0.26731,-0.51534,0.88122,0.16747,0.03057,0.3618,0.00435,-0.12599,-0.0081,-0.01761,0.24868,0.13183,0.04006,0.32752,-0.07034,0.09143,0.04053,0.38083,0.15396,-0.35458,0.32025,0.10878,-0.15704,-0.03199,0.12264,-0.34177,-0.1543,0.09722
11.22,0.08631,0.4408,0.06538,-0.1167,0.83725,0.08068,-0.26353,1.00751,0.04573,-0.09828,0.77789,-0.1171,-0.30615,0.68409,-0.20209,-0.31242,0.86202,-0.00604,-0.30501,1.02843,0.05184,-0.10813,0.75783,0.27199,-0.25823,0.56712,0.29011,-0.42155,0.77395,0.26402,-0.51394,0.88538,0.1633,0.02973,0.36178,0.0031,-0.12685,-0.00818,-0.01783,0.24785,0.132,0.03907,0.3267,-0.07,0.0911,0.04009,0.38104,0.15265,-0.3551,0.32005,0.10883,-0.15729,-0.03204,0.12259,-0.34179,-0.15434,0.09556
11.24,0.08527,0.44078,0.0638,-0.11612,0.83809,0.07825,-0.26314,1.00825,0.04358,-0.0978,0.77831,-0.11941,-0.30653,0.68628,-0.20423,-0.31104,0.86531,-0.00914,-0.30228,1.03172,0.04854,-0.10802,0.75897,0.26971,-0.26,0.56978,0.28818,-0.42129,0.77801,0.2606,-0.5121,0.88996,0.15903,0.02854,0.36167,0.00177,-0.128,-0.00833,-0.01847,0.24669,0.13213,0.03775,0.32547,-0.0697,0.09054,0.03928,0.38113,0.15127,-0.35601,0.31968,0.10889,-0.15759,-0.03207,0.12246,-0.34179,-0.15448,0.0939
11.26,0.08441,0.44082,0.06226,-0.11557,0.83887,0.07583,-0.26286,1.00884,0.0414,-0.09735,0.77865,-0.1217,-0.30695,0.68842,-0.2063,-0.30963,0.86848,-0.01213,-0.2995,1.03493,0.04523,-0.10786,0.76009,0.26744,-0.26167,0.57243,0.28629,-0.42109,0.78189,0.25724,-0.51043,0.89424,0.1548,0.02753,0.36162,0.00049,-0.12898,-0.00845,-0.0189,0.24571,0.13228,0.03664,0.32447,-0.06938,0.09012,0.03864,0.38129,0.14993,-0.35672,0.3194,0.10894,-0.15786,-0.03211,0.12238,-0.34181,-0.15451,0.09228
11.28,0.08348,0.44079,0.06068,-0.11497,0.83963,0.07339,-0.2626,1.00937,0.03922,-0.09684,0.77898,-0.12402,-0.30736,0.69075,-0.20845,-0.30803,0.87186,-0.01524,-0.29634,1.03834,0.04174,-0.1077,0.76118,0.26515,-0.2635,0.5752,0.28438,-0.42086,0.786,0.25379,-0.50863,0.89877,0.15046,0.02644,0.3615,-0.00083,-0.13011,-0.0086,-0.01937,0.2446,0.13241,0.03533,0.32333,-0.06905,0.08955,0.03796,0.38138,0.14856,-0.35749,0.31908,0.10907,-0.15814,-0.03216,0.12227,-0.34185,-0.1545,0.09051
11.3,0.08261,0.44089,0.05916,-0.11447,0.84043,0.07096,-0.26225,1.01008,0.03699,-0.09645,0.77932,-0.12632,-0.30771,0.69266,-0.21051,-0.30677,0.87474,-0.01821,-0.29395,1.0412,0.03857,-0.10758,0.76234,0.26288,-0.26498,0.57775,0.28245,-0.42056,0.78965,0.25042,-0.50692,0.90274,0.14626,0.02544,0.3615,-0.00211,-0.13099,-0.00868,-0.01988,0.2437,0.13259,0.03432,0.32239,-0.06871,0.08921,0.0373,0.3816,0.14722,-0.3582,0.31881,0.10901,-0.15838,-0.03216,0.12217,-0.34189,-0.15445,0.08905
11.32,0.082,0.4414,0.05781,-0.1143,0.84136,0.06857,-0.26174,1.0113,0.03462,-0.09638,0.77971,-0.12856,-0.30798,0.69342,-0.21229,-0.30651,0.87628,-0.02073,-0.29377,1.04266,0.03631,-0.10756,0.76375,0.26069,-0.26548,0.57962,0.2805,-0.42019,0.79198,0.24736,-0.50566,0.9051,0.14248,0.0248,0.36191,-0.00329,-0.13109,-0.00853,-0.02039,0.24347,0.13288,0.03428,0.32218,-0.06831,0.08956,0.03676,0.38224,0.146,-0.35868,0.3187,0.10841,-0.15851,-0.03206,0.12207,-0.34187,-0.15442,0.08841
11.34,0.08147,0.44204,0.05652,-0.11422,0.84233,0.0662,-0.26115,1.0127,0.03221,-0.09642,0.7801,-0.13076,-0.30821,0.69377,-0.21396,-0.30664,0.87733,-0.02308,-0.29438,1.0436,0.03439,-0.10759,0.76523,0.25853,-0.26563,0.58124,0.27855,-0.41978,0.79385,0.2444,-0.50453,0.90689,0.13886,0.02426,0.36244,-0.00443,-0.13093,-0.00832,-0.02093,0.24346,0.13322,0.03456,0.3222,-0.06788,0.09013,0.03626,0.38302,0.14482,-0.35908,0.31864,0.10762,-0.15859,-0.03191,0.12198,-0.34183,-0.1544,0.08808
11.36,0.0809,0.4426,0.0552,-0.1141,0.84325,0.06382,-0.26061,1.01398,0.02981,-0.09641,0.78047,-0.13297,-0.30846,0.69431,-0.21567,-0.30661,0.87859,-0.02549,-0.29461,1.04477,0.0323,-0.1076,0.76665,0.25636,-0.26596,0.58296,0.2766,-0.41939,0.79593,0.24139,-0.50332,0.90893,0.13516,0.02368,0.36289,-0.0056,-0.13091,-0.00815,-0.02146,0.24333,0.13353,0.03466,0.32208,-0.06747,0.09057,0.03574,0.38372,0.14361,-0.35952,0.31855,0.10692,-0.1587,-0.03178,0.12188,-0.34179,-0.15437,0.08761
11.38,0.08033,0.44323,0.05388,-0.11398,0.84423,0.06141,-0.26001,1.01538,0.02739,-0.09641,0.78089,-0.13521,-0.30869,0.69483,-0.21744,-0.30649,0.87988,-0.02801,-0.29484,1.04593,0.03022,-0.10759,0.76816,0.25415,-0.26621,0.58471,0.27461,-0.41897,0.79797,0.23835,-0.50211,0.91092,0.13144,0.02309,0.36341,-0.00675,-0.13082,-0.00794,-0.02199,0.24327,0.13388,0.03487,0.32204,-0.06703,0.0911,0.03521,0.3845,0.14242,-0.35995,0.31848,0.10622,-0.1588,-0.03164,0.1218,-0.34176,-0.15432,0.08715
11.4,0.07977,0.44375,0.05259,-0.1139,0.84508,0.05909,-0.25952,1.01656,0.02502,-0.09642,0.78121,-0.13736,-0.30897,0.69528,-0.21904,-0.30666,0.88099,-0.03026,-0.29525,1.04696,0.02823,-0.10764,0.76949,0.25203,-0.26656,0.58633,0.27271,-0.41859,0.79993,0.2354,-0.50094,0.91283,0.12783,0.02252,0.36383,-0.0079,-0.13083,-0.00777,-0.02252,0.24311,0.13419,0.03497,0.3219,-0.06661,0.09152,0.03469,0.38515,0.14123,-0.36039,0.31838,0.10548,-0.1589,-0.03151,0.12171,-0.34173,-0.1543,0.08677
11.42,0.07925,0.44389,0.05134,-0.11384,0.84552,0.057,-0.25932,1.01708,0.02274,-0.09638,0.78124,-0.13932,-0.30935,0.69562,-0.2202,-0.3075,0.88175,-0.03182,-0.29589,1.04783,0.02631,-0.10776,0.77028,0.25009,-0.2673,0.58768,0.27103,-0.41829,0.80183,0.23264,-0.49979,0.91467,0.12437,0.022,0.36391,-0.00907,-0.13118,-0.00779,-0.0231,0.24264,0.13437,0.03462,0.32145,-0.06631,0.09157,0.03418,0.38537,0.14004,-0.36085,0.31816,0.10462,-0.15898,-0.03147,0.12156,-0.34166,-0.15445,0.08647
11.44,0.07874,0.44392,0.05012,-0.11381,0.84581,0.05501,-0.25924,1.01738,0.02053,-0.09634,0.78119,-0.1412,-0.30978,0.69591,-0.22121,-0.30862,0.88234,-0.03313,-0.29669,1.04859,0.02448,-0.10794,0.77089,0.24822,-0.26815,0.58892,0.26944,-0.41803,0.80366,0.22998,-0.49867,0.91645,0.12101,0.0215,0.36389,-0.01023,-0.13166,-0.00784,-0.02368,0.24208,0.13452,0.03413,0.32091,-0.06603,0.09151,0.03367,0.38547,0.13887,-0.36132,0.31792,0.10371,-0.15905,-0.03145,0.12141,-0.34159,-0.15463,0.08624
11.46,0.07823,0.444,0.0489,-0.11377,0.84616,0.05299,-0.2591,1.01777,0.0183,-0.09631,0.78116,-0.14309,-0.31018,0.6962,-0.22229,-0.30961,0.88297,-0.03455,-0.29744,1.04934,0.02266,-0.10808,0.77158,0.24634,-0.26892,0.59019,0.26783,-0.41773,0.80547,0.22731,-0.49754,0.91819,0.11766,0.021,0.36391,-0.01138,-0.13206,-0.00788,-0.02426,0.24157,0.13467,0.03373,0.32042,-0.06575,0.09151,0.03317,0.38563,0.1377,-0.36179,0.31768,0.10283,-0.15913,-0.03143,0.12126,-0.34152,-0.15479,0.08598
11.48,0.07769,0.44406,0.04764,-0.11373,0.84651,0.05091,-0.25898,1.01814,0.01601,-0.09625,0.78114,-0.14504,-0.31062,0.69658,-0.22333,-0.31064,0.88372,-0.03594,-0.29809,1.05024,0.02073,-0.10826,0.77226,0.2444,-0.2698,0.59153,0.26615,-0.41745,0.8074,0.2245,-0.49633,0.92005,0.11411,0.02046,0.36391,-0.01257,-0.13253,-0.00793,-0.02485,0.241,0.13484,0.03328,0.31988,-0.06545,0.0915,0.03263,0.38576,0.13649,-0.36229,0.31744,0.10192,-0.15921,-0.03139,0.1211,-0.34144,-0.15495,0.08571
11.5,0.07722,0.44415,0.04646,-0.1137,0.84684,0.04897,-0.25885,1.01851,0.01386,-0.09624,0.78111,-0.14687,-0.31096,0.69678,-0.22443,-0.31162,0.88421,-0.03734,-0.29895,1.05082,0.01906,-0.10837,0.77293,0.24259,-0.27046,0.59272,0.2646,-0.41712,0.80907,0.22197,-0.49527,0.92163,0.11098,0.02,0.36394,-0.01367,-0.13289,-0.00796,-0.02541,0.24054,0.13499,0.03287,0.31943,-0.06518,0.09147,0.03216,0.38593,0.13536,-0.36271,0.31722,0.10106,-0.15928,-0.03136,0.12096,-0.34137,-0.1551,0.08549
11.52,0.07694,0.44439,0.04546,-0.11368,0.84723,0.04735,-0.2587,1.01898,0.01211,-0.09636,0.78113,-0.14838,-0.31103,0.6965,-0.22576,-0.31248,0.88407,-0.03883,-0.30039,1.05056,0.01806,-0.10832,0.77365,0.24109,-0.27049,0.59355,0.26331,-0.41669,0.81011,0.22019,-0.49462,0.92257,0.10893,0.01973,0.36411,-0.01459,-0.13294,-0.00789,-0.02591,0.24044,0.13511,0.03255,0.31929,-0.06499,0.09145,0.03188,0.38627,0.13443,-0.36293,0.31711,0.10033,-0.15932,-0.03132,0.12089,-0.34133,-0.15515,0.08534
11.54,0.07674,0.44467,0.04454,-0.11366,0.84762,0.04585,-0.25854,1.01946,0.01051,-0.09652,0.78116,-0.14977,-0.31099,0.69603,-0.22715,-0.31328,0.88369,-0.04032,-0.30201,1.04998,0.01731,-0.10819,0.77438,0.23972,-0.27029,0.59423,0.26214,-0.41621,0.81091,0.21869,-0.49413,0.92325,0.10731,0.01955,0.36431,-0.01541,-0.13288,-0.00781,-0.02637,0.24048,0.13521,0.03226,0.31927,-0.06483,0.09143,0.03168,0.38665,0.13357,-0.36307,0.31704,0.09965,-0.15933,-0.03128,0.12085,-0.34128,-0.15518,0.08523
11.56,0.07649,0.44493,0.04359,-0.11365,0.848,0.0443,-0.25839,1.01994,0.00884,-0.09667,0.78119,-0.15122,-0.31101,0.69565,-0.22851,-0.3141,0.88342,-0.04179,-0.30352,1.04955,0.01643,-0.10811,0.7751,0.2383,-0.2702,0.59497,0.26093,-0.41577,0.81181,0.21708,-0.49358,0.92403,0.10551,0.01931,0.36449,-0.01627,-0.13288,-0.00773,-0.02684,0.24043,0.13532,0.03196,0.31917,-0.06466,0.09141,0.03143,0.38701,0.13269,-0.36326,0.31695,0.09896,-0.15936,-0.03124,0.1208,-0.34125,-0.15522,0.08511
11.58,0.07627,0.44518,0.04262,-0.11362,0.84836,0.04275,-0.25824,1.02039,0.00719,-0.09682,0.7812,-0.15266,-0.311,0.69522,-0.22989,-0.31496,0.88311,-0.04331,-0.30514,1.04904,0.01561,-0.10801,0.7758,0.23687,-0.27011,0.59571,0.25968,-0.41527,0.81274,0.21541,-0.49298,0.92486,0.10365,0.0191,0.36466,-0.01715,-0.13285,-0.00767,-0.02735,0.24042,0.13543,0.03165,0.3191,-0.06449,0.0914,0.0312,0.38737,0.13178,-0.36342,0.31686,0.09824,-0.15938,-0.0312,0.12076,-0.34119,-0.15526,0.085
11.6,0.07603,0.44546,0.04172,-0.1136,0.84877,0.04124,-0.25806,1.02089,0.00553,-0.09695,0.78124,-0.15406,-0.311,0.69485,-0.23121,-0.31569,0.88282,-0.04473,-0.30655,1.04858,0.01475,-0.10791,0.77655,0.23549,-0.26993,0.59642,0.25854,-0.41485,0.81353,0.21394,-0.49251,0.92553,0.10202,0.01887,0.36486,-0.01795,-0.13284,-0.00757,-0.02776,0.2404,0.13554,0.03139,0.31904,-0.06431,0.09138,0.03096,0.38775,0.13095,-0.36359,0.31678,0.0976,-0.1594,-0.03115,0.12072,-0.34115,-0.15529,0.08489
11.62,0.07571,0.44581,0.041,-0.11357,0.84928,0.03981,-0.25786,1.02149,0.0038,-0.09707,0.78136,-0.15537,-0.31104,0.69464,-0.23234,-0.31606,0.88265,-0.0459,-0.30736,1.04839,0.01372,-0.10786,0.77744,0.2342,-0.26954,0.59706,0.25774,-0.41467,0.814,0.21294,-0.4924,0.92582,0.1009,0.01856,0.36512,-0.01856,-0.13294,-0.00741,-0.02785,0.24031,0.13569,0.03122,0.31898,-0.06412,0.09135,0.03065,0.38822,0.13031,-0.36382,0.3167,0.09719,-0.15945,-0.0311,0.12069,-0.34113,-0.15531,0.0848
11.64,0.07537,0.44617,0.04037,-0.11353,0.84982,0.03844,-0.25763,1.02211,0.00209,-0.09716,0.78149,-0.1566,-0.31109,0.69448,-0.23339,-0.31628,0.8825,-0.04696,-0.30795,1.04825,0.01267,-0.10782,0.77836,0.23297,-0.26905,0.59765,0.25707,-0.41456,0.81432,0.21215,-0.49242,0.92594,0.10001,0.01823,0.3654,-0.01908,-0.13307,-0.00723,-0.02782,0.24021,0.13584,0.03112,0.31893,-0.06393,0.09132,0.03032,0.3887,0.12976,-0.36407,0.31661,0.09689,-0.1595,-0.03106,0.12069,-0.34112,-0.15535,0.08473
11.66,0.07504,0.44653,0.0397,-0.11349,0.85034,0.03706,-0.2574,1.02273,0.00039,-0.09726,0.78162,-0.15786,-0.31113,0.69431,-0.23447,-0.31656,0.88234,-0.04807,-0.30863,1.04808,0.01165,-0.10778,0.77926,0.23172,-0.26861,0.59827,0.25633,-0.41441,0.8147,0.21126,-0.49237,0.92615,0.09902,0.01791,0.36567,-0.01964,-0.13319,-0.00706,-0.02785,0.24012,0.13599,0.031,0.31887,-0.06374,0.09129,0.03,0.38917,0.12917,-0.36431,0.31653,0.09655,-0.15955,-0.031,0.12068,-0.34111,-0.15537,0.08466
11.68,0.07472,0.4469,0.03903,-0.11346,0.85087,0.03564,-0.25719,1.02333,-0.00138,-0.09737,0.78174,-0.15914,-0.31119,0.69411,-0.23553,-0.31685,0.88218,-0.04918,-0.30931,1.04792,0.01059,-0.10772,0.78019,0.23045,-0.26815,0.59891,0.25561,-0.41425,0.81511,0.21039,-0.49232,0.92637,0.09803,0.01759,0.36595,-0.02019,-0.1333,-0.00687,-0.02786,0.24004,0.13615,0.03086,0.31882,-0.06353,0.09127,0.02969,0.38967,0.12859,-0.36454,0.31645,0.0962,-0.1596,-0.03095,0.12067,-0.34109,-0.15539,0.0846
11.7,0.07437,0.44724,0.03839,-0.11342,0.85139,0.03431,-0.25694,1.02396,-0.00301,-0.09746,0.78188,-0.16035,-0.3112,0.69396,-0.23661,-0.31709,0.88201,-0.05024,-0.30994,1.04774,0.00961,-0.10769,0.78106,0.22924,-0.2677,0.59948,0.2549,-0.41413,0.81543,0.20955,-0.49232,0.9265,0.09709,0.01725,0.36621,-0.02072,-0.13343,-0.00671,-0.02788,0.23993,0.13628,0.03078,0.31876,-0.06336,0.09125,0.02935,0.39012,0.12802,-0.3648,0.31636,0.09589,-0.15966,-0.0309,0.12066,-0.34108,-0.15543,0.08451
11.72,0.07397,0.44755,0.03782,-0.11331,0.85193,0.03321,-0.25653,1.02471,-0.00431,-0.09744,0.78214,-0.16136,-0.31103,0.69397,-0.23775,-0.31721,0.88185,-0.05121,-0.31044,1.04752,0.00882,-0.10767,0.78184,0.22824,-0.26724,0.59992,0.25418,-0.41406,0.81558,0.20872,-0.4924,0.92651,0.09622,0.01685,0.36647,-0.02122,-0.13354,-0.00657,-0.02796,0.23981,0.13638,0.03082,0.31872,-0.06324,0.09125,0.02896,0.39049,0.1275,-0.36512,0.31627,0.09569,-0.15972,-0.03083,0.12062,-0.34107,-0.15544,0.08436
11.74,0.07355,0.44783,0.03728,-0.1132,0.85245,0.0322,-0.25606,1.02549,-0.00548,-0.09739,0.78243,-0.16229,-0.31081,0.69402,-0.2389,-0.31728,0.88166,-0.05213,-0.31087,1.04727,0.00812,-0.10767,0.78257,0.22731,-0.26679,0.60029,0.25346,-0.41402,0.81565,0.20793,-0.49253,0.92643,0.0954,0.01642,0.36671,-0.02171,-0.13366,-0.00646,-0.02807,0.23968,0.13646,0.03091,0.31868,-0.06315,0.09125,0.02856,0.39083,0.127,-0.36547,0.31616,0.09552,-0.1598,-0.03077,0.12056,-0.34106,-0.15546,0.08417
11.76,0.07313,0.44813,0.03674,-0.1131,0.85298,0.03117,-0.25563,1.02625,-0.00668,-0.09738,0.78271,-0.16323,-0.31062,0.69406,-0.24003,-0.31738,0.88148,-0.05306,-0.31134,1.04703,0.0074,-0.10767,0.78333,0.22636,-0.26634,0.60069,0.25276,-0.41398,0.81575,0.20714,-0.49265,0.92638,0.09458,0.016,0.36696,-0.02218,-0.13379,-0.00633,-0.02816,0.23953,0.13656,0.03098,0.31862,-0.06304,0.09127,0.02815,0.39118,0.12651,-0.36581,0.31607,0.09536,-0.15988,-0.03069,0.12052,-0.34106,-0.15547,0.084
11.78,0.07271,0.44843,0.03618,-0.11298,0.85352,0.0301,-0.25518,1.02703,-0.00794,-0.09733,0.78299,-0.16421,-0.31041,0.6941,-0.24119,-0.31747,0.88132,-0.05403,-0.31182,1.04681,0.00662,-0.10766,0.7841,0.22538,-0.26589,0.60111,0.25202,-0.41391,0.81589,0.2063,-0.49273,0.92639,0.09371,0.01558,0.36722,-0.02268,-0.13391,-0.0062,-0.02825,0.2394,0.13666,0.03107,0.31858,-0.06293,0.09128,0.02775,0.39155,0.12599,-0.36615,0.31597,0.09517,-0.15996,-0.03062,0.12048,-0.34105,-0.15548,0.08383
11.8,0.0723,0.4487,0.03565,-0.11289,0.85401,0.02912,-0.25475,1.02776,-0.00909,-0.09732,0.78325,-0.16512,-0.31023,0.69411,-0.2423,-0.31755,0.8811,-0.05491,-0.31225,1.04652,0.00597,-0.10767,0.7848,0.22447,-0.26544,0.60144,0.25135,-0.4139,0.81591,0.20556,-0.4929,0.92624,0.09293,0.01516,0.36745,-0.02315,-0.13402,-0.0061,-0.02837,0.23926,0.13673,0.03113,0.31852,-0.06283,0.09127,0.02735,0.39187,0.1255,-0.36649,0.31587,0.09501,-0.16003,-0.03056,0.12042,-0.34105,-0.1555,0.08366
11.82,0.07195,0.44891,0.0352,-0.11289,0.85438,0.02833,-0.25436,1.02842,-0.00998,-0.09739,0.78343,-0.16585,-0.31013,0.69407,-0.24325,-0.31756,0.88073,-0.05554,-0.31244,1.04602,0.0057,-0.10771,0.78533,0.22374,-0.26496,0.60156,0.25087,-0.414,0.81563,0.20508,-0.49331,0.92567,0.09239,0.01481,0.36763,-0.02356,-0.1341,-0.00602,-0.02855,0.23916,0.13679,0.03113,0.31848,-0.06277,0.09122,0.02701,0.39211,0.12508,-0.36679,0.31576,0.09493,-0.16009,-0.03053,0.12037,-0.34103,-0.15553,0.08347
11.84,0.07162,0.44909,0.03478,-0.11292,0.85469,0.02763,-0.254,1.02903,-0.01076,-0.09749,0.78359,-0.1665,-0.31005,0.69401,-0.24414,-0.31755,0.88031,-0.05607,-0.31257,1.04546,0.00556,-0.10777,0.78578,0.22309,-0.26448,0.6016,0.25045,-0.41414,0.81523,0.20469,-0.49381,0.92495,0.09194,0.01448,0.36779,-0.02395,-0.13417,-0.00597,-0.02876,0.23907,0.13683,0.03109,0.31843,-0.06272,0.09116,0.02669,0.39232,0.12468,-0.36708,0.31564,0.09486,-0.16014,-0.0305,0.12031,-0.34102,-0.15556,0.08328
11.86,0.07127,0.44928,0.03435,-0.11294,0.85502,0.02689,-0.25364,1.02965,-0.01159,-0.09759,0.78376,-0.16718,-0.30997,0.69396,-0.24504,-0.31757,0.87991,-0.05664,-0.31277,1.04493,0.00535,-0.10784,0.78626,0.22241,-0.26403,0.60167,0.24999,-0.41428,0.8149,0.20427,-0.49428,0.92432,0.09146,0.01413,0.36796,-0.02435,-0.13425,-0.00591,-0.02895,0.23896,0.13688,0.03108,0.31838,-0.06266,0.0911,0.02635,0.39254,0.12427,-0.36738,0.31552,0.09478,-0.1602,-0.03048,0.12025,-0.34101,-0.15559,0.0831
11.88,0.07093,0.44948,0.0339,-0.11296,0.85537,0.02614,-0.25323,1.03031,-0.01243,-0.09769,0.78393,-0.16788,-0.30987,0.69389,-0.24599,-0.31754,0.87949,-0.05724,-0.31284,1.04435,0.00519,-0.10788,0.78676,0.2217,-0.26352,0.60174,0.24956,-0.41439,0.81453,0.20383,-0.49474,0.92362,0.09095,0.01378,0.36814,-0.02477,-0.13432,-0.00585,-0.02917,0.23887,0.13693,0.03106,0.31834,-0.0626,0.09103,0.02602,0.39277,0.12385,-0.36767,0.31541,0.09471,-0.16025,-0.03045,0.12018,-0.341,-0.15562,0.0829
11.9,0.07059,0.44966,0.0335,-0.11298,0.85568,0.02544,-0.25291,1.03089,-0.01323,-0.09777,0.78409,-0.16852,-0.30979,0.69386,-0.24683,-0.31758,0.87911,-0.05775,-0.31313,1.04387,0.00495,-0.10796,0.78722,0.22106,-0.2631,0.6018,0.24909,-0.41454,0.8142,0.20345,-0.49521,0.92302,0.09054,0.01344,0.3683,-0.02514,-0.1344,-0.00579,-0.02934,0.23876,0.13698,0.03103,0.31827,-0.06255,0.09098,0.02568,0.39298,0.12347,-0.36796,0.3153,0.09464,-0.16031,-0.03041,0.12013,-0.34099,-0.15565,0.08273
11.92,0.07029,0.44978,0.03319,-0.11299,0.85593,0.02486,-0.25275,1.03122,-0.01399,-0.09776,0.78423,-0.16906,-0.30971,0.69386,-0.24744,-0.31772,0.87885,-0.0581,-0.31402,1.0437,0.00442,-0.10809,0.78756,0.22052,-0.26288,0.60184,0.24844,-0.41478,0.81399,0.2032,-0.49564,0.92275,0.09036,0.01315,0.3684,-0.02543,-0.13452,-0.00576,-0.02941,0.23865,0.137,0.03093,0.31818,-0.06251,0.09091,0.02538,0.39313,0.12317,-0.36823,0.31519,0.09451,-0.16035,-0.03038,0.1201,-0.34096,-0.1557,0.08265
11.94,0.07,0.44988,0.03292,-0.113,0.85615,0.02433,-0.25267,1.03148,-0.01472,-0.09772,0.78436,-0.16955,-0.30962,0.6939,-0.24795,-0.31791,0.87863,-0.05837,-0.31511,1.04362,0.0038,-0.10824,0.78786,0.22002,-0.26273,0.60186,0.24774,-0.41506,0.81381,0.203,-0.49608,0.92257,0.09028,0.01287,0.36848,-0.02568,-0.13465,-0.00574,-0.02944,0.23854,0.13702,0.0308,0.31807,-0.06247,0.09085,0.02508,0.39325,0.12291,-0.36849,0.31508,0.09438,-0.16039,-0.03035,0.12008,-0.34092,-0.15577,0.0826
11.96,0.0697,0.45,0.03263,-0.11301,0.8564,0.02378,-0.25255,1.03178,-0.01546,-0.09769,0.78451,-0.17007,-0.30953,0.69395,-0.24851,-0.31809,0.8784,-0.05868,-0.31611,1.0435,0.00326,-0.10839,0.78819,0.2195,-0.26255,0.60189,0.24706,-0.41532,0.81362,0.20277,-0.49653,0.92234,0.09015,0.01258,0.36858,-0.02595,-0.13477,-0.00571,-0.02949,0.23843,0.13704,0.03068,0.31797,-0.06243,0.09078,0.02477,0.3934,0.12264,-0.36876,0.31498,0.09424,-0.16043,-0.0303,0.12005,-0.34089,-0.15582,0.08253
11.98,0.06941,0.4501,0.03234,-0.11302,0.85661,0.02322,-0.25246,1.03204,-0.01621,-0.09768,0.78462,-0.17059,-0.30946,0.69392,-0.24905,-0.31824,0.87813,-0.05899,-0.31716,1.04337,0.0026,-0.10853,0.7885,0.21897,-0.26237,0.60192,0.24637,-0.4156,0.81342,0.20255,-0.49691,0.92218,0.09004,0.0123,0.36866,-0.02622,-0.13491,-0.00569,-0.02954,0.23831,0.13707,0.03056,0.31786,-0.06238,0.09071,0.02447,0.39352,0.12236,-0.36902,0.31487,0.09411,-0.16048,-0.03027,0.12002,-0.34087,-0.15588,0.08247
12,0.0691,0.45023,0.03206,-0.11302,0.85688,0.02269,-0.25232,1.03237,-0.01693,-0.09763,0.78481,-0.17108,-0.30935,0.69404,-0.24962,-0.31845,0.87794,-0.05928,-0.31816,1.04325,0.00215,-0.10868,0.78883,0.21847,-0.26219,0.60195,0.24571,-0.41584,0.81324,0.20234,-0.49744,0.92188,0.08992,0.01199,0.36877,-0.02649,-0.13502,-0.00565,-0.02959,0.23821,0.13709,0.03045,0.31777,-0.06235,0.09065,0.02415,0.39368,0.12209,-0.3693,0.31477,0.09398,-0.16052,-0.03022,0.12,-0.34083,-0.15593,0.08241
12.02,0.06873,0.45044,0.03177,-0.11297,0.85727,0.02227,-0.25207,1.03288,-0.01757,-0.09747,0.7852,-0.17149,-0.30913,0.69456,-0.25032,-0.31889,0.87792,-0.05949,-0.31901,1.04308,0.00231,-0.10888,0.7892,0.21805,-0.26201,0.60197,0.24508,-0.41604,0.81306,0.20208,-0.4984,0.92114,0.08968,0.01163,0.36898,-0.02677,-0.13505,-0.00559,-0.02968,0.23821,0.13709,0.03036,0.31774,-0.06235,0.09057,0.02378,0.3939,0.12181,-0.36962,0.31467,0.09385,-0.16057,-0.03016,0.11998,-0.34079,-0.15599,0.08236
12.04,0.06833,0.45069,0.03148,-0.11291,0.85772,0.02188,-0.25178,1.03346,-0.01817,-0.09728,0.78568,-0.17188,-0.30889,0.69524,-0.25108,-0.3194,0.87797,-0.05969,-0.31981,1.04293,0.00266,-0.10911,0.7896,0.21765,-0.26182,0.60201,0.24448,-0.41619,0.81291,0.20183,-0.49951,0.92026,0.08943,0.01123,0.36922,-0.02705,-0.13506,-0.0055,-0.0298,0.23823,0.13709,0.03028,0.31773,-0.06236,0.0905,0.02338,0.39416,0.12152,-0.36995,0.31457,0.09373,-0.16062,-0.03007,0.11996,-0.34075,-0.15603,0.08231
12.06,0.06794,0.45092,0.0312,-0.11286,0.85815,0.02148,-0.2515,1.03402,-0.01879,-0.09711,0.78612,-0.17228,-0.30866,0.69584,-0.25181,-0.31986,0.87799,-0.0599,-0.32063,1.04277,0.0029,-0.10932,0.78999,0.21724,-0.26161,0.60203,0.24392,-0.41634,0.81275,0.2016,-0.50054,0.91943,0.08922,0.01084,0.36944,-0.02732,-0.13509,-0.00542,-0.02989,0.23823,0.1371,0.0302,0.3177,-0.06236,0.09043,0.02299,0.3944,0.12125,-0.37029,0.31447,0.09362,-0.16068,-0.02999,0.11994,-0.34071,-0.15607,0.08227
12.08,0.06756,0.45116,0.03091,-0.11281,0.85858,0.02111,-0.25126,1.03454,-0.01941,-0.09693,0.78658,-0.17266,-0.30843,0.69646,-0.25252,-0.32038,0.87797,-0.06005,-0.32148,1.04257,0.00324,-0.10955,0.79037,0.21685,-0.26149,0.60208,0.24319,-0.41662,0.81257,0.20126,-0.50163,0.91861,0.0889,0.01046,0.36968,-0.02761,-0.13509,-0.00533,-0.03,0.23825,0.1371,0.03011,0.31769,-0.06236,0.09036,0.02261,0.39464,0.12096,-0.37061,0.31439,0.09349,-0.16073,-0.02991,0.11992,-0.34067,-0.15611,0.08222
12.1,0.06715,0.4514,0.03062,-0.11274,0.85902,0.02066,-0.25092,1.03516,-0.02003,-0.09676,0.78702,-0.17309,-0.3082,0.69709,-0.2533,-0.32081,0.87806,-0.06037,-0.32225,1.04247,0.00338,-0.10976,0.7908,0.2164,-0.26118,0.60211,0.2428,-0.41658,0.81246,0.20115,-0.50264,0.91775,0.08888,0.01005,0.36991,-0.02788,-0.13513,-0.00524,-0.03011,0.23824,0.13712,0.03003,0.31765,-0.06235,0.09029,0.0222,0.39489,0.12068,-0.37096,0.31428,0.09337,-0.16078,-0.02982,0.1199,-0.34063,-0.15615,0.08216
12.12,0.06665,0.45162,0.03035,-0.11265,0.8595,0.02005,-0.25035,1.036,-0.02064,-0.0966,0.78738,-0.17365,-0.30801,0.69772,-0.25425,-0.32099,0.8784,-0.06108,-0.32275,1.04267,0.00305,-0.10992,0.79136,0.21583,-0.26046,0.60209,0.24321,-0.41592,0.8124,0.20156,-0.50323,0.91662,0.08926,0.00955,0.37011,-0.02813,-0.13527,-0.00518,-0.03021,0.23809,0.13715,0.03002,0.31753,-0.06233,0.09023,0.02171,0.39514,0.12043,-0.37139,0.31413,0.09329,-0.16086,-0.02975,0.11988,-0.34059,-0.15623,0.08208
12.14,0.06611,0.45185,0.03009,-0.11254,0.86,0.01938,-0.2497,1.03694,-0.02125,-0.09646,0.78773,-0.17427,-0.30784,0.69836,-0.25527,-0.32109,0.87887,-0.06195,-0.32318,1.043,0.00251,-0.11008,0.79199,0.2152,-0.25955,0.60209,0.24398,-0.41489,0.81247,0.20221,-0.50375,0.91554,0.09006,0.00902,0.37032,-0.02836,-0.13546,-0.00511,-0.0303,0.23789,0.1372,0.03003,0.31738,-0.06228,0.09018,0.02117,0.39541,0.12019,-0.37185,0.31398,0.09322,-0.16095,-0.02967,0.11987,-0.34055,-0.15631,0.08199
12.16,0.06559,0.45208,0.02982,-0.11244,0.86049,0.01872,-0.24908,1.03784,-0.02187,-0.0963,0.78808,-0.17487,-0.30765,0.69899,-0.25627,-0.32123,0.8793,-0.06278,-0.32365,1.04329,0.00201,-0.11023,0.7926,0.21459,-0.25869,0.6021,0.24465,-0.41387,0.81258,0.20279,-0.50443,0.91456,0.091,0.0085,0.37052,-0.0286,-0.13562,-0.00504,-0.0304,0.23772,0.13725,0.03002,0.31724,-0.06223,0.09012,0.02064,0.39567,0.11994,-0.3723,0.31383,0.09313,-0.16104,-0.0296,0.11984,-0.34052,-0.15639,0.08191
12.18,0.06507,0.45229,0.02955,-0.11234,0.86096,0.01809,-0.24847,1.03872,-0.02245,-0.09615,0.78843,-0.17544,-0.30746,0.69962,-0.25723,-0.32134,0.87962,-0.06348,-0.32407,1.04345,0.00172,-0.1104,0.79316,0.214,-0.25793,0.60211,0.24507,-0.41344,0.81232,0.2031,-0.50459,0.91303,0.09063,0.00798,0.37071,-0.02884,-0.1358,-0.00498,-0.0305,0.23754,0.13728,0.03001,0.3171,-0.0622,0.09006,0.02013,0.3959,0.11969,-0.37275,0.31367,0.09309,-0.16112,-0.02953,0.11982,-0.34048,-0.15646,0.0818
12.2,0.06455,0.45254,0.02929,-0.11221,0.86148,0.01739,-0.24781,1.03964,-0.02312,-0.096,0.78877,-0.17608,-0.30727,0.70026,-0.25829,-0.32149,0.88019,-0.0645,-0.32457,1.04392,0.00093,-0.11052,0.79383,0.21335,-0.2569,0.60217,0.2461,-0.41165,0.81291,0.20399,-0.5056,0.91287,0.09318,0.00747,0.37094,-0.02907,-0.13595,-0.0049,-0.0306,0.23739,0.13734,0.03002,0.31697,-0.06215,0.09001,0.0196,0.39619,0.11945,-0.37319,0.31352,0.09295,-0.1612,-0.02944,0.11981,-0.34043,-0.15655,0.08175
12.22,0.06406,0.45286,0.02906,-0.11201,0.86208,0.01649,-0.24706,1.04065,-0.02407,-0.09583,0.78906,-0.17687,-0.30704,0.70089,-0.25962,-0.32173,0.8813,-0.06631,-0.3253,1.04513,-0.00115,-0.11052,0.79471,0.21254,-0.25507,0.60225,0.24855,-0.40609,0.81564,0.20629,-0.50927,0.91589,0.10429,0.00703,0.37121,-0.02929,-0.13601,-0.00477,-0.03069,0.23732,0.13743,0.03008,0.31693,-0.06207,0.08998,0.01904,0.39657,0.11922,-0.37362,0.31334,0.09253,-0.16125,-0.02936,0.1198,-0.34031,-0.15673,0.08184
12.24,0.06358,0.45321,0.02883,-0.11176,0.86271,0.0155,-0.24625,1.04169,-0.02513,-0.09566,0.78934,-0.17773,-0.30679,0.70153,-0.26107,-0.322,0.88264,-0.06846,-0.32608,1.04664,-0.00375,-0.11045,0.79568,0.21167,-0.25293,0.60246,0.2516,-0.39901,0.81918,0.2089,-0.51107,0.922,0.11964,0.00661,0.37151,-0.02951,-0.13604,-0.00461,-0.03078,0.23728,0.13753,0.03014,0.31691,-0.06199,0.08996,0.01848,0.39699,0.11899,-0.37403,0.31315,0.092,-0.16128,-0.02927,0.11978,-0.34017,-0.15693,0.08199
12.26,0.0631,0.45354,0.02859,-0.11152,0.86333,0.01454,-0.24546,1.04271,-0.02614,-0.0955,0.78961,-0.17856,-0.30655,0.70217,-0.26247,-0.32223,0.88391,-0.07048,-0.32679,1.04804,-0.00615,-0.11037,0.79662,0.21082,-0.2509,0.60276,0.25445,-0.39242,0.82235,0.21107,-0.50979,0.92904,0.134,0.00619,0.37179,-0.02974,-0.13608,-0.00448,-0.03087,0.23723,0.13762,0.0302,0.31689,-0.06192,0.08993,0.01792,0.39739,0.11876,-0.37445,0.31297,0.09153,-0.16132,-0.02918,0.11977,-0.34004,-0.15712,0.08211
12.28,0.06263,0.45388,0.02838,-0.11131,0.86393,0.01361,-0.24465,1.04374,-0.02716,-0.09528,0.7899,-0.17937,-0.30624,0.70276,-0.26385,-0.32247,0.88504,-0.07242,-0.32759,1.04929,-0.00844,-0.1104,0.79751,0.20999,-0.24874,0.60287,0.25697,-0.38574,0.82519,0.21293,-0.50854,0.93507,0.15014,0.00578,0.37208,-0.02994,-0.13612,-0.00433,-0.03097,0.23719,0.13772,0.03028,0.31687,-0.06184,0.08991,0.01736,0.3978,0.11854,-0.37486,0.31278,0.09103,-0.16135,-0.02909,0.11975,-0.33989,-0.15732,0.08224
12.3,0.06212,0.45421,0.0281,-0.11104,0.86457,0.0126,-0.24387,1.04475,-0.02819,-0.09519,0.79014,-0.18025,-0.3061,0.70345,-0.2653,-0.32269,0.88649,-0.07463,-0.32818,1.05091,-0.01112,-0.11022,0.79851,0.2091,-0.24673,0.60363,0.26029,-0.37857,0.82875,0.2148,-0.49962,0.9464,0.16376,0.00532,0.37237,-0.0302,-0.13617,-0.0042,-0.03106,0.23713,0.1378,0.0303,0.31683,-0.06176,0.08987,0.01679,0.39819,0.11827,-0.37529,0.3126,0.09055,-0.16141,-0.029,0.11973,-0.33978,-0.1575,0.08236
12.32,0.06149,0.45453,0.02761,-0.11064,0.86529,0.01138,-0.24317,1.04573,-0.02924,-0.09542,0.7903,-0.1813,-0.30642,0.70444,-0.26697,-0.32282,0.88881,-0.07757,-0.32825,1.05352,-0.01481,-0.10954,0.79977,0.20806,-0.24511,0.60601,0.26559,-0.37055,0.83409,0.21686,-0.47767,0.9665,0.17114,0.00468,0.37265,-0.03063,-0.13631,-0.0041,-0.03117,0.23702,0.13786,0.03013,0.3167,-0.06169,0.08978,0.01619,0.39856,0.11782,-0.37577,0.31242,0.09012,-0.16153,-0.02891,0.11969,-0.33976,-0.15765,0.08244
12.34,0.06082,0.45484,0.02704,-0.11018,0.86604,0.01008,-0.24249,1.0467,-0.03031,-0.09578,0.79042,-0.18241,-0.30691,0.70553,-0.26871,-0.32289,0.89143,-0.08079,-0.32806,1.05648,-0.0189,-0.10866,0.80112,0.20696,-0.24356,0.60914,0.27161,-0.36202,0.84001,0.21869,-0.455,0.98544,0.18259,0.00398,0.37293,-0.03113,-0.13648,-0.00402,-0.03128,0.23689,0.13791,0.02989,0.31654,-0.06161,0.08966,0.01557,0.39891,0.11731,-0.37628,0.31225,0.0897,-0.16167,-0.02882,0.11963,-0.33976,-0.15779,0.0825
12.36,0.06016,0.45516,0.0265,-0.10975,0.86678,0.0088,-0.2418,1.04767,-0.03137,-0.09609,0.79055,-0.18351,-0.30734,0.70658,-0.27041,-0.32296,0.89392,-0.08388,-0.3279,1.05928,-0.02281,-0.10787,0.80243,0.20587,-0.24187,0.61221,0.27721,-0.35352,0.84543,0.22001,-0.43896,0.99802,0.19732,0.00329,0.37322,-0.0316,-0.13663,-0.00393,-0.0314,0.23676,0.13796,0.02968,0.3164,-0.06153,0.08955,0.01496,0.39928,0.11682,-0.37678,0.31208,0.08927,-0.1618,-0.02873,0.11957,-0.33975,-0.15793,0.08257
12.38,0.0595,0.45546,0.02597,-0.10934,0.86749,0.00755,-0.24109,1.04864,-0.03244,-0.09639,0.79068,-0.18457,-0.30769,0.70758,-0.27219,-0.32299,0.89633,-0.08706,-0.32786,1.06201,-0.02684,-0.1071,0.8037,0.20479,-0.2398,0.61517,0.28277,-0.3447,0.85034,0.22094,-0.42954,1.00481,0.21449,0.00261,0.37349,-0.03207,-0.1368,-0.00385,-0.03151,0.23663,0.13801,0.02945,0.31624,-0.06147,0.08944,0.01434,0.39962,0.11634,-0.37729,0.3119,0.08884,-0.16194,-0.02865,0.11951,-0.33974,-0.15808,0.08264
12.4,0.05885,0.45579,0.0254,-0.10886,0.86825,0.00622,-0.24042,1.0496,-0.03349,-0.09673,0.7908,-0.1857,-0.30822,0.70867,-0.27379,-0.32297,0.89892,-0.09017,-0.32737,1.06491,-0.03076,-0.1062,0.80506,0.20365,-0.23817,0.61895,0.28839,-0.33607,0.85575,0.22148,-0.42365,1.0087,0.22717,0.00194,0.37378,-0.03256,-0.13693,-0.00376,-0.03164,0.23651,0.13807,0.02925,0.31611,-0.06138,0.08934,0.01374,0.4,0.11582,-0.37777,0.31173,0.08842,-0.16207,-0.02855,0.11946,-0.33974,-0.1582,0.0827
12.42,0.05819,0.45617,0.02473,-0.10828,0.86909,0.00466,-0.23988,1.0505,-0.0346,-0.09718,0.79088,-0.18701,-0.30922,0.71002,-0.27493,-0.3229,0.90197,-0.09299,-0.32585,1.06823,-0.03428,-0.10502,0.80664,0.20232,-0.23777,0.62445,0.29407,-0.32814,0.86263,0.22171,-0.40827,1.0194,0.23177,0.00124,0.37411,-0.03312,-0.13701,-0.00365,-0.03183,0.23642,0.13817,0.02913,0.31604,-0.06126,0.08927,0.01314,0.40045,0.11523,-0.37824,0.31159,0.08803,-0.16221,-0.02846,0.1194,-0.33976,-0.1583,0.08276
12.44,0.05753,0.45656,0.02402,-0.10766,0.86995,0.00302,-0.23941,1.05137,-0.03569,-0.09768,0.79092,-0.18838,-0.31041,0.71143,-0.27588,-0.32278,0.90515,-0.09574,-0.3239,1.07166,-0.03769,-0.10372,0.80829,0.20091,-0.2377,0.63077,0.29975,-0.32042,0.86991,0.22163,-0.38756,1.03261,0.23248,0.00054,0.37445,-0.03372,-0.13708,-0.00355,-0.03205,0.23634,0.13827,0.02905,0.31598,-0.06113,0.08922,0.01256,0.40092,0.1146,-0.37871,0.31144,0.08766,-0.16236,-0.02837,0.11935,-0.33981,-0.15839,0.08282
12.46,0.05688,0.45695,0.02332,-0.10706,0.87079,0.00141,-0.23891,1.05226,-0.03675,-0.09816,0.79098,-0.18972,-0.3115,0.71276,-0.27691,-0.32262,0.90823,-0.09858,-0.32207,1.07498,-0.0412,-0.10246,0.80989,0.19952,-0.23721,0.63702,0.30531,-0.31249,0.87659,0.22121,-0.36791,1.04357,0.2332,-0.00015,0.37478,-0.0343,-0.13715,-0.00343,-0.03226,0.23625,0.13838,0.02894,0.31592,-0.061,0.08916,0.01198,0.40138,0.11398,-0.37916,0.31131,0.08728,-0.1625,-0.02828,0.11929,-0.33984,-0.15848,0.08287
12.48,0.05621,0.45734,0.02264,-0.10641,0.87164,-0.00021,-0.23833,1.05316,-0.03796,-0.09859,0.79106,-0.19107,-0.31257,0.71432,-0.27798,-0.32248,0.91143,-0.10139,-0.32036,1.07841,-0.04473,-0.10118,0.81151,0.19812,-0.23616,0.64317,0.3107,-0.304,0.88278,0.2206,-0.3463,1.05355,0.23271,-0.00086,0.37512,-0.03487,-0.13721,-0.00333,-0.03247,0.23618,0.13849,0.02884,0.31586,-0.06087,0.08911,0.01138,0.40184,0.11338,-0.37963,0.31116,0.08691,-0.16264,-0.02818,0.11924,-0.33986,-0.15857,0.08294
12.5,0.05558,0.45772,0.02193,-0.10586,0.87244,-0.00181,-0.23791,1.054,-0.03882,-0.09916,0.79108,-0.19238,-0.31369,0.71543,-0.27889,-0.32221,0.91434,-0.10427,-0.31825,1.08151,-0.04825,-0.09991,0.81307,0.19673,-0.23564,0.65011,0.31611,-0.2964,0.8891,0.21955,-0.32491,1.06283,0.22968,-0.00152,0.37544,-0.03546,-0.13728,-0.00322,-0.03268,0.23608,0.1386,0.02876,0.3158,-0.06074,0.08905,0.01083,0.40231,0.11276,-0.38007,0.31103,0.08654,-0.16278,-0.0281,0.11919,-0.3399,-0.15865,0.08298
12.52,0.0551,0.4581,0.02117,-0.10552,0.87309,-0.00331,-0.2379,1.05474,-0.03868,-0.10006,0.79098,-0.19359,-0.31487,0.71531,-0.2794,-0.32159,0.91652,-0.10734,-0.31517,1.08376,-0.05177,-0.09861,0.81449,0.19543,-0.23672,0.65904,0.3219,-0.29128,0.89644,0.21799,-0.30661,1.07203,0.22363,-0.00203,0.37574,-0.03608,-0.13737,-0.00306,-0.03289,0.23596,0.13875,0.02874,0.31578,-0.06058,0.08895,0.01041,0.4028,0.1121,-0.38038,0.31096,0.08621,-0.16289,-0.02801,0.11917,-0.33995,-0.15865,0.08297
12.54,0.05468,0.45847,0.02039,-0.10526,0.87368,-0.00477,-0.23802,1.05543,-0.03819,-0.10107,0.79082,-0.19476,-0.31608,0.71475,-0.27972,-0.32085,0.91835,-0.11044,-0.31179,1.08559,-0.05524,-0.09731,0.81584,0.19415,-0.23798,0.6688,0.32766,-0.28697,0.90401,0.21627,-0.28933,1.08034,0.21564,-0.00247,0.37603,-0.03671,-0.13746,-0.0029,-0.03309,0.23584,0.13891,0.02874,0.31576,-0.06041,0.08885,0.01005,0.40328,0.11142,-0.38064,0.3109,0.0859,-0.16299,-0.02794,0.11915,-0.34001,-0.15863,0.08292
12.56,0.05423,0.45883,0.01962,-0.10498,0.87428,-0.00625,-0.23805,1.05612,-0.03786,-0.10204,0.79068,-0.19593,-0.31728,0.71438,-0.28009,-0.32018,0.92022,-0.1135,-0.30864,1.08744,-0.0587,-0.09603,0.81718,0.19285,-0.23841,0.67832,0.33312,-0.28208,0.91105,0.21454,-0.27163,1.08693,0.20712,-0.00295,0.37631,-0.03734,-0.13756,-0.00275,-0.0333,0.23571,0.13905,0.02872,0.31574,-0.06025,0.08875,0.00966,0.40376,0.11075,-0.38092,0.31083,0.08558,-0.1631,-0.02787,0.11912,-0.34007,-0.15862,0.08289
12.58,0.05377,0.45921,0.01884,-0.10466,0.87492,-0.00775,-0.23801,1.05687,-0.03749,-0.103,0.79056,-0.19712,-0.31846,0.71407,-0.28053,-0.31943,0.92222,-0.1168,-0.30537,1.08935,-0.06234,-0.09468,0.81858,0.19151,-0.23831,0.68853,0.33879,-0.27705,0.91823,0.21282,-0.25287,1.09223,0.19734,-0.00343,0.3766,-0.03798,-0.13765,-0.00259,-0.03352,0.23558,0.13921,0.02873,0.31572,-0.06008,0.08864,0.00926,0.40426,0.11007,-0.38121,0.31076,0.08524,-0.16321,-0.02778,0.1191,-0.34012,-0.15861,0.08286
12.6,0.05336,0.45957,0.01809,-0.10443,0.87547,-0.00917,-0.23805,1.05752,-0.03708,-0.104,0.7904,-0.19823,-0.31968,0.71358,-0.28075,-0.3188,0.92376,-0.11964,-0.30241,1.09081,-0.06558,-0.09344,0.81987,0.19024,-0.23785,0.69787,0.34352,-0.27217,0.92456,0.21099,-0.23726,1.09581,0.18748,-0.00387,0.37688,-0.03858,-0.13773,-0.00243,-0.03369,0.23548,0.13937,0.0287,0.3157,-0.0599,0.08855,0.00892,0.40473,0.10942,-0.38145,0.31072,0.08496,-0.1633,-0.02771,0.11909,-0.34018,-0.15858,0.08283
12.62,0.05303,0.45985,0.0174,-0.1045,0.87582,-0.01038,-0.23842,1.05788,-0.03666,-0.10514,0.79013,-0.19916,-0.32105,0.71263,-0.28046,-0.31857,0.92423,-0.12123,-0.30027,1.09127,-0.06774,-0.09252,0.82085,0.18915,-0.23756,0.70447,0.34615,-0.26762,0.92891,0.20884,-0.22917,1.09857,0.17992,-0.00427,0.37711,-0.03911,-0.13782,-0.00231,-0.03377,0.23541,0.13949,0.02849,0.31562,-0.05974,0.08849,0.00872,0.40509,0.10884,-0.38158,0.31072,0.08479,-0.16342,-0.02768,0.1191,-0.34032,-0.15851,0.0828
12.64,0.05276,0.4601,0.01674,-0.10466,0.87608,-0.01151,-0.23888,1.05815,-0.03621,-0.10631,0.78982,-0.20002,-0.32244,0.71151,-0.27995,-0.31846,0.92428,-0.12233,-0.29843,1.09133,-0.06949,-0.09169,0.82171,0.18813,-0.23732,0.71003,0.34797,-0.26334,0.93244,0.20659,-0.22393,1.10109,0.17337,-0.00463,0.3773,-0.03961,-0.1379,-0.0022,-0.03382,0.23537,0.13959,0.02823,0.31555,-0.05959,0.08845,0.0086,0.40542,0.1083,-0.38165,0.31073,0.08466,-0.16352,-0.02768,0.11912,-0.34046,-0.15844,0.08277
12.66,0.05246,0.46037,0.01608,-0.10479,0.87638,-0.01267,-0.23927,1.05846,-0.03576,-0.10747,0.78953,-0.2009,-0.32381,0.71049,-0.27951,-0.31831,0.92451,-0.12364,-0.29655,1.09153,-0.07143,-0.09085,0.82263,0.18707,-0.23682,0.71603,0.35004,-0.25906,0.93609,0.20439,-0.21762,1.10325,0.16647,-0.005,0.37752,-0.04011,-0.13799,-0.00208,-0.03387,0.2353,0.13971,0.02802,0.31547,-0.05942,0.08841,0.00843,0.40577,0.10775,-0.38176,0.31074,0.08452,-0.16364,-0.02765,0.11915,-0.3406,-0.15836,0.08274
12.68,0.05214,0.46065,0.01539,-0.10491,0.8767,-0.01385,-0.23965,1.05879,-0.03527,-0.10867,0.78925,-0.20178,-0.3252,0.70944,-0.27909,-0.31814,0.92474,-0.12505,-0.29449,1.09169,-0.07341,-0.08994,0.82358,0.18598,-0.23612,0.72247,0.35224,-0.25419,0.93979,0.20198,-0.21121,1.10544,0.1594,-0.0054,0.37774,-0.04064,-0.13808,-0.00196,-0.03392,0.23526,0.13982,0.02776,0.31539,-0.05926,0.08836,0.00826,0.40612,0.10718,-0.38187,0.31075,0.08439,-0.16375,-0.02763,0.11917,-0.34075,-0.15828,0.08271
12.7,0.05189,0.46089,0.01477,-0.10506,0.87694,-0.01496,-0.24,1.05906,-0.03488,-0.10977,0.78894,-0.20261,-0.32652,0.70841,-0.27856,-0.31807,0.92482,-0.12615,-0.29293,1.09177,-0.07521,-0.08917,0.8244,0.18496,-0.2354,0.72778,0.3538,-0.25055,0.94277,0.19991,-0.20595,1.10684,0.15312,-0.00572,0.37793,-0.04111,-0.13815,-0.00185,-0.03398,0.2352,0.13994,0.02757,0.31533,-0.05909,0.08832,0.00814,0.40644,0.10667,-0.38194,0.31076,0.08426,-0.16384,-0.02761,0.11919,-0.34087,-0.15821,0.08269
12.72,0.05181,0.46103,0.01438,-0.10527,0.87699,-0.01587,-0.24026,1.0592,-0.03471,-0.11059,0.78853,-0.20329,-0.32762,0.70742,-0.27777,-0.31818,0.92458,-0.12649,-0.29261,1.09177,-0.07657,-0.08872,0.82496,0.18412,-0.23498,0.73021,0.35402,-0.25032,0.94438,0.19901,-0.20291,1.10657,0.14854,-0.00582,0.37801,-0.04138,-0.13819,-0.00179,-0.03402,0.2351,0.1401,0.02766,0.31536,-0.05891,0.08831,0.00812,0.40667,0.10636,-0.38192,0.31077,0.08418,-0.16387,-0.02763,0.11923,-0.34094,-0.15818,0.08273
12.74,0.05179,0.46114,0.01407,-0.10552,0.87698,-0.0167,-0.24049,1.05928,-0.03464,-0.11129,0.78809,-0.2039,-0.32865,0.70646,-0.27688,-0.31839,0.92422,-0.12652,-0.29276,1.09173,-0.07773,-0.08842,0.8254,0.18336,-0.23472,0.73152,0.3537,-0.25132,0.94545,0.19849,-0.20099,1.10564,0.1446,-0.00586,0.37805,-0.04159,-0.13823,-0.00174,-0.03406,0.23498,0.14028,0.02784,0.31542,-0.05872,0.0883,0.00814,0.40687,0.10612,-0.38187,0.31079,0.08411,-0.16389,-0.02764,0.11928,-0.34099,-0.15815,0.0828
12.76,0.05175,0.46126,0.01372,-0.10574,0.87699,-0.01757,-0.24072,1.05938,-0.03455,-0.11203,0.78766,-0.20455,-0.32968,0.70551,-0.27604,-0.31856,0.92393,-0.1267,-0.29268,1.09171,-0.07899,-0.08806,0.82588,0.18256,-0.23437,0.73329,0.3536,-0.25171,0.9467,0.19776,-0.19883,1.10484,0.14036,-0.00591,0.37811,-0.04183,-0.13826,-0.00168,-0.03411,0.23487,0.14045,0.02796,0.31546,-0.05854,0.08828,0.00814,0.40708,0.10585,-0.38182,0.3108,0.08403,-0.16391,-0.02766,0.11932,-0.34105,-0.15811,0.08285
12.78,0.0517,0.46139,0.01336,-0.10597,0.87702,-0.01847,-0.24093,1.05951,-0.0344,-0.11283,0.78722,-0.2052,-0.33076,0.70449,-0.27515,-0.3187,0.9236,-0.12689,-0.29267,1.09167,-0.0803,-0.08765,0.8264,0.18174,-0.23401,0.73524,0.35349,-0.2523,0.94821,0.19715,-0.19663,1.10385,0.1357,-0.00598,0.37818,-0.04207,-0.1383,-0.00162,-0.03416,0.23476,0.14063,0.0281,0.31551,-0.05834,0.08827,0.00814,0.4073,0.10556,-0.38179,0.31082,0.08395,-0.16393,-0.02767,0.11936,-0.3411,-0.15808,0.0829
12.8,0.05169,0.46149,0.01305,-0.1062,0.87699,-0.01927,-0.24115,1.05957,-0.03438,-0.11348,0.78681,-0.2058,-0.33169,0.70363,-0.27431,-0.3189,0.92332,-0.12699,-0.29265,1.09165,-0.08145,-0.08738,0.82681,0.181,-0.23371,0.73658,0.35327,-0.25276,0.94907,0.19638,-0.19513,1.10276,0.1319,-0.006,0.37822,-0.04228,-0.13833,-0.00158,-0.0342,0.23466,0.14078,0.02825,0.31556,-0.05817,0.08826,0.00817,0.40749,0.10532,-0.38172,0.31083,0.08388,-0.16394,-0.02769,0.11941,-0.34115,-0.15805,0.08296
12.82,0.0518,0.46155,0.01281,-0.10641,0.87691,-0.01987,-0.24137,1.05949,-0.03474,-0.11372,0.78651,-0.20629,-0.33224,0.7032,-0.27369,-0.31923,0.92326,-0.12694,-0.29236,1.09172,-0.08226,-0.08744,0.82695,0.18044,-0.23347,0.73652,0.35286,-0.25246,0.94829,0.19499,-0.1948,1.1019,0.13034,-0.0059,0.37823,-0.04244,-0.13829,-0.00154,-0.03424,0.23464,0.14089,0.02837,0.31566,-0.05806,0.08823,0.00831,0.40762,0.10514,-0.38157,0.31088,0.08377,-0.16394,-0.02772,0.11946,-0.3412,-0.158,0.08297
12.84,0.05197,0.46158,0.01261,-0.10659,0.87678,-0.02038,-0.24159,1.05933,-0.03523,-0.11381,0.78624,-0.20674,-0.33262,0.70291,-0.27315,-0.31959,0.92325,-0.12681,-0.29201,1.0918,-0.0829,-0.0876,0.82698,0.17997,-0.23326,0.73588,0.35236,-0.25196,0.9469,0.19344,-0.19495,1.10112,0.12969,-0.00574,0.37822,-0.04256,-0.13821,-0.00152,-0.03429,0.23467,0.14096,0.02848,0.3158,-0.05799,0.08819,0.0085,0.40771,0.10498,-0.38137,0.31093,0.08365,-0.1639,-0.02776,0.11951,-0.34122,-0.15795,0.08297
12.86,0.05211,0.46163,0.01239,-0.10678,0.87667,-0.02093,-0.24181,1.05922,-0.03567,-0.11397,0.78597,-0.20721,-0.33306,0.70257,-0.27259,-0.31993,0.92322,-0.12674,-0.29171,1.09186,-0.08359,-0.08771,0.82706,0.17946,-0.23305,0.73552,0.35188,-0.25157,0.94583,0.192,-0.19492,1.10034,0.12866,-0.0056,0.37822,-0.04271,-0.13816,-0.00149,-0.03434,0.23468,0.14105,0.02859,0.31591,-0.05789,0.08815,0.00867,0.40783,0.10481,-0.38119,0.31099,0.08353,-0.16388,-0.02778,0.11955,-0.34126,-0.15789,0.08297
12.88,0.05226,0.46168,0.01216,-0.10699,0.87656,-0.02149,-0.24202,1.05911,-0.03611,-0.11413,0.78569,-0.20769,-0.33352,0.70225,-0.27197,-0.3203,0.9232,-0.12659,-0.29128,1.09194,-0.08437,-0.08785,0.82714,0.17894,-0.23278,0.7351,0.35143,-0.25108,0.94457,0.19044,-0.19482,1.09942,0.12756,-0.00546,0.37822,-0.04286,-0.13809,-0.00146,-0.03439,0.23469,0.14115,0.02871,0.31604,-0.0578,0.08812,0.00884,0.40795,0.10464,-0.381,0.31104,0.08341,-0.16386,-0.02782,0.1196,-0.34129,-0.15783,0.08297
12.9,0.0524,0.46171,0.01198,-0.10716,0.87644,-0.02198,-0.24226,1.05895,-0.03655,-0.11425,0.78542,-0.20811,-0.3339,0.70192,-0.27147,-0.32061,0.92317,-0.12654,-0.29109,1.09196,-0.08488,-0.08796,0.8272,0.17848,-0.23264,0.73466,0.35092,-0.25072,0.94355,0.18916,-0.19498,1.09882,0.12684,-0.00532,0.37821,-0.04297,-0.13805,-0.00144,-0.03442,0.23469,0.14122,0.02881,0.31614,-0.05772,0.0881,0.009,0.40804,0.1045,-0.38083,0.31109,0.08331,-0.16384,-0.02785,0.11965,-0.34133,-0.15778,0.08299
12.92,0.05252,0.4617,0.01192,-0.10724,0.87634,-0.02231,-0.24261,1.05864,-0.03692,-0.11432,0.78518,-0.20837,-0.33406,0.70157,-0.27129,-0.32074,0.92313,-0.12683,-0.29158,1.09188,-0.08474,-0.08798,0.82724,0.17818,-0.23285,0.73433,0.35026,-0.25074,0.94332,0.1886,-0.19566,1.09909,0.12696,-0.00522,0.37818,-0.04297,-0.13805,-0.00144,-0.0344,0.23468,0.14126,0.02882,0.31615,-0.05768,0.08811,0.00916,0.40807,0.10448,-0.38068,0.31114,0.08332,-0.16384,-0.0279,0.11969,-0.34139,-0.15774,0.08302
12.94,0.05264,0.46168,0.01191,-0.10727,0.87624,-0.02257,-0.24298,1.05828,-0.03727,-0.11436,0.78495,-0.20857,-0.33413,0.70123,-0.27122,-0.32081,0.92308,-0.12721,-0.29229,1.09174,-0.08434,-0.08796,0.82729,0.17795,-0.23317,0.73402,0.34955,-0.25091,0.94336,0.18832,-0.19647,1.09968,0.12749,-0.00512,0.37814,-0.04294,-0.13806,-0.00144,-0.03436,0.23467,0.14128,0.0288,0.31614,-0.05764,0.08815,0.00932,0.40807,0.1045,-0.38053,0.31119,0.08336,-0.16385,-0.02794,0.11973,-0.34145,-0.1577,0.08306
12.96,0.05276,0.46167,0.01188,-0.10733,0.87614,-0.02286,-0.24333,1.05795,-0.03763,-0.11441,0.78472,-0.2088,-0.33424,0.70089,-0.2711,-0.32091,0.92302,-0.12753,-0.29287,1.09161,-0.08405,-0.08795,0.82733,0.17769,-0.23343,0.73371,0.34887,-0.25103,0.94328,0.18793,-0.19711,1.10009,0.12791,-0.00502,0.37811,-0.04292,-0.13806,-0.00143,-0.03433,0.23466,0.14131,0.0288,0.31614,-0.0576,0.08817,0.00948,0.40809,0.10451,-0.38039,0.31125,0.08337,-0.16385,-0.02797,0.11976,-0.34151,-0.15766,0.08309
12.98,0.05288,0.46165,0.01183,-0.10738,0.87603,-0.02317,-0.2437,1.0576,-0.03799,-0.11447,0.78447,-0.20904,-0.33436,0.70056,-0.27098,-0.32098,0.92302,-0.12792,-0.29347,1.09153,-0.0838,-0.08795,0.82737,0.17741,-0.23372,0.73338,0.34813,-0.25105,0.94317,0.18744,-0.19782,1.10062,0.1285,-0.00493,0.37807,-0.04291,-0.13807,-0.00143,-0.0343,0.23465,0.14134,0.02877,0.31613,-0.05756,0.0882,0.00965,0.4081,0.1045,-0.38023,0.3113,0.0834,-0.16385,-0.02802,0.11981,-0.34157,-0.15762,0.08312
13,0.05301,0.46163,0.01184,-0.10741,0.87592,-0.02342,-0.24404,1.05726,-0.03834,-0.1145,0.78424,-0.20922,-0.33441,0.70018,-0.27089,-0.3211,0.92288,-0.12819,-0.29406,1.09128,-0.08339,-0.08793,0.82741,0.1772,-0.23395,0.73307,0.34751,-0.25131,0.94318,0.18725,-0.19824,1.10094,0.12901,-0.00481,0.37803,-0.04286,-0.13807,-0.00143,-0.03426,0.23466,0.14135,0.02879,0.31614,-0.05753,0.08822,0.00981,0.40811,0.10454,-0.38008,0.31135,0.08342,-0.16384,-0.02805,0.11984,-0.34161,-0.15759,0.08317
13.02,0.05313,0.46159,0.01199,-0.10744,0.87581,-0.02352,-0.24431,1.05694,-0.03869,-0.1145,0.784,-0.20927,-0.33433,0.69963,-0.27082,-0.32137,0.92234,-0.12811,-0.29463,1.09061,-0.08266,-0.08792,0.82743,0.17712,-0.23401,0.7328,0.34722,-0.25235,0.9435,0.18783,-0.19801,1.10058,0.12892,-0.00467,0.37798,-0.04271,-0.13806,-0.00144,-0.03422,0.23466,0.14133,0.0289,0.31618,-0.05757,0.08823,0.0099,0.40808,0.10468,-0.37999,0.31136,0.08337,-0.16381,-0.02808,0.11987,-0.34159,-0.15762,0.08325
13.04,0.05326,0.46155,0.01219,-0.10744,0.87569,-0.02358,-0.24455,1.05662,-0.03904,-0.11449,0.78376,-0.20926,-0.33419,0.69902,-0.27078,-0.32169,0.92165,-0.12792,-0.2952,1.08979,-0.08179,-0.0879,0.82745,0.1771,-0.23399,0.73254,0.34704,-0.25361,0.94391,0.1887,-0.19758,1.09998,0.1287,-0.00452,0.37793,-0.04253,-0.13803,-0.00144,-0.03417,0.23468,0.1413,0.02903,0.31623,-0.05763,0.08822,0.00999,0.40805,0.10487,-0.37989,0.31137,0.0833,-0.16377,-0.02809,0.11988,-0.34154,-0.15766,0.08334
13.06,0.05339,0.4615,0.01236,-0.10746,0.87556,-0.02366,-0.2448,1.05629,-0.03939,-0.11449,0.78352,-0.20928,-0.33406,0.69843,-0.27075,-0.32198,0.92102,-0.12778,-0.29577,1.08901,-0.081,-0.08788,0.82746,0.17705,-0.23399,0.73226,0.34681,-0.25471,0.94421,0.1894,-0.19728,1.09947,0.12862,-0.00437,0.37788,-0.04236,-0.13801,-0.00146,-0.03414,0.2347,0.14127,0.02914,0.31628,-0.05768,0.08821,0.01009,0.40801,0.10503,-0.37979,0.31138,0.08323,-0.16372,-0.02811,0.11989,-0.3415,-0.1577,0.08341
13.08,0.05352,0.46147,0.01254,-0.10745,0.87546,-0.02375,-0.24504,1.05597,-0.03977,-0.11447,0.78329,-0.20931,-0.33394,0.69786,-0.27067,-0.32228,0.92043,-0.12764,-0.2963,1.08827,-0.08016,-0.08785,0.8275,0.17699,-0.23403,0.73206,0.34656,-0.25603,0.94472,0.19028,-0.1967,1.09885,0.12847,-0.00421,0.37783,-0.04219,-0.13798,-0.00146,-0.03408,0.23472,0.14125,0.02928,0.31633,-0.05773,0.08822,0.01018,0.408,0.10521,-0.37969,0.31139,0.08317,-0.16368,-0.02813,0.11992,-0.34145,-0.15774,0.0835
13.1,0.05365,0.46141,0.01273,-0.10748,0.87532,-0.02378,-0.24529,1.05564,-0.04007,-0.11447,0.78304,-0.20929,-0.3338,0.69724,-0.27067,-0.32258,0.91971,-0.12746,-0.29691,1.08743,-0.07937,-0.08785,0.82748,0.17698,-0.23398,0.73169,0.3464,-0.25695,0.94482,0.1909,-0.19658,1.09835,0.1286,-0.00407,0.37777,-0.04202,-0.13796,-0.00148,-0.03405,0.23473,0.14122,0.02939,0.31638,-0.05778,0.0882,0.01028,0.40795,0.10538,-0.37959,0.3114,0.0831,-0.16364,-0.02814,0.11993,-0.34141,-0.15778,0.08358
13.12,0.0538,0.46126,0.01298,-0.10757,0.87507,-0.02362,-0.24551,1.05527,-0.04011,-0.11453,0.78274,-0.20911,-0.33358,0.6965,-0.27084,-0.32283,0.91868,-0.12713,-0.2977,1.08637,-0.07871,-0.0879,0.82728,0.17715,-0.23367,0.73087,0.34653,-0.2566,0.94377,0.1907,-0.19771,1.0983,0.12947,-0.00392,0.37765,-0.0418,-0.13794,-0.00156,-0.03403,0.23473,0.14116,0.02947,0.31643,-0.05786,0.08818,0.01043,0.40776,0.10561,-0.37948,0.31143,0.08305,-0.16361,-0.02816,0.11994,-0.34138,-0.15781,0.08367
13.14,0.05395,0.46108,0.01325,-0.1077,0.87478,-0.02338,-0.24574,1.05489,-0.04006,-0.11461,0.78242,-0.20886,-0.33333,0.6957,-0.27106,-0.32308,0.91751,-0.12674,-0.29859,1.08523,-0.07808,-0.08798,0.82702,0.17739,-0.23328,0.72989,0.34676,-0.25584,0.94232,0.19025,-0.19932,1.09831,0.13048,-0.00378,0.3775,-0.04157,-0.13792,-0.00167,-0.03402,0.23473,0.14109,0.02953,0.31647,-0.05794,0.08814,0.01059,0.40753,0.10585,-0.37937,0.31146,0.083,-0.16358,-0.02817,0.11994,-0.34136,-0.15783,0.08376
13.16,0.0541,0.46092,0.01352,-0.10782,0.8745,-0.02317,-0.24597,1.05451,-0.04004,-0.11468,0.78211,-0.20863,-0.3331,0.69493,-0.27124,-0.32335,0.9164,-0.12637,-0.29944,1.08412,-0.07743,-0.08806,0.8268,0.17761,-0.23294,0.72899,0.34695,-0.2553,0.94107,0.18994,-0.2007,1.09818,0.13135,-0.00364,0.37737,-0.04134,-0.1379,-0.00176,-0.034,0.23473,0.14103,0.0296,0.3165,-0.058,0.08812,0.01074,0.40732,0.1061,-0.37927,0.3115,0.08295,-0.16356,-0.02818,0.11995,-0.34134,-0.15785,0.08385
13.18,0.05423,0.46075,0.01375,-0.10793,0.87424,-0.02299,-0.24619,1.05414,-0.04007,-0.11475,0.78182,-0.20844,-0.33287,0.69419,-0.27149,-0.32356,0.91531,-0.12605,-0.30026,1.08303,-0.07682,-0.08812,0.82658,0.1778,-0.23256,0.72808,0.34711,-0.25456,0.93978,0.18953,-0.20205,1.09804,0.13214,-0.00352,0.37723,-0.04115,-0.13788,-0.00186,-0.03401,0.23472,0.14096,0.02967,0.31655,-0.05809,0.08806,0.01087,0.40711,0.10631,-0.37917,0.31153,0.08287,-0.16353,-0.02819,0.11995,-0.34132,-0.15789,0.08393
13.2,0.0544,0.46058,0.01407,-0.10808,0.87394,-0.02272,-0.24644,1.05375,-0.03999,-0.11484,0.78148,-0.20816,-0.33264,0.69336,-0.27162,-0.32389,0.91412,-0.12561,-0.30118,1.08186,-0.07614,-0.08822,0.82632,0.17807,-0.23222,0.72713,0.34735,-0.25414,0.93848,0.18929,-0.20358,1.09774,0.13294,-0.00335,0.37709,-0.04087,-0.13786,-0.00196,-0.03397,0.23472,0.14091,0.02974,0.31657,-0.05815,0.08808,0.01104,0.40689,0.1066,-0.37905,0.31157,0.08287,-0.16351,-0.02821,0.11997,-0.34131,-0.1579,0.08404
13.22,0.0547,0.46039,0.01456,-0.10832,0.87353,-0.02233,-0.24673,1.05328,-0.03972,-0.11496,0.78102,-0.20774,-0.3324,0.69222,-0.2715,-0.32446,0.9127,-0.12502,-0.3023,1.08043,-0.07528,-0.0884,0.82598,0.17848,-0.23197,0.72611,0.34772,-0.25473,0.93723,0.18947,-0.20546,1.09713,0.13379,-0.00303,0.37692,-0.04042,-0.1378,-0.00205,-0.03388,0.23476,0.14089,0.02978,0.31653,-0.05816,0.0883,0.01131,0.40669,0.10706,-0.37883,0.31165,0.08305,-0.16344,-0.02824,0.12001,-0.34129,-0.1579,0.08412
13.24,0.05504,0.46018,0.01514,-0.10861,0.87306,-0.02184,-0.24705,1.05278,-0.03936,-0.11511,0.7805,-0.20723,-0.33218,0.69099,-0.27126,-0.32517,0.91117,-0.12428,-0.30353,1.07891,-0.07437,-0.08861,0.82559,0.17897,-0.23176,0.72501,0.34816,-0.25567,0.93595,0.18984,-0.20745,1.09639,0.13478,-0.00267,0.37671,-0.03988,-0.13773,-0.00216,-0.03375,0.23482,0.14086,0.02982,0.31646,-0.05815,0.08859,0.01161,0.40646,0.10762,-0.37859,0.31173,0.08331,-0.16337,-0.02829,0.12007,-0.34127,-0.15789,0.08422
13.26,0.05536,0.45998,0.01569,-0.10888,0.87262,-0.02137,-0.24737,1.05228,-0.03903,-0.11525,0.78001,-0.20674,-0.33196,0.68983,-0.27106,-0.32587,0.90967,-0.12353,-0.30473,1.07745,-0.07351,-0.08882,0.82522,0.17945,-0.23152,0.7239,0.34858,-0.25645,0.93466,0.19017,-0.20934,1.09567,0.13582,-0.00233,0.37653,-0.03936,-0.13766,-0.00225,-0.03364,0.23486,0.14085,0.02987,0.3164,-0.05815,0.08884,0.0119,0.40624,0.10814,-0.37836,0.31182,0.08352,-0.16331,-0.02833,0.12012,-0.34125,-0.15788,0.08432
13.28,0.05568,0.45979,0.0162,-0.10913,0.87218,-0.02101,-0.24766,1.05182,-0.03874,-0.11537,0.7795,-0.20635,-0.33168,0.68855,-0.27093,-0.32633,0.90824,-0.12313,-0.3058,1.07592,-0.07254,-0.089,0.82489,0.17983,-0.2313,0.72299,0.34894,-0.2572,0.93344,0.19028,-0.21106,1.09499,0.13669,-0.00199,0.37634,-0.03889,-0.13759,-0.00234,-0.03352,0.23492,0.14083,0.02988,0.31633,-0.05814,0.08912,0.01218,0.40604,0.10863,-0.37813,0.31189,0.08377,-0.16324,-0.02838,0.12016,-0.34122,-0.15787,0.08438
13.3,0.05601,0.45956,0.01681,-0.10944,0.8717,-0.0204,-0.24802,1.05127,-0.03834,-0.11553,0.77901,-0.20574,-0.33151,0.68749,-0.27063,-0.3273,0.90661,-0.12197,-0.30717,1.07446,-0.07177,-0.08924,0.82443,0.18044,-0.23105,0.72165,0.34943,-0.25807,0.93204,0.19089,-0.21295,1.09414,0.1381,-0.00165,0.37613,-0.03832,-0.13753,-0.00246,-0.03341,0.23495,0.1408,0.02997,0.31628,-0.05816,0.08936,0.01248,0.40579,0.10921,-0.37789,0.31197,0.08397,-0.16317,-0.02842,0.12021,-0.3412,-0.15787,0.08452
13.32,0.05637,0.4592,0.01764,-0.1099,0.87104,-0.01921,-0.2486,1.05047,-0.03771,-0.11577,0.77852,-0.20464,-0.33163,0.68703,-0.26995,-0.32969,0.90438,-0.11865,-0.30912,1.07312,-0.07176,-0.08965,0.82362,0.18159,-0.23069,0.71914,0.35017,-0.25913,0.93015,0.19269,-0.2154,1.09291,0.1408,-0.00129,0.37582,-0.03756,-0.13752,-0.00266,-0.03331,0.23489,0.14072,0.03024,0.3163,-0.05827,0.08943,0.01283,0.40536,0.11,-0.37761,0.31208,0.084,-0.16312,-0.02846,0.12025,-0.34118,-0.15795,0.08486
13.34,0.05674,0.45879,0.01857,-0.1104,0.87032,-0.01777,-0.24925,1.04956,-0.03694,-0.11603,0.77804,-0.20332,-0.33184,0.68677,-0.26911,-0.33257,0.90186,-0.11461,-0.3109,1.07157,-0.07187,-0.0901,0.82268,0.18297,-0.23028,0.71619,0.35102,-0.26029,0.92805,0.19499,-0.21801,1.09152,0.14412,-0.00094,0.37547,-0.0367,-0.13751,-0.00289,-0.0332,0.23481,0.14062,0.03058,0.31634,-0.05841,0.08947,0.01321,0.40486,0.11088,-0.37732,0.31218,0.084,-0.16307,-0.0285,0.12029,-0.34116,-0.15805,0.08528
13.36,0.05709,0.45841,0.01947,-0.1109,0.86964,-0.01641,-0.24987,1.04871,-0.03619,-0.11628,0.77757,-0.20208,-0.332,0.68641,-0.26832,-0.33517,0.89939,-0.11097,-0.31227,1.06978,-0.07173,-0.09054,0.82179,0.18428,-0.22988,0.71344,0.35183,-0.26145,0.92604,0.19712,-0.22045,1.09017,0.14733,-0.0006,0.37515,-0.03588,-0.1375,-0.0031,-0.0331,0.23473,0.14054,0.03088,0.31636,-0.05853,0.08953,0.01356,0.4044,0.11173,-0.37704,0.31229,0.08402,-0.16302,-0.02853,0.12033,-0.34115,-0.15812,0.08566
13.38,0.0575,0.45801,0.0203,-0.11136,0.86891,-0.01519,-0.25046,1.04782,-0.03564,-0.1165,0.77703,-0.20096,-0.3322,0.68614,-0.26761,-0.33793,0.89676,-0.10718,-0.31301,1.06775,-0.07196,-0.09096,0.8209,0.18545,-0.22942,0.71072,0.35255,-0.2624,0.92398,0.19904,-0.22275,1.08879,0.15043,-0.0002,0.3748,-0.03511,-0.1375,-0.00331,-0.033,0.23465,0.14045,0.03121,0.31641,-0.05864,0.08956,0.01397,0.40393,0.11252,-0.37671,0.31241,0.08398,-0.16296,-0.02857,0.12037,-0.34114,-0.15819,0.08606
13.4,0.05778,0.45763,0.0213,-0.11189,0.86825,-0.01361,-0.25113,1.04698,-0.03463,-0.11682,0.77663,-0.19952,-0.33233,0.6857,-0.26671,-0.34043,0.89418,-0.10361,-0.31395,1.06549,-0.07124,-0.09143,0.81998,0.18696,-0.22901,0.70784,0.35348,-0.26376,0.92191,0.2015,-0.22519,1.08734,0.15412,7e-05,0.37448,-0.03419,-0.13748,-0.00354,-0.0329,0.23458,0.14034,0.03151,0.31641,-0.05878,0.08965,0.01425,0.40345,0.11346,-0.3765,0.3125,0.08409,-0.16291,-0.0286,0.12042,-0.34112,-0.15827,0.08644
13.42,0.05774,0.45725,0.02275,-0.1126,0.86768,-0.01114,-0.25203,1.04622,-0.03247,-0.1174,0.7765,-0.19726,-0.33229,0.68471,-0.26532,-0.34221,0.8919,-0.10068,-0.31647,1.0633,-0.06816,-0.09203,0.81895,0.18932,-0.2288,0.70455,0.35497,-0.26629,0.91981,0.20532,-0.22819,1.08565,0.15903,1e-05,0.3742,-0.03287,-0.13747,-0.00385,-0.03281,0.23453,0.14014,0.0317,0.31619,-0.05902,0.08995,0.01422,0.40293,0.11483,-0.37659,0.31252,0.08459,-0.16294,-0.02858,0.12052,-0.34108,-0.1584,0.08676
13.44,0.05756,0.4569,0.02438,-0.11337,0.86718,-0.00828,-0.253,1.04555,-0.02981,-0.1181,0.77654,-0.19467,-0.33214,0.68356,-0.26375,-0.34371,0.88976,-0.09798,-0.31964,1.06117,-0.06423,-0.09268,0.81791,0.19203,-0.22862,0.70113,0.35669,-0.26921,0.91764,0.2097,-0.23139,1.08386,0.16453,-0.0002,0.37396,-0.03138,-0.13745,-0.00417,-0.03271,0.23451,0.13991,0.03187,0.31591,-0.0593,0.09031,0.01405,0.40242,0.11637,-0.37681,0.3125,0.08527,-0.16298,-0.02855,0.12065,-0.34103,-0.15853,0.08706
13.46,0.05741,0.45657,0.02594,-0.11411,0.8667,-0.00554,-0.25391,1.0449,-0.02729,-0.11876,0.77656,-0.19218,-0.332,0.68251,-0.26226,-0.34528,0.88759,-0.09523,-0.32254,1.05902,-0.06068,-0.09329,0.8169,0.19462,-0.22839,0.69782,0.35833,-0.2719,0.91545,0.21384,-0.23448,1.08208,0.1699,-0.00037,0.37373,-0.02994,-0.13742,-0.00446,-0.03261,0.23448,0.1397,0.03208,0.31566,-0.05956,0.09063,0.01391,0.40195,0.11785,-0.37699,0.3125,0.08593,-0.16302,-0.02851,0.12078,-0.34099,-0.15866,0.08735
13.48,0.05743,0.45608,0.02744,-0.11483,0.86598,-0.00304,-0.25489,1.04392,-0.02514,-0.11933,0.77628,-0.18989,-0.33195,0.68143,-0.26081,-0.34698,0.88518,-0.09231,-0.32518,1.05663,-0.05724,-0.0939,0.81573,0.19701,-0.22811,0.69432,0.35973,-0.27473,0.91309,0.21795,-0.23731,1.08005,0.17526,-0.00037,0.37336,-0.0286,-0.13742,-0.00482,-0.03256,0.23442,0.1395,0.03217,0.31535,-0.0598,0.09098,0.01393,0.40129,0.11925,-0.37704,0.31252,0.08634,-0.16302,-0.02848,0.12088,-0.34093,-0.15877,0.08772
13.5,0.05706,0.45594,0.02912,-0.1156,0.86577,5e-05,-0.25574,1.04365,-0.02209,-0.12011,0.77667,-0.18709,-0.33166,0.6804,-0.25924,-0.3483,0.88328,-0.08985,-0.32848,1.05468,-0.05341,-0.09453,0.8149,0.19992,-0.22786,0.6912,0.36164,-0.27731,0.9109,0.22229,-0.24061,1.07837,0.18102,-0.00077,0.37331,-0.02702,-0.13736,-0.00502,-0.03238,0.23445,0.13929,0.0325,0.31515,-0.0601,0.09129,0.01358,0.40102,0.12087,-0.37739,0.31248,0.08732,-0.16309,-0.02844,0.12106,-0.3409,-0.15889,0.08796
13.52,0.05572,0.45662,0.03123,-0.11646,0.86682,0.00459,-0.25619,1.04512,-0.01676,-0.12135,0.77873,-0.18301,-0.33075,0.67951,-0.25743,-0.34844,0.88274,-0.08856,-0.3333,1.0538,-0.04846,-0.09517,0.81486,0.20416,-0.22773,0.68899,0.36483,-0.27913,0.90921,0.22701,-0.24508,1.07764,0.18739,-0.00216,0.37398,-0.02485,-0.13714,-0.0049,-0.03201,0.23469,0.13907,0.03354,0.31526,-0.06061,0.09152,0.01231,0.40171,0.12302,-0.37847,0.3122,0.08986,-0.16335,-0.02841,0.12143,-0.34093,-0.15903,0.08777
13.54,0.054,0.45767,0.03352,-0.11735,0.86839,0.00971,-0.25647,1.04729,-0.01053,-0.12276,0.78146,-0.17842,-0.3295,0.67879,-0.25556,-0.34811,0.88275,-0.08768,-0.33818,1.05303,-0.04289,-0.09581,0.81516,0.20892,-0.22764,0.68716,0.36851,-0.28066,0.90775,0.23191,-0.25004,1.07723,0.194,-0.00392,0.37499,-0.02246,-0.13686,-0.00457,-0.0315,0.23505,0.13886,0.03479,0.31551,-0.06119,0.09167,0.01068,0.40282,0.12538,-0.37982,0.31185,0.09295,-0.16368,-0.02835,0.12187,-0.34097,-0.15915,0.08746
13.56,0.05242,0.45862,0.03573,-0.11823,0.86978,0.01459,-0.2568,1.04922,-0.00465,-0.1241,0.78395,-0.17404,-0.32825,0.67814,-0.25378,-0.34794,0.88256,-0.08657,-0.34235,1.05183,-0.03743,-0.09646,0.81535,0.21344,-0.2275,0.68523,0.37196,-0.28227,0.90623,0.23672,-0.25484,1.07662,0.20047,-0.00555,0.37592,-0.02017,-0.1366,-0.00425,-0.03099,0.23541,0.13865,0.03585,0.31572,-0.06173,0.09176,0.00918,0.4038,0.12765,-0.38107,0.31153,0.09577,-0.16399,-0.02826,0.12227,-0.34102,-0.15925,0.08721
13.58,0.05099,0.45929,0.03795,-0.11899,0.87085,0.01943,-0.25712,1.05072,0.00106,-0.12532,0.78611,-0.16967,-0.327,0.67761,-0.25204,-0.34727,0.88246,-0.08543,-0.34593,1.05025,-0.03119,-0.09699,0.81526,0.21793,-0.22741,0.683,0.3752,-0.2839,0.90444,0.24137,-0.25929,1.07558,0.20671,-0.00704,0.37656,-0.01784,-0.13632,-0.00415,-0.03074,0.23561,0.13848,0.03712,0.31591,-0.06219,0.09199,0.00785,0.40451,0.12994,-0.3822,0.31121,0.09871,-0.16427,-0.02822,0.12268,-0.34108,-0.15931,0.08692
13.6,0.04916,0.46064,0.04019,-0.11998,0.87266,0.02445,-0.25738,1.05322,0.00729,-0.1268,0.78909,-0.16515,-0.32544,0.67722,-0.25033,-0.34725,0.8824,-0.08433,-0.34928,1.04877,-0.0259,-0.09778,0.81581,0.22258,-0.22722,0.68149,0.3789,-0.28537,0.90322,0.24629,-0.26454,1.0752,0.21329,-0.0089,0.3779,-0.01555,-0.13609,-0.00346,-0.02996,0.23617,0.13828,0.03793,0.31617,-0.06277,0.09182,0.00608,0.40588,0.13222,-0.38361,0.31089,0.10153,-0.16464,-0.02804,0.12306,-0.34116,-0.15936,0.0867
13.62,0.04623,0.46363,0.04243,-0.1216,0.8763,0.02994,-0.2575,1.05817,0.01486,-0.12899,0.79412,-0.16025,-0.32315,0.67701,-0.24867,-0.34933,0.88222,-0.08333,-0.35329,1.04819,-0.02388,-0.09927,0.81795,0.22762,-0.2268,0.68179,0.38391,-0.28632,0.90356,0.25197,-0.27195,1.07652,0.22076,-0.0118,0.38091,-0.01337,-0.13604,-0.00143,-0.02766,0.23763,0.13798,0.03729,0.3165,-0.06368,0.09058,0.00309,0.40884,0.13442,-0.38579,0.31053,0.104,-0.16524,-0.0275,0.1234,-0.34123,-0.15942,0.08661
13.64,0.04292,0.46733,0.04468,-0.12347,0.88067,0.03558,-0.25757,1.06405,0.02289,-0.13143,0.79996,-0.15522,-0.32038,0.67715,-0.24712,-0.35194,0.88209,-0.08239,-0.35743,1.04799,-0.02285,-0.10105,0.82074,0.23277,-0.22629,0.68279,0.38935,-0.28716,0.90447,0.25787,-0.28019,1.07815,0.22813,-0.01505,0.38465,-0.01124,-0.13603,0.00124,-0.02485,0.23939,0.13769,0.03614,0.31681,-0.06466,0.08896,-0.00033,0.41249,0.13658,-0.38819,0.3102,0.10631,-0.16589,-0.02679,0.12369,-0.34127,-0.15944,0.08662
13.66,0.03981,0.4708,0.04693,-0.12528,0.88472,0.0411,-0.25769,1.06946,0.03065,-0.13377,0.80544,-0.15027,-0.31756,0.67758,-0.24568,-0.35399,0.88207,-0.0814,-0.36122,1.04762,-0.02107,-0.10276,0.82328,0.23781,-0.22582,0.68349,0.39449,-0.28816,0.9051,0.26358,-0.28805,1.0791,0.23491,-0.0181,0.38815,-0.0091,-0.136,0.00377,-0.02232,0.24096,0.13748,0.03521,0.31704,-0.0655,0.08751,-0.00354,0.41591,0.13875,-0.39042,0.3099,0.10861,-0.16648,-0.0261,0.12397,-0.34129,-0.15944,0.08667
13.68,0.03656,0.47387,0.04916,-0.12686,0.88848,0.04686,-0.25755,1.07457,0.03882,-0.13601,0.81074,-0.14511,-0.31432,0.67814,-0.24437,-0.35575,0.88199,-0.08048,-0.36456,1.04712,-0.01921,-0.10425,0.82541,0.24305,-0.22539,0.68399,0.39976,-0.28868,0.90561,0.26933,-0.29583,1.07958,0.24136,-0.02133,0.39124,-0.00691,-0.13593,0.00584,-0.0196,0.24249,0.13717,0.03367,0.31731,-0.06632,0.08582,-0.00682,0.41896,0.14096,-0.39275,0.30943,0.11121,-0.16704,-0.02548,0.12432,-0.34123,-0.15941,0.08632
13.7,0.03352,0.47796,0.05143,-0.12896,0.89295,0.05215,-0.2579,1.08033,0.04626,-0.13849,0.81655,-0.14033,-0.31129,0.6794,-0.24309,-0.35761,0.88232,-0.07935,-0.36818,1.04701,-0.01719,-0.10629,0.82848,0.24788,-0.22488,0.68505,0.40471,-0.29015,0.90645,0.2749,-0.30375,1.0801,0.24732,-0.02427,0.39539,-0.00484,-0.13591,0.00912,-0.01717,0.24406,0.13716,0.03299,0.31735,-0.06705,0.08447,-0.01004,0.42296,0.14309,-0.39478,0.30937,0.11312,-0.16759,-0.0246,0.12448,-0.34125,-0.15933,0.08685
13.72,0.03115,0.48447,0.05383,-0.13244,0.89902,0.05613,-0.25964,1.08763,0.05168,-0.14158,0.8234,-0.13669,-0.3092,0.68156,-0.24166,-0.36001,0.88328,-0.07776,-0.37299,1.04762,-0.01512,-0.10978,0.8338,0.2516,-0.22409,0.68744,0.40891,-0.29419,0.90793,0.28005,-0.31212,1.08126,0.25302,-0.02632,0.40209,-0.00305,-0.1361,0.0153,-0.01565,0.24557,0.13788,0.03518,0.31688,-0.06762,0.08431,-0.013,0.4292,0.14504,-0.39598,0.31035,0.11312,-0.16807,-0.02315,0.12412,-0.34141,-0.15915,0.08976
13.74,0.029,0.49202,0.05626,-0.13647,0.90582,0.05956,-0.26195,1.09559,0.05628,-0.14494,0.83075,-0.1335,-0.30741,0.6843,-0.2402,-0.36258,0.88465,-0.07605,-0.37819,1.04865,-0.01312,-0.11385,0.84009,0.25488,-0.2232,0.69058,0.41274,-0.29914,0.90975,0.28495,-0.32064,1.08279,0.25859,-0.02805,0.40988,-0.00138,-0.13634,0.02268,-0.01444,0.24708,0.13882,0.03833,0.31607,-0.06815,0.08449,-0.01587,0.43641,0.14691,-0.39678,0.31177,0.11239,-0.16845,-0.02143,0.12355,-0.34166,-0.15864,0.09358
13.76,0.02674,0.49923,0.05867,-0.1403,0.91238,0.06319,-0.26409,1.10328,0.06115,-0.14821,0.83797,-0.13015,-0.30535,0.68721,-0.23881,-0.3649,0.8861,-0.07442,-0.38303,1.04967,-0.01106,-0.11771,0.84605,0.2583,-0.22237,0.69368,0.41661,-0.30363,0.91151,0.28981,-0.32896,1.08412,0.26407,-0.02993,0.41732,0.00033,-0.13652,0.02966,-0.01307,0.24854,0.13963,0.04094,0.31519,-0.06867,0.08446,-0.01878,0.44331,0.1488,-0.3976,0.31307,0.11195,-0.16874,-0.01977,0.12306,-0.34188,-0.15788,0.09706
13.78,0.02449,0.50589,0.06112,-0.14408,0.9184,0.06689,-0.26601,1.11051,0.06632,-0.15148,0.84464,-0.12672,-0.30277,0.68947,-0.23746,-0.36692,0.88687,-0.07299,-0.3876,1.05,-0.00927,-0.12149,0.85147,0.26179,-0.22125,0.69657,0.4208,-0.30779,0.91278,0.29472,-0.33728,1.08477,0.26929,-0.03177,0.42419,0.0021,-0.13678,0.03611,-0.01157,0.24961,0.14043,0.04407,0.3143,-0.06909,0.0846,-0.02169,0.44968,0.15074,-0.39841,0.31416,0.11145,-0.16878,-0.01815,0.12256,-0.34183,-0.15705,0.10042
13.8,0.02228,0.51395,0.06349,-0.14816,0.92568,0.07022,-0.2686,1.11872,0.07059,-0.15486,0.85249,-0.12363,-0.30097,0.69368,-0.23615,-0.3692,0.88933,-0.07123,-0.39243,1.05192,-0.00702,-0.12563,0.85824,0.26496,-0.22061,0.70052,0.42412,-0.31262,0.91513,0.29919,-0.3454,1.08666,0.27464,-0.03358,0.4325,0.00374,-0.13683,0.04397,-0.01038,0.25123,0.14127,0.0464,0.31296,-0.06961,0.08442,-0.02456,0.45738,0.15254,-0.3988,0.31588,0.11082,-0.16897,-0.01629,0.12202,-0.34228,-0.15548,0.10422
13.82,0.02017,0.52543,0.06566,-0.15279,0.9361,0.07276,-0.2728,1.12941,0.07266,-0.15838,0.86333,-0.12128,-0.30154,0.70256,-0.23481,-0.37235,0.8961,-0.0685,-0.39807,1.05798,-0.00345,-0.13051,0.86834,0.26742,-0.22127,0.7068,0.42522,-0.31912,0.9202,0.30266,-0.35282,1.09189,0.28059,-0.03532,0.44437,0.00505,-0.13628,0.05527,-0.01003,0.25435,0.1421,0.04611,0.31054,-0.07048,0.08325,-0.02727,0.46834,0.15406,-0.39822,0.31909,0.10999,-0.1696,-0.01391,0.12142,-0.34397,-0.15238,0.10917
13.84,0.0181,0.53829,0.06775,-0.15767,0.94776,0.07494,-0.27763,1.14111,0.0738,-0.16197,0.87534,-0.11927,-0.30297,0.71318,-0.23352,-0.37584,0.90446,-0.06548,-0.40406,1.06554,0.0005,-0.13574,0.87977,0.26955,-0.22229,0.71412,0.42544,-0.32621,0.92625,0.3057,-0.35992,1.09827,0.28643,-0.03702,0.45766,0.00623,-0.13546,0.06796,-0.00998,0.25781,0.14293,0.04479,0.30747,-0.07132,0.08164,-0.02994,0.48062,0.15544,-0.39709,0.32295,0.10897,-0.17026,-0.01126,0.1207,-0.3461,-0.14825,0.11431
13.86,0.016,0.55061,0.06987,-0.16249,0.95891,0.0772,-0.2822,1.15239,0.07526,-0.16554,0.88686,-0.11717,-0.30393,0.72306,-0.23227,-0.37911,0.9121,-0.06274,-0.40984,1.07237,0.0041,-0.14088,0.89066,0.27176,-0.22299,0.72126,0.42601,-0.33288,0.93178,0.30881,-0.36699,1.10396,0.29182,-0.03873,0.4704,0.00746,-0.13471,0.08013,-0.00975,0.26073,0.14377,0.04379,0.30426,-0.0719,0.08011,-0.03263,0.49239,0.15687,-0.39589,0.32665,0.10791,-0.17063,-0.0086,0.11994,-0.34794,-0.14383,0.11896
13.88,0.01394,0.5626,0.072,-0.16717,0.96974,0.07943,-0.28671,1.16333,0.07671,-0.169,0.89806,-0.11509,-0.30489,0.73272,-0.23097,-0.38217,0.9196,-0.05998,-0.41535,1.07904,0.00766,-0.14589,0.90124,0.27394,-0.22352,0.72827,0.42654,-0.33935,0.937,0.31186,-0.37345,1.10936,0.29685,-0.04041,0.48281,0.00872,-0.13402,0.09201,-0.00956,0.26325,0.14454,0.04246,0.30057,-0.07233,0.07857,-0.03526,0.50383,0.15831,-0.3945,0.33032,0.10666,-0.1706,-0.00584,0.11906,-0.34954,-0.13882,0.12396
13.9,0.0118,0.57559,0.07408,-0.17218,0.98144,0.08149,-0.29149,1.17515,0.07778,-0.17266,0.91012,-0.11318,-0.30591,0.74324,-0.22991,-0.38555,0.92773,-0.05741,-0.4213,1.08625,0.01108,-0.15128,0.91272,0.27596,-0.22413,0.73621,0.42685,-0.34598,0.94285,0.31467,-0.38055,1.11528,0.30158,-0.04214,0.49624,0.00991,-0.13302,0.10484,-0.00928,0.26584,0.14543,0.04118,0.29684,-0.07251,0.07676,-0.03799,0.51625,0.15966,-0.39274,0.33446,0.10555,-0.17076,-0.00296,0.11815,-0.35142,-0.13333,0.12759
13.92,0.00952,0.59091,0.07607,-0.178,0.99514,0.08321,-0.29682,1.18912,0.07811,-0.17684,0.92417,-0.11157,-0.3068,0.75549,-0.22941,-0.38962,0.93709,-0.05537,-0.42835,1.09443,0.01422,-0.15752,0.92626,0.27767,-0.22494,0.7462,0.42688,-0.35305,0.95027,0.317,-0.38975,1.12241,0.30612,-0.04395,0.51205,0.01092,-0.13135,0.11988,-0.00876,0.26881,0.14666,0.04064,0.29335,-0.07238,0.07452,-0.04091,0.53095,0.16084,-0.39031,0.33961,0.10491,-0.17158,7e-05,0.11735,-0.35385,-0.12795,0.12796
13.94,0.00715,0.60718,0.07801,-0.18412,1.00966,0.08475,-0.30238,1.20393,0.07805,-0.18118,0.93904,-0.11015,-0.30768,0.76855,-0.22917,-0.39395,0.94701,-0.05355,-0.43575,1.10308,0.01713,-0.16413,0.94063,0.27921,-0.22579,0.75713,0.42671,-0.36021,0.95831,0.31906,-0.39957,1.13,0.31051,-0.04583,0.52882,0.01185,-0.12935,0.13582,-0.0081,0.27165,0.14801,0.04026,0.28966,-0.07197,0.07208,-0.04393,0.54659,0.16193,-0.38741,0.34525,0.10441,-0.17245,0.00329,0.11658,-0.35625,-0.12255,0.12709
13.96,0.00477,0.62304,0.07995,-0.1901,1.02379,0.08626,-0.30784,1.21832,0.07802,-0.18542,0.95354,-0.10873,-0.3085,0.78137,-0.22888,-0.39808,0.95667,-0.05175,-0.44283,1.11149,0.01986,-0.17061,0.95461,0.28072,-0.22648,0.76794,0.42654,-0.3671,0.96602,0.32108,-0.40882,1.13723,0.31464,-0.04772,0.54519,0.01281,-0.1274,0.15141,-0.00741,0.27393,0.14934,0.03971,0.28543,-0.07133,0.0697,-0.04694,0.56182,0.16303,-0.38427,0.35085,0.10373,-0.17288,0.00667,0.11573,-0.35819,-0.1169,0.12657
13.98,0.00261,0.63884,0.08197,-0.19603,1.03775,0.08766,-0.31315,1.23258,0.07794,-0.18957,0.9678,-0.10739,-0.30898,0.79378,-0.2286,-0.40168,0.96619,-0.05023,-0.44958,1.11946,0.02263,-0.17701,0.9685,0.28214,-0.22687,0.77907,0.42657,-0.3737,0.97359,0.32295,-0.41776,1.14428,0.31825,-0.04936,0.5615,0.01385,-0.12558,0.16705,-0.0068,0.27554,0.15082,0.03921,0.28028,-0.07032,0.06753,-0.04974,0.577,0.16419,-0.38065,0.35666,0.10281,-0.17273,0.01038,0.11484,-0.35958,-0.11081,0.12604
14,-4e-05,0.65499,0.08382,-0.20209,1.05219,0.08906,-0.31872,1.24723,0.07766,-0.19384,0.98268,-0.10608,-0.30993,0.80726,-0.22848,-0.40604,0.97607,-0.04848,-0.45668,1.12824,0.02485,-0.18369,0.98271,0.28351,-0.22755,0.79042,0.42611,-0.38037,0.98149,0.32476,-0.42692,1.15156,0.32217,-0.05151,0.57817,0.01474,-0.12333,0.18289,-0.00585,0.27713,0.15223,0.03861,0.27561,-0.06918,0.06506,-0.05297,0.59253,0.16518,-0.37699,0.3626,0.10223,-0.17285,0.01406,0.11396,-0.3611,-0.10499,0.12488
14.02,-0.00395,0.67188,0.08527,-0.20849,1.0678,0.09069,-0.32498,1.26278,0.07707,-0.1984,0.99916,-0.10468,-0.31238,0.82347,-0.22866,-0.4127,0.98666,-0.0458,-0.46467,1.13919,0.02585,-0.19107,0.99762,0.28498,-0.22905,0.80179,0.42441,-0.38755,0.9901,0.32669,-0.43678,1.15943,0.32746,-0.055,0.5956,0.01528,-0.11991,0.19907,-0.00403,0.27938,0.15339,0.03797,0.2728,-0.06822,0.06195,-0.05736,0.60878,0.16583,-0.37377,0.36856,0.1026,-0.17409,0.01742,0.11327,-0.3634,-0.10007,0.1226
14.04,-0.00835,0.68908,0.08655,-0.21502,1.08388,0.09238,-0.33145,1.27872,0.07637,-0.2031,1.01628,-0.10324,-0.31536,0.84072,-0.22898,-0.42006,0.99743,-0.04293,-0.47246,1.15081,0.02655,-0.19869,1.01283,0.28645,-0.2307,0.8134,0.42222,-0.39478,0.99899,0.32858,-0.4469,1.1674,0.33314,-0.05901,0.61335,0.01569,-0.11604,0.21553,-0.00186,0.28148,0.15463,0.03749,0.27031,-0.06706,0.05886,-0.06218,0.62533,0.16632,-0.37043,0.37467,0.10329,-0.17552,0.02083,0.11271,-0.36575,-0.09531,0.11985
14.06,-0.01256,0.70613,0.08788,-0.22148,1.09974,0.09398,-0.33774,1.29448,0.07571,-0.20775,1.0331,-0.10185,-0.31804,0.8575,-0.22926,-0.42681,1.00793,-0.04039,-0.47958,1.16189,0.02751,-0.20617,1.0279,0.28785,-0.232,0.82531,0.42022,-0.40167,1.00771,0.33036,-0.45671,1.17505,0.33836,-0.06281,0.63095,0.01614,-0.11233,0.23206,0.00022,0.28283,0.15616,0.03721,0.26683,-0.06545,0.05621,-0.06682,0.64175,0.16684,-0.36659,0.38102,0.10373,-0.17634,0.02463,0.11215,-0.36751,-0.09006,0.11725
14.08,-0.01661,0.72329,0.08932,-0.22798,1.11559,0.09553,-0.34409,1.31018,0.07482,-0.21226,1.04994,-0.10049,-0.32071,0.87439,-0.22954,-0.43354,1.01806,-0.03781,-0.48584,1.17295,0.02831,-0.21379,1.04295,0.28918,-0.2331,0.83755,0.41829,-0.40846,1.01632,0.33213,-0.46595,1.18265,0.34336,-0.06641,0.64866,0.0167,-0.10849,0.24885,0.00245,0.28369,0.158,0.0375,0.26224,-0.06334,0.05408,-0.07132,0.65828,0.16745,-0.36222,0.38778,0.10397,-0.17652,0.02897,0.11169,-0.36871,-0.08409,0.11454
14.1,-0.02112,0.74025,0.09049,-0.23444,1.13149,0.09709,-0.35023,1.32602,0.07426,-0.21708,1.06683,-0.09911,-0.32345,0.89128,-0.22986,-0.44,1.02853,-0.03567,-0.49226,1.18379,0.0296,-0.2212,1.05801,0.2905,-0.23416,0.84998,0.41614,-0.4149,1.02509,0.33369,-0.47587,1.18991,0.34835,-0.07054,0.6662,0.01703,-0.10476,0.26558,0.00463,0.2839,0.15998,0.03746,0.25817,-0.06105,0.05199,-0.07619,0.6746,0.16783,-0.35783,0.39444,0.10449,-0.177,0.03313,0.1112,-0.36996,-0.07863,0.11176
14.12,-0.02676,0.75669,0.09099,-0.2408,1.14751,0.09886,-0.3559,1.3423,0.07476,-0.22277,1.08382,-0.0976,-0.32627,0.90793,-0.2302,-0.44588,1.04032,-0.03451,-0.50073,1.19419,0.03193,-0.22798,1.07313,0.29195,-0.23524,0.86238,0.41345,-0.42064,1.03437,0.33486,-0.48785,1.19632,0.35368,-0.07604,0.68326,0.0168,-0.10129,0.28192,0.00657,0.2834,0.16182,0.03621,0.25643,-0.05914,0.04951,-0.08193,0.69035,0.16766,-0.3539,0.40047,0.10581,-0.17871,0.03636,0.11063,-0.37193,-0.07495,0.10898
14.14,-0.03283,0.77289,0.09124,-0.24708,1.16356,0.10071,-0.36136,1.35872,0.07566,-0.22874,1.10084,-0.09604,-0.32914,0.92459,-0.23052,-0.45157,1.05262,-0.03367,-0.50987,1.20442,0.03456,-0.2345,1.08824,0.29345,-0.23631,0.87487,0.41051,-0.42607,1.04384,0.33585,-0.50042,1.20207,0.35895,-0.08205,0.70012,0.01637,-0.09797,0.29824,0.00835,0.28223,0.16393,0.03471,0.25523,-0.05708,0.04716,-0.08802,0.70584,0.16729,-0.34988,0.40643,0.1073,-0.18068,0.03949,0.11009,-0.37398,-0.07163,0.10617
14.16,-0.0387,0.78912,0.09159,-0.25335,1.17954,0.10249,-0.36684,1.37501,0.07639,-0.23452,1.11779,-0.09451,-0.33197,0.94129,-0.23083,-0.45723,1.06464,-0.03277,-0.51848,1.21461,0.03691,-0.2411,1.10329,0.29489,-0.23727,0.88764,0.40764,-0.43144,1.05322,0.33681,-0.51231,1.20758,0.36386,-0.08781,0.717,0.01602,-0.09465,0.31483,0.01013,0.28048,0.16652,0.0338,0.25295,-0.05447,0.04538,-0.09395,0.72138,0.16697,-0.34534,0.41283,0.10847,-0.18201,0.04323,0.1096,-0.37548,-0.06748,0.10328
14.18,-0.04463,0.80569,0.09196,-0.25987,1.19573,0.10434,-0.37255,1.39152,0.07707,-0.24058,1.13497,-0.09293,-0.33479,0.95821,-0.23118,-0.46277,1.0768,-0.03195,-0.52719,1.22475,0.03916,-0.24788,1.11858,0.29639,-0.23788,0.90086,0.40469,-0.43651,1.06276,0.33785,-0.52377,1.21285,0.36877,-0.09368,0.73422,0.01573,-0.09082,0.33198,0.01227,0.27849,0.16939,0.03376,0.24978,-0.0515,0.04425,-0.09989,0.73727,0.16671,-0.34036,0.41988,0.10959,-0.18288,0.04775,0.10924,-0.37654,-0.06244,0.10013
14.2,-0.05053,0.82147,0.09225,-0.26582,1.21144,0.10608,-0.37768,1.40757,0.07796,-0.2461,1.15164,-0.09144,-0.33761,0.97481,-0.2314,-0.46824,1.08876,-0.03119,-0.5355,1.23469,0.04147,-0.25423,1.13335,0.29778,-0.23892,0.91386,0.4018,-0.44168,1.07204,0.33857,-0.5353,1.21747,0.37295,-0.09943,0.75068,0.0153,-0.08813,0.34857,0.01369,0.27528,0.17294,0.03311,0.24683,-0.048,0.04323,-0.10588,0.75235,0.1663,-0.3352,0.4266,0.11047,-0.18374,0.05198,0.10873,-0.37751,-0.05779,0.09722
14.22,-0.05627,0.83531,0.09241,-0.27034,1.2259,0.10762,-0.38145,1.42245,0.07943,-0.25023,1.16705,-0.09015,-0.3405,0.99044,-0.23118,-0.47378,1.10014,-0.03034,-0.54274,1.24438,0.04407,-0.25957,1.14679,0.29894,-0.24133,0.9258,0.39926,-0.44742,1.08061,0.3385,-0.54736,1.22115,0.37536,-0.1048,0.76525,0.01457,-0.08832,0.36332,0.01321,0.27,0.17727,0.02983,0.24596,-0.04413,0.04145,-0.11191,0.76545,0.16554,-0.33009,0.43193,0.11094,-0.18504,0.05479,0.10794,-0.37874,-0.05499,0.09534
14.24,-0.06197,0.84832,0.09249,-0.27428,1.23981,0.10909,-0.38466,1.43681,0.08113,-0.25382,1.18192,-0.08893,-0.34342,1.00564,-0.2308,-0.47934,1.11121,-0.02951,-0.54966,1.25378,0.04681,-0.26449,1.15964,0.30002,-0.24425,0.93726,0.39682,-0.45338,1.08875,0.33808,-0.55953,1.22412,0.37686,-0.11004,0.77901,0.01369,-0.08972,0.37726,0.01204,0.26378,0.18198,0.02569,0.24567,-0.03985,0.03942,-0.11797,0.77771,0.16462,-0.32487,0.43688,0.11125,-0.18637,0.05729,0.10718,-0.37991,-0.05268,0.09393
14.26,-0.06766,0.86159,0.0926,-0.27841,1.25386,0.11061,-0.38804,1.45129,0.08275,-0.25757,1.19693,-0.08764,-0.34632,1.02097,-0.23044,-0.48481,1.12225,-0.02872,-0.55668,1.26303,0.04948,-0.26954,1.17264,0.30115,-0.24686,0.94895,0.39432,-0.45911,1.09688,0.33772,-0.57121,1.22684,0.37824,-0.11529,0.79303,0.01289,-0.09071,0.39152,0.01125,0.25754,0.18686,0.02236,0.24456,-0.03522,0.03786,-0.12398,0.79025,0.16375,-0.31927,0.44246,0.11159,-0.18726,0.06057,0.10664,-0.38066,-0.04952,0.09238
14.28,-0.07347,0.87537,0.09275,-0.28294,1.26825,0.11228,-0.39186,1.46611,0.08466,-0.26179,1.21228,-0.08622,-0.34939,1.0365,-0.22995,-0.49028,1.13359,-0.02782,-0.56352,1.2727,0.05208,-0.27482,1.18602,0.30241,-0.24939,0.96117,0.39199,-0.46455,1.10554,0.33727,-0.58235,1.22996,0.37901,-0.12069,0.80758,0.01213,-0.09107,0.4064,0.01065,0.25119,0.19175,0.01899,0.24416,-0.03045,0.03646,-0.13008,0.8033,0.16292,-0.31324,0.44878,0.11204,-0.18789,0.06467,0.10642,-0.38111,-0.04556,0.09091
14.3,-0.079,0.88787,0.09279,-0.28652,1.28171,0.11373,-0.39468,1.47999,0.08614,-0.26494,1.22673,-0.08499,-0.35211,1.05146,-0.22961,-0.49562,1.14401,-0.02719,-0.57049,1.28103,0.05477,-0.27952,1.19839,0.30344,-0.25206,0.97235,0.38935,-0.47032,1.11279,0.3367,-0.59363,1.23132,0.37962,-0.12572,0.82083,0.01126,-0.09302,0.4199,0.00962,0.24411,0.19724,0.01618,0.24181,-0.02493,0.03526,-0.13596,0.81509,0.16194,-0.30732,0.45455,0.11223,-0.18834,0.06843,0.10603,-0.38139,-0.04195,0.08948
14.32,-0.08381,0.89723,0.09254,-0.28772,1.29289,0.11465,-0.39492,1.49159,0.0864,-0.26536,1.23896,-0.08427,-0.35405,1.06507,-0.22964,-0.50074,1.1523,-0.02714,-0.57797,1.2862,0.05773,-0.28274,1.20831,0.30386,-0.255,0.98085,0.38586,-0.47694,1.11645,0.33599,-0.60556,1.2285,0.38072,-0.12981,0.83091,0.01002,-0.09903,0.42983,0.00746,0.23595,0.20394,0.01426,0.23468,-0.01817,0.03411,-0.14128,0.82378,0.16056,-0.30217,0.45833,0.11175,-0.18878,0.07054,0.10496,-0.38169,-0.04004,0.08813
14.34,-0.08833,0.90529,0.09216,-0.28797,1.30306,0.11543,-0.39413,1.50219,0.0863,-0.2647,1.25022,-0.08368,-0.35558,1.07811,-0.22979,-0.50572,1.15957,-0.02742,-0.5856,1.28981,0.06064,-0.28538,1.21716,0.30409,-0.25802,0.98824,0.38205,-0.48377,1.11845,0.33502,-0.61752,1.22356,0.38151,-0.13354,0.83967,0.00865,-0.10658,0.43833,0.00475,0.22743,0.21102,0.01248,0.22586,-0.01105,0.03271,-0.14636,0.83121,0.159,-0.29726,0.4614,0.11109,-0.18917,0.07211,0.10382,-0.38197,-0.03867,0.08699
14.36,-0.09297,0.91383,0.09183,-0.28862,1.3135,0.11641,-0.39376,1.51306,0.08653,-0.26449,1.26177,-0.08289,-0.35719,1.09134,-0.22983,-0.51067,1.16702,-0.02771,-0.59309,1.29358,0.06332,-0.28826,1.2263,0.3045,-0.26093,0.99604,0.37843,-0.49027,1.12074,0.33386,-0.62891,1.21873,0.38156,-0.13741,0.84892,0.00736,-0.11343,0.4474,0.0022,0.21908,0.21793,0.01054,0.21775,-0.0041,0.03118,-0.15151,0.83911,0.15752,-0.29207,0.46512,0.11068,-0.18941,0.07437,0.10307,-0.38209,-0.03659,0.08601
14.38,-0.09768,0.92281,0.09154,-0.28948,1.32425,0.11758,-0.39368,1.5242,0.08704,-0.26462,1.2736,-0.08191,-0.35942,1.10481,-0.22941,-0.51572,1.17508,-0.02751,-0.60044,1.29807,0.06627,-0.29117,1.23581,0.30508,-0.26363,1.00432,0.37498,-0.49633,1.12351,0.33285,-0.63934,1.21445,0.38161,-0.14129,0.85865,0.00607,-0.12006,0.45699,-0.00029,0.21086,0.22525,0.00818,0.21017,0.0033,0.02977,-0.15673,0.84743,0.156,-0.28657,0.46943,0.11041,-0.18954,0.07725,0.1026,-0.38205,-0.03394,0.08519
14.4,-0.10215,0.93057,0.09114,-0.2897,1.33391,0.11863,-0.39277,1.53433,0.08728,-0.26383,1.28444,-0.08102,-0.36029,1.11761,-0.22967,-0.52038,1.18136,-0.02857,-0.60793,1.29998,0.06819,-0.29385,1.24414,0.30545,-0.26652,1.01142,0.37124,-0.50267,1.12431,0.33098,-0.65025,1.20746,0.38003,-0.145,0.86708,0.00479,-0.12738,0.46527,-0.00314,0.2024,0.23196,0.0064,0.20122,0.00998,0.02769,-0.16166,0.85462,0.15449,-0.28144,0.47316,0.11017,-0.18962,0.07972,0.1022,-0.38204,-0.03158,0.08451
14.42,-0.10608,0.93538,0.09055,-0.28836,1.34105,0.11929,-0.38978,1.54209,0.08663,-0.26061,1.29299,-0.08046,-0.35751,1.12894,-0.23189,-0.52384,1.18338,-0.03314,-0.61553,1.29579,0.06713,-0.29616,1.24969,0.30522,-0.27015,1.01564,0.36667,-0.51004,1.12055,0.3269,-0.66322,1.19397,0.37426,-0.14842,0.87231,0.00364,-0.13637,0.47035,-0.00669,0.19333,0.23712,0.00678,0.18893,0.01485,0.02428,-0.16589,0.85907,0.15318,-0.27733,0.47498,0.10984,-0.18977,0.08058,0.10161,-0.38232,-0.03051,0.08386
14.44,-0.10977,0.93898,0.08985,-0.28636,1.34707,0.11979,-0.38587,1.54882,0.08562,-0.25642,1.30044,-0.07998,-0.3532,1.13942,-0.23471,-0.52664,1.18356,-0.03951,-0.62311,1.2888,0.06401,-0.29824,1.25412,0.30472,-0.27393,1.01879,0.36179,-0.51741,1.11488,0.32159,-0.67596,1.17798,0.36605,-0.15167,0.87624,0.00249,-0.146,0.47422,-0.01058,0.18388,0.24158,0.00794,0.17531,0.0191,0.02035,-0.16984,0.86239,0.15189,-0.27367,0.47607,0.10946,-0.18994,0.08085,0.10093,-0.38269,-0.0299,0.08321
14.46,-0.11353,0.94306,0.08919,-0.28462,1.35339,0.12045,-0.38225,1.55581,0.08488,-0.25266,1.30809,-0.07932,-0.34936,1.14991,-0.23698,-0.52932,1.18429,-0.04577,-0.63045,1.28234,0.06033,-0.30033,1.25899,0.30436,-0.27741,1.02252,0.35713,-0.52406,1.10982,0.31617,-0.68706,1.163,0.35739,-0.15495,0.88069,0.00134,-0.15525,0.47873,-0.01439,0.17445,0.24624,0.00869,0.16234,0.02372,0.0166,-0.17387,0.86616,0.15058,-0.26981,0.47769,0.10921,-0.19005,0.08165,0.1004,-0.38295,-0.0288,0.08263
14.48,-0.11744,0.94737,0.08859,-0.28289,1.35989,0.12129,-0.3786,1.56296,0.0842,-0.24868,1.316,-0.07841,-0.34559,1.16115,-0.23923,-0.53164,1.18581,-0.05239,-0.63692,1.27678,0.05596,-0.30269,1.26402,0.30404,-0.28111,1.02646,0.35233,-0.53051,1.10493,0.31018,-0.69764,1.14762,0.34681,-0.15838,0.88539,0.00024,-0.16475,0.48359,-0.01825,0.1651,0.25191,0.01015,0.14957,0.02947,0.01332,-0.17804,0.87015,0.14932,-0.26565,0.4796,0.10909,-0.19016,0.08273,0.09998,-0.38323,-0.02741,0.08209
14.5,-0.12098,0.95094,0.08782,-0.28095,1.36551,0.12189,-0.3746,1.56928,0.08347,-0.24488,1.32276,-0.07773,-0.34103,1.17027,-0.24124,-0.5336,1.18519,-0.06006,-0.64415,1.26803,0.04954,-0.30438,1.26845,0.30358,-0.28411,1.03,0.34785,-0.53595,1.09904,0.30377,-0.70595,1.13252,0.33658,-0.16146,0.8893,-0.00098,-0.17376,0.48778,-0.0222,0.15528,0.25549,0.01045,0.13623,0.03332,0.00899,-0.18183,0.87344,0.14794,-0.26213,0.4812,0.10888,-0.19022,0.08368,0.09951,-0.38345,-0.02616,0.08155
14.52,-0.12363,0.9528,0.08661,-0.27864,1.36916,0.12176,-0.37009,1.57379,0.08258,-0.24186,1.32694,-0.07785,-0.33494,1.17404,-0.24274,-0.535,1.17915,-0.0693,-0.65338,1.25135,0.03967,-0.3044,1.27152,0.30282,-0.2854,1.03244,0.34419,-0.53937,1.091,0.29725,-0.71045,1.11858,0.32992,-0.16368,0.89141,-0.00256,-0.18155,0.49024,-0.02636,0.14435,0.25372,0.00718,0.12179,0.03193,0.00182,-0.18471,0.87509,0.14622,-0.26029,0.48182,0.1082,-0.1902,0.08397,0.09879,-0.38358,-0.02563,0.0809
14.54,-0.12592,0.95394,0.08521,-0.27615,1.37196,0.12134,-0.36535,1.57749,0.08165,-0.23911,1.33005,-0.07829,-0.32824,1.17578,-0.24408,-0.5356,1.17073,-0.07943,-0.66191,1.23109,0.0278,-0.30376,1.27396,0.30193,-0.28607,1.03436,0.34084,-0.54167,1.08195,0.29049,-0.71321,1.10503,0.32425,-0.16558,0.89276,-0.00427,-0.18881,0.49202,-0.03059,0.13301,0.2499,0.00247,0.1067,0.02865,-0.00663,-0.18722,0.87606,0.14437,-0.25912,0.482,0.10735,-0.19018,0.08395,0.09801,-0.3837,-0.02541,0.08027
14.56,-0.12836,0.95538,0.08387,-0.27374,1.37502,0.12109,-0.3607,1.58139,0.08083,-0.23626,1.33351,-0.07854,-0.32181,1.17834,-0.24538,-0.5355,1.16303,-0.08972,-0.66842,1.21174,0.01544,-0.30337,1.27659,0.30112,-0.28696,1.03649,0.33739,-0.54362,1.07319,0.28343,-0.71569,1.09142,0.31745,-0.16763,0.89442,-0.00594,-0.19615,0.4942,-0.03479,0.12184,0.24705,-0.00181,0.09171,0.02648,-0.0148,-0.18987,0.87732,0.14257,-0.25768,0.48244,0.10664,-0.19019,0.08414,0.09737,-0.38387,-0.02498,0.07975
14.58,-0.13087,0.95689,0.08265,-0.27127,1.37812,0.12103,-0.35595,1.58531,0.08011,-0.23323,1.33706,-0.07859,-0.31516,1.18105,-0.24646,-0.5344,1.15581,-0.10007,-0.67316,1.19225,0.00247,-0.30308,1.27924,0.30045,-0.28784,1.03867,0.33394,-0.54498,1.06471,0.27619,-0.71756,1.0783,0.30981,-0.16966,0.89618,-0.00754,-0.20403,0.49663,-0.0392,0.11045,0.24509,-0.0058,0.07754,0.02517,-0.02252,-0.19265,0.87863,0.14081,-0.25614,0.48293,0.10595,-0.19015,0.08438,0.09678,-0.38398,-0.02448,0.07925
14.6,-0.13313,0.95809,0.08113,-0.26885,1.38075,0.12062,-0.35128,1.58877,0.07935,-0.23063,1.33999,-0.07902,-0.30875,1.18287,-0.24767,-0.53286,1.14674,-0.11128,-0.67642,1.17144,-0.01188,-0.30236,1.28159,0.29957,-0.28848,1.0406,0.33064,-0.54554,1.05539,0.26873,-0.71829,1.065,0.30286,-0.17163,0.89757,-0.0093,-0.21053,0.49862,-0.04327,0.09929,0.24122,-0.01103,0.06157,0.02243,-0.03181,-0.19505,0.87968,0.13894,-0.25495,0.48332,0.10527,-0.19025,0.08455,0.09626,-0.38423,-0.02406,0.07887
14.62,-0.13486,0.95863,0.07888,-0.26664,1.38245,0.11925,-0.34692,1.59139,0.0784,-0.22913,1.34166,-0.08052,-0.30307,1.18291,-0.24952,-0.53117,1.13335,-0.12443,-0.67845,1.148,-0.02855,-0.30077,1.28331,0.2981,-0.2888,1.04203,0.32762,-0.54508,1.04396,0.26093,-0.71732,1.05135,0.29802,-0.17363,0.89816,-0.01147,-0.21363,0.4994,-0.04636,0.08862,0.23261,-0.01896,0.04047,0.01638,-0.04451,-0.19659,0.88018,0.13683,-0.25457,0.48342,0.10456,-0.19069,0.08451,0.09576,-0.38482,-0.02389,0.07866
14.64,-0.13635,0.95887,0.07633,-0.26449,1.38373,0.11744,-0.34265,1.59361,0.07727,-0.22806,1.34276,-0.08249,-0.29768,1.1822,-0.25163,-0.52847,1.11826,-0.13857,-0.6788,1.12318,-0.04651,-0.29876,1.28477,0.29636,-0.28893,1.04326,0.3247,-0.54365,1.03175,0.25316,-0.71517,1.03873,0.29355,-0.1756,0.89839,-0.01381,-0.21537,0.49965,-0.04905,0.07775,0.22231,-0.02788,0.01715,0.00984,-0.05811,-0.19778,0.88042,0.13461,-0.25449,0.48336,0.10382,-0.19124,0.08435,0.09525,-0.38551,-0.02384,0.07851
14.66,-0.13792,0.95924,0.07388,-0.26228,1.38515,0.11573,-0.33831,1.59591,0.0761,-0.22679,1.34404,-0.08434,-0.29219,1.18186,-0.25362,-0.52435,1.10404,-0.15275,-0.67713,1.09871,-0.06484,-0.29686,1.28634,0.29467,-0.28909,1.04459,0.3217,-0.54153,1.02003,0.24555,-0.71254,1.0274,0.28796,-0.17755,0.89877,-0.0161,-0.21762,0.5001,-0.0519,0.06643,0.21312,-0.03631,-0.00555,0.0049,-0.0708,-0.1991,0.88079,0.13241,-0.25425,0.4834,0.10306,-0.19172,0.08426,0.09476,-0.38613,-0.02372,0.07833
14.68,-0.13958,0.95965,0.07155,-0.2601,1.38659,0.11416,-0.33387,1.59825,0.07502,-0.22544,1.34539,-0.08604,-0.28628,1.18183,-0.25568,-0.51848,1.09017,-0.16729,-0.67276,1.07409,-0.0834,-0.29515,1.28788,0.29307,-0.28942,1.04593,0.31877,-0.53871,1.0083,0.23771,-0.7094,1.01751,0.28106,-0.17958,0.89923,-0.0183,-0.22034,0.5007,-0.05485,0.05453,0.20469,-0.04429,-0.02863,0.00139,-0.08278,-0.20051,0.88116,0.13029,-0.25405,0.48345,0.10232,-0.19217,0.08421,0.09423,-0.38674,-0.02355,0.07813
14.7,-0.14101,0.95989,0.0689,-0.25783,1.3878,0.1121,-0.32961,1.60025,0.07357,-0.22436,1.34636,-0.08825,-0.28126,1.18119,-0.2577,-0.51218,1.0759,-0.18205,-0.66769,1.04958,-0.10318,-0.29293,1.28934,0.29113,-0.28936,1.04723,0.31569,-0.5351,0.99671,0.23089,-0.70558,1.00809,0.27454,-0.18145,0.89942,-0.02072,-0.22179,0.50087,-0.05748,0.04263,0.19534,-0.05295,-0.05205,-0.00215,-0.09491,-0.20166,0.88143,0.12798,-0.2538,0.48344,0.10149,-0.19268,0.08408,0.09378,-0.38738,-0.02348,0.07801
14.72,-0.14191,0.95975,0.06552,-0.25535,1.38854,0.10895,-0.32587,1.60157,0.07127,-0.224,1.34649,-0.09162,-0.2785,1.17899,-0.25956,-0.50687,1.06056,-0.19669,-0.66418,1.02585,-0.12495,-0.2895,1.29067,0.28849,-0.28822,1.04846,0.31228,-0.53071,0.98556,0.22643,-0.70094,0.99795,0.2708,-0.18293,0.89898,-0.02363,-0.21996,0.50001,-0.05924,0.03104,0.18335,-0.06328,-0.07623,-0.00704,-0.10772,-0.20223,0.88153,0.12525,-0.25328,0.48328,0.10051,-0.19327,0.08374,0.0936,-0.38806,-0.02371,0.07808
14.74,-0.14258,0.95944,0.06181,-0.25278,1.38907,0.10528,-0.32232,1.60259,0.06855,-0.2239,1.34628,-0.0955,-0.2766,1.17622,-0.26144,-0.50109,1.04492,-0.21146,-0.65993,1.00241,-0.14773,-0.28557,1.29191,0.28545,-0.28672,1.04965,0.30867,-0.52579,0.97457,0.223,-0.69581,0.98764,0.26797,-0.18425,0.89828,-0.02678,-0.21686,0.49878,-0.06075,0.01898,0.17091,-0.07337,-0.10105,-0.01137,-0.11913,-0.20253,0.88154,0.12231,-0.25268,0.48306,0.09942,-0.19388,0.08332,0.09349,-0.38873,-0.02404,0.0782
14.76,-0.14333,0.9592,0.05821,-0.25022,1.38966,0.10173,-0.31865,1.60368,0.06589,-0.22365,1.3462,-0.09923,-0.27432,1.17382,-0.26339,-0.4936,1.03,-0.22643,-0.65298,0.97928,-0.17052,-0.28185,1.29316,0.28246,-0.28546,1.05086,0.30505,-0.52045,0.96371,0.21951,-0.69045,0.97799,0.26414,-0.18561,0.8977,-0.02985,-0.21434,0.49778,-0.06247,0.00615,0.15973,-0.08217,-0.12593,-0.01385,-0.12852,-0.20292,0.88158,0.11943,-0.25211,0.48289,0.09834,-0.19443,0.08297,0.09334,-0.38935,-0.0243,0.0783
14.78,-0.14419,0.959,0.05478,-0.24776,1.39027,0.09832,-0.31494,1.60483,0.06333,-0.22354,1.34614,-0.10279,-0.27154,1.17148,-0.26533,-0.48446,1.01586,-0.24124,-0.64366,0.9574,-0.19291,-0.27819,1.29441,0.2796,-0.28399,1.05211,0.30169,-0.51431,0.95323,0.21623,-0.6844,0.96998,0.25968,-0.18706,0.89715,-0.03275,-0.21159,0.49685,-0.06405,-0.00779,0.14892,-0.09041,-0.152,-0.01471,-0.13683,-0.20342,0.88166,0.1167,-0.25141,0.48274,0.09735,-0.19491,0.08264,0.09318,-0.38989,-0.02455,0.07839
14.8,-0.14477,0.95866,0.05092,-0.24508,1.39071,0.09435,-0.31132,1.6057,0.06025,-0.2232,1.3459,-0.10687,-0.26981,1.16906,-0.26746,-0.47492,1.00189,-0.25662,-0.63322,0.93517,-0.2168,-0.27426,1.29554,0.2762,-0.28291,1.05327,0.29771,-0.50835,0.94262,0.21364,-0.67876,0.95977,0.25565,-0.18827,0.89645,-0.03604,-0.20898,0.49583,-0.06597,-0.02126,0.13933,-0.09683,-0.17593,-0.01481,-0.14208,-0.20361,0.88163,0.11359,-0.25087,0.48253,0.09611,-0.19542,0.08228,0.09304,-0.39046,-0.02483,0.07848
14.82,-0.1447,0.95801,0.046,-0.24178,1.39083,0.08914,-0.30793,1.606,0.05602,-0.22221,1.34528,-0.11216,-0.27116,1.16644,-0.2698,-0.4663,0.98745,-0.27367,-0.62251,0.91084,-0.2449,-0.26977,1.29637,0.27155,-0.28317,1.05424,0.29209,-0.50377,0.93142,0.21218,-0.67463,0.94304,0.25425,-0.18891,0.89539,-0.0403,-0.20706,0.49454,-0.06882,-0.03233,0.1316,-0.10086,-0.19426,-0.01571,-0.14333,-0.20308,0.88132,0.10951,-0.25084,0.48218,0.09431,-0.19604,0.08183,0.09295,-0.39116,-0.02516,0.07855
14.84,-0.14434,0.95722,0.04065,-0.23827,1.39078,0.08336,-0.30463,1.60604,0.05128,-0.22098,1.34448,-0.11798,-0.2735,1.16369,-0.27222,-0.4575,0.97421,-0.29145,-0.61042,0.88794,-0.27502,-0.26502,1.29708,0.26634,-0.28384,1.05522,0.28593,-0.49922,0.92034,0.21142,-0.67022,0.92404,0.25435,-0.1893,0.89418,-0.04496,-0.20532,0.49314,-0.072,-0.04234,0.12476,-0.10398,-0.21015,-0.01677,-0.14318,-0.20222,0.88088,0.10504,-0.25094,0.48178,0.09228,-0.19664,0.08136,0.0929,-0.39183,-0.02552,0.07863
14.86,-0.14408,0.95648,0.03545,-0.23487,1.39075,0.07769,-0.30127,1.60615,0.04663,-0.21988,1.3437,-0.12366,-0.27513,1.161,-0.27465,-0.44741,0.96284,-0.30906,-0.59611,0.86814,-0.30486,-0.26039,1.2978,0.26123,-0.28428,1.05634,0.28007,-0.49378,0.90987,0.21087,-0.66464,0.9066,0.2544,-0.18975,0.89303,-0.04947,-0.20348,0.49181,-0.07507,-0.05286,0.11821,-0.10704,-0.22656,-0.0169,-0.14313,-0.20147,0.88049,0.10069,-0.25091,0.48141,0.09032,-0.19713,0.08093,0.09283,-0.39239,-0.02585,0.07871
14.88,-0.14396,0.95576,0.03043,-0.23147,1.39074,0.07223,-0.29793,1.60627,0.04218,-0.21877,1.343,-0.12911,-0.27755,1.15855,-0.27661,-0.43633,0.95277,-0.32735,-0.57967,0.85039,-0.33569,-0.2558,1.29851,0.25629,-0.28512,1.05758,0.27423,-0.48821,0.90002,0.21051,-0.65844,0.89039,0.25554,-0.19036,0.89189,-0.05378,-0.20144,0.49051,-0.07814,-0.06433,0.11174,-0.11004,-0.24428,-0.01587,-0.14262,-0.20083,0.88013,0.09653,-0.25086,0.48106,0.08855,-0.19756,0.08053,0.09288,-0.39287,-0.02616,0.07888
14.9,-0.14348,0.95498,0.02494,-0.22805,1.39061,0.06605,-0.29456,1.60627,0.03704,-0.21763,1.34208,-0.13524,-0.27842,1.1557,-0.27945,-0.42521,0.9451,-0.34451,-0.56262,0.8366,-0.3656,-0.25107,1.29918,0.25068,-0.28528,1.05886,0.26834,-0.4814,0.89046,0.21084,-0.65083,0.87271,0.25641,-0.19057,0.89071,-0.05858,-0.1998,0.48919,-0.08139,-0.07382,0.10649,-0.11223,-0.25811,-0.01551,-0.14189,-0.19985,0.8797,0.09187,-0.25074,0.48071,0.08635,-0.1979,0.08014,0.09274,-0.39327,-0.02648,0.07891
14.92,-0.14213,0.95399,0.01831,-0.22458,1.39014,0.0582,-0.29109,1.60595,0.03037,-0.21651,1.3406,-0.14295,-0.27482,1.1516,-0.28476,-0.41445,0.93881,-0.35796,-0.54505,0.82503,-0.39103,-0.24598,1.29969,0.24351,-0.28363,1.05998,0.26238,-0.47202,0.8807,0.21237,-0.64041,0.85046,0.25513,-0.18978,0.88932,-0.06458,-0.19939,0.48768,-0.08491,-0.07797,0.10329,-0.11296,-0.26242,-0.0187,-0.14167,-0.19808,0.87906,0.08598,-0.25051,0.48024,0.08305,-0.19813,0.07966,0.09216,-0.39355,-0.02689,0.07862
14.94,-0.14043,0.95293,0.01124,-0.22111,1.38954,0.04969,-0.2876,1.60551,0.02306,-0.21538,1.33891,-0.15126,-0.26964,1.14721,-0.29104,-0.40352,0.93277,-0.36995,-0.52604,0.81345,-0.41293,-0.24076,1.30014,0.2357,-0.28121,1.06104,0.25637,-0.46122,0.87134,0.21461,-0.62721,0.82669,0.254,-0.18862,0.88788,-0.07104,-0.19938,0.48613,-0.08854,-0.07997,0.10088,-0.11318,-0.26307,-0.0232,-0.14156,-0.19597,0.87834,0.07962,-0.25021,0.47975,0.07936,-0.19829,0.07919,0.09145,-0.39377,-0.02731,0.07825
14.96,-0.13887,0.95193,0.00435,-0.21768,1.389,0.04141,-0.28412,1.60513,0.01595,-0.21426,1.33732,-0.15933,-0.26514,1.14317,-0.29698,-0.39174,0.92674,-0.38219,-0.50518,0.80179,-0.43335,-0.23564,1.30062,0.22808,-0.27897,1.06217,0.25038,-0.45007,0.86282,0.21696,-0.61229,0.80456,0.25419,-0.18761,0.8865,-0.0773,-0.19907,0.48467,-0.09211,-0.08279,0.09827,-0.11365,-0.26527,-0.02689,-0.14135,-0.19397,0.87768,0.07345,-0.24988,0.47932,0.07584,-0.19841,0.07881,0.09082,-0.39393,-0.02766,0.07796
14.98,-0.13738,0.95083,-0.0025,-0.21422,1.38837,0.0332,-0.28058,1.60466,0.00901,-0.21322,1.33566,-0.1673,-0.2604,1.13913,-0.30288,-0.3786,0.92066,-0.39471,-0.48132,0.7896,-0.45276,-0.23041,1.301,0.2205,-0.27734,1.06339,0.24441,-0.43876,0.85493,0.2195,-0.59626,0.78354,0.25409,-0.18661,0.88497,-0.08351,-0.19896,0.48307,-0.09563,-0.08578,0.09559,-0.11389,-0.26735,-0.031,-0.14103,-0.19209,0.87696,0.06731,-0.24954,0.47885,0.0724,-0.19836,0.07842,0.09032,-0.3939,-0.02803,0.07778
15,-0.13566,0.94992,-0.00951,-0.21087,1.38786,0.02465,-0.27713,1.6043,0.00152,-0.21207,1.33409,-0.17557,-0.25563,1.13542,-0.30923,-0.36641,0.91507,-0.40568,-0.45988,0.7789,-0.46748,-0.22541,1.30153,0.21257,-0.27421,1.0645,0.23842,-0.42576,0.84793,0.22233,-0.57651,0.76296,0.25627,-0.18549,0.88375,-0.0899,-0.1984,0.48179,-0.09923,-0.08774,0.09345,-0.11441,-0.26857,-0.03433,-0.1408,-0.18987,0.87634,0.061,-0.24907,0.47853,0.06879,-0.19841,0.07817,0.08966,-0.39399,-0.02826,0.07752
15.02,-0.1334,0.94959,-0.01692,-0.20784,1.38781,0.01528,-0.27405,1.60432,-0.00736,-0.21058,1.3329,-0.18461,-0.25126,1.13241,-0.31645,-0.3583,0.91042,-0.41336,-0.44756,0.77171,-0.47573,-0.22109,1.30258,0.2038,-0.26718,1.06532,0.23233,-0.40908,0.84183,0.22502,-0.54991,0.74242,0.26218,-0.18415,0.88341,-0.09672,-0.19652,0.48139,-0.10313,-0.08741,0.09252,-0.11591,-0.26843,-0.03528,-0.14096,-0.18679,0.87601,0.05421,-0.24835,0.47862,0.06475,-0.19883,0.07829,0.08859,-0.39446,-0.02811,0.07703
15.04,-0.13094,0.94945,-0.02446,-0.20499,1.38789,0.00563,-0.27119,1.60443,-0.01674,-0.20905,1.3318,-0.19391,-0.24701,1.12966,-0.32402,-0.35187,0.90617,-0.41987,-0.43879,0.76582,-0.48189,-0.21705,1.30377,0.19473,-0.25872,1.06606,0.22616,-0.3907,0.83647,0.22733,-0.51992,0.72348,0.26778,-0.18273,0.88338,-0.10368,-0.19415,0.48129,-0.10713,-0.08604,0.09208,-0.11772,-0.26746,-0.03544,-0.14127,-0.1834,0.87578,0.04726,-0.24748,0.47887,0.06061,-0.19929,0.07857,0.08746,-0.39498,-0.0278,0.07658
15.06,-0.12857,0.94921,-0.0319,-0.20214,1.38786,-0.00385,-0.26833,1.60444,-0.02588,-0.20762,1.33062,-0.20302,-0.24273,1.12687,-0.33142,-0.34461,0.90187,-0.42695,-0.42824,0.75951,-0.48891,-0.21295,1.30486,0.18582,-0.2509,1.06689,0.21993,-0.37233,0.83173,0.2292,-0.48969,0.70696,0.27112,-0.18133,0.88319,-0.11053,-0.19192,0.48106,-0.11108,-0.08495,0.09148,-0.11936,-0.26661,-0.03593,-0.14152,-0.18015,0.87549,0.04041,-0.24653,0.47907,0.05665,-0.19952,0.07884,0.08654,-0.39526,-0.02752,0.07633
15.08,-0.12616,0.94899,-0.03954,-0.1993,1.38785,-0.0136,-0.26548,1.60447,-0.03522,-0.20616,1.32942,-0.21239,-0.23824,1.12408,-0.33903,-0.33698,0.8975,-0.43415,-0.41722,0.75313,-0.49593,-0.20886,1.30598,0.17662,-0.24297,1.06786,0.21362,-0.35295,0.82757,0.23082,-0.45783,0.69205,0.27247,-0.17992,0.88305,-0.11755,-0.18948,0.4809,-0.11511,-0.08356,0.09099,-0.12111,-0.26547,-0.03632,-0.14182,-0.17681,0.8752,0.03336,-0.24561,0.47932,0.05251,-0.19959,0.07924,0.08566,-0.39531,-0.02721,0.07623
15.1,-0.1238,0.9488,-0.04678,-0.19667,1.38781,-0.02284,-0.26287,1.60445,-0.04426,-0.20491,1.32826,-0.22125,-0.23427,1.12155,-0.34631,-0.33033,0.89363,-0.44097,-0.40768,0.74759,-0.5025,-0.20495,1.30703,0.1679,-0.23495,1.06875,0.2073,-0.33387,0.82429,0.23151,-0.42693,0.68029,0.27277,-0.17849,0.8829,-0.12418,-0.18713,0.48076,-0.11904,-0.08216,0.09056,-0.12273,-0.26433,-0.03659,-0.14209,-0.17358,0.87497,0.02667,-0.2444,0.47961,0.04885,-0.19959,0.07964,0.08496,-0.39536,-0.02678,0.07622
15.12,-0.12156,0.94859,-0.053,-0.19448,1.38768,-0.03074,-0.2607,1.60428,-0.05253,-0.20409,1.32713,-0.22878,-0.23156,1.1195,-0.35275,-0.32575,0.89067,-0.44706,-0.4012,0.74357,-0.50844,-0.20137,1.30785,0.16046,-0.22694,1.06923,0.2009,-0.31645,0.82174,0.23043,-0.39905,0.67199,0.27345,-0.17698,0.88263,-0.12982,-0.18532,0.48051,-0.12267,-0.08126,0.09005,-0.1239,-0.2637,-0.03687,-0.1422,-0.17064,0.87482,0.02098,-0.24249,0.47983,0.04634,-0.19971,0.07983,0.08449,-0.39571,-0.02619,0.07606
15.14,-0.11938,0.94841,-0.05879,-0.19248,1.38755,-0.03807,-0.25873,1.60407,-0.06045,-0.20346,1.32606,-0.23575,-0.2294,1.1177,-0.35881,-0.32222,0.88817,-0.45279,-0.39627,0.74031,-0.51405,-0.19793,1.30861,0.15355,-0.21891,1.06963,0.19454,-0.29962,0.81969,0.2284,-0.37217,0.6654,0.27344,-0.17544,0.88235,-0.13506,-0.18365,0.48026,-0.12617,-0.08047,0.08957,-0.12493,-0.26321,-0.03706,-0.14226,-0.16782,0.87473,0.0157,-0.24032,0.48008,0.04427,-0.19979,0.08001,0.08414,-0.39609,-0.02545,0.07591
15.16,-0.11721,0.94823,-0.06471,-0.19045,1.38742,-0.04557,-0.25675,1.60388,-0.06841,-0.20282,1.32497,-0.24287,-0.22712,1.11585,-0.36496,-0.31839,0.88558,-0.45867,-0.39081,0.73687,-0.5198,-0.19446,1.3094,0.14646,-0.21096,1.07019,0.18816,-0.28235,0.818,0.22605,-0.34479,0.6595,0.27164,-0.17394,0.88209,-0.14041,-0.18185,0.48004,-0.12968,-0.07955,0.08914,-0.12604,-0.26256,-0.03723,-0.14237,-0.16499,0.87462,0.01028,-0.23824,0.48036,0.04204,-0.1997,0.08029,0.08383,-0.39628,-0.02469,0.07589
15.18,-0.1149,0.948,-0.07091,-0.18843,1.38721,-0.05343,-0.25479,1.60359,-0.07684,-0.2021,1.32378,-0.25033,-0.22439,1.11391,-0.37152,-0.31373,0.88273,-0.46482,-0.38443,0.73311,-0.52576,-0.19105,1.31013,0.13901,-0.20272,1.07074,0.18129,-0.26365,0.81641,0.22293,-0.31516,0.65395,0.26824,-0.17233,0.88177,-0.146,-0.18005,0.47977,-0.13337,-0.07851,0.08871,-0.12718,-0.26179,-0.03738,-0.1425,-0.16197,0.87447,0.0046,-0.23588,0.48061,0.0397,-0.19971,0.08054,0.08352,-0.39653,-0.024,0.07573
15.2,-0.1129,0.94789,-0.07642,-0.18652,1.38714,-0.06038,-0.25296,1.60345,-0.08419,-0.20165,1.32281,-0.25687,-0.22277,1.11229,-0.37716,-0.31103,0.88069,-0.47044,-0.38028,0.73037,-0.53133,-0.18764,1.31094,0.13242,-0.19512,1.07148,0.17525,-0.24747,0.8157,0.21965,-0.29022,0.6505,0.26411,-0.17093,0.88158,-0.15098,-0.17819,0.47963,-0.13664,-0.07757,0.08836,-0.12825,-0.2611,-0.03748,-0.14264,-0.15935,0.87444,-0.00045,-0.23386,0.48098,0.03771,-0.19922,0.08098,0.08338,-0.39634,-0.02302,0.07601
15.22,-0.11172,0.94809,-0.08023,-0.18478,1.38747,-0.06513,-0.25131,1.60377,-0.08881,-0.20194,1.3224,-0.26122,-0.22397,1.11131,-0.38033,-0.31297,0.88038,-0.47459,-0.38103,0.72964,-0.53576,-0.18403,1.312,0.12796,-0.18916,1.0726,0.17146,-0.2384,0.81648,0.21741,-0.27782,0.65033,0.26142,-0.17008,0.88172,-0.15447,-0.17617,0.47979,-0.13885,-0.07702,0.08818,-0.1292,-0.26072,-0.0375,-0.14285,-0.15782,0.8747,-0.00399,-0.23299,0.48159,0.03645,-0.1977,0.0818,0.08343,-0.39536,-0.02127,0.07727
15.24,-0.11087,0.94841,-0.08333,-0.18313,1.38794,-0.06896,-0.24973,1.60426,-0.09233,-0.20248,1.32223,-0.26463,-0.22628,1.11065,-0.38252,-0.31679,0.88085,-0.47807,-0.38398,0.7298,-0.53947,-0.18042,1.31314,0.12437,-0.18388,1.07383,0.16852,-0.23213,0.81773,0.21561,-0.27019,0.65123,0.25952,-0.16947,0.88198,-0.15733,-0.17412,0.48008,-0.14063,-0.07665,0.08807,-0.13006,-0.26049,-0.03748,-0.14304,-0.15672,0.87507,-0.00689,-0.23255,0.48229,0.03553,-0.19575,0.08277,0.08358,-0.39398,-0.01926,0.07891
15.26,-0.10989,0.94868,-0.0867,-0.18145,1.38835,-0.07312,-0.24812,1.60467,-0.09627,-0.20287,1.32199,-0.26836,-0.22812,1.10995,-0.38512,-0.31988,0.88109,-0.48175,-0.38626,0.72969,-0.54315,-0.17688,1.31421,0.12043,-0.17839,1.07499,0.16515,-0.22469,0.81876,0.21349,-0.26055,0.65169,0.25705,-0.16877,0.88219,-0.16043,-0.17208,0.48033,-0.14259,-0.07619,0.08796,-0.13094,-0.26016,-0.03746,-0.14325,-0.15544,0.87539,-0.01003,-0.23189,0.48297,0.0345,-0.19386,0.0837,0.08371,-0.39259,-0.0174,0.0804
15.28,-0.10881,0.94892,-0.0903,-0.17976,1.38872,-0.07769,-0.2465,1.60504,-0.10057,-0.20345,1.3216,-0.2724,-0.22973,1.10885,-0.38764,-0.32153,0.88046,-0.48532,-0.38616,0.72826,-0.5466,-0.17308,1.31535,0.1161,-0.17246,1.07624,0.16145,-0.21673,0.8199,0.21108,-0.2504,0.65226,0.25422,-0.16799,0.88237,-0.16374,-0.16996,0.48056,-0.1447,-0.07566,0.08784,-0.13191,-0.2598,-0.03741,-0.14349,-0.15404,0.87568,-0.01339,-0.23115,0.48365,0.0333,-0.19235,0.08458,0.08357,-0.39174,-0.01525,0.0816
15.3,-0.10801,0.94926,-0.09323,-0.17813,1.38921,-0.0812,-0.24489,1.60555,-0.10382,-0.20369,1.32159,-0.2755,-0.23206,1.1087,-0.38998,-0.32625,0.88173,-0.48871,-0.3912,0.72952,-0.54963,-0.16981,1.31637,0.11272,-0.16761,1.07734,0.15848,-0.21048,0.82097,0.20916,-0.24255,0.65294,0.25197,-0.16741,0.88265,-0.16643,-0.16797,0.48088,-0.1464,-0.07525,0.08781,-0.13267,-0.25949,-0.03734,-0.14365,-0.153,0.87609,-0.01612,-0.23063,0.48439,0.03256,-0.18987,0.08566,0.08393,-0.38956,-0.01358,0.08344
15.32,-0.10784,0.9499,-0.0946,-0.17655,1.39006,-0.08216,-0.24325,1.60644,-0.10463,-0.20283,1.32262,-0.27643,-0.23606,1.11113,-0.39218,-0.33901,0.88852,-0.49209,-0.40983,0.73872,-0.55243,-0.16795,1.31709,0.1117,-0.16542,1.07804,0.15729,-0.20803,0.82173,0.20849,-0.23947,0.65354,0.25117,-0.16728,0.88318,-0.16766,-0.16633,0.48143,-0.14709,-0.07512,0.08804,-0.13285,-0.2593,-0.03723,-0.14362,-0.15276,0.87683,-0.01736,-0.2307,0.4854,0.03293,-0.18473,0.08741,0.08567,-0.38372,-0.01323,0.08708
15.34,-0.10793,0.95062,-0.0953,-0.17501,1.39101,-0.08207,-0.24158,1.60744,-0.10436,-0.20161,1.324,-0.27644,-0.24066,1.11465,-0.39425,-0.35462,0.89811,-0.49551,-0.43329,0.75205,-0.55531,-0.16661,1.31767,0.11166,-0.16432,1.07855,0.15692,-0.20725,0.82237,0.20846,-0.23856,0.65415,0.25116,-0.16735,0.88378,-0.16828,-0.16482,0.48206,-0.14737,-0.07511,0.08833,-0.1328,-0.25916,-0.03711,-0.14349,-0.15285,0.87765,-0.01796,-0.23097,0.48645,0.03376,-0.17866,0.08944,0.08792,-0.37657,-0.01326,0.09136
15.36,-0.10793,0.95128,-0.09624,-0.17348,1.39188,-0.08238,-0.23994,1.60837,-0.10445,-0.20057,1.32521,-0.2768,-0.24492,1.11789,-0.39632,-0.36858,0.90744,-0.49903,-0.45413,0.7651,-0.55835,-0.16507,1.31828,0.11125,-0.16281,1.07912,0.15629,-0.20586,0.82304,0.20829,-0.23687,0.65477,0.25095,-0.16735,0.88434,-0.16912,-0.16324,0.48265,-0.14783,-0.07505,0.08859,-0.13284,-0.25902,-0.03699,-0.14337,-0.15283,0.87841,-0.01879,-0.2311,0.48743,0.0344,-0.17307,0.09141,0.08992,-0.37005,-0.01299,0.09526
15.38,-0.10783,0.95206,-0.09744,-0.17184,1.39287,-0.083,-0.23824,1.60938,-0.10507,-0.19941,1.3265,-0.27746,-0.249,1.12123,-0.39844,-0.3819,0.91718,-0.50253,-0.47398,0.77879,-0.5614,-0.16343,1.31902,0.11053,-0.16098,1.07979,0.15516,-0.2039,0.82375,0.20748,-0.23444,0.65535,0.24997,-0.16727,0.88497,-0.17018,-0.1617,0.48334,-0.14835,-0.07498,0.08897,-0.13286,-0.25882,-0.0368,-0.14324,-0.15269,0.87932,-0.01985,-0.23143,0.48866,0.03494,-0.16727,0.09377,0.0918,-0.36321,-0.01243,0.09939
15.4,-0.108,0.95261,-0.09793,-0.17043,1.39362,-0.08272,-0.23664,1.61023,-0.10434,-0.1984,1.32767,-0.27726,-0.25331,1.12505,-0.4004,-0.39608,0.92873,-0.50626,-0.49545,0.79534,-0.56484,-0.16212,1.31943,0.11069,-0.16008,1.08018,0.15527,-0.2035,0.82434,0.20815,-0.23404,0.65597,0.25076,-0.16742,0.88546,-0.17062,-0.16011,0.48386,-0.14862,-0.07497,0.08916,-0.13281,-0.25875,-0.03672,-0.14308,-0.15287,0.87994,-0.02028,-0.2314,0.48941,0.03581,-0.16176,0.09565,0.09396,-0.35672,-0.01221,0.10314
15.42,-0.1088,0.95254,-0.09678,-0.16959,1.39373,-0.08034,-0.23527,1.61066,-0.10036,-0.19781,1.32843,-0.27507,-0.25819,1.12973,-0.40197,-0.4122,0.94351,-0.51031,-0.52055,0.81727,-0.5688,-0.16156,1.31897,0.11285,-0.16137,1.0799,0.1584,-0.20674,0.82468,0.2126,-0.23833,0.65674,0.25614,-0.16813,0.88553,-0.16967,-0.15827,0.48394,-0.14841,-0.0751,0.08882,-0.13273,-0.25901,-0.03688,-0.14298,-0.15379,0.87974,-0.01932,-0.23033,0.48892,0.03749,-0.15712,0.09601,0.09703,-0.35141,-0.01309,0.10577
15.44,-0.10986,0.95224,-0.09492,-0.169,1.3936,-0.07706,-0.23401,1.61091,-0.09504,-0.19739,1.32904,-0.27201,-0.26314,1.13499,-0.40335,-0.4286,0.96054,-0.51436,-0.54621,0.84287,-0.57282,-0.16132,1.31818,0.11589,-0.16354,1.07937,0.16277,-0.2115,0.82496,0.21853,-0.24457,0.65763,0.2633,-0.16907,0.88544,-0.1681,-0.15638,0.48387,-0.14794,-0.07529,0.08831,-0.13262,-0.25938,-0.03712,-0.14293,-0.15501,0.87924,-0.01774,-0.22888,0.48798,0.03951,-0.15283,0.09581,0.10042,-0.34655,-0.01439,0.10803
15.46,-0.11082,0.95204,-0.0933,-0.16832,1.39356,-0.0741,-0.23274,1.61119,-0.09022,-0.19692,1.32971,-0.26925,-0.26771,1.14033,-0.40473,-0.44367,0.97818,-0.51821,-0.56964,0.86946,-0.5766,-0.16095,1.31752,0.11863,-0.16534,1.07897,0.16666,-0.21566,0.82534,0.22387,-0.25006,0.65858,0.26973,-0.16993,0.88542,-0.16672,-0.15455,0.4839,-0.14751,-0.07546,0.08792,-0.13254,-0.2597,-0.03728,-0.14288,-0.1561,0.87887,-0.01636,-0.22759,0.48724,0.04139,-0.1485,0.09589,0.1036,-0.3416,-0.01543,0.11046
15.48,-0.11173,0.95185,-0.09202,-0.16757,1.39352,-0.07147,-0.23135,1.61147,-0.08575,-0.19633,1.33039,-0.26683,-0.27222,1.14574,-0.40602,-0.45751,0.99603,-0.52173,-0.59136,0.89687,-0.57962,-0.16057,1.31686,0.12102,-0.16704,1.07859,0.17019,-0.21937,0.8257,0.22884,-0.25482,0.65945,0.27576,-0.17071,0.88541,-0.16571,-0.15254,0.48397,-0.14733,-0.07563,0.08754,-0.13258,-0.26006,-0.03739,-0.14291,-0.15718,0.87852,-0.01533,-0.22637,0.48659,0.04322,-0.1438,0.09625,0.10723,-0.33615,-0.01643,0.11302
15.5,-0.11279,0.95159,-0.08985,-0.16703,1.3934,-0.06789,-0.23022,1.61163,-0.08019,-0.19604,1.33098,-0.26345,-0.27625,1.15173,-0.4072,-0.47102,1.01663,-0.52529,-0.61193,0.92783,-0.58323,-0.16028,1.3161,0.12435,-0.16912,1.07817,0.17477,-0.22427,0.82623,0.23492,-0.26142,0.66069,0.28303,-0.17171,0.88535,-0.16377,-0.15089,0.48399,-0.14652,-0.07578,0.0872,-0.13239,-0.26035,-0.03752,-0.14285,-0.15834,0.87807,-0.0134,-0.22492,0.48572,0.04529,-0.13999,0.096,0.11006,-0.33188,-0.01748,0.11527
15.52,-0.11416,0.95114,-0.08547,-0.16693,1.39305,-0.06208,-0.22969,1.61153,-0.0721,-0.19648,1.33132,-0.25777,-0.27887,1.15868,-0.40823,-0.48447,1.0433,-0.52884,-0.63122,0.96575,-0.5884,-0.1601,1.31515,0.12992,-0.17199,1.07768,0.1819,-0.23199,0.82727,0.24375,-0.27248,0.66297,0.29338,-0.1732,0.88517,-0.15954,-0.15016,0.48386,-0.14415,-0.07585,0.08686,-0.1316,-0.26044,-0.03777,-0.14249,-0.15963,0.87738,-0.00921,-0.22283,0.48422,0.04784,-0.13845,0.09403,0.11044,-0.33076,-0.0187,0.11665
15.54,-0.11566,0.95062,-0.0802,-0.16701,1.39262,-0.05532,-0.22936,1.61131,-0.06295,-0.19722,1.33158,-0.25113,-0.281,1.16632,-0.40893,-0.49658,1.07341,-0.5315,-0.64826,1.00782,-0.59307,-0.15996,1.3141,0.13642,-0.17518,1.0772,0.19006,-0.24078,0.82864,0.25367,-0.2852,0.66586,0.30492,-0.17489,0.88494,-0.15438,-0.14981,0.48367,-0.14116,-0.07589,0.08655,-0.13057,-0.26047,-0.03806,-0.14203,-0.16098,0.87659,-0.00411,-0.22052,0.48253,0.05061,-0.1378,0.09149,0.11,-0.3308,-0.01995,0.11774
15.56,-0.11712,0.95017,-0.0753,-0.16703,1.39225,-0.04893,-0.22894,1.61113,-0.05421,-0.19785,1.33192,-0.24486,-0.28319,1.17416,-0.40936,-0.50656,1.10388,-0.53305,-0.66244,1.05063,-0.59601,-0.15981,1.31311,0.14255,-0.17819,1.07679,0.19778,-0.24899,0.8301,0.26307,-0.29703,0.66886,0.31588,-0.17651,0.88477,-0.14959,-0.14937,0.48357,-0.13841,-0.07598,0.0863,-0.12965,-0.26056,-0.03826,-0.14164,-0.16232,0.87589,0.00062,-0.21836,0.48105,0.05331,-0.13679,0.08936,0.11,-0.33031,-0.02108,0.119
15.58,-0.11854,0.94957,-0.07054,-0.16698,1.39173,-0.04285,-0.22843,1.61079,-0.04577,-0.19838,1.33205,-0.23889,-0.28418,1.18153,-0.40982,-0.51397,1.13531,-0.53307,-0.67331,1.09507,-0.59701,-0.15964,1.31204,0.14839,-0.18117,1.07642,0.20543,-0.25703,0.83175,0.27261,-0.30855,0.67212,0.32705,-0.17809,0.88449,-0.14499,-0.14869,0.4834,-0.13585,-0.07606,0.08596,-0.12888,-0.26069,-0.03848,-0.14132,-0.16363,0.875,0.00516,-0.21601,0.47938,0.05577,-0.13569,0.08705,0.10969,-0.32979,-0.02223,0.12028
15.6,-0.12005,0.94926,-0.06528,-0.16706,1.39146,-0.0359,-0.22809,1.61066,-0.03646,-0.19915,1.33257,-0.23207,-0.28666,1.19066,-0.40936,-0.5202,1.1681,-0.53218,-0.6819,1.14067,-0.59697,-0.15948,1.31107,0.15504,-0.18414,1.07611,0.21348,-0.26536,0.83357,0.28213,-0.32064,0.67573,0.33806,-0.17977,0.88441,-0.13979,-0.1486,0.48341,-0.13278,-0.07619,0.0859,-0.1278,-0.26075,-0.03859,-0.14089,-0.16501,0.87449,0.0103,-0.21402,0.47817,0.05873,-0.13501,0.08519,0.10985,-0.32956,-0.02316,0.12155
15.62,-0.12178,0.94977,-0.05882,-0.16748,1.39193,-0.02677,-0.22815,1.61122,-0.02506,-0.20051,1.33423,-0.22314,-0.29311,1.20426,-0.40689,-0.52659,1.20243,-0.53184,-0.68928,1.18632,-0.59795,-0.15935,1.31044,0.16368,-0.18713,1.0759,0.22239,-0.27442,0.83556,0.29133,-0.33417,0.67973,0.3483,-0.18166,0.88485,-0.13314,-0.15006,0.48385,-0.12844,-0.07646,0.08654,-0.12581,-0.26061,-0.03842,-0.14011,-0.16656,0.87506,0.01692,-0.213,0.47816,0.06313,-0.13525,0.08459,0.11155,-0.32989,-0.02365,0.12281
15.64,-0.12361,0.95057,-0.05187,-0.16801,1.39263,-0.01678,-0.22837,1.61197,-0.01279,-0.20208,1.33628,-0.21335,-0.30007,1.21976,-0.40323,-0.53127,1.23747,-0.53117,-0.69399,1.23202,-0.59892,-0.15923,1.3099,0.17311,-0.19012,1.07571,0.23171,-0.28374,0.83774,0.30053,-0.34821,0.68415,0.35841,-0.18365,0.88549,-0.12592,-0.15212,0.48446,-0.1236,-0.07682,0.08746,-0.12348,-0.26042,-0.03813,-0.13918,-0.1682,0.87601,0.02413,-0.21237,0.47859,0.06805,-0.13587,0.08445,0.11374,-0.33049,-0.02391,0.12407
15.66,-0.1254,0.95123,-0.04515,-0.16846,1.39318,-0.00716,-0.22849,1.61256,-0.00089,-0.20351,1.33813,-0.20394,-0.30522,1.23475,-0.39938,-0.53296,1.2722,-0.52925,-0.69506,1.27763,-0.59848,-0.15909,1.30927,0.18218,-0.19307,1.07553,0.24087,-0.29281,0.84009,0.3098,-0.36179,0.68886,0.3687,-0.1856,0.88604,-0.11897,-0.15394,0.48502,-0.119,-0.07717,0.0883,-0.12133,-0.26029,-0.03783,-0.13834,-0.1698,0.87677,0.03106,-0.2116,0.47885,0.07268,-0.13632,0.08417,0.11565,-0.33098,-0.02419,0.12532
15.68,-0.12715,0.95195,-0.03838,-0.16891,1.39378,0.00236,-0.22851,1.61321,0.01084,-0.20496,1.33996,-0.19458,-0.30865,1.2499,-0.3955,-0.53128,1.30718,-0.52698,-0.69207,1.32345,-0.59755,-0.15894,1.30874,0.19117,-0.19601,1.07552,0.25001,-0.30178,0.84274,0.31899,-0.37519,0.69393,0.3787,-0.18752,0.88661,-0.11193,-0.15569,0.48561,-0.1143,-0.07752,0.08919,-0.11906,-0.26017,-0.03741,-0.13747,-0.17135,0.87762,0.03807,-0.21062,0.47921,0.07744,-0.13682,0.08397,0.11769,-0.33151,-0.0244,0.12665
15.7,-0.12902,0.95261,-0.03162,-0.16935,1.39427,0.01224,-0.22868,1.61367,0.0231,-0.20638,1.34187,-0.1849,-0.31224,1.26519,-0.39019,-0.52844,1.34059,-0.52324,-0.68706,1.36719,-0.59557,-0.15883,1.30795,0.20043,-0.19888,1.07523,0.25931,-0.31068,0.84532,0.32841,-0.38848,0.69924,0.3893,-0.18953,0.88718,-0.10497,-0.15779,0.48619,-0.10973,-0.07799,0.09013,-0.11697,-0.2601,-0.03706,-0.13666,-0.17306,0.87836,0.04501,-0.21021,0.47952,0.08202,-0.13731,0.08385,0.11957,-0.33203,-0.02452,0.12786
15.72,-0.13121,0.95303,-0.02493,-0.1697,1.39445,0.02291,-0.22927,1.61361,0.03669,-0.20769,1.3439,-0.17452,-0.31808,1.28075,-0.38203,-0.5272,1.37079,-0.51728,-0.68257,1.40678,-0.59255,-0.15877,1.30645,0.21031,-0.20168,1.0742,0.26904,-0.3197,0.84756,0.33858,-0.40195,0.70493,0.40175,-0.19177,0.88767,-0.09831,-0.16062,0.48668,-0.10555,-0.07874,0.0911,-0.11542,-0.26014,-0.03696,-0.13604,-0.17521,0.87871,0.05165,-0.21122,0.47954,0.08612,-0.13769,0.08374,0.12094,-0.33245,-0.02458,0.12876
15.74,-0.13352,0.95338,-0.01829,-0.17004,1.39447,0.0339,-0.23004,1.6133,0.05077,-0.20897,1.34596,-0.16386,-0.32377,1.29649,-0.37268,-0.52504,1.39924,-0.51074,-0.67636,1.44394,-0.58951,-0.15878,1.30465,0.22041,-0.2044,1.07285,0.27888,-0.32853,0.84968,0.34902,-0.41503,0.71084,0.41489,-0.19409,0.88816,-0.09178,-0.16377,0.48715,-0.10153,-0.07961,0.09213,-0.11408,-0.26021,-0.03692,-0.13551,-0.17753,0.87894,0.05817,-0.21281,0.47949,0.09003,-0.13804,0.08368,0.12214,-0.33285,-0.02458,0.12954
15.76,-0.13577,0.95376,-0.01168,-0.1704,1.39448,0.04473,-0.23072,1.61297,0.0646,-0.21023,1.34796,-0.15333,-0.32742,1.31185,-0.36356,-0.51982,1.42698,-0.50449,-0.66652,1.4801,-0.58668,-0.15881,1.30289,0.23035,-0.20707,1.07157,0.2886,-0.33706,0.85197,0.35937,-0.42752,0.71694,0.4278,-0.19637,0.88865,-0.08525,-0.16681,0.48766,-0.09749,-0.08045,0.0932,-0.11267,-0.26026,-0.03679,-0.13496,-0.17978,0.87922,0.06468,-0.21417,0.4795,0.09398,-0.1384,0.08367,0.1234,-0.33325,-0.02455,0.13036
15.78,-0.13804,0.95414,-0.00481,-0.17066,1.39448,0.05566,-0.23131,1.61258,0.07857,-0.2115,1.34988,-0.14264,-0.32984,1.3275,-0.35413,-0.51205,1.4544,-0.49845,-0.6533,1.51569,-0.58442,-0.15868,1.30119,0.24041,-0.20993,1.07051,0.29865,-0.34611,0.85496,0.37024,-0.44075,0.72421,0.44127,-0.19868,0.88912,-0.07842,-0.16976,0.48816,-0.09321,-0.08123,0.0943,-0.11108,-0.2603,-0.03654,-0.13437,-0.18203,0.87953,0.07149,-0.21534,0.47953,0.09816,-0.13875,0.08366,0.12476,-0.33367,-0.02447,0.13126
15.8,-0.1403,0.95451,0.0015,-0.17112,1.39434,0.06642,-0.23213,1.61201,0.09233,-0.21271,1.35186,-0.13219,-0.33109,1.34155,-0.34458,-0.50333,1.47835,-0.49207,-0.63902,1.54669,-0.5816,-0.15893,1.29919,0.2502,-0.21232,1.06889,0.30801,-0.35354,0.85685,0.38033,-0.45127,0.72993,0.45407,-0.20094,0.88965,-0.07226,-0.17297,0.48873,-0.08946,-0.08219,0.0955,-0.1099,-0.2604,-0.03637,-0.13391,-0.18431,0.87975,0.07764,-0.21706,0.47954,0.1018,-0.13911,0.08378,0.12586,-0.33403,-0.02437,0.13198
15.82,-0.14255,0.95487,0.00631,-0.17215,1.39395,0.07666,-0.2336,1.61114,0.10537,-0.21388,1.35404,-0.12245,-0.3322,1.3523,-0.33512,-0.49679,1.49657,-0.48421,-0.62804,1.57037,-0.57598,-0.1602,1.2965,0.25925,-0.21352,1.06579,0.31548,-0.35704,0.85545,0.38823,-0.45545,0.73082,0.46492,-0.20315,0.89039,-0.06781,-0.17679,0.48945,-0.08705,-0.08356,0.09692,-0.10973,-0.26064,-0.03647,-0.13373,-0.18668,0.87977,0.08205,-0.2202,0.47951,0.10407,-0.13955,0.08418,0.1263,-0.33429,-0.0243,0.13225
15.84,-0.14478,0.95523,0.01054,-0.17339,1.39341,0.0867,-0.23536,1.61007,0.11814,-0.21501,1.35625,-0.11296,-0.33327,1.36181,-0.3256,-0.49117,1.51248,-0.47559,-0.6184,1.59104,-0.56907,-0.16186,1.2935,0.26799,-0.21429,1.0621,0.32216,-0.35902,0.85272,0.39529,-0.45721,0.72983,0.475,-0.20531,0.89122,-0.06405,-0.18084,0.49025,-0.0852,-0.08511,0.09845,-0.10998,-0.26092,-0.03665,-0.13371,-0.18907,0.87973,0.08578,-0.22386,0.47946,0.10579,-0.14,0.08472,0.12649,-0.33449,-0.02421,0.13237
15.86,-0.147,0.95559,0.015,-0.17455,1.39282,0.0968,-0.23703,1.60892,0.13098,-0.21614,1.35835,-0.10335,-0.33385,1.37157,-0.31596,-0.48445,1.52851,-0.46703,-0.60728,1.61173,-0.56234,-0.16339,1.29055,0.27679,-0.21529,1.05859,0.32908,-0.36155,0.85046,0.40271,-0.45982,0.72962,0.4854,-0.20745,0.89202,-0.06002,-0.1848,0.49105,-0.08316,-0.08659,0.10001,-0.1101,-0.26115,-0.03674,-0.13368,-0.19145,0.87971,0.08977,-0.22726,0.47944,0.10771,-0.14042,0.08526,0.12681,-0.33469,-0.02406,0.13257
15.88,-0.14929,0.95594,0.0196,-0.1757,1.39215,0.10701,-0.23865,1.60766,0.14395,-0.21737,1.36037,-0.09358,-0.3346,1.38152,-0.3058,-0.47755,1.54449,-0.45792,-0.5958,1.63231,-0.55489,-0.16482,1.28756,0.28567,-0.21626,1.0551,0.33617,-0.36423,0.8485,0.41069,-0.46269,0.7302,0.49676,-0.20971,0.89277,-0.05578,-0.18867,0.49184,-0.08086,-0.08794,0.1016,-0.11001,-0.26128,-0.03669,-0.13355,-0.19384,0.87971,0.09395,-0.2307,0.47945,0.1098,-0.14088,0.08586,0.12726,-0.33492,-0.02387,0.13287
15.9,-0.15143,0.95632,0.02377,-0.17699,1.3914,0.1169,-0.24052,1.60627,0.15648,-0.21843,1.36236,-0.08415,-0.33433,1.3903,-0.29632,-0.47034,1.55846,-0.44914,-0.58423,1.65016,-0.54773,-0.16662,1.28442,0.29418,-0.21724,1.05134,0.34256,-0.36604,0.84548,0.41746,-0.46413,0.72883,0.50618,-0.21172,0.89365,-0.05213,-0.19274,0.49274,-0.07924,-0.08958,0.1033,-0.11046,-0.26154,-0.03676,-0.13372,-0.1962,0.87967,0.09755,-0.23416,0.47943,0.1114,-0.14124,0.0865,0.12745,-0.33507,-0.02362,0.13299
15.92,-0.15318,0.95683,0.02691,-0.17868,1.39057,0.12609,-0.24306,1.60474,0.16803,-0.21911,1.36446,-0.07556,-0.33177,1.39657,-0.28888,-0.46258,1.56882,-0.44168,-0.5726,1.66325,-0.54206,-0.16935,1.28107,0.30188,-0.21837,1.04705,0.3473,-0.36608,0.83995,0.42095,-0.46254,0.72242,0.51028,-0.21305,0.89491,-0.04994,-0.19732,0.49403,-0.07941,-0.09202,0.10529,-0.11224,-0.26212,-0.03716,-0.13458,-0.19848,0.87955,0.09971,-0.23752,0.47936,0.11177,-0.14132,0.08719,0.12689,-0.33498,-0.02322,0.13258
15.94,-0.15477,0.95738,0.02963,-0.18058,1.38965,0.13495,-0.24597,1.60307,0.1791,-0.2197,1.36651,-0.06732,-0.32852,1.40185,-0.28212,-0.45489,1.5778,-0.43445,-0.56128,1.67457,-0.5365,-0.1725,1.27759,0.30919,-0.21954,1.04256,0.35134,-0.36533,0.83344,0.42308,-0.45964,0.71401,0.51218,-0.2141,0.8963,-0.0483,-0.202,0.49549,-0.08029,-0.09466,0.10743,-0.11448,-0.26273,-0.0376,-0.1356,-0.2007,0.87941,0.10129,-0.24085,0.47928,0.11164,-0.14124,0.08794,0.12606,-0.33474,-0.02274,0.13196
15.96,-0.15643,0.95789,0.03255,-0.18251,1.38863,0.1439,-0.24889,1.60127,0.19026,-0.22044,1.36843,-0.05891,-0.32572,1.40743,-0.27485,-0.44733,1.58715,-0.42664,-0.54995,1.6864,-0.53017,-0.17556,1.27409,0.31655,-0.22073,1.03815,0.35561,-0.36485,0.82733,0.42573,-0.45717,0.70639,0.51488,-0.21526,0.89762,-0.04638,-0.20652,0.49692,-0.08087,-0.0971,0.10956,-0.1164,-0.26319,-0.03789,-0.13642,-0.20292,0.87928,0.10313,-0.24416,0.47922,0.11174,-0.14117,0.08872,0.1254,-0.3345,-0.02224,0.13148
15.98,-0.15813,0.9585,0.03543,-0.18457,1.38756,0.15301,-0.25199,1.59937,0.20164,-0.22132,1.3704,-0.0503,-0.32279,1.41316,-0.26734,-0.43932,1.59688,-0.41834,-0.53776,1.69877,-0.52334,-0.17872,1.27046,0.32398,-0.22197,1.03365,0.35982,-0.36453,0.82125,0.42833,-0.45479,0.69898,0.51778,-0.21644,0.89907,-0.04452,-0.21123,0.49855,-0.08162,-0.09954,0.11195,-0.1184,-0.2635,-0.03803,-0.13714,-0.20519,0.87922,0.10489,-0.24739,0.47923,0.11168,-0.14102,0.08961,0.12466,-0.33419,-0.02162,0.13098
16,-0.1597,0.95892,0.0383,-0.18665,1.38633,0.16162,-0.25513,1.59732,0.2123,-0.22212,1.372,-0.04213,-0.32011,1.41821,-0.26006,-0.43235,1.60528,-0.41019,-0.52733,1.70939,-0.5162,-0.18194,1.26688,0.33099,-0.2232,1.02929,0.36385,-0.36366,0.81491,0.43052,-0.45175,0.69069,0.51945,-0.21747,0.90028,-0.04262,-0.2154,0.49998,-0.08227,-0.10181,0.11405,-0.12021,-0.26383,-0.03816,-0.13781,-0.20731,0.87903,0.10667,-0.25064,0.47913,0.11177,-0.14085,0.09044,0.12408,-0.33386,-0.02107,0.13053
16.02,-0.16098,0.95884,0.04124,-0.18861,1.38488,0.16908,-0.25812,1.59514,0.22136,-0.22264,1.37282,-0.03507,-0.31818,1.4218,-0.25349,-0.42823,1.61061,-0.40305,-0.52178,1.71584,-0.50923,-0.18517,1.26356,0.33715,-0.22436,1.02531,0.36766,-0.36146,0.80806,0.43201,-0.44725,0.68049,0.5184,-0.21819,0.90084,-0.04053,-0.21825,0.50076,-0.08247,-0.10371,0.11522,-0.12155,-0.26439,-0.03846,-0.13857,-0.20911,0.87847,0.10867,-0.25412,0.47874,0.11241,-0.14078,0.09104,0.12391,-0.33361,-0.02079,0.13019
16.04,-0.16215,0.95857,0.04418,-0.19057,1.38334,0.17602,-0.2611,1.5929,0.22969,-0.22308,1.37331,-0.02848,-0.31653,1.42474,-0.24723,-0.42521,1.6147,-0.39635,-0.51811,1.72062,-0.50241,-0.18842,1.26036,0.34291,-0.22555,1.02151,0.37133,-0.35876,0.80114,0.43314,-0.44217,0.6698,0.51615,-0.2188,0.90114,-0.03838,-0.22056,0.5013,-0.08252,-0.10543,0.11606,-0.12275,-0.26499,-0.03883,-0.13936,-0.21079,0.87776,0.11072,-0.25763,0.47824,0.1132,-0.14073,0.09158,0.12385,-0.33337,-0.02059,0.12984
16.06,-0.16336,0.95838,0.04714,-0.19258,1.38178,0.18313,-0.26419,1.59061,0.23824,-0.22362,1.37387,-0.02169,-0.31485,1.42785,-0.24077,-0.42178,1.61922,-0.38934,-0.51367,1.72603,-0.49539,-0.19169,1.25709,0.34876,-0.22678,1.0177,0.37503,-0.3563,0.79446,0.43437,-0.43733,0.65975,0.51428,-0.21944,0.90154,-0.03622,-0.22301,0.50197,-0.08261,-0.1071,0.11708,-0.12395,-0.26545,-0.0391,-0.14008,-0.2125,0.87713,0.11277,-0.26103,0.4778,0.11391,-0.1406,0.09221,0.1237,-0.33305,-0.0203,0.12947
16.08,-0.16458,0.95822,0.05004,-0.19478,1.38012,0.19043,-0.26746,1.58817,0.24702,-0.22426,1.37445,-0.0147,-0.31313,1.43109,-0.23408,-0.41839,1.62384,-0.38207,-0.50931,1.7315,-0.4881,-0.19516,1.25362,0.35468,-0.22787,1.01366,0.37875,-0.35342,0.78751,0.43555,-0.4319,0.64948,0.51226,-0.22006,0.90203,-0.03416,-0.22558,0.50277,-0.08294,-0.10883,0.11825,-0.12537,-0.26585,-0.03934,-0.14091,-0.21423,0.8765,0.1147,-0.26459,0.4774,0.1145,-0.14043,0.09296,0.12345,-0.33267,-0.01992,0.12896
16.1,-0.16577,0.95796,0.05305,-0.19678,1.37855,0.19714,-0.27058,1.58586,0.25499,-0.22485,1.3748,-0.00823,-0.31172,1.43381,-0.22778,-0.41539,1.62783,-0.37522,-0.50546,1.7363,-0.48116,-0.19833,1.25053,0.36021,-0.22931,1.01016,0.38235,-0.35121,0.78141,0.43665,-0.42736,0.64027,0.51,-0.22069,0.9023,-0.03186,-0.22766,0.50333,-0.08278,-0.11025,0.11914,-0.12634,-0.26619,-0.03954,-0.14151,-0.21587,0.87586,0.11687,-0.26776,0.47695,0.11529,-0.14027,0.09359,0.12332,-0.33232,-0.01962,0.1286
16.12,-0.16694,0.95746,0.05633,-0.19814,1.37733,0.20245,-0.27318,1.58398,0.26108,-0.22524,1.37469,-0.00306,-0.31098,1.43531,-0.22262,-0.41307,1.63054,-0.36958,-0.50241,1.73986,-0.47524,-0.20061,1.24848,0.36484,-0.23173,1.00801,0.38577,-0.35106,0.77737,0.43773,-0.42557,0.63358,0.50751,-0.22144,0.90203,-0.029,-0.22866,0.50323,-0.08124,-0.11097,0.11929,-0.12618,-0.26655,-0.03973,-0.14153,-0.21736,0.87519,0.11968,-0.26997,0.47639,0.11657,-0.1402,0.09377,0.12353,-0.33213,-0.01965,0.12867
16.14,-0.16808,0.95689,0.05972,-0.19924,1.37629,0.20721,-0.27555,1.58231,0.2664,-0.22554,1.37441,0.00158,-0.31049,1.43638,-0.21791,-0.41106,1.63272,-0.36442,-0.49977,1.74287,-0.46977,-0.20254,1.24686,0.36913,-0.23447,1.00641,0.38907,-0.35162,0.77417,0.43875,-0.42479,0.62796,0.50484,-0.22221,0.90158,-0.02592,-0.2292,0.50291,-0.07919,-0.11142,0.11917,-0.12558,-0.26691,-0.0399,-0.14133,-0.21878,0.87454,0.12274,-0.27181,0.47581,0.11806,-0.14016,0.09381,0.1239,-0.33198,-0.01979,0.12892
16.16,-0.16923,0.95636,0.06305,-0.20047,1.37517,0.21218,-0.27804,1.58055,0.27197,-0.22589,1.3742,0.00643,-0.30991,1.43765,-0.21299,-0.40896,1.6351,-0.35906,-0.49698,1.74605,-0.46412,-0.20463,1.24507,0.37353,-0.23707,1.0046,0.39235,-0.35185,0.77069,0.43972,-0.42355,0.62216,0.50213,-0.22297,0.90122,-0.02295,-0.22991,0.50271,-0.07738,-0.11197,0.11918,-0.12519,-0.26724,-0.04007,-0.14125,-0.22022,0.87389,0.12568,-0.27378,0.47525,0.11944,-0.14008,0.09395,0.1242,-0.33179,-0.01985,0.12907
16.18,-0.17041,0.95577,0.06641,-0.20178,1.37394,0.21729,-0.28066,1.57861,0.2778,-0.2263,1.37393,0.01143,-0.30933,1.43881,-0.20795,-0.40682,1.63746,-0.35344,-0.4942,1.74931,-0.45809,-0.20681,1.24312,0.37804,-0.23972,1.00263,0.39583,-0.35194,0.76703,0.44085,-0.42217,0.61623,0.49939,-0.22374,0.90079,-0.01994,-0.23069,0.50244,-0.07553,-0.11248,0.11919,-0.12479,-0.26753,-0.04024,-0.14114,-0.2217,0.87318,0.12864,-0.27583,0.47465,0.12082,-0.13996,0.0941,0.1245,-0.33155,-0.01991,0.12924
16.2,-0.17152,0.9553,0.06973,-0.2029,1.37298,0.22197,-0.283,1.57706,0.28287,-0.22662,1.37373,0.01602,-0.30883,1.44007,-0.20323,-0.40484,1.6397,-0.34836,-0.49153,1.75225,-0.45284,-0.20874,1.24159,0.38223,-0.24233,1.00112,0.39883,-0.35241,0.76408,0.44158,-0.42133,0.61135,0.49654,-0.22448,0.90047,-0.01695,-0.23119,0.50227,-0.07364,-0.11296,0.1192,-0.12428,-0.26782,-0.04038,-0.14102,-0.22308,0.87261,0.1316,-0.27757,0.47416,0.12225,-0.13986,0.09427,0.12483,-0.33133,-0.01993,0.12943
16.22,-0.17249,0.95517,0.07293,-0.20357,1.37271,0.22562,-0.28463,1.57653,0.2861,-0.22669,1.37377,0.01961,-0.30845,1.44182,-0.19929,-0.40312,1.64188,-0.34471,-0.48902,1.75459,-0.44966,-0.21011,1.24112,0.38569,-0.24484,1.00069,0.40053,-0.3538,0.76276,0.44112,-0.42175,0.60863,0.49333,-0.22515,0.90047,-0.01401,-0.23106,0.50241,-0.07178,-0.1135,0.1193,-0.1236,-0.26814,-0.04043,-0.14096,-0.22426,0.87239,0.13449,-0.27865,0.47395,0.12375,-0.13982,0.09447,0.1252,-0.33121,-0.0199,0.12966
16.24,-0.1734,0.95516,0.07607,-0.20405,1.3727,0.22884,-0.28596,1.5764,0.28859,-0.22667,1.37388,0.02277,-0.3081,1.44369,-0.19569,-0.40149,1.64398,-0.34162,-0.48654,1.75667,-0.4473,-0.21122,1.24107,0.38885,-0.24728,1.00073,0.40175,-0.35557,0.76213,0.44021,-0.42272,0.60685,0.48996,-0.22579,0.90058,-0.0111,-0.23069,0.50266,-0.06991,-0.11403,0.11941,-0.12282,-0.26846,-0.04044,-0.1409,-0.22536,0.87229,0.13737,-0.27945,0.47386,0.12529,-0.13982,0.09467,0.12558,-0.33112,-0.01985,0.1299
16.26,-0.17433,0.95509,0.07923,-0.20462,1.37257,0.23224,-0.2874,1.57608,0.29141,-0.22671,1.37394,0.02612,-0.3077,1.44545,-0.19196,-0.39979,1.64606,-0.33827,-0.48398,1.75882,-0.44455,-0.21244,1.24083,0.39213,-0.24971,1.00058,0.40319,-0.35715,0.76126,0.43948,-0.4235,0.60482,0.4866,-0.22645,0.90063,-0.00818,-0.23042,0.50285,-0.06802,-0.11454,0.11953,-0.12206,-0.26875,-0.04046,-0.1408,-0.22649,0.87214,0.14025,-0.28035,0.47372,0.12682,-0.13978,0.09487,0.12598,-0.33099,-0.0198,0.13015
16.28,-0.17531,0.95503,0.08245,-0.2052,1.37243,0.23575,-0.28893,1.57575,0.29427,-0.22671,1.37403,0.02956,-0.30723,1.44747,-0.18806,-0.39793,1.64837,-0.33483,-0.48129,1.76118,-0.44172,-0.21373,1.24057,0.39549,-0.25231,1.00045,0.40459,-0.35878,0.76035,0.43851,-0.42421,0.60268,0.48277,-0.22712,0.90069,-0.00522,-0.23012,0.50307,-0.06613,-0.11507,0.11966,-0.12127,-0.26905,-0.04046,-0.14071,-0.22768,0.87199,0.14316,-0.2813,0.47359,0.12837,-0.13972,0.09512,0.12636,-0.33083,-0.01972,0.1304
16.3,-0.17617,0.95498,0.08551,-0.20571,1.37236,0.23893,-0.29021,1.57553,0.29684,-0.22676,1.37409,0.0327,-0.30682,1.44901,-0.18458,-0.39629,1.65022,-0.33169,-0.47873,1.76307,-0.43923,-0.21481,1.24044,0.3986,-0.25451,1.00043,0.40594,-0.36036,0.75978,0.43777,-0.42521,0.60122,0.4796,-0.22774,0.90076,-0.00237,-0.22981,0.50328,-0.06426,-0.11552,0.1198,-0.12051,-0.26928,-0.04046,-0.14059,-0.2287,0.87186,0.14598,-0.28206,0.47348,0.12987,-0.13967,0.09532,0.12676,-0.3307,-0.01966,0.13066
16.32,-0.17677,0.95496,0.0882,-0.20613,1.37243,0.24142,-0.29093,1.5756,0.29888,-0.227,1.37409,0.03516,-0.30666,1.4492,-0.18219,-0.39538,1.65082,-0.3292,-0.47667,1.76378,-0.43751,-0.21547,1.24058,0.40113,-0.25565,1.00062,0.40733,-0.36174,0.75991,0.43791,-0.42686,0.60116,0.47858,-0.22827,0.90081,0.00023,-0.22954,0.50346,-0.06245,-0.11588,0.11996,-0.11987,-0.2694,-0.04047,-0.14035,-0.22935,0.87179,0.14855,-0.28247,0.47342,0.13125,-0.13973,0.09541,0.12719,-0.33072,-0.01964,0.131
16.34,-0.17726,0.95496,0.09072,-0.20649,1.37256,0.24359,-0.29143,1.5758,0.30064,-0.22728,1.37407,0.03733,-0.3066,1.44893,-0.18024,-0.39477,1.65096,-0.32701,-0.47483,1.76404,-0.43611,-0.21596,1.24085,0.40341,-0.2564,1.00092,0.4087,-0.36307,0.76035,0.43835,-0.42876,0.60166,0.47834,-0.22876,0.90087,0.00271,-0.22928,0.50363,-0.06067,-0.1162,0.12014,-0.11925,-0.26947,-0.04048,-0.14009,-0.22984,0.87175,0.15101,-0.28272,0.4734,0.13257,-0.13982,0.09545,0.12761,-0.3308,-0.01962,0.13135
16.36,-0.17778,0.95494,0.0933,-0.20687,1.37266,0.24589,-0.29201,1.57592,0.3025,-0.22753,1.37404,0.03961,-0.3065,1.44887,-0.1781,-0.39404,1.6513,-0.3247,-0.47291,1.76449,-0.43454,-0.2165,1.24105,0.40578,-0.25731,1.00116,0.41006,-0.36441,0.76065,0.43866,-0.43054,0.60192,0.47775,-0.22925,0.90092,0.00523,-0.22901,0.50379,-0.05888,-0.11651,0.1203,-0.1186,-0.26956,-0.04049,-0.13981,-0.23038,0.87168,0.15351,-0.28303,0.47335,0.13393,-0.13989,0.09551,0.12803,-0.33085,-0.01959,0.13169
16.38,-0.17836,0.95494,0.09596,-0.20728,1.37277,0.24826,-0.29264,1.57607,0.30446,-0.22781,1.37404,0.04197,-0.30639,1.44877,-0.17591,-0.39324,1.65163,-0.32232,-0.4708,1.76492,-0.43299,-0.21709,1.24128,0.40824,-0.25823,1.00143,0.41145,-0.36576,0.76098,0.43894,-0.43234,0.60221,0.47712,-0.22979,0.901,0.00782,-0.22875,0.504,-0.05708,-0.11688,0.12051,-0.11798,-0.26966,-0.04048,-0.13954,-0.23098,0.87163,0.15608,-0.28336,0.47333,0.13528,-0.13996,0.0956,0.12847,-0.3309,-0.01955,0.13206
16.4,-0.1788,0.95491,0.09842,-0.20761,1.37287,0.2504,-0.29313,1.57621,0.30615,-0.22804,1.37399,0.0441,-0.30632,1.44865,-0.17391,-0.39266,1.65185,-0.32015,-0.46914,1.76526,-0.43145,-0.21755,1.24149,0.41047,-0.25906,1.00169,0.41281,-0.36707,0.76136,0.43936,-0.43412,0.60261,0.47678,-0.23022,0.90102,0.01024,-0.22849,0.50413,-0.0553,-0.11715,0.12066,-0.11725,-0.26973,-0.04048,-0.13923,-0.23143,0.87157,0.15848,-0.2836,0.47329,0.13664,-0.14004,0.09565,0.12889,-0.33096,-0.01953,0.13238
16.42,-0.1789,0.95484,0.10037,-0.20774,1.37292,0.252,-0.29336,1.57638,0.30721,-0.22811,1.37388,0.04569,-0.30636,1.44868,-0.17228,-0.39262,1.65199,-0.31842,-0.46865,1.76562,-0.42981,-0.21775,1.24168,0.41217,-0.25974,1.00196,0.41405,-0.36828,0.7618,0.43998,-0.43584,0.60314,0.47686,-0.23035,0.90093,0.01222,-0.22827,0.50409,-0.05358,-0.11717,0.12066,-0.11625,-0.26968,-0.04045,-0.13884,-0.23151,0.87151,0.16046,-0.28365,0.47326,0.13804,-0.14012,0.09563,0.12928,-0.33104,-0.01956,0.13253
16.44,-0.17887,0.95476,0.10212,-0.20781,1.37298,0.25336,-0.29349,1.57656,0.308,-0.22813,1.37374,0.04704,-0.30646,1.44872,-0.17084,-0.39282,1.65204,-0.31691,-0.46862,1.76591,-0.4282,-0.21784,1.24188,0.41364,-0.26034,1.00225,0.41527,-0.36946,0.7623,0.44075,-0.43753,0.60377,0.47724,-0.23037,0.90081,0.01402,-0.22806,0.50398,-0.05188,-0.1171,0.12062,-0.11515,-0.2696,-0.04041,-0.13843,-0.23145,0.87145,0.16228,-0.28361,0.47324,0.13943,-0.14021,0.09558,0.12967,-0.33114,-0.01959,0.13264
16.46,-0.17888,0.95468,0.10396,-0.2079,1.37303,0.25481,-0.29364,1.57673,0.30892,-0.22816,1.3736,0.04849,-0.30651,1.44871,-0.16935,-0.3929,1.65208,-0.31534,-0.46839,1.76615,-0.42663,-0.21796,1.24208,0.41521,-0.26095,1.00254,0.41652,-0.37063,0.76279,0.44152,-0.43921,0.60438,0.47758,-0.23042,0.9007,0.0159,-0.22784,0.5039,-0.05019,-0.11707,0.12059,-0.11409,-0.26954,-0.04038,-0.13801,-0.23143,0.8714,0.16417,-0.28358,0.47321,0.14082,-0.14029,0.09553,0.13006,-0.33123,-0.01963,0.13279
16.48,-0.17894,0.9546,0.10583,-0.20801,1.37307,0.25634,-0.29383,1.57689,0.30986,-0.2282,1.37348,0.05001,-0.3066,1.44886,-0.16771,-0.39297,1.65232,-0.31358,-0.46805,1.76667,-0.42486,-0.21812,1.24224,0.41684,-0.26162,1.00279,0.4177,-0.37186,0.76323,0.44204,-0.44098,0.60493,0.47754,-0.23051,0.9006,0.01781,-0.22763,0.50383,-0.04842,-0.11706,0.12056,-0.11298,-0.26948,-0.04034,-0.13759,-0.23147,0.87133,0.16608,-0.28366,0.47317,0.14229,-0.1404,0.09552,0.13045,-0.33134,-0.01965,0.13288
16.5,-0.17888,0.95451,0.10758,-0.20808,1.37314,0.25763,-0.29394,1.57707,0.31066,-0.22822,1.37332,0.0513,-0.30664,1.44868,-0.16642,-0.39311,1.6521,-0.31228,-0.46804,1.76659,-0.42353,-0.2182,1.24248,0.41827,-0.26218,1.00311,0.41902,-0.37296,0.76378,0.44309,-0.44257,0.60563,0.47835,-0.2305,0.90045,0.01962,-0.22743,0.50372,-0.04681,-0.117,0.12051,-0.11196,-0.26942,-0.04029,-0.13718,-0.23138,0.87128,0.16791,-0.2835,0.47314,0.14358,-0.14047,0.09543,0.13085,-0.33144,-0.01968,0.13307
16.52,-0.17851,0.95439,0.10907,-0.20805,1.37327,0.25836,-0.29385,1.57729,0.31115,-0.2282,1.37306,0.05203,-0.30651,1.44765,-0.16599,-0.39338,1.65069,-0.31214,-0.46884,1.76493,-0.42329,-0.21805,1.24289,0.41924,-0.26243,1.0036,0.42077,-0.37371,0.76457,0.44557,-0.44364,0.60671,0.48141,-0.23023,0.90018,0.02126,-0.22719,0.50352,-0.04562,-0.11682,0.12039,-0.11127,-0.26937,-0.04025,-0.13681,-0.23094,0.87126,0.1696,-0.2827,0.47313,0.14441,-0.1404,0.09516,0.1313,-0.33149,-0.01976,0.13357
16.54,-0.17803,0.95425,0.11045,-0.20799,1.37341,0.25886,-0.29369,1.57751,0.31149,-0.22817,1.37274,0.05253,-0.30634,1.44628,-0.16591,-0.39372,1.64882,-0.31245,-0.46995,1.76266,-0.42348,-0.21784,1.24337,0.42001,-0.26256,1.00415,0.42267,-0.37433,0.76547,0.44856,-0.44454,0.60793,0.4853,-0.22986,0.89986,0.02282,-0.22699,0.50328,-0.04457,-0.1166,0.12023,-0.11066,-0.26931,-0.04021,-0.13645,-0.23038,0.87125,0.17123,-0.28166,0.47312,0.14507,-0.14028,0.09481,0.13175,-0.33153,-0.01985,0.13415
16.56,-0.1776,0.95411,0.11188,-0.20794,1.37354,0.25944,-0.29357,1.57773,0.31187,-0.22814,1.37244,0.05312,-0.30618,1.44504,-0.16567,-0.39402,1.64712,-0.31258,-0.47089,1.76062,-0.42351,-0.21766,1.24382,0.42086,-0.26275,1.00468,0.42449,-0.37501,0.76634,0.45131,-0.44554,0.60911,0.48881,-0.22953,0.89955,0.02442,-0.22682,0.50305,-0.04343,-0.1164,0.12009,-0.10998,-0.26924,-0.04018,-0.13609,-0.22988,0.87123,0.17288,-0.28072,0.4731,0.14581,-0.14019,0.09449,0.13219,-0.33157,-0.01994,0.13466
16.58,-0.17715,0.95397,0.11331,-0.20789,1.37365,0.26009,-0.29342,1.57792,0.31234,-0.2281,1.37214,0.05377,-0.30601,1.44387,-0.16536,-0.39434,1.64551,-0.31257,-0.47191,1.7587,-0.42333,-0.21746,1.24422,0.42175,-0.26291,1.00517,0.42635,-0.37563,0.76714,0.45408,-0.44642,0.61022,0.49233,-0.2292,0.89924,0.02602,-0.22641,0.50284,-0.04238,-0.11616,0.11991,-0.10944,-0.26921,-0.04013,-0.13571,-0.22936,0.87121,0.17454,-0.27978,0.47309,0.14653,-0.1401,0.09417,0.1326,-0.33164,-0.01999,0.1352
16.6,-0.17674,0.95385,0.11472,-0.20788,1.37382,0.26056,-0.29334,1.57817,0.31262,-0.22811,1.37183,0.05425,-0.30587,1.44251,-0.16528,-0.39466,1.64363,-0.31291,-0.47288,1.7564,-0.42365,-0.2173,1.24475,0.42252,-0.26312,1.00579,0.42817,-0.37637,0.76813,0.45692,-0.44749,0.61157,0.496,-0.22888,0.89895,0.02759,-0.22657,0.50261,-0.04117,-0.11604,0.11983,-0.1086,-0.26913,-0.0401,-0.13536,-0.22888,0.87121,0.17617,-0.27883,0.4731,0.14727,-0.14002,0.09387,0.13302,-0.3317,-0.02006,0.13568
16.62,-0.1765,0.9538,0.11615,-0.20799,1.37421,0.26066,-0.29347,1.57861,0.31246,-0.22826,1.37154,0.05435,-0.30575,1.44073,-0.16574,-0.39494,1.64117,-0.31406,-0.47353,1.75319,-0.42529,-0.21727,1.24564,0.42302,-0.26351,1.0068,0.42996,-0.37757,0.76968,0.45989,-0.44919,0.61361,0.50004,-0.22869,0.89874,0.02916,-0.22815,0.50237,-0.03951,-0.11621,0.12001,-0.107,-0.26891,-0.04008,-0.13503,-0.2286,0.87127,0.17778,-0.27799,0.47315,0.14809,-0.13998,0.09364,0.1335,-0.33174,-0.02015,0.13602
16.64,-0.17632,0.95379,0.11757,-0.20816,1.37468,0.26059,-0.29369,1.57913,0.31213,-0.22846,1.37126,0.0543,-0.30567,1.43879,-0.1664,-0.39523,1.63848,-0.31552,-0.47412,1.74965,-0.4274,-0.21729,1.24668,0.42341,-0.26397,1.00797,0.4317,-0.37891,0.77144,0.46289,-0.45109,0.61592,0.50418,-0.22854,0.89856,0.0307,-0.23035,0.50215,-0.03767,-0.11654,0.12033,-0.10507,-0.26863,-0.04004,-0.13473,-0.2284,0.87138,0.17937,-0.27716,0.47324,0.14896,-0.13996,0.09345,0.13399,-0.33179,-0.02023,0.13631
16.66,-0.17611,0.95377,0.11898,-0.20832,1.37511,0.26059,-0.29388,1.57962,0.31185,-0.22865,1.37098,0.05431,-0.30559,1.43694,-0.16696,-0.39555,1.6359,-0.3168,-0.47477,1.74627,-0.42923,-0.21731,1.24765,0.42384,-0.26438,1.00906,0.43343,-0.38015,0.77309,0.46581,-0.45284,0.61811,0.50818,-0.22838,0.89838,0.03224,-0.23239,0.50194,-0.03588,-0.11685,0.12063,-0.10323,-0.26837,-0.03998,-0.13442,-0.22816,0.87147,0.18096,-0.27632,0.47331,0.14982,-0.13994,0.09325,0.13445,-0.33184,-0.02031,0.13661
16.68,-0.17593,0.9537,0.12044,-0.20844,1.3755,0.2606,-0.29405,1.58004,0.31164,-0.22883,1.37064,0.05435,-0.3054,1.43502,-0.16751,-0.39566,1.63326,-0.31812,-0.47515,1.7428,-0.43118,-0.21728,1.2486,0.4243,-0.26486,1.01017,0.43528,-0.38155,0.77484,0.46895,-0.45481,0.62044,0.51247,-0.22822,0.89814,0.03382,-0.23393,0.50171,-0.0342,-0.11699,0.12085,-0.10169,-0.26815,-0.03984,-0.13417,-0.22796,0.87152,0.1826,-0.27554,0.47336,0.15061,-0.1399,0.09305,0.13492,-0.33188,-0.02039,0.13691
16.7,-0.1757,0.95374,0.12178,-0.20866,1.37597,0.26052,-0.29428,1.5806,0.31123,-0.22904,1.3704,0.05429,-0.3054,1.4332,-0.1681,-0.39614,1.6307,-0.3194,-0.476,1.73944,-0.43296,-0.21737,1.24961,0.42464,-0.26521,1.0113,0.43685,-0.38263,0.77649,0.4716,-0.45636,0.6226,0.51612,-0.22806,0.89803,0.0353,-0.23664,0.50157,-0.03224,-0.11752,0.12134,-0.09949,-0.26782,-0.03978,-0.13385,-0.22768,0.87167,0.18412,-0.27462,0.47348,0.15154,-0.13989,0.09286,0.13534,-0.33194,-0.02046,0.13715
16.72,-0.17533,0.95411,0.12281,-0.20918,1.3767,0.26024,-0.29469,1.58153,0.3103,-0.22932,1.37047,0.054,-0.30595,1.43174,-0.16871,-0.39773,1.62841,-0.32048,-0.4783,1.73649,-0.43417,-0.21786,1.25082,0.42474,-0.26521,1.01244,0.43765,-0.38277,0.77777,0.47288,-0.45667,0.62412,0.51791,-0.22792,0.8983,0.03653,-0.24247,0.50175,-0.02947,-0.1191,0.12266,-0.09546,-0.26705,-0.03985,-0.13327,-0.22715,0.87212,0.18539,-0.27325,0.47382,0.15288,-0.14001,0.09273,0.13562,-0.33211,-0.0205,0.13723
16.74,-0.17493,0.95458,0.1237,-0.20984,1.3775,0.25986,-0.29519,1.58257,0.30916,-0.22966,1.37063,0.05361,-0.30673,1.43037,-0.16938,-0.39973,1.62615,-0.32154,-0.48109,1.73362,-0.43524,-0.2185,1.25207,0.4247,-0.26511,1.01358,0.43815,-0.38262,0.77893,0.47367,-0.45661,0.62542,0.51904,-0.2278,0.89868,0.03765,-0.24943,0.50213,-0.02637,-0.12109,0.12441,-0.09073,-0.26611,-0.03976,-0.13251,-0.22654,0.87265,0.18653,-0.27176,0.47423,0.15434,-0.14018,0.09261,0.13586,-0.33234,-0.02052,0.13728
16.76,-0.17456,0.95499,0.12464,-0.21045,1.37824,0.25951,-0.29568,1.58353,0.30812,-0.23,1.37072,0.05326,-0.30741,1.42891,-0.17002,-0.40152,1.62382,-0.32262,-0.48364,1.73063,-0.4364,-0.21907,1.25328,0.42471,-0.26507,1.01471,0.4388,-0.38264,0.78014,0.4747,-0.45676,0.62683,0.5205,-0.22768,0.899,0.03881,-0.25583,0.50256,-0.02337,-0.12292,0.12618,-0.08628,-0.2652,-0.03942,-0.13169,-0.22598,0.87313,0.18771,-0.27037,0.47459,0.15571,-0.14034,0.0925,0.13614,-0.33257,-0.02052,0.13738
16.78,-0.17411,0.95547,0.12564,-0.21104,1.37903,0.25925,-0.29612,1.58456,0.3071,-0.23026,1.37089,0.05299,-0.30802,1.42755,-0.17057,-0.40329,1.62154,-0.32361,-0.4862,1.72768,-0.43744,-0.21968,1.25453,0.42479,-0.26496,1.01585,0.4394,-0.38248,0.7813,0.47557,-0.45669,0.62812,0.52168,-0.22747,0.89937,0.04003,-0.26232,0.50317,-0.02019,-0.12457,0.1283,-0.08169,-0.26383,-0.03879,-0.13085,-0.22535,0.87368,0.18895,-0.26877,0.47502,0.1572,-0.14049,0.0924,0.13646,-0.33279,-0.02049,0.13748
16.8,-0.17382,0.95583,0.12647,-0.21173,1.37971,0.25879,-0.29673,1.58542,0.306,-0.23072,1.37092,0.05254,-0.3088,1.42598,-0.1713,-0.40517,1.61909,-0.32477,-0.48877,1.72462,-0.43866,-0.22029,1.25568,0.42469,-0.26499,1.01693,0.44001,-0.38263,0.78251,0.47659,-0.45701,0.62956,0.52319,-0.22747,0.89966,0.04108,-0.26882,0.50378,-0.01714,-0.12668,0.13031,-0.07711,-0.26314,-0.03802,-0.12974,-0.22485,0.8741,0.19002,-0.26757,0.47535,0.15845,-0.14071,0.09231,0.13674,-0.33308,-0.02047,0.13763
16.82,-0.17398,0.95587,0.1269,-0.21265,1.38009,0.25789,-0.29776,1.58583,0.3048,-0.23179,1.3706,0.05168,-0.31012,1.42382,-0.17252,-0.4074,1.61614,-0.32641,-0.49143,1.72117,-0.44045,-0.22082,1.25658,0.4242,-0.26538,1.01789,0.44081,-0.38362,0.78394,0.47844,-0.45839,0.6315,0.52608,-0.22803,0.89971,0.04176,-0.27525,0.50421,-0.01451,-0.1298,0.1317,-0.07255,-0.26416,-0.03739,-0.12808,-0.22471,0.87413,0.19068,-0.26753,0.47539,0.15907,-0.14113,0.09223,0.13687,-0.33354,-0.02048,0.13786
16.84,-0.17432,0.9558,0.12715,-0.21369,1.38037,0.25679,-0.29898,1.58608,0.3035,-0.23308,1.37016,0.05064,-0.31159,1.42151,-0.17393,-0.40971,1.61309,-0.32821,-0.49404,1.71771,-0.4424,-0.22139,1.25739,0.42351,-0.26595,1.01881,0.44159,-0.38496,0.78544,0.4804,-0.46021,0.63362,0.52923,-0.22881,0.89968,0.04226,-0.28164,0.50461,-0.01203,-0.13337,0.13289,-0.06794,-0.26593,-0.03678,-0.12598,-0.22472,0.87403,0.19116,-0.26793,0.47534,0.15946,-0.14163,0.09216,0.13693,-0.33407,-0.0205,0.1381
16.86,-0.17458,0.95578,0.12746,-0.21469,1.38069,0.25577,-0.30014,1.58639,0.30219,-0.23425,1.36977,0.04966,-0.31291,1.41931,-0.17526,-0.41186,1.61017,-0.3299,-0.49652,1.71439,-0.44422,-0.22199,1.25823,0.42289,-0.2665,1.01975,0.44229,-0.38621,0.78691,0.48213,-0.46193,0.63566,0.53202,-0.22947,0.89969,0.04282,-0.28792,0.50513,-0.00944,-0.13676,0.13427,-0.06325,-0.26742,-0.03603,-0.1237,-0.22468,0.87399,0.19168,-0.26812,0.47533,0.15994,-0.14209,0.09209,0.137,-0.33455,-0.02052,0.13831
16.88,-0.17479,0.95576,0.12784,-0.21569,1.38098,0.25485,-0.30127,1.58666,0.30116,-0.23554,1.36936,0.04882,-0.31448,1.41688,-0.17644,-0.41438,1.60682,-0.3316,-0.49942,1.71048,-0.44614,-0.22245,1.25904,0.42238,-0.26677,1.02066,0.44332,-0.38709,0.78835,0.48441,-0.46316,0.63769,0.53554,-0.23016,0.8997,0.04348,-0.29452,0.50578,-0.00653,-0.13975,0.13608,-0.05806,-0.26786,-0.03504,-0.12158,-0.22453,0.87395,0.19231,-0.26829,0.47533,0.16046,-0.14259,0.09201,0.13712,-0.3351,-0.02052,0.13859
16.9,-0.17517,0.95572,0.12805,-0.21678,1.38128,0.25369,-0.3026,1.58695,0.29957,-0.23668,1.36896,0.0477,-0.31555,1.4149,-0.17791,-0.41611,1.60434,-0.33325,-0.5014,1.70777,-0.44782,-0.22327,1.25987,0.42162,-0.26771,1.02161,0.44368,-0.38884,0.78986,0.48553,-0.46551,0.6398,0.53751,-0.23087,0.89968,0.0439,-0.30033,0.50637,-0.00412,-0.14356,0.13724,-0.05358,-0.27045,-0.03426,-0.11852,-0.22465,0.87389,0.1927,-0.26864,0.4753,0.16086,-0.14303,0.09197,0.13716,-0.33555,-0.02056,0.13877
16.92,-0.17596,0.95567,0.12784,-0.21803,1.38164,0.25191,-0.3044,1.58739,0.29643,-0.23731,1.36862,0.04591,-0.31525,1.41425,-0.18009,-0.41568,1.60432,-0.33475,-0.50086,1.7084,-0.44881,-0.22498,1.26081,0.42023,-0.27043,1.02273,0.44223,-0.393,0.79163,0.48346,-0.47095,0.64215,0.53521,-0.23163,0.89961,0.04368,-0.30412,0.50671,-0.00318,-0.14957,0.13647,-0.05133,-0.27908,-0.0342,-0.1132,-0.22547,0.87385,0.19248,-0.26945,0.47524,0.161,-0.1433,0.0921,0.13696,-0.33566,-0.0207,0.13865
16.94,-0.17691,0.95562,0.12746,-0.21933,1.38204,0.24987,-0.30635,1.58787,0.2927,-0.23776,1.3683,0.04384,-0.31444,1.41405,-0.18257,-0.41447,1.60515,-0.33622,-0.49943,1.71018,-0.44957,-0.22703,1.2618,0.41858,-0.27378,1.02392,0.44009,-0.39799,0.7935,0.4802,-0.47744,0.64459,0.53131,-0.2324,0.89953,0.04321,-0.30711,0.50695,-0.00285,-0.15645,0.13497,-0.04995,-0.28992,-0.03424,-0.10723,-0.22655,0.87383,0.19203,-0.27041,0.47516,0.16102,-0.14351,0.0923,0.13667,-0.33566,-0.02085,0.13842
16.96,-0.1778,0.95557,0.12714,-0.22062,1.38241,0.24792,-0.30821,1.58831,0.28921,-0.2383,1.36797,0.04187,-0.31384,1.41359,-0.18494,-0.41364,1.60551,-0.33772,-0.49845,1.71132,-0.45045,-0.22895,1.26276,0.41701,-0.27683,1.02508,0.43822,-0.40254,0.79531,0.47742,-0.48335,0.64698,0.52806,-0.23317,0.89944,0.04283,-0.3104,0.50725,-0.0023,-0.16299,0.13382,-0.04822,-0.29969,-0.03403,-0.10175,-0.22753,0.8738,0.19167,-0.27128,0.47509,0.16107,-0.14374,0.09246,0.13641,-0.33572,-0.02099,0.13822
16.98,-0.17866,0.95551,0.12689,-0.22184,1.38277,0.24606,-0.31008,1.5887,0.28579,-0.23882,1.36762,0.04,-0.31325,1.41328,-0.18717,-0.41271,1.60601,-0.33913,-0.49733,1.71261,-0.45127,-0.23077,1.26369,0.41553,-0.27992,1.02625,0.43642,-0.40726,0.79722,0.47469,-0.48956,0.64954,0.52485,-0.23394,0.89937,0.04253,-0.31394,0.50761,-0.00155,-0.16943,0.13292,-0.04636,-0.30946,-0.03355,-0.09543,-0.22846,0.87376,0.19139,-0.27231,0.47502,0.16123,-0.14403,0.09266,0.13616,-0.3358,-0.02112,0.13804
17,-0.17962,0.95548,0.12646,-0.2232,1.38317,0.24395,-0.31193,1.58919,0.28205,-0.23932,1.3673,0.03787,-0.31247,1.41273,-0.18976,-0.41181,1.60633,-0.3407,-0.49632,1.71375,-0.45213,-0.23285,1.26468,0.4138,-0.28306,1.02743,0.43427,-0.41175,0.79898,0.47147,-0.49532,0.65181,0.521,-0.23472,0.89929,0.04202,-0.31678,0.50787,-0.00137,-0.1763,0.13151,-0.045,-0.31959,-0.03313,-0.09073,-0.22956,0.87376,0.1909,-0.27304,0.47496,0.16114,-0.14422,0.09279,0.13586,-0.33583,-0.02126,0.1378
17.02,-0.18082,0.95552,0.12562,-0.22489,1.38366,0.24126,-0.31369,1.58996,0.27766,-0.23983,1.36703,0.03516,-0.31136,1.41144,-0.19319,-0.41119,1.60593,-0.34266,-0.4958,1.71415,-0.45323,-0.23558,1.26582,0.41149,-0.28617,1.02859,0.43143,-0.4154,0.80025,0.46735,-0.4997,0.65319,0.51597,-0.23552,0.89918,0.04102,-0.31787,0.50784,-0.00253,-0.18424,0.12884,-0.0448,-0.33043,-0.03318,-0.09069,-0.23105,0.87391,0.18997,-0.27291,0.47492,0.16042,-0.14415,0.09271,0.13547,-0.33572,-0.02141,0.1375
17.04,-0.18213,0.95559,0.12461,-0.22672,1.38419,0.23832,-0.31541,1.59084,0.27296,-0.24034,1.36678,0.03219,-0.31009,1.40989,-0.19696,-0.41069,1.60528,-0.34471,-0.49554,1.71431,-0.45431,-0.23856,1.26701,0.40893,-0.2893,1.02977,0.42825,-0.41876,0.80134,0.46278,-0.50358,0.65423,0.51036,-0.23635,0.89906,0.03982,-0.31828,0.50769,-0.00423,-0.19264,0.12583,-0.04521,-0.34162,-0.03321,-0.09251,-0.23272,0.87412,0.18885,-0.2725,0.4749,0.15949,-0.144,0.09257,0.13508,-0.33556,-0.02156,0.13722
17.06,-0.18338,0.95566,0.12366,-0.22846,1.38471,0.23546,-0.3171,1.59168,0.26834,-0.24083,1.36652,0.02932,-0.30883,1.40844,-0.20057,-0.41021,1.6047,-0.34665,-0.49531,1.71451,-0.45527,-0.24141,1.26818,0.40644,-0.29239,1.03095,0.42517,-0.42217,0.8025,0.45833,-0.50757,0.6554,0.50489,-0.23715,0.89896,0.0387,-0.31898,0.50762,-0.00573,-0.20085,0.12324,-0.04557,-0.35259,-0.0329,-0.09375,-0.2343,0.87431,0.18779,-0.27222,0.47489,0.15868,-0.14388,0.09248,0.13474,-0.33543,-0.02168,0.13697
17.08,-0.18466,0.95571,0.12279,-0.23016,1.3852,0.23273,-0.31875,1.59245,0.26392,-0.24127,1.36625,0.02658,-0.30759,1.40708,-0.204,-0.40968,1.60403,-0.34865,-0.49502,1.71446,-0.45644,-0.24422,1.26931,0.40405,-0.29548,1.03209,0.42221,-0.42568,0.8037,0.45408,-0.5117,0.65667,0.4997,-0.23798,0.89884,0.03767,-0.31971,0.50751,-0.00705,-0.20942,0.1207,-0.04583,-0.3639,-0.03241,-0.09502,-0.23592,0.87449,0.18682,-0.27194,0.47488,0.15792,-0.14379,0.09237,0.13443,-0.33532,-0.02181,0.13679
17.1,-0.18591,0.95579,0.1217,-0.23193,1.38573,0.22965,-0.32036,1.59331,0.259,-0.24176,1.36597,0.02352,-0.30622,1.40542,-0.20783,-0.40942,1.60325,-0.35047,-0.49519,1.71453,-0.45703,-0.24712,1.27052,0.40134,-0.29849,1.03328,0.41887,-0.4288,0.80474,0.44927,-0.51526,0.65762,0.49374,-0.23878,0.89875,0.03641,-0.32022,0.50742,-0.00886,-0.21749,0.11846,-0.04681,-0.3745,-0.03166,-0.09722,-0.23751,0.87469,0.18562,-0.27161,0.47489,0.15705,-0.14366,0.09229,0.13412,-0.33517,-0.02193,0.13658
17.12,-0.18704,0.95596,0.12008,-0.23392,1.38637,0.22577,-0.32192,1.59445,0.25282,-0.24239,1.36566,0.01966,-0.30451,1.40318,-0.21264,-0.40977,1.60244,-0.35174,-0.49639,1.71524,-0.456,-0.25019,1.27194,0.39788,-0.30126,1.03457,0.41461,-0.43091,0.80541,0.44304,-0.51738,0.65779,0.4858,-0.23947,0.89877,0.03462,-0.3203,0.50746,-0.01185,-0.22408,0.11678,-0.04929,-0.38318,-0.03058,-0.10122,-0.23896,0.87497,0.18387,-0.27122,0.47498,0.15585,-0.14344,0.09227,0.13371,-0.3349,-0.02204,0.13621
17.14,-0.18814,0.95615,0.11823,-0.23599,1.38703,0.22153,-0.32342,1.59565,0.24614,-0.24308,1.36533,0.01547,-0.30266,1.40062,-0.21784,-0.41054,1.60134,-0.35277,-0.49829,1.71577,-0.45427,-0.25333,1.27343,0.39407,-0.30393,1.0359,0.40999,-0.43261,0.80594,0.4363,-0.51887,0.65766,0.47718,-0.24014,0.89882,0.0326,-0.32017,0.50751,-0.01532,-0.2301,0.11536,-0.05253,-0.39108,-0.02934,-0.10616,-0.24038,0.87527,0.18189,-0.27082,0.47508,0.15454,-0.14321,0.09227,0.13328,-0.3346,-0.02215,0.1358
17.16,-0.18926,0.95633,0.11646,-0.23799,1.38767,0.2174,-0.32489,1.59678,0.23966,-0.24372,1.36499,0.01141,-0.30084,1.39812,-0.22284,-0.41136,1.6,-0.35382,-0.50032,1.71581,-0.45268,-0.25641,1.27487,0.39037,-0.3066,1.03721,0.40553,-0.43441,0.80655,0.42984,-0.52051,0.6577,0.46895,-0.24084,0.89886,0.03067,-0.32009,0.50756,-0.01858,-0.23633,0.114,-0.05573,-0.39918,-0.02796,-0.11099,-0.24182,0.87556,0.18,-0.27044,0.47519,0.1533,-0.14301,0.09227,0.13291,-0.33434,-0.02224,0.13546
17.18,-0.19037,0.95653,0.11481,-0.23996,1.38831,0.21342,-0.32629,1.59789,0.23325,-0.24426,1.36468,0.00751,-0.29882,1.39609,-0.22759,-0.41205,1.59901,-0.35461,-0.50221,1.71608,-0.45087,-0.25953,1.2763,0.38678,-0.30925,1.03849,0.40102,-0.43608,0.80707,0.42326,-0.52191,0.65759,0.46049,-0.24149,0.89892,0.02884,-0.32007,0.50765,-0.02172,-0.24288,0.11274,-0.05875,-0.40762,-0.02627,-0.11591,-0.24327,0.87586,0.1782,-0.27001,0.47533,0.15211,-0.1428,0.09229,0.13258,-0.33407,-0.02233,0.13515
17.2,-0.1915,0.95668,0.11283,-0.24196,1.38891,0.209,-0.32767,1.59895,0.22654,-0.24498,1.36426,0.00318,-0.29705,1.39302,-0.23282,-0.4135,1.59668,-0.35567,-0.50527,1.71488,-0.44898,-0.26253,1.27775,0.38278,-0.31182,1.03981,0.39645,-0.43774,0.80773,0.41684,-0.52337,0.65773,0.45241,-0.24223,0.89892,0.02672,-0.31986,0.50765,-0.02522,-0.24863,0.11166,-0.06277,-0.41501,-0.02474,-0.12143,-0.24469,0.87612,0.17611,-0.26973,0.47543,0.15082,-0.14266,0.09229,0.1322,-0.33388,-0.02241,0.13483
17.22,-0.19268,0.95669,0.11006,-0.24408,1.3894,0.20353,-0.32909,1.59987,0.21921,-0.24624,1.36356,-0.00216,-0.29581,1.38726,-0.23925,-0.41632,1.59121,-0.35762,-0.51041,1.7104,-0.44728,-0.26519,1.27922,0.37787,-0.31425,1.04125,0.39186,-0.43957,0.80874,0.41098,-0.52526,0.65853,0.44552,-0.24322,0.89878,0.02395,-0.31919,0.50739,-0.02959,-0.25237,0.11081,-0.06891,-0.41996,-0.02404,-0.1277,-0.24601,0.87624,0.17337,-0.26984,0.4754,0.14933,-0.14276,0.09222,0.13168,-0.33395,-0.02252,0.1344
17.24,-0.19388,0.95664,0.10694,-0.24622,1.38984,0.19759,-0.33051,1.60072,0.21156,-0.24768,1.36273,-0.00794,-0.29451,1.3805,-0.2461,-0.41943,1.58446,-0.35981,-0.51609,1.70452,-0.44549,-0.26774,1.28069,0.37253,-0.31664,1.04273,0.3872,-0.44145,0.80986,0.40527,-0.52731,0.65957,0.43901,-0.2443,0.89857,0.02086,-0.31833,0.50704,-0.03434,-0.25528,0.11008,-0.07588,-0.42392,-0.0236,-0.13436,-0.2473,0.87631,0.17032,-0.2701,0.47533,0.14772,-0.14292,0.09214,0.13107,-0.33409,-0.02265,0.13392
17.26,-0.19509,0.9566,0.10395,-0.24835,1.39026,0.19181,-0.33192,1.60154,0.204,-0.24902,1.36192,-0.01356,-0.29286,1.37426,-0.25263,-0.4221,1.57806,-0.36168,-0.52122,1.69884,-0.44346,-0.27036,1.28214,0.36732,-0.31907,1.04417,0.38251,-0.44331,0.81091,0.3995,-0.52926,0.66048,0.43235,-0.24536,0.89838,0.01789,-0.31755,0.50674,-0.03892,-0.25852,0.10937,-0.08254,-0.42824,-0.02294,-0.14096,-0.24863,0.87639,0.16738,-0.27033,0.47527,0.14614,-0.14307,0.09206,0.13052,-0.33421,-0.02276,0.13349
17.28,-0.19624,0.95662,0.10111,-0.25046,1.3907,0.18625,-0.33328,1.60238,0.19666,-0.25038,1.36117,-0.01895,-0.29067,1.36851,-0.25886,-0.4239,1.57213,-0.36338,-0.52533,1.69349,-0.44136,-0.27292,1.28357,0.36231,-0.32137,1.04559,0.37799,-0.44487,0.81186,0.3938,-0.5308,0.66121,0.4257,-0.24639,0.89825,0.01507,-0.31673,0.50652,-0.04337,-0.2619,0.10878,-0.08902,-0.43278,-0.02223,-0.14704,-0.24988,0.87652,0.1646,-0.27046,0.47527,0.14471,-0.14327,0.09201,0.13002,-0.3344,-0.02282,0.13309
17.3,-0.19752,0.95652,0.09786,-0.25257,1.39106,0.18009,-0.33467,1.60309,0.18875,-0.25171,1.36024,-0.02492,-0.28868,1.36189,-0.26546,-0.42669,1.56477,-0.36509,-0.53072,1.68654,-0.4389,-0.27554,1.285,0.35674,-0.32392,1.04704,0.37305,-0.44696,0.81301,0.38799,-0.53305,0.6623,0.41916,-0.24748,0.89798,0.01183,-0.31593,0.50615,-0.04818,-0.26473,0.10819,-0.09603,-0.43658,-0.02147,-0.1542,-0.2513,0.87655,0.1614,-0.27084,0.47518,0.14293,-0.14341,0.09196,0.12943,-0.3345,-0.02294,0.13265
17.32,-0.19913,0.9561,0.09366,-0.25469,1.3912,0.17252,-0.33613,1.60355,0.17944,-0.25296,1.35891,-0.03225,-0.28722,1.35263,-0.27312,-0.43163,1.55367,-0.36724,-0.53869,1.67563,-0.43626,-0.27835,1.28641,0.34983,-0.32718,1.0486,0.36705,-0.45054,0.81473,0.3818,-0.53723,0.66432,0.4128,-0.24872,0.89733,0.00758,-0.31528,0.5054,-0.05393,-0.26628,0.1075,-0.1045,-0.43867,-0.02066,-0.16439,-0.25319,0.87631,0.15718,-0.27193,0.47484,0.14021,-0.14339,0.09191,0.12864,-0.33431,-0.02326,0.1321
17.34,-0.20087,0.95556,0.08904,-0.25678,1.39124,0.16436,-0.33758,1.60388,0.16956,-0.25416,1.3574,-0.04016,-0.28537,1.34223,-0.28105,-0.43659,1.54072,-0.36972,-0.54662,1.66263,-0.43398,-0.2812,1.2878,0.34235,-0.33068,1.05021,0.3606,-0.4547,0.81669,0.37544,-0.54218,0.66675,0.40647,-0.25002,0.89653,0.00288,-0.31464,0.5045,-0.06003,-0.26727,0.10675,-0.11333,-0.44004,-0.01981,-0.17547,-0.25527,0.87597,0.15252,-0.27327,0.4744,0.13712,-0.14333,0.09189,0.12777,-0.33404,-0.02363,0.13154
17.36,-0.20256,0.95506,0.08454,-0.25882,1.39128,0.15638,-0.33895,1.60421,0.15987,-0.25533,1.35592,-0.04786,-0.28265,1.33229,-0.28854,-0.44011,1.52811,-0.37216,-0.55283,1.6498,-0.43201,-0.28399,1.28916,0.33504,-0.33404,1.05177,0.35428,-0.45861,0.81853,0.36908,-0.54683,0.66902,0.40005,-0.2513,0.89578,-0.00168,-0.31394,0.50364,-0.06594,-0.26846,0.10602,-0.1217,-0.44169,-0.01891,-0.18583,-0.25727,0.87567,0.148,-0.2745,0.474,0.13418,-0.14334,0.09187,0.12695,-0.33386,-0.02394,0.131
17.38,-0.20419,0.95463,0.08035,-0.26085,1.39136,0.14871,-0.34029,1.60457,0.15044,-0.2565,1.35448,-0.05525,-0.27866,1.32266,-0.29551,-0.44142,1.51606,-0.37447,-0.55619,1.63771,-0.4304,-0.28674,1.29056,0.32801,-0.33736,1.05336,0.34813,-0.46231,0.82033,0.36286,-0.55113,0.67114,0.3937,-0.25252,0.89512,-0.00594,-0.31331,0.50296,-0.07183,-0.26973,0.10556,-0.13061,-0.44334,-0.01794,-0.19643,-0.25922,0.87542,0.14376,-0.27581,0.47368,0.1314,-0.1434,0.09193,0.1262,-0.33374,-0.02418,0.13051
17.4,-0.20598,0.95402,0.0754,-0.2628,1.39127,0.14024,-0.34154,1.60474,0.1403,-0.25757,1.35286,-0.06341,-0.27489,1.31248,-0.30279,-0.44402,1.50221,-0.37715,-0.56143,1.62311,-0.42908,-0.28951,1.29182,0.32018,-0.34081,1.05487,0.34143,-0.46655,0.82226,0.35617,-0.55631,0.67364,0.38704,-0.25389,0.89422,-0.01093,-0.31252,0.50191,-0.07779,-0.27067,0.10456,-0.13821,-0.44477,-0.01703,-0.20629,-0.26134,0.87503,0.1388,-0.27706,0.47321,0.12819,-0.14343,0.09187,0.12532,-0.33359,-0.02451,0.12996
17.42,-0.20814,0.95293,0.0686,-0.26459,1.39074,0.12985,-0.34261,1.60448,0.12845,-0.25843,1.35078,-0.07349,-0.27307,1.30044,-0.31115,-0.45145,1.48357,-0.38026,-0.57328,1.60205,-0.42733,-0.29233,1.29271,0.3104,-0.34447,1.05611,0.33349,-0.47194,0.82446,0.34842,-0.56347,0.677,0.37966,-0.25558,0.89269,-0.01768,-0.31126,0.49982,-0.08381,-0.27095,0.10202,-0.1423,-0.44572,-0.01618,-0.21447,-0.26388,0.87429,0.13211,-0.27811,0.47236,0.124,-0.14332,0.09142,0.12416,-0.33339,-0.02509,0.12931
17.44,-0.21045,0.95167,0.06103,-0.26628,1.39005,0.11866,-0.34358,1.60403,0.1159,-0.25917,1.34853,-0.08433,-0.27159,1.28762,-0.31963,-0.45974,1.46279,-0.38327,-0.58633,1.57817,-0.42522,-0.29514,1.29345,0.29981,-0.34826,1.05728,0.32497,-0.47783,0.82682,0.34009,-0.57148,0.68078,0.37176,-0.25741,0.89093,-0.02516,-0.30988,0.49738,-0.08989,-0.271,0.099,-0.14528,-0.44627,-0.01538,-0.22223,-0.26658,0.87343,0.12468,-0.27911,0.47139,0.11939,-0.14318,0.09087,0.12289,-0.33319,-0.02571,0.1286
17.46,-0.2127,0.9505,0.05373,-0.26794,1.38941,0.10778,-0.34452,1.60363,0.10361,-0.25989,1.34635,-0.09485,-0.26898,1.27524,-0.32743,-0.46563,1.44272,-0.38584,-0.59621,1.55524,-0.42306,-0.29791,1.29424,0.2895,-0.35202,1.05851,0.31659,-0.48354,0.82915,0.33178,-0.57917,0.68447,0.36373,-0.25919,0.88929,-0.03239,-0.30862,0.49516,-0.09592,-0.2712,0.09632,-0.14894,-0.44674,-0.01457,-0.2303,-0.26923,0.87264,0.1175,-0.28016,0.47053,0.11493,-0.14314,0.09044,0.12167,-0.33308,-0.02623,0.12793
17.48,-0.2149,0.94927,0.04675,-0.26961,1.38868,0.09714,-0.34538,1.60316,0.09157,-0.26068,1.34404,-0.10511,-0.26547,1.26282,-0.33448,-0.46948,1.42327,-0.38707,-0.60328,1.53351,-0.41941,-0.30062,1.29497,0.27945,-0.35554,1.05967,0.30854,-0.48882,0.83133,0.32378,-0.5863,0.68795,0.35598,-0.26094,0.88757,-0.03926,-0.30717,0.49288,-0.10172,-0.27146,0.09359,-0.15251,-0.4471,-0.01311,-0.23907,-0.27181,0.87181,0.11066,-0.28131,0.46965,0.11075,-0.14322,0.09002,0.1206,-0.33314,-0.02665,0.12738
17.5,-0.21724,0.94814,0.03893,-0.27111,1.38804,0.08583,-0.34621,1.60272,0.07889,-0.2612,1.34191,-0.11604,-0.26205,1.25073,-0.34169,-0.47367,1.40256,-0.38962,-0.61099,1.50955,-0.4178,-0.30334,1.29574,0.26864,-0.35955,1.06097,0.29958,-0.49498,0.8339,0.31469,-0.59463,0.69202,0.34696,-0.26278,0.88599,-0.04702,-0.30615,0.49072,-0.10788,-0.2717,0.09102,-0.15625,-0.44711,-0.01278,-0.24671,-0.27458,0.87106,0.10292,-0.28236,0.46888,0.10594,-0.14325,0.08973,0.11928,-0.33307,-0.02707,0.12666
17.52,-0.21992,0.94728,0.02906,-0.27219,1.38769,0.07292,-0.34703,1.60241,0.06473,-0.26106,1.34029,-0.1286,-0.26003,1.23923,-0.35,-0.48083,1.37824,-0.39535,-0.62317,1.4793,-0.42029,-0.30611,1.29664,0.25605,-0.36487,1.06269,0.28839,-0.50353,0.83754,0.30307,-0.60612,0.69771,0.33499,-0.26479,0.88475,-0.05697,-0.30627,0.48887,-0.11509,-0.27191,0.08881,-0.16042,-0.44683,-0.01587,-0.25084,-0.2778,0.87051,0.09294,-0.28296,0.46833,0.09956,-0.14305,0.08966,0.11733,-0.3326,-0.02752,0.12551
17.54,-0.22271,0.94654,0.01837,-0.27307,1.38745,0.05939,-0.34778,1.60216,0.04999,-0.26064,1.33887,-0.14177,-0.25867,1.22808,-0.35846,-0.4885,1.35251,-0.40116,-0.63605,1.44665,-0.42274,-0.30886,1.29759,0.24276,-0.37062,1.06458,0.27627,-0.51289,0.84165,0.29029,-0.61869,0.7041,0.32165,-0.26686,0.88367,-0.06778,-0.30686,0.48717,-0.12266,-0.27218,0.08677,-0.16462,-0.44654,-0.02007,-0.25357,-0.28117,0.87006,0.08207,-0.28352,0.46793,0.0926,-0.14287,0.08979,0.11518,-0.33208,-0.02788,0.12422
17.56,-0.22544,0.94578,0.00802,-0.27397,1.38715,0.04617,-0.34848,1.60188,0.03553,-0.26027,1.33737,-0.15461,-0.25684,1.21712,-0.36617,-0.49428,1.3278,-0.40497,-0.64614,1.41569,-0.42263,-0.31156,1.2985,0.22977,-0.37612,1.06642,0.26444,-0.52175,0.84564,0.27773,-0.63057,0.71031,0.30847,-0.26891,0.88256,-0.07822,-0.30734,0.48549,-0.13002,-0.27257,0.08477,-0.16872,-0.44644,-0.02356,-0.25682,-0.28446,0.8696,0.07156,-0.2843,0.46758,0.08594,-0.1429,0.09003,0.11319,-0.33179,-0.02809,0.12305
17.58,-0.22823,0.94487,-0.00224,-0.27483,1.38669,0.03298,-0.34911,1.60144,0.02117,-0.25992,1.33566,-0.16741,-0.25469,1.20593,-0.37325,-0.49855,1.30395,-0.40577,-0.65396,1.38638,-0.41805,-0.31419,1.29931,0.21681,-0.38165,1.06826,0.25281,-0.53066,0.8497,0.26544,-0.64246,0.71667,0.29546,-0.27099,0.88128,-0.08856,-0.30776,0.48367,-0.13734,-0.27309,0.08265,-0.17284,-0.44641,-0.02729,-0.26004,-0.28783,0.869,0.06113,-0.2847,0.46716,0.07938,-0.14299,0.09008,0.11128,-0.33178,-0.02811,0.12203
17.6,-0.23091,0.9443,-0.01286,-0.2756,1.38652,0.0197,-0.34968,1.60126,0.00659,-0.25938,1.33438,-0.18029,-0.25311,1.1959,-0.38033,-0.50277,1.27971,-0.40827,-0.66159,1.35588,-0.41662,-0.31683,1.3003,0.20367,-0.38712,1.07022,0.24043,-0.53941,0.85387,0.25193,-0.65417,0.72318,0.28109,-0.273,0.88039,-0.09928,-0.30857,0.48229,-0.14473,-0.27367,0.08099,-0.17681,-0.44657,-0.03054,-0.2628,-0.29105,0.86871,0.05032,-0.28611,0.46708,0.07258,-0.1434,0.09083,0.10932,-0.33167,-0.02812,0.12083
17.62,-0.23328,0.94466,-0.02435,-0.27625,1.38719,0.00625,-0.35026,1.60184,-0.00861,-0.25842,1.33427,-0.1934,-0.25324,1.1887,-0.38838,-0.50864,1.25268,-0.41683,-0.67177,1.31916,-0.42491,-0.31958,1.30181,0.19013,-0.39239,1.0724,0.2262,-0.54775,0.85814,0.23554,-0.66542,0.72983,0.26363,-0.27482,0.88058,-0.11091,-0.31034,0.48203,-0.15236,-0.27428,0.08054,-0.18045,-0.44711,-0.03233,-0.26481,-0.29385,0.86921,0.0386,-0.29005,0.46783,0.06509,-0.14439,0.09326,0.1071,-0.33099,-0.02823,0.11911
17.64,-0.23553,0.94535,-0.03614,-0.27685,1.38815,-0.00725,-0.3508,1.60268,-0.02401,-0.2573,1.33456,-0.20656,-0.25431,1.18263,-0.39666,-0.51417,1.22422,-0.42623,-0.68146,1.27938,-0.43446,-0.32235,1.3035,0.17645,-0.39756,1.07468,0.21127,-0.55585,0.86248,0.21803,-0.67638,0.73659,0.24493,-0.27657,0.88115,-0.12285,-0.31247,0.48222,-0.16006,-0.27492,0.0806,-0.18399,-0.44783,-0.03355,-0.26646,-0.29649,0.87001,0.02656,-0.29502,0.46892,0.05733,-0.1457,0.09644,0.10474,-0.33013,-0.02828,0.11727
17.66,-0.23782,0.94589,-0.04774,-0.27745,1.38896,-0.02066,-0.35128,1.60338,-0.03925,-0.25625,1.33464,-0.21961,-0.25532,1.17631,-0.40444,-0.51788,1.19659,-0.43235,-0.68842,1.24103,-0.43878,-0.32505,1.30511,0.16286,-0.40268,1.07694,0.19665,-0.56385,0.86685,0.20091,-0.68715,0.74342,0.22658,-0.27834,0.88155,-0.13458,-0.31442,0.48227,-0.16768,-0.27565,0.08054,-0.18758,-0.4486,-0.03481,-0.26826,-0.29919,0.87067,0.01472,-0.29969,0.46993,0.04968,-0.14707,0.09951,0.10241,-0.32946,-0.02811,0.11558
17.68,-0.24015,0.94645,-0.05961,-0.27798,1.38978,-0.03422,-0.35174,1.60406,-0.05468,-0.25507,1.33477,-0.23278,-0.25635,1.17049,-0.41234,-0.5202,1.16931,-0.43508,-0.69337,1.20256,-0.43677,-0.32779,1.30669,0.14907,-0.40785,1.0792,0.18173,-0.57194,0.87134,0.18351,-0.69805,0.75051,0.20789,-0.28013,0.88198,-0.14661,-0.31676,0.48242,-0.17551,-0.27661,0.08065,-0.19129,-0.44956,-0.036,-0.27008,-0.30193,0.87135,0.00257,-0.30399,0.471,0.04184,-0.14837,0.10264,0.09997,-0.32885,-0.02758,0.11392
17.7,-0.24237,0.94704,-0.07096,-0.27858,1.39061,-0.04741,-0.35212,1.60477,-0.06972,-0.2541,1.33482,-0.24558,-0.25819,1.16459,-0.41946,-0.52133,1.14253,-0.4395,-0.69621,1.16518,-0.43867,-0.33039,1.30836,0.1357,-0.41273,1.08151,0.16717,-0.57941,0.87572,0.1662,-0.70809,0.75734,0.18915,-0.28186,0.88242,-0.15807,-0.31853,0.48259,-0.18289,-0.27739,0.08078,-0.19477,-0.45049,-0.03682,-0.27179,-0.30453,0.87207,-0.009,-0.30944,0.47216,0.03426,-0.15024,0.1062,0.09756,-0.32832,-0.02721,0.11235
17.72,-0.24434,0.94766,-0.08092,-0.27935,1.39144,-0.05973,-0.35236,1.6056,-0.08375,-0.25376,1.33463,-0.25746,-0.26161,1.1579,-0.42459,-0.52174,1.11576,-0.45087,-0.69749,1.12944,-0.45557,-0.33259,1.31023,0.12343,-0.41696,1.08396,0.15373,-0.5855,0.87973,0.14947,-0.71628,0.76337,0.17072,-0.28348,0.8828,-0.16801,-0.31854,0.48261,-0.18905,-0.27751,0.08071,-0.19756,-0.45112,-0.03704,-0.2732,-0.30681,0.8729,-0.01901,-0.31771,0.47348,0.02748,-0.15334,0.11063,0.09538,-0.32774,-0.02746,0.11095
17.74,-0.24619,0.94829,-0.09031,-0.28018,1.39227,-0.07167,-0.35255,1.60645,-0.09738,-0.25362,1.33434,-0.26895,-0.26578,1.15125,-0.42883,-0.52081,1.0889,-0.46356,-0.69666,1.09376,-0.47587,-0.33466,1.31216,0.11162,-0.42089,1.08644,0.14072,-0.59091,0.88356,0.13294,-0.72366,0.76909,0.15229,-0.28502,0.88317,-0.17735,-0.31794,0.48262,-0.19471,-0.27741,0.08061,-0.20004,-0.45167,-0.03697,-0.27445,-0.30894,0.87376,-0.02841,-0.32706,0.47495,0.02095,-0.15694,0.11558,0.09309,-0.32707,-0.02764,0.10957
17.76,-0.24807,0.9489,-0.09987,-0.28097,1.39306,-0.08372,-0.35272,1.60724,-0.11112,-0.25338,1.33405,-0.28053,-0.2699,1.14516,-0.43311,-0.51842,1.06279,-0.47296,-0.69389,1.05849,-0.48992,-0.33678,1.31404,0.09964,-0.42485,1.08888,0.12755,-0.59636,0.88741,0.11628,-0.73112,0.77501,0.13366,-0.28657,0.88353,-0.18687,-0.31768,0.4827,-0.20053,-0.27751,0.08062,-0.20257,-0.45234,-0.03691,-0.27571,-0.31112,0.87459,-0.038,-0.33596,0.47651,0.01425,-0.16041,0.12063,0.09056,-0.32634,-0.0273,0.10817
17.78,-0.25004,0.9496,-0.10983,-0.28164,1.39393,-0.096,-0.35281,1.60808,-0.12508,-0.25309,1.33389,-0.29236,-0.27421,1.1395,-0.43727,-0.51464,1.03721,-0.48046,-0.68934,1.02383,-0.50038,-0.33876,1.31597,0.08741,-0.42893,1.09148,0.11399,-0.60202,0.8916,0.0992,-0.73882,0.78138,0.11455,-0.28822,0.88397,-0.19677,-0.31737,0.48288,-0.20652,-0.27764,0.08075,-0.20515,-0.4531,-0.03666,-0.27694,-0.31338,0.87553,-0.04798,-0.34479,0.47833,0.0074,-0.16385,0.12612,0.088,-0.32537,-0.02649,0.10665
17.8,-0.25179,0.95011,-0.1188,-0.28252,1.39457,-0.10766,-0.35295,1.60874,-0.13843,-0.25289,1.33337,-0.3035,-0.27873,1.13412,-0.44085,-0.50965,1.0132,-0.48762,-0.68303,0.99069,-0.51064,-0.34094,1.31777,0.07583,-0.43258,1.09375,0.10127,-0.6067,0.89506,0.0829,-0.7454,0.78694,0.09595,-0.28963,0.88425,-0.20571,-0.3171,0.48296,-0.21197,-0.27784,0.08082,-0.20743,-0.45384,-0.03647,-0.2781,-0.31543,0.87625,-0.057,-0.35397,0.48002,0.00079,-0.16762,0.13149,0.08496,-0.32468,-0.02552,0.10517
17.82,-0.25294,0.9501,-0.12529,-0.28395,1.39462,-0.11788,-0.3532,1.60891,-0.15038,-0.25289,1.33189,-0.31302,-0.2837,1.12872,-0.44342,-0.50379,0.99111,-0.49592,-0.67485,0.95915,-0.52445,-0.34365,1.31924,0.06579,-0.43514,1.0951,0.09075,-0.60896,0.89653,0.06872,-0.74929,0.79021,0.07892,-0.2904,0.88408,-0.21224,-0.31702,0.48271,-0.21614,-0.27818,0.08055,-0.20912,-0.45446,-0.03668,-0.27918,-0.31689,0.87639,-0.06364,-0.36408,0.48118,-0.00525,-0.17198,0.13627,0.08088,-0.32448,-0.02478,0.10399
17.84,-0.25387,0.94992,-0.13077,-0.28556,1.39444,-0.12746,-0.35347,1.60889,-0.16171,-0.25294,1.33006,-0.32181,-0.28875,1.12358,-0.44556,-0.49682,0.97054,-0.50401,-0.66463,0.92896,-0.53876,-0.34654,1.32057,0.0564,-0.43727,1.0961,0.08111,-0.61021,0.89719,0.05538,-0.75194,0.79249,0.06236,-0.29093,0.88376,-0.21779,-0.31699,0.48234,-0.21977,-0.27856,0.08019,-0.21056,-0.45503,-0.03701,-0.28023,-0.31814,0.87633,-0.06931,-0.37442,0.4823,-0.01106,-0.17665,0.14093,0.07634,-0.32461,-0.02382,0.10266
17.86,-0.25492,0.94983,-0.13665,-0.28706,1.39433,-0.13725,-0.35369,1.6089,-0.17323,-0.25293,1.32838,-0.33081,-0.29372,1.11891,-0.44782,-0.48879,0.95117,-0.5106,-0.65286,0.90009,-0.55022,-0.34933,1.32192,0.04675,-0.43957,1.09721,0.07108,-0.61169,0.89811,0.04163,-0.75475,0.79506,0.04527,-0.29157,0.88351,-0.22373,-0.31699,0.48205,-0.2236,-0.279,0.07992,-0.2121,-0.45568,-0.03723,-0.28131,-0.31953,0.87638,-0.07537,-0.38446,0.48369,-0.01705,-0.18128,0.14588,0.07174,-0.32471,-0.02235,0.10098
17.88,-0.25587,0.94966,-0.14281,-0.28841,1.39411,-0.14745,-0.35369,1.60881,-0.1851,-0.25282,1.32654,-0.34018,-0.29965,1.11436,-0.44981,-0.47974,0.93189,-0.51617,-0.6397,0.87185,-0.55986,-0.35195,1.32322,0.03671,-0.44162,1.09825,0.06084,-0.61282,0.89894,0.02768,-0.75724,0.79775,0.02774,-0.29218,0.88321,-0.22993,-0.31687,0.48171,-0.22758,-0.27942,0.0796,-0.21373,-0.45638,-0.03742,-0.28241,-0.32075,0.87633,-0.08168,-0.39516,0.48534,-0.0233,-0.1856,0.15177,0.06673,-0.3235,-0.02037,0.09957
17.9,-0.25698,0.94963,-0.14813,-0.28999,1.39399,-0.15665,-0.354,1.60875,-0.19604,-0.25283,1.32489,-0.34854,-0.30386,1.11064,-0.45209,-0.47016,0.91651,-0.52131,-0.62501,0.84704,-0.5692,-0.35486,1.32452,0.02759,-0.44397,1.09928,0.05123,-0.61395,0.89959,0.01433,-0.75925,0.79972,0.01066,-0.2928,0.88301,-0.23533,-0.31708,0.4815,-0.23109,-0.28001,0.07944,-0.21508,-0.45709,-0.03759,-0.28346,-0.32225,0.87646,-0.08723,-0.40441,0.48697,-0.02915,-0.19068,0.15635,0.06192,-0.32487,-0.01827,0.09699
17.92,-0.2586,0.9501,-0.15145,-0.29219,1.39434,-0.16335,-0.35521,1.60902,-0.20474,-0.25318,1.32397,-0.35442,-0.303,1.10822,-0.45542,-0.46095,0.90799,-0.52677,-0.60846,0.82697,-0.57944,-0.35863,1.32605,0.02077,-0.44729,1.10049,0.04299,-0.61566,0.90019,0.00216,-0.76075,0.80023,-0.00508,-0.2935,0.88319,-0.23879,-0.3183,0.48172,-0.23351,-0.28111,0.07974,-0.21573,-0.45783,-0.03771,-0.28432,-0.3246,0.8772,-0.09101,-0.40986,0.48823,-0.03393,-0.19765,0.15692,0.05816,-0.33332,-0.01687,0.09163
17.94,-0.2604,0.95072,-0.15395,-0.29457,1.39482,-0.16906,-0.35669,1.60935,-0.21252,-0.25364,1.32327,-0.35929,-0.30031,1.10623,-0.45901,-0.45201,0.90191,-0.53234,-0.59117,0.80918,-0.5883,-0.36266,1.32762,0.01486,-0.45088,1.10173,0.03538,-0.61742,0.90073,-0.00932,-0.76187,0.80014,-0.02003,-0.29424,0.88348,-0.24145,-0.31986,0.48207,-0.23548,-0.2824,0.08019,-0.21613,-0.4586,-0.03782,-0.28511,-0.32724,0.87813,-0.09406,-0.41384,0.48927,-0.03827,-0.2054,0.15583,0.05477,-0.34448,-0.01581,0.08519
17.96,-0.26214,0.95125,-0.15678,-0.29677,1.39519,-0.17518,-0.35792,1.60959,-0.22062,-0.25399,1.32243,-0.36453,-0.29854,1.10407,-0.46233,-0.44283,0.89509,-0.53744,-0.57369,0.79183,-0.59498,-0.36647,1.32912,0.00855,-0.45424,1.10292,0.02757,-0.61893,0.90128,-0.02089,-0.76282,0.80031,-0.03507,-0.29501,0.88371,-0.24442,-0.32127,0.48235,-0.23762,-0.28368,0.08057,-0.21665,-0.45944,-0.0379,-0.28593,-0.32974,0.87894,-0.0974,-0.41838,0.49038,-0.04283,-0.21292,0.15535,0.05113,-0.35453,-0.01463,0.07908
17.98,-0.26379,0.95186,-0.15977,-0.29885,1.39561,-0.1816,-0.35886,1.60988,-0.22911,-0.25414,1.3216,-0.37002,-0.29628,1.10189,-0.46587,-0.43283,0.88814,-0.54201,-0.55509,0.7742,-0.59828,-0.37022,1.33072,0.00191,-0.45743,1.10417,0.01925,-0.62007,0.90188,-0.03324,-0.76332,0.80057,-0.05099,-0.29561,0.88397,-0.24753,-0.32287,0.48269,-0.23991,-0.2851,0.08102,-0.21716,-0.4604,-0.03795,-0.28676,-0.33223,0.87989,-0.10095,-0.42325,0.49168,-0.04772,-0.21989,0.15561,0.04707,-0.36365,-0.01294,0.07264
18,-0.26566,0.95233,-0.16222,-0.30102,1.39589,-0.18715,-0.36013,1.60998,-0.23656,-0.25456,1.32075,-0.3747,-0.29452,1.09988,-0.46879,-0.42417,0.88251,-0.54673,-0.53879,0.76057,-0.60233,-0.37394,1.33208,-0.00388,-0.46076,1.10528,0.01212,-0.62151,0.90235,-0.04367,-0.76392,0.80049,-0.06471,-0.29656,0.88418,-0.25011,-0.32421,0.48295,-0.24179,-0.2864,0.08136,-0.21763,-0.46131,-0.03801,-0.28753,-0.3348,0.8806,-0.10393,-0.42701,0.49251,-0.05192,-0.22814,0.154,0.04372,-0.37513,-0.01218,0.06623
18.02,-0.2681,0.95237,-0.1635,-0.30353,1.39579,-0.19068,-0.3625,1.60959,-0.24154,-0.2558,1.31983,-0.37758,-0.29476,1.09811,-0.47008,-0.41916,0.87922,-0.5522,-0.5274,0.75395,-0.61294,-0.37763,1.33277,-0.0076,-0.46469,1.10604,0.00802,-0.62426,0.90259,-0.04924,-0.76558,0.79981,-0.07299,-0.29848,0.88423,-0.25158,-0.3247,0.48291,-0.24269,-0.28718,0.08132,-0.21806,-0.46196,-0.03814,-0.28812,-0.33759,0.88063,-0.10563,-0.42821,0.49209,-0.05422,-0.23987,0.14781,0.04212,-0.39257,-0.01369,0.06023
18.04,-0.27077,0.95225,-0.16425,-0.30622,1.39555,-0.19333,-0.3653,1.609,-0.24549,-0.25738,1.31889,-0.37966,-0.29559,1.09648,-0.47078,-0.41523,0.87672,-0.55752,-0.51697,0.74941,-0.62489,-0.38135,1.3332,-0.01044,-0.46885,1.10663,0.00512,-0.62747,0.90265,-0.05289,-0.76754,0.79876,-0.07903,-0.30076,0.88421,-0.25254,-0.32491,0.48277,-0.24316,-0.28778,0.08116,-0.21842,-0.46252,-0.03829,-0.28861,-0.34047,0.88042,-0.10676,-0.42837,0.4912,-0.05574,-0.25309,0.14019,0.04098,-0.41224,-0.01548,0.05395
18.06,-0.27334,0.9522,-0.16519,-0.30882,1.39536,-0.1963,-0.36787,1.60848,-0.24983,-0.2588,1.31796,-0.38201,-0.2961,1.09482,-0.47172,-0.41037,0.87366,-0.56207,-0.50512,0.74345,-0.63394,-0.38504,1.33372,-0.01363,-0.47285,1.10725,0.00173,-0.63037,0.90271,-0.05729,-0.76917,0.79775,-0.08583,-0.30288,0.88422,-0.25367,-0.32526,0.48269,-0.24378,-0.28846,0.08106,-0.21878,-0.46312,-0.03842,-0.28912,-0.34331,0.88031,-0.10809,-0.42894,0.49052,-0.05755,-0.26586,0.1337,0.03925,-0.43069,-0.01629,0.04716
18.08,-0.27588,0.95219,-0.16634,-0.3113,1.3952,-0.19959,-0.37035,1.60797,-0.25449,-0.2601,1.31701,-0.38465,-0.29673,1.09309,-0.47267,-0.40502,0.87023,-0.56615,-0.49195,0.73679,-0.64188,-0.38863,1.33433,-0.01713,-0.47693,1.10804,-0.002,-0.63347,0.90309,-0.06219,-0.77104,0.79728,-0.09345,-0.30495,0.88425,-0.25501,-0.32556,0.48265,-0.24448,-0.28917,0.081,-0.21914,-0.46374,-0.03851,-0.28963,-0.34613,0.88026,-0.10964,-0.42963,0.48996,-0.05946,-0.27883,0.12766,0.0369,-0.44904,-0.01637,0.03999
18.1,-0.27854,0.95204,-0.16692,-0.31403,1.3949,-0.202,-0.37303,1.60734,-0.25824,-0.26169,1.31607,-0.38646,-0.29726,1.09155,-0.47337,-0.4002,0.86727,-0.56947,-0.48012,0.73112,-0.64805,-0.39241,1.33465,-0.01978,-0.48084,1.1084,-0.00479,-0.63618,0.90271,-0.06554,-0.77227,0.79558,-0.09872,-0.30722,0.8842,-0.2558,-0.32592,0.48252,-0.24484,-0.28981,0.08085,-0.21942,-0.46433,-0.03866,-0.29005,-0.349,0.88001,-0.11061,-0.42984,0.4891,-0.06091,-0.29208,0.12151,0.03495,-0.46744,-0.01622,0.03232
18.12,-0.28141,0.95155,-0.16618,-0.31739,1.39428,-0.20236,-0.37612,1.60644,-0.25993,-0.26392,1.31516,-0.38637,-0.29733,1.09044,-0.47365,-0.397,0.86581,-0.57233,-0.47284,0.72848,-0.65287,-0.39667,1.33428,-0.02045,-0.48422,1.10769,-0.00535,-0.63775,0.90038,-0.0652,-0.77188,0.79077,-0.09826,-0.30989,0.88394,-0.2553,-0.3264,0.48216,-0.24445,-0.29024,0.08046,-0.2196,-0.4648,-0.03895,-0.29028,-0.3519,0.8793,-0.11019,-0.42885,0.48749,-0.06135,-0.30588,0.11461,0.03417,-0.48614,-0.01622,0.02341
18.14,-0.28439,0.95093,-0.16487,-0.32102,1.39354,-0.20185,-0.37943,1.60543,-0.26071,-0.26643,1.31428,-0.38546,-0.29726,1.08955,-0.47367,-0.39446,0.86505,-0.57506,-0.46731,0.72721,-0.65749,-0.40115,1.33363,-0.02027,-0.48743,1.10658,-0.00498,-0.6389,0.89733,-0.06334,-0.77083,0.78483,-0.09553,-0.31273,0.88361,-0.25425,-0.32694,0.48173,-0.24374,-0.2906,0.08,-0.21974,-0.46523,-0.03928,-0.29044,-0.35485,0.87841,-0.10919,-0.42745,0.48565,-0.06137,-0.3198,0.1078,0.03313,-0.50433,-0.01582,0.01326
18.16,-0.28733,0.95038,-0.16374,-0.32455,1.39287,-0.20163,-0.38265,1.60447,-0.2618,-0.26882,1.3134,-0.38482,-0.29723,1.08863,-0.4737,-0.3915,0.86406,-0.5777,-0.46087,0.72547,-0.66183,-0.40555,1.33311,-0.0204,-0.49072,1.10564,-0.00496,-0.64019,0.89462,-0.06206,-0.76992,0.77945,-0.09376,-0.3155,0.88333,-0.25337,-0.32748,0.48137,-0.24312,-0.29099,0.07961,-0.21986,-0.46568,-0.03957,-0.29063,-0.35778,0.87761,-0.10838,-0.4263,0.48399,-0.06156,-0.33347,0.10176,0.031,-0.52154,-0.0146,0.00236
18.18,-0.29024,0.94979,-0.16291,-0.32798,1.39215,-0.20179,-0.38576,1.60347,-0.26326,-0.27116,1.31245,-0.38454,-0.29723,1.08759,-0.47394,-0.38851,0.863,-0.58051,-0.45422,0.72355,-0.66615,-0.40984,1.33258,-0.02088,-0.49398,1.10475,-0.00518,-0.64157,0.89207,-0.06103,-0.76921,0.77447,-0.09225,-0.31827,0.883,-0.25279,-0.32789,0.48098,-0.24265,-0.29134,0.07918,-0.22006,-0.46613,-0.03986,-0.29081,-0.36067,0.87677,-0.10785,-0.42476,0.48232,-0.06179,-0.34821,0.09577,0.02769,-0.53969,-0.012,-0.01037
18.2,-0.29325,0.94925,-0.16134,-0.33168,1.39148,-0.20099,-0.38911,1.60251,-0.26375,-0.27367,1.31167,-0.38332,-0.2971,1.08689,-0.47364,-0.38554,0.86239,-0.58276,-0.44825,0.72247,-0.66988,-0.41443,1.33197,-0.02046,-0.49728,1.10367,-0.0047,-0.64262,0.88909,-0.0591,-0.76778,0.76867,-0.08966,-0.32109,0.88274,-0.25148,-0.32859,0.48066,-0.2418,-0.29178,0.07884,-0.22009,-0.46656,-0.04012,-0.29098,-0.36368,0.87598,-0.10662,-0.42394,0.48078,-0.06182,-0.3606,0.09108,0.02426,-0.55382,-0.01004,-0.0223
18.22,-0.29651,0.94882,-0.15797,-0.33603,1.39093,-0.19787,-0.39303,1.60168,-0.26196,-0.27657,1.3113,-0.37981,-0.29655,1.087,-0.47213,-0.38245,0.86276,-0.5838,-0.4437,0.72327,-0.67262,-0.41979,1.33116,-0.0179,-0.50068,1.10213,-0.00269,-0.64274,0.88491,-0.0553,-0.76435,0.7607,-0.08499,-0.32402,0.88263,-0.24845,-0.33006,0.48049,-0.24006,-0.29245,0.07868,-0.21972,-0.46695,-0.04037,-0.29116,-0.36702,0.87526,-0.10374,-0.42526,0.47946,-0.06159,-0.3667,0.08858,0.02245,-0.55872,-0.01202,-0.02987
18.24,-0.29988,0.94844,-0.15388,-0.34064,1.39044,-0.19383,-0.3972,1.6009,-0.25923,-0.27965,1.3111,-0.3754,-0.29589,1.08749,-0.47007,-0.37944,0.86361,-0.58422,-0.43986,0.72489,-0.67479,-0.42544,1.33028,-0.01447,-0.50413,1.10043,-0,-0.64248,0.88038,-0.05065,-0.76006,0.75212,-0.07933,-0.327,0.88258,-0.24471,-0.33181,0.48039,-0.23794,-0.29321,0.07859,-0.21917,-0.46733,-0.0406,-0.29131,-0.37048,0.87458,-0.10018,-0.42734,0.47826,-0.06117,-0.37046,0.08681,0.02138,-0.56025,-0.01545,-0.03562
18.26,-0.3032,0.94805,-0.15009,-0.34512,1.38992,-0.19018,-0.40125,1.6001,-0.25686,-0.28264,1.31085,-0.37135,-0.29533,1.0879,-0.46811,-0.37644,0.86437,-0.58468,-0.43574,0.72626,-0.67692,-0.43094,1.32944,-0.01142,-0.50755,1.09885,0.00245,-0.64233,0.87616,-0.04626,-0.75596,0.74418,-0.07402,-0.32996,0.8825,-0.24126,-0.33343,0.48028,-0.23595,-0.29392,0.0785,-0.21866,-0.46768,-0.04081,-0.29145,-0.37389,0.8739,-0.0969,-0.42906,0.47708,-0.06075,-0.37515,0.08478,0.01976,-0.56307,-0.01801,-0.04226
18.28,-0.30651,0.94758,-0.14639,-0.34963,1.38932,-0.18667,-0.40515,1.59922,-0.25472,-0.28563,1.3105,-0.36742,-0.2944,1.08833,-0.46639,-0.37294,0.86517,-0.58539,-0.43116,0.72774,-0.67931,-0.43649,1.3285,-0.00853,-0.51086,1.09715,0.00468,-0.64178,0.87177,-0.04219,-0.75112,0.73608,-0.06925,-0.33292,0.88239,-0.23791,-0.335,0.48014,-0.23403,-0.29453,0.0784,-0.2182,-0.46798,-0.04102,-0.29156,-0.37726,0.87312,-0.09372,-0.43064,0.47578,-0.0606,-0.38004,0.08261,0.01777,-0.5657,-0.02084,-0.0497
18.3,-0.30988,0.9473,-0.14233,-0.35415,1.38892,-0.18269,-0.40938,1.59852,-0.25189,-0.28867,1.3104,-0.36304,-0.29417,1.08897,-0.46389,-0.37042,0.86622,-0.58513,-0.42762,0.72941,-0.68057,-0.44201,1.32773,-0.00516,-0.51437,1.09571,0.00755,-0.64174,0.86789,-0.03723,-0.74705,0.72884,-0.06323,-0.33588,0.88238,-0.23417,-0.33671,0.48012,-0.23185,-0.29531,0.07842,-0.21754,-0.46833,-0.04117,-0.29164,-0.38074,0.87259,-0.09017,-0.43263,0.47484,-0.05983,-0.3838,0.08102,0.01638,-0.56747,-0.02317,-0.0553
18.32,-0.31343,0.94758,-0.13745,-0.35868,1.38912,-0.1776,-0.41453,1.59834,-0.24746,-0.29184,1.31099,-0.35762,-0.29595,1.09002,-0.45954,-0.37061,0.86777,-0.58267,-0.42663,0.73137,-0.6794,-0.4475,1.32749,-0.0007,-0.51853,1.09505,0.01195,-0.64336,0.86532,-0.03016,-0.74557,0.72363,-0.0541,-0.33886,0.88273,-0.22949,-0.33876,0.48046,-0.22901,-0.29657,0.07878,-0.21638,-0.46885,-0.04115,-0.29166,-0.38459,0.87281,-0.08577,-0.43566,0.47481,-0.05735,-0.38515,0.08083,0.01687,-0.56806,-0.0239,-0.05596
18.34,-0.31705,0.94806,-0.13222,-0.36324,1.38953,-0.17206,-0.42005,1.59834,-0.24238,-0.2951,1.31182,-0.35177,-0.29849,1.09119,-0.45445,-0.37184,0.86947,-0.57932,-0.42669,0.73341,-0.67719,-0.45296,1.32742,0.00421,-0.52292,1.09467,0.01699,-0.64554,0.86325,-0.02226,-0.74496,0.71921,-0.04386,-0.34186,0.8832,-0.22442,-0.34095,0.48093,-0.2259,-0.29798,0.07928,-0.21501,-0.46939,-0.04104,-0.29162,-0.38856,0.8733,-0.08102,-0.43909,0.47512,-0.05423,-0.38547,0.0812,0.01812,-0.56803,-0.02414,-0.05471
18.36,-0.32063,0.94844,-0.12716,-0.36778,1.38983,-0.16675,-0.42539,1.59823,-0.23762,-0.29834,1.31252,-0.34614,-0.30071,1.09228,-0.44968,-0.37263,0.87107,-0.57628,-0.42633,0.73539,-0.6753,-0.4584,1.32727,0.0089,-0.52718,1.09417,0.02176,-0.64738,0.86103,-0.01475,-0.74378,0.71467,-0.0343,-0.34485,0.8836,-0.21953,-0.34305,0.48135,-0.22289,-0.29923,0.07975,-0.21371,-0.46983,-0.04094,-0.29155,-0.39245,0.87366,-0.07643,-0.44229,0.47528,-0.05142,-0.38619,0.08135,0.019,-0.56819,-0.02457,-0.05438
18.38,-0.32426,0.94888,-0.12205,-0.37239,1.39019,-0.16142,-0.43076,1.59815,-0.23294,-0.30154,1.31329,-0.34043,-0.30281,1.0935,-0.44495,-0.37312,0.87288,-0.57345,-0.42551,0.73762,-0.67374,-0.464,1.32715,0.01355,-0.53155,1.09369,0.0264,-0.64903,0.85876,-0.00733,-0.74208,0.71,-0.02493,-0.34784,0.88406,-0.2146,-0.34508,0.48183,-0.21985,-0.30049,0.08029,-0.21236,-0.47021,-0.04079,-0.29149,-0.39643,0.87409,-0.07183,-0.44552,0.47551,-0.04849,-0.38679,0.08161,0.01994,-0.56824,-0.02492,-0.05392
18.4,-0.32779,0.94923,-0.11696,-0.37686,1.39046,-0.15606,-0.43614,1.59802,-0.22801,-0.30486,1.31396,-0.33479,-0.30534,1.09447,-0.43993,-0.37442,0.8743,-0.56989,-0.4258,0.73936,-0.67112,-0.46923,1.32698,0.01834,-0.53574,1.09323,0.03147,-0.65099,0.85684,0.0004,-0.74124,0.70615,-0.01531,-0.35083,0.88442,-0.20966,-0.34722,0.48223,-0.21678,-0.30164,0.08077,-0.21097,-0.47054,-0.04066,-0.29131,-0.40024,0.87442,-0.06718,-0.44871,0.47567,-0.04562,-0.38728,0.08185,0.02088,-0.56827,-0.0252,-0.05335
18.42,-0.33106,0.94928,-0.112,-0.38096,1.39045,-0.15073,-0.44152,1.59769,-0.22251,-0.30852,1.31428,-0.32942,-0.30889,1.09466,-0.43431,-0.37766,0.87457,-0.56454,-0.42886,0.73968,-0.66594,-0.47348,1.3266,0.02346,-0.53941,1.09275,0.03758,-0.6538,0.85564,0.00892,-0.74279,0.70401,-0.00488,-0.35385,0.88449,-0.20477,-0.34973,0.48234,-0.21378,-0.30259,0.08104,-0.20966,-0.47087,-0.04064,-0.29092,-0.40364,0.87446,-0.06242,-0.45174,0.47554,-0.04309,-0.38787,0.08182,0.02161,-0.56855,-0.02552,-0.05297
18.44,-0.33421,0.94923,-0.10708,-0.38489,1.39034,-0.14538,-0.44688,1.59731,-0.21677,-0.31228,1.31448,-0.32414,-0.31285,1.09459,-0.42844,-0.3817,0.87442,-0.5585,-0.43306,0.7395,-0.65977,-0.47733,1.32616,0.02873,-0.54288,1.09228,0.04411,-0.65696,0.85475,0.01773,-0.74528,0.70258,0.00586,-0.35685,0.88445,-0.1999,-0.35235,0.48236,-0.21079,-0.30346,0.08125,-0.20836,-0.47118,-0.04064,-0.29044,-0.40686,0.8744,-0.05763,-0.4547,0.47534,-0.04063,-0.38842,0.08173,0.02231,-0.56888,-0.0258,-0.05253
18.46,-0.3374,0.94923,-0.10218,-0.38889,1.39029,-0.14007,-0.45225,1.59694,-0.21116,-0.316,1.31475,-0.31884,-0.31664,1.09465,-0.42272,-0.38543,0.87448,-0.55281,-0.43683,0.73957,-0.65408,-0.48133,1.32575,0.03391,-0.54643,1.09182,0.0504,-0.65994,0.85377,0.02632,-0.74732,0.70093,0.01632,-0.35985,0.88447,-0.19505,-0.3549,0.48243,-0.20782,-0.30435,0.08152,-0.20706,-0.47148,-0.04059,-0.29003,-0.41015,0.87438,-0.05289,-0.45765,0.4752,-0.03817,-0.38895,0.08172,0.023,-0.56914,-0.02604,-0.05212
18.48,-0.34068,0.94921,-0.09712,-0.39297,1.3902,-0.13467,-0.45768,1.59653,-0.20547,-0.31974,1.31496,-0.31343,-0.3204,1.09464,-0.41681,-0.38897,0.87443,-0.54696,-0.44027,0.7395,-0.64825,-0.48549,1.32533,0.03915,-0.55005,1.09134,0.05688,-0.66285,0.85273,0.03525,-0.74917,0.69916,0.02722,-0.36293,0.88447,-0.19005,-0.35751,0.4825,-0.20475,-0.30521,0.08181,-0.20574,-0.47175,-0.0405,-0.2896,-0.41352,0.87435,-0.04799,-0.46075,0.47505,-0.0356,-0.38947,0.08175,0.0237,-0.56938,-0.02626,-0.05174
18.5,-0.34372,0.94921,-0.0924,-0.39681,1.39015,-0.12945,-0.46293,1.59615,-0.19991,-0.32345,1.31524,-0.3083,-0.32431,1.09472,-0.41126,-0.39306,0.8745,-0.54129,-0.44462,0.7396,-0.6425,-0.48921,1.32491,0.0443,-0.55345,1.09092,0.06306,-0.6659,0.85195,0.04352,-0.75147,0.69789,0.03721,-0.36582,0.88448,-0.18538,-0.35999,0.48259,-0.20187,-0.30604,0.08213,-0.20448,-0.472,-0.0404,-0.28918,-0.41664,0.87434,-0.0434,-0.46347,0.47493,-0.03325,-0.38994,0.0818,0.02439,-0.56962,-0.02643,-0.05132
18.52,-0.34613,0.94924,-0.08855,-0.40005,1.39015,-0.1247,-0.46769,1.59581,-0.19471,-0.32707,1.31567,-0.30388,-0.3285,1.09506,-0.40665,-0.3984,0.87494,-0.53622,-0.45104,0.74023,-0.63713,-0.49185,1.32447,0.04919,-0.55633,1.09058,0.06833,-0.66925,0.85173,0.04996,-0.75484,0.69764,0.04477,-0.36815,0.8845,-0.18154,-0.36214,0.48268,-0.19954,-0.30682,0.08242,-0.20333,-0.4722,-0.04036,-0.2888,-0.41909,0.87437,-0.03961,-0.46517,0.47484,-0.03146,-0.39032,0.08179,0.02509,-0.56983,-0.0266,-0.05077
18.54,-0.34828,0.94929,-0.08504,-0.40303,1.39019,-0.12013,-0.47222,1.5955,-0.18963,-0.33065,1.31616,-0.29975,-0.33281,1.0955,-0.40239,-0.40426,0.8755,-0.53134,-0.45833,0.74105,-0.63182,-0.49403,1.32403,0.054,-0.55897,1.09027,0.07329,-0.67269,0.85175,0.05574,-0.75862,0.69782,0.05144,-0.37028,0.88454,-0.17803,-0.36414,0.48278,-0.19741,-0.30755,0.08271,-0.20222,-0.47237,-0.04032,-0.28839,-0.42126,0.87444,-0.03611,-0.46648,0.47476,-0.02987,-0.39066,0.08178,0.02581,-0.57006,-0.02673,-0.05015
18.56,-0.35052,0.94933,-0.08141,-0.40609,1.3902,-0.11551,-0.47682,1.59516,-0.1845,-0.33422,1.31662,-0.29551,-0.33706,1.0959,-0.39801,-0.40991,0.87601,-0.52637,-0.46528,0.7418,-0.62646,-0.49638,1.32358,0.05881,-0.56166,1.08994,0.07837,-0.67603,0.85167,0.06181,-0.76215,0.69782,0.0585,-0.37248,0.88456,-0.1744,-0.36617,0.48288,-0.19519,-0.30828,0.08301,-0.20109,-0.47253,-0.04026,-0.28799,-0.42353,0.87449,-0.0325,-0.46794,0.4747,-0.02818,-0.39102,0.08179,0.02652,-0.57028,-0.02684,-0.04956
18.58,-0.35284,0.94938,-0.07764,-0.40925,1.39022,-0.11079,-0.48155,1.59479,-0.17929,-0.33786,1.31707,-0.29115,-0.34129,1.09625,-0.39344,-0.4154,0.87645,-0.5212,-0.47194,0.74241,-0.62088,-0.49885,1.32315,0.06372,-0.56449,1.08963,0.08356,-0.67942,0.85155,0.06805,-0.76567,0.69775,0.06576,-0.37471,0.88461,-0.17065,-0.36834,0.48301,-0.19294,-0.30907,0.08336,-0.19994,-0.47272,-0.04017,-0.28762,-0.42589,0.87454,-0.0288,-0.46946,0.47464,-0.02653,-0.39136,0.08184,0.02728,-0.57049,-0.02693,-0.04894
18.6,-0.35495,0.94941,-0.07424,-0.41217,1.39022,-0.10632,-0.48595,1.59445,-0.17427,-0.34138,1.31752,-0.2871,-0.34561,1.09669,-0.3893,-0.42132,0.87705,-0.51643,-0.47936,0.74333,-0.61565,-0.50097,1.32268,0.06842,-0.56697,1.08929,0.08847,-0.68268,0.85153,0.07381,-0.76921,0.69788,0.07242,-0.37686,0.88462,-0.16722,-0.3702,0.48309,-0.19081,-0.30972,0.08364,-0.19883,-0.47286,-0.04009,-0.28718,-0.428,0.87459,-0.02535,-0.47077,0.4746,-0.02484,-0.39175,0.08185,0.02798,-0.57078,-0.02701,-0.04834
18.62,-0.35659,0.94942,-0.07175,-0.4145,1.39024,-0.10248,-0.48953,1.59424,-0.16975,-0.34458,1.31805,-0.28381,-0.35017,1.09737,-0.38627,-0.42831,0.87818,-0.5127,-0.48874,0.74514,-0.61143,-0.50229,1.32218,0.07256,-0.56863,1.08888,0.09266,-0.68565,0.85174,0.07842,-0.77287,0.69848,0.07764,-0.37883,0.88453,-0.16458,-0.37127,0.48307,-0.18895,-0.31002,0.08375,-0.19777,-0.47293,-0.03997,-0.28654,-0.42951,0.87469,-0.02253,-0.47162,0.47463,-0.02296,-0.3923,0.08176,0.02851,-0.57132,-0.0271,-0.04784
18.64,-0.35802,0.94942,-0.06962,-0.41656,1.39025,-0.09889,-0.49275,1.59407,-0.16541,-0.34764,1.3186,-0.28081,-0.35482,1.09814,-0.38365,-0.4357,0.87949,-0.5093,-0.49883,0.74728,-0.60744,-0.50325,1.32166,0.07649,-0.56993,1.08846,0.09657,-0.68847,0.85206,0.08261,-0.77654,0.69928,0.08234,-0.38072,0.8844,-0.16226,-0.37203,0.483,-0.18722,-0.31017,0.08379,-0.19676,-0.47297,-0.03985,-0.28584,-0.43075,0.8748,-0.01996,-0.47228,0.47468,-0.02104,-0.39291,0.08164,0.02899,-0.57195,-0.02719,-0.04736
18.66,-0.35953,0.94942,-0.06734,-0.41872,1.39026,-0.0952,-0.49609,1.59387,-0.16097,-0.35076,1.31912,-0.27769,-0.35942,1.09886,-0.38083,-0.44288,0.8807,-0.50563,-0.50855,0.74925,-0.60313,-0.50433,1.32114,0.08051,-0.57134,1.08804,0.10062,-0.69129,0.85233,0.08705,-0.78014,0.70001,0.08737,-0.38264,0.88429,-0.1598,-0.37294,0.48296,-0.18543,-0.3104,0.08388,-0.19575,-0.47304,-0.03973,-0.28517,-0.43209,0.8749,-0.01728,-0.47305,0.47472,-0.01917,-0.39352,0.08154,0.02948,-0.57257,-0.02727,-0.04687
18.68,-0.36112,0.94944,-0.06501,-0.42092,1.39028,-0.09143,-0.49951,1.59366,-0.15651,-0.35386,1.31969,-0.27445,-0.36407,1.09963,-0.3779,-0.45011,0.88203,-0.50192,-0.51834,0.7514,-0.59876,-0.50553,1.32063,0.08455,-0.57289,1.08762,0.10466,-0.69429,0.85264,0.09151,-0.7839,0.70076,0.09244,-0.38459,0.8842,-0.15729,-0.37387,0.48293,-0.18366,-0.31068,0.08397,-0.19476,-0.47316,-0.03957,-0.28457,-0.43353,0.87502,-0.01459,-0.47379,0.47478,-0.01721,-0.39414,0.08144,0.02995,-0.57321,-0.02733,-0.0464
18.7,-0.36248,0.94942,-0.06287,-0.42291,1.39026,-0.08787,-0.50262,1.59347,-0.15208,-0.35694,1.32017,-0.27148,-0.36861,1.10031,-0.3752,-0.45725,0.88316,-0.49818,-0.52803,0.75327,-0.59418,-0.50632,1.3201,0.08848,-0.574,1.0872,0.10866,-0.69683,0.85292,0.09594,-0.78723,0.70152,0.09747,-0.38645,0.88407,-0.15495,-0.37468,0.48287,-0.18192,-0.31082,0.08404,-0.19378,-0.47319,-0.03943,-0.28388,-0.43467,0.8751,-0.01199,-0.47453,0.47482,-0.01545,-0.39478,0.08135,0.03043,-0.57386,-0.02739,-0.04592
18.72,-0.36331,0.94925,-0.06118,-0.42443,1.39007,-0.08484,-0.50504,1.59335,-0.1477,-0.36009,1.32037,-0.26918,-0.37288,1.10065,-0.37307,-0.46417,0.88364,-0.49434,-0.53739,0.75418,-0.58908,-0.50613,1.31951,0.09215,-0.57412,1.08672,0.11257,-0.69827,0.85312,0.10031,-0.78954,0.70225,0.10244,-0.38813,0.88382,-0.15298,-0.37525,0.48268,-0.18028,-0.31061,0.084,-0.19278,-0.47298,-0.03943,-0.28296,-0.43506,0.875,-0.00957,-0.47546,0.47479,-0.01434,-0.39552,0.0813,0.03098,-0.57453,-0.02754,-0.04541
18.74,-0.36391,0.94903,-0.05968,-0.42572,1.38982,-0.08201,-0.50714,1.59325,-0.14333,-0.36323,1.32048,-0.26712,-0.37703,1.10088,-0.37114,-0.47093,0.88389,-0.49043,-0.54654,0.75473,-0.5837,-0.50551,1.31891,0.09571,-0.57379,1.08623,0.11643,-0.69923,0.85329,0.10462,-0.79139,0.70297,0.10735,-0.38972,0.88353,-0.15115,-0.37569,0.48245,-0.17871,-0.31025,0.08391,-0.19181,-0.47266,-0.03946,-0.28199,-0.43513,0.87484,-0.00726,-0.47641,0.47474,-0.01342,-0.39633,0.08124,0.03159,-0.57527,-0.02769,-0.04485
18.76,-0.36461,0.94884,-0.05809,-0.42709,1.3896,-0.07907,-0.50932,1.59314,-0.13893,-0.36637,1.32063,-0.26491,-0.38123,1.10117,-0.36907,-0.47765,0.88422,-0.4864,-0.55562,0.7554,-0.57819,-0.50504,1.31831,0.09931,-0.57361,1.08574,0.1203,-0.70033,0.85348,0.10898,-0.79336,0.70371,0.11234,-0.39134,0.88326,-0.14924,-0.37619,0.48225,-0.17712,-0.30998,0.08386,-0.19087,-0.47241,-0.03945,-0.28109,-0.43533,0.87472,-0.0049,-0.47733,0.47472,-0.01236,-0.39718,0.08118,0.03222,-0.57608,-0.02781,-0.04424
18.78,-0.36534,0.94862,-0.0565,-0.42844,1.38936,-0.07612,-0.51148,1.593,-0.13448,-0.36948,1.32075,-0.26266,-0.38544,1.10142,-0.36692,-0.48447,0.88449,-0.48211,-0.56487,0.75604,-0.57229,-0.50456,1.31769,0.1029,-0.57348,1.08526,0.12424,-0.70157,0.85372,0.11346,-0.7955,0.70452,0.11751,-0.39301,0.88298,-0.14733,-0.37671,0.48203,-0.17555,-0.3097,0.0838,-0.18999,-0.47217,-0.03942,-0.28025,-0.43553,0.87456,-0.00254,-0.47849,0.47469,-0.01143,-0.39814,0.08116,0.03289,-0.57697,-0.02791,-0.04361
18.8,-0.36595,0.94846,-0.05496,-0.42971,1.38916,-0.07322,-0.51349,1.59293,-0.13006,-0.37259,1.32092,-0.26046,-0.38956,1.10174,-0.36488,-0.49087,0.88479,-0.47802,-0.57342,0.75657,-0.56658,-0.50392,1.31713,0.10645,-0.57305,1.08478,0.12802,-0.70233,0.85388,0.11776,-0.79707,0.70522,0.12244,-0.39453,0.88274,-0.14544,-0.37716,0.48186,-0.17401,-0.30942,0.08378,-0.18911,-0.47192,-0.03938,-0.2794,-0.43562,0.87447,-0.00023,-0.47921,0.4747,-0.01026,-0.39906,0.08108,0.03357,-0.57788,-0.02799,-0.04294
18.82,-0.3663,0.94847,-0.05355,-0.43083,1.38911,-0.07045,-0.51525,1.59304,-0.12578,-0.37572,1.32122,-0.25842,-0.39354,1.10226,-0.36315,-0.4963,0.88518,-0.47473,-0.58033,0.75694,-0.56185,-0.50294,1.31672,0.10994,-0.57191,1.0843,0.13134,-0.70196,0.85382,0.12147,-0.79739,0.70561,0.12663,-0.39574,0.88262,-0.14367,-0.37746,0.48181,-0.17251,-0.30914,0.08384,-0.18814,-0.4716,-0.03932,-0.2785,-0.4355,0.87459,0.00193,-0.47864,0.47478,-0.00843,-0.39972,0.08077,0.03412,-0.57872,-0.02805,-0.04233
18.84,-0.36653,0.94854,-0.05218,-0.43187,1.38912,-0.0677,-0.51686,1.5932,-0.12153,-0.37883,1.32157,-0.25639,-0.39744,1.10286,-0.36151,-0.50134,0.88561,-0.47171,-0.58656,0.75723,-0.55746,-0.5018,1.31636,0.11339,-0.57048,1.08383,0.13448,-0.70113,0.85367,0.12497,-0.79716,0.70587,0.13057,-0.39681,0.88256,-0.14192,-0.37769,0.4818,-0.17103,-0.30885,0.08395,-0.18714,-0.47125,-0.03924,-0.27758,-0.43526,0.87479,0.00404,-0.4776,0.47489,-0.00638,-0.40028,0.08039,0.03461,-0.57952,-0.02809,-0.04175
18.86,-0.36681,0.94858,-0.0508,-0.43292,1.38909,-0.06494,-0.51848,1.59333,-0.11725,-0.38191,1.32189,-0.25431,-0.40137,1.10342,-0.35978,-0.5065,0.88603,-0.46851,-0.593,0.75755,-0.55283,-0.5007,1.31597,0.11683,-0.56916,1.08336,0.13768,-0.70046,0.85356,0.12856,-0.79712,0.70618,0.13465,-0.39792,0.88247,-0.14016,-0.37794,0.48178,-0.16958,-0.30858,0.08404,-0.18621,-0.47093,-0.03916,-0.27673,-0.43506,0.87494,0.00615,-0.4768,0.47499,-0.00449,-0.4009,0.08007,0.0351,-0.58034,-0.02812,-0.04119
18.88,-0.36712,0.94864,-0.0494,-0.43397,1.38908,-0.06213,-0.52006,1.59349,-0.1129,-0.38507,1.32222,-0.25218,-0.40537,1.10398,-0.35795,-0.51168,0.88638,-0.46511,-0.59944,0.75776,-0.54789,-0.49954,1.31561,0.1203,-0.56783,1.08293,0.1409,-0.69991,0.85355,0.13222,-0.79728,0.70667,0.13886,-0.3991,0.88239,-0.13835,-0.37822,0.48177,-0.16808,-0.30831,0.08415,-0.18527,-0.47061,-0.03905,-0.27586,-0.43486,0.87513,0.00832,-0.47589,0.4751,-0.00248,-0.40156,0.07974,0.03557,-0.58124,-0.02813,-0.04063
18.9,-0.36734,0.94867,-0.04804,-0.43494,1.38903,-0.05937,-0.52157,1.59358,-0.10865,-0.38805,1.32252,-0.25005,-0.40918,1.10455,-0.35621,-0.51663,0.88684,-0.462,-0.60554,0.75814,-0.54343,-0.4984,1.3152,0.12366,-0.5664,1.08241,0.14399,-0.69899,0.85332,0.13573,-0.79685,0.70678,0.14285,-0.40009,0.88231,-0.13662,-0.37843,0.48175,-0.16668,-0.30805,0.08423,-0.18441,-0.4703,-0.03896,-0.27509,-0.43462,0.87527,0.01035,-0.47511,0.47519,-0.00069,-0.40213,0.07945,0.03602,-0.58201,-0.02813,-0.04012
18.92,-0.36738,0.94865,-0.04673,-0.43581,1.38892,-0.05673,-0.52302,1.59354,-0.10466,-0.39061,1.32279,-0.24794,-0.41254,1.10518,-0.3547,-0.52118,0.88764,-0.45962,-0.61106,0.7591,-0.54022,-0.49741,1.3147,0.12678,-0.56483,1.08171,0.14686,-0.69729,0.85253,0.13885,-0.79511,0.70598,0.14616,-0.40065,0.88222,-0.13507,-0.37846,0.48172,-0.16551,-0.30785,0.08427,-0.18372,-0.47006,-0.0389,-0.27452,-0.43433,0.8753,0.0121,-0.47486,0.47525,0.00051,-0.40249,0.07933,0.0365,-0.58242,-0.02814,-0.03969
18.94,-0.36734,0.9486,-0.04545,-0.43663,1.38876,-0.05413,-0.52441,1.59343,-0.10079,-0.393,1.32302,-0.24584,-0.41571,1.10582,-0.35327,-0.52553,0.88856,-0.45752,-0.61632,0.76026,-0.5375,-0.49648,1.31414,0.12979,-0.56317,1.08092,0.14962,-0.69524,0.85151,0.14182,-0.79279,0.70478,0.1492,-0.40104,0.88213,-0.1336,-0.37843,0.48169,-0.16443,-0.30768,0.08428,-0.1831,-0.46983,-0.03887,-0.27402,-0.43402,0.87529,0.01374,-0.47478,0.47528,0.00151,-0.40277,0.07924,0.03699,-0.5827,-0.02816,-0.03929
18.96,-0.36733,0.94856,-0.04417,-0.43744,1.38861,-0.05151,-0.52579,1.59333,-0.09686,-0.39544,1.32325,-0.24372,-0.41895,1.10645,-0.35177,-0.52994,0.88941,-0.45525,-0.62166,0.76133,-0.53449,-0.49551,1.31359,0.13282,-0.56153,1.08016,0.15239,-0.69329,0.85057,0.14483,-0.79065,0.70372,0.15236,-0.40149,0.88205,-0.13211,-0.37842,0.48165,-0.16333,-0.30749,0.0843,-0.18246,-0.4696,-0.03882,-0.27351,-0.43371,0.87529,0.01541,-0.47464,0.47532,0.00259,-0.4031,0.07915,0.03746,-0.58305,-0.02817,-0.03888
18.98,-0.36732,0.94852,-0.04286,-0.43825,1.38846,-0.04886,-0.52714,1.59324,-0.09286,-0.39793,1.32347,-0.24155,-0.42226,1.10706,-0.3502,-0.53439,0.8902,-0.45282,-0.62701,0.76228,-0.53128,-0.49446,1.31306,0.13589,-0.55986,1.07943,0.15518,-0.69147,0.84974,0.14778,-0.78878,0.70287,0.15537,-0.40195,0.88195,-0.13057,-0.37842,0.48162,-0.1622,-0.30733,0.08432,-0.18182,-0.46939,-0.03877,-0.273,-0.4334,0.8753,0.01711,-0.47445,0.47536,0.00371,-0.40345,0.07904,0.03797,-0.58343,-0.02818,-0.03845
19,-0.36731,0.94847,-0.0416,-0.43905,1.3883,-0.04624,-0.52847,1.59311,-0.08899,-0.40027,1.3237,-0.23938,-0.42542,1.10771,-0.34869,-0.53872,0.89113,-0.45059,-0.63226,0.76347,-0.52839,-0.49355,1.31248,0.13885,-0.55821,1.07863,0.15788,-0.68931,0.84864,0.1508,-0.78622,0.70151,0.15859,-0.40238,0.88186,-0.12911,-0.37841,0.48159,-0.16113,-0.30717,0.08434,-0.18122,-0.46917,-0.03873,-0.27252,-0.4331,0.87529,0.01873,-0.47443,0.47539,0.00472,-0.40378,0.07896,0.03842,-0.58377,-0.02819,-0.03806
19.02,-0.36732,0.94839,-0.04045,-0.4399,1.38809,-0.04368,-0.52986,1.59288,-0.08543,-0.40226,1.32398,-0.23721,-0.42821,1.1085,-0.34733,-0.54282,0.89244,-0.44889,-0.63736,0.7653,-0.52633,-0.49305,1.31178,0.1416,-0.55661,1.07761,0.16043,-0.68627,0.84678,0.15412,-0.78186,0.69882,0.16242,-0.40279,0.88179,-0.1278,-0.37839,0.48156,-0.16016,-0.30702,0.08436,-0.18067,-0.46895,-0.03873,-0.27207,-0.43283,0.87521,0.02018,-0.47485,0.4754,0.00555,-0.40408,0.07895,0.03877,-0.58405,-0.0282,-0.03775
19.04,-0.36735,0.9483,-0.03934,-0.44077,1.38787,-0.04115,-0.53125,1.59261,-0.08198,-0.40412,1.32428,-0.23503,-0.43087,1.10935,-0.34603,-0.54683,0.89391,-0.44737,-0.64239,0.76739,-0.52457,-0.49271,1.31104,0.14427,-0.55505,1.07652,0.16291,-0.6829,0.84466,0.1575,-0.77679,0.69566,0.16642,-0.4032,0.88172,-0.12655,-0.37838,0.48154,-0.15923,-0.30689,0.08439,-0.18016,-0.46875,-0.03874,-0.27164,-0.43259,0.8751,0.02156,-0.47545,0.47541,0.0063,-0.40437,0.07898,0.03908,-0.58432,-0.0282,-0.03746
19.06,-0.36737,0.9482,-0.03822,-0.44159,1.38764,-0.0386,-0.53259,1.59234,-0.07848,-0.406,1.32454,-0.23284,-0.43357,1.11015,-0.34468,-0.55087,0.89529,-0.44571,-0.64743,0.76934,-0.52259,-0.49227,1.3103,0.14695,-0.55346,1.07546,0.16539,-0.67964,0.84268,0.16079,-0.77198,0.69273,0.17023,-0.40361,0.88163,-0.12528,-0.37837,0.48151,-0.15829,-0.30674,0.0844,-0.17965,-0.46853,-0.03875,-0.27123,-0.43234,0.87499,0.02296,-0.47599,0.47541,0.00707,-0.40466,0.07899,0.03941,-0.58459,-0.02821,-0.03715
19.08,-0.36736,0.94813,-0.0371,-0.44244,1.38742,-0.03603,-0.53396,1.59208,-0.07494,-0.40793,1.32483,-0.23064,-0.43632,1.11098,-0.34331,-0.55494,0.89669,-0.444,-0.65251,0.7713,-0.52054,-0.49182,1.30957,0.14965,-0.55179,1.0744,0.16786,-0.67628,0.84069,0.16401,-0.76706,0.68983,0.17395,-0.40399,0.88157,-0.124,-0.37831,0.4815,-0.15735,-0.30661,0.08443,-0.17913,-0.46833,-0.03874,-0.27081,-0.43205,0.87491,0.02437,-0.47648,0.47544,0.00791,-0.40499,0.07901,0.03976,-0.58491,-0.0282,-0.03682
19.1,-0.36744,0.94801,-0.03597,-0.44324,1.38718,-0.03347,-0.53524,1.59178,-0.07147,-0.40974,1.32508,-0.22841,-0.43897,1.11178,-0.3419,-0.55891,0.89808,-0.44229,-0.65748,0.77329,-0.5185,-0.49142,1.30881,0.15232,-0.55028,1.07335,0.17032,-0.67299,0.83869,0.16728,-0.7621,0.68687,0.1777,-0.40445,0.88147,-0.12272,-0.37838,0.48146,-0.15643,-0.3065,0.08444,-0.17865,-0.46814,-0.03876,-0.27041,-0.43185,0.87477,0.02576,-0.47713,0.47542,0.00862,-0.4053,0.07902,0.0401,-0.58519,-0.0282,-0.03651
19.12,-0.36776,0.94779,-0.03482,-0.4439,1.38689,-0.03092,-0.53635,1.59143,-0.06818,-0.41128,1.32528,-0.22616,-0.44141,1.11254,-0.34048,-0.56272,0.8995,-0.44062,-0.66233,0.77537,-0.51657,-0.49114,1.30805,0.15491,-0.54918,1.07237,0.17276,-0.66995,0.83669,0.17075,-0.7572,0.68382,0.18161,-0.4051,0.88131,-0.12148,-0.3788,0.48135,-0.15557,-0.3064,0.08446,-0.17827,-0.46797,-0.03884,-0.27004,-0.43192,0.87449,0.0271,-0.47824,0.47531,0.00894,-0.40559,0.07906,0.04041,-0.58541,-0.02821,-0.0363
19.14,-0.36817,0.94753,-0.03367,-0.44451,1.38658,-0.02838,-0.53738,1.59105,-0.06497,-0.41271,1.32546,-0.22391,-0.44374,1.11329,-0.33903,-0.5664,0.90092,-0.43897,-0.66704,0.77747,-0.51466,-0.4909,1.30727,0.15746,-0.54825,1.07141,0.17518,-0.66699,0.8347,0.17426,-0.75229,0.68077,0.18551,-0.40582,0.88113,-0.12026,-0.37935,0.48122,-0.15475,-0.30632,0.08447,-0.17795,-0.46781,-0.03895,-0.2697,-0.43208,0.87416,0.02842,-0.47949,0.47516,0.00913,-0.40587,0.07909,0.04071,-0.58562,-0.02823,-0.03611
19.16,-0.36855,0.9473,-0.03251,-0.44514,1.38628,-0.02583,-0.53842,1.59069,-0.06172,-0.41417,1.32565,-0.22164,-0.4461,1.11405,-0.33756,-0.57009,0.90234,-0.43725,-0.67174,0.77955,-0.51267,-0.49064,1.3065,0.16003,-0.54725,1.07045,0.1776,-0.66399,0.83275,0.17767,-0.74739,0.67781,0.18929,-0.40652,0.88097,-0.11901,-0.37986,0.48111,-0.15391,-0.30625,0.08449,-0.17759,-0.46765,-0.03903,-0.26935,-0.43222,0.87386,0.02976,-0.48067,0.47504,0.00941,-0.40619,0.07914,0.04106,-0.58588,-0.02822,-0.03586
19.18,-0.3689,0.94703,-0.03137,-0.44574,1.38595,-0.02328,-0.53947,1.59027,-0.05847,-0.41565,1.3258,-0.21938,-0.44854,1.11481,-0.33613,-0.57396,0.90381,-0.43554,-0.67671,0.78174,-0.51064,-0.49034,1.30569,0.16259,-0.54618,1.06945,0.18001,-0.66076,0.83069,0.18108,-0.74213,0.6747,0.19301,-0.40721,0.88078,-0.11779,-0.38032,0.48097,-0.15307,-0.30616,0.08448,-0.17727,-0.4675,-0.03913,-0.26901,-0.4323,0.87352,0.03108,-0.48197,0.4749,0.00961,-0.40654,0.0792,0.04143,-0.58616,-0.02821,-0.03558
19.2,-0.36932,0.94682,-0.0302,-0.44633,1.38568,-0.02073,-0.54043,1.58995,-0.05522,-0.41704,1.32602,-0.2171,-0.45078,1.11556,-0.33457,-0.57738,0.90515,-0.43373,-0.68103,0.78366,-0.50854,-0.49011,1.30495,0.16513,-0.54525,1.06854,0.18241,-0.65793,0.82889,0.18436,-0.73751,0.672,0.19659,-0.40792,0.88064,-0.11653,-0.38092,0.48087,-0.15225,-0.30612,0.08453,-0.17692,-0.46736,-0.0392,-0.26869,-0.43249,0.87325,0.03242,-0.48305,0.4748,0.00997,-0.40688,0.07924,0.04181,-0.58644,-0.02818,-0.0353
19.22,-0.36995,0.94674,-0.02894,-0.44693,1.38557,-0.01815,-0.54128,1.58984,-0.05199,-0.4183,1.32639,-0.21476,-0.45258,1.11628,-0.33269,-0.57971,0.90615,-0.43176,-0.68375,0.78488,-0.50639,-0.49008,1.3044,0.16767,-0.54465,1.06784,0.18483,-0.65618,0.82766,0.18741,-0.73471,0.67026,0.19999,-0.40877,0.88056,-0.11518,-0.38188,0.48083,-0.15141,-0.30624,0.08468,-0.17647,-0.46728,-0.03922,-0.26835,-0.43296,0.87316,0.03383,-0.4835,0.47475,0.01077,-0.40714,0.07919,0.04217,-0.58671,-0.02817,-0.03503
19.24,-0.37064,0.9467,-0.02765,-0.44751,1.38552,-0.01557,-0.54204,1.58981,-0.04876,-0.41948,1.32681,-0.21241,-0.45416,1.11696,-0.3307,-0.58158,0.90699,-0.42973,-0.68581,0.78579,-0.50419,-0.49012,1.3039,0.17018,-0.54418,1.06722,0.18726,-0.65485,0.82665,0.19037,-0.7326,0.6689,0.20333,-0.40964,0.88051,-0.1138,-0.38297,0.48082,-0.15059,-0.30641,0.08486,-0.17598,-0.46721,-0.03923,-0.26802,-0.43352,0.87313,0.03526,-0.48371,0.4747,0.01172,-0.40737,0.07909,0.0425,-0.58695,-0.02816,-0.03479
19.26,-0.3713,0.94665,-0.02637,-0.44809,1.38545,-0.01299,-0.54282,1.58975,-0.04552,-0.42068,1.32721,-0.21006,-0.4558,1.11765,-0.32873,-0.58361,0.90787,-0.42768,-0.68811,0.78679,-0.50196,-0.49012,1.30339,0.17269,-0.54366,1.06658,0.18968,-0.65334,0.82557,0.19335,-0.7302,0.66741,0.20666,-0.4105,0.88046,-0.11243,-0.38401,0.48081,-0.14976,-0.30657,0.08505,-0.1755,-0.46713,-0.03924,-0.2677,-0.43404,0.87308,0.03668,-0.48403,0.47466,0.0126,-0.40761,0.07902,0.04284,-0.58721,-0.02814,-0.03454
19.28,-0.37197,0.94658,-0.02509,-0.44867,1.38535,-0.01037,-0.54364,1.58964,-0.04228,-0.4219,1.3276,-0.20767,-0.45755,1.11839,-0.32682,-0.58581,0.90888,-0.42574,-0.69063,0.788,-0.49988,-0.49011,1.30283,0.17524,-0.5431,1.06589,0.19207,-0.65168,0.82439,0.19627,-0.72754,0.66578,0.2099,-0.41138,0.88039,-0.11105,-0.38504,0.48077,-0.14891,-0.30672,0.08521,-0.17501,-0.46707,-0.03925,-0.26735,-0.43456,0.87302,0.03812,-0.48434,0.4746,0.01348,-0.40787,0.07893,0.04319,-0.58749,-0.02813,-0.03428
19.3,-0.37265,0.94655,-0.0238,-0.44923,1.3853,-0.00784,-0.54434,1.58963,-0.03906,-0.42306,1.328,-0.20536,-0.45904,1.11899,-0.32475,-0.58754,0.90957,-0.42354,-0.69253,0.78869,-0.49747,-0.49013,1.30236,0.1777,-0.54264,1.06531,0.19451,-0.65043,0.82346,0.19923,-0.72556,0.66453,0.21321,-0.41223,0.88036,-0.10969,-0.38613,0.48078,-0.14809,-0.30693,0.08542,-0.17455,-0.46702,-0.03925,-0.26704,-0.43511,0.87299,0.03953,-0.48464,0.47457,0.01439,-0.40812,0.07887,0.04352,-0.58775,-0.0281,-0.03406
19.32,-0.37333,0.94662,-0.02245,-0.44972,1.38536,-0.00552,-0.54475,1.58987,-0.0358,-0.42405,1.32841,-0.2032,-0.45991,1.11918,-0.32223,-0.58811,0.90936,-0.42058,-0.69286,0.78803,-0.49411,-0.4902,1.3021,0.17998,-0.5424,1.06501,0.19716,-0.65014,0.82315,0.20244,-0.7252,0.66423,0.21686,-0.41296,0.88046,-0.10834,-0.38737,0.4809,-0.14729,-0.30727,0.08575,-0.17412,-0.46699,-0.03923,-0.26685,-0.43575,0.87303,0.04089,-0.48497,0.47459,0.0154,-0.40831,0.07886,0.0438,-0.58791,-0.02806,-0.03392
19.34,-0.37403,0.94673,-0.02109,-0.45021,1.38548,-0.00329,-0.54505,1.59022,-0.03257,-0.42499,1.32883,-0.20111,-0.46055,1.11923,-0.31957,-0.58823,0.90883,-0.41737,-0.69258,0.78689,-0.49044,-0.49031,1.30193,0.18216,-0.54227,1.06483,0.19986,-0.65027,0.8231,0.2057,-0.72553,0.66432,0.22061,-0.41367,0.88062,-0.10701,-0.38867,0.48107,-0.14651,-0.30767,0.08613,-0.17373,-0.46698,-0.03919,-0.26671,-0.43643,0.8731,0.04222,-0.48531,0.47464,0.01644,-0.40849,0.07889,0.04405,-0.58804,-0.02799,-0.03382
19.36,-0.37473,0.94682,-0.01975,-0.4507,1.38556,-0.00103,-0.5454,1.5905,-0.02937,-0.42595,1.32924,-0.19901,-0.46129,1.11934,-0.317,-0.58854,0.90846,-0.4143,-0.69256,0.78598,-0.48695,-0.49042,1.30172,0.18437,-0.54211,1.06459,0.2025,-0.65024,0.82294,0.2089,-0.72558,0.66423,0.22427,-0.41439,0.88075,-0.10569,-0.38995,0.48122,-0.14574,-0.30806,0.08648,-0.17334,-0.46696,-0.03915,-0.26656,-0.4371,0.87315,0.04355,-0.48566,0.47468,0.01744,-0.40868,0.0789,0.04431,-0.5882,-0.02793,-0.03371
19.38,-0.37542,0.94692,-0.01837,-0.4512,1.38566,0.00128,-0.54576,1.5908,-0.02605,-0.42695,1.32967,-0.19685,-0.46203,1.11944,-0.31434,-0.58882,0.90804,-0.41113,-0.69247,0.785,-0.48335,-0.49049,1.30151,0.18663,-0.54185,1.06435,0.20525,-0.65007,0.82274,0.21224,-0.72545,0.66411,0.2281,-0.41512,0.88089,-0.10432,-0.39125,0.48138,-0.14493,-0.30843,0.08687,-0.17294,-0.46693,-0.0391,-0.26641,-0.43776,0.87321,0.04492,-0.48599,0.47472,0.0185,-0.40889,0.07892,0.04458,-0.58837,-0.02787,-0.03359
19.4,-0.37612,0.94701,-0.01705,-0.45165,1.38575,0.00348,-0.54604,1.59109,-0.02295,-0.42782,1.33007,-0.1948,-0.46267,1.11954,-0.31182,-0.58901,0.90766,-0.40812,-0.69233,0.78408,-0.47991,-0.49062,1.30132,0.18876,-0.54181,1.06415,0.20779,-0.65026,0.82267,0.21529,-0.72581,0.66416,0.23159,-0.41582,0.88101,-0.10303,-0.39249,0.48153,-0.14417,-0.30882,0.08723,-0.17256,-0.46692,-0.03904,-0.2663,-0.43844,0.87327,0.04621,-0.48633,0.47476,0.01946,-0.40906,0.07894,0.04484,-0.5885,-0.0278,-0.03348
19.42,-0.37688,0.94701,-0.01586,-0.45205,1.38577,0.00541,-0.54621,1.5913,-0.02038,-0.42844,1.33039,-0.19296,-0.46319,1.11963,-0.30961,-0.58914,0.90736,-0.40557,-0.69222,0.78334,-0.47693,-0.49093,1.30109,0.19061,-0.54234,1.06398,0.20982,-0.65137,0.82277,0.21763,-0.72732,0.66449,0.23425,-0.41654,0.88104,-0.10187,-0.39362,0.48159,-0.14353,-0.30926,0.08744,-0.17217,-0.46699,-0.03907,-0.26621,-0.43923,0.87325,0.04735,-0.48672,0.47472,0.02017,-0.40918,0.07893,0.0451,-0.58857,-0.02778,-0.03338
19.44,-0.37765,0.947,-0.01473,-0.45241,1.3858,0.00724,-0.54631,1.59151,-0.01802,-0.42892,1.33069,-0.19123,-0.46363,1.11974,-0.30754,-0.58922,0.90712,-0.4032,-0.69211,0.78271,-0.47414,-0.4913,1.30087,0.19231,-0.54309,1.06385,0.21164,-0.65287,0.82299,0.21966,-0.72933,0.66498,0.23656,-0.41725,0.88105,-0.10079,-0.39469,0.48163,-0.14295,-0.30972,0.08763,-0.17178,-0.46707,-0.03911,-0.26614,-0.44004,0.87322,0.04842,-0.48712,0.47467,0.02076,-0.40926,0.07892,0.04534,-0.58859,-0.02776,-0.03331
19.46,-0.37841,0.947,-0.01357,-0.45278,1.38583,0.00911,-0.54642,1.59173,-0.01558,-0.42943,1.33101,-0.18946,-0.46408,1.11986,-0.30541,-0.58931,0.90688,-0.40076,-0.69202,0.78207,-0.47128,-0.49164,1.30065,0.19407,-0.54376,1.06372,0.21354,-0.65422,0.82317,0.2218,-0.73115,0.66542,0.23898,-0.41795,0.88107,-0.09967,-0.39576,0.48168,-0.14234,-0.31016,0.08784,-0.1714,-0.46715,-0.03913,-0.26606,-0.44084,0.8732,0.04952,-0.48751,0.47464,0.02141,-0.40935,0.07892,0.04558,-0.58863,-0.02774,-0.03322
19.48,-0.37917,0.94699,-0.01241,-0.45317,1.38584,0.01101,-0.54657,1.59192,-0.01307,-0.43005,1.33131,-0.18766,-0.46458,1.11992,-0.30322,-0.58933,0.90652,-0.39825,-0.69172,0.78121,-0.46834,-0.49194,1.30041,0.19588,-0.54433,1.06355,0.21552,-0.65541,0.8233,0.22412,-0.73276,0.6658,0.24167,-0.41867,0.88108,-0.09854,-0.39689,0.48173,-0.14171,-0.3106,0.08805,-0.17097,-0.46719,-0.03916,-0.26596,-0.44162,0.87317,0.05064,-0.4879,0.4746,0.02207,-0.40946,0.07891,0.04586,-0.58868,-0.02772,-0.03312
19.5,-0.37994,0.94698,-0.01127,-0.45351,1.38587,0.01282,-0.54665,1.59212,-0.01077,-0.43042,1.33162,-0.18594,-0.46496,1.12008,-0.30122,-0.58953,0.90644,-0.39594,-0.69189,0.78088,-0.46563,-0.49237,1.30019,0.19755,-0.54517,1.06343,0.21726,-0.65703,0.82355,0.22596,-0.73494,0.66634,0.2437,-0.41934,0.88109,-0.09747,-0.3979,0.48177,-0.14114,-0.31106,0.08823,-0.17063,-0.4673,-0.03919,-0.26591,-0.44246,0.87314,0.05168,-0.4883,0.47455,0.02267,-0.40951,0.07891,0.04606,-0.58868,-0.02771,-0.03305
19.52,-0.38072,0.947,-0.0102,-0.45367,1.38597,0.01439,-0.54655,1.59237,-0.00894,-0.43025,1.33198,-0.1844,-0.46505,1.12046,-0.29965,-0.59008,0.90696,-0.39407,-0.69296,0.7816,-0.46334,-0.49306,1.30007,0.19891,-0.5466,1.06346,0.21842,-0.65956,0.82407,0.22669,-0.73829,0.66726,0.24422,-0.41986,0.88113,-0.09653,-0.39859,0.48185,-0.14069,-0.31155,0.08839,-0.17054,-0.46752,-0.03924,-0.26599,-0.44343,0.87315,0.05255,-0.48865,0.47451,0.02319,-0.40943,0.07892,0.04605,-0.58858,-0.0277,-0.03308
19.54,-0.3815,0.94702,-0.00915,-0.45378,1.38607,0.01587,-0.54638,1.59261,-0.00731,-0.42982,1.33234,-0.18292,-0.46501,1.12096,-0.29829,-0.59086,0.90781,-0.39243,-0.69459,0.78294,-0.46132,-0.49389,1.29996,0.20014,-0.54831,1.06353,0.21933,-0.66254,0.82473,0.22688,-0.74225,0.66836,0.24402,-0.4203,0.88116,-0.09565,-0.39916,0.48194,-0.1403,-0.31205,0.08851,-0.17054,-0.46778,-0.0393,-0.26613,-0.44445,0.87315,0.05334,-0.48898,0.47446,0.02364,-0.40927,0.07894,0.04597,-0.58842,-0.0277,-0.03315
19.56,-0.38228,0.94703,-0.00808,-0.45391,1.38616,0.01741,-0.54625,1.59284,-0.00561,-0.42947,1.3327,-0.18139,-0.46502,1.12144,-0.29687,-0.59164,0.90863,-0.39075,-0.69619,0.78424,-0.45927,-0.49471,1.29983,0.20143,-0.54996,1.06357,0.22032,-0.66542,0.82534,0.22718,-0.74608,0.66942,0.24396,-0.42075,0.88119,-0.09474,-0.39978,0.48202,-0.13989,-0.31255,0.08865,-0.1705,-0.46802,-0.03936,-0.26625,-0.44546,0.87315,0.05415,-0.48934,0.47441,0.02411,-0.40913,0.07896,0.04592,-0.58827,-0.0277,-0.0332
19.58,-0.38308,0.94706,-0.00705,-0.45407,1.38627,0.01894,-0.54617,1.59308,-0.00379,-0.42933,1.33305,-0.1799,-0.46512,1.12176,-0.29525,-0.59196,0.90893,-0.38879,-0.69676,0.78446,-0.45678,-0.49534,1.29974,0.20275,-0.55136,1.06364,0.22147,-0.66783,0.82589,0.22798,-0.74921,0.67033,0.24459,-0.42131,0.88123,-0.09382,-0.40038,0.48211,-0.13945,-0.31298,0.0888,-0.17043,-0.4682,-0.0394,-0.26633,-0.44643,0.87317,0.055,-0.48965,0.47438,0.02469,-0.40905,0.07898,0.04593,-0.58818,-0.0277,-0.03318
19.6,-0.38383,0.94706,-0.00595,-0.45418,1.38634,0.02047,-0.54596,1.5933,-0.00225,-0.42867,1.33342,-0.17834,-0.46496,1.12245,-0.29412,-0.59334,0.91046,-0.38746,-0.69969,0.78721,-0.45526,-0.4964,1.29958,0.20396,-0.55336,1.06366,0.2222,-0.67134,0.82663,0.22757,-0.75397,0.67167,0.24354,-0.42161,0.88126,-0.09294,-0.401,0.48218,-0.13911,-0.31354,0.08893,-0.17047,-0.4685,-0.03947,-0.26653,-0.44749,0.87314,0.05575,-0.49003,0.47431,0.02501,-0.40881,0.07901,0.04583,-0.58792,-0.0277,-0.03328
19.62,-0.38447,0.94698,-0.00466,-0.45423,1.38634,0.0221,-0.5454,1.59349,-0.00136,-0.42674,1.33384,-0.17657,-0.4643,1.12406,-0.2941,-0.5969,0.91484,-0.38777,-0.70812,0.7962,-0.45597,-0.49855,1.29921,0.20492,-0.55672,1.0635,0.22189,-0.67728,0.82772,0.22408,-0.76235,0.67388,0.23805,-0.42127,0.8813,-0.09216,-0.40167,0.48225,-0.13904,-0.31442,0.08898,-0.17085,-0.4691,-0.03963,-0.26709,-0.4488,0.87296,0.05622,-0.49057,0.47411,0.0246,-0.40816,0.07907,0.04549,-0.58724,-0.02766,-0.03366
19.64,-0.38506,0.94686,-0.00328,-0.45426,1.38629,0.02377,-0.54471,1.59363,-0.00071,-0.42429,1.33428,-0.17467,-0.46328,1.12611,-0.29457,-0.60142,0.9207,-0.38868,-0.71896,0.80829,-0.45686,-0.50114,1.29876,0.20576,-0.5607,1.06329,0.22112,-0.68424,0.82905,0.2192,-0.77224,0.67665,0.23057,-0.42065,0.88132,-0.09138,-0.40234,0.48231,-0.13908,-0.31539,0.08901,-0.1714,-0.46977,-0.03981,-0.26782,-0.45018,0.87271,0.0566,-0.49114,0.47386,0.02395,-0.40731,0.07914,0.04508,-0.58637,-0.02763,-0.0341
19.66,-0.38565,0.94676,-0.00193,-0.4543,1.38625,0.02544,-0.54409,1.59378,5e-05,-0.42203,1.3347,-0.17275,-0.46218,1.12809,-0.29493,-0.6056,0.92645,-0.38932,-0.72896,0.81999,-0.45673,-0.50356,1.29834,0.20662,-0.56449,1.06313,0.22045,-0.69078,0.83043,0.21462,-0.78149,0.67946,0.22352,-0.4201,0.88135,-0.09058,-0.40299,0.48238,-0.13911,-0.31626,0.08908,-0.17194,-0.47034,-0.03996,-0.26856,-0.45149,0.87249,0.057,-0.49165,0.47364,0.02342,-0.40649,0.07921,0.04474,-0.58551,-0.02758,-0.03448
19.68,-0.38633,0.94666,-0.00065,-0.45446,1.38621,0.02712,-0.54349,1.59397,0.00102,-0.4201,1.33512,-0.17084,-0.46171,1.12984,-0.29479,-0.6082,0.93076,-0.38986,-0.73671,0.82949,-0.45564,-0.50587,1.29792,0.20751,-0.56773,1.06287,0.21994,-0.69606,0.83141,0.21031,-0.78885,0.68158,0.21658,-0.41971,0.88138,-0.0898,-0.40353,0.48247,-0.13916,-0.31699,0.08919,-0.17262,-0.47078,-0.04007,-0.26942,-0.45284,0.87228,0.05738,-0.49217,0.47342,0.02288,-0.40567,0.07929,0.04444,-0.58466,-0.02753,-0.0348
19.7,-0.38681,0.94655,0.0008,-0.45443,1.38616,0.02885,-0.54284,1.59404,0.00159,-0.41741,1.33555,-0.16876,-0.45974,1.1323,-0.29576,-0.61375,0.93888,-0.39063,-0.74875,0.84507,-0.45444,-0.50853,1.29748,0.20825,-0.5722,1.06282,0.21886,-0.70379,0.83344,0.20463,-0.79984,0.68559,0.20815,-0.4189,0.8814,-0.08892,-0.4042,0.48256,-0.13925,-0.31786,0.08927,-0.17322,-0.47131,-0.04019,-0.27027,-0.4541,0.87205,0.05777,-0.49256,0.4732,0.02232,-0.40469,0.07938,0.04413,-0.58363,-0.02748,-0.03516
19.72,-0.38676,0.94642,0.00267,-0.45386,1.38611,0.0307,-0.54202,1.59378,0.00112,-0.4128,1.33603,-0.16623,-0.45333,1.1365,-0.29956,-0.62609,0.95798,-0.3913,-0.77025,0.87804,-0.45395,-0.51197,1.297,0.20864,-0.57977,1.06338,0.21628,-0.7176,0.83819,0.19563,-0.8198,0.69448,0.19596,-0.41704,0.8814,-0.08777,-0.40528,0.48264,-0.13949,-0.31913,0.08933,-0.17363,-0.47211,-0.04034,-0.27115,-0.45514,0.8718,0.05817,-0.49267,0.47295,0.02176,-0.40334,0.07947,0.04375,-0.58217,-0.02746,-0.03568
19.74,-0.38653,0.94629,0.00471,-0.45313,1.38607,0.03263,-0.54108,1.5934,0.00024,-0.40748,1.33653,-0.16344,-0.44514,1.14155,-0.30413,-0.63884,0.98322,-0.39098,-0.79166,0.92015,-0.45234,-0.51573,1.29651,0.20881,-0.58844,1.06429,0.21288,-0.73344,0.84448,0.18477,-0.84283,0.7062,0.18143,-0.41477,0.8814,-0.08648,-0.40645,0.48278,-0.13988,-0.32046,0.08944,-0.17416,-0.47292,-0.04042,-0.27225,-0.45608,0.87156,0.05857,-0.49263,0.4727,0.02118,-0.40179,0.07958,0.04337,-0.5805,-0.02744,-0.03623
19.76,-0.3864,0.94615,0.00669,-0.45252,1.386,0.03456,-0.54013,1.59306,-0.00043,-0.40252,1.337,-0.16058,-0.43744,1.14646,-0.30791,-0.64805,1.0082,-0.3895,-0.80741,0.96143,-0.44878,-0.51935,1.29602,0.20897,-0.59647,1.06519,0.20949,-0.74779,0.8508,0.17385,-0.86367,0.71807,0.16657,-0.41269,0.88139,-0.08517,-0.40746,0.48295,-0.14034,-0.32158,0.08962,-0.17491,-0.47351,-0.04043,-0.27356,-0.45704,0.8713,0.05896,-0.49258,0.47244,0.02062,-0.40025,0.07969,0.04305,-0.57884,-0.02742,-0.03671
19.78,-0.3862,0.94603,0.00862,-0.45192,1.38594,0.03658,-0.5391,1.59272,-0.00102,-0.39767,1.33751,-0.15757,-0.42861,1.15142,-0.31134,-0.65406,1.03437,-0.38618,-0.81837,1.00385,-0.44248,-0.52285,1.2955,0.20912,-0.60401,1.06609,0.20587,-0.76028,0.85664,0.1629,-0.88155,0.72918,0.15078,-0.41051,0.88141,-0.08389,-0.40833,0.48322,-0.14099,-0.32244,0.08993,-0.176,-0.47383,-0.04031,-0.27523,-0.45788,0.87106,0.05926,-0.49244,0.4722,0.02005,-0.39856,0.07982,0.04277,-0.57703,-0.02737,-0.03715
19.8,-0.38609,0.94588,0.0107,-0.45133,1.38586,0.03854,-0.53805,1.59233,-0.00177,-0.39258,1.33793,-0.15441,-0.42073,1.15691,-0.31464,-0.65888,1.0628,-0.38216,-0.82655,1.04947,-0.43513,-0.5266,1.29506,0.20903,-0.61227,1.06738,0.20185,-0.77512,0.86503,0.15017,-0.90322,0.74496,0.13374,-0.40837,0.88138,-0.0824,-0.4092,0.48348,-0.14156,-0.32338,0.09021,-0.17698,-0.47418,-0.0402,-0.27689,-0.45881,0.87081,0.05969,-0.49226,0.47195,0.01953,-0.39691,0.07995,0.04252,-0.57523,-0.02737,-0.03754
19.82,-0.38625,0.94566,0.0132,-0.45073,1.3858,0.04038,-0.53698,1.59186,-0.00286,-0.38682,1.33814,-0.15099,-0.41581,1.16368,-0.31818,-0.66404,1.09463,-0.37937,-0.83304,1.10058,-0.42939,-0.53101,1.29482,0.20848,-0.62261,1.06964,0.19691,-0.79596,0.87985,0.13318,-0.93495,0.77297,0.11431,-0.4064,0.88119,-0.0804,-0.41023,0.48364,-0.14173,-0.32479,0.09029,-0.17732,-0.4749,-0.04024,-0.27809,-0.46005,0.87056,0.0605,-0.49201,0.47169,0.01921,-0.3954,0.08001,0.04241,-0.57357,-0.02748,-0.03778
19.84,-0.3865,0.94542,0.01587,-0.45011,1.38574,0.04222,-0.53583,1.59136,-0.00408,-0.38084,1.33828,-0.14733,-0.41148,1.17126,-0.32169,-0.66707,1.12815,-0.37599,-0.83522,1.15378,-0.42252,-0.53557,1.29468,0.2077,-0.63341,1.07243,0.19147,-0.81746,0.89844,0.11412,-0.96777,0.80875,0.09264,-0.40449,0.88094,-0.07817,-0.41122,0.48379,-0.14179,-0.32628,0.09035,-0.17749,-0.47563,-0.04028,-0.27925,-0.46137,0.87032,0.06146,-0.4917,0.47145,0.01901,-0.3939,0.08008,0.04241,-0.57189,-0.02762,-0.0379
19.86,-0.38671,0.94517,0.01845,-0.44949,1.38564,0.0441,-0.53457,1.59083,-0.0052,-0.37509,1.3384,-0.14354,-0.40608,1.17892,-0.32476,-0.6663,1.16092,-0.37052,-0.83184,1.20496,-0.41238,-0.53989,1.2945,0.20689,-0.64338,1.07523,0.18589,-0.83569,0.91734,0.09523,-0.99485,0.8457,0.07002,-0.40256,0.8807,-0.07598,-0.41204,0.48401,-0.14202,-0.32748,0.09051,-0.17797,-0.47606,-0.04022,-0.28074,-0.46259,0.87006,0.06232,-0.49133,0.47119,0.01879,-0.39229,0.08015,0.04246,-0.5701,-0.02775,-0.03796
19.88,-0.3869,0.94497,0.02106,-0.44887,1.38559,0.04612,-0.53313,1.59036,-0.00624,-0.36912,1.3386,-0.13938,-0.3989,1.18721,-0.32759,-0.66121,1.19377,-0.36341,-0.82233,1.25561,-0.39967,-0.54437,1.29432,0.2059,-0.65349,1.07844,0.17908,-0.85126,0.93642,0.07491,-1.01725,0.88464,0.04552,-0.40052,0.88052,-0.07373,-0.41282,0.48437,-0.14252,-0.32844,0.09086,-0.17888,-0.47628,-0.04004,-0.28249,-0.46379,0.86985,0.06312,-0.49076,0.47096,0.01859,-0.39047,0.08026,0.04259,-0.5681,-0.02785,-0.03795
19.9,-0.38715,0.94468,0.02365,-0.44826,1.38546,0.04802,-0.53173,1.58977,-0.00735,-0.36372,1.33859,-0.13539,-0.39351,1.19533,-0.32986,-0.65554,1.22464,-0.35463,-0.811,1.30239,-0.38438,-0.54831,1.29418,0.20497,-0.6624,1.08149,0.17373,-0.86578,0.95921,0.05618,-1.03619,0.92875,0.02259,-0.39869,0.88023,-0.07141,-0.4133,0.4846,-0.14273,-0.32938,0.09103,-0.17935,-0.47634,-0.03986,-0.28423,-0.46494,0.86956,0.06402,-0.49039,0.47069,0.01847,-0.38881,0.08034,0.04282,-0.56627,-0.02799,-0.0378
19.92,-0.38753,0.9442,0.02615,-0.44764,1.38518,0.04946,-0.53062,1.5889,-0.00871,-0.35983,1.33805,-0.13233,-0.39416,1.20265,-0.33162,-0.65398,1.25215,-0.34492,-0.80341,1.34302,-0.36755,-0.55093,1.2942,0.20449,-0.66866,1.08348,0.17334,-0.87987,0.99044,0.04346,-1.05221,0.98132,0.00723,-0.39743,0.87972,-0.06908,-0.41331,0.48443,-0.14196,-0.33074,0.09053,-0.17823,-0.47644,-0.03978,-0.28555,-0.46602,0.8691,0.06518,-0.49073,0.47032,0.01845,-0.38774,0.08036,0.04309,-0.56507,-0.02817,-0.03756
19.94,-0.38796,0.94365,0.02861,-0.447,1.38483,0.05076,-0.52955,1.58793,-0.01015,-0.35646,1.33733,-0.12959,-0.39674,1.21017,-0.33316,-0.65267,1.27819,-0.33459,-0.79543,1.3806,-0.34974,-0.55303,1.29427,0.20417,-0.67412,1.08522,0.17467,-0.8907,1.02607,0.03423,-1.0626,1.03808,-0.00324,-0.39638,0.87913,-0.06673,-0.41309,0.4841,-0.14082,-0.33222,0.0898,-0.1766,-0.47653,-0.03973,-0.2867,-0.46707,0.86859,0.06644,-0.49127,0.46992,0.01847,-0.38684,0.08036,0.04336,-0.56405,-0.02836,-0.03729
19.96,-0.38839,0.94314,0.03106,-0.44635,1.38452,0.05216,-0.52834,1.58699,-0.0115,-0.35289,1.33669,-0.12661,-0.39759,1.21836,-0.33453,-0.64807,1.30359,-0.32325,-0.78325,1.41661,-0.33044,-0.5553,1.29432,0.20374,-0.67996,1.08729,0.17494,-0.89706,1.06131,0.02553,-1.06617,1.09408,-0.01225,-0.39527,0.87859,-0.06438,-0.41288,0.48386,-0.1399,-0.33355,0.08923,-0.17538,-0.4765,-0.03962,-0.28803,-0.46812,0.86811,0.06763,-0.49164,0.46955,0.01847,-0.38578,0.08039,0.04364,-0.56286,-0.02854,-0.03702
19.98,-0.38873,0.94259,0.03362,-0.44564,1.38415,0.05368,-0.52696,1.58599,-0.0128,-0.34922,1.33601,-0.12342,-0.39767,1.22741,-0.33577,-0.64112,1.32853,-0.31051,-0.76781,1.45119,-0.30886,-0.55751,1.29432,0.20333,-0.68534,1.08911,0.17547,-0.89851,1.0975,0.01855,-1.06247,1.15083,-0.01844,-0.39401,0.878,-0.0619,-0.41274,0.48363,-0.13897,-0.33494,0.08865,-0.17402,-0.4763,-0.03948,-0.28946,-0.46909,0.86759,0.06886,-0.49194,0.46915,0.01845,-0.38458,0.08043,0.04399,-0.56151,-0.02872,-0.03668
20,-0.38926,0.9421,0.03595,-0.44499,1.38385,0.05504,-0.52569,1.58506,-0.01408,-0.34591,1.33536,-0.12048,-0.398,1.23617,-0.33654,-0.63365,1.35069,-0.29795,-0.75186,1.48117,-0.28798,-0.55955,1.29443,0.20289,-0.6913,1.09163,0.17559,-0.89708,1.13304,0.01412,-1.05424,1.20492,-0.021,-0.3931,0.87748,-0.05962,-0.41228,0.48339,-0.13802,-0.33607,0.0881,-0.17305,-0.47615,-0.03934,-0.29078,-0.47016,0.86713,0.06999,-0.49229,0.46879,0.01848,-0.3835,0.08048,0.04427,-0.56031,-0.02888,-0.0364
20.02,-0.39027,0.94179,0.03773,-0.44452,1.38376,0.05604,-0.52482,1.58433,-0.01534,-0.34341,1.33484,-0.11821,-0.39981,1.24332,-0.33655,-0.62801,1.36845,-0.28754,-0.73885,1.50465,-0.27146,-0.56128,1.29482,0.20244,-0.69905,1.09617,0.17435,-0.89634,1.16636,0.01223,-1.04624,1.25335,-0.02033,-0.39305,0.87715,-0.05786,-0.41106,0.48314,-0.13694,-0.33648,0.08764,-0.17303,-0.47633,-0.03925,-0.29164,-0.47155,0.86684,0.07088,-0.4928,0.46853,0.0187,-0.38286,0.08054,0.04438,-0.55957,-0.02901,-0.03625
20.04,-0.39145,0.94155,0.03928,-0.4441,1.38374,0.05689,-0.52408,1.58368,-0.01659,-0.34124,1.33437,-0.1162,-0.40215,1.25006,-0.33624,-0.62284,1.3843,-0.27785,-0.72674,1.52517,-0.25643,-0.56286,1.29531,0.20199,-0.7072,1.10156,0.17272,-0.89427,1.19838,0.01221,-1.03624,1.29872,-0.01735,-0.39331,0.8769,-0.05632,-0.40956,0.48289,-0.13578,-0.33664,0.08721,-0.17329,-0.47663,-0.03916,-0.29229,-0.47306,0.86661,0.07165,-0.49337,0.46832,0.01897,-0.38237,0.08062,0.04442,-0.559,-0.02912,-0.03613
20.06,-0.39255,0.94128,0.04092,-0.44364,1.38368,0.05784,-0.52321,1.58299,-0.01778,-0.33895,1.33387,-0.11402,-0.40373,1.25749,-0.33583,-0.61621,1.39991,-0.26725,-0.71278,1.5449,-0.23988,-0.56446,1.29575,0.20154,-0.71483,1.1068,0.17123,-0.88866,1.2294,0.01347,-1.02144,1.3425,-0.01249,-0.39343,0.87661,-0.05469,-0.40819,0.48264,-0.13463,-0.33689,0.08679,-0.17339,-0.47682,-0.03905,-0.29302,-0.47449,0.86635,0.07246,-0.49389,0.46809,0.01923,-0.38178,0.0807,0.04452,-0.55831,-0.02924,-0.03597
20.08,-0.39366,0.94099,0.04261,-0.44316,1.3836,0.05887,-0.5223,1.58221,-0.019,-0.33661,1.33333,-0.11172,-0.40503,1.26557,-0.33523,-0.60853,1.41527,-0.25581,-0.69736,1.56384,-0.2221,-0.56605,1.29618,0.20112,-0.72237,1.11232,0.16965,-0.87999,1.25981,0.01624,-1.00219,1.38511,-0.00531,-0.39356,0.8763,-0.05299,-0.40672,0.48237,-0.13337,-0.33704,0.08636,-0.17351,-0.47699,-0.03891,-0.29372,-0.47594,0.86608,0.07331,-0.49442,0.46785,0.01952,-0.38116,0.08078,0.04465,-0.55759,-0.02937,-0.03576
20.1,-0.3948,0.94075,0.04414,-0.44274,1.38355,0.0598,-0.52137,1.58157,-0.02006,-0.33448,1.33284,-0.10958,-0.406,1.27314,-0.33441,-0.60098,1.4285,-0.24509,-0.68277,1.57964,-0.20553,-0.56756,1.29664,0.20067,-0.72955,1.11796,0.16805,-0.87022,1.28672,0.02019,-0.98191,1.42209,0.00292,-0.39376,0.87605,-0.05145,-0.40539,0.48215,-0.13224,-0.33727,0.086,-0.17361,-0.47716,-0.0388,-0.29437,-0.47738,0.86585,0.07404,-0.49489,0.46764,0.01979,-0.38057,0.08087,0.04478,-0.55691,-0.02948,-0.03557
20.12,-0.39602,0.94065,0.04526,-0.44249,1.38363,0.0604,-0.52047,1.58138,-0.02074,-0.3328,1.33249,-0.10792,-0.40668,1.27882,-0.33352,-0.59501,1.43798,-0.23693,-0.6717,1.59058,-0.19299,-0.56898,1.29719,0.20008,-0.73607,1.12347,0.16648,-0.86226,1.30784,0.0243,-0.96537,1.45016,0.00974,-0.3941,0.87595,-0.05031,-0.40451,0.48211,-0.13157,-0.33784,0.0858,-0.17368,-0.47743,-0.03878,-0.29503,-0.47887,0.86575,0.0744,-0.49519,0.46751,0.01994,-0.38008,0.08097,0.04483,-0.55635,-0.02952,-0.03546
20.14,-0.39727,0.9406,0.0462,-0.44231,1.38374,0.06087,-0.51959,1.58136,-0.02128,-0.33131,1.33219,-0.10647,-0.40726,1.28379,-0.33257,-0.58969,1.44592,-0.22979,-0.66205,1.59948,-0.18203,-0.57033,1.29777,0.19943,-0.74226,1.12901,0.1649,-0.85471,1.32628,0.02862,-0.94985,1.47424,0.01619,-0.39452,0.87591,-0.04936,-0.40379,0.48214,-0.13107,-0.3385,0.08566,-0.17378,-0.47771,-0.03877,-0.29571,-0.48037,0.86569,0.07461,-0.49544,0.46742,0.02004,-0.37964,0.08109,0.04487,-0.55585,-0.02954,-0.03537
20.16,-0.3985,0.94052,0.04722,-0.4421,1.38382,0.06144,-0.51868,1.58124,-0.02182,-0.32976,1.33186,-0.10487,-0.40764,1.28927,-0.33148,-0.58376,1.45396,-0.22198,-0.65145,1.60829,-0.17003,-0.57168,1.29833,0.19883,-0.7483,1.13468,0.16336,-0.84547,1.34414,0.03368,-0.93177,1.49761,0.02389,-0.39491,0.87584,-0.04831,-0.40301,0.48213,-0.13046,-0.33906,0.0855,-0.17389,-0.47794,-0.03873,-0.29639,-0.48184,0.86561,0.0749,-0.49571,0.46731,0.02019,-0.37916,0.0812,0.04496,-0.55531,-0.02957,-0.03522
20.18,-0.39975,0.94045,0.04827,-0.44186,1.38391,0.06204,-0.5177,1.58113,-0.02236,-0.32816,1.33152,-0.10321,-0.40788,1.29502,-0.33024,-0.57738,1.46182,-0.2137,-0.64043,1.61662,-0.1575,-0.57303,1.2989,0.19823,-0.75427,1.1406,0.16182,-0.83486,1.36125,0.03954,-0.91162,1.51985,0.03245,-0.39528,0.87577,-0.04723,-0.40211,0.48212,-0.12979,-0.33963,0.08535,-0.17401,-0.47814,-0.03867,-0.29714,-0.48334,0.86553,0.07518,-0.49595,0.46721,0.02037,-0.37866,0.08131,0.04508,-0.55474,-0.0296,-0.03503
20.2,-0.40097,0.94037,0.0492,-0.44168,1.38397,0.06261,-0.51683,1.58102,-0.0228,-0.32673,1.33119,-0.10164,-0.40794,1.30042,-0.329,-0.57148,1.46864,-0.20616,-0.63011,1.62361,-0.14578,-0.57433,1.29942,0.19764,-0.75977,1.14628,0.16032,-0.82469,1.37577,0.0452,-0.89242,1.53854,0.04094,-0.3957,0.8757,-0.04626,-0.40149,0.48212,-0.12925,-0.34013,0.08526,-0.17419,-0.47832,-0.03861,-0.29784,-0.48477,0.86545,0.07541,-0.49622,0.4671,0.02051,-0.37821,0.08142,0.04521,-0.55424,-0.02963,-0.03484
20.22,-0.40212,0.94022,0.04985,-0.44169,1.38393,0.06305,-0.51623,1.58089,-0.0231,-0.32573,1.33085,-0.1004,-0.40794,1.3048,-0.32798,-0.56717,1.47374,-0.20055,-0.62155,1.62863,-0.13615,-0.57552,1.29972,0.19713,-0.76445,1.15114,0.15895,-0.81712,1.38644,0.04946,-0.87779,1.55202,0.04838,-0.39625,0.87555,-0.04558,-0.40162,0.48207,-0.12904,-0.34048,0.08523,-0.17447,-0.47852,-0.03859,-0.29833,-0.48609,0.86529,0.07553,-0.49663,0.46694,0.02055,-0.37793,0.08147,0.04529,-0.55392,-0.02967,-0.03472
20.24,-0.40323,0.94005,0.05037,-0.44176,1.38385,0.06343,-0.51574,1.58075,-0.02335,-0.32487,1.33052,-0.09928,-0.40785,1.30873,-0.32703,-0.56346,1.4781,-0.19577,-0.61378,1.6327,-0.12747,-0.57667,1.29996,0.19662,-0.76874,1.15567,0.1576,-0.81055,1.39541,0.05314,-0.86503,1.56311,0.05531,-0.39682,0.87538,-0.04503,-0.40204,0.48201,-0.129,-0.34077,0.08523,-0.17479,-0.47871,-0.03859,-0.29876,-0.48734,0.86512,0.07558,-0.49707,0.46675,0.02053,-0.3777,0.0815,0.04535,-0.55366,-0.02971,-0.03464
20.26,-0.40436,0.93988,0.05093,-0.4418,1.38378,0.06384,-0.5152,1.5806,-0.02362,-0.32394,1.33018,-0.09807,-0.40762,1.31291,-0.32596,-0.55937,1.48252,-0.19056,-0.60564,1.63661,-0.11835,-0.57785,1.30021,0.19607,-0.77301,1.16038,0.15621,-0.80317,1.40417,0.05727,-0.851,1.57382,0.06269,-0.39739,0.87521,-0.04443,-0.40233,0.48194,-0.12889,-0.34108,0.08521,-0.17509,-0.4789,-0.03859,-0.29922,-0.48861,0.86495,0.07564,-0.49749,0.46657,0.02053,-0.37745,0.08153,0.04542,-0.55337,-0.02976,-0.03453
20.28,-0.40549,0.93972,0.05153,-0.44185,1.38372,0.06429,-0.51461,1.58047,-0.02384,-0.3231,1.32983,-0.09688,-0.40753,1.31725,-0.3248,-0.55529,1.48682,-0.18499,-0.59731,1.64009,-0.10858,-0.57895,1.30048,0.19564,-0.77725,1.16533,0.15511,-0.79525,1.41259,0.06198,-0.83616,1.58389,0.07087,-0.39795,0.87506,-0.04379,-0.40257,0.48189,-0.12875,-0.34137,0.0852,-0.17539,-0.47905,-0.03857,-0.29969,-0.48989,0.86479,0.07573,-0.4979,0.4664,0.02057,-0.37718,0.08158,0.04553,-0.55307,-0.02979,-0.03439
20.3,-0.4066,0.93955,0.05203,-0.44188,1.38364,0.06469,-0.51413,1.58029,-0.02408,-0.32211,1.3295,-0.09563,-0.40689,1.3213,-0.32362,-0.55118,1.49074,-0.18009,-0.58951,1.64316,-0.1001,-0.58015,1.30071,0.19501,-0.78111,1.16984,0.15354,-0.78804,1.41963,0.06585,-0.82267,1.59212,0.07793,-0.39852,0.87489,-0.04325,-0.40295,0.48182,-0.12869,-0.34164,0.08519,-0.1757,-0.47922,-0.03858,-0.30011,-0.49113,0.86462,0.07575,-0.49833,0.46622,0.02054,-0.37694,0.08161,0.04562,-0.5528,-0.02984,-0.03426
20.32,-0.40761,0.93938,0.0523,-0.44182,1.38355,0.06497,-0.51387,1.58001,-0.02438,-0.32056,1.32922,-0.09416,-0.40476,1.32464,-0.32246,-0.54679,1.49423,-0.17686,-0.58287,1.6462,-0.095,-0.58164,1.3009,0.1938,-0.78427,1.17324,0.15049,-0.78279,1.42464,0.06727,-0.81275,1.59782,0.08175,-0.39906,0.87472,-0.04293,-0.40358,0.48175,-0.1288,-0.34187,0.0852,-0.17601,-0.4794,-0.03861,-0.30044,-0.49226,0.86445,0.07561,-0.49877,0.46604,0.02036,-0.37675,0.08165,0.04566,-0.55258,-0.02988,-0.03417
20.34,-0.40858,0.93921,0.05248,-0.44173,1.38346,0.06522,-0.51371,1.57969,-0.0247,-0.31885,1.32895,-0.09262,-0.40214,1.32765,-0.32129,-0.5424,1.49747,-0.17424,-0.57679,1.64913,-0.0911,-0.58319,1.30106,0.1924,-0.78708,1.17617,0.14695,-0.7784,1.42876,0.06783,-0.8044,1.60238,0.08448,-0.3996,0.87455,-0.04271,-0.40431,0.48167,-0.12899,-0.34207,0.08522,-0.17633,-0.47957,-0.03866,-0.30073,-0.49333,0.86428,0.0754,-0.49921,0.46587,0.02011,-0.37657,0.08169,0.04568,-0.55237,-0.02993,-0.0341
20.36,-0.40957,0.93903,0.05269,-0.44166,1.38335,0.06549,-0.51351,1.57936,-0.02502,-0.31729,1.32866,-0.0911,-0.39978,1.33078,-0.32006,-0.53808,1.50064,-0.17121,-0.57057,1.65184,-0.08648,-0.58467,1.30122,0.19111,-0.78988,1.17928,0.14367,-0.77361,1.43283,0.06897,-0.79541,1.60679,0.08798,-0.40014,0.87437,-0.04246,-0.40499,0.48158,-0.12916,-0.34227,0.08523,-0.17665,-0.47973,-0.0387,-0.30105,-0.49443,0.8641,0.07522,-0.49965,0.46568,0.01989,-0.37639,0.08172,0.04571,-0.55216,-0.02998,-0.03401
20.38,-0.41057,0.93885,0.05292,-0.44156,1.38325,0.06576,-0.51325,1.57903,-0.02537,-0.31555,1.32835,-0.08944,-0.39706,1.33409,-0.31869,-0.53353,1.50387,-0.16807,-0.56419,1.65453,-0.08172,-0.58623,1.30141,0.18966,-0.79281,1.18265,0.14013,-0.76862,1.43691,0.07014,-0.78603,1.61108,0.09162,-0.40069,0.87418,-0.04218,-0.4057,0.48149,-0.12931,-0.34246,0.08525,-0.17699,-0.47988,-0.03874,-0.30138,-0.49554,0.86392,0.07504,-0.50009,0.4655,0.01968,-0.37621,0.08176,0.04576,-0.55194,-0.03002,-0.0339
20.4,-0.41153,0.93869,0.05309,-0.44153,1.38316,0.06605,-0.51311,1.5787,-0.02565,-0.31417,1.32808,-0.08799,-0.39486,1.33701,-0.31742,-0.52948,1.50668,-0.16503,-0.55842,1.65681,-0.07717,-0.58759,1.30157,0.18848,-0.79518,1.18543,0.13701,-0.76416,1.4401,0.07135,-0.77782,1.6143,0.0952,-0.40122,0.87403,-0.04197,-0.40635,0.48143,-0.1295,-0.34264,0.08527,-0.17732,-0.48001,-0.03877,-0.3017,-0.4966,0.86376,0.07483,-0.50052,0.46534,0.01945,-0.37603,0.08181,0.04581,-0.55174,-0.03006,-0.03381
20.42,-0.41244,0.93857,0.05311,-0.44173,1.38307,0.06635,-0.51328,1.57843,-0.02578,-0.3138,1.32792,-0.08718,-0.39432,1.339,-0.31658,-0.52679,1.50862,-0.16226,-0.55396,1.65832,-0.0731,-0.58847,1.30162,0.18806,-0.79635,1.18668,0.13511,-0.76098,1.44159,0.07268,-0.77235,1.61564,0.09868,-0.40176,0.87393,-0.04192,-0.4069,0.4814,-0.12979,-0.34286,0.0853,-0.17762,-0.48017,-0.03879,-0.30201,-0.49758,0.86362,0.07451,-0.50099,0.46519,0.01919,-0.37591,0.08187,0.0458,-0.55157,-0.0301,-0.03378
20.44,-0.41331,0.93846,0.05306,-0.44202,1.38299,0.06665,-0.51357,1.57817,-0.02585,-0.31379,1.3278,-0.08662,-0.39433,1.34059,-0.31592,-0.5246,1.51017,-0.15969,-0.55005,1.65947,-0.06936,-0.58916,1.30163,0.18792,-0.79704,1.1873,0.13366,-0.75836,1.44239,0.07397,-0.76805,1.61623,0.10197,-0.40229,0.87384,-0.04195,-0.4074,0.48138,-0.13011,-0.34307,0.08533,-0.17792,-0.48032,-0.03882,-0.30233,-0.49851,0.86349,0.07414,-0.50144,0.46504,0.0189,-0.37581,0.08192,0.04576,-0.55143,-0.03014,-0.03378
20.46,-0.41418,0.93836,0.05304,-0.44226,1.38292,0.06695,-0.5138,1.57793,-0.02593,-0.31361,1.32768,-0.08595,-0.39406,1.34234,-0.31517,-0.5222,1.51178,-0.15704,-0.54596,1.66062,-0.0655,-0.58993,1.30167,0.18766,-0.79791,1.18818,0.13203,-0.75553,1.44337,0.07531,-0.76335,1.61696,0.10531,-0.40281,0.87376,-0.04194,-0.40791,0.48138,-0.13041,-0.34326,0.08537,-0.17821,-0.48045,-0.03884,-0.30263,-0.49944,0.86337,0.07381,-0.50189,0.46491,0.01863,-0.37569,0.08199,0.04575,-0.55127,-0.03017,-0.03375
20.48,-0.41509,0.93824,0.05303,-0.44251,1.38283,0.06727,-0.51405,1.57763,-0.02604,-0.31342,1.32754,-0.08523,-0.39382,1.34426,-0.31433,-0.51966,1.51354,-0.15421,-0.54157,1.66188,-0.0614,-0.59072,1.3017,0.1874,-0.79884,1.1892,0.13028,-0.75256,1.4444,0.07679,-0.75838,1.61766,0.10912,-0.40334,0.87367,-0.04192,-0.40844,0.48136,-0.13074,-0.34347,0.0854,-0.17853,-0.48059,-0.03886,-0.30296,-0.50041,0.86323,0.07345,-0.50237,0.46475,0.01835,-0.37556,0.08206,0.04574,-0.55109,-0.0302,-0.03372
20.5,-0.41592,0.93815,0.05299,-0.44278,1.38277,0.06757,-0.5143,1.57742,-0.02606,-0.31336,1.32744,-0.08464,-0.39365,1.34573,-0.31366,-0.51753,1.51475,-0.15175,-0.53798,1.66259,-0.05782,-0.59142,1.30172,0.18722,-0.79952,1.18979,0.12894,-0.75009,1.44494,0.07806,-0.75435,1.61792,0.11207,-0.40386,0.8736,-0.04194,-0.4089,0.48135,-0.131,-0.34366,0.08544,-0.17878,-0.48071,-0.03888,-0.30323,-0.50129,0.86312,0.07312,-0.50277,0.46463,0.01809,-0.37548,0.08212,0.04574,-0.55097,-0.03023,-0.03369
20.52,-0.41655,0.93814,0.05287,-0.44308,1.38277,0.06777,-0.51455,1.57744,-0.02587,-0.31354,1.32745,-0.08435,-0.39355,1.3461,-0.31344,-0.51637,1.5147,-0.15029,-0.53638,1.6621,-0.05557,-0.59191,1.30175,0.1872,-0.79966,1.18938,0.12851,-0.74875,1.44445,0.07872,-0.75239,1.61746,0.11264,-0.40436,0.8736,-0.04205,-0.40922,0.48134,-0.13108,-0.34382,0.08545,-0.17884,-0.4808,-0.03888,-0.30336,-0.50194,0.86309,0.07289,-0.50297,0.46461,0.01783,-0.37552,0.08217,0.04572,-0.55097,-0.03026,-0.03367
20.54,-0.4171,0.93817,0.05272,-0.44339,1.3828,0.06792,-0.5148,1.57755,-0.02559,-0.31384,1.32752,-0.0842,-0.39353,1.34603,-0.31341,-0.51563,1.51416,-0.14922,-0.53558,1.66116,-0.05388,-0.5923,1.30178,0.18726,-0.79955,1.18855,0.12848,-0.74787,1.44355,0.07913,-0.75129,1.61672,0.11231,-0.40485,0.87364,-0.0422,-0.40948,0.48135,-0.1311,-0.34397,0.08548,-0.17884,-0.48086,-0.03887,-0.30344,-0.50249,0.86312,0.07268,-0.5031,0.46464,0.01759,-0.37561,0.08222,0.04569,-0.55103,-0.03027,-0.03367
20.56,-0.41767,0.93818,0.05259,-0.44368,1.38281,0.0681,-0.51505,1.57762,-0.02534,-0.31409,1.32756,-0.08399,-0.39349,1.34613,-0.3133,-0.51472,1.51381,-0.14801,-0.53445,1.66039,-0.05197,-0.5927,1.3018,0.1873,-0.79953,1.18789,0.12832,-0.74682,1.44281,0.07965,-0.74984,1.61606,0.1124,-0.40534,0.87367,-0.04233,-0.40976,0.48135,-0.13114,-0.34412,0.08549,-0.17885,-0.48093,-0.03887,-0.30353,-0.50307,0.86311,0.07248,-0.50325,0.46464,0.01735,-0.37567,0.08227,0.04568,-0.55106,-0.03029,-0.03367
20.58,-0.41828,0.93819,0.05244,-0.44399,1.38283,0.06829,-0.51529,1.57768,-0.02511,-0.31431,1.32761,-0.08373,-0.39339,1.34633,-0.31314,-0.51368,1.51352,-0.14668,-0.53318,1.65966,-0.04992,-0.59318,1.30182,0.18729,-0.79957,1.1873,0.12799,-0.74565,1.44215,0.0803,-0.74819,1.6155,0.11257,-0.40584,0.87369,-0.04247,-0.41005,0.48135,-0.13121,-0.34428,0.08551,-0.1789,-0.48101,-0.03886,-0.30365,-0.5037,0.86312,0.07222,-0.50339,0.46465,0.01706,-0.37571,0.08233,0.04565,-0.55107,-0.03031,-0.03366
20.6,-0.41879,0.93821,0.05231,-0.44427,1.38285,0.06843,-0.51554,1.57778,-0.02483,-0.31461,1.32766,-0.08363,-0.39343,1.34623,-0.31313,-0.51301,1.51297,-0.14571,-0.53238,1.65871,-0.04833,-0.5935,1.30185,0.18738,-0.79943,1.18648,0.12811,-0.74483,1.44122,0.08062,-0.74712,1.61467,0.11236,-0.40632,0.87372,-0.04261,-0.4103,0.48135,-0.13122,-0.34441,0.08553,-0.17888,-0.48107,-0.03885,-0.3037,-0.50421,0.86312,0.07206,-0.50355,0.46466,0.01688,-0.37581,0.08238,0.04563,-0.55114,-0.03032,-0.03367
20.62,-0.41904,0.93822,0.05222,-0.44444,1.38287,0.06841,-0.51576,1.57794,-0.02448,-0.31511,1.32766,-0.08392,-0.39383,1.34539,-0.31353,-0.51315,1.51181,-0.14561,-0.53261,1.65726,-0.04781,-0.59342,1.30188,0.18768,-0.79884,1.18513,0.12934,-0.74477,1.43964,0.08003,-0.74743,1.61317,0.11131,-0.40673,0.87375,-0.04273,-0.41041,0.48133,-0.13115,-0.34443,0.08552,-0.17877,-0.48107,-0.03887,-0.3036,-0.50441,0.86312,0.07212,-0.50382,0.46465,0.01695,-0.37599,0.08239,0.04559,-0.55131,-0.03032,-0.03372
20.64,-0.41919,0.93824,0.05214,-0.44456,1.38289,0.06833,-0.51598,1.57815,-0.02411,-0.31569,1.32767,-0.08438,-0.39438,1.34426,-0.31408,-0.51365,1.51042,-0.14586,-0.53328,1.65563,-0.04774,-0.59318,1.30191,0.18806,-0.79805,1.18357,0.13101,-0.74503,1.4378,0.07912,-0.7483,1.6114,0.10991,-0.40713,0.87378,-0.04285,-0.41047,0.48131,-0.13104,-0.34441,0.08552,-0.17861,-0.48106,-0.03887,-0.30343,-0.50449,0.86312,0.07226,-0.50412,0.46465,0.01713,-0.37623,0.08239,0.04553,-0.55153,-0.03031,-0.03379
20.66,-0.41938,0.93826,0.05205,-0.44471,1.38291,0.06827,-0.5162,1.57834,-0.02376,-0.31624,1.32768,-0.08478,-0.39488,1.34327,-0.31457,-0.514,1.50914,-0.14596,-0.53379,1.65409,-0.04749,-0.59301,1.30194,0.1884,-0.79733,1.18212,0.13248,-0.74515,1.43606,0.0784,-0.74893,1.60974,0.10867,-0.40754,0.87382,-0.04298,-0.41056,0.4813,-0.13096,-0.3444,0.08551,-0.17848,-0.48106,-0.03888,-0.3033,-0.50463,0.86313,0.07235,-0.5044,0.46465,0.01726,-0.37644,0.0824,0.04548,-0.55174,-0.0303,-0.03386
20.68,-0.4196,0.93828,0.05197,-0.44486,1.38293,0.06822,-0.51641,1.57854,-0.02337,-0.31677,1.32768,-0.08514,-0.39532,1.34225,-0.31503,-0.51427,1.50781,-0.146,-0.53414,1.65246,-0.04712,-0.59286,1.30199,0.18873,-0.79663,1.1807,0.13397,-0.74522,1.43429,0.07761,-0.74946,1.60804,0.10751,-0.40796,0.87386,-0.0431,-0.41064,0.48129,-0.13087,-0.3444,0.08551,-0.17836,-0.48105,-0.03888,-0.30318,-0.50479,0.86313,0.07245,-0.5047,0.46465,0.01737,-0.37665,0.08242,0.04544,-0.55194,-0.03029,-0.03392
20.7,-0.41973,0.9383,0.05189,-0.44499,1.38295,0.06816,-0.51662,1.57872,-0.02303,-0.31736,1.32769,-0.08559,-0.3959,1.34125,-0.31554,-0.51479,1.50656,-0.14622,-0.53488,1.651,-0.04706,-0.59262,1.302,0.18912,-0.79579,1.17919,0.13557,-0.74544,1.43249,0.07694,-0.75026,1.60632,0.10621,-0.40834,0.87389,-0.04322,-0.41072,0.48127,-0.13077,-0.34438,0.0855,-0.1782,-0.48104,-0.03889,-0.30301,-0.50486,0.86314,0.07259,-0.50496,0.46465,0.01756,-0.37687,0.08242,0.04539,-0.55215,-0.03028,-0.03399
20.72,-0.41964,0.93834,0.05179,-0.4451,1.38298,0.06807,-0.51684,1.57885,-0.02282,-0.31811,1.32776,-0.08622,-0.39681,1.34044,-0.31617,-0.51591,1.50563,-0.14687,-0.53659,1.65003,-0.04777,-0.59215,1.30197,0.18969,-0.79461,1.17746,0.13733,-0.74605,1.43062,0.07662,-0.75174,1.60465,0.10452,-0.40859,0.87393,-0.04335,-0.4108,0.48124,-0.13063,-0.3443,0.08549,-0.17798,-0.48102,-0.03889,-0.30273,-0.5047,0.86319,0.0728,-0.50506,0.46468,0.01792,-0.37712,0.08237,0.04532,-0.55241,-0.03029,-0.0341
20.74,-0.41946,0.93837,0.05169,-0.44519,1.38299,0.06797,-0.51707,1.57894,-0.02265,-0.31891,1.32783,-0.08692,-0.39786,1.33967,-0.31683,-0.51727,1.5048,-0.14769,-0.53866,1.64921,-0.04878,-0.59159,1.3019,0.19033,-0.79328,1.17567,0.13919,-0.74679,1.42871,0.07642,-0.75347,1.60296,0.10272,-0.40879,0.87394,-0.04349,-0.41087,0.48119,-0.13047,-0.34419,0.08546,-0.17772,-0.48099,-0.03891,-0.30241,-0.50444,0.86323,0.07305,-0.5051,0.4647,0.01834,-0.37737,0.08228,0.04525,-0.55267,-0.03033,-0.03422
20.76,-0.41932,0.93841,0.0516,-0.44528,1.38302,0.06788,-0.51729,1.57905,-0.02245,-0.31968,1.3279,-0.08757,-0.39887,1.33888,-0.31744,-0.51852,1.50394,-0.14841,-0.54056,1.64835,-0.04963,-0.59105,1.30186,0.19094,-0.792,1.17396,0.14102,-0.74745,1.42683,0.0762,-0.75505,1.60126,0.10104,-0.40902,0.87397,-0.04361,-0.41094,0.48116,-0.13032,-0.34409,0.08544,-0.17747,-0.48096,-0.03891,-0.3021,-0.50423,0.86328,0.07328,-0.50517,0.46473,0.01874,-0.37762,0.08222,0.04519,-0.55294,-0.03034,-0.03432
20.78,-0.41919,0.93845,0.0515,-0.44542,1.38304,0.0678,-0.51751,1.57917,-0.02225,-0.3205,1.32799,-0.08823,-0.39982,1.3381,-0.31809,-0.5198,1.50299,-0.14913,-0.54257,1.64734,-0.05042,-0.59055,1.3018,0.19156,-0.79063,1.17208,0.14285,-0.74816,1.42478,0.07598,-0.75681,1.59937,0.09928,-0.40926,0.87399,-0.04374,-0.41103,0.48112,-0.13017,-0.34398,0.08543,-0.17723,-0.48092,-0.03891,-0.30179,-0.50403,0.86334,0.07352,-0.50524,0.46476,0.01916,-0.37787,0.08215,0.04512,-0.5532,-0.03035,-0.03443
20.8,-0.41901,0.93849,0.05141,-0.44545,1.38307,0.0677,-0.51773,1.57926,-0.02207,-0.32123,1.32805,-0.0889,-0.40091,1.33734,-0.31867,-0.52109,1.50225,-0.14987,-0.54442,1.64664,-0.05135,-0.58995,1.30177,0.19215,-0.78935,1.17056,0.14468,-0.74875,1.42304,0.07585,-0.75826,1.59777,0.09773,-0.40945,0.87402,-0.04386,-0.41106,0.48109,-0.13001,-0.34387,0.08541,-0.17699,-0.48088,-0.03891,-0.30149,-0.50377,0.86339,0.07376,-0.50529,0.46479,0.01954,-0.37811,0.08209,0.04507,-0.55346,-0.03036,-0.03453
20.82,-0.41871,0.93851,0.05134,-0.44517,1.3831,0.06749,-0.51794,1.57925,-0.02196,-0.32165,1.32801,-0.08963,-0.40237,1.33659,-0.31907,-0.52232,1.50204,-0.15063,-0.5457,1.64676,-0.05262,-0.58909,1.30184,0.19265,-0.78839,1.17001,0.14649,-0.74899,1.42218,0.07586,-0.75883,1.59701,0.09669,-0.40948,0.87403,-0.04396,-0.4109,0.48104,-0.12985,-0.34375,0.08535,-0.17677,-0.48083,-0.03894,-0.30123,-0.50339,0.86341,0.07399,-0.5053,0.46482,0.01974,-0.37833,0.08204,0.04505,-0.55369,-0.03037,-0.0346
20.84,-0.41836,0.93854,0.05127,-0.44479,1.38313,0.06725,-0.51815,1.57922,-0.02187,-0.32197,1.32796,-0.09039,-0.40396,1.33588,-0.31941,-0.52354,1.50205,-0.15142,-0.54679,1.64722,-0.05403,-0.58813,1.30195,0.1931,-0.78754,1.16982,0.14827,-0.74911,1.42165,0.07593,-0.75909,1.59659,0.09584,-0.40946,0.87406,-0.04405,-0.41068,0.48101,-0.12969,-0.34362,0.08529,-0.17655,-0.48076,-0.03895,-0.30098,-0.50297,0.86345,0.07421,-0.50529,0.46487,0.01988,-0.37855,0.082,0.04503,-0.55391,-0.03036,-0.03466
20.86,-0.41803,0.93857,0.0512,-0.44446,1.38317,0.06702,-0.51836,1.5792,-0.02177,-0.32234,1.32791,-0.09113,-0.40548,1.33516,-0.31975,-0.52477,1.50196,-0.15218,-0.54799,1.64751,-0.05537,-0.58722,1.30204,0.19357,-0.78663,1.16947,0.15005,-0.74928,1.42097,0.076,-0.75951,1.596,0.09495,-0.40946,0.87408,-0.04415,-0.41048,0.48098,-0.12953,-0.34349,0.08525,-0.17634,-0.4807,-0.03896,-0.30073,-0.50256,0.86348,0.07444,-0.50529,0.46491,0.02006,-0.37876,0.08196,0.04501,-0.55413,-0.03036,-0.03472
20.88,-0.4177,0.93859,0.05113,-0.44412,1.3832,0.06678,-0.51858,1.57917,-0.02166,-0.32272,1.32785,-0.0919,-0.40707,1.3344,-0.3201,-0.52605,1.50185,-0.15295,-0.5492,1.64779,-0.05671,-0.58628,1.30213,0.19404,-0.78569,1.16912,0.1519,-0.74947,1.42024,0.07603,-0.75993,1.59537,0.09393,-0.40947,0.8741,-0.04425,-0.41028,0.48094,-0.12937,-0.34334,0.08519,-0.17612,-0.48062,-0.03898,-0.30048,-0.50215,0.8635,0.07467,-0.5053,0.46495,0.02023,-0.37898,0.08191,0.04499,-0.55436,-0.03037,-0.03478
20.9,-0.41735,0.93863,0.05107,-0.44376,1.38324,0.06658,-0.51877,1.57915,-0.02155,-0.32305,1.32782,-0.09259,-0.40852,1.33373,-0.32039,-0.52724,1.50181,-0.15368,-0.55037,1.64814,-0.05803,-0.58537,1.30223,0.1945,-0.78479,1.16885,0.15358,-0.74958,1.41965,0.07617,-0.76028,1.59484,0.09325,-0.40945,0.87413,-0.04433,-0.41006,0.48092,-0.1292,-0.34321,0.08515,-0.1759,-0.48055,-0.03898,-0.30024,-0.50172,0.86355,0.0749,-0.50526,0.465,0.0204,-0.37918,0.08188,0.04499,-0.55457,-0.03036,-0.03481
20.92,-0.41696,0.93872,0.05101,-0.44341,1.38333,0.06647,-0.5189,1.57914,-0.02147,-0.32324,1.32789,-0.09311,-0.40955,1.33333,-0.3206,-0.52823,1.50191,-0.15438,-0.55149,1.64859,-0.05929,-0.58456,1.30233,0.1949,-0.78395,1.16868,0.15475,-0.74953,1.41935,0.07656,-0.7605,1.59454,0.09342,-0.40935,0.87421,-0.04441,-0.40983,0.48094,-0.12902,-0.34312,0.08514,-0.17567,-0.48048,-0.03895,-0.30001,-0.50127,0.86365,0.0751,-0.50506,0.46512,0.02052,-0.37935,0.08186,0.045,-0.55476,-0.03034,-0.03482
20.94,-0.41654,0.93882,0.05096,-0.44304,1.38343,0.06639,-0.519,1.57913,-0.02139,-0.32336,1.32797,-0.09355,-0.41041,1.33302,-0.32077,-0.52911,1.50207,-0.15504,-0.55254,1.64909,-0.06051,-0.58376,1.30243,0.19529,-0.78312,1.16856,0.15573,-0.7494,1.41917,0.07706,-0.76062,1.59435,0.09393,-0.40921,0.8743,-0.04447,-0.40957,0.48098,-0.12883,-0.34302,0.08514,-0.17543,-0.4804,-0.03892,-0.29979,-0.50079,0.86376,0.0753,-0.50479,0.46524,0.02062,-0.3795,0.08184,0.04501,-0.55493,-0.03033,-0.03482
20.96,-0.41613,0.93892,0.05091,-0.44267,1.38353,0.0663,-0.51911,1.57912,-0.0213,-0.32351,1.32805,-0.09401,-0.41133,1.33268,-0.32094,-0.53002,1.5022,-0.1557,-0.5536,1.64955,-0.06173,-0.58295,1.30253,0.19568,-0.78229,1.16843,0.1568,-0.74929,1.41894,0.07751,-0.76076,1.59412,0.09429,-0.40908,0.87439,-0.04454,-0.40931,0.48101,-0.12864,-0.34292,0.08515,-0.1752,-0.48032,-0.03888,-0.29957,-0.50031,0.86387,0.0755,-0.50454,0.46537,0.02074,-0.37966,0.08183,0.04503,-0.5551,-0.0303,-0.03481
20.98,-0.41573,0.93902,0.05085,-0.44232,1.38363,0.06621,-0.51923,1.57911,-0.02122,-0.32368,1.32813,-0.09449,-0.4123,1.33233,-0.32112,-0.53105,1.50233,-0.1564,-0.55483,1.65002,-0.06301,-0.58215,1.30264,0.19608,-0.78143,1.16826,0.15786,-0.74922,1.41868,0.07795,-0.76102,1.59383,0.09468,-0.40897,0.87448,-0.04461,-0.40905,0.48105,-0.12846,-0.34282,0.08515,-0.17496,-0.48024,-0.03884,-0.29935,-0.49984,0.86398,0.0757,-0.50431,0.46549,0.02084,-0.37983,0.08182,0.04504,-0.55529,-0.03028,-0.03481
21,-0.41531,0.93911,0.05081,-0.44194,1.38371,0.06613,-0.51933,1.57909,-0.02112,-0.32379,1.3282,-0.09492,-0.41314,1.33199,-0.32127,-0.53183,1.50246,-0.157,-0.5557,1.65047,-0.06413,-0.58135,1.30273,0.19646,-0.78064,1.16818,0.15888,-0.74905,1.41852,0.07846,-0.761,1.59367,0.09509,-0.40882,0.87456,-0.04466,-0.40881,0.48107,-0.12828,-0.34272,0.08515,-0.17474,-0.48016,-0.03881,-0.29913,-0.49936,0.86408,0.07591,-0.50405,0.46561,0.02098,-0.37998,0.08179,0.04506,-0.55545,-0.03027,-0.0348
21.02,-0.41486,0.93918,0.05081,-0.44153,1.38378,0.06607,-0.5194,1.57908,-0.02094,-0.32379,1.32824,-0.09528,-0.41371,1.33163,-0.32141,-0.53204,1.50258,-0.15738,-0.55563,1.65086,-0.06489,-0.58058,1.30281,0.19679,-0.78003,1.16831,0.15989,-0.74864,1.41855,0.0791,-0.76029,1.59375,0.09542,-0.40863,0.87459,-0.04466,-0.40865,0.48108,-0.12813,-0.3426,0.08514,-0.17454,-0.48008,-0.03879,-0.29891,-0.49886,0.86418,0.07615,-0.50374,0.4657,0.02123,-0.38011,0.08174,0.0451,-0.55559,-0.03027,-0.03483
21.04,-0.4144,0.93924,0.05083,-0.44111,1.38384,0.06602,-0.51946,1.57905,-0.02074,-0.32375,1.32827,-0.09559,-0.41415,1.33127,-0.32153,-0.53201,1.50271,-0.15767,-0.5552,1.65124,-0.06548,-0.57983,1.30289,0.1971,-0.77951,1.16855,0.16087,-0.74813,1.4187,0.0798,-0.75932,1.59396,0.09575,-0.40842,0.87462,-0.04463,-0.40853,0.48108,-0.12799,-0.34248,0.08514,-0.17436,-0.48001,-0.03878,-0.29869,-0.49836,0.86427,0.0764,-0.50341,0.46579,0.02151,-0.38023,0.08167,0.04514,-0.55571,-0.03028,-0.03485
21.06,-0.41394,0.93931,0.05084,-0.44069,1.38391,0.06597,-0.51951,1.57904,-0.02055,-0.32372,1.32832,-0.09591,-0.41464,1.33093,-0.32165,-0.53207,1.50285,-0.15799,-0.5549,1.65164,-0.06612,-0.57908,1.30297,0.19741,-0.77896,1.16877,0.16183,-0.74765,1.41883,0.08047,-0.75846,1.59415,0.09609,-0.40821,0.87466,-0.04461,-0.40838,0.48109,-0.12785,-0.34235,0.08514,-0.17418,-0.47993,-0.03875,-0.29848,-0.49786,0.86437,0.07664,-0.50309,0.46589,0.02176,-0.38034,0.08162,0.04518,-0.55583,-0.03028,-0.03488
21.08,-0.41349,0.93938,0.05085,-0.44028,1.38398,0.06591,-0.51957,1.57903,-0.02036,-0.32371,1.32836,-0.09626,-0.41516,1.33051,-0.32178,-0.53221,1.50293,-0.15837,-0.55475,1.65198,-0.06687,-0.57831,1.30306,0.19773,-0.77834,1.16886,0.1629,-0.74722,1.41882,0.08113,-0.75763,1.5942,0.09638,-0.40803,0.87469,-0.04459,-0.40826,0.4811,-0.1277,-0.34223,0.08514,-0.17397,-0.47986,-0.03873,-0.29824,-0.49736,0.86447,0.07689,-0.50275,0.46599,0.02205,-0.38048,0.08155,0.04524,-0.55597,-0.03029,-0.0349
21.1,-0.41303,0.93943,0.05088,-0.43987,1.38403,0.06589,-0.51965,1.57899,-0.02014,-0.32367,1.32839,-0.09653,-0.41561,1.33025,-0.32187,-0.53213,1.50313,-0.15858,-0.55423,1.65242,-0.06734,-0.57758,1.30312,0.19806,-0.7779,1.16924,0.16375,-0.74666,1.41913,0.08185,-0.75668,1.59456,0.09679,-0.4078,0.87471,-0.04456,-0.40809,0.4811,-0.12756,-0.3421,0.08513,-0.1738,-0.47977,-0.03872,-0.29804,-0.49686,0.86455,0.07714,-0.50246,0.46607,0.02229,-0.38058,0.08149,0.04528,-0.55609,-0.03029,-0.03491
21.12,-0.41257,0.93944,0.05093,-0.43949,1.38404,0.06596,-0.51979,1.57888,-0.01984,-0.32361,1.32841,-0.09669,-0.41591,1.33037,-0.32188,-0.53153,1.50368,-0.1584,-0.55288,1.65308,-0.06717,-0.57691,1.3031,0.19841,-0.77796,1.17032,0.16403,-0.74585,1.42029,0.08267,-0.75559,1.59574,0.09743,-0.40749,0.87472,-0.04451,-0.40784,0.48109,-0.12745,-0.34196,0.0851,-0.1737,-0.47968,-0.03872,-0.29791,-0.49636,0.86456,0.07732,-0.50233,0.4661,0.02238,-0.38061,0.08147,0.04529,-0.55615,-0.03027,-0.03489
21.14,-0.41211,0.93942,0.05099,-0.43913,1.38401,0.06607,-0.51997,1.57872,-0.01952,-0.32353,1.32841,-0.0968,-0.41615,1.33065,-0.32185,-0.53072,1.50436,-0.15805,-0.55118,1.65383,-0.06673,-0.57629,1.30303,0.19877,-0.77823,1.17169,0.16409,-0.74491,1.42176,0.08354,-0.75435,1.59724,0.09818,-0.40715,0.8747,-0.04446,-0.40756,0.48107,-0.12736,-0.34181,0.08506,-0.17365,-0.47959,-0.03874,-0.29781,-0.49586,0.86453,0.07748,-0.50226,0.46611,0.0224,-0.38061,0.08145,0.04527,-0.5562,-0.03025,-0.03486
21.16,-0.41166,0.93941,0.05104,-0.43878,1.38399,0.06616,-0.52016,1.57857,-0.01922,-0.32346,1.32843,-0.09692,-0.41643,1.33091,-0.32182,-0.52999,1.50501,-0.15774,-0.54962,1.65456,-0.06637,-0.57567,1.30298,0.19911,-0.77843,1.17297,0.16422,-0.744,1.42311,0.08437,-0.7531,1.59863,0.09889,-0.40682,0.87469,-0.04442,-0.4073,0.48105,-0.12728,-0.34168,0.08503,-0.17358,-0.47951,-0.03875,-0.29772,-0.49537,0.86452,0.07764,-0.50219,0.46612,0.02244,-0.38063,0.08142,0.04526,-0.55626,-0.03023,-0.03484
21.18,-0.41121,0.93941,0.05109,-0.43841,1.38399,0.06623,-0.5203,1.57847,-0.01887,-0.32343,1.32844,-0.09708,-0.41669,1.33098,-0.32186,-0.52932,1.50552,-0.1576,-0.54815,1.65517,-0.06624,-0.575,1.30294,0.19948,-0.77851,1.17415,0.1645,-0.7432,1.42436,0.08526,-0.75209,1.59991,0.09951,-0.40653,0.87469,-0.04437,-0.40704,0.48103,-0.12717,-0.34153,0.08499,-0.17349,-0.47942,-0.03876,-0.29759,-0.49488,0.86453,0.07783,-0.50207,0.46614,0.02252,-0.38067,0.08139,0.04526,-0.55634,-0.03021,-0.0348
21.2,-0.41074,0.93938,0.05116,-0.43806,1.38395,0.06636,-0.52051,1.57825,-0.0186,-0.3233,1.32844,-0.09713,-0.41696,1.33146,-0.32174,-0.52846,1.50634,-0.15706,-0.54637,1.65602,-0.06557,-0.57442,1.30286,0.19981,-0.77884,1.17561,0.16447,-0.74208,1.42589,0.08608,-0.75048,1.60145,0.10036,-0.40615,0.87467,-0.04432,-0.40676,0.48101,-0.1271,-0.34139,0.08495,-0.17345,-0.47932,-0.03878,-0.29751,-0.49438,0.86449,0.07797,-0.50204,0.46613,0.02251,-0.38065,0.08138,0.04526,-0.55636,-0.03019,-0.03477
21.22,-0.41022,0.93926,0.05127,-0.4377,1.38381,0.06661,-0.52087,1.57773,-0.01855,-0.32291,1.3284,-0.09689,-0.41729,1.33303,-0.32117,-0.52719,1.50796,-0.15549,-0.54375,1.65753,-0.06355,-0.57404,1.30263,0.20003,-0.77981,1.17788,0.16364,-0.74006,1.42815,0.08671,-0.74723,1.60369,0.10187,-0.40555,0.8746,-0.04424,-0.40645,0.48096,-0.12712,-0.34125,0.08488,-0.17354,-0.47922,-0.03884,-0.29757,-0.49385,0.86432,0.078,-0.50224,0.46603,0.02222,-0.38049,0.08141,0.04524,-0.55621,-0.03017,-0.03476
21.24,-0.40968,0.93911,0.0514,-0.43735,1.38364,0.06692,-0.52129,1.57708,-0.01858,-0.32242,1.32835,-0.09653,-0.4176,1.33501,-0.32042,-0.52573,1.50987,-0.15349,-0.54081,1.65924,-0.06098,-0.57375,1.30235,0.2002,-0.78099,1.18043,0.16253,-0.7377,1.43063,0.0873,-0.74339,1.60612,0.10363,-0.40487,0.87452,-0.04414,-0.40612,0.48091,-0.12717,-0.34112,0.08481,-0.17368,-0.47911,-0.03892,-0.29769,-0.4933,0.86412,0.07799,-0.50252,0.46589,0.02182,-0.38027,0.08145,0.04522,-0.55599,-0.03014,-0.03476
21.26,-0.40915,0.93898,0.05152,-0.43702,1.3835,0.0672,-0.52169,1.57648,-0.01859,-0.32198,1.32832,-0.09621,-0.41788,1.33683,-0.31973,-0.52433,1.51162,-0.15166,-0.53803,1.66079,-0.05861,-0.57345,1.30209,0.20038,-0.78203,1.18284,0.16158,-0.73549,1.43292,0.08793,-0.73982,1.60836,0.10527,-0.40423,0.87444,-0.04406,-0.4058,0.48087,-0.12722,-0.34098,0.08475,-0.17381,-0.479,-0.03897,-0.29779,-0.49277,0.86393,0.07799,-0.50276,0.46578,0.02146,-0.38007,0.0815,0.04519,-0.5558,-0.03011,-0.03475
21.28,-0.40863,0.93884,0.05164,-0.43663,1.38334,0.06746,-0.52206,1.57589,-0.01855,-0.32156,1.32825,-0.09595,-0.41826,1.33861,-0.31905,-0.52293,1.51341,-0.14987,-0.53513,1.66242,-0.05635,-0.57305,1.30185,0.2006,-0.78307,1.18552,0.16071,-0.73314,1.43541,0.08863,-0.73606,1.61077,0.10701,-0.40362,0.87436,-0.04397,-0.4055,0.48081,-0.12724,-0.34085,0.08467,-0.17391,-0.4789,-0.03905,-0.29786,-0.49223,0.86374,0.07801,-0.50303,0.46566,0.02113,-0.3799,0.08154,0.04516,-0.55562,-0.03008,-0.03476
21.3,-0.40809,0.93869,0.05178,-0.43636,1.38317,0.06779,-0.5225,1.57523,-0.01861,-0.32109,1.32822,-0.09553,-0.4184,1.34056,-0.31826,-0.52148,1.5151,-0.14784,-0.53239,1.66382,-0.0537,-0.57288,1.30154,0.20074,-0.78407,1.18774,0.1597,-0.73094,1.43744,0.08926,-0.73251,1.61271,0.10867,-0.40292,0.87427,-0.04386,-0.40516,0.48076,-0.1273,-0.34072,0.0846,-0.17407,-0.4788,-0.03911,-0.29799,-0.49169,0.86354,0.07798,-0.50326,0.46553,0.02073,-0.37965,0.08159,0.04514,-0.55539,-0.03004,-0.03474
21.32,-0.40752,0.9385,0.05196,-0.43644,1.38293,0.06825,-0.52312,1.57439,-0.01893,-0.32051,1.32828,-0.0947,-0.41791,1.3429,-0.31726,-0.52003,1.51647,-0.14528,-0.53017,1.66461,-0.05014,-0.57332,1.301,0.20066,-0.785,1.18861,0.15832,-0.72926,1.43823,0.08967,-0.72967,1.6134,0.11002,-0.40198,0.87416,-0.04371,-0.40472,0.48071,-0.12746,-0.34059,0.08452,-0.17438,-0.47873,-0.03919,-0.29826,-0.49117,0.86329,0.07782,-0.50339,0.46536,0.02016,-0.37924,0.08163,0.04511,-0.55501,-0.03001,-0.03467
21.34,-0.40694,0.93829,0.05217,-0.43665,1.38265,0.06878,-0.5238,1.57346,-0.01935,-0.31991,1.32835,-0.0937,-0.41719,1.34538,-0.31614,-0.51859,1.5177,-0.14249,-0.52819,1.66513,-0.0462,-0.57399,1.30037,0.20049,-0.78591,1.18896,0.15678,-0.72778,1.43855,0.09,-0.72714,1.6136,0.11128,-0.40096,0.87402,-0.04353,-0.40424,0.48066,-0.12765,-0.34047,0.08443,-0.17476,-0.47867,-0.03926,-0.29858,-0.49066,0.86301,0.07762,-0.50348,0.46516,0.01953,-0.37875,0.08166,0.0451,-0.55458,-0.02998,-0.03458
21.36,-0.40637,0.93808,0.05238,-0.43682,1.38238,0.06929,-0.52447,1.57256,-0.01973,-0.31934,1.32841,-0.09277,-0.41656,1.34777,-0.31504,-0.51717,1.51892,-0.13978,-0.52616,1.66567,-0.0424,-0.57457,1.29976,0.20035,-0.78683,1.18952,0.15533,-0.72626,1.43901,0.09039,-0.72456,1.61394,0.11262,-0.39998,0.87389,-0.04334,-0.40377,0.48061,-0.12781,-0.34035,0.08434,-0.17512,-0.4786,-0.03934,-0.29888,-0.49015,0.86273,0.07744,-0.5036,0.46497,0.01892,-0.3783,0.08169,0.04508,-0.55417,-0.02995,-0.03449
21.38,-0.4058,0.93789,0.05256,-0.43695,1.38213,0.06977,-0.52506,1.57167,-0.02015,-0.31874,1.32848,-0.09187,-0.41596,1.35026,-0.31392,-0.51572,1.52022,-0.13702,-0.52405,1.66629,-0.03856,-0.57511,1.29919,0.2002,-0.78772,1.19022,0.15385,-0.72459,1.43956,0.09081,-0.72171,1.61435,0.11401,-0.39901,0.87377,-0.04318,-0.40333,0.48057,-0.12801,-0.34021,0.08428,-0.17549,-0.47852,-0.03939,-0.29919,-0.48963,0.86248,0.07725,-0.50368,0.4648,0.01832,-0.37784,0.08174,0.04504,-0.55376,-0.0299,-0.03444
21.4,-0.40521,0.93767,0.0528,-0.4372,1.38184,0.07028,-0.52578,1.57073,-0.02054,-0.31819,1.32855,-0.09089,-0.41522,1.3526,-0.31278,-0.51436,1.52124,-0.13428,-0.52223,1.66655,-0.03467,-0.57578,1.29855,0.20003,-0.7886,1.19052,0.15238,-0.72327,1.43976,0.09119,-0.71951,1.61441,0.11532,-0.39797,0.87364,-0.04297,-0.4028,0.48052,-0.12816,-0.34008,0.08419,-0.17587,-0.47844,-0.03947,-0.29953,-0.4891,0.86219,0.07707,-0.5038,0.4646,0.01765,-0.37735,0.08179,0.04501,-0.55332,-0.02986,-0.03435
21.42,-0.40458,0.9374,0.05317,-0.43774,1.38148,0.07086,-0.52681,1.56971,-0.02083,-0.31775,1.32861,-0.08972,-0.41413,1.35455,-0.31169,-0.51321,1.52161,-0.13166,-0.52113,1.66599,-0.03071,-0.5768,1.29773,0.19981,-0.78941,1.18985,0.15094,-0.72288,1.43917,0.09141,-0.71904,1.6137,0.11634,-0.39679,0.87349,-0.04264,-0.40207,0.48047,-0.12823,-0.33997,0.08409,-0.17628,-0.47833,-0.03956,-0.29995,-0.48852,0.86181,0.07692,-0.50397,0.46436,0.01675,-0.37679,0.08185,0.04502,-0.55281,-0.02982,-0.0342
21.44,-0.40393,0.93712,0.0536,-0.4384,1.38109,0.07146,-0.52797,1.56866,-0.0211,-0.31736,1.32868,-0.08849,-0.41294,1.35634,-0.3106,-0.51217,1.52171,-0.12911,-0.52033,1.66509,-0.02676,-0.57796,1.29686,0.19955,-0.79021,1.1888,0.14953,-0.72285,1.43827,0.09157,-0.71922,1.61271,0.11723,-0.39555,0.87336,-0.04225,-0.40126,0.48043,-0.12826,-0.33986,0.08398,-0.17669,-0.47821,-0.03965,-0.30039,-0.48791,0.8614,0.07678,-0.50416,0.46412,0.01577,-0.37621,0.08194,0.04504,-0.55228,-0.02976,-0.03402
21.46,-0.40328,0.93684,0.05401,-0.43901,1.3807,0.07203,-0.52907,1.56761,-0.0214,-0.31697,1.32874,-0.0873,-0.41183,1.35816,-0.30949,-0.51113,1.52187,-0.12654,-0.51944,1.66427,-0.02286,-0.57904,1.29601,0.19929,-0.79101,1.18793,0.14811,-0.72266,1.43751,0.09177,-0.71911,1.61183,0.11816,-0.39433,0.87321,-0.04188,-0.40049,0.48039,-0.12831,-0.33974,0.08389,-0.17712,-0.47809,-0.03974,-0.30083,-0.4873,0.861,0.07665,-0.50434,0.46388,0.01483,-0.37564,0.08203,0.04505,-0.55176,-0.0297,-0.03386
21.48,-0.40267,0.93657,0.05439,-0.43962,1.38033,0.0726,-0.53011,1.56655,-0.02176,-0.31655,1.32881,-0.08608,-0.41058,1.36016,-0.30836,-0.51003,1.52208,-0.1239,-0.51863,1.66339,-0.01876,-0.58016,1.29517,0.19899,-0.79177,1.18699,0.14656,-0.72248,1.43668,0.09191,-0.71904,1.61089,0.11907,-0.39313,0.87308,-0.04153,-0.39969,0.48035,-0.12837,-0.33962,0.08379,-0.17757,-0.47796,-0.03982,-0.30131,-0.48674,0.86062,0.07647,-0.50446,0.46365,0.01383,-0.37504,0.08213,0.04504,-0.55121,-0.02962,-0.03371
21.5,-0.40196,0.93627,0.05484,-0.44026,1.37991,0.07312,-0.53128,1.56546,-0.02206,-0.31621,1.32884,-0.08494,-0.40961,1.36171,-0.30726,-0.50915,1.52204,-0.12147,-0.5178,1.66245,-0.01513,-0.58122,1.29428,0.19872,-0.79257,1.1861,0.14524,-0.72238,1.43586,0.09211,-0.71907,1.60996,0.11997,-0.39187,0.87292,-0.04113,-0.39891,0.4803,-0.12841,-0.33947,0.0837,-0.178,-0.47781,-0.03991,-0.30174,-0.48605,0.86019,0.07639,-0.50467,0.4634,0.0129,-0.37445,0.08222,0.04505,-0.55069,-0.02954,-0.03355
21.52,-0.40097,0.93587,0.05543,-0.4409,1.37938,0.07348,-0.53279,1.56424,-0.0222,-0.316,1.32872,-0.08405,-0.40937,1.36208,-0.30631,-0.50871,1.52149,-0.11961,-0.51657,1.66155,-0.01275,-0.5821,1.29326,0.19849,-0.79354,1.18547,0.14459,-0.72234,1.43517,0.09247,-0.71909,1.60918,0.12087,-0.39042,0.87271,-0.04061,-0.39822,0.48022,-0.12843,-0.3392,0.0836,-0.17837,-0.4776,-0.04006,-0.30199,-0.48504,0.85963,0.07652,-0.50511,0.46306,0.01213,-0.37391,0.08228,0.04503,-0.55022,-0.02947,-0.0334
21.54,-0.39986,0.93543,0.05608,-0.44155,1.37879,0.07377,-0.53442,1.56297,-0.02228,-0.31586,1.32854,-0.08324,-0.4094,1.36199,-0.30542,-0.50846,1.52071,-0.118,-0.51527,1.66062,-0.01086,-0.5829,1.29219,0.19828,-0.79453,1.18488,0.14417,-0.72236,1.43446,0.09287,-0.71918,1.6084,0.12174,-0.38888,0.87247,-0.04004,-0.39755,0.48013,-0.12844,-0.33889,0.0835,-0.17871,-0.47735,-0.04023,-0.3022,-0.48388,0.85902,0.07674,-0.50561,0.46269,0.01142,-0.37336,0.08234,0.04499,-0.54975,-0.02941,-0.03327
21.56,-0.3988,0.93501,0.05671,-0.44221,1.37822,0.07408,-0.53599,1.5617,-0.02241,-0.3157,1.32838,-0.08241,-0.40931,1.36208,-0.30452,-0.50816,1.52,-0.11631,-0.5141,1.65966,-0.0088,-0.58373,1.29114,0.19805,-0.79548,1.18421,0.14362,-0.72237,1.43371,0.09324,-0.71929,1.60757,0.12259,-0.38738,0.87224,-0.03949,-0.39687,0.48005,-0.12846,-0.33859,0.08341,-0.17908,-0.47711,-0.04038,-0.30244,-0.48278,0.85844,0.07693,-0.50606,0.46235,0.01068,-0.37279,0.08241,0.04493,-0.54926,-0.02933,-0.03316
21.58,-0.39776,0.93458,0.05732,-0.44281,1.37763,0.07438,-0.53754,1.5604,-0.02257,-0.31548,1.32821,-0.08158,-0.40919,1.36223,-0.3036,-0.5077,1.51934,-0.11454,-0.51251,1.65874,-0.00663,-0.58454,1.29009,0.19779,-0.7965,1.18372,0.14311,-0.72229,1.43308,0.09362,-0.7192,1.60685,0.12349,-0.38589,0.87201,-0.03895,-0.39616,0.47997,-0.12849,-0.33827,0.08332,-0.17948,-0.47686,-0.04053,-0.30269,-0.48169,0.85784,0.07708,-0.50654,0.46201,0.00988,-0.37219,0.08251,0.04483,-0.54875,-0.02923,-0.03308
21.6,-0.39666,0.93415,0.05799,-0.44353,1.37703,0.07466,-0.53912,1.5591,-0.02272,-0.31541,1.32803,-0.08078,-0.40921,1.36211,-0.30275,-0.50763,1.51849,-0.11304,-0.51179,1.65769,-0.00485,-0.58538,1.28898,0.19757,-0.79736,1.18284,0.14255,-0.72243,1.43215,0.09395,-0.71957,1.60585,0.12422,-0.38438,0.87177,-0.03835,-0.3955,0.47989,-0.12849,-0.33795,0.08323,-0.17982,-0.4766,-0.04067,-0.30292,-0.48054,0.85725,0.07734,-0.50697,0.46168,0.0092,-0.37162,0.0826,0.04475,-0.54825,-0.02914,-0.03299
21.62,-0.39543,0.93373,0.0588,-0.44459,1.37638,0.07497,-0.54083,1.55788,-0.02285,-0.31574,1.32791,-0.08004,-0.4096,1.36134,-0.30209,-0.50854,1.51719,-0.1122,-0.5135,1.65633,-0.00398,-0.58637,1.28772,0.19751,-0.7978,1.18085,0.14179,-0.72315,1.43043,0.09417,-0.72115,1.60414,0.12451,-0.38285,0.87151,-0.0376,-0.39499,0.4798,-0.12838,-0.33766,0.08315,-0.18001,-0.4763,-0.04078,-0.30309,-0.47927,0.85671,0.07784,-0.50726,0.46139,0.00883,-0.37113,0.08263,0.04477,-0.54781,-0.02912,-0.03284
21.64,-0.39415,0.9333,0.05968,-0.44576,1.37569,0.07528,-0.54258,1.55666,-0.02296,-0.31622,1.32777,-0.07932,-0.41012,1.36029,-0.30148,-0.50982,1.51568,-0.11162,-0.51609,1.65483,-0.00348,-0.58739,1.28637,0.19752,-0.79808,1.17845,0.141,-0.72409,1.42841,0.09434,-0.72317,1.60213,0.12463,-0.38131,0.87122,-0.03678,-0.39453,0.4797,-0.12822,-0.33737,0.08306,-0.18012,-0.47599,-0.04088,-0.30321,-0.47794,0.85616,0.07845,-0.50751,0.46111,0.0086,-0.37068,0.08262,0.04484,-0.54741,-0.02913,-0.03266
21.66,-0.3929,0.93288,0.06053,-0.44688,1.37501,0.07558,-0.54428,1.55542,-0.02309,-0.31664,1.32763,-0.07861,-0.41058,1.35936,-0.30086,-0.51095,1.51426,-0.11096,-0.5183,1.65338,-0.00284,-0.58839,1.28506,0.19748,-0.79841,1.17623,0.14022,-0.72494,1.42651,0.09451,-0.72499,1.60024,0.1248,-0.37979,0.87095,-0.03599,-0.39404,0.47962,-0.12808,-0.33707,0.08299,-0.18027,-0.47567,-0.04096,-0.30336,-0.47664,0.85562,0.07902,-0.50778,0.46084,0.00831,-0.37021,0.08266,0.04487,-0.54698,-0.02911,-0.03252
21.68,-0.39163,0.93245,0.06139,-0.44801,1.3743,0.07588,-0.54605,1.55412,-0.02323,-0.31706,1.32748,-0.07788,-0.41104,1.35837,-0.30024,-0.51197,1.5128,-0.11025,-0.52036,1.65189,-0.00217,-0.5894,1.2837,0.19745,-0.79875,1.17399,0.13942,-0.72575,1.42459,0.09472,-0.72676,1.59832,0.12498,-0.37821,0.87067,-0.03518,-0.39358,0.47954,-0.12797,-0.33676,0.08293,-0.18045,-0.47535,-0.04104,-0.30354,-0.47532,0.85506,0.07958,-0.50804,0.46057,0.00798,-0.36969,0.0827,0.04487,-0.54651,-0.02908,-0.03238
21.7,-0.3904,0.93204,0.06224,-0.44912,1.3736,0.07613,-0.54766,1.55292,-0.0234,-0.31751,1.32732,-0.07721,-0.41151,1.35739,-0.29967,-0.51328,1.51134,-0.10973,-0.52291,1.65038,-0.0017,-0.59038,1.28239,0.1974,-0.799,1.17167,0.13864,-0.72666,1.42262,0.0948,-0.7287,1.59635,0.12505,-0.37675,0.8704,-0.03439,-0.39306,0.47946,-0.12779,-0.33645,0.08286,-0.18058,-0.47504,-0.04112,-0.30366,-0.47403,0.85453,0.08018,-0.50831,0.46033,0.00775,-0.36924,0.08274,0.04488,-0.5461,-0.02905,-0.03227
21.72,-0.38929,0.93167,0.06306,-0.45017,1.37296,0.0763,-0.5489,1.55196,-0.02362,-0.31797,1.32713,-0.07668,-0.41205,1.35653,-0.2992,-0.51535,1.5099,-0.10963,-0.52665,1.64886,-0.00164,-0.59128,1.28121,0.19734,-0.79904,1.16922,0.13795,-0.72781,1.42058,0.09461,-0.73105,1.59428,0.1249,-0.3756,0.87016,-0.03365,-0.39236,0.47932,-0.12738,-0.33614,0.08271,-0.18056,-0.47481,-0.04122,-0.3036,-0.47284,0.85406,0.08093,-0.50864,0.46011,0.00781,-0.36899,0.08274,0.0449,-0.54586,-0.02906,-0.03221
21.74,-0.38823,0.93131,0.06387,-0.45121,1.37232,0.07644,-0.54999,1.55109,-0.02384,-0.31846,1.32693,-0.0762,-0.41262,1.35569,-0.29877,-0.5177,1.50845,-0.10968,-0.53083,1.64729,-0.00175,-0.59215,1.28006,0.19727,-0.79899,1.1667,0.13729,-0.72906,1.41848,0.09431,-0.73358,1.59214,0.12466,-0.37457,0.86993,-0.03293,-0.39159,0.47916,-0.1269,-0.33584,0.08254,-0.18048,-0.47461,-0.04133,-0.30347,-0.47169,0.85359,0.08173,-0.50898,0.4599,0.00798,-0.36881,0.08272,0.04493,-0.54569,-0.02908,-0.03217
21.76,-0.38716,0.93095,0.06468,-0.45225,1.37168,0.07659,-0.55114,1.55018,-0.02405,-0.31894,1.32674,-0.07569,-0.41316,1.35483,-0.29832,-0.51989,1.50698,-0.10966,-0.53477,1.64569,-0.00179,-0.59303,1.27888,0.19721,-0.79897,1.16421,0.13663,-0.73026,1.4164,0.09406,-0.73602,1.59001,0.12445,-0.3735,0.8697,-0.0322,-0.39085,0.47901,-0.12646,-0.33554,0.08239,-0.18044,-0.4744,-0.04143,-0.30337,-0.47053,0.85313,0.0825,-0.50933,0.45971,0.00809,-0.36859,0.08272,0.04495,-0.54548,-0.02908,-0.03212
21.78,-0.38605,0.93059,0.06551,-0.4533,1.37101,0.07674,-0.55232,1.54924,-0.02427,-0.31943,1.32653,-0.07518,-0.41375,1.35397,-0.29785,-0.52217,1.50548,-0.10965,-0.5389,1.64401,-0.00182,-0.5939,1.27768,0.19716,-0.7989,1.16166,0.13595,-0.73144,1.41427,0.09385,-0.73847,1.58782,0.12432,-0.3724,0.86947,-0.03145,-0.39012,0.47887,-0.126,-0.33524,0.08224,-0.18037,-0.47419,-0.04154,-0.30325,-0.46932,0.85266,0.0833,-0.50968,0.45952,0.00825,-0.36838,0.08273,0.04496,-0.54527,-0.02908,-0.03209
21.8,-0.38504,0.93023,0.06629,-0.45433,1.37035,0.07689,-0.55341,1.54835,-0.02445,-0.3199,1.32632,-0.07467,-0.41424,1.35311,-0.29742,-0.52431,1.50398,-0.10965,-0.54269,1.64237,-0.00191,-0.59478,1.27651,0.19709,-0.79887,1.1592,0.13532,-0.73266,1.41218,0.09353,-0.74092,1.58568,0.12399,-0.37138,0.86923,-0.03075,-0.38937,0.47871,-0.12555,-0.33495,0.08207,-0.18033,-0.474,-0.04164,-0.30316,-0.46823,0.8522,0.08403,-0.51001,0.45933,0.00835,-0.36817,0.08273,0.04497,-0.54507,-0.02907,-0.03205
21.82,-0.38427,0.92987,0.06693,-0.45528,1.36973,0.07704,-0.55432,1.54763,-0.02452,-0.32032,1.32611,-0.07417,-0.41452,1.35223,-0.29705,-0.52601,1.50251,-0.10966,-0.54543,1.64094,-0.00215,-0.59565,1.27543,0.19697,-0.79898,1.157,0.13484,-0.73394,1.41026,0.09291,-0.74326,1.58376,0.12306,-0.37052,0.86899,-0.03017,-0.38855,0.4785,-0.12512,-0.33467,0.08186,-0.18039,-0.47383,-0.04175,-0.3032,-0.46739,0.85174,0.08455,-0.51029,0.45911,0.00826,-0.36793,0.08272,0.045,-0.54488,-0.02906,-0.03197
21.84,-0.38361,0.92951,0.0675,-0.4562,1.36912,0.07716,-0.55516,1.54696,-0.02457,-0.32072,1.32589,-0.07368,-0.4147,1.35135,-0.29673,-0.52756,1.50106,-0.1097,-0.54782,1.63958,-0.00246,-0.59653,1.2744,0.1968,-0.79914,1.15488,0.13438,-0.73525,1.40839,0.09216,-0.7456,1.5819,0.12191,-0.36973,0.86875,-0.02965,-0.38772,0.47828,-0.12472,-0.33441,0.08163,-0.18049,-0.47368,-0.04186,-0.30329,-0.46668,0.85129,0.08498,-0.51054,0.45888,0.00808,-0.36769,0.0827,0.04501,-0.54469,-0.02905,-0.03189
21.86,-0.38291,0.92916,0.0681,-0.45713,1.3685,0.0773,-0.55602,1.54628,-0.02463,-0.32112,1.32568,-0.07318,-0.4149,1.35048,-0.29639,-0.52915,1.4996,-0.10973,-0.55035,1.63817,-0.00274,-0.59742,1.27335,0.19665,-0.79926,1.15272,0.13389,-0.73654,1.40649,0.09146,-0.74793,1.57999,0.12087,-0.36892,0.86851,-0.02911,-0.3869,0.47808,-0.12431,-0.33415,0.08143,-0.18058,-0.47353,-0.04196,-0.30336,-0.46592,0.85085,0.08544,-0.51079,0.45867,0.00795,-0.36745,0.08269,0.04503,-0.54449,-0.02902,-0.03181
21.88,-0.38216,0.92878,0.06871,-0.45806,1.36785,0.07741,-0.55689,1.54555,-0.0247,-0.32154,1.32542,-0.07273,-0.41519,1.34955,-0.29606,-0.5308,1.49808,-0.10977,-0.55288,1.63672,-0.00305,-0.59826,1.27225,0.19651,-0.79939,1.15057,0.13348,-0.73778,1.40456,0.09075,-0.75019,1.57807,0.11974,-0.36808,0.86826,-0.02856,-0.38603,0.47785,-0.12387,-0.33386,0.08119,-0.18065,-0.47336,-0.04208,-0.30341,-0.4651,0.85037,0.08594,-0.51108,0.45845,0.00781,-0.3672,0.08268,0.04503,-0.54429,-0.029,-0.03174
21.9,-0.38153,0.92846,0.06929,-0.45897,1.36727,0.07758,-0.5577,1.54491,-0.02474,-0.3219,1.32524,-0.07217,-0.41523,1.34874,-0.2957,-0.53225,1.49666,-0.1098,-0.5553,1.63533,-0.00332,-0.59916,1.27124,0.19634,-0.79947,1.14842,0.13292,-0.73909,1.40268,0.09004,-0.75258,1.57615,0.11871,-0.36729,0.86804,-0.02803,-0.38525,0.47767,-0.12349,-0.33363,0.08101,-0.18074,-0.47322,-0.04216,-0.3035,-0.46442,0.84996,0.08635,-0.51127,0.45825,0.00767,-0.36694,0.08268,0.04506,-0.54407,-0.02897,-0.03165
21.92,-0.38117,0.92826,0.06979,-0.45983,1.36685,0.07787,-0.55833,1.54445,-0.02474,-0.32205,1.32524,-0.07135,-0.41461,1.34821,-0.29526,-0.53317,1.4955,-0.10984,-0.55752,1.63403,-0.00348,-0.60022,1.27042,0.19606,-0.79942,1.14616,0.13194,-0.74053,1.40082,0.08939,-0.7552,1.57418,0.11819,-0.36657,0.8679,-0.02751,-0.38469,0.47762,-0.12331,-0.33356,0.08095,-0.18089,-0.47315,-0.04217,-0.30372,-0.46408,0.84972,0.08653,-0.51119,0.4581,0.00752,-0.36659,0.08266,0.04513,-0.54377,-0.02897,-0.03151
21.94,-0.38092,0.92811,0.07027,-0.46065,1.36651,0.07822,-0.55887,1.54408,-0.02471,-0.32213,1.32529,-0.07042,-0.41373,1.34778,-0.29478,-0.53388,1.49444,-0.10988,-0.55963,1.63279,-0.0036,-0.60133,1.26969,0.19575,-0.7993,1.14389,0.13082,-0.74204,1.39901,0.08874,-0.75796,1.57223,0.11773,-0.3659,0.86779,-0.02699,-0.38421,0.47762,-0.12318,-0.33354,0.08093,-0.18106,-0.47309,-0.04215,-0.30397,-0.46388,0.84953,0.08663,-0.51101,0.45797,0.00738,-0.3662,0.08263,0.04522,-0.54343,-0.02897,-0.03135
21.96,-0.38064,0.92794,0.07075,-0.46149,1.36614,0.07852,-0.55945,1.54368,-0.02471,-0.32226,1.32532,-0.06955,-0.41297,1.34732,-0.29432,-0.53468,1.49335,-0.10994,-0.56176,1.63152,-0.00377,-0.60241,1.26893,0.19544,-0.79917,1.14165,0.12974,-0.74353,1.39719,0.08807,-0.76079,1.57028,0.11707,-0.36522,0.86767,-0.02648,-0.3837,0.4776,-0.12303,-0.3335,0.08089,-0.18123,-0.47302,-0.04213,-0.30422,-0.46363,0.84932,0.08676,-0.51088,0.45783,0.00723,-0.36584,0.0826,0.0453,-0.54311,-0.02897,-0.03121
21.98,-0.38028,0.92776,0.07125,-0.46234,1.36574,0.07881,-0.56005,1.54323,-0.02474,-0.32236,1.32534,-0.06868,-0.41216,1.3468,-0.29386,-0.53547,1.49217,-0.11003,-0.56393,1.63017,-0.00399,-0.6035,1.26811,0.19509,-0.79907,1.13934,0.12876,-0.74489,1.39524,0.0874,-0.76308,1.56814,0.11696,-0.36445,0.86755,-0.02595,-0.38314,0.47758,-0.12289,-0.33343,0.08086,-0.18141,-0.47293,-0.04212,-0.30447,-0.4633,0.8491,0.08689,-0.5107,0.45769,0.00707,-0.36543,0.08257,0.04538,-0.54275,-0.02897,-0.03106
22,-0.3801,0.92761,0.07172,-0.46314,1.36541,0.07915,-0.56056,1.54289,-0.02469,-0.32248,1.32538,-0.0678,-0.41138,1.34642,-0.29338,-0.53618,1.49117,-0.11006,-0.56596,1.62896,-0.00412,-0.60455,1.26742,0.19482,-0.79884,1.13719,0.12757,-0.74652,1.39355,0.08669,-0.76634,1.56638,0.11564,-0.36389,0.86744,-0.02544,-0.3827,0.47756,-0.12274,-0.3334,0.08083,-0.18157,-0.47287,-0.04209,-0.30472,-0.46315,0.84892,0.08702,-0.51057,0.45756,0.00695,-0.36508,0.08255,0.04546,-0.54245,-0.02897,-0.03092
22.02,-0.38037,0.92752,0.07213,-0.46383,1.36524,0.07963,-0.56082,1.54281,-0.02444,-0.32267,1.32545,-0.0669,-0.41066,1.34639,-0.29284,-0.53669,1.49063,-0.10996,-0.56773,1.62816,-0.00404,-0.60552,1.26703,0.19478,-0.79832,1.13543,0.12593,-0.74872,1.39248,0.08598,-0.77341,1.56525,0.11127,-0.36388,0.86733,-0.02498,-0.38255,0.47752,-0.12252,-0.33348,0.08081,-0.18168,-0.47292,-0.04207,-0.3049,-0.46347,0.84884,0.0872,-0.5106,0.45748,0.00696,-0.36489,0.08255,0.04553,-0.54227,-0.02898,-0.03078
22.04,-0.3808,0.92745,0.07252,-0.46445,1.36513,0.08019,-0.56098,1.54283,-0.0241,-0.32286,1.32553,-0.06597,-0.40995,1.34651,-0.29226,-0.53709,1.49026,-0.10978,-0.56935,1.6275,-0.00384,-0.60644,1.26676,0.19483,-0.79763,1.13383,0.12409,-0.75123,1.39164,0.0852,-0.7808,1.56431,0.10544,-0.36407,0.86724,-0.02453,-0.38251,0.47746,-0.12228,-0.33357,0.08078,-0.18176,-0.47299,-0.04205,-0.30506,-0.46396,0.84879,0.08739,-0.51066,0.4574,0.00704,-0.36475,0.08256,0.04561,-0.54213,-0.02901,-0.03064
22.06,-0.38116,0.92737,0.07292,-0.4651,1.36499,0.08071,-0.56118,1.54281,-0.02379,-0.32305,1.3256,-0.06505,-0.40925,1.34656,-0.29168,-0.53753,1.48982,-0.1096,-0.57099,1.62677,-0.00366,-0.60737,1.26644,0.19485,-0.79697,1.13219,0.12231,-0.75373,1.39069,0.08435,-0.78667,1.56322,0.09995,-0.36419,0.86714,-0.02407,-0.38244,0.47741,-0.12205,-0.33366,0.08076,-0.18185,-0.47305,-0.04203,-0.30522,-0.46437,0.84873,0.08759,-0.51071,0.45732,0.0071,-0.36459,0.08256,0.04569,-0.54198,-0.02903,-0.0305
22.08,-0.3815,0.92729,0.07331,-0.46577,1.36484,0.08122,-0.5614,1.54278,-0.0235,-0.32325,1.32568,-0.06415,-0.40845,1.34659,-0.29117,-0.53799,1.48933,-0.10957,-0.57279,1.62599,-0.00368,-0.60831,1.2661,0.19484,-0.79632,1.13046,0.12076,-0.75571,1.38953,0.0838,-0.79553,1.561,0.09439,-0.36425,0.86703,-0.02362,-0.38226,0.47735,-0.12181,-0.33373,0.08072,-0.18195,-0.4731,-0.042,-0.30541,-0.46477,0.84866,0.08774,-0.51072,0.45725,0.00711,-0.36439,0.08258,0.04577,-0.5418,-0.02905,-0.03035
22.1,-0.38192,0.92722,0.07372,-0.4664,1.36473,0.08178,-0.56155,1.5428,-0.02315,-0.32343,1.32576,-0.06321,-0.40789,1.34672,-0.29049,-0.53839,1.48898,-0.10922,-0.57422,1.62535,-0.0033,-0.60923,1.26582,0.19489,-0.79552,1.12897,0.11873,-0.75883,1.38873,0.08256,-0.79733,1.56072,0.08849,-0.36446,0.86694,-0.02316,-0.38233,0.47731,-0.12158,-0.33383,0.08072,-0.18201,-0.47316,-0.042,-0.30552,-0.46523,0.84861,0.08798,-0.51081,0.45717,0.00724,-0.36428,0.08258,0.04586,-0.54169,-0.02907,-0.03022
22.12,-0.38251,0.92716,0.07414,-0.46685,1.36469,0.08244,-0.56145,1.54295,-0.02266,-0.32351,1.32583,-0.0622,-0.40795,1.34706,-0.28946,-0.53864,1.48896,-0.10803,-0.57464,1.62508,-0.00185,-0.61003,1.26571,0.19506,-0.79428,1.12806,0.11545,-0.76504,1.3888,0.07947,-0.78143,1.56437,0.07785,-0.36506,0.86686,-0.02273,-0.38305,0.4773,-0.12139,-0.33396,0.08081,-0.18202,-0.47321,-0.04211,-0.30543,-0.46583,0.84857,0.08842,-0.5111,0.4571,0.00761,-0.36439,0.08254,0.04593,-0.54179,-0.0291,-0.03018
22.14,-0.38317,0.92711,0.07459,-0.46728,1.36468,0.08317,-0.56128,1.54316,-0.02211,-0.32357,1.3259,-0.06113,-0.40825,1.3475,-0.28828,-0.53884,1.48906,-0.10652,-0.57469,1.62494,3e-05,-0.61081,1.26566,0.19529,-0.79284,1.12741,0.11172,-0.77232,1.38895,0.07557,-0.76779,1.56379,0.05302,-0.3658,0.86679,-0.02228,-0.38402,0.47731,-0.12121,-0.33413,0.08095,-0.182,-0.47326,-0.04225,-0.30527,-0.4665,0.84853,0.08894,-0.51145,0.45704,0.0081,-0.3646,0.0825,0.04601,-0.54197,-0.02913,-0.03016
22.16,-0.38378,0.92706,0.07503,-0.46773,1.36466,0.08386,-0.56114,1.54334,-0.02159,-0.32363,1.32597,-0.06009,-0.40842,1.3479,-0.28716,-0.53906,1.4891,-0.10514,-0.57491,1.62472,0.00172,-0.61161,1.26557,0.19547,-0.79141,1.12668,0.10821,-0.77898,1.3887,0.0718,-0.76749,1.55773,0.02286,-0.36645,0.86673,-0.02184,-0.38486,0.47732,-0.12104,-0.33428,0.08107,-0.18202,-0.4733,-0.04237,-0.30517,-0.46711,0.8485,0.08942,-0.51175,0.45698,0.00853,-0.36474,0.08246,0.04609,-0.5421,-0.02916,-0.03015
22.18,-0.38445,0.92699,0.07542,-0.4681,1.36464,0.08454,-0.56094,1.54353,-0.02106,-0.32369,1.32601,-0.0591,-0.40866,1.34825,-0.28607,-0.53927,1.48917,-0.10382,-0.57509,1.62456,0.00334,-0.61232,1.26553,0.1957,-0.78984,1.12603,0.10483,-0.7859,1.38828,0.0682,-0.78189,1.54477,-0.01301,-0.36721,0.86664,-0.02145,-0.38573,0.47728,-0.12086,-0.3344,0.08117,-0.18202,-0.47334,-0.04248,-0.30503,-0.46778,0.84844,0.08989,-0.51213,0.4569,0.00896,-0.36494,0.08242,0.04615,-0.54228,-0.0292,-0.03013
22.2,-0.38501,0.92697,0.07594,-0.46863,1.36462,0.08527,-0.56085,1.54371,-0.02053,-0.32377,1.32613,-0.05795,-0.40881,1.34875,-0.28486,-0.5395,1.48919,-0.1023,-0.57529,1.62431,0.00522,-0.61322,1.26541,0.19586,-0.78833,1.12539,0.10119,-0.7923,1.38752,0.06373,-0.80388,1.52848,-0.04159,-0.36776,0.8666,-0.02092,-0.3866,0.47735,-0.12068,-0.3346,0.08135,-0.18204,-0.47337,-0.04259,-0.30496,-0.46836,0.84843,0.09041,-0.51235,0.45686,0.00942,-0.36505,0.08239,0.04625,-0.54237,-0.02922,-0.0301
22.22,-0.38525,0.92707,0.07683,-0.46963,1.36457,0.08615,-0.56106,1.54386,-0.02001,-0.32393,1.32646,-0.05632,-0.40863,1.34968,-0.2833,-0.53979,1.48904,-0.10025,-0.57567,1.62375,0.00776,-0.61466,1.26502,0.19584,-0.78706,1.12462,0.09685,-0.79717,1.38624,0.05705,-0.80565,1.51999,-0.05758,-0.36774,0.86669,-0.01998,-0.38737,0.47767,-0.12047,-0.335,0.08177,-0.18214,-0.47334,-0.04268,-0.30503,-0.46864,0.84854,0.09108,-0.51212,0.45693,0.01,-0.36491,0.08238,0.04646,-0.54218,-0.02921,-0.03003
22.24,-0.38536,0.9272,0.07785,-0.47078,1.3645,0.08706,-0.56138,1.54397,-0.01952,-0.32411,1.32686,-0.05454,-0.40835,1.35074,-0.28161,-0.54011,1.48881,-0.09802,-0.57609,1.62306,0.01052,-0.61628,1.26452,0.19575,-0.78582,1.12386,0.09229,-0.8012,1.38476,0.04951,-0.7978,1.51569,-0.06857,-0.3675,0.86682,-0.01889,-0.38809,0.47807,-0.12026,-0.33545,0.08226,-0.18226,-0.47326,-0.04276,-0.30517,-0.4688,0.84867,0.09179,-0.5117,0.45702,0.01062,-0.36466,0.08237,0.0467,-0.54187,-0.0292,-0.02996
22.26,-0.38553,0.92732,0.07882,-0.47187,1.36445,0.08793,-0.56167,1.54408,-0.01902,-0.32429,1.32722,-0.05283,-0.40815,1.35172,-0.27998,-0.54044,1.48861,-0.09588,-0.57651,1.62243,0.01315,-0.6178,1.26407,0.19567,-0.78447,1.1232,0.08794,-0.80512,1.38324,0.04227,-0.7928,1.50967,-0.08004,-0.36735,0.86693,-0.01786,-0.38883,0.47845,-0.12004,-0.33587,0.08273,-0.18236,-0.47316,-0.04282,-0.3053,-0.46902,0.8488,0.09249,-0.51135,0.4571,0.01122,-0.36446,0.08236,0.04694,-0.54162,-0.02918,-0.02987
22.28,-0.3857,0.92744,0.07977,-0.47296,1.36439,0.08885,-0.56185,1.54426,-0.01846,-0.32447,1.32761,-0.05107,-0.40788,1.35282,-0.27832,-0.54075,1.48841,-0.09368,-0.57692,1.62174,0.01593,-0.61932,1.2636,0.19561,-0.78284,1.12251,0.08343,-0.80916,1.38138,0.03421,-0.78531,1.5036,-0.09067,-0.36723,0.86705,-0.01685,-0.38958,0.47884,-0.11988,-0.33625,0.08323,-0.1826,-0.47309,-0.04291,-0.30544,-0.46924,0.84892,0.09319,-0.51103,0.45719,0.01185,-0.36427,0.08236,0.04718,-0.54138,-0.02917,-0.02979
22.3,-0.38585,0.92757,0.08078,-0.47408,1.36432,0.08967,-0.56229,1.54431,-0.01803,-0.32468,1.32797,-0.04939,-0.40777,1.3537,-0.2767,-0.54115,1.48816,-0.0916,-0.57743,1.62111,0.01843,-0.62087,1.26315,0.19548,-0.78156,1.12201,0.07934,-0.81195,1.37988,0.02729,-0.77826,1.4998,-0.09754,-0.36702,0.86717,-0.01576,-0.39028,0.47923,-0.11962,-0.33669,0.0837,-0.1826,-0.47292,-0.0429,-0.30565,-0.46944,0.84906,0.09389,-0.51063,0.45728,0.01243,-0.36403,0.08236,0.04743,-0.54108,-0.02915,-0.02968
22.32,-0.38595,0.92771,0.08198,-0.47524,1.36426,0.09024,-0.56337,1.544,-0.01792,-0.32492,1.32822,-0.0479,-0.4081,1.35392,-0.27517,-0.54176,1.4878,-0.08985,-0.57818,1.62071,0.02018,-0.62243,1.26277,0.19518,-0.78137,1.12188,0.07636,-0.8122,1.37965,0.02408,-0.7765,1.49979,-0.09999,-0.36657,0.86729,-0.01445,-0.39081,0.47962,-0.11905,-0.33733,0.08404,-0.18186,-0.47249,-0.04267,-0.30596,-0.46963,0.84921,0.09462,-0.50998,0.45739,0.01295,-0.36362,0.08235,0.04775,-0.54066,-0.02911,-0.02945
22.34,-0.38605,0.92784,0.08324,-0.47643,1.36418,0.09072,-0.56472,1.54354,-0.01795,-0.32519,1.32843,-0.04649,-0.40861,1.35388,-0.2737,-0.54247,1.48737,-0.08824,-0.57904,1.62037,0.02164,-0.62402,1.26239,0.19482,-0.78161,1.12188,0.07377,-0.81155,1.37991,0.02225,-0.77632,1.50143,-0.10059,-0.36606,0.86741,-0.01305,-0.39129,0.47999,-0.11838,-0.33804,0.08433,-0.18085,-0.47197,-0.04238,-0.3063,-0.46982,0.84935,0.09535,-0.50927,0.45749,0.01344,-0.36316,0.08234,0.0481,-0.5402,-0.02907,-0.02917
22.36,-0.38616,0.92797,0.08445,-0.4776,1.3641,0.0912,-0.56594,1.54313,-0.01796,-0.32546,1.32865,-0.04508,-0.40905,1.35395,-0.27224,-0.54315,1.48696,-0.08661,-0.57986,1.61999,0.02318,-0.62557,1.26201,0.19446,-0.78161,1.12185,0.07102,-0.81125,1.37998,0.01983,-0.77526,1.50237,-0.10192,-0.3656,0.86753,-0.01171,-0.39178,0.48037,-0.11777,-0.33872,0.08465,-0.17999,-0.47147,-0.0421,-0.30664,-0.47001,0.84949,0.09607,-0.50862,0.45759,0.01394,-0.36273,0.08235,0.04843,-0.53976,-0.02903,-0.02891
22.38,-0.38623,0.92815,0.08573,-0.47876,1.36406,0.0917,-0.56712,1.54278,-0.01796,-0.32567,1.32891,-0.0436,-0.40947,1.35405,-0.27071,-0.54375,1.4866,-0.08488,-0.58066,1.61965,0.02481,-0.62713,1.26166,0.19407,-0.7815,1.1218,0.06821,-0.81088,1.38001,0.01725,-0.77448,1.50336,-0.10341,-0.36506,0.86769,-0.01029,-0.39227,0.48084,-0.11719,-0.33937,0.08505,-0.17918,-0.47092,-0.04178,-0.30699,-0.47016,0.84969,0.09682,-0.5078,0.45774,0.01448,-0.36223,0.08235,0.04882,-0.53926,-0.02897,-0.02861
22.4,-0.38637,0.92822,0.08689,-0.47992,1.36392,0.09213,-0.5684,1.54226,-0.01804,-0.326,1.32906,-0.0423,-0.40997,1.354,-0.26936,-0.54452,1.48611,-0.08342,-0.58151,1.61925,0.02615,-0.62864,1.26124,0.19372,-0.78162,1.12184,0.06566,-0.81036,1.38026,0.0154,-0.77351,1.50457,-0.10413,-0.36467,0.86775,-0.00901,-0.39271,0.48114,-0.11655,-0.34005,0.08527,-0.17823,-0.47039,-0.04151,-0.30732,-0.47037,0.84977,0.09752,-0.50729,0.45779,0.01496,-0.36182,0.08235,0.04914,-0.53884,-0.02895,-0.02834
22.42,-0.38667,0.92799,0.08774,-0.48109,1.36351,0.09247,-0.56988,1.54134,-0.01827,-0.32661,1.32889,-0.04139,-0.41062,1.35364,-0.26846,-0.54569,1.48531,-0.08257,-0.58237,1.61869,0.02679,-0.62997,1.26058,0.19356,-0.78232,1.12213,0.06374,-0.8097,1.38103,0.0152,-0.77165,1.50603,-0.10323,-0.36464,0.86753,-0.00809,-0.39301,0.48096,-0.11571,-0.3408,0.08494,-0.17678,-0.46988,-0.0414,-0.30756,-0.4707,0.84953,0.09808,-0.5076,0.45761,0.01528,-0.36161,0.08236,0.04929,-0.53859,-0.02902,-0.02816
22.44,-0.38704,0.92765,0.08848,-0.48226,1.363,0.09277,-0.57144,1.54027,-0.01856,-0.32735,1.32861,-0.04063,-0.41136,1.35313,-0.26773,-0.547,1.48439,-0.08197,-0.58328,1.61807,0.02716,-0.63124,1.25983,0.19347,-0.78326,1.12251,0.06208,-0.80898,1.38197,0.0157,-0.76963,1.5076,-0.10163,-0.36477,0.8672,-0.0073,-0.39326,0.48061,-0.1148,-0.34157,0.08442,-0.17518,-0.46938,-0.04134,-0.30775,-0.47108,0.84918,0.0986,-0.50823,0.45733,0.01553,-0.36148,0.08236,0.04937,-0.53841,-0.02913,-0.02802
22.46,-0.38737,0.92736,0.08927,-0.48342,1.36253,0.09308,-0.57294,1.53927,-0.01882,-0.32802,1.32838,-0.03982,-0.41205,1.35267,-0.26694,-0.54823,1.48351,-0.08128,-0.58418,1.61746,0.02763,-0.63252,1.25913,0.19335,-0.78407,1.12284,0.06034,-0.80829,1.38279,0.01592,-0.76772,1.50906,-0.10031,-0.36482,0.86693,-0.00645,-0.39352,0.48035,-0.11394,-0.3423,0.084,-0.17371,-0.46886,-0.04126,-0.30795,-0.47143,0.84887,0.09914,-0.50871,0.4571,0.01582,-0.3613,0.08237,0.04949,-0.53819,-0.02922,-0.02787
22.48,-0.38771,0.92708,0.09007,-0.48459,1.36207,0.0934,-0.57447,1.53824,-0.01911,-0.32869,1.32816,-0.03898,-0.41276,1.3523,-0.2661,-0.54951,1.48265,-0.08052,-0.58495,1.61691,0.02818,-0.63383,1.25842,0.19323,-0.78488,1.12329,0.0585,-0.80755,1.38373,0.01622,-0.76568,1.51067,-0.09881,-0.36487,0.86666,-0.00559,-0.39382,0.48007,-0.11299,-0.34317,0.08354,-0.17201,-0.46826,-0.04118,-0.30813,-0.47179,0.84859,0.09969,-0.50917,0.45688,0.01611,-0.36112,0.08238,0.04959,-0.53797,-0.02931,-0.02773
22.5,-0.38806,0.92675,0.09081,-0.48574,1.36157,0.09365,-0.57595,1.53722,-0.0194,-0.3294,1.32788,-0.03826,-0.41346,1.35168,-0.26542,-0.55073,1.48172,-0.08,-0.586,1.6162,0.02848,-0.63507,1.2577,0.1931,-0.7857,1.12353,0.05693,-0.80691,1.38439,0.01654,-0.76391,1.51187,-0.09747,-0.36496,0.86635,-0.0048,-0.39404,0.47978,-0.11223,-0.34379,0.08313,-0.17077,-0.46778,-0.04113,-0.3083,-0.47215,0.84824,0.1002,-0.50975,0.45661,0.01635,-0.36097,0.08239,0.04966,-0.53777,-0.02941,-0.0276
22.52,-0.38842,0.92632,0.09142,-0.4868,1.36098,0.09372,-0.57725,1.5363,-0.01966,-0.33016,1.32744,-0.03787,-0.41414,1.35046,-0.26513,-0.5517,1.48069,-0.08006,-0.58779,1.61511,0.02823,-0.63616,1.25695,0.19296,-0.78652,1.12323,0.05606,-0.80649,1.38436,0.01673,-0.76286,1.51202,-0.09682,-0.36511,0.86599,-0.00418,-0.39405,0.47954,-0.11207,-0.34367,0.08293,-0.17084,-0.46769,-0.04116,-0.3085,-0.47249,0.84776,0.1006,-0.51065,0.45624,0.01647,-0.36088,0.08241,0.0497,-0.53762,-0.02954,-0.02751
22.54,-0.38878,0.92585,0.09198,-0.48783,1.36036,0.09372,-0.57848,1.53541,-0.01992,-0.33093,1.32694,-0.03759,-0.4148,1.349,-0.26498,-0.5526,1.47961,-0.08036,-0.58983,1.61387,0.02773,-0.63719,1.2562,0.19283,-0.78733,1.12272,0.05545,-0.80619,1.38404,0.0169,-0.7621,1.51177,-0.09641,-0.36527,0.8656,-0.00363,-0.39398,0.4793,-0.11211,-0.34329,0.08281,-0.17135,-0.46773,-0.04122,-0.30869,-0.47281,0.84722,0.10097,-0.51166,0.45583,0.01656,-0.36081,0.08242,0.04971,-0.53747,-0.02968,-0.02744
22.56,-0.38914,0.92541,0.09257,-0.48888,1.35977,0.09376,-0.57974,1.53451,-0.02018,-0.33169,1.32647,-0.03724,-0.41545,1.34765,-0.26477,-0.55354,1.47854,-0.08057,-0.59175,1.6127,0.02732,-0.63825,1.25545,0.19269,-0.78813,1.12228,0.05473,-0.80587,1.38381,0.01707,-0.76127,1.51166,-0.0959,-0.36542,0.86523,-0.00303,-0.39395,0.47906,-0.11203,-0.34305,0.08265,-0.17163,-0.46771,-0.04126,-0.30887,-0.47313,0.84672,0.10137,-0.51259,0.45545,0.01668,-0.36074,0.08245,0.04972,-0.53733,-0.0298,-0.02738
22.58,-0.38953,0.92492,0.09314,-0.48992,1.35913,0.09378,-0.58103,1.53355,-0.02046,-0.33247,1.32595,-0.03694,-0.41617,1.34626,-0.26456,-0.55443,1.47749,-0.08072,-0.59367,1.61147,0.02701,-0.63929,1.25468,0.19256,-0.789,1.12193,0.054,-0.80543,1.38369,0.01734,-0.76022,1.51166,-0.09525,-0.3656,0.86482,-0.00246,-0.39391,0.4788,-0.11202,-0.34273,0.08248,-0.17201,-0.46769,-0.04131,-0.30908,-0.47348,0.84617,0.10173,-0.51364,0.45504,0.01674,-0.36065,0.08248,0.04968,-0.53717,-0.02992,-0.02735
22.6,-0.38985,0.92453,0.09372,-0.49096,1.35857,0.09378,-0.58222,1.53274,-0.02072,-0.33321,1.32554,-0.03661,-0.41672,1.34489,-0.26439,-0.55539,1.47639,-0.08106,-0.59562,1.61029,0.02641,-0.64034,1.25396,0.19239,-0.78971,1.12136,0.05333,-0.80527,1.38327,0.01739,-0.75969,1.51133,-0.09495,-0.36572,0.8645,-0.00187,-0.39386,0.47861,-0.11194,-0.34249,0.08237,-0.1723,-0.46767,-0.04134,-0.30924,-0.47377,0.84572,0.10213,-0.51447,0.4547,0.01689,-0.36057,0.08251,0.04968,-0.53701,-0.03002,-0.02733
22.62,-0.38995,0.92444,0.09433,-0.492,1.35826,0.09376,-0.58316,1.53233,-0.02098,-0.33386,1.32546,-0.03621,-0.41677,1.34365,-0.26431,-0.55656,1.47517,-0.08185,-0.59763,1.60928,0.02505,-0.6414,1.25341,0.19208,-0.78995,1.12021,0.05272,-0.80584,1.38211,0.01678,-0.7605,1.51024,-0.09558,-0.36566,0.86444,-0.00124,-0.39383,0.47865,-0.11165,-0.34254,0.08244,-0.17224,-0.46761,-0.04127,-0.30928,-0.47386,0.84561,0.10259,-0.51464,0.4546,0.01729,-0.36047,0.0825,0.0498,-0.53682,-0.03007,-0.02735
22.64,-0.38997,0.92447,0.09494,-0.49303,1.35805,0.09371,-0.58399,1.53208,-0.02123,-0.33446,1.3255,-0.03581,-0.41664,1.34244,-0.26427,-0.55778,1.47392,-0.08282,-0.59965,1.60832,0.02339,-0.64244,1.25294,0.19172,-0.79002,1.11887,0.05217,-0.80667,1.38068,0.01594,-0.76181,1.50884,-0.09658,-0.36553,0.86449,-0.00061,-0.39379,0.47879,-0.11131,-0.34267,0.08258,-0.17208,-0.46753,-0.04116,-0.30929,-0.47388,0.84562,0.10306,-0.51458,0.45461,0.01778,-0.36037,0.0825,0.04997,-0.53663,-0.03009,-0.02737
22.66,-0.39002,0.92444,0.09555,-0.49404,1.35779,0.09366,-0.58486,1.53176,-0.02149,-0.33507,1.32547,-0.03543,-0.41658,1.34121,-0.26421,-0.55895,1.47267,-0.08371,-0.60163,1.60733,0.02186,-0.64346,1.25244,0.19139,-0.79016,1.11762,0.05162,-0.80738,1.37937,0.01522,-0.76289,1.50757,-0.09741,-0.36543,0.86449,3e-05,-0.39374,0.47888,-0.11098,-0.34275,0.08269,-0.17197,-0.46744,-0.04107,-0.30931,-0.47392,0.84557,0.10354,-0.51463,0.45456,0.01824,-0.36027,0.08249,0.05012,-0.53644,-0.03012,-0.0274
22.68,-0.39008,0.92442,0.09617,-0.49511,1.35753,0.09365,-0.58576,1.53142,-0.02175,-0.3357,1.32548,-0.03497,-0.41648,1.34,-0.26409,-0.56016,1.47138,-0.08457,-0.60367,1.60628,0.02035,-0.64456,1.2519,0.19105,-0.79028,1.11634,0.05097,-0.80806,1.37803,0.01446,-0.76394,1.5063,-0.09822,-0.36531,0.86449,0.00068,-0.39372,0.47898,-0.11067,-0.34286,0.08281,-0.17188,-0.46739,-0.04098,-0.30935,-0.47398,0.84553,0.104,-0.51466,0.45452,0.01868,-0.36015,0.08248,0.05028,-0.53624,-0.03015,-0.02742
22.7,-0.3901,0.92441,0.09677,-0.49605,1.35729,0.09355,-0.58657,1.53115,-0.022,-0.33628,1.32545,-0.03467,-0.4164,1.33875,-0.2641,-0.56125,1.47016,-0.08554,-0.60554,1.60532,0.01871,-0.64549,1.25145,0.19072,-0.79037,1.11509,0.05055,-0.80883,1.37669,0.01372,-0.76515,1.50494,-0.09916,-0.36521,0.86451,0.00129,-0.39364,0.47908,-0.11031,-0.34291,0.08291,-0.17169,-0.46724,-0.04087,-0.30934,-0.47399,0.8455,0.10449,-0.51468,0.4545,0.01916,-0.36008,0.08247,0.05043,-0.53607,-0.03017,-0.02745
22.72,-0.39005,0.92443,0.0973,-0.49666,1.35714,0.09321,-0.58719,1.53105,-0.02225,-0.33674,1.32531,-0.03483,-0.41644,1.33736,-0.26447,-0.56205,1.46917,-0.08683,-0.60697,1.60461,0.01679,-0.64602,1.25124,0.19046,-0.79047,1.114,0.0507,-0.80977,1.37543,0.01306,-0.7667,1.50341,-0.10036,-0.3652,0.86456,0.00179,-0.39337,0.47912,-0.10985,-0.34276,0.08296,-0.17131,-0.46686,-0.04069,-0.30929,-0.47392,0.8455,0.10504,-0.51479,0.45451,0.0197,-0.36011,0.08248,0.05048,-0.53605,-0.03018,-0.02751
22.74,-0.38996,0.92447,0.0978,-0.49715,1.35702,0.09279,-0.58774,1.53102,-0.0225,-0.33715,1.32515,-0.03514,-0.4165,1.33594,-0.26496,-0.56274,1.46827,-0.08822,-0.60824,1.60399,0.01476,-0.64639,1.25113,0.19021,-0.79055,1.11297,0.05106,-0.81078,1.37417,0.01241,-0.7684,1.50179,-0.10168,-0.36519,0.86464,0.00225,-0.39305,0.47916,-0.10935,-0.34254,0.08298,-0.17081,-0.46636,-0.04048,-0.30921,-0.47379,0.84551,0.10561,-0.5149,0.45456,0.02025,-0.36019,0.08249,0.0505,-0.53608,-0.03018,-0.0276
22.76,-0.38987,0.9245,0.09831,-0.49767,1.35689,0.09241,-0.5883,1.53095,-0.02275,-0.33757,1.325,-0.03537,-0.41652,1.33455,-0.26539,-0.56346,1.46731,-0.08955,-0.60956,1.60331,0.0128,-0.64682,1.25097,0.18995,-0.79061,1.11191,0.05132,-0.81174,1.37291,0.01176,-0.77,1.50019,-0.10293,-0.36516,0.8647,0.00272,-0.39274,0.4792,-0.10887,-0.34234,0.08302,-0.17035,-0.46588,-0.04029,-0.30912,-0.47367,0.84551,0.10616,-0.51499,0.45458,0.02079,-0.36024,0.08249,0.05053,-0.53607,-0.03018,-0.02767
22.78,-0.38983,0.92451,0.09885,-0.49825,1.35673,0.09204,-0.58892,1.53088,-0.02295,-0.33804,1.32481,-0.03561,-0.41658,1.33309,-0.26581,-0.56421,1.46633,-0.09092,-0.61092,1.60261,0.01077,-0.64729,1.25079,0.18973,-0.79073,1.11083,0.05165,-0.81277,1.37161,0.01113,-0.77168,1.49854,-0.10418,-0.3652,0.86474,0.00322,-0.39243,0.47921,-0.10835,-0.34218,0.08303,-0.17001,-0.46553,-0.04009,-0.30911,-0.47361,0.8455,0.10677,-0.51514,0.4546,0.02138,-0.36031,0.08249,0.05058,-0.53609,-0.03018,-0.02775
22.8,-0.38968,0.92458,0.09931,-0.4987,1.35664,0.09161,-0.5894,1.53084,-0.02327,-0.33838,1.3247,-0.03589,-0.41657,1.33178,-0.26625,-0.56487,1.46541,-0.09223,-0.61217,1.60194,0.00886,-0.64765,1.25067,0.18942,-0.79072,1.10981,0.05188,-0.81365,1.37037,0.01046,-0.77322,1.49696,-0.10546,-0.3651,0.86485,0.00364,-0.39214,0.47931,-0.10792,-0.34188,0.0831,-0.16936,-0.46483,-0.0399,-0.30894,-0.47342,0.84553,0.10726,-0.51517,0.45466,0.02186,-0.36035,0.08251,0.05058,-0.53609,-0.03016,-0.02784
22.82,-0.38926,0.92474,0.09955,-0.49886,1.35663,0.09103,-0.58949,1.53082,-0.02394,-0.33837,1.3247,-0.03626,-0.41639,1.33087,-0.26671,-0.56532,1.46461,-0.09331,-0.61311,1.6013,0.00734,-0.64775,1.25063,0.18887,-0.79036,1.1089,0.05174,-0.81413,1.36928,0.00967,-0.77431,1.49561,-0.10674,-0.36465,0.8651,0.00383,-0.39184,0.47956,-0.10769,-0.34154,0.08322,-0.16823,-0.46368,-0.03975,-0.30855,-0.47294,0.84562,0.10746,-0.51492,0.45478,0.02201,-0.36029,0.08254,0.05043,-0.53606,-0.0301,-0.02797
22.84,-0.38872,0.92495,0.0997,-0.49889,1.35668,0.09037,-0.58941,1.53083,-0.02475,-0.33822,1.32476,-0.0367,-0.41614,1.33011,-0.2672,-0.56567,1.46385,-0.09433,-0.61394,1.60067,0.00592,-0.64774,1.25064,0.18822,-0.78985,1.10803,0.05147,-0.81446,1.36824,0.00881,-0.77524,1.49434,-0.10806,-0.36405,0.86542,0.00393,-0.39158,0.47989,-0.10755,-0.34102,0.08337,-0.16674,-0.46209,-0.03964,-0.30794,-0.47232,0.84575,0.10753,-0.51455,0.45494,0.02204,-0.36019,0.08257,0.05021,-0.53601,-0.03002,-0.02812
22.86,-0.3882,0.92517,0.09988,-0.49894,1.35674,0.08973,-0.58938,1.53085,-0.0255,-0.3381,1.32482,-0.03712,-0.41588,1.32928,-0.26769,-0.56604,1.46308,-0.0954,-0.61482,1.60003,0.00441,-0.64776,1.25065,0.1876,-0.78937,1.10716,0.05126,-0.81482,1.36718,0.00796,-0.77621,1.49303,-0.10939,-0.36349,0.86574,0.00406,-0.39136,0.48023,-0.10742,-0.34042,0.08356,-0.16518,-0.46037,-0.03954,-0.30725,-0.47173,0.84589,0.10765,-0.51418,0.45512,0.02212,-0.36009,0.08261,0.05002,-0.53596,-0.02994,-0.02828
22.88,-0.3878,0.92528,0.10007,-0.49909,1.35669,0.08912,-0.58944,1.53075,-0.02624,-0.33806,1.32479,-0.0375,-0.41571,1.32847,-0.26812,-0.56648,1.4623,-0.09639,-0.61567,1.59938,0.00304,-0.64787,1.25056,0.187,-0.78903,1.10626,0.05106,-0.81527,1.3661,0.00719,-0.77723,1.49168,-0.11062,-0.36304,0.86595,0.0042,-0.39089,0.4804,-0.10713,-0.3406,0.08359,-0.16458,-0.46006,-0.03933,-0.30722,-0.47127,0.84592,0.10778,-0.51399,0.4552,0.02217,-0.36002,0.08262,0.04984,-0.53594,-0.02989,-0.02841
22.9,-0.38713,0.92562,0.10024,-0.49903,1.35685,0.08844,-0.58927,1.53091,-0.02702,-0.33784,1.32496,-0.03797,-0.41534,1.32765,-0.26866,-0.56674,1.46152,-0.09752,-0.61652,1.59873,0.00144,-0.64775,1.25068,0.18636,-0.78835,1.10544,0.05082,-0.81549,1.36507,0.00626,-0.77811,1.4904,-0.11204,-0.36232,0.8664,0.00432,-0.39095,0.48094,-0.10715,-0.33913,0.08394,-0.1618,-0.45673,-0.03939,-0.30563,-0.47052,0.84618,0.10789,-0.51342,0.45547,0.02228,-0.35989,0.08268,0.04964,-0.53586,-0.02978,-0.02857
22.92,-0.38576,0.92658,0.10037,-0.4985,1.35756,0.08754,-0.58855,1.53174,-0.02789,-0.33718,1.3257,-0.03872,-0.41444,1.32673,-0.2695,-0.56659,1.46068,-0.09909,-0.61751,1.59799,-0.00084,-0.64707,1.25132,0.18562,-0.78676,1.10481,0.05051,-0.81522,1.36411,0.00482,-0.77875,1.48918,-0.11402,-0.36089,0.8675,0.00438,-0.39253,0.48255,-0.10802,-0.33371,0.0853,-0.15294,-0.44575,-0.03988,-0.29958,-0.46906,0.84703,0.10793,-0.51186,0.45626,0.02257,-0.35961,0.08292,0.04939,-0.53559,-0.02951,-0.02881
22.94,-0.38412,0.92776,0.10048,-0.49777,1.35847,0.08655,-0.58759,1.53282,-0.0288,-0.33634,1.32664,-0.03957,-0.41333,1.3258,-0.27045,-0.56625,1.45984,-0.1008,-0.61846,1.59722,-0.00333,-0.64615,1.25215,0.18484,-0.78482,1.10428,0.05018,-0.81472,1.36319,0.00323,-0.77924,1.48801,-0.11618,-0.35919,0.86882,0.00442,-0.39463,0.48455,-0.10916,-0.32734,0.08738,-0.14104,-0.4324,-0.04035,-0.29062,-0.46732,0.8481,0.10796,-0.50992,0.45724,0.02292,-0.35926,0.0832,0.04912,-0.53527,-0.0292,-0.02907
22.96,-0.3826,0.92884,0.1006,-0.4971,1.35928,0.08561,-0.58671,1.53378,-0.02969,-0.33556,1.32749,-0.04037,-0.41229,1.32489,-0.27132,-0.56595,1.45902,-0.10242,-0.61936,1.59646,-0.00569,-0.64531,1.2529,0.18409,-0.78304,1.10374,0.04988,-0.81428,1.36227,0.00175,-0.77973,1.48683,-0.11821,-0.35761,0.87004,0.00447,-0.39646,0.48639,-0.11011,-0.32216,0.08967,-0.12949,-0.42084,-0.04053,-0.28127,-0.4657,0.84907,0.108,-0.50814,0.45813,0.02325,-0.35895,0.08347,0.04887,-0.53499,-0.02891,-0.02931
22.98,-0.38111,0.9299,0.10074,-0.49656,1.36005,0.08467,-0.58593,1.53471,-0.03057,-0.33488,1.32831,-0.04115,-0.41127,1.32386,-0.27218,-0.56574,1.45804,-0.10406,-0.62047,1.59551,-0.0081,-0.64459,1.25358,0.18331,-0.78125,1.10303,0.04955,-0.81396,1.36115,0.00018,-0.78045,1.48543,-0.12035,-0.35604,0.87124,0.00454,-0.39845,0.48833,-0.11122,-0.31839,0.09231,-0.1178,-0.41074,-0.03996,-0.27176,-0.46412,0.85002,0.10804,-0.50643,0.45901,0.02355,-0.35863,0.08376,0.0486,-0.53469,-0.02859,-0.02956
23,-0.37948,0.93107,0.10082,-0.49569,1.36098,0.08369,-0.58487,1.53576,-0.0315,-0.33392,1.32923,-0.042,-0.41009,1.32309,-0.27307,-0.56524,1.45739,-0.10567,-0.62106,1.59492,-0.01044,-0.64355,1.25447,0.18256,-0.77935,1.10273,0.04927,-0.81328,1.36047,-0.00125,-0.7806,1.48447,-0.12231,-0.35438,0.87255,0.00455,-0.4002,0.49028,-0.11203,-0.31352,0.09568,-0.104,-0.39911,-0.03989,-0.25899,-0.46239,0.85109,0.10806,-0.50447,0.45997,0.02393,-0.35831,0.08404,0.04834,-0.53439,-0.02827,-0.02983
23.02,-0.37756,0.93254,0.1008,-0.49403,1.36234,0.08271,-0.58313,1.53714,-0.03252,-0.33231,1.33038,-0.043,-0.40863,1.32302,-0.27399,-0.56409,1.45768,-0.10717,-0.62041,1.59542,-0.01253,-0.64177,1.25599,0.18191,-0.77732,1.10354,0.04918,-0.81177,1.36102,-0.00228,-0.77932,1.4847,-0.12373,-0.35254,0.87412,0.00444,-0.40137,0.49221,-0.11208,-0.30463,0.10074,-0.08599,-0.38261,-0.04111,-0.23936,-0.46039,0.85248,0.10808,-0.50194,0.46116,0.0246,-0.35802,0.08431,0.04818,-0.53409,-0.02794,-0.03011
23.04,-0.37551,0.93412,0.10072,-0.49204,1.36386,0.0817,-0.5811,1.53863,-0.0336,-0.33042,1.33162,-0.04407,-0.40701,1.32323,-0.27493,-0.56266,1.45833,-0.10863,-0.61925,1.59633,-0.01454,-0.63969,1.25773,0.18128,-0.77521,1.10475,0.04914,-0.80991,1.36203,-0.00318,-0.77747,1.4854,-0.12495,-0.3506,0.8758,0.00427,-0.40223,0.49411,-0.1118,-0.29469,0.10728,-0.06617,-0.3647,-0.04173,-0.21657,-0.45827,0.85399,0.10808,-0.49918,0.46245,0.02537,-0.35774,0.0846,0.04803,-0.53378,-0.02758,-0.03042
23.06,-0.37351,0.93563,0.10066,-0.49018,1.36529,0.08071,-0.57917,1.54006,-0.03466,-0.32864,1.3328,-0.0451,-0.40543,1.32334,-0.27584,-0.56131,1.45882,-0.11008,-0.61826,1.59704,-0.01654,-0.63773,1.25935,0.18064,-0.77313,1.10578,0.04906,-0.80817,1.36284,-0.00412,-0.77585,1.4859,-0.12622,-0.3487,0.8774,0.00413,-0.40311,0.49598,-0.11155,-0.2863,0.11461,-0.04679,-0.3486,-0.04086,-0.19402,-0.45619,0.85543,0.10809,-0.49653,0.46368,0.02608,-0.35746,0.0849,0.04787,-0.53347,-0.02722,-0.03072
23.08,-0.37155,0.93724,0.10063,-0.48843,1.3668,0.07971,-0.57739,1.54155,-0.0357,-0.32698,1.33407,-0.04615,-0.40399,1.32335,-0.27678,-0.56016,1.45925,-0.11162,-0.61754,1.59771,-0.01871,-0.63585,1.26104,0.18002,-0.7711,1.10682,0.04905,-0.80658,1.3636,-0.00514,-0.77438,1.48632,-0.12762,-0.34685,0.87913,0.004,-0.40454,0.4982,-0.11168,-0.27864,0.1237,-0.02693,-0.33313,-0.03821,-0.17027,-0.45413,0.85694,0.10812,-0.49384,0.46498,0.02681,-0.35718,0.08528,0.04767,-0.53317,-0.02678,-0.03107
23.1,-0.36947,0.93866,0.10053,-0.48636,1.36817,0.07873,-0.57523,1.54291,-0.03677,-0.32498,1.33516,-0.04715,-0.40221,1.32361,-0.27766,-0.55852,1.45987,-0.11294,-0.61613,1.59855,-0.02048,-0.63372,1.26264,0.17936,-0.76892,1.10794,0.0489,-0.8046,1.36455,-0.00594,-0.77244,1.487,-0.12869,-0.34486,0.8806,0.00385,-0.40469,0.49971,-0.11089,-0.2713,0.13259,-0.00738,-0.31834,-0.03527,-0.14643,-0.45201,0.85833,0.10809,-0.49116,0.46615,0.02754,-0.35688,0.08555,0.04754,-0.53284,-0.02644,-0.03135
23.12,-0.36717,0.93955,0.10025,-0.48354,1.36917,0.07783,-0.5722,1.54385,-0.03791,-0.32218,1.33579,-0.04798,-0.39968,1.3245,-0.27841,-0.55576,1.46099,-0.11366,-0.61297,1.59984,-0.02122,-0.63104,1.26396,0.17859,-0.76643,1.10919,0.04841,-0.80173,1.36592,-0.00616,-0.76937,1.48833,-0.1289,-0.34263,0.88135,0.00363,-0.40164,0.49936,-0.10781,-0.26366,0.13859,0.0109,-0.30407,-0.03435,-0.12395,-0.44981,0.85932,0.1079,-0.48863,0.46693,0.02828,-0.35657,0.08552,0.04763,-0.53251,-0.02638,-0.03144
23.14,-0.36476,0.94023,0.09992,-0.4804,1.37002,0.07698,-0.56882,1.54464,-0.03905,-0.31905,1.33623,-0.04874,-0.39683,1.32562,-0.2791,-0.55252,1.46228,-0.11413,-0.60912,1.60129,-0.02155,-0.62812,1.26516,0.1778,-0.76379,1.1105,0.04779,-0.79849,1.36744,-0.00615,-0.76584,1.4899,-0.12877,-0.34028,0.88182,0.00342,-0.39729,0.49831,-0.10379,-0.256,0.14366,0.02867,-0.29015,-0.03386,-0.10191,-0.44755,0.86017,0.10767,-0.48614,0.46755,0.02903,-0.35626,0.08537,0.04782,-0.53217,-0.02644,-0.03142
23.16,-0.36236,0.941,0.09961,-0.47736,1.37093,0.0761,-0.56555,1.54549,-0.0402,-0.31602,1.33675,-0.04952,-0.39407,1.32662,-0.27982,-0.54943,1.46349,-0.11471,-0.60553,1.60265,-0.02206,-0.62526,1.26642,0.177,-0.76118,1.11179,0.04722,-0.79538,1.36889,-0.00627,-0.76249,1.49137,-0.1288,-0.33793,0.8824,0.00321,-0.39337,0.4976,-0.10012,-0.24895,0.14983,0.04645,-0.27682,-0.03206,-0.07952,-0.44528,0.86108,0.10745,-0.48359,0.46825,0.02976,-0.35593,0.08529,0.04797,-0.53183,-0.02643,-0.03144
23.18,-0.36009,0.94182,0.09929,-0.47446,1.37189,0.07522,-0.56241,1.54639,-0.04134,-0.31315,1.33731,-0.05033,-0.39147,1.3277,-0.28056,-0.54654,1.46474,-0.11532,-0.60211,1.60408,-0.02261,-0.62252,1.26772,0.17624,-0.75868,1.1131,0.04668,-0.79235,1.37038,-0.00632,-0.75915,1.49284,-0.12879,-0.33575,0.88306,0.00297,-0.39006,0.49713,-0.09668,-0.24222,0.15739,0.06459,-0.26345,-0.02904,-0.0559,-0.44311,0.86202,0.10724,-0.48116,0.46896,0.03057,-0.35567,0.08526,0.04809,-0.53155,-0.02637,-0.03149
23.2,-0.35753,0.94247,0.09899,-0.4712,1.37269,0.07436,-0.55893,1.54712,-0.04248,-0.30988,1.33771,-0.05107,-0.38845,1.32866,-0.28123,-0.54313,1.46592,-0.11579,-0.59818,1.60539,-0.02298,-0.61949,1.26887,0.17542,-0.75593,1.11435,0.04604,-0.78908,1.37179,-0.00645,-0.75569,1.49432,-0.1288,-0.3332,0.88348,0.0028,-0.38521,0.49613,-0.09247,-0.23601,0.16332,0.08149,-0.25166,-0.02649,-0.03451,-0.44072,0.86285,0.10701,-0.47851,0.4696,0.03123,-0.3553,0.08513,0.04831,-0.53117,-0.02639,-0.03143
23.22,-0.35431,0.94267,0.09876,-0.46713,1.37308,0.07355,-0.55466,1.54739,-0.04362,-0.30566,1.33769,-0.05157,-0.38439,1.32922,-0.2817,-0.5384,1.46683,-0.11594,-0.59306,1.60631,-0.02291,-0.61579,1.26963,0.17444,-0.75258,1.11534,0.04515,-0.7853,1.37295,-0.00684,-0.75208,1.49577,-0.12894,-0.32979,0.88326,0.00288,-0.37658,0.49384,-0.08646,-0.23024,0.16404,0.09549,-0.24273,-0.0268,-0.01918,-0.43782,0.86338,0.1067,-0.4753,0.46998,0.03151,-0.35464,0.08471,0.04873,-0.53055,-0.02667,-0.03112
23.24,-0.35079,0.9427,0.09856,-0.46271,1.37331,0.07276,-0.55003,1.5475,-0.04474,-0.30104,1.3375,-0.05198,-0.3799,1.32965,-0.28209,-0.53316,1.46765,-0.11595,-0.58745,1.60709,-0.02265,-0.61179,1.27024,0.17341,-0.74897,1.11625,0.04417,-0.78127,1.37401,-0.00729,-0.74834,1.49721,-0.12909,-0.32601,0.88281,0.00305,-0.36652,0.4912,-0.07955,-0.22465,0.16274,0.10826,-0.23489,-0.02819,-0.00649,-0.43467,0.86379,0.10637,-0.4719,0.47027,0.03164,-0.35386,0.08421,0.04919,-0.52983,-0.02701,-0.03075
23.26,-0.34735,0.9428,0.09836,-0.45841,1.3736,0.07198,-0.54553,1.54767,-0.04583,-0.29656,1.33738,-0.05241,-0.37558,1.33015,-0.28249,-0.52814,1.46849,-0.116,-0.58204,1.60792,-0.02245,-0.60788,1.27089,0.17243,-0.74543,1.1172,0.04325,-0.77731,1.37511,-0.00769,-0.7446,1.49865,-0.12921,-0.32235,0.88246,0.00319,-0.35715,0.48897,-0.07279,-0.21921,0.16253,0.12136,-0.2268,-0.02875,0.00699,-0.43157,0.86424,0.10605,-0.46859,0.47062,0.03182,-0.35314,0.08378,0.04959,-0.52916,-0.02729,-0.03045
23.28,-0.34416,0.94294,0.09813,-0.45424,1.37396,0.07121,-0.54114,1.54791,-0.04695,-0.2922,1.3373,-0.05281,-0.37128,1.3307,-0.28289,-0.52311,1.46941,-0.11603,-0.57666,1.6088,-0.02221,-0.60414,1.27164,0.17141,-0.74205,1.11822,0.04227,-0.77349,1.3763,-0.00813,-0.74103,1.50021,-0.12933,-0.31893,0.88214,0.00331,-0.34804,0.48699,-0.0662,-0.21334,0.16327,0.13466,-0.21758,-0.02874,0.02134,-0.42874,0.86475,0.10571,-0.46528,0.47097,0.03208,-0.35246,0.08336,0.04995,-0.52854,-0.02754,-0.03021
23.3,-0.34037,0.94294,0.09796,-0.4497,1.37411,0.07043,-0.53641,1.54796,-0.04801,-0.28749,1.33708,-0.05325,-0.36681,1.3311,-0.28326,-0.51796,1.47013,-0.11605,-0.57109,1.60951,-0.02199,-0.59995,1.27213,0.17045,-0.73827,1.11904,0.04137,-0.76928,1.37727,-0.0085,-0.73702,1.50149,-0.12944,-0.31492,0.8817,0.00348,-0.33831,0.48497,-0.05877,-0.2085,0.16222,0.14682,-0.21071,-0.02939,0.03278,-0.42528,0.8651,0.1054,-0.46195,0.47127,0.03213,-0.35165,0.08295,0.05029,-0.5278,-0.02779,-0.02994
23.32,-0.3351,0.94258,0.09794,-0.44423,1.37375,0.06965,-0.53089,1.54753,-0.04895,-0.28194,1.33646,-0.05384,-0.36206,1.33104,-0.28359,-0.51266,1.47033,-0.11609,-0.56517,1.60984,-0.02187,-0.59461,1.27199,0.16969,-0.7336,1.11938,0.04076,-0.76412,1.37776,-0.00864,-0.73191,1.502,-0.12957,-0.30944,0.881,0.00374,-0.32696,0.48262,-0.04926,-0.20624,0.15638,0.15636,-0.20957,-0.0318,0.03676,-0.42028,0.86503,0.10524,-0.4587,0.47141,0.03168,-0.35055,0.08253,0.05065,-0.5268,-0.02808,-0.02953
23.34,-0.32922,0.94207,0.09798,-0.43841,1.37317,0.06884,-0.52504,1.54688,-0.04986,-0.27604,1.33568,-0.05449,-0.35714,1.33081,-0.2839,-0.50725,1.4703,-0.11615,-0.55908,1.60999,-0.0218,-0.58883,1.27156,0.16899,-0.72853,1.11948,0.04021,-0.75858,1.37801,-0.00871,-0.72636,1.50218,-0.12972,-0.30334,0.88018,0.00405,-0.31508,0.48039,-0.03898,-0.20448,0.1491,0.16424,-0.20944,-0.03411,0.03721,-0.41465,0.86477,0.10513,-0.45542,0.4715,0.03101,-0.34931,0.08211,0.05099,-0.52568,-0.02838,-0.02909
23.36,-0.32356,0.94163,0.09802,-0.43274,1.37267,0.06806,-0.51934,1.54632,-0.05077,-0.27027,1.33498,-0.05508,-0.35225,1.33067,-0.28419,-0.50187,1.47037,-0.11617,-0.55307,1.6102,-0.02169,-0.58323,1.27123,0.16827,-0.72359,1.11964,0.03962,-0.75317,1.37831,-0.00882,-0.72095,1.50247,-0.12983,-0.29747,0.87942,0.00436,-0.30368,0.47858,-0.02902,-0.20181,0.14318,0.172,-0.20717,-0.03525,0.03835,-0.40924,0.8646,0.10501,-0.45213,0.47164,0.0304,-0.34812,0.08173,0.0513,-0.52461,-0.02861,-0.02871
23.38,-0.31814,0.94119,0.09796,-0.42707,1.37225,0.06725,-0.51361,1.54585,-0.05169,-0.26458,1.33426,-0.05577,-0.34752,1.33052,-0.28455,-0.49654,1.47049,-0.11622,-0.54697,1.61048,-0.02158,-0.57765,1.27106,0.16757,-0.71885,1.12007,0.03913,-0.74788,1.37888,-0.00887,-0.71572,1.50296,-0.12998,-0.29187,0.87862,0.00459,-0.29191,0.47701,-0.01845,-0.19872,0.13739,0.17968,-0.20354,-0.03544,0.03884,-0.40409,0.86445,0.10482,-0.44892,0.47179,0.02978,-0.34701,0.08138,0.05156,-0.52363,-0.02882,-0.02837
23.4,-0.31207,0.94071,0.09813,-0.4213,1.37162,0.06651,-0.50783,1.54512,-0.05259,-0.25863,1.33354,-0.05625,-0.34239,1.33034,-0.28474,-0.49105,1.47045,-0.11621,-0.54098,1.61055,-0.02146,-0.57192,1.2705,0.16684,-0.71358,1.11989,0.03846,-0.74222,1.37885,-0.00901,-0.70999,1.50298,-0.13005,-0.28555,0.87788,0.005,-0.28108,0.47587,-0.00876,-0.19512,0.13223,0.18568,-0.19947,-0.0352,0.03845,-0.39824,0.86419,0.10479,-0.4455,0.47194,0.0291,-0.34571,0.08103,0.05183,-0.52247,-0.02899,-0.02803
23.42,-0.30439,0.94018,0.09892,-0.41537,1.37055,0.06595,-0.50195,1.54376,-0.05351,-0.2521,1.3329,-0.05614,-0.33625,1.33016,-0.28449,-0.4852,1.47009,-0.11607,-0.53537,1.61015,-0.02139,-0.56591,1.26899,0.16596,-0.707,1.11814,0.03723,-0.73568,1.37724,-0.00946,-0.70292,1.5018,-0.12992,-0.27741,0.87734,0.00593,-0.2728,0.47517,-0.00177,-0.19163,0.12824,0.18885,-0.19728,-0.0357,0.03778,-0.3906,0.86367,0.10515,-0.44154,0.47211,0.02832,-0.34393,0.08071,0.05214,-0.52085,-0.02908,-0.02768
23.44,-0.29609,0.93962,0.09994,-0.40935,1.36927,0.06544,-0.49603,1.54214,-0.05445,-0.24533,1.33226,-0.05583,-0.32973,1.32992,-0.28409,-0.47923,1.46954,-0.1159,-0.5299,1.60951,-0.02134,-0.55977,1.2671,0.16502,-0.69989,1.11578,0.0358,-0.7288,1.375,-0.01002,-0.69538,1.50012,-0.12972,-0.26858,0.87686,0.00705,-0.26545,0.47461,0.00419,-0.18853,0.12462,0.19094,-0.19622,-0.03646,0.03692,-0.38227,0.86305,0.10567,-0.43736,0.47231,0.0275,-0.34194,0.08045,0.05243,-0.51905,-0.02908,-0.02734
23.46,-0.28808,0.93907,0.10087,-0.40338,1.36806,0.0649,-0.49013,1.5406,-0.05541,-0.23868,1.33159,-0.05562,-0.3234,1.32966,-0.28376,-0.47333,1.46901,-0.11574,-0.52439,1.6089,-0.02128,-0.55367,1.26536,0.16412,-0.693,1.11366,0.03448,-0.72208,1.37301,-0.01051,-0.6881,1.49862,-0.12953,-0.26008,0.87635,0.0081,-0.25777,0.47409,0.01057,-0.18552,0.12107,0.19343,-0.19474,-0.03674,0.03614,-0.37426,0.86247,0.10615,-0.43326,0.47256,0.0267,-0.34004,0.08023,0.05267,-0.51734,-0.02903,-0.02703
23.48,-0.28001,0.93854,0.10177,-0.39729,1.36686,0.06427,-0.48409,1.53911,-0.05642,-0.23192,1.33092,-0.05548,-0.317,1.32945,-0.28349,-0.46732,1.46863,-0.11567,-0.51874,1.60847,-0.02133,-0.54748,1.26365,0.16312,-0.68606,1.11163,0.03306,-0.71522,1.3711,-0.01113,-0.68055,1.49719,-0.12945,-0.25149,0.87587,0.00913,-0.2501,0.47368,0.01718,-0.18255,0.11761,0.1959,-0.19331,-0.03672,0.03529,-0.36619,0.86189,0.10656,-0.42913,0.47289,0.02571,-0.33806,0.08014,0.05284,-0.51556,-0.02887,-0.02676
23.5,-0.27192,0.93797,0.10279,-0.39136,1.36556,0.0638,-0.47826,1.53742,-0.05737,-0.2253,1.33024,-0.05518,-0.31062,1.32905,-0.28311,-0.46149,1.46784,-0.11546,-0.51338,1.60756,-0.02122,-0.54139,1.26178,0.16227,-0.67904,1.10927,0.03179,-0.70852,1.36885,-0.01155,-0.67342,1.49547,-0.12917,-0.24293,0.87534,0.01027,-0.2428,0.47327,0.023,-0.18002,0.11451,0.19803,-0.19219,-0.03668,0.03457,-0.35809,0.86129,0.10714,-0.42492,0.4732,0.02504,-0.33611,0.07999,0.05302,-0.51384,-0.02873,-0.02648
23.52,-0.26387,0.93728,0.10411,-0.38587,1.36402,0.06382,-0.473,1.53524,-0.0581,-0.21917,1.32952,-0.05449,-0.30444,1.32814,-0.28243,-0.45622,1.46598,-0.11481,-0.50874,1.60547,-0.02055,-0.53561,1.25949,0.16196,-0.6719,1.10614,0.03103,-0.70233,1.3658,-0.01123,-0.66764,1.49308,-0.12825,-0.23458,0.87465,0.01168,-0.23605,0.47268,0.02704,-0.17816,0.11193,0.19966,-0.19133,-0.03702,0.03422,-0.35005,0.8606,0.10818,-0.42061,0.47332,0.02536,-0.33433,0.07954,0.0533,-0.51233,-0.02879,-0.02614
23.54,-0.25585,0.93655,0.10555,-0.38057,1.36239,0.06402,-0.46796,1.53287,-0.05874,-0.21322,1.32878,-0.05363,-0.29832,1.32705,-0.28163,-0.45115,1.46372,-0.11401,-0.50439,1.60289,-0.0197,-0.52995,1.25703,0.16183,-0.66471,1.10272,0.03045,-0.69632,1.36241,-0.01069,-0.66231,1.49041,-0.12712,-0.22631,0.87391,0.0132,-0.22961,0.47202,0.0303,-0.1765,0.10962,0.20096,-0.19056,-0.03747,0.03394,-0.34204,0.85987,0.10939,-0.41626,0.47339,0.02604,-0.3326,0.07902,0.05361,-0.51087,-0.02889,-0.02577
23.56,-0.24786,0.93585,0.10693,-0.37519,1.36079,0.06413,-0.46282,1.53058,-0.05942,-0.20718,1.32805,-0.05285,-0.29215,1.32601,-0.2809,-0.44598,1.46161,-0.11332,-0.49994,1.60048,-0.01898,-0.52423,1.25465,0.16159,-0.65753,1.09945,0.02977,-0.69022,1.35917,-0.01031,-0.65676,1.48785,-0.12615,-0.21805,0.87321,0.01467,-0.22311,0.47143,0.03382,-0.17471,0.10733,0.20227,-0.18961,-0.03769,0.03353,-0.33407,0.85917,0.11051,-0.41192,0.47355,0.02653,-0.33081,0.07863,0.05386,-0.50936,-0.02888,-0.02545
23.58,-0.23964,0.93512,0.10834,-0.36969,1.3591,0.0642,-0.45756,1.52816,-0.06017,-0.2011,1.32724,-0.05216,-0.28609,1.32494,-0.2802,-0.44079,1.45945,-0.11255,-0.4953,1.59809,-0.01819,-0.51834,1.25216,0.16141,-0.65019,1.09604,0.02922,-0.68402,1.3558,-0.00967,-0.65125,1.48519,-0.12492,-0.20959,0.87248,0.01616,-0.21636,0.47084,0.03762,-0.17289,0.10499,0.20361,-0.18849,-0.03778,0.03302,-0.32586,0.85845,0.1117,-0.4075,0.47375,0.02707,-0.32899,0.07828,0.05405,-0.50782,-0.02881,-0.02518
23.6,-0.23192,0.93444,0.10972,-0.36443,1.35752,0.06436,-0.45254,1.5259,-0.06078,-0.19518,1.32653,-0.05128,-0.27985,1.32384,-0.27943,-0.43567,1.45725,-0.11194,-0.49107,1.59549,-0.01751,-0.5128,1.24983,0.16115,-0.64312,1.09283,0.02848,-0.67804,1.35259,-0.00949,-0.64576,1.48259,-0.12418,-0.20156,0.8718,0.01764,-0.21024,0.47028,0.04063,-0.17107,0.10304,0.20461,-0.18741,-0.03784,0.03252,-0.31815,0.85777,0.11279,-0.4032,0.47394,0.02757,-0.32721,0.07796,0.0543,-0.5063,-0.02874,-0.02488
23.62,-0.22551,0.9339,0.111,-0.35976,1.35633,0.06469,-0.44812,1.52414,-0.06102,-0.18961,1.32614,-0.04983,-0.27298,1.32275,-0.27845,-0.43063,1.45508,-0.11181,-0.48795,1.59239,-0.01716,-0.50823,1.24793,0.16054,-0.63676,1.09019,0.02701,-0.67262,1.34985,-0.0107,-0.64013,1.48022,-0.12492,-0.19461,0.8713,0.01908,-0.20562,0.46981,0.04167,-0.16926,0.10195,0.20488,-0.18674,-0.03799,0.03214,-0.31173,0.85719,0.11356,-0.39923,0.47402,0.02786,-0.32553,0.07763,0.05473,-0.5048,-0.02873,-0.02449
23.64,-0.21964,0.93342,0.11225,-0.35535,1.35529,0.0651,-0.44397,1.52258,-0.06113,-0.18424,1.32586,-0.04819,-0.26598,1.32167,-0.27739,-0.42567,1.45293,-0.11185,-0.48522,1.58912,-0.01696,-0.50405,1.24623,0.15983,-0.63071,1.08778,0.02535,-0.66744,1.34731,-0.01237,-0.63453,1.47795,-0.12616,-0.18813,0.87086,0.02051,-0.20163,0.46939,0.04192,-0.16749,0.10119,0.20487,-0.18623,-0.03817,0.03179,-0.30584,0.85668,0.11424,-0.39541,0.47408,0.0281,-0.32392,0.0773,0.0552,-0.50335,-0.02874,-0.02411
23.66,-0.21357,0.93291,0.1135,-0.35083,1.35418,0.06544,-0.43968,1.52092,-0.06134,-0.17883,1.32551,-0.04669,-0.25912,1.32057,-0.27639,-0.42068,1.45077,-0.11184,-0.48225,1.58594,-0.01677,-0.49968,1.24446,0.15917,-0.62454,1.0853,0.02385,-0.66216,1.34472,-0.0138,-0.62893,1.47565,-0.12716,-0.18149,0.87039,0.02193,-0.19739,0.46895,0.04247,-0.16571,0.10032,0.20491,-0.1856,-0.03828,0.03136,-0.29975,0.85614,0.11496,-0.39154,0.47417,0.02835,-0.32228,0.077,0.05557,-0.50188,-0.0287,-0.0238
23.68,-0.20726,0.93239,0.11479,-0.34619,1.353,0.06578,-0.4353,1.51915,-0.0616,-0.17321,1.32519,-0.04506,-0.25185,1.31948,-0.27531,-0.41549,1.44848,-0.11187,-0.47931,1.58245,-0.01659,-0.49521,1.24254,0.15835,-0.61802,1.08262,0.02206,-0.65664,1.34191,-0.01546,-0.6231,1.4732,-0.12831,-0.17456,0.86992,0.0234,-0.1929,0.46855,0.04307,-0.16375,0.09943,0.20488,-0.18493,-0.03833,0.03081,-0.29341,0.85557,0.11566,-0.38749,0.47429,0.0285,-0.32052,0.07674,0.05591,-0.5003,-0.02861,-0.02353
23.7,-0.2016,0.9319,0.116,-0.34184,1.35197,0.0661,-0.43116,1.51762,-0.06179,-0.1681,1.32481,-0.0437,-0.2454,1.31836,-0.27439,-0.41069,1.44645,-0.1119,-0.47634,1.57948,-0.01654,-0.49098,1.24095,0.15781,-0.61224,1.08042,0.02084,-0.65161,1.33959,-0.01676,-0.61773,1.47108,-0.12928,-0.16839,0.86945,0.02478,-0.18906,0.46814,0.04333,-0.1621,0.09871,0.20482,-0.18433,-0.03838,0.03035,-0.28774,0.85507,0.11639,-0.38382,0.47439,0.02879,-0.31901,0.07648,0.05621,-0.49893,-0.02855,-0.0233
23.72,-0.1975,0.93145,0.11704,-0.33813,1.35131,0.06645,-0.42758,1.51667,-0.06171,-0.16424,1.32419,-0.04311,-0.2412,1.31713,-0.27389,-0.40696,1.44513,-0.11181,-0.47317,1.57804,-0.0167,-0.48727,1.24024,0.15812,-0.60843,1.07948,0.02135,-0.6478,1.33856,-0.01686,-0.61357,1.46982,-0.12955,-0.16413,0.8689,0.02595,-0.18682,0.46763,0.04289,-0.16125,0.09832,0.2049,-0.18389,-0.03848,0.03025,-0.28372,0.8547,0.11728,-0.38115,0.4744,0.02952,-0.31817,0.07617,0.05656,-0.49813,-0.02868,-0.02311
23.74,-0.19403,0.93103,0.11801,-0.33471,1.3508,0.06683,-0.42424,1.51598,-0.06151,-0.16087,1.32352,-0.04278,-0.23781,1.31588,-0.27355,-0.40363,1.44408,-0.11168,-0.46998,1.57718,-0.01692,-0.48379,1.23987,0.15874,-0.60538,1.07903,0.02245,-0.64449,1.33803,-0.01656,-0.6099,1.4689,-0.12959,-0.16062,0.86834,0.02703,-0.18521,0.46711,0.04217,-0.1607,0.0981,0.20501,-0.18353,-0.03858,0.0303,-0.28035,0.85439,0.11821,-0.37885,0.47438,0.03043,-0.31758,0.07584,0.05694,-0.49755,-0.02887,-0.02291
23.76,-0.19032,0.93061,0.11899,-0.33119,1.35024,0.06718,-0.42082,1.5152,-0.06137,-0.1573,1.32289,-0.04234,-0.23406,1.31468,-0.27314,-0.40014,1.44293,-0.11158,-0.46682,1.57607,-0.01711,-0.48024,1.23937,0.1592,-0.60202,1.07837,0.02325,-0.64098,1.33728,-0.01647,-0.60608,1.46785,-0.12975,-0.15682,0.8678,0.02812,-0.18334,0.46663,0.04158,-0.16002,0.09784,0.20509,-0.18314,-0.03865,0.03026,-0.27673,0.85407,0.1191,-0.37641,0.47438,0.03125,-0.3169,0.07555,0.05728,-0.49689,-0.029,-0.02273
23.78,-0.18646,0.93014,0.12006,-0.32755,1.34961,0.06757,-0.41732,1.51432,-0.06121,-0.15363,1.32219,-0.04188,-0.23028,1.31334,-0.2727,-0.39658,1.44168,-0.11144,-0.46359,1.57489,-0.0173,-0.47656,1.2388,0.15975,-0.59857,1.07767,0.02419,-0.63735,1.33649,-0.01629,-0.60201,1.46671,-0.12984,-0.15286,0.86721,0.02931,-0.18139,0.46612,0.04091,-0.15931,0.09759,0.20516,-0.18271,-0.03871,0.03021,-0.27296,0.85371,0.12007,-0.37388,0.47437,0.03209,-0.31619,0.07524,0.05765,-0.49619,-0.02914,-0.02254
23.8,-0.18306,0.92977,0.12093,-0.32422,1.34915,0.06789,-0.41404,1.5137,-0.06106,-0.15029,1.32162,-0.04151,-0.22677,1.31225,-0.27236,-0.39326,1.44068,-0.11136,-0.4605,1.57397,-0.0175,-0.47322,1.23843,0.1602,-0.59547,1.07716,0.02499,-0.63411,1.3359,-0.01619,-0.59855,1.46581,-0.13001,-0.14941,0.86672,0.03029,-0.17973,0.46572,0.04034,-0.15871,0.09741,0.20523,-0.18235,-0.03873,0.0302,-0.26965,0.85344,0.12089,-0.37161,0.47438,0.03293,-0.31559,0.07498,0.05796,-0.49561,-0.02926,-0.02239
23.82,-0.18073,0.92967,0.12128,-0.32165,1.3491,0.06804,-0.41131,1.5137,-0.06096,-0.14768,1.32145,-0.04127,-0.2238,1.31184,-0.27224,-0.39047,1.44028,-0.11144,-0.45776,1.57362,-0.01768,-0.47075,1.23849,0.16031,-0.59306,1.07709,0.02533,-0.63174,1.33573,-0.01638,-0.59663,1.46549,-0.13052,-0.14713,0.86649,0.03071,-0.17873,0.46558,0.04015,-0.15837,0.09736,0.20533,-0.18215,-0.03872,0.03028,-0.26741,0.85345,0.12129,-0.36994,0.47444,0.03378,-0.31525,0.07481,0.05813,-0.49527,-0.02935,-0.02232
23.84,-0.17886,0.92967,0.12144,-0.3194,1.34922,0.06812,-0.40883,1.51394,-0.06088,-0.14539,1.32142,-0.0411,-0.2211,1.31168,-0.27219,-0.38793,1.44013,-0.11156,-0.4552,1.57351,-0.01785,-0.46864,1.23874,0.16032,-0.59097,1.0772,0.02552,-0.62976,1.33575,-0.01666,-0.59531,1.46541,-0.13111,-0.14536,0.86637,0.03092,-0.17802,0.46553,0.0401,-0.15816,0.09737,0.20546,-0.18203,-0.03869,0.0304,-0.26564,0.85356,0.12154,-0.36853,0.4745,0.03464,-0.31504,0.07467,0.05826,-0.49506,-0.02942,-0.02227
23.86,-0.17681,0.92963,0.12168,-0.31703,1.34927,0.06823,-0.40625,1.51408,-0.0608,-0.14299,1.32133,-0.0409,-0.21832,1.31141,-0.27211,-0.38531,1.43987,-0.11167,-0.4526,1.5733,-0.01804,-0.46639,1.2389,0.16036,-0.58877,1.07723,0.02577,-0.62763,1.33569,-0.01689,-0.59372,1.46523,-0.13165,-0.14339,0.8662,0.03121,-0.17718,0.46545,0.03997,-0.15789,0.09736,0.20558,-0.18188,-0.03865,0.0305,-0.26368,0.85362,0.12185,-0.36702,0.47457,0.03547,-0.31478,0.07454,0.05841,-0.49481,-0.02949,-0.0222
23.88,-0.17466,0.92958,0.12195,-0.31455,1.34931,0.06836,-0.40359,1.51421,-0.06069,-0.14048,1.32122,-0.04069,-0.21541,1.31111,-0.27202,-0.38256,1.43959,-0.11176,-0.44984,1.57307,-0.01819,-0.46403,1.23907,0.16045,-0.58647,1.07725,0.02608,-0.62539,1.33561,-0.01712,-0.59212,1.465,-0.13223,-0.14134,0.86602,0.03154,-0.17634,0.46536,0.03988,-0.15761,0.09736,0.20572,-0.18172,-0.03862,0.03063,-0.26163,0.85369,0.12221,-0.36546,0.47464,0.03641,-0.31453,0.07439,0.05858,-0.49457,-0.02955,-0.02212
23.9,-0.17283,0.92956,0.12212,-0.31238,1.34939,0.06843,-0.40118,1.51441,-0.06063,-0.13827,1.32117,-0.04051,-0.21282,1.31093,-0.27196,-0.38015,1.4394,-0.11188,-0.44747,1.57292,-0.01839,-0.462,1.23927,0.16044,-0.58446,1.07733,0.02624,-0.62347,1.33561,-0.01737,-0.5907,1.46491,-0.13273,-0.13958,0.86589,0.03176,-0.17558,0.46531,0.03977,-0.15738,0.09737,0.20581,-0.18158,-0.03858,0.03071,-0.25988,0.85376,0.12244,-0.36407,0.4747,0.03713,-0.31431,0.07427,0.05872,-0.49435,-0.0296,-0.02205
23.92,-0.17173,0.92957,0.12209,-0.31093,1.34952,0.06839,-0.39935,1.51474,-0.06066,-0.13674,1.32121,-0.04039,-0.21098,1.311,-0.27194,-0.37856,1.43939,-0.11204,-0.44612,1.57287,-0.01868,-0.46072,1.23947,0.16022,-0.58315,1.07752,0.02601,-0.6223,1.33576,-0.01767,-0.58956,1.46508,-0.133,-0.13843,0.86584,0.03179,-0.17495,0.46531,0.03962,-0.15722,0.09739,0.20576,-0.18146,-0.03857,0.03067,-0.25883,0.85382,0.12237,-0.36307,0.47473,0.03723,-0.3141,0.07421,0.05879,-0.49413,-0.02964,-0.02202
23.94,-0.17095,0.92961,0.12197,-0.30979,1.34968,0.06831,-0.39779,1.51514,-0.06073,-0.1355,1.3213,-0.0403,-0.20946,1.3112,-0.27194,-0.37732,1.43946,-0.11223,-0.44518,1.57289,-0.019,-0.45976,1.2397,0.15993,-0.58213,1.07776,0.02565,-0.62145,1.33599,-0.01799,-0.58859,1.46539,-0.1332,-0.13757,0.86585,0.03172,-0.17441,0.46534,0.03946,-0.15712,0.09743,0.20566,-0.18136,-0.03855,0.03059,-0.25807,0.85389,0.12217,-0.36224,0.47477,0.0371,-0.3139,0.07418,0.05883,-0.49393,-0.02966,-0.022
23.96,-0.17005,0.92965,0.12189,-0.30854,1.34984,0.06825,-0.39614,1.51552,-0.06077,-0.13416,1.32137,-0.04019,-0.20783,1.31136,-0.27193,-0.37594,1.43952,-0.11241,-0.44407,1.57289,-0.01931,-0.45867,1.23993,0.15968,-0.58101,1.078,0.02536,-0.62048,1.33621,-0.01828,-0.58758,1.46566,-0.13342,-0.13661,0.86585,0.0317,-0.17384,0.46537,0.03931,-0.15699,0.09747,0.20559,-0.18125,-0.03852,0.03054,-0.2572,0.85397,0.12203,-0.36136,0.47482,0.03708,-0.3137,0.07414,0.05889,-0.49373,-0.02968,-0.02197
23.98,-0.16905,0.92968,0.12183,-0.30718,1.34999,0.06821,-0.39435,1.51591,-0.0608,-0.1327,1.32144,-0.04005,-0.20607,1.31151,-0.27189,-0.37446,1.43955,-0.11256,-0.44288,1.57287,-0.01961,-0.45749,1.24015,0.15942,-0.57977,1.07821,0.02504,-0.6194,1.33639,-0.01862,-0.58642,1.4659,-0.13368,-0.13554,0.86583,0.03169,-0.1732,0.4654,0.03916,-0.15684,0.09751,0.20551,-0.18114,-0.03851,0.03048,-0.25624,0.85404,0.1219,-0.36037,0.47486,0.03705,-0.31348,0.0741,0.05894,-0.4935,-0.0297,-0.02194
24,-0.16833,0.92971,0.1217,-0.30611,1.35014,0.06812,-0.3929,1.51627,-0.06088,-0.13155,1.32151,-0.04,-0.20464,1.31168,-0.27193,-0.37327,1.43962,-0.11278,-0.44196,1.57289,-0.01993,-0.45658,1.24037,0.15915,-0.57885,1.07846,0.02475,-0.61861,1.33662,-0.01887,-0.58561,1.46619,-0.13385,-0.13477,0.86582,0.03161,-0.17273,0.46542,0.039,-0.15675,0.09755,0.20543,-0.18104,-0.03847,0.0304,-0.25555,0.8541,0.12171,-0.35965,0.47488,0.03698,-0.31331,0.07407,0.05897,-0.49334,-0.02972,-0.02193
24.02,-0.16826,0.92972,0.12141,-0.30569,1.35028,0.06791,-0.39227,1.5165,-0.06111,-0.13113,1.32153,-0.04016,-0.204,1.31188,-0.27217,-0.37276,1.43976,-0.11312,-0.44159,1.57296,-0.02029,-0.45628,1.2406,0.15888,-0.57875,1.07876,0.02456,-0.61849,1.33697,-0.01884,-0.58571,1.46664,-0.13377,-0.13469,0.8658,0.03135,-0.17266,0.46539,0.03877,-0.15681,0.09759,0.20537,-0.18096,-0.03833,0.03024,-0.2555,0.85414,0.12141,-0.35957,0.47487,0.03686,-0.31331,0.07405,0.05895,-0.49334,-0.02973,-0.02196
24.04,-0.16847,0.92972,0.12105,-0.30556,1.3504,0.06766,-0.39198,1.51668,-0.06139,-0.13102,1.32155,-0.04042,-0.20369,1.31208,-0.2725,-0.37255,1.43992,-0.11352,-0.44149,1.57305,-0.02068,-0.45624,1.24082,0.1586,-0.57899,1.07908,0.02442,-0.61864,1.33735,-0.01871,-0.58617,1.46712,-0.13362,-0.13491,0.86577,0.031,-0.17275,0.46536,0.03852,-0.15692,0.09764,0.20531,-0.18089,-0.03816,0.03007,-0.25573,0.85416,0.12106,-0.35975,0.47484,0.03671,-0.31337,0.07404,0.05891,-0.4934,-0.02975,-0.02199
24.06,-0.16858,0.92973,0.12071,-0.30533,1.35054,0.06742,-0.39156,1.5169,-0.06165,-0.1308,1.32157,-0.04065,-0.20325,1.31227,-0.27281,-0.37224,1.44006,-0.11392,-0.44131,1.57313,-0.02108,-0.4561,1.24105,0.15832,-0.57909,1.0794,0.02426,-0.6187,1.3377,-0.01865,-0.5865,1.46757,-0.13353,-0.13502,0.86575,0.03068,-0.17279,0.46533,0.03828,-0.15701,0.09769,0.20524,-0.18083,-0.03802,0.02991,-0.25586,0.8542,0.12072,-0.35982,0.47481,0.03657,-0.3134,0.07402,0.05887,-0.49344,-0.02976,-0.02202
24.08,-0.16859,0.92972,0.1204,-0.305,1.35065,0.0672,-0.39104,1.51708,-0.06191,-0.13047,1.32158,-0.04084,-0.20271,1.31248,-0.27307,-0.37179,1.44024,-0.11425,-0.44099,1.57323,-0.0214,-0.45588,1.24126,0.15803,-0.57913,1.07973,0.02406,-0.61864,1.3381,-0.01851,-0.5867,1.4681,-0.13331,-0.13503,0.86571,0.0304,-0.17276,0.46529,0.03801,-0.15709,0.09773,0.20517,-0.18074,-0.03784,0.0297,-0.2559,0.85421,0.12041,-0.35984,0.47479,0.03644,-0.31342,0.074,0.05884,-0.49346,-0.02977,-0.02205
24.1,-0.16888,0.92975,0.12001,-0.30495,1.3508,0.06694,-0.39082,1.51732,-0.06218,-0.13045,1.32162,-0.04114,-0.20247,1.31265,-0.27344,-0.3717,1.44035,-0.11473,-0.44103,1.57329,-0.0219,-0.4559,1.24152,0.15775,-0.57938,1.08002,0.02395,-0.61888,1.33842,-0.0185,-0.58726,1.46846,-0.13334,-0.13534,0.86571,0.03002,-0.17292,0.46528,0.03779,-0.15722,0.0978,0.20511,-0.18072,-0.03772,0.02958,-0.25621,0.85427,0.12004,-0.36005,0.47477,0.03627,-0.3135,0.074,0.05878,-0.49354,-0.02978,-0.0221
24.12,-0.16982,0.92988,0.11941,-0.30555,1.35107,0.06656,-0.39132,1.51772,-0.06245,-0.1312,1.32174,-0.0417,-0.20295,1.31269,-0.27408,-0.37244,1.4403,-0.11558,-0.44195,1.57323,-0.02287,-0.45651,1.24191,0.15752,-0.58005,1.0802,0.02403,-0.61979,1.33849,-0.01885,-0.58864,1.46832,-0.13406,-0.13637,0.86583,0.0294,-0.17356,0.46537,0.03769,-0.15748,0.09793,0.20508,-0.1809,-0.0378,0.02971,-0.25716,0.85441,0.11953,-0.36065,0.47476,0.03599,-0.31374,0.07405,0.05865,-0.49378,-0.02977,-0.02218
24.14,-0.17103,0.93005,0.11872,-0.30641,1.35138,0.06613,-0.39212,1.51819,-0.06272,-0.13225,1.3219,-0.04239,-0.20373,1.31268,-0.27484,-0.37352,1.44018,-0.11659,-0.44323,1.57312,-0.02404,-0.45735,1.24236,0.15729,-0.5809,1.08034,0.02418,-0.62098,1.33847,-0.01934,-0.59036,1.46799,-0.13504,-0.13771,0.86598,0.02867,-0.17438,0.46549,0.03762,-0.15778,0.0981,0.20504,-0.18114,-0.03795,0.02991,-0.25838,0.85459,0.11896,-0.36142,0.47477,0.03565,-0.31404,0.07412,0.05847,-0.49408,-0.02975,-0.02229
24.16,-0.17214,0.9302,0.11807,-0.30718,1.35167,0.06572,-0.3928,1.51864,-0.06298,-0.13319,1.32204,-0.04302,-0.20439,1.31266,-0.27556,-0.37448,1.44006,-0.11754,-0.44438,1.57301,-0.02514,-0.45811,1.24278,0.15706,-0.58168,1.08048,0.02432,-0.62207,1.33846,-0.01977,-0.59195,1.4677,-0.1359,-0.13893,0.86612,0.02799,-0.17513,0.4656,0.03753,-0.15806,0.09825,0.205,-0.18135,-0.03806,0.03006,-0.2595,0.85476,0.11841,-0.36213,0.47477,0.03534,-0.31432,0.07419,0.05832,-0.49436,-0.02974,-0.02239
24.18,-0.17316,0.93036,0.11742,-0.30786,1.35198,0.06533,-0.39341,1.51904,-0.0633,-0.13402,1.32219,-0.04364,-0.20496,1.31277,-0.27625,-0.37533,1.44005,-0.11844,-0.44538,1.57298,-0.02614,-0.45878,1.24321,0.15682,-0.58242,1.0807,0.02439,-0.62305,1.33857,-0.02018,-0.59345,1.46757,-0.13672,-0.14006,0.86626,0.02731,-0.17582,0.46572,0.03746,-0.15833,0.0984,0.20497,-0.18156,-0.03818,0.03024,-0.26053,0.85493,0.11787,-0.36277,0.47479,0.03503,-0.31457,0.07426,0.05816,-0.49462,-0.0297,-0.02249
24.2,-0.17443,0.93052,0.11675,-0.30879,1.35227,0.06489,-0.39423,1.51957,-0.06351,-0.13514,1.32233,-0.04433,-0.2058,1.3126,-0.27702,-0.37648,1.43981,-0.11949,-0.44678,1.57277,-0.02741,-0.45968,1.24364,0.1566,-0.58328,1.08074,0.02462,-0.62432,1.33842,-0.02065,-0.59522,1.46708,-0.1377,-0.14145,0.86641,0.0266,-0.17668,0.46583,0.03734,-0.15863,0.09858,0.20492,-0.18177,-0.03828,0.03039,-0.26181,0.8551,0.11732,-0.3636,0.47479,0.03469,-0.31489,0.07433,0.05799,-0.49492,-0.02969,-0.0226
24.22,-0.17631,0.93071,0.11606,-0.31036,1.35259,0.06439,-0.39552,1.52049,-0.06339,-0.13697,1.32244,-0.04519,-0.20731,1.31169,-0.27793,-0.37839,1.43898,-0.12089,-0.44919,1.57206,-0.02938,-0.46116,1.24413,0.15644,-0.58439,1.08031,0.02525,-0.62626,1.33764,-0.0212,-0.59757,1.4657,-0.13899,-0.14348,0.86659,0.02587,-0.17797,0.46596,0.03706,-0.15903,0.09883,0.20481,-0.182,-0.03829,0.03046,-0.2637,0.8553,0.11677,-0.36487,0.47479,0.03432,-0.31535,0.07444,0.05781,-0.49534,-0.02972,-0.0227
24.24,-0.17843,0.9309,0.11537,-0.31217,1.35289,0.06387,-0.39702,1.52153,-0.06315,-0.13908,1.32254,-0.04611,-0.2091,1.31049,-0.27888,-0.3806,1.43792,-0.12241,-0.45198,1.57116,-0.03158,-0.46287,1.24462,0.15632,-0.5856,1.07969,0.02606,-0.62848,1.3366,-0.02178,-0.60016,1.46397,-0.14041,-0.14576,0.86677,0.02512,-0.17943,0.46608,0.03672,-0.15947,0.09911,0.20469,-0.18222,-0.03826,0.03051,-0.26582,0.8555,0.11624,-0.36633,0.47478,0.03394,-0.31587,0.07455,0.05763,-0.4958,-0.02976,-0.02281
24.26,-0.18047,0.93109,0.11468,-0.3139,1.3532,0.06335,-0.39845,1.52251,-0.06298,-0.14109,1.32264,-0.04701,-0.2108,1.30943,-0.27981,-0.3827,1.43697,-0.12387,-0.4546,1.57035,-0.03367,-0.4645,1.24511,0.15617,-0.5868,1.07916,0.02679,-0.63061,1.33567,-0.02234,-0.60269,1.46239,-0.14176,-0.14796,0.86696,0.02438,-0.18083,0.46621,0.03641,-0.1599,0.09938,0.20457,-0.18245,-0.03824,0.03055,-0.26787,0.85569,0.1157,-0.36773,0.47477,0.03355,-0.31637,0.07468,0.05745,-0.49625,-0.02979,-0.02293
24.28,-0.18243,0.9313,0.11395,-0.31554,1.35354,0.06284,-0.39977,1.52353,-0.06279,-0.14301,1.32277,-0.04791,-0.21239,1.30838,-0.28074,-0.38475,1.43597,-0.12535,-0.45724,1.56946,-0.03579,-0.46604,1.24562,0.15602,-0.58785,1.07864,0.02752,-0.63263,1.33474,-0.02289,-0.60508,1.46079,-0.14309,-0.15008,0.86715,0.0236,-0.18219,0.46636,0.03607,-0.1603,0.09967,0.20442,-0.18269,-0.03822,0.0306,-0.26983,0.85591,0.11513,-0.36904,0.47478,0.03318,-0.31686,0.0748,0.05725,-0.49669,-0.02981,-0.02305
24.3,-0.18459,0.93146,0.11332,-0.31741,1.3538,0.06231,-0.40133,1.52447,-0.0626,-0.14516,1.32282,-0.04881,-0.21426,1.30722,-0.28165,-0.38694,1.43498,-0.12677,-0.45992,1.56864,-0.03784,-0.4678,1.24607,0.15589,-0.58919,1.07808,0.02832,-0.63491,1.33374,-0.02343,-0.60779,1.45911,-0.14444,-0.15239,0.86731,0.02292,-0.18364,0.46646,0.03577,-0.16075,0.09992,0.20432,-0.18286,-0.03817,0.03063,-0.27199,0.85608,0.11464,-0.37055,0.47476,0.03277,-0.31737,0.07492,0.05707,-0.49713,-0.02984,-0.02316
24.32,-0.18721,0.9315,0.11292,-0.31982,1.35389,0.06174,-0.40347,1.52524,-0.06242,-0.14783,1.32265,-0.04973,-0.21677,1.30585,-0.28253,-0.38941,1.43414,-0.12804,-0.46254,1.56812,-0.03972,-0.47009,1.24638,0.15575,-0.59124,1.07743,0.02923,-0.63782,1.33263,-0.02402,-0.61131,1.45727,-0.14592,-0.15512,0.86737,0.02247,-0.18529,0.46645,0.03553,-0.16129,0.10008,0.2043,-0.18285,-0.03801,0.03054,-0.27459,0.8561,0.11435,-0.37255,0.47467,0.03224,-0.31792,0.07506,0.05694,-0.49761,-0.02988,-0.02323
24.34,-0.19003,0.93148,0.11262,-0.32245,1.35389,0.06114,-0.40586,1.52591,-0.06224,-0.15073,1.32238,-0.05064,-0.21957,1.30436,-0.28338,-0.39204,1.43331,-0.12923,-0.4652,1.56768,-0.04153,-0.4726,1.24662,0.15563,-0.59359,1.07673,0.03021,-0.64098,1.33145,-0.02461,-0.61514,1.45535,-0.14741,-0.15803,0.86739,0.02211,-0.18704,0.46638,0.03532,-0.16188,0.1002,0.20432,-0.18278,-0.03783,0.03042,-0.27739,0.85605,0.11414,-0.37474,0.47454,0.03169,-0.3185,0.07518,0.05684,-0.49811,-0.02993,-0.02329
24.36,-0.19278,0.9315,0.11228,-0.32501,1.35394,0.06055,-0.40816,1.52662,-0.06208,-0.15355,1.32216,-0.05157,-0.2223,1.30293,-0.28424,-0.39463,1.43247,-0.13044,-0.46787,1.56719,-0.04335,-0.47502,1.2469,0.1555,-0.59584,1.07609,0.03117,-0.64404,1.33032,-0.02518,-0.61885,1.45348,-0.14885,-0.16089,0.86744,0.02171,-0.18877,0.46636,0.03509,-0.16246,0.10036,0.20431,-0.18275,-0.03764,0.03032,-0.28012,0.85604,0.1139,-0.37685,0.47445,0.03115,-0.31908,0.07533,0.05671,-0.49861,-0.02995,-0.02336
24.38,-0.19545,0.9315,0.1119,-0.32747,1.35398,0.05997,-0.41033,1.52737,-0.06186,-0.15626,1.32195,-0.05247,-0.22482,1.30152,-0.28509,-0.3971,1.43165,-0.13173,-0.47046,1.5667,-0.04527,-0.47737,1.24716,0.15535,-0.59795,1.07539,0.03212,-0.64703,1.3291,-0.0258,-0.62252,1.45149,-0.15036,-0.16365,0.86746,0.02128,-0.19038,0.46631,0.03484,-0.16301,0.10049,0.20428,-0.18265,-0.03741,0.03014,-0.28276,0.85602,0.11361,-0.37894,0.47435,0.03055,-0.31963,0.07549,0.05658,-0.49908,-0.02997,-0.02343
24.4,-0.19833,0.93151,0.11164,-0.33018,1.354,0.05938,-0.41281,1.52799,-0.06176,-0.15926,1.32168,-0.05341,-0.22783,1.30002,-0.28592,-0.39986,1.43077,-0.13281,-0.47323,1.56619,-0.04693,-0.47993,1.24742,0.15526,-0.60038,1.07479,0.03311,-0.65023,1.32801,-0.02628,-0.62633,1.44967,-0.15168,-0.16665,0.8675,0.02096,-0.19225,0.46628,0.03464,-0.16361,0.10066,0.20431,-0.18268,-0.03725,0.03011,-0.28562,0.856,0.11346,-0.38113,0.47423,0.0301,-0.32024,0.07563,0.05648,-0.49962,-0.02999,-0.0235
24.42,-0.20175,0.93154,0.11167,-0.33356,1.35396,0.05875,-0.41612,1.52825,-0.06201,-0.16302,1.32127,-0.0545,-0.23218,1.29826,-0.2867,-0.4034,1.42977,-0.13332,-0.47644,1.56566,-0.04792,-0.48306,1.2477,0.15538,-0.60366,1.07448,0.03421,-0.65395,1.32732,-0.02639,-0.63052,1.44836,-0.15249,-0.17029,0.86755,0.02089,-0.19487,0.46627,0.03455,-0.16435,0.10093,0.20449,-0.18314,-0.03735,0.03056,-0.28902,0.85601,0.11371,-0.3836,0.47407,0.03006,-0.32105,0.07573,0.0564,-0.50035,-0.03003,-0.02356
24.44,-0.20539,0.93159,0.11182,-0.33722,1.35391,0.05812,-0.41976,1.52838,-0.06238,-0.16708,1.32082,-0.05562,-0.23704,1.29642,-0.28744,-0.40724,1.42872,-0.13363,-0.47986,1.56512,-0.04866,-0.48643,1.24799,0.15557,-0.60726,1.07428,0.03534,-0.6579,1.32678,-0.02638,-0.63487,1.44722,-0.15312,-0.17419,0.86762,0.02094,-0.19774,0.46627,0.03451,-0.16514,0.10124,0.20472,-0.18373,-0.03753,0.03115,-0.29264,0.85605,0.11411,-0.38618,0.47391,0.03019,-0.32192,0.07583,0.05634,-0.50115,-0.03006,-0.02362
24.46,-0.20894,0.93164,0.11192,-0.34077,1.35386,0.05749,-0.42326,1.52857,-0.0627,-0.17101,1.32039,-0.05671,-0.24165,1.29462,-0.28817,-0.41097,1.42769,-0.13404,-0.48322,1.56456,-0.04952,-0.48971,1.24827,0.15571,-0.6107,1.07402,0.03644,-0.66175,1.32615,-0.02645,-0.63916,1.44599,-0.15383,-0.17798,0.8677,0.02094,-0.20049,0.46628,0.03447,-0.1659,0.10153,0.2049,-0.18423,-0.03764,0.03163,-0.29616,0.85608,0.11444,-0.3887,0.47376,0.03025,-0.32276,0.07594,0.05625,-0.50191,-0.03007,-0.02371
24.48,-0.21242,0.93165,0.112,-0.34423,1.35379,0.05684,-0.42667,1.52875,-0.06301,-0.17489,1.31991,-0.05785,-0.24629,1.29277,-0.28893,-0.41456,1.42669,-0.13439,-0.4864,1.56408,-0.05036,-0.49287,1.24855,0.15589,-0.61412,1.07379,0.03762,-0.66556,1.32555,-0.02644,-0.64343,1.44477,-0.15448,-0.18173,0.86773,0.02092,-0.20327,0.46626,0.0343,-0.16663,0.10186,0.20506,-0.18474,-0.03778,0.03215,-0.29962,0.85607,0.11478,-0.39126,0.47361,0.03024,-0.32361,0.07607,0.05614,-0.50269,-0.03008,-0.0238
24.5,-0.2161,0.93175,0.11215,-0.34797,1.35377,0.05623,-0.43036,1.52892,-0.06338,-0.17898,1.31953,-0.05888,-0.25102,1.29102,-0.28959,-0.41853,1.42561,-0.13481,-0.49005,1.56343,-0.0512,-0.49634,1.24884,0.156,-0.61767,1.07353,0.03863,-0.66952,1.32492,-0.02653,-0.64778,1.44355,-0.15519,-0.18562,0.86785,0.02098,-0.20603,0.46632,0.0344,-0.16743,0.10216,0.20523,-0.18525,-0.03786,0.03258,-0.30328,0.85615,0.11513,-0.39377,0.47346,0.03039,-0.32447,0.07619,0.05606,-0.50347,-0.03007,-0.0239
24.52,-0.22025,0.93212,0.11246,-0.3524,1.35394,0.05567,-0.43466,1.52916,-0.06392,-0.18352,1.31951,-0.05954,-0.25579,1.28963,-0.29001,-0.42342,1.42433,-0.13546,-0.4949,1.5623,-0.05207,-0.5006,1.24917,0.15587,-0.62148,1.07313,0.03912,-0.67377,1.32418,-0.027,-0.65224,1.44231,-0.15615,-0.18984,0.86826,0.02124,-0.20865,0.46667,0.03521,-0.16834,0.10239,0.20539,-0.1857,-0.03774,0.03279,-0.3074,0.85649,0.11551,-0.39609,0.47334,0.03093,-0.32529,0.07631,0.05608,-0.50421,-0.03004,-0.02397
24.54,-0.22459,0.93259,0.11284,-0.3571,1.35417,0.05514,-0.43922,1.52943,-0.06449,-0.18825,1.31961,-0.06008,-0.26063,1.28836,-0.29034,-0.42866,1.42299,-0.13616,-0.50021,1.56103,-0.05295,-0.50516,1.24953,0.15567,-0.62541,1.0727,0.03946,-0.67816,1.32341,-0.02756,-0.65678,1.44108,-0.15716,-0.1942,0.86877,0.02159,-0.21124,0.46713,0.0363,-0.16932,0.10261,0.20558,-0.18616,-0.03754,0.03294,-0.3117,0.85692,0.11591,-0.39837,0.47325,0.03162,-0.32612,0.07643,0.05616,-0.50494,-0.02998,-0.02401
24.56,-0.22884,0.933,0.11319,-0.36166,1.35436,0.05461,-0.44367,1.52967,-0.06504,-0.1929,1.31963,-0.06068,-0.26544,1.28701,-0.2907,-0.43374,1.42168,-0.13683,-0.50531,1.55984,-0.05384,-0.50958,1.24986,0.15551,-0.62929,1.07228,0.03991,-0.68251,1.32265,-0.02803,-0.6613,1.43983,-0.1581,-0.1985,0.86922,0.0219,-0.21384,0.46753,0.03728,-0.17028,0.10284,0.20576,-0.18663,-0.03736,0.03312,-0.31592,0.8573,0.1163,-0.40066,0.47314,0.03225,-0.32696,0.07656,0.05622,-0.50569,-0.02993,-0.02405
24.58,-0.23312,0.93345,0.11355,-0.36627,1.35458,0.05406,-0.44811,1.52993,-0.06564,-0.19756,1.31969,-0.06125,-0.27021,1.28572,-0.29103,-0.43882,1.42032,-0.13744,-0.51042,1.55854,-0.05458,-0.51406,1.25021,0.15529,-0.63313,1.07186,0.0402,-0.6868,1.32188,-0.02867,-0.66573,1.43862,-0.15915,-0.20281,0.86971,0.02222,-0.21646,0.46799,0.03819,-0.17124,0.10314,0.2059,-0.18708,-0.03713,0.03328,-0.32017,0.85771,0.11669,-0.40294,0.47307,0.03288,-0.32777,0.07673,0.05626,-0.50642,-0.02982,-0.02409
24.6,-0.23736,0.93385,0.11389,-0.37084,1.35475,0.05355,-0.45259,1.53015,-0.06613,-0.20222,1.3197,-0.06186,-0.27506,1.28435,-0.29138,-0.44393,1.41904,-0.13817,-0.51556,1.55743,-0.0556,-0.51845,1.25053,0.15519,-0.63707,1.07145,0.04078,-0.69119,1.32112,-0.02899,-0.67035,1.43732,-0.15998,-0.2071,0.87014,0.02251,-0.21899,0.4684,0.0393,-0.1722,0.10334,0.20612,-0.18757,-0.03692,0.03344,-0.32438,0.85808,0.11708,-0.40522,0.47298,0.03353,-0.3286,0.07688,0.05634,-0.50716,-0.02976,-0.02412
24.62,-0.24147,0.93409,0.11417,-0.37526,1.35479,0.05309,-0.45717,1.53029,-0.06634,-0.20694,1.31949,-0.06269,-0.28016,1.28265,-0.29184,-0.44907,1.418,-0.13927,-0.52076,1.55684,-0.05752,-0.52256,1.25078,0.15539,-0.64134,1.07105,0.04218,-0.69592,1.3204,-0.02841,-0.67561,1.4358,-0.16019,-0.21136,0.87038,0.02275,-0.22127,0.46864,0.04086,-0.17311,0.10324,0.20654,-0.18815,-0.03675,0.03361,-0.32849,0.85832,0.1175,-0.4076,0.47281,0.03419,-0.32951,0.07697,0.05647,-0.50792,-0.0298,-0.02415
24.64,-0.24552,0.93429,0.11441,-0.37961,1.35479,0.05265,-0.46177,1.53041,-0.06644,-0.21166,1.31923,-0.06357,-0.28531,1.28088,-0.29234,-0.45422,1.41706,-0.1405,-0.52596,1.55645,-0.05974,-0.52655,1.25103,0.15571,-0.64569,1.07068,0.04385,-0.70072,1.31969,-0.02753,-0.68104,1.43421,-0.16018,-0.21558,0.87057,0.02294,-0.22344,0.46886,0.0426,-0.174,0.10305,0.207,-0.18876,-0.03658,0.03377,-0.33254,0.85853,0.1179,-0.40998,0.47262,0.03486,-0.33043,0.07704,0.05661,-0.50866,-0.02987,-0.02419
24.66,-0.24959,0.93452,0.11465,-0.38398,1.35483,0.05222,-0.46634,1.53055,-0.06658,-0.21637,1.31901,-0.06442,-0.29042,1.27919,-0.29281,-0.45934,1.4161,-0.14164,-0.53114,1.55596,-0.06177,-0.53058,1.25128,0.15598,-0.64995,1.07031,0.04539,-0.70545,1.31898,-0.02682,-0.68634,1.43266,-0.16027,-0.21981,0.87079,0.02313,-0.22564,0.46912,0.04424,-0.1749,0.10295,0.20743,-0.18936,-0.03638,0.03391,-0.33661,0.85877,0.11829,-0.41234,0.47246,0.03552,-0.33133,0.07715,0.05673,-0.50941,-0.02991,-0.02423
24.68,-0.25369,0.93472,0.11497,-0.38843,1.3548,0.05174,-0.47098,1.53063,-0.06675,-0.22115,1.31872,-0.06529,-0.2956,1.27731,-0.29327,-0.46458,1.41499,-0.14285,-0.53649,1.55537,-0.06398,-0.53468,1.2515,0.15623,-0.65438,1.06993,0.04698,-0.71031,1.31829,-0.02597,-0.69188,1.43107,-0.16028,-0.22407,0.87099,0.0234,-0.22787,0.46937,0.04593,-0.17579,0.10284,0.20787,-0.18997,-0.03614,0.03405,-0.34071,0.85897,0.11877,-0.41476,0.4723,0.0362,-0.33225,0.07726,0.05686,-0.51017,-0.02992,-0.02428
24.7,-0.25772,0.93497,0.11511,-0.39271,1.35489,0.05136,-0.47547,1.53082,-0.06683,-0.2258,1.31856,-0.06612,-0.30065,1.27579,-0.29371,-0.4696,1.41417,-0.14392,-0.54152,1.555,-0.06587,-0.53862,1.2518,0.15655,-0.65847,1.06959,0.04854,-0.71493,1.31756,-0.02531,-0.69697,1.42953,-0.16036,-0.22826,0.87122,0.0235,-0.23002,0.46968,0.04755,-0.17669,0.10278,0.20826,-0.1906,-0.0359,0.03419,-0.34474,0.85924,0.11906,-0.41704,0.47216,0.03681,-0.33316,0.07739,0.05695,-0.51093,-0.02993,-0.02432
24.72,-0.26155,0.93534,0.11474,-0.39655,1.35528,0.05116,-0.47959,1.53126,-0.06677,-0.23007,1.31879,-0.06687,-0.30527,1.27522,-0.2942,-0.47402,1.41411,-0.14464,-0.54568,1.55522,-0.06686,-0.54214,1.25234,0.15693,-0.66165,1.06934,0.04988,-0.71889,1.31675,-0.02525,-0.70078,1.4282,-0.16071,-0.23226,0.87155,0.02311,-0.23199,0.47011,0.04891,-0.17762,0.10286,0.20847,-0.19123,-0.03573,0.0343,-0.3486,0.85965,0.11885,-0.41892,0.47208,0.0372,-0.33401,0.07751,0.05693,-0.51168,-0.02994,-0.02441
24.74,-0.2653,0.93577,0.11418,-0.40021,1.35581,0.05105,-0.48354,1.53182,-0.06663,-0.23419,1.31917,-0.06759,-0.30974,1.27501,-0.29469,-0.4782,1.41434,-0.14522,-0.54949,1.55569,-0.06753,-0.5455,1.25299,0.15736,-0.66446,1.06913,0.05119,-0.7226,1.31587,-0.02541,-0.70411,1.42692,-0.16115,-0.23619,0.87192,0.02253,-0.23387,0.47061,0.0502,-0.17855,0.10301,0.20861,-0.19186,-0.03556,0.03441,-0.35239,0.86013,0.11846,-0.42065,0.47205,0.03751,-0.33485,0.07765,0.05688,-0.51242,-0.02993,-0.0245
24.76,-0.26909,0.93618,0.11369,-0.40394,1.35629,0.0509,-0.48753,1.53236,-0.0665,-0.23838,1.3195,-0.06832,-0.31429,1.27467,-0.29517,-0.48249,1.41445,-0.14583,-0.55345,1.55606,-0.06831,-0.54891,1.25361,0.15777,-0.66738,1.06889,0.05253,-0.72641,1.31499,-0.02548,-0.70765,1.42559,-0.16154,-0.24015,0.87227,0.02203,-0.23579,0.47111,0.05151,-0.17947,0.10317,0.20877,-0.19249,-0.03536,0.03451,-0.35621,0.86059,0.11814,-0.42244,0.47201,0.03784,-0.3357,0.07781,0.05683,-0.51317,-0.0299,-0.02458
24.78,-0.27288,0.93658,0.11326,-0.40775,1.35672,0.05073,-0.49167,1.53278,-0.06646,-0.24261,1.31979,-0.06905,-0.31885,1.27425,-0.29564,-0.48683,1.41453,-0.14652,-0.55751,1.5564,-0.06921,-0.55239,1.25417,0.15815,-0.67049,1.06874,0.05374,-0.73029,1.31427,-0.02545,-0.71128,1.42442,-0.16184,-0.2441,0.87262,0.02159,-0.23771,0.47161,0.05283,-0.18037,0.10333,0.20892,-0.19311,-0.03511,0.03457,-0.36003,0.86104,0.11786,-0.42424,0.47199,0.03821,-0.33652,0.07798,0.05678,-0.51391,-0.02985,-0.02467
24.8,-0.27664,0.93701,0.11265,-0.41134,1.35728,0.05061,-0.49544,1.53348,-0.06623,-0.2467,1.32018,-0.0698,-0.32331,1.27404,-0.29615,-0.491,1.4147,-0.14706,-0.56129,1.55681,-0.06984,-0.55567,1.25487,0.1586,-0.67307,1.06842,0.05524,-0.73392,1.31312,-0.02569,-0.71459,1.4229,-0.16234,-0.24805,0.87299,0.02095,-0.23959,0.47218,0.05409,-0.1813,0.10356,0.20904,-0.19375,-0.0349,0.03468,-0.36382,0.86151,0.11743,-0.42595,0.47199,0.03848,-0.33737,0.07815,0.05671,-0.51465,-0.02982,-0.02477
24.82,-0.28037,0.93751,0.1116,-0.41444,1.35813,0.0506,-0.49828,1.53489,-0.06558,-0.25047,1.32078,-0.07064,-0.32776,1.27452,-0.29673,-0.49476,1.41534,-0.14702,-0.5643,1.5576,-0.06941,-0.55847,1.25594,0.15918,-0.67448,1.06777,0.05738,-0.73704,1.31106,-0.02643,-0.7172,1.42067,-0.16315,-0.25203,0.87346,0.01985,-0.24135,0.4729,0.0553,-0.18235,0.1039,0.20908,-0.19443,-0.0348,0.03488,-0.36757,0.86204,0.11662,-0.4275,0.47203,0.03838,-0.33829,0.07834,0.05661,-0.51544,-0.02982,-0.02494
24.84,-0.28407,0.93806,0.11036,-0.41732,1.35912,0.05062,-0.50072,1.53662,-0.06475,-0.25409,1.3215,-0.07152,-0.33207,1.27516,-0.29736,-0.49836,1.416,-0.14688,-0.56706,1.55842,-0.06882,-0.56106,1.25718,0.15983,-0.67529,1.06696,0.05984,-0.73987,1.30849,-0.02747,-0.71955,1.41805,-0.16415,-0.25601,0.87398,0.01854,-0.24307,0.4737,0.05642,-0.1834,0.10434,0.20905,-0.19508,-0.03471,0.03511,-0.37127,0.86262,0.11565,-0.42894,0.47211,0.03817,-0.33923,0.07854,0.05646,-0.51622,-0.02981,-0.02517
24.86,-0.28779,0.93861,0.1092,-0.42029,1.36007,0.05064,-0.5033,1.53826,-0.06395,-0.25778,1.32218,-0.07239,-0.33632,1.27561,-0.29798,-0.50204,1.41648,-0.1469,-0.56999,1.5591,-0.06854,-0.56372,1.25836,0.16047,-0.67621,1.06618,0.06227,-0.74274,1.30593,-0.02845,-0.72206,1.41546,-0.16509,-0.26001,0.87449,0.01732,-0.24483,0.47453,0.05752,-0.18442,0.10482,0.20901,-0.19571,-0.03456,0.0353,-0.375,0.8632,0.11475,-0.43039,0.47221,0.03804,-0.34016,0.07875,0.05631,-0.517,-0.02977,-0.02541
24.88,-0.29149,0.93908,0.10809,-0.42327,1.36092,0.05059,-0.506,1.53963,-0.06338,-0.26143,1.32277,-0.07324,-0.34112,1.27661,-0.29852,-0.50565,1.41773,-0.14639,-0.57259,1.56035,-0.06716,-0.56641,1.25943,0.16099,-0.67758,1.06572,0.06429,-0.74574,1.3041,-0.02877,-0.72458,1.41353,-0.16543,-0.26395,0.87493,0.01616,-0.24646,0.47532,0.05885,-0.18539,0.10516,0.209,-0.19629,-0.03439,0.0354,-0.37871,0.86369,0.11387,-0.43194,0.4723,0.03775,-0.34101,0.079,0.0561,-0.51769,-0.02972,-0.02569
24.9,-0.29521,0.93971,0.10681,-0.42614,1.36199,0.05066,-0.50829,1.54159,-0.06233,-0.26513,1.32357,-0.07415,-0.3447,1.27644,-0.29927,-0.50937,1.4173,-0.14704,-0.57587,1.56031,-0.06814,-0.56893,1.26074,0.16174,-0.67775,1.06463,0.06725,-0.74829,1.30047,-0.03041,-0.72719,1.41005,-0.16696,-0.268,0.87553,0.01481,-0.2483,0.47625,0.0596,-0.18636,0.10587,0.20883,-0.19688,-0.03418,0.03561,-0.38243,0.86435,0.1129,-0.43324,0.47245,0.03773,-0.34198,0.07922,0.0559,-0.51851,-0.02967,-0.02599
24.92,-0.29898,0.94078,0.10515,-0.42876,1.36369,0.05106,-0.50953,1.54505,-0.0601,-0.26893,1.32495,-0.07517,-0.3451,1.27345,-0.30051,-0.51304,1.41261,-0.15031,-0.58037,1.55713,-0.07495,-0.57101,1.26272,0.16308,-0.67468,1.06197,0.07263,-0.74931,1.29199,-0.0353,-0.72988,1.4027,-0.17119,-0.27232,0.87655,0.01302,-0.25066,0.4775,0.05891,-0.18739,0.10743,0.20834,-0.19748,-0.03391,0.03615,-0.3862,0.86546,0.11177,-0.43378,0.47278,0.03858,-0.34322,0.07935,0.05576,-0.51961,-0.02961,-0.02635
24.94,-0.30275,0.94199,0.10332,-0.43123,1.36558,0.05155,-0.51028,1.54902,-0.05742,-0.27276,1.32651,-0.07627,-0.34413,1.26933,-0.30181,-0.51669,1.40599,-0.15457,-0.58556,1.55219,-0.084,-0.57286,1.26492,0.16464,-0.6702,1.05892,0.07909,-0.74932,1.28127,-0.04106,-0.73308,1.39309,-0.17644,-0.27674,0.87772,0.01104,-0.25322,0.47884,0.05759,-0.18838,0.10932,0.20768,-0.19807,-0.03362,0.0368,-0.38996,0.86671,0.11056,-0.43403,0.4732,0.03967,-0.34453,0.07947,0.05559,-0.52079,-0.02951,-0.02677
24.96,-0.30651,0.94313,0.10155,-0.43372,1.36737,0.05198,-0.51112,1.5527,-0.05494,-0.27656,1.32797,-0.07735,-0.34353,1.26564,-0.30288,-0.52031,1.39979,-0.15836,-0.59072,1.54724,-0.09205,-0.57474,1.267,0.16608,-0.66606,1.05638,0.08527,-0.74911,1.27096,-0.04585,-0.73664,1.38333,-0.18118,-0.28111,0.87882,0.00912,-0.25571,0.48015,0.05643,-0.18931,0.11109,0.20701,-0.19862,-0.03331,0.03735,-0.3937,0.86789,0.10937,-0.43437,0.47364,0.04058,-0.34576,0.07966,0.05535,-0.52189,-0.02935,-0.02723
24.98,-0.31032,0.94431,0.09985,-0.43625,1.36917,0.0524,-0.51198,1.55624,-0.05269,-0.28036,1.32946,-0.07837,-0.34336,1.26318,-0.30391,-0.52308,1.39479,-0.16069,-0.59399,1.5438,-0.0985,-0.57669,1.26909,0.16746,-0.66172,1.05419,0.09117,-0.74816,1.26103,-0.04982,-0.73982,1.37459,-0.18448,-0.28551,0.87994,0.00731,-0.25806,0.48153,0.05565,-0.19043,0.11277,0.20643,-0.19909,-0.03292,0.03783,-0.3975,0.86912,0.10823,-0.43463,0.47416,0.04155,-0.34689,0.07994,0.05502,-0.52288,-0.02912,-0.0278
25,-0.31402,0.94544,0.09796,-0.43858,1.37095,0.0528,-0.51247,1.56003,-0.04997,-0.28413,1.33092,-0.07957,-0.34169,1.25838,-0.30464,-0.5271,1.38653,-0.1656,-0.60094,1.536,-0.1081,-0.57833,1.27117,0.16896,-0.65688,1.052,0.09808,-0.7469,1.24903,-0.05426,-0.7444,1.36124,-0.19028,-0.28987,0.88105,0.00525,-0.26072,0.4828,0.05388,-0.19108,0.11477,0.20551,-0.19965,-0.03261,0.03838,-0.40115,0.87027,0.10696,-0.4349,0.47466,0.04233,-0.34811,0.0802,0.0547,-0.524,-0.02887,-0.02833
25.02,-0.31744,0.94642,0.09564,-0.44049,1.37265,0.05317,-0.51205,1.5645,-0.04604,-0.28787,1.33224,-0.08119,-0.33574,1.24757,-0.30428,-0.53368,1.3688,-0.17678,-0.61719,1.51515,-0.12478,-0.57928,1.27322,0.17077,-0.65111,1.04945,0.10753,-0.74528,1.23168,-0.05997,-0.75057,1.33558,-0.20236,-0.2941,0.88215,0.00264,-0.26415,0.48376,0.04967,-0.19051,0.11755,0.20379,-0.2003,-0.03255,0.03916,-0.4044,0.87114,0.10539,-0.43527,0.47501,0.04255,-0.34951,0.08031,0.05445,-0.52541,-0.02866,-0.02869
25.04,-0.32073,0.94734,0.09314,-0.44216,1.37431,0.05352,-0.51114,1.56912,-0.04168,-0.29157,1.33351,-0.083,-0.32776,1.23548,-0.30279,-0.53982,1.34625,-0.18925,-0.63536,1.48704,-0.1429,-0.57986,1.27525,0.1727,-0.64474,1.04716,0.11792,-0.74252,1.21158,-0.06522,-0.75585,1.30402,-0.2148,-0.29828,0.88324,-0.00019,-0.26793,0.48461,0.0445,-0.18937,0.12071,0.20163,-0.20084,-0.03248,0.03998,-0.40747,0.87192,0.1037,-0.43564,0.47532,0.04253,-0.35093,0.08039,0.05412,-0.52687,-0.02845,-0.02911
25.06,-0.32406,0.94827,0.09071,-0.44384,1.37595,0.05385,-0.5102,1.57344,-0.03762,-0.29525,1.33478,-0.08474,-0.32009,1.22555,-0.3008,-0.54395,1.3242,-0.19938,-0.65016,1.45878,-0.15808,-0.58047,1.27725,0.17454,-0.63825,1.0455,0.12782,-0.73847,1.19176,-0.06889,-0.75911,1.27311,-0.22399,-0.3025,0.88431,-0.00293,-0.27163,0.4855,0.03972,-0.18836,0.1238,0.19948,-0.20122,-0.03226,0.04071,-0.41059,0.87272,0.10207,-0.43597,0.47569,0.04255,-0.35226,0.08053,0.05364,-0.52821,-0.02818,-0.02973
25.08,-0.3275,0.94928,0.08831,-0.44562,1.37764,0.05409,-0.50901,1.57778,-0.03365,-0.299,1.33612,-0.08646,-0.31118,1.21689,-0.29828,-0.54515,1.30081,-0.20693,-0.66238,1.42722,-0.16986,-0.58121,1.27928,0.17624,-0.63103,1.04415,0.13802,-0.73244,1.17156,-0.07082,-0.75892,1.23984,-0.23124,-0.30673,0.88548,-0.00561,-0.27532,0.48651,0.0351,-0.1875,0.12694,0.19722,-0.20122,-0.03182,0.04123,-0.41381,0.8736,0.10038,-0.43618,0.47615,0.04243,-0.35339,0.08078,0.05296,-0.52933,-0.02783,-0.03057
25.1,-0.33067,0.95011,0.08582,-0.44699,1.37918,0.0544,-0.50772,1.58172,-0.02962,-0.30257,1.33727,-0.08831,-0.30316,1.20896,-0.29511,-0.54659,1.27654,-0.21571,-0.67378,1.39424,-0.18301,-0.58137,1.2812,0.17817,-0.62431,1.0436,0.14765,-0.72616,1.15047,-0.0722,-0.75962,1.20677,-0.23594,-0.31091,0.88644,-0.00841,-0.27925,0.48726,0.02996,-0.18599,0.13025,0.19469,-0.20141,-0.03146,0.04192,-0.41675,0.87431,0.0988,-0.43653,0.47651,0.04237,-0.35471,0.08092,0.05227,-0.53066,-0.02753,-0.03142
25.12,-0.33319,0.95051,0.08313,-0.44734,1.38038,0.05492,-0.50653,1.58487,-0.02543,-0.30571,1.33798,-0.09042,-0.29834,1.20085,-0.29135,-0.55124,1.25052,-0.23047,-0.68616,1.3606,-0.2026,-0.58015,1.2829,0.18076,-0.61963,1.04407,0.15561,-0.72159,1.12733,-0.07418,-0.76773,1.17491,-0.23759,-0.31499,0.88689,-0.01145,-0.28374,0.48737,0.02362,-0.1829,0.13399,0.19166,-0.20216,-0.03137,0.0433,-0.41901,0.87467,0.09753,-0.43729,0.47658,0.04267,-0.35659,0.08074,0.05183,-0.53266,-0.02745,-0.03196
25.14,-0.33543,0.95074,0.08036,-0.44722,1.38144,0.05543,-0.5052,1.58766,-0.02126,-0.30865,1.33848,-0.09267,-0.29441,1.193,-0.28726,-0.55452,1.22195,-0.24682,-0.69701,1.32313,-0.22319,-0.57827,1.28449,0.18351,-0.61551,1.04487,0.16283,-0.71683,1.10283,-0.07488,-0.77863,1.13881,-0.23608,-0.31902,0.88713,-0.01456,-0.28856,0.48725,0.01687,-0.17899,0.13801,0.18808,-0.20268,-0.03114,0.04472,-0.42095,0.87489,0.09637,-0.43816,0.47654,0.04304,-0.35862,0.08045,0.05144,-0.53484,-0.02743,-0.03243
25.16,-0.33777,0.95105,0.07764,-0.44717,1.38253,0.05581,-0.50363,1.59047,-0.0173,-0.31164,1.33905,-0.09492,-0.28962,1.18633,-0.28313,-0.5534,1.19218,-0.26045,-0.70375,1.28203,-0.23994,-0.57648,1.28611,0.18605,-0.61073,1.04569,0.17007,-0.71019,1.07834,-0.07319,-0.78614,1.09854,-0.23105,-0.32307,0.88748,-0.01758,-0.29341,0.48728,0.01044,-0.17518,0.14212,0.18415,-0.20258,-0.03057,0.04575,-0.42297,0.87517,0.09517,-0.4389,0.47658,0.04327,-0.36045,0.08026,0.05089,-0.5368,-0.02734,-0.03309
25.18,-0.34026,0.95137,0.07488,-0.44715,1.38362,0.05612,-0.50174,1.59326,-0.01347,-0.31466,1.33964,-0.09715,-0.28349,1.18079,-0.27887,-0.54747,1.16073,-0.27222,-0.7054,1.23654,-0.25204,-0.57472,1.28773,0.18844,-0.60566,1.04658,0.17741,-0.70162,1.05325,-0.06932,-0.79138,1.05305,-0.22112,-0.32722,0.88783,-0.0206,-0.29845,0.48734,0.00389,-0.1713,0.14654,0.1799,-0.20186,-0.02972,0.04677,-0.42512,0.87546,0.09389,-0.43945,0.47662,0.04349,-0.36214,0.08006,0.05021,-0.5386,-0.02723,-0.03391
25.2,-0.34235,0.95161,0.07218,-0.44672,1.38459,0.0563,-0.49984,1.59571,-0.00987,-0.31748,1.34006,-0.09956,-0.27924,1.1756,-0.27485,-0.53996,1.12996,-0.28361,-0.70457,1.19077,-0.26619,-0.57237,1.28927,0.19085,-0.60057,1.04763,0.18379,-0.69318,1.02907,-0.06362,-0.79384,1.00865,-0.20697,-0.33113,0.88809,-0.02354,-0.30349,0.48733,-0.00229,-0.16696,0.15083,0.17494,-0.20088,-0.02863,0.047,-0.42681,0.87568,0.09279,-0.4402,0.47666,0.04355,-0.36387,0.07989,0.0495,-0.54045,-0.02713,-0.03471
25.22,-0.34348,0.95162,0.06962,-0.44551,1.38524,0.0562,-0.49832,1.59746,-0.00663,-0.31991,1.34002,-0.10241,-0.28022,1.16916,-0.27113,-0.535,1.10146,-0.29635,-0.70452,1.14977,-0.29111,-0.56884,1.2906,0.19336,-0.59584,1.04879,0.18797,-0.68732,1.00717,-0.05704,-0.79558,0.97765,-0.19308,-0.33447,0.88811,-0.02635,-0.30829,0.48714,-0.00749,-0.16175,0.1544,0.16885,-0.19994,-0.02746,0.04558,-0.42744,0.87568,0.09217,-0.44166,0.47665,0.04326,-0.3659,0.07977,0.04891,-0.5426,-0.02712,-0.03523
25.24,-0.34421,0.95155,0.06713,-0.44394,1.38577,0.05594,-0.49681,1.59891,-0.00361,-0.32219,1.3398,-0.10544,-0.28296,1.16239,-0.26736,-0.52895,1.07335,-0.30853,-0.70132,1.10915,-0.31872,-0.56472,1.29186,0.19584,-0.59122,1.04998,0.19124,-0.68221,0.98642,-0.04921,-0.79607,0.9539,-0.17988,-0.33756,0.88805,-0.02903,-0.31303,0.48688,-0.01221,-0.15615,0.1577,0.16189,-0.19882,-0.02621,0.04321,-0.42758,0.87561,0.09173,-0.44333,0.47662,0.04293,-0.36803,0.07965,0.04847,-0.54486,-0.02714,-0.03552
25.26,-0.34508,0.95152,0.06461,-0.44241,1.38633,0.05558,-0.49499,1.60042,-0.00075,-0.32453,1.33964,-0.10844,-0.28437,1.15638,-0.26347,-0.51825,1.04488,-0.31829,-0.69176,1.06622,-0.34143,-0.56065,1.29315,0.19812,-0.5863,1.05116,0.19465,-0.6757,0.96596,-0.03962,-0.79428,0.93043,-0.16522,-0.34072,0.88802,-0.03169,-0.31789,0.48667,-0.01693,-0.15065,0.16118,0.15445,-0.19726,-0.02478,0.04055,-0.42784,0.87557,0.09119,-0.44479,0.4766,0.04266,-0.37003,0.07953,0.04801,-0.54698,-0.02715,-0.03585
25.28,-0.3461,0.95148,0.06208,-0.44096,1.38688,0.05511,-0.49306,1.60193,0.00209,-0.32696,1.33946,-0.11143,-0.2846,1.15053,-0.25888,-0.5027,1.01604,-0.32577,-0.67521,1.02207,-0.3619,-0.55663,1.29441,0.20019,-0.58129,1.0523,0.1979,-0.66779,0.94537,-0.02841,-0.78955,0.90923,-0.15075,-0.34406,0.888,-0.0343,-0.32304,0.48648,-0.02159,-0.14509,0.16505,0.14665,-0.19493,-0.02308,0.0378,-0.42819,0.87552,0.09064,-0.44637,0.47657,0.04233,-0.37199,0.07943,0.0476,-0.54908,-0.02716,-0.03611
25.3,-0.34671,0.95145,0.05958,-0.43915,1.38739,0.05447,-0.49088,1.60325,0.00444,-0.32922,1.33923,-0.11457,-0.28632,1.1454,-0.25536,-0.4866,0.98996,-0.3319,-0.65612,0.97987,-0.37946,-0.55204,1.29569,0.2022,-0.5761,1.05351,0.20072,-0.6608,0.92734,-0.01616,-0.78404,0.89044,-0.13679,-0.34697,0.88796,-0.03682,-0.3278,0.4863,-0.02584,-0.13971,0.16826,0.13774,-0.19323,-0.02153,0.03361,-0.4281,0.87549,0.09009,-0.4476,0.47657,0.04215,-0.37391,0.07929,0.04725,-0.55113,-0.02718,-0.03634
25.32,-0.34637,0.9515,0.05716,-0.43653,1.38794,0.05368,-0.4884,1.60426,0.00586,-0.33115,1.33892,-0.11799,-0.29308,1.14132,-0.25488,-0.4762,0.96923,-0.33844,-0.64156,0.94253,-0.39357,-0.54618,1.29707,0.20434,-0.57055,1.05492,0.20298,-0.65727,0.91446,-0.0041,-0.78219,0.87302,-0.12148,-0.34885,0.88794,-0.03916,-0.33147,0.48617,-0.02929,-0.135,0.16958,0.12709,-0.19413,-0.02066,0.02688,-0.42708,0.8756,0.08957,-0.44788,0.47665,0.04241,-0.37577,0.07908,0.04705,-0.55309,-0.0272,-0.03655
25.34,-0.34561,0.95156,0.05477,-0.43356,1.38846,0.05274,-0.48575,1.60511,0.00683,-0.33293,1.33856,-0.1215,-0.30163,1.13764,-0.25523,-0.46747,0.95154,-0.34463,-0.62707,0.90846,-0.40603,-0.53974,1.29845,0.20638,-0.56487,1.05638,0.20487,-0.65467,0.90373,0.00798,-0.78121,0.85628,-0.10531,-0.35027,0.88791,-0.04141,-0.33467,0.48605,-0.03237,-0.13078,0.17011,0.11561,-0.1961,-0.02011,0.01929,-0.42562,0.87574,0.08904,-0.44776,0.47675,0.04282,-0.37753,0.07884,0.04694,-0.55496,-0.02723,-0.0367
25.36,-0.34499,0.95162,0.05237,-0.43069,1.38897,0.05171,-0.483,1.60601,0.0078,-0.33479,1.33822,-0.12495,-0.30893,1.13401,-0.25479,-0.45559,0.93474,-0.34921,-0.60742,0.87568,-0.41673,-0.53338,1.29981,0.20819,-0.55917,1.05781,0.20666,-0.65061,0.89281,0.02079,-0.77826,0.83983,-0.08874,-0.35184,0.88789,-0.04363,-0.33806,0.48594,-0.03544,-0.1268,0.17096,0.10398,-0.19765,-0.01941,0.01197,-0.42424,0.87587,0.08849,-0.44772,0.47685,0.04316,-0.37921,0.07863,0.04687,-0.55675,-0.02724,-0.03679
25.38,-0.3446,0.95169,0.04997,-0.42794,1.38949,0.05064,-0.48033,1.60693,0.00883,-0.33693,1.33789,-0.12834,-0.31709,1.1303,-0.25382,-0.44181,0.91849,-0.35235,-0.58452,0.8439,-0.42425,-0.52702,1.30119,0.20991,-0.55325,1.05923,0.20844,-0.6457,0.88235,0.03439,-0.77443,0.82448,-0.07134,-0.35365,0.88788,-0.04579,-0.34178,0.48585,-0.03827,-0.12331,0.1719,0.09206,-0.19956,-0.01855,0.00465,-0.42305,0.87601,0.08795,-0.44763,0.47694,0.04366,-0.38085,0.07843,0.04695,-0.55849,-0.02724,-0.03674
25.4,-0.34362,0.95173,0.04758,-0.4248,1.38994,0.04933,-0.47717,1.60771,0.00928,-0.33858,1.33749,-0.13177,-0.32343,1.12719,-0.25332,-0.42847,0.9065,-0.35527,-0.55973,0.81768,-0.43261,-0.52025,1.30247,0.21124,-0.54751,1.06063,0.20971,-0.64058,0.87306,0.04758,-0.76969,0.80851,-0.05372,-0.35481,0.88784,-0.0479,-0.34474,0.48576,-0.04113,-0.11999,0.17243,0.0797,-0.20127,-0.01805,-0.00298,-0.42124,0.87612,0.08735,-0.44733,0.47705,0.04393,-0.38231,0.07824,0.04693,-0.56006,-0.02725,-0.03675
25.42,-0.34118,0.95172,0.04528,-0.42079,1.39021,0.04764,-0.47299,1.60819,0.00849,-0.33899,1.33695,-0.13526,-0.3246,1.12533,-0.2546,-0.41818,0.90098,-0.35967,-0.53408,0.79914,-0.44508,-0.51275,1.30354,0.21198,-0.54256,1.062,0.20997,-0.63598,0.86537,0.05917,-0.76379,0.78986,-0.03602,-0.35433,0.88779,-0.04993,-0.34579,0.48565,-0.04437,-0.11652,0.17203,0.06683,-0.20217,-0.01852,-0.01115,-0.41799,0.87615,0.08666,-0.44677,0.47722,0.04362,-0.3835,0.07813,0.04668,-0.56135,-0.02731,-0.03685
25.44,-0.33814,0.95167,0.043,-0.4164,1.3904,0.04577,-0.4684,1.60852,0.00717,-0.33888,1.33634,-0.13875,-0.32404,1.12397,-0.25669,-0.40947,0.89773,-0.36461,-0.5092,0.78368,-0.45486,-0.5049,1.30451,0.21241,-0.53783,1.06338,0.20993,-0.63165,0.85874,0.07048,-0.75707,0.77129,-0.0174,-0.35318,0.88771,-0.0519,-0.34607,0.48552,-0.04768,-0.11319,0.17128,0.05382,-0.20283,-0.01932,-0.0194,-0.41413,0.87612,0.08591,-0.44605,0.47741,0.04316,-0.38457,0.07804,0.04647,-0.56253,-0.02738,-0.03684
25.46,-0.33535,0.95163,0.04069,-0.41215,1.39062,0.04388,-0.46397,1.6089,0.00594,-0.33901,1.33575,-0.14218,-0.32425,1.12245,-0.25844,-0.39982,0.89383,-0.36869,-0.48446,0.76856,-0.45947,-0.49711,1.30551,0.21275,-0.5329,1.0648,0.21007,-0.62675,0.85252,0.08255,-0.74947,0.75456,0.00228,-0.35229,0.88763,-0.05387,-0.34671,0.48541,-0.05082,-0.11033,0.17075,0.04082,-0.2037,-0.0199,-0.02743,-0.41048,0.87612,0.08515,-0.44534,0.47759,0.04288,-0.38563,0.07796,0.04647,-0.56371,-0.02744,-0.03662
25.48,-0.33266,0.95163,0.03848,-0.40813,1.39084,0.04203,-0.45971,1.6093,0.00478,-0.33951,1.33518,-0.1455,-0.32436,1.12099,-0.26008,-0.38882,0.89001,-0.37245,-0.45837,0.75342,-0.45965,-0.48937,1.30652,0.21312,-0.52831,1.0663,0.20999,-0.62112,0.84654,0.095,-0.74004,0.73841,0.02246,-0.35151,0.8876,-0.05569,-0.34763,0.48535,-0.05383,-0.10829,0.17008,0.02744,-0.2053,-0.02056,-0.0356,-0.4069,0.87614,0.08447,-0.44465,0.47783,0.04277,-0.38665,0.07795,0.04676,-0.56482,-0.02749,-0.03609
25.5,-0.3296,0.95154,0.03604,-0.40356,1.39101,0.03987,-0.45499,1.60958,0.00309,-0.33922,1.33454,-0.14894,-0.32416,1.11966,-0.26221,-0.38024,0.88719,-0.37598,-0.43961,0.74289,-0.45814,-0.48132,1.30748,0.21295,-0.52301,1.06771,0.21026,-0.61581,0.84193,0.10759,-0.7311,0.7248,0.04365,-0.35032,0.88747,-0.05771,-0.34785,0.4852,-0.05685,-0.10575,0.16968,0.01468,-0.20572,-0.02105,-0.04325,-0.40293,0.87609,0.08352,-0.44375,0.47801,0.04249,-0.38759,0.07787,0.04693,-0.56591,-0.02756,-0.03563
25.52,-0.32576,0.9513,0.03299,-0.39761,1.39112,0.03696,-0.44916,1.60967,0.00024,-0.33692,1.33386,-0.15283,-0.32358,1.11847,-0.26535,-0.37822,0.88586,-0.37953,-0.43429,0.73989,-0.46107,-0.47263,1.3084,0.21162,-0.51568,1.06886,0.21155,-0.61137,0.83959,0.11983,-0.7242,0.71548,0.06541,-0.34829,0.88716,-0.06029,-0.34647,0.48489,-0.0602,-0.10099,0.17031,0.00355,-0.20255,-0.0209,-0.04985,-0.39818,0.87591,0.08193,-0.4424,0.4781,0.04175,-0.38845,0.07766,0.0466,-0.56704,-0.02758,-0.03561
25.54,-0.32154,0.95097,0.02968,-0.39108,1.39116,0.03367,-0.44287,1.60964,-0.00317,-0.33381,1.33311,-0.15693,-0.32277,1.11732,-0.26894,-0.37889,0.88508,-0.38315,-0.43392,0.73937,-0.46586,-0.46365,1.30927,0.20976,-0.50752,1.06991,0.21307,-0.60669,0.83818,0.13184,-0.7169,0.70812,0.08672,-0.34585,0.88675,-0.0631,-0.34434,0.48448,-0.06363,-0.09547,0.1712,-0.00702,-0.19808,-0.0206,-0.05611,-0.39305,0.87565,0.08005,-0.44082,0.47815,0.04084,-0.38923,0.07741,0.04617,-0.56814,-0.0276,-0.03563
25.56,-0.31744,0.95065,0.02646,-0.38478,1.39118,0.03041,-0.4368,1.60959,-0.00648,-0.33105,1.33234,-0.16098,-0.32206,1.11611,-0.27232,-0.37848,0.88396,-0.38658,-0.43165,0.73755,-0.46925,-0.45474,1.31012,0.20793,-0.49957,1.071,0.21432,-0.60091,0.83669,0.14387,-0.7075,0.70107,0.10724,-0.34352,0.88635,-0.06579,-0.34245,0.48408,-0.0669,-0.09063,0.17188,-0.01792,-0.19431,-0.02044,-0.06255,-0.388,0.8754,0.07824,-0.43927,0.47823,0.04012,-0.38994,0.07721,0.04605,-0.56914,-0.02763,-0.03532
25.58,-0.31356,0.95043,0.02336,-0.37878,1.39128,0.02716,-0.431,1.60964,-0.00978,-0.32865,1.33163,-0.16495,-0.32142,1.11496,-0.27555,-0.37736,0.88279,-0.39002,-0.42788,0.73555,-0.47287,-0.44601,1.31107,0.20612,-0.49156,1.07219,0.21569,-0.59405,0.8354,0.156,-0.69601,0.69456,0.12656,-0.34143,0.88607,-0.06832,-0.34109,0.48381,-0.07028,-0.0861,0.17304,-0.02918,-0.19047,-0.01987,-0.06942,-0.38312,0.87523,0.07655,-0.43769,0.47839,0.03966,-0.39057,0.07711,0.04624,-0.57008,-0.02757,-0.03468
25.6,-0.30911,0.95,0.01994,-0.37209,1.39118,0.02355,-0.42466,1.60944,-0.0135,-0.32539,1.33075,-0.16919,-0.32063,1.11366,-0.27911,-0.37825,0.88169,-0.39313,-0.42824,0.73414,-0.47576,-0.43679,1.3118,0.2038,-0.48316,1.07322,0.21661,-0.58688,0.83455,0.16752,-0.68472,0.68953,0.14533,-0.33868,0.88554,-0.07113,-0.33844,0.48327,-0.07334,-0.08139,0.1733,-0.03976,-0.18662,-0.02002,-0.07552,-0.37771,0.87489,0.07449,-0.43592,0.47845,0.0389,-0.39109,0.07693,0.04635,-0.57089,-0.02762,-0.0341
25.62,-0.30328,0.94905,0.0157,-0.36363,1.3906,0.01915,-0.41689,1.60865,-0.0181,-0.31991,1.32947,-0.17406,-0.3195,1.11208,-0.28349,-0.38403,0.8809,-0.39539,-0.43884,0.73425,-0.47655,-0.42635,1.31199,0.20044,-0.4741,1.07388,0.21644,-0.58019,0.83432,0.17788,-0.67556,0.68654,0.16509,-0.33435,0.88436,-0.07471,-0.33249,0.4821,-0.07569,-0.0759,0.17111,-0.04867,-0.18268,-0.02224,-0.07934,-0.37105,0.87414,0.07155,-0.43382,0.47828,0.03726,-0.39143,0.07652,0.04603,-0.57148,-0.02791,-0.03399
25.64,-0.29686,0.94789,0.01114,-0.35448,1.3898,0.01438,-0.40856,1.60762,-0.0231,-0.31353,1.328,-0.17923,-0.31822,1.1104,-0.28813,-0.39162,0.88042,-0.39701,-0.45321,0.73539,-0.47619,-0.41542,1.31196,0.19661,-0.46467,1.0744,0.21584,-0.5731,0.83445,0.18763,-0.66595,0.68456,0.18443,-0.32933,0.88293,-0.07858,-0.32514,0.48068,-0.07783,-0.07009,0.16797,-0.05666,-0.17865,-0.02516,-0.08206,-0.36385,0.87322,0.06825,-0.4315,0.47805,0.03535,-0.39163,0.07607,0.04568,-0.57193,-0.02827,-0.03389
25.66,-0.29061,0.9468,0.00669,-0.3456,1.38905,0.00961,-0.40047,1.60663,-0.02805,-0.30752,1.32656,-0.18436,-0.31697,1.10876,-0.29255,-0.3982,0.88001,-0.39842,-0.46554,0.73646,-0.4756,-0.40463,1.31199,0.1928,-0.45522,1.075,0.21533,-0.56489,0.83464,0.19723,-0.65423,0.68267,0.20216,-0.32449,0.88159,-0.08232,-0.3182,0.47937,-0.08013,-0.06455,0.16519,-0.06478,-0.17464,-0.02767,-0.08499,-0.35677,0.87235,0.06504,-0.42913,0.47789,0.0337,-0.39173,0.07572,0.04565,-0.57228,-0.02856,-0.03344
25.68,-0.28474,0.9458,0.00236,-0.33699,1.38838,0.00491,-0.39265,1.60572,-0.033,-0.30178,1.32521,-0.18938,-0.31592,1.10732,-0.29689,-0.40493,0.88,-0.39952,-0.47799,0.73805,-0.47444,-0.39413,1.31212,0.18903,-0.44595,1.07573,0.21484,-0.55594,0.83496,0.20714,-0.64065,0.6808,0.21969,-0.32007,0.88034,-0.0859,-0.31173,0.47817,-0.08245,-0.0593,0.16276,-0.07348,-0.1701,-0.03022,-0.08793,-0.35,0.87158,0.06199,-0.42696,0.47785,0.03235,-0.39181,0.07553,0.04601,-0.57259,-0.02875,-0.03257
25.7,-0.27795,0.94457,-0.00229,-0.32775,1.38744,-0.00024,-0.38428,1.60454,-0.03825,-0.29536,1.32357,-0.1948,-0.31442,1.10554,-0.30124,-0.41132,0.87978,-0.40012,-0.49026,0.73973,-0.47258,-0.38297,1.31196,0.18478,-0.43599,1.07624,0.21402,-0.54617,0.83543,0.21539,-0.62707,0.67985,0.23402,-0.31459,0.87885,-0.08982,-0.30382,0.47675,-0.08481,-0.05366,0.15944,-0.08044,-0.1664,-0.03272,-0.09002,-0.3424,0.87058,0.05851,-0.42413,0.47769,0.03067,-0.39162,0.07521,0.0462,-0.57266,-0.02902,-0.03182
25.72,-0.2689,0.94274,-0.00777,-0.31694,1.38581,-0.0064,-0.37452,1.60269,-0.04406,-0.28725,1.32125,-0.20115,-0.31187,1.10282,-0.30563,-0.41683,0.87876,-0.40003,-0.50196,0.74103,-0.46989,-0.37012,1.31108,0.17953,-0.4245,1.07618,0.21258,-0.53617,0.83617,0.22028,-0.61647,0.68087,0.24329,-0.30649,0.8767,-0.09466,-0.29232,0.47474,-0.08733,-0.04668,0.15392,-0.08303,-0.16522,-0.03482,-0.09029,-0.33277,0.86904,0.05398,-0.4198,0.47716,0.02797,-0.39087,0.0745,0.04558,-0.57228,-0.02953,-0.03184
25.74,-0.25893,0.9407,-0.01357,-0.30552,1.38392,-0.01294,-0.36419,1.6006,-0.05008,-0.27846,1.31869,-0.20786,-0.30882,1.09987,-0.30997,-0.42181,0.87771,-0.39948,-0.51326,0.74263,-0.46647,-0.35662,1.30993,0.17386,-0.41229,1.07591,0.21083,-0.52595,0.83707,0.22387,-0.60682,0.6827,0.25083,-0.29732,0.87433,-0.09985,-0.27944,0.47258,-0.08993,-0.03919,0.14772,-0.08399,-0.16478,-0.03645,-0.08997,-0.3223,0.8673,0.04904,-0.41482,0.47656,0.02491,-0.38987,0.07373,0.04473,-0.5717,-0.03004,-0.03205
25.76,-0.2493,0.93877,-0.01923,-0.2944,1.38215,-0.01936,-0.35412,1.59862,-0.05604,-0.26999,1.31624,-0.2144,-0.30586,1.09717,-0.31417,-0.42657,0.87712,-0.39868,-0.52407,0.74481,-0.46258,-0.34341,1.30889,0.16828,-0.40019,1.07578,0.2091,-0.51534,0.83803,0.22788,-0.59609,0.68436,0.25887,-0.28855,0.8721,-0.10489,-0.26714,0.47059,-0.09257,-0.03194,0.14208,-0.08563,-0.1637,-0.03778,-0.08992,-0.31212,0.86565,0.04426,-0.40997,0.47609,0.02212,-0.38885,0.07316,0.04422,-0.57108,-0.03041,-0.03189
25.78,-0.23998,0.93677,-0.02486,-0.28329,1.38032,-0.02577,-0.34409,1.59659,-0.06189,-0.2616,1.31374,-0.2209,-0.30329,1.09453,-0.31807,-0.43196,0.87702,-0.39723,-0.53572,0.74788,-0.45768,-0.33024,1.30782,0.16269,-0.38835,1.0758,0.20762,-0.50501,0.83936,0.23253,-0.58548,0.68646,0.26781,-0.28009,0.86972,-0.10983,-0.25459,0.46853,-0.0953,-0.02444,0.13649,-0.08731,-0.16247,-0.03864,-0.08969,-0.30225,0.864,0.03957,-0.40542,0.4757,0.01951,-0.38777,0.07275,0.04403,-0.57036,-0.03071,-0.03136
25.8,-0.2298,0.93486,-0.03063,-0.27207,1.37851,-0.03238,-0.33387,1.59457,-0.06802,-0.25293,1.31128,-0.22756,-0.29971,1.092,-0.32222,-0.43522,0.8768,-0.39611,-0.54447,0.75065,-0.45311,-0.31687,1.3067,0.15687,-0.37554,1.07555,0.20543,-0.49334,0.84028,0.23546,-0.57382,0.68825,0.2743,-0.27071,0.86758,-0.11503,-0.24211,0.46669,-0.09802,-0.01726,0.13107,-0.08852,-0.16111,-0.03932,-0.08979,-0.29151,0.8623,0.03457,-0.3999,0.47532,0.0167,-0.38649,0.07236,0.04364,-0.56952,-0.03083,-0.03104
25.82,-0.2174,0.93324,-0.03676,-0.26057,1.3768,-0.03946,-0.32315,1.59269,-0.07481,-0.24357,1.30897,-0.23462,-0.29354,1.08954,-0.32728,-0.43333,0.87551,-0.39646,-0.54627,0.75134,-0.45052,-0.30302,1.30552,0.15053,-0.36034,1.07454,0.20148,-0.47861,0.83986,0.23414,-0.55999,0.68878,0.27477,-0.259,0.86613,-0.12096,-0.23007,0.46542,-0.10058,-0.01106,0.12603,-0.08873,-0.15953,-0.04034,-0.09081,-0.27854,0.86053,0.02881,-0.392,0.47491,0.01319,-0.38487,0.07195,0.04245,-0.5684,-0.03075,-0.03167
25.84,-0.20417,0.93172,-0.04301,-0.24898,1.37511,-0.04665,-0.31225,1.59082,-0.08183,-0.23394,1.3067,-0.24177,-0.28637,1.08709,-0.33264,-0.42936,0.87379,-0.39733,-0.5453,0.7512,-0.4486,-0.28903,1.3043,0.14404,-0.34426,1.07323,0.19681,-0.46275,0.83888,0.23109,-0.54536,0.68877,0.27281,-0.24642,0.86492,-0.12713,-0.21815,0.46436,-0.10306,-0.00522,0.12124,-0.0884,-0.15787,-0.04128,-0.09205,-0.26474,0.85872,0.02277,-0.38313,0.4745,0.00953,-0.38301,0.07164,0.04106,-0.56718,-0.03037,-0.03245
25.86,-0.19133,0.93016,-0.04919,-0.23749,1.3734,-0.05374,-0.30147,1.58894,-0.08872,-0.22446,1.30441,-0.2488,-0.27956,1.08467,-0.33775,-0.426,0.87235,-0.39779,-0.54511,0.75158,-0.44603,-0.27517,1.30309,0.13761,-0.32856,1.07204,0.19235,-0.44726,0.83811,0.22866,-0.53083,0.68893,0.27177,-0.23425,0.86359,-0.13316,-0.20615,0.46326,-0.10558,0.0008,0.11662,-0.08817,-0.15604,-0.04183,-0.09306,-0.25133,0.85694,0.01686,-0.37457,0.47417,0.00614,-0.38107,0.07156,0.04002,-0.56591,-0.02976,-0.03276
25.88,-0.17837,0.92857,-0.05546,-0.22584,1.37167,-0.06092,-0.29057,1.58703,-0.09555,-0.21489,1.30206,-0.2559,-0.27289,1.08218,-0.34263,-0.42294,0.871,-0.39757,-0.5454,0.75231,-0.44247,-0.26108,1.30188,0.13109,-0.31277,1.07099,0.18808,-0.43206,0.83772,0.22663,-0.51694,0.68975,0.27133,-0.22195,0.86227,-0.1393,-0.19378,0.46221,-0.10802,0.00705,0.11216,-0.08763,-0.15393,-0.04202,-0.09408,-0.2378,0.85511,0.01083,-0.36612,0.47394,0.00251,-0.37915,0.07173,0.03908,-0.56425,-0.02954,-0.0331
25.9,-0.16551,0.92706,-0.06155,-0.21457,1.36997,-0.06785,-0.27994,1.58515,-0.10246,-0.20547,1.2998,-0.26272,-0.26563,1.07986,-0.34778,-0.41833,0.86948,-0.39836,-0.54337,0.7524,-0.44024,-0.2475,1.30066,0.12474,-0.29696,1.06963,0.18313,-0.41593,0.83646,0.22328,-0.5014,0.68914,0.269,-0.20976,0.861,-0.14523,-0.1821,0.46118,-0.11056,0.01282,0.10799,-0.0873,-0.15188,-0.04215,-0.09497,-0.22436,0.85338,0.00501,-0.35706,0.47366,-0.00038,-0.37676,0.07192,0.03836,-0.56303,-0.02797,-0.03273
25.92,-0.15296,0.9256,-0.06719,-0.20425,1.36825,-0.07414,-0.26998,1.58317,-0.10965,-0.1964,1.29766,-0.26891,-0.25703,1.07781,-0.35389,-0.41034,0.86733,-0.40216,-0.53632,0.75058,-0.44208,-0.23526,1.29924,0.11887,-0.28119,1.0673,0.17651,-0.39749,0.8328,0.21675,-0.48148,0.68452,0.26211,-0.19795,0.85969,-0.15059,-0.17229,0.45996,-0.11341,0.01739,0.10408,-0.08783,-0.15027,-0.04274,-0.09552,-0.2112,0.85178,-0.00024,-0.34662,0.47299,-0.00138,-0.37352,0.07174,0.03814,-0.56322,-0.02299,-0.03088
25.94,-0.14056,0.92422,-0.07263,-0.19431,1.36657,-0.08014,-0.26032,1.5812,-0.11688,-0.18748,1.29561,-0.27481,-0.24791,1.0759,-0.36031,-0.40097,0.86492,-0.40713,-0.5272,0.74793,-0.44558,-0.22356,1.29781,0.11324,-0.26548,1.0647,0.16924,-0.37821,0.82837,0.20892,-0.45997,0.67857,0.25335,-0.18632,0.85843,-0.1557,-0.16319,0.45876,-0.11629,0.02149,0.10042,-0.08857,-0.14876,-0.04342,-0.09587,-0.19817,0.8503,-0.00525,-0.33556,0.47223,-0.00167,-0.3698,0.07159,0.03829,-0.56361,-0.0165,-0.02808
25.96,-0.12819,0.9229,-0.07811,-0.18426,1.36495,-0.08616,-0.25062,1.57928,-0.12397,-0.17854,1.2936,-0.28072,-0.23906,1.07402,-0.36647,-0.39213,0.86266,-0.41153,-0.51881,0.74563,-0.44833,-0.21168,1.29646,0.10759,-0.24988,1.0624,0.16225,-0.35938,0.82451,0.20161,-0.43921,0.67347,0.24532,-0.1747,0.85723,-0.16086,-0.15377,0.45769,-0.11904,0.02582,0.09695,-0.08906,-0.14702,-0.04378,-0.09616,-0.18517,0.84887,-0.01032,-0.32466,0.47164,-0.00219,-0.36605,0.07176,0.03861,-0.56343,-0.01023,-0.02502
25.98,-0.11539,0.9212,-0.08381,-0.17403,1.36291,-0.09234,-0.24071,1.57694,-0.13127,-0.16939,1.29118,-0.2868,-0.23009,1.07177,-0.37286,-0.38336,0.86012,-0.41584,-0.51073,0.74323,-0.45064,-0.1996,1.29467,0.10174,-0.23377,1.05968,0.15503,-0.34013,0.8203,0.19403,-0.41816,0.66812,0.23707,-0.16263,0.85569,-0.16627,-0.14402,0.45631,-0.12191,0.03044,0.09327,-0.08944,-0.14513,-0.04403,-0.09636,-0.17175,0.84702,-0.01566,-0.31358,0.4708,-0.0028,-0.36274,0.07195,0.03942,-0.56321,-0.0038,-0.02224
26,-0.10355,0.92029,-0.08899,-0.1643,1.3617,-0.09798,-0.23142,1.5754,-0.13798,-0.16075,1.2896,-0.29232,-0.22129,1.07028,-0.37871,-0.37407,0.85804,-0.42049,-0.50138,0.74074,-0.45413,-0.18813,1.29375,0.09643,-0.21879,1.0579,0.14806,-0.32158,0.81689,0.18653,-0.39736,0.66332,0.22862,-0.15156,0.85485,-0.17106,-0.13498,0.45564,-0.1244,0.03452,0.09046,-0.08978,-0.1432,-0.04407,-0.0964,-0.15926,0.84605,-0.02038,-0.30248,0.47054,-0.00297,-0.35811,0.07263,0.04016,-0.56208,0.0034,-0.01758
26.02,-0.09428,0.92159,-0.0928,-0.15582,1.36288,-0.10227,-0.22372,1.57615,-0.14324,-0.15353,1.29038,-0.29648,-0.21308,1.07088,-0.3831,-0.36384,0.85741,-0.42593,-0.48932,0.73847,-0.46065,-0.17816,1.29529,0.09244,-0.20682,1.05872,0.14186,-0.30493,0.81562,0.17943,-0.37734,0.66001,0.21994,-0.14317,0.85597,-0.17421,-0.12788,0.45691,-0.12586,0.03708,0.08977,-0.09006,-0.1414,-0.04378,-0.09616,-0.14927,0.84751,-0.02343,-0.29152,0.47183,-0.00214,-0.35073,0.07434,0.04004,-0.55949,0.01246,-0.0081
26.04,-0.08601,0.92368,-0.09607,-0.14786,1.36492,-0.10602,-0.21667,1.57772,-0.14791,-0.14687,1.29202,-0.30009,-0.2051,1.07225,-0.38694,-0.35318,0.85731,-0.43169,-0.47609,0.73625,-0.46826,-0.16882,1.29772,0.08898,-0.19605,1.06048,0.13599,-0.2891,0.81524,0.17244,-0.35772,0.65745,0.21107,-0.13579,0.85778,-0.17671,-0.1215,0.45886,-0.12693,0.03907,0.08987,-0.09026,-0.13966,-0.04337,-0.09573,-0.14024,0.84985,-0.02585,-0.28063,0.47369,-0.00096,-0.34225,0.07644,0.03998,-0.55543,0.02196,0.00376
26.06,-0.07734,0.9254,-0.09955,-0.13972,1.36656,-0.10996,-0.20941,1.57889,-0.15273,-0.14,1.29326,-0.30389,-0.19706,1.07327,-0.39096,-0.34271,0.857,-0.43726,-0.4633,0.73406,-0.47525,-0.15924,1.29973,0.08531,-0.18484,1.06187,0.13002,-0.27307,0.81469,0.16536,-0.33816,0.65498,0.20216,-0.12799,0.85927,-0.17946,-0.11473,0.46051,-0.12812,0.04139,0.08972,-0.09034,-0.13782,-0.0429,-0.09522,-0.13082,0.85178,-0.02853,-0.2697,0.47533,-0,-0.33414,0.07847,0.04051,-0.55059,0.03106,0.01546
26.08,-0.06843,0.92717,-0.10319,-0.13148,1.36822,-0.11407,-0.20205,1.58005,-0.15788,-0.13301,1.29453,-0.30784,-0.18894,1.0744,-0.39528,-0.33223,0.85688,-0.44308,-0.45059,0.73222,-0.48244,-0.14955,1.30177,0.08147,-0.17338,1.06325,0.12357,-0.25627,0.81402,0.15748,-0.31742,0.65229,0.19214,-0.11996,0.86081,-0.18234,-0.10792,0.46224,-0.12932,0.04379,0.08975,-0.09031,-0.13583,-0.04233,-0.09457,-0.12112,0.85376,-0.03137,-0.25824,0.47696,0.00096,-0.32719,0.08083,0.04105,-0.54647,0.04215,0.02882
26.1,-0.06027,0.92901,-0.10636,-0.12362,1.37,-0.11767,-0.19516,1.58138,-0.16212,-0.12647,1.29593,-0.31128,-0.18111,1.07552,-0.39884,-0.32167,0.85663,-0.44845,-0.43737,0.72995,-0.48925,-0.14029,1.30393,0.07812,-0.16284,1.06493,0.11816,-0.24135,0.81415,0.15096,-0.29927,0.65087,0.18385,-0.11262,0.8624,-0.18475,-0.10124,0.46399,-0.13027,0.04605,0.08985,-0.09017,-0.13396,-0.04173,-0.09384,-0.11221,0.85584,-0.03375,-0.24771,0.47876,0.00189,-0.31767,0.08285,0.04246,-0.53814,0.04944,0.04101
26.12,-0.05388,0.93086,-0.10841,-0.11656,1.37194,-0.12012,-0.18928,1.583,-0.16413,-0.12093,1.2975,-0.31356,-0.17399,1.07645,-0.40047,-0.31096,0.85583,-0.45241,-0.42297,0.72637,-0.49474,-0.13193,1.30627,0.07592,-0.15441,1.06719,0.1155,-0.2313,0.81592,0.14839,-0.28803,0.65211,0.18076,-0.10691,0.8639,-0.18605,-0.0947,0.46564,-0.1307,0.04795,0.08979,-0.0899,-0.13247,-0.04122,-0.09316,-0.10518,0.858,-0.03503,-0.23992,0.48085,0.00273,-0.30132,0.08371,0.045,-0.5211,0.04601,0.04725
26.14,-0.04822,0.93273,-0.10999,-0.10987,1.37394,-0.12209,-0.18381,1.58476,-0.16526,-0.11583,1.29914,-0.31535,-0.16712,1.07734,-0.40139,-0.30003,0.85484,-0.45582,-0.40786,0.72234,-0.49958,-0.124,1.30869,0.07418,-0.14686,1.06967,0.11392,-0.22313,0.81828,0.14734,-0.27941,0.65431,0.17967,-0.10187,0.8654,-0.18688,-0.08832,0.46727,-0.13094,0.04968,0.08974,-0.08958,-0.13115,-0.04071,-0.09248,-0.09893,0.86022,-0.03586,-0.23312,0.48305,0.00355,-0.28224,0.0844,0.04776,-0.50053,0.03895,0.05129
26.16,-0.04227,0.93456,-0.11174,-0.10309,1.37588,-0.12426,-0.1782,1.58641,-0.16675,-0.11057,1.30072,-0.31733,-0.16012,1.07824,-0.40264,-0.289,0.85395,-0.45939,-0.39276,0.71865,-0.50437,-0.11595,1.31103,0.07223,-0.13898,1.07202,0.11188,-0.2142,0.82035,0.14564,-0.26969,0.65607,0.17772,-0.09654,0.86689,-0.18789,-0.08194,0.46889,-0.13126,0.05149,0.08979,-0.08923,-0.12975,-0.04011,-0.09174,-0.09236,0.86238,-0.03688,-0.22585,0.48515,0.00437,-0.26416,0.08549,0.0501,-0.48102,0.03389,0.05607
26.18,-0.0362,0.93656,-0.11363,-0.09612,1.37799,-0.12659,-0.17249,1.58821,-0.16838,-0.1052,1.30246,-0.31945,-0.15313,1.07933,-0.40399,-0.27787,0.85329,-0.46296,-0.37741,0.71516,-0.50889,-0.10767,1.31357,0.07012,-0.13096,1.07455,0.1096,-0.20501,0.82257,0.14362,-0.25968,0.65795,0.17538,-0.09112,0.8685,-0.18896,-0.07518,0.47066,-0.13159,0.05339,0.08997,-0.08876,-0.12825,-0.03938,-0.09088,-0.08561,0.86475,-0.03797,-0.21847,0.48751,0.0052,-0.24643,0.08716,0.05234,-0.46168,0.02951,0.06066
26.2,-0.03055,0.9382,-0.11513,-0.08965,1.37973,-0.12853,-0.16708,1.58972,-0.16952,-0.10019,1.30385,-0.32117,-0.14618,1.08008,-0.40509,-0.26656,0.85226,-0.46623,-0.3619,0.71152,-0.51313,-0.1,1.3157,0.06838,-0.12347,1.07672,0.10802,-0.19683,0.82462,0.14255,-0.25096,0.6598,0.17425,-0.08601,0.86984,-0.18979,-0.06917,0.47211,-0.13191,0.05509,0.09008,-0.0884,-0.12692,-0.03875,-0.09015,-0.0794,0.86667,-0.03883,-0.21147,0.48935,0.00595,-0.22714,0.08847,0.05431,-0.44035,0.02394,0.06458
26.22,-0.02581,0.93881,-0.11572,-0.08437,1.3804,-0.12951,-0.16226,1.5904,-0.16954,-0.09603,1.30423,-0.32197,-0.13918,1.07981,-0.40566,-0.25476,0.8501,-0.46895,-0.34604,0.70717,-0.51729,-0.09377,1.31669,0.06755,-0.11704,1.07786,0.10814,-0.19077,0.82601,0.14377,-0.24494,0.66133,0.17606,-0.08152,0.87042,-0.19017,-0.06522,0.47267,-0.13229,0.05626,0.08978,-0.08847,-0.12611,-0.03855,-0.08987,-0.0744,0.86731,-0.03923,-0.2054,0.48972,0.00645,-0.20416,0.08865,0.05572,-0.4145,0.01554,0.06742
26.24,-0.02148,0.93906,-0.11592,-0.07958,1.3807,-0.13007,-0.15771,1.5908,-0.16907,-0.09222,1.30427,-0.32237,-0.13226,1.07925,-0.406,-0.24289,0.84771,-0.47142,-0.33015,0.70283,-0.52135,-0.08815,1.31728,0.06713,-0.11111,1.07864,0.10897,-0.18565,0.82722,0.14592,-0.24011,0.6628,0.17904,-0.07733,0.87073,-0.19033,-0.06205,0.47292,-0.13263,0.0572,0.08934,-0.08869,-0.12551,-0.03851,-0.08976,-0.06993,0.8675,-0.0394,-0.19969,0.48956,0.00691,-0.17983,0.08908,0.05697,-0.3867,0.00682,0.0698
26.26,-0.01699,0.93949,-0.11627,-0.07459,1.38118,-0.13078,-0.15306,1.59134,-0.16881,-0.08825,1.30449,-0.3229,-0.12537,1.07895,-0.40648,-0.2311,0.84572,-0.47396,-0.31429,0.69895,-0.5253,-0.0823,1.31806,0.06654,-0.10501,1.07958,0.10947,-0.18016,0.82853,0.14762,-0.2348,0.66431,0.18145,-0.07303,0.87118,-0.19055,-0.05853,0.47332,-0.13296,0.05824,0.089,-0.08881,-0.12481,-0.03836,-0.08955,-0.06524,0.86791,-0.03964,-0.19374,0.48963,0.00742,-0.15627,0.0905,0.05816,-0.35944,-0.00032,0.07229
26.28,-0.0124,0.93986,-0.11672,-0.0695,1.3816,-0.13166,-0.14827,1.59185,-0.16858,-0.08428,1.30462,-0.32358,-0.11819,1.07851,-0.407,-0.21846,0.84347,-0.47652,-0.29717,0.69471,-0.52919,-0.07624,1.31882,0.06581,-0.0986,1.08053,0.10994,-0.17434,0.82985,0.14942,-0.22913,0.66585,0.18404,-0.06861,0.87159,-0.1909,-0.05496,0.47368,-0.13338,0.05926,0.08863,-0.08899,-0.12415,-0.0382,-0.08938,-0.06048,0.86825,-0.04002,-0.1881,0.48976,0.00772,-0.13211,0.09289,0.05916,-0.33093,-0.00692,0.0745
26.3,-0.00811,0.94026,-0.11689,-0.06476,1.38205,-0.13212,-0.14382,1.59234,-0.16819,-0.0804,1.30486,-0.32389,-0.11164,1.07843,-0.40748,-0.2074,0.8421,-0.47895,-0.28234,0.69187,-0.53292,-0.07077,1.31951,0.06545,-0.09293,1.08139,0.11058,-0.16937,0.8311,0.15118,-0.2244,0.66732,0.18648,-0.06452,0.87201,-0.19094,-0.0517,0.47406,-0.1336,0.06025,0.08834,-0.0891,-0.12346,-0.03806,-0.08916,-0.05599,0.86862,-0.04008,-0.18187,0.48965,0.00843,-0.10919,0.09554,0.06019,-0.30387,-0.01193,0.07689
26.32,-0.0045,0.94083,-0.11645,-0.06075,1.38267,-0.13159,-0.14021,1.59283,-0.16755,-0.07658,1.30552,-0.32336,-0.10674,1.07931,-0.40794,-0.20076,0.84285,-0.48127,-0.27403,0.69229,-0.5366,-0.06671,1.32012,0.06597,-0.08917,1.08209,0.11147,-0.1665,0.83216,0.15256,-0.22193,0.66858,0.18815,-0.06119,0.87255,-0.19026,-0.04912,0.47452,-0.13329,0.06119,0.08831,-0.089,-0.1226,-0.03798,-0.08878,-0.05208,0.86922,-0.03943,-0.17386,0.48905,0.01017,-0.08941,0.0972,0.06126,-0.28143,-0.01465,0.07982
26.34,-0.00117,0.94144,-0.11575,-0.05708,1.38333,-0.13067,-0.13694,1.59331,-0.16679,-0.07283,1.3063,-0.3225,-0.10247,1.08051,-0.40834,-0.19579,0.84433,-0.48347,-0.2682,0.69387,-0.54018,-0.06321,1.32067,0.06685,-0.08615,1.08271,0.1125,-0.16448,0.83314,0.15387,-0.22037,0.66976,0.18964,-0.05818,0.87313,-0.18928,-0.04681,0.475,-0.13279,0.06209,0.08836,-0.08883,-0.1217,-0.03792,-0.08835,-0.04842,0.86987,-0.03849,-0.16521,0.48829,0.01228,-0.07091,0.09855,0.06227,-0.26086,-0.01646,0.08281
26.36,0.00228,0.94202,-0.11514,-0.05328,1.38396,-0.1299,-0.13352,1.59379,-0.16606,-0.06909,1.30701,-0.32176,-0.09794,1.08154,-0.40872,-0.19009,0.84548,-0.48563,-0.2613,0.69495,-0.54366,-0.05948,1.32123,0.06759,-0.0828,1.08336,0.11349,-0.16208,0.83415,0.15525,-0.2184,0.67097,0.19128,-0.05504,0.87368,-0.18841,-0.04437,0.47547,-0.13235,0.06301,0.08838,-0.08867,-0.12082,-0.03784,-0.08792,-0.04464,0.87047,-0.03766,-0.15682,0.48766,0.01419,-0.05213,0.10045,0.0631,-0.23966,-0.01813,0.08548
26.38,0.00575,0.94262,-0.11467,-0.04936,1.38462,-0.12928,-0.13006,1.59426,-0.1655,-0.0652,1.30776,-0.32117,-0.09332,1.08265,-0.4093,-0.18421,0.84674,-0.48815,-0.25406,0.69613,-0.5476,-0.05567,1.32182,0.06819,-0.07942,1.08404,0.11433,-0.15967,0.83522,0.15648,-0.21643,0.67223,0.19272,-0.05184,0.87424,-0.18768,-0.04203,0.47596,-0.132,0.06388,0.08843,-0.08852,-0.11998,-0.03775,-0.08749,-0.04087,0.87111,-0.03697,-0.14838,0.4871,0.01592,-0.03242,0.10294,0.06337,-0.21719,-0.01951,0.08771
26.4,0.00911,0.9432,-0.11383,-0.04579,1.38524,-0.12826,-0.12679,1.59474,-0.16456,-0.06163,1.30847,-0.32018,-0.08904,1.08371,-0.40944,-0.17913,0.84802,-0.48985,-0.24811,0.69747,-0.55047,-0.05216,1.32235,0.06919,-0.07629,1.08465,0.11555,-0.15748,0.83619,0.15803,-0.2147,0.67342,0.19453,-0.04882,0.8748,-0.18655,-0.03954,0.47644,-0.13138,0.06482,0.08845,-0.08828,-0.1191,-0.03766,-0.08701,-0.03715,0.87171,-0.0359,-0.13985,0.48653,0.01803,-0.01518,0.10495,0.0643,-0.19783,-0.02031,0.0903
26.42,0.01226,0.94369,-0.11214,-0.04305,1.38568,-0.12631,-0.12395,1.59522,-0.16267,-0.05892,1.309,-0.31827,-0.08542,1.08452,-0.40848,-0.17572,0.84909,-0.48944,-0.24497,0.69885,-0.55051,-0.04927,1.32269,0.0711,-0.07359,1.08507,0.11773,-0.15554,0.83689,0.16044,-0.21322,0.67438,0.19735,-0.04621,0.87534,-0.18448,-0.03649,0.47687,-0.13018,0.06596,0.08828,-0.08791,-0.11811,-0.03759,-0.08646,-0.03343,0.87215,-0.03392,-0.13121,0.48584,0.02107,-0.00408,0.10507,0.06727,-0.1863,-0.02058,0.09434
26.44,0.01531,0.94415,-0.11008,-0.04065,1.38607,-0.12395,-0.1213,1.59569,-0.16036,-0.05653,1.30948,-0.31594,-0.08213,1.08526,-0.40707,-0.17308,0.85015,-0.48821,-0.24309,0.70034,-0.54947,-0.04666,1.32295,0.07343,-0.07111,1.08539,0.12031,-0.15379,0.83748,0.16317,-0.21198,0.67525,0.20051,-0.04375,0.87588,-0.18201,-0.03329,0.47729,-0.12874,0.06715,0.08806,-0.08748,-0.11711,-0.03752,-0.08587,-0.02974,0.87254,-0.03156,-0.12251,0.48513,0.02443,0.00465,0.10441,0.071,-0.17787,-0.02064,0.09883
26.46,0.0184,0.94461,-0.10814,-0.03811,1.38647,-0.12172,-0.11858,1.59615,-0.15819,-0.05399,1.30997,-0.31375,-0.07873,1.08605,-0.40582,-0.17016,0.85124,-0.4873,-0.24071,0.70181,-0.54887,-0.04394,1.32322,0.07563,-0.06855,1.08572,0.12275,-0.15202,0.8381,0.16574,-0.21073,0.67616,0.20348,-0.04121,0.8764,-0.17968,-0.03021,0.4777,-0.12738,0.06827,0.08788,-0.08705,-0.11617,-0.03745,-0.08528,-0.02606,0.87293,-0.02934,-0.11381,0.4845,0.02755,0.01437,0.10414,0.07431,-0.16816,-0.02073,0.1029
26.48,0.02153,0.9451,-0.10638,-0.0355,1.3869,-0.11967,-0.11577,1.59666,-0.15617,-0.05142,1.31049,-0.31173,-0.07515,1.08684,-0.40472,-0.16699,0.8523,-0.48651,-0.23805,0.70322,-0.54834,-0.04112,1.32354,0.07764,-0.06587,1.08612,0.12509,-0.14997,0.83876,0.16836,-0.20903,0.67705,0.20657,-0.03869,0.87695,-0.17747,-0.02699,0.47815,-0.1261,0.06942,0.08772,-0.08663,-0.11522,-0.03731,-0.08467,-0.02227,0.87337,-0.02726,-0.10499,0.48396,0.03052,0.02462,0.10407,0.07716,-0.15775,-0.02075,0.10697
26.5,0.02454,0.94554,-0.10417,-0.03312,1.38727,-0.11712,-0.1132,1.59708,-0.15371,-0.04901,1.31098,-0.30923,-0.07205,1.08766,-0.40319,-0.16454,0.85347,-0.48526,-0.2363,0.70483,-0.54734,-0.03857,1.32375,0.08015,-0.06351,1.08638,0.1277,-0.14856,0.83933,0.17094,-0.20835,0.67797,0.20947,-0.03617,0.87747,-0.17491,-0.02406,0.47854,-0.12463,0.07043,0.08755,-0.08618,-0.11438,-0.03723,-0.08408,-0.01873,0.87373,-0.02483,-0.09639,0.48338,0.03364,0.03325,0.10358,0.08082,-0.14946,-0.02072,0.11073
26.52,0.02729,0.94587,-0.10093,-0.03126,1.3875,-0.11341,-0.11122,1.5973,-0.15031,-0.04692,1.31139,-0.30561,-0.07006,1.08855,-0.40069,-0.16367,0.85494,-0.48314,-0.23651,0.70694,-0.54549,-0.03666,1.32375,0.08379,-0.06189,1.08631,0.13086,-0.14878,0.83976,0.17323,-0.21029,0.67902,0.21167,-0.03359,0.87794,-0.17166,-0.0219,0.47882,-0.12279,0.07115,0.08734,-0.08571,-0.11376,-0.03727,-0.08364,-0.01583,0.87393,-0.02162,-0.08827,0.48264,0.0372,0.03808,0.10201,0.08667,-0.14623,-0.02057,0.11371
26.54,0.02992,0.94616,-0.09724,-0.02962,1.38767,-0.1092,-0.10948,1.59744,-0.14648,-0.04499,1.31177,-0.30151,-0.06855,1.08948,-0.39775,-0.16349,0.85654,-0.48057,-0.2376,0.70928,-0.54318,-0.035,1.32366,0.08791,-0.06059,1.08612,0.13428,-0.14965,0.84014,0.17546,-0.21325,0.68016,0.21366,-0.03101,0.87838,-0.16808,-0.02002,0.47905,-0.12076,0.07176,0.08714,-0.08522,-0.11324,-0.03736,-0.08324,-0.01317,0.87408,-0.01805,-0.08043,0.48189,0.04097,0.04127,0.10012,0.0932,-0.145,-0.02031,0.11618
26.56,0.03259,0.94647,-0.09371,-0.02788,1.38786,-0.10516,-0.10764,1.59761,-0.14279,-0.04299,1.31216,-0.29757,-0.06686,1.0904,-0.39495,-0.16307,0.85812,-0.47812,-0.2384,0.71158,-0.54097,-0.03321,1.32361,0.09187,-0.05917,1.08599,0.13762,-0.15026,0.84058,0.17774,-0.21579,0.68133,0.21574,-0.02844,0.87884,-0.16459,-0.01801,0.47932,-0.11879,0.0724,0.08695,-0.08473,-0.11269,-0.03741,-0.08281,-0.01042,0.87425,-0.0146,-0.07256,0.48125,0.04465,0.04511,0.09853,0.09914,-0.14279,-0.01999,0.11845
26.58,0.0353,0.94676,-0.09037,-0.02616,1.38803,-0.10134,-0.10574,1.59778,-0.13932,-0.04097,1.31253,-0.29384,-0.065,1.0913,-0.3924,-0.16226,0.85957,-0.4759,-0.23863,0.71365,-0.53893,-0.03147,1.32353,0.09562,-0.05765,1.08582,0.14078,-0.1507,0.84098,0.17986,-0.2181,0.68248,0.21771,-0.02583,0.87927,-0.16131,-0.01608,0.47957,-0.11693,0.07303,0.08679,-0.08429,-0.11215,-0.03743,-0.0824,-0.00764,0.87441,-0.01134,-0.06421,0.48061,0.04823,0.04905,0.09691,0.10503,-0.14058,-0.01941,0.12047
26.6,0.03789,0.94707,-0.08651,-0.02445,1.38823,-0.09694,-0.10403,1.59792,-0.13526,-0.03904,1.31294,-0.28954,-0.06359,1.09227,-0.38921,-0.16239,0.86131,-0.47304,-0.24017,0.71625,-0.53633,-0.02971,1.32346,0.09993,-0.05642,1.08568,0.14438,-0.15164,0.84149,0.18228,-0.22107,0.68379,0.21982,-0.02332,0.87973,-0.15752,-0.01407,0.47985,-0.11478,0.07363,0.08662,-0.0837,-0.11164,-0.03747,-0.08195,-0.00499,0.87457,-0.00759,-0.05693,0.48015,0.05203,0.05229,0.09554,0.11062,-0.13866,-0.01906,0.12208
26.62,0.04018,0.94745,-0.08139,-0.02274,1.38854,-0.09114,-0.10278,1.59801,-0.12974,-0.03735,1.31351,-0.28385,-0.06334,1.09343,-0.38444,-0.16501,0.86384,-0.46862,-0.24507,0.72027,-0.53246,-0.02779,1.32349,0.10564,-0.05588,1.08568,0.1491,-0.15385,0.84235,0.18548,-0.22569,0.68558,0.22239,-0.02113,0.8803,-0.1525,-0.01174,0.4802,-0.11193,0.07418,0.08644,-0.08266,-0.11116,-0.03756,-0.08138,-0.00263,0.87477,-0.0026,-0.05247,0.48,0.05648,0.05416,0.09479,0.11587,-0.13712,-0.01959,0.12339
26.64,0.04234,0.94784,-0.07573,-0.02105,1.38888,-0.08475,-0.10173,1.59806,-0.1236,-0.03576,1.31413,-0.27756,-0.06354,1.09466,-0.37901,-0.16856,0.86671,-0.46353,-0.25123,0.72492,-0.52801,-0.02587,1.32352,0.11193,-0.05563,1.08572,0.1543,-0.15655,0.84335,0.18901,-0.23092,0.68759,0.22515,-0.01906,0.8809,-0.14695,-0.00936,0.48056,-0.10877,0.07468,0.08626,-0.08145,-0.11072,-0.03766,-0.08078,-0.00042,0.87497,0.00291,-0.04912,0.47993,0.06117,0.0554,0.09419,0.12092,-0.13584,-0.02044,0.12457
26.66,0.04455,0.94822,-0.07026,-0.01936,1.3892,-0.07858,-0.10059,1.59811,-0.11769,-0.0341,1.31472,-0.27149,-0.06351,1.09587,-0.37383,-0.17165,0.86951,-0.45866,-0.25677,0.72943,-0.5237,-0.02397,1.32354,0.11801,-0.05526,1.08575,0.15932,-0.159,0.84435,0.19243,-0.23579,0.6896,0.22785,-0.01694,0.88148,-0.1416,-0.00706,0.48094,-0.10571,0.07517,0.08612,-0.08033,-0.11028,-0.03771,-0.08021,0.00184,0.87516,0.00824,-0.04532,0.47982,0.06571,0.05687,0.09352,0.12583,-0.13443,-0.02109,0.12567
26.68,0.04678,0.94862,-0.065,-0.01765,1.38954,-0.07262,-0.09943,1.59819,-0.11198,-0.03252,1.31532,-0.26562,-0.06357,1.09709,-0.3688,-0.17477,0.87236,-0.454,-0.26223,0.73401,-0.51965,-0.02197,1.32359,0.12388,-0.05486,1.08583,0.16416,-0.16154,0.8455,0.19565,-0.24088,0.69188,0.23034,-0.01482,0.88208,-0.13642,-0.00456,0.48135,-0.1028,0.07568,0.08601,-0.07924,-0.10985,-0.03771,-0.07963,0.00415,0.87538,0.01337,-0.04131,0.47978,0.07042,0.05838,0.09294,0.13125,-0.1328,-0.02175,0.12676
26.7,0.04894,0.94897,-0.05918,-0.01597,1.38983,-0.06608,-0.09834,1.5982,-0.10571,-0.0308,1.3159,-0.2592,-0.06351,1.09836,-0.36329,-0.17793,0.87533,-0.44872,-0.26797,0.73888,-0.51485,-0.02018,1.32356,0.13031,-0.05461,1.08584,0.16951,-0.16394,0.8465,0.19937,-0.24556,0.6939,0.23328,-0.01272,0.88264,-0.13075,-0.00249,0.48172,-0.09951,0.0761,0.08593,-0.07805,-0.10947,-0.03772,-0.07907,0.00632,0.87553,0.01902,-0.038,0.47963,0.07482,0.05963,0.09222,0.13538,-0.13153,-0.02235,0.12764
26.72,0.05092,0.94916,-0.05196,-0.01437,1.38997,-0.05813,-0.09742,1.59801,-0.09809,-0.02873,1.31641,-0.25142,-0.06317,1.09968,-0.35666,-0.18117,0.87845,-0.44189,-0.27445,0.74422,-0.50807,-0.01892,1.32332,0.13812,-0.05472,1.08561,0.1761,-0.16597,0.84695,0.20435,-0.24923,0.69505,0.2374,-0.01065,0.8831,-0.12385,-0.00154,0.48195,-0.09525,0.07634,0.08588,-0.07662,-0.10917,-0.03785,-0.07855,0.00815,0.87548,0.02592,-0.03632,0.47911,0.07827,0.06037,0.09105,0.13606,-0.13125,-0.02273,0.12819
26.74,0.05283,0.94928,-0.04418,-0.0128,1.39005,-0.04961,-0.09656,1.59774,-0.0899,-0.02653,1.31689,-0.2431,-0.06268,1.10104,-0.34956,-0.18435,0.88167,-0.43445,-0.28107,0.74982,-0.50048,-0.01788,1.32298,0.14649,-0.05497,1.08526,0.18319,-0.16782,0.84717,0.20983,-0.25245,0.69584,0.24198,-0.00859,0.88351,-0.11646,-0.00103,0.48214,-0.09061,0.07651,0.08587,-0.07509,-0.1089,-0.038,-0.07805,0.00983,0.87534,0.03333,-0.03528,0.47851,0.08141,0.06091,0.08979,0.13554,-0.13132,-0.02302,0.12863
26.76,0.05479,0.94945,-0.03665,-0.01122,1.39017,-0.04133,-0.09566,1.59752,-0.08196,-0.02436,1.31741,-0.23501,-0.06217,1.10244,-0.34268,-0.18736,0.88494,-0.42725,-0.28732,0.75546,-0.49315,-0.01677,1.32268,0.15461,-0.05513,1.08498,0.19005,-0.16964,0.84751,0.21508,-0.25571,0.6968,0.24634,-0.0065,0.88395,-0.10929,-0.00033,0.48239,-0.08614,0.07673,0.08592,-0.07362,-0.10859,-0.03805,-0.07758,0.01159,0.87526,0.04051,-0.03393,0.47803,0.08473,0.06158,0.0887,0.13559,-0.13116,-0.02326,0.12911
26.78,0.05669,0.94958,-0.02915,-0.00963,1.39026,-0.03316,-0.09481,1.59724,-0.07414,-0.02233,1.31784,-0.227,-0.06194,1.1038,-0.33585,-0.19077,0.88827,-0.41999,-0.29406,0.76127,-0.48557,-0.01553,1.32241,0.16265,-0.05537,1.08476,0.19683,-0.17179,0.84805,0.22021,-0.25948,0.69809,0.25057,-0.00451,0.88438,-0.10214,0.00052,0.48266,-0.08171,0.07704,0.086,-0.07222,-0.10819,-0.03806,-0.07719,0.01333,0.87512,0.04766,-0.03255,0.4775,0.08783,0.0623,0.08759,0.13536,-0.13101,-0.02343,0.12954
26.8,0.05869,0.94975,-0.02146,-0.00809,1.39037,-0.02465,-0.09387,1.59703,-0.06596,-0.01999,1.3184,-0.21871,-0.06102,1.10528,-0.32882,-0.19313,0.89161,-0.41266,-0.29948,0.76707,-0.47804,-0.01464,1.32204,0.17097,-0.05548,1.08438,0.20385,-0.17319,0.84816,0.22565,-0.26201,0.69868,0.25512,-0.0023,0.8848,-0.09484,0.00099,0.48293,-0.07713,0.07719,0.08615,-0.07071,-0.10794,-0.03803,-0.07671,0.01506,0.87507,0.05498,-0.03134,0.47714,0.09129,0.06299,0.0867,0.13538,-0.13077,-0.02354,0.13003
26.82,0.06091,0.95005,-0.01343,-0.00666,1.39056,-0.01539,-0.09277,1.59704,-0.05693,-0.01695,1.31934,-0.20982,-0.05853,1.10705,-0.32134,-0.1929,0.89489,-0.40539,-0.30161,0.77252,-0.47101,-0.01457,1.32144,0.1799,-0.05528,1.08357,0.21139,-0.17269,0.84708,0.23185,-0.26135,0.69735,0.26049,0.00044,0.88517,-0.0873,0.00053,0.48318,-0.07227,0.07691,0.08639,-0.06899,-0.10804,-0.038,-0.07606,0.01673,0.87531,0.06264,-0.03043,0.4772,0.09584,0.06366,0.08632,0.13641,-0.13025,-0.02366,0.1307
26.84,0.06323,0.95037,-0.00523,-0.00532,1.39073,-0.00585,-0.09162,1.59709,-0.04758,-0.01365,1.32036,-0.20067,-0.05532,1.10889,-0.31369,-0.19163,0.89811,-0.39809,-0.30254,0.7779,-0.46402,-0.01488,1.32072,0.18905,-0.05495,1.08256,0.21915,-0.17144,0.8455,0.23835,-0.25943,0.69523,0.26617,0.0034,0.88549,-0.07963,-0.00027,0.48343,-0.06733,0.07651,0.0867,-0.06725,-0.10822,-0.03793,-0.07543,0.01838,0.87563,0.07044,-0.02965,0.47738,0.10074,0.06436,0.08613,0.13768,-0.12958,-0.02376,0.13138
26.86,0.06553,0.95067,0.00291,-0.00399,1.39088,0.00354,-0.09051,1.5971,-0.0384,-0.01048,1.32131,-0.19164,-0.0523,1.11067,-0.30615,-0.19068,0.90133,-0.39077,-0.30392,0.78338,-0.45681,-0.01508,1.32003,0.19806,-0.05465,1.08161,0.22679,-0.17044,0.84412,0.2447,-0.25796,0.69342,0.27172,0.00631,0.88583,-0.07201,-0.00084,0.48374,-0.06249,0.07626,0.08709,-0.06564,-0.10825,-0.03778,-0.07496,0.02006,0.87589,0.07818,-0.02876,0.47753,0.10544,0.06517,0.08593,0.13876,-0.12885,-0.0238,0.13199
26.88,0.06771,0.95104,0.01098,-0.00262,1.39112,0.01295,-0.08949,1.59714,-0.02924,-0.00742,1.32238,-0.18258,-0.0499,1.11265,-0.2985,-0.19012,0.90468,-0.38349,-0.30548,0.78881,-0.44955,-0.01514,1.3194,0.20706,-0.05442,1.08078,0.23435,-0.1696,0.84289,0.251,-0.25669,0.69181,0.27721,0.00904,0.88623,-0.0644,-0.00142,0.48415,-0.05771,0.07622,0.08765,-0.06415,-0.10804,-0.03751,-0.0747,0.02169,0.87624,0.08588,-0.02775,0.47776,0.11019,0.0661,0.08584,0.13988,-0.12795,-0.02379,0.13255
26.9,0.07018,0.95125,0.01923,-0.00142,1.39112,0.02232,-0.08835,1.59707,-0.02007,-0.00411,1.32318,-0.17352,-0.046,1.11422,-0.29105,-0.18842,0.90778,-0.37609,-0.30635,0.79443,-0.44199,-0.01562,1.31856,0.21601,-0.05402,1.07965,0.24207,-0.16821,0.84121,0.25741,-0.25463,0.6896,0.28282,0.01223,0.88647,-0.05673,-0.00192,0.48447,-0.05294,0.07602,0.08809,-0.06262,-0.10803,-0.03728,-0.07437,0.02344,0.87642,0.09366,-0.02686,0.47787,0.11486,0.06707,0.08572,0.1409,-0.12703,-0.0238,0.1331
26.92,0.07337,0.95099,0.02794,-0.00064,1.39045,0.03155,-0.08686,1.59671,-0.01086,-0.00028,1.32318,-0.16455,-0.03829,1.11457,-0.28398,-0.18357,0.9098,-0.36823,-0.30515,0.80002,-0.43355,-0.01712,1.31715,0.22477,-0.05302,1.0778,0.25031,-0.16518,0.83831,0.26431,-0.25026,0.68584,0.28906,0.01654,0.88627,-0.0489,-0.0021,0.48443,-0.04824,0.07526,0.08803,-0.06112,-0.10871,-0.03736,-0.07379,0.02555,0.87611,0.10163,-0.02629,0.47758,0.11918,0.06808,0.0853,0.14152,-0.12614,-0.02398,0.13354
26.94,0.07687,0.95056,0.03681,-2e-05,1.38952,0.04063,-0.08527,1.59619,-0.00173,0.00382,1.32289,-0.15565,-0.02904,1.11453,-0.27706,-0.17764,0.91167,-0.3601,-0.30332,0.80602,-0.42444,-0.01903,1.3155,0.23334,-0.05188,1.07569,0.25868,-0.1617,0.83504,0.27133,-0.24525,0.68163,0.29546,0.02134,0.8859,-0.04103,-0.00212,0.48432,-0.04365,0.07454,0.0879,-0.05971,-0.10938,-0.03745,-0.07335,0.02781,0.87562,0.10962,-0.02575,0.47717,0.12333,0.06929,0.08486,0.14194,-0.12505,-0.02419,0.13385
26.96,0.08026,0.95019,0.04559,0.00063,1.38867,0.04961,-0.08379,1.59567,0.00728,0.00783,1.32268,-0.14679,-0.02032,1.11472,-0.27006,-0.17227,0.91386,-0.3519,-0.30191,0.81231,-0.41499,-0.0208,1.31392,0.24179,-0.0509,1.07372,0.26689,-0.1586,0.83205,0.27822,-0.24078,0.6778,0.30172,0.02599,0.88559,-0.03318,-0.00208,0.48435,-0.03918,0.07415,0.08799,-0.05848,-0.10968,-0.03737,-0.07324,0.03003,0.8752,0.11755,-0.02501,0.47684,0.12745,0.07073,0.08454,0.14231,-0.12369,-0.02436,0.13404
26.98,0.08352,0.94989,0.05444,0.00124,1.38787,0.05866,-0.08236,1.59525,0.01647,0.01156,1.32253,-0.13782,-0.01212,1.11486,-0.26248,-0.16601,0.91513,-0.34348,-0.2991,0.81713,-0.40498,-0.02242,1.31241,0.2503,-0.04948,1.07184,0.27534,-0.15448,0.82895,0.28578,-0.23486,0.67371,0.30897,0.03043,0.88535,-0.02518,-0.00179,0.48449,-0.03488,0.07376,0.08819,-0.05784,-0.1099,-0.03732,-0.07339,0.03222,0.87485,0.12558,-0.02416,0.47659,0.13155,0.07245,0.08438,0.14251,-0.12199,-0.02446,0.13407
27,0.08711,0.94941,0.06319,0.00184,1.38682,0.06727,-0.08095,1.59451,0.02504,0.01584,1.32212,-0.12919,-0.0025,1.11512,-0.25586,-0.16126,0.91847,-0.33497,-0.29874,0.82551,-0.3946,-0.02447,1.31065,0.25828,-0.049,1.0698,0.28324,-0.15242,0.82617,0.29208,-0.23188,0.67033,0.31442,0.03545,0.88493,-0.01742,-0.00164,0.48459,-0.03059,0.07415,0.08853,-0.05653,-0.10938,-0.03696,-0.0738,0.03455,0.87431,0.13335,-0.02322,0.47622,0.1355,0.0743,0.08414,0.14276,-0.12019,-0.0246,0.13409
27.02,0.09155,0.94857,0.07173,0.00245,1.38523,0.07483,-0.07954,1.59311,0.032,0.02157,1.32114,-0.1214,0.01118,1.11589,-0.25177,-0.15977,0.9278,-0.32614,-0.30367,0.84378,-0.38386,-0.02765,1.30835,0.265,-0.05098,1.06735,0.28959,-0.15531,0.82399,0.29475,-0.23603,0.6685,0.3148,0.04192,0.88417,-0.0102,-0.00204,0.48463,-0.02627,0.07544,0.08897,-0.05337,-0.1084,-0.0355,-0.07428,0.03726,0.87341,0.14048,-0.02207,0.47554,0.13918,0.07615,0.0836,0.14325,-0.11852,-0.02478,0.13418
27.04,0.09631,0.94757,0.08015,0.0031,1.38338,0.08179,-0.07812,1.59139,0.03815,0.02787,1.31989,-0.114,0.02625,1.11699,-0.24838,-0.15897,0.94044,-0.31659,-0.30947,0.86725,-0.37221,-0.03117,1.30581,0.27097,-0.05388,1.06471,0.29513,-0.16017,0.82215,0.29559,-0.24302,0.6674,0.31255,0.04897,0.88325,-0.00319,-0.00253,0.48474,-0.0222,0.07772,0.08965,-0.04951,-0.10632,-0.03367,-0.07504,0.04014,0.87234,0.1473,-0.02078,0.47474,0.14263,0.07822,0.08297,0.14369,-0.11667,-0.025,0.13415
27.06,0.10092,0.94661,0.08857,0.0038,1.38156,0.08869,-0.07669,1.58971,0.04434,0.03393,1.31869,-0.10655,0.04053,1.11815,-0.24427,-0.15698,0.95303,-0.3064,-0.31302,0.89047,-0.35965,-0.0344,1.30333,0.27684,-0.05635,1.06212,0.30065,-0.16422,0.82029,0.29658,-0.24883,0.6662,0.31049,0.0558,0.88236,0.00395,-0.00274,0.48501,-0.01843,0.0805,0.09055,-0.04602,-0.10339,-0.03196,-0.0761,0.043,0.87131,0.15414,-0.01936,0.47399,0.14598,0.08063,0.08247,0.14391,-0.11439,-0.02521,0.1339
27.08,0.10559,0.94575,0.09723,0.00436,1.37976,0.09548,-0.07526,1.58811,0.05048,0.03998,1.31748,-0.09903,0.05625,1.11942,-0.23952,-0.15196,0.96551,-0.29514,-0.31245,0.91288,-0.34583,-0.03781,1.30088,0.2825,-0.0584,1.05954,0.30622,-0.16604,0.81771,0.29803,-0.25152,0.66389,0.30947,0.06278,0.88158,0.01136,-0.00261,0.48555,-0.01518,0.08124,0.0913,-0.04389,-0.10339,-0.02921,-0.07729,0.04593,0.87038,0.16114,-0.01744,0.47331,0.14929,0.08351,0.08208,0.14378,-0.11161,-0.02535,0.13325
27.1,0.11018,0.94466,0.10534,0.00529,1.37779,0.10174,-0.07382,1.58615,0.0559,0.04617,1.31613,-0.09193,0.06941,1.12091,-0.23538,-0.15032,0.98121,-0.28367,-0.31524,0.94093,-0.33141,-0.04075,1.29824,0.28756,-0.06137,1.05686,0.3108,-0.17221,0.81675,0.29694,-0.26026,0.66412,0.30411,0.06965,0.88057,0.01832,-0.00259,0.48599,-0.0118,0.08722,0.09295,-0.03913,-0.0959,-0.02803,-0.07862,0.04888,0.86922,0.16759,-0.01599,0.47252,0.15228,0.08638,0.0817,0.14385,-0.10881,-0.02558,0.1328
27.12,0.11451,0.94302,0.11202,0.00713,1.37553,0.10715,-0.07237,1.58344,0.05998,0.05259,1.31459,-0.08573,0.07576,1.12276,-0.23369,-0.15768,1.00411,-0.27319,-0.32707,0.98229,-0.31711,-0.04246,1.29525,0.29174,-0.06666,1.05403,0.31319,-0.1893,0.82052,0.28938,-0.28382,0.67166,0.28773,0.07605,0.87903,0.02399,-0.00371,0.48601,-0.00757,0.10589,0.09747,-0.02504,-0.06889,-0.0306,-0.07777,0.05177,0.8675,0.17272,-0.01628,0.47144,0.15455,0.08854,0.08132,0.14462,-0.10662,-0.02595,0.13304
27.14,0.11875,0.94116,0.11813,0.00931,1.37314,0.11216,-0.07092,1.5804,0.06341,0.05909,1.31296,-0.07988,0.07973,1.12494,-0.23302,-0.16598,1.03062,-0.26232,-0.33791,1.0296,-0.30154,-0.04372,1.2921,0.29546,-0.0728,1.05122,0.31447,-0.20963,0.82736,0.27843,-0.31151,0.68398,0.26581,0.08231,0.87727,0.02917,-0.00505,0.48594,-0.00318,0.12802,0.10439,-0.00471,-0.03446,-0.03307,-0.07128,0.05467,0.86555,0.1773,-0.01712,0.47029,0.15641,0.09052,0.08095,0.14548,-0.10459,-0.02634,0.13335
27.16,0.12302,0.9394,0.12445,0.01134,1.37078,0.11717,-0.06942,1.57747,0.06687,0.06551,1.31135,-0.07391,0.08497,1.12724,-0.23189,-0.16959,1.05655,-0.25018,-0.34163,1.07504,-0.28418,-0.0451,1.28901,0.29912,-0.07839,1.0485,0.31577,-0.22688,0.8346,0.26753,-0.33462,0.69694,0.2443,0.08865,0.8756,0.0346,-0.00593,0.48608,0.00075,0.14665,0.11223,0.01643,-0.00352,-0.03342,-0.06079,0.05762,0.86371,0.18205,-0.01748,0.46923,0.15818,0.09287,0.0807,0.14595,-0.10217,-0.02665,0.13322
27.18,0.12734,0.93763,0.13096,0.01336,1.36838,0.12214,-0.06785,1.5745,0.07027,0.072,1.30968,-0.06784,0.09187,1.12994,-0.23073,-0.1686,1.08251,-0.23696,-0.33864,1.11988,-0.26503,-0.04655,1.28589,0.30266,-0.08376,1.04579,0.31677,-0.24149,0.84184,0.25629,-0.35351,0.70981,0.22288,0.0951,0.87397,0.04023,-0.00779,0.48676,0.00419,0.16253,0.12212,0.04045,0.02618,-0.03111,-0.04705,0.06063,0.86182,0.18688,-0.01778,0.46821,0.15972,0.09555,0.08058,0.14607,-0.0994,-0.02685,0.13265
27.2,0.13153,0.93583,0.13695,0.01551,1.36601,0.12682,-0.06632,1.57144,0.07321,0.07831,1.30807,-0.06207,0.09577,1.13257,-0.22977,-0.16793,1.10916,-0.22299,-0.33372,1.16517,-0.24475,-0.04763,1.28277,0.30588,-0.08935,1.04326,0.31721,-0.25786,0.85297,0.24288,-0.37468,0.72894,0.19741,0.10133,0.87221,0.04549,-0.00736,0.48673,0.00795,0.1791,0.13296,0.06597,0.05702,-0.02892,-0.02685,0.06361,0.85998,0.19134,-0.01792,0.46722,0.16112,0.09814,0.08045,0.14628,-0.0967,-0.0271,0.13224
27.22,0.13535,0.93395,0.14166,0.01795,1.36374,0.13099,-0.06494,1.5682,0.07533,0.08415,1.30667,-0.057,0.09132,1.13524,-0.2296,-0.17268,1.13821,-0.20888,-0.33161,1.21307,-0.2242,-0.04789,1.27968,0.30869,-0.09545,1.04114,0.31714,-0.27944,0.87394,0.22589,-0.4027,0.76383,0.16442,0.10686,0.87014,0.04979,-0.00116,0.48436,0.01332,0.20102,0.14303,0.09016,0.09161,-0.03005,0.00184,0.06635,0.85827,0.19492,-0.0178,0.46623,0.16268,0.10006,0.08003,0.14705,-0.09466,-0.02769,0.13267
27.24,0.13906,0.93204,0.14586,0.02049,1.3615,0.13494,-0.06361,1.56485,0.07706,0.08979,1.30533,-0.0522,0.08392,1.1391,-0.22986,-0.17687,1.16832,-0.19429,-0.32666,1.26099,-0.20279,-0.04785,1.27657,0.31128,-0.10178,1.03931,0.31659,-0.29988,0.90102,0.20811,-0.42783,0.80802,0.13016,0.11215,0.86794,0.05371,0.00719,0.48112,0.01947,0.22415,0.15367,0.11429,0.12709,-0.0306,0.03457,0.06905,0.85661,0.19813,-0.01758,0.46525,0.16416,0.10174,0.07952,0.14796,-0.09287,-0.02837,0.13333
27.26,0.14283,0.93015,0.15027,0.02293,1.35923,0.1389,-0.06222,1.56149,0.0788,0.09546,1.30396,-0.04728,0.07848,1.14415,-0.23005,-0.17588,1.19716,-0.17883,-0.31491,1.30563,-0.18004,-0.04797,1.27345,0.31381,-0.10791,1.03758,0.31576,-0.31509,0.92883,0.19172,-0.44454,0.85284,0.09916,0.11757,0.8658,0.05783,0.01461,0.47829,0.0254,0.24423,0.16587,0.13922,0.15979,-0.02785,0.068,0.07179,0.85494,0.20146,-0.01729,0.46431,0.16542,0.10365,0.07912,0.14857,-0.09083,-0.02896,0.13362
27.28,0.14652,0.92823,0.15476,0.02549,1.35698,0.14292,-0.06064,1.55813,0.0805,0.1011,1.30255,-0.04228,0.07341,1.15094,-0.23065,-0.17103,1.22607,-0.16183,-0.29731,1.34896,-0.15469,-0.04789,1.2704,0.31641,-0.11354,1.03605,0.31533,-0.32589,0.95928,0.17696,-0.45418,0.90062,0.07115,0.12288,0.86365,0.06205,0.02115,0.47566,0.03144,0.26269,0.18049,0.16491,0.19101,-0.02175,0.10421,0.07449,0.85322,0.20486,-0.01708,0.46336,0.16684,0.10568,0.07879,0.14896,-0.08864,-0.0295,0.13354
27.3,0.15037,0.92637,0.15896,0.02776,1.35466,0.14661,-0.05932,1.55467,0.08191,0.10665,1.30119,-0.03751,0.0685,1.15796,-0.23054,-0.16425,1.25147,-0.14558,-0.27755,1.38581,-0.13096,-0.0481,1.26716,0.31856,-0.11979,1.03465,0.31333,-0.33328,0.99037,0.16302,-0.45827,0.94959,0.04549,0.12838,0.86151,0.06604,0.02973,0.47255,0.03774,0.27979,0.1938,0.18956,0.21993,-0.01511,0.13953,0.07734,0.85161,0.20796,-0.01646,0.46252,0.16756,0.10774,0.07842,0.14935,-0.08646,-0.03006,0.13364
27.32,0.15465,0.92469,0.16247,0.02936,1.35219,0.14952,-0.05874,1.55105,0.08271,0.11215,1.30004,-0.03326,0.06318,1.16349,-0.22868,-0.15899,1.27109,-0.13278,-0.26152,1.41328,-0.11357,-0.0492,1.26345,0.31961,-0.12785,1.03347,0.30716,-0.33942,1.01983,0.14846,-0.4592,0.99846,0.02081,0.13443,0.85943,0.06943,0.04353,0.46835,0.04467,0.29634,0.20108,0.21182,0.24678,-0.01227,0.17,0.08051,0.85029,0.21033,-0.01472,0.4619,0.16666,0.10978,0.07783,0.15007,-0.08439,-0.03077,0.13483
27.34,0.15912,0.92306,0.16571,0.03069,1.3496,0.15201,-0.05842,1.54731,0.08314,0.11753,1.29889,-0.02928,0.05752,1.16915,-0.22625,-0.15415,1.28843,-0.12089,-0.24676,1.43671,-0.0978,-0.05055,1.25951,0.32013,-0.13621,1.03266,0.29935,-0.34333,1.04896,0.13514,-0.45587,1.04745,-0.00062,0.14068,0.85736,0.07261,0.05924,0.46394,0.05223,0.31237,0.20616,0.23323,0.27205,-0.01047,0.19898,0.08385,0.84906,0.21241,-0.01248,0.46137,0.16508,0.11187,0.07716,0.15087,-0.0824,-0.03135,0.13625
27.36,0.16355,0.9214,0.1691,0.0321,1.34699,0.15451,-0.05793,1.54352,0.0835,0.12282,1.29766,-0.02525,0.05237,1.17626,-0.22407,-0.1473,1.30556,-0.10768,-0.22937,1.45912,-0.07971,-0.05167,1.25562,0.32069,-0.14377,1.03218,0.292,-0.34368,1.0784,0.12457,-0.44699,1.09583,-0.01728,0.14688,0.85528,0.07596,0.07384,0.46001,0.06012,0.32708,0.21285,0.25523,0.29565,-0.00642,0.22954,0.08719,0.84777,0.21462,-0.01027,0.46083,0.16363,0.1141,0.07655,0.15154,-0.08033,-0.03171,0.13729
27.38,0.16776,0.91979,0.17235,0.03363,1.34451,0.15698,-0.05723,1.5398,0.08362,0.12828,1.29663,-0.02114,0.04717,1.18557,-0.22195,-0.13881,1.3233,-0.0932,-0.20956,1.48126,-0.05943,-0.05281,1.25182,0.32104,-0.15125,1.03237,0.28388,-0.34101,1.10907,0.11582,-0.4325,1.14566,-0.03043,0.15286,0.85323,0.07923,0.08823,0.45633,0.06852,0.34107,0.22121,0.27846,0.31944,-0.00019,0.26293,0.0903,0.84657,0.21665,-0.00798,0.46031,0.16222,0.11631,0.07594,0.15211,-0.0783,-0.03211,0.13883
27.4,0.17248,0.91805,0.17583,0.03488,1.34161,0.15907,-0.05679,1.53572,0.08364,0.13323,1.29505,-0.01739,0.04297,1.19331,-0.21922,-0.13062,1.33659,-0.07967,-0.19166,1.49742,-0.0409,-0.05375,1.24771,0.32126,-0.15773,1.03229,0.27635,-0.33617,1.13581,0.11029,-0.41598,1.18859,-0.03784,0.15932,0.8511,0.08273,0.10285,0.45285,0.07717,0.35359,0.22707,0.29952,0.33834,0.00473,0.29199,0.09399,0.84519,0.21889,-0.00534,0.4598,0.16029,0.11886,0.07535,0.15267,-0.07613,-0.03197,0.13902
27.42,0.17862,0.91616,0.17996,0.03551,1.33776,0.16034,-0.05711,1.53092,0.08364,0.13703,1.29223,-0.01458,0.04051,1.19463,-0.21555,-0.12548,1.34093,-0.07003,-0.18087,1.50329,-0.0292,-0.05417,1.24296,0.32143,-0.16218,1.03076,0.27106,-0.33113,1.15353,0.10823,-0.40365,1.21664,-0.03961,0.16712,0.849,0.08679,0.11842,0.44969,0.08573,0.36455,0.22557,0.3148,0.34777,0.0033,0.30837,0.09926,0.84349,0.22172,-0.00176,0.45948,0.15725,0.12217,0.07489,0.15343,-0.07361,-0.03046,0.13608
27.44,0.18526,0.91407,0.18434,0.03598,1.33335,0.16114,-0.05764,1.52562,0.08344,0.14045,1.28869,-0.01227,0.03868,1.19313,-0.21163,-0.12166,1.34171,-0.06213,-0.17306,1.50518,-0.02049,-0.05431,1.23781,0.32145,-0.16578,1.02855,0.26654,-0.32585,1.1673,0.10761,-0.39278,1.23853,-0.03917,0.17537,0.84676,0.09109,0.13416,0.44662,0.09438,0.37491,0.2212,0.32786,0.35381,-0.00064,0.31957,0.10509,0.84154,0.22479,0.00223,0.4592,0.15371,0.12564,0.07442,0.1543,-0.07094,-0.02844,0.13183
27.46,0.19165,0.91192,0.18864,0.03668,1.32891,0.16186,-0.05791,1.52024,0.08299,0.14409,1.28514,-0.00997,0.03672,1.1928,-0.2079,-0.11694,1.34343,-0.05352,-0.16372,1.50792,-0.01047,-0.05437,1.23266,0.32131,-0.16938,1.02665,0.26161,-0.31922,1.18157,0.10774,-0.37943,1.26116,-0.03765,0.18338,0.84443,0.09536,0.14937,0.44368,0.10338,0.38508,0.21831,0.34199,0.36093,-0.00318,0.33282,0.11068,0.83956,0.22778,0.00623,0.45891,0.15023,0.12895,0.07394,0.15514,-0.06825,-0.02653,0.12789
27.48,0.19813,0.91045,0.19278,0.03749,1.32504,0.16241,-0.05801,1.51536,0.08221,0.14786,1.28227,-0.00779,0.03451,1.19374,-0.20412,-0.11181,1.34607,-0.04438,-0.15356,1.51148,0.0003,-0.05432,1.22801,0.32095,-0.17272,1.02552,0.25607,-0.31129,1.19643,0.1087,-0.3647,1.28444,-0.03448,0.19154,0.8428,0.09948,0.16529,0.44162,0.11309,0.39537,0.21608,0.35698,0.36845,-0.00506,0.34713,0.11636,0.83824,0.23052,0.01115,0.45912,0.14674,0.1323,0.07374,0.15616,-0.0658,-0.02378,0.12499
27.5,0.20453,0.90747,0.1973,0.03839,1.31956,0.16267,-0.05805,1.50892,0.08136,0.15147,1.27746,-0.00591,0.03326,1.19147,-0.2005,-0.10711,1.34517,-0.03677,-0.14512,1.51121,0.00889,-0.05399,1.22206,0.3206,-0.1756,1.02281,0.25172,-0.30348,1.20684,0.11061,-0.35026,1.30137,-0.03071,0.19946,0.83964,0.10404,0.17919,0.43828,0.12211,0.40457,0.2124,0.37003,0.37388,-0.00814,0.35793,0.12204,0.83544,0.23378,0.01496,0.45847,0.14295,0.1354,0.07301,0.15697,-0.06278,-0.02219,0.11966
27.52,0.21062,0.90063,0.20282,0.03934,1.31009,0.1626,-0.05825,1.49868,0.08084,0.15457,1.26789,-0.00449,0.03415,1.18112,-0.19737,-0.10379,1.33624,-0.03292,-0.14117,1.50261,0.01205,-0.05324,1.2129,0.32059,-0.17805,1.01602,0.25063,-0.29765,1.20807,0.11299,-0.33804,1.3052,-0.02855,0.2066,0.83254,0.1097,0.1882,0.43115,0.12889,0.41162,0.20477,0.37813,0.37479,-0.01444,0.36019,0.12756,0.82884,0.23847,0.01558,0.45568,0.13829,0.1379,0.07103,0.15744,-0.05773,-0.02388,0.10795
27.54,0.21659,0.89223,0.20869,0.04041,1.29896,0.16236,-0.05835,1.48683,0.08037,0.15758,1.25636,-0.00327,0.036,1.16742,-0.19442,-0.10098,1.32408,-0.03064,-0.13892,1.49068,0.01299,-0.05224,1.20238,0.32069,-0.18016,1.00751,0.25073,-0.29248,1.20549,0.11537,-0.32679,1.30351,-0.02715,0.21344,0.82387,0.11574,0.19531,0.42245,0.13459,0.41783,0.19559,0.38419,0.37407,-0.02164,0.35917,0.13301,0.8207,0.24366,0.01512,0.45226,0.13333,0.13986,0.06872,0.15839,-0.05161,-0.02642,0.09503
27.56,0.22257,0.88438,0.21438,0.04166,1.28831,0.16211,-0.0582,1.47541,0.0797,0.16083,1.24543,-0.00203,0.03765,1.15496,-0.19144,-0.09771,1.31314,-0.02777,-0.13565,1.48,0.01485,-0.05115,1.19225,0.32066,-0.18211,0.9996,0.25019,-0.28646,1.20388,0.11785,-0.31467,1.30311,-0.02517,0.22036,0.81575,0.1216,0.20305,0.4143,0.1406,0.42429,0.18724,0.39116,0.37428,-0.0278,0.35979,0.13846,0.81311,0.2486,0.01547,0.44941,0.12853,0.14154,0.06679,0.15997,-0.04555,-0.02811,0.08436
27.58,0.22878,0.8772,0.2202,0.04299,1.27804,0.1617,-0.05811,1.46439,0.07908,0.16411,1.23487,-0.00092,0.03909,1.1429,-0.18838,-0.09439,1.30275,-0.02478,-0.13229,1.46993,0.01658,-0.0499,1.1826,0.32057,-0.18424,0.99242,0.24974,-0.27989,1.2029,0.12058,-0.30186,1.30292,-0.02298,0.22754,0.80832,0.12758,0.21169,0.40686,0.14767,0.4312,0.17832,0.3984,0.37445,-0.03383,0.3597,0.14415,0.80617,0.25362,0.01712,0.44748,0.12313,0.14318,0.06554,0.16207,-0.03828,-0.02855,0.07293
27.6,0.23445,0.86824,0.2258,0.0446,1.26626,0.16138,-0.0574,1.45183,0.0781,0.16761,1.22275,0.00028,0.04147,1.12901,-0.18555,-0.0909,1.29035,-0.02252,-0.129,1.45771,0.01794,-0.04857,1.17146,0.32048,-0.1855,0.9833,0.24922,-0.27358,1.1988,0.12298,-0.28988,1.2992,-0.02107,0.23406,0.79906,0.1334,0.21796,0.39756,0.15231,0.43697,0.17028,0.40463,0.37475,-0.03925,0.36044,0.14931,0.7975,0.25853,0.01685,0.44434,0.11871,0.14383,0.06348,0.16463,-0.03232,-0.03062,0.06541
27.62,0.23874,0.85485,0.23078,0.04666,1.25099,0.16152,-0.05538,1.43566,0.07632,0.1715,1.20714,0.00192,0.04605,1.1112,-0.18326,-0.08713,1.27338,-0.02172,-0.12584,1.44052,0.01906,-0.04732,1.15673,0.32046,-0.18478,0.96932,0.24828,-0.26849,1.18793,0.12445,-0.28033,1.28872,-0.01977,0.23895,0.78524,0.1387,0.21845,0.38366,0.15038,0.43953,0.16535,0.40874,0.37512,-0.0434,0.36401,0.15308,0.78454,0.26308,0.01077,0.43769,0.11727,0.14325,0.0592,0.16705,-0.03059,-0.03748,0.06626
27.64,0.24247,0.83971,0.2355,0.04891,1.23433,0.16181,-0.05283,1.41807,0.0743,0.1755,1.19011,0.00369,0.05143,1.09176,-0.18115,-0.08329,1.25455,-0.02151,-0.12283,1.42133,0.01995,-0.04606,1.1406,0.32047,-0.18329,0.95341,0.24726,-0.26397,1.17434,0.12555,-0.27184,1.27542,-0.01874,0.24315,0.76963,0.14378,0.21675,0.36823,0.14588,0.44036,0.16192,0.41181,0.37479,-0.04673,0.36832,0.15631,0.76987,0.26748,0.00271,0.43004,0.11668,0.14278,0.05457,0.16855,-0.02979,-0.04558,0.06895
27.66,0.2464,0.82532,0.2403,0.05117,1.21822,0.16201,-0.05037,1.40107,0.07242,0.17947,1.17365,0.00538,0.05643,1.073,-0.17891,-0.0794,1.23654,-0.021,-0.11968,1.40303,0.02092,-0.04469,1.12506,0.32047,-0.18202,0.93832,0.2463,-0.25911,1.16176,0.12687,-0.26287,1.26303,-0.01745,0.24758,0.7548,0.14893,0.21614,0.35381,0.14241,0.44131,0.15841,0.41518,0.37404,-0.04978,0.3721,0.15975,0.75593,0.27192,-0.00392,0.42346,0.11539,0.14299,0.05096,0.16961,-0.02766,-0.05213,0.06973
27.68,0.25056,0.81109,0.24529,0.05352,1.20212,0.16227,-0.04784,1.38397,0.07047,0.18361,1.15727,0.00721,0.06168,1.05427,-0.17651,-0.07546,1.21848,-0.02044,-0.1165,1.38464,0.02207,-0.04325,1.10946,0.32047,-0.18072,0.92324,0.24527,-0.25406,1.14932,0.12847,-0.25347,1.25078,-0.01576,0.25232,0.74008,0.1543,0.21606,0.33975,0.13886,0.44147,0.15549,0.41908,0.37214,-0.05192,0.37552,0.16336,0.74219,0.27647,-0.01037,0.4175,0.11456,0.14379,0.04816,0.17034,-0.02444,-0.05789,0.06946
27.7,0.25409,0.79613,0.24981,0.0559,1.18563,0.16245,-0.04511,1.36665,0.06865,0.18752,1.14035,0.00881,0.06665,1.03514,-0.17437,-0.07146,1.20012,-0.01997,-0.11327,1.36599,0.02291,-0.04177,1.09358,0.32046,-0.1791,0.90763,0.24434,-0.24932,1.13574,0.12961,-0.24505,1.2372,-0.01456,0.25622,0.72472,0.15915,0.21484,0.32533,0.13468,0.44139,0.15304,0.42153,0.37068,-0.05421,0.37938,0.16646,0.72765,0.28071,-0.01663,0.41128,0.11275,0.14487,0.04535,0.17015,-0.02173,-0.06362,0.06967
27.72,0.25614,0.77968,0.25323,0.05815,1.16848,0.16238,-0.04216,1.34918,0.06722,0.19063,1.12235,0.00974,0.07071,1.01511,-0.17288,-0.06733,1.18123,-0.01964,-0.11,1.34696,0.02291,-0.04032,1.07734,0.32042,-0.17682,0.89096,0.24386,-0.24537,1.11977,0.12949,-0.23915,1.22075,-0.01495,0.25809,0.70811,0.16269,0.21062,0.31002,0.1297,0.44208,0.15087,0.42018,0.37177,-0.05774,0.38461,0.16846,0.71136,0.28433,-0.02239,0.40402,0.10843,0.14558,0.04159,0.16939,-0.02188,-0.06996,0.07326
27.74,0.25757,0.76257,0.25616,0.06035,1.15102,0.16223,-0.03913,1.33157,0.06591,0.19346,1.10391,0.01044,0.07444,0.9948,-0.17166,-0.0632,1.16214,-0.0194,-0.1067,1.32779,0.02264,-0.0389,1.06088,0.32035,-0.17432,0.87384,0.24346,-0.2418,1.10284,0.12884,-0.23428,1.20323,-0.01595,0.25915,0.69092,0.16567,0.20517,0.29444,0.12431,0.44272,0.14922,0.41716,0.37373,-0.06109,0.39,0.16995,0.69433,0.28764,-0.02804,0.39649,0.10348,0.14594,0.0377,0.16894,-0.02342,-0.07585,0.07866
27.76,0.25922,0.74572,0.25925,0.06257,1.13368,0.16214,-0.03615,1.31398,0.06457,0.19642,1.08568,0.01128,0.07828,0.97475,-0.17029,-0.0591,1.14324,-0.01908,-0.10337,1.30878,0.0226,-0.03749,1.04446,0.32028,-0.17196,0.85692,0.24296,-0.23812,1.08636,0.12844,-0.22901,1.18625,-0.0166,0.26054,0.67395,0.16886,0.20034,0.27933,0.11915,0.44278,0.14802,0.41455,0.37487,-0.06346,0.39471,0.1716,0.67761,0.291,-0.03341,0.38955,0.09915,0.14641,0.0345,0.16911,-0.0244,-0.08067,0.08374
27.78,0.2611,0.72895,0.26261,0.06472,1.11615,0.16196,-0.03324,1.29619,0.06317,0.19931,1.0672,0.01206,0.08228,0.95391,-0.16877,-0.05494,1.12366,-0.0188,-0.10023,1.28906,0.0223,-0.03604,1.02793,0.32022,-0.16928,0.83957,0.24277,-0.23432,1.06926,0.12812,-0.22371,1.16845,-0.01729,0.26208,0.6571,0.17227,0.19522,0.26471,0.11412,0.44242,0.14747,0.41149,0.37532,-0.06483,0.39913,0.17355,0.66092,0.29471,-0.03824,0.38324,0.09506,0.14691,0.03196,0.16997,-0.02578,-0.08403,0.08962
27.8,0.26236,0.71191,0.26529,0.06697,1.0989,0.16196,-0.0302,1.2787,0.06195,0.20224,1.04913,0.01295,0.08586,0.93463,-0.16753,-0.05094,1.10543,-0.01838,-0.0967,1.27074,0.02255,-0.03469,1.01151,0.32011,-0.16719,0.82292,0.24198,-0.23088,1.0531,0.12757,-0.2188,1.15197,-0.01795,0.26312,0.6399,0.17508,0.1905,0.24981,0.10892,0.44172,0.14697,0.40826,0.37641,-0.06618,0.40303,0.17476,0.64405,0.29764,-0.04329,0.37656,0.09095,0.14718,0.0293,0.17107,-0.027,-0.08752,0.09529
27.82,0.26208,0.69413,0.26628,0.06961,1.08247,0.16253,-0.02669,1.26198,0.06116,0.20548,1.03218,0.01425,0.08844,0.91966,-0.16706,-0.04733,1.09097,-0.01756,-0.09203,1.25633,0.02434,-0.03352,0.99538,0.31988,-0.16686,0.80837,0.23939,-0.22819,1.03989,0.1264,-0.21445,1.13945,-0.01851,0.26302,0.62168,0.17642,0.18727,0.23346,0.10315,0.44068,0.14563,0.4054,0.3795,-0.06881,0.4063,0.17409,0.62674,0.29853,-0.04938,0.36823,0.08625,0.1473,0.02567,0.17143,-0.02671,-0.09353,0.09905
27.84,0.2612,0.67614,0.26661,0.07238,1.06639,0.16333,-0.02297,1.24563,0.06059,0.20881,1.0157,0.01569,0.09072,0.90632,-0.16685,-0.04381,1.0779,-0.01654,-0.08694,1.24332,0.02675,-0.03241,0.97942,0.31965,-0.16706,0.79465,0.23621,-0.22573,1.02774,0.12504,-0.21031,1.12835,-0.01897,0.26244,0.60317,0.17718,0.18464,0.21669,0.09716,0.43921,0.14417,0.40249,0.3831,-0.07154,0.40929,0.17271,0.60931,0.29864,-0.05562,0.35944,0.08127,0.14745,0.02193,0.17145,-0.02577,-0.10014,0.10203
27.86,0.2606,0.65832,0.2672,0.0751,1.0502,0.16405,-0.0193,1.22916,0.05997,0.21209,0.99904,0.01709,0.09323,0.89227,-0.1665,-0.04018,1.06418,-0.01556,-0.08203,1.2296,0.02895,-0.03125,0.96344,0.31942,-0.16688,0.78061,0.23335,-0.22308,1.01509,0.12383,-0.20601,1.11656,-0.01938,0.26207,0.58488,0.17816,0.18197,0.20035,0.0913,0.43724,0.14318,0.39928,0.38576,-0.07342,0.41208,0.17167,0.592,0.29908,-0.06128,0.3512,0.07643,0.1478,0.01881,0.17178,-0.02484,-0.10567,0.10525
27.88,0.25996,0.64012,0.26794,0.07789,1.03362,0.16487,-0.01555,1.21225,0.05935,0.21553,0.98203,0.01868,0.09589,0.87814,-0.16605,-0.03647,1.05031,-0.01448,-0.0769,1.21576,0.03125,-0.03014,0.94707,0.3192,-0.1668,0.76642,0.23021,-0.2203,1.00235,0.12247,-0.20139,1.10465,-0.01991,0.26171,0.56618,0.17932,0.17932,0.18384,0.08525,0.43457,0.14242,0.39576,0.38773,-0.07478,0.41469,0.17054,0.57435,0.29959,-0.06659,0.34298,0.07143,0.1484,0.01604,0.17231,-0.02364,-0.11073,0.10858
27.9,0.25926,0.62271,0.26821,0.08061,1.01789,0.1656,-0.01182,1.19633,0.05887,0.21872,0.96586,0.02001,0.09841,0.86465,-0.16577,-0.03279,1.03704,-0.01345,-0.07204,1.20238,0.03365,-0.02892,0.93154,0.31898,-0.16645,0.75282,0.22746,-0.21763,0.99004,0.12144,-0.19722,1.09331,-0.02003,0.26118,0.54832,0.17997,0.17719,0.16795,0.07953,0.43176,0.14181,0.39225,0.38964,-0.07577,0.41703,0.16943,0.55744,0.29973,-0.07163,0.33517,0.06668,0.14885,0.01358,0.17274,-0.02233,-0.11549,0.11139
27.92,0.25847,0.60744,0.26732,0.08305,1.00437,0.16588,-0.00833,1.18302,0.05861,0.22109,0.95187,0.02039,0.10041,0.85232,-0.16604,-0.02931,1.02496,-0.01275,-0.0681,1.18993,0.03602,-0.02747,0.91826,0.31868,-0.1654,0.7405,0.22591,-0.21539,0.9786,0.12131,-0.1945,1.08313,-0.01917,0.26024,0.53275,0.17933,0.17586,0.15361,0.07468,0.42943,0.14117,0.38905,0.39219,-0.07665,0.41895,0.16846,0.5425,0.29901,-0.0767,0.32827,0.06274,0.14861,0.01138,0.17271,-0.02122,-0.12026,0.11306
27.94,0.25764,0.59301,0.26596,0.08543,0.99172,0.166,-0.00489,1.17072,0.05842,0.2232,0.93874,0.02042,0.10223,0.84057,-0.16655,-0.02589,1.01344,-0.01218,-0.06445,1.17793,0.03837,-0.0259,0.90584,0.31834,-0.16412,0.72874,0.22473,-0.2133,0.96758,0.12144,-0.19227,1.0735,-0.01798,0.25916,0.51808,0.17817,0.17488,0.13986,0.07017,0.4271,0.1405,0.38587,0.39479,-0.07739,0.42062,0.16753,0.52834,0.29793,-0.08169,0.32174,0.05913,0.14814,0.00933,0.17252,-0.02009,-0.12496,0.11428
27.96,0.25685,0.57829,0.26481,0.08788,0.97872,0.1662,-0.00139,1.15799,0.05819,0.22547,0.92527,0.02062,0.1042,0.82864,-0.16696,-0.02241,1.00171,-0.01157,-0.06063,1.16574,0.0407,-0.02437,0.89308,0.318,-0.16292,0.71681,0.22334,-0.21109,0.95644,0.12141,-0.18973,1.06366,-0.01695,0.25816,0.5031,0.17724,0.17383,0.12596,0.06556,0.42424,0.13991,0.38239,0.3967,-0.07778,0.42217,0.1666,0.51392,0.297,-0.08639,0.31525,0.05546,0.14787,0.00752,0.17256,-0.01882,-0.1293,0.11578
27.98,0.25595,0.56319,0.26368,0.09032,0.96534,0.16642,0.00215,1.1449,0.058,0.22771,0.91138,0.02084,0.10617,0.81621,-0.16731,-0.01883,0.98953,-0.01089,-0.0567,1.15307,0.04315,-0.02284,0.87999,0.3177,-0.16168,0.70445,0.22208,-0.20886,0.94485,0.12151,-0.18727,1.05338,-0.01581,0.25706,0.48774,0.17633,0.1726,0.11177,0.06084,0.42089,0.13927,0.37846,0.39817,-0.07797,0.4234,0.16557,0.49912,0.2961,-0.09113,0.30868,0.05185,0.14763,0.00594,0.1728,-0.01738,-0.13349,0.11747
28,0.25527,0.54909,0.2624,0.09279,0.95285,0.16652,0.00565,1.13268,0.05771,0.23,0.89846,0.02093,0.10821,0.80483,-0.16783,-0.01539,0.97824,-0.0104,-0.05298,1.14128,0.04531,-0.02124,0.86774,0.31729,-0.16042,0.69305,0.22062,-0.20666,0.93418,0.12136,-0.18466,1.044,-0.01485,0.25615,0.47338,0.17527,0.17187,0.09841,0.05646,0.41751,0.13872,0.37477,0.39926,-0.07786,0.42463,0.16478,0.48531,0.29507,-0.09523,0.30263,0.04841,0.14739,0.00447,0.17296,-0.01605,-0.13728,0.1189
28.02,0.25515,0.53739,0.26078,0.09531,0.94254,0.16634,0.009,1.12253,0.05711,0.23241,0.88791,0.02074,0.11044,0.79619,-0.16884,-0.01239,0.96926,-0.01044,-0.04985,1.13183,0.04671,-0.01948,0.8575,0.31657,-0.15926,0.68409,0.2185,-0.20458,0.9259,0.12049,-0.18151,1.03702,-0.01448,0.25577,0.46144,0.17386,0.17233,0.087,0.05279,0.41463,0.13845,0.37206,0.40005,-0.07738,0.42622,0.16456,0.4739,0.29374,-0.09804,0.2977,0.04511,0.14715,0.00293,0.17271,-0.01517,-0.14045,0.11958
28.04,0.25526,0.52671,0.25902,0.09785,0.93315,0.16602,0.01231,1.11325,0.05639,0.23487,0.87835,0.02041,0.11276,0.78861,-0.17004,-0.00952,0.96121,-0.01069,-0.04693,1.12331,0.0478,-0.01764,0.84813,0.31573,-0.1581,0.67611,0.21617,-0.20254,0.91857,0.11936,-0.17819,1.03097,-0.01432,0.25559,0.45051,0.17231,0.17327,0.07642,0.04944,0.4119,0.13825,0.36962,0.40062,-0.07672,0.42785,0.16458,0.4635,0.29228,-0.10029,0.29325,0.04193,0.1469,0.00139,0.17233,-0.01446,-0.14335,0.11998
28.06,0.2553,0.51566,0.25733,0.10041,0.92338,0.16573,0.01567,1.10361,0.0557,0.23734,0.86838,0.02012,0.1151,0.78055,-0.17113,-0.00654,0.95274,-0.01086,-0.04386,1.11437,0.04897,-0.01582,0.83843,0.31491,-0.15688,0.66774,0.21393,-0.20043,0.91083,0.11833,-0.17492,1.02448,-0.01408,0.25535,0.43922,0.17084,0.17403,0.06556,0.046,0.40885,0.13793,0.36679,0.40085,-0.076,0.42922,0.16453,0.45274,0.29089,-0.10259,0.28868,0.03879,0.1467,-4e-05,0.17213,-0.01362,-0.14622,0.12061
28.08,0.25518,0.5042,0.2556,0.10295,0.91326,0.16554,0.01906,1.09362,0.05505,0.23977,0.85805,0.0199,0.11747,0.77231,-0.17225,-0.00358,0.94403,-0.01103,-0.04084,1.10513,0.05026,-0.01405,0.82838,0.31415,-0.15573,0.65911,0.21165,-0.19833,0.90286,0.1173,-0.17156,1.0178,-0.01374,0.25496,0.42752,0.16932,0.17468,0.05434,0.0424,0.40541,0.13756,0.36352,0.40074,-0.07515,0.4303,0.16433,0.44156,0.28946,-0.10494,0.28396,0.03553,0.14653,-0.00137,0.17203,-0.01267,-0.14907,0.12136
28.1,0.25546,0.49386,0.25393,0.10559,0.90406,0.1651,0.02245,1.08453,0.05423,0.24237,0.84865,0.0195,0.11993,0.76464,-0.17334,-0.00052,0.93598,-0.01127,-0.0377,1.09666,0.05116,-0.01212,0.81927,0.3132,-0.15437,0.65128,0.20939,-0.19612,0.8956,0.11615,-0.16823,1.01167,-0.01365,0.25496,0.41694,0.16787,0.17569,0.04413,0.03922,0.40229,0.13718,0.36059,0.40046,-0.07426,0.43142,0.16452,0.43151,0.28809,-0.10671,0.27982,0.03265,0.14643,-0.00267,0.17196,-0.01187,-0.15159,0.12204
28.12,0.25675,0.48618,0.25246,0.10846,0.89705,0.16405,0.02585,1.07763,0.05297,0.24537,0.84144,0.01865,0.12261,0.75822,-0.17432,0.00285,0.92939,-0.01156,-0.03426,1.08998,0.05113,-0.00986,0.81238,0.31174,-0.15253,0.64517,0.20726,-0.19371,0.88988,0.11476,-0.16515,1.00667,-0.01424,0.25596,0.40899,0.16664,0.1777,0.03628,0.03708,0.40034,0.13685,0.35896,0.40035,-0.07349,0.433,0.1657,0.42415,0.28692,-0.10722,0.27694,0.03067,0.14651,-0.00411,0.17179,-0.01146,-0.15357,0.12244
28.14,0.25844,0.47962,0.25106,0.11142,0.89097,0.16277,0.02923,1.07165,0.05154,0.24852,0.83516,0.01761,0.12534,0.75237,-0.17527,0.0063,0.92346,-0.01191,-0.03072,1.08411,0.05071,-0.00745,0.80645,0.3101,-0.15051,0.63985,0.20517,-0.1912,0.88487,0.11328,-0.16213,1.00223,-0.01509,0.25737,0.40216,0.16549,0.18005,0.02945,0.03537,0.39884,0.13656,0.35777,0.40025,-0.07274,0.4347,0.16729,0.41793,0.28582,-0.1072,0.27462,0.02903,0.14667,-0.00558,0.17158,-0.01121,-0.15529,0.12273
28.16,0.25998,0.47263,0.24962,0.11437,0.88453,0.16156,0.03261,1.06529,0.05015,0.25161,0.82851,0.01663,0.12805,0.7463,-0.17626,0.00972,0.9173,-0.01228,-0.02721,1.07793,0.05042,-0.00507,0.80017,0.30852,-0.14854,0.63427,0.20305,-0.18868,0.87962,0.11181,-0.15901,0.99761,-0.01585,0.25861,0.3949,0.1643,0.18218,0.02225,0.03348,0.39707,0.13622,0.35616,0.39996,-0.07193,0.43613,0.16872,0.41126,0.28469,-0.1073,0.27213,0.02726,0.14686,-0.00698,0.17143,-0.01084,-0.15705,0.12309
28.18,0.2614,0.46531,0.24822,0.11724,0.87778,0.16045,0.03605,1.05869,0.04885,0.25471,0.82159,0.01579,0.13085,0.74001,-0.17717,0.01318,0.91078,-0.01249,-0.02373,1.07139,0.0503,-0.00284,0.79354,0.30695,-0.14664,0.62831,0.20088,-0.18631,0.874,0.11037,-0.15609,0.99266,-0.01653,0.25976,0.38731,0.16315,0.1846,0.01467,0.03156,0.39519,0.13576,0.35448,0.39964,-0.07113,0.43757,0.17003,0.40428,0.28358,-0.10747,0.26942,0.02545,0.14712,-0.00842,0.17129,-0.01033,-0.15893,0.12348
28.2,0.26317,0.45895,0.24676,0.12031,0.87189,0.15908,0.0394,1.05281,0.0473,0.25785,0.81543,0.0146,0.13351,0.73429,-0.17824,0.0166,0.90513,-0.01308,-0.02014,1.06577,0.04971,-0.00024,0.78787,0.30532,-0.14453,0.62332,0.19883,-0.18358,0.8693,0.10882,-0.15275,0.98847,-0.01745,0.26122,0.38068,0.16194,0.18651,0.00815,0.02982,0.39355,0.13543,0.35265,0.39909,-0.07024,0.43865,0.17171,0.39824,0.28245,-0.1072,0.26733,0.02381,0.14738,-0.00972,0.17117,-0.01,-0.16043,0.12383
28.22,0.26575,0.45477,0.24509,0.12385,0.86797,0.15709,0.04247,1.04857,0.04513,0.26104,0.81097,0.01249,0.13566,0.72986,-0.17968,0.01983,0.90153,-0.01462,-0.0163,1.06241,0.04793,0.00327,0.78445,0.3036,-0.14194,0.62073,0.1971,-0.17986,0.86688,0.10708,-0.14818,0.98619,-0.01886,0.26338,0.37627,0.1605,0.18679,0.0041,0.02842,0.39241,0.13556,0.35048,0.39805,-0.06907,0.43893,0.17427,0.39436,0.28123,-0.10608,0.26668,0.02254,0.14749,-0.01068,0.17108,-0.01029,-0.16109,0.12408
28.24,0.26867,0.45154,0.24337,0.12756,0.8649,0.15485,0.04542,1.04505,0.04272,0.26427,0.80727,0.01005,0.13766,0.726,-0.18126,0.02301,0.8988,-0.01655,-0.01236,1.05997,0.04568,0.00714,0.78198,0.30182,-0.13916,0.61911,0.19551,-0.1758,0.86536,0.10522,-0.14322,0.98464,-0.02051,0.26583,0.37281,0.15901,0.18656,0.0011,0.02721,0.39159,0.13588,0.34827,0.39696,-0.06778,0.43894,0.1772,0.39142,0.28001,-0.10455,0.26661,0.02144,0.14758,-0.01149,0.17101,-0.01078,-0.16138,0.12429
28.26,0.27144,0.44797,0.2417,0.13118,0.86152,0.15271,0.0484,1.04126,0.04039,0.26748,0.8033,0.00776,0.13977,0.72195,-0.18278,0.0262,0.89574,-0.01836,-0.00849,1.05714,0.04363,0.01082,0.77915,0.30005,-0.13646,0.61709,0.19386,-0.17195,0.86344,0.10338,-0.13851,0.98273,-0.02212,0.26817,0.36901,0.15757,0.18662,-0.00228,0.02597,0.39075,0.13611,0.34607,0.39598,-0.06652,0.43902,0.17997,0.38814,0.27881,-0.10313,0.26632,0.02028,0.14774,-0.01234,0.17094,-0.01113,-0.16179,0.12453
28.28,0.2742,0.44403,0.23992,0.13483,0.85781,0.15057,0.05144,1.03718,0.03814,0.27067,0.799,0.00542,0.14171,0.71761,-0.18427,0.02943,0.89239,-0.02001,-0.00455,1.05411,0.04154,0.01458,0.77598,0.2983,-0.13375,0.61487,0.19214,-0.16788,0.86139,0.1016,-0.13347,0.98077,-0.02355,0.27046,0.36483,0.15603,0.1865,-0.00598,0.0246,0.3897,0.13644,0.34352,0.39488,-0.06503,0.43897,0.18274,0.3845,0.27753,-0.1018,0.26588,0.01909,0.14787,-0.01321,0.17093,-0.01144,-0.16229,0.12488
28.3,0.27706,0.44108,0.23836,0.13844,0.85497,0.14836,0.05432,1.03385,0.03568,0.27388,0.79554,0.00309,0.14395,0.714,-0.18586,0.03257,0.88982,-0.02211,-0.00072,1.05172,0.03938,0.01828,0.77373,0.29648,-0.131,0.6133,0.19061,-0.16415,0.85979,0.09963,-0.129,0.97905,-0.02543,0.27291,0.36167,0.15469,0.18664,-0.00872,0.02359,0.38926,0.13668,0.34153,0.39412,-0.06383,0.43899,0.1856,0.38182,0.27641,-0.10008,0.2659,0.01801,0.14815,-0.01394,0.17085,-0.01178,-0.16245,0.12509
28.32,0.28008,0.44061,0.23737,0.14184,0.85432,0.14599,0.05682,1.03235,0.03264,0.27716,0.79425,0.00087,0.14705,0.71223,-0.18775,0.03537,0.88916,-0.0254,0.00259,1.05072,0.03723,0.02167,0.77373,0.29445,-0.12818,0.61321,0.18952,-0.16154,0.85914,0.09711,-0.12635,0.97776,-0.02854,0.2757,0.36108,0.15382,0.18762,-0.00912,0.02341,0.39032,0.13659,0.34115,0.39422,-0.06358,0.43936,0.18863,0.3815,0.27566,-0.09748,0.26697,0.01712,0.14871,-0.01437,0.17049,-0.01223,-0.1618,0.12479
28.34,0.28318,0.44109,0.23659,0.14519,0.85451,0.14355,0.05917,1.03156,0.02941,0.28045,0.79377,-0.00134,0.15042,0.71116,-0.18975,0.03807,0.88923,-0.02914,0.00572,1.05029,0.035,0.02498,0.77459,0.29235,-0.12535,0.61374,0.18862,-0.1593,0.85891,0.09441,-0.12431,0.9767,-0.03208,0.27863,0.36148,0.15313,0.18886,-0.00862,0.02354,0.39192,0.1364,0.34138,0.39462,-0.06365,0.43985,0.19173,0.38209,0.27506,-0.09455,0.26845,0.01631,0.14936,-0.01468,0.17004,-0.01274,-0.16084,0.1243
28.36,0.28624,0.44113,0.23573,0.14855,0.85431,0.14116,0.06157,1.03043,0.02632,0.28372,0.7929,-0.00355,0.15364,0.70975,-0.19168,0.04085,0.88897,-0.03265,0.00893,1.0496,0.03274,0.02833,0.77506,0.2903,-0.12257,0.61403,0.18766,-0.15688,0.85852,0.09184,-0.12197,0.97556,-0.03536,0.28149,0.36141,0.15239,0.18995,-0.00852,0.02356,0.39325,0.1363,0.34134,0.39487,-0.06353,0.44032,0.1948,0.38227,0.27443,-0.09177,0.26974,0.01551,0.14994,-0.01503,0.16967,-0.01323,-0.15999,0.12393
28.38,0.28934,0.44123,0.23484,0.15193,0.85414,0.13873,0.064,1.02929,0.02312,0.28703,0.7921,-0.00576,0.15697,0.70836,-0.19364,0.04351,0.88861,-0.03627,0.01162,1.04861,0.03069,0.03166,0.77554,0.28819,-0.1196,0.61418,0.18662,-0.15454,0.85791,0.08913,-0.11979,0.97423,-0.03878,0.28443,0.36143,0.15158,0.19118,-0.00834,0.02354,0.39471,0.13615,0.34132,0.39519,-0.06345,0.44074,0.1979,0.38247,0.27371,-0.08891,0.27106,0.01458,0.15058,-0.01534,0.16921,-0.01367,-0.15907,0.12349
28.4,0.29236,0.44143,0.23404,0.15524,0.85407,0.13635,0.06632,1.02829,0.0201,0.29023,0.79134,-0.00796,0.1601,0.70709,-0.19558,0.04639,0.88858,-0.03981,0.01507,1.04828,0.02813,0.03498,0.77616,0.28617,-0.11701,0.61476,0.18577,-0.15216,0.85781,0.08667,-0.11745,0.97331,-0.042,0.28721,0.3615,0.15092,0.1922,-0.00809,0.02367,0.39603,0.13611,0.34139,0.39545,-0.06327,0.44126,0.20093,0.38284,0.27316,-0.08615,0.27242,0.01391,0.15108,-0.01566,0.16889,-0.01423,-0.15816,0.12313
28.42,0.29518,0.44171,0.23343,0.15845,0.85408,0.13406,0.06838,1.02756,0.01759,0.29312,0.79051,-0.01017,0.16265,0.70601,-0.19744,0.04998,0.88934,-0.04308,0.02102,1.04977,0.02417,0.03832,0.77701,0.28443,-0.1155,0.61649,0.18541,-0.14958,0.85911,0.08487,-0.11448,0.97354,-0.04463,0.28955,0.36151,0.15061,0.19262,-0.00786,0.02413,0.39686,0.13639,0.34157,0.39548,-0.06269,0.44203,0.20373,0.38348,0.27306,-0.08376,0.27388,0.01392,0.15117,-0.01603,0.16899,-0.01509,-0.15736,0.12306
28.44,0.2979,0.44205,0.23288,0.16157,0.85413,0.13179,0.07032,1.02694,0.01524,0.29586,0.78967,-0.01239,0.16497,0.70502,-0.19929,0.05377,0.89037,-0.04628,0.0278,1.05183,0.01972,0.04163,0.77797,0.28277,-0.11435,0.61863,0.18521,-0.14697,0.86087,0.08329,-0.11134,0.97415,-0.04708,0.29173,0.36152,0.15041,0.19284,-0.00759,0.02471,0.39754,0.13678,0.3418,0.39543,-0.06199,0.44286,0.20644,0.38425,0.2731,-0.0815,0.27535,0.01416,0.15112,-0.01641,0.16922,-0.01606,-0.15659,0.12308
28.46,0.30064,0.44236,0.2323,0.16468,0.85415,0.12953,0.07229,1.02625,0.01283,0.29863,0.78883,-0.01459,0.16735,0.70399,-0.20113,0.05741,0.89123,-0.04951,0.03411,1.05348,0.01553,0.04491,0.77885,0.28107,-0.11299,0.62055,0.18493,-0.14439,0.86236,0.08161,-0.10833,0.97453,-0.0496,0.29396,0.36154,0.15016,0.19317,-0.00732,0.02524,0.39829,0.13714,0.342,0.39544,-0.06131,0.44366,0.20917,0.38495,0.27307,-0.07919,0.27679,0.01429,0.15114,-0.01676,0.16939,-0.01695,-0.15579,0.12308
28.48,0.30349,0.44273,0.23175,0.16787,0.85419,0.12721,0.07423,1.02555,0.01043,0.30146,0.78799,-0.01684,0.1698,0.70291,-0.20301,0.06125,0.89212,-0.05285,0.04088,1.05514,0.01124,0.04829,0.77979,0.27935,-0.11172,0.62271,0.18473,-0.14183,0.86406,0.07997,-0.10538,0.97502,-0.05215,0.29627,0.36159,0.14997,0.19348,-0.007,0.0259,0.39908,0.13756,0.34231,0.39546,-0.06056,0.44459,0.21201,0.38575,0.2731,-0.07675,0.27833,0.01445,0.15113,-0.01709,0.16965,-0.0179,-0.1549,0.12311
28.5,0.30609,0.44297,0.23115,0.17084,0.85413,0.125,0.07616,1.02485,0.0081,0.30409,0.78711,-0.01898,0.17203,0.7019,-0.2048,0.06473,0.89287,-0.05598,0.04692,1.0566,0.00707,0.05142,0.78059,0.27768,-0.11031,0.62447,0.1844,-0.13926,0.86537,0.07829,-0.10235,0.97529,-0.05458,0.29839,0.36156,0.14968,0.19381,-0.00678,0.02635,0.39979,0.13793,0.34245,0.39546,-0.05987,0.44532,0.21462,0.38636,0.27302,-0.07458,0.27961,0.01459,0.15115,-0.01743,0.16981,-0.01871,-0.15417,0.12312
28.52,0.30807,0.4428,0.23039,0.17332,0.85383,0.12307,0.0782,1.02411,0.0059,0.30632,0.78614,-0.02084,0.17372,0.70114,-0.20638,0.06722,0.8933,-0.05851,0.05084,1.05767,0.00324,0.05397,0.78095,0.27611,-0.10839,0.62501,0.18362,-0.13657,0.86553,0.07643,-0.09892,0.97486,-0.05672,0.30006,0.36127,0.14907,0.19426,-0.00687,0.02618,0.40036,0.13806,0.3421,0.39543,-0.05947,0.44546,0.21667,0.38635,0.27261,-0.07313,0.28021,0.01459,0.15134,-0.01785,0.16969,-0.01908,-0.1539,0.12308
28.54,0.3098,0.44249,0.22958,0.17559,0.85343,0.12124,0.08025,1.02337,0.00376,0.30836,0.78514,-0.0226,0.1752,0.70045,-0.20788,0.06935,0.89358,-0.06082,0.05398,1.05857,-0.00048,0.05626,0.78116,0.27459,-0.10634,0.62513,0.18269,-0.13389,0.86527,0.07451,-0.0954,0.97417,-0.05875,0.30152,0.3609,0.14835,0.19472,-0.00706,0.0258,0.40087,0.13811,0.34157,0.39539,-0.05917,0.44538,0.21848,0.38612,0.27208,-0.07197,0.28056,0.01456,0.15157,-0.01829,0.16948,-0.01931,-0.15382,0.12301
28.56,0.31163,0.44226,0.22881,0.17793,0.85307,0.11938,0.08227,1.02264,0.00162,0.31045,0.78416,-0.02439,0.17678,0.69969,-0.2094,0.07164,0.89388,-0.06323,0.05745,1.05946,-0.00423,0.05863,0.78143,0.27305,-0.10438,0.62543,0.18184,-0.13126,0.86518,0.07262,-0.092,0.97357,-0.06083,0.30307,0.36058,0.1477,0.19516,-0.00719,0.02554,0.4014,0.13821,0.34114,0.39536,-0.05881,0.44542,0.22038,0.38601,0.27163,-0.07069,0.28104,0.01457,0.15178,-0.01871,0.16932,-0.01961,-0.15364,0.12297
28.58,0.31352,0.44198,0.22796,0.18037,0.85268,0.11744,0.08435,1.02182,-0.00064,0.31263,0.78312,-0.02625,0.17834,0.69907,-0.21101,0.07399,0.89433,-0.06569,0.06114,1.06054,-0.00818,0.06112,0.78169,0.27146,-0.10233,0.62575,0.18091,-0.12844,0.86512,0.07068,-0.08831,0.97303,-0.0629,0.30467,0.36022,0.14696,0.19565,-0.00735,0.02521,0.40196,0.13831,0.34064,0.39533,-0.05843,0.44541,0.22235,0.38584,0.2711,-0.06934,0.28149,0.0145,0.15201,-0.01914,0.16913,-0.01989,-0.15345,0.12292
28.6,0.31523,0.44176,0.22727,0.18252,0.85231,0.11567,0.08628,1.02117,-0.00263,0.31458,0.78217,-0.02793,0.17989,0.69815,-0.21241,0.07612,0.8944,-0.06801,0.06418,1.0611,-0.01172,0.06331,0.78193,0.26999,-0.10042,0.62589,0.18012,-0.12602,0.86484,0.06884,-0.08523,0.97223,-0.06495,0.30611,0.35992,0.14638,0.19607,-0.00747,0.02499,0.40248,0.13841,0.34026,0.39532,-0.05808,0.44547,0.22413,0.38574,0.2707,-0.06818,0.28191,0.01458,0.1522,-0.01953,0.16901,-0.02015,-0.15331,0.12291
28.62,0.31657,0.44177,0.22698,0.18402,0.85207,0.11429,0.08784,1.02103,-0.00393,0.316,0.78148,-0.02915,0.18154,0.69637,-0.21329,0.07782,0.89348,-0.07004,0.06573,1.06033,-0.01425,0.06481,0.78217,0.26882,-0.09888,0.62567,0.17968,-0.12461,0.86406,0.06725,-0.08377,0.97081,-0.06704,0.30724,0.35982,0.14623,0.19637,-0.00741,0.02508,0.40294,0.13853,0.34023,0.39539,-0.0578,0.4457,0.22549,0.3859,0.27065,-0.06739,0.28236,0.01507,0.1523,-0.01981,0.16904,-0.02034,-0.15322,0.12295
28.64,0.31773,0.44184,0.22686,0.18523,0.85186,0.11308,0.08925,1.02107,-0.00494,0.3172,0.78086,-0.03017,0.18318,0.69429,-0.21395,0.07929,0.89218,-0.07191,0.06663,1.05906,-0.01632,0.06601,0.78238,0.2678,-0.09748,0.62526,0.1794,-0.1236,0.86305,0.0658,-0.08292,0.96913,-0.06908,0.30821,0.35977,0.14625,0.19661,-0.00729,0.02528,0.40335,0.13864,0.34032,0.39547,-0.05756,0.446,0.22665,0.38614,0.27074,-0.06679,0.2828,0.01572,0.15236,-0.02006,0.16913,-0.02051,-0.15318,0.12303
28.66,0.31896,0.44188,0.22667,0.18654,0.85162,0.11181,0.09071,1.02102,-0.00607,0.31849,0.78021,-0.03127,0.1848,0.69238,-0.2147,0.08083,0.89106,-0.07381,0.06778,1.05802,-0.01855,0.06733,0.78259,0.26673,-0.09604,0.62493,0.17906,-0.12242,0.86215,0.06432,-0.0818,0.96757,-0.07109,0.30923,0.3597,0.1462,0.19688,-0.0072,0.02543,0.40378,0.13877,0.34035,0.39555,-0.0573,0.44627,0.22789,0.38633,0.27077,-0.06611,0.28324,0.0163,0.15244,-0.02031,0.1692,-0.02068,-0.15311,0.1231
28.68,0.32026,0.44195,0.22644,0.18795,0.85142,0.11047,0.09224,1.021,-0.00724,0.31985,0.77957,-0.03243,0.18654,0.69033,-0.21546,0.08249,0.88987,-0.07585,0.06911,1.05693,-0.02099,0.06874,0.78284,0.2656,-0.0945,0.62463,0.17869,-0.12117,0.86122,0.06272,-0.08064,0.96593,-0.07326,0.31033,0.35965,0.14612,0.19717,-0.00709,0.0256,0.40424,0.1389,0.34039,0.39565,-0.05702,0.44656,0.2292,0.38657,0.27077,-0.06538,0.28371,0.01686,0.15252,-0.02057,0.16926,-0.02086,-0.15301,0.12315
28.7,0.32137,0.44196,0.22633,0.18909,0.85113,0.1093,0.09358,1.02093,-0.00826,0.32098,0.77891,-0.03341,0.18802,0.6885,-0.21611,0.08384,0.88869,-0.07754,0.06988,1.05577,-0.02287,0.06988,0.78297,0.26461,-0.0932,0.6242,0.17841,-0.12017,0.86024,0.06141,-0.07974,0.96435,-0.07506,0.31125,0.35955,0.14614,0.19739,-0.00701,0.02576,0.40463,0.13901,0.34044,0.39573,-0.05678,0.44682,0.23032,0.38673,0.27086,-0.0648,0.2841,0.01749,0.15257,-0.02081,0.16936,-0.02101,-0.15298,0.12324
28.72,0.32205,0.44175,0.22646,0.18964,0.85061,0.1085,0.09451,1.02067,-0.00899,0.32162,0.77814,-0.03401,0.18882,0.6873,-0.21661,0.08447,0.88761,-0.07833,0.06934,1.05448,-0.02336,0.07039,0.78273,0.2639,-0.09247,0.62343,0.17828,-0.11967,0.8592,0.0608,-0.07935,0.96299,-0.07595,0.3118,0.3593,0.14633,0.19747,-0.00708,0.02585,0.40481,0.13901,0.34041,0.39577,-0.05669,0.44693,0.23104,0.38658,0.27114,-0.06458,0.28425,0.01823,0.15261,-0.02108,0.16952,-0.02105,-0.15314,0.12336
28.74,0.32255,0.44146,0.2267,0.18994,0.85,0.10786,0.09525,1.02034,-0.00958,0.32205,0.77734,-0.03443,0.18937,0.68631,-0.21702,0.0848,0.88653,-0.07878,0.06828,1.05311,-0.02332,0.07064,0.78235,0.26333,-0.09196,0.6225,0.17823,-0.1194,0.85812,0.06048,-0.07921,0.96169,-0.07647,0.31219,0.35899,0.14661,0.19749,-0.00721,0.02592,0.40492,0.13897,0.34038,0.3958,-0.05667,0.44701,0.23158,0.38632,0.2715,-0.06451,0.28431,0.01902,0.15264,-0.02135,0.1697,-0.02104,-0.15338,0.12351
28.76,0.32312,0.44121,0.2269,0.19033,0.84944,0.10716,0.09605,1.02004,-0.01021,0.32256,0.77656,-0.03491,0.19003,0.68523,-0.21746,0.08525,0.88544,-0.07936,0.06748,1.05176,-0.0235,0.071,0.78203,0.26271,-0.09135,0.62164,0.17815,-0.11905,0.85704,0.06004,-0.07899,0.96036,-0.07714,0.31264,0.35871,0.14685,0.19754,-0.00731,0.026,0.40506,0.13896,0.34037,0.39585,-0.05662,0.44711,0.23219,0.38611,0.27183,-0.06437,0.2844,0.01978,0.15267,-0.02162,0.16988,-0.02105,-0.15358,0.12364
28.78,0.32375,0.44095,0.22707,0.1908,0.84884,0.10639,0.09693,1.01974,-0.01089,0.32313,0.77574,-0.03546,0.19071,0.68413,-0.21795,0.08578,0.88436,-0.08,0.06666,1.05037,-0.02366,0.07142,0.7817,0.26202,-0.09072,0.62079,0.17805,-0.11861,0.85598,0.05956,-0.07865,0.959,-0.07787,0.31314,0.35842,0.14707,0.19759,-0.00741,0.02608,0.40523,0.13894,0.34033,0.39588,-0.05655,0.4472,0.23286,0.38589,0.27215,-0.06422,0.28452,0.02059,0.1527,-0.0219,0.17004,-0.02107,-0.15378,0.12378
28.8,0.3242,0.44069,0.22732,0.19104,0.84827,0.10582,0.0976,1.01942,-0.01144,0.32351,0.775,-0.03582,0.19127,0.68312,-0.2183,0.08605,0.88326,-0.08045,0.06575,1.049,-0.02373,0.07162,0.78134,0.2615,-0.0902,0.61986,0.17801,-0.11841,0.85487,0.05923,-0.07862,0.95771,-0.07838,0.31349,0.35813,0.14736,0.19761,-0.00752,0.02616,0.40532,0.13891,0.34032,0.39592,-0.05653,0.44729,0.23335,0.38567,0.2725,-0.06413,0.28457,0.02129,0.15272,-0.02215,0.17024,-0.02107,-0.15399,0.12392
28.82,0.32421,0.44048,0.22773,0.19078,0.84782,0.10572,0.09776,1.01909,-0.01169,0.32341,0.77452,-0.03575,0.19152,0.68237,-0.21836,0.08567,0.88217,-0.08049,0.0647,1.0478,-0.02371,0.07131,0.78094,0.26138,-0.08992,0.61877,0.17809,-0.11881,0.85366,0.05925,-0.07938,0.95663,-0.07838,0.31352,0.35791,0.14778,0.19753,-0.00759,0.02622,0.40526,0.13888,0.34036,0.39593,-0.05657,0.44732,0.23334,0.38547,0.2729,-0.06416,0.2845,0.02166,0.15268,-0.02228,0.1705,-0.02103,-0.15417,0.12406
28.84,0.32403,0.44027,0.22822,0.1903,0.84739,0.10581,0.09771,1.01876,-0.01181,0.32312,0.77412,-0.0355,0.19164,0.68172,-0.21828,0.08502,0.88107,-0.08035,0.06355,1.04666,-0.02362,0.07077,0.7805,0.26143,-0.08976,0.6176,0.17823,-0.11944,0.8524,0.05941,-0.08046,0.9556,-0.07817,0.31339,0.3577,0.14826,0.19741,-0.00766,0.02629,0.40511,0.13884,0.34043,0.39592,-0.05664,0.44734,0.23313,0.38526,0.27333,-0.06424,0.28436,0.02191,0.15262,-0.02238,0.17081,-0.02098,-0.15435,0.1242
28.86,0.32391,0.44005,0.22868,0.18989,0.84694,0.10583,0.09773,1.01842,-0.01197,0.32289,0.77368,-0.03532,0.19181,0.68101,-0.21824,0.08449,0.87997,-0.0803,0.06243,1.04548,-0.02357,0.0703,0.78007,0.26141,-0.08957,0.61645,0.17835,-0.11999,0.85114,0.0595,-0.08141,0.95453,-0.07806,0.31331,0.35748,0.14872,0.1973,-0.00775,0.02635,0.40498,0.13879,0.34049,0.39591,-0.05671,0.44736,0.23298,0.38505,0.27374,-0.06431,0.28423,0.0222,0.15257,-0.02249,0.17109,-0.02095,-0.15453,0.12434
28.88,0.32387,0.43984,0.22913,0.18955,0.8465,0.10581,0.09782,1.01807,-0.01218,0.3227,0.77322,-0.03518,0.19198,0.68032,-0.21825,0.08399,0.87885,-0.08021,0.06137,1.04427,-0.02346,0.06993,0.77966,0.26138,-0.08929,0.61533,0.17847,-0.12045,0.84992,0.05963,-0.08231,0.95351,-0.0779,0.31329,0.35726,0.14918,0.19721,-0.00782,0.02644,0.40492,0.13875,0.34055,0.39594,-0.05677,0.4474,0.23292,0.38485,0.27417,-0.06436,0.28413,0.02258,0.15251,-0.02263,0.1714,-0.02091,-0.15474,0.12449
28.9,0.32363,0.43961,0.22962,0.18904,0.84605,0.1059,0.09774,1.01775,-0.01224,0.32241,0.77282,-0.03491,0.19213,0.67961,-0.21814,0.08337,0.87776,-0.08015,0.06017,1.04313,-0.02348,0.06932,0.7792,0.2614,-0.0892,0.61414,0.1786,-0.12114,0.84862,0.05972,-0.08338,0.95237,-0.07778,0.31312,0.35703,0.14965,0.19709,-0.00791,0.02648,0.40471,0.13871,0.34061,0.39588,-0.05685,0.44741,0.23265,0.38462,0.27458,-0.06445,0.28397,0.02273,0.15246,-0.02271,0.17167,-0.02086,-0.1549,0.12461
28.92,0.32293,0.4393,0.23019,0.18815,0.84561,0.10622,0.09728,1.01751,-0.01194,0.32189,0.77253,-0.03431,0.19228,0.67879,-0.21774,0.08256,0.87672,-0.08021,0.05858,1.04212,-0.02394,0.06818,0.77861,0.26146,-0.08955,0.61276,0.17872,-0.12233,0.84704,0.05968,-0.0848,0.95081,-0.07787,0.31263,0.35677,0.15014,0.1969,-0.00805,0.02634,0.40417,0.13865,0.34067,0.39563,-0.05699,0.44734,0.23188,0.38423,0.27492,-0.06456,0.28363,0.02228,0.15247,-0.02268,0.17181,-0.02076,-0.15494,0.12462
28.94,0.32204,0.43895,0.2308,0.1871,0.84514,0.10665,0.09665,1.0173,-0.01148,0.32128,0.77227,-0.03358,0.19242,0.67792,-0.21723,0.08165,0.87569,-0.08029,0.05686,1.04115,-0.02455,0.06682,0.77795,0.26155,-0.09008,0.6113,0.17884,-0.12373,0.84535,0.0596,-0.08637,0.9491,-0.07802,0.312,0.35649,0.15065,0.19668,-0.00823,0.02615,0.4035,0.13858,0.34072,0.3953,-0.05716,0.44724,0.2309,0.38379,0.27524,-0.06469,0.2832,0.02161,0.15248,-0.02261,0.17193,-0.02064,-0.15496,0.12459
28.96,0.32122,0.43862,0.2314,0.1861,0.84469,0.10703,0.09608,1.01708,-0.01109,0.3207,0.77201,-0.0329,0.19256,0.67709,-0.21676,0.08078,0.87466,-0.08035,0.05522,1.04015,-0.02507,0.06554,0.77732,0.26164,-0.09054,0.60988,0.17897,-0.12503,0.84372,0.05955,-0.08788,0.94748,-0.07812,0.31141,0.35622,0.15116,0.19647,-0.00839,0.02599,0.40289,0.13852,0.34078,0.39502,-0.0573,0.44716,0.23,0.38338,0.27557,-0.06482,0.28282,0.02103,0.15249,-0.02256,0.17206,-0.02052,-0.15499,0.12458
28.98,0.32045,0.43829,0.23198,0.18516,0.84424,0.10739,0.09557,1.01685,-0.01071,0.32016,0.77174,-0.03225,0.19273,0.67623,-0.21629,0.07994,0.87361,-0.08046,0.05351,1.03914,-0.02569,0.06432,0.77669,0.26171,-0.09094,0.60846,0.17909,-0.12629,0.84206,0.05944,-0.08933,0.94577,-0.07831,0.31087,0.35595,0.15165,0.19629,-0.00855,0.02583,0.40228,0.13847,0.34085,0.39472,-0.05744,0.4471,0.22916,0.38296,0.2759,-0.06491,0.28245,0.02047,0.1525,-0.0225,0.1722,-0.02042,-0.155,0.12459
29,0.31954,0.43795,0.23261,0.18409,0.84378,0.10781,0.09491,1.01663,-0.01026,0.31952,0.77148,-0.03151,0.19284,0.67542,-0.21578,0.07904,0.87259,-0.08048,0.05193,1.03816,-0.02616,0.06294,0.77604,0.2618,-0.0915,0.60703,0.17923,-0.12769,0.84043,0.05944,-0.09092,0.94418,-0.07833,0.31022,0.35567,0.15219,0.19606,-0.00871,0.02567,0.40165,0.13841,0.3409,0.39444,-0.0576,0.44699,0.22816,0.38253,0.27624,-0.06506,0.28202,0.01984,0.15251,-0.02244,0.17235,-0.02029,-0.15504,0.12457
29.02,0.3183,0.43759,0.23339,0.1827,0.84329,0.10835,0.09395,1.01643,-0.00962,0.31865,0.77123,-0.03059,0.19274,0.67471,-0.21515,0.07803,0.87162,-0.08025,0.0508,1.03724,-0.02615,0.06117,0.77534,0.26195,-0.09247,0.60558,0.17946,-0.12938,0.83891,0.05976,-0.09281,0.94296,-0.07784,0.30931,0.35537,0.15287,0.19567,-0.00889,0.02552,0.40099,0.13833,0.34089,0.39423,-0.05782,0.44676,0.2268,0.38209,0.27665,-0.06537,0.28144,0.0191,0.15248,-0.02234,0.17253,-0.02009,-0.15517,0.12452
29.04,0.31693,0.43722,0.23421,0.1812,0.84281,0.10894,0.09285,1.01623,-0.00892,0.31768,0.771,-0.0296,0.19258,0.67405,-0.21449,0.07696,0.87068,-0.07994,0.0498,1.03635,-0.02598,0.05927,0.77461,0.26211,-0.0936,0.60411,0.1797,-0.1312,0.83743,0.06019,-0.09486,0.94186,-0.07718,0.3083,0.35506,0.15359,0.19523,-0.00908,0.02537,0.40031,0.13824,0.34084,0.39405,-0.05805,0.44648,0.22529,0.38164,0.27707,-0.06572,0.28081,0.0183,0.15244,-0.02224,0.17272,-0.01984,-0.15533,0.12444
29.06,0.31562,0.43685,0.23501,0.17975,0.84232,0.10951,0.09181,1.01602,-0.00825,0.31677,0.77075,-0.02864,0.19245,0.6734,-0.21384,0.07592,0.86973,-0.07966,0.0487,1.03546,-0.02588,0.05743,0.77389,0.26226,-0.09464,0.60264,0.17993,-0.13298,0.83591,0.06057,-0.09686,0.94067,-0.07661,0.30733,0.35475,0.1543,0.19482,-0.00926,0.02523,0.39965,0.13815,0.34082,0.39386,-0.05827,0.44623,0.22385,0.38119,0.27749,-0.06605,0.2802,0.01752,0.15242,-0.02214,0.17292,-0.01961,-0.15548,0.12439
29.08,0.31432,0.43648,0.23582,0.1783,0.84182,0.11005,0.09079,1.01583,-0.00756,0.31584,0.77049,-0.0277,0.19234,0.67261,-0.21317,0.07491,0.8687,-0.07941,0.04779,1.0345,-0.0258,0.0556,0.77317,0.2624,-0.09569,0.60119,0.18016,-0.13465,0.83442,0.06092,-0.09871,0.93955,-0.07602,0.30637,0.35443,0.15502,0.19443,-0.00944,0.02509,0.39899,0.13808,0.3408,0.39369,-0.05848,0.44598,0.22242,0.38074,0.27791,-0.06634,0.2796,0.01675,0.15239,-0.02204,0.17313,-0.01939,-0.15561,0.12434
29.1,0.31298,0.43612,0.23661,0.17684,0.84136,0.11064,0.08971,1.0156,-0.00691,0.31492,0.77029,-0.0267,0.1922,0.67213,-0.21254,0.07385,0.86788,-0.07909,0.04656,1.0337,-0.02562,0.05374,0.77246,0.26255,-0.09675,0.59973,0.18041,-0.13657,0.83291,0.06135,-0.10092,0.9383,-0.07547,0.30539,0.35414,0.15571,0.19401,-0.00962,0.02496,0.39834,0.138,0.34078,0.39352,-0.05869,0.44574,0.22095,0.38029,0.2783,-0.06668,0.27896,0.01597,0.15237,-0.02193,0.17334,-0.01912,-0.15577,0.1243
29.12,0.31153,0.43579,0.23735,0.17533,0.84099,0.11134,0.08846,1.01525,-0.00637,0.31399,0.77025,-0.02558,0.19195,0.67242,-0.21204,0.07261,0.86759,-0.07863,0.04434,1.03327,-0.02527,0.05177,0.77177,0.26273,-0.09788,0.59824,0.18074,-0.13907,0.83133,0.06198,-0.10387,0.93668,-0.07499,0.30434,0.35388,0.15633,0.19349,-0.00977,0.02486,0.39766,0.13789,0.34076,0.3933,-0.05894,0.44548,0.21937,0.37986,0.2786,-0.06717,0.27823,0.01518,0.15237,-0.02179,0.17352,-0.01876,-0.15602,0.12426
29.14,0.31005,0.43549,0.23806,0.17383,0.84069,0.11209,0.08716,1.01489,-0.00588,0.31309,0.77031,-0.02441,0.19169,0.67305,-0.21159,0.07132,0.86754,-0.07811,0.0418,1.03303,-0.02482,0.04978,0.77111,0.26292,-0.09902,0.59677,0.1811,-0.14183,0.82975,0.0627,-0.10723,0.93492,-0.07456,0.30327,0.35367,0.15692,0.19293,-0.0099,0.02478,0.39698,0.13779,0.34075,0.39308,-0.05918,0.44523,0.21775,0.37944,0.27885,-0.0677,0.27747,0.01438,0.1524,-0.02163,0.17369,-0.01834,-0.15629,0.12423
29.16,0.30858,0.43518,0.23877,0.17232,0.84038,0.11281,0.08588,1.01454,-0.00538,0.31217,0.77034,-0.02326,0.19144,0.67358,-0.21112,0.07007,0.86743,-0.07761,0.0394,1.03273,-0.02439,0.0478,0.77045,0.26309,-0.10015,0.59531,0.18144,-0.14455,0.82817,0.06338,-0.11056,0.93317,-0.07416,0.30221,0.35344,0.15752,0.1924,-0.01005,0.0247,0.39631,0.13768,0.34074,0.39287,-0.05943,0.44498,0.21615,0.37902,0.27911,-0.06821,0.27672,0.0136,0.15241,-0.02148,0.17388,-0.01794,-0.15655,0.12421
29.18,0.30711,0.43483,0.23956,0.17076,0.83998,0.11353,0.08458,1.01414,-0.00484,0.3112,0.77027,-0.0221,0.19117,0.67386,-0.21058,0.06875,0.86708,-0.07712,0.03697,1.03223,-0.02408,0.04579,0.76972,0.26328,-0.1013,0.59376,0.18184,-0.14692,0.82651,0.06403,-0.11313,0.93148,-0.07358,0.30116,0.35317,0.1582,0.19186,-0.0102,0.02464,0.39564,0.13758,0.34075,0.39267,-0.05966,0.44474,0.21455,0.37856,0.27943,-0.06867,0.27597,0.01281,0.15242,-0.02134,0.17411,-0.01755,-0.15679,0.12421
29.2,0.30564,0.43458,0.24016,0.16932,0.83977,0.11425,0.08331,1.01383,-0.0044,0.31035,0.77043,-0.02096,0.19093,0.67474,-0.2102,0.06755,0.86726,-0.07663,0.03453,1.03216,-0.02355,0.04386,0.76915,0.26342,-0.10239,0.59243,0.18211,-0.15005,0.82499,0.06475,-0.11739,0.92959,-0.07342,0.30009,0.353,0.15868,0.19133,-0.01032,0.02455,0.39497,0.13749,0.34073,0.39245,-0.05988,0.44449,0.21296,0.37819,0.27959,-0.06922,0.27521,0.01202,0.15243,-0.02115,0.17427,-0.01714,-0.15705,0.12421
29.22,0.3042,0.43458,0.24025,0.16824,0.84008,0.11496,0.08207,1.0137,-0.00422,0.30983,0.77118,-0.01989,0.1908,0.67717,-0.21021,0.06666,0.86883,-0.07609,0.03211,1.03319,-0.02234,0.04221,0.76899,0.26342,-0.1032,0.59166,0.18193,-0.15517,0.82383,0.06561,-0.12579,0.9271,-0.07428,0.29899,0.35309,0.15867,0.19085,-0.01034,0.02434,0.39433,0.1374,0.34065,0.39219,-0.0601,0.44417,0.21143,0.37808,0.2793,-0.07002,0.27445,0.01122,0.15245,-0.02089,0.17421,-0.01669,-0.15734,0.12418
29.24,0.30277,0.43468,0.24015,0.16729,0.84059,0.11566,0.08087,1.01366,-0.00414,0.30944,0.77215,-0.01883,0.19072,0.6802,-0.21037,0.06589,0.87091,-0.07553,0.0297,1.03464,-0.02092,0.04066,0.76899,0.26337,-0.10394,0.59111,0.18163,-0.16102,0.82272,0.0666,-0.13599,0.92428,-0.07537,0.29788,0.35328,0.15846,0.19037,-0.01033,0.0241,0.3937,0.13732,0.34055,0.39191,-0.0603,0.44385,0.20992,0.37806,0.27885,-0.07091,0.27368,0.01041,0.15246,-0.0206,0.17409,-0.01623,-0.15763,0.12415
29.26,0.30135,0.43474,0.24012,0.16629,0.84101,0.11634,0.07971,1.0136,-0.00402,0.30901,0.77302,-0.01778,0.19067,0.68298,-0.21045,0.06508,0.87275,-0.07499,0.02732,1.03587,-0.01965,0.03908,0.76893,0.26331,-0.10474,0.59048,0.18142,-0.16652,0.82148,0.06759,-0.14574,0.92133,-0.07627,0.29679,0.35342,0.15833,0.18989,-0.01033,0.02387,0.39307,0.13724,0.34045,0.39163,-0.06049,0.44353,0.20843,0.378,0.27846,-0.07173,0.27293,0.00958,0.15248,-0.02031,0.17399,-0.01577,-0.1579,0.12412
29.28,0.29987,0.43479,0.24013,0.16519,0.84141,0.11711,0.07834,1.01343,-0.00389,0.30845,0.77388,-0.01667,0.19046,0.68573,-0.21042,0.06421,0.87464,-0.07439,0.02476,1.03704,-0.01811,0.03741,0.76883,0.26334,-0.10543,0.5898,0.18105,-0.17203,0.82012,0.06858,-0.15438,0.9182,-0.0769,0.29564,0.35356,0.15823,0.18941,-0.01034,0.02365,0.39245,0.13716,0.34036,0.39138,-0.06071,0.4432,0.20687,0.37793,0.2781,-0.07264,0.27213,0.00883,0.15249,-0.02002,0.17391,-0.01529,-0.1582,0.12411
29.3,0.29852,0.43488,0.24002,0.16433,0.84189,0.11772,0.07742,1.01349,-0.00382,0.30816,0.77479,-0.01566,0.19059,0.68869,-0.21059,0.06349,0.87652,-0.07386,0.02257,1.03838,-0.01707,0.03595,0.76883,0.26318,-0.10632,0.58928,0.18101,-0.1776,0.81878,0.06975,-0.16575,0.91505,-0.07753,0.29461,0.35373,0.15802,0.18895,-0.01033,0.02342,0.39182,0.1371,0.34027,0.39108,-0.06087,0.44291,0.20544,0.37791,0.27764,-0.07337,0.27141,0.00793,0.1525,-0.0197,0.17382,-0.01487,-0.15842,0.12408
29.32,0.29754,0.43506,0.23963,0.16415,0.84251,0.11792,0.07768,1.01415,-0.00387,0.30862,0.77575,-0.01495,0.19165,0.69206,-0.21128,0.06327,0.87826,-0.0735,0.02147,1.04013,-0.0174,0.03501,0.76906,0.26251,-0.10776,0.5892,0.18188,-0.18346,0.81757,0.07122,-0.18562,0.91043,-0.07869,0.29391,0.35396,0.15758,0.18856,-0.01026,0.02316,0.39119,0.13714,0.34017,0.39069,-0.06088,0.44272,0.20438,0.37803,0.27694,-0.07358,0.27093,0.00659,0.15248,-0.01934,0.17372,-0.01459,-0.1584,0.12397
29.34,0.29669,0.43527,0.23912,0.16423,0.84318,0.11796,0.07839,1.01503,-0.00399,0.30935,0.77674,-0.01434,0.19305,0.6956,-0.21214,0.0632,0.87994,-0.07324,0.02068,1.04203,-0.01832,0.03427,0.76938,0.26164,-0.10938,0.58931,0.18309,-0.18926,0.81651,0.07295,-0.20792,0.90661,-0.07749,0.29331,0.3542,0.15702,0.1882,-0.01018,0.02287,0.39055,0.1372,0.34007,0.39024,-0.06084,0.44257,0.20344,0.37819,0.27615,-0.0736,0.27052,0.00509,0.15244,-0.01895,0.17361,-0.01438,-0.1583,0.12382
29.36,0.29578,0.43546,0.23865,0.16419,0.84382,0.11807,0.07891,1.01581,-0.00409,0.30994,0.77769,-0.0137,0.1943,0.69906,-0.21288,0.06302,0.88161,-0.07298,0.01966,1.04383,-0.01909,0.03345,0.76967,0.26085,-0.11091,0.58936,0.18416,-0.19483,0.81546,0.07476,-0.22781,0.90408,-0.07409,0.29267,0.35443,0.1565,0.18783,-0.01012,0.02258,0.38991,0.13725,0.33996,0.38981,-0.06083,0.44239,0.20245,0.37833,0.27539,-0.07371,0.27007,0.00366,0.1524,-0.01857,0.17349,-0.01416,-0.15824,0.12369
29.38,0.29485,0.43566,0.23822,0.1641,0.84447,0.11823,0.07933,1.01657,-0.00411,0.31052,0.77868,-0.01296,0.19562,0.70259,-0.21356,0.063,0.88334,-0.07259,0.01874,1.0456,-0.01958,0.03256,0.76992,0.26008,-0.11253,0.58945,0.18517,-0.20119,0.81408,0.07649,-0.25213,0.89675,-0.07072,0.292,0.35467,0.15602,0.1874,-0.01003,0.02235,0.38924,0.13731,0.33989,0.38938,-0.06081,0.44225,0.20144,0.37847,0.27466,-0.07382,0.26961,0.00226,0.15236,-0.0182,0.1734,-0.01392,-0.15818,0.12357
29.4,0.29402,0.43586,0.23768,0.16419,0.84512,0.11825,0.08008,1.01741,-0.00428,0.31121,0.77961,-0.01241,0.19697,0.70603,-0.21432,0.0627,0.88492,-0.07254,0.01761,1.0474,-0.0209,0.03189,0.77027,0.25923,-0.11398,0.58959,0.18638,-0.20568,0.81351,0.07874,-0.26612,0.90038,-0.06233,0.29143,0.35491,0.15544,0.18714,-0.00997,0.02199,0.38866,0.13736,0.33975,0.38895,-0.06079,0.44205,0.20053,0.37862,0.27383,-0.07385,0.26921,0.00077,0.15233,-0.01779,0.17327,-0.01371,-0.15807,0.12343
29.42,0.29343,0.43605,0.23685,0.16475,0.84581,0.11789,0.08168,1.01841,-0.00492,0.31219,0.78037,-0.01234,0.19833,0.70929,-0.21535,0.06161,0.88611,-0.07332,0.01598,1.0493,-0.02445,0.03177,0.77084,0.25815,-0.11495,0.58977,0.188,-0.20508,0.81505,0.0819,-0.25692,0.93038,-0.04101,0.29111,0.35513,0.15457,0.1874,-0.00996,0.02124,0.3883,0.13739,0.33938,0.38852,-0.06078,0.44164,0.19984,0.37877,0.27269,-0.0737,0.2689,-0.00103,0.15233,-0.01729,0.17301,-0.01348,-0.15783,0.12319
29.44,0.29294,0.43624,0.2359,0.16549,0.84652,0.11738,0.0836,1.01947,-0.00572,0.31326,0.78107,-0.01246,0.19972,0.71244,-0.21649,0.06027,0.88716,-0.07451,0.01419,1.05116,-0.0289,0.03186,0.77149,0.257,-0.11573,0.59002,0.18981,-0.20248,0.8174,0.08539,-0.2568,0.95695,-0.00775,0.2909,0.35534,0.15359,0.18783,-0.00996,0.02035,0.38802,0.13741,0.33893,0.38808,-0.06078,0.44115,0.19926,0.37893,0.27144,-0.07348,0.26865,-0.00292,0.15233,-0.01675,0.1727,-0.01328,-0.15754,0.12291
29.46,0.29242,0.43643,0.23501,0.16615,0.8472,0.11695,0.08536,1.02049,-0.00641,0.31427,0.78178,-0.0125,0.20111,0.71559,-0.21755,0.05907,0.88828,-0.07565,0.01247,1.05293,-0.03302,0.03188,0.77211,0.25592,-0.11657,0.59031,0.19158,-0.20058,0.81943,0.08873,-0.27195,0.96522,0.01982,0.29064,0.35556,0.15267,0.18817,-0.00996,0.01954,0.38771,0.13743,0.33852,0.38766,-0.06077,0.44072,0.19864,0.37909,0.27025,-0.07329,0.26837,-0.00473,0.15232,-0.01623,0.17243,-0.01308,-0.15728,0.12266
29.48,0.29186,0.43661,0.23411,0.16681,0.84789,0.11652,0.08719,1.02151,-0.00713,0.31538,0.78252,-0.01245,0.20259,0.71897,-0.21854,0.05787,0.8893,-0.0765,0.01086,1.05472,-0.03744,0.03181,0.7727,0.25472,-0.1175,0.59059,0.19326,-0.19872,0.82129,0.0917,-0.29881,0.95587,0.03723,0.29039,0.35577,0.15173,0.18858,-0.00995,0.01866,0.38737,0.13745,0.3381,0.38719,-0.06077,0.44025,0.19798,0.37922,0.26901,-0.07306,0.26808,-0.00667,0.15233,-0.01567,0.17212,-0.01285,-0.15699,0.12237
29.5,0.29141,0.43682,0.23319,0.1675,0.84858,0.11608,0.08895,1.02253,-0.0078,0.31629,0.78318,-0.01262,0.20395,0.72186,-0.21962,0.05668,0.89048,-0.07816,0.00907,1.05632,-0.04171,0.03198,0.77338,0.25376,-0.1182,0.59105,0.19518,-0.19591,0.82368,0.0953,-0.31759,0.93937,0.04136,0.29016,0.35599,0.15079,0.1889,-0.00994,0.01791,0.38712,0.13748,0.33769,0.38681,-0.06075,0.43983,0.19745,0.37942,0.26783,-0.07289,0.26784,-0.00837,0.15229,-0.01517,0.17185,-0.01271,-0.15671,0.12216
29.52,0.29124,0.43716,0.2322,0.16822,0.84934,0.11562,0.09051,1.02356,-0.0084,0.31665,0.78366,-0.01335,0.20495,0.72356,-0.22106,0.05547,0.89223,-0.082,0.0066,1.05761,-0.0451,0.0327,0.77437,0.25344,-0.1182,0.59178,0.19755,-0.19123,0.82717,0.10064,-0.31471,0.94507,0.05648,0.29001,0.35628,0.14985,0.18894,-0.0099,0.0175,0.3871,0.13759,0.33729,0.38665,-0.0606,0.4395,0.19723,0.37982,0.26682,-0.07291,0.26778,-0.00938,0.15216,-0.01479,0.17168,-0.01279,-0.15646,0.12218
29.54,0.29119,0.43754,0.23119,0.16897,0.85011,0.11515,0.09201,1.02459,-0.00896,0.31681,0.78406,-0.01431,0.20581,0.72476,-0.22262,0.05435,0.89417,-0.08664,0.00399,1.05878,-0.04832,0.03367,0.77547,0.25336,-0.11795,0.59268,0.20015,-0.18557,0.83101,0.10657,-0.30225,0.95988,0.077,0.28989,0.35659,0.14891,0.1889,-0.00984,0.0172,0.38718,0.13771,0.33689,0.38658,-0.06042,0.43922,0.19715,0.3803,0.26587,-0.07299,0.26778,-0.01015,0.15199,-0.01445,0.17154,-0.01295,-0.15621,0.12229
29.56,0.2911,0.43791,0.23019,0.16973,0.85088,0.11467,0.09353,1.02562,-0.00954,0.31708,0.7845,-0.01518,0.20674,0.72613,-0.22411,0.05334,0.89603,-0.09093,0.00164,1.06002,-0.0518,0.03456,0.77653,0.25317,-0.11783,0.59361,0.20271,-0.18001,0.83455,0.11209,-0.29153,0.97003,0.09456,0.28977,0.3569,0.14797,0.18891,-0.00978,0.01686,0.38722,0.13783,0.3365,0.38647,-0.06025,0.43893,0.19702,0.38075,0.2649,-0.07303,0.26777,-0.01102,0.15185,-0.01408,0.17139,-0.01306,-0.15595,0.12235
29.58,0.29098,0.43826,0.22919,0.17042,0.85163,0.11426,0.09512,1.02663,-0.01015,0.31732,0.78498,-0.01596,0.20774,0.72774,-0.2256,0.05211,0.89794,-0.09542,-0.0014,1.0611,-0.05525,0.03535,0.77751,0.25299,-0.11745,0.59425,0.20508,-0.17447,0.83764,0.11768,-0.27817,0.98018,0.11255,0.28962,0.35719,0.14703,0.18888,-0.00974,0.01651,0.38725,0.13795,0.33608,0.38637,-0.06008,0.43861,0.19685,0.38118,0.26392,-0.07309,0.26772,-0.01191,0.15169,-0.01373,0.17125,-0.01319,-0.15571,0.12244
29.6,0.29093,0.43865,0.22819,0.17125,0.8524,0.11371,0.09651,1.02765,-0.01068,0.31754,0.78533,-0.01698,0.20854,0.72872,-0.22709,0.05154,0.8998,-0.09975,-0.00302,1.06245,-0.05896,0.0364,0.77867,0.25284,-0.11751,0.59557,0.2079,-0.1682,0.84124,0.12298,-0.2618,0.99059,0.12856,0.28952,0.35752,0.14609,0.1889,-0.00966,0.0162,0.3873,0.13807,0.33572,0.38627,-0.0599,0.43835,0.19677,0.38165,0.26296,-0.07315,0.26774,-0.0127,0.15154,-0.01337,0.17109,-0.01333,-0.15544,0.1225
29.62,0.29103,0.43912,0.22723,0.1725,0.85321,0.11278,0.09736,1.02873,-0.01099,0.31779,0.78532,-0.0186,0.20877,0.72811,-0.22855,0.05243,0.90139,-0.10339,-0.00088,1.06463,-0.06328,0.0381,0.78026,0.25276,-0.11884,0.59875,0.21205,-0.1603,0.84631,0.12763,-0.24391,1.00103,0.14063,0.28952,0.35793,0.1452,0.18906,-0.00954,0.01599,0.38733,0.13819,0.33559,0.38614,-0.05974,0.4383,0.19685,0.38221,0.2621,-0.07319,0.26793,-0.01328,0.15141,-0.01301,0.17087,-0.01351,-0.15511,0.12253
29.64,0.29118,0.43962,0.22629,0.17387,0.85402,0.11172,0.098,1.02982,-0.0112,0.31799,0.78517,-0.02044,0.20877,0.72687,-0.22998,0.05392,0.90286,-0.10676,0.00269,1.06702,-0.06769,0.04003,0.78201,0.25272,-0.12052,0.60268,0.21669,-0.1517,0.85161,0.13187,-0.22434,1.01118,0.15083,0.28955,0.35836,0.14433,0.18925,-0.0094,0.01582,0.38736,0.13831,0.33554,0.38601,-0.05959,0.43832,0.197,0.3828,0.26129,-0.07325,0.26817,-0.01376,0.15128,-0.01266,0.17065,-0.01372,-0.15475,0.12256
29.66,0.2913,0.44011,0.22534,0.17516,0.85483,0.11073,0.09871,1.03091,-0.01144,0.31817,0.7851,-0.02218,0.20886,0.72591,-0.23141,0.05524,0.90436,-0.11022,0.0057,1.06922,-0.07193,0.04185,0.78367,0.25265,-0.12187,0.60638,0.22108,-0.14323,0.85624,0.13598,-0.20405,1.01991,0.16072,0.28956,0.35879,0.14344,0.18942,-0.00926,0.01564,0.38738,0.13844,0.33545,0.38588,-0.05942,0.4383,0.1971,0.38338,0.26045,-0.07332,0.26839,-0.01427,0.15114,-0.0123,0.17043,-0.01392,-0.1544,0.12258
29.68,0.29143,0.44061,0.22438,0.17655,0.85567,0.10971,0.09956,1.03203,-0.0117,0.31844,0.78502,-0.02392,0.20891,0.72504,-0.23281,0.05617,0.90577,-0.11391,0.00826,1.07135,-0.07669,0.04376,0.78538,0.25256,-0.12309,0.61024,0.22578,-0.1342,0.86066,0.14035,-0.18194,1.02769,0.1707,0.28958,0.35922,0.14255,0.18961,-0.00912,0.01545,0.3874,0.13857,0.33538,0.38574,-0.05925,0.4383,0.19722,0.38397,0.2596,-0.07336,0.26862,-0.01481,0.15101,-0.01194,0.17021,-0.01412,-0.15404,0.12261
29.7,0.29157,0.44108,0.22345,0.17778,0.85641,0.1087,0.10014,1.03308,-0.01184,0.31852,0.7849,-0.02568,0.20897,0.72383,-0.23424,0.05806,0.9072,-0.11704,0.01209,1.07346,-0.08041,0.04558,0.78698,0.25251,-0.12429,0.61415,0.23005,-0.12576,0.86449,0.14368,-0.161,1.03382,0.17806,0.2896,0.35963,0.14169,0.18979,-0.00899,0.01528,0.38744,0.13869,0.33529,0.38563,-0.05909,0.43828,0.19736,0.38452,0.25879,-0.07343,0.26884,-0.01527,0.15089,-0.0116,0.16999,-0.01431,-0.15371,0.12263
29.72,0.29171,0.44147,0.22261,0.17852,0.85695,0.10779,0.10004,1.03399,-0.01167,0.31812,0.7847,-0.02739,0.20923,0.72188,-0.23578,0.06256,0.90875,-0.11874,0.01917,1.07552,-0.08125,0.04706,0.78824,0.25262,-0.12563,0.61787,0.23308,-0.11927,0.86741,0.14465,-0.14524,1.03816,0.18023,0.28962,0.35998,0.14089,0.18988,-0.00888,0.01513,0.38753,0.13877,0.33516,0.38558,-0.05897,0.43822,0.19752,0.38496,0.25809,-0.07358,0.26904,-0.01556,0.15075,-0.01134,0.16976,-0.01451,-0.15346,0.12265
29.74,0.29186,0.44183,0.22181,0.17909,0.8574,0.10689,0.0997,1.03483,-0.01136,0.31753,0.78445,-0.0291,0.2095,0.71961,-0.23732,0.06804,0.9102,-0.11985,0.02753,1.07738,-0.08101,0.04844,0.78938,0.25278,-0.12699,0.62156,0.23569,-0.1136,0.86992,0.14475,-0.13155,1.04165,0.18059,0.28963,0.36031,0.14012,0.18996,-0.00879,0.01501,0.38765,0.13884,0.33502,0.38556,-0.05886,0.43815,0.1977,0.38536,0.25744,-0.07376,0.26923,-0.01577,0.15063,-0.01112,0.16954,-0.0147,-0.15324,0.12267
29.76,0.29201,0.4422,0.221,0.17973,0.85787,0.10598,0.09949,1.0357,-0.01111,0.31702,0.78422,-0.03079,0.20971,0.7175,-0.2388,0.07306,0.91147,-0.12119,0.03532,1.07903,-0.08121,0.04988,0.79056,0.25291,-0.12821,0.62531,0.23852,-0.1077,0.8723,0.14522,-0.11686,1.0446,0.18163,0.28965,0.36065,0.13934,0.19004,-0.00869,0.01488,0.38776,0.13892,0.33489,0.38553,-0.05875,0.43808,0.19788,0.38578,0.25677,-0.07392,0.26943,-0.016,0.15051,-0.01088,0.16932,-0.01488,-0.15301,0.12269
29.78,0.29216,0.44258,0.22016,0.18042,0.85838,0.10509,0.09933,1.03662,-0.01079,0.31651,0.78402,-0.03249,0.21015,0.71542,-0.24037,0.07842,0.91276,-0.12273,0.04339,1.08059,-0.08146,0.05137,0.79178,0.25304,-0.12935,0.62918,0.24148,-0.10123,0.8745,0.14576,-0.10145,1.04701,0.18231,0.28967,0.361,0.13854,0.19014,-0.00858,0.01474,0.38789,0.13899,0.33475,0.38551,-0.05864,0.43801,0.19806,0.3862,0.25608,-0.07407,0.26964,-0.01628,0.15039,-0.01063,0.16908,-0.01507,-0.15275,0.1227
29.8,0.29231,0.44292,0.21939,0.18097,0.85879,0.10417,0.09906,1.0374,-0.01055,0.31592,0.78374,-0.03416,0.21012,0.71324,-0.24169,0.08335,0.9136,-0.1237,0.05119,1.08171,-0.08125,0.05274,0.79288,0.25313,-0.13041,0.63285,0.24414,-0.09621,0.87642,0.14596,-0.08782,1.04864,0.18294,0.28969,0.3613,0.13781,0.19022,-0.00849,0.01462,0.38798,0.13907,0.33462,0.38547,-0.05853,0.43795,0.19824,0.38659,0.25545,-0.07425,0.2698,-0.01645,0.15027,-0.01043,0.16888,-0.01525,-0.15257,0.12274
29.82,0.29246,0.44317,0.21882,0.18122,0.85895,0.10319,0.09844,1.03783,-0.01049,0.31514,0.78326,-0.03579,0.20879,0.7108,-0.24236,0.08696,0.91356,-0.12329,0.05822,1.08214,-0.08025,0.0538,0.7937,0.25314,-0.13144,0.636,0.24606,-0.09497,0.87823,0.14543,-0.07831,1.04952,0.1839,0.28971,0.3615,0.13729,0.19025,-0.00843,0.01451,0.38796,0.13916,0.33453,0.38538,-0.0584,0.43793,0.1984,0.38691,0.25502,-0.07452,0.26985,-0.01634,0.15015,-0.01037,0.16882,-0.01538,-0.15256,0.12291
29.84,0.29261,0.44339,0.21833,0.18135,0.85902,0.1022,0.09771,1.03813,-0.01049,0.31429,0.78272,-0.03738,0.20701,0.70829,-0.24276,0.09008,0.91316,-0.12239,0.06493,1.08222,-0.07897,0.05474,0.7944,0.25311,-0.13241,0.63891,0.24766,-0.09513,0.87999,0.14459,-0.0705,1.04997,0.18456,0.28973,0.36167,0.13686,0.19025,-0.00838,0.01442,0.38791,0.13925,0.33445,0.38528,-0.05827,0.43792,0.19855,0.3872,0.25467,-0.07481,0.26987,-0.01612,0.15004,-0.01035,0.16882,-0.01549,-0.15261,0.12311
29.86,0.29275,0.44362,0.21781,0.18151,0.85913,0.10122,0.09705,1.03848,-0.01046,0.31347,0.78221,-0.03896,0.20545,0.70587,-0.24324,0.09339,0.91282,-0.1218,0.07168,1.08223,-0.07793,0.05571,0.79515,0.25308,-0.13332,0.6419,0.2494,-0.09465,0.8817,0.14388,-0.06196,1.0501,0.18473,0.28974,0.36185,0.1364,0.19026,-0.00832,0.01432,0.38787,0.13934,0.33437,0.38517,-0.05814,0.43792,0.1987,0.38751,0.25428,-0.07509,0.2699,-0.01595,0.14992,-0.01032,0.16879,-0.01562,-0.15264,0.1233
29.88,0.29291,0.44386,0.21727,0.18172,0.85925,0.10021,0.0964,1.03887,-0.01038,0.31261,0.78167,-0.0406,0.20384,0.70327,-0.24372,0.09715,0.91245,-0.12127,0.0793,1.08225,-0.07713,0.05679,0.79595,0.25307,-0.13427,0.64521,0.25131,-0.09429,0.88362,0.14318,-0.05265,1.04988,0.1847,0.28977,0.36203,0.13592,0.19029,-0.00826,0.01422,0.38784,0.13944,0.33429,0.38508,-0.058,0.4379,0.19887,0.38782,0.25388,-0.07538,0.26994,-0.01577,0.14981,-0.01028,0.16877,-0.01573,-0.15266,0.12351
29.9,0.29305,0.44407,0.21679,0.18182,0.85932,0.09927,0.09577,1.03915,-0.0104,0.31181,0.78119,-0.04206,0.20226,0.70105,-0.24407,0.09995,0.91185,-0.12068,0.08517,1.08183,-0.07609,0.05765,0.79661,0.25299,-0.13496,0.64785,0.25284,-0.094,0.88504,0.14241,-0.0452,1.04932,0.184,0.28979,0.36219,0.1355,0.19029,-0.00821,0.01414,0.38779,0.13953,0.33422,0.38498,-0.05788,0.4379,0.19902,0.3881,0.25354,-0.07564,0.26996,-0.01558,0.1497,-0.01027,0.16875,-0.01585,-0.15271,0.12369
29.92,0.29316,0.44425,0.21648,0.18172,0.85934,0.09859,0.09523,1.03919,-0.0107,0.31125,0.78092,-0.04301,0.20084,0.6999,-0.2442,0.10016,0.91094,-0.11986,0.08626,1.08066,-0.07405,0.05799,0.79693,0.25278,-0.13504,0.64871,0.25343,-0.09348,0.88513,0.14157,-0.04234,1.04884,0.18256,0.28977,0.36233,0.13523,0.19021,-0.00815,0.01418,0.38772,0.13964,0.33423,0.3849,-0.05773,0.43798,0.19916,0.38834,0.25337,-0.07578,0.26997,-0.01537,0.1496,-0.01034,0.16879,-0.01598,-0.15278,0.12384
29.94,0.29326,0.44442,0.21623,0.18153,0.85933,0.09799,0.09472,1.03914,-0.01112,0.31078,0.78073,-0.04376,0.19947,0.69917,-0.24424,0.0994,0.90992,-0.11893,0.08558,1.07925,-0.07168,0.05813,0.79712,0.25252,-0.1349,0.6489,0.25362,-0.09296,0.88472,0.14067,-0.04133,1.04847,0.18092,0.28973,0.36246,0.13502,0.19011,-0.00809,0.01424,0.38763,0.13976,0.33426,0.38483,-0.05758,0.43807,0.19928,0.38856,0.25326,-0.07587,0.26998,-0.01516,0.14951,-0.01043,0.16883,-0.01611,-0.15286,0.12396
29.96,0.29337,0.44458,0.21596,0.18138,0.85932,0.09736,0.0942,1.03911,-0.01148,0.31028,0.78049,-0.04459,0.1981,0.69825,-0.2443,0.09909,0.90895,-0.11808,0.08572,1.07796,-0.06953,0.05835,0.79735,0.25229,-0.13485,0.64935,0.25398,-0.09244,0.88451,0.13981,-0.03957,1.04803,0.17937,0.28972,0.36259,0.1348,0.19003,-0.00804,0.01429,0.38756,0.13987,0.33428,0.38477,-0.05743,0.43815,0.19942,0.38877,0.25314,-0.07597,0.26999,-0.01495,0.14943,-0.01052,0.16887,-0.01622,-0.15294,0.12409
29.98,0.29347,0.44478,0.21567,0.18123,0.85935,0.09671,0.09367,1.03914,-0.01184,0.30975,0.78027,-0.04545,0.19667,0.6973,-0.24435,0.09886,0.90796,-0.11711,0.086,1.07659,-0.06714,0.0586,0.79765,0.25206,-0.13482,0.64994,0.25438,-0.09198,0.88437,0.1389,-0.03748,1.04751,0.17782,0.28968,0.36275,0.13455,0.18992,-0.00796,0.01437,0.38748,0.14,0.33431,0.3847,-0.05727,0.43825,0.19955,0.38902,0.253,-0.07611,0.27001,-0.01471,0.14932,-0.0106,0.16893,-0.01636,-0.15301,0.12424
30,0.29358,0.44491,0.21544,0.18104,0.8593,0.09613,0.09316,1.03904,-0.01222,0.30928,0.78004,-0.04618,0.19537,0.69652,-0.24438,0.09827,0.90703,-0.11636,0.08563,1.07533,-0.06522,0.05873,0.7978,0.25181,-0.13469,0.65012,0.25462,-0.09139,0.88395,0.13811,-0.03651,1.04715,0.17622,0.28967,0.36284,0.13436,0.18985,-0.00792,0.0144,0.3874,0.1401,0.33432,0.38463,-0.05713,0.43833,0.19968,0.3892,0.2529,-0.07617,0.27002,-0.01455,0.14925,-0.01069,0.16896,-0.01646,-0.15308,0.12435
30.02,0.29368,0.44487,0.21538,0.18073,0.85905,0.09575,0.09263,1.03866,-0.01266,0.30893,0.77976,-0.04658,0.19435,0.69611,-0.24433,0.09684,0.90636,-0.11619,0.08375,1.07447,-0.06455,0.05859,0.79761,0.25158,-0.13442,0.64938,0.25458,-0.0904,0.8829,0.13768,-0.03822,1.04727,0.17453,0.28971,0.36278,0.13433,0.18984,-0.00796,0.01435,0.38726,0.14017,0.33429,0.38451,-0.05703,0.43836,0.19979,0.38919,0.2529,-0.07606,0.27003,-0.01456,0.14925,-0.01076,0.16897,-0.01653,-0.15308,0.12436
30.04,0.29379,0.44476,0.21538,0.18039,0.85873,0.09544,0.0921,1.03815,-0.01313,0.30864,0.77945,-0.04685,0.19345,0.69584,-0.24426,0.09508,0.90575,-0.11623,0.08124,1.07372,-0.06433,0.05834,0.79729,0.25135,-0.13405,0.64827,0.25441,-0.08929,0.88159,0.1374,-0.04102,1.04746,0.17284,0.28979,0.36266,0.13434,0.18986,-0.00804,0.01425,0.38711,0.14022,0.33425,0.3844,-0.05695,0.43837,0.1999,0.3891,0.25294,-0.07586,0.27003,-0.01464,0.14928,-0.01084,0.16896,-0.01656,-0.15307,0.12431
30.06,0.29389,0.44468,0.21536,0.18006,0.85844,0.0951,0.09157,1.03769,-0.01358,0.30833,0.77915,-0.04717,0.19251,0.69548,-0.2442,0.09349,0.90509,-0.11617,0.07902,1.07289,-0.0639,0.05814,0.79702,0.25112,-0.13373,0.64733,0.2543,-0.08829,0.8804,0.13707,-0.04338,1.04748,0.17122,0.28984,0.36256,0.13434,0.18986,-0.0081,0.01418,0.38696,0.14028,0.33421,0.38428,-0.05687,0.43839,0.2,0.38905,0.25296,-0.07571,0.27003,-0.0147,0.14929,-0.01092,0.16896,-0.01661,-0.15307,0.12429
30.08,0.294,0.44461,0.21531,0.17975,0.85817,0.09475,0.09104,1.03724,-0.01404,0.30801,0.77888,-0.04751,0.1915,0.69523,-0.24413,0.09178,0.90448,-0.11605,0.07671,1.0721,-0.06337,0.05795,0.79677,0.25088,-0.13339,0.6464,0.25415,-0.08706,0.87921,0.13676,-0.04585,1.04751,0.16957,0.2899,0.36247,0.13432,0.18985,-0.00815,0.01409,0.38681,0.14035,0.33416,0.38415,-0.05676,0.4384,0.20012,0.38901,0.25297,-0.07555,0.27004,-0.01476,0.1493,-0.01099,0.16895,-0.01667,-0.15306,0.12427
30.1,0.29409,0.44452,0.21534,0.17939,0.85786,0.09445,0.09051,1.03677,-0.01447,0.3077,0.77856,-0.04778,0.19067,0.69481,-0.24406,0.09025,0.90378,-0.11608,0.07446,1.07126,-0.06314,0.05769,0.79648,0.25066,-0.13306,0.64537,0.25408,-0.08629,0.878,0.13648,-0.04843,1.04731,0.16811,0.28996,0.36237,0.13436,0.18987,-0.00821,0.01404,0.38667,0.1404,0.33415,0.38405,-0.05669,0.43844,0.20021,0.38893,0.25303,-0.07538,0.27005,-0.01481,0.14932,-0.01106,0.16896,-0.01671,-0.15305,0.12424
30.12,0.29415,0.44442,0.21558,0.17896,0.85748,0.09422,0.09002,1.03632,-0.01477,0.30738,0.77819,-0.04791,0.19037,0.69395,-0.24398,0.08935,0.90292,-0.11646,0.07264,1.07034,-0.06365,0.05733,0.79613,0.25049,-0.13278,0.64423,0.25426,-0.08681,0.8768,0.13625,-0.05091,1.0467,0.16696,0.29004,0.36228,0.13459,0.18995,-0.00824,0.0141,0.38663,0.1404,0.33427,0.38403,-0.05669,0.43857,0.20027,0.38882,0.25325,-0.07515,0.27007,-0.01483,0.14938,-0.01113,0.169,-0.01669,-0.15304,0.12417
30.14,0.29419,0.44431,0.2159,0.1785,0.85708,0.09402,0.08954,1.03588,-0.01502,0.30705,0.77778,-0.04798,0.19025,0.69292,-0.24391,0.08865,0.90197,-0.11699,0.07091,1.06937,-0.06446,0.05691,0.79576,0.25033,-0.13252,0.64301,0.25454,-0.08781,0.87558,0.13603,-0.05338,1.04593,0.16595,0.29013,0.36219,0.13489,0.19005,-0.00827,0.01421,0.38661,0.14038,0.33445,0.38404,-0.05672,0.43872,0.20031,0.38868,0.25352,-0.0749,0.2701,-0.01484,0.14945,-0.0112,0.16906,-0.01666,-0.15303,0.12409
30.16,0.29423,0.44421,0.21618,0.17804,0.8567,0.09382,0.08905,1.03543,-0.01529,0.30672,0.7774,-0.04808,0.19005,0.69198,-0.24384,0.08784,0.90105,-0.11744,0.06912,1.06841,-0.06512,0.0565,0.7954,0.25018,-0.13226,0.64184,0.25477,-0.08858,0.87438,0.13582,-0.05584,1.0452,0.1649,0.2902,0.36211,0.13515,0.19013,-0.0083,0.01429,0.38657,0.14037,0.3346,0.38404,-0.05673,0.43886,0.20035,0.38855,0.25377,-0.07467,0.27014,-0.01486,0.1495,-0.01127,0.16911,-0.01664,-0.153,0.124
30.18,0.29429,0.44411,0.21646,0.17762,0.85631,0.09358,0.08858,1.03498,-0.0156,0.30643,0.777,-0.04819,0.18984,0.69104,-0.24376,0.08709,0.90018,-0.11794,0.06741,1.0675,-0.06583,0.05611,0.79504,0.24998,-0.13196,0.64065,0.25499,-0.08937,0.87315,0.13557,-0.05834,1.04445,0.16374,0.29029,0.36202,0.13541,0.19023,-0.00833,0.01439,0.38653,0.14037,0.33476,0.38403,-0.05674,0.43901,0.20041,0.38843,0.25401,-0.07441,0.27016,-0.01488,0.14957,-0.01134,0.16915,-0.01661,-0.15299,0.12392
30.2,0.29431,0.444,0.21676,0.17712,0.85591,0.09342,0.08806,1.03454,-0.01582,0.30605,0.77662,-0.04825,0.1897,0.69003,-0.24369,0.08627,0.89916,-0.11838,0.06557,1.06642,-0.06651,0.05568,0.79466,0.24988,-0.13173,0.63948,0.25528,-0.09023,0.87195,0.13541,-0.06068,1.04362,0.16285,0.29034,0.36193,0.13569,0.19031,-0.00837,0.01447,0.38651,0.14035,0.3349,0.38404,-0.05677,0.43913,0.20044,0.38829,0.25428,-0.0742,0.27021,-0.01489,0.14962,-0.01139,0.16921,-0.01659,-0.15297,0.12384
30.22,0.29421,0.44387,0.21707,0.17644,0.85553,0.09345,0.08739,1.03412,-0.01586,0.30544,0.77631,-0.04819,0.18966,0.68892,-0.24362,0.08522,0.89777,-0.11868,0.06337,1.06497,-0.06705,0.05512,0.79424,0.24998,-0.1317,0.63837,0.2557,-0.0911,0.87084,0.13553,-0.06263,1.04275,0.1626,0.29025,0.36182,0.13598,0.1903,-0.00843,0.01453,0.38651,0.1403,0.33495,0.3841,-0.05685,0.43914,0.20035,0.38814,0.25459,-0.07414,0.27029,-0.01483,0.14959,-0.01139,0.16925,-0.01663,-0.15292,0.12375
30.24,0.29406,0.44372,0.2174,0.17568,0.85514,0.09356,0.08666,1.03371,-0.01582,0.30473,0.776,-0.04808,0.18966,0.68773,-0.24354,0.08407,0.89619,-0.11892,0.06102,1.06331,-0.06756,0.05451,0.79378,0.25018,-0.13176,0.63725,0.25619,-0.09206,0.86973,0.13574,-0.06444,1.0418,0.16268,0.29009,0.36169,0.13629,0.19027,-0.0085,0.01459,0.38651,0.14022,0.33498,0.38417,-0.05695,0.43912,0.20022,0.38796,0.25493,-0.07413,0.27039,-0.01476,0.14953,-0.01137,0.1693,-0.01668,-0.15286,0.12365
30.26,0.29393,0.44357,0.21773,0.17494,0.85474,0.09364,0.08596,1.03329,-0.01579,0.30405,0.77567,-0.04799,0.18965,0.68655,-0.24345,0.08295,0.89465,-0.11918,0.05871,1.06168,-0.06808,0.05391,0.79333,0.25034,-0.13177,0.63612,0.25669,-0.09304,0.86859,0.1359,-0.06632,1.04083,0.16272,0.28997,0.36156,0.1366,0.19024,-0.00858,0.01464,0.3865,0.14016,0.33503,0.38424,-0.05704,0.43911,0.20011,0.38778,0.25526,-0.07409,0.27048,-0.0147,0.14948,-0.01136,0.16935,-0.01672,-0.15281,0.12356
30.28,0.29382,0.44346,0.21803,0.17427,0.85439,0.0937,0.08527,1.03286,-0.01584,0.30343,0.7754,-0.04792,0.18966,0.68553,-0.24339,0.08197,0.8933,-0.11944,0.0566,1.06024,-0.06857,0.05336,0.79293,0.25049,-0.13177,0.63509,0.25706,-0.09374,0.86759,0.1361,-0.0682,1.04002,0.1628,0.28985,0.36147,0.13688,0.19022,-0.00863,0.01472,0.38652,0.1401,0.33508,0.38432,-0.05714,0.43911,0.20001,0.38765,0.25557,-0.07405,0.27056,-0.01461,0.14943,-0.01135,0.16941,-0.01677,-0.15276,0.12349
30.3,0.29366,0.44326,0.21841,0.17345,0.85392,0.09383,0.08455,1.03245,-0.0157,0.30267,0.77502,-0.04779,0.18965,0.68415,-0.24324,0.08068,0.89147,-0.11966,0.05403,1.0583,-0.06911,0.0527,0.7924,0.25071,-0.1318,0.63383,0.25772,-0.09502,0.86627,0.13627,-0.07009,1.03878,0.16304,0.2897,0.36129,0.13723,0.1902,-0.00874,0.01476,0.38648,0.14003,0.33512,0.38437,-0.05723,0.4391,0.19987,0.38741,0.25594,-0.07402,0.27066,-0.01456,0.14938,-0.01132,0.16945,-0.0168,-0.15269,0.12338
30.32,0.29338,0.44285,0.21897,0.17227,0.85315,0.09406,0.08377,1.03209,-0.01513,0.30155,0.77436,-0.04756,0.18952,0.68195,-0.24285,0.07867,0.88853,-0.11971,0.05042,1.05528,-0.06976,0.05174,0.79154,0.25109,-0.13197,0.6321,0.25903,-0.09791,0.86429,0.13632,-0.07177,1.03656,0.16348,0.28949,0.36094,0.13774,0.19019,-0.00896,0.0147,0.38621,0.13999,0.33513,0.38429,-0.05729,0.43909,0.19961,0.38693,0.25644,-0.074,0.2708,-0.01463,0.14935,-0.01119,0.16943,-0.01677,-0.15256,0.12311
30.34,0.29305,0.44236,0.21962,0.17093,0.85226,0.09437,0.08298,1.03174,-0.01436,0.30028,0.77361,-0.04726,0.1894,0.67938,-0.24235,0.07636,0.88508,-0.1197,0.04633,1.05173,-0.07047,0.05066,0.79055,0.25156,-0.13213,0.63012,0.26065,-0.10137,0.86193,0.13636,-0.07342,1.03387,0.16385,0.28925,0.36051,0.13831,0.19019,-0.00923,0.01462,0.38586,0.13995,0.33515,0.38417,-0.05734,0.43908,0.1993,0.38634,0.257,-0.07398,0.27097,-0.01471,0.14933,-0.01102,0.16941,-0.01671,-0.1524,0.1228
30.36,0.29274,0.4419,0.22024,0.16964,0.85141,0.09467,0.0822,1.03139,-0.01365,0.29905,0.77289,-0.04699,0.18934,0.67694,-0.24189,0.07418,0.88174,-0.11971,0.04238,1.04826,-0.07115,0.04963,0.78959,0.25201,-0.13222,0.62816,0.26218,-0.1045,0.85958,0.13644,-0.07513,1.03125,0.16408,0.28901,0.36012,0.13887,0.19019,-0.00948,0.01455,0.38557,0.13991,0.33516,0.38408,-0.05739,0.43906,0.19902,0.3858,0.25755,-0.07395,0.27113,-0.01478,0.1493,-0.01087,0.16938,-0.01666,-0.15224,0.1225
30.38,0.29246,0.44146,0.22081,0.16849,0.85059,0.09487,0.08145,1.03099,-0.01308,0.29798,0.77217,-0.04678,0.18914,0.67476,-0.24145,0.07226,0.8788,-0.11963,0.03899,1.04522,-0.07171,0.04868,0.78871,0.25234,-0.13256,0.62666,0.26348,-0.10784,0.85773,0.13648,-0.07606,1.02893,0.16439,0.28882,0.35974,0.13938,0.19018,-0.00971,0.01446,0.38523,0.13989,0.33518,0.38394,-0.05743,0.43906,0.19875,0.38528,0.25803,-0.07392,0.27127,-0.01488,0.14929,-0.01072,0.16937,-0.01659,-0.1521,0.12224
30.4,0.2921,0.44095,0.22151,0.16701,0.84966,0.0953,0.08062,1.03067,-0.01214,0.29654,0.77142,-0.0464,0.18927,0.67193,-0.24089,0.06977,0.87482,-0.11971,0.03433,1.041,-0.07252,0.04751,0.78764,0.25295,-0.13234,0.62414,0.26536,-0.11089,0.8546,0.13667,-0.07844,1.02573,0.16423,0.28852,0.3593,0.14,0.19019,-0.01,0.01442,0.38495,0.13982,0.33521,0.38389,-0.05752,0.43905,0.19842,0.38467,0.25867,-0.07391,0.27146,-0.0149,0.14924,-0.01057,0.16935,-0.01656,-0.15194,0.12191
30.42,0.29157,0.44022,0.22257,0.16474,0.84837,0.09631,0.07967,1.03049,-0.01031,0.29426,0.7705,-0.0456,0.19023,0.66758,-0.24006,0.066,0.86825,-0.11994,0.0268,1.03384,-0.07368,0.04579,0.78604,0.25426,-0.13061,0.61899,0.26866,-0.11278,0.84822,0.13725,-0.08464,1.02032,0.16347,0.28799,0.35869,0.14094,0.19025,-0.01046,0.01447,0.38483,0.13964,0.33524,0.38406,-0.05775,0.43898,0.198,0.38377,0.25975,-0.07393,0.27183,-0.01474,0.14907,-0.01044,0.16932,-0.01669,-0.1517,0.12141
30.44,0.29096,0.43943,0.22376,0.16213,0.84698,0.09759,0.07864,1.0304,-0.00805,0.2916,0.76955,-0.04461,0.19163,0.66265,-0.23906,0.06177,0.86054,-0.12027,0.01806,1.02528,-0.07504,0.04385,0.78426,0.25588,-0.12817,0.61291,0.27263,-0.11425,0.84059,0.13808,-0.09236,1.01386,0.1625,0.28736,0.35804,0.14199,0.19033,-0.01098,0.01458,0.38477,0.13942,0.3353,0.38432,-0.05804,0.43891,0.19753,0.38279,0.26099,-0.07399,0.27227,-0.01448,0.14886,-0.01031,0.1693,-0.01687,-0.15144,0.12086
30.46,0.29036,0.43868,0.22488,0.15963,0.84565,0.09879,0.07762,1.03027,-0.00591,0.28905,0.76865,-0.04368,0.19303,0.65804,-0.23805,0.05785,0.85312,-0.12057,0.0098,1.01693,-0.07632,0.04199,0.78256,0.25741,-0.12583,0.60733,0.27644,-0.11584,0.83345,0.13895,-0.09948,1.00756,0.16168,0.28674,0.35742,0.14298,0.1904,-0.01146,0.01466,0.38467,0.13921,0.33536,0.38453,-0.05832,0.43885,0.19706,0.38186,0.26216,-0.07406,0.27266,-0.01424,0.14865,-0.01019,0.16928,-0.01703,-0.1512,0.12036
30.48,0.28986,0.43783,0.22603,0.15734,0.84418,0.09979,0.07679,1.02991,-0.00407,0.28679,0.76752,-0.04285,0.19414,0.6539,-0.23711,0.05452,0.84621,-0.12025,0.0029,1.00915,-0.07686,0.04024,0.7808,0.25869,-0.12364,0.60212,0.27987,-0.11686,0.82679,0.13983,-0.10557,1.00142,0.16161,0.28625,0.35671,0.14399,0.19046,-0.01197,0.01468,0.38456,0.13901,0.33533,0.38468,-0.05856,0.43874,0.19667,0.38082,0.26332,-0.07402,0.27314,-0.01409,0.14845,-0.01002,0.16925,-0.01722,-0.15087,0.11981
30.5,0.28912,0.4372,0.22716,0.15452,0.84299,0.10132,0.07555,1.03001,-0.00144,0.28382,0.76686,-0.04173,0.19619,0.64901,-0.2358,0.05027,0.83783,-0.12097,-0.00665,0.9993,-0.07871,0.03819,0.77914,0.26061,-0.12067,0.5963,0.28438,-0.11862,0.81898,0.14105,-0.11393,0.99421,0.16029,0.28544,0.35621,0.14499,0.19052,-0.01241,0.01488,0.38446,0.13879,0.33552,0.38495,-0.05887,0.43875,0.19608,0.38001,0.26454,-0.07424,0.27348,-0.01367,0.1482,-0.00995,0.1693,-0.0174,-0.15071,0.11939
30.52,0.28776,0.43702,0.22829,0.15033,0.84242,0.10427,0.07329,1.03119,0.00326,0.27902,0.76723,-0.03983,0.20079,0.64248,-0.23361,0.044,0.82572,-0.1242,-0.02263,0.98382,-0.08342,0.03541,0.77766,0.2642,-0.11563,0.58882,0.29175,-0.1222,0.80803,0.14331,-0.12758,0.98387,0.15567,0.28381,0.35614,0.14603,0.19063,-0.01278,0.0155,0.38429,0.13851,0.33627,0.38543,-0.05936,0.43909,0.19494,0.37969,0.26599,-0.07504,0.27338,-0.01263,0.14785,-0.01018,0.16958,-0.01754,-0.15104,0.11927
30.54,0.28615,0.43709,0.22939,0.14563,0.84216,0.10778,0.07064,1.03282,0.00879,0.27352,0.76809,-0.0376,0.2067,0.63606,-0.23083,0.03746,0.81193,-0.12805,-0.04044,0.96522,-0.08893,0.03235,0.7763,0.26844,-0.10953,0.58113,0.30018,-0.12614,0.79587,0.1461,-0.14279,0.97139,0.14999,0.28185,0.35631,0.14705,0.19072,-0.01305,0.01631,0.38415,0.1382,0.33723,0.38605,-0.05993,0.43954,0.19358,0.37963,0.2675,-0.07614,0.27311,-0.0113,0.14745,-0.01052,0.16993,-0.01769,-0.15155,0.11927
30.56,0.28463,0.43715,0.23047,0.14116,0.84185,0.11111,0.06816,1.03426,0.01404,0.26832,0.76885,-0.03545,0.21253,0.6308,-0.22796,0.03196,0.79856,-0.13108,-0.05624,0.94657,-0.09351,0.02943,0.77496,0.27242,-0.10347,0.57422,0.30813,-0.12936,0.78428,0.14894,-0.15644,0.95849,0.14518,0.28001,0.35647,0.14805,0.19077,-0.01327,0.01708,0.38408,0.1379,0.33812,0.38666,-0.06049,0.43993,0.1923,0.37955,0.26895,-0.07718,0.27293,-0.01003,0.14707,-0.0108,0.17023,-0.01784,-0.15198,0.11923
30.58,0.28319,0.43677,0.23173,0.13682,0.84103,0.11439,0.06607,1.03515,0.01908,0.26319,0.76897,-0.03332,0.21848,0.62642,-0.22544,0.0279,0.78544,-0.13309,-0.07006,0.92732,-0.09606,0.02667,0.77323,0.27641,-0.09665,0.56723,0.31623,-0.13127,0.77247,0.1525,-0.16806,0.9446,0.14162,0.27828,0.35619,0.14923,0.19099,-0.01375,0.01753,0.3837,0.13763,0.33883,0.38702,-0.06095,0.44023,0.19108,0.37904,0.27055,-0.0779,0.2728,-0.00906,0.14669,-0.01106,0.17058,-0.018,-0.15231,0.11908
30.6,0.28154,0.43739,0.23259,0.13218,0.84133,0.11794,0.06325,1.03714,0.02479,0.25781,0.77051,-0.03099,0.22518,0.62296,-0.22177,0.02312,0.77118,-0.13613,-0.08511,0.90596,-0.1012,0.02362,0.77233,0.28053,-0.09018,0.56167,0.32418,-0.13446,0.76083,0.15534,-0.18155,0.92972,0.13647,0.27624,0.35692,0.15,0.19084,-0.01357,0.01862,0.38397,0.13729,0.3399,0.38797,-0.06163,0.44061,0.18971,0.37951,0.27184,-0.07934,0.27257,-0.00744,0.14628,-0.01136,0.17079,-0.01816,-0.15283,0.11913
30.62,0.27933,0.44052,0.23233,0.12679,0.84454,0.12225,0.0584,1.042,0.03222,0.25186,0.7758,-0.02813,0.23405,0.62108,-0.21514,0.0167,0.75358,-0.1421,-0.10315,0.87976,-0.1136,0.01972,0.77345,0.28492,-0.08548,0.55897,0.33143,-0.14141,0.74931,0.156,-0.20048,0.91286,0.12665,0.27339,0.3602,0.14964,0.18987,-0.01185,0.02148,0.38611,0.13676,0.34194,0.3907,-0.06283,0.44127,0.18794,0.38244,0.27231,-0.08277,0.27197,-0.00398,0.14586,-0.01182,0.17059,-0.01829,-0.15396,0.11982
30.64,0.27692,0.4447,0.23169,0.12121,0.8489,0.12684,0.05293,1.04798,0.04037,0.24574,0.78252,-0.02504,0.24418,0.6212,-0.20725,0.01179,0.73388,-0.14871,-0.1197,0.84954,-0.12787,0.01561,0.77544,0.28941,-0.08128,0.55763,0.33841,-0.14907,0.73717,0.15592,-0.22014,0.89335,0.11525,0.27024,0.36454,0.1489,0.18865,-0.00936,0.02496,0.38899,0.13625,0.34425,0.39408,-0.06415,0.44193,0.18602,0.38641,0.27248,-0.08675,0.27132,0.00014,0.14548,-0.01228,0.17022,-0.01837,-0.1552,0.12067
30.66,0.27461,0.44852,0.23125,0.11586,0.85278,0.13129,0.04794,1.05345,0.04828,0.2398,0.7886,-0.02201,0.25429,0.62299,-0.19976,0.00994,0.71429,-0.15403,-0.13193,0.81804,-0.13964,0.01175,0.77714,0.29382,-0.07658,0.5563,0.34539,-0.15497,0.72446,0.15641,-0.23666,0.87211,0.10519,0.26726,0.36852,0.14837,0.18758,-0.00698,0.02807,0.39162,0.13583,0.34628,0.39714,-0.06532,0.4424,0.18418,0.39002,0.27278,-0.09026,0.27079,0.00392,0.14513,-0.01265,0.16987,-0.01842,-0.15625,0.12135
30.68,0.27226,0.45182,0.23067,0.11053,0.85621,0.13617,0.04309,1.0584,0.05652,0.23384,0.79443,-0.01861,0.26554,0.62696,-0.19234,0.01193,0.69508,-0.15808,-0.13892,0.78599,-0.14923,0.00791,0.77819,0.29853,-0.07148,0.55449,0.35225,-0.1591,0.71146,0.15779,-0.24992,0.84964,0.0965,0.26414,0.37198,0.1477,0.18699,-0.00526,0.03126,0.3946,0.13529,0.34817,0.40073,-0.06649,0.44289,0.18236,0.39311,0.27304,-0.094,0.2699,0.00796,0.14487,-0.0132,0.16944,-0.01834,-0.15761,0.1221
30.7,0.26995,0.45647,0.2303,0.10538,0.86075,0.14037,0.03822,1.06447,0.06447,0.22805,0.80103,-0.01572,0.27526,0.63216,-0.18449,0.0148,0.67474,-0.16263,-0.14439,0.75058,-0.15987,0.00422,0.78074,0.30268,-0.06684,0.55489,0.35899,-0.16361,0.69758,0.15797,-0.26316,0.82443,0.08658,0.26122,0.37679,0.14724,0.18565,-0.00184,0.03432,0.39728,0.13513,0.35013,0.40352,-0.0675,0.44303,0.18049,0.39756,0.27331,-0.09707,0.2698,0.01166,0.14454,-0.01329,0.16904,-0.01842,-0.15826,0.1226
30.72,0.26777,0.46439,0.23061,0.10052,0.86799,0.14257,0.03305,1.07334,0.0715,0.22254,0.80925,-0.0144,0.28113,0.63632,-0.1753,0.01672,0.64959,-0.16865,-0.15032,0.70586,-0.17395,0.00078,0.7871,0.30533,-0.06379,0.5604,0.36591,-0.17002,0.68127,0.15558,-0.27902,0.79326,0.07386,0.25893,0.38484,0.14744,0.1818,0.0058,0.03699,0.39848,0.13588,0.35229,0.40353,-0.06807,0.44234,0.17848,0.40531,0.27374,-0.09838,0.27183,0.01422,0.14398,-0.01208,0.16896,-0.019,-0.15703,0.12255
30.74,0.26563,0.47367,0.23115,0.09574,0.87637,0.14403,0.02783,1.08329,0.07812,0.21712,0.81823,-0.01365,0.28586,0.64086,-0.16546,0.02183,0.62203,-0.17354,-0.15073,0.65586,-0.18672,-0.00259,0.79499,0.3074,-0.06132,0.56802,0.37271,-0.17573,0.663,0.15358,-0.29344,0.75757,0.06247,0.25684,0.39425,0.14785,0.17713,0.01511,0.03959,0.39914,0.13685,0.35451,0.4024,-0.06855,0.44127,0.17642,0.41442,0.27422,-0.099,0.27468,0.01646,0.14338,-0.01038,0.16903,-0.01974,-0.15508,0.12233
30.76,0.26349,0.48248,0.23159,0.09094,0.88434,0.14582,0.02282,1.0927,0.08484,0.21169,0.82697,-0.01264,0.29145,0.64709,-0.15586,0.03245,0.59567,-0.17595,-0.1425,0.60652,-0.19529,-0.00597,0.80231,0.30971,-0.05845,0.57509,0.37934,-0.1787,0.64416,0.15372,-0.30313,0.72045,0.05474,0.25468,0.4032,0.14816,0.17299,0.02381,0.04227,0.4,0.13763,0.35659,0.40155,-0.06908,0.44021,0.17441,0.42305,0.27467,-0.09974,0.27726,0.01892,0.14292,-0.00884,0.16907,-0.02033,-0.15335,0.12223
30.78,0.26129,0.49071,0.23204,0.08615,0.89176,0.14775,0.01772,1.10154,0.09224,0.2062,0.83517,-0.01151,0.2987,0.65412,-0.14529,0.04955,0.56947,-0.17517,-0.12462,0.55596,-0.19924,-0.00932,0.80907,0.31215,-0.05574,0.58204,0.38655,-0.17886,0.62491,0.15604,-0.30771,0.68208,0.05009,0.25245,0.41155,0.1485,0.16826,0.03207,0.0449,0.40029,0.13835,0.3582,0.4002,-0.06951,0.43895,0.17232,0.43113,0.27514,-0.10052,0.27962,0.02132,0.14256,-0.00726,0.16928,-0.0207,-0.15172,0.12232
30.8,0.25921,0.50046,0.2325,0.08138,0.90053,0.14919,0.01306,1.11148,0.09815,0.20083,0.84459,-0.01075,0.30304,0.6629,-0.13634,0.06827,0.54631,-0.17402,-0.10191,0.50919,-0.20159,-0.01269,0.81734,0.31414,-0.05274,0.59035,0.39228,-0.178,0.60475,0.1594,-0.3106,0.64145,0.04909,0.25039,0.42146,0.14881,0.1646,0.04169,0.04761,0.40126,0.13906,0.36034,0.39893,-0.07011,0.43761,0.17036,0.44068,0.27557,-0.10073,0.28274,0.0238,0.14218,-0.00554,0.16929,-0.02137,-0.14958,0.12207
30.82,0.25747,0.51396,0.23295,0.07669,0.91268,0.14953,0.0095,1.12435,0.10002,0.1958,0.85715,-0.01081,0.29918,0.67321,-0.1321,0.08206,0.52818,-0.17633,-0.08192,0.47084,-0.20666,-0.01612,0.82925,0.31507,-0.04871,0.60143,0.39424,-0.17685,0.58286,0.16322,-0.31408,0.59713,0.05339,0.24876,0.43522,0.149,0.16413,0.0545,0.05043,0.40431,0.13985,0.36398,0.39843,-0.07105,0.43617,0.16877,0.45385,0.27587,-0.09965,0.28772,0.02653,0.1417,-0.0035,0.16876,-0.02284,-0.14623,0.12096
30.84,0.25584,0.52896,0.23339,0.07202,0.92616,0.14936,0.0063,1.1384,0.10031,0.19089,0.87092,-0.01125,0.29221,0.68388,-0.1295,0.09581,0.51333,-0.1792,-0.05999,0.43735,-0.21161,-0.01958,0.84265,0.31554,-0.04435,0.61384,0.3947,-0.17283,0.56065,0.16932,-0.31322,0.55186,0.06296,0.24729,0.45052,0.14914,0.16478,0.06864,0.05332,0.408,0.14063,0.36788,0.398,-0.07199,0.43436,0.1673,0.46847,0.27611,-0.09786,0.29348,0.02936,0.14126,-0.00124,0.16808,-0.02452,-0.14227,0.11953
30.86,0.25414,0.54337,0.23382,0.06733,0.93908,0.14937,0.00294,1.15194,0.10124,0.18591,0.88415,-0.01157,0.28676,0.69451,-0.12601,0.11432,0.50086,-0.17984,-0.03087,0.40659,-0.21344,-0.02303,0.85546,0.31617,-0.04015,0.62607,0.39566,-0.16482,0.53978,0.17854,-0.30551,0.50865,0.07687,0.24574,0.46521,0.1493,0.16494,0.08229,0.05623,0.41116,0.14134,0.37114,0.39713,-0.07267,0.43222,0.16575,0.48253,0.27636,-0.09603,0.29906,0.03217,0.14098,0.00111,0.16758,-0.02592,-0.13834,0.11832
30.88,0.2525,0.55744,0.23432,0.06274,0.95168,0.14957,-0.00028,1.16515,0.10231,0.1811,0.89714,-0.01167,0.28126,0.70495,-0.1224,0.13602,0.49095,-0.17934,0.00323,0.37973,-0.21247,-0.02645,0.86788,0.3169,-0.03558,0.63827,0.39708,-0.15276,0.52051,0.19085,-0.2917,0.46749,0.09607,0.24421,0.47956,0.14953,0.16514,0.09568,0.05894,0.41383,0.14206,0.37404,0.39574,-0.07309,0.42981,0.16427,0.49626,0.2767,-0.09407,0.30464,0.03512,0.14096,0.00368,0.1673,-0.02695,-0.13429,0.11731
30.9,0.25077,0.57257,0.23467,0.05799,0.9652,0.14926,-0.00361,1.17922,0.10265,0.17601,0.91085,-0.01228,0.27528,0.71607,-0.11922,0.15801,0.48624,-0.1789,0.04,0.3597,-0.2129,-0.02992,0.88143,0.31729,-0.03152,0.65151,0.3971,-0.13861,0.50365,0.20526,-0.27352,0.43054,0.11836,0.24267,0.49499,0.14958,0.16563,0.10998,0.0621,0.41707,0.14272,0.37673,0.39459,-0.07339,0.42692,0.16269,0.51102,0.27682,-0.09154,0.3107,0.03795,0.14086,0.00628,0.16681,-0.02828,-0.12986,0.11596
30.92,0.24887,0.59014,0.2347,0.05282,0.9808,0.14774,-0.00725,1.19534,0.10148,0.17028,0.92617,-0.01412,0.26882,0.72868,-0.11669,0.17792,0.48793,-0.17919,0.07843,0.34782,-0.21879,-0.0335,0.89758,0.31685,-0.02919,0.66656,0.3933,-0.1241,0.48948,0.22077,-0.25263,0.39908,0.14073,0.24114,0.51291,0.14926,0.16664,0.12637,0.06645,0.42196,0.14327,0.3792,0.39431,-0.07357,0.42326,0.16088,0.52816,0.27642,-0.08778,0.31776,0.04037,0.1405,0.0088,0.16574,-0.03046,-0.12461,0.11375
30.94,0.24688,0.60872,0.23456,0.04751,0.99727,0.14569,-0.01097,1.21226,0.09954,0.16431,0.94214,-0.01648,0.26208,0.742,-0.11454,0.19686,0.49365,-0.17936,0.11815,0.34244,-0.22452,-0.03713,0.91483,0.31604,-0.02747,0.68257,0.38811,-0.1077,0.47945,0.23832,-0.22789,0.37314,0.16517,0.23958,0.53187,0.14875,0.16794,0.14367,0.07131,0.42719,0.14383,0.38126,0.39392,-0.07339,0.41911,0.15897,0.54629,0.27578,-0.08333,0.32537,0.04275,0.14014,0.0115,0.16454,-0.03276,-0.11884,0.11121
30.96,0.24489,0.62689,0.23445,0.04228,1.01335,0.14383,-0.0146,1.2288,0.09778,0.15844,0.95777,-0.01863,0.2556,0.75519,-0.1122,0.21692,0.50179,-0.17871,0.15968,0.34215,-0.22705,-0.04073,0.93166,0.31534,-0.02545,0.69855,0.3836,-0.08864,0.47395,0.25833,-0.19899,0.35266,0.19344,0.23799,0.5504,0.14828,0.16918,0.1607,0.07602,0.43162,0.14449,0.38285,0.39266,-0.07274,0.41476,0.15708,0.56403,0.27521,-0.07873,0.33302,0.04532,0.14006,0.01453,0.16356,-0.03459,-0.11288,0.10885
30.98,0.24305,0.64492,0.23455,0.03717,1.0292,0.14201,-0.01803,1.24511,0.09611,0.1529,0.97319,-0.02062,0.24916,0.76792,-0.10911,0.23974,0.51221,-0.17735,0.20665,0.34651,-0.2278,-0.04434,0.94824,0.31458,-0.02398,0.71416,0.378,-0.06735,0.47167,0.28079,-0.1665,0.33687,0.22515,0.23658,0.5688,0.14802,0.17037,0.17779,0.08058,0.43544,0.14536,0.38385,0.39039,-0.07146,0.41004,0.15532,0.58163,0.27481,-0.07361,0.341,0.04785,0.14048,0.01813,0.16274,-0.03593,-0.10619,0.10661
31,0.24088,0.66346,0.23418,0.03187,1.04563,0.13996,-0.02171,1.26191,0.09386,0.1468,0.98903,-0.02303,0.24295,0.78194,-0.1073,0.25742,0.52667,-0.17628,0.2448,0.35826,-0.22706,-0.0479,0.96558,0.31376,-0.02175,0.73125,0.37404,-0.04654,0.47723,0.30337,-0.13299,0.33042,0.25789,0.23478,0.58771,0.1473,0.17182,0.19521,0.08567,0.43908,0.14619,0.38475,0.38817,-0.06994,0.40534,0.15326,0.59973,0.274,-0.06846,0.34908,0.05076,0.14057,0.02159,0.16187,-0.03734,-0.09981,0.10409
31.02,0.23793,0.6832,0.23266,0.02602,1.06353,0.13746,-0.02613,1.27992,0.09029,0.13912,1.00586,-0.02644,0.2373,0.79911,-0.10919,0.26138,0.54429,-0.17716,0.25871,0.3751,-0.2268,-0.05116,0.98481,0.31303,-0.01686,0.75205,0.37531,-0.02812,0.49278,0.32254,-0.09988,0.33548,0.28784,0.23206,0.60784,0.14542,0.17397,0.21338,0.09205,0.44281,0.14686,0.3863,0.38672,-0.06846,0.40116,0.1505,0.61902,0.27217,-0.06367,0.35708,0.0546,0.1395,0.02436,0.16094,-0.03934,-0.0946,0.101
31.04,0.23464,0.7034,0.23066,0.01997,1.082,0.13477,-0.03086,1.29839,0.08615,0.13088,1.02309,-0.03018,0.23181,0.81751,-0.11252,0.26011,0.5627,-0.1789,0.26338,0.39314,-0.22724,-0.05437,1.00478,0.31222,-0.01111,0.77449,0.37802,-0.01046,0.51248,0.33954,-0.06626,0.347,0.31499,0.22895,0.62843,0.14307,0.17646,0.23205,0.09894,0.44612,0.14778,0.38785,0.38506,-0.0665,0.39709,0.14743,0.63878,0.26993,-0.05866,0.36528,0.05887,0.13814,0.0272,0.16016,-0.04135,-0.08947,0.09772
31.06,0.23145,0.72336,0.22883,0.01403,1.10019,0.13216,-0.03544,1.31658,0.08215,0.12298,1.04011,-0.03367,0.22631,0.8354,-0.11521,0.26109,0.5811,-0.18045,0.27186,0.41155,-0.22772,-0.05764,1.0244,0.31132,-0.0059,0.79659,0.37953,0.00812,0.53313,0.35661,-0.03124,0.36186,0.34194,0.22594,0.64879,0.1409,0.1789,0.25083,0.10566,0.44853,0.14915,0.38893,0.38229,-0.06374,0.39285,0.14445,0.65829,0.26784,-0.0531,0.37387,0.06314,0.13729,0.03076,0.15962,-0.0428,-0.08353,0.09455
31.08,0.2285,0.74351,0.22723,0.00812,1.11835,0.12955,-0.0399,1.33469,0.07794,0.11492,1.05688,-0.03717,0.22069,0.85311,-0.11793,0.26249,0.59964,-0.18227,0.28185,0.43053,-0.22835,-0.06064,1.04427,0.31055,-9e-05,0.8194,0.38124,0.02834,0.5562,0.37421,0.00703,0.38123,0.36878,0.22323,0.66933,0.13895,0.18157,0.27011,0.11237,0.44985,0.15114,0.39014,0.37751,-0.05979,0.38844,0.14169,0.678,0.26591,-0.04683,0.38321,0.06746,0.13712,0.03534,0.15929,-0.04366,-0.07615,0.09134
31.1,0.22495,0.76334,0.22503,0.00217,1.13664,0.12687,-0.04466,1.35288,0.0738,0.10717,1.0741,-0.0406,0.21536,0.87146,-0.12098,0.26168,0.61849,-0.18417,0.28631,0.44987,-0.22955,-0.06417,1.06386,0.3093,0.0046,0.84201,0.382,0.04594,0.58051,0.38831,0.04071,0.40426,0.39083,0.21978,0.68956,0.13641,0.18404,0.28925,0.11916,0.45086,0.15336,0.3905,0.37394,-0.05586,0.38428,0.13839,0.69739,0.26352,-0.04067,0.39226,0.07207,0.13644,0.0396,0.15896,-0.0445,-0.06976,0.08804
31.12,0.21985,0.78239,0.22124,-0.00398,1.1553,0.124,-0.05031,1.37146,0.07013,0.1002,1.09279,-0.04398,0.21074,0.89153,-0.12464,0.25654,0.63796,-0.18577,0.27837,0.46907,-0.23158,-0.06923,1.08257,0.30685,0.0062,0.86321,0.3805,0.05651,0.60362,0.39515,0.06174,0.42761,0.40469,0.21436,0.70899,0.13232,0.186,0.30777,0.12629,0.45232,0.15531,0.38918,0.37488,-0.05363,0.38075,0.13371,0.71602,0.25995,-0.03538,0.40006,0.07719,0.13399,0.04228,0.15838,-0.04579,-0.0669,0.08429
31.14,0.21414,0.80104,0.21687,-0.01015,1.17405,0.1211,-0.05624,1.39012,0.06667,0.09356,1.11195,-0.04732,0.20638,0.91219,-0.12857,0.24937,0.65753,-0.18714,0.26516,0.48811,-0.23346,-0.07482,1.1009,0.30398,0.00658,0.88391,0.37827,0.06426,0.62628,0.39905,0.07798,0.45118,0.41486,0.2082,0.72803,0.12766,0.18786,0.32632,0.13328,0.45328,0.15779,0.38712,0.37668,-0.0514,0.37732,0.12848,0.73425,0.25591,-0.03001,0.40773,0.08245,0.13123,0.04492,0.15767,-0.04685,-0.06463,0.08012
31.16,0.20867,0.81972,0.21278,-0.01624,1.19268,0.11825,-0.06197,1.40865,0.06315,0.08684,1.1308,-0.05064,0.20187,0.93251,-0.13236,0.24295,0.67697,-0.18846,0.25407,0.50721,-0.2349,-0.08014,1.11931,0.30132,0.00734,0.90493,0.37628,0.07323,0.6499,0.40372,0.09649,0.47642,0.42521,0.20236,0.74711,0.12327,0.18991,0.34538,0.13996,0.45298,0.16119,0.38521,0.37628,-0.04788,0.37374,0.12346,0.7525,0.25207,-0.02384,0.41624,0.08757,0.12936,0.04882,0.15694,-0.04713,-0.06058,0.07562
31.18,0.20335,0.8391,0.20861,-0.02256,1.21176,0.11531,-0.06794,1.42763,0.05952,0.07984,1.15013,-0.05409,0.19735,0.95352,-0.13635,0.23736,0.69725,-0.1898,0.24381,0.52729,-0.23639,-0.08551,1.1382,0.29862,0.00855,0.92686,0.37427,0.0836,0.67525,0.40878,0.11735,0.50433,0.43604,0.19653,0.76685,0.11885,0.19266,0.36562,0.1475,0.45142,0.16521,0.38449,0.37388,-0.04338,0.37022,0.11861,0.7715,0.24827,-0.01681,0.42603,0.0929,0.12818,0.05418,0.15604,-0.04638,-0.05483,0.07016
31.2,0.19758,0.85688,0.20448,-0.02835,1.22988,0.11258,-0.07342,1.44566,0.0562,0.07357,1.16855,-0.05722,0.19286,0.97326,-0.14003,0.22971,0.71597,-0.19081,0.23068,0.54575,-0.23688,-0.09085,1.15596,0.29591,0.00834,0.94713,0.37193,0.09061,0.69855,0.41159,0.1327,0.53016,0.44279,0.19049,0.78508,0.11438,0.19428,0.38467,0.15281,0.44922,0.17034,0.38162,0.37194,-0.03831,0.36677,0.11328,0.7888,0.24425,-0.00998,0.43502,0.09772,0.12713,0.05924,0.1549,-0.04567,-0.0494,0.0651
31.22,0.19077,0.87065,0.20061,-0.03274,1.24553,0.11048,-0.07755,1.46127,0.05371,0.06903,1.18452,-0.05952,0.18851,0.98944,-0.14257,0.21693,0.73061,-0.19089,0.21113,0.55999,-0.23508,-0.09595,1.17099,0.29331,0.00491,0.9629,0.36919,0.08939,0.71525,0.41001,0.13443,0.54772,0.44167,0.1841,0.79959,0.10989,0.19268,0.39969,0.15264,0.44773,0.17633,0.37252,0.37418,-0.03401,0.36368,0.10679,0.80181,0.23974,-0.00446,0.44085,0.10135,0.12547,0.06185,0.15394,-0.04646,-0.04694,0.06264
31.24,0.18354,0.88276,0.19681,-0.03656,1.26013,0.1087,-0.08114,1.47584,0.05164,0.06522,1.19949,-0.06143,0.18417,1.00419,-0.14475,0.20187,0.74403,-0.19094,0.18853,0.57329,-0.23297,-0.10096,1.18481,0.29079,0.00017,0.97671,0.36628,0.08474,0.72902,0.40664,0.13052,0.56155,0.43758,0.17753,0.81253,0.1054,0.18972,0.41297,0.15038,0.44613,0.18266,0.36132,0.37807,-0.0297,0.36063,0.09984,0.81307,0.23504,0.00063,0.44569,0.10463,0.12379,0.06389,0.15306,-0.04745,-0.04535,0.06103
31.26,0.17648,0.89543,0.19298,-0.04057,1.27503,0.10689,-0.08492,1.49069,0.04949,0.06115,1.21476,-0.0634,0.17973,1.01942,-0.14714,0.18747,0.75843,-0.19134,0.16681,0.58797,-0.23152,-0.10596,1.19897,0.28833,-0.00407,0.99111,0.36346,0.08137,0.74375,0.40399,0.12875,0.57668,0.43467,0.17102,0.82599,0.10094,0.18716,0.42692,0.14894,0.44352,0.1892,0.35155,0.38054,-0.02464,0.35764,0.09309,0.82495,0.23043,0.00626,0.45167,0.10819,0.12275,0.06724,0.15206,-0.04749,-0.04237,0.05861
31.28,0.16946,0.9089,0.18912,-0.04488,1.2905,0.10509,-0.08894,1.50615,0.04745,0.05658,1.23053,-0.06547,0.17531,1.03524,-0.14912,0.17334,0.77378,-0.19114,0.14545,0.60387,-0.22921,-0.11096,1.21383,0.28601,-0.00769,1.00661,0.36104,0.07938,0.75989,0.40202,0.12883,0.5934,0.43255,0.16456,0.8403,0.09642,0.18526,0.44191,0.14821,0.4406,0.19561,0.34165,0.38318,-0.01943,0.35535,0.0864,0.8376,0.22575,0.01279,0.45885,0.11195,0.12209,0.0718,0.15115,-0.04692,-0.03822,0.05598
31.3,0.16228,0.92029,0.18534,-0.04842,1.3044,0.10358,-0.0923,1.51999,0.04555,0.05314,1.24491,-0.06708,0.17073,1.04938,-0.15177,0.15778,0.78803,-0.1925,0.12228,0.61922,-0.22914,-0.11583,1.22687,0.28365,-0.01279,1.01927,0.35793,0.07385,0.77231,0.39838,0.12385,0.60585,0.42818,0.15795,0.85247,0.09204,0.18155,0.45448,0.14557,0.43664,0.20278,0.33228,0.38499,-0.01327,0.35185,0.07952,0.84824,0.22116,0.01809,0.465,0.11548,0.12178,0.07596,0.14988,-0.04606,-0.03451,0.05317
31.32,0.1548,0.92646,0.18173,-0.04995,1.31434,0.10271,-0.09379,1.52967,0.04369,0.05276,1.25576,-0.06758,0.16584,1.05952,-0.15665,0.13923,0.79925,-0.19771,0.09535,0.63244,-0.23441,-0.1204,1.23536,0.28098,-0.02157,1.02487,0.35279,0.05973,0.77566,0.39046,0.10687,0.60802,0.41826,0.151,0.85922,0.08798,0.17337,0.46072,0.13813,0.43173,0.21181,0.32408,0.38524,-0.00529,0.34482,0.07221,0.85387,0.21685,0.01972,0.4674,0.11832,0.12135,0.07745,0.14831,-0.04587,-0.03329,0.05084
31.34,0.14718,0.93056,0.17819,-0.0507,1.32259,0.10219,-0.09449,1.53758,0.04193,0.05353,1.26502,-0.06752,0.16093,1.06821,-0.16219,0.11997,0.80995,-0.20413,0.0676,0.64576,-0.24149,-0.1248,1.24203,0.27826,-0.03182,1.02782,0.3468,0.04211,0.77578,0.38059,0.08489,0.60656,0.40576,0.14391,0.86383,0.08406,0.16348,0.46454,0.12878,0.42641,0.2215,0.31608,0.38493,0.00333,0.33631,0.06473,0.85749,0.21264,0.0199,0.4684,0.12088,0.12052,0.07792,0.14702,-0.04639,-0.03298,0.0492
31.36,0.13962,0.93552,0.17461,-0.05174,1.33135,0.1017,-0.09541,1.54603,0.04023,0.05377,1.27465,-0.06751,0.15614,1.07766,-0.16724,0.10169,0.822,-0.2097,0.04116,0.66073,-0.24747,-0.12917,1.24943,0.27569,-0.04142,1.03205,0.34111,0.02592,0.77772,0.37128,0.06489,0.60723,0.39396,0.13687,0.86934,0.08008,0.15438,0.46946,0.12023,0.42113,0.23089,0.30789,0.3848,0.01182,0.32821,0.05734,0.86195,0.20839,0.02077,0.47042,0.12359,0.11955,0.07925,0.14618,-0.04696,-0.03177,0.04782
31.38,0.13205,0.94077,0.17104,-0.0528,1.34026,0.10133,-0.09609,1.5546,0.03846,0.05406,1.28443,-0.06733,0.15146,1.08787,-0.17272,0.08362,0.83536,-0.21475,0.01515,0.67724,-0.25229,-0.13358,1.25702,0.27316,-0.05064,1.03685,0.33543,0.01058,0.78058,0.36207,0.04627,0.60907,0.38225,0.12987,0.87515,0.0761,0.14537,0.47477,0.11176,0.41617,0.24132,0.30005,0.38501,0.02152,0.32121,0.04993,0.86669,0.20409,0.02192,0.47291,0.12677,0.11832,0.08096,0.14585,-0.04783,-0.0301,0.04691
31.4,0.12449,0.94494,0.16749,-0.05358,1.34806,0.10113,-0.09673,1.56207,0.03703,0.05451,1.29298,-0.06698,0.14685,1.09665,-0.17727,0.06645,0.84804,-0.22038,-0.00978,0.69375,-0.25888,-0.13768,1.26368,0.27079,-0.06085,1.04031,0.32939,-0.00716,0.78195,0.35172,0.02385,0.60921,0.36902,0.12278,0.87984,0.07219,0.13586,0.47894,0.10268,0.41018,0.25016,0.29161,0.38415,0.0296,0.31166,0.04255,0.8704,0.19993,0.02224,0.47492,0.12917,0.11687,0.08242,0.1457,-0.04901,-0.02864,0.04631
31.42,0.11695,0.94672,0.16401,-0.05376,1.35356,0.10112,-0.09757,1.56724,0.03636,0.0552,1.2989,-0.06656,0.14214,1.10143,-0.17917,0.05031,0.85791,-0.22817,-0.03373,0.70893,-0.27105,-0.14105,1.26838,0.26876,-0.07358,1.04082,0.32257,-0.03086,0.77997,0.33887,-0.00812,0.60563,0.35248,0.11543,0.88201,0.06844,0.12538,0.48057,0.09243,0.40179,0.25458,0.28167,0.38109,0.03298,0.29553,0.03519,0.87183,0.19612,0.02069,0.47541,0.12934,0.11564,0.08295,0.14502,-0.05011,-0.02814,0.04546
31.44,0.10945,0.94749,0.16056,-0.05364,1.35797,0.10121,-0.09838,1.5713,0.03592,0.05606,1.30356,-0.06608,0.1373,1.10458,-0.18024,0.03488,0.86704,-0.23699,-0.05653,0.7243,-0.28564,-0.14407,1.27219,0.26687,-0.08731,1.04053,0.31526,-0.05696,0.77762,0.32469,-0.04389,0.60201,0.33417,0.10801,0.88311,0.06476,0.11441,0.48125,0.08167,0.39227,0.25732,0.27123,0.3769,0.03493,0.27706,0.02788,0.87231,0.19246,0.01836,0.47524,0.12866,0.1145,0.08306,0.1441,-0.05119,-0.02809,0.0445
31.46,0.10197,0.94869,0.1571,-0.0536,1.36258,0.10134,-0.09905,1.57553,0.03531,0.05685,1.30842,-0.06553,0.13242,1.10841,-0.18179,0.01974,0.87737,-0.24548,-0.0785,0.74117,-0.29931,-0.14712,1.27628,0.265,-0.10055,1.0413,0.30795,-0.08196,0.77714,0.31062,-0.07794,0.60092,0.31597,0.10064,0.88467,0.06106,0.1036,0.48254,0.07116,0.38297,0.2608,0.26109,0.37286,0.03804,0.25992,0.02059,0.8732,0.18875,0.01638,0.4755,0.12838,0.11328,0.08349,0.14338,-0.05231,-0.0277,0.04366
31.48,0.0943,0.94994,0.15365,-0.05339,1.36718,0.10154,-0.09948,1.5797,0.03457,0.05784,1.31316,-0.06486,0.12754,1.11222,-0.18317,0.00427,0.88875,-0.25386,-0.10082,0.76009,-0.31305,-0.15013,1.28051,0.26312,-0.11403,1.04273,0.3004,-0.10721,0.77803,0.29624,-0.11228,0.60176,0.29743,0.09314,0.88629,0.05736,0.09284,0.48404,0.0605,0.3739,0.26544,0.25156,0.36996,0.04263,0.2432,0.0131,0.87412,0.18499,0.01444,0.4759,0.12809,0.11209,0.08406,0.14265,-0.0534,-0.02717,0.0428
31.5,0.08705,0.95087,0.15018,-0.0533,1.37107,0.10171,-0.10006,1.58319,0.03395,0.05852,1.31717,-0.06433,0.12248,1.11561,-0.18481,-0.00918,0.89944,-0.26271,-0.1195,0.77791,-0.32719,-0.15288,1.28413,0.26141,-0.12714,1.04418,0.29288,-0.13223,0.77965,0.28149,-0.14649,0.60391,0.27829,0.08591,0.88755,0.05367,0.08184,0.48532,0.05009,0.36371,0.26762,0.24098,0.3642,0.04515,0.22569,0.00605,0.87477,0.18136,0.01229,0.47615,0.12763,0.11084,0.08453,0.14197,-0.05455,-0.02675,0.04201
31.52,0.0809,0.95124,0.14659,-0.05362,1.37374,0.10168,-0.10124,1.58557,0.03363,0.05836,1.32004,-0.06432,0.11721,1.11845,-0.18732,-0.0183,0.90749,-0.27254,-0.13092,0.79071,-0.34166,-0.1552,1.28651,0.25996,-0.13925,1.04502,0.28563,-0.15647,0.78146,0.26631,-0.17998,0.60688,0.25832,0.0794,0.88813,0.04995,0.0703,0.48608,0.04039,0.3511,0.2636,0.22732,0.35133,0.04161,0.20615,0.00015,0.87496,0.17797,0.00978,0.47606,0.12687,0.10948,0.08474,0.14132,-0.05579,-0.02668,0.04131
31.54,0.07518,0.95134,0.14298,-0.05407,1.37583,0.10152,-0.1026,1.58742,0.03336,0.05789,1.32233,-0.06456,0.11186,1.12094,-0.19011,-0.02558,0.91432,-0.28259,-0.1393,0.80134,-0.35608,-0.15729,1.28837,0.2586,-0.15099,1.0459,0.27853,-0.18039,0.78414,0.25111,-0.2132,0.61136,0.23823,0.07318,0.8884,0.04624,0.05848,0.48668,0.03105,0.33728,0.25723,0.21246,0.33529,0.03587,0.18563,-0.0053,0.87492,0.17471,0.00711,0.47581,0.12592,0.1081,0.08483,0.14065,-0.05704,-0.02674,0.04061
31.56,0.0693,0.95154,0.13938,-0.0544,1.378,0.10132,-0.10378,1.58931,0.03288,0.05756,1.32461,-0.06479,0.10652,1.1235,-0.19282,-0.0332,0.9217,-0.29224,-0.14824,0.81299,-0.37001,-0.15938,1.29042,0.25717,-0.16276,1.04748,0.27136,-0.20416,0.7883,0.23607,-0.2461,0.61792,0.21846,0.06685,0.88878,0.04254,0.04669,0.48756,0.02167,0.32364,0.25209,0.19813,0.32004,0.03153,0.16548,-0.01092,0.87497,0.17139,0.00455,0.47568,0.125,0.10676,0.08502,0.13994,-0.05826,-0.02668,0.03985
31.58,0.06325,0.95177,0.13576,-0.05455,1.3802,0.10122,-0.10472,1.59117,0.03232,0.05756,1.32692,-0.06483,0.10138,1.12633,-0.19552,-0.0412,0.93015,-0.3019,-0.15775,0.82627,-0.38389,-0.16149,1.29253,0.25567,-0.17489,1.04966,0.26379,-0.22845,0.79394,0.22049,-0.27952,0.62665,0.19812,0.06037,0.8892,0.0388,0.03481,0.48863,0.01223,0.31012,0.24785,0.18402,0.30576,0.02816,0.14601,-0.01671,0.87503,0.16804,0.00198,0.47561,0.12406,0.10546,0.08529,0.13917,-0.05944,-0.02653,0.03901
31.6,0.05766,0.9519,0.13219,-0.05497,1.38195,0.10074,-0.10593,1.59266,0.03162,0.05693,1.32865,-0.06545,0.0959,1.12855,-0.19839,-0.04735,0.93641,-0.31104,-0.16426,0.8361,-0.39687,-0.16334,1.29435,0.25423,-0.18598,1.05204,0.25706,-0.25095,0.80036,0.20639,-0.31076,0.63664,0.17961,0.05428,0.88949,0.03515,0.02286,0.48971,0.00329,0.29548,0.2419,0.16928,0.28795,0.02345,0.12516,-0.02204,0.87503,0.1648,-0.00053,0.47552,0.12304,0.10414,0.08552,0.13845,-0.06064,-0.02643,0.03824
31.62,0.0532,0.95186,0.12879,-0.05621,1.38289,0.09942,-0.108,1.59358,0.03086,0.05455,1.32934,-0.06745,0.08933,1.12929,-0.20162,-0.04955,0.93677,-0.319,-0.16449,0.83681,-0.40787,-0.1646,1.29555,0.25305,-0.19453,1.05403,0.25275,-0.26922,0.80633,0.19621,-0.33709,0.64642,0.16584,0.0492,0.88951,0.03173,0.01082,0.49071,-0.00449,0.27819,0.23191,0.15306,0.26138,0.01578,0.10076,-0.02625,0.87494,0.16188,-0.00282,0.47535,0.12193,0.10279,0.08564,0.13792,-0.06191,-0.02648,0.03776
31.64,0.04919,0.95174,0.12544,-0.05777,1.38349,0.09773,-0.11041,1.59425,0.03004,0.05151,1.32963,-0.07001,0.08241,1.12947,-0.20496,-0.05008,0.93496,-0.3264,-0.16201,0.83403,-0.41796,-0.16564,1.29649,0.25193,-0.2021,1.05588,0.2494,-0.2858,0.81232,0.1877,-0.36131,0.65652,0.15422,0.0445,0.8894,0.0284,-0.00124,0.49176,-0.01169,0.25932,0.22062,0.13622,0.23085,0.00799,0.07535,-0.03002,0.87481,0.15908,-0.00504,0.47515,0.12076,0.10145,0.0857,0.13744,-0.06317,-0.02659,0.03735
31.66,0.045,0.95166,0.12205,-0.05917,1.3842,0.09611,-0.11265,1.59498,0.02915,0.04878,1.33005,-0.0724,0.07573,1.12992,-0.20824,-0.05111,0.93423,-0.33373,-0.1603,0.8328,-0.428,-0.16674,1.29753,0.25069,-0.21003,1.05808,0.24571,-0.30281,0.81922,0.17886,-0.38586,0.66799,0.14237,0.03965,0.88936,0.02503,-0.0133,0.49302,-0.01893,0.24029,0.2106,0.11969,0.20122,0.00208,0.05096,-0.03396,0.8747,0.15622,-0.00725,0.475,0.11957,0.10016,0.08583,0.13688,-0.06437,-0.02664,0.03684
31.68,0.04072,0.95157,0.11871,-0.06047,1.38493,0.09462,-0.11474,1.59574,0.02841,0.0461,1.33049,-0.07467,0.06865,1.1305,-0.21151,-0.05253,0.9337,-0.34081,-0.15945,0.83223,-0.4376,-0.16777,1.29857,0.24957,-0.21814,1.06058,0.24213,-0.32017,0.82705,0.17016,-0.41077,0.68098,0.13072,0.03471,0.88931,0.0217,-0.02568,0.49449,-0.02618,0.22082,0.20166,0.10332,0.17113,-0.00192,0.02707,-0.03798,0.87457,0.15339,-0.00944,0.47485,0.11838,0.09892,0.08598,0.13627,-0.06552,-0.02664,0.03626
31.7,0.03673,0.95147,0.11529,-0.06198,1.38548,0.09266,-0.11713,1.59631,0.02725,0.04319,1.33072,-0.0774,0.06234,1.13072,-0.21474,-0.0525,0.93246,-0.34755,-0.15582,0.8297,-0.44686,-0.16882,1.29948,0.24813,-0.22553,1.06298,0.23882,-0.33585,0.83467,0.16243,-0.43326,0.69374,0.12062,0.03005,0.88922,0.01831,-0.03749,0.49598,-0.03288,0.20025,0.19191,0.08672,0.13967,-0.00587,0.00341,-0.04172,0.87447,0.15051,-0.01159,0.47472,0.11711,0.0977,0.08614,0.13566,-0.06665,-0.02669,0.03573
31.72,0.03344,0.95142,0.11171,-0.064,1.38574,0.08967,-0.12032,1.59655,0.02515,0.03981,1.33061,-0.0811,0.05829,1.13012,-0.21783,-0.04887,0.92964,-0.35369,-0.14501,0.82239,-0.45543,-0.17004,1.30013,0.24589,-0.23139,1.06483,0.23581,-0.34793,0.84074,0.15622,-0.45078,0.70415,0.11303,0.02605,0.88909,0.01484,-0.04776,0.49727,-0.0385,0.17742,0.17962,0.06958,0.10576,-0.01141,-0.02041,-0.04479,0.87448,0.14754,-0.01364,0.47468,0.11577,0.09646,0.08637,0.13515,-0.06775,-0.02687,0.03546
31.74,0.03043,0.95137,0.10805,-0.06624,1.38588,0.08624,-0.12382,1.59663,0.02266,0.03619,1.33033,-0.08523,0.05504,1.12916,-0.2209,-0.04374,0.92617,-0.35936,-0.13142,0.81341,-0.46278,-0.17131,1.30066,0.24333,-0.23656,1.06642,0.23301,-0.35843,0.84614,0.15082,-0.46606,0.71361,0.10665,0.02232,0.88893,0.01131,-0.05741,0.49848,-0.04361,0.15307,0.16714,0.05227,0.07029,-0.01631,-0.04377,-0.0476,0.87453,0.14453,-0.01565,0.47467,0.11437,0.09523,0.08662,0.13468,-0.06883,-0.0271,0.03528
31.76,0.0273,0.95131,0.10439,-0.06839,1.38605,0.08293,-0.12716,1.59675,0.02029,0.03265,1.3301,-0.08923,0.05142,1.12833,-0.22401,-0.0391,0.92307,-0.36475,-0.11894,0.80554,-0.4692,-0.17254,1.30124,0.24085,-0.24194,1.06821,0.2302,-0.3693,0.85207,0.14538,-0.48173,0.72394,0.10019,0.01847,0.88877,0.00778,-0.06728,0.49983,-0.04877,0.1282,0.15629,0.03521,0.03462,-0.01889,-0.06619,-0.05051,0.87455,0.1415,-0.01764,0.47465,0.11295,0.09407,0.08689,0.13414,-0.06984,-0.02727,0.03501
31.78,0.02419,0.95128,0.10088,-0.0705,1.38626,0.0798,-0.13046,1.59692,0.01817,0.02919,1.32994,-0.09303,0.0479,1.12763,-0.22702,-0.034,0.92004,-0.36961,-0.10583,0.79753,-0.47415,-0.17377,1.30182,0.2385,-0.24757,1.07017,0.2274,-0.38062,0.85868,0.13964,-0.498,0.73551,0.09326,0.01467,0.88864,0.00439,-0.07744,0.50143,-0.05395,0.10185,0.14665,0.01862,-0.00188,-0.01917,-0.0885,-0.05341,0.8746,0.1386,-0.01954,0.47467,0.11163,0.09299,0.08719,0.1336,-0.07076,-0.02743,0.03473
31.8,0.02107,0.95118,0.09704,-0.07274,1.38636,0.07617,-0.13389,1.59694,0.01545,0.02549,1.32959,-0.09735,0.04438,1.12659,-0.23026,-0.0292,0.91692,-0.37433,-0.09343,0.79013,-0.47872,-0.17499,1.30235,0.23575,-0.25248,1.0719,0.22478,-0.3903,0.86429,0.13514,-0.51172,0.74535,0.08815,0.0108,0.88843,0.0007,-0.08687,0.50274,-0.05866,0.07582,0.13784,0.00186,-0.03831,-0.01873,-0.10853,-0.0563,0.8746,0.13542,-0.02157,0.47463,0.11005,0.09183,0.08747,0.13301,-0.07177,-0.02759,0.03442
31.82,0.01789,0.95095,0.0924,-0.07536,1.38624,0.07133,-0.13768,1.59667,0.01128,0.02115,1.32888,-0.10295,0.04081,1.12474,-0.234,-0.02528,0.91346,-0.37934,-0.08251,0.78398,-0.48449,-0.17626,1.30281,0.23207,-0.2556,1.07293,0.22248,-0.39615,0.8669,0.13342,-0.51972,0.74996,0.08702,0.00677,0.88806,-0.00375,-0.0945,0.50319,-0.06241,0.05159,0.12935,-0.01564,-0.07455,-0.01965,-0.12341,-0.05921,0.87449,0.13155,-0.02399,0.47447,0.10781,0.09045,0.0877,0.13235,-0.07307,-0.02773,0.03404
31.84,0.01467,0.95065,0.08743,-0.07811,1.38603,0.06602,-0.1416,1.59627,0.00654,0.01655,1.328,-0.10906,0.03722,1.1226,-0.23796,-0.02174,0.90979,-0.38413,-0.0722,0.77808,-0.48999,-0.17752,1.30322,0.22801,-0.25802,1.07368,0.2203,-0.4005,0.8683,0.13283,-0.52549,0.75243,0.08753,0.00265,0.8876,-0.00851,-0.10137,0.50325,-0.06573,0.02749,0.1217,-0.03259,-0.11081,-0.02015,-0.13497,-0.06215,0.87432,0.12739,-0.02654,0.47424,0.10533,0.08901,0.08792,0.13167,-0.07443,-0.02787,0.03366
31.86,0.01141,0.95037,0.08256,-0.0808,1.38585,0.06087,-0.14547,1.59592,0.00202,0.01203,1.32718,-0.11497,0.03357,1.12064,-0.24189,-0.01814,0.90617,-0.38838,-0.06188,0.77201,-0.49414,-0.17877,1.30366,0.22405,-0.26073,1.07458,0.21808,-0.40547,0.87024,0.1319,-0.53212,0.75583,0.08754,-0.00151,0.88716,-0.01315,-0.10854,0.50345,-0.06914,0.00222,0.1154,-0.04833,-0.1473,-0.01853,-0.14545,-0.06512,0.87418,0.12333,-0.02902,0.47405,0.10294,0.08764,0.08819,0.13096,-0.0757,-0.028,0.03325
31.88,0.0084,0.95013,0.07789,-0.08356,1.38565,0.05584,-0.14935,1.59556,-0.00229,0.00753,1.32638,-0.12071,0.03044,1.11874,-0.24558,-0.0128,0.9024,-0.39207,-0.04888,0.76557,-0.49731,-0.18005,1.30403,0.22018,-0.26335,1.07539,0.21583,-0.41026,0.87225,0.13048,-0.53873,0.75965,0.08674,-0.00534,0.88679,-0.01763,-0.11577,0.5039,-0.07259,-0.02541,0.11015,-0.06366,-0.18601,-0.015,-0.15461,-0.06784,0.87404,0.11939,-0.03128,0.47388,0.10054,0.08654,0.08849,0.13019,-0.07671,-0.02805,0.03275
31.9,0.00487,0.94978,0.07272,-0.08624,1.38546,0.05042,-0.15324,1.59515,-0.00714,0.00289,1.32549,-0.12689,0.02631,1.11678,-0.24987,-0.01081,0.89884,-0.39566,-0.0413,0.75984,-0.49982,-0.18124,1.30453,0.21596,-0.26589,1.07636,0.21365,-0.41489,0.87389,0.13038,-0.54462,0.7622,0.08804,-0.00985,0.88624,-0.02252,-0.12261,0.50378,-0.07569,-0.05042,0.10619,-0.07668,-0.22061,-0.01097,-0.16054,-0.07104,0.87387,0.11513,-0.03391,0.47368,0.09805,0.08509,0.0888,0.12946,-0.07803,-0.02821,0.03235
31.92,-9e-05,0.94912,0.06624,-0.08862,1.38534,0.04399,-0.15712,1.59459,-0.01338,-0.00205,1.32436,-0.13424,0.01936,1.1146,-0.25578,-0.0183,0.89584,-0.4002,-0.04886,0.75588,-0.50305,-0.18212,1.30542,0.21087,-0.2684,1.07785,0.21161,-0.41947,0.87481,0.13361,-0.54909,0.76175,0.09471,-0.01625,0.88515,-0.02847,-0.12858,0.50208,-0.07803,-0.06665,0.10283,-0.08541,-0.24365,-0.00928,-0.16177,-0.07557,0.87358,0.11005,-0.03755,0.47338,0.0954,0.08268,0.08905,0.12886,-0.08019,-0.02872,0.03227
31.94,-0.00556,0.94834,0.05926,-0.0909,1.3852,0.03708,-0.16102,1.59393,-0.02023,-0.00711,1.32311,-0.1421,0.01141,1.11229,-0.26227,-0.02917,0.89301,-0.40512,-0.06178,0.75256,-0.50665,-0.18288,1.30642,0.20534,-0.27078,1.07951,0.20956,-0.42371,0.87547,0.13806,-0.55261,0.76026,0.10329,-0.02331,0.88387,-0.03482,-0.13408,0.49981,-0.0801,-0.07978,0.09957,-0.09228,-0.26242,-0.00859,-0.1606,-0.08055,0.87324,0.10465,-0.04147,0.47305,0.09263,0.08009,0.08933,0.12823,-0.08247,-0.02934,0.03222
31.96,-0.01078,0.94761,0.05253,-0.09323,1.38501,0.03027,-0.16493,1.59326,-0.02688,-0.01213,1.32187,-0.14978,0.00396,1.11001,-0.26846,-0.03838,0.89006,-0.40974,-0.0721,0.7489,-0.50991,-0.18368,1.30733,0.19986,-0.27307,1.0811,0.20742,-0.42772,0.87634,0.14193,-0.55605,0.75943,0.11089,-0.03003,0.88267,-0.04094,-0.13961,0.49783,-0.08229,-0.09466,0.09659,-0.09883,-0.28282,-0.00703,-0.15871,-0.08526,0.87292,0.09941,-0.04509,0.47278,0.08986,0.07786,0.08969,0.1275,-0.0844,-0.02984,0.03204
31.98,-0.01607,0.94687,0.04573,-0.0956,1.38481,0.0233,-0.16889,1.59255,-0.03367,-0.01722,1.3206,-0.15757,-0.00359,1.1077,-0.27472,-0.0478,0.88707,-0.41436,-0.08273,0.74521,-0.51311,-0.18448,1.30824,0.19422,-0.27531,1.08272,0.20521,-0.43153,0.87728,0.14586,-0.55916,0.75869,0.11855,-0.03683,0.88146,-0.04708,-0.14506,0.49583,-0.08448,-0.10968,0.0938,-0.10456,-0.30286,-0.00524,-0.15555,-0.09001,0.8726,0.09411,-0.04866,0.47252,0.08703,0.07577,0.09012,0.12668,-0.08616,-0.0303,0.03179
32,-0.02135,0.94613,0.03893,-0.09795,1.38458,0.01623,-0.17285,1.5918,-0.04053,-0.02231,1.31929,-0.16541,-0.01113,1.10539,-0.28097,-0.0573,0.88409,-0.41891,-0.09354,0.74156,-0.51622,-0.18526,1.30914,0.18847,-0.27743,1.08436,0.20292,-0.43505,0.87828,0.1498,-0.56186,0.75804,0.12617,-0.0436,0.88025,-0.0532,-0.15033,0.49384,-0.08666,-0.12451,0.09123,-0.1094,-0.32214,-0.00326,-0.15116,-0.09472,0.87228,0.08881,-0.0521,0.47231,0.08415,0.07386,0.09062,0.12577,-0.08771,-0.03071,0.03143
