T,M1x,M1y,M1z,M2x,M2y,M2z,M3x,M3y,M3z,M4x,M4y,M4z,M5x,M5y,M5z,M6x,M6y,M6z,M7x,M7y,M7z,M8x,M8y,M8z,M9x,M9y,M9z,M10x,M10y,M10z,M11x,M11y,M11z,M12x,M12y,M12z,M13x,M13y,M13z,M14x,M14y,M14z,M15x,M15y,M15z,M16x,M16y,M16z,M17x,M17y,M17z,M18x,M18y,M18z,M19x,M19y,M19z,M20x,M20y,M20z
0,0.00026,5e-05,-0.00048,0.10414,0.43343,0.0019,0.09079,0.66038,0.01141,0.0772,0.37106,-0.19396,0.07474,0.39384,-0.43626,0.05468,0.40119,-0.70022,0.04697,0.38392,-0.87555,0.06123,0.37275,0.19543,0.05249,0.39386,0.43773,0.04147,0.39229,0.70233,0.0278,0.35986,0.87512,0.00959,-0.08365,-0.07942,-0.0122,-0.48187,-0.13205,0.10884,-0.86486,-0.17617,-0.03639,-1.02553,-0.22929,0.00762,-0.08982,0.07158,-0.03534,-0.48843,0.10445,0.0915,-0.87021,0.14245,-0.05024,-1.03851,0.17871
0.02,0.00045,5e-05,-0.00051,0.10427,0.43345,0.00171,0.09078,0.66039,0.01108,0.07734,0.371,-0.19413,0.07495,0.39345,-0.43645,0.05492,0.40048,-0.70043,0.04729,0.38301,-0.87574,0.06137,0.37283,0.19527,0.05262,0.3941,0.43756,0.04162,0.3927,0.70215,0.02792,0.3605,0.87499,0.00972,-0.08366,-0.07945,-0.01214,-0.48187,-0.1321,0.10883,-0.86489,-0.17619,-0.03642,-1.02552,-0.22937,0.00785,-0.08981,0.07156,-0.03524,-0.48839,0.10477,0.09152,-0.87022,0.14243,-0.05021,-1.0384,0.17925
0.04,0.00063,5e-05,-0.00054,0.10439,0.43346,0.00153,0.09076,0.6604,0.01075,0.07747,0.37094,-0.19429,0.07514,0.39306,-0.43665,0.05514,0.39977,-0.70063,0.0476,0.3821,-0.87593,0.0615,0.3729,0.19511,0.05275,0.39434,0.43738,0.04175,0.39312,0.70197,0.02802,0.36115,0.87485,0.00984,-0.08366,-0.07948,-0.01209,-0.48187,-0.13216,0.10882,-0.86491,-0.17621,-0.03646,-1.02551,-0.22944,0.00807,-0.08981,0.07153,-0.03514,-0.48834,0.10509,0.09154,-0.87024,0.14241,-0.0502,-1.03829,0.17979
0.06,0.00081,5e-05,-0.00057,0.10451,0.43348,0.00134,0.09074,0.66041,0.01042,0.0776,0.37088,-0.19445,0.07534,0.39267,-0.43684,0.05537,0.39906,-0.70083,0.04791,0.38119,-0.87611,0.06163,0.37298,0.19494,0.05288,0.39458,0.4372,0.04188,0.39353,0.7018,0.02812,0.36179,0.87472,0.00997,-0.08367,-0.07951,-0.01204,-0.48186,-0.13221,0.1088,-0.86494,-0.17623,-0.03649,-1.0255,-0.22951,0.00829,-0.0898,0.0715,-0.03504,-0.48829,0.10541,0.09155,-0.87025,0.1424,-0.05018,-1.03819,0.18033
0.08,0.001,5e-05,-0.00059,0.10464,0.43349,0.00117,0.09073,0.66043,0.0101,0.07774,0.37082,-0.19461,0.07555,0.39228,-0.43702,0.05561,0.39836,-0.70103,0.04824,0.38028,-0.87629,0.06177,0.37306,0.19479,0.05302,0.39482,0.43703,0.04202,0.39394,0.70163,0.02824,0.36243,0.87459,0.0101,-0.08368,-0.07953,-0.01198,-0.48186,-0.13225,0.10879,-0.86496,-0.17624,-0.03652,-1.02549,-0.22957,0.00852,-0.0898,0.07148,-0.03493,-0.48825,0.10574,0.09157,-0.87027,0.14239,-0.05015,-1.03808,0.18088
0.1,0.00118,5e-05,-0.00062,0.10477,0.43351,0.00099,0.0907,0.66044,0.00978,0.07787,0.37076,-0.19477,0.07575,0.39189,-0.43722,0.05585,0.39765,-0.70123,0.04855,0.37937,-0.87647,0.0619,0.37314,0.19463,0.05315,0.39506,0.43686,0.04215,0.39435,0.70145,0.02834,0.36307,0.87445,0.01022,-0.08368,-0.07955,-0.01193,-0.48186,-0.1323,0.10878,-0.86499,-0.17626,-0.03656,-1.02548,-0.22964,0.00874,-0.08979,0.07145,-0.03484,-0.4882,0.10606,0.09158,-0.87028,0.14237,-0.05014,-1.03797,0.18142
0.12,0.00136,5e-05,-0.00065,0.10489,0.43352,0.0008,0.09068,0.66045,0.00945,0.078,0.3707,-0.19493,0.07595,0.3915,-0.43741,0.05608,0.39695,-0.70143,0.04888,0.37846,-0.87666,0.06203,0.37322,0.19446,0.05328,0.3953,0.43668,0.04229,0.39476,0.70127,0.02844,0.36372,0.87431,0.01035,-0.08369,-0.07958,-0.01188,-0.48186,-0.13236,0.10876,-0.86501,-0.17628,-0.03659,-1.02546,-0.22971,0.00896,-0.08979,0.07143,-0.03474,-0.48815,0.10638,0.09158,-0.87029,0.14236,-0.05012,-1.03786,0.18197
0.14,0.00155,5e-05,-0.00068,0.10502,0.43354,0.00062,0.09067,0.66046,0.00912,0.07814,0.37065,-0.19509,0.07617,0.39111,-0.4376,0.05633,0.39624,-0.70163,0.04921,0.37755,-0.87684,0.06216,0.3733,0.1943,0.05341,0.39553,0.4365,0.04243,0.39517,0.7011,0.02856,0.36436,0.87417,0.01048,-0.0837,-0.07961,-0.01182,-0.48186,-0.13241,0.10875,-0.86504,-0.17629,-0.03662,-1.02545,-0.22978,0.00918,-0.08978,0.0714,-0.03463,-0.4881,0.1067,0.0916,-0.87031,0.14234,-0.0501,-1.03775,0.18251
0.16,0.00173,5e-05,-0.0007,0.10514,0.43355,0.00044,0.09065,0.66047,0.00881,0.07827,0.37059,-0.19524,0.07637,0.39071,-0.43778,0.05657,0.39553,-0.70182,0.04953,0.37664,-0.87701,0.06229,0.37337,0.19415,0.05354,0.39577,0.43633,0.04256,0.39557,0.70093,0.02865,0.36498,0.87404,0.0106,-0.0837,-0.07963,-0.01177,-0.48186,-0.13245,0.10874,-0.86506,-0.17631,-0.03665,-1.02544,-0.22984,0.0094,-0.08978,0.07138,-0.03453,-0.48805,0.10702,0.0916,-0.87032,0.14233,-0.05008,-1.03764,0.18305
0.18,0.00192,5e-05,-0.00074,0.10527,0.43357,0.00024,0.09063,0.66048,0.00846,0.07841,0.37053,-0.19542,0.07657,0.39034,-0.43798,0.05682,0.39484,-0.70203,0.04989,0.37577,-0.87721,0.06243,0.37345,0.19397,0.05368,0.39602,0.43614,0.04271,0.39601,0.70073,0.02879,0.36569,0.8739,0.01073,-0.08371,-0.07967,-0.01172,-0.48186,-0.13252,0.10872,-0.86509,-0.17633,-0.03669,-1.02543,-0.22992,0.00964,-0.08977,0.07134,-0.03442,-0.488,0.10735,0.0916,-0.87034,0.14231,-0.05006,-1.03752,0.18362
0.2,0.00209,5e-05,-0.00075,0.10538,0.43358,9e-05,0.09061,0.66049,0.00817,0.07854,0.37047,-0.19555,0.07679,0.38993,-0.43814,0.05705,0.39412,-0.7022,0.05019,0.37481,-0.87735,0.06255,0.37353,0.19384,0.05379,0.39623,0.43599,0.04281,0.39637,0.70059,0.02883,0.36622,0.87378,0.01085,-0.08372,-0.07968,-0.01167,-0.48186,-0.13255,0.10871,-0.86511,-0.17634,-0.03672,-1.02542,-0.22997,0.00984,-0.08977,0.07133,-0.03433,-0.48796,0.10765,0.09161,-0.87035,0.1423,-0.05005,-1.03742,0.18411
0.22,0.00222,3e-05,-0.0007,0.10548,0.43357,6e-05,0.0906,0.66047,0.00802,0.07867,0.37041,-0.19557,0.07707,0.38938,-0.4382,0.05726,0.39328,-0.70226,0.05031,0.37356,-0.87736,0.06262,0.37355,0.19381,0.05383,0.3963,0.43596,0.04281,0.39648,0.70056,0.02857,0.36623,0.87371,0.01095,-0.08374,-0.07963,-0.01163,-0.48188,-0.1325,0.10871,-0.86513,-0.17634,-0.03675,-1.02544,-0.22992,0.00996,-0.08979,0.07138,-0.03427,-0.48796,0.10783,0.09162,-0.87038,0.14229,-0.05003,-1.0374,0.18434
0.24,0.00233,1e-05,-0.00063,0.10557,0.43355,7e-05,0.09058,0.66046,0.00792,0.0788,0.37036,-0.19556,0.07737,0.38879,-0.43823,0.05747,0.39242,-0.70228,0.0504,0.37223,-0.87732,0.06268,0.37357,0.19383,0.05383,0.39632,0.43598,0.04275,0.39651,0.70057,0.02819,0.36606,0.87366,0.01104,-0.08376,-0.07956,-0.0116,-0.4819,-0.13243,0.10871,-0.86515,-0.17634,-0.03678,-1.02545,-0.22986,0.01006,-0.08981,0.07145,-0.03423,-0.48797,0.10796,0.09163,-0.87042,0.14228,-0.05002,-1.03739,0.18447
0.26,0.00244,-1e-05,-0.00057,0.10566,0.43354,6e-05,0.09057,0.66044,0.0078,0.07893,0.37031,-0.19555,0.07764,0.38824,-0.43826,0.05768,0.39158,-0.70231,0.05054,0.37099,-0.87731,0.06274,0.37359,0.19383,0.05383,0.39636,0.43597,0.04271,0.39657,0.70056,0.02785,0.36598,0.8736,0.01113,-0.08378,-0.07951,-0.01157,-0.48191,-0.13237,0.10871,-0.86517,-0.17634,-0.03681,-1.02546,-0.22981,0.01016,-0.08984,0.07151,-0.03419,-0.48797,0.10812,0.09164,-0.87045,0.14227,-0.05002,-1.03738,0.18465
0.28,0.00256,-4e-05,-0.00051,0.10574,0.43352,5e-05,0.09054,0.66042,0.00766,0.07904,0.37024,-0.19556,0.07797,0.38762,-0.43831,0.05794,0.39072,-0.70236,0.05062,0.36963,-0.87729,0.06279,0.37361,0.19382,0.05385,0.3964,0.43596,0.0427,0.39663,0.70055,0.02754,0.36588,0.87353,0.01122,-0.08381,-0.07945,-0.01154,-0.48194,-0.1323,0.1087,-0.8652,-0.17635,-0.03685,-1.02549,-0.22973,0.01028,-0.08987,0.07157,-0.03414,-0.48799,0.10825,0.09164,-0.87049,0.14225,-0.05002,-1.03738,0.1848
0.3,0.00267,-5e-05,-0.00044,0.10586,0.4335,7e-05,0.09056,0.6604,0.00757,0.07921,0.3702,-0.19554,0.07823,0.38714,-0.43832,0.05816,0.38993,-0.70237,0.05086,0.36852,-0.87726,0.06286,0.37363,0.19384,0.05385,0.39642,0.43597,0.04262,0.39667,0.70056,0.02717,0.36578,0.87349,0.01131,-0.08382,-0.07938,-0.01151,-0.48195,-0.13225,0.10871,-0.86521,-0.17634,-0.03686,-1.02548,-0.22971,0.01037,-0.08988,0.07164,-0.03409,-0.48799,0.10842,0.09166,-0.87052,0.14225,-0.04999,-1.03735,0.185
0.32,0.00272,-6e-05,-0.00033,0.10608,0.43345,0.00019,0.0907,0.66035,0.00759,0.07954,0.37013,-0.19542,0.07822,0.38697,-0.43821,0.05817,0.38917,-0.70227,0.05148,0.36799,-0.87721,0.06293,0.37362,0.19394,0.05374,0.39638,0.43607,0.04233,0.39658,0.70065,0.02665,0.3657,0.87356,0.01135,-0.08384,-0.07927,-0.01148,-0.48194,-0.13228,0.10871,-0.86522,-0.17632,-0.03685,-1.02544,-0.22989,0.01036,-0.08989,0.07175,-0.0341,-0.48798,0.10875,0.09167,-0.87053,0.14227,-0.04995,-1.0373,0.18539
0.34,0.00276,-6e-05,-0.00021,0.10636,0.4334,0.00035,0.0909,0.66029,0.00765,0.07993,0.37007,-0.19528,0.07812,0.38691,-0.43806,0.05813,0.38844,-0.70213,0.0522,0.3677,-0.87715,0.06302,0.37361,0.19407,0.0536,0.39632,0.4362,0.04198,0.39646,0.70077,0.02609,0.36562,0.87367,0.01139,-0.08384,-0.07914,-0.01145,-0.48192,-0.13233,0.10871,-0.86522,-0.17628,-0.03681,-1.02538,-0.23013,0.01032,-0.0899,0.07187,-0.03412,-0.48797,0.10911,0.09168,-0.87053,0.1423,-0.04989,-1.03724,0.18583
0.36,0.0028,-6e-05,-0.0001,0.1066,0.43335,0.00049,0.09107,0.66024,0.00769,0.08029,0.37001,-0.19515,0.07807,0.38677,-0.43794,0.05814,0.38771,-0.70201,0.05282,0.36732,-0.87709,0.06309,0.3736,0.19418,0.05347,0.39627,0.43631,0.04166,0.39637,0.70087,0.02554,0.36555,0.87375,0.01142,-0.08384,-0.07903,-0.01143,-0.48191,-0.13237,0.10871,-0.86522,-0.17626,-0.03679,-1.02532,-0.23034,0.01029,-0.0899,0.07199,-0.03413,-0.48795,0.10943,0.09169,-0.87054,0.14232,-0.04985,-1.03718,0.18623
0.38,0.00285,-6e-05,1e-05,0.10686,0.4333,0.00063,0.09125,0.66019,0.00773,0.08066,0.36995,-0.19502,0.07792,0.38661,-0.43781,0.05808,0.38679,-0.70189,0.05346,0.36686,-0.87705,0.06318,0.37359,0.1943,0.05334,0.39621,0.43642,0.04133,0.39624,0.70097,0.025,0.36544,0.87384,0.01147,-0.08385,-0.07891,-0.01139,-0.48189,-0.13243,0.10871,-0.86522,-0.17623,-0.03675,-1.02526,-0.23059,0.01027,-0.0899,0.0721,-0.03414,-0.48793,0.10981,0.0917,-0.87054,0.14235,-0.04979,-1.0371,0.18671
0.4,0.00288,-7e-05,0.00014,0.1071,0.43324,0.0008,0.09142,0.66012,0.0078,0.08102,0.36989,-0.19487,0.07795,0.38648,-0.43766,0.05818,0.38619,-0.70175,0.054,0.36658,-0.87695,0.06325,0.37357,0.19444,0.0532,0.39616,0.43655,0.041,0.39618,0.7011,0.02445,0.36541,0.87395,0.01149,-0.08386,-0.07878,-0.01137,-0.48188,-0.13243,0.10871,-0.86522,-0.1762,-0.03674,-1.02522,-0.23075,0.01023,-0.08992,0.07223,-0.03417,-0.48793,0.1101,0.09169,-0.87056,0.14238,-0.04976,-1.03707,0.18704
0.42,0.00288,-8e-05,0.00033,0.10732,0.43317,0.00105,0.09154,0.66005,0.00798,0.08135,0.36983,-0.19463,0.07859,0.38644,-0.43743,0.05875,0.38655,-0.70151,0.05432,0.36674,-0.87668,0.0633,0.37354,0.19466,0.05303,0.39622,0.43676,0.04066,0.39634,0.70129,0.02393,0.36561,0.87413,0.01148,-0.08388,-0.07859,-0.01139,-0.48189,-0.13227,0.1087,-0.86522,-0.17616,-0.03676,-1.02522,-0.23065,0.01019,-0.08993,0.07243,-0.03422,-0.48795,0.11015,0.09168,-0.87057,0.14241,-0.04978,-1.03711,0.18691
0.44,0.00287,-9e-05,0.00054,0.10753,0.43311,0.00133,0.09165,0.65999,0.0082,0.08166,0.36978,-0.19437,0.07942,0.38646,-0.43716,0.0595,0.38727,-0.70124,0.05457,0.36712,-0.87636,0.06335,0.37349,0.19491,0.05285,0.39632,0.43699,0.04031,0.39658,0.70151,0.02342,0.3659,0.87435,0.01146,-0.08389,-0.07837,-0.01141,-0.48191,-0.13205,0.10869,-0.86521,-0.17611,-0.03679,-1.02524,-0.23045,0.01015,-0.08994,0.07264,-0.03429,-0.48799,0.11011,0.09166,-0.87058,0.14243,-0.04983,-1.03717,0.18665
0.46,0.00287,-0.0001,0.00075,0.10775,0.43305,0.00161,0.09177,0.65992,0.00841,0.08198,0.36973,-0.19411,0.08013,0.38647,-0.4369,0.06018,0.38783,-0.70097,0.05486,0.36745,-0.87606,0.06341,0.37346,0.19516,0.05268,0.3964,0.43721,0.03998,0.39678,0.70173,0.02291,0.36615,0.87456,0.01144,-0.08391,-0.07816,-0.01142,-0.48192,-0.13184,0.10868,-0.8652,-0.17605,-0.03682,-1.02525,-0.23028,0.01011,-0.08995,0.07285,-0.03434,-0.48801,0.11014,0.09165,-0.87059,0.14246,-0.04986,-1.03722,0.18649
0.48,0.00285,-0.00011,0.00095,0.10796,0.43298,0.00188,0.09189,0.65985,0.00861,0.0823,0.36967,-0.19386,0.08096,0.38642,-0.43665,0.06094,0.38846,-0.70071,0.05507,0.36774,-0.87574,0.06345,0.37342,0.1954,0.05249,0.39647,0.43743,0.0396,0.39698,0.70194,0.02235,0.36638,0.87475,0.01141,-0.08392,-0.07796,-0.01145,-0.48193,-0.13165,0.10868,-0.86519,-0.17601,-0.03684,-1.02527,-0.23013,0.01005,-0.08996,0.07306,-0.03441,-0.48805,0.11008,0.09163,-0.8706,0.14248,-0.0499,-1.03729,0.18619
0.5,0.00288,-0.00012,0.00115,0.1082,0.43292,0.00215,0.09202,0.65978,0.00881,0.08262,0.36963,-0.19361,0.08162,0.38648,-0.43639,0.06162,0.38903,-0.70045,0.05543,0.36822,-0.87546,0.06353,0.37338,0.19564,0.05235,0.39656,0.43765,0.03931,0.3972,0.70215,0.02191,0.36668,0.87496,0.01143,-0.08393,-0.07776,-0.01145,-0.48195,-0.13144,0.10867,-0.86519,-0.17597,-0.03687,-1.02528,-0.22995,0.01005,-0.08997,0.07326,-0.03445,-0.48807,0.11016,0.09162,-0.87062,0.1425,-0.04992,-1.03732,0.18611
0.52,0.00302,-0.0001,0.00135,0.10847,0.43291,0.00242,0.09216,0.65976,0.00904,0.08292,0.36965,-0.19334,0.08174,0.38688,-0.43611,0.06195,0.38937,-0.70018,0.05631,0.36916,-0.87527,0.06374,0.37336,0.1959,0.05233,0.39669,0.43788,0.03924,0.39749,0.70238,0.02173,0.36718,0.87522,0.01154,-0.08391,-0.07756,-0.0114,-0.48193,-0.13118,0.10865,-0.86517,-0.17592,-0.03697,-1.02528,-0.22965,0.01016,-0.08996,0.07345,-0.03442,-0.48802,0.11063,0.09161,-0.87062,0.14252,-0.04988,-1.03722,0.18668
0.54,0.00322,-7e-05,0.00155,0.10877,0.43291,0.0027,0.09231,0.65976,0.00926,0.08324,0.36969,-0.19308,0.0817,0.3874,-0.4358,0.06221,0.38967,-0.6999,0.05733,0.37032,-0.87512,0.064,0.37334,0.19616,0.05236,0.39683,0.43812,0.03926,0.3978,0.70262,0.02166,0.36775,0.87549,0.01171,-0.08388,-0.07737,-0.01132,-0.48191,-0.1309,0.10863,-0.86515,-0.17587,-0.03708,-1.02527,-0.22932,0.01033,-0.08993,0.07365,-0.03435,-0.48794,0.11123,0.0916,-0.87062,0.14252,-0.04981,-1.03708,0.18747
0.56,0.00341,-5e-05,0.00174,0.10907,0.43291,0.00297,0.09246,0.65974,0.00948,0.08356,0.36971,-0.19282,0.08176,0.38785,-0.43552,0.06256,0.39002,-0.69963,0.05825,0.37141,-0.87494,0.06424,0.37332,0.19641,0.05238,0.39696,0.43834,0.03924,0.39809,0.70284,0.02154,0.36827,0.87574,0.01187,-0.08386,-0.07718,-0.01125,-0.48189,-0.13065,0.10861,-0.86513,-0.17583,-0.03717,-1.02527,-0.22904,0.01049,-0.08992,0.07383,-0.03429,-0.48789,0.11176,0.09159,-0.87063,0.14252,-0.04976,-1.03697,0.18814
0.58,0.00355,-3e-05,0.00194,0.10934,0.43289,0.00324,0.0926,0.65972,0.0097,0.08385,0.36973,-0.19256,0.08172,0.38833,-0.43522,0.06286,0.39034,-0.69936,0.05922,0.37263,-0.87478,0.06447,0.3733,0.19667,0.05235,0.39709,0.43857,0.03918,0.39839,0.70307,0.02134,0.36881,0.876,0.01198,-0.08384,-0.07699,-0.0112,-0.48188,-0.13034,0.10859,-0.86512,-0.17578,-0.03729,-1.02528,-0.22864,0.0106,-0.08991,0.07403,-0.03426,-0.48783,0.11231,0.09156,-0.87064,0.14254,-0.0497,-1.03686,0.18884
0.6,0.0038,0,0.00214,0.10967,0.43291,0.00353,0.09276,0.65972,0.00994,0.0842,0.36978,-0.19229,0.08184,0.38879,-0.43491,0.06327,0.39077,-0.69908,0.06004,0.37374,-0.87457,0.06474,0.37329,0.19693,0.05241,0.39722,0.43881,0.0392,0.39868,0.70331,0.0213,0.36931,0.87627,0.0122,-0.0838,-0.07679,-0.01109,-0.48184,-0.13013,0.10857,-0.8651,-0.17574,-0.03738,-1.02524,-0.22846,0.01083,-0.08988,0.07422,-0.03415,-0.48776,0.11287,0.09154,-0.87065,0.14254,-0.04965,-1.03672,0.18955
0.62,0.00428,6e-05,0.00234,0.11005,0.43299,0.00385,0.09293,0.65979,0.01026,0.08467,0.36989,-0.19199,0.08236,0.38921,-0.43459,0.0639,0.39149,-0.69876,0.06044,0.37434,-0.87424,0.06506,0.37333,0.19723,0.05272,0.39738,0.4391,0.0394,0.39897,0.70358,0.02169,0.36973,0.87658,0.01265,-0.08374,-0.0766,-0.01087,-0.48172,-0.13026,0.10854,-0.86507,-0.17576,-0.03743,-1.02504,-0.22895,0.01134,-0.08983,0.07441,-0.03392,-0.48763,0.11348,0.09151,-0.87066,0.14249,-0.04966,-1.03653,0.19029
0.64,0.00487,0.00012,0.00254,0.11047,0.43309,0.00418,0.09312,0.65987,0.0106,0.0852,0.37002,-0.19169,0.08305,0.3896,-0.43426,0.06462,0.39226,-0.69843,0.06071,0.37476,-0.87386,0.06542,0.37337,0.19753,0.05312,0.39753,0.43939,0.03967,0.39922,0.70387,0.02228,0.37008,0.87692,0.0132,-0.08367,-0.07642,-0.01057,-0.48158,-0.1305,0.10852,-0.86505,-0.1758,-0.03746,-1.02479,-0.22965,0.01198,-0.08978,0.07459,-0.03361,-0.4875,0.1141,0.09148,-0.87069,0.14242,-0.04968,-1.03634,0.19103
0.66,0.00543,0.00018,0.00274,0.11089,0.43318,0.0045,0.09331,0.65995,0.01093,0.08572,0.37014,-0.19138,0.08366,0.38999,-0.43394,0.06527,0.393,-0.69811,0.06102,0.37529,-0.87351,0.06579,0.37341,0.19782,0.05349,0.39767,0.43967,0.03994,0.39947,0.70414,0.02276,0.37046,0.87724,0.01373,-0.0836,-0.07623,-0.0103,-0.48144,-0.13067,0.10849,-0.86502,-0.17583,-0.0375,-1.02457,-0.23022,0.01258,-0.08972,0.07478,-0.03332,-0.48737,0.11469,0.09145,-0.87071,0.14237,-0.0497,-1.03615,0.19173
0.68,0.00592,0.00023,0.00293,0.11125,0.43326,0.00483,0.09347,0.66001,0.01128,0.08619,0.37026,-0.19108,0.08428,0.39043,-0.43361,0.06602,0.39383,-0.69778,0.06136,0.37576,-0.87314,0.06607,0.37344,0.19812,0.05389,0.39783,0.43996,0.0402,0.39979,0.70442,0.02328,0.37087,0.87756,0.01418,-0.08354,-0.07605,-0.01006,-0.48131,-0.13091,0.10845,-0.865,-0.17586,-0.03753,-1.02433,-0.23092,0.01311,-0.08968,0.07496,-0.03307,-0.48724,0.11538,0.09139,-0.87074,0.1423,-0.0497,-1.03594,0.1926
0.7,0.00657,0.0003,0.00314,0.11174,0.43337,0.00515,0.09368,0.6601,0.01158,0.08677,0.37039,-0.19078,0.08498,0.39074,-0.43329,0.06666,0.39443,-0.69746,0.06167,0.37627,-0.8728,0.06652,0.3735,0.19841,0.05416,0.39795,0.44024,0.04042,0.39992,0.7047,0.02389,0.3711,0.87789,0.01479,-0.08346,-0.07586,-0.00975,-0.48117,-0.13105,0.10842,-0.86498,-0.17589,-0.03761,-1.0241,-0.23142,0.0138,-0.08962,0.07516,-0.03274,-0.48711,0.11585,0.09135,-0.87076,0.14225,-0.04977,-1.03576,0.19311
0.72,0.00756,0.00038,0.00339,0.11251,0.43351,0.00544,0.09399,0.6602,0.01174,0.08756,0.37053,-0.1905,0.08525,0.39081,-0.43302,0.06616,0.39474,-0.69712,0.06121,0.37744,-0.87255,0.06733,0.37359,0.19869,0.05463,0.39799,0.44051,0.04086,0.39999,0.70497,0.02349,0.37165,0.87815,0.01572,-0.08337,-0.07562,-0.00927,-0.48104,-0.13088,0.10841,-0.86498,-0.17589,-0.03782,-1.02394,-0.23136,0.01481,-0.08955,0.07539,-0.03225,-0.48702,0.11566,0.09135,-0.87082,0.14225,-0.05004,-1.03575,0.19257
0.74,0.00872,0.00047,0.00366,0.11342,0.43366,0.00572,0.09434,0.66031,0.01186,0.08847,0.37068,-0.19022,0.08571,0.3907,-0.43275,0.06568,0.3947,-0.69679,0.0609,0.37844,-0.87232,0.06831,0.3737,0.19898,0.05488,0.39795,0.44077,0.04119,0.39978,0.70524,0.02333,0.37179,0.87843,0.0168,-0.08327,-0.07537,-0.00871,-0.48092,-0.13061,0.10843,-0.86499,-0.17587,-0.03806,-1.02379,-0.2311,0.01598,-0.08947,0.07564,-0.03168,-0.48694,0.11523,0.09138,-0.87089,0.14226,-0.05039,-1.03577,0.19168
0.76,0.00982,0.00056,0.00392,0.1143,0.4338,0.00601,0.09465,0.66041,0.01198,0.08936,0.37083,-0.18993,0.08649,0.39061,-0.43248,0.06574,0.39462,-0.69646,0.06109,0.37919,-0.87207,0.06924,0.37381,0.19927,0.05482,0.39783,0.44102,0.04129,0.39929,0.7055,0.02381,0.3714,0.87875,0.01782,-0.08318,-0.07512,-0.00819,-0.48078,-0.1304,0.10842,-0.86499,-0.17585,-0.0383,-1.02363,-0.23094,0.01709,-0.08939,0.07589,-0.03114,-0.48685,0.11493,0.09137,-0.87095,0.14226,-0.05072,-1.03575,0.19098
0.78,0.01081,0.00064,0.00418,0.115,0.43395,0.00626,0.09499,0.66053,0.01216,0.09005,0.37097,-0.18967,0.08558,0.39072,-0.4322,0.0636,0.39535,-0.69607,0.05927,0.38108,-0.87179,0.07003,0.37392,0.19953,0.05643,0.39807,0.44132,0.04255,0.40031,0.70577,0.02112,0.37355,0.87876,0.01875,-0.08309,-0.07488,-0.00772,-0.48066,-0.13016,0.10841,-0.86499,-0.17586,-0.03855,-1.02348,-0.23074,0.01811,-0.08933,0.07613,-0.03065,-0.48678,0.11455,0.09137,-0.871,0.14228,-0.05105,-1.03577,0.19015
0.8,0.01208,0.00074,0.00444,0.11611,0.43409,0.00659,0.0953,0.6606,0.01222,0.09119,0.37113,-0.18936,0.0882,0.39032,-0.43196,0.06597,0.39423,-0.69582,0.06176,0.38028,-0.87156,0.07116,0.37401,0.19985,0.05465,0.39744,0.44153,0.04163,0.39813,0.70603,0.02503,0.37025,0.87937,0.01992,-0.08298,-0.07464,-0.00711,-0.48051,-0.12994,0.10842,-0.865,-0.17581,-0.03878,-1.0233,-0.23057,0.01936,-0.08924,0.07637,-0.03003,-0.48666,0.11428,0.09135,-0.87107,0.14227,-0.05142,-1.03573,0.18951
0.82,0.01398,0.00089,0.00474,0.11827,0.43417,0.00711,0.09557,0.66052,0.01198,0.09347,0.37129,-0.18887,0.0994,0.38707,-0.43167,0.07795,0.38698,-0.69562,0.0724,0.37148,-0.8712,0.07313,0.37406,0.20031,0.04597,0.38934,0.44169,0.04237,0.38805,0.70648,0.05312,0.36982,0.88156,0.02166,-0.08284,-0.07435,-0.00622,-0.48029,-0.12976,0.10851,-0.86503,-0.17563,-0.03897,-1.02301,-0.23056,0.02109,-0.08911,0.07666,-0.0291,-0.48645,0.11447,0.09127,-0.87119,0.14221,-0.05188,-1.0355,0.18952
0.84,0.01618,0.00105,0.00503,0.12085,0.43424,0.0077,0.09582,0.66036,0.01162,0.09619,0.37147,-0.18834,0.1089,0.37895,-0.43127,0.0826,0.37317,-0.69472,0.07212,0.3552,-0.86984,0.07545,0.37408,0.20083,0.04519,0.37493,0.44231,0.04947,0.39007,0.70667,0.064,0.40587,0.8817,0.02367,-0.08268,-0.07407,-0.00518,-0.48005,-0.12962,0.10863,-0.86506,-0.17541,-0.03915,-1.02268,-0.2306,0.02306,-0.08898,0.07694,-0.02803,-0.4862,0.11478,0.09118,-0.87133,0.14213,-0.05237,-1.0352,0.18973
0.86,0.01829,0.00119,0.00531,0.12324,0.43431,0.00826,0.09607,0.6602,0.01132,0.09872,0.37164,-0.18783,0.11199,0.37048,-0.43084,0.07568,0.36214,-0.69303,0.05791,0.34344,-0.86748,0.07764,0.3741,0.20132,0.0531,0.3652,0.4433,0.04315,0.39988,0.70565,0.0316,0.43058,0.87892,0.02561,-0.08255,-0.0738,-0.00421,-0.47983,-0.12946,0.10872,-0.86511,-0.17521,-0.03935,-1.02238,-0.23059,0.02498,-0.08887,0.07721,-0.02701,-0.48597,0.115,0.09109,-0.87146,0.14206,-0.05286,-1.03494,0.18982
0.88,0.02016,0.00137,0.00567,0.12557,0.43438,0.00883,0.09638,0.66002,0.01098,0.10119,0.37177,-0.1873,0.11009,0.36395,-0.43039,0.06086,0.36028,-0.69057,0.03459,0.34538,-0.86431,0.0797,0.37417,0.20183,0.06605,0.36385,0.4446,0.02026,0.39669,0.70336,-0.01894,0.40755,0.87495,0.02729,-0.08237,-0.07345,-0.0033,-0.47958,-0.12927,0.10881,-0.8651,-0.17499,-0.03951,-1.02204,-0.23065,0.02663,-0.08871,0.07756,-0.02608,-0.48572,0.11534,0.09099,-0.87155,0.14198,-0.05331,-1.03465,0.19001
0.9,0.02263,0.00149,0.00584,0.12815,0.43447,0.00938,0.09656,0.6598,0.01068,0.1039,0.37201,-0.18681,0.10405,0.35924,-0.42985,0.03761,0.36319,-0.68618,-0.00015,0.35318,-0.85814,0.08211,0.37414,0.2023,0.07501,0.36579,0.44543,0.00612,0.3691,0.70112,-0.03172,0.35184,0.87249,0.0296,-0.08225,-0.07329,-0.00219,-0.47935,-0.12917,0.10893,-0.86517,-0.17482,-0.03972,-1.02173,-0.23062,0.02891,-0.08862,0.07771,-0.0249,-0.48548,0.11546,0.09091,-0.87171,0.1419,-0.05384,-1.03436,0.19004
0.92,0.02658,0.00143,0.00547,0.13137,0.43458,0.00985,0.09653,0.65943,0.01052,0.1072,0.37247,-0.18646,0.09856,0.34929,-0.42857,0.0092,0.35063,-0.67786,-0.0453,0.33839,-0.84513,0.08547,0.37379,0.20267,0.08392,0.35722,0.44547,0.00578,0.34773,0.69833,-0.03524,0.32217,0.86792,0.03345,-0.08229,-0.07369,-0.00061,-0.47925,-0.12926,0.10914,-0.86547,-0.17481,-0.04009,-1.0216,-0.23031,0.0328,-0.08871,0.07731,-0.02308,-0.48529,0.11493,0.0909,-0.87204,0.1418,-0.0546,-1.03414,0.18954
0.94,0.03115,0.0013,0.00491,0.13482,0.43471,0.01031,0.09635,0.65897,0.01043,0.11072,0.37301,-0.18614,0.09817,0.3338,-0.42601,-0.01111,0.32509,-0.66708,-0.08082,0.30572,-0.8279,0.08916,0.37332,0.20299,0.0895,0.34233,0.44439,-0.00071,0.33192,0.69315,-0.0532,0.30512,0.85936,0.03795,-0.08239,-0.07429,0.00116,-0.47916,-0.12944,0.10939,-0.86583,-0.17486,-0.04049,-1.02149,-0.22992,0.03736,-0.08887,0.07671,-0.021,-0.48511,0.11419,0.09092,-0.87242,0.14169,-0.05544,-1.03391,0.18888
0.96,0.0355,0.0012,0.00444,0.13812,0.43484,0.01077,0.09618,0.65848,0.01031,0.11411,0.37353,-0.18581,0.10074,0.31861,-0.42253,-0.02305,0.30278,-0.6561,-0.10406,0.27835,-0.81082,0.09267,0.37292,0.20333,0.09395,0.32957,0.44281,-0.00913,0.3128,0.68617,-0.07058,0.2814,0.84846,0.04221,-0.08247,-0.0748,0.00287,-0.47904,-0.12959,0.10963,-0.86613,-0.17489,-0.04086,-1.02133,-0.22961,0.04167,-0.089,0.0762,-0.01901,-0.48491,0.11356,0.09093,-0.87274,0.14158,-0.05623,-1.03363,0.18831
0.98,0.03959,0.00114,0.00395,0.14164,0.4349,0.01125,0.09632,0.65788,0.01018,0.11764,0.37402,-0.18546,0.10947,0.30254,-0.41796,-0.02283,0.28057,-0.64631,-0.11122,0.25231,-0.79627,0.09634,0.37247,0.20368,0.09484,0.31631,0.44049,-0.02379,0.29751,0.6765,-0.0967,0.26483,0.83371,0.04621,-0.08251,-0.07531,0.00452,-0.47891,-0.12966,0.10981,-0.8664,-0.1749,-0.04131,-1.02116,-0.22912,0.04572,-0.08909,0.07568,-0.01708,-0.48468,0.11289,0.09091,-0.87301,0.14151,-0.05706,-1.03331,0.18772
1,0.04438,0.00096,0.00345,0.14474,0.4351,0.01169,0.09581,0.65731,0.01008,0.12092,0.37456,-0.18515,0.12056,0.28711,-0.41227,-0.01697,0.25723,-0.6366,-0.11042,0.22344,-0.78229,0.09974,0.37207,0.20399,0.09378,0.30249,0.43713,-0.04023,0.28219,0.66465,-0.12475,0.24778,0.81554,0.05093,-0.08265,-0.07586,0.00632,-0.47876,-0.12994,0.11013,-0.86668,-0.17499,-0.04157,-1.02094,-0.229,0.05049,-0.08931,0.07513,-0.01497,-0.48448,0.11224,0.09095,-0.87334,0.14137,-0.05783,-1.03302,0.18717
1.02,0.05083,0.00059,0.0029,0.14672,0.43572,0.01197,0.09365,0.65698,0.01005,0.12353,0.37531,-0.18499,0.12453,0.2724,-0.40553,-0.02284,0.22837,-0.62111,-0.12378,0.18276,-0.75833,0.10236,0.37187,0.20415,0.0967,0.28782,0.43249,-0.0483,0.25605,0.6518,-0.14052,0.21068,0.7951,0.05737,-0.08291,-0.07653,0.00863,-0.4785,-0.13086,0.11081,-0.86693,-0.17529,-0.04137,-1.0205,-0.22991,0.05698,-0.08977,0.07446,-0.01233,-0.48428,0.11159,0.09114,-0.87379,0.14096,-0.05846,-1.03273,0.18662
1.04,0.05798,8e-05,0.00235,0.14823,0.4364,0.01221,0.0908,0.65656,0.01005,0.12585,0.37605,-0.18486,0.12582,0.25792,-0.39765,-0.03304,0.19707,-0.60061,-0.14157,0.13713,-0.72602,0.10468,0.37163,0.20427,0.1009,0.27267,0.42658,-0.05317,0.22709,0.6371,-0.15094,0.16832,0.77158,0.06453,-0.08329,-0.07721,0.01106,-0.47821,-0.132,0.11161,-0.86714,-0.17564,-0.04097,-1.02,-0.23114,0.06418,-0.09039,0.07376,-0.00953,-0.4841,0.11099,0.0914,-0.87426,0.1405,-0.05901,-1.03244,0.18614
1.06,0.06488,-0.00041,0.00183,0.14988,0.43694,0.01247,0.08819,0.65594,0.01004,0.12824,0.37668,-0.1847,0.1295,0.24403,-0.38875,-0.03845,0.16829,-0.57899,-0.15242,0.09587,-0.6924,0.1071,0.37132,0.20442,0.10411,0.25816,0.41986,-0.05978,0.20087,0.61984,-0.16298,0.13068,0.74442,0.07141,-0.08367,-0.07785,0.01334,-0.47789,-0.13302,0.11236,-0.8673,-0.17592,-0.04062,-1.01949,-0.23215,0.07111,-0.09098,0.07311,-0.00682,-0.48386,0.11043,0.09165,-0.87464,0.1401,-0.05955,-1.03207,0.18572
1.08,0.0715,-0.00069,0.00119,0.15175,0.43754,0.01275,0.08597,0.65534,0.01002,0.13082,0.37744,-0.18456,0.13341,0.23066,-0.37867,-0.04344,0.14115,-0.55429,-0.16215,0.05706,-0.65397,0.10963,0.37106,0.20454,0.10727,0.24413,0.41218,-0.06649,0.17636,0.6002,-0.17454,0.09527,0.71354,0.07808,-0.08381,-0.07863,0.01605,-0.47739,-0.13406,0.11306,-0.8674,-0.17609,-0.04048,-1.01877,-0.233,0.07782,-0.09138,0.07232,-0.00392,-0.48349,0.10964,0.09186,-0.87491,0.1396,-0.06022,-1.03154,0.18506
1.1,0.07887,-0.00148,0.00079,0.15302,0.4378,0.01298,0.08279,0.65421,0.01001,0.1329,0.37771,-0.18441,0.13742,0.21807,-0.36806,-0.0467,0.11485,-0.52799,-0.16806,0.01965,-0.61346,0.11185,0.37047,0.20468,0.11092,0.23032,0.40365,-0.07124,0.15117,0.57882,-0.18211,0.05945,0.68077,0.08537,-0.08452,-0.07913,0.0179,-0.47711,-0.13512,0.11387,-0.86746,-0.17639,-0.03984,-1.01836,-0.2341,0.08518,-0.09225,0.07181,-0.00138,-0.4833,0.10937,0.09221,-0.87525,0.13934,-0.06052,-1.03119,0.18497
1.12,0.08806,-0.00342,0.00099,0.15277,0.43735,0.01312,0.07719,0.65195,0.01007,0.13372,0.37685,-0.18425,0.14189,0.20636,-0.35774,-0.0455,0.08789,-0.50258,-0.16595,-0.01827,-0.57553,0.11329,0.36914,0.20487,0.11603,0.2165,0.3944,-0.07114,0.12186,0.55609,-0.18151,0.01916,0.64757,0.09413,-0.08653,-0.07889,0.0175,-0.47727,-0.13609,0.11497,-0.8673,-0.17681,-0.03793,-1.01865,-0.23549,0.09408,-0.09418,0.07206,0.00035,-0.4835,0.11037,0.09295,-0.87575,0.13954,-0.0599,-1.03129,0.18611
1.14,0.09799,-0.00593,0.00142,0.1519,0.4363,0.0132,0.07062,0.64881,0.01014,0.13401,0.37524,-0.1841,0.14659,0.19518,-0.34737,-0.04214,0.0615,-0.47636,-0.15995,-0.05498,-0.53679,0.11442,0.36726,0.20505,0.12225,0.20299,0.38445,-0.06778,0.0918,0.53162,-0.17594,-0.0215,0.61263,0.1035,-0.08916,-0.07837,0.01626,-0.47744,-0.13709,0.11622,-0.8669,-0.17722,-0.03545,-1.01906,-0.23699,0.10363,-0.09663,0.07259,0.0017,-0.48378,0.11191,0.09383,-0.87623,0.1399,-0.05889,-1.03153,0.18768
1.16,0.10763,-0.00833,0.00175,0.15125,0.43505,0.01328,0.06448,0.64536,0.01019,0.13448,0.37349,-0.18397,0.15193,0.18453,-0.33635,-0.03762,0.03738,-0.44838,-0.15237,-0.088,-0.49538,0.11567,0.36522,0.20521,0.1285,0.19016,0.3738,-0.06417,0.06458,0.5051,-0.17014,-0.05796,0.57477,0.11264,-0.09166,-0.07796,0.0154,-0.47734,-0.13813,0.11747,-0.86633,-0.17749,-0.03311,-1.01916,-0.23829,0.11295,-0.09899,0.073,0.00313,-0.48387,0.1133,0.09466,-0.87654,0.14016,-0.05798,-1.03159,0.189
1.18,0.1171,-0.01005,0.00204,0.15065,0.4342,0.01347,0.05854,0.64223,0.01037,0.135,0.37226,-0.18375,0.15753,0.17458,-0.32392,-0.03163,0.01489,-0.41799,-0.14222,-0.11836,-0.45134,0.11695,0.36361,0.20546,0.13488,0.17816,0.36204,-0.05972,0.03935,0.47604,-0.163,-0.09164,0.53323,0.12159,-0.09348,-0.07761,0.01498,-0.47652,-0.13873,0.11877,-0.86517,-0.177,-0.03088,-1.01861,-0.23855,0.12203,-0.10068,0.07336,0.00531,-0.48344,0.11448,0.09563,-0.87646,0.1401,-0.05719,-1.03107,0.1898
1.2,0.12708,-0.01336,0.00249,0.14972,0.43159,0.01346,0.05206,0.63708,0.01036,0.13523,0.3691,-0.18368,0.16388,0.16493,-0.313,-0.02433,-0.00519,-0.38894,-0.1306,-0.14459,-0.40825,0.11811,0.36038,0.20558,0.14199,0.16638,0.35059,-0.05342,0.01585,0.44697,-0.15367,-0.12187,0.4926,0.13107,-0.0969,-0.07706,0.01364,-0.47645,-0.14009,0.12012,-0.86446,-0.17744,-0.02813,-1.01876,-0.24021,0.13175,-0.10392,0.07391,0.00597,-0.48365,0.11634,0.09644,-0.87673,0.14058,-0.05595,-1.03137,0.19149
1.22,0.1383,-0.02063,0.00334,0.14793,0.42483,0.01295,0.0442,0.62732,0.00988,0.13475,0.36135,-0.18397,0.17162,0.15474,-0.30719,-0.0156,-0.02316,-0.36577,-0.11817,-0.16656,-0.3699,0.11895,0.35329,0.20536,0.15054,0.1539,0.34129,-0.04408,-0.00701,0.42105,-0.14138,-0.14921,0.45858,0.14182,-0.10435,-0.07605,0.01013,-0.47842,-0.14355,0.12175,-0.86504,-0.18031,-0.02392,-1.02074,-0.24562,0.14306,-0.11104,0.07494,0.00266,-0.48532,0.11992,0.09686,-0.87763,0.14246,-0.05345,-1.0336,0.19544
1.24,0.14999,-0.02952,0.00434,0.14582,0.41605,0.01233,0.03589,0.61525,0.00937,0.13402,0.35148,-0.18431,0.17989,0.14425,-0.30341,-0.0055,-0.04028,-0.34477,-0.10379,-0.18625,-0.3334,0.11966,0.34436,0.20509,0.15974,0.14112,0.33283,-0.03287,-0.02921,0.39625,-0.12743,-0.1749,0.42676,0.15307,-0.11344,-0.07485,0.0059,-0.48068,-0.14764,0.12347,-0.86565,-0.18322,-0.0191,-1.02298,-0.25138,0.15499,-0.11976,0.07614,-0.00191,-0.48703,0.1243,0.09732,-0.87821,0.14471,-0.05025,-1.03598,0.2
1.26,0.16144,-0.03783,0.00527,0.14388,0.40744,0.01191,0.02795,0.6032,0.00911,0.13346,0.34192,-0.1845,0.18815,0.13407,-0.29868,0.00568,-0.05639,-0.32239,-0.08729,-0.20385,-0.29575,0.12044,0.33559,0.20496,0.16883,0.12878,0.32378,-0.02131,-0.04961,0.37024,-0.11325,-0.19839,0.39276,0.1641,-0.12194,-0.07374,0.00228,-0.48199,-0.15121,0.12523,-0.86545,-0.18474,-0.0144,-1.02435,-0.25531,0.16663,-0.1279,0.07727,-0.00551,-0.48785,0.12854,0.09809,-0.87801,0.14653,-0.047,-1.03737,0.20381
1.28,0.17305,-0.04549,0.00621,0.14176,0.39904,0.01152,0.0199,0.59117,0.0089,0.13273,0.3326,-0.18465,0.19663,0.12448,-0.29343,0.0182,-0.07114,-0.29847,-0.06859,-0.21847,-0.25535,0.12119,0.32713,0.20487,0.17848,0.1173,0.31404,-0.0086,-0.06797,0.34252,-0.0979,-0.21933,0.3571,0.17513,-0.1298,-0.0726,-0.00042,-0.48229,-0.15478,0.12775,-0.86429,-0.18534,-0.00888,-1.02478,-0.25815,0.17835,-0.1354,0.0784,-0.00844,-0.48751,0.13275,0.09933,-0.87665,0.14806,-0.04323,-1.03765,0.20708
1.3,0.18441,-0.05489,0.00716,0.13997,0.38853,0.01133,0.01232,0.57688,0.00902,0.1324,0.3213,-0.18463,0.2051,0.11408,-0.28955,0.03112,-0.08522,-0.27755,-0.04919,-0.23154,-0.22065,0.12203,0.31659,0.20494,0.18741,0.10482,0.30548,0.00381,-0.08565,0.31749,-0.08349,-0.23875,0.32362,0.18625,-0.13938,-0.07146,-0.00413,-0.48298,-0.15817,0.12925,-0.86347,-0.18512,-0.00426,-1.02569,-0.25987,0.19004,-0.14463,0.07954,-0.01196,-0.48764,0.13753,0.10043,-0.87559,0.14968,-0.03947,-1.03825,0.21049
1.32,0.19504,-0.06875,0.0081,0.139,0.37336,0.01144,0.00579,0.55782,0.00963,0.13312,0.30557,-0.18439,0.21316,0.10099,-0.28912,0.04304,-0.10045,-0.26436,-0.03121,-0.24714,-0.20059,0.12303,0.30135,0.20519,0.19393,0.08877,0.30013,0.01406,-0.10561,0.29992,-0.07195,-0.25951,0.29633,0.19755,-0.15339,-0.07034,-0.01085,-0.48529,-0.16108,0.12792,-0.86409,-0.18421,-0.00225,-1.02828,-0.26055,0.20164,-0.15828,0.08066,-0.01723,-0.4899,0.14345,0.10074,-0.8763,0.15115,-0.0363,-1.04062,0.21399
1.34,0.20537,-0.0843,0.00905,0.1384,0.3563,0.01171,-0.00019,0.53675,0.01047,0.13427,0.28809,-0.18402,0.22095,0.0869,-0.29004,0.05476,-0.11615,-0.25417,-0.01367,-0.26371,-0.18606,0.12415,0.2842,0.20556,0.19967,0.07131,0.29614,0.02372,-0.12632,0.28537,-0.06132,-0.28023,0.27195,0.20888,-0.16906,-0.06923,-0.01804,-0.48742,-0.16394,0.12615,-0.86444,-0.18281,-0.00052,-1.03068,-0.26057,0.21314,-0.17359,0.08178,-0.02272,-0.49229,0.14977,0.10102,-0.87695,0.15199,-0.03307,-1.04299,0.21663
1.36,0.21577,-0.09907,0.00998,0.13775,0.33971,0.012,-0.0061,0.516,0.01133,0.13533,0.27113,-0.18363,0.22868,0.07331,-0.29032,0.06717,-0.13108,-0.24263,0.0048,-0.27876,-0.16916,0.12532,0.26756,0.20596,0.20591,0.05448,0.29161,0.03399,-0.14574,0.26955,-0.04996,-0.29913,0.24668,0.22013,-0.18393,-0.06815,-0.02373,-0.48822,-0.16694,0.12562,-0.86344,-0.18077,0.00247,-1.03174,-0.25974,0.22457,-0.18814,0.08287,-0.0271,-0.49335,0.15585,0.10193,-0.87626,0.15211,-0.02931,-1.04406,0.21805
1.38,0.22648,-0.11395,0.01095,0.13687,0.32261,0.01218,-0.01226,0.49446,0.01215,0.13627,0.25364,-0.18332,0.23658,0.05965,-0.29074,0.08032,-0.14544,-0.23031,0.02442,-0.29286,-0.15131,0.12634,0.25051,0.20627,0.21192,0.03729,0.28656,0.04458,-0.16517,0.2528,-0.03768,-0.31777,0.22049,0.23175,-0.19893,-0.06699,-0.02861,-0.4879,-0.16962,0.12597,-0.86117,-0.1776,0.00652,-1.0317,-0.25745,0.23653,-0.20273,0.08403,-0.03055,-0.49328,0.16194,0.10364,-0.87428,0.15102,-0.02473,-1.04396,0.21779
1.4,0.23647,-0.12898,0.01185,0.13673,0.30538,0.01272,-0.0172,0.47294,0.01326,0.13775,0.23626,-0.18272,0.24382,0.04591,-0.29112,0.09293,-0.15984,-0.2202,0.04273,-0.30688,-0.13678,0.12788,0.23321,0.20687,0.21834,0.02043,0.28284,0.05485,-0.18317,0.23869,-0.02702,-0.33389,0.19773,0.24258,-0.214,-0.06599,-0.03251,-0.48729,-0.17301,0.12667,-0.8587,-0.17479,0.01074,-1.03131,-0.25538,0.24733,-0.21758,0.08504,-0.03368,-0.49324,0.16788,0.10519,-0.8723,0.15018,-0.02054,-1.04377,0.2174
1.42,0.24464,-0.14404,0.01252,0.1383,0.28875,0.01401,-0.01954,0.45264,0.01476,0.1403,0.21991,-0.18153,0.24942,0.03198,-0.29109,0.10353,-0.17565,-0.21535,0.05706,-0.32259,-0.12963,0.13062,0.21619,0.20806,0.22605,0.00497,0.2823,0.06421,-0.19823,0.23086,-0.02089,-0.34513,0.18317,0.25137,-0.22889,-0.06545,-0.03528,-0.4874,-0.1787,0.12705,-0.85742,-0.17441,0.01406,-1.03153,-0.25595,0.25511,-0.23278,0.08559,-0.03721,-0.4947,0.17374,0.1055,-0.87208,0.15131,-0.01795,-1.04499,0.21904
1.44,0.25209,-0.15918,0.01311,0.1406,0.27231,0.01548,-0.02073,0.43276,0.01628,0.14335,0.20388,-0.1802,0.25449,0.01789,-0.29105,0.11329,-0.19201,-0.21268,0.06975,-0.33905,-0.12561,0.13385,0.19929,0.20939,0.23411,-0.00989,0.28303,0.07311,-0.21217,0.22563,-0.01654,-0.35456,0.17283,0.25935,-0.24379,-0.06507,-0.03726,-0.48758,-0.18512,0.12752,-0.8564,-0.17473,0.0172,-1.0318,-0.25713,0.26172,-0.24818,0.08598,-0.04061,-0.4966,0.17927,0.10557,-0.87236,0.15242,-0.01577,-1.04665,0.22046
1.46,0.25982,-0.17426,0.01376,0.14268,0.25572,0.01672,-0.02215,0.41257,0.01758,0.1463,0.1876,-0.17905,0.25985,0.00378,-0.29107,0.12348,-0.20794,-0.20914,0.0832,-0.35487,-0.12033,0.13691,0.18236,0.21053,0.24192,-0.02482,0.28322,0.08216,-0.22617,0.21944,-0.01135,-0.36432,0.16227,0.26763,-0.25867,-0.06459,-0.03842,-0.48703,-0.19109,0.12878,-0.85451,-0.17414,0.02116,-1.03137,-0.25701,0.26881,-0.26346,0.08647,-0.04315,-0.49775,0.18451,0.10641,-0.87174,0.15224,-0.01282,-1.04754,0.22011
1.48,0.26776,-0.18949,0.01435,0.14427,0.23871,0.01787,-0.02424,0.3916,0.01869,0.1488,0.17087,-0.17798,0.2649,-0.01067,-0.29109,0.13418,-0.22445,-0.20538,0.0975,-0.37115,-0.11466,0.1397,0.16505,0.2116,0.24981,-0.03986,0.28314,0.09161,-0.24024,0.21275,-0.00611,-0.37387,0.15199,0.27624,-0.27366,-0.06419,-0.03834,-0.4857,-0.19798,0.13104,-0.85175,-0.17332,0.02628,-1.03017,-0.25651,0.27616,-0.27891,0.08686,-0.04455,-0.49839,0.19076,0.10806,-0.87046,0.15129,-0.0089,-1.04787,0.21892
1.5,0.27508,-0.20439,0.01504,0.14705,0.22247,0.01896,-0.02447,0.37197,0.01979,0.15239,0.1549,-0.17696,0.27044,-0.02467,-0.29119,0.14384,-0.23977,-0.20265,0.10992,-0.38627,-0.11053,0.14317,0.14855,0.21261,0.25746,-0.05419,0.28378,0.10012,-0.25319,0.20779,-0.00116,-0.38312,0.14487,0.28396,-0.28838,-0.06364,-0.03816,-0.48476,-0.20325,0.13304,-0.84946,-0.17219,0.03059,-1.02926,-0.25526,0.28268,-0.29401,0.08739,-0.04624,-0.49928,0.19459,0.1095,-0.86944,0.14973,-0.00567,-1.04842,0.21629
1.52,0.28092,-0.21846,0.01607,0.15279,0.20837,0.02018,-0.02027,0.35608,0.0213,0.15873,0.14106,-0.17582,0.27748,-0.03717,-0.29142,0.15068,-0.25183,-0.20213,0.11757,-0.39842,-0.10985,0.14835,0.13419,0.21372,0.26455,-0.06696,0.28629,0.10637,-0.26392,0.20682,0.00341,-0.39197,0.14276,0.28953,-0.30247,-0.06262,-0.03968,-0.48551,-0.20381,0.13338,-0.84919,-0.17106,0.032,-1.02983,-0.25364,0.28724,-0.3082,0.08839,-0.05036,-0.50113,0.19151,0.10975,-0.86966,0.14868,-0.00474,-1.0499,0.21297
1.54,0.28616,-0.23216,0.01722,0.15972,0.19517,0.02147,-0.01428,0.34177,0.02299,0.16615,0.12813,-0.17459,0.28506,-0.04906,-0.29163,0.15642,-0.26268,-0.20246,0.12327,-0.40944,-0.11049,0.15423,0.12073,0.21488,0.27139,-0.07911,0.28953,0.11173,-0.27378,0.20741,0.00769,-0.40049,0.14245,0.29422,-0.31624,-0.06145,-0.0416,-0.48674,-0.20278,0.13328,-0.84957,-0.17031,0.03256,-1.03075,-0.25251,0.29098,-0.32199,0.08955,-0.055,-0.50309,0.18608,0.10961,-0.87021,0.1485,-0.00452,-1.05145,0.2106
1.56,0.29166,-0.24594,0.0183,0.1662,0.18168,0.02272,-0.00895,0.3269,0.02455,0.17315,0.1149,-0.17342,0.29241,-0.06115,-0.29181,0.16267,-0.27398,-0.20234,0.12978,-0.42083,-0.1104,0.15987,0.10697,0.216,0.27826,-0.09147,0.29239,0.11748,-0.28391,0.20724,0.01211,-0.40897,0.14125,0.29927,-0.33006,-0.06037,-0.04258,-0.48729,-0.20263,0.13408,-0.84923,-0.16973,0.03425,-1.03099,-0.25174,0.29507,-0.33586,0.0906,-0.05855,-0.50449,0.1819,0.11015,-0.87015,0.14852,-0.00334,-1.05234,0.20896
1.58,0.2972,-0.26011,0.01941,0.1723,0.16767,0.02406,-0.00423,0.31122,0.02626,0.17986,0.10119,-0.17216,0.2997,-0.07345,-0.29204,0.16899,-0.28561,-0.20239,0.13683,-0.43274,-0.11065,0.16517,0.09266,0.2172,0.28519,-0.10402,0.29558,0.1235,-0.2942,0.20715,0.01699,-0.41771,0.14007,0.30446,-0.34425,-0.05927,-0.04311,-0.4876,-0.20234,0.13559,-0.84852,-0.16932,0.0368,-1.03087,-0.25129,0.29921,-0.35011,0.09166,-0.06199,-0.50565,0.17626,0.11122,-0.8697,0.14893,-0.00156,-1.05282,0.20787
1.6,0.30251,-0.27336,0.0205,0.17944,0.15495,0.02527,0.00217,0.29758,0.02772,0.18741,0.08869,-0.17101,0.30724,-0.08514,-0.29206,0.17497,-0.29622,-0.20215,0.1424,-0.44322,-0.11034,0.17131,0.07972,0.21829,0.29182,-0.11601,0.29828,0.12887,-0.30384,0.20718,0.02108,-0.42569,0.13911,0.30916,-0.35754,-0.0582,-0.04321,-0.48776,-0.20208,0.13694,-0.84797,-0.16911,0.03896,-1.03069,-0.25121,0.30305,-0.36342,0.0927,-0.06428,-0.50645,0.17288,0.11212,-0.86927,0.14976,-2e-05,-1.05305,0.20788
1.62,0.30737,-0.28439,0.02155,0.18914,0.14528,0.02609,0.01264,0.28886,0.02845,0.19697,0.079,-0.17019,0.31532,-0.09552,-0.2917,0.18028,-0.3045,-0.20101,0.14446,-0.45009,-0.10818,0.17955,0.0701,0.21905,0.29779,-0.12683,0.29949,0.13254,-0.31205,0.20719,0.02283,-0.43176,0.1384,0.31275,-0.36862,-0.05719,-0.04301,-0.48789,-0.2022,0.13698,-0.84814,-0.16888,0.03916,-1.03086,-0.25117,0.30627,-0.37448,0.0937,-0.06439,-0.5069,0.17675,0.11213,-0.86944,0.15034,0.00049,-1.05354,0.20841
1.64,0.31199,-0.29446,0.02256,0.19987,0.13685,0.02675,0.02477,0.28213,0.02891,0.20735,0.07046,-0.1695,0.32363,-0.10537,-0.29114,0.18528,-0.31179,-0.1996,0.1451,-0.45544,-0.10552,0.18864,0.06181,0.21968,0.3035,-0.1371,0.30012,0.13561,-0.31964,0.20727,0.02383,-0.43708,0.1379,0.31585,-0.37874,-0.05622,-0.04265,-0.48803,-0.20235,0.13659,-0.84861,-0.16861,0.03868,-1.0312,-0.25108,0.30919,-0.38455,0.09466,-0.0636,-0.50723,0.18298,0.11181,-0.86982,0.15064,0.00052,-1.05414,0.20871
1.66,0.31668,-0.30481,0.02356,0.21018,0.12793,0.02749,0.03624,0.2746,0.02952,0.21739,0.06147,-0.16875,0.33185,-0.11543,-0.29056,0.19045,-0.31944,-0.19829,0.14642,-0.46127,-0.10319,0.19738,0.05301,0.22037,0.30933,-0.1475,0.30095,0.13907,-0.32744,0.20732,0.02539,-0.44268,0.13736,0.31913,-0.3891,-0.05526,-0.04194,-0.48801,-0.20246,0.13682,-0.84879,-0.16829,0.03895,-1.03131,-0.25096,0.31221,-0.39488,0.09561,-0.06277,-0.50749,0.18794,0.11196,-0.86995,0.15079,0.00103,-1.05454,0.20863
1.68,0.32156,-0.31583,0.02469,0.22052,0.11822,0.02825,0.04762,0.26611,0.0301,0.22748,0.05164,-0.16797,0.34014,-0.126,-0.29037,0.1959,-0.32752,-0.19701,0.14826,-0.46734,-0.10068,0.2062,0.0435,0.2211,0.31526,-0.15844,0.30207,0.14239,-0.33534,0.20743,0.02671,-0.44808,0.13667,0.32259,-0.40012,-0.05417,-0.04086,-0.48793,-0.20255,0.1374,-0.8489,-0.16782,0.0396,-1.03136,-0.25073,0.31539,-0.40584,0.09669,-0.06148,-0.50777,0.19365,0.11242,-0.86998,0.15072,0.00186,-1.05493,0.20814
1.7,0.32597,-0.3252,0.02554,0.23106,0.11023,0.02893,0.05963,0.25983,0.03067,0.23767,0.04362,-0.16728,0.34832,-0.13553,-0.28933,0.20081,-0.33449,-0.19559,0.14895,-0.47229,-0.09854,0.21511,0.03567,0.22171,0.32089,-0.16811,0.30243,0.14596,-0.34276,0.20741,0.02856,-0.45351,0.13635,0.32555,-0.40944,-0.05337,-0.03969,-0.48773,-0.20268,0.13791,-0.84897,-0.16743,0.04011,-1.03134,-0.25051,0.31817,-0.41513,0.09748,-0.06005,-0.50781,0.1984,0.11277,-0.86992,0.15051,0.00238,-1.05511,0.20748
1.72,0.32921,-0.33037,0.02561,0.24186,0.10663,0.02941,0.0729,0.25902,0.03121,0.2479,0.04022,-0.16688,0.35612,-0.14235,-0.286,0.20424,-0.33871,-0.19375,0.14663,-0.47475,-0.09746,0.22403,0.03207,0.22203,0.32587,-0.17448,0.30077,0.1504,-0.34918,0.20684,0.03194,-0.45945,0.13682,0.32733,-0.41451,-0.05339,-0.03895,-0.48733,-0.20291,0.13774,-0.849,-0.16744,0.03969,-1.03126,-0.25049,0.31999,-0.42023,0.09747,-0.05913,-0.50734,0.19994,0.11249,-0.86979,0.15038,0.00191,-1.05491,0.20723
1.74,0.33198,-0.3339,0.02538,0.25283,0.10466,0.02978,0.08681,0.26025,0.0317,0.25822,0.03852,-0.16662,0.36363,-0.14816,-0.28182,0.20706,-0.34183,-0.19176,0.14317,-0.47602,-0.09684,0.23302,0.03007,0.2222,0.33049,-0.17955,0.29831,0.15503,-0.35515,0.20605,0.03574,-0.46549,0.13755,0.32862,-0.4179,-0.05372,-0.03841,-0.48688,-0.20321,0.13725,-0.84904,-0.16761,0.03886,-1.03115,-0.25055,0.32142,-0.42369,0.09714,-0.05841,-0.50666,0.20044,0.11193,-0.86964,0.1503,0.00102,-1.05456,0.20718
1.76,0.33492,-0.33811,0.02529,0.26375,0.10181,0.03019,0.10057,0.26037,0.0322,0.26853,0.0359,-0.16631,0.37105,-0.15448,-0.27802,0.2101,-0.3454,-0.18982,0.14032,-0.47751,-0.09615,0.24201,0.02728,0.22242,0.33514,-0.18512,0.29619,0.15947,-0.36125,0.20534,0.03926,-0.47139,0.13813,0.3301,-0.42196,-0.05389,-0.03771,-0.48642,-0.20348,0.13698,-0.84903,-0.16767,0.03831,-1.03103,-0.25054,0.32298,-0.4278,0.09697,-0.05752,-0.50604,0.20145,0.11156,-0.86945,0.1502,0.0004,-1.05423,0.20702
1.78,0.33804,-0.34254,0.02521,0.27478,0.09858,0.03056,0.11438,0.25995,0.03262,0.27897,0.03289,-0.16603,0.37849,-0.16115,-0.27409,0.21325,-0.34915,-0.18758,0.13771,-0.479,-0.09523,0.25111,0.02418,0.22261,0.34003,-0.19082,0.29404,0.16427,-0.36743,0.20434,0.04329,-0.47746,0.13836,0.33173,-0.42621,-0.05406,-0.0369,-0.48586,-0.20363,0.13674,-0.84896,-0.16767,0.03773,-1.03081,-0.25045,0.32472,-0.4321,0.0968,-0.05645,-0.50532,0.20249,0.11132,-0.86919,0.15013,-0.00013,-1.05381,0.2069
1.8,0.34067,-0.34615,0.02503,0.28567,0.09607,0.03091,0.12845,0.26053,0.03312,0.28923,0.03062,-0.16577,0.3854,-0.16707,-0.27018,0.21595,-0.35226,-0.18578,0.13468,-0.47976,-0.09502,0.26004,0.02182,0.22277,0.34419,-0.19589,0.29169,0.16833,-0.37326,0.20368,0.04642,-0.48313,0.13915,0.33294,-0.42962,-0.05432,-0.03624,-0.48544,-0.20403,0.13652,-0.84894,-0.16779,0.03726,-1.0307,-0.25049,0.32601,-0.43556,0.09654,-0.05565,-0.50469,0.20322,0.11091,-0.86898,0.15001,-0.0008,-1.05345,0.20676
1.82,0.34204,-0.34787,0.02465,0.29608,0.09537,0.03128,0.14295,0.26364,0.03394,0.29886,0.03025,-0.16552,0.3912,-0.17104,-0.26644,0.21763,-0.35386,-0.1853,0.13053,-0.47892,-0.09659,0.26838,0.02128,0.22291,0.34647,-0.19957,0.28894,0.17039,-0.37827,0.20412,0.047,-0.48768,0.14165,0.33306,-0.43114,-0.05479,-0.03605,-0.48549,-0.2052,0.13631,-0.8491,-0.16825,0.03711,-1.0309,-0.2509,0.32613,-0.43714,0.09608,-0.05571,-0.50441,0.20329,0.11,-0.86903,0.14968,-0.00192,-1.05336,0.20649
1.84,0.34292,-0.34884,0.02417,0.30632,0.09526,0.03164,0.15774,0.26755,0.03486,0.30828,0.03051,-0.16529,0.39643,-0.17432,-0.26277,0.21889,-0.35489,-0.18527,0.12608,-0.47742,-0.09884,0.27653,0.02136,0.22303,0.34794,-0.20262,0.28601,0.17169,-0.38283,0.20482,0.04669,-0.49167,0.14459,0.33275,-0.43189,-0.05535,-0.03609,-0.48571,-0.20662,0.13607,-0.84932,-0.16885,0.03702,-1.03122,-0.25149,0.3258,-0.43796,0.09551,-0.05612,-0.50424,0.20304,0.10886,-0.86918,0.14928,-0.00324,-1.05336,0.20618
1.86,0.34402,-0.35017,0.02375,0.31667,0.09458,0.03201,0.1726,0.27065,0.03574,0.31783,0.03019,-0.16505,0.40165,-0.17805,-0.2591,0.22032,-0.35623,-0.18493,0.12209,-0.47609,-0.10077,0.28479,0.02095,0.22316,0.34961,-0.20583,0.28316,0.17326,-0.38738,0.2052,0.04682,-0.49566,0.14703,0.33264,-0.43298,-0.05585,-0.03604,-0.48582,-0.20786,0.13586,-0.84949,-0.16937,0.03691,-1.03146,-0.25198,0.32567,-0.43911,0.095,-0.05637,-0.50399,0.20296,0.10782,-0.86925,0.14893,-0.00448,-1.05329,0.20591
1.88,0.34512,-0.35135,0.02327,0.32704,0.09386,0.03233,0.1875,0.27352,0.0366,0.32743,0.02983,-0.16486,0.40703,-0.18169,-0.25516,0.22195,-0.35741,-0.18444,0.11803,-0.4742,-0.10285,0.29308,0.02054,0.22325,0.35136,-0.20882,0.28007,0.17522,-0.39198,0.20551,0.04732,-0.49972,0.14957,0.33253,-0.43391,-0.05641,-0.03588,-0.48591,-0.20936,0.13564,-0.84966,-0.1699,0.03678,-1.0317,-0.25247,0.32556,-0.4401,0.09444,-0.05658,-0.50374,0.20279,0.10683,-0.86931,0.14855,-0.00566,-1.05321,0.2056
1.9,0.3461,-0.35269,0.02288,0.33732,0.09278,0.0327,0.20264,0.27611,0.03751,0.33692,0.02911,-0.1646,0.41156,-0.18551,-0.25177,0.22309,-0.35881,-0.18413,0.11457,-0.47294,-0.10478,0.3013,0.01986,0.22339,0.35253,-0.21186,0.27736,0.17625,-0.39602,0.20566,0.04705,-0.50312,0.15146,0.33232,-0.43498,-0.05688,-0.03598,-0.48605,-0.2104,0.13541,-0.8498,-0.17045,0.0367,-1.03192,-0.25301,0.32531,-0.44123,0.09396,-0.05694,-0.50347,0.20272,0.10568,-0.86935,0.14821,-0.00699,-1.05311,0.20533
1.92,0.34684,-0.35466,0.02273,0.34739,0.09088,0.03323,0.21834,0.2782,0.03853,0.34615,0.02754,-0.16417,0.41409,-0.18987,-0.24989,0.22282,-0.36095,-0.18447,0.11226,-0.47386,-0.10619,0.30937,0.01844,0.22372,0.3523,-0.2154,0.27575,0.1746,-0.39878,0.20556,0.04447,-0.505,0.15189,0.3319,-0.43668,-0.05711,-0.0368,-0.48636,-0.21012,0.13523,-0.8499,-0.17102,0.03678,-1.03212,-0.25367,0.32476,-0.44295,0.09373,-0.05766,-0.50315,0.20305,0.10419,-0.8693,0.148,-0.00861,-1.05298,0.20513
1.94,0.34748,-0.35682,0.02268,0.35735,0.0886,0.03383,0.23428,0.27989,0.03961,0.35526,0.02557,-0.16366,0.41584,-0.19431,-0.2486,0.22198,-0.36318,-0.18507,0.11028,-0.47538,-0.1074,0.31735,0.0167,0.22412,0.35152,-0.21893,0.27456,0.17194,-0.40087,0.20543,0.04099,-0.50613,0.15186,0.33139,-0.43855,-0.05723,-0.03787,-0.48669,-0.20938,0.13503,-0.84995,-0.17162,0.03688,-1.03227,-0.2544,0.32409,-0.44483,0.09361,-0.05851,-0.50281,0.2035,0.10254,-0.86921,0.14784,-0.01037,-1.05283,0.20495
1.96,0.34818,-0.35888,0.02261,0.36733,0.08622,0.03442,0.25023,0.28121,0.04071,0.36442,0.02352,-0.16317,0.41782,-0.1986,-0.24709,0.22133,-0.36513,-0.18549,0.10812,-0.47633,-0.10858,0.32536,0.01491,0.22451,0.35095,-0.22216,0.2732,0.16973,-0.40295,0.20533,0.03791,-0.50726,0.15204,0.33095,-0.44031,-0.05737,-0.03877,-0.48691,-0.20887,0.13482,-0.84996,-0.1722,0.03693,-1.03236,-0.25512,0.32351,-0.44661,0.09345,-0.05926,-0.50243,0.20389,0.10097,-0.86911,0.14767,-0.01208,-1.05265,0.20476
1.98,0.34877,-0.36096,0.02244,0.37737,0.08361,0.03499,0.26648,0.28218,0.04182,0.37361,0.02128,-0.1627,0.41952,-0.20294,-0.24545,0.22048,-0.36724,-0.18612,0.1057,-0.47749,-0.11016,0.33344,0.01293,0.22487,0.35006,-0.22533,0.27162,0.16712,-0.40489,0.20508,0.03441,-0.50826,0.15215,0.33038,-0.44206,-0.05761,-0.03985,-0.48739,-0.20827,0.13472,-0.85009,-0.17279,0.03719,-1.03263,-0.25583,0.32279,-0.44838,0.0932,-0.06007,-0.5021,0.20432,0.09946,-0.86898,0.14746,-0.01365,-1.05248,0.20457
2,0.34959,-0.36306,0.02248,0.38723,0.08082,0.0356,0.28243,0.28265,0.04296,0.3827,0.01879,-0.16217,0.42138,-0.20703,-0.24427,0.21979,-0.36873,-0.18642,0.10379,-0.47798,-0.11088,0.34138,0.01085,0.22528,0.34964,-0.22814,0.27051,0.16502,-0.40638,0.20508,0.0315,-0.50875,0.15227,0.3301,-0.44383,-0.05765,-0.04057,-0.4873,-0.20775,0.13441,-0.84991,-0.1734,0.03704,-1.03245,-0.25662,0.32235,-0.45016,0.09316,-0.06072,-0.50162,0.20466,0.09784,-0.86884,0.14729,-0.0155,-1.05222,0.20432
2.02,0.35103,-0.36523,0.02307,0.39673,0.07789,0.03628,0.29751,0.2825,0.04413,0.39165,0.01594,-0.16149,0.42398,-0.21063,-0.24426,0.2197,-0.36872,-0.18584,0.10329,-0.47688,-0.10936,0.34905,0.00878,0.22584,0.35065,-0.23043,0.27063,0.16461,-0.40741,0.20583,0.03041,-0.50867,0.15259,0.33062,-0.44569,-0.05714,-0.04031,-0.48567,-0.2076,0.13362,-0.84886,-0.1741,0.03598,-1.03107,-0.25773,0.32261,-0.45203,0.09366,-0.06092,-0.5009,0.20473,0.09614,-0.86875,0.1473,-0.01775,-1.05187,0.20407
2.04,0.35271,-0.36742,0.02385,0.40602,0.07485,0.037,0.3122,0.28197,0.04532,0.40046,0.0129,-0.16076,0.42687,-0.21402,-0.24468,0.21996,-0.36816,-0.18499,0.10347,-0.47526,-0.10716,0.35658,0.00667,0.22644,0.35223,-0.23251,0.27121,0.16479,-0.40817,0.20686,0.02998,-0.50827,0.15298,0.33144,-0.44757,-0.05645,-0.03964,-0.48348,-0.20755,0.13263,-0.84753,-0.17481,0.03451,-1.02926,-0.25891,0.32314,-0.45392,0.09433,-0.06094,-0.50002,0.20466,0.09431,-0.86865,0.14729,-0.02032,-1.05141,0.20371
2.06,0.35431,-0.36959,0.02453,0.41532,0.07168,0.03772,0.32702,0.2812,0.04654,0.40925,0.00977,-0.16005,0.42966,-0.21743,-0.24487,0.22024,-0.36778,-0.18431,0.1035,-0.47386,-0.10546,0.36414,0.00444,0.22703,0.35363,-0.23459,0.27157,0.16475,-0.4089,0.20775,0.02929,-0.50783,0.15336,0.33216,-0.44941,-0.05585,-0.03906,-0.48154,-0.20745,0.13172,-0.84636,-0.17548,0.03317,-1.02765,-0.26002,0.3236,-0.45577,0.09491,-0.06099,-0.49912,0.20461,0.09245,-0.8685,0.14719,-0.02291,-1.05091,0.20326
2.08,0.3558,-0.37181,0.02528,0.4249,0.06827,0.03852,0.3424,0.28011,0.04791,0.41829,0.00641,-0.15924,0.43218,-0.22084,-0.24525,0.22023,-0.36722,-0.18377,0.10349,-0.47246,-0.1038,0.37192,0.00205,0.22769,0.35475,-0.23665,0.27196,0.16447,-0.40972,0.20893,0.02841,-0.50757,0.15405,0.33276,-0.45129,-0.05519,-0.03855,-0.47949,-0.20736,0.13116,-0.84489,-0.17627,0.03241,-1.02585,-0.26131,0.32391,-0.45765,0.09555,-0.06109,-0.49849,0.20478,0.09114,-0.86839,0.14747,-0.02465,-1.0506,0.20333
2.1,0.35758,-0.37392,0.02593,0.43377,0.06498,0.0392,0.3566,0.2788,0.04907,0.4267,0.00316,-0.15856,0.43532,-0.22405,-0.24533,0.22112,-0.36676,-0.183,0.10398,-0.47092,-0.10221,0.37921,-0.00029,0.22825,0.35664,-0.23856,0.27237,0.16487,-0.4101,0.20969,0.02812,-0.50671,0.15431,0.3337,-0.45306,-0.05463,-0.03768,-0.47749,-0.20726,0.12993,-0.84391,-0.17681,0.03046,-1.02428,-0.26224,0.3246,-0.45943,0.0961,-0.06096,-0.49722,0.20444,0.08873,-0.86812,0.14694,-0.02814,-1.04979,0.2023
2.12,0.36016,-0.37568,0.02627,0.44091,0.06241,0.03952,0.36779,0.27764,0.04955,0.43358,0.00058,-0.15823,0.44011,-0.2269,-0.24448,0.22421,-0.36672,-0.18149,0.10558,-0.46906,-0.10055,0.3853,-0.00221,0.22849,0.36056,-0.24024,0.27279,0.16701,-0.40938,0.20908,0.02929,-0.50423,0.15307,0.33556,-0.45451,-0.05438,-0.03597,-0.47569,-0.20716,0.12701,-0.84418,-0.17664,0.02542,-1.02333,-0.26217,0.3263,-0.46093,0.09635,-0.06025,-0.494,0.20266,0.08331,-0.86716,0.14409,-0.03635,-1.04737,0.19823
2.14,0.36301,-0.37731,0.0265,0.44733,0.06011,0.03969,0.37775,0.27651,0.04977,0.43981,-0.00174,-0.15804,0.4455,-0.22962,-0.24331,0.22811,-0.36685,-0.17973,0.10759,-0.46704,-0.09889,0.39087,-0.00397,0.2286,0.36522,-0.24184,0.27321,0.16987,-0.40833,0.20801,0.0311,-0.50122,0.15132,0.33773,-0.45585,-0.05423,-0.03394,-0.47395,-0.20704,0.12334,-0.8449,-0.17623,0.01911,-1.02252,-0.26175,0.32836,-0.46231,0.09649,-0.05926,-0.49014,0.2004,0.07683,-0.86586,0.14039,-0.04624,-1.04422,0.19303
2.16,0.36571,-0.379,0.02677,0.45398,0.05764,0.03991,0.38816,0.2752,0.0501,0.44626,-0.00424,-0.1578,0.45059,-0.23244,-0.24228,0.23167,-0.36695,-0.17813,0.10946,-0.46507,-0.09731,0.39661,-0.00583,0.22875,0.36952,-0.2435,0.27361,0.17249,-0.4075,0.20718,0.03275,-0.49853,0.14986,0.33973,-0.45723,-0.05404,-0.03205,-0.47223,-0.20691,0.11989,-0.84538,-0.17595,0.01324,-1.02154,-0.26151,0.33024,-0.46374,0.09666,-0.05827,-0.48665,0.19841,0.0709,-0.86459,0.13705,-0.05524,-1.04119,0.18831
2.18,0.36855,-0.38073,0.02709,0.46096,0.05505,0.04024,0.39913,0.27378,0.05055,0.45299,-0.00682,-0.15747,0.4557,-0.2353,-0.24125,0.23526,-0.36692,-0.17633,0.1115,-0.46306,-0.09547,0.40265,-0.0078,0.22899,0.37397,-0.24522,0.27415,0.17509,-0.40636,0.20622,0.0344,-0.49544,0.14816,0.34188,-0.45863,-0.0538,-0.02995,-0.47029,-0.20687,0.11692,-0.84544,-0.17558,0.00805,-1.02021,-0.26119,0.33224,-0.46519,0.09689,-0.05719,-0.48264,0.1962,0.06503,-0.86267,0.13357,-0.06413,-1.03748,0.18343
2.2,0.37114,-0.38232,0.02729,0.46707,0.0527,0.04033,0.40865,0.27236,0.05074,0.45894,-0.00922,-0.15735,0.46084,-0.23808,-0.24011,0.23899,-0.36718,-0.17492,0.11337,-0.46104,-0.09424,0.40793,-0.00956,0.22903,0.37825,-0.24681,0.27442,0.17798,-0.40577,0.20544,0.03636,-0.493,0.14686,0.34379,-0.45991,-0.05368,-0.02816,-0.46877,-0.20662,0.11275,-0.8462,-0.17533,0.0012,-1.01927,-0.26096,0.33407,-0.46652,0.097,-0.05603,-0.47947,0.19434,0.05894,-0.86149,0.1301,-0.07338,-1.03432,0.17854
2.22,0.37307,-0.38357,0.02719,0.47112,0.05099,0.03982,0.41454,0.27113,0.05021,0.46304,-0.01116,-0.15779,0.46601,-0.24066,-0.23872,0.24299,-0.36828,-0.17463,0.11463,-0.45907,-0.09478,0.41134,-0.01072,0.22849,0.38202,-0.24801,0.27392,0.18153,-0.40684,0.20532,0.0389,-0.49256,0.14694,0.34506,-0.46087,-0.05383,-0.02731,-0.46839,-0.20584,0.10536,-0.84886,-0.17545,-0.01002,-1.01945,-0.26098,0.33544,-0.46756,0.09686,-0.05485,-0.4788,0.19364,0.05227,-0.86264,0.12674,-0.08355,-1.03313,0.17381
2.24,0.37471,-0.38468,0.02698,0.47431,0.04954,0.03908,0.41895,0.27,0.0494,0.46635,-0.0129,-0.15844,0.47116,-0.24311,-0.23723,0.24708,-0.36968,-0.17479,0.1157,-0.45727,-0.09627,0.41397,-0.01165,0.22775,0.38556,-0.24905,0.27317,0.18525,-0.40848,0.20541,0.04161,-0.49282,0.1475,0.34605,-0.4617,-0.05408,-0.02684,-0.46843,-0.20484,0.0967,-0.85206,-0.1756,-0.02287,-1.0198,-0.26098,0.33661,-0.46848,0.09661,-0.05372,-0.47905,0.1933,0.04531,-0.86454,0.12346,-0.09409,-1.03247,0.16922
2.26,0.37643,-0.38583,0.02682,0.47784,0.04799,0.03845,0.42399,0.26882,0.04872,0.46997,-0.01471,-0.159,0.47625,-0.24557,-0.2358,0.25109,-0.37092,-0.17482,0.11695,-0.45558,-0.09776,0.41691,-0.01266,0.2271,0.38913,-0.25014,0.27255,0.18882,-0.40983,0.20541,0.04422,-0.49276,0.14786,0.34714,-0.46257,-0.05428,-0.02622,-0.46827,-0.20391,0.08855,-0.85468,-0.17563,-0.03492,-1.01965,-0.26088,0.33783,-0.46944,0.09642,-0.05261,-0.4789,0.19277,0.03845,-0.86584,0.1202,-0.10437,-1.03121,0.16474
2.28,0.37841,-0.38707,0.02664,0.48159,0.04634,0.03777,0.42922,0.26754,0.04799,0.4738,-0.01664,-0.15959,0.48169,-0.24816,-0.23421,0.25546,-0.37237,-0.17486,0.11839,-0.45396,-0.09967,0.42008,-0.01376,0.2264,0.39312,-0.25132,0.27187,0.19282,-0.41135,0.2055,0.04713,-0.49269,0.14845,0.34842,-0.46349,-0.0545,-0.02538,-0.46812,-0.20308,0.08018,-0.8572,-0.17563,-0.04727,-1.0192,-0.26072,0.33928,-0.47046,0.0962,-0.05125,-0.47861,0.19233,0.03142,-0.86681,0.1165,-0.11491,-1.02944,0.15964
2.3,0.37977,-0.38809,0.02647,0.48466,0.04493,0.03712,0.43368,0.26644,0.04728,0.47698,-0.01833,-0.16016,0.48635,-0.25039,-0.2329,0.25913,-0.37352,-0.17512,0.11962,-0.45262,-0.10178,0.42256,-0.01464,0.22574,0.39615,-0.25225,0.27127,0.19595,-0.41264,0.20549,0.04947,-0.49281,0.1488,0.34923,-0.46427,-0.0547,-0.02507,-0.46803,-0.20202,0.07183,-0.85943,-0.17552,-0.05928,-1.01857,-0.26045,0.3402,-0.47129,0.09601,-0.05042,-0.47882,0.19179,0.02465,-0.86812,0.11371,-0.12484,-1.02811,0.15594
2.32,0.37952,-0.38851,0.02633,0.4862,0.04408,0.03662,0.4365,0.26589,0.04672,0.47865,-0.01941,-0.16059,0.48904,-0.25171,-0.23241,0.26089,-0.37371,-0.17585,0.12012,-0.45151,-0.10355,0.42348,-0.01498,0.22519,0.39677,-0.25254,0.27082,0.1968,-0.41326,0.20514,0.05031,-0.4933,0.1483,0.34882,-0.46465,-0.05481,-0.02618,-0.46796,-0.20036,0.06377,-0.8611,-0.17526,-0.07029,-1.01786,-0.26001,0.33977,-0.4716,0.0959,-0.05108,-0.4802,0.19066,0.01847,-0.8707,0.11347,-0.13335,-1.02839,0.15599
2.34,0.37867,-0.38871,0.0262,0.48709,0.04345,0.03615,0.4386,0.26553,0.04618,0.47969,-0.02026,-0.16099,0.49094,-0.2527,-0.23222,0.26192,-0.37355,-0.17676,0.12032,-0.4505,-0.10516,0.42374,-0.0151,0.22467,0.39642,-0.25256,0.27045,0.19675,-0.41361,0.20466,0.05055,-0.49394,0.14747,0.34795,-0.4649,-0.05489,-0.0278,-0.46795,-0.19851,0.05587,-0.86257,-0.17491,-0.08084,-1.01713,-0.25945,0.33884,-0.47172,0.09582,-0.05225,-0.48206,0.18943,0.01265,-0.87373,0.11414,-0.14116,-1.0293,0.15734
2.36,0.37807,-0.389,0.02606,0.4882,0.04274,0.03566,0.44095,0.26509,0.04562,0.48095,-0.0212,-0.16141,0.4931,-0.25383,-0.2319,0.26321,-0.37355,-0.1776,0.12064,-0.44949,-0.10685,0.42422,-0.01531,0.22412,0.3964,-0.25268,0.27007,0.19697,-0.414,0.20422,0.05096,-0.49446,0.14675,0.34726,-0.4652,-0.05498,-0.02916,-0.46793,-0.19682,0.04799,-0.86396,-0.17451,-0.09139,-1.01624,-0.25883,0.33812,-0.47191,0.09573,-0.05317,-0.48369,0.18834,0.00682,-0.87638,0.11434,-0.14903,-1.02978,0.15801
2.38,0.37754,-0.38932,0.02592,0.48959,0.04193,0.0352,0.44358,0.26454,0.04511,0.48244,-0.02223,-0.16181,0.49563,-0.25504,-0.23148,0.26484,-0.37363,-0.17851,0.12114,-0.4484,-0.10882,0.42498,-0.01559,0.2236,0.39683,-0.25292,0.26958,0.19775,-0.41474,0.20391,0.05179,-0.49522,0.14631,0.34666,-0.46553,-0.05509,-0.03056,-0.46779,-0.19482,0.03945,-0.86522,-0.17402,-0.10284,-1.01493,-0.25809,0.33745,-0.47213,0.09563,-0.05412,-0.48542,0.18685,0.00028,-0.87927,0.11465,-0.15787,-1.03014,0.15884
2.4,0.37672,-0.38954,0.0258,0.49023,0.04134,0.03471,0.44545,0.26421,0.04453,0.48329,-0.02308,-0.16223,0.49718,-0.25603,-0.2313,0.2656,-0.3735,-0.1793,0.12125,-0.44756,-0.11019,0.42502,-0.01569,0.22305,0.3961,-0.25286,0.26936,0.19716,-0.41472,0.20334,0.0516,-0.49555,0.14524,0.34578,-0.46578,-0.05515,-0.03199,-0.46792,-0.19338,0.03225,-0.86637,-0.17352,-0.11227,-1.01408,-0.25733,0.33655,-0.47226,0.09556,-0.0551,-0.48706,0.18619,-0.00472,-0.88161,0.11496,-0.16446,-1.03067,0.15959
2.42,0.3752,-0.38955,0.02571,0.48897,0.04127,0.03412,0.44552,0.2644,0.04377,0.48253,-0.02351,-0.1627,0.49622,-0.25648,-0.23175,0.26406,-0.37279,-0.17974,0.1203,-0.44735,-0.10995,0.42321,-0.01537,0.2224,0.39238,-0.25206,0.2699,0.193,-0.41261,0.20204,0.04874,-0.49466,0.14242,0.34423,-0.46588,-0.05516,-0.03346,-0.46887,-0.19358,0.02869,-0.86762,-0.17315,-0.11636,-1.01493,-0.25674,0.33512,-0.47223,0.09557,-0.05608,-0.48833,0.18792,-0.00551,-0.88256,0.11506,-0.16498,-1.03185,0.15989
2.44,0.37341,-0.38946,0.02564,0.48698,0.04142,0.03352,0.44483,0.26482,0.04295,0.48114,-0.02376,-0.1632,0.49431,-0.25671,-0.23243,0.26166,-0.37186,-0.18004,0.11897,-0.44738,-0.10909,0.42069,-0.01486,0.22171,0.38753,-0.25094,0.2707,0.18758,-0.40974,0.20046,0.04498,-0.49337,0.13906,0.34244,-0.46589,-0.05512,-0.03495,-0.47009,-0.19435,0.02653,-0.86889,-0.17286,-0.11842,-1.01641,-0.25625,0.33348,-0.47212,0.09562,-0.05707,-0.48944,0.19045,-0.00479,-0.88299,0.11515,-0.16332,-1.03325,0.16011
2.46,0.37177,-0.38941,0.02557,0.48531,0.04149,0.03292,0.44445,0.26513,0.04216,0.48004,-0.02408,-0.16368,0.49284,-0.25703,-0.23299,0.25968,-0.37105,-0.18038,0.11784,-0.44731,-0.10851,0.41848,-0.01442,0.22104,0.38321,-0.24992,0.27134,0.18284,-0.40725,0.19899,0.04177,-0.49234,0.13609,0.34079,-0.46594,-0.0551,-0.03639,-0.47114,-0.19484,0.0238,-0.8701,-0.17256,-0.12134,-1.01754,-0.25577,0.33197,-0.47204,0.09566,-0.05802,-0.49058,0.19253,-0.00482,-0.88363,0.11528,-0.16272,-1.03448,0.1604
2.48,0.37,-0.38937,0.02548,0.48366,0.0415,0.03234,0.44422,0.26541,0.04142,0.47893,-0.02443,-0.16415,0.49135,-0.25735,-0.23364,0.25765,-0.37016,-0.18083,0.11672,-0.44726,-0.10807,0.41628,-0.01403,0.22037,0.3788,-0.24889,0.27204,0.17804,-0.40465,0.19744,0.0386,-0.49124,0.13298,0.339,-0.466,-0.05509,-0.03797,-0.47235,-0.19535,0.02083,-0.87146,-0.17216,-0.12449,-1.01885,-0.25514,0.33032,-0.47196,0.09568,-0.05899,-0.49188,0.19496,-0.00468,-0.88429,0.11532,-0.16187,-1.03585,0.16059
2.5,0.36844,-0.38929,0.02544,0.48181,0.04167,0.03173,0.44348,0.26578,0.0406,0.47769,-0.02468,-0.16464,0.48969,-0.25762,-0.23413,0.25555,-0.36938,-0.18104,0.11556,-0.44725,-0.1073,0.41391,-0.01351,0.21968,0.37432,-0.24774,0.27261,0.17328,-0.40213,0.19593,0.0354,-0.4903,0.13025,0.33744,-0.46601,-0.05504,-0.03927,-0.47331,-0.19596,0.01868,-0.8725,-0.17201,-0.12667,-1.01994,-0.25486,0.3289,-0.47186,0.09575,-0.05989,-0.49279,0.19687,-0.00456,-0.88472,0.11552,-0.1611,-1.0369,0.16093
2.52,0.3675,-0.38911,0.0255,0.47956,0.0422,0.031,0.44151,0.26637,0.03951,0.47624,-0.02468,-0.16521,0.48774,-0.2578,-0.23414,0.25334,-0.36882,-0.18064,0.1143,-0.44724,-0.10568,0.41126,-0.01269,0.21888,0.36974,-0.24636,0.27277,0.16855,-0.39981,0.19459,0.03198,-0.48967,0.12847,0.33655,-0.46591,-0.05492,-0.03982,-0.47352,-0.19674,0.01841,-0.87265,-0.17257,-0.12666,-1.02026,-0.2556,0.32809,-0.47169,0.09587,-0.06067,-0.49267,0.19708,-0.00482,-0.88462,0.1162,-0.1611,-1.03703,0.16173
2.54,0.36678,-0.38888,0.02561,0.47713,0.04288,0.03023,0.43904,0.26706,0.03833,0.47468,-0.02456,-0.16579,0.48566,-0.25793,-0.23397,0.25108,-0.36837,-0.18002,0.11303,-0.44732,-0.10382,0.40846,-0.01175,0.21806,0.36514,-0.24491,0.27276,0.16389,-0.39762,0.19331,0.02851,-0.48917,0.12707,0.33589,-0.46575,-0.05477,-0.04009,-0.47345,-0.19758,0.0189,-0.87247,-0.17335,-0.12574,-1.02034,-0.25667,0.32752,-0.47148,0.09603,-0.06139,-0.49217,0.19675,-0.00513,-0.8843,0.11703,-0.16125,-1.03684,0.16268
2.56,0.36597,-0.38866,0.0257,0.47478,0.0435,0.02949,0.43676,0.26771,0.03719,0.47317,-0.02448,-0.16635,0.48369,-0.25807,-0.23386,0.24891,-0.36789,-0.17951,0.11183,-0.44748,-0.10224,0.40572,-0.01086,0.21726,0.36063,-0.24349,0.27277,0.15937,-0.39548,0.19199,0.0252,-0.48868,0.1256,0.33514,-0.46561,-0.05463,-0.04048,-0.4735,-0.19838,0.01905,-0.87243,-0.17401,-0.12523,-1.02052,-0.25756,0.32685,-0.47128,0.09618,-0.06212,-0.49185,0.19669,-0.0054,-0.88407,0.11777,-0.16131,-1.0368,0.16353
2.58,0.36511,-0.38847,0.02577,0.4724,0.04408,0.02872,0.43457,0.26832,0.03608,0.47164,-0.02444,-0.16694,0.48148,-0.25822,-0.23388,0.24646,-0.36725,-0.17905,0.11056,-0.44761,-0.10047,0.40295,-0.01002,0.21641,0.3557,-0.242,0.27284,0.15426,-0.3929,0.1905,0.02144,-0.48793,0.12396,0.33432,-0.46549,-0.0545,-0.0409,-0.47357,-0.19929,0.01927,-0.8724,-0.17476,-0.12462,-1.02072,-0.25857,0.32612,-0.4711,0.09631,-0.06293,-0.49148,0.19655,-0.00571,-0.88383,0.11862,-0.1614,-1.03674,0.16452
2.6,0.36442,-0.38823,0.02589,0.47005,0.04473,0.02801,0.43209,0.26897,0.03491,0.47015,-0.02431,-0.16747,0.47975,-0.25833,-0.23362,0.24462,-0.36698,-0.1785,0.1095,-0.44798,-0.09925,0.40023,-0.00913,0.21563,0.35168,-0.24069,0.27268,0.15048,-0.39135,0.18931,0.01864,-0.48781,0.12287,0.33371,-0.46533,-0.05434,-0.04118,-0.47356,-0.19997,0.01953,-0.8723,-0.17536,-0.12402,-1.02083,-0.25939,0.32559,-0.47089,0.09648,-0.06354,-0.49114,0.19643,-0.00595,-0.88359,0.11927,-0.16147,-1.03664,0.16525
2.62,0.36418,-0.38789,0.02613,0.46785,0.04555,0.02746,0.42901,0.26966,0.03356,0.46884,-0.02399,-0.16784,0.47937,-0.25834,-0.23265,0.24451,-0.3677,-0.17773,0.10903,-0.44896,-0.09938,0.39772,-0.00815,0.21502,0.35011,-0.23993,0.27197,0.15028,-0.39258,0.18891,0.01851,-0.4895,0.12304,0.33365,-0.46511,-0.05405,-0.04111,-0.47343,-0.20001,0.01973,-0.87216,-0.17546,-0.12369,-1.02072,-0.25963,0.32557,-0.47061,0.09678,-0.06361,-0.49101,0.19651,-0.00596,-0.88344,0.11932,-0.16146,-1.03655,0.1652
2.64,0.36411,-0.38751,0.0264,0.4657,0.04642,0.02696,0.42567,0.27035,0.03213,0.46758,-0.02358,-0.16817,0.47947,-0.2583,-0.23142,0.24505,-0.36878,-0.17688,0.10875,-0.45011,-0.10003,0.3953,-0.00716,0.21445,0.34949,-0.23939,0.27104,0.15147,-0.39482,0.18883,0.01938,-0.49182,0.12371,0.33379,-0.46486,-0.05373,-0.04091,-0.47324,-0.19983,0.01996,-0.87197,-0.17542,-0.12342,-1.02053,-0.25968,0.32575,-0.4703,0.0971,-0.06347,-0.49093,0.19661,-0.0059,-0.88332,0.11915,-0.16143,-1.03644,0.16488
2.66,0.36396,-0.38716,0.02665,0.46354,0.04724,0.02644,0.42243,0.27099,0.03075,0.4663,-0.02323,-0.16851,0.47935,-0.25827,-0.23029,0.24531,-0.3697,-0.17608,0.10837,-0.45112,-0.10048,0.39285,-0.00621,0.21386,0.34851,-0.23879,0.27019,0.15213,-0.39664,0.18864,0.01985,-0.49383,0.12419,0.33384,-0.46464,-0.05343,-0.04078,-0.47308,-0.19977,0.02018,-0.87181,-0.17545,-0.12312,-1.02038,-0.25982,0.32583,-0.47001,0.0974,-0.06344,-0.49082,0.19668,-0.00588,-0.88318,0.11909,-0.16142,-1.03633,0.16469
2.68,0.36382,-0.38677,0.02694,0.4613,0.0481,0.02593,0.41922,0.27169,0.02934,0.46501,-0.02285,-0.16883,0.47918,-0.25819,-0.22919,0.24554,-0.37055,-0.17516,0.10818,-0.45244,-0.10082,0.39028,-0.00521,0.21327,0.34727,-0.23808,0.26941,0.15262,-0.3983,0.18834,0.02034,-0.49596,0.12459,0.3339,-0.46438,-0.0531,-0.04063,-0.4729,-0.19962,0.02041,-0.87162,-0.17547,-0.1228,-1.02021,-0.25995,0.32593,-0.46969,0.09774,-0.06337,-0.49072,0.19683,-0.00585,-0.88304,0.11899,-0.1614,-1.03622,0.16446
2.7,0.36369,-0.38645,0.02714,0.45923,0.04885,0.0254,0.4159,0.27221,0.02796,0.46374,-0.02252,-0.16919,0.47924,-0.25818,-0.22796,0.24598,-0.37159,-0.17448,0.10771,-0.45319,-0.10155,0.38799,-0.00436,0.21267,0.34678,-0.23765,0.26844,0.15388,-0.40046,0.18835,0.02115,-0.49796,0.12531,0.33396,-0.46418,-0.05285,-0.04048,-0.47275,-0.19961,0.0206,-0.87147,-0.17549,-0.12255,-1.02007,-0.26007,0.32603,-0.46943,0.09799,-0.06334,-0.49062,0.19682,-0.00581,-0.88292,0.1189,-0.16138,-1.03612,0.16425
2.72,0.36356,-0.38629,0.02709,0.45761,0.04933,0.02477,0.41231,0.2723,0.02664,0.46254,-0.02232,-0.16971,0.4799,-0.25835,-0.22643,0.24694,-0.37309,-0.17452,0.1063,-0.45229,-0.10349,0.38638,-0.00384,0.21206,0.34818,-0.23784,0.26698,0.15711,-0.4039,0.18921,0.02272,-0.49957,0.12689,0.33397,-0.46412,-0.05285,-0.04029,-0.47267,-0.20007,0.02066,-0.87138,-0.17559,-0.12246,-1.01999,-0.26021,0.32607,-0.4693,0.098,-0.06343,-0.49042,0.19628,-0.00577,-0.8828,0.11885,-0.16134,-1.03601,0.16414
2.74,0.36345,-0.38619,0.02695,0.45619,0.04971,0.02412,0.40865,0.27222,0.02537,0.46138,-0.02216,-0.17027,0.48081,-0.25855,-0.2248,0.24815,-0.37477,-0.17483,0.10469,-0.45106,-0.10628,0.38507,-0.00345,0.21146,0.35031,-0.23822,0.26535,0.16118,-0.40774,0.19034,0.0247,-0.50099,0.12891,0.33398,-0.46412,-0.05294,-0.04008,-0.47262,-0.20067,0.02068,-0.87133,-0.1757,-0.12242,-1.01993,-0.26035,0.32611,-0.46922,0.09791,-0.06355,-0.49021,0.1956,-0.0057,-0.88269,0.11882,-0.16127,-1.03591,0.16408
2.76,0.36332,-0.38606,0.02685,0.45468,0.05013,0.02348,0.40505,0.27218,0.0241,0.46018,-0.02198,-0.17081,0.48157,-0.25868,-0.22322,0.24927,-0.37634,-0.17501,0.10337,-0.45034,-0.10916,0.38365,-0.003,0.21086,0.35208,-0.23845,0.2638,0.16492,-0.41121,0.19129,0.02662,-0.50239,0.13085,0.33398,-0.4641,-0.05298,-0.0399,-0.47255,-0.20117,0.02071,-0.87125,-0.1758,-0.12238,-1.01986,-0.26048,0.32614,-0.46911,0.09787,-0.06366,-0.49001,0.19503,-0.00566,-0.88257,0.11879,-0.16123,-1.0358,0.16402
2.78,0.3632,-0.38593,0.02677,0.4531,0.05056,0.02285,0.40131,0.27212,0.02275,0.45902,-0.02182,-0.17133,0.48247,-0.25881,-0.22151,0.25061,-0.37808,-0.1752,0.10203,-0.44967,-0.11278,0.38208,-0.00254,0.21024,0.35408,-0.23864,0.26226,0.1694,-0.41516,0.1925,0.0291,-0.50405,0.13324,0.334,-0.46407,-0.05301,-0.03967,-0.47247,-0.20177,0.02075,-0.87118,-0.17592,-0.12232,-1.01978,-0.26064,0.32619,-0.46901,0.09784,-0.0638,-0.48978,0.19426,-0.00561,-0.88245,0.11873,-0.16119,-1.03569,0.1639
2.8,0.36308,-0.38581,0.02662,0.45173,0.05093,0.02219,0.39788,0.272,0.02157,0.4578,-0.02165,-0.17191,0.48316,-0.25886,-0.22007,0.25168,-0.37951,-0.17545,0.10111,-0.44951,-0.11607,0.38091,-0.00217,0.20966,0.35582,-0.23881,0.26066,0.17291,-0.41805,0.19322,0.03095,-0.50506,0.13513,0.33399,-0.46405,-0.0531,-0.03953,-0.47241,-0.20222,0.02077,-0.87111,-0.17601,-0.12227,-1.01973,-0.26074,0.32622,-0.4689,0.09776,-0.06385,-0.4896,0.19386,-0.00555,-0.88233,0.11872,-0.16112,-1.03558,0.16389
2.82,0.36294,-0.3857,0.02628,0.45085,0.05118,0.02144,0.39527,0.27182,0.02082,0.45636,-0.02142,-0.17267,0.48324,-0.25876,-0.21937,0.25188,-0.38005,-0.17582,0.10097,-0.45009,-0.11735,0.38079,-0.00199,0.20917,0.35664,-0.239,0.2589,0.17313,-0.41802,0.1925,0.03044,-0.50434,0.13519,0.33391,-0.46406,-0.05335,-0.03968,-0.47236,-0.20228,0.02075,-0.87104,-0.17602,-0.12228,-1.01973,-0.26066,0.3262,-0.46876,0.09752,-0.06364,-0.48955,0.19456,-0.00551,-0.8822,0.11885,-0.16099,-1.03548,0.16421
2.84,0.3628,-0.38559,0.02587,0.45018,0.05139,0.02066,0.39299,0.27163,0.02025,0.45486,-0.02119,-0.17348,0.48309,-0.2586,-0.21898,0.25177,-0.38026,-0.17628,0.10111,-0.45089,-0.11788,0.38106,-0.00187,0.20872,0.35714,-0.23919,0.2571,0.17219,-0.41695,0.19132,0.02908,-0.503,0.13464,0.33382,-0.46407,-0.05366,-0.03994,-0.47231,-0.20219,0.02071,-0.87096,-0.176,-0.12229,-1.01974,-0.26051,0.32616,-0.4686,0.09722,-0.06333,-0.48954,0.19562,-0.00546,-0.88206,0.11902,-0.16084,-1.03537,0.16463
2.86,0.36266,-0.38548,0.02549,0.44941,0.05163,0.0199,0.3906,0.27143,0.01962,0.45339,-0.02096,-0.17425,0.48302,-0.25844,-0.2185,0.25181,-0.38064,-0.17673,0.10115,-0.45163,-0.11878,0.38113,-0.00173,0.20824,0.35776,-0.23936,0.25533,0.17182,-0.4164,0.19042,0.02816,-0.50201,0.13445,0.33373,-0.46407,-0.05395,-0.04014,-0.47226,-0.20219,0.02068,-0.87089,-0.17601,-0.1223,-1.01975,-0.26041,0.32613,-0.46845,0.09694,-0.06307,-0.48951,0.19646,-0.00542,-0.88192,0.11916,-0.16071,-1.03526,0.16499
2.88,0.36252,-0.38537,0.02509,0.44865,0.05185,0.01911,0.38806,0.27117,0.01898,0.45187,-0.02073,-0.17506,0.48312,-0.25827,-0.21782,0.25202,-0.38105,-0.17725,0.10129,-0.45241,-0.1199,0.38129,-0.00159,0.20775,0.35845,-0.23955,0.25341,0.17134,-0.4157,0.18943,0.02708,-0.50078,0.13421,0.33364,-0.46408,-0.05425,-0.04036,-0.47221,-0.20215,0.02065,-0.87081,-0.176,-0.12232,-1.01975,-0.26029,0.3261,-0.4683,0.09665,-0.06276,-0.48948,0.19747,-0.00537,-0.88176,0.11934,-0.16056,-1.03513,0.16542
2.9,0.36238,-0.38526,0.02473,0.44791,0.05207,0.01838,0.38594,0.27101,0.01846,0.45046,-0.02052,-0.17579,0.48284,-0.25807,-0.21766,0.25188,-0.38133,-0.17771,0.1014,-0.45325,-0.12043,0.38137,-0.00144,0.20729,0.35887,-0.23965,0.25182,0.17075,-0.41499,0.18857,0.02611,-0.49984,0.13398,0.33355,-0.46408,-0.05452,-0.04057,-0.47216,-0.20213,0.02062,-0.87073,-0.17601,-0.12232,-1.01976,-0.26019,0.32606,-0.46815,0.09638,-0.06251,-0.48945,0.19825,-0.00534,-0.88164,0.11946,-0.16044,-1.03503,0.16573
2.92,0.36223,-0.38515,0.02454,0.44717,0.05229,0.01785,0.38484,0.27112,0.01822,0.44937,-0.02036,-0.1763,0.48153,-0.25783,-0.21876,0.25084,-0.38128,-0.17782,0.10125,-0.45414,-0.11942,0.38113,-0.00125,0.20693,0.35872,-0.23954,0.25103,0.17049,-0.41492,0.18822,0.02598,-0.50039,0.13429,0.33341,-0.46402,-0.05466,-0.04075,-0.47216,-0.20217,0.0206,-0.8707,-0.17604,-0.12229,-1.0198,-0.26018,0.32601,-0.46804,0.09625,-0.0625,-0.48948,0.19832,-0.00533,-0.88163,0.1194,-0.1604,-1.03504,0.16573
2.94,0.36208,-0.38504,0.02441,0.44646,0.05251,0.01741,0.38416,0.27135,0.0181,0.44841,-0.02021,-0.17672,0.47981,-0.25758,-0.22035,0.24944,-0.38109,-0.17783,0.10106,-0.45508,-0.11779,0.38081,-0.00105,0.20662,0.35828,-0.23934,0.25064,0.17005,-0.41478,0.18799,0.02589,-0.50113,0.13453,0.33326,-0.46395,-0.05475,-0.04092,-0.47216,-0.20221,0.02059,-0.87068,-0.17607,-0.12225,-1.01985,-0.26018,0.32596,-0.46793,0.09616,-0.06256,-0.48951,0.19818,-0.00532,-0.88166,0.1193,-0.16038,-1.03508,0.16563
2.96,0.36193,-0.38494,0.02425,0.44574,0.05271,0.01694,0.38332,0.27152,0.01792,0.4474,-0.02007,-0.17717,0.47827,-0.25733,-0.22171,0.2482,-0.38096,-0.17791,0.10095,-0.45603,-0.11643,0.38053,-0.00086,0.2063,0.3579,-0.23918,0.25019,0.16945,-0.4144,0.18764,0.0256,-0.50149,0.13453,0.33312,-0.46389,-0.05487,-0.0411,-0.47216,-0.20223,0.02057,-0.87066,-0.1761,-0.12222,-1.01989,-0.26017,0.3259,-0.46784,0.09604,-0.06259,-0.48954,0.19814,-0.00531,-0.88168,0.11922,-0.16035,-1.03511,0.16558
2.98,0.36178,-0.38481,0.02408,0.44498,0.05295,0.01639,0.38238,0.2717,0.01774,0.44632,-0.01992,-0.17769,0.47672,-0.25708,-0.22309,0.24701,-0.38088,-0.17794,0.10076,-0.45694,-0.11531,0.38026,-0.00062,0.20591,0.35785,-0.23907,0.24921,0.16994,-0.41519,0.18754,0.02622,-0.50321,0.13562,0.33298,-0.46381,-0.05499,-0.04125,-0.47215,-0.20231,0.02057,-0.87062,-0.17616,-0.12216,-1.01993,-0.2602,0.32586,-0.4677,0.09593,-0.06262,-0.48957,0.19806,-0.00529,-0.8817,0.1191,-0.16031,-1.03515,0.16549
3,0.36165,-0.38475,0.02394,0.44433,0.05311,0.01604,0.38176,0.27186,0.01759,0.44546,-0.0198,-0.17803,0.47511,-0.25684,-0.22454,0.24568,-0.38069,-0.17807,0.10086,-0.45801,-0.11369,0.37997,-0.00051,0.20567,0.35703,-0.23881,0.24944,0.16803,-0.41348,0.18696,0.02481,-0.50198,0.13447,0.33285,-0.46378,-0.05511,-0.04144,-0.47218,-0.20229,0.02055,-0.87063,-0.17617,-0.12214,-1.02,-0.26016,0.32581,-0.46765,0.09582,-0.06264,-0.48961,0.19801,-0.00528,-0.88173,0.11904,-0.16027,-1.03519,0.16546
3.02,0.36158,-0.38487,0.02385,0.44398,0.05304,0.01623,0.3819,0.27194,0.01751,0.4452,-0.01974,-0.17788,0.47338,-0.25662,-0.22613,0.24401,-0.38014,-0.17852,0.10189,-0.45965,-0.11087,0.37961,-0.00073,0.20582,0.35454,-0.2382,0.25284,0.16085,-0.40548,0.18478,0.01979,-0.49412,0.12696,0.33276,-0.46385,-0.05524,-0.04169,-0.47231,-0.202,0.02052,-0.87074,-0.17605,-0.12216,-1.02017,-0.25996,0.32577,-0.46782,0.09569,-0.06262,-0.48966,0.19815,-0.00526,-0.88177,0.11915,-0.16022,-1.03524,0.16567
3.04,0.36155,-0.38506,0.02378,0.44378,0.05289,0.01663,0.38237,0.27199,0.01746,0.44519,-0.01972,-0.17755,0.47163,-0.25638,-0.22778,0.24226,-0.37947,-0.17909,0.10348,-0.46187,-0.10805,0.37927,-0.00108,0.20611,0.35126,-0.23733,0.25742,0.15214,-0.39463,0.18168,0.01387,-0.48321,0.11738,0.33269,-0.46396,-0.05538,-0.04196,-0.47249,-0.20162,0.02048,-0.87089,-0.1759,-0.1222,-1.02037,-0.25971,0.32574,-0.46807,0.09555,-0.06258,-0.48971,0.19832,-0.00524,-0.88182,0.11931,-0.16015,-1.0353,0.16593
3.06,0.36152,-0.38521,0.02371,0.44355,0.05279,0.01694,0.38272,0.27204,0.0174,0.44508,-0.01967,-0.17729,0.46993,-0.25611,-0.22937,0.24062,-0.37888,-0.17962,0.10508,-0.46429,-0.10592,0.37897,-0.00136,0.20635,0.34818,-0.2364,0.26149,0.14478,-0.38434,0.17857,0.00901,-0.47283,0.10905,0.33263,-0.46404,-0.0555,-0.04219,-0.47264,-0.2013,0.02046,-0.87102,-0.17576,-0.12222,-1.02055,-0.25948,0.32571,-0.46827,0.09542,-0.06254,-0.48975,0.19847,-0.0052,-0.88186,0.11945,-0.16007,-1.03536,0.16617
3.08,0.36144,-0.38538,0.0236,0.44317,0.05268,0.01722,0.383,0.27211,0.01732,0.44493,-0.01964,-0.17706,0.4681,-0.2558,-0.23111,0.23884,-0.37822,-0.18028,0.107,-0.46715,-0.10407,0.37847,-0.00165,0.20654,0.34598,-0.23557,0.26534,0.14051,-0.37606,0.17494,0.00898,-0.46709,0.10069,0.33254,-0.46415,-0.05567,-0.0425,-0.4728,-0.20092,0.02042,-0.87115,-0.17562,-0.12226,-1.02074,-0.25923,0.32565,-0.4685,0.09525,-0.06253,-0.4898,0.19862,-0.00518,-0.88191,0.11959,-0.16,-1.03542,0.16642
3.1,0.36145,-0.38553,0.02357,0.44311,0.05255,0.01761,0.38349,0.27213,0.0173,0.44492,-0.01959,-0.17674,0.46655,-0.25549,-0.23254,0.23738,-0.37768,-0.18076,0.1088,-0.47004,-0.10307,0.37838,-0.00197,0.20686,0.34175,-0.23418,0.26983,0.13217,-0.36271,0.1714,0.0019,-0.45174,0.09265,0.3325,-0.46422,-0.05576,-0.04268,-0.47295,-0.20063,0.0204,-0.87129,-0.17549,-0.12228,-1.02093,-0.25903,0.32566,-0.4687,0.09516,-0.06247,-0.48984,0.19878,-0.00515,-0.88195,0.11974,-0.15995,-1.03547,0.16665
3.12,0.36175,-0.38562,0.02372,0.44388,0.05238,0.01822,0.38448,0.27202,0.01736,0.44521,-0.01948,-0.17623,0.46577,-0.25522,-0.23315,0.23681,-0.37752,-0.18071,0.10976,-0.47213,-0.10322,0.37947,-0.00234,0.20753,0.33283,-0.23114,0.27613,0.11387,-0.33408,0.16845,-0.02263,-0.40682,0.08375,0.33265,-0.46419,-0.05567,-0.04245,-0.47308,-0.20073,0.02045,-0.87143,-0.17542,-0.12217,-1.02109,-0.25902,0.32589,-0.46882,0.09525,-0.06222,-0.48984,0.19891,-0.00508,-0.88198,0.11989,-0.15991,-1.03545,0.1668
3.14,0.36213,-0.38568,0.02395,0.44496,0.05219,0.01894,0.38566,0.27186,0.01748,0.44566,-0.01936,-0.17564,0.46526,-0.25496,-0.23343,0.23653,-0.37746,-0.18044,0.1104,-0.47386,-0.10365,0.38096,-0.00272,0.20832,0.32218,-0.22678,0.28299,0.09574,-0.29871,0.166,-0.04654,-0.34958,0.07509,0.33285,-0.46412,-0.05551,-0.04211,-0.47319,-0.20091,0.02051,-0.87157,-0.17537,-0.12205,-1.02124,-0.25905,0.32618,-0.4689,0.09541,-0.06194,-0.48981,0.19905,-0.005,-0.88199,0.12005,-0.15991,-1.0354,0.16693
3.16,0.36246,-0.38575,0.02414,0.44591,0.05201,0.01958,0.38679,0.27172,0.01759,0.4461,-0.01926,-0.1751,0.46465,-0.25471,-0.23384,0.23612,-0.37733,-0.18026,0.11119,-0.47569,-0.104,0.38224,-0.00309,0.20903,0.31251,-0.22198,0.28937,0.08354,-0.26541,0.16359,-0.06059,-0.29702,0.06702,0.33302,-0.46407,-0.05538,-0.04186,-0.47331,-0.20099,0.02056,-0.87172,-0.17532,-0.12194,-1.0214,-0.25907,0.32644,-0.46899,0.09554,-0.0617,-0.4898,0.19917,-0.00494,-0.882,0.12021,-0.15989,-1.03537,0.16706
3.18,0.36284,-0.38585,0.02431,0.44681,0.05182,0.02028,0.38776,0.27154,0.01758,0.44631,-0.0191,-0.17452,0.46395,-0.25436,-0.23432,0.23572,-0.3773,-0.18016,0.11197,-0.4777,-0.10464,0.38365,-0.00355,0.20982,0.30486,-0.21678,0.29675,0.07814,-0.22912,0.16044,-0.06437,-0.23915,0.05706,0.33323,-0.46404,-0.05527,-0.04146,-0.47343,-0.20135,0.02064,-0.87186,-0.17529,-0.1218,-1.02156,-0.25913,0.32674,-0.46911,0.09564,-0.06139,-0.48978,0.1993,-0.00485,-0.88203,0.12034,-0.15988,-1.03533,0.16718
3.2,0.36313,-0.38588,0.02455,0.44789,0.05164,0.02091,0.38909,0.27142,0.01786,0.44701,-0.01906,-0.17398,0.46348,-0.2542,-0.23456,0.23536,-0.37709,-0.17986,0.11268,-0.47919,-0.10487,0.38486,-0.00382,0.21046,0.29414,-0.21017,0.30223,0.0715,-0.19712,0.15942,-0.06825,-0.1901,0.05209,0.33335,-0.46394,-0.05509,-0.04134,-0.47353,-0.20116,0.02066,-0.87199,-0.17523,-0.12174,-1.0217,-0.25912,0.32695,-0.46916,0.09582,-0.0612,-0.48976,0.19943,-0.00481,-0.88203,0.12052,-0.15988,-1.0353,0.16733
3.22,0.36314,-0.38571,0.02498,0.44941,0.05151,0.0213,0.39138,0.2715,0.01893,0.44901,-0.01934,-0.17353,0.46356,-0.25457,-0.23427,0.23498,-0.37636,-0.17905,0.11322,-0.47943,-0.10391,0.38551,-0.00358,0.21067,0.27456,-0.19987,0.30228,0.05015,-0.17489,0.16391,-0.09191,-0.16212,0.0602,0.33318,-0.46367,-0.05469,-0.04205,-0.47362,-0.19935,0.0205,-0.87209,-0.17503,-0.12191,-1.02181,-0.25889,0.32686,-0.46897,0.09622,-0.06135,-0.4897,0.19958,-0.00485,-0.882,0.12086,-0.1599,-1.03529,0.16763
3.24,0.36305,-0.38548,0.02547,0.45111,0.05138,0.02162,0.39399,0.27163,0.02028,0.45149,-0.01976,-0.1731,0.46387,-0.25513,-0.23377,0.23463,-0.37546,-0.17807,0.11369,-0.47928,-0.10262,0.38593,-0.00316,0.21071,0.25296,-0.1863,0.30023,0.02411,-0.15311,0.17116,-0.12262,-0.1376,0.07458,0.3329,-0.46335,-0.05423,-0.04304,-0.47371,-0.197,0.02026,-0.87219,-0.17481,-0.12218,-1.0219,-0.25861,0.32667,-0.46872,0.09669,-0.06161,-0.48964,0.19972,-0.00493,-0.88195,0.12124,-0.15994,-1.03531,0.16796
3.26,0.36301,-0.38528,0.02593,0.45272,0.05125,0.02199,0.39642,0.27171,0.02151,0.45378,-0.02013,-0.17265,0.46408,-0.25559,-0.23336,0.23429,-0.37465,-0.1772,0.11421,-0.47938,-0.10164,0.38643,-0.00283,0.21083,0.23461,-0.17138,0.29901,0.00309,-0.12741,0.17819,-0.14709,-0.10693,0.08805,0.33267,-0.46304,-0.0538,-0.04386,-0.47379,-0.19497,0.02004,-0.87227,-0.17459,-0.12242,-1.02199,-0.25835,0.32653,-0.4685,0.09712,-0.06182,-0.48958,0.19989,-0.00501,-0.88191,0.1216,-0.15998,-1.03531,0.16827
3.28,0.36294,-0.38505,0.02643,0.45434,0.05112,0.02231,0.39892,0.2718,0.02273,0.45593,-0.02051,-0.17223,0.46424,-0.25603,-0.23297,0.23387,-0.37373,-0.17631,0.11473,-0.4796,-0.10085,0.38707,-0.00246,0.21095,0.21745,-0.15379,0.29791,-0.01567,-0.09612,0.18628,-0.16887,-0.06823,0.10351,0.3324,-0.46272,-0.05331,-0.04482,-0.47388,-0.1926,0.01982,-0.87235,-0.17436,-0.12267,-1.02207,-0.25807,0.32638,-0.46824,0.09761,-0.06206,-0.48949,0.19999,-0.00507,-0.88186,0.12198,-0.16001,-1.03531,0.1686
3.3,0.36292,-0.38488,0.02684,0.45598,0.05094,0.02267,0.40133,0.27181,0.02401,0.45847,-0.02096,-0.17175,0.46457,-0.25654,-0.23255,0.23367,-0.373,-0.17549,0.11527,-0.47968,-0.10002,0.38737,-0.00212,0.21097,0.20279,-0.13602,0.29603,-0.0328,-0.06917,0.19522,-0.18944,-0.03736,0.12072,0.33222,-0.46243,-0.05295,-0.04551,-0.47398,-0.19083,0.0196,-0.87244,-0.17419,-0.12293,-1.02215,-0.25785,0.32623,-0.46806,0.09797,-0.06224,-0.48946,0.2002,-0.00515,-0.88183,0.12229,-0.16006,-1.03533,0.16889
3.32,0.36303,-0.38495,0.02696,0.45759,0.05055,0.02312,0.40349,0.27155,0.02538,0.46197,-0.02168,-0.17115,0.46524,-0.25726,-0.23214,0.23397,-0.3729,-0.17489,0.11582,-0.47939,-0.09875,0.38674,-0.00198,0.21074,0.19107,-0.12166,0.29211,-0.05083,-0.05904,0.20439,-0.21284,-0.03401,0.1394,0.33225,-0.46231,-0.05299,-0.04546,-0.47413,-0.19089,0.01942,-0.87263,-0.17423,-0.12318,-1.0223,-0.25784,0.3261,-0.46817,0.09791,-0.06221,-0.48965,0.20076,-0.00529,-0.88194,0.12236,-0.16015,-1.03545,0.16907
3.34,0.36319,-0.3851,0.02697,0.4592,0.05009,0.0236,0.40551,0.27118,0.02677,0.46583,-0.02249,-0.17048,0.46608,-0.25803,-0.23175,0.2345,-0.37301,-0.17446,0.1164,-0.47895,-0.09748,0.38579,-0.00189,0.21039,0.1809,-0.1084,0.28724,-0.06799,-0.05461,0.21449,-0.23543,-0.04007,0.16108,0.33237,-0.46224,-0.05318,-0.04515,-0.47431,-0.19158,0.01926,-0.87286,-0.17435,-0.12342,-1.02247,-0.25793,0.32598,-0.46838,0.0977,-0.06211,-0.4899,0.20139,-0.00545,-0.88211,0.12233,-0.16026,-1.03561,0.1692
3.36,0.36333,-0.3852,0.02704,0.4608,0.04967,0.02408,0.40751,0.27084,0.02815,0.46949,-0.02327,-0.16978,0.4669,-0.25871,-0.23135,0.23497,-0.37299,-0.1741,0.11698,-0.4786,-0.09648,0.38501,-0.00175,0.21007,0.17181,-0.09395,0.28272,-0.08227,-0.04601,0.22546,-0.25373,-0.03937,0.18479,0.33246,-0.46213,-0.05329,-0.04495,-0.47447,-0.19196,0.0191,-0.87306,-0.17444,-0.12365,-1.02262,-0.25798,0.32585,-0.46853,0.09757,-0.06205,-0.49011,0.20192,-0.0056,-0.88224,0.12234,-0.16036,-1.03575,0.16934
3.38,0.36346,-0.38533,0.0271,0.46245,0.04919,0.02454,0.40966,0.27046,0.02962,0.47327,-0.02413,-0.16907,0.46753,-0.25939,-0.23113,0.23531,-0.373,-0.1737,0.11759,-0.47827,-0.09522,0.38421,-0.00161,0.20968,0.1633,-0.07772,0.27778,-0.09526,-0.03666,0.23786,-0.26971,-0.03869,0.21216,0.33253,-0.46204,-0.05341,-0.04474,-0.47464,-0.19243,0.01893,-0.87328,-0.17452,-0.1239,-1.02279,-0.25803,0.32572,-0.46872,0.09742,-0.06192,-0.49038,0.20271,-0.00573,-0.88239,0.12234,-0.16042,-1.03592,0.1695
3.4,0.36363,-0.38543,0.02714,0.46397,0.04879,0.02506,0.41138,0.27009,0.03086,0.47683,-0.02488,-0.1683,0.46861,-0.25999,-0.23065,0.23599,-0.373,-0.17365,0.11819,-0.47794,-0.09487,0.38341,-0.00149,0.20935,0.15716,-0.06423,0.27343,-0.10413,-0.02854,0.2492,-0.27985,-0.03729,0.23732,0.33266,-0.46193,-0.05356,-0.04448,-0.47479,-0.1929,0.01881,-0.87347,-0.17466,-0.12409,-1.02293,-0.25814,0.32561,-0.46887,0.09725,-0.06192,-0.49057,0.20297,-0.00587,-0.88253,0.12231,-0.16054,-1.03606,0.16957
3.42,0.36389,-0.3854,0.02713,0.46513,0.04861,0.02567,0.41208,0.2698,0.03145,0.47982,-0.02527,-0.16747,0.47089,-0.26047,-0.22937,0.23751,-0.37287,-0.17434,0.11873,-0.47766,-0.09682,0.3826,-0.00133,0.20918,0.15422,-0.05873,0.27065,-0.10793,-0.02422,0.25581,-0.28387,-0.03546,0.2516,0.33291,-0.46169,-0.05376,-0.04419,-0.47486,-0.1932,0.01883,-0.87359,-0.17495,-0.1242,-1.02292,-0.25843,0.32549,-0.46885,0.09702,-0.06235,-0.49046,0.20161,-0.0061,-0.88264,0.12216,-0.16086,-1.03608,0.1694
3.44,0.36418,-0.38535,0.02709,0.46614,0.0485,0.02634,0.41238,0.26952,0.03178,0.48253,-0.02552,-0.16662,0.47357,-0.26091,-0.2278,0.23933,-0.37274,-0.17526,0.11925,-0.47735,-0.09954,0.38179,-0.0012,0.20908,0.15235,-0.05652,0.2685,-0.1101,-0.02221,0.25999,-0.28599,-0.03492,0.26042,0.3332,-0.46143,-0.054,-0.04387,-0.47492,-0.19351,0.01889,-0.87368,-0.17529,-0.12426,-1.02289,-0.2588,0.32537,-0.4688,0.09676,-0.06291,-0.49026,0.19971,-0.00636,-0.88274,0.12196,-0.16126,-1.03606,0.16914
3.46,0.36446,-0.38532,0.02706,0.46718,0.04835,0.027,0.41283,0.26923,0.03221,0.48526,-0.02582,-0.16574,0.47601,-0.26134,-0.22637,0.24104,-0.37263,-0.17604,0.11978,-0.47698,-0.10184,0.38102,-0.00108,0.20897,0.15023,-0.05299,0.26619,-0.11251,-0.01994,0.26425,-0.28813,-0.03505,0.26956,0.33347,-0.4612,-0.05421,-0.04353,-0.47498,-0.19385,0.01894,-0.87379,-0.17561,-0.12433,-1.02287,-0.25914,0.32527,-0.46877,0.09651,-0.06337,-0.4901,0.19812,-0.00661,-0.88283,0.12178,-0.16163,-1.03605,0.16891
3.48,0.36475,-0.38525,0.02705,0.46836,0.0482,0.02762,0.41337,0.26893,0.03264,0.48841,-0.02623,-0.16483,0.47856,-0.2619,-0.22478,0.24273,-0.37247,-0.17691,0.12048,-0.47688,-0.10443,0.38011,-0.00083,0.20869,0.14777,-0.04864,0.26312,-0.1153,-0.01889,0.26935,-0.29018,-0.03851,0.28085,0.33376,-0.4609,-0.05444,-0.04323,-0.47506,-0.19409,0.01901,-0.87391,-0.17595,-0.12439,-1.02286,-0.25949,0.32513,-0.46871,0.09625,-0.06393,-0.48994,0.19626,-0.00688,-0.88295,0.1216,-0.16204,-1.03604,0.16867
3.5,0.36502,-0.38526,0.027,0.4692,0.04806,0.02837,0.41365,0.26866,0.03299,0.4906,-0.0264,-0.16392,0.48092,-0.2622,-0.2234,0.24451,-0.37241,-0.1776,0.1209,-0.47623,-0.10659,0.37951,-0.00087,0.20876,0.14645,-0.04676,0.26173,-0.11655,-0.01708,0.2709,-0.2912,-0.03774,0.28387,0.33403,-0.46074,-0.05465,-0.04286,-0.4751,-0.19454,0.01906,-0.87399,-0.17625,-0.12444,-1.02283,-0.25983,0.32507,-0.46871,0.09602,-0.06431,-0.48977,0.1948,-0.00712,-0.88299,0.12141,-0.16239,-1.03599,0.16843
3.52,0.36529,-0.38555,0.02691,0.46915,0.04784,0.02956,0.41337,0.2684,0.03329,0.49028,-0.02596,-0.16302,0.48283,-0.26181,-0.22258,0.24654,-0.37266,-0.17768,0.12056,-0.4741,-0.10742,0.37979,-0.00176,0.20993,0.14783,-0.05066,0.26501,-0.11402,-0.01113,0.26483,-0.29,-0.02195,0.26859,0.33428,-0.46104,-0.05472,-0.04228,-0.47503,-0.19555,0.01903,-0.87398,-0.17639,-0.12446,-1.02276,-0.26007,0.32527,-0.46896,0.09594,-0.06414,-0.48966,0.19471,-0.00719,-0.88291,0.12126,-0.16248,-1.03589,0.16826
3.54,0.36554,-0.38593,0.02679,0.46875,0.0476,0.03089,0.41284,0.26814,0.03354,0.48903,-0.02529,-0.16213,0.48454,-0.26113,-0.22201,0.24863,-0.37297,-0.17762,0.11994,-0.47154,-0.10819,0.38039,-0.00295,0.21149,0.1504,-0.05696,0.26996,-0.10883,-0.00513,0.25429,-0.28484,-0.00287,0.24372,0.3345,-0.46149,-0.05477,-0.04164,-0.47493,-0.19675,0.01898,-0.87393,-0.17649,-0.12448,-1.02268,-0.26027,0.32555,-0.46928,0.0959,-0.06379,-0.48956,0.19503,-0.00721,-0.88278,0.12111,-0.16249,-1.03577,0.16811
3.56,0.36579,-0.38625,0.02668,0.46852,0.04738,0.03215,0.4124,0.26788,0.0338,0.4882,-0.02471,-0.16123,0.48629,-0.26053,-0.22138,0.25064,-0.37319,-0.17769,0.11951,-0.46934,-0.10944,0.38085,-0.004,0.21285,0.15262,-0.06227,0.27407,-0.10322,-0.00082,0.2441,-0.2775,0.01205,0.22047,0.33474,-0.46185,-0.05483,-0.04103,-0.47485,-0.19784,0.01895,-0.87389,-0.1766,-0.12449,-1.0226,-0.26049,0.32579,-0.46956,0.09584,-0.06353,-0.48945,0.19512,-0.00725,-0.88266,0.12096,-0.16253,-1.03566,0.16795
3.58,0.36609,-0.38662,0.02658,0.46825,0.04712,0.03343,0.41195,0.26758,0.0341,0.48733,-0.02416,-0.16031,0.48832,-0.25993,-0.22064,0.25295,-0.3735,-0.17781,0.11917,-0.46707,-0.11114,0.38131,-0.0051,0.21424,0.15483,-0.06702,0.27831,-0.09674,0.0024,0.23333,-0.2676,0.02515,0.19606,0.335,-0.46226,-0.05488,-0.04034,-0.47476,-0.19904,0.0189,-0.87386,-0.17672,-0.12453,-1.02252,-0.26073,0.32607,-0.46987,0.09581,-0.0632,-0.48934,0.19536,-0.00731,-0.88254,0.12081,-0.1626,-1.03553,0.16779
3.6,0.36627,-0.38693,0.02646,0.46797,0.0469,0.03471,0.41144,0.2673,0.03431,0.48631,-0.02355,-0.15941,0.48971,-0.25918,-0.22022,0.25466,-0.3736,-0.1779,0.11874,-0.46517,-0.1128,0.38185,-0.00619,0.21566,0.15769,-0.07336,0.28254,-0.0878,0.00394,0.22016,-0.25319,0.03605,0.16807,0.33519,-0.46262,-0.05495,-0.03981,-0.47469,-0.20004,0.01887,-0.87382,-0.17681,-0.12452,-1.02245,-0.2609,0.32626,-0.47014,0.09574,-0.063,-0.48925,0.1954,-0.00731,-0.88244,0.12067,-0.16259,-1.03544,0.16763
3.62,0.36606,-0.38704,0.02627,0.46767,0.04678,0.03595,0.41078,0.26708,0.03428,0.48505,-0.02279,-0.15857,0.48935,-0.25811,-0.22051,0.25472,-0.37323,-0.17778,0.11789,-0.46415,-0.11366,0.38248,-0.00715,0.2171,0.16206,-0.08346,0.28656,-0.07356,0.00436,0.20347,-0.23068,0.04631,0.13527,0.33508,-0.46277,-0.05514,-0.03983,-0.47464,-0.20048,0.01889,-0.87373,-0.17679,-0.12443,-1.02245,-0.26087,0.32613,-0.47029,0.09554,-0.06327,-0.48916,0.1947,-0.00717,-0.8824,0.12054,-0.1624,-1.03547,0.16744
3.64,0.36572,-0.38708,0.02607,0.46735,0.0467,0.03719,0.41006,0.26688,0.03417,0.48367,-0.02197,-0.15774,0.48832,-0.2569,-0.2211,0.25415,-0.37265,-0.17758,0.11688,-0.46337,-0.11413,0.38316,-0.00807,0.21855,0.16747,-0.09487,0.29049,-0.05512,0.00377,0.18631,-0.2014,0.05529,0.10236,0.33487,-0.46286,-0.05536,-0.04004,-0.47458,-0.20071,0.01892,-0.87362,-0.17672,-0.12429,-1.02247,-0.26076,0.3259,-0.47039,0.09533,-0.06369,-0.48908,0.1938,-0.00698,-0.88238,0.12043,-0.16215,-1.03553,0.16725
3.66,0.36545,-0.38716,0.02589,0.46705,0.04659,0.03843,0.40937,0.26665,0.03411,0.48236,-0.0212,-0.15689,0.48759,-0.25576,-0.22158,0.25384,-0.37213,-0.17743,0.11598,-0.46249,-0.11474,0.38382,-0.00901,0.21998,0.17307,-0.10539,0.29433,-0.03495,0.00241,0.17089,-0.16871,0.06248,0.07292,0.33472,-0.46298,-0.05554,-0.04014,-0.47453,-0.20103,0.01895,-0.87353,-0.17667,-0.12417,-1.02248,-0.26069,0.32572,-0.47053,0.09514,-0.06401,-0.48901,0.19304,-0.00681,-0.88236,0.12032,-0.16194,-1.03558,0.16708
3.68,0.36514,-0.38723,0.02565,0.4667,0.04648,0.03969,0.40852,0.26638,0.03401,0.48092,-0.02036,-0.15603,0.48687,-0.25457,-0.22193,0.25367,-0.37183,-0.17722,0.11506,-0.46182,-0.11567,0.38451,-0.01001,0.22144,0.17936,-0.11581,0.29858,-0.01044,0.00249,0.15676,-0.12845,0.0724,0.04592,0.33454,-0.46309,-0.05579,-0.04029,-0.47449,-0.20137,0.01897,-0.87343,-0.17662,-0.12405,-1.0225,-0.26059,0.32551,-0.47065,0.09489,-0.06442,-0.48891,0.19208,-0.00664,-0.88233,0.12019,-0.16171,-1.03563,0.16689
3.7,0.36488,-0.38731,0.02552,0.46644,0.04636,0.04089,0.40794,0.26613,0.03398,0.47973,-0.01967,-0.15518,0.48593,-0.25343,-0.22263,0.25301,-0.37097,-0.17716,0.11412,-0.46076,-0.11596,0.38514,-0.01091,0.2228,0.18578,-0.12601,0.30178,0.01285,-0.00111,0.14485,-0.09085,0.07494,0.02418,0.33439,-0.4632,-0.05593,-0.04041,-0.47443,-0.20162,0.01901,-0.87334,-0.17658,-0.12392,-1.0225,-0.26054,0.32535,-0.47079,0.09475,-0.0647,-0.48888,0.19148,-0.00647,-0.88233,0.12009,-0.16149,-1.03569,0.16672
3.72,0.36479,-0.38745,0.02569,0.46644,0.04617,0.04191,0.40817,0.26598,0.03419,0.47923,-0.01936,-0.15436,0.48466,-0.2525,-0.22398,0.25153,-0.36912,-0.17723,0.11376,-0.45929,-0.11409,0.38558,-0.01156,0.22387,0.19169,-0.13596,0.30235,0.02728,-0.01387,0.13443,-0.07005,0.05927,0.00685,0.33435,-0.46334,-0.05578,-0.04037,-0.4744,-0.20166,0.01914,-0.87329,-0.17659,-0.12371,-1.02247,-0.26065,0.32535,-0.47099,0.0949,-0.06462,-0.4891,0.19193,-0.00625,-0.88243,0.12006,-0.16126,-1.03584,0.16661
3.74,0.36477,-0.38761,0.02597,0.46655,0.04595,0.04285,0.40871,0.26585,0.03448,0.47901,-0.0192,-0.15356,0.48317,-0.2516,-0.22571,0.24957,-0.36664,-0.17747,0.11339,-0.45737,-0.11172,0.38597,-0.0121,0.22483,0.19771,-0.14569,0.30193,0.03881,-0.02933,0.12488,-0.055,0.03799,-0.0084,0.33435,-0.46349,-0.05553,-0.04029,-0.47436,-0.20162,0.01931,-0.87324,-0.17662,-0.12348,-1.02241,-0.2608,0.32543,-0.47122,0.09515,-0.0644,-0.4894,0.19274,-0.00602,-0.88258,0.12005,-0.16102,-1.03602,0.16652
3.76,0.36472,-0.38778,0.02619,0.46661,0.04572,0.04381,0.40911,0.26569,0.03471,0.47868,-0.01901,-0.15276,0.48172,-0.25063,-0.22741,0.24767,-0.36415,-0.17777,0.11283,-0.45532,-0.10992,0.38636,-0.0127,0.22582,0.20427,-0.15512,0.3019,0.05273,-0.04235,0.11629,-0.03586,0.02117,-0.02232,0.33434,-0.46364,-0.05533,-0.04024,-0.47433,-0.20162,0.01944,-0.8732,-0.17666,-0.12328,-1.02238,-0.26094,0.32547,-0.47145,0.09535,-0.06425,-0.48966,0.19336,-0.00581,-0.88272,0.12003,-0.16081,-1.03618,0.16641
3.78,0.36462,-0.3879,0.02642,0.46662,0.04555,0.04482,0.40946,0.26556,0.03498,0.47821,-0.01873,-0.15194,0.48052,-0.24975,-0.22845,0.24665,-0.36297,-0.17728,0.11391,-0.45545,-0.10709,0.3868,-0.0133,0.22688,0.21179,-0.16467,0.3023,0.06957,-0.05459,0.1079,-0.01256,0.00552,-0.03611,0.33429,-0.46376,-0.05512,-0.04021,-0.47429,-0.20162,0.0196,-0.87314,-0.17667,-0.12304,-1.02233,-0.26106,0.32549,-0.47164,0.09556,-0.06411,-0.48994,0.19405,-0.00558,-0.88285,0.12,-0.16056,-1.03636,0.1663
3.8,0.36465,-0.38811,0.02668,0.46677,0.04528,0.04574,0.40999,0.26536,0.03522,0.47813,-0.01865,-0.15115,0.4787,-0.24858,-0.2309,0.24374,-0.35889,-0.17839,0.11182,-0.45122,-0.10648,0.38714,-0.01387,0.22778,0.21862,-0.17314,0.30171,0.08207,-0.06631,0.10152,0.00401,-0.00961,-0.04609,0.33432,-0.46394,-0.05489,-0.04011,-0.47425,-0.20158,0.01973,-0.87311,-0.1767,-0.12287,-1.02228,-0.2612,0.32558,-0.47191,0.09579,-0.06391,-0.4902,0.1947,-0.00538,-0.88298,0.12001,-0.16037,-1.03651,0.16623
3.82,0.36508,-0.38863,0.02701,0.46732,0.04471,0.04643,0.411,0.26489,0.03537,0.47908,-0.01915,-0.15045,0.47586,-0.24654,-0.23715,0.23674,-0.34683,-0.18336,0.10213,-0.43478,-0.11095,0.38729,-0.01447,0.22829,0.22282,-0.17954,0.29852,0.08152,-0.07921,0.09827,0.00083,-0.0269,-0.04955,0.3346,-0.46435,-0.0546,-0.03981,-0.47428,-0.20137,0.01979,-0.87319,-0.17677,-0.12287,-1.02224,-0.26137,0.32595,-0.47243,0.09607,-0.06348,-0.49042,0.19526,-0.00524,-0.88316,0.12011,-0.16031,-1.03662,0.16627
3.84,0.36564,-0.38924,0.02737,0.46802,0.04406,0.04705,0.41221,0.26434,0.0355,0.48041,-0.01985,-0.14978,0.47255,-0.2438,-0.24473,0.22883,-0.33143,-0.18946,0.09057,-0.41338,-0.11688,0.38734,-0.01505,0.22864,0.22607,-0.18504,0.29441,0.07658,-0.09317,0.09605,-0.00898,-0.04618,-0.05082,0.33496,-0.46482,-0.0543,-0.03944,-0.47432,-0.20112,0.01983,-0.8733,-0.17685,-0.12293,-1.02219,-0.26156,0.3264,-0.47304,0.09638,-0.063,-0.49061,0.19577,-0.00513,-0.88334,0.12026,-0.16031,-1.03672,0.16635
3.86,0.36613,-0.38978,0.02771,0.46865,0.04347,0.04771,0.41334,0.26385,0.03565,0.48158,-0.02043,-0.14908,0.46944,-0.24084,-0.25158,0.22231,-0.31704,-0.19457,0.08125,-0.39368,-0.12158,0.38743,-0.01561,0.22907,0.23002,-0.19066,0.29083,0.07471,-0.10684,0.09339,-0.01415,-0.06501,-0.05308,0.33528,-0.46524,-0.05401,-0.0391,-0.47435,-0.20091,0.01989,-0.87339,-0.17692,-0.12296,-1.02214,-0.26173,0.32679,-0.47357,0.09667,-0.06257,-0.49081,0.19627,-0.00502,-0.88351,0.12038,-0.16028,-1.03681,0.16642
3.88,0.36667,-0.39042,0.02809,0.46927,0.0428,0.04833,0.41446,0.26328,0.03578,0.48271,-0.02112,-0.14843,0.46789,-0.23776,-0.25833,0.21827,-0.30273,-0.19832,0.07527,-0.37436,-0.12403,0.38755,-0.01624,0.22948,0.23467,-0.19666,0.28698,0.07305,-0.12243,0.09076,-0.01938,-0.08689,-0.05515,0.33562,-0.46575,-0.05367,-0.03875,-0.47438,-0.20062,0.01993,-0.87348,-0.17699,-0.12302,-1.02208,-0.26191,0.32725,-0.47421,0.097,-0.06204,-0.49104,0.19694,-0.00488,-0.88369,0.12052,-0.16024,-1.03691,0.1665
3.9,0.36713,-0.39088,0.02839,0.46995,0.04227,0.04903,0.41567,0.26285,0.03597,0.48401,-0.02164,-0.14769,0.46374,-0.23376,-0.26526,0.21169,-0.28692,-0.2038,0.06582,-0.35267,-0.12965,0.38757,-0.01674,0.22989,0.2383,-0.20131,0.28358,0.07195,-0.1352,0.08842,-0.02305,-0.10461,-0.05697,0.33592,-0.46609,-0.05343,-0.03841,-0.47442,-0.20049,0.01999,-0.87357,-0.17707,-0.12303,-1.02205,-0.26208,0.32759,-0.47467,0.09724,-0.06171,-0.4912,0.19723,-0.00479,-0.88385,0.12062,-0.16024,-1.037,0.16654
3.92,0.36734,-0.39084,0.02852,0.47075,0.04213,0.05002,0.41704,0.26281,0.03637,0.48575,-0.02166,-0.14666,0.45263,-0.22711,-0.27287,0.19724,-0.26634,-0.21484,0.04573,-0.32335,-0.1449,0.38732,-0.01688,0.2304,0.23888,-0.2028,0.28168,0.0715,-0.13903,0.08661,-0.02361,-0.10861,-0.05874,0.3361,-0.46594,-0.05338,-0.03811,-0.47449,-0.20072,0.02008,-0.87367,-0.17714,-0.12293,-1.02213,-0.2622,0.32756,-0.47459,0.09727,-0.06194,-0.49119,0.19646,-0.00484,-0.88397,0.12064,-0.16033,-1.0371,0.16651
3.94,0.36745,-0.39062,0.02857,0.47159,0.04212,0.0511,0.4185,0.26292,0.03684,0.48763,-0.02151,-0.14555,0.43967,-0.21823,-0.28058,0.18125,-0.24246,-0.22801,0.02367,-0.28909,-0.16405,0.38696,-0.01689,0.23092,0.2382,-0.20309,0.28021,0.07092,-0.13958,0.08498,-0.02366,-0.10765,-0.0604,0.33623,-0.46563,-0.05342,-0.03784,-0.47458,-0.20112,0.02018,-0.87376,-0.17722,-0.1228,-1.02224,-0.2623,0.32738,-0.47433,0.09721,-0.06238,-0.49113,0.19532,-0.00495,-0.88407,0.12061,-0.16046,-1.03718,0.16643
3.96,0.36759,-0.39047,0.02864,0.47239,0.04206,0.05214,0.41996,0.26297,0.03729,0.48941,-0.02143,-0.14448,0.42886,-0.20853,-0.28786,0.16857,-0.21806,-0.23997,0.00624,-0.25436,-0.1814,0.38666,-0.01695,0.23144,0.23806,-0.20386,0.2785,0.07046,-0.14159,0.08315,-0.02396,-0.10899,-0.06218,0.33637,-0.46538,-0.05344,-0.03755,-0.47464,-0.20149,0.02027,-0.87384,-0.1773,-0.12268,-1.02233,-0.26242,0.32726,-0.47414,0.09717,-0.06272,-0.49108,0.19436,-0.00504,-0.88416,0.12058,-0.16058,-1.03726,0.16636
3.98,0.36778,-0.39036,0.02876,0.47322,0.04196,0.0532,0.4213,0.26295,0.03774,0.49135,-0.02142,-0.14335,0.41982,-0.19718,-0.29575,0.15879,-0.19039,-0.25158,-0.00726,-0.21504,-0.19758,0.38628,-0.01701,0.23192,0.23814,-0.20479,0.27694,0.06985,-0.14394,0.08173,-0.02428,-0.11046,-0.06359,0.33654,-0.46517,-0.05341,-0.03727,-0.47476,-0.20173,0.02037,-0.87397,-0.17738,-0.12256,-1.02246,-0.26253,0.32718,-0.47399,0.09718,-0.06307,-0.49105,0.19332,-0.00511,-0.88429,0.12059,-0.1607,-1.03736,0.16631
4,0.36785,-0.39014,0.02875,0.47399,0.04195,0.05422,0.42291,0.2631,0.03821,0.49296,-0.02124,-0.14231,0.41006,-0.18538,-0.30174,0.14883,-0.1645,-0.26361,-0.0205,-0.1783,-0.21632,0.38606,-0.01707,0.23245,0.23758,-0.20511,0.27517,0.06968,-0.14481,0.07945,-0.02431,-0.11052,-0.06577,0.33664,-0.46487,-0.0535,-0.03698,-0.4748,-0.20226,0.02046,-0.87401,-0.17748,-0.12242,-1.02253,-0.26265,0.32699,-0.47373,0.09707,-0.06345,-0.49099,0.19235,-0.00523,-0.88435,0.12051,-0.16084,-1.03741,0.16621
4.02,0.36763,-0.38966,0.02837,0.47458,0.04216,0.0551,0.42531,0.26369,0.0387,0.49366,-0.02055,-0.14157,0.39597,-0.17416,-0.3031,0.13398,-0.14549,-0.27719,-0.03884,-0.15129,-0.24256,0.38631,-0.01716,0.23306,0.23548,-0.20402,0.27265,0.0709,-0.14229,0.07458,-0.0235,-0.10778,-0.07032,0.33662,-0.4644,-0.05395,-0.03664,-0.47461,-0.20361,0.02054,-0.87379,-0.1777,-0.12218,-1.02247,-0.26286,0.3266,-0.47323,0.0966,-0.06387,-0.49085,0.1917,-0.00544,-0.88424,0.12017,-0.16098,-1.03734,0.16594
4.04,0.36729,-0.38908,0.02786,0.47509,0.04244,0.05594,0.42795,0.26441,0.03921,0.49403,-0.01969,-0.14094,0.38064,-0.16207,-0.30251,0.1183,-0.12771,-0.29104,-0.05693,-0.12651,-0.27126,0.38672,-0.01726,0.23372,0.23282,-0.20229,0.26992,0.07265,-0.13835,0.06895,-0.0223,-0.10371,-0.07555,0.33653,-0.46386,-0.05451,-0.03629,-0.47435,-0.20523,0.02061,-0.87348,-0.17795,-0.12192,-1.02236,-0.26309,0.32611,-0.47265,0.09601,-0.06434,-0.49067,0.19114,-0.0057,-0.88405,0.11976,-0.16114,-1.03722,0.16562
4.06,0.367,-0.38855,0.02741,0.47562,0.04268,0.05679,0.43043,0.26502,0.03973,0.49452,-0.01892,-0.14026,0.36722,-0.14845,-0.30227,0.10565,-0.10708,-0.30406,-0.07037,-0.09822,-0.29806,0.38707,-0.01737,0.23436,0.23051,-0.20076,0.26732,0.07424,-0.13504,0.06387,-0.02118,-0.10021,-0.08029,0.33646,-0.46336,-0.05502,-0.03597,-0.47413,-0.20669,0.02066,-0.87321,-0.17818,-0.1217,-1.02226,-0.2633,0.32565,-0.4721,0.09548,-0.0648,-0.4905,0.19052,-0.00594,-0.8839,0.11938,-0.1613,-1.03712,0.16534
4.08,0.3667,-0.38798,0.02694,0.47612,0.04295,0.05768,0.43305,0.26569,0.04023,0.49507,-0.0181,-0.13953,0.3544,-0.13253,-0.30186,0.09458,-0.08346,-0.31664,-0.08069,-0.06583,-0.32477,0.3873,-0.01745,0.235,0.22792,-0.19898,0.26464,0.07614,-0.13141,0.05841,-0.01978,-0.0963,-0.08534,0.33642,-0.46282,-0.05556,-0.03556,-0.47389,-0.20831,0.02075,-0.87292,-0.17844,-0.12143,-1.02215,-0.26354,0.32519,-0.47153,0.09491,-0.06525,-0.49034,0.18992,-0.00618,-0.88374,0.11898,-0.16146,-1.03702,0.16502
4.1,0.36641,-0.38749,0.02649,0.47667,0.04313,0.05848,0.43542,0.2662,0.0408,0.49543,-0.01736,-0.13892,0.3432,-0.11762,-0.30019,0.08563,-0.0627,-0.32793,-0.08783,-0.03913,-0.34923,0.3878,-0.01763,0.23565,0.22589,-0.19739,0.2621,0.07781,-0.12811,0.05376,-0.01856,-0.09289,-0.08966,0.33631,-0.46236,-0.05605,-0.03531,-0.47368,-0.20964,0.02077,-0.87265,-0.17864,-0.12124,-1.02206,-0.26371,0.32474,-0.47101,0.0944,-0.06569,-0.49017,0.18933,-0.00641,-0.88358,0.11864,-0.16161,-1.03692,0.16477
4.12,0.36613,-0.38725,0.02609,0.47744,0.04303,0.05901,0.43713,0.26629,0.04153,0.49536,-0.01689,-0.13864,0.33362,-0.10782,-0.29613,0.07803,-0.05231,-0.33768,-0.09394,-0.03059,-0.37007,0.38907,-0.01808,0.23631,0.22534,-0.1966,0.25986,0.07843,-0.12601,0.05113,-0.01827,-0.09124,-0.09218,0.336,-0.46216,-0.0564,-0.03555,-0.47354,-0.21014,0.02056,-0.87247,-0.17871,-0.12133,-1.02204,-0.2637,0.32431,-0.47066,0.09405,-0.0662,-0.48997,0.18864,-0.00663,-0.88344,0.11847,-0.16174,-1.03685,0.16466
4.14,0.36585,-0.38711,0.02573,0.47824,0.04283,0.05944,0.43853,0.26622,0.0423,0.49511,-0.01653,-0.13848,0.32492,-0.10005,-0.29109,0.0712,-0.04706,-0.34542,-0.09941,-0.03078,-0.38692,0.39057,-0.01864,0.23696,0.22533,-0.19609,0.25779,0.07869,-0.1243,0.04928,-0.01827,-0.09019,-0.09402,0.33562,-0.46207,-0.05668,-0.03598,-0.47344,-0.21033,0.02027,-0.87234,-0.17871,-0.12151,-1.02206,-0.26361,0.32389,-0.47037,0.09378,-0.06671,-0.48979,0.18798,-0.00685,-0.88331,0.11839,-0.16187,-1.03679,0.16463
4.16,0.36559,-0.38694,0.02536,0.479,0.04267,0.05988,0.43998,0.2662,0.04303,0.49494,-0.01614,-0.13828,0.31687,-0.09107,-0.28628,0.06526,-0.04065,-0.35173,-0.1036,-0.02922,-0.40128,0.39193,-0.01915,0.23758,0.22512,-0.19544,0.25572,0.07916,-0.12241,0.04716,-0.01804,-0.08882,-0.09609,0.33528,-0.46194,-0.05698,-0.03631,-0.47334,-0.21063,0.02003,-0.87221,-0.17874,-0.12164,-1.02208,-0.26356,0.3235,-0.47008,0.09348,-0.06717,-0.48962,0.18737,-0.00704,-0.88319,0.11828,-0.16199,-1.03674,0.16457
4.18,0.36528,-0.38674,0.02493,0.4799,0.04247,0.06044,0.44178,0.26617,0.04383,0.49481,-0.01568,-0.13799,0.30794,-0.07999,-0.28004,0.05901,-0.03453,-0.35814,-0.10722,-0.0301,-0.41683,0.39347,-0.01976,0.23831,0.22472,-0.19448,0.25334,0.07967,-0.12014,0.04462,-0.01785,-0.0873,-0.09859,0.33491,-0.46179,-0.05734,-0.03666,-0.47322,-0.21105,0.01976,-0.87204,-0.17878,-0.12179,-1.02208,-0.26351,0.32302,-0.46973,0.09312,-0.06777,-0.4894,0.18648,-0.00728,-0.88304,0.11814,-0.16213,-1.03667,0.16447
4.2,0.36507,-0.38661,0.02463,0.4805,0.04233,0.06073,0.44278,0.26613,0.04448,0.49456,-0.01537,-0.1379,0.30238,-0.07278,-0.27575,0.05482,-0.03101,-0.36003,-0.11021,-0.03206,-0.42217,0.39466,-0.02018,0.23878,0.22486,-0.19406,0.25167,0.08007,-0.11866,0.04314,-0.01759,-0.08617,-0.10006,0.3346,-0.4617,-0.05757,-0.03702,-0.47314,-0.21117,0.01953,-0.87193,-0.17878,-0.12193,-1.0221,-0.26344,0.32271,-0.46949,0.0929,-0.0681,-0.48927,0.18618,-0.00744,-0.88293,0.11807,-0.16222,-1.03661,0.16446
4.22,0.36513,-0.38666,0.02466,0.48028,0.0424,0.06027,0.44161,0.26608,0.04472,0.494,-0.01541,-0.13835,0.30448,-0.07663,-0.27822,0.05511,-0.03083,-0.35473,-0.11283,-0.02984,-0.40851,0.39484,-0.02008,0.23853,0.22638,-0.19523,0.25184,0.08029,-0.11931,0.04441,-0.01696,-0.08589,-0.09884,0.33447,-0.46174,-0.05748,-0.03738,-0.47322,-0.21052,0.01945,-0.87202,-0.17873,-0.12204,-1.02217,-0.26336,0.32285,-0.46951,0.09301,-0.06765,-0.48944,0.18752,-0.0074,-0.88294,0.11817,-0.16216,-1.03662,0.16465
4.24,0.36529,-0.38678,0.02482,0.47976,0.04253,0.05955,0.43966,0.26602,0.04482,0.49333,-0.0156,-0.13899,0.30957,-0.08453,-0.28291,0.05733,-0.03335,-0.34526,-0.11436,-0.02914,-0.3853,0.39465,-0.01978,0.23802,0.22843,-0.19695,0.25271,0.08038,-0.12081,0.04676,-0.01634,-0.08607,-0.09654,0.33441,-0.46183,-0.05726,-0.03774,-0.47334,-0.20957,0.01942,-0.87217,-0.17864,-0.12214,-1.02225,-0.26327,0.32316,-0.46964,0.09325,-0.06693,-0.48969,0.18942,-0.0073,-0.88298,0.11835,-0.16207,-1.03663,0.16491
4.26,0.36541,-0.38688,0.02492,0.47939,0.04262,0.05895,0.4381,0.26594,0.045,0.49274,-0.01574,-0.13953,0.31354,-0.09042,-0.2863,0.05917,-0.03606,-0.33604,-0.11491,-0.03082,-0.36375,0.39462,-0.01958,0.23762,0.23023,-0.19837,0.25327,0.08046,-0.12198,0.04866,-0.01586,-0.08622,-0.09467,0.33433,-0.46191,-0.05711,-0.03808,-0.47345,-0.20878,0.01937,-0.87229,-0.17857,-0.12225,-1.02233,-0.26319,0.3234,-0.46973,0.09343,-0.06633,-0.4899,0.19102,-0.00723,-0.88301,0.11849,-0.16199,-1.03663,0.16513
4.28,0.36552,-0.38695,0.025,0.47897,0.04274,0.05833,0.43643,0.26588,0.04515,0.49201,-0.01581,-0.14011,0.31799,-0.09587,-0.29024,0.06181,-0.03928,-0.32636,-0.11388,-0.03415,-0.34065,0.39463,-0.01937,0.23724,0.23224,-0.19989,0.2538,0.08083,-0.12295,0.0506,-0.01492,-0.08559,-0.0927,0.3342,-0.46195,-0.05696,-0.03848,-0.47357,-0.20792,0.0193,-0.87242,-0.17851,-0.12237,-1.02242,-0.2631,0.32364,-0.4698,0.09361,-0.06567,-0.49015,0.1928,-0.00716,-0.88304,0.11863,-0.16193,-1.03663,0.16537
4.3,0.36567,-0.3871,0.02516,0.47856,0.0428,0.0577,0.43478,0.26574,0.04534,0.49153,-0.01607,-0.14066,0.3228,-0.10252,-0.29326,0.06514,-0.04486,-0.31373,-0.11116,-0.04075,-0.31369,0.39445,-0.01914,0.23677,0.23399,-0.20126,0.25457,0.08061,-0.12454,0.05278,-0.01494,-0.08665,-0.09052,0.33418,-0.46209,-0.05675,-0.03875,-0.47367,-0.20712,0.01929,-0.87254,-0.17842,-0.12246,-1.02248,-0.26302,0.32391,-0.46995,0.09384,-0.06507,-0.49035,0.19433,-0.00708,-0.88306,0.1188,-0.16186,-1.03662,0.16561
4.32,0.36589,-0.38746,0.02551,0.47827,0.04264,0.05711,0.43338,0.26541,0.04565,0.49182,-0.01678,-0.14104,0.3275,-0.11189,-0.29331,0.06917,-0.05367,-0.29576,-0.10657,-0.05054,-0.28148,0.39374,-0.01886,0.23614,0.23483,-0.20215,0.25581,0.07865,-0.12776,0.05529,-0.01769,-0.09262,-0.08817,0.3344,-0.46245,-0.0564,-0.0386,-0.47371,-0.20662,0.01938,-0.87261,-0.1783,-0.12248,-1.02241,-0.26293,0.3242,-0.47034,0.09419,-0.06473,-0.49039,0.19497,-0.00698,-0.88306,0.11906,-0.1618,-1.03658,0.16583
4.34,0.36614,-0.3879,0.02593,0.478,0.04241,0.05651,0.43201,0.26501,0.04597,0.49235,-0.01766,-0.14139,0.33265,-0.12238,-0.29225,0.07495,-0.06366,-0.27565,-0.09903,-0.0615,-0.24694,0.39285,-0.01857,0.23542,0.23538,-0.20285,0.25728,0.07616,-0.13155,0.05804,-0.02137,-0.10041,-0.08555,0.3347,-0.46289,-0.05599,-0.03832,-0.47373,-0.2062,0.01951,-0.87267,-0.17816,-0.12248,-1.02231,-0.26286,0.3245,-0.47081,0.0946,-0.06446,-0.49039,0.19534,-0.00685,-0.88306,0.11933,-0.16173,-1.03655,0.16603
4.36,0.36636,-0.38829,0.02632,0.4777,0.04223,0.05591,0.43058,0.26462,0.04627,0.49271,-0.01844,-0.14176,0.33813,-0.13213,-0.29147,0.08238,-0.07303,-0.25638,-0.08865,-0.07222,-0.21342,0.39207,-0.01829,0.23475,0.23607,-0.20355,0.25868,0.07403,-0.13498,0.06076,-0.02454,-0.10738,-0.08284,0.33493,-0.46329,-0.0556,-0.03814,-0.47375,-0.20571,0.01961,-0.87273,-0.17803,-0.12249,-1.02222,-0.2628,0.32478,-0.47124,0.09498,-0.06416,-0.49042,0.19588,-0.00674,-0.88307,0.11959,-0.16168,-1.03652,0.16623
4.38,0.36663,-0.38873,0.02669,0.47742,0.042,0.0553,0.42924,0.2642,0.04657,0.49328,-0.01931,-0.14211,0.34405,-0.14156,-0.29049,0.09185,-0.08184,-0.23606,-0.07486,-0.08241,-0.17857,0.39115,-0.01802,0.234,0.23675,-0.20435,0.26001,0.07173,-0.13878,0.06354,-0.02807,-0.11521,-0.07993,0.33525,-0.46373,-0.05525,-0.03784,-0.47377,-0.20534,0.01974,-0.87279,-0.1779,-0.1225,-1.02213,-0.26272,0.32509,-0.47171,0.09534,-0.06387,-0.49041,0.19625,-0.00662,-0.88306,0.11987,-0.16161,-1.03647,0.16645
4.4,0.36682,-0.38909,0.02712,0.47713,0.04183,0.05471,0.42774,0.2638,0.04687,0.49351,-0.02005,-0.14248,0.35014,-0.15116,-0.28906,0.10238,-0.09048,-0.21787,-0.05926,-0.09212,-0.14738,0.39049,-0.01774,0.23338,0.23738,-0.20481,0.26157,0.06982,-0.1419,0.06638,-0.03106,-0.122,-0.07689,0.33544,-0.4641,-0.05482,-0.03772,-0.4738,-0.20475,0.01984,-0.87285,-0.17777,-0.1225,-1.02205,-0.26266,0.32536,-0.4721,0.09578,-0.06356,-0.49048,0.19689,-0.00651,-0.88308,0.12012,-0.16154,-1.03647,0.16664
4.42,0.36679,-0.38923,0.02775,0.47678,0.04184,0.05417,0.42578,0.26348,0.0473,0.49272,-0.02043,-0.14293,0.35659,-0.16156,-0.28709,0.11238,-0.09935,-0.20572,-0.04467,-0.10116,-0.12553,0.39065,-0.01744,0.23319,0.23794,-0.20445,0.26379,0.06902,-0.14301,0.06931,-0.03221,-0.12515,-0.07398,0.33526,-0.46424,-0.05412,-0.03816,-0.47383,-0.2034,0.01983,-0.8729,-0.17759,-0.12253,-1.02201,-0.26261,0.32556,-0.47229,0.09649,-0.06314,-0.49081,0.19845,-0.00639,-0.8832,0.12037,-0.16146,-1.03659,0.16678
4.44,0.36669,-0.38928,0.02843,0.47642,0.04193,0.05365,0.42371,0.26319,0.04776,0.4916,-0.02067,-0.14341,0.36336,-0.17171,-0.28473,0.1222,-0.10739,-0.19622,-0.0305,-0.10848,-0.10802,0.39109,-0.01711,0.23312,0.23849,-0.2038,0.2662,0.06861,-0.14343,0.07221,-0.03276,-0.12708,-0.07115,0.33497,-0.4643,-0.05336,-0.03877,-0.47386,-0.20185,0.01979,-0.87293,-0.17742,-0.12255,-1.02197,-0.26258,0.32572,-0.47238,0.09728,-0.06268,-0.49122,0.20026,-0.00628,-0.88334,0.12059,-0.16137,-1.03674,0.16688
4.46,0.36663,-0.38936,0.02906,0.47607,0.04199,0.05312,0.42174,0.26289,0.04819,0.49065,-0.02096,-0.14387,0.37046,-0.18104,-0.28229,0.13284,-0.11406,-0.18645,-0.01503,-0.11389,-0.09037,0.39137,-0.01679,0.23298,0.23907,-0.20328,0.26846,0.06806,-0.14417,0.07508,-0.0336,-0.1296,-0.06827,0.33474,-0.46439,-0.05266,-0.03927,-0.47388,-0.20047,0.01977,-0.87296,-0.17728,-0.12257,-1.02192,-0.26257,0.3259,-0.4725,0.09801,-0.06226,-0.49158,0.20187,-0.00618,-0.88346,0.1208,-0.1613,-1.03686,0.16697
4.48,0.36656,-0.38948,0.02977,0.4757,0.04201,0.05257,0.41961,0.26249,0.04875,0.48958,-0.02131,-0.14435,0.37946,-0.19062,-0.28013,0.14586,-0.12034,-0.17707,0.00379,-0.11835,-0.07262,0.39174,-0.01649,0.23287,0.23966,-0.20265,0.27091,0.0675,-0.1448,0.07817,-0.03431,-0.1321,-0.06526,0.33447,-0.46451,-0.05187,-0.03989,-0.47393,-0.19879,0.01972,-0.873,-0.17707,-0.12263,-1.02188,-0.26251,0.32613,-0.47267,0.09882,-0.06172,-0.49201,0.20382,-0.00603,-0.88359,0.12108,-0.16118,-1.037,0.16714
4.5,0.36648,-0.3895,0.03034,0.47534,0.04212,0.05209,0.4178,0.26224,0.04911,0.48868,-0.02152,-0.14477,0.38585,-0.19805,-0.27704,0.15538,-0.12443,-0.16935,0.01759,-0.12005,-0.0594,0.39198,-0.01615,0.23274,0.24025,-0.20214,0.273,0.06708,-0.14547,0.08083,-0.03514,-0.13435,-0.06244,0.33425,-0.46454,-0.05123,-0.0403,-0.47393,-0.19768,0.01969,-0.873,-0.17697,-0.12264,-1.02181,-0.26254,0.32623,-0.47271,0.09948,-0.06143,-0.4923,0.2051,-0.00601,-0.88369,0.12123,-0.16119,-1.0371,0.16716
4.52,0.36634,-0.38922,0.03056,0.47499,0.04248,0.05178,0.41677,0.26242,0.04892,0.48823,-0.02136,-0.14501,0.38415,-0.20124,-0.27168,0.15462,-0.125,-0.16379,0.01645,-0.11809,-0.05444,0.39178,-0.01565,0.23255,0.24092,-0.20202,0.27423,0.06708,-0.14641,0.08235,-0.03622,-0.13607,-0.06021,0.33415,-0.46431,-0.05098,-0.04012,-0.47375,-0.19815,0.01973,-0.87282,-0.17714,-0.12253,-1.02163,-0.26285,0.32597,-0.47234,0.09973,-0.06185,-0.49221,0.20474,-0.00634,-0.88362,0.12106,-0.16154,-1.03707,0.16683
4.54,0.36619,-0.38883,0.03063,0.47467,0.04293,0.05154,0.41607,0.26276,0.04851,0.48797,-0.02106,-0.1452,0.37932,-0.2027,-0.26533,0.14974,-0.12454,-0.15894,0.0095,-0.1153,-0.05243,0.39144,-0.01509,0.23234,0.24156,-0.20201,0.27507,0.06715,-0.14741,0.08341,-0.03749,-0.13756,-0.05819,0.33409,-0.46399,-0.05089,-0.03971,-0.47351,-0.19921,0.01978,-0.8726,-0.17741,-0.12239,-1.02142,-0.26325,0.32558,-0.47183,0.09981,-0.06253,-0.49197,0.20367,-0.00678,-0.88351,0.12077,-0.16201,-1.03699,0.16635
4.56,0.36607,-0.3885,0.03073,0.47437,0.04332,0.05126,0.4153,0.26303,0.04817,0.4877,-0.02083,-0.14543,0.37584,-0.20462,-0.25918,0.14646,-0.12461,-0.15374,0.00489,-0.11322,-0.0492,0.39116,-0.01457,0.2321,0.24215,-0.20192,0.27599,0.06708,-0.14838,0.08463,-0.03881,-0.1392,-0.05608,0.33405,-0.46371,-0.05077,-0.03937,-0.47333,-0.20005,0.01984,-0.87242,-0.17764,-0.12226,-1.02123,-0.26361,0.32526,-0.47139,0.09992,-0.06311,-0.49179,0.20276,-0.00716,-0.88344,0.12052,-0.16241,-1.03694,0.16593
4.58,0.36587,-0.38816,0.03097,0.47397,0.04373,0.051,0.41425,0.26327,0.04791,0.48717,-0.0206,-0.14564,0.37332,-0.20685,-0.25324,0.14479,-0.12397,-0.14818,0.00227,-0.10949,-0.04534,0.39094,-0.01403,0.23197,0.24305,-0.20192,0.2773,0.06757,-0.14934,0.08605,-0.03935,-0.14057,-0.05391,0.3339,-0.46343,-0.05049,-0.03914,-0.47309,-0.20072,0.01988,-0.87219,-0.17787,-0.1221,-1.02102,-0.264,0.32491,-0.47095,0.10019,-0.06359,-0.49168,0.20249,-0.00758,-0.88333,0.1203,-0.16283,-1.03688,0.16554
4.6,0.36582,-0.38781,0.03089,0.47376,0.04413,0.05071,0.41384,0.26361,0.04744,0.4872,-0.02035,-0.14586,0.36842,-0.20746,-0.24642,0.13922,-0.12431,-0.14304,-0.00511,-0.10882,-0.04291,0.39056,-0.01352,0.23163,0.24332,-0.20174,0.27772,0.06695,-0.1503,0.08698,-0.0415,-0.14238,-0.05185,0.33397,-0.46314,-0.05056,-0.03865,-0.47293,-0.20184,0.01994,-0.87205,-0.17812,-0.12202,-1.02086,-0.26433,0.32459,-0.47047,0.10011,-0.06432,-0.49138,0.20078,-0.00795,-0.88327,0.11999,-0.16324,-1.03683,0.16506
4.62,0.36622,-0.38747,0.02989,0.47412,0.04445,0.05032,0.41534,0.26423,0.04635,0.48887,-0.02008,-0.14614,0.35686,-0.20339,-0.23672,0.123,-0.12778,-0.13811,-0.02519,-0.11774,-0.04304,0.38968,-0.01313,0.23069,0.24169,-0.20104,0.27559,0.0631,-0.15143,0.08644,-0.04827,-0.14574,-0.05018,0.33474,-0.4629,-0.05161,-0.03732,-0.47299,-0.20425,0.02002,-0.87216,-0.1785,-0.12216,-1.02084,-0.26455,0.32439,-0.46991,0.09901,-0.06577,-0.49054,0.19478,-0.00824,-0.88334,0.11939,-0.16368,-1.03679,0.16433
4.64,0.36676,-0.38712,0.02857,0.47464,0.04477,0.04988,0.41745,0.26494,0.04509,0.49104,-0.01979,-0.14644,0.34358,-0.19621,-0.22622,0.10462,-0.13131,-0.13233,-0.04719,-0.12956,-0.04262,0.38865,-0.01277,0.22953,0.23947,-0.20018,0.27257,0.05822,-0.15258,0.08544,-0.05649,-0.14949,-0.04846,0.33571,-0.46266,-0.053,-0.03575,-0.47311,-0.20704,0.02009,-0.87233,-0.17892,-0.12242,-1.02084,-0.26473,0.32423,-0.46931,0.09755,-0.06736,-0.48953,0.1874,-0.00858,-0.88338,0.11872,-0.16423,-1.03665,0.16354
4.66,0.36721,-0.38678,0.02744,0.47505,0.04508,0.04946,0.41915,0.26557,0.044,0.49286,-0.01952,-0.14672,0.33242,-0.18874,-0.21639,0.08985,-0.13348,-0.12561,-0.06437,-0.13933,-0.04029,0.38774,-0.0124,0.22849,0.23765,-0.19942,0.27005,0.054,-0.15369,0.08481,-0.06373,-0.15285,-0.04648,0.33654,-0.46242,-0.05418,-0.03439,-0.4732,-0.20949,0.02012,-0.87245,-0.17929,-0.12266,-1.02081,-0.26491,0.32405,-0.46875,0.09631,-0.06871,-0.48866,0.18094,-0.00899,-0.88334,0.11813,-0.16484,-1.03644,0.16285
4.68,0.36777,-0.38643,0.02614,0.47557,0.04539,0.04906,0.42144,0.2663,0.04267,0.49515,-0.01925,-0.14695,0.32011,-0.17839,-0.2041,0.07379,-0.13541,-0.11686,-0.08271,-0.15082,-0.03705,0.38661,-0.01202,0.2273,0.23539,-0.19854,0.26698,0.04941,-0.15509,0.08352,-0.07149,-0.1568,-0.04485,0.33758,-0.46218,-0.05556,-0.03261,-0.47329,-0.21258,0.02019,-0.87257,-0.17977,-0.12292,-1.02072,-0.2652,0.32384,-0.46813,0.09484,-0.07025,-0.48764,0.17314,-0.00954,-0.88324,0.11743,-0.16567,-1.03609,0.16201
4.7,0.36813,-0.38611,0.0251,0.47588,0.04569,0.04859,0.42266,0.26681,0.04184,0.49657,-0.01897,-0.14729,0.31215,-0.17003,-0.1963,0.06403,-0.1357,-0.11033,-0.09313,-0.15836,-0.0336,0.38589,-0.01168,0.22633,0.23396,-0.19789,0.26476,0.04551,-0.15598,0.08348,-0.07813,-0.15955,-0.04221,0.33822,-0.46195,-0.05662,-0.03163,-0.47338,-0.21442,0.02013,-0.87266,-0.18006,-0.12324,-1.02067,-0.26529,0.32372,-0.46761,0.09372,-0.07122,-0.48692,0.1677,-0.01001,-0.88311,0.11694,-0.16635,-1.03576,0.16147
4.72,0.3679,-0.38583,0.02481,0.47558,0.04601,0.0479,0.42067,0.26675,0.04237,0.49542,-0.01861,-0.14808,0.31389,-0.17146,-0.2021,0.06775,-0.13374,-0.11197,-0.08754,-0.15544,-0.03128,0.3864,-0.01143,0.22602,0.23493,-0.19787,0.26512,0.04351,-0.15523,0.08715,-0.08181,-0.15886,-0.03686,0.33763,-0.46169,-0.05675,-0.03302,-0.47341,-0.21265,0.01979,-0.87268,-0.17985,-0.12365,-1.02077,-0.26485,0.32382,-0.46733,0.09365,-0.07077,-0.48705,0.16934,-0.00998,-0.88309,0.117,-0.16625,-1.03576,0.1617
4.74,0.36747,-0.38557,0.02479,0.47507,0.04633,0.04716,0.41761,0.26646,0.04342,0.49341,-0.01822,-0.14899,0.31922,-0.17589,-0.21249,0.07675,-0.13127,-0.11579,-0.07532,-0.15,-0.02849,0.38732,-0.01121,0.22596,0.23674,-0.19809,0.26638,0.04227,-0.15396,0.09212,-0.08435,-0.15705,-0.03058,0.33663,-0.46143,-0.05656,-0.03519,-0.47342,-0.20964,0.01934,-0.87267,-0.17947,-0.12409,-1.0209,-0.26422,0.324,-0.46713,0.09394,-0.06982,-0.48744,0.17338,-0.0098,-0.88309,0.11726,-0.16591,-1.03584,0.16223
4.76,0.36714,-0.38531,0.02465,0.47466,0.04664,0.04646,0.41512,0.26624,0.04425,0.49185,-0.01786,-0.14981,0.32309,-0.17839,-0.22041,0.08394,-0.1293,-0.11779,-0.06505,-0.14693,-0.0251,0.38802,-0.01099,0.22577,0.23817,-0.19823,0.26721,0.04086,-0.15304,0.09646,-0.08718,-0.1559,-0.02477,0.33584,-0.46119,-0.05651,-0.03691,-0.47343,-0.20726,0.01895,-0.87265,-0.17919,-0.12451,-1.02098,-0.26372,0.32414,-0.4669,0.09407,-0.06911,-0.48769,0.17617,-0.00972,-0.88305,0.11742,-0.16573,-1.03585,0.16262
4.78,0.36676,-0.38501,0.02448,0.4742,0.04699,0.04566,0.41245,0.26599,0.04521,0.49001,-0.01744,-0.15075,0.32779,-0.18082,-0.22963,0.09282,-0.12729,-0.11983,-0.05223,-0.14438,-0.021,0.38888,-0.01074,0.22557,0.23963,-0.19824,0.26799,0.03916,-0.1518,0.1013,-0.09043,-0.15435,-0.01827,0.33493,-0.46088,-0.05648,-0.0389,-0.47348,-0.20452,0.01847,-0.87265,-0.17887,-0.12504,-1.02108,-0.26315,0.32432,-0.46665,0.09418,-0.06822,-0.48804,0.17951,-0.00963,-0.88303,0.11759,-0.16552,-1.03586,0.16306
4.8,0.36643,-0.38481,0.02443,0.47377,0.04724,0.04507,0.40997,0.26565,0.0461,0.48852,-0.01716,-0.15144,0.33226,-0.18295,-0.23702,0.10127,-0.12564,-0.12086,-0.04005,-0.14241,-0.01673,0.38949,-0.01056,0.22544,0.24124,-0.19858,0.26904,0.03841,-0.15117,0.10551,-0.09232,-0.15345,-0.01283,0.33419,-0.46071,-0.05634,-0.04048,-0.47346,-0.20223,0.01811,-0.87258,-0.17862,-0.1254,-1.02111,-0.26272,0.32443,-0.46646,0.09438,-0.06752,-0.48827,0.18225,-0.00958,-0.88295,0.1178,-0.16537,-1.03582,0.16347
4.82,0.36624,-0.38495,0.02462,0.47348,0.04714,0.04501,0.40806,0.26506,0.04654,0.4882,-0.01736,-0.15147,0.33487,-0.18498,-0.23878,0.10586,-0.12464,-0.12026,-0.03371,-0.14006,-0.01359,0.38926,-0.01059,0.22544,0.24313,-0.19987,0.27071,0.04002,-0.15224,0.10758,-0.09072,-0.15446,-0.01075,0.33396,-0.46097,-0.05602,-0.04089,-0.47334,-0.20147,0.01813,-0.87243,-0.17857,-0.12527,-1.02103,-0.26273,0.32431,-0.46652,0.09471,-0.0676,-0.48817,0.18279,-0.0096,-0.88279,0.11803,-0.16535,-1.03572,0.16365
4.84,0.3661,-0.38521,0.02491,0.47323,0.04691,0.04515,0.40637,0.2644,0.04683,0.48824,-0.01772,-0.15126,0.33685,-0.18709,-0.23858,0.10908,-0.12388,-0.11917,-0.0295,-0.13744,-0.01096,0.38876,-0.0107,0.22549,0.24511,-0.20143,0.27261,0.04245,-0.15388,0.1089,-0.0879,-0.15611,-0.00985,0.3339,-0.46137,-0.05563,-0.0409,-0.47318,-0.20125,0.01829,-0.87226,-0.17859,-0.12497,-1.02092,-0.26288,0.32411,-0.46666,0.0951,-0.06794,-0.48797,0.18264,-0.00965,-0.88262,0.11828,-0.16537,-1.03561,0.16378
4.86,0.36595,-0.3854,0.02514,0.47295,0.04676,0.04519,0.40466,0.2638,0.04717,0.4881,-0.01798,-0.15117,0.33893,-0.18903,-0.23904,0.11267,-0.12308,-0.11825,-0.02463,-0.1351,-0.00825,0.38839,-0.01077,0.22552,0.24699,-0.20275,0.27432,0.04441,-0.15524,0.11051,-0.08577,-0.15749,-0.00843,0.33379,-0.46168,-0.0553,-0.04104,-0.47303,-0.20087,0.01839,-0.8721,-0.17859,-0.12474,-1.02082,-0.26298,0.32395,-0.46675,0.09544,-0.06815,-0.48782,0.18279,-0.00969,-0.88246,0.11851,-0.16538,-1.03551,0.16393
4.88,0.36573,-0.38564,0.02544,0.47268,0.04655,0.04525,0.40258,0.263,0.04758,0.48798,-0.01834,-0.15105,0.34203,-0.19136,-0.24047,0.11788,-0.12168,-0.11786,-0.01761,-0.13167,-0.00542,0.38799,-0.01086,0.22556,0.24922,-0.20421,0.27643,0.04689,-0.15637,0.11239,-0.08296,-0.15842,-0.00691,0.33357,-0.46206,-0.05487,-0.04139,-0.47287,-0.20014,0.01847,-0.87191,-0.17857,-0.12453,-1.02071,-0.26306,0.32376,-0.46689,0.09588,-0.0684,-0.48766,0.18307,-0.00972,-0.88226,0.1188,-0.16537,-1.03538,0.16411
4.9,0.36566,-0.3858,0.02562,0.47241,0.04644,0.04533,0.40132,0.26257,0.04783,0.4879,-0.01853,-0.15093,0.34291,-0.19282,-0.23941,0.11951,-0.12148,-0.11638,-0.0154,-0.13028,-0.00316,0.38758,-0.01092,0.22559,0.25079,-0.20532,0.2778,0.04853,-0.15796,0.11355,-0.08123,-0.1603,-0.00585,0.3336,-0.46234,-0.05461,-0.04124,-0.47272,-0.20026,0.01862,-0.87176,-0.17862,-0.12426,-1.02061,-0.26322,0.32361,-0.46694,0.09613,-0.06865,-0.4875,0.18291,-0.00977,-0.88213,0.11897,-0.16541,-1.03529,0.1642
4.92,0.36601,-0.38574,0.0254,0.47213,0.04664,0.04542,0.40237,0.26321,0.04759,0.48794,-0.01822,-0.15085,0.33725,-0.19162,-0.23119,0.1107,-0.12485,-0.1114,-0.02723,-0.13543,-0.00204,0.38717,-0.01091,0.22555,0.25038,-0.20555,0.27692,0.04743,-0.16101,0.11273,-0.08295,-0.16502,-0.00594,0.33429,-0.46235,-0.0549,-0.03965,-0.47262,-0.20284,0.01894,-0.87171,-0.17889,-0.12389,-1.02054,-0.2636,0.32358,-0.46679,0.09579,-0.06892,-0.48739,0.18147,-0.00987,-0.88219,0.11881,-0.16557,-1.03529,0.16405
4.94,0.36649,-0.38561,0.02506,0.47182,0.04695,0.04551,0.4042,0.26419,0.04721,0.488,-0.01775,-0.15078,0.3298,-0.18907,-0.22047,0.09928,-0.12948,-0.10454,-0.04234,-0.14317,-0.00034,0.38674,-0.01089,0.2255,0.24931,-0.20547,0.2753,0.04549,-0.16455,0.11125,-0.08573,-0.17071,-0.00641,0.33519,-0.46227,-0.05536,-0.03759,-0.47254,-0.20621,0.01928,-0.87169,-0.17924,-0.12353,-1.02047,-0.26407,0.32359,-0.46656,0.09527,-0.06919,-0.4873,0.17965,-0.01,-0.88232,0.11853,-0.16578,-1.03532,0.1638
4.96,0.36688,-0.3855,0.0248,0.4715,0.04721,0.04559,0.40556,0.26498,0.04696,0.48797,-0.01735,-0.15072,0.32396,-0.18669,-0.21118,0.09061,-0.13345,-0.09785,-0.05356,-0.14993,0.00235,0.38633,-0.01085,0.22546,0.24861,-0.20553,0.27411,0.04408,-0.16777,0.11018,-0.08785,-0.17581,-0.00656,0.33593,-0.46221,-0.05571,-0.03583,-0.47244,-0.20904,0.01956,-0.87162,-0.17955,-0.12322,-1.02036,-0.26449,0.32358,-0.46636,0.09487,-0.06943,-0.4872,0.17815,-0.01012,-0.8824,0.11832,-0.16598,-1.03532,0.16361
4.98,0.36738,-0.38541,0.02445,0.47126,0.04746,0.04569,0.40743,0.26585,0.04645,0.4882,-0.01696,-0.15063,0.31715,-0.18302,-0.19959,0.08061,-0.13809,-0.08931,-0.06645,-0.15859,0.00583,0.38586,-0.01085,0.22537,0.24762,-0.20552,0.27253,0.0424,-0.17143,0.10866,-0.09017,-0.18162,-0.00717,0.33689,-0.46218,-0.05617,-0.03359,-0.47234,-0.21259,0.01992,-0.87154,-0.17996,-0.12284,-1.02022,-0.26505,0.32355,-0.46616,0.09433,-0.06979,-0.48704,0.17602,-0.01027,-0.88249,0.11807,-0.16622,-1.03531,0.16337
5,0.3677,-0.38527,0.02426,0.47086,0.04776,0.04573,0.40845,0.26657,0.04643,0.48793,-0.01654,-0.15062,0.31297,-0.18061,-0.19184,0.07495,-0.14169,-0.08247,-0.07336,-0.16487,0.01008,0.38553,-0.01078,0.22537,0.24711,-0.20556,0.27155,0.04122,-0.17429,0.10797,-0.09208,-0.1862,-0.00687,0.33749,-0.46208,-0.05643,-0.03216,-0.47227,-0.2148,0.02011,-0.87146,-0.18019,-0.12265,-1.02009,-0.26538,0.32358,-0.46596,0.09402,-0.06987,-0.48701,0.1751,-0.01037,-0.88257,0.11788,-0.16639,-1.03532,0.1632
5.02,0.36748,-0.38498,0.02454,0.46997,0.04823,0.0456,0.40688,0.26683,0.0479,0.48618,-0.01599,-0.15085,0.31541,-0.18339,-0.19609,0.07963,-0.14199,-0.08283,-0.06632,-0.1627,0.01396,0.38564,-0.01051,0.22565,0.24812,-0.20577,0.27245,0.04145,-0.17475,0.10978,-0.09291,-0.18733,-0.00373,0.337,-0.46178,-0.05606,-0.03323,-0.47222,-0.21305,0.01982,-0.87143,-0.17985,-0.12299,-1.02006,-0.26495,0.32381,-0.46579,0.09445,-0.06914,-0.48736,0.17775,-0.01029,-0.88263,0.11789,-0.16632,-1.03535,0.16326
5.04,0.36709,-0.38464,0.02498,0.46893,0.04875,0.04544,0.40449,0.26692,0.0499,0.48395,-0.01541,-0.15113,0.32033,-0.18753,-0.20433,0.08833,-0.14118,-0.08532,-0.0536,-0.15785,0.018,0.38591,-0.01017,0.22603,0.24964,-0.20604,0.27394,0.04218,-0.17437,0.11242,-0.09332,-0.18715,0.00028,0.33617,-0.4614,-0.05549,-0.03511,-0.47218,-0.20996,0.01937,-0.87141,-0.17931,-0.1235,-1.02004,-0.26429,0.32412,-0.46563,0.09511,-0.06811,-0.48784,0.18159,-0.01016,-0.88266,0.11797,-0.16618,-1.03537,0.16339
5.06,0.36678,-0.38434,0.02534,0.46799,0.04922,0.04532,0.40254,0.26705,0.05164,0.48201,-0.01487,-0.15134,0.32429,-0.19053,-0.21046,0.09563,-0.14088,-0.08643,-0.04262,-0.15448,0.02219,0.38609,-0.00988,0.22637,0.25091,-0.20631,0.27512,0.04269,-0.1744,0.11463,-0.09379,-0.18743,0.00371,0.33551,-0.46107,-0.05502,-0.03656,-0.47215,-0.20756,0.01899,-0.87137,-0.17889,-0.12394,-1.02001,-0.26376,0.32437,-0.46548,0.09564,-0.06723,-0.48825,0.18478,-0.01009,-0.88267,0.11802,-0.16612,-1.03536,0.1635
5.08,0.36644,-0.38398,0.02574,0.46691,0.04978,0.04514,0.40045,0.26723,0.0536,0.47973,-0.01424,-0.15162,0.32884,-0.19342,-0.21763,0.10452,-0.14038,-0.08725,-0.02889,-0.15055,0.02763,0.38635,-0.00953,0.22672,0.25226,-0.20646,0.2764,0.0432,-0.17435,0.11704,-0.09465,-0.18827,0.00794,0.33476,-0.46068,-0.0545,-0.03821,-0.47211,-0.20477,0.01854,-0.87132,-0.1784,-0.12447,-1.01995,-0.26314,0.32469,-0.46529,0.09624,-0.06618,-0.48873,0.1884,-0.01003,-0.88267,0.1181,-0.16607,-1.03532,0.16365
5.1,0.36612,-0.38373,0.0261,0.46605,0.05017,0.04512,0.39853,0.26722,0.05528,0.47802,-0.01378,-0.15172,0.33328,-0.19579,-0.22352,0.11251,-0.13983,-0.08837,-0.0168,-0.14727,0.0313,0.38646,-0.0093,0.22708,0.25359,-0.20685,0.27759,0.04386,-0.17423,0.11922,-0.09455,-0.18766,0.01078,0.33411,-0.4604,-0.05403,-0.03959,-0.47207,-0.20246,0.01817,-0.87125,-0.17802,-0.1249,-1.01988,-0.26268,0.32489,-0.46517,0.09675,-0.06535,-0.4891,0.19138,-0.01002,-0.88262,0.11815,-0.16608,-1.03525,0.16376
5.12,0.36587,-0.38385,0.02633,0.46589,0.05002,0.04557,0.39714,0.26667,0.05603,0.47805,-0.01388,-0.15127,0.33657,-0.19764,-0.22508,0.11588,-0.1393,-0.09084,-0.01309,-0.1459,0.02925,0.38609,-0.00948,0.22743,0.25484,-0.20796,0.27852,0.04484,-0.17412,0.12076,-0.09186,-0.18276,0.00969,0.33378,-0.46052,-0.05377,-0.04013,-0.47207,-0.20167,0.01804,-0.87124,-0.17794,-0.12499,-1.01988,-0.26265,0.32477,-0.46531,0.09703,-0.0653,-0.48919,0.19242,-0.01016,-0.88254,0.11815,-0.16617,-1.03523,0.16369
5.14,0.36564,-0.38409,0.02651,0.46594,0.0497,0.04617,0.39594,0.26595,0.05643,0.47864,-0.01416,-0.15066,0.33946,-0.19936,-0.22523,0.11762,-0.13886,-0.09385,-0.01242,-0.1453,0.02508,0.38556,-0.00979,0.22777,0.25603,-0.20927,0.27935,0.04592,-0.17397,0.12206,-0.08863,-0.176,0.00809,0.33356,-0.46077,-0.05358,-0.04038,-0.47207,-0.20143,0.018,-0.87123,-0.17799,-0.12496,-1.0199,-0.26278,0.32453,-0.46554,0.09721,-0.06551,-0.48918,0.19279,-0.01034,-0.88245,0.11811,-0.1663,-1.03523,0.16356
5.16,0.36541,-0.38427,0.02671,0.46587,0.04946,0.04669,0.39472,0.26534,0.05695,0.47891,-0.01434,-0.15013,0.34239,-0.20103,-0.2259,0.11996,-0.13851,-0.09649,-0.01061,-0.1446,0.02188,0.38511,-0.01003,0.22811,0.25719,-0.21043,0.28019,0.04691,-0.17386,0.12341,-0.0862,-0.16995,0.00781,0.33331,-0.46095,-0.05337,-0.04072,-0.47208,-0.20101,0.01792,-0.87122,-0.17799,-0.12498,-1.0199,-0.26284,0.32434,-0.46573,0.09743,-0.06559,-0.48922,0.19345,-0.0105,-0.88237,0.11808,-0.16641,-1.03521,0.16345
5.18,0.36512,-0.38446,0.02691,0.46589,0.04919,0.04724,0.3932,0.26455,0.05756,0.4794,-0.01459,-0.14955,0.34614,-0.20291,-0.22706,0.1233,-0.13741,-0.09984,-0.00751,-0.14281,0.0183,0.38459,-0.01028,0.22844,0.25861,-0.21171,0.28122,0.04808,-0.17353,0.12518,-0.08363,-0.16202,0.00847,0.33297,-0.46116,-0.05313,-0.04126,-0.47208,-0.20029,0.01781,-0.8712,-0.17797,-0.12503,-1.01991,-0.26289,0.32412,-0.46592,0.09767,-0.0657,-0.48924,0.1942,-0.01069,-0.88225,0.11805,-0.16654,-1.03518,0.16333
5.2,0.36497,-0.38465,0.0271,0.4658,0.04897,0.04775,0.39236,0.26409,0.05791,0.4796,-0.01474,-0.14905,0.34818,-0.20425,-0.2268,0.1243,-0.13785,-0.1019,-0.00776,-0.14351,0.01484,0.38421,-0.01055,0.2288,0.25952,-0.21271,0.28186,0.04891,-0.1736,0.12614,-0.08208,-0.15697,0.00925,0.33284,-0.46134,-0.05296,-0.04132,-0.47207,-0.20031,0.0178,-0.87119,-0.17801,-0.12498,-1.0199,-0.26302,0.32396,-0.46612,0.09784,-0.06582,-0.48926,0.19459,-0.01082,-0.88219,0.11802,-0.16663,-1.03518,0.16323
5.22,0.36525,-0.38483,0.02726,0.46537,0.04894,0.04809,0.39353,0.26463,0.05762,0.47891,-0.01457,-0.14879,0.34514,-0.20405,-0.22252,0.11852,-0.14281,-0.09993,-0.01733,-0.15132,0.01219,0.38423,-0.01087,0.22924,0.25884,-0.21289,0.28119,0.04868,-0.17495,0.12458,-0.0826,-0.16138,0.00763,0.33337,-0.46145,-0.05297,-0.03994,-0.47202,-0.20248,0.01807,-0.87118,-0.17819,-0.12461,-1.01987,-0.26339,0.324,-0.46636,0.0978,-0.06591,-0.48928,0.19405,-0.01077,-0.8823,0.118,-0.16661,-1.03527,0.16317
5.24,0.36566,-0.38499,0.0274,0.46484,0.04899,0.04835,0.39536,0.26549,0.05707,0.47791,-0.01429,-0.14864,0.34054,-0.20325,-0.21688,0.1109,-0.14941,-0.09647,-0.02918,-0.16169,0.00994,0.3844,-0.01119,0.2297,0.25767,-0.21275,0.28012,0.04814,-0.17667,0.12224,-0.08385,-0.16868,0.00557,0.3341,-0.4615,-0.05306,-0.03808,-0.47194,-0.20536,0.01843,-0.87115,-0.17845,-0.12417,-1.0198,-0.26386,0.32411,-0.4666,0.09767,-0.066,-0.48929,0.19317,-0.01066,-0.88244,0.11798,-0.16655,-1.03537,0.16312
5.26,0.36599,-0.38516,0.02756,0.46436,0.049,0.04863,0.39679,0.26612,0.05665,0.47704,-0.01409,-0.14844,0.33708,-0.20275,-0.21209,0.10502,-0.1553,-0.09365,-0.03837,-0.17082,0.00782,0.38453,-0.0115,0.23014,0.25685,-0.21277,0.27935,0.04784,-0.17811,0.12046,-0.08474,-0.17409,0.00426,0.3347,-0.46159,-0.05309,-0.0365,-0.47187,-0.20776,0.01872,-0.87111,-0.17866,-0.1238,-1.01972,-0.26428,0.32419,-0.46684,0.0976,-0.06607,-0.48932,0.19252,-0.01056,-0.88257,0.11797,-0.16649,-1.03547,0.16307
5.28,0.36643,-0.38535,0.02769,0.46386,0.04901,0.04893,0.3987,0.2669,0.05604,0.47623,-0.01386,-0.14823,0.33248,-0.20158,-0.20594,0.09784,-0.1617,-0.0898,-0.0493,-0.1811,0.00544,0.38458,-0.01183,0.23057,0.25552,-0.21261,0.27815,0.04723,-0.17984,0.11791,-0.08626,-0.181,0.00268,0.33548,-0.46168,-0.05318,-0.03451,-0.47179,-0.21074,0.01905,-0.87104,-0.17896,-0.12339,-1.01959,-0.26482,0.32429,-0.46709,0.09745,-0.06618,-0.48931,0.19156,-0.01047,-0.88271,0.11793,-0.16646,-1.03557,0.16299
5.3,0.36667,-0.38549,0.02786,0.46338,0.04903,0.04916,0.39977,0.2674,0.05571,0.47522,-0.01366,-0.1481,0.33013,-0.20143,-0.20215,0.09392,-0.16766,-0.08728,-0.05525,-0.18985,0.00412,0.38481,-0.01211,0.231,0.2551,-0.21267,0.27773,0.0472,-0.18103,0.11677,-0.08694,-0.18515,0.00237,0.33594,-0.46173,-0.05317,-0.03322,-0.47173,-0.21268,0.01927,-0.87099,-0.17915,-0.1231,-1.01951,-0.26518,0.32436,-0.46732,0.09742,-0.06622,-0.48938,0.19113,-0.01036,-0.88283,0.11793,-0.16637,-1.03568,0.16297
5.32,0.36628,-0.38544,0.02817,0.46296,0.0491,0.04918,0.39821,0.26712,0.05631,0.47364,-0.01345,-0.14818,0.3343,-0.2045,-0.20574,0.09871,-0.17151,-0.08936,-0.04848,-0.19308,0.00533,0.38549,-0.01219,0.23145,0.25742,-0.21343,0.27977,0.04893,-0.18044,0.11985,-0.08461,-0.18075,0.00467,0.33537,-0.46161,-0.05287,-0.03418,-0.47176,-0.21146,0.0192,-0.87098,-0.17897,-0.12308,-1.01959,-0.26498,0.3243,-0.46741,0.09775,-0.06606,-0.48959,0.19236,-0.01019,-0.88284,0.11811,-0.16613,-1.03576,0.16314
5.34,0.3657,-0.38533,0.02851,0.46256,0.04919,0.04914,0.39581,0.26656,0.05723,0.47189,-0.01324,-0.14833,0.34082,-0.20823,-0.21179,0.10665,-0.17444,-0.09281,-0.03705,-0.19415,0.00748,0.38634,-0.01221,0.23189,0.26071,-0.21441,0.28252,0.05127,-0.17934,0.12429,-0.08148,-0.17356,0.00835,0.33449,-0.46143,-0.05247,-0.03586,-0.47182,-0.20918,0.01903,-0.87099,-0.17867,-0.12317,-1.01972,-0.26459,0.3242,-0.46746,0.09819,-0.06582,-0.48984,0.19411,-0.01,-0.88282,0.11834,-0.16583,-1.03583,0.16338
5.36,0.36524,-0.38527,0.02881,0.46217,0.04925,0.04912,0.39387,0.26611,0.05799,0.47028,-0.01304,-0.14844,0.34631,-0.2111,-0.21654,0.11323,-0.17754,-0.09537,-0.02761,-0.19592,0.00914,0.38709,-0.01229,0.2323,0.26354,-0.2153,0.28475,0.05329,-0.17864,0.12796,-0.07903,-0.16798,0.01187,0.33379,-0.4613,-0.05215,-0.03714,-0.47187,-0.20746,0.01891,-0.87099,-0.17844,-0.12322,-1.01982,-0.26432,0.32414,-0.46755,0.09855,-0.06561,-0.49008,0.19556,-0.00982,-0.88281,0.11853,-0.16558,-1.0359,0.16357
5.38,0.36466,-0.38514,0.0292,0.46172,0.04937,0.04908,0.39169,0.26564,0.05892,0.4684,-0.0128,-0.14858,0.35242,-0.21371,-0.22219,0.12105,-0.1798,-0.09789,-0.01604,-0.19594,0.01185,0.38798,-0.01228,0.23276,0.26666,-0.21603,0.28755,0.05581,-0.17717,0.13211,-0.07599,-0.16009,0.0162,0.33293,-0.4611,-0.05172,-0.03866,-0.4719,-0.20542,0.01876,-0.87096,-0.17818,-0.12327,-1.01991,-0.26401,0.32403,-0.46759,0.09902,-0.0654,-0.49033,0.19725,-0.00963,-0.88278,0.11877,-0.1653,-1.03597,0.16379
5.4,0.36428,-0.38513,0.02942,0.46139,0.04938,0.04909,0.38984,0.26512,0.05965,0.46704,-0.01266,-0.14865,0.35808,-0.21583,-0.22662,0.12769,-0.18265,-0.10032,-0.00659,-0.19767,0.01299,0.38861,-0.01241,0.23311,0.26948,-0.21707,0.28924,0.05757,-0.17705,0.13554,-0.07424,-0.1559,0.02032,0.33233,-0.46101,-0.05148,-0.03984,-0.47196,-0.20376,0.01862,-0.87097,-0.17798,-0.12338,-1.01999,-0.26374,0.32401,-0.46772,0.09929,-0.06515,-0.49054,0.19857,-0.00949,-0.88276,0.11892,-0.16509,-1.03602,0.16397
5.42,0.36447,-0.38545,0.02912,0.46138,0.04908,0.04928,0.38905,0.26457,0.05967,0.46719,-0.01276,-0.14852,0.36173,-0.21756,-0.22705,0.12959,-0.18844,-0.10297,-0.00555,-0.20641,0.00888,0.38851,-0.01292,0.23319,0.27121,-0.21903,0.28787,0.05696,-0.18118,0.13688,-0.07607,-0.16355,0.02247,0.33248,-0.46127,-0.05182,-0.03995,-0.47208,-0.20349,0.0185,-0.8711,-0.17796,-0.12366,-1.02006,-0.2636,0.32418,-0.46807,0.09893,-0.06488,-0.49056,0.19868,-0.00951,-0.88279,0.11884,-0.16512,-1.03601,0.16399
5.44,0.36486,-0.38588,0.02864,0.46147,0.04869,0.0495,0.38862,0.26401,0.05943,0.46786,-0.01295,-0.14833,0.36478,-0.21922,-0.22617,0.13017,-0.19521,-0.10569,-0.00686,-0.21746,0.00305,0.38813,-0.01354,0.23316,0.27258,-0.22127,0.28538,0.05564,-0.18676,0.13745,-0.0789,-0.17525,0.02404,0.33289,-0.46163,-0.05237,-0.0397,-0.47222,-0.20364,0.01839,-0.87129,-0.17801,-0.12398,-1.02012,-0.2635,0.32443,-0.4685,0.09837,-0.06459,-0.49053,0.19839,-0.00957,-0.88283,0.11866,-0.16521,-1.03598,0.16395
5.46,0.36516,-0.38625,0.02827,0.46149,0.04835,0.04971,0.38805,0.26349,0.05932,0.46826,-0.0131,-0.14817,0.36812,-0.22086,-0.22587,0.13165,-0.20138,-0.10824,-0.00652,-0.22719,-0.00175,0.38786,-0.01409,0.23317,0.27409,-0.2233,0.28336,0.0548,-0.19163,0.13831,-0.08092,-0.185,0.0259,0.33318,-0.46194,-0.0528,-0.03963,-0.47235,-0.20353,0.01829,-0.87144,-0.17802,-0.12426,-1.02017,-0.26338,0.32465,-0.46889,0.09794,-0.06429,-0.49053,0.19831,-0.0096,-0.88286,0.11853,-0.16526,-1.03596,0.16394
5.48,0.36549,-0.38666,0.02778,0.46167,0.04794,0.04993,0.38739,0.26281,0.05915,0.46882,-0.01326,-0.14801,0.37163,-0.22246,-0.22561,0.1331,-0.2083,-0.11142,-0.00641,-0.23833,-0.00782,0.38771,-0.01475,0.23318,0.27597,-0.22548,0.28152,0.05422,-0.19739,0.13949,-0.0832,-0.19689,0.02897,0.33352,-0.46229,-0.05335,-0.03948,-0.4725,-0.20363,0.01819,-0.87163,-0.17806,-0.12455,-1.02025,-0.26327,0.32488,-0.46931,0.09738,-0.06399,-0.49052,0.19812,-0.00965,-0.88291,0.11835,-0.16532,-1.03594,0.16391
5.5,0.36579,-0.38702,0.0275,0.46152,0.04765,0.05013,0.387,0.26246,0.05904,0.46917,-0.01342,-0.14784,0.37465,-0.22404,-0.22491,0.1347,-0.214,-0.11331,-0.00561,-0.24729,-0.0118,0.38721,-0.01521,0.23317,0.27707,-0.22733,0.27904,0.05325,-0.20192,0.13979,-0.08466,-0.20597,0.02997,0.33381,-0.46257,-0.0537,-0.03942,-0.47261,-0.20342,0.01808,-0.87177,-0.17805,-0.12485,-1.02029,-0.26314,0.3251,-0.46969,0.09702,-0.06372,-0.49051,0.19805,-0.00968,-0.88294,0.11825,-0.16537,-1.03592,0.1639
5.52,0.366,-0.38729,0.02787,0.4604,0.04769,0.05022,0.38727,0.26296,0.05922,0.46877,-0.01361,-0.14764,0.37633,-0.22566,-0.22328,0.13648,-0.21595,-0.11145,-0.00324,-0.24946,-0.00921,0.38577,-0.01517,0.23314,0.27605,-0.22832,0.27509,0.05105,-0.20279,0.13777,-0.08387,-0.20611,0.02427,0.33395,-0.46269,-0.05344,-0.0397,-0.47266,-0.20212,0.01792,-0.87188,-0.17786,-0.12513,-1.02028,-0.26295,0.3253,-0.47006,0.09727,-0.06349,-0.49059,0.19846,-0.0096,-0.88298,0.11836,-0.16534,-1.03592,0.16396
5.54,0.36617,-0.38752,0.02844,0.45895,0.04783,0.05028,0.38779,0.26376,0.05948,0.46816,-0.0138,-0.14745,0.37755,-0.22728,-0.22128,0.13825,-0.21657,-0.10835,-0.0005,-0.24922,-0.00452,0.38398,-0.01495,0.23308,0.27429,-0.22896,0.27048,0.04839,-0.20232,0.13487,-0.08234,-0.20226,0.01651,0.33403,-0.46275,-0.05299,-0.04008,-0.47269,-0.20051,0.01775,-0.87196,-0.17763,-0.12542,-1.02024,-0.26274,0.32548,-0.4704,0.09771,-0.0633,-0.49069,0.19898,-0.00949,-0.88301,0.11854,-0.1653,-1.03592,0.16403
5.56,0.36635,-0.38775,0.0289,0.4577,0.04793,0.05036,0.3882,0.26438,0.05972,0.46769,-0.01398,-0.14725,0.37909,-0.22884,-0.21946,0.14009,-0.21775,-0.10594,0.00207,-0.24997,-0.00101,0.38237,-0.01482,0.23303,0.27299,-0.2297,0.26611,0.04605,-0.20238,0.13238,-0.08109,-0.19911,0.01022,0.33414,-0.46283,-0.05265,-0.04038,-0.47272,-0.19912,0.01759,-0.87204,-0.17742,-0.1257,-1.02021,-0.26253,0.32566,-0.47074,0.09805,-0.06312,-0.49076,0.19941,-0.00939,-0.88304,0.11868,-0.16526,-1.03591,0.1641
5.58,0.36659,-0.38804,0.02944,0.45628,0.048,0.05044,0.38864,0.26504,0.06002,0.4671,-0.01419,-0.14703,0.3803,-0.2304,-0.2174,0.14167,-0.21875,-0.10314,0.00455,-0.25049,0.0031,0.38064,-0.01471,0.23299,0.27157,-0.23036,0.26182,0.04371,-0.2033,0.12962,-0.07908,-0.19653,0.00322,0.33428,-0.46295,-0.05222,-0.04074,-0.47277,-0.19742,0.01742,-0.87214,-0.1772,-0.126,-1.02017,-0.26233,0.32591,-0.47114,0.09846,-0.06284,-0.49087,0.19998,-0.00927,-0.88309,0.11884,-0.16522,-1.03591,0.16416
5.6,0.36668,-0.3882,0.02985,0.45509,0.04812,0.0505,0.38904,0.26564,0.06025,0.46669,-0.01433,-0.14685,0.38208,-0.23187,-0.21575,0.14375,-0.21962,-0.10094,0.00727,-0.25065,0.00634,0.37905,-0.01454,0.2329,0.27035,-0.23093,0.25719,0.04143,-0.20242,0.12715,-0.07828,-0.19025,-0.00177,0.33432,-0.46296,-0.05193,-0.04102,-0.47281,-0.1963,0.01725,-0.8722,-0.17699,-0.12626,-1.02015,-0.26212,0.32599,-0.4714,0.09874,-0.06276,-0.49091,0.20028,-0.00921,-0.88309,0.11898,-0.16519,-1.0359,0.16423
5.62,0.36636,-0.38798,0.02988,0.4546,0.04837,0.05052,0.38925,0.2661,0.06026,0.46688,-0.01421,-0.14674,0.38568,-0.23313,-0.21539,0.14739,-0.22043,-0.10054,0.01074,-0.25034,0.00684,0.37797,-0.01418,0.23271,0.26996,-0.23144,0.25172,0.03956,-0.19636,0.12597,-0.08105,-0.17534,-0.00096,0.33411,-0.46267,-0.05201,-0.04102,-0.47278,-0.19691,0.01709,-0.87216,-0.17681,-0.12635,-1.02018,-0.2619,0.3256,-0.47125,0.09865,-0.06327,-0.49069,0.19973,-0.00933,-0.88295,0.11906,-0.16524,-1.03583,0.16432
5.64,0.3659,-0.38763,0.02976,0.45436,0.04868,0.0505,0.38942,0.26653,0.06017,0.46725,-0.01401,-0.14669,0.38984,-0.23426,-0.21545,0.15151,-0.22114,-0.10075,0.01443,-0.24985,0.00642,0.37707,-0.01374,0.23246,0.26983,-0.2318,0.24596,0.03784,-0.18885,0.12568,-0.08491,-0.15832,0.0028,0.33381,-0.46227,-0.05223,-0.04093,-0.47272,-0.19812,0.01692,-0.87207,-0.17665,-0.12641,-1.02023,-0.26168,0.32506,-0.47096,0.0984,-0.06398,-0.4904,0.19888,-0.0095,-0.88277,0.11911,-0.1653,-1.03575,0.16441
5.66,0.36552,-0.38736,0.02971,0.45401,0.04894,0.05049,0.38963,0.26696,0.06013,0.46753,-0.01386,-0.14662,0.39368,-0.23537,-0.21524,0.15529,-0.22189,-0.10068,0.01793,-0.24958,0.00638,0.37612,-0.01336,0.23223,0.2696,-0.23204,0.24041,0.03611,-0.18277,0.12559,-0.08811,-0.14385,0.00662,0.33356,-0.46194,-0.05239,-0.04089,-0.47269,-0.19899,0.01675,-0.87201,-0.17647,-0.1265,-1.02027,-0.26145,0.32461,-0.47076,0.09823,-0.06456,-0.49016,0.19821,-0.00964,-0.88262,0.11919,-0.16534,-1.03569,0.16452
5.68,0.36505,-0.38702,0.02967,0.45359,0.04926,0.05051,0.38974,0.26745,0.06008,0.46782,-0.01365,-0.14651,0.39791,-0.23645,-0.21511,0.15958,-0.2222,-0.10051,0.02182,-0.24851,0.00639,0.37502,-0.0129,0.23201,0.26984,-0.23236,0.23447,0.0351,-0.17551,0.12586,-0.09078,-0.12689,0.01233,0.33325,-0.46155,-0.05254,-0.04082,-0.47264,-0.20009,0.01658,-0.87192,-0.17631,-0.12656,-1.02031,-0.26126,0.32404,-0.47048,0.09805,-0.06529,-0.48986,0.19739,-0.00984,-0.88242,0.11924,-0.16544,-1.03559,0.16457
5.7,0.36473,-0.38678,0.02956,0.45337,0.04948,0.05045,0.39005,0.26781,0.06004,0.46813,-0.01353,-0.14651,0.40148,-0.23741,-0.21485,0.16295,-0.22319,-0.10069,0.02494,-0.24899,0.00601,0.37427,-0.01257,0.23175,0.26944,-0.2322,0.2293,0.03309,-0.17123,0.12657,-0.09422,-0.11654,0.01748,0.33304,-0.46125,-0.05274,-0.04079,-0.47259,-0.2009,0.0164,-0.87185,-0.17614,-0.1267,-1.02033,-0.26101,0.32368,-0.47031,0.09784,-0.06576,-0.48965,0.19678,-0.00993,-0.8823,0.11934,-0.16543,-1.03554,0.16474
5.72,0.36482,-0.38682,0.02926,0.45362,0.04941,0.05014,0.39094,0.26791,0.06006,0.4684,-0.01363,-0.14681,0.40301,-0.23814,-0.21426,0.16355,-0.22638,-0.10178,0.02578,-0.25416,0.00474,0.37445,-0.0126,0.23143,0.26675,-0.23078,0.22609,0.02755,-0.17498,0.12709,-0.10037,-0.12331,0.01725,0.33304,-0.46121,-0.05308,-0.04099,-0.47255,-0.20071,0.01615,-0.87181,-0.17594,-0.12714,-1.02024,-0.26057,0.32387,-0.47043,0.0975,-0.06546,-0.48973,0.19683,-0.00968,-0.88242,0.11957,-0.16511,-1.03567,0.16522
5.74,0.36506,-0.38697,0.02888,0.45406,0.04922,0.04972,0.39203,0.26789,0.06005,0.46869,-0.01381,-0.14724,0.40385,-0.23881,-0.21358,0.16327,-0.23033,-0.1032,0.02596,-0.26101,0.00311,0.37497,-0.01276,0.23106,0.2634,-0.22893,0.22367,0.02127,-0.18138,0.12751,-0.10683,-0.13589,0.01517,0.33312,-0.46128,-0.05347,-0.04125,-0.47252,-0.20024,0.0159,-0.87179,-0.17574,-0.12766,-1.02013,-0.26008,0.32426,-0.47066,0.09711,-0.06491,-0.48991,0.19708,-0.00932,-0.88263,0.11984,-0.16468,-1.03586,0.16579
5.76,0.36523,-0.38706,0.02855,0.4544,0.0491,0.04936,0.393,0.26793,0.06003,0.46898,-0.01395,-0.1476,0.40503,-0.2395,-0.21295,0.16354,-0.23384,-0.10441,0.02665,-0.267,0.0017,0.37532,-0.01285,0.23071,0.26056,-0.22725,0.22101,0.01605,-0.18642,0.12784,-0.11216,-0.14549,0.01389,0.33318,-0.46129,-0.05383,-0.04145,-0.47248,-0.19994,0.01567,-0.87176,-0.17554,-0.12812,-1.02002,-0.25963,0.32455,-0.47082,0.09676,-0.0645,-0.49002,0.19722,-0.00903,-0.88278,0.1201,-0.1643,-1.03601,0.16631
5.78,0.36541,-0.38716,0.02817,0.4548,0.04895,0.04899,0.39413,0.26797,0.06012,0.46925,-0.01408,-0.14798,0.40614,-0.24016,-0.21229,0.16366,-0.23786,-0.10585,0.02736,-0.27415,-0,0.37577,-0.01298,0.23037,0.25706,-0.22507,0.21795,0.01005,-0.19214,0.12832,-0.11799,-0.15669,0.01235,0.33321,-0.4613,-0.05423,-0.04176,-0.47243,-0.19948,0.01539,-0.87173,-0.17532,-0.12865,-1.01991,-0.25911,0.3249,-0.47102,0.09636,-0.064,-0.49017,0.19742,-0.00868,-0.88296,0.12037,-0.16388,-1.03619,0.16689
5.8,0.3656,-0.38728,0.02787,0.45512,0.04881,0.0486,0.39497,0.26796,0.05996,0.46955,-0.01427,-0.14836,0.40723,-0.24085,-0.21167,0.16403,-0.24108,-0.10686,0.02819,-0.27962,-0.00122,0.37607,-0.01306,0.22999,0.25487,-0.22364,0.21591,0.00637,-0.19712,0.1283,-0.12135,-0.16605,0.01074,0.3333,-0.46135,-0.05455,-0.04187,-0.47241,-0.19926,0.0152,-0.87171,-0.17515,-0.12905,-1.01982,-0.25871,0.32517,-0.47119,0.09605,-0.06361,-0.49028,0.19755,-0.00841,-0.88312,0.1206,-0.16354,-1.03633,0.16736
5.82,0.36578,-0.38749,0.02781,0.45513,0.04865,0.04817,0.39493,0.26781,0.05908,0.46996,-0.01466,-0.14868,0.40851,-0.2417,-0.2112,0.16521,-0.24189,-0.10661,0.02917,-0.27964,-0.00093,0.37576,-0.01302,0.22949,0.25637,-0.22471,0.21668,0.00845,-0.19943,0.12706,-0.11939,-0.16888,0.0095,0.33355,-0.46157,-0.05463,-0.04143,-0.47247,-0.19986,0.01528,-0.87179,-0.17513,-0.12904,-1.01984,-0.25869,0.32521,-0.47136,0.09596,-0.06359,-0.49034,0.19743,-0.00834,-0.88321,0.12069,-0.16345,-1.03643,0.1675
5.84,0.36598,-0.38773,0.02784,0.45508,0.04848,0.04773,0.39463,0.2676,0.05795,0.4704,-0.01513,-0.14899,0.40978,-0.24259,-0.21076,0.16659,-0.24186,-0.10592,0.03014,-0.27781,-0.00015,0.37532,-0.01294,0.22896,0.2592,-0.22657,0.21844,0.01258,-0.20091,0.12541,-0.11551,-0.1697,0.00829,0.33386,-0.46184,-0.05462,-0.04079,-0.47257,-0.2007,0.01546,-0.8719,-0.17515,-0.12888,-1.01988,-0.25878,0.32519,-0.47151,0.09596,-0.06366,-0.49038,0.19724,-0.00834,-0.88328,0.12073,-0.16345,-1.0365,0.16752
5.86,0.36616,-0.38795,0.02783,0.45508,0.04832,0.0473,0.39446,0.26742,0.05695,0.47079,-0.01555,-0.14931,0.41099,-0.24344,-0.21031,0.16782,-0.24223,-0.10543,0.03107,-0.2769,0.00038,0.375,-0.01288,0.22846,0.26143,-0.22796,0.21966,0.01579,-0.20278,0.12397,-0.11246,-0.17149,0.00704,0.33413,-0.46209,-0.05464,-0.04027,-0.47264,-0.20139,0.01558,-0.87199,-0.17514,-0.12881,-1.0199,-0.25881,0.3252,-0.47167,0.09593,-0.0637,-0.49042,0.19708,-0.00832,-0.88335,0.1208,-0.16342,-1.03658,0.16761
5.88,0.36636,-0.38819,0.02784,0.455,0.04816,0.04689,0.39425,0.26725,0.05591,0.4713,-0.01601,-0.14957,0.41241,-0.24434,-0.2098,0.16924,-0.24249,-0.10494,0.03209,-0.27569,0.00083,0.37443,-0.01281,0.22792,0.26368,-0.22944,0.22144,0.01937,-0.20458,0.12231,-0.10905,-0.17321,0.0056,0.33445,-0.46234,-0.05466,-0.03965,-0.47274,-0.20221,0.01573,-0.87209,-0.17514,-0.1287,-1.01994,-0.25886,0.32519,-0.47184,0.0959,-0.06374,-0.49047,0.19693,-0.00828,-0.88343,0.12087,-0.16337,-1.03668,0.16768
5.9,0.36654,-0.3884,0.02783,0.45509,0.04798,0.04642,0.39408,0.26702,0.05489,0.47159,-0.01643,-0.14994,0.41342,-0.24514,-0.2094,0.17034,-0.24273,-0.10434,0.03292,-0.27466,0.00147,0.37435,-0.01277,0.22744,0.26628,-0.23077,0.22235,0.02286,-0.20626,0.12097,-0.10569,-0.17457,0.00448,0.33469,-0.46258,-0.05467,-0.03917,-0.47281,-0.20281,0.01585,-0.87217,-0.17515,-0.12862,-1.01996,-0.2589,0.32521,-0.47198,0.09588,-0.06377,-0.49049,0.19676,-0.00827,-0.8835,0.12093,-0.16337,-1.03673,0.16774
5.92,0.36671,-0.38851,0.0278,0.45577,0.04779,0.04583,0.39414,0.26667,0.05403,0.47138,-0.01672,-0.15057,0.41339,-0.24568,-0.20925,0.17062,-0.24313,-0.10347,0.03329,-0.27452,0.00262,0.37573,-0.0128,0.22722,0.26959,-0.23171,0.22043,0.02547,-0.20776,0.12062,-0.10299,-0.17505,0.00431,0.3348,-0.46274,-0.05463,-0.0391,-0.47281,-0.20269,0.01589,-0.87219,-0.17512,-0.12862,-1.01994,-0.25887,0.32537,-0.47202,0.09593,-0.06367,-0.49045,0.19655,-0.00826,-0.88352,0.12101,-0.16344,-1.03667,0.16783
5.94,0.36687,-0.3886,0.02776,0.45663,0.04758,0.04518,0.39424,0.26625,0.05322,0.47097,-0.01698,-0.1513,0.41295,-0.24613,-0.20921,0.1706,-0.24355,-0.10249,0.0335,-0.27464,0.00399,0.37761,-0.01288,0.22706,0.27317,-0.2325,0.2176,0.02784,-0.20921,0.12065,-0.10055,-0.17523,0.00462,0.33484,-0.46289,-0.05458,-0.03918,-0.47281,-0.20234,0.01589,-0.8722,-0.17509,-0.12865,-1.01992,-0.25882,0.32558,-0.47204,0.096,-0.06354,-0.49039,0.19634,-0.00827,-0.88354,0.1211,-0.16355,-1.03659,0.16792
5.96,0.36703,-0.3887,0.02772,0.45738,0.04739,0.04455,0.39431,0.26586,0.0524,0.47062,-0.01725,-0.15199,0.41267,-0.24661,-0.20913,0.1707,-0.24396,-0.10156,0.03379,-0.27469,0.00526,0.37924,-0.01293,0.22685,0.27657,-0.23329,0.21525,0.03028,-0.21073,0.12057,-0.09813,-0.17572,0.00489,0.3349,-0.46304,-0.05453,-0.0392,-0.47281,-0.2021,0.0159,-0.87221,-0.17506,-0.12868,-1.0199,-0.25878,0.32577,-0.47207,0.09606,-0.06342,-0.49034,0.19617,-0.00827,-0.88356,0.12119,-0.16364,-1.03652,0.16801
5.98,0.36718,-0.38879,0.02771,0.45821,0.04718,0.04396,0.39438,0.26544,0.05158,0.47033,-0.01752,-0.15263,0.4125,-0.24711,-0.20896,0.17088,-0.24435,-0.1006,0.0341,-0.27462,0.00652,0.38094,-0.01299,0.22669,0.28024,-0.2341,0.21248,0.03299,-0.21205,0.12022,-0.09517,-0.17521,0.00483,0.33497,-0.46318,-0.05446,-0.03921,-0.47281,-0.20185,0.01593,-0.87221,-0.17502,-0.12868,-1.01988,-0.25874,0.32594,-0.47209,0.09615,-0.06335,-0.49029,0.19588,-0.00827,-0.88359,0.12128,-0.16374,-1.03645,0.16808
6,0.36735,-0.38889,0.02762,0.45892,0.04699,0.04326,0.39446,0.26507,0.05078,0.46988,-0.01777,-0.15338,0.41203,-0.24752,-0.20905,0.17084,-0.24478,-0.09973,0.03434,-0.27486,0.0078,0.38261,-0.01306,0.22643,0.28336,-0.23469,0.21029,0.0351,-0.21382,0.12049,-0.09343,-0.17661,0.00562,0.33502,-0.46333,-0.05446,-0.03927,-0.4728,-0.20156,0.01592,-0.87222,-0.175,-0.12874,-1.01986,-0.25869,0.32615,-0.47212,0.09617,-0.06317,-0.49024,0.19581,-0.00828,-0.8836,0.12136,-0.16383,-1.03637,0.16818
6.02,0.36754,-0.38904,0.0273,0.45923,0.04684,0.04221,0.3945,0.26483,0.05005,0.46893,-0.01798,-0.15447,0.41073,-0.24775,-0.20973,0.1702,-0.2455,-0.09895,0.03441,-0.27614,0.00931,0.38409,-0.01315,0.22588,0.2848,-0.23478,0.20998,0.0355,-0.21694,0.12244,-0.0951,-0.18389,0.00865,0.33501,-0.46352,-0.05466,-0.03949,-0.47279,-0.20123,0.01575,-0.87222,-0.17502,-0.12901,-1.01983,-0.25859,0.32638,-0.47218,0.09598,-0.06274,-0.49025,0.19637,-0.00835,-0.88359,0.12143,-0.16396,-1.03625,0.16841
6.04,0.36774,-0.38921,0.02689,0.45941,0.0467,0.04105,0.39455,0.26463,0.04932,0.46783,-0.01819,-0.15567,0.40913,-0.24788,-0.2107,0.16934,-0.24623,-0.09831,0.0344,-0.27767,0.01078,0.3855,-0.01325,0.22523,0.28566,-0.2347,0.2103,0.03535,-0.22047,0.12501,-0.09779,-0.19304,0.01267,0.33498,-0.46373,-0.05495,-0.03978,-0.47279,-0.20087,0.01554,-0.87224,-0.17506,-0.12934,-1.01981,-0.25848,0.32664,-0.47226,0.09572,-0.06222,-0.49029,0.19715,-0.00844,-0.88356,0.12148,-0.16409,-1.03612,0.16865
6.06,0.36793,-0.38936,0.02653,0.45965,0.04656,0.03996,0.3946,0.26443,0.04858,0.46682,-0.01839,-0.15679,0.4077,-0.24802,-0.21159,0.16861,-0.24683,-0.09771,0.03446,-0.27893,0.01215,0.38692,-0.01333,0.22463,0.2868,-0.2347,0.21032,0.03558,-0.22372,0.12727,-0.0997,-0.20106,0.01643,0.33496,-0.46392,-0.05519,-0.04004,-0.47278,-0.20051,0.01537,-0.87224,-0.17509,-0.12962,-1.01979,-0.25837,0.32688,-0.47232,0.0955,-0.06174,-0.4903,0.19781,-0.00852,-0.88354,0.12153,-0.16422,-1.036,0.16889
6.08,0.36816,-0.38954,0.02614,0.45989,0.0464,0.03878,0.39463,0.26418,0.04793,0.46569,-0.01862,-0.15799,0.40615,-0.2483,-0.21212,0.16785,-0.24795,-0.09659,0.03458,-0.28091,0.01409,0.38847,-0.01344,0.22397,0.28793,-0.23466,0.21036,0.03577,-0.22737,0.12977,-0.10185,-0.21008,0.02087,0.33497,-0.46414,-0.05545,-0.04026,-0.47277,-0.20019,0.01516,-0.87225,-0.1751,-0.12996,-1.01975,-0.25823,0.32716,-0.4724,0.09526,-0.06121,-0.49032,0.19854,-0.00861,-0.88352,0.12162,-0.16436,-1.03586,0.16918
6.1,0.36829,-0.38967,0.02581,0.46006,0.04628,0.03779,0.3947,0.26402,0.0471,0.46475,-0.01879,-0.15899,0.40472,-0.24827,-0.21346,0.16707,-0.24796,-0.0966,0.03451,-0.28145,0.01477,0.3897,-0.01351,0.22341,0.28893,-0.23466,0.21052,0.03606,-0.23028,0.13198,-0.10331,-0.21731,0.02472,0.33489,-0.4643,-0.05566,-0.04059,-0.47278,-0.19976,0.01498,-0.87227,-0.17513,-0.13023,-1.01975,-0.25814,0.32736,-0.47245,0.09507,-0.06079,-0.49035,0.1992,-0.0087,-0.88349,0.12166,-0.16448,-1.03574,0.16938
6.12,0.36817,-0.38964,0.02566,0.46013,0.04628,0.03735,0.3949,0.2641,0.04583,0.46431,-0.01883,-0.15943,0.40387,-0.24751,-0.21673,0.16656,-0.24508,-0.09921,0.03438,-0.27821,0.01272,0.39021,-0.01346,0.22315,0.2898,-0.23481,0.2108,0.03661,-0.23115,0.13327,-0.1031,-0.21964,0.02627,0.33462,-0.4643,-0.05573,-0.04113,-0.47282,-0.1991,0.0149,-0.87229,-0.17521,-0.1303,-1.0198,-0.25818,0.32737,-0.47239,0.09502,-0.06064,-0.49035,0.19966,-0.00873,-0.88341,0.12159,-0.1645,-1.03567,0.16932
6.14,0.36796,-0.38955,0.02559,0.46014,0.04632,0.03714,0.39515,0.26426,0.04438,0.46407,-0.0188,-0.15964,0.40315,-0.24634,-0.22084,0.16607,-0.24098,-0.10296,0.03408,-0.27342,0.0094,0.39039,-0.01336,0.22302,0.29055,-0.235,0.21122,0.0372,-0.23123,0.13422,-0.10233,-0.22012,0.02694,0.33428,-0.46423,-0.05572,-0.04177,-0.47287,-0.19833,0.01486,-0.8723,-0.17529,-0.13031,-1.01986,-0.25825,0.32731,-0.4723,0.09504,-0.06059,-0.49035,0.20004,-0.00874,-0.88332,0.12148,-0.16449,-1.03561,0.16918
6.16,0.36779,-0.3895,0.02551,0.46017,0.04634,0.03687,0.39537,0.26436,0.043,0.46378,-0.01881,-0.15991,0.40231,-0.2452,-0.22471,0.16552,-0.23723,-0.10639,0.03373,-0.26911,0.00636,0.39067,-0.01329,0.22286,0.2913,-0.23517,0.21165,0.03775,-0.2316,0.13528,-0.10177,-0.22123,0.02793,0.33397,-0.46421,-0.05573,-0.04236,-0.47293,-0.19757,0.01479,-0.87233,-0.17536,-0.13035,-1.01992,-0.2583,0.32729,-0.47225,0.09505,-0.0605,-0.49037,0.20046,-0.00876,-0.88325,0.1214,-0.16449,-1.03556,0.16909
6.18,0.3676,-0.38943,0.02535,0.4602,0.04637,0.03643,0.39556,0.26446,0.04169,0.4633,-0.01881,-0.16034,0.40177,-0.24438,-0.22787,0.16559,-0.23413,-0.10853,0.03452,-0.26569,0.00515,0.39114,-0.01321,0.2226,0.29225,-0.23533,0.21181,0.03836,-0.23229,0.13657,-0.1014,-0.22332,0.0294,0.33363,-0.46417,-0.05579,-0.04297,-0.47298,-0.19693,0.01471,-0.87235,-0.17546,-0.13041,-1.01998,-0.25836,0.32724,-0.47216,0.095,-0.06041,-0.49037,0.2009,-0.0088,-0.88316,0.1213,-0.16453,-1.03549,0.169
6.2,0.36744,-0.38938,0.02535,0.46023,0.04638,0.03638,0.39584,0.26458,0.04018,0.46328,-0.01882,-0.1604,0.40068,-0.24262,-0.23267,0.16459,-0.22929,-0.11344,0.03314,-0.26003,3e-05,0.39115,-0.01315,0.22256,0.29278,-0.23553,0.21252,0.0389,-0.23212,0.13725,-0.10049,-0.22296,0.02961,0.33336,-0.46413,-0.05574,-0.04354,-0.47303,-0.19604,0.01468,-0.87237,-0.17552,-0.13041,-1.02003,-0.25843,0.32723,-0.47212,0.09507,-0.06034,-0.49039,0.20126,-0.00878,-0.8831,0.1212,-0.16448,-1.03545,0.16885
6.22,0.36738,-0.38944,0.02581,0.4602,0.0463,0.03733,0.39634,0.26468,0.03818,0.46444,-0.01893,-0.15941,0.39854,-0.23825,-0.24179,0.16128,-0.21941,-0.12565,0.02662,-0.24772,-0.01536,0.38999,-0.01318,0.2231,0.29213,-0.23587,0.21492,0.03932,-0.22974,0.1363,-0.09791,-0.21601,0.0264,0.3333,-0.46414,-0.05532,-0.04408,-0.47311,-0.19432,0.01478,-0.87244,-0.17548,-0.13028,-1.02009,-0.25845,0.32731,-0.4723,0.09548,-0.06031,-0.49048,0.20148,-0.00855,-0.8831,0.12115,-0.16424,-1.03554,0.1686
6.24,0.36736,-0.38952,0.02642,0.46019,0.0462,0.03866,0.39701,0.26477,0.03602,0.46605,-0.01906,-0.15803,0.39642,-0.23233,-0.25236,0.15777,-0.2071,-0.14037,0.01901,-0.23212,-0.03445,0.3884,-0.01324,0.22384,0.29105,-0.23622,0.21784,0.03983,-0.22659,0.13462,-0.09448,-0.20677,0.02208,0.33333,-0.46415,-0.0548,-0.04457,-0.4732,-0.19239,0.01495,-0.87252,-0.17541,-0.13008,-1.02015,-0.25849,0.32743,-0.47252,0.09599,-0.0603,-0.49058,0.20162,-0.00825,-0.88313,0.1211,-0.16392,-1.03566,0.1683
6.26,0.36731,-0.38959,0.02695,0.46017,0.0461,0.03981,0.39771,0.26482,0.03397,0.46746,-0.01918,-0.15682,0.39491,-0.22632,-0.262,0.15531,-0.19514,-0.15359,0.01311,-0.21694,-0.0516,0.38701,-0.01329,0.22447,0.29016,-0.23653,0.22041,0.04044,-0.2239,0.13316,-0.09118,-0.19887,0.01849,0.33332,-0.46416,-0.05434,-0.04504,-0.4733,-0.19065,0.01508,-0.8726,-0.17537,-0.12991,-1.02021,-0.25853,0.32752,-0.47272,0.09645,-0.0603,-0.49068,0.20177,-0.00799,-0.88315,0.12104,-0.16364,-1.03577,0.16802
6.28,0.36729,-0.3897,0.02752,0.46013,0.04598,0.04098,0.39838,0.26478,0.0318,0.46887,-0.01935,-0.15557,0.3948,-0.22004,-0.27163,0.15484,-0.18208,-0.16622,0.00981,-0.20021,-0.06756,0.38557,-0.01336,0.2251,0.28914,-0.23681,0.22347,0.04127,-0.22106,0.13158,-0.08707,-0.1901,0.01467,0.33331,-0.46419,-0.05384,-0.04565,-0.47342,-0.18849,0.01519,-0.87268,-0.17531,-0.12979,-1.02026,-0.25854,0.32766,-0.47297,0.09694,-0.06023,-0.4908,0.20203,-0.0077,-0.88318,0.121,-0.16333,-1.03589,0.16774
6.3,0.36722,-0.38972,0.02804,0.46015,0.04592,0.04219,0.39931,0.26482,0.02989,0.47036,-0.01942,-0.15429,0.39362,-0.21259,-0.28091,0.15282,-0.16918,-0.17961,0.00421,-0.18361,-0.08577,0.38417,-0.01338,0.22574,0.28821,-0.23704,0.22561,0.042,-0.21846,0.12986,-0.08375,-0.18282,0.01147,0.33331,-0.46417,-0.0534,-0.04595,-0.47349,-0.18715,0.01534,-0.87273,-0.17527,-0.12958,-1.02031,-0.25861,0.3277,-0.47311,0.09738,-0.06031,-0.49087,0.20205,-0.00747,-0.88319,0.12095,-0.16309,-1.03599,0.16747
6.32,0.36702,-0.38949,0.02844,0.46037,0.04603,0.04342,0.40079,0.26514,0.02875,0.47201,-0.01927,-0.153,0.38888,-0.20273,-0.28962,0.14536,-0.15678,-0.19625,-0.00909,-0.16729,-0.11179,0.38291,-0.01322,0.22636,0.28772,-0.23721,0.2251,0.04211,-0.21652,0.12825,-0.08347,-0.17996,0.00997,0.33337,-0.46397,-0.05307,-0.04545,-0.47344,-0.18807,0.0156,-0.87268,-0.17525,-0.12909,-1.02036,-0.25882,0.32747,-0.47294,0.09769,-0.06075,-0.49081,0.20153,-0.00741,-0.88317,0.12091,-0.16298,-1.03606,0.16725
6.34,0.36678,-0.38919,0.02879,0.46066,0.04619,0.04467,0.40251,0.26552,0.02791,0.47372,-0.01905,-0.15168,0.38356,-0.19147,-0.29789,0.13671,-0.14338,-0.2149,-0.0239,-0.14921,-0.1423,0.38171,-0.01303,0.22699,0.28739,-0.23736,0.22367,0.042,-0.21483,0.12667,-0.08431,-0.17859,0.00906,0.33346,-0.46374,-0.0528,-0.04463,-0.47336,-0.18981,0.0159,-0.87262,-0.17525,-0.1285,-1.02043,-0.25907,0.32715,-0.47268,0.09795,-0.06133,-0.49073,0.20078,-0.00742,-0.88315,0.12088,-0.16294,-1.03615,0.16707
6.36,0.36657,-0.38892,0.02914,0.46093,0.04632,0.0459,0.40418,0.26585,0.02698,0.47537,-0.01886,-0.15037,0.37996,-0.18002,-0.30579,0.13047,-0.12856,-0.23343,-0.03506,-0.12887,-0.17261,0.38053,-0.01286,0.2276,0.28699,-0.23748,0.22268,0.04202,-0.21307,0.12508,-0.08463,-0.17652,0.00794,0.33356,-0.46352,-0.05252,-0.04393,-0.47329,-0.1912,0.01618,-0.87256,-0.17524,-0.12798,-1.02048,-0.2593,0.32688,-0.47246,0.09821,-0.06184,-0.49066,0.2001,-0.00739,-0.88313,0.12085,-0.16287,-1.03622,0.16688
6.38,0.36631,-0.38864,0.02959,0.46114,0.04646,0.04721,0.40584,0.26615,0.02598,0.47712,-0.01871,-0.14894,0.37829,-0.16767,-0.3141,0.12702,-0.11046,-0.2531,-0.04251,-0.10398,-0.20496,0.37915,-0.01263,0.22822,0.2867,-0.23767,0.22166,0.04207,-0.21117,0.12374,-0.08496,-0.17442,0.00709,0.33358,-0.46329,-0.05214,-0.04327,-0.4732,-0.1925,0.01645,-0.87247,-0.17523,-0.12743,-1.02051,-0.25955,0.32658,-0.47223,0.09857,-0.06237,-0.49059,0.19955,-0.00737,-0.8831,0.12084,-0.16279,-1.0363,0.16668
6.4,0.36613,-0.38836,0.0298,0.46146,0.0466,0.04835,0.40766,0.26647,0.02525,0.47863,-0.01846,-0.14774,0.37581,-0.15564,-0.32049,0.12261,-0.0948,-0.27231,-0.04977,-0.08173,-0.23751,0.3782,-0.0125,0.22877,0.28628,-0.2377,0.22049,0.04204,-0.20965,0.12203,-0.08555,-0.17279,0.00601,0.33374,-0.46307,-0.05201,-0.04245,-0.47314,-0.19416,0.01672,-0.87242,-0.17525,-0.12693,-1.02056,-0.25978,0.32631,-0.47198,0.09869,-0.0629,-0.49049,0.19867,-0.00737,-0.88309,0.12077,-0.16276,-1.03635,0.16649
6.42,0.36621,-0.38811,0.02939,0.4621,0.04667,0.04905,0.4099,0.26685,0.02516,0.47961,-0.018,-0.14714,0.3687,-0.14499,-0.32265,0.11215,-0.08813,-0.28982,-0.06201,-0.07013,-0.26875,0.37838,-0.01269,0.22918,0.28533,-0.23735,0.21917,0.0418,-0.20905,0.11906,-0.08661,-0.17203,0.00399,0.33427,-0.4629,-0.05252,-0.04115,-0.47317,-0.19665,0.01705,-0.87247,-0.17536,-0.12653,-1.02068,-0.25991,0.32615,-0.47173,0.09814,-0.06338,-0.49029,0.19687,-0.00741,-0.88314,0.12056,-0.16285,-1.03635,0.16633
6.44,0.36638,-0.38787,0.02875,0.46286,0.04673,0.04958,0.41225,0.26723,0.02534,0.48033,-0.01745,-0.14677,0.3601,-0.13442,-0.3231,0.10062,-0.08394,-0.3072,-0.07419,-0.06168,-0.30053,0.379,-0.01299,0.22953,0.28424,-0.23685,0.21774,0.04149,-0.20881,0.11569,-0.0878,-0.17172,0.00164,0.33493,-0.46275,-0.05327,-0.0397,-0.47323,-0.19944,0.01736,-0.87255,-0.1755,-0.1262,-1.02079,-0.26001,0.32602,-0.47147,0.09735,-0.06383,-0.49006,0.19475,-0.00747,-0.88321,0.12031,-0.16298,-1.03631,0.1662
6.46,0.36651,-0.38763,0.02821,0.46355,0.04679,0.05019,0.4145,0.26759,0.02545,0.4811,-0.01693,-0.14631,0.3531,-0.12313,-0.32399,0.09236,-0.0768,-0.32547,-0.08169,-0.04966,-0.33371,0.37946,-0.01326,0.22991,0.28328,-0.23641,0.21637,0.04126,-0.20839,0.11256,-0.08881,-0.17126,-0.00058,0.33553,-0.46259,-0.05391,-0.03833,-0.47328,-0.20202,0.01765,-0.87259,-0.17563,-0.12587,-1.02088,-0.26013,0.32589,-0.47121,0.09667,-0.06428,-0.48984,0.19282,-0.00753,-0.88325,0.12009,-0.1631,-1.03627,0.16606
6.48,0.36665,-0.38736,0.02767,0.46426,0.04687,0.05087,0.41695,0.26797,0.02545,0.48212,-0.01642,-0.14574,0.34674,-0.11024,-0.32491,0.08616,-0.06742,-0.34488,-0.08526,-0.03355,-0.36866,0.37971,-0.01349,0.23028,0.28212,-0.23591,0.21493,0.04096,-0.20788,0.10914,-0.09018,-0.17059,-0.0027,0.3362,-0.46241,-0.05457,-0.03677,-0.47333,-0.20489,0.01798,-0.87263,-0.17578,-0.12551,-1.02094,-0.26029,0.32575,-0.47095,0.09596,-0.06477,-0.4896,0.19068,-0.0076,-0.88329,0.11984,-0.16323,-1.03621,0.16589
6.5,0.36677,-0.38715,0.02707,0.46491,0.0469,0.05134,0.41893,0.26827,0.02576,0.48253,-0.01588,-0.14545,0.34057,-0.09917,-0.32473,0.08147,-0.05973,-0.36276,-0.0864,-0.02213,-0.40153,0.38045,-0.01383,0.23067,0.28131,-0.23545,0.21361,0.04083,-0.20758,0.10627,-0.09076,-0.17042,-0.00509,0.33671,-0.46228,-0.05524,-0.03559,-0.47337,-0.20721,0.01817,-0.87264,-0.17592,-0.1253,-1.02099,-0.26039,0.32561,-0.4707,0.09526,-0.06517,-0.48939,0.18888,-0.0077,-0.88333,0.11962,-0.1634,-1.03615,0.16577
6.52,0.36684,-0.38707,0.02632,0.46544,0.04683,0.0513,0.41973,0.26837,0.02678,0.48131,-0.01525,-0.14587,0.3333,-0.09398,-0.32229,0.07622,-0.05949,-0.37571,-0.08904,-0.02773,-0.42841,0.38251,-0.0145,0.23113,0.28148,-0.23513,0.21261,0.04111,-0.20775,0.10488,-0.08919,-0.17147,-0.00827,0.33676,-0.46229,-0.0559,-0.03548,-0.47336,-0.208,0.01806,-0.87261,-0.17602,-0.12539,-1.02107,-0.26033,0.32549,-0.47045,0.09459,-0.06533,-0.48929,0.18803,-0.00786,-0.88335,0.11946,-0.16357,-1.03611,0.16579
6.54,0.36689,-0.38705,0.02553,0.46593,0.04672,0.05104,0.42004,0.2684,0.02809,0.47949,-0.0146,-0.14653,0.32566,-0.09119,-0.31887,0.07094,-0.06322,-0.38573,-0.09169,-0.04171,-0.45042,0.38506,-0.01528,0.23159,0.282,-0.23487,0.21178,0.04154,-0.20811,0.10411,-0.08681,-0.173,-0.01161,0.33665,-0.46236,-0.05655,-0.03577,-0.47334,-0.20822,0.01783,-0.87257,-0.17609,-0.12561,-1.02115,-0.26019,0.32538,-0.47022,0.09396,-0.06539,-0.48923,0.18754,-0.00805,-0.88337,0.11934,-0.16375,-1.03608,0.16588
6.56,0.36696,-0.38701,0.02476,0.46643,0.04663,0.05084,0.42053,0.26844,0.02927,0.47797,-0.01398,-0.14708,0.31861,-0.08741,-0.31572,0.067,-0.06624,-0.39558,-0.09192,-0.05405,-0.47104,0.38736,-0.01599,0.23197,0.2824,-0.23456,0.21093,0.04192,-0.20836,0.10316,-0.08472,-0.1743,-0.01475,0.33661,-0.4624,-0.05721,-0.03587,-0.47332,-0.20872,0.01766,-0.87252,-0.17618,-0.12577,-1.02122,-0.2601,0.32528,-0.47,0.09332,-0.06548,-0.48914,0.1869,-0.00822,-0.88338,0.1192,-0.16391,-1.03603,0.16594
6.58,0.367,-0.38692,0.02394,0.46696,0.04656,0.05077,0.42129,0.26854,0.03044,0.47631,-0.01321,-0.14752,0.3107,-0.0825,-0.31185,0.06333,-0.06999,-0.40557,-0.08941,-0.06859,-0.49369,0.38984,-0.0168,0.23248,0.28259,-0.2341,0.20999,0.04219,-0.20844,0.1019,-0.08277,-0.17562,-0.01812,0.33657,-0.46241,-0.05791,-0.03602,-0.4733,-0.20917,0.01748,-0.87247,-0.17627,-0.12595,-1.02129,-0.25997,0.32514,-0.46971,0.09262,-0.06562,-0.48906,0.18618,-0.00841,-0.8834,0.11906,-0.16411,-1.03599,0.166
6.6,0.36708,-0.38696,0.02324,0.4674,0.04642,0.0504,0.42138,0.26847,0.03171,0.47479,-0.01276,-0.14815,0.30486,-0.08031,-0.30874,0.06093,-0.07531,-0.41174,-0.08849,-0.08458,-0.50493,0.39205,-0.01747,0.23266,0.28325,-0.23392,0.20934,0.04267,-0.20884,0.10151,-0.08029,-0.17706,-0.02084,0.33649,-0.46252,-0.05848,-0.03618,-0.47329,-0.20956,0.01728,-0.87245,-0.17634,-0.12614,-1.02138,-0.25987,0.32507,-0.46956,0.09206,-0.06565,-0.48899,0.18575,-0.00857,-0.88341,0.11897,-0.16425,-1.03595,0.1661
6.62,0.36725,-0.38735,0.02279,0.46761,0.04606,0.04918,0.4197,0.26792,0.03318,0.47378,-0.01317,-0.14939,0.3045,-0.08539,-0.30864,0.06056,-0.08246,-0.41168,-0.09509,-0.10026,-0.49264,0.39343,-0.01779,0.23194,0.28526,-0.23462,0.20926,0.04382,-0.21011,0.10326,-0.07622,-0.17842,-0.02198,0.33626,-0.4629,-0.05879,-0.03631,-0.47337,-0.21011,0.017,-0.8725,-0.17643,-0.12636,-1.02152,-0.25991,0.32517,-0.46977,0.09178,-0.06545,-0.48895,0.18596,-0.00864,-0.88338,0.11897,-0.16427,-1.03594,0.16622
6.64,0.36744,-0.38787,0.02247,0.46772,0.04563,0.04767,0.41737,0.26715,0.03474,0.47293,-0.01392,-0.15084,0.30624,-0.09308,-0.30952,0.06096,-0.0897,-0.40931,-0.10153,-0.11705,-0.47213,0.39448,-0.01796,0.23089,0.28771,-0.23561,0.20943,0.04517,-0.21173,0.10582,-0.07163,-0.17993,-0.02241,0.33598,-0.46339,-0.05896,-0.03647,-0.47347,-0.21061,0.01669,-0.87259,-0.1765,-0.1266,-1.02168,-0.25997,0.32533,-0.47012,0.09165,-0.06516,-0.48893,0.18645,-0.00869,-0.88333,0.11903,-0.16424,-1.03594,0.16636
6.66,0.36762,-0.38833,0.02212,0.46785,0.04524,0.0463,0.41541,0.26643,0.03625,0.47203,-0.01453,-0.15217,0.30721,-0.09938,-0.30987,0.06122,-0.09625,-0.40789,-0.10407,-0.13444,-0.45607,0.39561,-0.01817,0.22998,0.28989,-0.23643,0.20948,0.0464,-0.21323,0.10796,-0.06739,-0.1816,-0.023,0.33574,-0.46383,-0.05917,-0.03662,-0.47358,-0.21108,0.01641,-0.87268,-0.17657,-0.12682,-1.02184,-0.26001,0.32546,-0.4704,0.09148,-0.06491,-0.48892,0.18682,-0.00874,-0.8833,0.11907,-0.16424,-1.03595,0.16649
6.68,0.36781,-0.38882,0.02163,0.46806,0.0448,0.04488,0.41341,0.26557,0.03798,0.47098,-0.0151,-0.15357,0.30858,-0.10605,-0.31037,0.06263,-0.10399,-0.40854,-0.10234,-0.15666,-0.44183,0.39702,-0.01852,0.22906,0.29246,-0.23741,0.20943,0.04795,-0.21456,0.11031,-0.06202,-0.18239,-0.02374,0.33545,-0.46428,-0.0595,-0.03677,-0.47368,-0.21176,0.01609,-0.87275,-0.17665,-0.12707,-1.02202,-0.26003,0.3256,-0.4707,0.09118,-0.06463,-0.48888,0.18715,-0.00878,-0.88326,0.1191,-0.1642,-1.03594,0.16665
6.7,0.36799,-0.38926,0.02147,0.46807,0.04446,0.04349,0.41146,0.26481,0.03935,0.47026,-0.01582,-0.15485,0.31008,-0.11221,-0.31069,0.0627,-0.10838,-0.40514,-0.10078,-0.17127,-0.42554,0.39779,-0.01854,0.22807,0.29434,-0.23806,0.20962,0.04897,-0.21627,0.11242,-0.0586,-0.18499,-0.02377,0.33526,-0.46471,-0.05952,-0.0369,-0.47378,-0.21197,0.01586,-0.87285,-0.17668,-0.12725,-1.02215,-0.26007,0.32574,-0.47098,0.09119,-0.06438,-0.48888,0.18766,-0.00883,-0.88323,0.11919,-0.1642,-1.03594,0.16678
6.72,0.36817,-0.38953,0.02229,0.46761,0.04444,0.0423,0.40969,0.26446,0.0397,0.47045,-0.01689,-0.15572,0.3112,-0.11676,-0.31031,0.05893,-0.10436,-0.38991,-0.10707,-0.16285,-0.40095,0.39688,-0.01768,0.22701,0.29418,-0.23772,0.21059,0.04839,-0.21913,0.11377,-0.06112,-0.19305,-0.02197,0.33537,-0.46502,-0.05863,-0.03691,-0.4738,-0.21079,0.01593,-0.87295,-0.17653,-0.12727,-1.02206,-0.26013,0.32588,-0.47117,0.09208,-0.06421,-0.48896,0.18868,-0.00888,-0.88321,0.11949,-0.16432,-1.03592,0.16688
6.74,0.36834,-0.38972,0.02344,0.46697,0.04453,0.04116,0.40793,0.26427,0.03965,0.47095,-0.01808,-0.15644,0.31218,-0.12078,-0.30965,0.05514,-0.09793,-0.36913,-0.11428,-0.14686,-0.37043,0.39536,-0.01651,0.22589,0.29331,-0.237,0.21181,0.04729,-0.22229,0.11491,-0.06557,-0.20266,-0.01916,0.33559,-0.46528,-0.05744,-0.03688,-0.47378,-0.20915,0.01609,-0.87303,-0.17634,-0.12722,-1.02188,-0.2602,0.32601,-0.4713,0.09327,-0.06408,-0.48906,0.18989,-0.00894,-0.88319,0.11985,-0.16448,-1.03588,0.16696
6.76,0.3685,-0.38993,0.02441,0.4664,0.04457,0.04,0.40616,0.26398,0.03977,0.47129,-0.01918,-0.15721,0.31313,-0.12495,-0.30897,0.05338,-0.09327,-0.34967,-0.1176,-0.13538,-0.34021,0.39414,-0.01551,0.22479,0.29276,-0.23644,0.21288,0.04648,-0.22515,0.11619,-0.06886,-0.21104,-0.01646,0.33574,-0.46555,-0.05642,-0.03688,-0.47378,-0.20775,0.0162,-0.87311,-0.17618,-0.12721,-1.02174,-0.26027,0.32614,-0.47144,0.0943,-0.06394,-0.48914,0.19099,-0.009,-0.88316,0.12018,-0.16462,-1.03585,0.16705
6.78,0.36872,-0.39022,0.02551,0.46585,0.04453,0.03879,0.40429,0.26357,0.03991,0.47177,-0.02047,-0.15798,0.31476,-0.12955,-0.30859,0.05382,-0.08938,-0.32931,-0.11779,-0.12433,-0.30867,0.39282,-0.01449,0.22362,0.29214,-0.23586,0.21411,0.04561,-0.22854,0.11767,-0.07255,-0.22055,-0.01299,0.33596,-0.46589,-0.05526,-0.03683,-0.47379,-0.20621,0.01632,-0.87322,-0.17599,-0.12722,-1.02157,-0.26035,0.32629,-0.47165,0.09546,-0.06378,-0.48925,0.19217,-0.00906,-0.88315,0.12054,-0.16478,-1.03582,0.16714
6.8,0.36881,-0.39033,0.0264,0.46522,0.04463,0.03769,0.40261,0.26337,0.03989,0.47202,-0.02142,-0.1587,0.31498,-0.13309,-0.30737,0.05459,-0.08482,-0.30792,-0.11646,-0.11263,-0.2753,0.39155,-0.01349,0.22255,0.29148,-0.23521,0.21501,0.04479,-0.23086,0.1188,-0.07561,-0.22757,-0.01001,0.33607,-0.46606,-0.05432,-0.03689,-0.47376,-0.20488,0.01644,-0.87326,-0.17587,-0.12718,-1.02142,-0.26043,0.32638,-0.47172,0.0964,-0.06367,-0.48933,0.19322,-0.00912,-0.88311,0.12082,-0.1649,-1.03578,0.16721
6.82,0.36854,-0.38994,0.02665,0.46445,0.04516,0.03693,0.40145,0.26378,0.03953,0.47161,-0.02141,-0.15927,0.31133,-0.1337,-0.30396,0.05322,-0.07718,-0.28625,-0.11576,-0.09881,-0.24069,0.39057,-0.01255,0.22184,0.29085,-0.23446,0.21495,0.04412,-0.23008,0.11883,-0.07659,-0.2276,-0.0097,0.33583,-0.46574,-0.05403,-0.03728,-0.47366,-0.20419,0.01657,-0.87314,-0.1759,-0.12701,-1.02132,-0.26049,0.32627,-0.47136,0.09671,-0.06367,-0.48931,0.19389,-0.00915,-0.88298,0.12086,-0.16487,-1.03572,0.1672
6.84,0.36815,-0.38938,0.02667,0.46361,0.04583,0.03629,0.4005,0.26442,0.03903,0.47095,-0.02105,-0.1598,0.30634,-0.13316,-0.29968,0.05199,-0.06845,-0.26428,-0.11365,-0.08393,-0.20579,0.38968,-0.01165,0.22124,0.29024,-0.23368,0.21453,0.04351,-0.22828,0.11845,-0.07702,-0.22535,-0.01024,0.33548,-0.46524,-0.05396,-0.03778,-0.47354,-0.20373,0.0167,-0.87297,-0.17599,-0.12679,-1.02124,-0.26056,0.32611,-0.47087,0.09678,-0.0637,-0.48926,0.19442,-0.00915,-0.88282,0.12081,-0.16478,-1.03566,0.16715
6.86,0.36782,-0.38891,0.02678,0.46279,0.04643,0.03558,0.39945,0.26495,0.03859,0.47037,-0.02085,-0.16036,0.30206,-0.13305,-0.29569,0.05295,-0.06056,-0.2426,-0.10823,-0.06995,-0.17166,0.38876,-0.01075,0.22059,0.28964,-0.23294,0.21425,0.0429,-0.22706,0.11827,-0.07781,-0.22431,-0.01026,0.33519,-0.46483,-0.05381,-0.03822,-0.47342,-0.20318,0.01683,-0.87282,-0.17606,-0.1266,-1.02115,-0.26063,0.32598,-0.47046,0.09694,-0.0637,-0.48923,0.195,-0.00917,-0.88268,0.1208,-0.16472,-1.03561,0.16712
6.88,0.36747,-0.38837,0.02694,0.46202,0.04708,0.0349,0.3984,0.26551,0.03813,0.46997,-0.02064,-0.16088,0.29786,-0.1325,-0.29164,0.05581,-0.0514,-0.22117,-0.09924,-0.05489,-0.13723,0.38775,-0.00975,0.21992,0.2889,-0.23207,0.21406,0.0422,-0.2254,0.11802,-0.07819,-0.22258,-0.01081,0.33488,-0.46436,-0.0536,-0.03868,-0.47329,-0.20258,0.01697,-0.87265,-0.17612,-0.12638,-1.02105,-0.2607,0.32583,-0.46997,0.09716,-0.06374,-0.48917,0.19561,-0.0092,-0.88251,0.1208,-0.16466,-1.03553,0.16709
6.9,0.36713,-0.38793,0.02696,0.46112,0.04765,0.03422,0.39739,0.26605,0.03772,0.46912,-0.02037,-0.16145,0.29343,-0.13226,-0.28732,0.05909,-0.04491,-0.20022,-0.08969,-0.04263,-0.10558,0.38695,-0.00899,0.21935,0.28848,-0.23148,0.21363,0.04169,-0.2244,0.11783,-0.07927,-0.22174,-0.01046,0.33458,-0.46398,-0.05354,-0.03914,-0.47318,-0.20212,0.01709,-0.87249,-0.17621,-0.12622,-1.02096,-0.26076,0.32571,-0.4696,0.09723,-0.06372,-0.48915,0.19613,-0.0092,-0.88238,0.12076,-0.16459,-1.03548,0.16706
6.92,0.36685,-0.38782,0.02663,0.45987,0.04797,0.0335,0.3965,0.26647,0.03746,0.46714,-0.02001,-0.16221,0.28856,-0.13354,-0.28242,0.06107,-0.04563,-0.17922,-0.08384,-0.03717,-0.07907,0.38669,-0.00885,0.21896,0.28896,-0.23165,0.21257,0.0417,-0.22545,0.11793,-0.08248,-0.22399,-0.00727,0.33433,-0.46389,-0.05386,-0.03955,-0.47312,-0.20203,0.01715,-0.87238,-0.17634,-0.1262,-1.02089,-0.26075,0.32571,-0.46961,0.09693,-0.06356,-0.48923,0.19644,-0.00914,-0.8824,0.12065,-0.16447,-1.03552,0.16706
6.94,0.36659,-0.38781,0.02618,0.45852,0.04822,0.03281,0.39565,0.26685,0.03726,0.46472,-0.01959,-0.16301,0.28361,-0.13527,-0.27725,0.0631,-0.0489,-0.15873,-0.07883,-0.03425,-0.0551,0.38666,-0.00894,0.21868,0.28976,-0.23207,0.21131,0.04193,-0.22718,0.1181,-0.08621,-0.22725,-0.00305,0.33409,-0.4639,-0.05431,-0.03995,-0.47306,-0.20206,0.01719,-0.87227,-0.17648,-0.12622,-1.02081,-0.26073,0.32576,-0.46974,0.09649,-0.06335,-0.48934,0.19667,-0.00905,-0.88245,0.12051,-0.16433,-1.03558,0.16707
6.96,0.36633,-0.38776,0.02581,0.45722,0.04849,0.03213,0.39478,0.26724,0.03704,0.4625,-0.01922,-0.16375,0.27899,-0.13673,-0.27212,0.06669,-0.05105,-0.139,-0.07147,-0.03048,-0.03135,0.38654,-0.00893,0.21837,0.29041,-0.23236,0.21018,0.04208,-0.22861,0.11825,-0.08942,-0.23008,0.00076,0.33386,-0.46387,-0.05467,-0.04034,-0.47301,-0.20202,0.01723,-0.87217,-0.1766,-0.12623,-1.02074,-0.26071,0.32578,-0.46982,0.09613,-0.06315,-0.48944,0.19695,-0.00897,-0.88249,0.1204,-0.1642,-1.03563,0.16709
6.98,0.36603,-0.3877,0.02535,0.45586,0.04878,0.03138,0.39394,0.26766,0.03675,0.46024,-0.01883,-0.16456,0.27434,-0.13827,-0.26658,0.07243,-0.05276,-0.11808,-0.06136,-0.02527,-0.00653,0.38634,-0.0089,0.21798,0.29106,-0.23266,0.20883,0.0422,-0.22996,0.11829,-0.09289,-0.23298,0.00498,0.3336,-0.46383,-0.05513,-0.04078,-0.47295,-0.20204,0.01728,-0.87204,-0.17674,-0.12624,-1.02066,-0.26067,0.3258,-0.46991,0.09569,-0.06296,-0.48954,0.19719,-0.00888,-0.88253,0.12027,-0.16404,-1.03568,0.16712
7,0.36582,-0.38768,0.02505,0.45462,0.04901,0.03079,0.39306,0.26798,0.03662,0.45797,-0.01847,-0.1652,0.27021,-0.13965,-0.2616,0.0769,-0.05572,-0.10122,-0.05345,-0.02351,0.0131,0.38638,-0.00895,0.21778,0.29175,-0.23296,0.20787,0.04246,-0.23159,0.11853,-0.09554,-0.23607,0.00882,0.3334,-0.46382,-0.05542,-0.04112,-0.4729,-0.20195,0.01732,-0.87195,-0.17686,-0.12625,-1.02059,-0.26067,0.32585,-0.47,0.0954,-0.06275,-0.48965,0.1975,-0.0088,-0.88258,0.12016,-0.16395,-1.03572,0.16712
7.02,0.36586,-0.38779,0.02524,0.4537,0.0491,0.03065,0.392,0.26802,0.03695,0.4557,-0.01822,-0.16542,0.26718,-0.14079,-0.25851,0.07539,-0.06219,-0.09367,-0.05417,-0.03135,0.02192,0.38703,-0.00916,0.21811,0.29257,-0.23324,0.20818,0.04307,-0.234,0.1194,-0.09611,-0.23945,0.01125,0.33338,-0.4639,-0.05523,-0.04124,-0.47293,-0.20152,0.01736,-0.87198,-0.17691,-0.12623,-1.02056,-0.26078,0.32598,-0.47015,0.0956,-0.06253,-0.48984,0.19804,-0.00877,-0.88269,0.12015,-0.16404,-1.03573,0.16704
7.04,0.36599,-0.38794,0.0256,0.45291,0.04914,0.03069,0.39091,0.26796,0.03745,0.45344,-0.018,-0.16545,0.26451,-0.14179,-0.25607,0.07152,-0.06995,-0.08955,-0.05834,-0.04258,0.02657,0.38791,-0.00944,0.21863,0.29343,-0.23351,0.2089,0.04382,-0.23664,0.12047,-0.09598,-0.24291,0.01316,0.33342,-0.46401,-0.05488,-0.04127,-0.47297,-0.20098,0.0174,-0.87205,-0.17695,-0.12622,-1.02054,-0.26092,0.32614,-0.47032,0.09596,-0.06229,-0.49006,0.19867,-0.00876,-0.88281,0.12017,-0.16419,-1.03572,0.16694
7.06,0.36607,-0.38805,0.02588,0.45207,0.04921,0.03066,0.38987,0.26796,0.03787,0.45122,-0.01776,-0.16554,0.26169,-0.14274,-0.25324,0.06888,-0.0769,-0.08406,-0.06086,-0.05189,0.03273,0.38867,-0.00966,0.21906,0.29423,-0.23376,0.20938,0.0445,-0.23907,0.1214,-0.09615,-0.24624,0.01527,0.33343,-0.46409,-0.0546,-0.04135,-0.473,-0.2005,0.01744,-0.87209,-0.17699,-0.12621,-1.0205,-0.26106,0.32628,-0.47045,0.09624,-0.06207,-0.49025,0.19927,-0.00874,-0.88292,0.12017,-0.16432,-1.0357,0.16685
7.08,0.36617,-0.38822,0.02617,0.45116,0.04924,0.03057,0.38868,0.2679,0.03828,0.44878,-0.01757,-0.16566,0.25909,-0.1442,-0.25061,0.06713,-0.08503,-0.07804,-0.06196,-0.06304,0.04007,0.38953,-0.00994,0.21946,0.29517,-0.23408,0.21005,0.04533,-0.24187,0.12258,-0.09616,-0.2499,0.01763,0.33343,-0.46421,-0.05431,-0.04143,-0.47304,-0.19998,0.01748,-0.87215,-0.17703,-0.1262,-1.02047,-0.26119,0.32643,-0.47065,0.09653,-0.06184,-0.49046,0.19982,-0.00871,-0.88304,0.12019,-0.16445,-1.03569,0.16677
7.1,0.36627,-0.38828,0.02647,0.45044,0.04934,0.03065,0.38782,0.26794,0.03876,0.44681,-0.01731,-0.16562,0.2563,-0.1446,-0.2477,0.06366,-0.09111,-0.07403,-0.06596,-0.0713,0.04389,0.39026,-0.01012,0.21991,0.29585,-0.23423,0.2104,0.04595,-0.24394,0.12328,-0.09622,-0.25283,0.01933,0.33348,-0.46425,-0.05401,-0.04145,-0.47305,-0.19953,0.01753,-0.87218,-0.17708,-0.12617,-1.02043,-0.26134,0.32658,-0.47073,0.09683,-0.0616,-0.49065,0.20047,-0.0087,-0.88313,0.12018,-0.16458,-1.03567,0.16667
7.12,0.36638,-0.38798,0.02679,0.45024,0.0497,0.03116,0.38788,0.26837,0.03938,0.44616,-0.01678,-0.16517,0.25276,-0.14192,-0.2437,0.05524,-0.09074,-0.07489,-0.07828,-0.07007,0.03845,0.39058,-0.00998,0.22052,0.29585,-0.2339,0.20982,0.04598,-0.24385,0.12265,-0.09658,-0.25373,0.01932,0.33365,-0.46397,-0.05369,-0.04126,-0.47293,-0.19926,0.01763,-0.87209,-0.17713,-0.12604,-1.02029,-0.26153,0.32672,-0.47044,0.09715,-0.06126,-0.49077,0.20148,-0.00874,-0.88309,0.12014,-0.16466,-1.0356,0.16657
7.14,0.36648,-0.38757,0.02711,0.45022,0.05013,0.03182,0.38826,0.26891,0.04006,0.44597,-0.01616,-0.16456,0.24909,-0.1381,-0.23941,0.04541,-0.08829,-0.07765,-0.09288,-0.06604,0.02949,0.39075,-0.00975,0.22118,0.29556,-0.2334,0.20892,0.04576,-0.24301,0.12153,-0.09706,-0.25386,0.01865,0.33385,-0.4636,-0.05338,-0.04101,-0.47279,-0.19906,0.01774,-0.87198,-0.17718,-0.12589,-1.02013,-0.26173,0.32683,-0.47005,0.09746,-0.0609,-0.49088,0.20257,-0.00881,-0.88301,0.12008,-0.16475,-1.03552,0.16646
7.16,0.36658,-0.38721,0.02741,0.45011,0.05053,0.0324,0.3885,0.26941,0.04071,0.44556,-0.01558,-0.16404,0.24569,-0.13475,-0.2353,0.03695,-0.08704,-0.07946,-0.10521,-0.06387,0.02228,0.391,-0.00956,0.2218,0.29539,-0.23295,0.20815,0.04564,-0.24251,0.1206,-0.0975,-0.25426,0.01826,0.33403,-0.46327,-0.05308,-0.04079,-0.47265,-0.19884,0.01785,-0.87187,-0.17724,-0.12575,-1.01997,-0.26193,0.32696,-0.4697,0.09776,-0.06057,-0.49098,0.20355,-0.00886,-0.88294,0.12002,-0.16482,-1.03544,0.16635
7.18,0.36674,-0.38683,0.02777,0.45005,0.05095,0.03301,0.38875,0.26991,0.04134,0.44521,-0.01498,-0.16348,0.24214,-0.13103,-0.23075,0.02776,-0.08505,-0.08222,-0.1188,-0.06049,0.01273,0.39127,-0.00934,0.22246,0.29533,-0.2325,0.20742,0.04562,-0.24193,0.11974,-0.09782,-0.25479,0.01797,0.33427,-0.46293,-0.05272,-0.0405,-0.4725,-0.19859,0.01798,-0.87176,-0.1773,-0.12559,-1.0198,-0.26216,0.32713,-0.46933,0.09812,-0.06013,-0.49111,0.20478,-0.00893,-0.88286,0.11998,-0.16493,-1.03534,0.16627
7.2,0.36675,-0.38647,0.02802,0.44992,0.05133,0.03361,0.38903,0.27041,0.04204,0.44484,-0.0144,-0.16295,0.23914,-0.12766,-0.2269,0.02077,-0.08427,-0.08349,-0.12867,-0.05947,0.00679,0.39142,-0.00918,0.22307,0.29494,-0.232,0.20657,0.04532,-0.2413,0.11862,-0.09843,-0.25479,0.01737,0.33437,-0.4626,-0.05247,-0.04038,-0.47237,-0.1984,0.01805,-0.87165,-0.17735,-0.12548,-1.01967,-0.26232,0.32717,-0.46899,0.09836,-0.05992,-0.49117,0.20554,-0.009,-0.88278,0.11993,-0.16501,-1.03526,0.16617
7.22,0.36636,-0.38617,0.02797,0.4496,0.05161,0.03414,0.38941,0.27086,0.0429,0.44431,-0.01382,-0.16251,0.2373,-0.12542,-0.22516,0.01908,-0.08694,-0.08014,-0.12958,-0.06475,0.01209,0.39128,-0.00918,0.22357,0.29365,-0.23138,0.2055,0.04427,-0.24069,0.11687,-0.09984,-0.25344,0.01604,0.33408,-0.46231,-0.05255,-0.04072,-0.4723,-0.19832,0.018,-0.87155,-0.17736,-0.12545,-1.01965,-0.2623,0.3269,-0.46877,0.09828,-0.06033,-0.49103,0.20496,-0.00903,-0.8827,0.11985,-0.165,-1.03523,0.16605
7.24,0.36583,-0.38589,0.02781,0.44921,0.05185,0.03465,0.38979,0.2713,0.04382,0.44375,-0.01325,-0.16211,0.23595,-0.1237,-0.22415,0.01932,-0.09084,-0.0754,-0.12721,-0.07231,0.02094,0.39102,-0.00923,0.22402,0.29205,-0.2307,0.20433,0.04296,-0.24004,0.11489,-0.1015,-0.25163,0.01443,0.33366,-0.46204,-0.05275,-0.04122,-0.47225,-0.19829,0.01789,-0.87144,-0.17735,-0.12547,-1.01966,-0.26222,0.32651,-0.46859,0.09808,-0.06095,-0.4908,0.20393,-0.00906,-0.8826,0.11976,-0.16497,-1.03521,0.16592
7.26,0.36538,-0.38562,0.0277,0.44885,0.05209,0.03516,0.39014,0.27172,0.04472,0.44322,-0.01269,-0.16169,0.2345,-0.12196,-0.22275,0.01886,-0.09425,-0.07155,-0.1261,-0.07896,0.0277,0.39081,-0.00928,0.22448,0.29064,-0.23006,0.20323,0.04181,-0.23942,0.11306,-0.10297,-0.25014,0.01296,0.33331,-0.46178,-0.05289,-0.04163,-0.47219,-0.19825,0.01782,-0.87133,-0.17736,-0.12547,-1.01966,-0.26217,0.32618,-0.46841,0.09794,-0.06146,-0.49063,0.20313,-0.0091,-0.88252,0.11968,-0.16495,-1.03519,0.1658
7.28,0.36486,-0.38528,0.02757,0.44851,0.05239,0.03568,0.39064,0.27222,0.04556,0.44266,-0.01206,-0.16127,0.23263,-0.11925,-0.22151,0.0179,-0.09741,-0.06805,-0.12545,-0.08545,0.03395,0.39062,-0.00928,0.22496,0.28907,-0.22926,0.20204,0.04056,-0.23857,0.111,-0.10469,-0.24821,0.01146,0.33291,-0.46146,-0.05305,-0.04211,-0.47213,-0.1982,0.01773,-0.87121,-0.17737,-0.12547,-1.01966,-0.26213,0.3258,-0.46817,0.09777,-0.06204,-0.49042,0.20221,-0.00914,-0.88241,0.11959,-0.16494,-1.03516,0.16566
7.3,0.36445,-0.38509,0.02746,0.44811,0.05256,0.03617,0.39083,0.27253,0.04653,0.44214,-0.01159,-0.16087,0.23177,-0.11866,-0.22013,0.01855,-0.10146,-0.06401,-0.12275,-0.09305,0.04116,0.39035,-0.00938,0.2254,0.28777,-0.22874,0.20103,0.03949,-0.23813,0.10935,-0.10592,-0.24709,0.01,0.33259,-0.46127,-0.0532,-0.0425,-0.47208,-0.19817,0.01765,-0.87112,-0.17735,-0.12549,-1.01967,-0.26206,0.3255,-0.46806,0.09762,-0.06251,-0.49025,0.20143,-0.00917,-0.88234,0.11953,-0.16492,-1.03515,0.16557
7.32,0.36434,-0.38533,0.02739,0.44754,0.0524,0.03654,0.3901,0.27228,0.04788,0.44168,-0.01157,-0.16057,0.23372,-0.12414,-0.21811,0.02336,-0.10781,-0.05806,-0.11486,-0.10302,0.05134,0.3898,-0.00979,0.22569,0.2872,-0.22903,0.20045,0.03892,-0.23893,0.10884,-0.10593,-0.24836,0.00871,0.33248,-0.46147,-0.0533,-0.04265,-0.4721,-0.19818,0.01757,-0.87113,-0.17731,-0.12557,-1.0197,-0.26195,0.3254,-0.46833,0.09752,-0.06267,-0.49026,0.20117,-0.00918,-0.88238,0.11953,-0.1649,-1.03522,0.16558
7.34,0.36436,-0.38573,0.02734,0.44694,0.05211,0.03688,0.38906,0.27181,0.04935,0.44127,-0.01172,-0.16029,0.2369,-0.13159,-0.21595,0.02988,-0.11449,-0.05169,-0.10467,-0.11315,0.0623,0.38918,-0.01031,0.22595,0.28692,-0.22963,0.20004,0.03856,-0.24019,0.10875,-0.10541,-0.25044,0.00742,0.33247,-0.46183,-0.05338,-0.04268,-0.47215,-0.1982,0.01752,-0.87118,-0.17724,-0.12566,-1.01974,-0.26182,0.32539,-0.46875,0.09743,-0.0627,-0.49033,0.20107,-0.00917,-0.88247,0.11956,-0.16485,-1.03533,0.16563
7.36,0.36433,-0.38605,0.02729,0.44636,0.05189,0.03723,0.38819,0.27144,0.05074,0.44085,-0.01178,-0.15998,0.23973,-0.13777,-0.21393,0.03576,-0.1203,-0.04594,-0.09515,-0.12216,0.0722,0.38861,-0.01077,0.22623,0.28653,-0.23009,0.19959,0.03813,-0.24124,0.10846,-0.10504,-0.25212,0.00608,0.33243,-0.46211,-0.05347,-0.04276,-0.47218,-0.19822,0.01746,-0.8712,-0.17718,-0.12575,-1.01977,-0.26171,0.32534,-0.46909,0.09735,-0.06279,-0.49036,0.20088,-0.00916,-0.88254,0.11959,-0.16482,-1.03542,0.16567
7.38,0.36425,-0.38639,0.02721,0.44571,0.05164,0.03757,0.38723,0.27105,0.05225,0.44034,-0.01186,-0.15971,0.24315,-0.14478,-0.21147,0.04231,-0.12651,-0.03984,-0.08455,-0.13107,0.08258,0.38798,-0.01125,0.22649,0.28606,-0.23054,0.19902,0.03759,-0.24232,0.10815,-0.10495,-0.25387,0.00496,0.33233,-0.46241,-0.05357,-0.04291,-0.47222,-0.19822,0.01738,-0.87122,-0.17711,-0.12585,-1.01981,-0.26157,0.32526,-0.46946,0.09724,-0.06291,-0.4904,0.20072,-0.00917,-0.8826,0.1196,-0.16479,-1.03551,0.1657
7.4,0.36431,-0.38672,0.0272,0.44521,0.05141,0.03794,0.38637,0.27065,0.05353,0.44004,-0.01195,-0.15938,0.24621,-0.15021,-0.20983,0.04819,-0.13085,-0.03506,-0.07497,-0.13833,0.09094,0.38745,-0.01171,0.22678,0.28584,-0.23107,0.19873,0.03735,-0.24342,0.10798,-0.10409,-0.25561,0.00337,0.33238,-0.46269,-0.05362,-0.04287,-0.47225,-0.19826,0.01735,-0.87126,-0.17705,-0.12591,-1.01984,-0.26147,0.32528,-0.46981,0.09718,-0.06293,-0.49044,0.20056,-0.00914,-0.88268,0.11965,-0.16475,-1.0356,0.16576
7.42,0.36474,-0.38702,0.02736,0.44515,0.05119,0.03844,0.38582,0.27029,0.05415,0.44032,-0.01207,-0.15893,0.24737,-0.1511,-0.21063,0.05166,-0.13115,-0.03334,-0.06958,-0.1434,0.09413,0.38719,-0.01208,0.22716,0.28624,-0.23176,0.1992,0.0379,-0.2446,0.10812,-0.10122,-0.25745,0.00053,0.33283,-0.46292,-0.05354,-0.04232,-0.47231,-0.19843,0.01744,-0.87137,-0.17702,-0.12591,-1.01985,-0.26147,0.3256,-0.47013,0.09725,-0.0627,-0.49049,0.20034,-0.00902,-0.88281,0.11977,-0.16469,-1.03568,0.16587
7.44,0.3653,-0.38731,0.02758,0.44524,0.05098,0.03896,0.38537,0.26995,0.05453,0.4408,-0.01221,-0.15844,0.2479,-0.1505,-0.21226,0.05429,-0.13009,-0.03273,-0.06612,-0.14775,0.0949,0.38704,-0.01243,0.22757,0.28688,-0.23251,0.19995,0.03875,-0.24576,0.10838,-0.09752,-0.25931,-0.00273,0.33342,-0.46313,-0.05341,-0.0416,-0.47237,-0.19866,0.01756,-0.87151,-0.177,-0.12589,-1.01986,-0.26151,0.32602,-0.47043,0.09737,-0.06239,-0.49054,0.2001,-0.00888,-0.88296,0.11991,-0.16461,-1.03577,0.166
7.46,0.36579,-0.38759,0.02778,0.44526,0.05078,0.03948,0.3849,0.26961,0.05502,0.44118,-0.01232,-0.15795,0.24875,-0.15062,-0.21343,0.0573,-0.12966,-0.03166,-0.06235,-0.15232,0.09588,0.38685,-0.01278,0.22797,0.28741,-0.23322,0.20057,0.03946,-0.24686,0.10856,-0.0941,-0.26108,-0.00572,0.33393,-0.46333,-0.05329,-0.04097,-0.47242,-0.19885,0.01767,-0.87163,-0.17697,-0.12586,-1.01987,-0.26153,0.32638,-0.47073,0.09748,-0.06213,-0.49058,0.19988,-0.00875,-0.88309,0.12005,-0.16454,-1.03585,0.16612
7.48,0.36635,-0.38793,0.02797,0.44527,0.05053,0.03999,0.38434,0.2692,0.05548,0.4416,-0.0125,-0.15748,0.24958,-0.15057,-0.2149,0.06077,-0.12947,-0.03041,-0.05919,-0.15759,0.09575,0.38662,-0.01318,0.22835,0.28799,-0.23401,0.20123,0.0402,-0.24827,0.10886,-0.09047,-0.2637,-0.00855,0.33451,-0.46359,-0.05319,-0.04027,-0.47249,-0.19907,0.0178,-0.87177,-0.17696,-0.12585,-1.01988,-0.26156,0.3268,-0.47109,0.09757,-0.06181,-0.49065,0.19964,-0.0086,-0.88325,0.12019,-0.16446,-1.03594,0.16625
7.5,0.36679,-0.38814,0.02818,0.44534,0.05037,0.04051,0.38398,0.26894,0.05594,0.44198,-0.01256,-0.15699,0.25032,-0.15048,-0.21596,0.06319,-0.12864,-0.02985,-0.05657,-0.16107,0.09546,0.38649,-0.01347,0.22877,0.2885,-0.23461,0.20186,0.04095,-0.24902,0.10891,-0.08683,-0.26473,-0.01161,0.33498,-0.46373,-0.05305,-0.03968,-0.47252,-0.19926,0.0179,-0.87186,-0.17693,-0.12581,-1.01988,-0.26159,0.32713,-0.47131,0.0977,-0.06159,-0.49066,0.19942,-0.00849,-0.88335,0.1203,-0.1644,-1.036,0.16635
7.52,0.36684,-0.38801,0.02841,0.44549,0.05048,0.0411,0.38413,0.26905,0.05641,0.44218,-0.0123,-0.15645,0.25092,-0.15069,-0.21562,0.06283,-0.12599,-0.03084,-0.05321,-0.15988,0.09755,0.38656,-0.01349,0.22929,0.28877,-0.23472,0.20234,0.04161,-0.24797,0.10815,-0.08347,-0.26088,-0.01549,0.33506,-0.4636,-0.05283,-0.03945,-0.47247,-0.19942,0.01789,-0.87183,-0.17689,-0.12574,-1.01987,-0.26164,0.32713,-0.47118,0.09791,-0.0617,-0.49054,0.19919,-0.00854,-0.88328,0.12035,-0.16442,-1.03597,0.1663
7.54,0.36676,-0.38775,0.02864,0.44568,0.05068,0.04169,0.38448,0.2693,0.05687,0.44232,-0.01194,-0.15591,0.25143,-0.15091,-0.21488,0.06141,-0.12277,-0.03258,-0.04944,-0.15624,0.10043,0.38671,-0.01341,0.22983,0.28895,-0.23464,0.20278,0.04228,-0.24628,0.10712,-0.08016,-0.25518,-0.01949,0.33501,-0.46336,-0.05259,-0.03934,-0.47238,-0.19957,0.01785,-0.87175,-0.17686,-0.12565,-1.01985,-0.26171,0.32703,-0.4709,0.09815,-0.06191,-0.49036,0.19898,-0.00865,-0.88313,0.12035,-0.16447,-1.03591,0.1662
7.56,0.36673,-0.38755,0.02886,0.44584,0.05083,0.04227,0.38472,0.26949,0.05732,0.44248,-0.01163,-0.15539,0.25195,-0.1511,-0.21438,0.06046,-0.12,-0.03411,-0.04563,-0.15296,0.10284,0.38683,-0.01338,0.23035,0.28915,-0.23464,0.20323,0.04294,-0.24487,0.10623,-0.07676,-0.25024,-0.02316,0.33501,-0.46317,-0.05238,-0.0392,-0.47231,-0.1997,0.01782,-0.87169,-0.17683,-0.12558,-1.01984,-0.26177,0.32697,-0.47069,0.09836,-0.06208,-0.49021,0.19876,-0.00873,-0.88301,0.12036,-0.16452,-1.03586,0.16612
7.58,0.36672,-0.38732,0.02912,0.44601,0.05102,0.04292,0.385,0.26971,0.05783,0.44269,-0.01127,-0.15479,0.25253,-0.1513,-0.21365,0.05961,-0.11651,-0.0356,-0.04072,-0.14712,0.10616,0.38692,-0.01333,0.23092,0.2894,-0.23464,0.20369,0.04371,-0.24346,0.10525,-0.07305,-0.24459,-0.0269,0.33504,-0.46295,-0.05212,-0.03899,-0.47222,-0.19991,0.01781,-0.87163,-0.17678,-0.12549,-1.01982,-0.26183,0.32693,-0.47045,0.09862,-0.06224,-0.49004,0.19852,-0.00881,-0.88288,0.12041,-0.16455,-1.0358,0.16606
7.6,0.36666,-0.38713,0.02931,0.4462,0.05115,0.04342,0.38528,0.26988,0.05822,0.44279,-0.01099,-0.15433,0.25304,-0.15152,-0.21329,0.05843,-0.11451,-0.03753,-0.03733,-0.14344,0.1077,0.38711,-0.0133,0.23139,0.28956,-0.2346,0.20414,0.04434,-0.24194,0.10441,-0.06981,-0.23963,-0.02999,0.33499,-0.46276,-0.05193,-0.03894,-0.47216,-0.19995,0.01777,-0.87157,-0.17676,-0.12542,-1.01981,-0.26189,0.32684,-0.47025,0.0988,-0.06242,-0.48991,0.19835,-0.0089,-0.88277,0.12039,-0.1646,-1.03577,0.16596
7.62,0.3665,-0.3871,0.02937,0.44643,0.05111,0.04356,0.38556,0.26985,0.05834,0.44263,-0.01093,-0.15422,0.25322,-0.15163,-0.21389,0.05631,-0.11667,-0.04029,-0.0387,-0.14987,0.10451,0.38762,-0.01339,0.2316,0.28942,-0.23444,0.20467,0.04452,-0.24013,0.10403,-0.06758,-0.2373,-0.03207,0.33473,-0.46269,-0.05187,-0.03935,-0.47219,-0.19951,0.01771,-0.87158,-0.1768,-0.12541,-1.01989,-0.26195,0.32663,-0.47019,0.09887,-0.06262,-0.48994,0.19843,-0.009,-0.88276,0.12028,-0.16464,-1.03584,0.16578
7.64,0.3663,-0.38711,0.02937,0.44667,0.05102,0.04356,0.38585,0.26977,0.05833,0.44236,-0.01093,-0.15423,0.25338,-0.15179,-0.21488,0.054,-0.1203,-0.04344,-0.0417,-0.15953,0.09939,0.38823,-0.0135,0.23171,0.2892,-0.23424,0.20519,0.04458,-0.23825,0.10383,-0.06591,-0.23597,-0.0336,0.33439,-0.46265,-0.05186,-0.03992,-0.47224,-0.1989,0.01763,-0.8716,-0.17686,-0.12543,-1.01997,-0.262,0.32638,-0.47017,0.09888,-0.06283,-0.49002,0.19858,-0.00912,-0.88276,0.12013,-0.16469,-1.03592,0.16557
7.66,0.36612,-0.38711,0.02939,0.44689,0.05094,0.04362,0.38611,0.26971,0.05837,0.44213,-0.01091,-0.15419,0.25364,-0.15204,-0.21575,0.05205,-0.12328,-0.04643,-0.04377,-0.16719,0.09495,0.38877,-0.01362,0.23186,0.28907,-0.23409,0.20571,0.04475,-0.23654,0.10356,-0.06418,-0.23435,-0.0351,0.33409,-0.4626,-0.05184,-0.04042,-0.47229,-0.19838,0.01755,-0.87162,-0.17692,-0.12545,-1.02004,-0.26205,0.32616,-0.47015,0.0989,-0.06302,-0.49008,0.19871,-0.00923,-0.88276,0.12,-0.16475,-1.036,0.16538
7.68,0.3659,-0.3871,0.02943,0.44716,0.05086,0.04368,0.38644,0.26965,0.05848,0.44191,-0.0109,-0.15415,0.25346,-0.15179,-0.21635,0.04927,-0.12616,-0.04968,-0.04595,-0.17708,0.08974,0.38936,-0.01372,0.23201,0.28872,-0.23381,0.20627,0.04478,-0.23433,0.10319,-0.06146,-0.23246,-0.03754,0.33374,-0.46254,-0.0518,-0.04097,-0.47235,-0.1978,0.01747,-0.87164,-0.17697,-0.12543,-1.02016,-0.26212,0.32587,-0.4701,0.09895,-0.0633,-0.49015,0.19879,-0.00936,-0.88276,0.11984,-0.1648,-1.0361,0.16514
7.7,0.36577,-0.38712,0.02941,0.44734,0.05078,0.0437,0.38663,0.26958,0.05838,0.44165,-0.01088,-0.15415,0.25423,-0.15258,-0.21763,0.04834,-0.12961,-0.05266,-0.04796,-0.18321,0.085,0.3899,-0.01385,0.23212,0.28883,-0.23378,0.20674,0.04513,-0.23316,0.10308,-0.06083,-0.23153,-0.03787,0.33349,-0.46251,-0.05182,-0.04141,-0.47238,-0.19731,0.0174,-0.87165,-0.17703,-0.12549,-1.02019,-0.26217,0.32573,-0.47011,0.09893,-0.06338,-0.49021,0.19899,-0.00945,-0.88276,0.11973,-0.16485,-1.03615,0.16499
7.72,0.36591,-0.38723,0.02918,0.44733,0.0507,0.04356,0.38644,0.26947,0.05775,0.44128,-0.01086,-0.15431,0.25762,-0.15616,-0.22054,0.05269,-0.13421,-0.05424,-0.04947,-0.17751,0.08282,0.39028,-0.01406,0.23205,0.29018,-0.23446,0.2068,0.04634,-0.23488,0.1035,-0.06619,-0.23282,-0.03226,0.33355,-0.46258,-0.05205,-0.0415,-0.47233,-0.19718,0.01736,-0.87161,-0.17715,-0.12573,-1.02001,-0.26219,0.32608,-0.47032,0.0987,-0.06287,-0.49028,0.19939,-0.0094,-0.8828,0.11968,-0.16491,-1.03605,0.16505
7.74,0.36614,-0.38738,0.02888,0.44725,0.0506,0.04337,0.3861,0.26935,0.05688,0.44087,-0.01084,-0.15453,0.26212,-0.16062,-0.22414,0.059,-0.13917,-0.05557,-0.05075,-0.16841,0.07933,0.3906,-0.01432,0.23193,0.29199,-0.23539,0.20676,0.04786,-0.23765,0.10417,-0.07314,-0.2353,-0.02409,0.33371,-0.46269,-0.05236,-0.04149,-0.47226,-0.19714,0.01732,-0.87155,-0.17728,-0.12604,-1.01976,-0.2622,0.32658,-0.4706,0.0984,-0.06217,-0.49036,0.1999,-0.00932,-0.88286,0.11967,-0.16498,-1.03591,0.1652
7.76,0.36632,-0.38751,0.02862,0.44719,0.05051,0.04323,0.38582,0.26924,0.05607,0.44048,-0.01081,-0.15469,0.26634,-0.16445,-0.22751,0.06453,-0.14377,-0.05728,-0.05187,-0.16197,0.07394,0.39093,-0.01456,0.23185,0.2936,-0.23621,0.20683,0.04926,-0.23993,0.10477,-0.07858,-0.23759,-0.01669,0.3338,-0.46278,-0.05263,-0.04154,-0.47221,-0.19703,0.01727,-0.87151,-0.17739,-0.12633,-1.01954,-0.2622,0.327,-0.47084,0.09814,-0.06157,-0.49044,0.20037,-0.00925,-0.88291,0.11965,-0.16505,-1.03579,0.16531
7.78,0.36652,-0.38765,0.02834,0.44715,0.05042,0.043,0.38555,0.2691,0.0555,0.44007,-0.01082,-0.15494,0.27045,-0.16816,-0.23044,0.07063,-0.14807,-0.05781,-0.05313,-0.15431,0.06765,0.39131,-0.01478,0.23171,0.29522,-0.23698,0.20664,0.05066,-0.24222,0.10518,-0.08459,-0.24016,-0.00796,0.33393,-0.46287,-0.05292,-0.04154,-0.47214,-0.197,0.01724,-0.87145,-0.17752,-0.12662,-1.0193,-0.26222,0.32746,-0.47111,0.09786,-0.06092,-0.49051,0.20082,-0.00919,-0.88296,0.11964,-0.16513,-1.03565,0.16544
7.8,0.36671,-0.38779,0.02809,0.44706,0.05032,0.04294,0.38524,0.269,0.05439,0.4397,-0.01077,-0.15503,0.27539,-0.1718,-0.23442,0.07641,-0.15248,-0.06073,-0.05351,-0.15042,0.05849,0.39159,-0.01506,0.2317,0.29692,-0.2379,0.20694,0.05218,-0.24473,0.10602,-0.08853,-0.24316,-0.00026,0.33403,-0.46297,-0.05317,-0.0416,-0.4721,-0.19683,0.01717,-0.87142,-0.1776,-0.12692,-1.01911,-0.26219,0.32788,-0.47136,0.09761,-0.06031,-0.49061,0.20133,-0.00911,-0.88302,0.11963,-0.16517,-1.03554,0.16557
7.82,0.36685,-0.3879,0.02793,0.44684,0.05026,0.04339,0.38488,0.26903,0.05184,0.43934,-0.01053,-0.15467,0.28246,-0.17542,-0.2409,0.08101,-0.1577,-0.06991,-0.05134,-0.15572,0.0466,0.39161,-0.01546,0.23209,0.2988,-0.23921,0.20856,0.05396,-0.24765,0.10799,-0.0875,-0.24631,0.0027,0.33399,-0.46303,-0.05331,-0.04192,-0.47214,-0.19623,0.01696,-0.87147,-0.17752,-0.12724,-1.01911,-0.262,0.32812,-0.47149,0.09748,-0.05985,-0.49079,0.20201,-0.00898,-0.88311,0.11965,-0.16509,-1.03554,0.16571
7.84,0.36699,-0.38803,0.02781,0.4466,0.05017,0.04401,0.38454,0.26902,0.04878,0.43904,-0.01027,-0.15415,0.29048,-0.17848,-0.24831,0.08548,-0.16274,-0.0814,-0.04807,-0.16342,0.03376,0.39153,-0.01594,0.23263,0.30074,-0.24068,0.21068,0.05586,-0.25077,0.11037,-0.08486,-0.24954,0.0041,0.33394,-0.4631,-0.0534,-0.04229,-0.47223,-0.19549,0.01673,-0.87158,-0.17738,-0.12756,-1.01918,-0.26177,0.32832,-0.47162,0.09739,-0.05943,-0.49102,0.20273,-0.00883,-0.88323,0.11969,-0.16497,-1.0356,0.16585
7.86,0.36714,-0.38816,0.0277,0.44641,0.05007,0.04456,0.38422,0.26894,0.04601,0.43879,-0.01005,-0.15369,0.29827,-0.18086,-0.25523,0.09036,-0.16707,-0.09178,-0.04496,-0.16917,0.02128,0.39149,-0.01638,0.2331,0.30263,-0.24202,0.21262,0.05772,-0.25375,0.11256,-0.08303,-0.25269,0.00632,0.33391,-0.46318,-0.05349,-0.04261,-0.47231,-0.19482,0.01652,-0.87166,-0.17725,-0.12786,-1.01922,-0.26155,0.32855,-0.47176,0.09731,-0.05898,-0.49122,0.20343,-0.00869,-0.88333,0.11974,-0.16486,-1.03563,0.16601
7.88,0.36728,-0.38825,0.02751,0.44609,0.05004,0.04512,0.38387,0.26889,0.04302,0.43825,-0.00971,-0.15324,0.30689,-0.1835,-0.26173,0.09651,-0.17196,-0.10129,-0.03997,-0.17624,0.0103,0.39153,-0.01685,0.23361,0.3048,-0.24343,0.21436,0.05981,-0.25685,0.1147,-0.08065,-0.2559,0.00808,0.33384,-0.46321,-0.05364,-0.04301,-0.47237,-0.19408,0.01626,-0.87172,-0.17712,-0.12823,-1.01926,-0.2613,0.32878,-0.47186,0.09716,-0.05849,-0.49143,0.2042,-0.00855,-0.88342,0.11975,-0.16475,-1.03566,0.16615
7.9,0.36742,-0.38842,0.02748,0.44602,0.04988,0.0457,0.38364,0.26863,0.04037,0.43833,-0.00961,-0.15275,0.31442,-0.18391,-0.26895,0.10091,-0.17442,-0.11257,-0.03736,-0.18018,-0.00326,0.39137,-0.01727,0.23407,0.30642,-0.24467,0.21659,0.06151,-0.25965,0.11695,-0.0789,-0.2589,0.01027,0.33383,-0.46333,-0.05366,-0.04326,-0.47246,-0.19346,0.0161,-0.87182,-0.17701,-0.12846,-1.01932,-0.26113,0.32897,-0.47204,0.09715,-0.05813,-0.49162,0.20481,-0.00841,-0.88353,0.11983,-0.16465,-1.0357,0.16631
7.92,0.36758,-0.38885,0.02789,0.44662,0.04937,0.04627,0.38373,0.2679,0.03868,0.44007,-0.01026,-0.15217,0.31905,-0.17965,-0.27824,0.10052,-0.1711,-0.12889,-0.04169,-0.1754,-0.0247,0.39072,-0.01758,0.23435,0.30647,-0.24547,0.22029,0.06207,-0.26171,0.11961,-0.0794,-0.26146,0.01432,0.33399,-0.46368,-0.05333,-0.04308,-0.47261,-0.19318,0.01621,-0.872,-0.17695,-0.12833,-1.01944,-0.26119,0.32905,-0.4725,0.09747,-0.05809,-0.49176,0.20504,-0.00827,-0.88367,0.1201,-0.16455,-1.03582,0.16652
7.94,0.36774,-0.38935,0.02845,0.44745,0.04874,0.04686,0.38397,0.26703,0.03732,0.44243,-0.01116,-0.15155,0.323,-0.1735,-0.28798,0.09888,-0.1651,-0.14716,-0.04772,-0.16673,-0.04916,0.38989,-0.01783,0.23456,0.30591,-0.24603,0.22442,0.06217,-0.26339,0.12234,-0.08058,-0.26373,0.01881,0.33423,-0.4641,-0.05287,-0.04274,-0.47279,-0.19303,0.01643,-0.87219,-0.17692,-0.12806,-1.01958,-0.26135,0.3291,-0.47305,0.09792,-0.05817,-0.49188,0.2051,-0.00813,-0.88381,0.12044,-0.16446,-1.03595,0.16674
7.96,0.3679,-0.38979,0.02892,0.44819,0.04819,0.04742,0.38422,0.26624,0.03583,0.44452,-0.01193,-0.15095,0.32781,-0.1678,-0.29694,0.09872,-0.15938,-0.16436,-0.05163,-0.15852,-0.0722,0.38914,-0.01807,0.23477,0.30561,-0.24656,0.2282,0.06246,-0.26509,0.12491,-0.08139,-0.26596,0.02291,0.33444,-0.46447,-0.05249,-0.04246,-0.47295,-0.19285,0.01661,-0.87238,-0.17689,-0.12784,-1.01972,-0.26147,0.32916,-0.47352,0.09829,-0.0582,-0.492,0.20521,-0.00799,-0.88395,0.12073,-0.16436,-1.03607,0.16693
7.98,0.36809,-0.39037,0.02946,0.44893,0.04751,0.04804,0.38438,0.26525,0.03418,0.44661,-0.01284,-0.15028,0.33422,-0.16219,-0.30615,0.10039,-0.1533,-0.18215,-0.05338,-0.14955,-0.0959,0.38842,-0.01845,0.23504,0.30522,-0.24715,0.23267,0.06278,-0.26701,0.12798,-0.08232,-0.26851,0.02777,0.33464,-0.46494,-0.05205,-0.0422,-0.47315,-0.19256,0.01679,-0.8726,-0.17684,-0.12762,-1.01988,-0.26159,0.32925,-0.47415,0.09871,-0.05819,-0.49217,0.20543,-0.00782,-0.88413,0.12107,-0.16424,-1.03623,0.16718
8,0.3682,-0.39067,0.02991,0.44969,0.04708,0.04857,0.38482,0.26461,0.03292,0.44881,-0.01351,-0.14969,0.33878,-0.15551,-0.31389,0.1004,-0.14573,-0.19894,-0.05663,-0.13883,-0.11899,0.3876,-0.01852,0.23517,0.30474,-0.24735,0.23583,0.06285,-0.2682,0.13005,-0.08316,-0.27019,0.03119,0.33486,-0.4652,-0.05168,-0.04187,-0.47327,-0.19252,0.01698,-0.87274,-0.1768,-0.12738,-1.01998,-0.26171,0.32926,-0.47448,0.09907,-0.0583,-0.49222,0.20539,-0.00772,-0.88422,0.12134,-0.16417,-1.03631,0.16734
8.02,0.36813,-0.39016,0.03012,0.45049,0.04743,0.04886,0.38598,0.26502,0.03268,0.45129,-0.01347,-0.14931,0.33766,-0.14638,-0.31859,0.09482,-0.13487,-0.21357,-0.06549,-0.12404,-0.14089,0.38654,-0.01774,0.23498,0.30428,-0.24679,0.23531,0.06246,-0.2676,0.12938,-0.08374,-0.2695,0.03079,0.33513,-0.46485,-0.05147,-0.0413,-0.47317,-0.19309,0.0172,-0.87266,-0.17676,-0.12706,-1.01993,-0.26178,0.32914,-0.47395,0.09928,-0.05865,-0.49197,0.20469,-0.00775,-0.88408,0.12137,-0.16421,-1.03619,0.16728
8.04,0.36798,-0.38937,0.03023,0.4513,0.04803,0.04905,0.38738,0.2658,0.03283,0.45384,-0.01319,-0.149,0.33492,-0.13609,-0.32217,0.0878,-0.12208,-0.22802,-0.07557,-0.10688,-0.16337,0.38539,-0.01666,0.23466,0.30381,-0.24595,0.23347,0.06188,-0.2664,0.12771,-0.08418,-0.26811,0.02892,0.3354,-0.46427,-0.05133,-0.04065,-0.47297,-0.19392,0.01742,-0.87249,-0.17671,-0.12672,-1.01981,-0.26184,0.32896,-0.47312,0.09941,-0.05912,-0.4916,0.20372,-0.00785,-0.88385,0.12131,-0.16431,-1.03599,0.16714
8.06,0.36787,-0.38873,0.03035,0.45211,0.04849,0.04928,0.38866,0.26638,0.0328,0.45631,-0.01304,-0.14865,0.33396,-0.12612,-0.32606,0.08297,-0.1091,-0.2433,-0.08295,-0.08937,-0.18691,0.38434,-0.01575,0.23437,0.30335,-0.24525,0.23224,0.0614,-0.26554,0.1265,-0.08458,-0.26723,0.02759,0.33566,-0.46381,-0.05119,-0.04004,-0.47282,-0.19467,0.01764,-0.87236,-0.17668,-0.12639,-1.01973,-0.26191,0.32879,-0.47245,0.09955,-0.05953,-0.49129,0.20286,-0.00792,-0.88367,0.12128,-0.16438,-1.03583,0.16702
8.08,0.36776,-0.388,0.03061,0.45294,0.04904,0.04959,0.38997,0.26704,0.03284,0.45901,-0.01288,-0.14817,0.33421,-0.11504,-0.33043,0.07984,-0.09343,-0.25999,-0.08777,-0.06695,-0.21199,0.38311,-0.01469,0.23409,0.30298,-0.24447,0.23103,0.06097,-0.26452,0.12539,-0.08534,-0.26581,0.02695,0.33597,-0.46329,-0.05091,-0.03939,-0.47265,-0.19527,0.01789,-0.87222,-0.1766,-0.12603,-1.01961,-0.26197,0.32867,-0.4717,0.09982,-0.05992,-0.49095,0.20204,-0.00797,-0.88346,0.12131,-0.16445,-1.03564,0.16693
8.1,0.36762,-0.3874,0.03057,0.4537,0.04945,0.04973,0.39124,0.26759,0.03287,0.46123,-0.01272,-0.1479,0.33373,-0.10543,-0.33332,0.07661,-0.08027,-0.27513,-0.09273,-0.05014,-0.2362,0.38222,-0.01388,0.23373,0.30249,-0.24379,0.22951,0.06046,-0.26378,0.12389,-0.08526,-0.26549,0.02459,0.33618,-0.46286,-0.05093,-0.03881,-0.47251,-0.19622,0.01806,-0.87209,-0.17661,-0.12575,-1.01955,-0.26205,0.32844,-0.47105,0.09979,-0.06038,-0.49065,0.20108,-0.00809,-0.88329,0.12121,-0.16456,-1.0355,0.16677
8.12,0.36738,-0.38719,0.02971,0.45426,0.04948,0.04941,0.3924,0.26781,0.03273,0.4621,-0.01254,-0.14826,0.3295,-0.10004,-0.33263,0.07004,-0.07621,-0.28526,-0.10247,-0.05216,-0.25772,0.38225,-0.01386,0.2332,0.30153,-0.24339,0.22742,0.05969,-0.26387,0.12147,-0.08287,-0.26864,0.01778,0.33608,-0.46271,-0.05178,-0.0385,-0.47247,-0.19812,0.01801,-0.87202,-0.17684,-0.12569,-1.01966,-0.26216,0.32791,-0.47071,0.09892,-0.06102,-0.49044,0.19973,-0.00842,-0.88322,0.12075,-0.16479,-1.03549,0.16644
8.14,0.36711,-0.38713,0.02857,0.45474,0.04936,0.04891,0.39349,0.26789,0.03258,0.46247,-0.01238,-0.14884,0.32382,-0.09613,-0.33049,0.06245,-0.0753,-0.29329,-0.11262,-0.06076,-0.27797,0.38262,-0.01413,0.23262,0.30044,-0.24309,0.22507,0.05886,-0.26423,0.11866,-0.07948,-0.27348,0.00969,0.33588,-0.46267,-0.05293,-0.03827,-0.47247,-0.20035,0.01786,-0.87197,-0.17713,-0.12572,-1.01982,-0.26226,0.32728,-0.4705,0.09776,-0.06172,-0.49027,0.19828,-0.00882,-0.88319,0.12018,-0.16507,-1.03553,0.16607
8.16,0.36686,-0.38702,0.02757,0.45524,0.04929,0.04849,0.39454,0.268,0.03247,0.46303,-0.01224,-0.14933,0.3191,-0.09143,-0.32889,0.05631,-0.07238,-0.30223,-0.11986,-0.06531,-0.2989,0.38284,-0.01428,0.23206,0.29946,-0.24274,0.22285,0.05812,-0.26447,0.11602,-0.07635,-0.27813,0.00275,0.33573,-0.4626,-0.05393,-0.03801,-0.47247,-0.20239,0.01774,-0.8719,-0.17739,-0.12574,-1.01996,-0.26236,0.32671,-0.47024,0.09675,-0.06238,-0.4901,0.19693,-0.00919,-0.88314,0.11968,-0.16533,-1.03555,0.16574
8.18,0.36656,-0.38684,0.0265,0.45574,0.04927,0.04812,0.39582,0.26821,0.0323,0.46368,-0.01201,-0.14977,0.31409,-0.08528,-0.3272,0.05024,-0.06837,-0.31197,-0.12575,-0.06887,-0.32318,0.38299,-0.01441,0.23151,0.29827,-0.2423,0.22054,0.05718,-0.2646,0.11326,-0.07318,-0.28376,-0.00394,0.33557,-0.46247,-0.05501,-0.03772,-0.47244,-0.2046,0.01763,-0.87181,-0.17769,-0.12574,-1.02006,-0.26249,0.32608,-0.46993,0.09565,-0.06313,-0.48986,0.19535,-0.0096,-0.88306,0.1191,-0.16562,-1.03553,0.16533
8.2,0.36637,-0.38684,0.02552,0.45622,0.04912,0.04761,0.39661,0.26817,0.03225,0.46405,-0.01196,-0.15034,0.30977,-0.08185,-0.32511,0.04546,-0.06627,-0.31949,-0.1294,-0.07398,-0.34101,0.38338,-0.01466,0.23093,0.29752,-0.24204,0.21838,0.05669,-0.26497,0.11064,-0.06956,-0.28901,-0.01011,0.33541,-0.4625,-0.05598,-0.03749,-0.47246,-0.20652,0.01747,-0.87177,-0.1779,-0.12581,-1.0202,-0.26254,0.32556,-0.46977,0.09467,-0.06369,-0.48975,0.19422,-0.00994,-0.88305,0.11866,-0.16585,-1.03558,0.16508
8.22,0.3665,-0.38729,0.02482,0.45665,0.04861,0.04676,0.39608,0.26748,0.03256,0.46378,-0.0124,-0.15125,0.30738,-0.08625,-0.32246,0.04303,-0.07039,-0.32175,-0.13144,-0.0852,-0.34272,0.38439,-0.01519,0.2303,0.29801,-0.2423,0.21663,0.05746,-0.26598,0.10843,-0.06494,-0.29177,-0.01587,0.33532,-0.46295,-0.05659,-0.03741,-0.4726,-0.20761,0.01724,-0.87187,-0.17786,-0.12602,-1.02044,-0.26231,0.32536,-0.46998,0.09406,-0.06367,-0.48995,0.19443,-0.01004,-0.88321,0.11861,-0.16585,-1.03576,0.16529
8.24,0.36673,-0.3879,0.02424,0.45704,0.04799,0.04576,0.39506,0.26655,0.03301,0.46323,-0.01302,-0.15227,0.30581,-0.09367,-0.31944,0.04149,-0.07755,-0.32192,-0.13228,-0.10142,-0.34016,0.38564,-0.0158,0.22964,0.29891,-0.24273,0.21506,0.05864,-0.26719,0.10642,-0.05988,-0.29349,-0.02148,0.33523,-0.46355,-0.05705,-0.03739,-0.47278,-0.20836,0.01696,-0.87202,-0.17771,-0.12629,-1.0207,-0.26198,0.32527,-0.47032,0.09361,-0.06347,-0.49024,0.1951,-0.01008,-0.88343,0.1187,-0.16579,-1.03598,0.16568
8.26,0.36693,-0.38844,0.02362,0.45744,0.04742,0.04481,0.39428,0.26571,0.03338,0.46281,-0.01357,-0.15326,0.3042,-0.09978,-0.31648,0.03991,-0.08419,-0.32289,-0.1321,-0.11805,-0.34199,0.38678,-0.01637,0.22897,0.29962,-0.24307,0.21345,0.05962,-0.26824,0.10438,-0.05486,-0.29556,-0.02695,0.33515,-0.46408,-0.05757,-0.03733,-0.47295,-0.20924,0.01671,-0.87216,-0.17761,-0.12653,-1.02095,-0.2617,0.32516,-0.47061,0.09309,-0.06335,-0.49048,0.19552,-0.01013,-0.88361,0.11873,-0.16576,-1.03618,0.16598
8.28,0.36709,-0.389,0.02291,0.45787,0.04681,0.04392,0.39352,0.26483,0.03386,0.46238,-0.01409,-0.1542,0.30278,-0.10594,-0.31333,0.03862,-0.09159,-0.32534,-0.13014,-0.13671,-0.34954,0.38796,-0.01703,0.22835,0.30033,-0.24346,0.21165,0.06064,-0.26947,0.10207,-0.04963,-0.29794,-0.03256,0.33502,-0.46463,-0.05818,-0.0373,-0.47312,-0.21024,0.01642,-0.87228,-0.17749,-0.1268,-1.02121,-0.26137,0.32498,-0.4709,0.0925,-0.0632,-0.49075,0.19614,-0.01021,-0.8838,0.11877,-0.16572,-1.03638,0.16634
8.3,0.36734,-0.38954,0.02242,0.45823,0.04628,0.04285,0.39263,0.26398,0.03417,0.46189,-0.01471,-0.15525,0.30185,-0.11268,-0.31024,0.03774,-0.09955,-0.32462,-0.12746,-0.15553,-0.35055,0.38911,-0.01748,0.22761,0.30112,-0.24373,0.21029,0.06166,-0.27032,0.10035,-0.04452,-0.2992,-0.03745,0.33499,-0.46516,-0.05856,-0.03723,-0.47329,-0.21089,0.0162,-0.87243,-0.17738,-0.12702,-1.02144,-0.2611,0.32494,-0.4712,0.09212,-0.06306,-0.49094,0.19648,-0.01025,-0.88397,0.11885,-0.1657,-1.03655,0.16664
8.32,0.36779,-0.38999,0.02249,0.45837,0.04597,0.04132,0.39135,0.26328,0.03395,0.46125,-0.01558,-0.15663,0.30191,-0.12053,-0.30771,0.03756,-0.10705,-0.31601,-0.12636,-0.171,-0.32775,0.39008,-0.01734,0.22655,0.3021,-0.24366,0.21009,0.06264,-0.27022,0.10017,-0.03977,-0.29768,-0.04075,0.33524,-0.46563,-0.0584,-0.03701,-0.47347,-0.21068,0.01616,-0.87264,-0.1773,-0.12713,-1.02158,-0.26105,0.32519,-0.47146,0.09229,-0.06304,-0.49091,0.19583,-0.01021,-0.88409,0.11898,-0.16575,-1.0366,0.16667
8.34,0.36831,-0.39039,0.02278,0.45843,0.04574,0.03962,0.38995,0.26265,0.03357,0.46056,-0.01653,-0.15811,0.30242,-0.12872,-0.3052,0.03802,-0.1137,-0.30444,-0.12445,-0.18157,-0.29469,0.39099,-0.01696,0.22536,0.30313,-0.24343,0.21033,0.06357,-0.26972,0.10056,-0.03528,-0.29486,-0.0433,0.33558,-0.46604,-0.05802,-0.03676,-0.47362,-0.2101,0.01618,-0.87287,-0.17723,-0.1272,-1.02166,-0.26107,0.32555,-0.47169,0.09268,-0.06304,-0.4908,0.1949,-0.01015,-0.88417,0.11913,-0.16583,-1.0366,0.16663
8.36,0.36879,-0.3908,0.02297,0.45851,0.04548,0.03799,0.38868,0.26198,0.03326,0.45989,-0.01744,-0.15954,0.30293,-0.13648,-0.30245,0.03875,-0.1198,-0.29442,-0.12063,-0.1895,-0.26546,0.39191,-0.01668,0.22422,0.30409,-0.24323,0.21036,0.06446,-0.26933,0.10068,-0.0308,-0.29232,-0.04593,0.33587,-0.46647,-0.05774,-0.03654,-0.47378,-0.20966,0.01618,-0.87309,-0.17716,-0.12729,-1.02177,-0.26106,0.32587,-0.47193,0.09297,-0.06302,-0.49073,0.19416,-0.01009,-0.88427,0.11927,-0.16589,-1.03662,0.16662
8.38,0.36932,-0.39128,0.02315,0.45862,0.04515,0.03636,0.38725,0.26117,0.03302,0.45921,-0.01842,-0.16097,0.30465,-0.14501,-0.29997,0.04082,-0.12703,-0.28584,-0.11375,-0.19602,-0.23637,0.39291,-0.01648,0.22307,0.30531,-0.24319,0.21041,0.06565,-0.26927,0.10078,-0.02541,-0.28974,-0.04884,0.33621,-0.46696,-0.05748,-0.03622,-0.47397,-0.20936,0.01617,-0.87334,-0.17706,-0.12739,-1.02189,-0.26103,0.3262,-0.47222,0.09324,-0.06302,-0.49065,0.1932,-0.01001,-0.8844,0.11943,-0.16594,-1.03666,0.16664
8.4,0.36976,-0.39161,0.02341,0.45867,0.04495,0.0347,0.38619,0.26062,0.03264,0.45855,-0.01932,-0.1624,0.30473,-0.15178,-0.29666,0.04168,-0.13053,-0.27462,-0.10774,-0.19429,-0.20602,0.39374,-0.01607,0.22189,0.306,-0.24279,0.2105,0.06623,-0.26844,0.10104,-0.0219,-0.28647,-0.05064,0.33646,-0.46731,-0.05711,-0.0361,-0.47411,-0.20868,0.01619,-0.87354,-0.17701,-0.12744,-1.02198,-0.26105,0.32652,-0.47239,0.09361,-0.06296,-0.49058,0.19261,-0.00997,-0.88446,0.11957,-0.16602,-1.03666,0.1666
8.42,0.36999,-0.39151,0.02393,0.45858,0.04517,0.03308,0.38611,0.26085,0.03198,0.45806,-0.01998,-0.16373,0.29944,-0.15381,-0.29088,0.03859,-0.12448,-0.25587,-0.10677,-0.17933,-0.17243,0.39413,-0.01507,0.22069,0.30517,-0.24139,0.21073,0.06507,-0.26552,0.10164,-0.02344,-0.28199,-0.04999,0.3365,-0.4673,-0.05644,-0.03648,-0.47411,-0.20695,0.01635,-0.87361,-0.17703,-0.12733,-1.02193,-0.26121,0.32681,-0.47217,0.09431,-0.06268,-0.4905,0.19322,-0.01001,-0.88433,0.11965,-0.16614,-1.0365,0.16649
8.44,0.37013,-0.39126,0.02453,0.45842,0.04552,0.03146,0.3864,0.26135,0.03118,0.45759,-0.02056,-0.16504,0.2924,-0.15379,-0.28417,0.03529,-0.1145,-0.23433,-0.10553,-0.15919,-0.13806,0.39436,-0.01388,0.21947,0.30383,-0.23963,0.211,0.06333,-0.26184,0.10237,-0.02686,-0.27708,-0.0484,0.33646,-0.46715,-0.05566,-0.03706,-0.47407,-0.20486,0.01653,-0.87362,-0.17709,-0.12718,-1.02182,-0.26141,0.3271,-0.47182,0.09512,-0.06233,-0.49043,0.19422,-0.01008,-0.88413,0.11972,-0.16628,-1.0363,0.16635
8.46,0.37029,-0.39108,0.02507,0.45828,0.04579,0.02986,0.38654,0.26172,0.03044,0.45707,-0.02117,-0.16634,0.28649,-0.15426,-0.27779,0.03399,-0.10558,-0.21449,-0.10071,-0.14014,-0.10605,0.39467,-0.01282,0.21827,0.30275,-0.23806,0.21122,0.06191,-0.25852,0.103,-0.02943,-0.27242,-0.0472,0.33644,-0.46706,-0.05496,-0.03755,-0.47405,-0.20296,0.01667,-0.87364,-0.17713,-0.12708,-1.02173,-0.26159,0.32738,-0.47154,0.09585,-0.06202,-0.49036,0.195,-0.01013,-0.88397,0.11979,-0.16641,-1.03612,0.16622
8.48,0.37053,-0.39091,0.02571,0.45813,0.04605,0.02818,0.38656,0.26203,0.02969,0.45666,-0.02188,-0.16768,0.28056,-0.15457,-0.2707,0.03383,-0.09575,-0.19457,-0.09233,-0.11895,-0.07355,0.39489,-0.01167,0.21699,0.30152,-0.23636,0.21154,0.06039,-0.25507,0.10366,-0.03166,-0.26741,-0.04625,0.33649,-0.46699,-0.05414,-0.03798,-0.47403,-0.20093,0.01685,-0.87367,-0.17719,-0.12695,-1.02162,-0.26181,0.32771,-0.47124,0.09668,-0.06166,-0.4903,0.19592,-0.01018,-0.88381,0.11987,-0.16655,-1.03594,0.16607
8.5,0.3706,-0.39068,0.02616,0.45797,0.04634,0.02667,0.38693,0.26248,0.02894,0.45603,-0.02237,-0.16892,0.2749,-0.15388,-0.26446,0.03506,-0.0857,-0.17525,-0.08391,-0.09948,-0.04581,0.39524,-0.01067,0.21586,0.30052,-0.23481,0.21165,0.05904,-0.25171,0.10424,-0.03485,-0.26303,-0.0446,0.33639,-0.46686,-0.05353,-0.03856,-0.47398,-0.19908,0.01695,-0.87364,-0.17723,-0.12689,-1.02149,-0.26195,0.32795,-0.47094,0.09732,-0.06138,-0.49021,0.19666,-0.01023,-0.88363,0.11993,-0.16665,-1.03575,0.16597
8.52,0.37023,-0.39033,0.02601,0.45784,0.04664,0.02553,0.38825,0.26326,0.02814,0.45488,-0.02231,-0.16996,0.26984,-0.15147,-0.26112,0.03794,-0.07662,-0.15743,-0.08102,-0.08662,-0.02763,0.39603,-0.01009,0.21511,0.30023,-0.23379,0.21112,0.05825,-0.24868,0.10457,-0.0404,-0.2603,-0.04114,0.33588,-0.46657,-0.05356,-0.03953,-0.47389,-0.19789,0.01684,-0.87349,-0.17726,-0.12702,-1.02139,-0.26186,0.32797,-0.47066,0.09732,-0.06135,-0.49006,0.19669,-0.01022,-0.88347,0.11993,-0.16664,-1.03559,0.16599
8.54,0.36971,-0.38993,0.02566,0.45771,0.04696,0.02455,0.38993,0.26415,0.02734,0.45352,-0.02204,-0.1709,0.26499,-0.14841,-0.25876,0.04206,-0.06854,-0.14022,-0.07919,-0.07509,-0.01234,0.39697,-0.00967,0.2145,0.30021,-0.23294,0.21038,0.05766,-0.24579,0.10486,-0.04673,-0.25798,-0.03675,0.33524,-0.46623,-0.0538,-0.04063,-0.47378,-0.19692,0.01668,-0.8733,-0.17728,-0.1272,-1.02128,-0.2617,0.32792,-0.47038,0.09711,-0.06139,-0.48987,0.19652,-0.01019,-0.88331,0.11992,-0.16658,-1.03543,0.16606
8.56,0.36927,-0.38955,0.02541,0.45757,0.04728,0.02351,0.39142,0.26496,0.02655,0.45225,-0.02185,-0.17187,0.26028,-0.14566,-0.25585,0.04721,-0.06101,-0.1233,-0.07426,-0.06211,0.00453,0.39785,-0.00918,0.21384,0.3001,-0.23202,0.20973,0.05702,-0.24289,0.1052,-0.05244,-0.25522,-0.0325,0.33468,-0.46592,-0.05393,-0.04165,-0.47366,-0.19584,0.01655,-0.8731,-0.17732,-0.12736,-1.02116,-0.26158,0.3279,-0.4701,0.097,-0.06138,-0.4897,0.19649,-0.01016,-0.88314,0.11991,-0.16654,-1.03525,0.16611
8.58,0.36879,-0.38914,0.02513,0.45743,0.04761,0.0224,0.39305,0.26583,0.02559,0.45101,-0.02167,-0.17289,0.25528,-0.14216,-0.25292,0.0538,-0.05226,-0.10644,-0.06775,-0.04571,0.02116,0.39869,-0.00864,0.21309,0.29984,-0.231,0.20911,0.0563,-0.23965,0.10546,-0.05842,-0.25183,-0.02792,0.33406,-0.46557,-0.05409,-0.04274,-0.47355,-0.19473,0.01638,-0.87291,-0.17734,-0.12755,-1.02103,-0.26144,0.32787,-0.46979,0.09686,-0.06143,-0.48949,0.19627,-0.01015,-0.88296,0.1199,-0.1665,-1.03508,0.16616
8.6,0.36835,-0.3888,0.02486,0.45727,0.04789,0.02146,0.39445,0.26656,0.0249,0.44962,-0.02145,-0.17377,0.25121,-0.1399,-0.25015,0.06059,-0.04775,-0.09107,-0.05923,-0.03462,0.03765,0.39963,-0.00826,0.21252,0.29994,-0.23024,0.2084,0.05585,-0.23716,0.1059,-0.06358,-0.24916,-0.02329,0.33352,-0.46529,-0.05426,-0.0437,-0.47344,-0.19376,0.01626,-0.87272,-0.17739,-0.12769,-1.02091,-0.26134,0.32786,-0.46956,0.09671,-0.06137,-0.48936,0.19637,-0.01012,-0.88281,0.11987,-0.16646,-1.03492,0.16621
8.62,0.36804,-0.38862,0.02465,0.45704,0.04805,0.02091,0.39517,0.26698,0.02499,0.44788,-0.02113,-0.1743,0.24952,-0.14156,-0.24765,0.06596,-0.05373,-0.07816,-0.04916,-0.04044,0.05476,0.40086,-0.00824,0.21236,0.30101,-0.23013,0.20738,0.05609,-0.23669,0.10687,-0.06674,-0.249,-0.01907,0.33321,-0.46515,-0.05442,-0.04432,-0.47331,-0.19308,0.01631,-0.87252,-0.17751,-0.12765,-1.02074,-0.26137,0.32791,-0.46951,0.09656,-0.06098,-0.48943,0.19748,-0.01003,-0.88268,0.11978,-0.16638,-1.03476,0.16622
8.64,0.36779,-0.38851,0.02445,0.45679,0.04816,0.02052,0.39566,0.26727,0.02535,0.44602,-0.02078,-0.1747,0.24874,-0.14454,-0.24536,0.07102,-0.0633,-0.06662,-0.03867,-0.05223,0.07102,0.40218,-0.00837,0.21236,0.30242,-0.23027,0.20627,0.05659,-0.23697,0.10799,-0.06911,-0.24978,-0.01503,0.33299,-0.46508,-0.0546,-0.0448,-0.47318,-0.19255,0.01643,-0.87232,-0.17765,-0.12756,-1.02056,-0.26145,0.328,-0.46953,0.09639,-0.06047,-0.48957,0.1989,-0.00993,-0.88258,0.11967,-0.1663,-1.0346,0.16622
8.66,0.36753,-0.38838,0.02425,0.45655,0.04828,0.02008,0.39623,0.26761,0.02557,0.44423,-0.02045,-0.17512,0.24761,-0.14679,-0.243,0.07685,-0.071,-0.05531,-0.02774,-0.06094,0.08632,0.40345,-0.00844,0.21228,0.30363,-0.23029,0.20524,0.057,-0.23687,0.109,-0.07165,-0.25003,-0.0109,0.33274,-0.46499,-0.05477,-0.04532,-0.47305,-0.19199,0.0165,-0.87213,-0.17778,-0.1275,-1.02039,-0.26151,0.32808,-0.46953,0.09623,-0.06002,-0.48969,0.20013,-0.00985,-0.88247,0.11956,-0.16623,-1.03444,0.16622
8.68,0.36718,-0.38821,0.02401,0.45631,0.04843,0.01955,0.39693,0.26799,0.02575,0.44234,-0.0201,-0.17561,0.24672,-0.14949,-0.24058,0.08455,-0.0797,-0.04319,-0.01374,-0.071,0.10296,0.40479,-0.00847,0.21213,0.3049,-0.23026,0.20394,0.05736,-0.2369,0.11007,-0.07442,-0.25049,-0.00632,0.33241,-0.46487,-0.05497,-0.04597,-0.47292,-0.19131,0.01659,-0.8719,-0.17793,-0.12742,-1.0202,-0.26156,0.32812,-0.46951,0.09604,-0.05953,-0.4898,0.20154,-0.00976,-0.88231,0.11945,-0.16614,-1.03425,0.16624
8.7,0.36704,-0.38813,0.02386,0.45607,0.04853,0.01923,0.39733,0.26824,0.02605,0.44065,-0.01978,-0.1759,0.24578,-0.15151,-0.23836,0.08996,-0.08701,-0.03418,-0.00391,-0.07941,0.11492,0.40601,-0.0086,0.21213,0.3061,-0.23034,0.20315,0.05789,-0.23684,0.11105,-0.07626,-0.25066,-0.00257,0.33228,-0.46482,-0.0551,-0.0463,-0.47279,-0.19089,0.01668,-0.87174,-0.17806,-0.12736,-1.02003,-0.26165,0.32826,-0.46954,0.09592,-0.05906,-0.48992,0.20263,-0.00968,-0.88224,0.11936,-0.1661,-1.03411,0.16623
8.72,0.36751,-0.38828,0.02399,0.45587,0.04851,0.01946,0.39691,0.26816,0.0267,0.4395,-0.01956,-0.17568,0.24424,-0.15147,-0.23652,0.08735,-0.0898,-0.03228,-0.00788,-0.08197,0.11593,0.40693,-0.00894,0.21254,0.30708,-0.23073,0.20388,0.05884,-0.23631,0.11181,-0.07593,-0.24973,-0.00112,0.33268,-0.46492,-0.05498,-0.04577,-0.47271,-0.19114,0.01674,-0.87171,-0.1781,-0.12735,-1.01992,-0.26176,0.32866,-0.46967,0.09603,-0.05865,-0.49004,0.20279,-0.00963,-0.88237,0.11936,-0.1662,-1.0341,0.16622
8.74,0.36818,-0.38852,0.02423,0.45567,0.04845,0.01991,0.39619,0.26794,0.0275,0.43856,-0.01939,-0.17524,0.24255,-0.15076,-0.23484,0.08184,-0.09118,-0.03296,-0.01681,-0.08295,0.11298,0.40771,-0.00937,0.21313,0.308,-0.23124,0.20516,0.05995,-0.23567,0.11251,-0.07476,-0.24852,-0.00057,0.33327,-0.46509,-0.05477,-0.04493,-0.47264,-0.19163,0.0168,-0.87176,-0.17811,-0.12735,-1.01983,-0.26189,0.32914,-0.46985,0.09624,-0.05827,-0.49018,0.20264,-0.0096,-0.88259,0.1194,-0.16634,-1.03415,0.16619
8.76,0.36874,-0.3887,0.02441,0.45548,0.04842,0.02026,0.39564,0.2678,0.02822,0.43756,-0.01918,-0.1749,0.24097,-0.15032,-0.2331,0.07782,-0.09324,-0.03246,-0.0233,-0.08492,0.11177,0.40854,-0.00973,0.21363,0.30894,-0.23167,0.20617,0.06099,-0.23508,0.11323,-0.07393,-0.24749,0.00034,0.33377,-0.46522,-0.05462,-0.04424,-0.47256,-0.19203,0.01687,-0.87176,-0.17815,-0.12733,-1.01973,-0.26204,0.32958,-0.47,0.09639,-0.05788,-0.4903,0.20261,-0.00955,-0.88276,0.1194,-0.16645,-1.03416,0.16615
8.78,0.36939,-0.38894,0.0246,0.45526,0.04836,0.02057,0.39493,0.26759,0.02897,0.43642,-0.01903,-0.17458,0.23931,-0.15005,-0.23125,0.07336,-0.09546,-0.03222,-0.03041,-0.08653,0.11008,0.40946,-0.01015,0.21411,0.30997,-0.23215,0.20725,0.06214,-0.23457,0.11393,-0.0731,-0.24635,0.00137,0.33432,-0.46539,-0.05445,-0.04349,-0.47248,-0.19242,0.01691,-0.87177,-0.17816,-0.12736,-1.01962,-0.26216,0.33007,-0.47018,0.09656,-0.05744,-0.49044,0.20262,-0.00952,-0.88295,0.11943,-0.1666,-1.03418,0.16615
8.8,0.36989,-0.38907,0.02481,0.4551,0.04836,0.02102,0.39448,0.2675,0.02969,0.4356,-0.01879,-0.17414,0.23781,-0.14931,-0.22961,0.06933,-0.09703,-0.03209,-0.03714,-0.08862,0.10823,0.41014,-0.01047,0.21467,0.3108,-0.23256,0.20831,0.0631,-0.23388,0.11463,-0.07204,-0.24537,0.00193,0.33479,-0.46547,-0.05428,-0.0428,-0.47239,-0.19285,0.01699,-0.87176,-0.17821,-0.12731,-1.01952,-0.26231,0.33045,-0.47029,0.09673,-0.05714,-0.49052,0.20249,-0.00947,-0.8831,0.11943,-0.1667,-1.0342,0.16609
8.82,0.36991,-0.38884,0.02505,0.45512,0.04859,0.02183,0.39493,0.26786,0.03023,0.43559,-0.0183,-0.17342,0.23657,-0.14711,-0.22847,0.06672,-0.09682,-0.03161,-0.04255,-0.09208,0.10672,0.4102,-0.01049,0.2154,0.31111,-0.23269,0.2092,0.06344,-0.23263,0.11542,-0.07058,-0.24493,0.00147,0.33501,-0.46523,-0.05413,-0.04234,-0.47223,-0.19335,0.01717,-0.87163,-0.17834,-0.12707,-1.01938,-0.26256,0.3305,-0.47017,0.09686,-0.05725,-0.49043,0.20204,-0.00944,-0.88307,0.11935,-0.1667,-1.03417,0.16588
8.84,0.36976,-0.38849,0.0253,0.4552,0.0489,0.02277,0.39563,0.26836,0.03074,0.43587,-0.01772,-0.1726,0.23553,-0.1445,-0.22756,0.06465,-0.09594,-0.03116,-0.04761,-0.09561,0.10484,0.41001,-0.01042,0.2162,0.31119,-0.23274,0.21004,0.06355,-0.23121,0.1162,-0.06898,-0.24471,0.00065,0.33514,-0.46489,-0.054,-0.04196,-0.47205,-0.19387,0.01737,-0.87146,-0.1785,-0.12677,-1.01923,-0.26284,0.33042,-0.46997,0.09698,-0.05751,-0.49028,0.20147,-0.0094,-0.88298,0.11925,-0.16666,-1.03413,0.16562
8.86,0.36967,-0.38821,0.02555,0.45521,0.04916,0.02365,0.39615,0.26877,0.03131,0.43598,-0.01719,-0.17182,0.2345,-0.14226,-0.22657,0.06256,-0.09541,-0.03068,-0.05257,-0.09866,0.10286,0.40989,-0.0104,0.21698,0.31134,-0.23284,0.21088,0.06374,-0.22992,0.11696,-0.06752,-0.24446,9e-05,0.33529,-0.46461,-0.05386,-0.04158,-0.47189,-0.19435,0.01754,-0.87132,-0.17863,-0.12652,-1.0191,-0.26309,0.33038,-0.46981,0.09711,-0.05771,-0.49017,0.20098,-0.00938,-0.88292,0.11916,-0.16664,-1.03411,0.1654
8.88,0.36964,-0.38789,0.0258,0.45537,0.04945,0.02453,0.39691,0.26923,0.03171,0.43624,-0.01664,-0.17103,0.23311,-0.13914,-0.22545,0.05946,-0.09439,-0.03058,-0.05984,-0.10132,0.0991,0.4099,-0.01035,0.21776,0.31161,-0.23292,0.21185,0.06407,-0.22844,0.11786,-0.06577,-0.24458,-0.00038,0.33553,-0.46429,-0.05372,-0.04107,-0.4717,-0.19493,0.01777,-0.87115,-0.1788,-0.12621,-1.01895,-0.26338,0.3304,-0.46963,0.09724,-0.05788,-0.49003,0.20038,-0.00933,-0.88286,0.11905,-0.16663,-1.03405,0.16513
8.9,0.36947,-0.38761,0.02604,0.45525,0.04972,0.02542,0.39725,0.26963,0.03244,0.43627,-0.01611,-0.17024,0.23261,-0.13773,-0.22464,0.0586,-0.09419,-0.02981,-0.06265,-0.10387,0.09787,0.40962,-0.01033,0.21853,0.3116,-0.23301,0.21253,0.06411,-0.22731,0.11846,-0.06457,-0.24419,-0.00093,0.33558,-0.464,-0.05358,-0.04082,-0.47155,-0.19531,0.01791,-0.87101,-0.17891,-0.12598,-1.01883,-0.26359,0.3303,-0.46947,0.09737,-0.05812,-0.48992,0.19998,-0.0093,-0.88278,0.11899,-0.16658,-1.03404,0.16494
8.92,0.36895,-0.38747,0.0263,0.45438,0.04993,0.02632,0.39636,0.26981,0.03406,0.43561,-0.01566,-0.16945,0.23445,-0.14108,-0.22456,0.06422,-0.09638,-0.02668,-0.05188,-0.1075,0.10559,0.40865,-0.01041,0.21932,0.31078,-0.23314,0.21244,0.06332,-0.22721,0.11831,-0.06512,-0.24225,-0.00159,0.33508,-0.46384,-0.05335,-0.04131,-0.47153,-0.19509,0.01787,-0.87092,-0.17882,-0.12591,-1.01884,-0.26354,0.32988,-0.46941,0.0976,-0.05854,-0.48994,0.20021,-0.00926,-0.88272,0.1191,-0.16639,-1.03415,0.16499
8.94,0.36831,-0.38738,0.02655,0.45325,0.05011,0.02722,0.39504,0.2699,0.036,0.43473,-0.01524,-0.16865,0.23735,-0.14609,-0.22478,0.0722,-0.09915,-0.02315,-0.03603,-0.11056,0.11561,0.40741,-0.01053,0.2201,0.30971,-0.23329,0.21207,0.06228,-0.22748,0.11785,-0.06621,-0.23968,-0.00231,0.3344,-0.46373,-0.05311,-0.04206,-0.47155,-0.19467,0.01775,-0.87086,-0.17867,-0.12591,-1.01889,-0.26339,0.32935,-0.46938,0.09784,-0.05902,-0.49001,0.20064,-0.00922,-0.88266,0.11925,-0.16616,-1.03431,0.1651
8.96,0.36774,-0.38727,0.0268,0.45226,0.05031,0.02813,0.39393,0.27002,0.03781,0.43397,-0.0148,-0.16784,0.23998,-0.15026,-0.22487,0.07902,-0.10129,-0.02036,-0.0225,-0.1127,0.12338,0.4063,-0.01064,0.22088,0.30881,-0.23345,0.21187,0.06143,-0.22757,0.11752,-0.06693,-0.23727,-0.003,0.33383,-0.46359,-0.05288,-0.04267,-0.47155,-0.19433,0.01767,-0.87079,-0.17855,-0.12589,-1.01892,-0.26328,0.32888,-0.46933,0.09807,-0.05945,-0.49004,0.20098,-0.00917,-0.8826,0.11939,-0.16595,-1.03443,0.16519
8.98,0.36708,-0.38712,0.02709,0.45119,0.05053,0.02903,0.39274,0.27017,0.03961,0.43311,-0.01435,-0.16704,0.24248,-0.15414,-0.22491,0.08697,-0.10298,-0.01675,-0.00599,-0.11456,0.13265,0.40516,-0.0107,0.22167,0.30769,-0.23347,0.2115,0.06027,-0.22766,0.11725,-0.06828,-0.23525,-0.00323,0.33315,-0.46342,-0.0526,-0.04336,-0.47154,-0.19399,0.01758,-0.8707,-0.17843,-0.12584,-1.01894,-0.26319,0.32832,-0.46924,0.09835,-0.05998,-0.49008,0.20133,-0.00916,-0.88252,0.11953,-0.16574,-1.03456,0.16527
9,0.36659,-0.38708,0.02728,0.45021,0.05066,0.02993,0.39162,0.27022,0.04148,0.43242,-0.01396,-0.16625,0.2459,-0.15879,-0.22512,0.09341,-0.105,-0.01539,0.00652,-0.1146,0.13776,0.40403,-0.01089,0.22243,0.30697,-0.2338,0.21141,0.05969,-0.22787,0.1168,-0.06857,-0.23237,-0.00414,0.33265,-0.46334,-0.05244,-0.04394,-0.47157,-0.19363,0.01748,-0.87066,-0.17829,-0.12585,-1.01899,-0.26304,0.32795,-0.46928,0.09851,-0.0603,-0.49014,0.2017,-0.00908,-0.88248,0.11966,-0.16551,-1.0347,0.16538
9.02,0.36662,-0.38735,0.02715,0.44951,0.05052,0.03079,0.39082,0.26999,0.04348,0.43222,-0.01376,-0.16555,0.2513,-0.16498,-0.22583,0.09469,-0.10813,-0.01997,0.00483,-0.11128,0.13173,0.40304,-0.01147,0.22308,0.30752,-0.23504,0.2121,0.06093,-0.2281,0.11576,-0.06546,-0.22639,-0.0072,0.33266,-0.46351,-0.05267,-0.04413,-0.47171,-0.19332,0.01741,-0.87079,-0.17814,-0.12601,-1.01913,-0.26274,0.32813,-0.46971,0.09828,-0.05998,-0.49031,0.20205,-0.0088,-0.88259,0.1197,-0.16515,-1.03485,0.16553
9.04,0.36681,-0.38772,0.02691,0.44889,0.0503,0.03163,0.3901,0.26967,0.04551,0.43219,-0.01362,-0.16487,0.2578,-0.17174,-0.22666,0.09438,-0.11215,-0.02697,-0.00187,-0.108,0.12073,0.40206,-0.01217,0.22369,0.30845,-0.23657,0.21307,0.06275,-0.22847,0.11457,-0.06137,-0.21944,-0.01037,0.33283,-0.46375,-0.05302,-0.0442,-0.47188,-0.19301,0.01732,-0.87097,-0.17798,-0.12623,-1.01929,-0.26238,0.32849,-0.47026,0.09792,-0.05945,-0.49049,0.2024,-0.00847,-0.88273,0.11971,-0.16476,-1.03499,0.16571
9.06,0.36692,-0.38804,0.02674,0.44824,0.0501,0.03249,0.38933,0.26937,0.04752,0.43211,-0.01347,-0.16418,0.26431,-0.17805,-0.22734,0.09505,-0.11621,-0.03329,-0.00646,-0.10611,0.11056,0.40109,-0.01281,0.22432,0.30915,-0.23791,0.21393,0.06424,-0.22893,0.11357,-0.05805,-0.2132,-0.0125,0.33293,-0.46395,-0.05329,-0.04433,-0.47203,-0.19269,0.01724,-0.87112,-0.17782,-0.12642,-1.01944,-0.26205,0.32876,-0.47075,0.09764,-0.05902,-0.49066,0.20276,-0.00818,-0.88284,0.11975,-0.1644,-1.03514,0.16588
9.08,0.36707,-0.38839,0.0265,0.44756,0.04989,0.03335,0.38859,0.26905,0.04962,0.43196,-0.01329,-0.16348,0.27049,-0.18347,-0.22826,0.09541,-0.11943,-0.04017,-0.01239,-0.10302,0.09843,0.40011,-0.01351,0.22494,0.31013,-0.23941,0.21473,0.06625,-0.22871,0.11205,-0.05385,-0.2048,-0.01484,0.33306,-0.46418,-0.05364,-0.04444,-0.47221,-0.19239,0.01718,-0.8713,-0.17766,-0.12659,-1.01961,-0.26169,0.32909,-0.47128,0.09728,-0.05852,-0.49086,0.20312,-0.00782,-0.88299,0.11976,-0.16397,-1.03531,0.16606
9.1,0.36719,-0.38871,0.02637,0.44699,0.04968,0.03419,0.38784,0.26871,0.05154,0.432,-0.01318,-0.1628,0.27834,-0.19005,-0.22866,0.0965,-0.12515,-0.0474,-0.0171,-0.1049,0.08596,0.39915,-0.01413,0.22555,0.31064,-0.24063,0.21574,0.0674,-0.22987,0.11155,-0.05152,-0.20046,-0.0153,0.33316,-0.46438,-0.05388,-0.04455,-0.47236,-0.19206,0.01708,-0.87145,-0.17749,-0.1268,-1.01975,-0.26137,0.32935,-0.47177,0.09704,-0.0581,-0.49101,0.20347,-0.00755,-0.88309,0.11982,-0.16364,-1.03544,0.16624
9.12,0.3672,-0.38891,0.02661,0.44678,0.04951,0.035,0.3871,0.26834,0.05302,0.43248,-0.01322,-0.16208,0.29062,-0.19988,-0.22741,0.10003,-0.13725,-0.05454,-0.01689,-0.11847,0.07613,0.39831,-0.01445,0.22615,0.30996,-0.24105,0.21717,0.06612,-0.23499,0.11403,-0.05432,-0.20789,-0.01189,0.33315,-0.46448,-0.05373,-0.04466,-0.4724,-0.19164,0.01687,-0.87152,-0.17726,-0.12707,-1.01976,-0.26112,0.32942,-0.47208,0.09718,-0.05799,-0.491,0.20385,-0.00753,-0.88306,0.12002,-0.16361,-1.03541,0.16646
9.14,0.36718,-0.38908,0.02696,0.44668,0.04935,0.03577,0.38636,0.26796,0.05431,0.43315,-0.01334,-0.16137,0.30508,-0.2101,-0.22553,0.10503,-0.15198,-0.06202,-0.01438,-0.13656,0.06682,0.39748,-0.01467,0.22672,0.30876,-0.24116,0.2188,0.06402,-0.24145,0.11764,-0.05867,-0.21943,-0.0071,0.3331,-0.46454,-0.05346,-0.04477,-0.47242,-0.1912,0.01662,-0.87156,-0.17703,-0.12737,-1.01974,-0.26091,0.32942,-0.47234,0.09743,-0.05797,-0.49093,0.20423,-0.0076,-0.88297,0.12025,-0.16368,-1.03533,0.16668
9.16,0.36718,-0.38927,0.02726,0.44651,0.04918,0.03655,0.38563,0.26758,0.05566,0.43375,-0.01343,-0.16067,0.31938,-0.21877,-0.22381,0.11054,-0.16592,-0.06978,-0.01176,-0.15333,0.05664,0.39662,-0.01493,0.22729,0.30767,-0.24137,0.22038,0.06235,-0.2472,0.12081,-0.06204,-0.22897,-0.00285,0.33307,-0.46462,-0.05325,-0.04488,-0.47245,-0.19076,0.0164,-0.87162,-0.1768,-0.12765,-1.01975,-0.26068,0.32945,-0.47262,0.09763,-0.05791,-0.4909,0.20461,-0.00763,-0.88292,0.12047,-0.1637,-1.03528,0.1669
9.18,0.36717,-0.38945,0.02755,0.44641,0.049,0.03737,0.38485,0.26717,0.05706,0.43429,-0.01349,-0.15993,0.33468,-0.22682,-0.22158,0.11704,-0.17993,-0.07817,-0.00823,-0.17001,0.04555,0.3959,-0.01523,0.2279,0.3071,-0.24175,0.22174,0.06119,-0.25328,0.12413,-0.06519,-0.23904,0.00198,0.33304,-0.46471,-0.05305,-0.04499,-0.47247,-0.19035,0.01616,-0.87167,-0.17656,-0.12795,-1.01974,-0.26044,0.32949,-0.47291,0.09783,-0.05783,-0.49085,0.20498,-0.00765,-0.88285,0.1207,-0.16372,-1.03521,0.16714
9.2,0.36717,-0.38964,0.02789,0.44621,0.04884,0.03811,0.38417,0.26682,0.05832,0.435,-0.01363,-0.15925,0.34989,-0.23345,-0.21978,0.12464,-0.19472,-0.086,-0.00306,-0.18867,0.03546,0.39488,-0.01544,0.22841,0.3053,-0.24167,0.22361,0.05906,-0.2588,0.12766,-0.06862,-0.24877,0.00643,0.33301,-0.46478,-0.0528,-0.04511,-0.47252,-0.18987,0.01594,-0.87173,-0.17635,-0.12821,-1.01974,-0.26024,0.32949,-0.47318,0.09806,-0.0578,-0.49082,0.20537,-0.0077,-0.8828,0.12092,-0.16376,-1.03517,0.16735
9.22,0.36718,-0.3899,0.02835,0.44572,0.04867,0.03868,0.3837,0.26662,0.05928,0.43611,-0.01404,-0.15869,0.36341,-0.23821,-0.21948,0.13331,-0.21076,-0.09129,0.0048,-0.21119,0.02947,0.39296,-0.01544,0.22864,0.30026,-0.24046,0.22665,0.05417,-0.26309,0.13147,-0.07297,-0.25757,0.00939,0.33295,-0.46487,-0.05247,-0.04527,-0.47268,-0.18926,0.01577,-0.87191,-0.17623,-0.1284,-1.01986,-0.2602,0.32934,-0.47349,0.09838,-0.05789,-0.49098,0.20592,-0.0078,-0.88287,0.12107,-0.16383,-1.03528,0.16743
9.24,0.3672,-0.39019,0.02885,0.44513,0.04849,0.03918,0.38333,0.26646,0.06012,0.43738,-0.01455,-0.15817,0.3764,-0.24203,-0.21954,0.14294,-0.22695,-0.09544,0.0146,-0.23475,0.02525,0.39073,-0.01537,0.22876,0.29398,-0.23869,0.23011,0.04813,-0.26644,0.13566,-0.0779,-0.26548,0.01232,0.33289,-0.46497,-0.05211,-0.04544,-0.47288,-0.1886,0.01562,-0.87213,-0.17614,-0.12856,-1.02003,-0.26021,0.32915,-0.47382,0.09872,-0.05804,-0.49119,0.20646,-0.00791,-0.88298,0.12119,-0.16393,-1.03543,0.16747
9.26,0.36723,-0.39046,0.0293,0.44461,0.04831,0.03969,0.38292,0.26628,0.06101,0.43861,-0.015,-0.15763,0.38978,-0.24535,-0.21915,0.15338,-0.24236,-0.09982,0.02531,-0.25698,0.02052,0.38866,-0.01535,0.22889,0.28823,-0.23699,0.23333,0.04254,-0.26947,0.13999,-0.08274,-0.27277,0.01591,0.33286,-0.46506,-0.0518,-0.04558,-0.47305,-0.18796,0.01548,-0.87232,-0.17606,-0.12871,-1.02015,-0.26021,0.32898,-0.47413,0.09902,-0.05816,-0.49135,0.20692,-0.00801,-0.88306,0.1213,-0.16402,-1.03555,0.1675
9.28,0.3672,-0.39073,0.02987,0.44398,0.04815,0.04025,0.38239,0.26611,0.06195,0.43974,-0.01548,-0.15702,0.4037,-0.24825,-0.21824,0.16525,-0.25808,-0.10346,0.03824,-0.27974,0.01694,0.3865,-0.01529,0.22906,0.28259,-0.23526,0.23616,0.0371,-0.27423,0.14479,-0.08734,-0.28287,0.02015,0.3327,-0.46513,-0.05136,-0.04581,-0.47326,-0.18732,0.01529,-0.87253,-0.17592,-0.1289,-1.02031,-0.26016,0.32877,-0.47443,0.09944,-0.05827,-0.49159,0.20773,-0.00813,-0.88316,0.12147,-0.1641,-1.03571,0.1676
9.3,0.36728,-0.39101,0.03021,0.44355,0.04796,0.04071,0.38208,0.26592,0.06278,0.4411,-0.01592,-0.15651,0.41657,-0.25016,-0.21783,0.1768,-0.27184,-0.1075,0.05064,-0.29999,0.01246,0.38446,-0.0153,0.22909,0.27642,-0.23312,0.23965,0.03093,-0.27446,0.14931,-0.09286,-0.2861,0.02426,0.3328,-0.46526,-0.05116,-0.04587,-0.47342,-0.1867,0.01521,-0.87272,-0.17592,-0.12901,-1.02043,-0.26022,0.32864,-0.47475,0.09962,-0.05844,-0.49169,0.20781,-0.00822,-0.88324,0.12152,-0.16421,-1.03581,0.16756
9.32,0.36769,-0.39138,0.02988,0.44367,0.04762,0.04092,0.38238,0.2656,0.06329,0.44316,-0.01634,-0.15628,0.42661,-0.25087,-0.21914,0.18564,-0.28138,-0.11362,0.05854,-0.31457,0.00403,0.38278,-0.01558,0.22875,0.26914,-0.23018,0.24503,0.02334,-0.26307,0.15213,-0.10032,-0.27144,0.02669,0.33363,-0.46566,-0.05165,-0.04544,-0.47348,-0.18606,0.01548,-0.87282,-0.17632,-0.12889,-1.02045,-0.26053,0.32878,-0.47514,0.09911,-0.05876,-0.49135,0.20573,-0.00831,-0.88326,0.12119,-0.16443,-1.03571,0.16717
9.34,0.36819,-0.39175,0.02932,0.44396,0.04727,0.04103,0.38288,0.26528,0.06368,0.44542,-0.01673,-0.15615,0.43549,-0.25109,-0.22103,0.19353,-0.28927,-0.12038,0.06503,-0.32705,-0.00567,0.38123,-0.01591,0.22826,0.26146,-0.22655,0.25097,0.01597,-0.24719,0.15381,-0.10729,-0.24995,0.02773,0.3347,-0.4661,-0.05237,-0.04485,-0.47348,-0.18546,0.01585,-0.87289,-0.17688,-0.12871,-1.02041,-0.26094,0.329,-0.47554,0.09837,-0.05914,-0.49087,0.20294,-0.00839,-0.88324,0.12074,-0.1647,-1.03552,0.16665
9.36,0.36862,-0.39208,0.0289,0.44416,0.04696,0.04119,0.38325,0.26499,0.06414,0.44752,-0.0171,-0.15595,0.44483,-0.25121,-0.22241,0.20234,-0.29751,-0.12657,0.07304,-0.34009,-0.01446,0.37965,-0.01617,0.22783,0.2541,-0.22269,0.25642,0.0095,-0.23304,0.15544,-0.11301,-0.23121,0.02861,0.33561,-0.46648,-0.05294,-0.04434,-0.47349,-0.18489,0.01616,-0.87295,-0.17734,-0.12856,-1.02038,-0.2613,0.32916,-0.47589,0.09776,-0.05947,-0.49047,0.20058,-0.00848,-0.88322,0.12037,-0.16493,-1.03536,0.16622
9.38,0.36917,-0.39255,0.02835,0.44439,0.04653,0.04134,0.38369,0.26458,0.06461,0.44988,-0.01758,-0.15574,0.45449,-0.25123,-0.2237,0.21184,-0.30589,-0.13278,0.08181,-0.35336,-0.02353,0.37793,-0.01659,0.22729,0.24698,-0.21879,0.26192,0.004,-0.2195,0.15662,-0.11754,-0.21336,0.02899,0.33672,-0.46702,-0.05365,-0.04377,-0.47351,-0.18406,0.01651,-0.87302,-0.17792,-0.12843,-1.02031,-0.26175,0.3294,-0.47638,0.09702,-0.05982,-0.48999,0.19775,-0.00863,-0.88319,0.1199,-0.16529,-1.03515,0.16567
9.4,0.36949,-0.39275,0.02801,0.44457,0.04634,0.04148,0.38397,0.26439,0.06501,0.45173,-0.01784,-0.15552,0.46318,-0.25084,-0.22489,0.22063,-0.31298,-0.13863,0.09025,-0.365,-0.03189,0.37655,-0.01672,0.22689,0.23974,-0.21395,0.26704,-0.00109,-0.20374,0.15735,-0.12106,-0.19235,0.02861,0.33748,-0.46726,-0.05413,-0.04327,-0.47352,-0.18377,0.01678,-0.87308,-0.1783,-0.12827,-1.0203,-0.26205,0.32951,-0.47662,0.09651,-0.06012,-0.48966,0.19571,-0.00867,-0.88316,0.1196,-0.16545,-1.03501,0.16532
9.42,0.36917,-0.39218,0.02831,0.44462,0.04685,0.04164,0.38383,0.26484,0.06521,0.45217,-0.01748,-0.1553,0.46963,-0.2497,-0.22602,0.22714,-0.31731,-0.14381,0.09722,-0.37315,-0.03846,0.37612,-0.01601,0.22693,0.23208,-0.20708,0.27138,-0.00605,-0.18272,0.15809,-0.12327,-0.16411,0.02767,0.33722,-0.4666,-0.05393,-0.04303,-0.47356,-0.18503,0.01682,-0.87313,-0.17807,-0.12798,-1.02053,-0.26191,0.32927,-0.47618,0.09669,-0.06029,-0.48981,0.19611,-0.00834,-0.88321,0.11981,-0.16497,-1.0352,0.16556
9.44,0.36863,-0.39133,0.02881,0.44463,0.04762,0.04178,0.38354,0.26553,0.06531,0.45211,-0.01689,-0.15511,0.4751,-0.2482,-0.2272,0.2327,-0.32044,-0.14876,0.10352,-0.37979,-0.04441,0.37603,-0.015,0.22712,0.22456,-0.19926,0.27545,-0.00983,-0.15968,0.15871,-0.12339,-0.13332,0.02639,0.33661,-0.46563,-0.05352,-0.04285,-0.47358,-0.18683,0.01678,-0.87314,-0.17764,-0.12766,-1.0208,-0.26166,0.3289,-0.47548,0.0971,-0.06041,-0.49009,0.19731,-0.00787,-0.88325,0.12018,-0.16426,-1.03547,0.16598
9.46,0.3682,-0.39063,0.0292,0.44465,0.04825,0.04191,0.38332,0.26609,0.06545,0.45228,-0.01642,-0.15491,0.48088,-0.24669,-0.22831,0.23879,-0.32386,-0.15369,0.1104,-0.38682,-0.05049,0.37578,-0.01416,0.22723,0.21754,-0.1915,0.27958,-0.01215,-0.13787,0.15916,-0.12169,-0.10458,0.02504,0.33618,-0.46483,-0.05322,-0.04261,-0.4736,-0.18837,0.01677,-0.87315,-0.17733,-0.12739,-1.02102,-0.26148,0.3286,-0.47493,0.09739,-0.06056,-0.4903,0.19809,-0.00748,-0.88329,0.12046,-0.16368,-1.0357,0.16631
9.48,0.36772,-0.38987,0.02968,0.44469,0.04892,0.04211,0.3831,0.2667,0.06562,0.45243,-0.01591,-0.15466,0.48688,-0.2449,-0.22954,0.24529,-0.32717,-0.15885,0.11784,-0.39389,-0.05686,0.37557,-0.01324,0.22741,0.21079,-0.18314,0.2841,-0.01334,-0.11607,0.16002,-0.11826,-0.07631,0.02397,0.33565,-0.46394,-0.05283,-0.0424,-0.47363,-0.18997,0.01671,-0.87315,-0.17699,-0.12711,-1.02124,-0.26132,0.32827,-0.47432,0.09777,-0.06069,-0.4906,0.1991,-0.00703,-0.88337,0.12078,-0.16301,-1.03599,0.16667
9.5,0.36728,-0.38916,0.03002,0.44465,0.04957,0.04216,0.3828,0.26727,0.06568,0.45248,-0.01542,-0.15455,0.49204,-0.24323,-0.23052,0.251,-0.32995,-0.16336,0.12459,-0.40008,-0.06237,0.37534,-0.01239,0.22746,0.20468,-0.17509,0.28774,-0.01292,-0.09483,0.15989,-0.11292,-0.04889,0.0221,0.33522,-0.46314,-0.05258,-0.04213,-0.4736,-0.19156,0.01666,-0.8731,-0.1767,-0.1269,-1.02137,-0.26117,0.32796,-0.47374,0.09801,-0.06084,-0.49075,0.19982,-0.00667,-0.88336,0.12106,-0.16246,-1.03615,0.16701
9.52,0.36701,-0.38871,0.02989,0.44445,0.05001,0.0418,0.38237,0.26764,0.06543,0.45241,-0.01511,-0.15486,0.49532,-0.24226,-0.23095,0.25466,-0.33195,-0.16636,0.12944,-0.40465,-0.0657,0.37499,-0.01181,0.22709,0.19935,-0.1685,0.28899,-0.01053,-0.07496,0.15735,-0.10587,-0.02292,0.01842,0.33516,-0.4627,-0.05278,-0.04172,-0.4735,-0.19302,0.01667,-0.87301,-0.17661,-0.12679,-1.02138,-0.26107,0.32774,-0.47339,0.0978,-0.06109,-0.49053,0.19949,-0.00657,-0.88318,0.12117,-0.16228,-1.03603,0.1672
9.54,0.36678,-0.38832,0.02961,0.44416,0.05042,0.0413,0.38185,0.26796,0.06507,0.45224,-0.01482,-0.15531,0.49781,-0.24155,-0.23112,0.25747,-0.33362,-0.16876,0.13345,-0.40855,-0.06824,0.3746,-0.0113,0.22659,0.19443,-0.16241,0.28936,-0.00672,-0.05586,0.15402,-0.09717,0.00221,0.01421,0.33521,-0.46236,-0.05313,-0.04126,-0.47337,-0.19444,0.01668,-0.87288,-0.17656,-0.12673,-1.02132,-0.26098,0.32754,-0.47307,0.09744,-0.06136,-0.49016,0.19885,-0.00657,-0.88291,0.12123,-0.16223,-1.03578,0.16737
9.56,0.36653,-0.3879,0.02941,0.44388,0.05085,0.04087,0.38133,0.26831,0.06475,0.45209,-0.01451,-0.1557,0.50061,-0.24068,-0.23136,0.26069,-0.33539,-0.17135,0.13785,-0.4127,-0.07119,0.37421,-0.01076,0.22615,0.18969,-0.15598,0.29012,-0.00196,-0.03724,0.15119,-0.08702,0.02647,0.01046,0.33519,-0.46197,-0.05339,-0.04083,-0.47326,-0.19585,0.01669,-0.87276,-0.17648,-0.12666,-1.02127,-0.26088,0.32733,-0.47274,0.09716,-0.06162,-0.48986,0.19838,-0.00652,-0.88268,0.12132,-0.16212,-1.03559,0.16756
9.58,0.36627,-0.38748,0.02918,0.44369,0.05126,0.04044,0.38096,0.26866,0.06445,0.45202,-0.01421,-0.15608,0.50354,-0.2397,-0.23179,0.26408,-0.33704,-0.17418,0.14287,-0.41678,-0.07394,0.37388,-0.01023,0.22571,0.18497,-0.14906,0.29106,0.00353,-0.01869,0.14887,-0.07613,0.05001,0.00733,0.3352,-0.46157,-0.0537,-0.04036,-0.47314,-0.19738,0.01668,-0.87263,-0.17642,-0.12661,-1.02122,-0.26079,0.3271,-0.4724,0.09684,-0.06191,-0.48955,0.19783,-0.00648,-0.88245,0.1214,-0.16201,-1.03539,0.16775
9.6,0.36604,-0.38708,0.02897,0.44331,0.0517,0.03996,0.38025,0.26899,0.06409,0.45175,-0.01392,-0.15652,0.50597,-0.23892,-0.23177,0.26703,-0.33879,-0.17637,0.14667,-0.42075,-0.07691,0.37342,-0.00968,0.22524,0.1809,-0.14301,0.29149,0.01054,-0.002,0.14579,-0.06279,0.07192,0.00347,0.3352,-0.46122,-0.05395,-0.03997,-0.47303,-0.19864,0.01667,-0.8725,-0.17635,-0.12656,-1.02115,-0.2607,0.32692,-0.47208,0.09657,-0.06214,-0.48923,0.19735,-0.00646,-0.88221,0.12148,-0.16193,-1.03517,0.16792
9.62,0.36585,-0.38672,0.02887,0.44236,0.0522,0.03936,0.37861,0.26927,0.0636,0.45091,-0.01362,-0.15705,0.50725,-0.23867,-0.23058,0.26897,-0.34106,-0.17698,0.14716,-0.42483,-0.08084,0.37261,-0.00909,0.22471,0.17795,-0.1394,0.29073,0.01986,0.01103,0.14069,-0.04486,0.09146,-0.00228,0.33513,-0.46093,-0.05403,-0.03984,-0.47294,-0.19919,0.01667,-0.8724,-0.17622,-0.12652,-1.0211,-0.26056,0.32685,-0.47175,0.09649,-0.06224,-0.48896,0.19717,-0.00646,-0.88198,0.12159,-0.16194,-1.03492,0.16808
9.64,0.36569,-0.38637,0.02879,0.44123,0.05273,0.03869,0.37663,0.26954,0.06306,0.44985,-0.01332,-0.15763,0.50807,-0.23861,-0.22893,0.2705,-0.34345,-0.17695,0.14657,-0.42883,-0.08503,0.37167,-0.00848,0.22415,0.17543,-0.13676,0.28946,0.03033,0.02218,0.13514,-0.02476,0.10911,-0.00806,0.33506,-0.46068,-0.05406,-0.03981,-0.47286,-0.19948,0.01667,-0.87229,-0.17609,-0.12648,-1.02103,-0.26041,0.32683,-0.47142,0.09647,-0.06227,-0.48868,0.19706,-0.00647,-0.88174,0.12169,-0.16198,-1.03464,0.16821
9.66,0.36552,-0.38602,0.0287,0.44018,0.05325,0.03806,0.37478,0.2698,0.06254,0.4489,-0.01302,-0.15818,0.5091,-0.23843,-0.22747,0.27227,-0.34574,-0.17717,0.14673,-0.43277,-0.08906,0.37078,-0.00788,0.2236,0.17279,-0.13368,0.28843,0.04108,0.03307,0.13039,-0.00443,0.12556,-0.0127,0.335,-0.46041,-0.05411,-0.03973,-0.47277,-0.19987,0.01668,-0.87218,-0.17595,-0.12643,-1.02097,-0.26027,0.32679,-0.47109,0.09643,-0.06234,-0.48841,0.19692,-0.00648,-0.8815,0.12179,-0.162,-1.03438,0.16835
9.68,0.36534,-0.38565,0.02862,0.43913,0.05378,0.03742,0.37303,0.2701,0.06202,0.44793,-0.01272,-0.15874,0.51017,-0.23817,-0.22605,0.27422,-0.34817,-0.17744,0.14703,-0.43692,-0.09351,0.3699,-0.00726,0.22306,0.17007,-0.1304,0.28737,0.05274,0.04392,0.12619,0.01749,0.14182,-0.01618,0.33493,-0.46013,-0.05416,-0.03964,-0.47269,-0.20031,0.01667,-0.87208,-0.17581,-0.12639,-1.02091,-0.26012,0.32675,-0.47075,0.09639,-0.06241,-0.48813,0.19677,-0.00649,-0.88126,0.1219,-0.16203,-1.03411,0.1685
9.7,0.36518,-0.38534,0.02853,0.43804,0.05425,0.03678,0.37099,0.27027,0.0615,0.44694,-0.01246,-0.1593,0.51105,-0.23803,-0.22444,0.27586,-0.35032,-0.1774,0.1473,-0.44056,-0.09724,0.36897,-0.00671,0.22251,0.16769,-0.12775,0.28629,0.06416,0.05238,0.12207,0.03865,0.1543,-0.01956,0.33487,-0.45991,-0.0542,-0.03961,-0.47261,-0.20057,0.01668,-0.87198,-0.17569,-0.12635,-1.02085,-0.25999,0.32672,-0.47046,0.09635,-0.06246,-0.48787,0.19666,-0.0065,-0.88104,0.122,-0.16205,-1.03386,0.16863
9.72,0.36512,-0.3852,0.0284,0.43693,0.05457,0.03613,0.36834,0.27009,0.06103,0.44599,-0.01235,-0.15987,0.51159,-0.23824,-0.22234,0.27672,-0.35175,-0.17671,0.14742,-0.44302,-0.09893,0.36801,-0.00633,0.22193,0.16608,-0.12654,0.28521,0.07391,0.05634,0.1173,0.05622,0.15975,-0.02445,0.33491,-0.45989,-0.05426,-0.03967,-0.47252,-0.20038,0.01676,-0.87188,-0.17564,-0.12626,-1.02079,-0.25989,0.32676,-0.4703,0.0963,-0.0624,-0.4877,0.19666,-0.00643,-0.88087,0.12207,-0.16199,-1.03368,0.16873
9.74,0.36509,-0.38513,0.02826,0.43581,0.05483,0.03548,0.36543,0.26975,0.06057,0.44505,-0.0123,-0.16044,0.51197,-0.23857,-0.22008,0.27725,-0.3529,-0.17575,0.14744,-0.44504,-0.09987,0.36702,-0.00603,0.22134,0.16479,-0.12599,0.28413,0.08303,0.0584,0.11252,0.07237,0.16236,-0.02952,0.33497,-0.45994,-0.05433,-0.03978,-0.47243,-0.20002,0.01686,-0.87178,-0.17561,-0.12615,-1.02073,-0.25981,0.32682,-0.4702,0.09624,-0.06232,-0.48755,0.19671,-0.00634,-0.88073,0.12213,-0.1619,-1.03354,0.16882
9.76,0.36505,-0.38504,0.02813,0.43471,0.0551,0.03484,0.36263,0.26943,0.0601,0.44413,-0.01224,-0.161,0.51242,-0.2388,-0.21793,0.27796,-0.35416,-0.17491,0.14763,-0.44727,-0.10113,0.36605,-0.00571,0.22077,0.16341,-0.12523,0.28307,0.09256,0.06074,0.10834,0.08925,0.16539,-0.03356,0.33503,-0.45996,-0.05439,-0.03986,-0.47235,-0.19973,0.01695,-0.87169,-0.17558,-0.12604,-1.02068,-0.25972,0.32687,-0.47009,0.09619,-0.06225,-0.48741,0.19673,-0.00626,-0.88059,0.1222,-0.16182,-1.03339,0.16891
9.78,0.36501,-0.38493,0.02799,0.43355,0.05539,0.03417,0.35988,0.26915,0.05967,0.44312,-0.01216,-0.1616,0.51291,-0.23898,-0.21556,0.27877,-0.35554,-0.17405,0.14796,-0.44976,-0.10256,0.36507,-0.00536,0.22017,0.16182,-0.12416,0.28191,0.10277,0.06319,0.10431,0.10726,0.16842,-0.03713,0.33509,-0.45998,-0.05445,-0.03994,-0.47225,-0.19942,0.01705,-0.87158,-0.17554,-0.12594,-1.02061,-0.25964,0.32694,-0.46996,0.09614,-0.06216,-0.48724,0.19677,-0.00617,-0.88043,0.12227,-0.16174,-1.03321,0.16901
9.8,0.36496,-0.38487,0.02787,0.43249,0.05561,0.03357,0.35699,0.26873,0.05916,0.44227,-0.01214,-0.16212,0.51326,-0.23917,-0.21358,0.27935,-0.35659,-0.17317,0.14821,-0.45169,-0.10349,0.36409,-0.00509,0.21962,0.16072,-0.12387,0.28096,0.11172,0.06419,0.10105,0.12287,0.16954,-0.03992,0.33512,-0.46003,-0.0545,-0.04005,-0.47218,-0.19913,0.01713,-0.8715,-0.17552,-0.12585,-1.02056,-0.25957,0.32695,-0.46987,0.0961,-0.06213,-0.48711,0.19678,-0.00611,-0.88031,0.12232,-0.16167,-1.03309,0.16908
9.82,0.36486,-0.38495,0.02779,0.43171,0.05564,0.03317,0.35378,0.26792,0.05839,0.44188,-0.01228,-0.16244,0.51322,-0.23946,-0.21272,0.27928,-0.35682,-0.17228,0.14797,-0.45213,-0.10322,0.36314,-0.00499,0.21919,0.16083,-0.12554,0.2806,0.11728,0.06229,0.09907,0.13226,0.16711,-0.04195,0.33505,-0.46015,-0.05455,-0.04026,-0.4722,-0.19885,0.01718,-0.8715,-0.17552,-0.1258,-1.02059,-0.25953,0.3268,-0.46989,0.09605,-0.06229,-0.4871,0.19671,-0.00611,-0.88028,0.12231,-0.16163,-1.0331,0.16906
9.84,0.36474,-0.38509,0.02773,0.43102,0.05559,0.03286,0.35045,0.26695,0.05753,0.44163,-0.01248,-0.16267,0.51302,-0.23981,-0.21226,0.27895,-0.35674,-0.17139,0.14751,-0.45199,-0.10247,0.36219,-0.00497,0.2188,0.16143,-0.12796,0.28047,0.12148,0.05938,0.0976,0.13914,0.16347,-0.04365,0.33492,-0.46032,-0.05458,-0.0405,-0.47226,-0.19859,0.01719,-0.87154,-0.17553,-0.12577,-1.02065,-0.25951,0.32659,-0.46997,0.09602,-0.06252,-0.48714,0.19662,-0.00614,-0.8803,0.12228,-0.16162,-1.03317,0.16901
9.86,0.36464,-0.3852,0.02767,0.4303,0.05558,0.03251,0.3472,0.26601,0.05671,0.44131,-0.01265,-0.16294,0.51289,-0.24011,-0.21163,0.27874,-0.35679,-0.17052,0.14716,-0.45209,-0.10196,0.36126,-0.00492,0.2184,0.16187,-0.13002,0.28024,0.12629,0.057,0.09615,0.14704,0.16053,-0.04509,0.33483,-0.46046,-0.05461,-0.0407,-0.47229,-0.19836,0.01723,-0.87155,-0.17553,-0.12573,-1.02068,-0.25949,0.32642,-0.47003,0.09599,-0.06271,-0.48715,0.19655,-0.00616,-0.8803,0.12226,-0.16161,-1.03321,0.16897
9.88,0.36451,-0.38531,0.02759,0.42956,0.05556,0.03215,0.3439,0.26502,0.05586,0.44104,-0.01283,-0.16322,0.51274,-0.24046,-0.21095,0.27847,-0.35681,-0.16953,0.14672,-0.45216,-0.10137,0.36024,-0.00486,0.21796,0.16226,-0.13205,0.28007,0.13146,0.05454,0.09468,0.15581,0.15736,-0.0465,0.33471,-0.46061,-0.05467,-0.04099,-0.47234,-0.19796,0.01726,-0.87157,-0.17554,-0.1257,-1.02072,-0.25946,0.32621,-0.47008,0.09594,-0.06292,-0.48716,0.19647,-0.00617,-0.8803,0.12224,-0.16157,-1.03326,0.16894
9.9,0.36444,-0.38544,0.02754,0.42888,0.05552,0.03183,0.34075,0.26401,0.05504,0.44069,-0.01301,-0.16347,0.51261,-0.24071,-0.21049,0.27826,-0.3568,-0.16882,0.14638,-0.45212,-0.10084,0.35942,-0.00484,0.2176,0.16293,-0.13426,0.27986,0.13566,0.05217,0.09376,0.16224,0.15462,-0.04729,0.33463,-0.46076,-0.05469,-0.0411,-0.47238,-0.19792,0.01729,-0.8716,-0.17554,-0.12566,-1.02077,-0.25946,0.32606,-0.47015,0.09592,-0.06309,-0.48718,0.19639,-0.0062,-0.88031,0.12221,-0.16157,-1.03331,0.16889
9.92,0.36456,-0.38567,0.02756,0.42834,0.05539,0.03162,0.33795,0.26296,0.05434,0.44009,-0.0132,-0.16367,0.51265,-0.24073,-0.21054,0.27834,-0.35688,-0.16881,0.14649,-0.45211,-0.10066,0.35913,-0.005,0.21747,0.16421,-0.1369,0.27944,0.13766,0.05016,0.09387,0.16305,0.15319,-0.04697,0.33468,-0.46101,-0.05463,-0.04064,-0.47246,-0.19894,0.01731,-0.87168,-0.17554,-0.12559,-1.02085,-0.25954,0.3261,-0.47031,0.09598,-0.06309,-0.48726,0.1963,-0.00626,-0.8804,0.12216,-0.16168,-1.03336,0.16878
9.94,0.36475,-0.38593,0.02761,0.42787,0.05523,0.03145,0.33535,0.26191,0.05369,0.43942,-0.0134,-0.16383,0.51273,-0.24067,-0.2108,0.27849,-0.35695,-0.16907,0.14671,-0.45203,-0.10056,0.35904,-0.00522,0.21743,0.16576,-0.13971,0.27897,0.13866,0.04824,0.09439,0.1615,0.15222,-0.0462,0.33478,-0.46128,-0.05454,-0.03998,-0.47256,-0.2003,0.01733,-0.87179,-0.17553,-0.1255,-1.02095,-0.25965,0.32621,-0.47049,0.09608,-0.06303,-0.48736,0.19621,-0.00632,-0.88052,0.1221,-0.16182,-1.03342,0.16865
9.96,0.3649,-0.38617,0.02765,0.42737,0.05508,0.03127,0.33273,0.26085,0.05304,0.43878,-0.01359,-0.16401,0.51276,-0.24064,-0.21098,0.27856,-0.35699,-0.16924,0.14683,-0.4519,-0.1004,0.35886,-0.00541,0.21735,0.16724,-0.1424,0.27855,0.13997,0.04634,0.09479,0.16085,0.15113,-0.0455,0.33484,-0.46153,-0.05446,-0.03945,-0.47265,-0.20144,0.01735,-0.87188,-0.17551,-0.12543,-1.02103,-0.25975,0.32629,-0.47066,0.09617,-0.063,-0.48745,0.19614,-0.00638,-0.88063,0.12205,-0.16195,-1.03348,0.16853
9.98,0.36508,-0.38644,0.02769,0.42685,0.05491,0.03108,0.32983,0.25962,0.05236,0.43812,-0.01381,-0.16419,0.5129,-0.2406,-0.21112,0.27882,-0.35716,-0.16929,0.14717,-0.45207,-0.1003,0.35868,-0.00562,0.21727,0.1688,-0.1452,0.27808,0.1419,0.0444,0.09515,0.16084,0.15018,-0.04467,0.33494,-0.46181,-0.05437,-0.03877,-0.47275,-0.20285,0.01738,-0.87198,-0.1755,-0.12534,-1.02112,-0.25985,0.32638,-0.47085,0.09625,-0.06297,-0.48754,0.19603,-0.00643,-0.88074,0.122,-0.16208,-1.03354,0.16841
10,0.36522,-0.38665,0.02773,0.4264,0.05478,0.03091,0.3276,0.25869,0.05176,0.43749,-0.01398,-0.16436,0.51283,-0.24057,-0.21139,0.27869,-0.35705,-0.16965,0.14706,-0.4516,-0.10013,0.35857,-0.00579,0.21721,0.17035,-0.14773,0.2777,0.14231,0.04263,0.09574,0.15891,0.14924,-0.04375,0.33499,-0.46203,-0.05429,-0.03832,-0.47283,-0.20378,0.01739,-0.87206,-0.1755,-0.12528,-1.0212,-0.25994,0.32646,-0.47099,0.09634,-0.06292,-0.48762,0.19599,-0.00649,-0.88084,0.12195,-0.1622,-1.03359,0.1683
10.02,0.36529,-0.3867,0.02774,0.42615,0.05478,0.03073,0.32706,0.25857,0.05129,0.43701,-0.01402,-0.16453,0.5123,-0.24055,-0.21194,0.27762,-0.35617,-0.17082,0.14585,-0.44937,-0.09978,0.35864,-0.0058,0.21715,0.17178,-0.14954,0.27761,0.13913,0.04118,0.09681,0.1529,0.14793,-0.04288,0.33498,-0.46209,-0.05425,-0.03849,-0.4729,-0.2033,0.01744,-0.87213,-0.17555,-0.12525,-1.02125,-0.25999,0.32655,-0.47102,0.09639,-0.06281,-0.4877,0.1961,-0.00651,-0.8809,0.1219,-0.16225,-1.03364,0.16822
10.04,0.36532,-0.3867,0.02774,0.42598,0.05481,0.03056,0.32719,0.25876,0.05088,0.43657,-0.01402,-0.16471,0.51155,-0.24055,-0.21261,0.27616,-0.355,-0.17229,0.14416,-0.44642,-0.09939,0.35878,-0.00577,0.21709,0.17317,-0.15109,0.27761,0.13442,0.03974,0.09813,0.14499,0.14638,-0.04193,0.33494,-0.46209,-0.05422,-0.0389,-0.47297,-0.20236,0.01748,-0.8722,-0.17562,-0.12526,-1.02129,-0.26004,0.32663,-0.47101,0.09643,-0.0627,-0.48778,0.19627,-0.00654,-0.88096,0.12184,-0.16229,-1.03368,0.16815
10.06,0.36536,-0.38672,0.02774,0.4258,0.05482,0.03039,0.32708,0.25884,0.05043,0.43613,-0.01404,-0.16488,0.51085,-0.24056,-0.21321,0.27483,-0.35396,-0.1736,0.14259,-0.44371,-0.09906,0.35891,-0.00576,0.21703,0.1746,-0.15273,0.27753,0.13024,0.03816,0.09943,0.13761,0.14474,-0.04088,0.33491,-0.46212,-0.05419,-0.0392,-0.47302,-0.20166,0.01752,-0.87227,-0.17569,-0.12526,-1.02132,-0.26009,0.3267,-0.47102,0.09647,-0.06259,-0.48785,0.19642,-0.00657,-0.88101,0.12179,-0.16234,-1.03373,0.16807
10.08,0.36542,-0.38673,0.02774,0.42553,0.05486,0.0302,0.32666,0.25883,0.05,0.43561,-0.01403,-0.16507,0.51035,-0.24045,-0.21388,0.27374,-0.35287,-0.17498,0.14132,-0.44084,-0.09868,0.35897,-0.00573,0.21696,0.17606,-0.1544,0.27757,0.12683,0.03657,0.10082,0.1316,0.14304,-0.03967,0.33489,-0.46213,-0.05415,-0.03952,-0.47309,-0.20086,0.01757,-0.87234,-0.17575,-0.12525,-1.02136,-0.26014,0.3268,-0.47101,0.09651,-0.06248,-0.48792,0.19651,-0.0066,-0.88107,0.12173,-0.1624,-1.03376,0.16798
10.1,0.36543,-0.38675,0.02775,0.42545,0.05485,0.03006,0.32705,0.25908,0.04955,0.43526,-0.01407,-0.16522,0.50936,-0.24061,-0.21442,0.27205,-0.35179,-0.17627,0.13932,-0.43792,-0.09842,0.35917,-0.00573,0.21692,0.17749,-0.15593,0.27741,0.12155,0.0347,0.10231,0.12241,0.14099,-0.03841,0.33483,-0.46216,-0.05411,-0.03984,-0.47314,-0.20014,0.01758,-0.87238,-0.17582,-0.12527,-1.02139,-0.26019,0.32685,-0.47102,0.09656,-0.06237,-0.488,0.19676,-0.00663,-0.88112,0.12168,-0.16243,-1.03381,0.16792
10.12,0.36532,-0.3868,0.02774,0.4259,0.05472,0.02998,0.32955,0.25998,0.04898,0.43536,-0.0142,-0.16532,0.50711,-0.24148,-0.21462,0.26878,-0.35074,-0.17732,0.13548,-0.43509,-0.09849,0.3598,-0.00577,0.21693,0.17874,-0.15705,0.27663,0.11137,0.03218,0.10404,0.10469,0.13802,-0.03685,0.3347,-0.46222,-0.0541,-0.04009,-0.47312,-0.19983,0.01752,-0.87237,-0.17592,-0.12533,-1.02137,-0.2603,0.32681,-0.47107,0.09658,-0.06224,-0.48811,0.19743,-0.00669,-0.88112,0.12164,-0.1624,-1.0339,0.1679
10.14,0.36517,-0.38687,0.02774,0.42654,0.05454,0.02993,0.33288,0.26109,0.04837,0.43564,-0.01439,-0.16538,0.50438,-0.24259,-0.21468,0.26493,-0.34969,-0.17825,0.13097,-0.43226,-0.09866,0.36056,-0.00585,0.21696,0.17997,-0.15807,0.27566,0.09956,0.02894,0.10627,0.08408,0.13401,-0.03451,0.33454,-0.46231,-0.05408,-0.04032,-0.47309,-0.19962,0.01744,-0.87233,-0.17603,-0.1254,-1.02134,-0.26042,0.32673,-0.47116,0.0966,-0.06211,-0.48824,0.19826,-0.00675,-0.88111,0.12161,-0.16233,-1.03401,0.16789
10.16,0.36505,-0.38692,0.02775,0.4271,0.0544,0.02988,0.33587,0.26208,0.04778,0.43586,-0.01454,-0.16544,0.50185,-0.24354,-0.21478,0.26137,-0.34859,-0.17919,0.1268,-0.42935,-0.09877,0.36125,-0.00589,0.21698,0.18129,-0.15919,0.27479,0.08883,0.02533,0.10885,0.06525,0.12941,-0.03153,0.3344,-0.46238,-0.05405,-0.04055,-0.47306,-0.19937,0.01737,-0.8723,-0.17612,-0.12546,-1.02131,-0.26052,0.32668,-0.47121,0.09664,-0.06197,-0.48835,0.199,-0.0068,-0.88109,0.12159,-0.16228,-1.0341,0.16788
10.18,0.3649,-0.38699,0.02773,0.42767,0.05423,0.02981,0.33885,0.26299,0.04721,0.43601,-0.0147,-0.16553,0.49929,-0.24446,-0.21493,0.25775,-0.34734,-0.18022,0.12262,-0.42616,-0.09882,0.36202,-0.00598,0.21701,0.18237,-0.16,0.27387,0.07782,0.02155,0.11188,0.04582,0.12432,-0.02781,0.33423,-0.46247,-0.05404,-0.04084,-0.47305,-0.19908,0.01729,-0.87227,-0.17623,-0.12553,-1.02129,-0.26063,0.32659,-0.47129,0.09665,-0.06184,-0.48849,0.19983,-0.00687,-0.88109,0.12156,-0.16222,-1.03421,0.16788
10.2,0.36479,-0.38704,0.02776,0.42824,0.05408,0.02976,0.34206,0.264,0.04655,0.43633,-0.01487,-0.16558,0.49666,-0.24543,-0.21494,0.25416,-0.34631,-0.18101,0.1184,-0.42338,-0.09899,0.36264,-0.00602,0.21702,0.18396,-0.16148,0.27301,0.0677,0.01657,0.11517,0.02793,0.11783,-0.02363,0.33412,-0.46254,-0.05399,-0.041,-0.47301,-0.1989,0.01722,-0.87224,-0.17631,-0.12559,-1.02125,-0.26074,0.32655,-0.47136,0.0967,-0.06171,-0.48859,0.2005,-0.00693,-0.88107,0.12153,-0.1622,-1.03429,0.16784
10.22,0.36479,-0.38705,0.02791,0.42878,0.05399,0.02975,0.34577,0.26525,0.04568,0.43706,-0.01509,-0.16554,0.4938,-0.24661,-0.21463,0.2506,-0.34597,-0.18129,0.11397,-0.42182,-0.09958,0.36283,-0.00591,0.21695,0.18679,-0.16459,0.27228,0.05951,0.00924,0.11827,0.01379,0.10901,-0.01976,0.33418,-0.46255,-0.05386,-0.04084,-0.47294,-0.19901,0.01718,-0.8722,-0.17635,-0.12563,-1.02117,-0.26085,0.32663,-0.47142,0.09683,-0.06161,-0.48861,0.20072,-0.00699,-0.88105,0.12143,-0.16228,-1.03426,0.16769
10.24,0.36482,-0.38705,0.0281,0.42929,0.05392,0.02975,0.34966,0.26654,0.04473,0.43795,-0.01531,-0.16547,0.49089,-0.24781,-0.21421,0.24709,-0.34586,-0.18137,0.10953,-0.42073,-0.10031,0.36285,-0.00577,0.21684,0.19025,-0.16835,0.27167,0.05243,0.00065,0.12141,0.00146,0.09889,-0.01588,0.3343,-0.46255,-0.05371,-0.04058,-0.47287,-0.19924,0.01715,-0.87216,-0.17637,-0.12567,-1.02107,-0.26096,0.32673,-0.47148,0.09698,-0.06154,-0.4886,0.20077,-0.00705,-0.88103,0.12131,-0.16241,-1.0342,0.16749
10.26,0.36484,-0.38706,0.02827,0.4298,0.05384,0.02975,0.35344,0.26772,0.04382,0.43877,-0.01554,-0.1654,0.48806,-0.24889,-0.21386,0.24365,-0.34558,-0.18154,0.10524,-0.41938,-0.10095,0.36293,-0.00565,0.21675,0.19368,-0.17186,0.27113,0.04567,-0.00811,0.1248,-0.01068,0.08839,-0.01161,0.3344,-0.46256,-0.05356,-0.04035,-0.47281,-0.19944,0.01712,-0.87212,-0.17639,-0.1257,-1.02098,-0.26106,0.32682,-0.47155,0.09712,-0.06146,-0.48861,0.20089,-0.00711,-0.88101,0.12121,-0.16251,-1.03416,0.16732
10.28,0.36485,-0.38705,0.02846,0.43038,0.05377,0.02974,0.35753,0.26892,0.04301,0.43961,-0.01576,-0.16535,0.48485,-0.24999,-0.21353,0.23974,-0.3451,-0.18177,0.10034,-0.4177,-0.1018,0.36309,-0.0055,0.21666,0.19663,-0.17474,0.27031,0.03784,-0.01719,0.12855,-0.0241,0.07724,-0.0069,0.33448,-0.46255,-0.0534,-0.04016,-0.47273,-0.19956,0.01707,-0.87207,-0.17641,-0.12576,-1.02088,-0.26116,0.32692,-0.4716,0.09728,-0.06136,-0.48861,0.20107,-0.00718,-0.88099,0.12111,-0.16262,-1.0341,0.16714
10.3,0.36489,-0.38707,0.02862,0.43082,0.05369,0.02976,0.3611,0.26993,0.04202,0.44042,-0.01598,-0.16526,0.48238,-0.25087,-0.21318,0.23681,-0.34492,-0.18187,0.09674,-0.41665,-0.1023,0.36306,-0.00539,0.21657,0.20099,-0.17886,0.2702,0.03359,-0.0271,0.13208,-0.03312,0.06546,-0.00239,0.33462,-0.46258,-0.05327,-0.03986,-0.47266,-0.19985,0.01706,-0.87203,-0.17644,-0.12577,-1.02079,-0.26127,0.32701,-0.47167,0.0974,-0.0613,-0.4886,0.2011,-0.00723,-0.88096,0.121,-0.16272,-1.03406,0.16697
10.32,0.365,-0.3872,0.0287,0.43083,0.05357,0.02988,0.36314,0.27055,0.04047,0.44117,-0.01618,-0.16507,0.48207,-0.2513,-0.21282,0.23655,-0.34553,-0.18162,0.09658,-0.4171,-0.1017,0.36238,-0.00544,0.21646,0.20928,-0.18623,0.2722,0.03852,-0.03771,0.13466,-0.03112,0.05379,0.00096,0.33494,-0.46274,-0.05324,-0.0392,-0.47268,-0.20071,0.01718,-0.87208,-0.17648,-0.12566,-1.02077,-0.26142,0.32703,-0.47181,0.09742,-0.0614,-0.48857,0.20071,-0.00725,-0.88098,0.12092,-0.16277,-1.03406,0.16682
10.34,0.36513,-0.38737,0.02874,0.43069,0.05344,0.03003,0.36463,0.271,0.03872,0.44187,-0.01638,-0.16486,0.48251,-0.25157,-0.21244,0.23728,-0.34654,-0.18125,0.09774,-0.41828,-0.10075,0.36153,-0.00554,0.21635,0.21934,-0.19414,0.27502,0.04697,-0.04794,0.13701,-0.02498,0.04276,0.00399,0.3353,-0.46295,-0.05325,-0.03844,-0.47273,-0.20173,0.01733,-0.87215,-0.17655,-0.12553,-1.02077,-0.26159,0.32702,-0.47197,0.09739,-0.06155,-0.48852,0.20018,-0.00726,-0.881,0.12084,-0.16281,-1.03408,0.16667
10.36,0.36525,-0.38752,0.02879,0.43065,0.05332,0.03014,0.36638,0.27148,0.03711,0.44254,-0.01657,-0.16467,0.4826,-0.2519,-0.21206,0.2376,-0.3475,-0.18095,0.09838,-0.41934,-0.09999,0.36084,-0.00562,0.21624,0.22906,-0.20083,0.27755,0.05415,-0.05754,0.13968,-0.02049,0.03204,0.00739,0.33562,-0.46313,-0.05324,-0.03777,-0.47275,-0.2026,0.01744,-0.8722,-0.17662,-0.12543,-1.02075,-0.26175,0.32703,-0.47212,0.09739,-0.06166,-0.48848,0.19974,-0.00728,-0.88102,0.12075,-0.16286,-1.03408,0.16651
10.38,0.36538,-0.38768,0.02886,0.43051,0.0532,0.0303,0.36826,0.27199,0.03541,0.44343,-0.01679,-0.16441,0.48274,-0.25227,-0.21173,0.23777,-0.34794,-0.18063,0.09873,-0.41956,-0.09917,0.3598,-0.00568,0.21608,0.23948,-0.20711,0.28075,0.06262,-0.0665,0.1426,-0.01455,0.02194,0.01099,0.33602,-0.46333,-0.05323,-0.03689,-0.47282,-0.20379,0.01763,-0.87229,-0.17668,-0.12525,-1.02077,-0.26192,0.32702,-0.47228,0.09738,-0.06183,-0.48843,0.19915,-0.00729,-0.88105,0.12066,-0.1629,-1.03411,0.16634
10.4,0.3655,-0.38783,0.02889,0.43053,0.05306,0.03039,0.36981,0.27232,0.03389,0.44386,-0.01696,-0.16428,0.48296,-0.25252,-0.21129,0.23849,-0.34951,-0.18033,0.09998,-0.42162,-0.0984,0.35945,-0.0058,0.21603,0.24974,-0.21242,0.28315,0.07016,-0.07493,0.14538,-0.00979,0.01214,0.01452,0.33629,-0.46351,-0.05323,-0.0364,-0.4728,-0.20434,0.01768,-0.8723,-0.17675,-0.12523,-1.0207,-0.26206,0.32705,-0.47243,0.09737,-0.06188,-0.48841,0.19887,-0.00731,-0.88106,0.12058,-0.16295,-1.0341,0.16622
10.42,0.36559,-0.38794,0.0288,0.431,0.0529,0.03031,0.37056,0.27224,0.03283,0.44296,-0.01694,-0.16452,0.48325,-0.25251,-0.2105,0.24068,-0.35435,-0.18015,0.10373,-0.42896,-0.09783,0.36112,-0.0061,0.21636,0.2587,-0.21667,0.28267,0.07372,-0.0838,0.14753,-0.00994,0.0013,0.0177,0.33617,-0.46359,-0.05327,-0.03706,-0.47253,-0.20306,0.01737,-0.87208,-0.17687,-0.12572,-1.02036,-0.26211,0.32722,-0.47252,0.09734,-0.06154,-0.48846,0.19949,-0.00735,-0.88104,0.12054,-0.16301,-1.03404,0.16622
10.44,0.36568,-0.38805,0.02868,0.43164,0.0527,0.03016,0.37097,0.272,0.03195,0.44162,-0.01687,-0.16487,0.48363,-0.25238,-0.20961,0.24358,-0.36022,-0.17999,0.10861,-0.43798,-0.09731,0.3635,-0.00646,0.21681,0.26722,-0.22054,0.28108,0.0762,-0.09286,0.14939,-0.01138,-0.00993,0.02074,0.33594,-0.46366,-0.05331,-0.0381,-0.4722,-0.20111,0.01694,-0.87179,-0.177,-0.12637,-1.01992,-0.26212,0.32744,-0.4726,0.09733,-0.06107,-0.48855,0.20042,-0.00739,-0.88101,0.12053,-0.16308,-1.03396,0.16628
10.46,0.36578,-0.38817,0.02856,0.43221,0.05251,0.03002,0.3715,0.2718,0.03098,0.44053,-0.01684,-0.16517,0.484,-0.25229,-0.20883,0.2463,-0.36538,-0.17984,0.11315,-0.44584,-0.09681,0.36553,-0.0068,0.21714,0.27602,-0.22426,0.27984,0.07956,-0.10169,0.15134,-0.01174,-0.02094,0.0239,0.33577,-0.46375,-0.05336,-0.03892,-0.47191,-0.1995,0.01657,-0.87154,-0.17713,-0.12694,-1.01954,-0.26215,0.32764,-0.4727,0.09729,-0.06066,-0.48863,0.20116,-0.00743,-0.88099,0.12049,-0.16315,-1.03388,0.16631
10.48,0.36585,-0.38827,0.02846,0.43275,0.05234,0.02994,0.37203,0.27163,0.02997,0.43924,-0.01675,-0.16542,0.48447,-0.25208,-0.20792,0.24965,-0.37123,-0.1797,0.11873,-0.45481,-0.0962,0.3677,-0.00717,0.21757,0.2854,-0.228,0.27834,0.08336,-0.11106,0.15329,-0.01176,-0.03274,0.02712,0.33556,-0.46381,-0.0534,-0.03984,-0.47156,-0.19775,0.01613,-0.87123,-0.17727,-0.12759,-1.01907,-0.2622,0.32784,-0.47279,0.09728,-0.06022,-0.48872,0.20205,-0.00747,-0.88095,0.12046,-0.16322,-1.03381,0.16634
10.5,0.36597,-0.38839,0.02833,0.43337,0.05215,0.02972,0.37243,0.27137,0.02913,0.43824,-0.01676,-0.16575,0.48481,-0.25199,-0.20731,0.25232,-0.37573,-0.17957,0.12305,-0.46162,-0.09584,0.36974,-0.00748,0.2178,0.2937,-0.23103,0.27675,0.08671,-0.1193,0.15508,-0.01191,-0.04321,0.03024,0.33541,-0.4639,-0.05345,-0.04064,-0.4713,-0.19612,0.01577,-0.87099,-0.17738,-0.12816,-1.0187,-0.2622,0.32805,-0.47287,0.09725,-0.05982,-0.48877,0.20273,-0.00752,-0.88092,0.12046,-0.16331,-1.03371,0.1664
10.52,0.36623,-0.38856,0.02812,0.4342,0.05189,0.02911,0.37255,0.27092,0.02874,0.43817,-0.01707,-0.16636,0.48475,-0.25237,-0.20752,0.25239,-0.37629,-0.1794,0.12279,-0.46212,-0.09613,0.37127,-0.00761,0.21747,0.29904,-0.23266,0.27549,0.08851,-0.12454,0.15667,-0.01297,-0.04997,0.03322,0.33546,-0.46411,-0.05354,-0.04109,-0.47127,-0.19489,0.01563,-0.87097,-0.17739,-0.12845,-1.0186,-0.26209,0.32831,-0.47293,0.09717,-0.05954,-0.48868,0.20274,-0.00758,-0.88088,0.12053,-0.16347,-1.03354,0.16654
10.54,0.36654,-0.38874,0.02788,0.43509,0.05162,0.02836,0.37259,0.2704,0.02851,0.4384,-0.01748,-0.16707,0.48452,-0.25291,-0.20802,0.25156,-0.37552,-0.17923,0.12097,-0.46052,-0.09666,0.37264,-0.00766,0.21695,0.3032,-0.23376,0.27432,0.08967,-0.12866,0.15816,-0.01439,-0.05535,0.03611,0.33558,-0.46436,-0.05365,-0.04141,-0.47132,-0.19382,0.01557,-0.87103,-0.17737,-0.12866,-1.01858,-0.26195,0.32858,-0.47297,0.09708,-0.05931,-0.48854,0.20253,-0.00763,-0.88085,0.12063,-0.16365,-1.03335,0.16672
10.56,0.36681,-0.38891,0.02766,0.43593,0.05136,0.02769,0.37268,0.26993,0.02821,0.43846,-0.01783,-0.16772,0.48434,-0.25336,-0.20839,0.25116,-0.37542,-0.17907,0.11994,-0.46,-0.09706,0.37406,-0.00775,0.21652,0.30785,-0.23502,0.27308,0.09124,-0.13325,0.15969,-0.01542,-0.06137,0.03905,0.33566,-0.46458,-0.05375,-0.04178,-0.47133,-0.19273,0.01546,-0.87104,-0.17736,-0.12891,-1.01852,-0.26183,0.32883,-0.47301,0.097,-0.05907,-0.48843,0.20243,-0.00768,-0.88081,0.12071,-0.16383,-1.03318,0.16687
10.58,0.36713,-0.38911,0.0274,0.43684,0.05107,0.02694,0.3727,0.26937,0.02792,0.43858,-0.01824,-0.16844,0.48428,-0.25386,-0.20876,0.25073,-0.37509,-0.1789,0.11865,-0.45899,-0.09757,0.37557,-0.00786,0.21602,0.31281,-0.23631,0.2717,0.09295,-0.13827,0.16133,-0.01654,-0.06804,0.04225,0.33577,-0.46484,-0.05388,-0.04219,-0.47134,-0.19143,0.01536,-0.87106,-0.17737,-0.12919,-1.01845,-0.2617,0.32913,-0.47308,0.09689,-0.05879,-0.4883,0.20229,-0.00773,-0.88078,0.1208,-0.16401,-1.03299,0.16704
10.6,0.36737,-0.38925,0.02721,0.43763,0.05084,0.02632,0.37286,0.26896,0.02767,0.43868,-0.01856,-0.16903,0.48393,-0.25429,-0.2092,0.25014,-0.37491,-0.17876,0.11754,-0.45846,-0.09792,0.37686,-0.00792,0.21562,0.31689,-0.23729,0.27059,0.09449,-0.14221,0.16275,-0.01722,-0.07325,0.04501,0.33584,-0.46503,-0.05396,-0.04246,-0.47135,-0.19059,0.01526,-0.87108,-0.17735,-0.1294,-1.0184,-0.26158,0.32934,-0.4731,0.09683,-0.0586,-0.4882,0.20217,-0.00778,-0.88075,0.12089,-0.16415,-1.03284,0.16719
10.62,0.36739,-0.38925,0.02718,0.43806,0.05078,0.02609,0.37338,0.26892,0.02747,0.43868,-0.01866,-0.16925,0.48283,-0.25453,-0.20983,0.24934,-0.37555,-0.17874,0.11734,-0.45995,-0.0978,0.37759,-0.0079,0.21551,0.31889,-0.23765,0.27026,0.09559,-0.14339,0.16356,-0.01682,-0.07453,0.04642,0.3358,-0.46504,-0.05395,-0.04233,-0.47137,-0.19105,0.01518,-0.87111,-0.17728,-0.12946,-1.01844,-0.26153,0.32932,-0.47305,0.09684,-0.05864,-0.4882,0.2021,-0.0078,-0.88078,0.12094,-0.16417,-1.03286,0.16725
10.64,0.36733,-0.38919,0.02721,0.43836,0.05078,0.02599,0.37403,0.26903,0.02729,0.43867,-0.01867,-0.16934,0.48146,-0.25469,-0.21054,0.2484,-0.37638,-0.17879,0.11736,-0.46197,-0.09755,0.3781,-0.00783,0.2155,0.32001,-0.23775,0.27023,0.09642,-0.14349,0.16414,-0.01612,-0.07428,0.04734,0.33571,-0.46499,-0.0539,-0.04206,-0.47139,-0.19199,0.01511,-0.87113,-0.17719,-0.12946,-1.01851,-0.26149,0.32923,-0.47296,0.09689,-0.05876,-0.48823,0.20204,-0.00781,-0.88081,0.12097,-0.16415,-1.03293,0.16726
10.66,0.3673,-0.38916,0.02722,0.43871,0.05074,0.02584,0.37463,0.26906,0.02711,0.43865,-0.01873,-0.16949,0.48022,-0.25488,-0.21119,0.24752,-0.37708,-0.17882,0.11725,-0.46367,-0.09741,0.3787,-0.00779,0.21545,0.32149,-0.23795,0.27007,0.09733,-0.14407,0.16483,-0.01561,-0.07474,0.04849,0.33564,-0.46497,-0.05386,-0.04187,-0.4714,-0.19268,0.01503,-0.87116,-0.1771,-0.12949,-1.01857,-0.26144,0.32916,-0.47288,0.09693,-0.05884,-0.48824,0.20198,-0.00783,-0.88083,0.12102,-0.16416,-1.03298,0.1673
10.68,0.36728,-0.38913,0.02722,0.43907,0.05071,0.02568,0.3752,0.26909,0.0269,0.43865,-0.01878,-0.16964,0.47889,-0.25506,-0.21189,0.2466,-0.37787,-0.17884,0.11721,-0.4656,-0.09723,0.3793,-0.00775,0.21539,0.32311,-0.2382,0.26985,0.09841,-0.14465,0.1655,-0.01489,-0.07509,0.04965,0.33557,-0.46495,-0.05384,-0.04163,-0.47143,-0.19348,0.01494,-0.8712,-0.17701,-0.12953,-1.01863,-0.2614,0.3291,-0.47281,0.09696,-0.05893,-0.48826,0.20191,-0.00786,-0.88087,0.12107,-0.16416,-1.03304,0.16735
10.7,0.36722,-0.38909,0.02724,0.43939,0.05069,0.02555,0.37585,0.26917,0.02675,0.43861,-0.01882,-0.16976,0.47769,-0.25521,-0.2125,0.24574,-0.37852,-0.17894,0.1171,-0.4672,-0.09719,0.37986,-0.0077,0.21535,0.32423,-0.23829,0.26981,0.0991,-0.14501,0.16615,-0.01451,-0.07534,0.05066,0.33548,-0.46492,-0.0538,-0.04145,-0.47144,-0.19417,0.01487,-0.87121,-0.17694,-0.12954,-1.01868,-0.26137,0.32901,-0.47274,0.097,-0.05904,-0.48828,0.20187,-0.00787,-0.88089,0.1211,-0.16415,-1.03309,0.16736
10.72,0.36703,-0.38909,0.02733,0.4396,0.05062,0.02548,0.37671,0.26929,0.02679,0.4384,-0.0189,-0.16982,0.47688,-0.25533,-0.21288,0.24503,-0.37881,-0.17923,0.11668,-0.46785,-0.0974,0.38036,-0.0077,0.2154,0.32412,-0.23806,0.2702,0.09871,-0.14507,0.16688,-0.01519,-0.07573,0.05148,0.3353,-0.46493,-0.0537,-0.0415,-0.47144,-0.19441,0.01482,-0.8712,-0.17688,-0.12951,-1.01871,-0.26135,0.32884,-0.47274,0.0971,-0.05921,-0.48832,0.20196,-0.0079,-0.88089,0.1211,-0.16414,-1.03314,0.16732
10.74,0.3668,-0.38909,0.02744,0.43977,0.05056,0.02545,0.37764,0.26944,0.0269,0.43815,-0.01897,-0.16985,0.4762,-0.25542,-0.21316,0.24438,-0.37896,-0.17959,0.11617,-0.46816,-0.09771,0.38082,-0.00771,0.21547,0.32354,-0.2377,0.27075,0.09794,-0.14497,0.16761,-0.01621,-0.07609,0.05218,0.33509,-0.46494,-0.05358,-0.04163,-0.47142,-0.19452,0.01479,-0.87116,-0.17684,-0.12946,-1.01873,-0.26135,0.32865,-0.47275,0.09722,-0.05939,-0.48836,0.2021,-0.00793,-0.88088,0.12108,-0.16412,-1.03319,0.16726
10.76,0.36659,-0.38909,0.02754,0.43996,0.05049,0.0254,0.37852,0.26957,0.02696,0.43794,-0.01904,-0.16989,0.47547,-0.25553,-0.21345,0.2437,-0.37918,-0.17991,0.1157,-0.46863,-0.09798,0.38128,-0.00771,0.21553,0.32318,-0.2374,0.27122,0.09735,-0.14494,0.16833,-0.01705,-0.07646,0.05291,0.3349,-0.46496,-0.05348,-0.04172,-0.47141,-0.19469,0.01475,-0.87113,-0.17679,-0.12943,-1.01875,-0.26134,0.32847,-0.47276,0.09732,-0.05957,-0.4884,0.20221,-0.00796,-0.88087,0.12107,-0.16411,-1.03324,0.16721
10.78,0.36635,-0.38909,0.02764,0.44012,0.05042,0.02533,0.37947,0.26972,0.02703,0.43763,-0.01912,-0.16996,0.47468,-0.25562,-0.21386,0.24298,-0.37939,-0.18029,0.11521,-0.46908,-0.09827,0.38179,-0.00772,0.21558,0.32275,-0.23705,0.27175,0.09668,-0.14485,0.16915,-0.018,-0.07677,0.05377,0.33467,-0.46497,-0.05337,-0.04184,-0.4714,-0.19485,0.0147,-0.8711,-0.17674,-0.12939,-1.01878,-0.26133,0.32826,-0.47277,0.09743,-0.05977,-0.48844,0.20233,-0.00799,-0.88086,0.12106,-0.1641,-1.03329,0.16715
10.8,0.36616,-0.38908,0.02774,0.44032,0.05037,0.02532,0.38029,0.26983,0.02711,0.43749,-0.01918,-0.16996,0.47404,-0.25572,-0.21402,0.24236,-0.37956,-0.18055,0.11473,-0.46946,-0.09854,0.3822,-0.00772,0.21565,0.32237,-0.23675,0.2722,0.09611,-0.14484,0.16977,-0.01881,-0.07719,0.05438,0.33451,-0.46497,-0.05327,-0.04191,-0.47138,-0.19501,0.01467,-0.87107,-0.1767,-0.12936,-1.01878,-0.26132,0.3281,-0.47277,0.09753,-0.05993,-0.48846,0.20245,-0.00802,-0.88084,0.12105,-0.16409,-1.03332,0.1671
10.82,0.36612,-0.38905,0.02779,0.44062,0.05034,0.02544,0.3808,0.26986,0.02713,0.43784,-0.01919,-0.16985,0.47378,-0.2559,-0.21355,0.24202,-0.37971,-0.18048,0.11429,-0.46972,-0.09874,0.38236,-0.00772,0.21574,0.32228,-0.23666,0.27236,0.09592,-0.14515,0.16981,-0.01913,-0.07796,0.05428,0.3345,-0.46494,-0.05323,-0.04182,-0.47135,-0.19523,0.01467,-0.87103,-0.1767,-0.12936,-1.01873,-0.26136,0.3281,-0.47277,0.09757,-0.05993,-0.48844,0.2025,-0.00802,-0.88081,0.12103,-0.16408,-1.0333,0.16705
10.84,0.36612,-0.38901,0.02783,0.44094,0.05032,0.02562,0.38116,0.26986,0.02715,0.43835,-0.01918,-0.16968,0.47365,-0.25608,-0.21284,0.24179,-0.37982,-0.18029,0.11387,-0.4699,-0.09892,0.38241,-0.00771,0.21584,0.32225,-0.23664,0.27243,0.09583,-0.14555,0.16964,-0.0193,-0.07885,0.0539,0.33453,-0.4649,-0.05321,-0.0417,-0.4713,-0.19545,0.01468,-0.871,-0.17672,-0.12937,-1.01866,-0.26141,0.32813,-0.47276,0.09759,-0.05989,-0.48841,0.20253,-0.00802,-0.88077,0.121,-0.1641,-1.03324,0.16701
10.86,0.36611,-0.38898,0.02788,0.44126,0.0503,0.02577,0.38158,0.26986,0.02717,0.43878,-0.01918,-0.16954,0.47348,-0.25626,-0.21223,0.24153,-0.37995,-0.18014,0.11345,-0.4701,-0.0991,0.38252,-0.00771,0.21594,0.3222,-0.23659,0.27255,0.0957,-0.14592,0.16956,-0.01953,-0.07969,0.05365,0.33456,-0.46487,-0.05317,-0.04158,-0.47126,-0.19566,0.01469,-0.87096,-0.17672,-0.12936,-1.0186,-0.26144,0.32815,-0.47276,0.09763,-0.05987,-0.48838,0.20257,-0.00801,-0.88073,0.12098,-0.1641,-1.03321,0.16697
10.88,0.36608,-0.38893,0.02792,0.44158,0.05029,0.02592,0.38205,0.26989,0.02718,0.43923,-0.01917,-0.1694,0.47323,-0.25643,-0.21164,0.24118,-0.38007,-0.18001,0.11299,-0.47033,-0.09927,0.38263,-0.00769,0.21603,0.32212,-0.23652,0.27268,0.09554,-0.14625,0.16951,-0.01977,-0.0805,0.0534,0.33456,-0.46482,-0.05315,-0.04148,-0.47121,-0.19588,0.0147,-0.87092,-0.17673,-0.12937,-1.01853,-0.26148,0.32816,-0.47274,0.09765,-0.05985,-0.48835,0.20264,-0.00801,-0.88068,0.12095,-0.1641,-1.03316,0.16693
10.9,0.3661,-0.38891,0.02797,0.44188,0.05026,0.02609,0.38239,0.26988,0.02722,0.43968,-0.01918,-0.16924,0.47317,-0.2566,-0.21098,0.24103,-0.38019,-0.17982,0.11263,-0.47049,-0.09947,0.3827,-0.0077,0.21613,0.32212,-0.23651,0.27275,0.09547,-0.14669,0.16934,-0.01995,-0.08141,0.05308,0.33461,-0.46479,-0.05311,-0.04134,-0.47118,-0.19609,0.01471,-0.87089,-0.17675,-0.12936,-1.01847,-0.26153,0.32821,-0.47274,0.09768,-0.05982,-0.48832,0.20263,-0.00801,-0.88065,0.12093,-0.16411,-1.03312,0.16689
10.92,0.36623,-0.38897,0.02805,0.44209,0.05019,0.02629,0.38241,0.26976,0.02736,0.44011,-0.01924,-0.16905,0.47359,-0.25676,-0.21021,0.24137,-0.38029,-0.17946,0.11251,-0.4705,-0.09974,0.38267,-0.00777,0.21626,0.32229,-0.23668,0.27271,0.09559,-0.14743,0.16893,-0.02001,-0.08256,0.05262,0.33474,-0.46483,-0.05306,-0.04112,-0.47118,-0.19625,0.01474,-0.87091,-0.17678,-0.12936,-1.01844,-0.2616,0.32831,-0.47282,0.09773,-0.05978,-0.4883,0.20246,-0.00802,-0.88067,0.12092,-0.16418,-1.03309,0.16684
10.94,0.36641,-0.38905,0.02814,0.44227,0.05011,0.02651,0.38233,0.2696,0.02754,0.44053,-0.01931,-0.16883,0.4742,-0.2569,-0.20938,0.2419,-0.38038,-0.17903,0.11248,-0.47044,-0.10005,0.3826,-0.00787,0.2164,0.32253,-0.23691,0.27263,0.09579,-0.14827,0.16841,-0.02002,-0.08379,0.05209,0.33492,-0.46487,-0.05299,-0.04087,-0.47118,-0.1964,0.01479,-0.87093,-0.17681,-0.12935,-1.01841,-0.26168,0.32845,-0.4729,0.09779,-0.05972,-0.48827,0.20221,-0.00802,-0.8807,0.12091,-0.16426,-1.03306,0.16679
10.96,0.36657,-0.38912,0.02823,0.44246,0.05003,0.02673,0.3823,0.26947,0.02771,0.44096,-0.01936,-0.16862,0.47472,-0.25705,-0.20858,0.24234,-0.38047,-0.17863,0.11242,-0.47041,-0.10034,0.38256,-0.00795,0.21654,0.32275,-0.23711,0.27257,0.09596,-0.14907,0.16794,-0.02003,-0.08498,0.05159,0.33508,-0.46492,-0.05293,-0.04063,-0.47118,-0.19655,0.01483,-0.87095,-0.17684,-0.12933,-1.01838,-0.26174,0.32858,-0.47298,0.09786,-0.05967,-0.48824,0.20199,-0.00803,-0.88072,0.12091,-0.16432,-1.03303,0.16675
10.98,0.36675,-0.38921,0.02832,0.44267,0.04994,0.02693,0.38225,0.2693,0.02785,0.44142,-0.01945,-0.16842,0.47529,-0.25722,-0.20776,0.24282,-0.38059,-0.17823,0.11239,-0.4704,-0.10064,0.38252,-0.00805,0.21667,0.32298,-0.23733,0.2725,0.09615,-0.14989,0.16745,-0.02005,-0.08623,0.05108,0.33525,-0.46498,-0.05287,-0.04037,-0.47119,-0.1967,0.01488,-0.87099,-0.17687,-0.12932,-1.01835,-0.26183,0.32873,-0.47308,0.09792,-0.0596,-0.48823,0.2018,-0.00803,-0.88075,0.1209,-0.1644,-1.033,0.1667
11,0.36689,-0.38927,0.0284,0.44283,0.04988,0.02716,0.38222,0.26919,0.02805,0.44181,-0.01949,-0.1682,0.47578,-0.25734,-0.20698,0.24324,-0.38065,-0.17782,0.11231,-0.47035,-0.10095,0.38245,-0.00814,0.21681,0.32319,-0.23754,0.27243,0.09633,-0.15068,0.16698,-0.02004,-0.08736,0.05058,0.3354,-0.46501,-0.05281,-0.04015,-0.47119,-0.19686,0.01492,-0.87101,-0.1769,-0.12931,-1.01832,-0.26189,0.32884,-0.47315,0.09797,-0.05958,-0.48819,0.20153,-0.00804,-0.88078,0.1209,-0.16446,-1.03297,0.16666
11.02,0.36691,-0.38925,0.02843,0.44287,0.04989,0.02743,0.38227,0.26921,0.02839,0.44205,-0.0194,-0.16796,0.47605,-0.25731,-0.20632,0.24343,-0.38054,-0.1774,0.11203,-0.47022,-0.10131,0.38229,-0.00819,0.217,0.32332,-0.23772,0.27238,0.09647,-0.15134,0.16653,-0.02005,-0.08826,0.05016,0.33545,-0.46498,-0.05281,-0.04001,-0.47116,-0.19709,0.01493,-0.87098,-0.17691,-0.12929,-1.01829,-0.26192,0.32885,-0.47315,0.09797,-0.05972,-0.48809,0.201,-0.00804,-0.88077,0.12089,-0.16449,-1.03295,0.16662
11.04,0.36688,-0.38921,0.02845,0.44286,0.04993,0.02773,0.38232,0.26926,0.0288,0.44222,-0.01927,-0.1677,0.47622,-0.25724,-0.20572,0.24353,-0.38037,-0.17697,0.11169,-0.47008,-0.10169,0.3821,-0.00823,0.21721,0.32343,-0.23791,0.27232,0.09659,-0.15196,0.16609,-0.02005,-0.08902,0.04976,0.33546,-0.46492,-0.05281,-0.0399,-0.47112,-0.19734,0.01493,-0.87095,-0.1769,-0.12928,-1.01826,-0.26193,0.32881,-0.47314,0.09796,-0.05991,-0.48798,0.20039,-0.00806,-0.88076,0.12089,-0.16453,-1.03294,0.16658
11.06,0.36688,-0.38919,0.02847,0.44287,0.04995,0.028,0.38238,0.26929,0.02917,0.44242,-0.01917,-0.16745,0.47643,-0.2572,-0.20511,0.24367,-0.38024,-0.17656,0.11139,-0.46996,-0.10206,0.38193,-0.00829,0.2174,0.32356,-0.23812,0.27224,0.09672,-0.15259,0.16566,-0.02,-0.0898,0.04933,0.33549,-0.46489,-0.05282,-0.03978,-0.4711,-0.19757,0.01494,-0.87093,-0.17691,-0.12926,-1.01824,-0.26195,0.32881,-0.47314,0.09795,-0.06007,-0.48789,0.19983,-0.00807,-0.88076,0.12089,-0.16455,-1.03293,0.16654
11.08,0.36688,-0.38916,0.0285,0.44289,0.04998,0.0283,0.38245,0.26933,0.02956,0.44265,-0.01906,-0.16718,0.47668,-0.25715,-0.20443,0.24384,-0.38008,-0.17609,0.11107,-0.46979,-0.10245,0.38174,-0.00834,0.21761,0.32369,-0.23829,0.27226,0.09688,-0.15328,0.16518,-0.0201,-0.09081,0.04895,0.33553,-0.46484,-0.05282,-0.03964,-0.47107,-0.19783,0.01495,-0.8709,-0.17691,-0.12924,-1.01821,-0.26197,0.3288,-0.47313,0.09794,-0.06024,-0.48777,0.19919,-0.00808,-0.88075,0.12089,-0.16459,-1.03292,0.1665
11.1,0.36686,-0.38913,0.02851,0.44288,0.05,0.02857,0.38248,0.26937,0.02993,0.4428,-0.01895,-0.16694,0.47681,-0.25708,-0.20391,0.24392,-0.37996,-0.17574,0.11079,-0.46971,-0.1028,0.38157,-0.0084,0.2178,0.32381,-0.23851,0.27207,0.09698,-0.15382,0.1648,-0.0199,-0.0913,0.04848,0.33555,-0.4648,-0.05283,-0.03955,-0.47104,-0.19805,0.01495,-0.87087,-0.17692,-0.12924,-1.01818,-0.26199,0.32878,-0.47312,0.09792,-0.06039,-0.48769,0.19871,-0.0081,-0.88074,0.12088,-0.16461,-1.0329,0.16647
11.12,0.36682,-0.38913,0.02849,0.44285,0.05,0.0288,0.38246,0.26937,0.0302,0.44279,-0.01884,-0.16675,0.47661,-0.25699,-0.20383,0.24379,-0.38,-0.17567,0.11063,-0.46989,-0.10297,0.38151,-0.0085,0.21799,0.32395,-0.2389,0.27126,0.09691,-0.15392,0.16466,-0.01876,-0.09032,0.04772,0.33555,-0.46479,-0.05288,-0.03954,-0.47102,-0.19811,0.01495,-0.87085,-0.17693,-0.12924,-1.01817,-0.26198,0.32873,-0.47315,0.09788,-0.06043,-0.48769,0.1987,-0.00811,-0.88074,0.12085,-0.16461,-1.03291,0.16644
11.14,0.36676,-0.38915,0.02845,0.44279,0.04998,0.029,0.3824,0.26935,0.03045,0.44271,-0.01875,-0.16659,0.47629,-0.25689,-0.20393,0.24357,-0.38009,-0.17572,0.11051,-0.47018,-0.10309,0.38148,-0.00863,0.21817,0.32409,-0.23934,0.27025,0.09679,-0.15387,0.16461,-0.0173,-0.08881,0.04693,0.33553,-0.46481,-0.05294,-0.03958,-0.47102,-0.19813,0.01494,-0.87085,-0.17694,-0.12925,-1.01818,-0.26198,0.32867,-0.47319,0.09781,-0.06043,-0.48775,0.19885,-0.00811,-0.88076,0.1208,-0.16459,-1.03295,0.16642
11.16,0.36672,-0.38915,0.02843,0.44275,0.04998,0.02923,0.38236,0.26935,0.03072,0.44266,-0.01864,-0.1664,0.47604,-0.25677,-0.20393,0.24341,-0.38015,-0.17571,0.11039,-0.47041,-0.10322,0.38145,-0.00874,0.21837,0.32425,-0.23974,0.26937,0.09671,-0.1539,0.16454,-0.016,-0.08753,0.04626,0.33553,-0.4648,-0.05298,-0.03958,-0.471,-0.19816,0.01495,-0.87083,-0.17694,-0.12924,-1.01817,-0.26196,0.32863,-0.47321,0.09776,-0.06043,-0.48777,0.19896,-0.00811,-0.88075,0.12078,-0.16457,-1.03296,0.1664
11.18,0.36666,-0.38917,0.02839,0.44271,0.04996,0.02945,0.38233,0.26933,0.03097,0.44262,-0.01855,-0.16622,0.47576,-0.25668,-0.20395,0.24322,-0.38023,-0.17571,0.11023,-0.47066,-0.10338,0.38139,-0.00887,0.21855,0.32439,-0.24018,0.26833,0.09659,-0.15391,0.16442,-0.0145,-0.08598,0.0455,0.33551,-0.46481,-0.05305,-0.03961,-0.471,-0.1982,0.01494,-0.87083,-0.17696,-0.12925,-1.01817,-0.26196,0.32856,-0.47325,0.0977,-0.06047,-0.4878,0.19899,-0.00813,-0.88077,0.12073,-0.16456,-1.03299,0.16637
11.2,0.36662,-0.38917,0.02837,0.44264,0.04996,0.02966,0.38226,0.26933,0.03125,0.44253,-0.01844,-0.16605,0.47548,-0.25656,-0.204,0.24305,-0.38029,-0.17574,0.11013,-0.4709,-0.10348,0.38137,-0.00898,0.21874,0.32454,-0.24053,0.26756,0.09652,-0.15393,0.16441,-0.01331,-0.08476,0.04504,0.33551,-0.4648,-0.05309,-0.03962,-0.47099,-0.19822,0.01495,-0.87081,-0.17696,-0.12925,-1.01816,-0.26195,0.32853,-0.47327,0.09765,-0.06044,-0.48785,0.19919,-0.00812,-0.88077,0.1207,-0.16454,-1.03301,0.16636
11.22,0.36664,-0.38915,0.02838,0.44253,0.05,0.02981,0.38205,0.26934,0.03162,0.44231,-0.01831,-0.16593,0.47523,-0.2564,-0.20413,0.2429,-0.38032,-0.17583,0.11019,-0.47115,-0.10348,0.3814,-0.00903,0.2189,0.32468,-0.24065,0.26756,0.09657,-0.15402,0.16463,-0.01309,-0.08463,0.04522,0.33554,-0.46478,-0.05309,-0.03959,-0.47098,-0.19821,0.01498,-0.8708,-0.17697,-0.12921,-1.01815,-0.26196,0.32859,-0.47327,0.09765,-0.0602,-0.48796,0.19985,-0.00805,-0.88077,0.1207,-0.16444,-1.03303,0.1664
11.24,0.36667,-0.38913,0.0284,0.4424,0.05005,0.02994,0.38179,0.26936,0.03203,0.44203,-0.01818,-0.16582,0.47497,-0.25623,-0.20429,0.24276,-0.38035,-0.17595,0.11028,-0.47139,-0.10344,0.38144,-0.00908,0.21906,0.3248,-0.2407,0.26783,0.09665,-0.15414,0.16495,-0.01323,-0.08492,0.04565,0.33557,-0.46475,-0.05307,-0.03957,-0.47098,-0.19818,0.01502,-0.8708,-0.17698,-0.12917,-1.01814,-0.26198,0.32867,-0.47328,0.09767,-0.05991,-0.4881,0.20067,-0.00797,-0.88078,0.1207,-0.16432,-1.03306,0.16646
11.26,0.3667,-0.38911,0.02842,0.44228,0.0501,0.03008,0.38155,0.26937,0.03242,0.44179,-0.01806,-0.16571,0.47472,-0.25606,-0.20444,0.24262,-0.38038,-0.17605,0.11035,-0.47162,-0.10341,0.38149,-0.00914,0.21923,0.32494,-0.24078,0.26799,0.09672,-0.15425,0.16523,-0.01324,-0.08506,0.04598,0.3356,-0.46473,-0.05306,-0.03954,-0.47097,-0.19815,0.01507,-0.87079,-0.17698,-0.12912,-1.01814,-0.26199,0.32875,-0.47329,0.09769,-0.05963,-0.48823,0.2014,-0.0079,-0.88078,0.12071,-0.16422,-1.03308,0.16651
11.28,0.36673,-0.38909,0.02843,0.44216,0.05014,0.03022,0.38132,0.26938,0.03282,0.44154,-0.01793,-0.1656,0.47447,-0.2559,-0.20459,0.24248,-0.38042,-0.17619,0.11048,-0.47193,-0.10339,0.38153,-0.00919,0.21938,0.32508,-0.24087,0.26808,0.09679,-0.15432,0.1655,-0.01309,-0.08502,0.04624,0.33563,-0.4647,-0.05305,-0.03951,-0.47096,-0.19815,0.01511,-0.87078,-0.17699,-0.12908,-1.01813,-0.262,0.32883,-0.47329,0.09769,-0.05933,-0.48837,0.20221,-0.00782,-0.88078,0.12071,-0.16411,-1.0331,0.16656
11.3,0.36675,-0.38906,0.02845,0.44202,0.0502,0.03035,0.38107,0.2694,0.03319,0.44127,-0.0178,-0.16549,0.47421,-0.25571,-0.20474,0.24234,-0.38044,-0.17626,0.11048,-0.47207,-0.10335,0.38156,-0.00923,0.21954,0.3252,-0.2409,0.26838,0.09686,-0.15449,0.1658,-0.01335,-0.08544,0.04669,0.33565,-0.46467,-0.05304,-0.0395,-0.47095,-0.1981,0.01515,-0.87077,-0.177,-0.12904,-1.01811,-0.26202,0.3289,-0.47329,0.09771,-0.05909,-0.48848,0.20288,-0.00776,-0.88078,0.12071,-0.16401,-1.03311,0.1666
11.32,0.36669,-0.38902,0.0285,0.44177,0.05027,0.03051,0.38074,0.26945,0.03348,0.44087,-0.01764,-0.16536,0.47388,-0.2555,-0.2049,0.24215,-0.38044,-0.17616,0.11005,-0.47173,-0.10327,0.38153,-0.00927,0.21974,0.3252,-0.24079,0.2693,0.09689,-0.15493,0.16617,-0.01476,-0.08716,0.04768,0.33561,-0.46463,-0.05299,-0.0396,-0.47093,-0.1979,0.01513,-0.87075,-0.17699,-0.12905,-1.01809,-0.26202,0.32888,-0.47327,0.09775,-0.05904,-0.48852,0.20313,-0.00777,-0.88078,0.12071,-0.16401,-1.03312,0.1666
11.34,0.36661,-0.38897,0.02855,0.4415,0.05035,0.03067,0.38039,0.26951,0.03372,0.44043,-0.01748,-0.16523,0.47352,-0.25528,-0.20507,0.24195,-0.38043,-0.17601,0.10948,-0.47123,-0.10318,0.38147,-0.00929,0.21993,0.32516,-0.24062,0.27041,0.09691,-0.15547,0.16657,-0.01653,-0.08928,0.04889,0.33555,-0.46457,-0.05295,-0.03974,-0.4709,-0.19766,0.0151,-0.87072,-0.17699,-0.12908,-1.01806,-0.26202,0.32884,-0.47325,0.09779,-0.05906,-0.48854,0.20322,-0.0078,-0.88077,0.12069,-0.16404,-1.03312,0.16657
11.36,0.36654,-0.38892,0.02859,0.44124,0.05043,0.03082,0.38005,0.26956,0.03398,0.44001,-0.01732,-0.16511,0.47318,-0.25506,-0.20523,0.24175,-0.38042,-0.1759,0.109,-0.47083,-0.10311,0.38143,-0.00931,0.22011,0.32516,-0.24048,0.27137,0.09694,-0.15596,0.16694,-0.01802,-0.09109,0.05001,0.33549,-0.46452,-0.05292,-0.03987,-0.47088,-0.19744,0.01509,-0.87069,-0.177,-0.12909,-1.01803,-0.26203,0.32881,-0.47323,0.09782,-0.05906,-0.48856,0.20337,-0.00782,-0.88076,0.12067,-0.16405,-1.03312,0.16655
11.38,0.36647,-0.38887,0.02864,0.44098,0.05052,0.03098,0.37973,0.26963,0.03425,0.43958,-0.01716,-0.16498,0.47283,-0.25483,-0.20544,0.24157,-0.38041,-0.17577,0.10843,-0.4703,-0.10302,0.38138,-0.00934,0.2203,0.32512,-0.24028,0.27257,0.09699,-0.1565,0.16735,-0.01984,-0.09323,0.0514,0.33544,-0.46447,-0.05288,-0.03999,-0.47085,-0.19721,0.01506,-0.87066,-0.17701,-0.12912,-1.018,-0.26204,0.32879,-0.4732,0.09786,-0.05904,-0.48859,0.20355,-0.00784,-0.88075,0.12066,-0.16407,-1.03312,0.16654
11.4,0.36639,-0.38883,0.02869,0.44072,0.05059,0.03113,0.37936,0.26967,0.03451,0.43916,-0.01701,-0.16485,0.47248,-0.25464,-0.20552,0.24136,-0.38041,-0.17563,0.108,-0.47002,-0.10294,0.38132,-0.00936,0.22049,0.32514,-0.24019,0.27334,0.097,-0.15697,0.16772,-0.02102,-0.09469,0.05243,0.33537,-0.46443,-0.05284,-0.04013,-0.47083,-0.19699,0.01504,-0.87063,-0.17701,-0.12914,-1.01797,-0.26204,0.32875,-0.47319,0.0979,-0.05907,-0.48861,0.20365,-0.00786,-0.88075,0.12065,-0.16409,-1.03312,0.16651
11.42,0.3663,-0.38882,0.02876,0.44048,0.05062,0.03128,0.3789,0.26964,0.03478,0.4388,-0.01691,-0.16472,0.47216,-0.25456,-0.20524,0.24107,-0.38042,-0.17547,0.10801,-0.47053,-0.10285,0.38124,-0.00941,0.22067,0.32541,-0.24048,0.2728,0.09692,-0.1572,0.16799,-0.02026,-0.09419,0.05225,0.33528,-0.46441,-0.05277,-0.04027,-0.47083,-0.19678,0.01504,-0.87063,-0.17699,-0.12912,-1.01798,-0.26203,0.32869,-0.4732,0.09797,-0.05916,-0.48859,0.2036,-0.00786,-0.88073,0.12064,-0.16408,-1.03312,0.16647
11.44,0.3662,-0.38882,0.02884,0.44024,0.05064,0.03144,0.3784,0.26959,0.03506,0.43846,-0.01684,-0.16458,0.47185,-0.25453,-0.20483,0.24076,-0.38045,-0.17528,0.10815,-0.4713,-0.10276,0.38114,-0.00946,0.22084,0.32574,-0.24089,0.27185,0.09679,-0.15736,0.16822,-0.01889,-0.09299,0.05171,0.33518,-0.46441,-0.05269,-0.04043,-0.47084,-0.19657,0.01503,-0.87062,-0.17696,-0.12911,-1.01799,-0.26201,0.32862,-0.47321,0.09805,-0.05929,-0.48856,0.20348,-0.00786,-0.8807,0.12063,-0.16407,-1.03311,0.16642
11.46,0.3661,-0.38882,0.02892,0.43999,0.05067,0.03159,0.37792,0.26954,0.03534,0.43811,-0.01676,-0.16444,0.47153,-0.25448,-0.20448,0.24046,-0.38047,-0.1751,0.10821,-0.47191,-0.10266,0.38104,-0.00951,0.22102,0.32601,-0.24122,0.27115,0.09668,-0.15756,0.16847,-0.01788,-0.09214,0.05145,0.33508,-0.46441,-0.05262,-0.04058,-0.47086,-0.19636,0.01502,-0.87062,-0.17693,-0.1291,-1.01801,-0.26199,0.32855,-0.47323,0.09812,-0.05941,-0.48854,0.20338,-0.00786,-0.88069,0.12063,-0.16407,-1.03311,0.16637
11.48,0.366,-0.38882,0.029,0.43976,0.05069,0.03175,0.37744,0.26949,0.03562,0.43775,-0.01668,-0.1643,0.4712,-0.25444,-0.20409,0.24014,-0.3805,-0.17491,0.10836,-0.47269,-0.10257,0.38096,-0.00956,0.2212,0.32638,-0.24162,0.27021,0.0966,-0.15774,0.16873,-0.01642,-0.09086,0.05105,0.33498,-0.4644,-0.05254,-0.04074,-0.47086,-0.19614,0.01502,-0.87062,-0.1769,-0.12908,-1.01802,-0.26197,0.32848,-0.47324,0.0982,-0.05951,-0.48852,0.20333,-0.00786,-0.88066,0.12062,-0.16406,-1.03311,0.16632
11.5,0.36591,-0.38882,0.02907,0.43951,0.05072,0.0319,0.37695,0.26945,0.03589,0.43742,-0.0166,-0.16417,0.47092,-0.25438,-0.20377,0.23987,-0.38052,-0.17475,0.10838,-0.47318,-0.10249,0.38083,-0.00961,0.22137,0.32657,-0.24189,0.26964,0.09645,-0.15796,0.16896,-0.01569,-0.09016,0.05095,0.33489,-0.4644,-0.05247,-0.04087,-0.47088,-0.19595,0.01502,-0.87063,-0.17688,-0.12906,-1.01803,-0.26196,0.32842,-0.47326,0.09827,-0.05964,-0.48849,0.20314,-0.00786,-0.88066,0.12062,-0.16406,-1.03312,0.16627
11.52,0.36586,-0.3888,0.02911,0.43923,0.05078,0.03203,0.37643,0.26943,0.03613,0.43718,-0.0165,-0.16405,0.47077,-0.25427,-0.2037,0.23978,-0.38047,-0.17464,0.10794,-0.47272,-0.10248,0.38057,-0.00962,0.22148,0.3262,-0.24178,0.2702,0.09614,-0.15826,0.16907,-0.01723,-0.09147,0.05167,0.33484,-0.46438,-0.05244,-0.04095,-0.47089,-0.19582,0.01502,-0.87063,-0.17687,-0.12906,-1.01805,-0.26196,0.32839,-0.47325,0.0983,-0.05985,-0.48841,0.20252,-0.00784,-0.88067,0.12061,-0.16406,-1.03313,0.16621
11.54,0.36583,-0.38878,0.02914,0.43894,0.05084,0.03216,0.3759,0.26943,0.03636,0.43699,-0.01641,-0.16394,0.4707,-0.25414,-0.2037,0.23975,-0.38042,-0.17456,0.10738,-0.47197,-0.1025,0.38027,-0.00962,0.22158,0.32566,-0.24156,0.27114,0.09577,-0.15859,0.16915,-0.01947,-0.09337,0.05269,0.33482,-0.46436,-0.05241,-0.041,-0.47091,-0.19573,0.01502,-0.87064,-0.17687,-0.12904,-1.01806,-0.26196,0.32837,-0.47324,0.09833,-0.06008,-0.48832,0.20176,-0.0078,-0.8807,0.12061,-0.16406,-1.03314,0.16615
11.56,0.36579,-0.38876,0.02918,0.43865,0.0509,0.03229,0.37538,0.26941,0.0366,0.43678,-0.01631,-0.16382,0.47059,-0.25401,-0.20365,0.23969,-0.38037,-0.17447,0.1069,-0.47139,-0.1025,0.37998,-0.00963,0.2217,0.32521,-0.24139,0.27188,0.09543,-0.15891,0.16925,-0.0213,-0.09488,0.05361,0.33479,-0.46433,-0.05238,-0.04105,-0.47092,-0.19562,0.01503,-0.87065,-0.17686,-0.12904,-1.01807,-0.26196,0.32835,-0.47323,0.09836,-0.06029,-0.48823,0.2011,-0.00778,-0.88072,0.12061,-0.16406,-1.03315,0.1661
11.58,0.36575,-0.38873,0.02922,0.43837,0.05097,0.03243,0.37486,0.26942,0.03686,0.43656,-0.0162,-0.16369,0.47047,-0.25387,-0.20365,0.23962,-0.3803,-0.17437,0.10631,-0.47064,-0.10249,0.3797,-0.00963,0.22181,0.32471,-0.24117,0.27275,0.09508,-0.15923,0.16937,-0.02337,-0.09654,0.05474,0.33476,-0.4643,-0.05234,-0.04112,-0.47093,-0.19549,0.01503,-0.87066,-0.17685,-0.12902,-1.01808,-0.26196,0.32833,-0.47321,0.0984,-0.06053,-0.48812,0.2003,-0.00775,-0.88074,0.12061,-0.16407,-1.03315,0.16604
11.6,0.36572,-0.38872,0.02925,0.43809,0.05102,0.03255,0.37434,0.26939,0.03706,0.43638,-0.01612,-0.16358,0.47041,-0.25377,-0.20358,0.2396,-0.38027,-0.17429,0.10594,-0.47017,-0.10253,0.37941,-0.00964,0.22191,0.32428,-0.24103,0.27343,0.09475,-0.15956,0.16944,-0.02502,-0.09789,0.05565,0.33474,-0.46429,-0.05231,-0.04116,-0.47094,-0.19541,0.01504,-0.87067,-0.17685,-0.12901,-1.01809,-0.26196,0.32831,-0.47321,0.09843,-0.0607,-0.48806,0.19975,-0.00773,-0.88076,0.12061,-0.16407,-1.03316,0.16599
11.62,0.36572,-0.38877,0.02926,0.43785,0.05101,0.03263,0.37381,0.26929,0.03709,0.43629,-0.01612,-0.1635,0.47055,-0.25377,-0.2033,0.23973,-0.3803,-0.17428,0.10623,-0.47059,-0.1027,0.37909,-0.0097,0.22195,0.3241,-0.2411,0.27353,0.09455,-0.15992,0.16937,-0.0255,-0.09849,0.05574,0.33475,-0.46434,-0.05231,-0.04112,-0.47095,-0.19549,0.01504,-0.87068,-0.17684,-0.129,-1.0181,-0.26195,0.3283,-0.47327,0.09842,-0.06066,-0.48812,0.19997,-0.00772,-0.88078,0.12061,-0.16404,-1.03321,0.166
11.64,0.36573,-0.38884,0.02925,0.43763,0.05097,0.03269,0.37327,0.26917,0.03705,0.43624,-0.01615,-0.16345,0.47076,-0.2538,-0.20297,0.23991,-0.38036,-0.17431,0.10673,-0.47129,-0.10292,0.37877,-0.00977,0.22197,0.324,-0.24125,0.27342,0.09439,-0.16028,0.16924,-0.02556,-0.09882,0.05552,0.33478,-0.4644,-0.05234,-0.04105,-0.47095,-0.19563,0.01505,-0.87068,-0.17684,-0.12899,-1.01811,-0.26196,0.32828,-0.47334,0.0984,-0.06055,-0.48822,0.20044,-0.00772,-0.8808,0.1206,-0.164,-1.03326,0.16602
11.66,0.36574,-0.3889,0.02925,0.43741,0.05095,0.03276,0.37275,0.26906,0.03704,0.43617,-0.01616,-0.16339,0.47093,-0.25382,-0.20267,0.24006,-0.38041,-0.17432,0.10712,-0.47181,-0.10312,0.37846,-0.00983,0.22199,0.32388,-0.24137,0.27339,0.09422,-0.16064,0.16913,-0.02578,-0.09924,0.05542,0.33481,-0.46445,-0.05235,-0.04098,-0.47096,-0.19574,0.01506,-0.87069,-0.17684,-0.12898,-1.01812,-0.26196,0.32826,-0.4734,0.09838,-0.06047,-0.48831,0.20077,-0.00772,-0.88083,0.12059,-0.16396,-1.0333,0.16603
11.68,0.36574,-0.38897,0.02925,0.43717,0.05092,0.03283,0.37219,0.26894,0.03704,0.4361,-0.01618,-0.16332,0.47112,-0.25384,-0.20232,0.24022,-0.38047,-0.17433,0.10762,-0.47252,-0.10332,0.37813,-0.00991,0.22203,0.32372,-0.24148,0.27345,0.09403,-0.16104,0.16904,-0.02614,-0.09983,0.05541,0.33482,-0.46452,-0.05236,-0.04093,-0.47097,-0.19585,0.01507,-0.87071,-0.17683,-0.12897,-1.01813,-0.26196,0.32824,-0.47347,0.09837,-0.06038,-0.48841,0.20119,-0.00772,-0.88085,0.12058,-0.16393,-1.03336,0.16604
11.7,0.36575,-0.38903,0.02925,0.43696,0.05089,0.03289,0.37169,0.26883,0.03702,0.43604,-0.0162,-0.16327,0.47128,-0.25387,-0.20206,0.24037,-0.38052,-0.17435,0.10792,-0.47292,-0.10351,0.37783,-0.00997,0.22204,0.32364,-0.24163,0.27327,0.09387,-0.16135,0.1689,-0.02612,-0.1,0.05516,0.33485,-0.46457,-0.05237,-0.04086,-0.47098,-0.19597,0.01507,-0.87072,-0.17683,-0.12896,-1.01814,-0.26196,0.32823,-0.47353,0.09836,-0.06031,-0.48849,0.2015,-0.00772,-0.88087,0.12057,-0.1639,-1.0334,0.16606
11.72,0.36578,-0.38904,0.02925,0.43681,0.05091,0.03289,0.3713,0.26878,0.03693,0.43604,-0.0162,-0.16326,0.47135,-0.25386,-0.20203,0.24043,-0.38054,-0.1744,0.10762,-0.47247,-0.10364,0.3776,-0.00995,0.22201,0.32376,-0.2419,0.27236,0.09377,-0.16139,0.16863,-0.02503,-0.09897,0.05423,0.33488,-0.46458,-0.05238,-0.04076,-0.47097,-0.19615,0.01508,-0.87071,-0.17682,-0.12895,-1.01814,-0.26196,0.32825,-0.47354,0.09835,-0.0603,-0.48847,0.20143,-0.00771,-0.88088,0.12057,-0.1639,-1.03339,0.16606
11.74,0.36582,-0.38905,0.02925,0.4367,0.05093,0.03286,0.37097,0.26873,0.03683,0.43606,-0.01622,-0.16328,0.47139,-0.25387,-0.20209,0.24048,-0.38055,-0.17445,0.10711,-0.47172,-0.10374,0.3774,-0.00993,0.22196,0.32395,-0.2422,0.27121,0.09371,-0.16136,0.16833,-0.02357,-0.09754,0.05312,0.33493,-0.46459,-0.05238,-0.04065,-0.47097,-0.19634,0.01509,-0.87072,-0.17682,-0.12892,-1.01815,-0.26196,0.3283,-0.47356,0.09835,-0.06031,-0.48845,0.20123,-0.00769,-0.88089,0.12058,-0.16391,-1.03339,0.16606
11.76,0.36585,-0.38906,0.02926,0.43657,0.05094,0.03286,0.37062,0.26868,0.03674,0.43607,-0.01623,-0.16327,0.47143,-0.25387,-0.20212,0.24053,-0.38057,-0.17449,0.10667,-0.47108,-0.10386,0.37718,-0.00991,0.22193,0.32409,-0.24246,0.27024,0.09363,-0.16136,0.16806,-0.02235,-0.09636,0.0522,0.33496,-0.4646,-0.05237,-0.04054,-0.47096,-0.19651,0.0151,-0.87071,-0.1768,-0.12891,-1.01815,-0.26196,0.32833,-0.47357,0.09836,-0.06031,-0.48844,0.20111,-0.00768,-0.8809,0.12059,-0.16392,-1.03338,0.16607
11.78,0.36589,-0.38906,0.02926,0.43643,0.05097,0.03285,0.37025,0.26864,0.03665,0.43607,-0.01622,-0.16327,0.47149,-0.25386,-0.20209,0.24059,-0.38057,-0.17455,0.10631,-0.47052,-0.10398,0.37695,-0.00989,0.22189,0.32431,-0.24278,0.26902,0.09355,-0.16138,0.16775,-0.02076,-0.09486,0.0511,0.33501,-0.4646,-0.05238,-0.04042,-0.47095,-0.19671,0.01511,-0.8707,-0.17679,-0.12888,-1.01815,-0.26196,0.32837,-0.47357,0.09835,-0.06031,-0.48841,0.20094,-0.00767,-0.88091,0.12059,-0.16393,-1.03336,0.16608
11.8,0.36591,-0.38907,0.02926,0.43631,0.05098,0.03282,0.36992,0.26858,0.03654,0.43608,-0.01624,-0.1633,0.47151,-0.25386,-0.20222,0.24062,-0.38058,-0.17459,0.10576,-0.46972,-0.10412,0.37676,-0.00986,0.22184,0.32439,-0.24296,0.26824,0.09347,-0.16134,0.1675,-0.01982,-0.0939,0.05039,0.33503,-0.46461,-0.05238,-0.04034,-0.47094,-0.19687,0.01511,-0.8707,-0.17679,-0.12887,-1.01815,-0.26196,0.32839,-0.47358,0.09835,-0.06032,-0.48839,0.20083,-0.00767,-0.88091,0.1206,-0.16394,-1.03335,0.16608
11.82,0.36592,-0.38909,0.02925,0.4363,0.05097,0.03271,0.36975,0.26852,0.03635,0.43615,-0.01631,-0.16338,0.47145,-0.25386,-0.20285,0.24065,-0.38059,-0.17459,0.10467,-0.46819,-0.10435,0.37666,-0.00982,0.22172,0.32409,-0.24275,0.26879,0.09345,-0.16122,0.16735,-0.02076,-0.09462,0.05065,0.33504,-0.46464,-0.05238,-0.04029,-0.47093,-0.19696,0.0151,-0.87069,-0.17679,-0.12887,-1.01814,-0.26197,0.32841,-0.4736,0.09835,-0.06029,-0.4884,0.2009,-0.00766,-0.88091,0.12059,-0.16393,-1.03335,0.16608
11.84,0.36592,-0.38911,0.02924,0.43632,0.05095,0.03257,0.36963,0.26846,0.03614,0.43624,-0.0164,-0.1635,0.47138,-0.25386,-0.20365,0.24067,-0.38059,-0.17458,0.10345,-0.46649,-0.10465,0.37662,-0.00978,0.22159,0.32365,-0.24238,0.26979,0.09342,-0.16103,0.16726,-0.02236,-0.09586,0.0513,0.33504,-0.46468,-0.05237,-0.04027,-0.47091,-0.19702,0.01509,-0.87067,-0.17679,-0.12888,-1.01812,-0.26198,0.32842,-0.47361,0.09836,-0.06025,-0.48841,0.20102,-0.00766,-0.8809,0.12059,-0.16392,-1.03334,0.16608
11.86,0.36593,-0.38913,0.02923,0.43635,0.05092,0.03244,0.36949,0.26839,0.03594,0.43632,-0.01649,-0.16361,0.47133,-0.25387,-0.20433,0.2407,-0.38059,-0.17457,0.1024,-0.465,-0.10498,0.37659,-0.00974,0.22146,0.32328,-0.24207,0.27056,0.09339,-0.16083,0.16717,-0.02362,-0.0968,0.05183,0.33504,-0.46471,-0.05236,-0.04024,-0.47089,-0.19709,0.0151,-0.87065,-0.17679,-0.12888,-1.0181,-0.26199,0.32844,-0.47361,0.09837,-0.06021,-0.48842,0.20112,-0.00764,-0.88089,0.12059,-0.16391,-1.03334,0.16608
11.88,0.36594,-0.38915,0.02922,0.43632,0.05091,0.03234,0.36936,0.26835,0.0357,0.43641,-0.01656,-0.16369,0.47122,-0.25383,-0.20517,0.24075,-0.38063,-0.17457,0.10106,-0.46321,-0.10552,0.37645,-0.0097,0.22134,0.32292,-0.24178,0.2714,0.09343,-0.1608,0.16695,-0.02491,-0.09798,0.05228,0.33505,-0.46474,-0.05237,-0.04019,-0.47087,-0.19718,0.01509,-0.87064,-0.17679,-0.12888,-1.01808,-0.262,0.32846,-0.47363,0.09837,-0.06016,-0.48843,0.20123,-0.00763,-0.88089,0.12058,-0.16389,-1.03333,0.16607
11.9,0.36593,-0.38918,0.02921,0.43639,0.05087,0.03216,0.36921,0.26823,0.03556,0.43646,-0.01667,-0.16384,0.47122,-0.25389,-0.20572,0.24077,-0.38059,-0.17455,0.10033,-0.46209,-0.10575,0.37653,-0.00966,0.22119,0.32246,-0.2414,0.27221,0.0933,-0.16042,0.16704,-0.02632,-0.09873,0.0531,0.33503,-0.46479,-0.05235,-0.0402,-0.47087,-0.1972,0.01508,-0.87063,-0.17678,-0.12889,-1.01807,-0.262,0.32845,-0.47364,0.09839,-0.06015,-0.48844,0.20132,-0.00764,-0.88088,0.12059,-0.16389,-1.03333,0.16609
11.92,0.36589,-0.38925,0.02922,0.43678,0.05073,0.0318,0.36905,0.26792,0.03573,0.43649,-0.01693,-0.16416,0.4715,-0.25424,-0.20524,0.24074,-0.3805,-0.17457,0.10129,-0.46317,-0.10516,0.37714,-0.00963,0.22095,0.32195,-0.24093,0.27274,0.09285,-0.15929,0.16795,-0.02771,-0.09832,0.0546,0.33496,-0.46493,-0.05226,-0.04033,-0.47091,-0.19698,0.01511,-0.87066,-0.17675,-0.12884,-1.01812,-0.26196,0.32837,-0.47362,0.09848,-0.06024,-0.48845,0.20134,-0.00765,-0.88089,0.12068,-0.16388,-1.03337,0.16618
11.94,0.36584,-0.38935,0.02924,0.43728,0.05055,0.03137,0.36888,0.2675,0.03602,0.43647,-0.01725,-0.16455,0.47191,-0.25469,-0.20448,0.2407,-0.3803,-0.17455,0.10288,-0.46494,-0.10425,0.37799,-0.00961,0.22069,0.32132,-0.24039,0.27325,0.09222,-0.15779,0.16921,-0.02924,-0.0974,0.05653,0.33486,-0.46511,-0.05215,-0.04051,-0.47099,-0.19667,0.01514,-0.87073,-0.17669,-0.12878,-1.01821,-0.26191,0.32827,-0.47361,0.09861,-0.06037,-0.48847,0.20135,-0.00767,-0.88093,0.12081,-0.16388,-1.03342,0.16631
11.96,0.3658,-0.38944,0.02925,0.43774,0.05038,0.03094,0.36869,0.26712,0.03625,0.43642,-0.01754,-0.16493,0.47231,-0.25507,-0.20397,0.24069,-0.38004,-0.17452,0.10424,-0.46625,-0.10348,0.37879,-0.00959,0.22043,0.32065,-0.23981,0.27383,0.09162,-0.15631,0.17037,-0.03085,-0.0965,0.05846,0.33477,-0.46528,-0.05205,-0.04066,-0.47106,-0.1964,0.01517,-0.87078,-0.17664,-0.12872,-1.01829,-0.26187,0.32819,-0.4736,0.09871,-0.06048,-0.48849,0.20139,-0.00768,-0.88095,0.12092,-0.16387,-1.03347,0.16643
11.98,0.36573,-0.38952,0.02928,0.43818,0.05021,0.03062,0.3686,0.26677,0.03649,0.43661,-0.01783,-0.16521,0.47255,-0.25555,-0.20297,0.24066,-0.3803,-0.1747,0.10565,-0.46867,-0.10356,0.37933,-0.00956,0.2202,0.32041,-0.23944,0.27419,0.09134,-0.15536,0.17129,-0.03186,-0.0962,0.05984,0.33466,-0.46542,-0.05195,-0.04084,-0.47111,-0.19611,0.01518,-0.87082,-0.17659,-0.12868,-1.01835,-0.26182,0.32807,-0.47359,0.09883,-0.06064,-0.4885,0.20134,-0.0077,-0.88097,0.12102,-0.16386,-1.03351,0.16652
12,0.36572,-0.38963,0.02926,0.43866,0.05002,0.03005,0.36833,0.26631,0.03677,0.43628,-0.01814,-0.16572,0.47313,-0.25581,-0.20292,0.24067,-0.37946,-0.17448,0.10715,-0.46915,-0.10218,0.38046,-0.00957,0.21989,0.31926,-0.23859,0.275,0.09035,-0.1532,0.17281,-0.03411,-0.09441,0.06259,0.33459,-0.46562,-0.05186,-0.04098,-0.4712,-0.19586,0.01524,-0.87089,-0.17656,-0.1286,-1.01845,-0.26179,0.32801,-0.47359,0.09893,-0.06068,-0.48855,0.20145,-0.00771,-0.88102,0.12115,-0.16386,-1.03357,0.16668
12.02,0.36591,-0.38981,0.02909,0.43927,0.04978,0.02876,0.36756,0.26556,0.03709,0.4345,-0.0185,-0.16693,0.47485,-0.25536,-0.20563,0.24112,-0.37557,-0.1732,0.10921,-0.46407,-0.09661,0.38327,-0.00966,0.21931,0.31585,-0.23623,0.27719,0.08781,-0.14746,0.17594,-0.03943,-0.08807,0.06925,0.33465,-0.46594,-0.05185,-0.04095,-0.47137,-0.19576,0.01547,-0.87104,-0.17662,-0.12836,-1.01863,-0.26182,0.32819,-0.47359,0.09896,-0.06037,-0.48871,0.202,-0.00767,-0.88115,0.12136,-0.16385,-1.03365,0.16698
12.04,0.36617,-0.39001,0.02885,0.43991,0.04951,0.02721,0.36668,0.26469,0.03749,0.4322,-0.01886,-0.16836,0.47676,-0.25457,-0.20942,0.24165,-0.37039,-0.17145,0.11161,-0.45676,-0.08943,0.38667,-0.00977,0.2186,0.31176,-0.23305,0.27998,0.08476,-0.14036,0.17992,-0.04562,-0.0798,0.07778,0.33476,-0.46631,-0.05187,-0.04088,-0.47157,-0.19571,0.01575,-0.87122,-0.17672,-0.12806,-1.01885,-0.26188,0.32844,-0.47359,0.09896,-0.05992,-0.48891,0.20268,-0.00762,-0.88131,0.12159,-0.16384,-1.03373,0.16734
12.06,0.36639,-0.39019,0.02863,0.44052,0.04926,0.0258,0.36593,0.26388,0.03794,0.43015,-0.01919,-0.16961,0.47828,-0.25382,-0.21284,0.24208,-0.36557,-0.1698,0.11402,-0.45018,-0.08297,0.38976,-0.00988,0.21791,0.30822,-0.22986,0.28268,0.08209,-0.13377,0.18385,-0.05101,-0.07194,0.08608,0.33484,-0.46663,-0.0519,-0.04084,-0.47177,-0.19564,0.016,-0.87139,-0.1768,-0.12779,-1.01905,-0.26192,0.32866,-0.47358,0.09896,-0.05954,-0.48909,0.20329,-0.00758,-0.88146,0.12181,-0.16383,-1.03381,0.16768
12.08,0.36662,-0.39043,0.02845,0.44118,0.04893,0.02427,0.36512,0.26292,0.03837,0.42798,-0.01964,-0.17093,0.4804,-0.25291,-0.21639,0.24335,-0.36078,-0.16843,0.11782,-0.44391,-0.07661,0.39307,-0.01002,0.21712,0.30515,-0.22636,0.28568,0.0803,-0.12633,0.18787,-0.05538,-0.06261,0.09498,0.33493,-0.46704,-0.05186,-0.04076,-0.47196,-0.19556,0.01628,-0.87156,-0.17688,-0.12749,-1.01925,-0.26198,0.32888,-0.47362,0.09902,-0.05915,-0.48928,0.20396,-0.00754,-0.8816,0.12206,-0.16382,-1.03388,0.16804
12.1,0.36685,-0.39054,0.02819,0.44172,0.04876,0.02294,0.36459,0.26222,0.03899,0.42595,-0.01985,-0.17205,0.48102,-0.25199,-0.2201,0.24319,-0.35528,-0.16625,0.11975,-0.4361,-0.06965,0.39606,-0.01011,0.21641,0.30166,-0.2225,0.2886,0.07724,-0.11979,0.19257,-0.0608,-0.05453,0.10434,0.33501,-0.46728,-0.05194,-0.04075,-0.47216,-0.19548,0.01652,-0.87173,-0.17695,-0.12724,-1.01947,-0.26198,0.3291,-0.47355,0.09896,-0.05873,-0.48945,0.20455,-0.0075,-0.88174,0.12228,-0.16381,-1.03395,0.1684
12.12,0.36706,-0.39025,0.02766,0.44192,0.04905,0.02216,0.36463,0.26232,0.03992,0.42438,-0.01937,-0.17275,0.47771,-0.25126,-0.22387,0.23924,-0.34833,-0.16192,0.11625,-0.42468,-0.0612,0.398,-0.01001,0.21597,0.29669,-0.2182,0.29094,0.07048,-0.11585,0.19882,-0.06972,-0.05064,0.11403,0.33502,-0.46699,-0.05239,-0.04092,-0.47238,-0.19544,0.01663,-0.87192,-0.17702,-0.12718,-1.01973,-0.26185,0.32931,-0.47319,0.09851,-0.0583,-0.4896,0.20484,-0.00751,-0.8819,0.12234,-0.16383,-1.03401,0.16873
12.14,0.36726,-0.38982,0.02706,0.442,0.0495,0.02159,0.36493,0.2627,0.04099,0.42297,-0.01865,-0.17327,0.47295,-0.25057,-0.22756,0.23431,-0.34089,-0.15666,0.11148,-0.41195,-0.05196,0.39958,-0.00983,0.21565,0.29129,-0.21355,0.29313,0.06244,-0.11263,0.20607,-0.07997,-0.0481,0.12451,0.335,-0.46651,-0.05295,-0.04116,-0.47259,-0.19537,0.01669,-0.87209,-0.17708,-0.12717,-1.02,-0.26166,0.32952,-0.47272,0.09796,-0.05787,-0.48972,0.20504,-0.00752,-0.88204,0.12236,-0.16385,-1.03406,0.16905
12.16,0.36746,-0.38947,0.02652,0.44214,0.04986,0.02096,0.36519,0.26295,0.042,0.42151,-0.01806,-0.17383,0.46875,-0.24984,-0.23109,0.23048,-0.33378,-0.15163,0.10845,-0.39998,-0.04289,0.40133,-0.0097,0.21529,0.28643,-0.2087,0.29548,0.0553,-0.10871,0.21355,-0.08934,-0.04453,0.13573,0.335,-0.46614,-0.05343,-0.04137,-0.4728,-0.19527,0.01678,-0.87227,-0.17713,-0.12713,-1.02025,-0.2615,0.32973,-0.47232,0.09749,-0.05743,-0.48984,0.20527,-0.00753,-0.88218,0.12241,-0.16386,-1.03411,0.16938
12.18,0.3677,-0.38905,0.02588,0.44226,0.0503,0.02021,0.3653,0.2632,0.04302,0.41997,-0.01739,-0.17447,0.46466,-0.24884,-0.23503,0.22736,-0.32626,-0.14654,0.10651,-0.38732,-0.03356,0.40313,-0.00951,0.21481,0.28192,-0.20335,0.29826,0.04894,-0.1034,0.22169,-0.09755,-0.03887,0.1477,0.33502,-0.46569,-0.05401,-0.04155,-0.47304,-0.19531,0.01687,-0.87246,-0.1772,-0.1271,-1.02053,-0.26132,0.32995,-0.47183,0.09692,-0.05695,-0.48999,0.20554,-0.00754,-0.88235,0.12246,-0.16387,-1.03417,0.16976
12.2,0.36785,-0.38873,0.02542,0.44239,0.05062,0.01973,0.36581,0.2635,0.04403,0.41865,-0.01683,-0.17486,0.45991,-0.24824,-0.23791,0.22393,-0.31961,-0.1412,0.10437,-0.37595,-0.02445,0.40471,-0.00942,0.21455,0.2774,-0.19825,0.30039,0.04174,-0.10003,0.23004,-0.10723,-0.03643,0.16032,0.33498,-0.46534,-0.05442,-0.04181,-0.4732,-0.19508,0.01695,-0.8726,-0.17725,-0.12706,-1.02074,-0.26117,0.33015,-0.47148,0.09652,-0.05657,-0.49007,0.2057,-0.00754,-0.88245,0.1225,-0.16388,-1.03419,0.17002
12.22,0.36775,-0.38875,0.02541,0.44263,0.05054,0.01991,0.3674,0.26382,0.04495,0.4179,-0.01664,-0.17465,0.45359,-0.24887,-0.23811,0.21863,-0.31517,-0.13549,0.10011,-0.36809,-0.01612,0.40583,-0.00971,0.21483,0.27222,-0.19421,0.3005,0.03172,-0.10262,0.23804,-0.12148,-0.04365,0.17361,0.33483,-0.46536,-0.0544,-0.04231,-0.4732,-0.19415,0.01698,-0.87256,-0.17732,-0.12699,-1.02076,-0.26119,0.3303,-0.47158,0.09654,-0.05651,-0.48997,0.20546,-0.00753,-0.88239,0.12244,-0.16392,-1.03409,0.16991
12.24,0.36755,-0.38887,0.02559,0.44287,0.05035,0.02036,0.36933,0.26416,0.04585,0.41737,-0.01657,-0.17419,0.44671,-0.24979,-0.23725,0.21273,-0.31145,-0.12961,0.09512,-0.36147,-0.0081,0.40671,-0.0101,0.21534,0.26691,-0.19048,0.29991,0.02128,-0.1075,0.24596,-0.13637,-0.05467,0.18718,0.33461,-0.46549,-0.05421,-0.0429,-0.47313,-0.19295,0.01699,-0.87245,-0.17739,-0.12693,-1.0207,-0.26126,0.33041,-0.47183,0.09674,-0.05657,-0.48979,0.20512,-0.00752,-0.88225,0.12236,-0.16398,-1.03394,0.16968
12.26,0.3674,-0.38895,0.0257,0.44309,0.05021,0.0207,0.37105,0.26447,0.04675,0.41674,-0.01645,-0.17383,0.44017,-0.25038,-0.23677,0.20752,-0.30738,-0.12382,0.09103,-0.35434,-4e-05,0.40765,-0.01044,0.21574,0.26199,-0.18639,0.29974,0.01217,-0.11124,0.25419,-0.1492,-0.06397,0.20107,0.33442,-0.46557,-0.05409,-0.04343,-0.4731,-0.19189,0.01701,-0.87238,-0.17745,-0.12687,-1.02068,-0.26131,0.33053,-0.47202,0.09686,-0.05656,-0.48966,0.20488,-0.00751,-0.88216,0.12229,-0.16402,-1.03383,0.16951
12.28,0.36725,-0.38902,0.02573,0.44341,0.05006,0.02095,0.37308,0.26481,0.04761,0.41612,-0.01632,-0.17354,0.43303,-0.25083,-0.2364,0.20201,-0.30276,-0.11781,0.08693,-0.34662,0.00841,0.40879,-0.01081,0.21608,0.25673,-0.18154,0.29951,0.00309,-0.11467,0.26312,-0.16179,-0.0733,0.21618,0.33424,-0.46565,-0.05403,-0.044,-0.47304,-0.19077,0.01703,-0.87227,-0.17754,-0.12681,-1.02063,-0.26135,0.3307,-0.4722,0.09693,-0.05656,-0.48945,0.20442,-0.0075,-0.88203,0.12223,-0.16408,-1.03365,0.16935
12.3,0.36707,-0.38912,0.02597,0.44351,0.04992,0.02144,0.37456,0.26506,0.04849,0.41554,-0.01623,-0.17304,0.42699,-0.25119,-0.23543,0.19754,-0.29917,-0.11222,0.08357,-0.34036,0.0159,0.40948,-0.01115,0.21661,0.25258,-0.17776,0.29939,-0.00408,-0.11904,0.27093,-0.17175,-0.08348,0.22945,0.33402,-0.46573,-0.05379,-0.04452,-0.47301,-0.1897,0.01702,-0.8722,-0.17759,-0.12676,-1.0206,-0.26144,0.33077,-0.47241,0.09717,-0.05658,-0.48937,0.20439,-0.0075,-0.88195,0.12217,-0.16412,-1.03357,0.16916
12.32,0.36683,-0.38924,0.02674,0.44298,0.04985,0.02244,0.37445,0.26512,0.04952,0.41504,-0.01621,-0.17207,0.42393,-0.25162,-0.23319,0.19543,-0.29836,-0.10776,0.08155,-0.33772,0.02101,0.40899,-0.01134,0.21758,0.25093,-0.1772,0.29967,-0.00777,-0.1259,0.27575,-0.17727,-0.0956,0.23768,0.33368,-0.46573,-0.0531,-0.04489,-0.47309,-0.18893,0.01698,-0.87225,-0.17757,-0.1267,-1.02063,-0.26164,0.33058,-0.47262,0.09785,-0.05663,-0.48964,0.20556,-0.00756,-0.88197,0.12214,-0.1641,-1.03374,0.1689
12.34,0.36656,-0.38937,0.02771,0.4422,0.04981,0.02367,0.37374,0.26513,0.05058,0.41458,-0.01621,-0.1709,0.42204,-0.25207,-0.23044,0.19418,-0.2986,-0.10376,0.07998,-0.3365,0.02515,0.40806,-0.0115,0.21874,0.25023,-0.17798,0.30002,-0.01004,-0.13376,0.27917,-0.1809,-0.1085,0.24357,0.33329,-0.4657,-0.05223,-0.04521,-0.47319,-0.18823,0.01691,-0.87233,-0.17752,-0.12665,-1.02066,-0.26188,0.33029,-0.47284,0.09871,-0.0567,-0.49004,0.20717,-0.00763,-0.88202,0.12212,-0.16407,-1.03398,0.16861
12.36,0.36631,-0.38949,0.02859,0.44155,0.04976,0.02481,0.37328,0.26515,0.05161,0.41413,-0.01619,-0.16981,0.41975,-0.25245,-0.22794,0.19268,-0.29832,-0.09962,0.07834,-0.33465,0.02963,0.40732,-0.01167,0.21983,0.24921,-0.17826,0.30032,-0.01242,-0.14112,0.28294,-0.18449,-0.12089,0.25003,0.33294,-0.46568,-0.05144,-0.04556,-0.47327,-0.18747,0.01686,-0.87238,-0.17748,-0.12659,-1.02067,-0.2621,0.33006,-0.47305,0.09949,-0.05675,-0.49038,0.20858,-0.0077,-0.88204,0.12209,-0.16405,-1.03417,0.16833
12.38,0.36604,-0.38964,0.0295,0.44086,0.04968,0.02591,0.37298,0.26519,0.05276,0.41359,-0.01622,-0.16875,0.41682,-0.25291,-0.22532,0.19066,-0.29798,-0.09512,0.07629,-0.33261,0.03457,0.4066,-0.01185,0.2209,0.24777,-0.17808,0.30071,-0.01517,-0.14929,0.28773,-0.18845,-0.13507,0.25827,0.33255,-0.46569,-0.05062,-0.04589,-0.47339,-0.18678,0.0168,-0.87247,-0.17743,-0.12652,-1.02072,-0.26233,0.3298,-0.47329,0.10031,-0.05682,-0.49074,0.21002,-0.00777,-0.88208,0.12209,-0.16403,-1.03439,0.16807
12.4,0.3658,-0.38974,0.03038,0.44018,0.04966,0.02715,0.37218,0.26518,0.05364,0.41323,-0.01615,-0.16758,0.41549,-0.25316,-0.22286,0.18994,-0.29795,-0.0915,0.07526,-0.33122,0.03826,0.40573,-0.01202,0.22206,0.2474,-0.17919,0.30091,-0.01619,-0.15614,0.28987,-0.19002,-0.14599,0.26198,0.33221,-0.46564,-0.04984,-0.04624,-0.47344,-0.18599,0.01674,-0.8725,-0.17741,-0.12648,-1.0207,-0.26257,0.32957,-0.47349,0.10108,-0.05685,-0.49109,0.21148,-0.00784,-0.88209,0.12203,-0.16402,-1.03457,0.16775
12.42,0.36562,-0.38973,0.0312,0.43957,0.04975,0.02877,0.37006,0.26495,0.05386,0.41322,-0.01583,-0.16613,0.41826,-0.25293,-0.22083,0.19256,-0.29861,-0.09004,0.07696,-0.33138,0.03904,0.40465,-0.01223,0.22349,0.24996,-0.1835,0.30077,-0.01327,-0.15879,0.28567,-0.18648,-0.14713,0.25465,0.33193,-0.46543,-0.04916,-0.04668,-0.47336,-0.18486,0.01663,-0.87238,-0.17743,-0.12655,-1.0205,-0.2628,0.32941,-0.47362,0.10173,-0.05677,-0.49143,0.21296,-0.00791,-0.88206,0.12181,-0.16403,-1.03467,0.16728
12.44,0.36546,-0.38969,0.03198,0.43897,0.04987,0.03052,0.36746,0.26462,0.05377,0.41338,-0.01542,-0.16457,0.42261,-0.25247,-0.21895,0.19642,-0.29955,-0.0895,0.07958,-0.33216,0.03849,0.40341,-0.01246,0.22502,0.25371,-0.18891,0.30044,-0.00864,-0.1598,0.27905,-0.18063,-0.14456,0.24322,0.33168,-0.46518,-0.04854,-0.04714,-0.47324,-0.18365,0.0165,-0.87223,-0.17747,-0.12666,-1.02025,-0.26305,0.32928,-0.47374,0.10233,-0.05664,-0.49178,0.21443,-0.00799,-0.88202,0.12154,-0.16406,-1.03474,0.16675
12.46,0.3653,-0.38966,0.03275,0.43837,0.04997,0.03222,0.36514,0.26433,0.05373,0.41351,-0.01504,-0.16306,0.42629,-0.25202,-0.21701,0.19973,-0.30031,-0.08866,0.0817,-0.33267,0.0383,0.40221,-0.01269,0.2265,0.25703,-0.19362,0.30013,-0.00447,-0.16132,0.27352,-0.17533,-0.14341,0.23376,0.33143,-0.46495,-0.04792,-0.04757,-0.47313,-0.1825,0.01638,-0.87209,-0.17752,-0.12674,-1.02002,-0.2633,0.32914,-0.47386,0.10293,-0.05652,-0.49212,0.21588,-0.00806,-0.88197,0.12128,-0.16408,-1.03482,0.16626
12.48,0.36511,-0.38964,0.03363,0.43774,0.05007,0.0339,0.36269,0.26393,0.05398,0.41343,-0.0147,-0.16153,0.4298,-0.25159,-0.21487,0.20303,-0.30103,-0.08735,0.08413,-0.33326,0.03884,0.40117,-0.01291,0.228,0.26099,-0.19831,0.30017,0.00043,-0.1624,0.26932,-0.16926,-0.14152,0.2261,0.33115,-0.46472,-0.0472,-0.04805,-0.47303,-0.18124,0.01624,-0.87195,-0.17753,-0.12684,-1.01978,-0.26355,0.32896,-0.474,0.10364,-0.05644,-0.49251,0.21743,-0.00814,-0.88194,0.12103,-0.16412,-1.03492,0.16573
12.5,0.36498,-0.3896,0.03427,0.43717,0.05018,0.03563,0.36047,0.26365,0.05351,0.41385,-0.01428,-0.16002,0.43399,-0.25094,-0.21312,0.20658,-0.30172,-0.08726,0.08603,-0.33375,0.0374,0.39973,-0.01317,0.22945,0.26426,-0.20284,0.29948,0.00504,-0.16337,0.2624,-0.16308,-0.13948,0.2148,0.33093,-0.46448,-0.04671,-0.04845,-0.47293,-0.18021,0.01614,-0.87181,-0.17762,-0.12693,-1.01956,-0.26381,0.32887,-0.47411,0.10411,-0.05626,-0.49279,0.21875,-0.00821,-0.88186,0.12076,-0.16414,-1.03494,0.16525
12.52,0.36501,-0.3895,0.0342,0.4367,0.05035,0.03742,0.3589,0.26373,0.05113,0.41545,-0.01363,-0.15863,0.43983,-0.24975,-0.21233,0.21098,-0.3028,-0.09008,0.08683,-0.33444,0.0311,0.39737,-0.01353,0.23068,0.26548,-0.20709,0.29682,0.00861,-0.16483,0.24822,-0.15704,-0.13818,0.1939,0.33088,-0.46422,-0.04689,-0.04868,-0.47287,-0.17986,0.01612,-0.87172,-0.17794,-0.127,-1.0194,-0.26416,0.32904,-0.47418,0.10391,-0.05584,-0.49278,0.21941,-0.0082,-0.88164,0.1204,-0.16408,-1.03478,0.16487
12.54,0.36511,-0.38938,0.03389,0.43631,0.05053,0.03924,0.35777,0.2639,0.04804,0.41759,-0.01292,-0.15724,0.44624,-0.24836,-0.21183,0.21561,-0.30374,-0.09405,0.08719,-0.33495,0.02271,0.39461,-0.01393,0.23181,0.26595,-0.21112,0.29342,0.01246,-0.16617,0.23136,-0.15003,-0.13674,0.16948,0.3309,-0.46396,-0.0473,-0.04884,-0.47282,-0.17974,0.01615,-0.87165,-0.17833,-0.12704,-1.01927,-0.26453,0.32931,-0.47423,0.10348,-0.05532,-0.49265,0.21983,-0.00816,-0.88137,0.12003,-0.16399,-1.03454,0.16454
12.56,0.36518,-0.38928,0.0337,0.4359,0.05068,0.04103,0.35673,0.26395,0.04525,0.4196,-0.01229,-0.15582,0.45225,-0.24704,-0.2111,0.21998,-0.30437,-0.09754,0.08771,-0.33525,0.01493,0.39196,-0.01432,0.23292,0.2668,-0.21498,0.29036,0.01715,-0.16717,0.21605,-0.14199,-0.13492,0.14725,0.33089,-0.46371,-0.0476,-0.04903,-0.47278,-0.1795,0.01615,-0.87157,-0.17869,-0.12709,-1.01914,-0.2649,0.32954,-0.4743,0.10317,-0.05485,-0.49258,0.22036,-0.00814,-0.88112,0.11967,-0.16392,-1.03434,0.1642
12.58,0.36524,-0.38914,0.03346,0.43544,0.05086,0.04289,0.35549,0.26388,0.0424,0.42119,-0.01149,-0.15431,0.45889,-0.24539,-0.20999,0.2256,-0.30604,-0.10031,0.08979,-0.33722,0.00776,0.38964,-0.01478,0.23413,0.26883,-0.21919,0.28757,0.02375,-0.16766,0.20149,-0.13168,-0.13182,0.12629,0.33087,-0.46342,-0.04794,-0.04924,-0.4727,-0.1793,0.01614,-0.87146,-0.17905,-0.12717,-1.01897,-0.26526,0.32977,-0.47433,0.1028,-0.05434,-0.4925,0.22089,-0.00809,-0.88086,0.11931,-0.16383,-1.03413,0.16386
12.6,0.36533,-0.38908,0.03328,0.43513,0.05094,0.04462,0.35523,0.26393,0.03953,0.42376,-0.01102,-0.15289,0.46426,-0.24426,-0.20938,0.22885,-0.30534,-0.10457,0.08909,-0.33578,-0.00142,0.38659,-0.01512,0.23504,0.26865,-0.22226,0.28418,0.02873,-0.16821,0.18595,-0.12262,-0.12997,0.10391,0.33089,-0.46321,-0.04822,-0.04938,-0.47269,-0.17909,0.01618,-0.87143,-0.17941,-0.12719,-1.01887,-0.26562,0.33,-0.47443,0.1025,-0.05389,-0.49241,0.22136,-0.0081,-0.88061,0.11897,-0.16378,-1.03392,0.16353
12.62,0.36548,-0.38923,0.0333,0.4351,0.05078,0.04598,0.35732,0.26441,0.03679,0.42891,-0.0114,-0.1517,0.46635,-0.24458,-0.2105,0.226,-0.2981,-0.11303,0.08135,-0.3245,-0.01568,0.38156,-0.01505,0.23513,0.26243,-0.22269,0.27903,0.0281,-0.17038,0.16728,-0.11868,-0.13375,0.07668,0.33103,-0.46321,-0.04833,-0.04939,-0.47285,-0.17876,0.01635,-0.87155,-0.17974,-0.12704,-1.01894,-0.26601,0.33016,-0.4747,0.10237,-0.05356,-0.49231,0.22184,-0.00826,-0.88037,0.11868,-0.16389,-1.03375,0.16317
12.64,0.36565,-0.38946,0.03339,0.43521,0.05053,0.04719,0.36043,0.26503,0.03424,0.43501,-0.0121,-0.15043,0.46732,-0.24524,-0.21236,0.22162,-0.28813,-0.12333,0.07206,-0.30909,-0.03228,0.37585,-0.01483,0.23477,0.25406,-0.22205,0.27295,0.02619,-0.17289,0.1473,-0.11538,-0.13922,0.04769,0.33121,-0.4633,-0.04837,-0.04932,-0.47308,-0.17845,0.01659,-0.87176,-0.18006,-0.12683,-1.01908,-0.26641,0.33029,-0.47504,0.10231,-0.0533,-0.49219,0.22225,-0.00847,-0.88013,0.11842,-0.16404,-1.03359,0.16283
12.66,0.36581,-0.38964,0.03345,0.43529,0.05032,0.04846,0.36336,0.26555,0.03183,0.44067,-0.01266,-0.14898,0.46889,-0.24549,-0.21399,0.21896,-0.27893,-0.13305,0.0651,-0.2948,-0.04836,0.37056,-0.01466,0.23438,0.24696,-0.22176,0.26697,0.02638,-0.17483,0.12814,-0.1095,-0.1433,0.02024,0.33138,-0.46334,-0.04845,-0.04926,-0.47328,-0.1782,0.0168,-0.87192,-0.18038,-0.12664,-1.01918,-0.2668,0.33043,-0.47533,0.10221,-0.05304,-0.49206,0.2226,-0.00865,-0.87988,0.11815,-0.16416,-1.03343,0.16249
12.68,0.36599,-0.38987,0.0335,0.43524,0.05008,0.0498,0.36636,0.26598,0.02943,0.44635,-0.01323,-0.14729,0.47159,-0.24537,-0.21589,0.2181,-0.26935,-0.14306,0.06053,-0.28003,-0.0646,0.36509,-0.01456,0.23387,0.24054,-0.22192,0.26073,0.02787,-0.17836,0.10905,-0.10173,-0.14985,-0.00709,0.33152,-0.46342,-0.04852,-0.04932,-0.4735,-0.17767,0.01701,-0.87209,-0.18072,-0.12645,-1.01929,-0.26719,0.33062,-0.47569,0.10212,-0.05261,-0.49204,0.22331,-0.00885,-0.87965,0.11783,-0.16431,-1.03327,0.16211
12.7,0.36613,-0.39001,0.03359,0.43548,0.04988,0.05095,0.36989,0.2665,0.02755,0.45215,-0.01386,-0.14562,0.47236,-0.24544,-0.2177,0.21586,-0.25901,-0.15324,0.05477,-0.2639,-0.08165,0.36,-0.01427,0.23306,0.23296,-0.22079,0.25412,0.0293,-0.1786,0.09019,-0.09366,-0.15165,-0.03331,0.33172,-0.46342,-0.04857,-0.04912,-0.47368,-0.17772,0.01724,-0.87227,-0.18102,-0.12623,-1.01941,-0.26758,0.33068,-0.47592,0.10205,-0.05255,-0.49178,0.22328,-0.009,-0.87937,0.11765,-0.16439,-1.0331,0.16182
12.72,0.36617,-0.38988,0.03385,0.43648,0.04984,0.05165,0.37431,0.26731,0.02679,0.45817,-0.0146,-0.1442,0.46747,-0.2459,-0.2193,0.2085,-0.24699,-0.16395,0.04374,-0.24452,-0.10113,0.35595,-0.01347,0.23189,0.22258,-0.21649,0.24702,0.02948,-0.17009,0.07183,-0.08696,-0.14033,-0.05723,0.33205,-0.4632,-0.04851,-0.0482,-0.47369,-0.17935,0.01752,-0.87239,-0.18124,-0.12592,-1.01946,-0.26797,0.33038,-0.47582,0.10209,-0.05357,-0.49082,0.22115,-0.00901,-0.87892,0.11783,-0.16423,-1.03287,0.16177
12.74,0.36618,-0.38965,0.03414,0.43777,0.04986,0.05216,0.37906,0.26819,0.02652,0.46426,-0.0154,-0.14283,0.46069,-0.24575,-0.22129,0.20018,-0.23351,-0.17527,0.03243,-0.22295,-0.12191,0.35236,-0.01247,0.23048,0.21125,-0.21057,0.23928,0.02981,-0.15837,0.05358,-0.07992,-0.12448,-0.08024,0.33244,-0.4629,-0.04844,-0.04702,-0.47364,-0.18155,0.01782,-0.87249,-0.18143,-0.12558,-1.01948,-0.26837,0.32995,-0.4756,0.10214,-0.05494,-0.48961,0.21827,-0.00898,-0.87839,0.11816,-0.16401,-1.03261,0.16186
12.76,0.3662,-0.38946,0.03437,0.43893,0.04985,0.05272,0.38364,0.26896,0.02621,0.47021,-0.01619,-0.14129,0.45526,-0.24468,-0.22375,0.19422,-0.21959,-0.18681,0.02452,-0.20102,-0.1426,0.34871,-0.01154,0.22899,0.20086,-0.20485,0.23115,0.03163,-0.14811,0.03551,-0.07102,-0.111,-0.10299,0.33279,-0.46263,-0.04842,-0.04596,-0.47363,-0.1835,0.01809,-0.8726,-0.18164,-0.12526,-1.01953,-0.26877,0.32958,-0.47542,0.10214,-0.05608,-0.48853,0.21577,-0.00899,-0.87788,0.11844,-0.16385,-1.03233,0.16195
12.78,0.36624,-0.38933,0.03478,0.44007,0.04978,0.05348,0.38838,0.26967,0.02614,0.47643,-0.01712,-0.13935,0.44983,-0.24262,-0.22694,0.18934,-0.20355,-0.19953,0.01859,-0.17583,-0.16526,0.3448,-0.01061,0.22742,0.19154,-0.19961,0.22276,0.03514,-0.13888,0.01787,-0.06009,-0.0986,-0.12498,0.33318,-0.46242,-0.04822,-0.04481,-0.47361,-0.18542,0.01838,-0.87271,-0.18183,-0.12493,-1.01952,-0.26921,0.32922,-0.47531,0.10232,-0.05732,-0.48742,0.21306,-0.00903,-0.87735,0.1187,-0.16372,-1.03203,0.16195
12.8,0.36624,-0.38903,0.03484,0.44133,0.04985,0.05383,0.39283,0.27042,0.02609,0.482,-0.01784,-0.13785,0.44511,-0.24009,-0.2299,0.18594,-0.18917,-0.21075,0.01508,-0.15394,-0.18495,0.34172,-0.00957,0.22567,0.1813,-0.19219,0.21359,0.0384,-0.12733,0.00027,-0.04926,-0.08407,-0.1465,0.33354,-0.46205,-0.04836,-0.04373,-0.47357,-0.1875,0.01865,-0.87278,-0.18206,-0.12462,-1.01955,-0.26957,0.32883,-0.47502,0.10214,-0.05838,-0.48629,0.21059,-0.00905,-0.87677,0.11908,-0.16355,-1.03167,0.16227
12.82,0.36614,-0.38827,0.03389,0.44292,0.05031,0.05312,0.3965,0.27136,0.02569,0.48586,-0.01791,-0.13788,0.44161,-0.23825,-0.23128,0.18332,-0.18142,-0.21746,0.01236,-0.1438,-0.19615,0.34074,-0.00836,0.22369,0.16826,-0.17887,0.20348,0.03979,-0.10929,-0.0174,-0.04062,-0.06358,-0.16754,0.33382,-0.46125,-0.04949,-0.04291,-0.47351,-0.19003,0.01889,-0.87277,-0.18241,-0.12438,-1.01967,-0.26972,0.3284,-0.47428,0.10099,-0.05895,-0.48519,0.20897,-0.00898,-0.87611,0.11967,-0.16316,-1.0312,0.16332
12.84,0.36601,-0.38735,0.03259,0.44463,0.0509,0.052,0.39986,0.27236,0.02517,0.48912,-0.01778,-0.13848,0.43842,-0.23665,-0.23205,0.18078,-0.17615,-0.22234,0.00958,-0.13804,-0.20401,0.34053,-0.00707,0.22165,0.15525,-0.16227,0.19304,0.04106,-0.08894,-0.03437,-0.03255,-0.04133,-0.18738,0.33408,-0.46031,-0.05096,-0.04217,-0.47345,-0.19269,0.01911,-0.87273,-0.18279,-0.12416,-1.01983,-0.26978,0.32797,-0.47338,0.09949,-0.05935,-0.48411,0.20762,-0.00887,-0.87542,0.12036,-0.16268,-1.03068,0.16467
12.86,0.36591,-0.38651,0.03146,0.44629,0.05141,0.05108,0.40332,0.27329,0.02477,0.49264,-0.01778,-0.13878,0.43524,-0.23461,-0.23322,0.17859,-0.16954,-0.22793,0.00736,-0.13007,-0.21313,0.34,-0.00581,0.21962,0.1442,-0.14557,0.18266,0.04375,-0.07002,-0.05044,-0.02324,-0.02094,-0.20601,0.33436,-0.45945,-0.05225,-0.04139,-0.47338,-0.19522,0.01933,-0.87269,-0.18314,-0.12395,-1.01994,-0.26986,0.32757,-0.47256,0.09816,-0.0598,-0.48301,0.20614,-0.00877,-0.87472,0.12101,-0.16224,-1.03016,0.16589
12.88,0.36576,-0.38563,0.03029,0.44795,0.05194,0.05024,0.40684,0.27423,0.02444,0.49613,-0.01773,-0.13899,0.43175,-0.23207,-0.23461,0.17636,-0.16203,-0.23427,0.00515,-0.12116,-0.22346,0.33948,-0.00456,0.21763,0.13431,-0.12771,0.17326,0.04852,-0.0504,-0.06507,-0.01216,0.00026,-0.2227,0.33461,-0.45854,-0.0536,-0.04054,-0.47332,-0.19805,0.01954,-0.87265,-0.18351,-0.12371,-1.02006,-0.26998,0.32707,-0.47169,0.09678,-0.06033,-0.48193,0.20465,-0.00868,-0.87401,0.12162,-0.16178,-1.02965,0.16709
12.9,0.36568,-0.38478,0.02912,0.44961,0.05245,0.04916,0.41009,0.27511,0.02402,0.49947,-0.01777,-0.13942,0.42917,-0.22996,-0.23565,0.17477,-0.15643,-0.23867,0.00363,-0.11472,-0.23046,0.33912,-0.00326,0.2155,0.12634,-0.10879,0.16241,0.05136,-0.03209,-0.07972,-0.00377,0.01896,-0.23926,0.3349,-0.45768,-0.05492,-0.03986,-0.47323,-0.20028,0.01971,-0.87256,-0.18385,-0.12358,-1.02011,-0.27002,0.32675,-0.47087,0.09542,-0.06067,-0.48082,0.20325,-0.00858,-0.87328,0.12232,-0.16135,-1.02906,0.16839
12.92,0.36582,-0.38408,0.02798,0.45124,0.05289,0.04745,0.41271,0.27583,0.02327,0.50256,-0.01811,-0.14045,0.42885,-0.22948,-0.23593,0.17448,-0.15584,-0.23811,0.00336,-0.11422,-0.22904,0.33902,-0.00188,0.21294,0.12143,-0.0887,0.14699,0.04793,-0.01572,-0.09674,-0.0026,0.03312,-0.25848,0.33535,-0.457,-0.05615,-0.03965,-0.47305,-0.20085,0.01977,-0.87239,-0.18412,-0.12371,-1.02,-0.26987,0.32696,-0.47029,0.09417,-0.0605,-0.4796,0.20193,-0.00848,-0.87252,0.12324,-0.16107,-1.0283,0.16991
12.94,0.36603,-0.38342,0.02686,0.45287,0.0533,0.0455,0.41505,0.27648,0.0224,0.50554,-0.01855,-0.14169,0.42935,-0.22967,-0.23578,0.17461,-0.15729,-0.23562,0.00347,-0.11626,-0.22434,0.33904,-0.00046,0.21022,0.11916,-0.06772,0.13046,0.04288,0.00129,-0.11357,-0.00421,0.04681,-0.2773,0.33584,-0.45638,-0.05734,-0.0396,-0.47285,-0.20082,0.01979,-0.8722,-0.18436,-0.12392,-1.01985,-0.26964,0.32735,-0.46978,0.09297,-0.06013,-0.47835,0.20069,-0.00837,-0.87174,0.12424,-0.16082,-1.02747,0.17152
12.96,0.36618,-0.38273,0.02576,0.45449,0.05373,0.04369,0.41747,0.27714,0.0216,0.50856,-0.01896,-0.14278,0.42943,-0.22951,-0.23574,0.17451,-0.15778,-0.23398,0.00339,-0.11717,-0.22112,0.33899,0.00095,0.20756,0.11877,-0.04646,0.11544,0.03997,0.02009,-0.12847,-0.00461,0.06272,-0.29368,0.33629,-0.45573,-0.05851,-0.03948,-0.47266,-0.20109,0.01983,-0.87203,-0.18459,-0.12409,-1.01973,-0.26944,0.32764,-0.46922,0.09178,-0.05987,-0.47713,0.19946,-0.00827,-0.87096,0.1252,-0.16056,-1.02666,0.17308
12.98,0.36641,-0.38206,0.02454,0.45613,0.05414,0.04178,0.41988,0.27778,0.02076,0.51148,-0.01936,-0.144,0.42953,-0.22916,-0.23617,0.1745,-0.1579,-0.23221,0.00346,-0.11758,-0.21747,0.33909,0.00231,0.20486,0.12072,-0.02341,0.10052,0.0389,0.04226,-0.14264,-0.0029,0.0826,-0.30914,0.33681,-0.45508,-0.05982,-0.03939,-0.47244,-0.20123,0.01987,-0.87182,-0.18483,-0.12427,-1.01958,-0.26919,0.328,-0.46869,0.09045,-0.05953,-0.47582,0.1981,-0.00816,-0.87012,0.1262,-0.1603,-1.02577,0.17474
13,0.36651,-0.38137,0.02358,0.45773,0.05455,0.04001,0.42216,0.27839,0.01996,0.51455,-0.01987,-0.14495,0.42976,-0.22921,-0.2356,0.17446,-0.15903,-0.23021,0.00342,-0.11935,-0.21382,0.33896,0.00379,0.20217,0.12456,-0.00322,0.08722,0.03718,0.06255,-0.15397,-0.00524,0.10007,-0.32098,0.33722,-0.45445,-0.06083,-0.03924,-0.47229,-0.20149,0.01992,-0.87168,-0.18502,-0.12441,-1.01948,-0.26899,0.32826,-0.46812,0.08942,-0.0593,-0.47469,0.19702,-0.00806,-0.86937,0.12715,-0.16004,-1.025,0.17624
13.02,0.36623,-0.38055,0.02334,0.45939,0.05499,0.03879,0.42436,0.27898,0.01943,0.51823,-0.02063,-0.14506,0.43007,-0.23006,-0.23222,0.17406,-0.16245,-0.22792,0.00276,-0.12421,-0.21081,0.33828,0.00564,0.19964,0.12831,0.00878,0.07664,0.0313,0.07377,-0.16106,-0.01896,0.10669,-0.32686,0.33734,-0.4538,-0.06106,-0.03889,-0.47231,-0.20223,0.02,-0.87171,-0.18508,-0.12436,-1.01951,-0.26902,0.32819,-0.46738,0.08919,-0.05939,-0.47402,0.19669,-0.00796,-0.86888,0.12793,-0.15975,-1.02461,0.17727
13.04,0.36583,-0.37971,0.02337,0.46101,0.05544,0.03771,0.4264,0.27953,0.0189,0.52205,-0.02152,-0.14485,0.43044,-0.23117,-0.22784,0.1736,-0.16666,-0.22526,0.002,-0.13009,-0.20758,0.33739,0.0076,0.19711,0.13196,0.01754,0.06699,0.02414,0.08115,-0.16638,-0.03636,0.10879,-0.3297,0.33737,-0.45318,-0.06099,-0.03847,-0.47239,-0.20311,0.02008,-0.8718,-0.18509,-0.12426,-1.01956,-0.26911,0.32802,-0.46661,0.08927,-0.0596,-0.47353,0.19662,-0.00785,-0.86848,0.12866,-0.15946,-1.02436,0.17814
13.06,0.36551,-0.37891,0.02329,0.46258,0.05585,0.03654,0.42837,0.28006,0.01826,0.52571,-0.0224,-0.14476,0.43074,-0.23201,-0.22398,0.17322,-0.17022,-0.22253,0.0014,-0.1351,-0.20403,0.33658,0.00948,0.19451,0.13641,0.02741,0.05724,0.01869,0.09046,-0.17145,-0.051,0.11367,-0.33177,0.33746,-0.45257,-0.06104,-0.03806,-0.47244,-0.2039,0.02017,-0.87187,-0.18512,-0.12418,-1.01961,-0.26916,0.32791,-0.46588,0.08921,-0.05975,-0.47296,0.19642,-0.00774,-0.86805,0.12942,-0.15916,-1.02404,0.17908
13.08,0.3651,-0.37796,0.02318,0.46445,0.05631,0.03554,0.43067,0.28065,0.01801,0.5296,-0.02323,-0.14448,0.43065,-0.23243,-0.21983,0.17242,-0.17372,-0.21931,0.00042,-0.13999,-0.19986,0.33604,0.01147,0.192,0.14208,0.03776,0.04738,0.01389,0.10075,-0.17563,-0.06539,0.11972,-0.33201,0.33751,-0.45184,-0.06111,-0.03767,-0.47245,-0.20475,0.02025,-0.87188,-0.18516,-0.12409,-1.0196,-0.26925,0.32776,-0.46501,0.08914,-0.05991,-0.47234,0.19631,-0.00767,-0.86754,0.13017,-0.15889,-1.02366,0.18003
13.1,0.36483,-0.37732,0.02319,0.46567,0.05665,0.03425,0.43212,0.28103,0.01692,0.53296,-0.02425,-0.14438,0.43112,-0.23334,-0.21608,0.17237,-0.17695,-0.21655,0.00022,-0.14454,-0.19618,0.33498,0.01325,0.18922,0.14663,0.04578,0.03857,0.00956,0.10834,-0.17923,-0.07882,0.12342,-0.33108,0.3376,-0.45137,-0.06107,-0.03724,-0.47257,-0.20552,0.02033,-0.87201,-0.18516,-0.12402,-1.0197,-0.2693,0.32764,-0.46442,0.08918,-0.0601,-0.47187,0.19606,-0.00754,-0.8672,0.13093,-0.1586,-1.02343,0.18094
13.12,0.365,-0.37758,0.02349,0.46507,0.05662,0.03205,0.43131,0.28087,0.01347,0.53491,-0.02576,-0.14491,0.4332,-0.23597,-0.21346,0.17445,-0.17961,-0.21544,0.00214,-0.14851,-0.19441,0.33233,0.01441,0.18561,0.14703,0.04869,0.0316,0.00503,0.10941,-0.18353,-0.09134,0.12167,-0.33071,0.33783,-0.45164,-0.06077,-0.03668,-0.47302,-0.20606,0.02041,-0.8725,-0.18502,-0.12399,-1.02008,-0.26926,0.32766,-0.46463,0.08946,-0.06037,-0.47182,0.19529,-0.00727,-0.86732,0.13173,-0.15825,-1.02361,0.18179
13.14,0.36531,-0.37816,0.02391,0.46383,0.05644,0.02958,0.4297,0.28048,0.00921,0.53632,-0.02742,-0.14561,0.43586,-0.23917,-0.21121,0.17729,-0.1821,-0.21501,0.00482,-0.15228,-0.19349,0.32917,0.01527,0.18173,0.14576,0.04946,0.02545,0.00029,0.10773,-0.18803,-0.10336,0.11807,-0.33033,0.3381,-0.45219,-0.06037,-0.03608,-0.47359,-0.20649,0.02046,-0.87312,-0.18481,-0.124,-1.02057,-0.26916,0.32772,-0.46512,0.08986,-0.06067,-0.47193,0.19441,-0.00696,-0.86762,0.13255,-0.1579,-1.02394,0.18264
13.16,0.36555,-0.37858,0.02426,0.46294,0.0563,0.02725,0.42849,0.28015,0.00534,0.53796,-0.02897,-0.14618,0.43822,-0.24195,-0.2088,0.17975,-0.18455,-0.21433,0.00714,-0.15596,-0.19229,0.32637,0.01619,0.17797,0.14533,0.051,0.01909,-0.0041,0.1072,-0.19221,-0.11476,0.1162,-0.32922,0.33835,-0.4526,-0.06003,-0.03551,-0.4741,-0.20697,0.02052,-0.87366,-0.18463,-0.12401,-1.02099,-0.26908,0.32775,-0.46546,0.09019,-0.06093,-0.47197,0.19364,-0.00666,-0.86783,0.13335,-0.15756,-1.02418,0.1835
13.18,0.3658,-0.37905,0.02469,0.46184,0.05614,0.0248,0.42708,0.27978,0.00136,0.53966,-0.0306,-0.14666,0.44044,-0.24479,-0.20588,0.18215,-0.18678,-0.21321,0.00943,-0.15941,-0.19045,0.32319,0.01709,0.1739,0.14508,0.05269,0.0119,-0.00871,0.10662,-0.19683,-0.12709,0.11546,-0.32724,0.33861,-0.45305,-0.05962,-0.03488,-0.47466,-0.20747,0.02059,-0.87426,-0.18446,-0.12399,-1.02147,-0.26904,0.32779,-0.46587,0.09058,-0.06127,-0.47199,0.19264,-0.00641,-0.86805,0.13419,-0.15725,-1.02443,0.18436
13.2,0.36606,-0.37948,0.02498,0.46102,0.05594,0.02253,0.42588,0.27934,-0.00259,0.54107,-0.03205,-0.14726,0.44293,-0.24743,-0.20395,0.18476,-0.18915,-0.21316,0.01191,-0.1629,-0.19014,0.32072,0.0178,0.1703,0.14422,0.05339,0.00655,-0.01255,0.10543,-0.20044,-0.136,0.11401,-0.32608,0.33885,-0.45348,-0.05932,-0.03436,-0.47511,-0.20788,0.02061,-0.87474,-0.18426,-0.12404,-1.02184,-0.26891,0.32783,-0.4662,0.09088,-0.06146,-0.47208,0.19208,-0.00608,-0.86826,0.13499,-0.15688,-1.02466,0.18524
13.22,0.36635,-0.37973,0.02489,0.4612,0.05571,0.02083,0.42553,0.27879,-0.00626,0.54199,-0.03305,-0.14821,0.44636,-0.24961,-0.20467,0.18805,-0.19226,-0.21581,0.01491,-0.16715,-0.19372,0.32027,0.0182,0.16818,0.14192,0.05216,0.0061,-0.01465,0.10329,-0.20127,-0.13739,0.10888,-0.32777,0.33906,-0.45384,-0.05929,-0.03409,-0.47523,-0.20804,0.02049,-0.87489,-0.18395,-0.12425,-1.02193,-0.26855,0.32792,-0.46625,0.09093,-0.06115,-0.4723,0.19294,-0.00552,-0.86842,0.13572,-0.15625,-1.02481,0.18619
13.24,0.36664,-0.37994,0.02465,0.46166,0.05545,0.0193,0.4254,0.27817,-0.00986,0.54263,-0.03388,-0.14935,0.45008,-0.25162,-0.20642,0.19157,-0.1956,-0.21946,0.0181,-0.17159,-0.19873,0.32053,0.01847,0.1666,0.13904,0.05011,0.00757,-0.01602,0.10068,-0.20107,-0.13577,0.10225,-0.33051,0.33925,-0.4542,-0.05936,-0.03392,-0.47524,-0.2081,0.02029,-0.87492,-0.18361,-0.12454,-1.02192,-0.26811,0.32802,-0.46623,0.09088,-0.06069,-0.47257,0.19424,-0.00488,-0.86858,0.13642,-0.15556,-1.02494,0.18717
13.26,0.36693,-0.38017,0.02447,0.46196,0.05519,0.01769,0.42514,0.27755,-0.0135,0.54332,-0.03477,-0.15043,0.45359,-0.25364,-0.20768,0.19494,-0.19877,-0.22259,0.02119,-0.17584,-0.20302,0.32049,0.01877,0.1648,0.13651,0.04842,0.00826,-0.01755,0.0983,-0.20129,-0.13518,0.09637,-0.33265,0.33945,-0.45457,-0.0594,-0.03372,-0.47529,-0.2082,0.02014,-0.87499,-0.18328,-0.12479,-1.02195,-0.26769,0.32813,-0.46625,0.09087,-0.0603,-0.4728,0.19528,-0.00428,-0.86874,0.13714,-0.15491,-1.02506,0.18815
13.28,0.36723,-0.38039,0.02436,0.46237,0.05492,0.01612,0.42506,0.2769,-0.01717,0.5443,-0.03575,-0.15135,0.45754,-0.25577,-0.20877,0.19875,-0.20212,-0.22557,0.0247,-0.18064,-0.20706,0.32038,0.01914,0.16288,0.13389,0.04669,0.00896,-0.01946,0.09568,-0.20132,-0.13509,0.08998,-0.33434,0.33965,-0.45491,-0.05936,-0.03348,-0.47534,-0.20829,0.01995,-0.87508,-0.18291,-0.12508,-1.02198,-0.26725,0.32822,-0.46625,0.09092,-0.05986,-0.47304,0.19661,-0.00367,-0.86887,0.13788,-0.15424,-1.02516,0.18915
13.3,0.3675,-0.38061,0.02405,0.46262,0.05468,0.0145,0.42468,0.27625,-0.02073,0.54462,-0.03651,-0.15266,0.46066,-0.25752,-0.2104,0.20175,-0.20507,-0.22894,0.02747,-0.18433,-0.21171,0.32059,0.01934,0.16132,0.13151,0.04489,0.01023,-0.02024,0.09344,-0.20131,-0.1328,0.08431,-0.33675,0.33983,-0.45529,-0.05951,-0.03334,-0.47537,-0.20838,0.01981,-0.87511,-0.18263,-0.1253,-1.02199,-0.26686,0.32833,-0.46625,0.0908,-0.05949,-0.47325,0.19744,-0.00308,-0.86903,0.13858,-0.15361,-1.02527,0.19013
13.32,0.36773,-0.3809,0.0232,0.46234,0.05448,0.01265,0.42327,0.27559,-0.02414,0.5432,-0.03674,-0.15505,0.4616,-0.25848,-0.21343,0.2026,-0.20701,-0.23341,0.02829,-0.18507,-0.21814,0.32143,0.0191,0.16053,0.12968,0.04301,0.01257,-0.01806,0.09242,-0.20159,-0.12489,0.08138,-0.34145,0.33996,-0.45581,-0.06012,-0.03345,-0.47535,-0.20844,0.01984,-0.87507,-0.18268,-0.12534,-1.02202,-0.2667,0.32853,-0.46631,0.09022,-0.05933,-0.47342,0.19669,-0.00253,-0.86932,0.1391,-0.15309,-1.02543,0.19099
13.34,0.36793,-0.38119,0.02214,0.4619,0.05431,0.01074,0.42154,0.27496,-0.02741,0.54111,-0.03677,-0.15782,0.46161,-0.25904,-0.21702,0.20253,-0.20846,-0.2383,0.02829,-0.18464,-0.22528,0.32258,0.01871,0.16008,0.12819,0.04111,0.01537,-0.01469,0.0918,-0.20177,-0.11446,0.07961,-0.34666,0.34008,-0.45636,-0.06091,-0.03366,-0.4753,-0.20852,0.01992,-0.87499,-0.18285,-0.1253,-1.02205,-0.2666,0.32875,-0.46637,0.08947,-0.05925,-0.47356,0.19541,-0.00199,-0.86965,0.13957,-0.15258,-1.0256,0.19182
13.36,0.36812,-0.38146,0.02116,0.46154,0.05413,0.00885,0.42,0.27432,-0.03066,0.53929,-0.03688,-0.16042,0.46185,-0.25968,-0.22038,0.20272,-0.20997,-0.24292,0.02854,-0.18459,-0.23207,0.32364,0.01841,0.15947,0.12676,0.03928,0.01793,-0.01175,0.09097,-0.20179,-0.10466,0.07764,-0.35108,0.34019,-0.45687,-0.06164,-0.03381,-0.47527,-0.20864,0.01998,-0.87493,-0.18297,-0.12528,-1.02207,-0.26648,0.32895,-0.46642,0.08877,-0.05914,-0.47372,0.19439,-0.00144,-0.86996,0.14007,-0.15205,-1.02577,0.19269
13.38,0.36841,-0.38182,0.02023,0.46114,0.05389,0.00696,0.41807,0.2735,-0.03411,0.53752,-0.03708,-0.16296,0.46272,-0.26053,-0.22383,0.20355,-0.21174,-0.24789,0.02945,-0.18497,-0.23944,0.32462,0.01804,0.15879,0.12493,0.03715,0.02099,-0.00828,0.09006,-0.2017,-0.0933,0.07659,-0.35561,0.34036,-0.45748,-0.06231,-0.03396,-0.47522,-0.20855,0.02004,-0.87487,-0.1831,-0.12528,-1.02207,-0.26639,0.32922,-0.46652,0.08815,-0.05899,-0.47391,0.19333,-0.00091,-0.8703,0.14054,-0.15158,-1.02593,0.19347
13.4,0.36847,-0.38199,0.01916,0.46076,0.05379,0.00509,0.41678,0.27302,-0.03706,0.53544,-0.03706,-0.16564,0.46196,-0.26075,-0.22725,0.20274,-0.21265,-0.25221,0.02882,-0.18414,-0.24592,0.32583,0.01779,0.15831,0.12421,0.03566,0.02318,-0.00532,0.08941,-0.20146,-0.08336,0.0751,-0.35895,0.34038,-0.4579,-0.06314,-0.03415,-0.47518,-0.2089,0.0201,-0.87478,-0.18324,-0.12524,-1.02212,-0.26628,0.32932,-0.4665,0.08735,-0.05896,-0.47404,0.19222,-0.00034,-0.87057,0.14107,-0.15098,-1.0261,0.19441
13.42,0.36793,-0.38159,0.01774,0.46051,0.05411,0.0033,0.41741,0.27354,-0.03875,0.53268,-0.03645,-0.16865,0.45702,-0.25939,-0.23032,0.19769,-0.2115,-0.25455,0.02418,-0.18038,-0.24976,0.3277,0.01794,0.15833,0.12645,0.03587,0.02265,-0.00437,0.08915,-0.20136,-0.07852,0.0709,-0.36031,0.33999,-0.4577,-0.06442,-0.03441,-0.47515,-0.2105,0.02014,-0.87461,-0.18336,-0.12506,-1.0223,-0.26601,0.32898,-0.46606,0.08609,-0.05927,-0.474,0.19108,0.00034,-0.87063,0.14186,-0.14996,-1.02624,0.1959
13.44,0.36716,-0.38099,0.0162,0.46028,0.05459,0.00156,0.41873,0.27441,-0.03998,0.52965,-0.03562,-0.17173,0.45048,-0.2574,-0.23316,0.19103,-0.20951,-0.25606,0.01801,-0.17559,-0.25264,0.3298,0.01821,0.1585,0.12974,0.03676,0.02117,-0.00408,0.08919,-0.20126,-0.07518,0.0663,-0.36101,0.33945,-0.4573,-0.06585,-0.0347,-0.47512,-0.21252,0.02017,-0.87441,-0.18348,-0.12484,-1.02252,-0.26571,0.32846,-0.46548,0.08466,-0.05971,-0.4739,0.18991,0.00104,-0.87059,0.1427,-0.14883,-1.02635,0.19753
13.46,0.36649,-0.38049,0.01475,0.46004,0.05499,-0.00016,0.41976,0.2751,-0.04142,0.52675,-0.03488,-0.17466,0.44462,-0.25565,-0.2359,0.18507,-0.20781,-0.25775,0.01252,-0.17144,-0.25594,0.3318,0.0184,0.15857,0.13253,0.03742,0.02015,-0.00343,0.08927,-0.20111,-0.07071,0.06282,-0.36196,0.33897,-0.45699,-0.06719,-0.035,-0.4751,-0.2143,0.0202,-0.87422,-0.1836,-0.12464,-1.02271,-0.26543,0.32801,-0.46497,0.08334,-0.0601,-0.47383,0.18878,0.00171,-0.87058,0.14349,-0.14778,-1.02645,0.19903
13.48,0.36583,-0.37995,0.01312,0.45979,0.05543,-0.00206,0.42068,0.27579,-0.04309,0.52366,-0.03407,-0.17781,0.4388,-0.25388,-0.23874,0.17912,-0.20625,-0.25948,0.0071,-0.1674,-0.25965,0.33396,0.0186,0.15853,0.13565,0.03774,0.01876,-0.00264,0.08855,-0.2013,-0.06487,0.05831,-0.36351,0.33852,-0.45667,-0.06868,-0.03522,-0.47506,-0.21634,0.02023,-0.87399,-0.18374,-0.12447,-1.02288,-0.26512,0.32758,-0.46442,0.08186,-0.06047,-0.47375,0.18749,0.00249,-0.87057,0.1444,-0.14659,-1.02654,0.20076
13.5,0.36511,-0.37944,0.01185,0.45958,0.05582,-0.00356,0.42198,0.27651,-0.04428,0.52088,-0.03335,-0.1804,0.43254,-0.25188,-0.24097,0.17279,-0.2041,-0.26055,0.00126,-0.16323,-0.26228,0.33592,0.01881,0.15866,0.13843,0.03889,0.01784,-0.00215,0.08947,-0.20081,-0.06112,0.05692,-0.36379,0.33799,-0.45633,-0.06986,-0.03558,-0.47504,-0.21792,0.02028,-0.8738,-0.18385,-0.12422,-1.02307,-0.26489,0.32708,-0.46393,0.08069,-0.06089,-0.47365,0.18654,0.00305,-0.87048,0.14505,-0.14565,-1.02658,0.20204
13.52,0.36421,-0.37905,0.01154,0.45944,0.05604,-0.00404,0.4242,0.27722,-0.0442,0.51899,-0.03298,-0.18155,0.42532,-0.24936,-0.24186,0.16569,-0.20054,-0.26028,-0.00557,-0.15854,-0.26193,0.33714,0.01903,0.15921,0.13991,0.0423,0.01852,-0.00258,0.09514,-0.19836,-0.06418,0.06317,-0.36048,0.3372,-0.45596,-0.07018,-0.03638,-0.47511,-0.21815,0.0204,-0.87372,-0.18394,-0.12377,-1.02334,-0.2649,0.32638,-0.46364,0.08037,-0.06152,-0.47352,0.18646,0.00298,-0.87025,0.14492,-0.14543,-1.02659,0.20202
13.54,0.36325,-0.3787,0.0116,0.45932,0.0562,-0.00413,0.42675,0.2779,-0.04364,0.51742,-0.03273,-0.18216,0.4178,-0.24653,-0.24214,0.15835,-0.19632,-0.25933,-0.0127,-0.15345,-0.2603,0.3381,0.01925,0.15994,0.14103,0.04649,0.01975,-0.00323,0.10242,-0.19518,-0.06953,0.07211,-0.35575,0.33633,-0.45559,-0.07018,-0.03732,-0.47519,-0.2179,0.02053,-0.87367,-0.18401,-0.12328,-1.02363,-0.26501,0.32562,-0.46342,0.08038,-0.06221,-0.47337,0.18674,0.00268,-0.86997,0.14452,-0.14549,-1.02658,0.20152
13.56,0.36235,-0.37835,0.01153,0.45921,0.05637,-0.00437,0.42913,0.27852,-0.04334,0.51571,-0.03244,-0.18297,0.41059,-0.24371,-0.24249,0.1513,-0.19224,-0.25844,-0.01949,-0.14834,-0.25899,0.3392,0.01945,0.1606,0.14241,0.05021,0.02075,-0.00357,0.10879,-0.1923,-0.07339,0.07978,-0.35161,0.33552,-0.45523,-0.07028,-0.03816,-0.47526,-0.21785,0.02065,-0.87361,-0.18408,-0.12281,-1.0239,-0.26507,0.32491,-0.46318,0.08028,-0.06284,-0.47325,0.18692,0.00248,-0.86973,0.14425,-0.14543,-1.02658,0.20125
13.58,0.36132,-0.37791,0.01133,0.45906,0.05661,-0.0047,0.43175,0.27922,-0.04307,0.51393,-0.03207,-0.18388,0.40295,-0.24048,-0.24289,0.14381,-0.18788,-0.25741,-0.02676,-0.14314,-0.25732,0.34029,0.01972,0.16116,0.14385,0.05435,0.02173,-0.00407,0.11586,-0.18915,-0.07818,0.0882,-0.34676,0.33461,-0.4548,-0.07052,-0.03914,-0.47535,-0.21786,0.0208,-0.87354,-0.18416,-0.12229,-1.0242,-0.26511,0.32409,-0.46286,0.08004,-0.06359,-0.47305,0.1869,0.00229,-0.86941,0.14398,-0.14531,-1.02654,0.201
13.6,0.36056,-0.37766,0.01147,0.45898,0.0567,-0.00476,0.43395,0.27964,-0.04272,0.51237,-0.03186,-0.18444,0.39633,-0.23768,-0.24279,0.13741,-0.18365,-0.25609,-0.03286,-0.13778,-0.2556,0.34136,0.01983,0.16193,0.14522,0.05773,0.02292,-0.00398,0.12181,-0.18628,-0.08114,0.09593,-0.34272,0.33392,-0.45452,-0.07042,-0.03987,-0.47539,-0.21764,0.02092,-0.87348,-0.18422,-0.12187,-1.02441,-0.26523,0.3235,-0.46272,0.08014,-0.06409,-0.47299,0.18735,0.00204,-0.86923,0.14364,-0.14537,-1.02657,0.20056
13.62,0.36054,-0.37791,0.01244,0.45904,0.05641,-0.0042,0.43485,0.27944,-0.04226,0.5113,-0.03209,-0.18424,0.39224,-0.23643,-0.24171,0.13382,-0.17998,-0.2545,-0.03586,-0.13194,-0.2546,0.34242,0.01952,0.16319,0.14635,0.0589,0.0245,-0.00241,0.12443,-0.18457,-0.0787,0.10108,-0.34183,0.3338,-0.4547,-0.06949,-0.03989,-0.47529,-0.21696,0.02095,-0.87343,-0.18426,-0.12174,-1.02427,-0.26558,0.32349,-0.463,0.08107,-0.06388,-0.47333,0.18907,0.00167,-0.86941,0.14314,-0.14585,-1.02678,0.19968
13.64,0.36078,-0.37834,0.01373,0.45915,0.056,-0.00338,0.43527,0.27901,-0.04169,0.51043,-0.03247,-0.18372,0.38915,-0.23576,-0.24025,0.13131,-0.17664,-0.25278,-0.03766,-0.12618,-0.25377,0.34345,0.01906,0.16464,0.14733,0.05929,0.02626,-0.00039,0.12585,-0.18321,-0.07461,0.10531,-0.34186,0.3339,-0.45503,-0.06824,-0.03968,-0.47514,-0.21607,0.02093,-0.87338,-0.18426,-0.12173,-1.02402,-0.26601,0.32368,-0.46345,0.08232,-0.06342,-0.4738,0.19122,0.00123,-0.8697,0.14258,-0.14651,-1.02704,0.19864
13.66,0.36091,-0.37867,0.01486,0.45925,0.05566,-0.00266,0.43591,0.27869,-0.04116,0.50949,-0.03276,-0.18332,0.38573,-0.23481,-0.23891,0.12844,-0.17326,-0.25106,-0.03986,-0.12065,-0.25277,0.34449,0.01869,0.166,0.14838,0.06001,0.02793,0.00139,0.12775,-0.18169,-0.07142,0.1098,-0.34129,0.3339,-0.45527,-0.06715,-0.03958,-0.47501,-0.21527,0.02095,-0.87333,-0.18427,-0.12166,-1.02382,-0.26638,0.3238,-0.4638,0.08341,-0.06308,-0.4742,0.19311,0.00082,-0.86992,0.14206,-0.1471,-1.02725,0.19769
13.68,0.36102,-0.37906,0.01609,0.45931,0.05526,-0.00195,0.43659,0.27832,-0.04069,0.50845,-0.03314,-0.18292,0.38189,-0.23374,-0.23745,0.1253,-0.16928,-0.24921,-0.04216,-0.11406,-0.25182,0.34557,0.01827,0.16739,0.1495,0.06086,0.02964,0.00343,0.12991,-0.18018,-0.06764,0.11512,-0.3409,0.33389,-0.45558,-0.06596,-0.03946,-0.47486,-0.21446,0.02097,-0.87326,-0.1843,-0.12157,-1.0236,-0.26682,0.32388,-0.46421,0.0846,-0.06271,-0.47464,0.19532,0.00036,-0.87013,0.14151,-0.14773,-1.02745,0.19669
13.7,0.36123,-0.37937,0.01717,0.45944,0.05495,-0.00118,0.43704,0.27801,-0.04009,0.50766,-0.03337,-0.18244,0.37922,-0.233,-0.2361,0.1231,-0.16663,-0.24752,-0.04379,-0.10975,-0.25074,0.34657,0.0179,0.16872,0.15044,0.06124,0.03129,0.00508,0.13116,-0.17875,-0.06472,0.11846,-0.34019,0.33397,-0.45579,-0.06493,-0.03932,-0.47473,-0.21365,0.02095,-0.87321,-0.18429,-0.12156,-1.02339,-0.26714,0.32407,-0.46455,0.08563,-0.06235,-0.47504,0.19695,-3e-05,-0.87035,0.14101,-0.14835,-1.02761,0.19577
13.72,0.36165,-0.37941,0.01772,0.45977,0.05495,-0.00032,0.43695,0.27797,-0.03919,0.50749,-0.03312,-0.18183,0.37943,-0.23305,-0.2353,0.12305,-0.16763,-0.24646,-0.04413,-0.11159,-0.24938,0.34737,0.01765,0.16985,0.151,0.06056,0.03263,0.00565,0.13026,-0.17748,-0.06442,0.11647,-0.33872,0.33422,-0.45569,-0.06446,-0.0392,-0.47469,-0.21285,0.02085,-0.87326,-0.18418,-0.12177,-1.02328,-0.26713,0.3245,-0.46466,0.0861,-0.06209,-0.4753,0.19681,-0.00022,-0.87064,0.14062,-0.14883,-1.02772,0.19512
13.74,0.36215,-0.37937,0.01809,0.46014,0.05504,0.00058,0.43665,0.27801,-0.03818,0.50755,-0.03272,-0.18116,0.38075,-0.23344,-0.23469,0.12388,-0.16998,-0.24565,-0.04389,-0.11569,-0.24797,0.34807,0.01744,0.17089,0.15133,0.05943,0.03391,0.00579,0.12847,-0.17628,-0.06506,0.11251,-0.33698,0.33454,-0.45548,-0.06418,-0.03907,-0.47468,-0.21207,0.0207,-0.87334,-0.18405,-0.12208,-1.0232,-0.26702,0.32501,-0.4647,0.08638,-0.06187,-0.47551,0.19606,-0.00035,-0.87096,0.14024,-0.14929,-1.0278,0.19454
13.76,0.3626,-0.37938,0.01855,0.46048,0.05507,0.00146,0.43645,0.278,-0.03722,0.50751,-0.03242,-0.18051,0.38159,-0.2337,-0.23398,0.12434,-0.17173,-0.24472,-0.04387,-0.1188,-0.24659,0.34877,0.01721,0.17195,0.15168,0.05847,0.03526,0.00606,0.12707,-0.17503,-0.06538,0.1095,-0.33529,0.33481,-0.45534,-0.0638,-0.03894,-0.47466,-0.21131,0.02056,-0.8734,-0.18392,-0.12235,-1.0231,-0.26696,0.32546,-0.46478,0.08676,-0.06164,-0.47574,0.19564,-0.00053,-0.87126,0.13986,-0.14978,-1.02789,0.19392
13.78,0.3631,-0.37936,0.019,0.46088,0.05513,0.00239,0.4362,0.27801,-0.0362,0.50743,-0.03204,-0.17985,0.3824,-0.23388,-0.23334,0.12477,-0.17345,-0.24382,-0.04384,-0.12183,-0.24519,0.34964,0.01696,0.17312,0.15241,0.0576,0.03644,0.00667,0.12574,-0.17391,-0.0652,0.10632,-0.33377,0.33512,-0.45516,-0.06344,-0.03881,-0.47466,-0.21044,0.02044,-0.87348,-0.18379,-0.12261,-1.02302,-0.26688,0.32598,-0.46483,0.08712,-0.06139,-0.47598,0.19502,-0.00066,-0.87159,0.13946,-0.15025,-1.02798,0.19328
13.8,0.36352,-0.37936,0.01942,0.46117,0.05517,0.00322,0.43604,0.27801,-0.0353,0.50752,-0.03176,-0.17919,0.38353,-0.23426,-0.23261,0.12551,-0.1755,-0.24293,-0.0436,-0.12553,-0.24384,0.35015,0.01677,0.17404,0.15231,0.05644,0.03797,0.00648,0.12404,-0.1725,-0.0663,0.10307,-0.33175,0.33538,-0.45501,-0.0631,-0.03867,-0.4746,-0.20981,0.02028,-0.8735,-0.18368,-0.1229,-1.02288,-0.26683,0.32639,-0.4649,0.08745,-0.06117,-0.47616,0.19465,-0.00088,-0.87184,0.13908,-0.15076,-1.02802,0.19268
13.82,0.36372,-0.37941,0.01981,0.46112,0.05519,0.00377,0.43619,0.27805,-0.03474,0.50803,-0.03177,-0.17849,0.38531,-0.23512,-0.2316,0.12687,-0.17823,-0.24188,-0.04296,-0.13076,-0.24243,0.34965,0.01675,0.17429,0.1501,0.05482,0.04027,0.00437,0.12188,-0.17044,-0.07052,0.1003,-0.32864,0.33551,-0.45496,-0.06278,-0.03842,-0.47433,-0.20984,0.02003,-0.8733,-0.18362,-0.12322,-1.02256,-0.26687,0.32652,-0.46498,0.08776,-0.06098,-0.47617,0.19516,-0.00136,-0.87183,0.13879,-0.1514,-1.02791,0.19223
13.84,0.36385,-0.37949,0.02016,0.46097,0.05517,0.0042,0.43647,0.27808,-0.03433,0.50872,-0.03188,-0.17779,0.38737,-0.23616,-0.23049,0.12852,-0.1812,-0.24083,-0.04208,-0.13654,-0.24108,0.34882,0.01678,0.17427,0.1471,0.05285,0.04297,0.00152,0.11925,-0.16805,-0.07585,0.09755,-0.32502,0.33559,-0.45495,-0.06249,-0.03813,-0.474,-0.2101,0.01975,-0.87304,-0.1836,-0.12354,-1.02219,-0.26696,0.32656,-0.46508,0.08804,-0.06081,-0.47613,0.19592,-0.00191,-0.87175,0.1385,-0.15206,-1.02776,0.19181
13.86,0.364,-0.37956,0.02053,0.46089,0.05516,0.00469,0.43673,0.2781,-0.03387,0.50932,-0.03195,-0.17709,0.38928,-0.2371,-0.2294,0.13005,-0.18396,-0.2398,-0.04121,-0.1419,-0.23976,0.34817,0.01677,0.1744,0.14445,0.05088,0.04569,-0.00102,0.1166,-0.16562,-0.08059,0.09479,-0.32147,0.33567,-0.45492,-0.06219,-0.03789,-0.47371,-0.21023,0.01948,-0.87281,-0.18355,-0.12386,-1.02185,-0.26703,0.32663,-0.46518,0.08833,-0.06066,-0.47611,0.19653,-0.00242,-0.8717,0.1382,-0.15271,-1.02763,0.19136
13.88,0.36418,-0.37959,0.0209,0.4607,0.05521,0.00515,0.4368,0.27819,-0.03332,0.50995,-0.03198,-0.17638,0.39134,-0.23805,-0.2283,0.13167,-0.1871,-0.23856,-0.0403,-0.14804,-0.23802,0.34735,0.01683,0.17443,0.14213,0.04949,0.04775,-0.0032,0.11476,-0.1638,-0.08498,0.0925,-0.31845,0.3358,-0.45486,-0.06188,-0.03756,-0.47337,-0.21048,0.01917,-0.87254,-0.18351,-0.12423,-1.02145,-0.2671,0.32675,-0.46524,0.08863,-0.06042,-0.47606,0.19729,-0.00298,-0.87161,0.13795,-0.15341,-1.02745,0.19098
13.9,0.3643,-0.37971,0.02127,0.46071,0.05512,0.00567,0.4373,0.27813,-0.03296,0.51057,-0.03211,-0.17567,0.39314,-0.23897,-0.22717,0.1332,-0.18944,-0.23771,-0.03926,-0.15262,-0.23712,0.34683,0.01676,0.17461,0.13913,0.04669,0.05135,-0.00609,0.11094,-0.16058,-0.08989,0.08931,-0.31423,0.33585,-0.45487,-0.06158,-0.03739,-0.47312,-0.21052,0.01897,-0.87234,-0.18347,-0.12446,-1.02116,-0.26717,0.32675,-0.46537,0.08892,-0.06036,-0.47608,0.19781,-0.00344,-0.87158,0.1376,-0.15399,-1.02736,0.19047
13.92,0.36421,-0.38001,0.02168,0.46129,0.05469,0.00645,0.43904,0.27765,-0.03307,0.5111,-0.03249,-0.17493,0.39416,-0.23976,-0.22587,0.13441,-0.18959,-0.23788,-0.03805,-0.15277,-0.23847,0.34728,0.01637,0.1753,0.13464,0.04063,0.05943,-0.01064,0.10251,-0.15317,-0.09623,0.08439,-0.30628,0.33563,-0.45502,-0.06127,-0.03777,-0.47313,-0.20983,0.01904,-0.87233,-0.18343,-0.12432,-1.02116,-0.26723,0.32636,-0.46563,0.08921,-0.06089,-0.47627,0.19757,-0.00369,-0.87167,0.13699,-0.15426,-1.02754,0.18954
13.94,0.36407,-0.3804,0.0221,0.46206,0.05411,0.00731,0.4412,0.277,-0.03335,0.51161,-0.03297,-0.17419,0.39489,-0.2405,-0.22459,0.13551,-0.18893,-0.23849,-0.03677,-0.15135,-0.24072,0.34804,0.01584,0.17617,0.13005,0.03299,0.06932,-0.01529,0.09183,-0.1441,-0.10261,0.07805,-0.29668,0.33534,-0.45523,-0.06096,-0.03831,-0.47324,-0.2089,0.01922,-0.87239,-0.18338,-0.12404,-1.02127,-0.26728,0.32586,-0.46596,0.0895,-0.06161,-0.47653,0.19708,-0.00384,-0.87182,0.1363,-0.15441,-1.02781,0.18848
13.96,0.36397,-0.38076,0.0225,0.4627,0.05359,0.00813,0.44311,0.27642,-0.03354,0.51211,-0.03339,-0.17345,0.39572,-0.24122,-0.2234,0.13664,-0.1886,-0.23898,-0.03554,-0.15066,-0.24262,0.34861,0.01536,0.17695,0.12622,0.02561,0.07862,-0.01909,0.08155,-0.1356,-0.10814,0.07145,-0.28748,0.3351,-0.45543,-0.06065,-0.03874,-0.4733,-0.20813,0.01936,-0.87242,-0.18334,-0.12382,-1.02132,-0.26735,0.32544,-0.46627,0.08979,-0.06222,-0.47676,0.19672,-0.00402,-0.87194,0.13566,-0.15461,-1.02803,0.1875
13.98,0.3638,-0.38106,0.02296,0.46351,0.05308,0.00899,0.44525,0.27582,-0.03376,0.5127,-0.03385,-0.17268,0.39674,-0.24212,-0.22176,0.13799,-0.18852,-0.2392,-0.03405,-0.15012,-0.24441,0.34934,0.01495,0.17778,0.12291,0.01972,0.08869,-0.0225,0.07292,-0.12616,-0.11377,0.06698,-0.27692,0.33479,-0.45554,-0.06032,-0.03929,-0.47336,-0.20719,0.0195,-0.87243,-0.1833,-0.12357,-1.02137,-0.2674,0.32493,-0.46653,0.0901,-0.06293,-0.47697,0.1963,-0.00423,-0.87204,0.13496,-0.15481,-1.02825,0.18642
14,0.36377,-0.3815,0.0233,0.46402,0.05253,0.00979,0.44702,0.27518,-0.03394,0.51309,-0.03426,-0.17198,0.39726,-0.2426,-0.22107,0.13888,-0.18776,-0.24016,-0.03301,-0.14893,-0.24674,0.34983,0.01436,0.17856,0.12011,0.01043,0.09826,-0.02498,0.06025,-0.1176,-0.11773,0.05733,-0.26756,0.33461,-0.45585,-0.06004,-0.03962,-0.47344,-0.20655,0.01966,-0.87248,-0.18328,-0.12334,-1.02143,-0.26749,0.32457,-0.46688,0.09036,-0.06346,-0.47721,0.19593,-0.00435,-0.87218,0.13437,-0.15497,-1.02847,0.18553
14.02,0.36415,-0.38231,0.02335,0.46368,0.05191,0.01049,0.44771,0.27449,-0.03395,0.51298,-0.03455,-0.17137,0.3967,-0.24208,-0.22279,0.1388,-0.18532,-0.24271,-0.03302,-0.14629,-0.24991,0.34947,0.01331,0.17914,0.11835,-0.00818,0.10599,-0.02564,0.03797,-0.11143,-0.11838,0.03544,-0.2614,0.33482,-0.4567,-0.0599,-0.03929,-0.47356,-0.20677,0.01981,-0.8726,-0.18329,-0.12319,-1.0215,-0.26759,0.32466,-0.46748,0.09051,-0.06346,-0.47748,0.19579,-0.00429,-0.87243,0.13415,-0.15503,-1.02863,0.18519
14.04,0.36467,-0.38324,0.02329,0.46305,0.05126,0.01113,0.44799,0.27378,-0.03391,0.51264,-0.03478,-0.17084,0.3956,-0.24106,-0.22547,0.13822,-0.18216,-0.24596,-0.03354,-0.14293,-0.25361,0.34888,0.0121,0.17969,0.11843,-0.02984,0.11361,-0.02509,0.01362,-0.10467,-0.11823,0.01089,-0.25438,0.33517,-0.45773,-0.0598,-0.03875,-0.47368,-0.20729,0.01997,-0.87275,-0.1833,-0.12307,-1.02157,-0.2677,0.3249,-0.46814,0.09063,-0.06328,-0.47776,0.19572,-0.00415,-0.87271,0.13406,-0.15505,-1.02877,0.18506
14.06,0.36513,-0.3841,0.02327,0.46255,0.05063,0.01177,0.44843,0.27309,-0.0339,0.51235,-0.03503,-0.17033,0.3946,-0.24012,-0.22782,0.13774,-0.17921,-0.24899,-0.03393,-0.13976,-0.25728,0.34846,0.01097,0.18026,0.12,-0.04941,0.12204,-0.02408,-0.00765,-0.0962,-0.11885,-0.0101,-0.24489,0.33545,-0.45867,-0.05969,-0.03831,-0.4738,-0.20767,0.02013,-0.87289,-0.18332,-0.12293,-1.02164,-0.2678,0.32509,-0.46876,0.09075,-0.06316,-0.47803,0.19563,-0.00403,-0.87297,0.13392,-0.15507,-1.02891,0.18486
14.08,0.36559,-0.38504,0.02328,0.46201,0.04994,0.01249,0.449,0.2723,-0.03393,0.51225,-0.03537,-0.16965,0.39427,-0.23959,-0.22968,0.13799,-0.17645,-0.25132,-0.03363,-0.13681,-0.25987,0.34777,0.00978,0.18077,0.12298,-0.06942,0.13149,-0.02269,-0.02802,-0.08576,-0.12027,-0.02998,-0.23264,0.33574,-0.45968,-0.05956,-0.03783,-0.47394,-0.20808,0.0203,-0.87305,-0.18332,-0.12277,-1.02173,-0.26789,0.32524,-0.46944,0.0909,-0.06309,-0.47831,0.19552,-0.00392,-0.87324,0.13376,-0.15511,-1.02907,0.18461
14.1,0.36609,-0.38584,0.02321,0.4615,0.04937,0.01302,0.44919,0.27169,-0.03385,0.51166,-0.03551,-0.16935,0.39246,-0.238,-0.23274,0.1367,-0.17307,-0.25517,-0.0348,-0.13315,-0.26476,0.34762,0.00867,0.1814,0.12784,-0.08747,0.1403,-0.02046,-0.04704,-0.07535,-0.12112,-0.04936,-0.22012,0.33606,-0.46057,-0.05948,-0.03736,-0.47405,-0.20848,0.02047,-0.87318,-0.18333,-0.12263,-1.02179,-0.26797,0.32551,-0.47,0.091,-0.06286,-0.47857,0.19549,-0.00375,-0.87351,0.13369,-0.1551,-1.0292,0.18452
14.12,0.36668,-0.38622,0.02291,0.46119,0.04919,0.01293,0.4484,0.27158,-0.03348,0.50979,-0.03513,-0.17011,0.38669,-0.23348,-0.2389,0.13132,-0.16764,-0.26306,-0.03977,-0.12682,-0.2757,0.34896,0.00785,0.18227,0.13439,-0.10117,0.14614,-0.01646,-0.0651,-0.06851,-0.11886,-0.06949,-0.21201,0.33642,-0.46106,-0.0596,-0.03689,-0.47407,-0.20889,0.02061,-0.87323,-0.1834,-0.12253,-1.0218,-0.26805,0.32609,-0.4702,0.09091,-0.06222,-0.4788,0.1956,-0.0034,-0.87378,0.13386,-0.15492,-1.02926,0.18478
14.14,0.36731,-0.38647,0.02254,0.46094,0.04914,0.01266,0.44725,0.27163,-0.03297,0.50743,-0.03457,-0.17121,0.3795,-0.22765,-0.24595,0.12453,-0.16118,-0.27253,-0.04593,-0.11915,-0.28913,0.35088,0.00711,0.18325,0.14185,-0.11322,0.15076,-0.01138,-0.08253,-0.06304,-0.11494,-0.0895,-0.2056,0.33681,-0.46143,-0.05977,-0.03643,-0.47408,-0.20927,0.02075,-0.87326,-0.18348,-0.12243,-1.02181,-0.26811,0.32681,-0.4703,0.09078,-0.06141,-0.47903,0.1958,-0.00297,-0.87408,0.13411,-0.15469,-1.02933,0.18518
14.16,0.3679,-0.38677,0.02219,0.46066,0.04903,0.0125,0.44628,0.2716,-0.03253,0.50525,-0.03409,-0.17212,0.37302,-0.22205,-0.25224,0.11856,-0.15471,-0.28137,-0.05119,-0.11147,-0.30173,0.35258,0.00633,0.18418,0.14986,-0.12535,0.15592,-0.00596,-0.09922,-0.05661,-0.11116,-0.10843,-0.19784,0.33718,-0.46184,-0.05993,-0.036,-0.4741,-0.20964,0.02089,-0.87331,-0.18356,-0.12233,-1.02182,-0.26817,0.32744,-0.47044,0.09065,-0.0607,-0.47925,0.19596,-0.00259,-0.87435,0.13431,-0.15449,-1.02939,0.18549
14.18,0.36857,-0.3871,0.02185,0.46036,0.0489,0.01224,0.44527,0.27157,-0.03208,0.50313,-0.03367,-0.17304,0.36664,-0.21614,-0.25851,0.11293,-0.14692,-0.28972,-0.05583,-0.10166,-0.31357,0.35421,0.00557,0.18497,0.15908,-0.13791,0.16119,0.00051,-0.11689,-0.04987,-0.10651,-0.12874,-0.18953,0.33761,-0.46229,-0.06007,-0.03544,-0.47412,-0.21013,0.02106,-0.87335,-0.18362,-0.1222,-1.02183,-0.26823,0.32815,-0.4706,0.09054,-0.05991,-0.47949,0.19613,-0.00214,-0.87466,0.13457,-0.15422,-1.02946,0.18589
14.2,0.36909,-0.38733,0.02149,0.46012,0.04884,0.01214,0.44427,0.27157,-0.03158,0.50074,-0.03309,-0.17392,0.35998,-0.20987,-0.26429,0.10684,-0.14038,-0.29926,-0.06096,-0.09417,-0.32766,0.35616,0.0048,0.18601,0.16784,-0.14803,0.16581,0.00668,-0.13096,-0.04364,-0.10197,-0.14474,-0.18185,0.33791,-0.46263,-0.06025,-0.03513,-0.47414,-0.21035,0.02119,-0.87339,-0.18369,-0.1221,-1.02186,-0.26827,0.32875,-0.47068,0.0904,-0.05923,-0.4797,0.1963,-0.00181,-0.87491,0.13473,-0.15406,-1.02951,0.18616
14.22,0.36921,-0.38727,0.02106,0.46006,0.04895,0.01247,0.44342,0.27169,-0.03094,0.49777,-0.03203,-0.1746,0.3526,-0.20314,-0.26885,0.09957,-0.13782,-0.31172,-0.06747,-0.09385,-0.34728,0.35882,0.00403,0.18773,0.17376,-0.1529,0.16892,0.01053,-0.13651,-0.03898,-0.09915,-0.15009,-0.17639,0.33788,-0.46268,-0.06052,-0.03547,-0.47412,-0.20987,0.02122,-0.87336,-0.1838,-0.12204,-1.0219,-0.26829,0.329,-0.47054,0.09015,-0.05888,-0.47977,0.19637,-0.00187,-0.875,0.13453,-0.15421,-1.02949,0.18602
14.24,0.36917,-0.38711,0.0206,0.46004,0.04913,0.01294,0.44256,0.27184,-0.03025,0.49452,-0.03081,-0.17521,0.34497,-0.19616,-0.27281,0.09225,-0.1367,-0.32505,-0.07375,-0.09623,-0.36869,0.36179,0.00324,0.18964,0.17846,-0.15577,0.1713,0.01343,-0.1389,-0.03513,-0.09704,-0.15145,-0.17201,0.33771,-0.46262,-0.06084,-0.03606,-0.47409,-0.20912,0.0212,-0.8733,-0.18394,-0.12202,-1.02195,-0.26832,0.32913,-0.47032,0.08986,-0.05865,-0.47981,0.19642,-0.00206,-0.87505,0.1342,-0.15448,-1.02946,0.18572
14.26,0.36919,-0.38701,0.02018,0.45998,0.04926,0.01336,0.44166,0.27195,-0.02957,0.49135,-0.02967,-0.17576,0.33761,-0.18913,-0.27659,0.08568,-0.13474,-0.33749,-0.07886,-0.09728,-0.38869,0.36465,0.00243,0.1914,0.18376,-0.15942,0.17381,0.01678,-0.1425,-0.03105,-0.09465,-0.15431,-0.16721,0.33759,-0.46262,-0.06111,-0.03655,-0.47407,-0.20846,0.02119,-0.87326,-0.18405,-0.12199,-1.022,-0.26834,0.32931,-0.47015,0.08961,-0.05837,-0.47988,0.19653,-0.00219,-0.87512,0.13394,-0.15469,-1.02944,0.1855
14.28,0.36925,-0.38687,0.01967,0.45999,0.04942,0.01376,0.44082,0.27211,-0.02882,0.48828,-0.02848,-0.17627,0.32996,-0.18141,-0.2801,0.07929,-0.13152,-0.34944,-0.08331,-0.09657,-0.40807,0.36755,0.00163,0.19306,0.18949,-0.16339,0.17604,0.02057,-0.14652,-0.02722,-0.09176,-0.15768,-0.1627,0.33753,-0.46258,-0.06148,-0.03698,-0.47404,-0.20789,0.02121,-0.87321,-0.18421,-0.12194,-1.02204,-0.26839,0.32951,-0.46993,0.08927,-0.0581,-0.47991,0.19644,-0.00234,-0.87518,0.13366,-0.15492,-1.02939,0.18529
14.3,0.3692,-0.38678,0.01933,0.4599,0.04953,0.01422,0.4398,0.27218,-0.02816,0.48493,-0.02735,-0.17668,0.32308,-0.17464,-0.28318,0.0738,-0.13076,-0.36107,-0.08678,-0.09978,-0.42703,0.37052,0.00079,0.19481,0.1942,-0.16615,0.17824,0.02339,-0.14872,-0.02338,-0.09002,-0.15875,-0.15805,0.33732,-0.46258,-0.06167,-0.03757,-0.47402,-0.20709,0.02117,-0.87317,-0.1843,-0.12193,-1.02209,-0.2684,0.32965,-0.4698,0.0891,-0.05782,-0.48002,0.19675,-0.00247,-0.87525,0.13338,-0.15511,-1.02941,0.18501
14.32,0.36887,-0.38683,0.01944,0.45953,0.04949,0.01487,0.43836,0.27199,-0.0278,0.48079,-0.02637,-0.17689,0.31797,-0.17066,-0.28598,0.07022,-0.13691,-0.37325,-0.08839,-0.11373,-0.44674,0.3737,-0.0002,0.19693,0.19634,-0.16609,0.18093,0.0237,-0.14672,-0.01896,-0.09122,-0.15453,-0.15249,0.33673,-0.46267,-0.06142,-0.03859,-0.47402,-0.20574,0.02093,-0.87311,-0.18416,-0.12203,-1.02216,-0.26827,0.32966,-0.46987,0.08938,-0.05747,-0.48031,0.1982,-0.00252,-0.87531,0.13313,-0.15513,-1.02954,0.18462
14.34,0.36844,-0.38693,0.01974,0.45906,0.04941,0.0156,0.43672,0.2717,-0.02752,0.47641,-0.02546,-0.17695,0.3135,-0.16775,-0.28852,0.06785,-0.14549,-0.38491,-0.08838,-0.13143,-0.46548,0.37694,-0.00123,0.19909,0.19745,-0.16488,0.1838,0.02306,-0.14309,-0.01431,-0.09348,-0.14833,-0.14655,0.336,-0.46279,-0.06099,-0.03976,-0.47403,-0.20415,0.02063,-0.87307,-0.18393,-0.12216,-1.02225,-0.26809,0.32963,-0.47002,0.08984,-0.0571,-0.48067,0.20005,-0.00254,-0.87538,0.13289,-0.1551,-1.02972,0.18419
14.36,0.36806,-0.38701,0.01997,0.45861,0.04934,0.01626,0.4351,0.27145,-0.02718,0.47219,-0.02455,-0.17696,0.30877,-0.16436,-0.29087,0.06576,-0.15271,-0.39549,-0.08754,-0.14703,-0.48246,0.3801,-0.00223,0.20108,0.19903,-0.16419,0.18655,0.0229,-0.14028,-0.00977,-0.09516,-0.14318,-0.14073,0.33535,-0.46289,-0.06063,-0.04084,-0.47405,-0.20266,0.02037,-0.87302,-0.18375,-0.12227,-1.02233,-0.26796,0.32962,-0.47013,0.09023,-0.05676,-0.48101,0.20168,-0.00259,-0.87545,0.13263,-0.15513,-1.02987,0.18377
14.38,0.36765,-0.38712,0.02011,0.45828,0.04922,0.01702,0.43347,0.27113,-0.02673,0.46768,-0.02354,-0.17688,0.30353,-0.16026,-0.29346,0.06426,-0.16053,-0.40696,-0.08504,-0.16426,-0.50074,0.38372,-0.00341,0.20317,0.20079,-0.16334,0.18943,0.02291,-0.13709,-0.00499,-0.09669,-0.13741,-0.13458,0.33464,-0.46303,-0.06034,-0.042,-0.47407,-0.2012,0.02006,-0.87297,-0.18357,-0.12242,-1.02242,-0.26779,0.3296,-0.47028,0.09054,-0.05634,-0.48136,0.20345,-0.00263,-0.8755,0.13237,-0.15511,-1.03001,0.18337
14.4,0.36729,-0.38716,0.02048,0.45772,0.04923,0.01761,0.43171,0.27094,-0.02644,0.46372,-0.02272,-0.17673,0.29936,-0.15763,-0.29513,0.06314,-0.16731,-0.41444,-0.08297,-0.17863,-0.51254,0.38647,-0.00421,0.20482,0.20204,-0.16249,0.19211,0.02251,-0.13434,-0.00052,-0.09853,-0.13258,-0.12876,0.33404,-0.46309,-0.05985,-0.04301,-0.47406,-0.19962,0.01981,-0.8729,-0.18339,-0.12252,-1.02244,-0.26769,0.32959,-0.47036,0.09105,-0.05604,-0.48168,0.20499,-0.0027,-0.87555,0.13213,-0.15518,-1.03014,0.18292
14.42,0.36712,-0.38699,0.02148,0.45653,0.0496,0.01776,0.42972,0.27115,-0.02662,0.46124,-0.02242,-0.17659,0.29814,-0.15905,-0.29476,0.06173,-0.17103,-0.41349,-0.08459,-0.18473,-0.51096,0.38682,-0.00392,0.20552,0.20217,-0.16205,0.19417,0.02125,-0.13309,0.00296,-0.10102,-0.13065,-0.12409,0.33381,-0.46295,-0.0588,-0.04357,-0.47399,-0.19767,0.01979,-0.87281,-0.18324,-0.12247,-1.02228,-0.26781,0.32966,-0.47025,0.09211,-0.05603,-0.48194,0.20583,-0.00285,-0.87563,0.13191,-0.15544,-1.03024,0.1823
14.44,0.36701,-0.38676,0.02268,0.45511,0.05008,0.01773,0.42765,0.27148,-0.02699,0.45934,-0.02233,-0.17649,0.2981,-0.16199,-0.29364,0.06017,-0.17369,-0.40935,-0.08775,-0.18784,-0.5043,0.38623,-0.00325,0.20585,0.20176,-0.16169,0.19597,0.01954,-0.13237,0.00605,-0.10388,-0.12977,-0.11988,0.33371,-0.46274,-0.05758,-0.04396,-0.4739,-0.19565,0.01983,-0.87272,-0.18312,-0.12237,-1.02206,-0.26801,0.32973,-0.47008,0.09333,-0.05613,-0.48219,0.20641,-0.00302,-0.87574,0.13169,-0.15576,-1.03035,0.18161
14.46,0.36687,-0.38656,0.02376,0.4538,0.0505,0.01777,0.42562,0.27175,-0.02727,0.45724,-0.02216,-0.17637,0.29757,-0.16421,-0.29282,0.05866,-0.17666,-0.40639,-0.09031,-0.19203,-0.49951,0.386,-0.00274,0.20631,0.20152,-0.16125,0.19785,0.01796,-0.13145,0.0093,-0.10661,-0.12854,-0.11548,0.33355,-0.46256,-0.05647,-0.04441,-0.47382,-0.19375,0.01984,-0.87262,-0.18299,-0.1223,-1.02185,-0.26816,0.32979,-0.46995,0.09444,-0.05618,-0.48243,0.20709,-0.00317,-0.87582,0.13147,-0.15604,-1.03044,0.18097
14.48,0.36674,-0.38633,0.02498,0.45246,0.05096,0.01788,0.42352,0.27203,-0.02753,0.45485,-0.02194,-0.17618,0.29705,-0.16643,-0.29217,0.0575,-0.18033,-0.40421,-0.09206,-0.19755,-0.49605,0.38602,-0.00223,0.20692,0.20159,-0.16089,0.19991,0.01678,-0.13025,0.01272,-0.10897,-0.12669,-0.11085,0.33338,-0.46236,-0.05521,-0.04494,-0.47373,-0.19148,0.01983,-0.87249,-0.18285,-0.12225,-1.0216,-0.26833,0.3299,-0.46978,0.09571,-0.05621,-0.48271,0.20786,-0.00333,-0.87592,0.13123,-0.15635,-1.03054,0.18025
14.5,0.36661,-0.38616,0.02594,0.45112,0.05134,0.01779,0.42154,0.27228,-0.02788,0.4532,-0.02192,-0.17613,0.29689,-0.16891,-0.29099,0.05569,-0.18231,-0.39949,-0.09565,-0.19969,-0.48834,0.38531,-0.00167,0.2071,0.20092,-0.16041,0.20153,0.01473,-0.12978,0.01571,-0.11212,-0.12642,-0.10675,0.33327,-0.46221,-0.05424,-0.04524,-0.47367,-0.18996,0.01986,-0.87241,-0.18276,-0.12217,-1.02142,-0.26851,0.32992,-0.46967,0.09668,-0.05631,-0.48291,0.20836,-0.00347,-0.87599,0.13102,-0.1566,-1.03063,0.17965
14.52,0.36649,-0.38614,0.02613,0.44981,0.05157,0.01715,0.41988,0.27247,-0.02845,0.45347,-0.02231,-0.17652,0.29736,-0.17181,-0.28836,0.0521,-0.17987,-0.38793,-0.10389,-0.19316,-0.4691,0.38282,-0.00101,0.20616,0.1983,-0.15966,0.20193,0.01046,-0.13126,0.01743,-0.11725,-0.13023,-0.10417,0.33332,-0.46219,-0.05412,-0.04492,-0.4737,-0.19059,0.02003,-0.87246,-0.18286,-0.12196,-1.02143,-0.26872,0.32974,-0.46968,0.0968,-0.05659,-0.48289,0.20815,-0.00355,-0.87595,0.13089,-0.15664,-1.03066,0.17942
14.54,0.36638,-0.38617,0.02604,0.44854,0.05175,0.01629,0.41835,0.27265,-0.02914,0.45448,-0.02286,-0.17705,0.29814,-0.17484,-0.28517,0.04841,-0.17575,-0.37328,-0.11273,-0.18345,-0.4445,0.37967,-0.00032,0.20477,0.19495,-0.15875,0.20185,0.00533,-0.13338,0.01873,-0.12314,-0.13547,-0.10205,0.33343,-0.46222,-0.0543,-0.04437,-0.47377,-0.19197,0.02026,-0.87255,-0.18303,-0.12172,-1.02152,-0.26893,0.32948,-0.46974,0.0966,-0.05693,-0.48278,0.20768,-0.0036,-0.87587,0.13077,-0.15661,-1.03066,0.1793
14.56,0.36626,-0.38618,0.02608,0.44727,0.05193,0.01552,0.41675,0.27282,-0.02977,0.45514,-0.02333,-0.17749,0.29882,-0.17769,-0.28222,0.04556,-0.17241,-0.35944,-0.11963,-0.17543,-0.4211,0.37688,0.00033,0.20357,0.19193,-0.15785,0.20199,0.00058,-0.13509,0.02033,-0.12868,-0.13991,-0.09953,0.33351,-0.46223,-0.05434,-0.04394,-0.47382,-0.19297,0.02045,-0.87262,-0.18315,-0.1215,-1.02157,-0.26913,0.32926,-0.46978,0.09655,-0.05723,-0.48272,0.20735,-0.00367,-0.87582,0.13065,-0.15662,-1.03068,0.17914
14.58,0.36616,-0.38619,0.02613,0.4459,0.05213,0.01473,0.41509,0.273,-0.03044,0.45591,-0.02381,-0.17791,0.29953,-0.1806,-0.27887,0.04304,-0.16883,-0.34375,-0.12582,-0.16702,-0.39455,0.37384,0.001,0.20227,0.18886,-0.15716,0.20189,-0.004,-0.13698,0.02154,-0.13395,-0.14449,-0.09743,0.33363,-0.46224,-0.05439,-0.04341,-0.47387,-0.19411,0.02067,-0.87269,-0.18331,-0.12126,-1.02161,-0.26938,0.32904,-0.46982,0.09649,-0.05757,-0.48262,0.20692,-0.00373,-0.87575,0.13053,-0.15663,-1.03069,0.17896
14.6,0.36602,-0.38621,0.02608,0.44477,0.05227,0.01392,0.41357,0.27312,-0.03108,0.45664,-0.02428,-0.17838,0.30028,-0.18313,-0.27609,0.04157,-0.16522,-0.32979,-0.12986,-0.15889,-0.37066,0.37119,0.00158,0.20099,0.18567,-0.15593,0.20205,-0.00907,-0.13841,0.02344,-0.13981,-0.14878,-0.09445,0.33368,-0.46226,-0.05451,-0.04303,-0.47393,-0.19514,0.02083,-0.87276,-0.18342,-0.12107,-1.02168,-0.26953,0.3288,-0.46987,0.09636,-0.05785,-0.48258,0.20663,-0.00379,-0.87571,0.1304,-0.1566,-1.03072,0.17883
14.62,0.36575,-0.38625,0.02581,0.44422,0.05227,0.01307,0.41238,0.27308,-0.03162,0.45707,-0.0247,-0.17899,0.30103,-0.18484,-0.27511,0.04144,-0.16204,-0.3223,-0.13113,-0.1521,-0.35722,0.36979,0.00192,0.1999,0.18248,-0.15343,0.20312,-0.0153,-0.13867,0.02762,-0.14726,-0.15226,-0.08856,0.33346,-0.46231,-0.05479,-0.04316,-0.47401,-0.19567,0.02082,-0.87281,-0.18339,-0.12105,-1.02182,-0.2694,0.32856,-0.46993,0.09608,-0.05796,-0.48266,0.20683,-0.00382,-0.87571,0.13025,-0.15651,-1.03082,0.17878
14.64,0.36543,-0.38631,0.02545,0.4439,0.05219,0.01222,0.41132,0.27297,-0.03213,0.45744,-0.02511,-0.17967,0.30178,-0.18622,-0.27478,0.04179,-0.159,-0.31716,-0.1314,-0.14575,-0.34759,0.36881,0.00217,0.19887,0.17921,-0.15031,0.20447,-0.02194,-0.13823,0.03264,-0.15528,-0.15511,-0.08152,0.33315,-0.46238,-0.05514,-0.04345,-0.47412,-0.19605,0.02075,-0.87287,-0.1833,-0.12109,-1.02199,-0.26917,0.32829,-0.47001,0.09573,-0.05801,-0.48281,0.2072,-0.00384,-0.87575,0.13009,-0.1564,-1.03095,0.17877
14.66,0.36514,-0.38636,0.02513,0.44349,0.05215,0.01137,0.41023,0.27289,-0.03266,0.45785,-0.02552,-0.18031,0.30254,-0.18769,-0.27416,0.04221,-0.15596,-0.31098,-0.13153,-0.1394,-0.33627,0.36765,0.00246,0.19781,0.17596,-0.1473,0.20563,-0.0283,-0.13767,0.03736,-0.16294,-0.15763,-0.07476,0.33289,-0.46245,-0.05546,-0.04366,-0.47422,-0.19651,0.0207,-0.87293,-0.18324,-0.12111,-1.02214,-0.26899,0.32804,-0.47007,0.09541,-0.05809,-0.48293,0.20747,-0.00388,-0.87579,0.12994,-0.1563,-1.03107,0.17873
14.68,0.36482,-0.38643,0.02481,0.44302,0.05209,0.01051,0.40898,0.27278,-0.03317,0.45823,-0.02596,-0.18095,0.30332,-0.18934,-0.27336,0.04284,-0.15264,-0.30391,-0.13127,-0.13245,-0.32335,0.36641,0.00273,0.19672,0.17308,-0.14474,0.20688,-0.03464,-0.13765,0.04277,-0.17065,-0.161,-0.06703,0.33259,-0.46253,-0.05577,-0.04392,-0.47433,-0.19692,0.02065,-0.87299,-0.18316,-0.12113,-1.0223,-0.26878,0.32776,-0.47016,0.0951,-0.05818,-0.48306,0.20782,-0.0039,-0.87581,0.12979,-0.15618,-1.03119,0.17872
14.7,0.36456,-0.38645,0.02448,0.44274,0.05206,0.00968,0.40808,0.2727,-0.03374,0.45866,-0.02633,-0.18158,0.30404,-0.1905,-0.27307,0.04363,-0.14997,-0.29909,-0.13054,-0.12698,-0.31437,0.36546,0.00302,0.1957,0.16959,-0.14092,0.20793,-0.04088,-0.13569,0.04729,-0.17819,-0.16156,-0.0603,0.33236,-0.46256,-0.0561,-0.0441,-0.47442,-0.19738,0.02061,-0.87303,-0.18311,-0.12114,-1.02244,-0.2686,0.32755,-0.4702,0.09477,-0.05822,-0.48318,0.20805,-0.00393,-0.87584,0.12963,-0.1561,-1.03129,0.17868
14.72,0.36448,-0.38634,0.02419,0.44292,0.05211,0.00904,0.40815,0.27273,-0.03442,0.45923,-0.02652,-0.1821,0.30457,-0.19042,-0.27401,0.04428,-0.14918,-0.3001,-0.12979,-0.12563,-0.31571,0.3652,0.00334,0.19494,0.16466,-0.13387,0.20865,-0.04699,-0.12911,0.04955,-0.18565,-0.15542,-0.05619,0.33234,-0.46246,-0.05641,-0.044,-0.47446,-0.19798,0.02061,-0.87307,-0.18308,-0.12113,-1.02255,-0.26848,0.32755,-0.47014,0.09446,-0.05816,-0.48326,0.20795,-0.00397,-0.87592,0.12944,-0.15613,-1.03136,0.17859
14.74,0.36447,-0.38618,0.0239,0.4433,0.05218,0.00844,0.40857,0.27279,-0.03515,0.45987,-0.02664,-0.18259,0.30505,-0.18987,-0.27544,0.04489,-0.14901,-0.30335,-0.12901,-0.12567,-0.321,0.36524,0.00367,0.19426,0.15943,-0.12537,0.20917,-0.053,-0.12036,0.05112,-0.19312,-0.1461,-0.05281,0.3324,-0.46231,-0.05672,-0.04381,-0.47448,-0.19862,0.02063,-0.87309,-0.18308,-0.1211,-1.02263,-0.26839,0.32762,-0.47004,0.09414,-0.05804,-0.48334,0.20774,-0.00401,-0.87602,0.12923,-0.15618,-1.03141,0.17848
14.76,0.36442,-0.38604,0.02362,0.44359,0.05225,0.00782,0.40883,0.27283,-0.03587,0.46047,-0.0268,-0.18309,0.30555,-0.18953,-0.27664,0.04553,-0.14847,-0.30553,-0.12822,-0.12494,-0.32438,0.36513,0.004,0.19355,0.1547,-0.1172,0.20969,-0.05894,-0.11185,0.05329,-0.20062,-0.13712,-0.04861,0.33242,-0.46218,-0.05702,-0.04368,-0.47452,-0.19921,0.02063,-0.87312,-0.18306,-0.12109,-1.02273,-0.26828,0.32765,-0.46995,0.09384,-0.05796,-0.48341,0.2076,-0.00406,-0.87611,0.12904,-0.15623,-1.03147,0.1784
14.78,0.36438,-0.38592,0.0233,0.44388,0.0523,0.00719,0.40909,0.27286,-0.03657,0.46106,-0.02696,-0.1836,0.30607,-0.1892,-0.27789,0.04616,-0.14833,-0.30804,-0.12742,-0.12484,-0.32838,0.36504,0.00429,0.19282,0.15056,-0.10932,0.21076,-0.06499,-0.10406,0.057,-0.20862,-0.1292,-0.04218,0.33246,-0.46207,-0.05736,-0.0435,-0.47455,-0.19991,0.02066,-0.87315,-0.18305,-0.12105,-1.02282,-0.26818,0.3277,-0.46989,0.0935,-0.05786,-0.48351,0.20741,-0.00411,-0.87622,0.1288,-0.15628,-1.03154,0.17826
14.8,0.36435,-0.38574,0.02305,0.44423,0.0524,0.00658,0.40943,0.27293,-0.03733,0.46169,-0.0271,-0.18409,0.30657,-0.18875,-0.27914,0.04685,-0.1475,-0.31038,-0.12655,-0.12374,-0.33201,0.36501,0.00467,0.19212,0.14612,-0.10009,0.21068,-0.07042,-0.09325,0.05838,-0.21559,-0.11673,-0.03894,0.33248,-0.46189,-0.05763,-0.04338,-0.47457,-0.20041,0.02064,-0.87317,-0.18305,-0.12106,-1.0229,-0.26809,0.32774,-0.46976,0.09323,-0.05778,-0.48356,0.20727,-0.00415,-0.87628,0.12866,-0.15632,-1.03157,0.17823
14.82,0.36434,-0.38542,0.02302,0.4447,0.05261,0.00601,0.40988,0.27306,-0.03825,0.46244,-0.02721,-0.1845,0.307,-0.18815,-0.28024,0.04767,-0.14467,-0.31172,-0.1255,-0.11959,-0.33358,0.36509,0.00525,0.19148,0.14064,-0.08743,0.20771,-0.07412,-0.07533,0.05323,-0.21949,-0.09365,-0.0449,0.33244,-0.46153,-0.05769,-0.04345,-0.47459,-0.20037,0.0205,-0.8732,-0.18301,-0.12122,-1.02293,-0.268,0.32774,-0.46946,0.09317,-0.05774,-0.48345,0.20732,-0.00419,-0.87621,0.12887,-0.15634,-1.03149,0.17854
14.84,0.36433,-0.38505,0.02306,0.44522,0.05286,0.00546,0.41038,0.27323,-0.03921,0.4632,-0.0273,-0.18489,0.3074,-0.18748,-0.28132,0.04857,-0.14114,-0.3128,-0.12436,-0.1144,-0.33462,0.36523,0.0059,0.19086,0.13542,-0.0732,0.20364,-0.07644,-0.05457,0.04584,-0.22127,-0.06641,-0.05407,0.33237,-0.46111,-0.05767,-0.04359,-0.4746,-0.20011,0.02031,-0.87324,-0.18297,-0.12144,-1.02296,-0.26793,0.32771,-0.4691,0.09319,-0.05774,-0.48329,0.20742,-0.00424,-0.8761,0.12918,-0.15636,-1.03137,0.17896
14.86,0.36432,-0.3847,0.02307,0.44572,0.05309,0.0049,0.41087,0.27339,-0.04011,0.46395,-0.02739,-0.18528,0.30783,-0.18684,-0.28241,0.04948,-0.13793,-0.31398,-0.1232,-0.10968,-0.33589,0.36535,0.00652,0.19024,0.13125,-0.05928,0.20007,-0.07826,-0.0347,0.03997,-0.22261,-0.04056,-0.06117,0.33232,-0.46073,-0.05767,-0.04371,-0.47461,-0.19992,0.02016,-0.87326,-0.18293,-0.12162,-1.02298,-0.26785,0.3277,-0.46877,0.09318,-0.05771,-0.48315,0.20751,-0.00428,-0.876,0.12944,-0.15637,-1.03127,0.17933
14.88,0.36433,-0.38434,0.02306,0.44624,0.05333,0.00432,0.41134,0.27352,-0.0412,0.46474,-0.02749,-0.18569,0.30829,-0.18616,-0.28354,0.05044,-0.13479,-0.31531,-0.12199,-0.10509,-0.33734,0.36546,0.00716,0.18958,0.12781,-0.04474,0.19724,-0.07961,-0.01451,0.03539,-0.2236,-0.01449,-0.06642,0.33227,-0.46031,-0.05771,-0.04377,-0.47463,-0.19987,0.02,-0.87329,-0.1829,-0.12181,-1.02301,-0.26778,0.3277,-0.46842,0.09314,-0.05769,-0.48299,0.20754,-0.00432,-0.8759,0.12971,-0.15638,-1.03116,0.17971
14.9,0.36429,-0.38399,0.0231,0.44671,0.05356,0.00379,0.41185,0.27372,-0.04191,0.46544,-0.02759,-0.18606,0.30868,-0.18556,-0.28456,0.0514,-0.13135,-0.31623,-0.12074,-0.10001,-0.33821,0.36559,0.00778,0.18899,0.12527,-0.03047,0.19297,-0.07939,0.00629,0.02897,-0.22205,0.01273,-0.07449,0.33219,-0.45994,-0.05768,-0.04396,-0.47463,-0.19949,0.01982,-0.87331,-0.18287,-0.12201,-1.02302,-0.2677,0.32767,-0.46809,0.09317,-0.05767,-0.48286,0.20769,-0.00438,-0.8758,0.12998,-0.1564,-1.03107,0.18008
14.92,0.36414,-0.38365,0.02331,0.4471,0.05377,0.00342,0.41248,0.27413,-0.04148,0.46581,-0.02766,-0.18631,0.30891,-0.18523,-0.28525,0.05236,-0.12719,-0.316,-0.11943,-0.09372,-0.33752,0.36584,0.00835,0.18866,0.12386,-0.01734,0.1848,-0.07592,0.02809,0.01699,-0.21474,0.04209,-0.09085,0.33209,-0.45965,-0.05744,-0.04451,-0.47454,-0.19805,0.01964,-0.8732,-0.18278,-0.12223,-1.02292,-0.26754,0.3276,-0.46776,0.09342,-0.05763,-0.48279,0.20827,-0.00446,-0.87569,0.13029,-0.15643,-1.031,0.18042
14.94,0.36394,-0.38331,0.02357,0.44745,0.05398,0.00312,0.41315,0.27462,-0.04066,0.46609,-0.02773,-0.1865,0.30909,-0.18496,-0.2858,0.05338,-0.12274,-0.31537,-0.11804,-0.08697,-0.33624,0.36609,0.0089,0.1884,0.12344,-0.00448,0.17521,-0.0702,0.0501,0.003,-0.2038,0.07174,-0.11006,0.33197,-0.45939,-0.05713,-0.04517,-0.47441,-0.19629,0.01944,-0.87306,-0.18267,-0.12248,-1.02278,-0.26736,0.32751,-0.46742,0.09373,-0.05759,-0.48272,0.20896,-0.00457,-0.87558,0.1306,-0.15646,-1.03095,0.18076
14.96,0.36377,-0.38297,0.02379,0.44781,0.05419,0.00277,0.4138,0.27506,-0.04004,0.46647,-0.02781,-0.18672,0.3093,-0.18462,-0.28641,0.05447,-0.11845,-0.31494,-0.11654,-0.0805,-0.33524,0.36629,0.00947,0.18807,0.12388,0.00868,0.16644,-0.06361,0.07168,-0.00965,-0.19191,0.10034,-0.12719,0.33187,-0.45912,-0.05688,-0.04572,-0.4743,-0.19478,0.01924,-0.87294,-0.18258,-0.12272,-1.02265,-0.2672,0.32744,-0.46709,0.09399,-0.05756,-0.48265,0.20956,-0.00466,-0.87547,0.13092,-0.15648,-1.03089,0.18111
14.98,0.36357,-0.38263,0.02407,0.44817,0.0544,0.00245,0.41444,0.27551,-0.03933,0.46661,-0.02786,-0.18695,0.30946,-0.18444,-0.28706,0.05559,-0.11417,-0.31437,-0.11496,-0.07389,-0.33406,0.3667,0.01001,0.18785,0.12551,0.02264,0.15785,-0.0552,0.09425,-0.022,-0.17741,0.13016,-0.14396,0.33172,-0.45885,-0.05655,-0.04646,-0.47415,-0.19283,0.019,-0.87277,-0.18249,-0.12302,-1.02247,-0.26703,0.32735,-0.46676,0.09432,-0.0575,-0.48259,0.21031,-0.00477,-0.87534,0.13122,-0.15653,-1.03082,0.18142
15,0.36341,-0.3823,0.02424,0.44853,0.0546,0.00211,0.41512,0.27594,-0.03871,0.46722,-0.02797,-0.18713,0.30973,-0.18398,-0.28758,0.05685,-0.10989,-0.31395,-0.11327,-0.06756,-0.33308,0.36668,0.01059,0.18743,0.1276,0.03504,0.14906,-0.04624,0.11403,-0.03444,-0.16238,0.15558,-0.16048,0.33166,-0.45859,-0.05636,-0.04684,-0.47407,-0.1917,0.01883,-0.87268,-0.1824,-0.12323,-1.02238,-0.26687,0.32727,-0.46644,0.09452,-0.0575,-0.48253,0.21077,-0.00486,-0.87526,0.13155,-0.15655,-1.03079,0.18181
15.02,0.36331,-0.38198,0.02408,0.4488,0.05483,0.00162,0.41576,0.27636,-0.03848,0.46912,-0.02821,-0.18724,0.31022,-0.18272,-0.28779,0.05826,-0.10554,-0.31412,-0.11162,-0.06208,-0.33282,0.3653,0.01131,0.18632,0.12861,0.04333,0.1396,-0.03903,0.12712,-0.04752,-0.15051,0.17101,-0.17691,0.33184,-0.45832,-0.05657,-0.04625,-0.47417,-0.19303,0.01884,-0.87283,-0.18234,-0.12324,-1.02255,-0.26675,0.32715,-0.46616,0.09429,-0.05766,-0.48243,0.21038,-0.00492,-0.87531,0.13198,-0.15652,-1.03087,0.18243
15.04,0.36325,-0.38167,0.02381,0.44908,0.05506,0.00112,0.41643,0.27676,-0.03833,0.4715,-0.0285,-0.18728,0.31085,-0.18113,-0.28791,0.0598,-0.10113,-0.31448,-0.1099,-0.0568,-0.33279,0.36351,0.01206,0.18499,0.1295,0.04989,0.12989,-0.03217,0.13741,-0.06074,-0.1395,0.18232,-0.19325,0.33211,-0.45807,-0.05692,-0.0453,-0.47432,-0.19518,0.01892,-0.87306,-0.18228,-0.12318,-1.02279,-0.26665,0.32703,-0.4659,0.09393,-0.05788,-0.48233,0.20969,-0.00495,-0.87542,0.13244,-0.15646,-1.03099,0.18313
15.06,0.36317,-0.38137,0.02359,0.4494,0.05527,0.00066,0.41709,0.27714,-0.03812,0.47364,-0.02877,-0.1873,0.31145,-0.17964,-0.28811,0.06135,-0.09674,-0.31475,-0.1081,-0.05133,-0.33266,0.36201,0.01276,0.18379,0.13121,0.05698,0.12048,-0.02427,0.14835,-0.07345,-0.12712,0.19456,-0.20905,0.33233,-0.45782,-0.0572,-0.04454,-0.47445,-0.19689,0.01895,-0.87325,-0.18223,-0.12317,-1.02298,-0.26656,0.3269,-0.46564,0.09364,-0.05807,-0.48225,0.20914,-0.00501,-0.8755,0.13287,-0.15643,-1.03109,0.18377
15.08,0.36307,-0.38103,0.02336,0.44953,0.05555,7e-05,0.41758,0.27759,-0.03798,0.47583,-0.02906,-0.18736,0.31198,-0.17805,-0.28829,0.06292,-0.09211,-0.31506,-0.10638,-0.04594,-0.33248,0.36014,0.01358,0.18235,0.13318,0.06465,0.11086,-0.01527,0.16025,-0.08651,-0.11337,0.20815,-0.225,0.33256,-0.45753,-0.05751,-0.04368,-0.4746,-0.19884,0.01898,-0.87345,-0.18219,-0.12317,-1.02317,-0.26648,0.32675,-0.46536,0.09331,-0.05828,-0.48214,0.20859,-0.00507,-0.87558,0.13337,-0.1564,-1.03119,0.1845
15.1,0.36304,-0.38076,0.02312,0.45008,0.0557,-0.00026,0.41837,0.27788,-0.03771,0.47804,-0.02931,-0.18726,0.31277,-0.17648,-0.28855,0.06466,-0.08784,-0.31533,-0.1043,-0.04033,-0.33245,0.35897,0.01417,0.18128,0.13586,0.07044,0.10196,-0.00699,0.16877,-0.09817,-0.1008,0.21688,-0.23954,0.33281,-0.45732,-0.0578,-0.04289,-0.4747,-0.2005,0.01902,-0.87359,-0.18215,-0.12315,-1.02332,-0.26639,0.32667,-0.46512,0.09301,-0.05845,-0.48206,0.20796,-0.00509,-0.87566,0.13373,-0.15635,-1.03127,0.18506
15.12,0.36317,-0.38062,0.02286,0.45179,0.05556,0.00021,0.42006,0.27777,-0.03703,0.4802,-0.02938,-0.18676,0.31414,-0.17496,-0.28903,0.06666,-0.08448,-0.31548,-0.10139,-0.03397,-0.33293,0.35981,0.01419,0.18134,0.13978,0.07192,0.09483,-0.00177,0.16959,-0.10656,-0.09221,0.2146,-0.2511,0.33307,-0.45726,-0.05804,-0.04247,-0.47465,-0.20117,0.01909,-0.87356,-0.18212,-0.12309,-1.02332,-0.26628,0.32673,-0.46493,0.09277,-0.05855,-0.48201,0.2072,-0.00498,-0.87573,0.13369,-0.15628,-1.03127,0.1851
15.14,0.36337,-0.38055,0.0226,0.45389,0.05529,0.00095,0.42204,0.2775,-0.03621,0.48238,-0.02943,-0.18611,0.31576,-0.17356,-0.28955,0.0688,-0.08156,-0.31556,-0.0981,-0.02752,-0.33349,0.36133,0.01398,0.1818,0.14409,0.0716,0.08841,0.00226,0.16723,-0.11375,-0.08481,0.2082,-0.26153,0.33335,-0.45727,-0.05825,-0.04214,-0.47455,-0.20153,0.01918,-0.87348,-0.18208,-0.123,-1.02329,-0.26616,0.32685,-0.46478,0.09257,-0.0586,-0.482,0.20639,-0.00483,-0.8758,0.13351,-0.1562,-1.03126,0.18497
15.16,0.36354,-0.38045,0.02234,0.45578,0.05507,0.00153,0.42384,0.27729,-0.03548,0.48453,-0.02952,-0.18554,0.31732,-0.1722,-0.29003,0.07094,-0.07854,-0.31564,-0.09485,-0.02128,-0.33388,0.36249,0.01389,0.18203,0.14841,0.07191,0.08184,0.00704,0.16599,-0.12137,-0.0761,0.20374,-0.27223,0.33362,-0.45726,-0.05846,-0.04176,-0.47446,-0.20205,0.01926,-0.87342,-0.18206,-0.12293,-1.02327,-0.26605,0.32694,-0.46461,0.09235,-0.05867,-0.48197,0.2056,-0.0047,-0.87587,0.1334,-0.15614,-1.03125,0.18491
15.18,0.3637,-0.38032,0.02209,0.45782,0.05484,0.0023,0.42584,0.27707,-0.03463,0.48675,-0.02954,-0.18483,0.3188,-0.17042,-0.29056,0.07298,-0.07519,-0.31582,-0.09153,-0.01449,-0.33452,0.36384,0.01374,0.18246,0.15346,0.07259,0.07518,0.01252,0.16533,-0.12894,-0.06612,0.20029,-0.28287,0.33388,-0.4572,-0.05868,-0.04141,-0.47438,-0.20248,0.01935,-0.87334,-0.18199,-0.12284,-1.02325,-0.26589,0.32702,-0.46442,0.09213,-0.05874,-0.48194,0.20483,-0.00455,-0.87593,0.13329,-0.15604,-1.03123,0.18486
15.2,0.36391,-0.38029,0.02183,0.45963,0.05456,0.00276,0.4275,0.27679,-0.034,0.48885,-0.02975,-0.18437,0.32056,-0.16956,-0.29097,0.07533,-0.0727,-0.31573,-0.08802,-0.00898,-0.33453,0.36494,0.01361,0.18258,0.15764,0.0719,0.06918,0.01687,0.16241,-0.13606,-0.05738,0.19455,-0.29275,0.33417,-0.45726,-0.05888,-0.04101,-0.47431,-0.20301,0.01943,-0.87329,-0.182,-0.12278,-1.02322,-0.26582,0.32714,-0.4643,0.09193,-0.05879,-0.48193,0.20402,-0.00444,-0.87602,0.13317,-0.156,-1.03124,0.18478
15.22,0.36422,-0.3805,0.02158,0.4607,0.05417,0.00228,0.42812,0.27642,-0.03396,0.49054,-0.03046,-0.18461,0.32298,-0.17129,-0.29101,0.07851,-0.0723,-0.31486,-0.08423,-0.00678,-0.33278,0.36523,0.01363,0.18178,0.159,0.06811,0.0646,0.01819,0.15436,-0.14244,-0.05268,0.18304,-0.30136,0.33451,-0.4576,-0.05902,-0.0404,-0.47426,-0.20389,0.01945,-0.8733,-0.18217,-0.12284,-1.02314,-0.266,0.32734,-0.46437,0.09179,-0.0588,-0.48199,0.20319,-0.00449,-0.87622,0.13305,-0.15618,-1.03131,0.18466
15.24,0.36458,-0.38081,0.02133,0.46154,0.05373,0.00147,0.42839,0.276,-0.03416,0.49211,-0.03134,-0.18509,0.32566,-0.17392,-0.2909,0.08199,-0.07274,-0.31373,-0.08032,-0.00585,-0.33045,0.36525,0.01368,0.18065,0.15936,0.06304,0.06063,0.0184,0.14421,-0.14835,-0.04942,0.16925,-0.30919,0.33487,-0.45804,-0.05915,-0.03973,-0.47423,-0.20486,0.01947,-0.87332,-0.1824,-0.12294,-1.02305,-0.26625,0.32756,-0.4645,0.09168,-0.05879,-0.48208,0.20234,-0.00458,-0.87645,0.13295,-0.15643,-1.0314,0.18453
15.26,0.36493,-0.38107,0.02107,0.46251,0.05331,0.00082,0.42885,0.27559,-0.03428,0.49379,-0.03215,-0.18545,0.32822,-0.17608,-0.29083,0.08533,-0.07286,-0.31273,-0.07644,-0.00442,-0.32844,0.3654,0.01371,0.17965,0.16031,0.0585,0.05651,0.01933,0.13491,-0.15425,-0.0451,0.15672,-0.31695,0.33523,-0.45843,-0.05929,-0.03909,-0.47419,-0.20577,0.0195,-0.87333,-0.1826,-0.12301,-1.02295,-0.26646,0.32777,-0.4646,0.09154,-0.05879,-0.48213,0.20148,-0.00464,-0.87665,0.13286,-0.15663,-1.03147,0.18443
15.28,0.36525,-0.38134,0.02084,0.46341,0.05289,0.00015,0.4292,0.27518,-0.03432,0.49528,-0.03295,-0.18585,0.3308,-0.17846,-0.29076,0.08891,-0.0727,-0.31166,-0.07222,-0.00257,-0.32629,0.36559,0.01374,0.17869,0.16154,0.05398,0.0523,0.02082,0.12562,-0.1603,-0.03977,0.14442,-0.32484,0.33559,-0.45885,-0.05939,-0.0384,-0.47416,-0.20676,0.01953,-0.87335,-0.18283,-0.12308,-1.02287,-0.26673,0.32799,-0.46471,0.09145,-0.05877,-0.48228,0.2007,-0.00473,-0.87691,0.13268,-0.15686,-1.0316,0.18422
15.3,0.36563,-0.38163,0.02055,0.46438,0.05245,-0.00055,0.42965,0.27472,-0.0346,0.49709,-0.03382,-0.18621,0.3334,-0.1806,-0.29058,0.09212,-0.0733,-0.31069,-0.06853,-0.00188,-0.32434,0.36561,0.01378,0.17758,0.16226,0.04908,0.0486,0.0215,0.11574,-0.16558,-0.03585,0.13171,-0.33158,0.33593,-0.45924,-0.05957,-0.03781,-0.47415,-0.20762,0.01954,-0.87338,-0.18301,-0.12317,-1.02279,-0.2669,0.32819,-0.46482,0.09127,-0.05878,-0.48227,0.19975,-0.00478,-0.87707,0.13268,-0.15705,-1.03162,0.18424
15.32,0.3662,-0.38198,0.02007,0.46566,0.05192,-0.00125,0.43061,0.27411,-0.03553,0.49992,-0.03485,-0.18639,0.33604,-0.18186,-0.29012,0.09417,-0.07585,-0.31003,-0.0664,-0.00412,-0.32303,0.36526,0.01383,0.17609,0.16172,0.04334,0.04596,0.01993,0.10453,-0.16917,-0.03603,0.11758,-0.33589,0.33625,-0.45955,-0.05999,-0.03747,-0.47419,-0.20811,0.01955,-0.87345,-0.18304,-0.12334,-1.02277,-0.26678,0.3284,-0.46496,0.09085,-0.05889,-0.48183,0.19826,-0.00468,-0.87694,0.13318,-0.15706,-1.03131,0.18494
15.34,0.36682,-0.38236,0.01952,0.46699,0.05137,-0.00198,0.43167,0.27344,-0.03672,0.50304,-0.03595,-0.18652,0.33864,-0.18286,-0.28958,0.0958,-0.07911,-0.30945,-0.06486,-0.00747,-0.32189,0.36474,0.01388,0.17443,0.16072,0.03724,0.04382,0.01764,0.09273,-0.17201,-0.03761,0.10282,-0.33917,0.33654,-0.45984,-0.0605,-0.03725,-0.47426,-0.20848,0.01954,-0.87353,-0.18302,-0.12354,-1.02277,-0.26657,0.3286,-0.46511,0.09033,-0.05905,-0.48126,0.19661,-0.00456,-0.87671,0.13385,-0.15703,-1.03089,0.18587
15.36,0.36741,-0.38272,0.01902,0.46825,0.05084,-0.00269,0.43262,0.27281,-0.0378,0.50594,-0.03701,-0.18664,0.3412,-0.18398,-0.28908,0.0976,-0.08199,-0.30879,-0.06306,-0.01027,-0.32063,0.3643,0.01393,0.17285,0.1601,0.03133,0.04159,0.01606,0.08117,-0.17498,-0.03813,0.0884,-0.34263,0.33685,-0.46014,-0.06096,-0.03697,-0.47432,-0.20888,0.01954,-0.8736,-0.18301,-0.12373,-1.02276,-0.2664,0.3288,-0.46525,0.08988,-0.05916,-0.48077,0.19508,-0.00446,-0.87652,0.13444,-0.15703,-1.03052,0.1867
15.38,0.36802,-0.3831,0.01846,0.4697,0.05026,-0.00341,0.43378,0.27211,-0.03895,0.50913,-0.03816,-0.18674,0.34386,-0.18502,-0.28846,0.09946,-0.08494,-0.30807,-0.06115,-0.01299,-0.3193,0.36392,0.01398,0.17115,0.15971,0.02507,0.03922,0.01465,0.0688,-0.17799,-0.0383,0.07286,-0.34615,0.33714,-0.46043,-0.06148,-0.03671,-0.47437,-0.20932,0.01952,-0.87366,-0.183,-0.12394,-1.02273,-0.2662,0.32899,-0.4654,0.08936,-0.05931,-0.4802,0.19339,-0.00436,-0.87626,0.13509,-0.15704,-1.03007,0.18761
15.4,0.3686,-0.38345,0.01799,0.47076,0.04978,-0.00413,0.43454,0.27152,-0.04006,0.51176,-0.03915,-0.18686,0.34625,-0.18611,-0.28805,0.10111,-0.08781,-0.30744,-0.05958,-0.01598,-0.3181,0.36342,0.01403,0.16959,0.15912,0.01942,0.03744,0.01343,0.05773,-0.18036,-0.03868,0.05932,-0.34883,0.33745,-0.46072,-0.0619,-0.03645,-0.47445,-0.20967,0.01952,-0.87375,-0.18299,-0.12411,-1.02274,-0.26605,0.3292,-0.46553,0.08894,-0.05939,-0.47976,0.19197,-0.00426,-0.87609,0.13565,-0.15704,-1.02972,0.1884
15.42,0.36911,-0.38376,0.01781,0.47076,0.04957,-0.00478,0.43414,0.27121,-0.04094,0.51278,-0.03971,-0.18711,0.34803,-0.18755,-0.28827,0.1023,-0.09062,-0.30703,-0.05889,-0.01983,-0.31721,0.36262,0.01405,0.16849,0.15789,0.01533,0.03691,0.01241,0.05023,-0.18161,-0.03983,0.0511,-0.35004,0.33781,-0.46107,-0.06199,-0.03609,-0.47465,-0.20976,0.01962,-0.87398,-0.18301,-0.12413,-1.02288,-0.26603,0.32946,-0.46564,0.08885,-0.05927,-0.47983,0.19137,-0.00411,-0.87627,0.13593,-0.15697,-1.02979,0.18878
15.44,0.36957,-0.38405,0.01771,0.47036,0.04945,-0.00543,0.43332,0.27099,-0.04177,0.5132,-0.04011,-0.18743,0.34955,-0.18907,-0.28873,0.10328,-0.09335,-0.30674,-0.05853,-0.02393,-0.31649,0.3617,0.01406,0.16754,0.15636,0.01189,0.03692,0.01139,0.0442,-0.18233,-0.04143,0.04507,-0.35058,0.33816,-0.46142,-0.06198,-0.03574,-0.47489,-0.20977,0.01973,-0.87426,-0.18304,-0.12411,-1.02306,-0.26607,0.32971,-0.46574,0.08886,-0.0591,-0.48005,0.19105,-0.00397,-0.87657,0.13609,-0.15689,-1.03001,0.189
15.46,0.37004,-0.38435,0.01757,0.47015,0.04928,-0.00609,0.4327,0.27072,-0.04263,0.51388,-0.04059,-0.18772,0.35114,-0.1905,-0.28908,0.10435,-0.096,-0.3064,-0.05798,-0.02774,-0.3157,0.36086,0.01406,0.16652,0.15501,0.00825,0.03681,0.01046,0.03771,-0.18312,-0.04281,0.03834,-0.35123,0.3385,-0.46177,-0.06203,-0.0354,-0.47512,-0.20981,0.01983,-0.87452,-0.18305,-0.12412,-1.02324,-0.26607,0.32995,-0.46584,0.08882,-0.05897,-0.4802,0.1906,-0.00382,-0.87681,0.13632,-0.15681,-1.03016,0.18929
15.48,0.37057,-0.38467,0.01745,0.46991,0.04911,-0.00674,0.43203,0.27043,-0.04352,0.51461,-0.04108,-0.18798,0.35291,-0.19211,-0.28934,0.10549,-0.09917,-0.30593,-0.05748,-0.03237,-0.31475,0.35994,0.01405,0.16547,0.15384,0.00413,0.0364,0.00974,0.0302,-0.18425,-0.04372,0.03015,-0.35229,0.3389,-0.46213,-0.06205,-0.035,-0.47536,-0.20984,0.01994,-0.87479,-0.18308,-0.12412,-1.0234,-0.26609,0.33024,-0.46596,0.08879,-0.05878,-0.48038,0.19016,-0.00365,-0.87708,0.13655,-0.15673,-1.03032,0.1896
15.5,0.37096,-0.38492,0.0173,0.46963,0.04898,-0.00742,0.43137,0.27022,-0.04434,0.51508,-0.04148,-0.18833,0.35424,-0.19334,-0.28983,0.10647,-0.10122,-0.3057,-0.05691,-0.03536,-0.31411,0.35916,0.01407,0.1645,0.15236,0.00113,0.03683,0.0088,0.02514,-0.1844,-0.04547,0.02546,-0.35219,0.33918,-0.46244,-0.0621,-0.03473,-0.47556,-0.20988,0.02002,-0.87503,-0.18309,-0.12412,-1.02357,-0.26608,0.33043,-0.46601,0.08875,-0.05868,-0.48052,0.18979,-0.00354,-0.87729,0.13674,-0.15666,-1.03046,0.18985
15.52,0.371,-0.38495,0.01704,0.4694,0.04898,-0.00818,0.43081,0.27019,-0.04494,0.51503,-0.04169,-0.18894,0.35443,-0.19345,-0.29096,0.10705,-0.10015,-0.30625,-0.05606,-0.03363,-0.3145,0.35883,0.01423,0.16371,0.15011,0.0014,0.03921,0.00708,0.02668,-0.18223,-0.04932,0.0304,-0.34928,0.33915,-0.46258,-0.06222,-0.03479,-0.47565,-0.20995,0.02,-0.8751,-0.18306,-0.12413,-1.02367,-0.266,0.33033,-0.46585,0.08863,-0.05881,-0.48042,0.18952,-0.00357,-0.87723,0.13685,-0.15663,-1.03044,0.19001
15.54,0.3709,-0.38489,0.01674,0.46915,0.04905,-0.00897,0.43028,0.27025,-0.04547,0.51474,-0.04179,-0.18966,0.35418,-0.19317,-0.29232,0.1075,-0.09796,-0.30704,-0.05512,-0.03025,-0.31518,0.35866,0.01444,0.163,0.14756,0.00275,0.04244,0.00517,0.03061,-0.1791,-0.0535,0.03899,-0.34519,0.33899,-0.46265,-0.06238,-0.03497,-0.47568,-0.21005,0.01995,-0.8751,-0.18302,-0.12414,-1.02375,-0.2659,0.33013,-0.46561,0.08848,-0.05903,-0.48026,0.18931,-0.00365,-0.87709,0.1369,-0.15662,-1.03038,0.19011
15.56,0.37085,-0.38486,0.01645,0.46888,0.0491,-0.00976,0.42977,0.27029,-0.04605,0.51454,-0.04193,-0.19033,0.35413,-0.19309,-0.29355,0.10804,-0.09628,-0.30767,-0.05422,-0.02768,-0.31565,0.35839,0.01463,0.16224,0.14516,0.0035,0.04545,0.00346,0.03341,-0.17627,-0.05693,0.04604,-0.34147,0.33888,-0.46273,-0.06253,-0.03509,-0.47573,-0.21016,0.01992,-0.87513,-0.18298,-0.12414,-1.02384,-0.26581,0.32996,-0.46539,0.08832,-0.05921,-0.48013,0.18907,-0.00372,-0.87698,0.13696,-0.15661,-1.03033,0.19021
15.58,0.37085,-0.38486,0.01618,0.46868,0.04911,-0.01054,0.4291,0.27026,-0.04661,0.51438,-0.04211,-0.19101,0.35406,-0.1929,-0.29491,0.10852,-0.09462,-0.30849,-0.05325,-0.02488,-0.3164,0.35821,0.0148,0.1615,0.14313,0.00491,0.04803,0.00182,0.0365,-0.17371,-0.05956,0.05392,-0.33811,0.3388,-0.46286,-0.06264,-0.03523,-0.47578,-0.21014,0.01987,-0.87517,-0.18296,-0.12417,-1.02393,-0.26573,0.32984,-0.46519,0.08821,-0.05936,-0.47999,0.18883,-0.00376,-0.87687,0.13711,-0.15658,-1.03028,0.19041
15.6,0.37072,-0.38479,0.01586,0.46835,0.0492,-0.01133,0.42878,0.27038,-0.04718,0.51408,-0.0422,-0.1917,0.35395,-0.19288,-0.29605,0.10913,-0.09274,-0.30892,-0.05235,-0.02228,-0.31655,0.3579,0.01502,0.16075,0.1405,0.00512,0.0518,0.00031,0.03934,-0.17025,-0.06242,0.06117,-0.33361,0.33864,-0.4629,-0.06284,-0.03536,-0.47583,-0.21041,0.01984,-0.87518,-0.1829,-0.12414,-1.02403,-0.26561,0.32961,-0.46496,0.08801,-0.0596,-0.47986,0.18862,-0.00386,-0.87675,0.13707,-0.15658,-1.03023,0.19041
15.62,0.37024,-0.38452,0.01541,0.46765,0.0495,-0.01212,0.42947,0.27095,-0.04779,0.5135,-0.04203,-0.19239,0.3538,-0.19328,-0.29657,0.11018,-0.09012,-0.30837,-0.05156,-0.02019,-0.31526,0.35715,0.01541,0.15995,0.13624,0.00252,0.05864,-0.00107,0.04258,-0.16423,-0.06796,0.06767,-0.32546,0.33832,-0.46272,-0.06327,-0.0354,-0.4759,-0.21154,0.01983,-0.87515,-0.18275,-0.12397,-1.02421,-0.2654,0.32905,-0.46464,0.08758,-0.06007,-0.47978,0.18845,-0.00411,-0.87659,0.13655,-0.1567,-1.03019,0.18992
15.64,0.36963,-0.3842,0.01493,0.46682,0.04985,-0.01288,0.43051,0.27164,-0.04838,0.51278,-0.04179,-0.19308,0.35364,-0.1939,-0.29684,0.11139,-0.08742,-0.30741,-0.05081,-0.01846,-0.31332,0.35629,0.01583,0.15917,0.13177,-0.00148,0.06684,-0.00227,0.04623,-0.15652,-0.07428,0.07425,-0.31504,0.33792,-0.46248,-0.06376,-0.03542,-0.47598,-0.21292,0.01983,-0.87511,-0.18256,-0.12377,-1.02441,-0.26515,0.32838,-0.46431,0.08707,-0.06064,-0.47974,0.18831,-0.00441,-0.87644,0.13586,-0.15687,-1.03017,0.18925
15.66,0.36909,-0.38392,0.01447,0.46605,0.05016,-0.01365,0.43136,0.27224,-0.04898,0.51208,-0.04159,-0.19377,0.35351,-0.19451,-0.29721,0.11256,-0.08502,-0.30658,-0.05001,-0.01686,-0.31151,0.3555,0.0162,0.15841,0.128,-0.00531,0.07467,-0.00323,0.05001,-0.14859,-0.0798,0.08137,-0.30432,0.33757,-0.46228,-0.06421,-0.03546,-0.47604,-0.21414,0.01982,-0.87507,-0.1824,-0.12359,-1.02458,-0.26492,0.32777,-0.464,0.0866,-0.06116,-0.47968,0.18815,-0.00469,-0.87629,0.13525,-0.15702,-1.03014,0.18866
15.68,0.36851,-0.38356,0.01396,0.46531,0.05053,-0.01449,0.43239,0.27292,-0.04959,0.51157,-0.04137,-0.19447,0.35327,-0.19473,-0.29768,0.11402,-0.08151,-0.30618,-0.04884,-0.01401,-0.3106,0.35461,0.0167,0.1575,0.12426,-0.00684,0.08254,-0.0043,0.05755,-0.13986,-0.08666,0.09276,-0.29176,0.33719,-0.462,-0.06472,-0.03545,-0.47613,-0.21559,0.0198,-0.87503,-0.18221,-0.12338,-1.02479,-0.26466,0.32713,-0.46362,0.08608,-0.06169,-0.4796,0.18801,-0.00499,-0.87611,0.13462,-0.15718,-1.03009,0.18807
15.7,0.36798,-0.38336,0.01356,0.46447,0.05079,-0.01516,0.43312,0.27342,-0.05015,0.51064,-0.04117,-0.19514,0.35326,-0.19581,-0.29785,0.11503,-0.08037,-0.3048,-0.0483,-0.01392,-0.30773,0.35393,0.01695,0.15693,0.12159,-0.01327,0.09109,-0.00458,0.05916,-0.1302,-0.09078,0.09752,-0.27918,0.33683,-0.46188,-0.06511,-0.03555,-0.47618,-0.2166,0.01978,-0.87497,-0.18205,-0.12324,-1.02492,-0.26444,0.32653,-0.46339,0.08567,-0.06222,-0.47958,0.18784,-0.00526,-0.87599,0.134,-0.15734,-1.03008,0.18744
15.72,0.36763,-0.38355,0.01344,0.46336,0.05076,-0.01541,0.43307,0.27349,-0.05066,0.50865,-0.04096,-0.19573,0.35404,-0.19911,-0.29731,0.11481,-0.08557,-0.3008,-0.04936,-0.02119,-0.29968,0.35383,0.01661,0.15726,0.12219,-0.03287,0.10136,-0.0032,0.04522,-0.11844,-0.08799,0.08582,-0.26764,0.33658,-0.46213,-0.0652,-0.03596,-0.47609,-0.21634,0.01977,-0.87483,-0.18196,-0.12321,-1.02484,-0.26432,0.32608,-0.46352,0.08557,-0.06274,-0.47965,0.18746,-0.00539,-0.87598,0.13342,-0.15744,-1.03014,0.18669
15.74,0.36735,-0.38389,0.01345,0.46216,0.05061,-0.01548,0.43269,0.2734,-0.05113,0.50623,-0.04077,-0.19627,0.35517,-0.20315,-0.29648,0.1143,-0.09308,-0.29574,-0.0508,-0.03142,-0.28957,0.35399,0.01603,0.15797,0.12615,-0.05673,0.11296,-0.00126,0.02722,-0.10349,-0.08433,0.07074,-0.25283,0.33635,-0.46253,-0.06515,-0.03648,-0.47594,-0.21562,0.01977,-0.87467,-0.18188,-0.12322,-1.02467,-0.26423,0.32569,-0.46378,0.0856,-0.06324,-0.47977,0.18708,-0.00546,-0.87601,0.13286,-0.15753,-1.03024,0.18591
15.76,0.36705,-0.38418,0.01341,0.46101,0.0505,-0.01563,0.4324,0.27334,-0.05162,0.50395,-0.04059,-0.19684,0.35624,-0.20677,-0.29581,0.11413,-0.09955,-0.2911,-0.05173,-0.04063,-0.28033,0.35411,0.01554,0.15852,0.13177,-0.07752,0.12479,0.00046,0.01332,-0.08649,-0.08329,0.06053,-0.23432,0.33611,-0.46288,-0.06516,-0.03694,-0.47582,-0.21513,0.01976,-0.87452,-0.18182,-0.12322,-1.02454,-0.26415,0.3253,-0.464,0.08559,-0.06372,-0.47988,0.18677,-0.00556,-0.87603,0.13231,-0.15763,-1.03033,0.18516
15.78,0.36667,-0.38441,0.01331,0.45978,0.05045,-0.01582,0.43232,0.27336,-0.05224,0.50183,-0.04039,-0.19737,0.35751,-0.21018,-0.29521,0.11436,-0.10561,-0.2865,-0.05214,-0.04953,-0.27126,0.35392,0.01515,0.1589,0.13926,-0.09749,0.13734,0.00299,0.0029,-0.06635,-0.08201,0.05578,-0.21152,0.33585,-0.46318,-0.06524,-0.03745,-0.47569,-0.21461,0.01975,-0.87435,-0.18174,-0.12322,-1.0244,-0.26403,0.3248,-0.46416,0.08549,-0.06435,-0.47994,0.18615,-0.00569,-0.87602,0.13168,-0.15775,-1.0304,0.18433
15.8,0.36647,-0.3848,0.01337,0.45869,0.05024,-0.01588,0.43169,0.27315,-0.05265,0.49927,-0.04025,-0.19794,0.3587,-0.21389,-0.29449,0.11426,-0.11283,-0.2815,-0.0528,-0.06008,-0.26134,0.35445,0.0145,0.15971,0.14979,-0.11684,0.14992,0.00535,-0.01191,-0.04569,-0.08338,0.04358,-0.18762,0.33563,-0.46361,-0.06512,-0.03788,-0.47556,-0.21402,0.01972,-0.87421,-0.18169,-0.12326,-1.02424,-0.26401,0.32452,-0.46446,0.08561,-0.06466,-0.48012,0.18616,-0.00575,-0.87609,0.13121,-0.15783,-1.03051,0.18366
15.82,0.36673,-0.38563,0.01383,0.45803,0.04958,-0.01566,0.42959,0.27232,-0.05246,0.49553,-0.0403,-0.19868,0.35959,-0.21848,-0.29355,0.11315,-0.1232,-0.27569,-0.05435,-0.07474,-0.2494,0.35687,0.01321,0.1616,0.1645,-0.13588,0.16122,0.00742,-0.04038,-0.02941,-0.08892,0.00853,-0.16878,0.33548,-0.46443,-0.06451,-0.03806,-0.47546,-0.21341,0.01959,-0.87415,-0.18173,-0.12338,-1.02408,-0.26425,0.32479,-0.46513,0.08624,-0.06409,-0.48062,0.188,-0.00564,-0.8764,0.13118,-0.15788,-1.03073,0.18345
15.84,0.36716,-0.38662,0.01444,0.45751,0.04877,-0.01531,0.42691,0.27124,-0.05197,0.49133,-0.04041,-0.19938,0.36044,-0.22316,-0.29265,0.11196,-0.13451,-0.26954,-0.05561,-0.09055,-0.23661,0.36003,0.01166,0.16385,0.18205,-0.15415,0.1718,0.01174,-0.07382,-0.01442,-0.09266,-0.03512,-0.15117,0.33537,-0.46539,-0.06372,-0.03816,-0.47538,-0.21272,0.01944,-0.87414,-0.18178,-0.12353,-1.02392,-0.26456,0.32526,-0.46594,0.08708,-0.06321,-0.48125,0.19044,-0.00548,-0.87679,0.13129,-0.15793,-1.03096,0.18341
15.86,0.36752,-0.38752,0.01497,0.45694,0.04805,-0.01501,0.42447,0.27028,-0.05153,0.48732,-0.04047,-0.2,0.36143,-0.22736,-0.29195,0.11136,-0.14493,-0.26356,-0.05591,-0.10529,-0.22423,0.3629,0.01025,0.16584,0.20092,-0.17065,0.18218,0.0188,-0.10385,0.0019,-0.09261,-0.07416,-0.13153,0.33525,-0.46626,-0.06302,-0.03829,-0.4753,-0.21203,0.01931,-0.87411,-0.18181,-0.12366,-1.02376,-0.26482,0.32565,-0.46667,0.08782,-0.06247,-0.4818,0.1925,-0.00535,-0.87713,0.13133,-0.158,-1.03116,0.18328
15.88,0.36788,-0.3885,0.01554,0.45634,0.04725,-0.01472,0.422,0.26921,-0.05111,0.48324,-0.04065,-0.20055,0.36294,-0.23175,-0.29132,0.11135,-0.15633,-0.25748,-0.05528,-0.12153,-0.21144,0.36583,0.00877,0.16778,0.22193,-0.186,0.19197,0.0288,-0.13363,0.0185,-0.08927,-0.11379,-0.11097,0.33511,-0.46721,-0.06227,-0.03837,-0.47523,-0.2115,0.0192,-0.87409,-0.18181,-0.12376,-1.02362,-0.26507,0.32601,-0.46745,0.0886,-0.06165,-0.48241,0.19498,-0.00521,-0.87746,0.13144,-0.15803,-1.03137,0.18325
15.9,0.36827,-0.38935,0.01607,0.45582,0.04657,-0.01436,0.41941,0.26826,-0.05041,0.47914,-0.04064,-0.20098,0.36362,-0.23502,-0.29101,0.11117,-0.16536,-0.25165,-0.05437,-0.13429,-0.19941,0.36892,0.00737,0.16974,0.24356,-0.19888,0.20101,0.04081,-0.16216,0.03464,-0.08272,-0.15226,-0.09081,0.33501,-0.46804,-0.06156,-0.03856,-0.47515,-0.21061,0.01905,-0.87407,-0.18183,-0.12393,-1.02346,-0.2653,0.32649,-0.46815,0.08934,-0.06089,-0.48294,0.19676,-0.00511,-0.87779,0.13147,-0.15817,-1.03152,0.1831
15.92,0.36869,-0.38977,0.01649,0.4554,0.04633,-0.01379,0.41654,0.26774,-0.049,0.47511,-0.04007,-0.20121,0.36188,-0.23588,-0.29105,0.10973,-0.16842,-0.24632,-0.05444,-0.13824,-0.18946,0.37214,0.0063,0.1718,0.26377,-0.20836,0.20936,0.05348,-0.18841,0.04962,-0.07367,-0.18709,-0.07255,0.33497,-0.46844,-0.06096,-0.03913,-0.47496,-0.20872,0.01877,-0.87397,-0.18183,-0.12436,-1.02315,-0.26542,0.32723,-0.46853,0.08998,-0.06049,-0.48314,0.19623,-0.00509,-0.8781,0.13127,-0.15858,-1.0315,0.1826
15.94,0.36914,-0.39005,0.01689,0.45507,0.04622,-0.01311,0.41363,0.26733,-0.04727,0.47111,-0.03932,-0.20127,0.35913,-0.23579,-0.29124,0.10776,-0.16913,-0.24119,-0.05491,-0.1387,-0.18028,0.37551,0.00531,0.1739,0.28372,-0.21594,0.21694,0.06771,-0.21339,0.06376,-0.06219,-0.22017,-0.05532,0.33496,-0.4687,-0.06038,-0.03981,-0.47475,-0.20644,0.01845,-0.87385,-0.18182,-0.12488,-1.02279,-0.26549,0.32808,-0.46881,0.09061,-0.06014,-0.48324,0.19501,-0.00509,-0.87841,0.13099,-0.15907,-1.03143,0.18197
15.96,0.36957,-0.39038,0.0173,0.45474,0.04606,-0.01246,0.4108,0.26684,-0.04558,0.4671,-0.03865,-0.20128,0.3567,-0.23591,-0.29144,0.10611,-0.17057,-0.23604,-0.05494,-0.1403,-0.17088,0.37889,0.00429,0.1759,0.30466,-0.2225,0.22372,0.08428,-0.23719,0.07761,-0.04806,-0.25222,-0.03797,0.33493,-0.469,-0.05978,-0.04043,-0.47454,-0.20433,0.01814,-0.87372,-0.18181,-0.12537,-1.02244,-0.26558,0.32888,-0.46913,0.09123,-0.05972,-0.4834,0.19425,-0.00507,-0.8787,0.13075,-0.15951,-1.03138,0.18141
15.98,0.37003,-0.39075,0.01768,0.45429,0.04588,-0.01189,0.40776,0.26632,-0.04372,0.46297,-0.03801,-0.20127,0.3547,-0.23646,-0.29142,0.10484,-0.17322,-0.2306,-0.05453,-0.1437,-0.16111,0.38221,0.00324,0.17776,0.32714,-0.2281,0.22955,0.10392,-0.26113,0.09093,-0.03042,-0.2846,-0.02087,0.33494,-0.46936,-0.05921,-0.04102,-0.47434,-0.20224,0.01781,-0.8736,-0.18181,-0.1259,-1.02206,-0.26567,0.3297,-0.46948,0.09184,-0.05942,-0.48349,0.19286,-0.00507,-0.87902,0.13047,-0.16001,-1.0313,0.18077
16,0.37042,-0.39101,0.01812,0.45411,0.04575,-0.0111,0.40521,0.26582,-0.04189,0.45908,-0.03727,-0.201,0.35143,-0.23572,-0.2919,0.10287,-0.17267,-0.22577,-0.0546,-0.14244,-0.15238,0.38575,0.00225,0.17972,0.34771,-0.23175,0.23475,0.12316,-0.28096,0.10327,-0.01259,-0.31216,-0.00488,0.33486,-0.46959,-0.05859,-0.0417,-0.47413,-0.20001,0.01747,-0.87344,-0.18178,-0.12641,-1.02169,-0.26574,0.33049,-0.46974,0.09249,-0.05888,-0.48368,0.1926,-0.00506,-0.87928,0.13023,-0.16041,-1.03124,0.18023
16.02,0.37064,-0.39104,0.01868,0.45471,0.04569,-0.00985,0.40383,0.26535,-0.04042,0.45583,-0.03633,-0.20024,0.34506,-0.2319,-0.29359,0.09913,-0.1642,-0.22238,-0.05598,-0.12957,-0.14598,0.38995,0.00132,0.18203,0.36259,-0.23344,0.24007,0.13712,-0.29303,0.1146,0.00069,-0.33032,0.00928,0.33456,-0.46954,-0.05787,-0.04264,-0.47392,-0.19758,0.01715,-0.87325,-0.18175,-0.12679,-1.02136,-0.26583,0.33115,-0.46982,0.09323,-0.05761,-0.48418,0.19559,-0.00501,-0.87943,0.13004,-0.16052,-1.03126,0.17996
16.04,0.37079,-0.39096,0.0193,0.45559,0.04568,-0.00841,0.40293,0.26491,-0.03902,0.45285,-0.03528,-0.19924,0.33744,-0.22673,-0.29547,0.09492,-0.15256,-0.21924,-0.05744,-0.11213,-0.14017,0.39436,0.00043,0.18442,0.3752,-0.23443,0.24527,0.14904,-0.30212,0.12525,0.0123,-0.34472,0.02237,0.33418,-0.46937,-0.0571,-0.04367,-0.4737,-0.19504,0.01683,-0.87301,-0.18171,-0.12715,-1.02101,-0.26592,0.33178,-0.46981,0.09402,-0.05607,-0.48478,0.19972,-0.00498,-0.8795,0.1299,-0.16057,-1.03124,0.17981
16.06,0.37097,-0.39092,0.01989,0.45636,0.04566,-0.00708,0.40188,0.26447,-0.03751,0.4498,-0.03426,-0.19825,0.33032,-0.22194,-0.29692,0.09124,-0.1422,-0.21561,-0.05817,-0.0967,-0.13372,0.39868,-0.00049,0.18663,0.38883,-0.23531,0.24983,0.16264,-0.31188,0.13535,0.02581,-0.35992,0.03501,0.33385,-0.46924,-0.05634,-0.04464,-0.47348,-0.19253,0.0165,-0.87277,-0.18168,-0.12754,-1.02064,-0.26601,0.33242,-0.46984,0.09479,-0.05463,-0.48533,0.2033,-0.00498,-0.87955,0.12975,-0.1607,-1.03118,0.17963
16.08,0.37116,-0.3909,0.02049,0.45717,0.0456,-0.00571,0.4004,0.26387,-0.03587,0.4466,-0.03322,-0.19717,0.32344,-0.21725,-0.29813,0.08799,-0.13233,-0.21162,-0.05814,-0.08197,-0.12671,0.40321,-0.0015,0.18884,0.40346,-0.236,0.25395,0.17792,-0.32216,0.14513,0.0415,-0.37609,0.04726,0.3335,-0.46913,-0.05557,-0.04562,-0.47325,-0.19002,0.01611,-0.87251,-0.18163,-0.128,-1.02025,-0.26608,0.33307,-0.46988,0.09556,-0.05314,-0.4859,0.20695,-0.00504,-0.87959,0.12962,-0.16091,-1.03107,0.17949
16.1,0.3713,-0.39082,0.02109,0.45798,0.04559,-0.00439,0.39988,0.26353,-0.03436,0.44379,-0.0322,-0.19603,0.31583,-0.21171,-0.29916,0.08458,-0.12071,-0.20764,-0.05805,-0.06501,-0.12017,0.40739,-0.00238,0.19084,0.41574,-0.23624,0.25769,0.19078,-0.32976,0.15387,0.05459,-0.38826,0.05832,0.33315,-0.46896,-0.05482,-0.04659,-0.47304,-0.18749,0.0158,-0.87224,-0.18162,-0.12836,-1.01986,-0.2662,0.33369,-0.46987,0.09632,-0.05163,-0.48644,0.21068,-0.00508,-0.87954,0.12951,-0.16105,-1.03093,0.17937
16.12,0.37134,-0.39061,0.02164,0.45873,0.04569,-0.00323,0.4019,0.26395,-0.03337,0.44191,-0.0313,-0.19498,0.30669,-0.20423,-0.30007,0.08063,-0.10514,-0.20409,-0.05839,-0.04298,-0.11517,0.41052,-0.00293,0.19245,0.42215,-0.23602,0.26149,0.19639,-0.33157,0.16131,0.05926,-0.39143,0.06798,0.33285,-0.46871,-0.05414,-0.04753,-0.47288,-0.18497,0.01571,-0.87197,-0.18174,-0.12843,-1.01953,-0.26647,0.33423,-0.46979,0.09699,-0.0501,-0.48693,0.21454,-0.00497,-0.87935,0.12939,-0.16091,-1.03077,0.17923
16.14,0.37132,-0.39035,0.0222,0.45947,0.04583,-0.00212,0.40489,0.26461,-0.03262,0.4404,-0.03046,-0.19393,0.29718,-0.19571,-0.30077,0.07704,-0.08787,-0.20056,-0.05803,-0.01884,-0.11061,0.41325,-0.00336,0.1939,0.42622,-0.23566,0.26533,0.19908,-0.33115,0.16827,0.06056,-0.39116,0.07711,0.33254,-0.46841,-0.05347,-0.04847,-0.47274,-0.18244,0.01569,-0.8717,-0.18191,-0.1284,-1.01922,-0.26679,0.33473,-0.46968,0.09764,-0.04857,-0.48738,0.21843,-0.00485,-0.87908,0.1293,-0.16072,-1.03058,0.17911
16.16,0.3713,-0.39011,0.02277,0.46021,0.04595,-0.001,0.40744,0.26512,-0.03185,0.43875,-0.02961,-0.19286,0.28825,-0.18724,-0.30119,0.0743,-0.07131,-0.1967,-0.05641,0.0042,-0.10554,0.41614,-0.00384,0.19536,0.43131,-0.23532,0.26896,0.20315,-0.33167,0.1752,0.06352,-0.39236,0.08622,0.33221,-0.46813,-0.05279,-0.04941,-0.4726,-0.17991,0.01561,-0.87141,-0.18206,-0.12845,-1.01887,-0.2671,0.33522,-0.46958,0.09831,-0.04707,-0.48783,0.22218,-0.0048,-0.8788,0.12922,-0.16064,-1.03034,0.17899
16.18,0.37136,-0.38989,0.02327,0.461,0.04605,0.00013,0.4099,0.26557,-0.03108,0.437,-0.02869,-0.19175,0.27969,-0.1785,-0.30148,0.07223,-0.05497,-0.19269,-0.05382,0.02673,-0.10031,0.41922,-0.00441,0.19682,0.43691,-0.23498,0.2727,0.20779,-0.33228,0.18232,0.06708,-0.39373,0.09559,0.33196,-0.46787,-0.05217,-0.05029,-0.47245,-0.17739,0.01552,-0.87111,-0.18223,-0.12853,-1.01849,-0.2674,0.33579,-0.46949,0.09892,-0.04528,-0.4884,0.22638,-0.00474,-0.87851,0.12915,-0.16055,-1.03007,0.17896
16.2,0.37127,-0.38962,0.02393,0.46174,0.04617,0.0012,0.41278,0.26611,-0.03046,0.43561,-0.02793,-0.19064,0.27135,-0.16934,-0.30133,0.07099,-0.03795,-0.18851,-0.04996,0.05004,-0.09509,0.42184,-0.00479,0.19816,0.44112,-0.23458,0.27599,0.21094,-0.33216,0.18863,0.0691,-0.3939,0.10397,0.33158,-0.46756,-0.0514,-0.05126,-0.47232,-0.17482,0.01543,-0.87079,-0.18237,-0.12857,-1.01812,-0.26773,0.33621,-0.46937,0.09966,-0.04399,-0.48871,0.22964,-0.00476,-0.87812,0.12913,-0.16055,-1.02973,0.17884
16.22,0.3708,-0.38925,0.02504,0.46235,0.04631,0.00216,0.41659,0.26685,-0.03011,0.43506,-0.02759,-0.18961,0.26324,-0.15951,-0.30054,0.07099,-0.01944,-0.18414,-0.04427,0.07519,-0.09002,0.4233,-0.00468,0.19927,0.44208,-0.23412,0.27826,0.2106,-0.33061,0.19318,0.06747,-0.39169,0.11023,0.33089,-0.46715,-0.05021,-0.05244,-0.47226,-0.1721,0.01536,-0.87048,-0.18243,-0.12846,-1.0178,-0.26811,0.33623,-0.46916,0.10082,-0.04421,-0.48828,0.23015,-0.00485,-0.87756,0.12916,-0.16067,-1.0293,0.17839
16.24,0.37019,-0.38885,0.0263,0.46291,0.04644,0.00304,0.4208,0.26761,-0.0299,0.43484,-0.02742,-0.18863,0.25564,-0.14915,-0.29953,0.07218,-0.00038,-0.17978,-0.03691,0.10081,-0.08513,0.4243,-0.00439,0.20028,0.44169,-0.23364,0.28014,0.20878,-0.3284,0.19703,0.0643,-0.38838,0.11564,0.33007,-0.46671,-0.04889,-0.0537,-0.47224,-0.16934,0.01529,-0.87018,-0.18247,-0.12831,-1.01749,-0.26852,0.33609,-0.46893,0.10212,-0.04493,-0.4876,0.22976,-0.00498,-0.87694,0.12923,-0.16083,-1.02884,0.17784
16.26,0.36966,-0.38846,0.02747,0.4635,0.04658,0.00392,0.42484,0.26827,-0.02968,0.4345,-0.02718,-0.18765,0.24867,-0.13853,-0.29855,0.07428,0.01821,-0.17545,-0.02831,0.1255,-0.08026,0.42549,-0.00418,0.2013,0.4419,-0.23316,0.28213,0.20766,-0.32643,0.20111,0.06189,-0.38547,0.12134,0.32933,-0.46628,-0.04764,-0.0549,-0.4722,-0.16662,0.01521,-0.86984,-0.18254,-0.1282,-1.01713,-0.26895,0.33604,-0.46871,0.10333,-0.04536,-0.48705,0.22989,-0.00509,-0.87633,0.12928,-0.16096,-1.02838,0.17735
16.28,0.36908,-0.38807,0.02871,0.46409,0.0467,0.00483,0.42889,0.26885,-0.0295,0.43406,-0.02694,-0.18662,0.24212,-0.12735,-0.29758,0.07712,0.03665,-0.17104,-0.0187,0.14951,-0.07523,0.42677,-0.00399,0.20236,0.4422,-0.23262,0.28433,0.2066,-0.32438,0.20556,0.05951,-0.38247,0.12752,0.32853,-0.46584,-0.04633,-0.05615,-0.47216,-0.16381,0.01509,-0.86948,-0.18258,-0.12813,-1.01674,-0.26936,0.33595,-0.46848,0.1046,-0.04602,-0.48636,0.22952,-0.00522,-0.8757,0.12937,-0.16114,-1.02789,0.17687
16.3,0.36855,-0.38768,0.02985,0.46463,0.04683,0.00564,0.43298,0.26942,-0.02937,0.43387,-0.02675,-0.18572,0.23651,-0.11634,-0.29643,0.08141,0.05479,-0.16685,-0.00718,0.17313,-0.0707,0.42774,-0.00372,0.20328,0.44203,-0.23217,0.28599,0.20519,-0.3223,0.20908,0.0569,-0.37932,0.13255,0.3278,-0.46542,-0.04512,-0.05731,-0.47214,-0.16115,0.01499,-0.86912,-0.18267,-0.12805,-1.01635,-0.2698,0.33589,-0.46826,0.10578,-0.04632,-0.48585,0.22997,-0.00534,-0.87508,0.12942,-0.16126,-1.02742,0.17641
16.32,0.36816,-0.38726,0.03073,0.46505,0.04706,0.00627,0.43714,0.27006,-0.02924,0.43428,-0.02661,-0.18506,0.23222,-0.10625,-0.29486,0.08786,0.07248,-0.16315,0.00727,0.19661,-0.06727,0.42794,-0.00329,0.20392,0.44089,-0.23192,0.28634,0.20313,-0.32033,0.21029,0.05386,-0.37608,0.13474,0.32724,-0.46499,-0.04415,-0.05827,-0.47213,-0.15883,0.01495,-0.8688,-0.18285,-0.12798,-1.01596,-0.27027,0.33596,-0.46797,0.10671,-0.04554,-0.48593,0.23303,-0.0055,-0.87441,0.12929,-0.16128,-1.02698,0.176
16.34,0.36782,-0.38684,0.03151,0.46543,0.0473,0.00681,0.44132,0.27069,-0.0291,0.43494,-0.02651,-0.1845,0.22871,-0.0964,-0.29319,0.09571,0.08963,-0.15965,0.02366,0.2193,-0.06428,0.42783,-0.00278,0.20444,0.43932,-0.23175,0.28615,0.20075,-0.31837,0.21056,0.05062,-0.3728,0.13576,0.32674,-0.46458,-0.04327,-0.05915,-0.47213,-0.15665,0.01494,-0.86849,-0.18307,-0.1279,-1.01558,-0.27075,0.33608,-0.46768,0.10755,-0.04437,-0.48621,0.23691,-0.00568,-0.87372,0.12912,-0.16128,-1.02653,0.17562
16.36,0.36746,-0.38641,0.03232,0.46582,0.04755,0.00737,0.44548,0.27124,-0.02897,0.43549,-0.02639,-0.18392,0.22558,-0.08614,-0.29162,0.10421,0.10629,-0.15608,0.04097,0.24078,-0.06115,0.42785,-0.0023,0.20499,0.43794,-0.23152,0.28616,0.19855,-0.3164,0.21118,0.04756,-0.36957,0.13721,0.32623,-0.46416,-0.04237,-0.06005,-0.47212,-0.15441,0.01491,-0.86814,-0.18327,-0.12784,-1.01516,-0.27122,0.33618,-0.46738,0.10841,-0.04336,-0.48637,0.24035,-0.00587,-0.873,0.129,-0.16133,-1.02603,0.17527
16.38,0.36708,-0.386,0.0332,0.46622,0.04776,0.00797,0.44976,0.2717,-0.02885,0.43603,-0.0263,-0.18329,0.22289,-0.07532,-0.29004,0.1135,0.12278,-0.15248,0.05929,0.26144,-0.05798,0.42789,-0.00183,0.20559,0.43655,-0.23127,0.28629,0.19628,-0.31432,0.21207,0.0443,-0.36603,0.1391,0.32566,-0.46374,-0.0414,-0.06097,-0.47211,-0.15214,0.01484,-0.86778,-0.18348,-0.12782,-1.01471,-0.27173,0.33624,-0.46709,0.10934,-0.04231,-0.4866,0.24401,-0.00617,-0.87223,0.12883,-0.1615,-1.02547,0.17484
16.4,0.36675,-0.38556,0.0339,0.46658,0.04803,0.00843,0.45377,0.27215,-0.02869,0.43663,-0.02618,-0.18281,0.22091,-0.06518,-0.28854,0.12376,0.13788,-0.14903,0.079,0.28022,-0.05504,0.42782,-0.00131,0.20602,0.43508,-0.23105,0.28602,0.19414,-0.31245,0.21216,0.04152,-0.3631,0.13978,0.32521,-0.46332,-0.0406,-0.06181,-0.47211,-0.14997,0.01481,-0.86743,-0.1837,-0.12779,-1.01428,-0.27217,0.33639,-0.46679,0.11008,-0.0412,-0.48677,0.24736,-0.00633,-0.87149,0.1288,-0.16153,-1.02492,0.17463
16.42,0.36656,-0.38501,0.03413,0.46686,0.04847,0.00852,0.45716,0.27277,-0.02844,0.43731,-0.02589,-0.18273,0.21969,-0.05705,-0.28716,0.13504,0.15043,-0.14603,0.10048,0.29611,-0.05285,0.42756,-0.00066,0.20606,0.43356,-0.23088,0.28477,0.19243,-0.31114,0.21029,0.04005,-0.3619,0.13748,0.32504,-0.46286,-0.0403,-0.06243,-0.47214,-0.14799,0.01493,-0.86712,-0.18391,-0.12772,-1.01391,-0.27241,0.3368,-0.46643,0.11034,-0.04001,-0.48673,0.24971,-0.00602,-0.8709,0.12912,-0.16104,-1.02449,0.17499
16.44,0.36642,-0.38443,0.03417,0.46709,0.04895,0.00846,0.46025,0.27342,-0.02817,0.43803,-0.02555,-0.18281,0.21888,-0.04972,-0.28585,0.14688,0.16152,-0.14328,0.12284,0.30992,-0.05109,0.4272,3e-05,0.20593,0.43199,-0.23072,0.28314,0.19086,-0.31004,0.20763,0.03907,-0.36133,0.13397,0.32499,-0.4624,-0.04019,-0.06295,-0.47218,-0.14613,0.01509,-0.86683,-0.18413,-0.12764,-1.01357,-0.27258,0.33729,-0.46606,0.11041,-0.03879,-0.48663,0.2517,-0.00554,-0.87038,0.12956,-0.16039,-1.02411,0.17555
16.46,0.36625,-0.38387,0.03429,0.46733,0.04941,0.00846,0.46341,0.27399,-0.0279,0.43873,-0.02524,-0.18282,0.21827,-0.04197,-0.28455,0.15907,0.17223,-0.1405,0.14558,0.32256,-0.04931,0.42687,0.0007,0.20586,0.43042,-0.23054,0.28169,0.18925,-0.30883,0.20529,0.03789,-0.36044,0.13095,0.32488,-0.46193,-0.03999,-0.0635,-0.4722,-0.14427,0.0152,-0.86652,-0.18436,-0.12759,-1.0132,-0.27279,0.33772,-0.46569,0.11055,-0.0376,-0.48656,0.2538,-0.00515,-0.86982,0.12994,-0.15984,-1.0237,0.176
16.48,0.36609,-0.38328,0.03442,0.46761,0.04989,0.00843,0.46683,0.27455,-0.0276,0.43944,-0.02492,-0.18285,0.21788,-0.0338,-0.28316,0.17197,0.1828,-0.13787,0.16943,0.33454,-0.04806,0.4266,0.0014,0.20578,0.42892,-0.23034,0.28011,0.18764,-0.30755,0.20293,0.03672,-0.35955,0.12799,0.32478,-0.46145,-0.03979,-0.06409,-0.47225,-0.14218,0.01532,-0.86618,-0.18459,-0.12757,-1.01279,-0.27299,0.33822,-0.4653,0.1107,-0.03626,-0.48649,0.25607,-0.00473,-0.86923,0.13036,-0.15924,-1.02325,0.17652
16.5,0.36593,-0.38275,0.0345,0.4678,0.05033,0.00842,0.46965,0.27504,-0.02731,0.44013,-0.02463,-0.18287,0.21786,-0.02649,-0.28197,0.18454,0.1914,-0.13518,0.19233,0.34349,-0.04628,0.42618,0.00204,0.20569,0.42732,-0.23012,0.27869,0.1861,-0.30643,0.20042,0.03575,-0.35877,0.12459,0.32469,-0.46101,-0.03965,-0.06454,-0.47226,-0.14059,0.01543,-0.86587,-0.1848,-0.12752,-1.01244,-0.27318,0.33862,-0.46495,0.1108,-0.03518,-0.4864,0.2579,-0.00435,-0.86872,0.13074,-0.15871,-1.02287,0.17698
16.52,0.36575,-0.38239,0.03448,0.46772,0.05067,0.00846,0.47095,0.27539,-0.02707,0.44077,-0.02444,-0.18288,0.2182,-0.02132,-0.28129,0.19575,0.19629,-0.13205,0.21259,0.34724,-0.04245,0.42536,0.00253,0.20561,0.42544,-0.22988,0.27782,0.18469,-0.3057,0.19768,0.03518,-0.35817,0.12027,0.32461,-0.46071,-0.03966,-0.06469,-0.47217,-0.14033,0.01559,-0.86567,-0.18498,-0.12735,-1.01224,-0.27337,0.3387,-0.46468,0.11077,-0.03479,-0.4863,0.25862,-0.00413,-0.86845,0.13091,-0.15838,-1.02269,0.17719
16.54,0.36556,-0.38209,0.03442,0.46753,0.05098,0.00853,0.47164,0.27571,-0.02684,0.44138,-0.02426,-0.18287,0.21869,-0.01708,-0.2808,0.20619,0.19948,-0.12889,0.23136,0.34848,-0.03797,0.42438,0.00296,0.20553,0.42345,-0.22964,0.27713,0.18333,-0.30513,0.19482,0.03481,-0.35767,0.11558,0.32452,-0.46046,-0.03973,-0.06473,-0.47204,-0.14057,0.01575,-0.86551,-0.18513,-0.12716,-1.01211,-0.27353,0.33867,-0.46444,0.1107,-0.03468,-0.48619,0.25889,-0.00397,-0.86827,0.13102,-0.15813,-1.0226,0.17734
16.56,0.36539,-0.38177,0.03438,0.4674,0.0513,0.00859,0.4726,0.27604,-0.02659,0.44202,-0.02408,-0.18286,0.21926,-0.01249,-0.28021,0.21682,0.20271,-0.1259,0.25036,0.3494,-0.03394,0.42348,0.00341,0.20546,0.42154,-0.2294,0.27636,0.18199,-0.30449,0.19203,0.03442,-0.35713,0.1111,0.32446,-0.46019,-0.03977,-0.0648,-0.47193,-0.1406,0.01592,-0.86534,-0.18529,-0.12697,-1.01195,-0.27369,0.33869,-0.4642,0.11065,-0.03444,-0.48608,0.25936,-0.00377,-0.86806,0.13116,-0.15783,-1.02247,0.17752
16.58,0.36519,-0.38141,0.03436,0.46725,0.05165,0.00864,0.47364,0.27639,-0.02632,0.44262,-0.02388,-0.18285,0.21991,-0.00741,-0.2796,0.22867,0.20578,-0.12274,0.27196,0.34921,-0.02973,0.42257,0.0039,0.20537,0.41961,-0.22912,0.27554,0.18067,-0.30379,0.18913,0.03411,-0.35651,0.10644,0.32435,-0.45989,-0.03978,-0.06491,-0.47181,-0.14053,0.01609,-0.86514,-0.18546,-0.12678,-1.01177,-0.27388,0.33873,-0.46392,0.11062,-0.03417,-0.48595,0.2599,-0.00355,-0.86781,0.13133,-0.15751,-1.02232,0.17772
16.6,0.36504,-0.38115,0.03428,0.46711,0.05192,0.00871,0.47434,0.27666,-0.02608,0.44328,-0.02374,-0.18283,0.22067,-0.00354,-0.2791,0.23779,0.2076,-0.12018,0.2876,0.34812,-0.02599,0.42163,0.00428,0.20529,0.41769,-0.22891,0.27483,0.17938,-0.30323,0.1864,0.03378,-0.35603,0.10207,0.32431,-0.45967,-0.03988,-0.06491,-0.47169,-0.1408,0.01624,-0.865,-0.1856,-0.1266,-1.01165,-0.27402,0.3387,-0.46371,0.11052,-0.03405,-0.48586,0.26016,-0.00341,-0.86766,0.13142,-0.15728,-1.02224,0.17786
16.62,0.36503,-0.38116,0.03404,0.46701,0.05195,0.00884,0.47428,0.27669,-0.02593,0.44413,-0.02377,-0.1828,0.22147,-0.00275,-0.27878,0.24011,0.20751,-0.11886,0.28809,0.3477,-0.02323,0.42063,0.00434,0.20521,0.4158,-0.22896,0.27434,0.17811,-0.30309,0.18411,0.03328,-0.35594,0.09851,0.32443,-0.45967,-0.0402,-0.06461,-0.47159,-0.14181,0.01638,-0.86503,-0.18572,-0.12645,-1.01171,-0.27409,0.33849,-0.46371,0.11023,-0.03427,-0.4859,0.25984,-0.00348,-0.86775,0.1313,-0.15733,-1.02233,0.1778
16.64,0.36509,-0.38127,0.03374,0.46695,0.05189,0.00898,0.47392,0.27664,-0.02581,0.44505,-0.02386,-0.18275,0.22229,-0.00318,-0.27858,0.2396,0.20675,-0.11807,0.28274,0.34726,-0.02064,0.41964,0.00429,0.20513,0.41395,-0.22909,0.27394,0.17688,-0.3031,0.182,0.03275,-0.35598,0.09525,0.32463,-0.45975,-0.0406,-0.06418,-0.47148,-0.14315,0.01652,-0.86512,-0.18581,-0.12631,-1.01185,-0.27413,0.33823,-0.46377,0.10987,-0.03462,-0.48596,0.25924,-0.00361,-0.86793,0.1311,-0.15745,-1.02249,0.17769
16.66,0.36512,-0.38134,0.03346,0.46688,0.05187,0.00912,0.47367,0.27663,-0.02568,0.44592,-0.02392,-0.18271,0.22311,-0.00311,-0.27837,0.24001,0.2063,-0.11715,0.2798,0.34649,-0.01784,0.41865,0.00427,0.20504,0.4121,-0.22919,0.2735,0.17567,-0.30303,0.17981,0.03226,-0.35595,0.09186,0.32479,-0.4598,-0.04098,-0.06379,-0.47137,-0.14439,0.01664,-0.86519,-0.18591,-0.12617,-1.01195,-0.27418,0.33799,-0.46381,0.10953,-0.03493,-0.48601,0.25872,-0.0037,-0.86808,0.13093,-0.15754,-1.02263,0.1776
16.68,0.36513,-0.38141,0.03319,0.46677,0.05185,0.00924,0.47348,0.2766,-0.0256,0.44683,-0.02401,-0.18267,0.22389,-0.00283,-0.27795,0.24194,0.20573,-0.11575,0.27893,0.345,-0.01409,0.41758,0.00428,0.20493,0.41019,-0.22928,0.27297,0.17443,-0.30301,0.17752,0.0318,-0.356,0.08837,0.32493,-0.45985,-0.04134,-0.06346,-0.47128,-0.14546,0.01677,-0.86523,-0.18603,-0.12604,-1.01203,-0.27425,0.33774,-0.46385,0.1092,-0.03519,-0.48611,0.25837,-0.00382,-0.86822,0.13074,-0.15764,-1.02276,0.17748
16.7,0.3652,-0.38149,0.0329,0.46673,0.05182,0.0094,0.47311,0.27659,-0.0254,0.44768,-0.02405,-0.18259,0.22474,-0.00329,-0.27798,0.24003,0.20525,-0.11546,0.2729,0.34413,-0.01187,0.4167,0.00422,0.20488,0.40842,-0.22939,0.27262,0.17328,-0.30292,0.17547,0.03136,-0.35589,0.0852,0.32514,-0.45991,-0.04173,-0.06296,-0.47114,-0.14693,0.0169,-0.86531,-0.1861,-0.12591,-1.01215,-0.27427,0.33751,-0.46388,0.10885,-0.03558,-0.48609,0.25761,-0.00391,-0.86839,0.1306,-0.15774,-1.02289,0.17743
16.72,0.36544,-0.38161,0.03255,0.46693,0.05174,0.00964,0.47237,0.27657,-0.02492,0.44844,-0.024,-0.18246,0.2259,-0.00529,-0.27919,0.22835,0.20505,-0.1183,0.2537,0.34554,-0.01478,0.41637,0.004,0.20494,0.40696,-0.22956,0.27273,0.17236,-0.30264,0.17399,0.03095,-0.35533,0.08275,0.32556,-0.46002,-0.04219,-0.06197,-0.47091,-0.14953,0.01701,-0.86552,-0.18605,-0.12575,-1.01242,-0.27418,0.3374,-0.46394,0.10844,-0.0363,-0.48578,0.25574,-0.00392,-0.86863,0.13059,-0.15783,-1.02302,0.17752
16.74,0.36575,-0.38174,0.03218,0.46721,0.05165,0.00991,0.47147,0.27656,-0.02432,0.44914,-0.0239,-0.1823,0.22718,-0.00803,-0.28086,0.21294,0.20402,-0.12286,0.22915,0.34655,-0.02028,0.41623,0.00371,0.20506,0.40565,-0.22975,0.27303,0.17153,-0.30232,0.17277,0.03056,-0.35464,0.08064,0.32607,-0.46014,-0.04267,-0.06078,-0.47064,-0.15249,0.01711,-0.86574,-0.18595,-0.1256,-1.01271,-0.27405,0.33732,-0.464,0.108,-0.03711,-0.48535,0.25348,-0.0039,-0.86888,0.13065,-0.15791,-1.02314,0.17769
16.76,0.36602,-0.38186,0.03181,0.46742,0.05158,0.01017,0.4706,0.27654,-0.02377,0.44983,-0.02381,-0.18215,0.22842,-0.01055,-0.28234,0.19923,0.20219,-0.12735,0.2068,0.34603,-0.0256,0.41599,0.00344,0.20515,0.40429,-0.22992,0.27323,0.17068,-0.30203,0.17145,0.03019,-0.35404,0.07841,0.32653,-0.46025,-0.04315,-0.05968,-0.4704,-0.15524,0.01718,-0.86592,-0.18589,-0.1255,-1.01294,-0.27395,0.33722,-0.46406,0.10756,-0.03787,-0.48497,0.25141,-0.0039,-0.8691,0.13069,-0.158,-1.02323,0.17786
16.78,0.36631,-0.38198,0.03145,0.46772,0.05148,0.01041,0.46985,0.2765,-0.02329,0.45065,-0.02376,-0.18201,0.22984,-0.01253,-0.28374,0.18579,0.2002,-0.1323,0.18522,0.34503,-0.03167,0.41578,0.0032,0.20522,0.40284,-0.23007,0.27341,0.16979,-0.30166,0.17,0.02982,-0.35331,0.07599,0.327,-0.46036,-0.04362,-0.05847,-0.47012,-0.15822,0.01725,-0.86608,-0.18583,-0.12538,-1.01316,-0.27388,0.33713,-0.4641,0.10714,-0.03866,-0.48459,0.24919,-0.00397,-0.86933,0.13064,-0.1582,-1.02331,0.17789
16.8,0.36658,-0.38211,0.03108,0.46784,0.05142,0.0107,0.4688,0.2765,-0.02264,0.45116,-0.02362,-0.18183,0.23106,-0.01581,-0.28539,0.17146,0.19607,-0.13813,0.16135,0.34146,-0.03885,0.41556,0.0029,0.20536,0.40162,-0.23028,0.27367,0.16904,-0.30146,0.16892,0.02953,-0.35284,0.07407,0.32747,-0.46048,-0.0441,-0.0574,-0.46991,-0.16076,0.01727,-0.86625,-0.18575,-0.12535,-1.01337,-0.27375,0.33704,-0.46418,0.10669,-0.03936,-0.48419,0.2472,-0.00392,-0.86953,0.13083,-0.15821,-1.02339,0.17823
16.82,0.36683,-0.38221,0.03066,0.46753,0.05149,0.01111,0.46717,0.27666,-0.0216,0.45091,-0.02319,-0.18157,0.23186,-0.02191,-0.28762,0.15515,0.18773,-0.14515,0.1318,0.33264,-0.04741,0.41534,0.00252,0.20568,0.40096,-0.2306,0.2741,0.16864,-0.30165,0.16869,0.02943,-0.35304,0.07341,0.32795,-0.46056,-0.04467,-0.0567,-0.46986,-0.16205,0.01724,-0.86643,-0.18561,-0.12545,-1.01358,-0.27343,0.33697,-0.46426,0.10616,-0.03971,-0.48371,0.246,-0.00341,-0.8696,0.13172,-0.15759,-1.02347,0.17946
16.84,0.36706,-0.38232,0.03023,0.46702,0.05159,0.01157,0.46524,0.27686,-0.02038,0.45034,-0.02268,-0.18127,0.23275,-0.02929,-0.29009,0.13861,0.17672,-0.15287,0.10088,0.31986,-0.05703,0.4151,0.00209,0.20608,0.40053,-0.23098,0.27462,0.16838,-0.30204,0.16883,0.0294,-0.35353,0.07328,0.32842,-0.46064,-0.04525,-0.05616,-0.46989,-0.16289,0.01718,-0.86662,-0.18544,-0.12561,-1.01382,-0.27304,0.3369,-0.46437,0.10561,-0.03996,-0.48322,0.24505,-0.00276,-0.86963,0.13283,-0.15677,-1.02356,0.18097
16.86,0.36729,-0.38243,0.02981,0.46656,0.05167,0.012,0.46335,0.27703,-0.01922,0.44987,-0.02222,-0.18098,0.234,-0.03625,-0.29249,0.12334,0.16509,-0.16077,0.07229,0.30552,-0.06712,0.41484,0.00169,0.20643,0.40003,-0.23133,0.27509,0.16809,-0.30238,0.16885,0.02936,-0.35391,0.07296,0.32888,-0.46072,-0.04581,-0.05555,-0.46988,-0.16394,0.01713,-0.8668,-0.18528,-0.12574,-1.01403,-0.27269,0.33683,-0.46448,0.10507,-0.04026,-0.48276,0.24397,-0.00221,-0.86967,0.1338,-0.15607,-1.02362,0.18229
16.88,0.36756,-0.38251,0.02937,0.46624,0.05176,0.01242,0.46179,0.27719,-0.01818,0.44953,-0.02174,-0.1807,0.23548,-0.04189,-0.29476,0.10772,0.15335,-0.16951,0.04273,0.2899,-0.0788,0.41471,0.00129,0.20678,0.39941,-0.23166,0.27557,0.16769,-0.30256,0.16873,0.02926,-0.35424,0.07248,0.32939,-0.46078,-0.0464,-0.0549,-0.46988,-0.16497,0.01707,-0.86699,-0.18512,-0.12589,-1.01425,-0.27232,0.33677,-0.46454,0.10452,-0.04052,-0.48221,0.24292,-0.00157,-0.86966,0.13497,-0.15526,-1.02365,0.18388
16.9,0.36774,-0.38265,0.02898,0.46556,0.05185,0.01286,0.45946,0.27735,-0.01685,0.44884,-0.02129,-0.18041,0.23734,-0.05024,-0.2973,0.09512,0.13837,-0.17757,0.01829,0.27024,-0.08923,0.41429,0.00087,0.20716,0.3991,-0.23205,0.27607,0.16756,-0.30314,0.16899,0.0293,-0.35477,0.07247,0.3298,-0.46089,-0.04694,-0.05436,-0.46987,-0.16593,0.01702,-0.86714,-0.18495,-0.12602,-1.01444,-0.27196,0.33668,-0.4647,0.104,-0.04083,-0.48184,0.24189,-0.0011,-0.86971,0.13576,-0.15466,-1.02372,0.185
16.92,0.36766,-0.38295,0.0287,0.46396,0.05191,0.01327,0.45517,0.27754,-0.01475,0.44721,-0.02091,-0.18011,0.24062,-0.0655,-0.30078,0.09019,0.11757,-0.1825,0.00676,0.2451,-0.09377,0.41315,0.00039,0.20755,0.39958,-0.23258,0.27663,0.16808,-0.30472,0.17017,0.0296,-0.35567,0.07361,0.32995,-0.46112,-0.0474,-0.05409,-0.46981,-0.16682,0.01697,-0.86719,-0.18481,-0.12609,-1.01457,-0.27165,0.33648,-0.46511,0.10355,-0.04127,-0.48191,0.24082,-0.00112,-0.86995,0.13546,-0.15468,-1.02395,0.18478
16.94,0.36749,-0.3833,0.02848,0.46202,0.05197,0.0137,0.45013,0.2777,-0.01236,0.44525,-0.02056,-0.17978,0.24567,-0.08277,-0.30439,0.08922,0.09511,-0.18601,0.0011,0.21835,-0.09576,0.41172,-0.00011,0.20796,0.40038,-0.23315,0.27722,0.16888,-0.30667,0.17171,0.03002,-0.35676,0.07523,0.33001,-0.4614,-0.04781,-0.05391,-0.46973,-0.16765,0.01693,-0.8672,-0.18466,-0.12614,-1.01466,-0.27135,0.33625,-0.4656,0.10315,-0.04175,-0.48215,0.23977,-0.00132,-0.87026,0.13477,-0.1549,-1.02424,0.18408
16.96,0.36736,-0.38363,0.02825,0.46022,0.05202,0.01413,0.44538,0.27777,-0.01013,0.44346,-0.02022,-0.17946,0.25182,-0.09809,-0.30769,0.08853,0.07385,-0.18977,-0.00485,0.19229,-0.09839,0.4104,-0.0006,0.20837,0.40106,-0.23368,0.27778,0.16959,-0.30848,0.17307,0.03041,-0.35783,0.07669,0.33011,-0.46166,-0.04822,-0.05367,-0.46966,-0.16851,0.01688,-0.86722,-0.1845,-0.12619,-1.01476,-0.27103,0.33603,-0.46605,0.10274,-0.04222,-0.48234,0.23871,-0.00146,-0.87055,0.13424,-0.15505,-1.0245,0.18357
16.98,0.36724,-0.38394,0.02796,0.45841,0.05209,0.01451,0.4408,0.27785,-0.0078,0.44155,-0.01984,-0.17919,0.25945,-0.11209,-0.31171,0.09004,0.05365,-0.19356,-0.00793,0.16695,-0.10049,0.40916,-0.0011,0.20873,0.40168,-0.23417,0.27839,0.17024,-0.31013,0.17447,0.03064,-0.35851,0.07819,0.3302,-0.4619,-0.04869,-0.05347,-0.46959,-0.16933,0.01685,-0.86723,-0.18436,-0.12625,-1.01486,-0.27071,0.33583,-0.46649,0.10228,-0.04263,-0.48245,0.23768,-0.00152,-0.87079,0.13381,-0.15511,-1.02473,0.18321
17,0.36707,-0.3843,0.02781,0.45654,0.0521,0.01498,0.4357,0.27774,-0.00561,0.43979,-0.01958,-0.17882,0.26798,-0.12637,-0.31413,0.0922,0.03284,-0.19629,-0.01041,0.14089,-0.10198,0.40766,-0.00159,0.20917,0.40247,-0.23471,0.27888,0.17113,-0.31215,0.17584,0.03119,-0.36003,0.07979,0.33029,-0.46219,-0.04903,-0.05323,-0.46952,-0.1702,0.01679,-0.86724,-0.18418,-0.12631,-1.01495,-0.2704,0.33557,-0.46698,0.10194,-0.04317,-0.48274,0.2366,-0.00177,-0.87114,0.13308,-0.15541,-1.02505,0.18244
17.02,0.36677,-0.38477,0.02804,0.45462,0.05198,0.01577,0.42935,0.27725,-0.00384,0.43851,-0.0196,-0.17813,0.27718,-0.14305,-0.31216,0.09321,0.00897,-0.19736,-0.01531,0.11179,-0.10382,0.40557,-0.00207,0.20981,0.40365,-0.23538,0.27904,0.17259,-0.31512,0.17712,0.03264,-0.36387,0.08154,0.33033,-0.46259,-0.04904,-0.05288,-0.46939,-0.17119,0.01665,-0.86725,-0.18392,-0.12644,-1.01496,-0.27014,0.33512,-0.46759,0.10195,-0.04405,-0.48349,0.23538,-0.00255,-0.8718,0.13158,-0.15641,-1.0256,0.18059
17.04,0.36643,-0.38527,0.02842,0.45266,0.05182,0.01666,0.42251,0.27655,-0.00226,0.43739,-0.01971,-0.17733,0.28787,-0.16002,-0.30844,0.09522,-0.01574,-0.19798,-0.01949,0.08169,-0.10606,0.40324,-0.00253,0.21052,0.405,-0.23604,0.27911,0.17433,-0.31839,0.1784,0.0345,-0.36854,0.08337,0.33037,-0.46302,-0.0489,-0.05248,-0.46924,-0.17222,0.0165,-0.86724,-0.18362,-0.12658,-1.01493,-0.26989,0.33461,-0.46824,0.10209,-0.04503,-0.48439,0.23411,-0.00348,-0.87257,0.12981,-0.15762,-1.02622,0.17837
17.06,0.36611,-0.38575,0.02873,0.45069,0.05167,0.01747,0.4159,0.2758,-0.00066,0.43619,-0.01978,-0.1766,0.30008,-0.17516,-0.30529,0.09923,-0.03915,-0.19903,-0.0212,0.05253,-0.10853,0.40099,-0.003,0.21118,0.40627,-0.2366,0.27923,0.17601,-0.32147,0.17967,0.03625,-0.37278,0.08516,0.33042,-0.46343,-0.04883,-0.05209,-0.46911,-0.17322,0.01635,-0.86723,-0.18333,-0.12672,-1.01492,-0.26962,0.33414,-0.46887,0.10217,-0.04595,-0.48521,0.23287,-0.0043,-0.87328,0.12821,-0.15868,-1.02682,0.17638
17.08,0.36578,-0.38628,0.02904,0.44877,0.05146,0.0183,0.40925,0.27486,0.00099,0.435,-0.0199,-0.17585,0.31439,-0.18934,-0.30224,0.10534,-0.06255,-0.2005,-0.02081,0.02262,-0.11143,0.39881,-0.00353,0.21185,0.40761,-0.2372,0.27933,0.17773,-0.3246,0.18111,0.03803,-0.37714,0.08719,0.33044,-0.46388,-0.04876,-0.05173,-0.46899,-0.17422,0.0162,-0.86722,-0.18306,-0.12687,-1.0149,-0.26937,0.33365,-0.46955,0.10224,-0.0469,-0.4861,0.2316,-0.00524,-0.87402,0.12639,-0.15989,-1.02742,0.17412
17.1,0.36546,-0.3867,0.02938,0.44673,0.05137,0.01909,0.40261,0.27396,0.00236,0.43382,-0.01995,-0.17514,0.32865,-0.20167,-0.29823,0.11194,-0.08412,-0.20154,-0.01942,-0.00505,-0.1144,0.39642,-0.00391,0.21246,0.40883,-0.23755,0.27947,0.17952,-0.32756,0.18226,0.03998,-0.3814,0.08884,0.33052,-0.46425,-0.04865,-0.05129,-0.46883,-0.17522,0.01604,-0.86719,-0.18274,-0.12702,-1.01486,-0.26909,0.3332,-0.47011,0.10235,-0.04779,-0.48687,0.23037,-0.00593,-0.87471,0.12496,-0.16081,-1.028,0.17232
17.12,0.3652,-0.38681,0.02973,0.44442,0.05164,0.01971,0.39611,0.27336,0.00306,0.43266,-0.01977,-0.17456,0.34029,-0.21186,-0.29204,0.1168,-0.10254,-0.2013,-0.01902,-0.0278,-0.11724,0.39357,-0.00385,0.21288,0.40974,-0.23732,0.2797,0.18146,-0.33002,0.18259,0.04231,-0.38525,0.0894,0.33077,-0.4644,-0.04848,-0.05063,-0.46862,-0.17629,0.01598,-0.86713,-0.18238,-0.12709,-1.01475,-0.26878,0.3329,-0.47036,0.10252,-0.04852,-0.48727,0.22922,-0.00589,-0.87526,0.12466,-0.16085,-1.02851,0.17185
17.14,0.36495,-0.38679,0.0301,0.44199,0.05206,0.02026,0.38966,0.27285,0.00345,0.4315,-0.01949,-0.17403,0.35131,-0.22078,-0.28486,0.12147,-0.1197,-0.20066,-0.0186,-0.04882,-0.12032,0.39052,-0.00362,0.21321,0.4105,-0.23681,0.27996,0.18345,-0.33224,0.18263,0.04478,-0.38892,0.08958,0.33107,-0.46446,-0.04828,-0.04991,-0.46836,-0.17736,0.01591,-0.86702,-0.18197,-0.12717,-1.0146,-0.26844,0.33265,-0.47048,0.10273,-0.0492,-0.48753,0.22812,-0.00561,-0.87573,0.12476,-0.16061,-1.02897,0.17185
17.16,0.3647,-0.38682,0.03046,0.4396,0.0524,0.02082,0.38324,0.27219,0.00389,0.43034,-0.01926,-0.1735,0.36366,-0.22874,-0.27792,0.12772,-0.13679,-0.20042,-0.01664,-0.07052,-0.12381,0.38754,-0.00347,0.21355,0.41129,-0.23633,0.28022,0.18541,-0.33445,0.18282,0.04721,-0.39256,0.08998,0.33135,-0.46455,-0.04808,-0.04922,-0.4681,-0.17838,0.01581,-0.8669,-0.18157,-0.12729,-1.01443,-0.26809,0.33238,-0.47065,0.10293,-0.04989,-0.48783,0.227,-0.00545,-0.87621,0.12468,-0.16051,-1.02944,0.17164
17.18,0.36445,-0.38689,0.03085,0.43727,0.05268,0.02141,0.3767,0.27135,0.00439,0.42921,-0.01908,-0.17292,0.37757,-0.23609,-0.27023,0.13551,-0.15468,-0.20017,-0.01329,-0.09376,-0.12774,0.38463,-0.00338,0.21393,0.41224,-0.23583,0.28055,0.1876,-0.33675,0.18317,0.04986,-0.39636,0.09058,0.33164,-0.46468,-0.04786,-0.04846,-0.46793,-0.17954,0.01583,-0.86686,-0.1812,-0.12726,-1.01435,-0.2678,0.33211,-0.47086,0.10315,-0.05059,-0.4882,0.22588,-0.00524,-0.87676,0.12465,-0.16036,-1.02996,0.17149
17.2,0.3642,-0.38686,0.03118,0.43478,0.05308,0.02186,0.37049,0.27066,0.00455,0.42801,-0.01881,-0.17247,0.38991,-0.24137,-0.26329,0.14295,-0.16963,-0.20007,-0.00964,-0.11365,-0.13165,0.38153,-0.00317,0.21416,0.41279,-0.23515,0.28077,0.18939,-0.33865,0.18323,0.05216,-0.39966,0.09079,0.33192,-0.46472,-0.04768,-0.04782,-0.46758,-0.1804,0.0156,-0.86666,-0.18076,-0.12754,-1.01409,-0.26738,0.33187,-0.47096,0.10333,-0.05123,-0.48842,0.22478,-0.00507,-0.87717,0.12463,-0.16025,-1.03035,0.17135
17.22,0.364,-0.3866,0.03137,0.43193,0.05376,0.02201,0.36514,0.27052,0.00395,0.42668,-0.01836,-0.17229,0.39696,-0.24384,-0.25894,0.14731,-0.17779,-0.20024,-0.00763,-0.12483,-0.13475,0.37796,-0.00263,0.21407,0.41234,-0.23416,0.28073,0.19016,-0.33967,0.18255,0.05352,-0.40179,0.08999,0.33219,-0.46457,-0.04758,-0.04751,-0.4667,-0.18042,0.01465,-0.86598,-0.18007,-0.12866,-1.01331,-0.26657,0.3318,-0.47082,0.10343,-0.05166,-0.48828,0.22375,-0.00505,-0.87721,0.12452,-0.1603,-1.03036,0.17113
17.24,0.3638,-0.38624,0.03151,0.42894,0.05454,0.02204,0.36013,0.27059,0.00306,0.42528,-0.01783,-0.1722,0.40179,-0.24529,-0.25553,0.15027,-0.1833,-0.20047,-0.00644,-0.13253,-0.13753,0.37422,-0.00199,0.21384,0.41147,-0.23306,0.28057,0.1905,-0.34034,0.18158,0.05448,-0.40345,0.08878,0.33245,-0.46433,-0.0475,-0.04732,-0.46566,-0.18014,0.01348,-0.86514,-0.1793,-0.13006,-1.01236,-0.26562,0.33176,-0.47058,0.10351,-0.05203,-0.48799,0.22276,-0.00508,-0.87711,0.12441,-0.16038,-1.03023,0.17093
17.26,0.36359,-0.38593,0.03165,0.42602,0.05524,0.02208,0.35504,0.2705,0.00226,0.42391,-0.01735,-0.1721,0.40758,-0.24677,-0.25167,0.15405,-0.1897,-0.20071,-0.00458,-0.14159,-0.14054,0.37058,-0.00144,0.21364,0.41074,-0.232,0.28042,0.19099,-0.34112,0.18075,0.05559,-0.40528,0.08776,0.33271,-0.46414,-0.04743,-0.04707,-0.46474,-0.18004,0.01246,-0.86441,-0.17859,-0.13126,-1.01154,-0.26476,0.3317,-0.47039,0.10358,-0.05243,-0.48778,0.22174,-0.00508,-0.87707,0.12431,-0.16043,-1.03017,0.17072
17.28,0.36344,-0.38562,0.03186,0.42307,0.05593,0.02218,0.34976,0.27033,0.00141,0.42259,-0.01687,-0.17193,0.41404,-0.24814,-0.24727,0.15849,-0.19657,-0.20073,-0.00213,-0.15152,-0.14354,0.36686,-0.0009,0.21346,0.41019,-0.23082,0.28046,0.19177,-0.34192,0.18006,0.05695,-0.40716,0.08696,0.33303,-0.46394,-0.04729,-0.0468,-0.46361,-0.17977,0.01126,-0.8635,-0.1778,-0.13271,-1.01047,-0.26381,0.33169,-0.4702,0.10371,-0.0528,-0.48755,0.22072,-0.00511,-0.87703,0.12419,-0.16055,-1.03008,0.17049
17.3,0.36315,-0.38527,0.03193,0.42014,0.05663,0.02212,0.34497,0.2703,0.00053,0.42112,-0.01637,-0.17192,0.41872,-0.24881,-0.24399,0.1617,-0.20149,-0.20113,-0.00045,-0.15879,-0.14655,0.36326,-0.00035,0.21316,0.40916,-0.22979,0.28012,0.19186,-0.34252,0.17909,0.05772,-0.40876,0.08573,0.33321,-0.46372,-0.04727,-0.04661,-0.46286,-0.17976,0.01037,-0.86289,-0.17715,-0.13374,-1.00983,-0.26301,0.33157,-0.46995,0.10373,-0.05322,-0.48729,0.21974,-0.0051,-0.87694,0.12412,-0.16056,-1.02999,0.17034
17.32,0.36241,-0.38483,0.03162,0.4172,0.05734,0.02167,0.34131,0.27072,-0.00034,0.4192,-0.01579,-0.1723,0.41896,-0.24844,-0.24375,0.16148,-0.20205,-0.20266,-0.0013,-0.15964,-0.14974,0.35996,0.00021,0.21256,0.4069,-0.22926,0.27868,0.19013,-0.34276,0.17739,0.05691,-0.40986,0.08332,0.333,-0.46348,-0.04758,-0.04665,-0.46323,-0.18057,0.01034,-0.86326,-0.17694,-0.13361,-1.01044,-0.26266,0.33106,-0.4696,0.10342,-0.05391,-0.48696,0.21882,-0.00505,-0.87675,0.12416,-0.16035,-1.02994,0.17044
17.34,0.36151,-0.38435,0.03117,0.41426,0.05807,0.02108,0.33811,0.27132,-0.00121,0.41713,-0.01518,-0.17284,0.4174,-0.2477,-0.24471,0.15986,-0.20087,-0.20459,-0.00319,-0.15794,-0.15293,0.35679,0.00079,0.21186,0.40418,-0.22891,0.27684,0.18771,-0.34284,0.17538,0.05549,-0.4107,0.08046,0.33264,-0.46322,-0.04801,-0.04678,-0.46398,-0.18165,0.01061,-0.86394,-0.17689,-0.13307,-1.01146,-0.26245,0.33042,-0.46919,0.103,-0.05468,-0.4866,0.21795,-0.00499,-0.87651,0.12424,-0.16007,-1.02989,0.17063
17.36,0.36069,-0.38389,0.03077,0.41135,0.05877,0.02053,0.33472,0.27181,-0.00209,0.41514,-0.01459,-0.17333,0.41663,-0.24712,-0.24515,0.15886,-0.20045,-0.20633,-0.0046,-0.15737,-0.1561,0.35359,0.00134,0.21118,0.40167,-0.22849,0.27519,0.18561,-0.34297,0.17349,0.05434,-0.41158,0.07779,0.33235,-0.46297,-0.04839,-0.04687,-0.46454,-0.18261,0.01075,-0.86445,-0.17677,-0.13272,-1.01226,-0.26218,0.32984,-0.46881,0.10261,-0.05541,-0.48625,0.21706,-0.00493,-0.87629,0.12429,-0.15982,-1.02983,0.17078
17.38,0.35986,-0.3834,0.03042,0.40834,0.0595,0.02002,0.33126,0.27234,-0.00301,0.41311,-0.01398,-0.17378,0.41595,-0.24652,-0.24553,0.15792,-0.20007,-0.20814,-0.00594,-0.15682,-0.1594,0.35027,0.00193,0.21052,0.3992,-0.22802,0.27345,0.18357,-0.34321,0.17162,0.0534,-0.41275,0.07509,0.33208,-0.4627,-0.04873,-0.04692,-0.46517,-0.18352,0.01088,-0.86504,-0.17662,-0.13234,-1.01317,-0.26189,0.32927,-0.46839,0.10228,-0.05615,-0.48588,0.21615,-0.00486,-0.87605,0.12437,-0.15955,-1.02976,0.17094
17.4,0.35902,-0.38297,0.02994,0.40555,0.06013,0.01939,0.32807,0.2728,-0.00387,0.41113,-0.01344,-0.17435,0.41469,-0.2459,-0.24631,0.15656,-0.19924,-0.20988,-0.0076,-0.1557,-0.16241,0.34725,0.00242,0.20978,0.39659,-0.2277,0.27177,0.1813,-0.34322,0.16962,0.05195,-0.41327,0.07235,0.33174,-0.46246,-0.04918,-0.04704,-0.46573,-0.18461,0.01111,-0.86553,-0.17655,-0.13192,-1.01393,-0.26168,0.32866,-0.46803,0.10182,-0.05688,-0.48555,0.2153,-0.00483,-0.87582,0.1244,-0.15932,-1.0297,0.17109
17.42,0.35817,-0.38271,0.02916,0.4033,0.06054,0.01856,0.32546,0.27309,-0.00452,0.40927,-0.01306,-0.17516,0.41225,-0.24528,-0.24791,0.15434,-0.19757,-0.21135,-0.00997,-0.15368,-0.16473,0.34503,0.00267,0.20891,0.39367,-0.22773,0.27041,0.17846,-0.34261,0.16736,0.04913,-0.41207,0.06965,0.33118,-0.46234,-0.04992,-0.04733,-0.46602,-0.18609,0.01152,-0.86569,-0.17658,-0.13143,-1.01421,-0.26163,0.32797,-0.46779,0.10108,-0.05755,-0.4853,0.21461,-0.00492,-0.87564,0.12431,-0.15918,-1.0297,0.17121
17.44,0.35732,-0.38251,0.02828,0.40127,0.06085,0.01766,0.3231,0.27333,-0.00508,0.40747,-0.01273,-0.17606,0.40931,-0.24465,-0.24984,0.15175,-0.19551,-0.21269,-0.01262,-0.15117,-0.16672,0.34313,0.00285,0.20801,0.39065,-0.22788,0.26914,0.17543,-0.34177,0.16502,0.04582,-0.41024,0.06697,0.33054,-0.46226,-0.05076,-0.04768,-0.46624,-0.1877,0.01202,-0.86574,-0.17666,-0.13092,-1.01432,-0.26163,0.32725,-0.4676,0.10025,-0.05821,-0.48509,0.21401,-0.00506,-0.87547,0.12419,-0.15906,-1.0297,0.17132
17.46,0.35648,-0.38228,0.02745,0.39916,0.06121,0.01678,0.32065,0.27358,-0.00569,0.40566,-0.01239,-0.17692,0.40662,-0.24403,-0.25158,0.14935,-0.19364,-0.21405,-0.0151,-0.14884,-0.1688,0.34111,0.00306,0.20712,0.38771,-0.22797,0.26781,0.17252,-0.34102,0.16272,0.04279,-0.4087,0.0643,0.32995,-0.46215,-0.05154,-0.04799,-0.46648,-0.18924,0.01246,-0.86583,-0.17672,-0.13044,-1.01449,-0.2616,0.32655,-0.46738,0.09947,-0.05886,-0.48486,0.21337,-0.00519,-0.87529,0.12407,-0.15895,-1.02969,0.17143
17.48,0.35557,-0.38205,0.02657,0.39696,0.06156,0.01588,0.31808,0.27383,-0.0063,0.40376,-0.01204,-0.17781,0.40379,-0.24333,-0.25354,0.14684,-0.19165,-0.21558,-0.01775,-0.14652,-0.17118,0.33897,0.00326,0.20619,0.38456,-0.22808,0.2665,0.16943,-0.34025,0.16034,0.03955,-0.40707,0.06153,0.32929,-0.46205,-0.05238,-0.04836,-0.46676,-0.19087,0.01295,-0.86592,-0.17679,-0.12991,-1.01466,-0.2616,0.32579,-0.46716,0.09863,-0.05958,-0.48464,0.2127,-0.00532,-0.8751,0.12395,-0.15881,-1.0297,0.17155
17.5,0.35482,-0.38185,0.02578,0.39502,0.06187,0.01503,0.31582,0.27405,-0.0069,0.40206,-0.01174,-0.17865,0.40117,-0.2428,-0.2551,0.14454,-0.18987,-0.2167,-0.02002,-0.14413,-0.17283,0.33715,0.00344,0.20533,0.38186,-0.22818,0.26518,0.16673,-0.33949,0.15813,0.03668,-0.4055,0.05899,0.32877,-0.46197,-0.05312,-0.04861,-0.46696,-0.19234,0.01335,-0.86597,-0.17683,-0.12948,-1.01479,-0.26156,0.32517,-0.46697,0.09789,-0.06015,-0.48443,0.2121,-0.00543,-0.87494,0.12383,-0.15871,-1.02968,0.17164
17.52,0.35451,-0.38175,0.02531,0.39374,0.06205,0.01437,0.31435,0.27417,-0.00742,0.40085,-0.01162,-0.17928,0.39919,-0.24278,-0.2554,0.14284,-0.18877,-0.21668,-0.02125,-0.14163,-0.17252,0.3361,0.00357,0.20473,0.38042,-0.22831,0.26388,0.16509,-0.3388,0.15639,0.03484,-0.40418,0.0571,0.32868,-0.46201,-0.05352,-0.0485,-0.46704,-0.19328,0.01349,-0.866,-0.17671,-0.12932,-1.01491,-0.26134,0.32496,-0.46684,0.09749,-0.06034,-0.48428,0.21177,-0.00547,-0.87484,0.12378,-0.15868,-1.02962,0.17171
17.54,0.35436,-0.38168,0.02494,0.39274,0.06219,0.01377,0.31319,0.27426,-0.00793,0.39983,-0.01155,-0.17986,0.39744,-0.24294,-0.25526,0.14135,-0.1879,-0.21625,-0.02209,-0.13912,-0.17149,0.33535,0.00369,0.2042,0.37946,-0.22843,0.2626,0.16385,-0.33813,0.15483,0.0334,-0.40295,0.05545,0.32873,-0.46208,-0.05382,-0.04828,-0.46706,-0.19404,0.01352,-0.86601,-0.17656,-0.12926,-1.015,-0.26107,0.32491,-0.46674,0.0972,-0.06039,-0.48415,0.21151,-0.0055,-0.87475,0.12374,-0.15868,-1.02954,0.17175
17.56,0.35414,-0.3816,0.02453,0.39162,0.06234,0.01315,0.31189,0.27435,-0.00845,0.39874,-0.01147,-0.18045,0.39562,-0.24302,-0.25532,0.1398,-0.18694,-0.216,-0.02307,-0.13668,-0.1708,0.33447,0.0038,0.20364,0.3783,-0.22854,0.26132,0.16248,-0.33747,0.15322,0.03184,-0.40173,0.05371,0.32871,-0.46213,-0.05416,-0.04811,-0.4671,-0.19489,0.0136,-0.86602,-0.17643,-0.12916,-1.01509,-0.26084,0.32478,-0.46663,0.09687,-0.0605,-0.48402,0.21121,-0.00555,-0.87467,0.12369,-0.15868,-1.02947,0.17179
17.58,0.3539,-0.38151,0.02408,0.39045,0.0625,0.01249,0.31056,0.27447,-0.00898,0.39758,-0.01137,-0.18109,0.39365,-0.2431,-0.25538,0.13813,-0.18588,-0.2158,-0.02409,-0.13393,-0.17014,0.33356,0.00393,0.20304,0.37701,-0.22867,0.25996,0.16089,-0.33667,0.15151,0.03001,-0.40025,0.05188,0.32869,-0.46219,-0.05453,-0.04794,-0.46715,-0.19576,0.01369,-0.86603,-0.17628,-0.12904,-1.0152,-0.26056,0.32465,-0.4665,0.0965,-0.06062,-0.48387,0.21092,-0.00557,-0.87456,0.12365,-0.15864,-1.02939,0.17186
17.6,0.35376,-0.38144,0.02375,0.38947,0.06264,0.01194,0.3094,0.27454,-0.00946,0.39662,-0.01131,-0.1816,0.39207,-0.24321,-0.25531,0.1368,-0.1851,-0.21538,-0.02486,-0.13184,-0.16926,0.33281,0.00404,0.20256,0.37613,-0.22876,0.25879,0.15987,-0.33617,0.15005,0.02885,-0.39932,0.05033,0.32873,-0.46224,-0.05479,-0.04771,-0.46717,-0.19653,0.01375,-0.86603,-0.17616,-0.12896,-1.01526,-0.26036,0.32459,-0.4664,0.09624,-0.06068,-0.48376,0.21065,-0.00562,-0.8745,0.12359,-0.15868,-1.02932,0.17186
17.62,0.35385,-0.3814,0.02373,0.38889,0.06272,0.01173,0.30861,0.27453,-0.0098,0.39613,-0.01129,-0.18179,0.39147,-0.24337,-0.25493,0.13636,-0.18501,-0.2144,-0.02509,-0.13148,-0.16784,0.33235,0.00412,0.20238,0.37629,-0.22869,0.25806,0.16028,-0.33651,0.14921,0.0294,-0.39988,0.04946,0.32891,-0.46226,-0.05478,-0.04732,-0.46714,-0.1971,0.01379,-0.86603,-0.17613,-0.12897,-1.0152,-0.26036,0.32471,-0.46635,0.09625,-0.06062,-0.48379,0.21042,-0.00575,-0.87457,0.12348,-0.1589,-1.02932,0.1717
17.64,0.35405,-0.38138,0.02382,0.38852,0.06278,0.01163,0.308,0.27448,-0.01009,0.39586,-0.01131,-0.18185,0.39129,-0.24356,-0.25443,0.13628,-0.1852,-0.21322,-0.02507,-0.13179,-0.16622,0.33204,0.00419,0.2023,0.37686,-0.22857,0.25751,0.16127,-0.33717,0.14862,0.03061,-0.40099,0.04885,0.32915,-0.46227,-0.05468,-0.04685,-0.4671,-0.19758,0.01382,-0.86603,-0.17615,-0.12901,-1.01509,-0.26045,0.32493,-0.46632,0.09635,-0.06049,-0.48387,0.21022,-0.00589,-0.8747,0.12333,-0.15919,-1.02933,0.17147
17.66,0.3542,-0.38136,0.02386,0.38807,0.06284,0.01148,0.30733,0.27444,-0.01039,0.39549,-0.01132,-0.18197,0.39094,-0.24375,-0.25399,0.13606,-0.18528,-0.21215,-0.02516,-0.13183,-0.16472,0.33169,0.00425,0.20218,0.37724,-0.22847,0.25692,0.16201,-0.33769,0.14793,0.03154,-0.40186,0.04815,0.32936,-0.46228,-0.05461,-0.04643,-0.46706,-0.19808,0.01385,-0.86603,-0.17614,-0.12903,-1.01501,-0.2605,0.3251,-0.46629,0.09641,-0.06039,-0.48393,0.21002,-0.00603,-0.87481,0.12319,-0.15944,-1.02934,0.17126
17.68,0.35436,-0.38132,0.02389,0.38755,0.06293,0.01131,0.30657,0.27442,-0.01072,0.39509,-0.01131,-0.18211,0.39052,-0.24393,-0.2535,0.13579,-0.1853,-0.21099,-0.02524,-0.1317,-0.16308,0.33126,0.00434,0.20204,0.37765,-0.22837,0.25614,0.16271,-0.33817,0.14716,0.03243,-0.4027,0.04735,0.3296,-0.46229,-0.05456,-0.04594,-0.46702,-0.19866,0.01389,-0.86602,-0.17614,-0.12905,-1.01492,-0.26056,0.32528,-0.46624,0.09647,-0.0603,-0.48399,0.20975,-0.00616,-0.87493,0.12304,-0.1597,-1.02935,0.17105
17.7,0.35453,-0.38132,0.02397,0.38724,0.06296,0.01121,0.30606,0.27436,-0.011,0.39483,-0.01134,-0.18218,0.39034,-0.24411,-0.2531,0.13571,-0.1855,-0.20998,-0.02526,-0.13206,-0.16171,0.33103,0.00438,0.20197,0.3781,-0.22825,0.2558,0.16365,-0.33878,0.14661,0.03356,-0.40369,0.0468,0.3298,-0.46232,-0.05446,-0.04556,-0.46699,-0.19904,0.01391,-0.86602,-0.17615,-0.12908,-1.01483,-0.26062,0.32547,-0.46623,0.09656,-0.06018,-0.48405,0.20963,-0.00629,-0.87503,0.12291,-0.15996,-1.02936,0.17084
17.72,0.35469,-0.38145,0.02415,0.3874,0.06283,0.01126,0.30614,0.27417,-0.01116,0.39492,-0.01153,-0.18212,0.39072,-0.24431,-0.25302,0.13606,-0.1862,-0.20939,-0.02525,-0.13376,-0.16114,0.33127,0.0043,0.20205,0.37852,-0.22811,0.25668,0.16512,-0.33975,0.14656,0.03519,-0.40505,0.0468,0.32988,-0.46243,-0.05428,-0.04547,-0.46701,-0.1989,0.01387,-0.86606,-0.17617,-0.12918,-1.01478,-0.26071,0.32561,-0.46635,0.09675,-0.06003,-0.48414,0.20982,-0.00643,-0.87509,0.12283,-0.16019,-1.02936,0.17066
17.74,0.35485,-0.38161,0.02437,0.38776,0.06265,0.01136,0.30647,0.27395,-0.01129,0.39516,-0.01176,-0.182,0.39132,-0.2445,-0.25305,0.13658,-0.18708,-0.20897,-0.02519,-0.13592,-0.16088,0.33169,0.00419,0.2022,0.37897,-0.22793,0.25799,0.16682,-0.34083,0.14673,0.03702,-0.40653,0.04706,0.32991,-0.46255,-0.05406,-0.04548,-0.46702,-0.19857,0.0138,-0.86611,-0.1762,-0.12931,-1.01473,-0.26082,0.32575,-0.4665,0.09697,-0.05986,-0.48421,0.21016,-0.00658,-0.87512,0.12276,-0.16042,-1.02934,0.17049
17.76,0.35502,-0.38176,0.02458,0.38805,0.06249,0.01145,0.3067,0.27375,-0.01142,0.39534,-0.01197,-0.1819,0.39183,-0.2447,-0.253,0.13703,-0.18787,-0.20847,-0.02511,-0.13783,-0.16047,0.33205,0.00409,0.20233,0.37944,-0.22778,0.25908,0.16843,-0.34184,0.14684,0.03878,-0.40794,0.04725,0.32997,-0.46266,-0.05385,-0.04544,-0.46703,-0.1983,0.01374,-0.86615,-0.17622,-0.12941,-1.01469,-0.26091,0.32591,-0.46664,0.09719,-0.05968,-0.4843,0.21045,-0.00672,-0.87517,0.12269,-0.16064,-1.02933,0.17032
17.78,0.35517,-0.38191,0.02479,0.38829,0.06232,0.01152,0.30687,0.27354,-0.01158,0.39549,-0.01218,-0.1818,0.39233,-0.24489,-0.25302,0.13749,-0.18872,-0.20792,-0.02508,-0.13999,-0.16004,0.33234,0.004,0.20243,0.37979,-0.22759,0.26029,0.17011,-0.34295,0.14691,0.04064,-0.40948,0.04737,0.33002,-0.46278,-0.05363,-0.0454,-0.46705,-0.19808,0.01368,-0.8662,-0.17624,-0.12952,-1.01464,-0.26099,0.32604,-0.46678,0.0974,-0.05955,-0.48437,0.21067,-0.00687,-0.87522,0.12262,-0.16088,-1.02933,0.17014
17.8,0.35535,-0.38206,0.025,0.38867,0.06216,0.01164,0.30723,0.27333,-0.01169,0.39572,-0.01239,-0.18168,0.39286,-0.24508,-0.25296,0.13795,-0.18947,-0.20755,-0.02493,-0.14169,-0.15978,0.33281,0.00389,0.20259,0.38038,-0.22745,0.26132,0.17171,-0.34388,0.14715,0.04233,-0.41077,0.04773,0.33007,-0.4629,-0.05342,-0.0454,-0.46706,-0.19773,0.01362,-0.86623,-0.17627,-0.12964,-1.01459,-0.2611,0.3262,-0.46692,0.09761,-0.05934,-0.48447,0.21107,-0.007,-0.87525,0.12256,-0.16109,-1.02931,0.16998
17.82,0.35561,-0.38223,0.02524,0.38939,0.06195,0.01187,0.30804,0.27314,-0.01166,0.39608,-0.01258,-0.18147,0.3936,-0.24536,-0.25245,0.13853,-0.19016,-0.20748,-0.02433,-0.14233,-0.15965,0.33375,0.00373,0.2029,0.38159,-0.22752,0.26178,0.17299,-0.34428,0.14782,0.04349,-0.41133,0.04867,0.33016,-0.46302,-0.05318,-0.0455,-0.46706,-0.197,0.01354,-0.86628,-0.17632,-0.12978,-1.01454,-0.26121,0.32643,-0.46707,0.09786,-0.05891,-0.48463,0.21201,-0.0071,-0.87526,0.12253,-0.16123,-1.0293,0.16989
17.84,0.3559,-0.3824,0.02548,0.39026,0.06174,0.01214,0.30903,0.27295,-0.01159,0.39651,-0.01277,-0.18122,0.39432,-0.24564,-0.2519,0.13907,-0.19072,-0.20761,-0.02364,-0.14243,-0.15973,0.33488,0.00355,0.20326,0.38303,-0.22766,0.26203,0.17416,-0.3445,0.14864,0.04444,-0.41163,0.04983,0.33026,-0.46313,-0.05294,-0.04563,-0.46706,-0.19614,0.01346,-0.86631,-0.17639,-0.12992,-1.01448,-0.26133,0.32668,-0.46722,0.09811,-0.05839,-0.48481,0.21314,-0.00719,-0.87526,0.1225,-0.16135,-1.02929,0.16981
17.86,0.35617,-0.38257,0.02572,0.39108,0.06153,0.01241,0.30996,0.27276,-0.01156,0.39692,-0.01295,-0.18098,0.39493,-0.24588,-0.25148,0.13953,-0.19121,-0.20772,-0.02308,-0.14259,-0.15984,0.33593,0.00337,0.2036,0.38437,-0.22778,0.26235,0.17538,-0.34479,0.14938,0.04546,-0.41202,0.0509,0.33035,-0.46325,-0.05269,-0.04576,-0.46706,-0.19535,0.01338,-0.86635,-0.17644,-0.13006,-1.01443,-0.26145,0.32691,-0.46738,0.09835,-0.05792,-0.48499,0.21417,-0.00729,-0.87527,0.12248,-0.16148,-1.02928,0.16974
17.88,0.35646,-0.38273,0.02598,0.39184,0.06133,0.01265,0.3108,0.27258,-0.01144,0.39725,-0.01314,-0.18076,0.39609,-0.24628,-0.25057,0.14043,-0.19226,-0.20753,-0.02209,-0.14358,-0.15941,0.33696,0.00322,0.20393,0.38569,-0.22785,0.26277,0.17663,-0.3451,0.15016,0.04661,-0.41249,0.05193,0.33046,-0.46336,-0.05242,-0.04586,-0.46704,-0.1945,0.01329,-0.86637,-0.1765,-0.13022,-1.01434,-0.26157,0.32717,-0.46752,0.09862,-0.05742,-0.48515,0.21524,-0.00741,-0.87524,0.12248,-0.16164,-1.02923,0.16967
17.9,0.35671,-0.38291,0.0262,0.39275,0.0611,0.01295,0.31187,0.27237,-0.0115,0.39776,-0.01332,-0.18048,0.39604,-0.24634,-0.25069,0.14036,-0.1921,-0.20802,-0.02203,-0.14272,-0.16018,0.33806,0.00301,0.2043,0.38709,-0.22804,0.26294,0.17777,-0.34534,0.15089,0.04744,-0.41275,0.05308,0.33053,-0.46348,-0.05221,-0.04601,-0.46707,-0.19373,0.01321,-0.86643,-0.17655,-0.13035,-1.01432,-0.26168,0.32738,-0.46768,0.09884,-0.05696,-0.48536,0.21628,-0.00748,-0.87527,0.12245,-0.16174,-1.02925,0.16959
17.92,0.35683,-0.38309,0.02633,0.394,0.06084,0.01345,0.3135,0.27211,-0.01212,0.39868,-0.01342,-0.18006,0.39312,-0.24535,-0.25359,0.13814,-0.18854,-0.21013,-0.02396,-0.13673,-0.1639,0.33931,0.00272,0.20479,0.38877,-0.2285,0.26244,0.17862,-0.34538,0.15149,0.04743,-0.41244,0.05458,0.33043,-0.46356,-0.05211,-0.04629,-0.46721,-0.19312,0.01318,-0.86656,-0.17657,-0.13037,-1.01445,-0.26171,0.32746,-0.46787,0.09894,-0.0566,-0.4857,0.21727,-0.00745,-0.8754,0.12239,-0.1617,-1.02939,0.16953
17.94,0.3569,-0.38329,0.02643,0.3954,0.06054,0.01402,0.31535,0.27181,-0.01293,0.39977,-0.01352,-0.17957,0.38896,-0.24382,-0.2575,0.13495,-0.1836,-0.21298,-0.02672,-0.12866,-0.1689,0.34061,0.00237,0.20532,0.39049,-0.22906,0.26172,0.17936,-0.34537,0.15204,0.04713,-0.41195,0.05622,0.33028,-0.46365,-0.05204,-0.04662,-0.46742,-0.19259,0.01316,-0.86673,-0.17657,-0.13036,-1.01465,-0.26173,0.32748,-0.46809,0.099,-0.05629,-0.48611,0.21822,-0.00738,-0.87559,0.12231,-0.16161,-1.02959,0.16946
17.96,0.357,-0.38348,0.02655,0.39675,0.06025,0.01456,0.31712,0.27152,-0.01363,0.40081,-0.01363,-0.1791,0.38516,-0.24228,-0.26097,0.13202,-0.17904,-0.21567,-0.02916,-0.12121,-0.17357,0.34189,0.00205,0.20583,0.39213,-0.22957,0.26115,0.18015,-0.3454,0.1526,0.04701,-0.41158,0.05779,0.33017,-0.46373,-0.05196,-0.0469,-0.46759,-0.19203,0.01314,-0.86689,-0.17659,-0.13036,-1.01481,-0.26176,0.32753,-0.46829,0.09909,-0.05598,-0.48648,0.21914,-0.00734,-0.87575,0.12224,-0.16155,-1.02976,0.16939
17.98,0.35707,-0.38367,0.02663,0.39803,0.05996,0.01506,0.31881,0.27121,-0.01445,0.40175,-0.01373,-0.17868,0.38262,-0.24077,-0.26423,0.13043,-0.17461,-0.21779,-0.03008,-0.11377,-0.17739,0.34316,0.00172,0.20631,0.39402,-0.23008,0.2603,0.18099,-0.3454,0.15327,0.04686,-0.41114,0.05955,0.33001,-0.46381,-0.05191,-0.04726,-0.46776,-0.19144,0.01311,-0.86703,-0.17661,-0.13038,-1.01497,-0.26179,0.32758,-0.46851,0.09913,-0.05559,-0.48687,0.22023,-0.00728,-0.87589,0.12216,-0.16147,-1.02992,0.16932
18,0.35719,-0.38386,0.02679,0.39948,0.05965,0.01566,0.32074,0.27091,-0.01505,0.40294,-0.01385,-0.17815,0.37742,-0.23856,-0.26806,0.12614,-0.16922,-0.22134,-0.03375,-0.10526,-0.18336,0.34448,0.00139,0.20686,0.39539,-0.2306,0.25999,0.18173,-0.34547,0.15373,0.04674,-0.41085,0.06099,0.32994,-0.4639,-0.05179,-0.04748,-0.46795,-0.19094,0.01311,-0.86721,-0.1766,-0.13035,-1.01514,-0.26182,0.32761,-0.4687,0.09926,-0.05536,-0.48723,0.22096,-0.00724,-0.87607,0.1221,-0.16143,-1.03012,0.16924
18.02,0.35746,-0.38404,0.02723,0.40135,0.05933,0.01656,0.32323,0.27069,-0.01502,0.40489,-0.01402,-0.17731,0.36525,-0.23409,-0.27337,0.11478,-0.16034,-0.22909,-0.04457,-0.09257,-0.19573,0.34581,0.0011,0.20762,0.39525,-0.23106,0.26137,0.18222,-0.34569,0.15361,0.04668,-0.4109,0.06155,0.33009,-0.46402,-0.05137,-0.0473,-0.46817,-0.1906,0.01319,-0.86746,-0.17652,-0.13024,-1.01535,-0.26187,0.32759,-0.4688,0.09967,-0.05556,-0.48749,0.22077,-0.00728,-0.87636,0.1221,-0.16151,-1.03041,0.1691
18.04,0.35777,-0.38421,0.02775,0.40337,0.059,0.01756,0.32593,0.2705,-0.01472,0.40707,-0.0142,-0.17636,0.3511,-0.22756,-0.2792,0.10143,-0.14893,-0.23898,-0.0571,-0.07681,-0.21134,0.34717,0.00081,0.20844,0.39457,-0.23152,0.26327,0.18259,-0.34598,0.1533,0.04662,-0.41107,0.0618,0.33031,-0.46413,-0.05088,-0.04698,-0.4684,-0.19035,0.0133,-0.86772,-0.17642,-0.13009,-1.01556,-0.26191,0.32754,-0.46886,0.10016,-0.05593,-0.48771,0.22023,-0.00734,-0.87668,0.12214,-0.16163,-1.03074,0.16895
18.06,0.35806,-0.38438,0.0282,0.40533,0.05866,0.01851,0.32856,0.2703,-0.01452,0.40911,-0.01436,-0.17548,0.33888,-0.22022,-0.28466,0.09008,-0.13688,-0.24875,-0.0672,-0.06024,-0.22671,0.34856,0.00051,0.20923,0.39418,-0.232,0.26483,0.18301,-0.34624,0.15307,0.04657,-0.4112,0.06217,0.3305,-0.46425,-0.05045,-0.04673,-0.46863,-0.19009,0.0134,-0.86798,-0.17633,-0.12996,-1.01577,-0.26196,0.3275,-0.46894,0.10059,-0.05622,-0.48793,0.21983,-0.00739,-0.87698,0.12216,-0.16172,-1.03104,0.1688
18.08,0.35837,-0.38457,0.0288,0.40727,0.05831,0.01955,0.33114,0.27002,-0.01438,0.41131,-0.0146,-0.17448,0.32727,-0.21136,-0.29048,0.08002,-0.12173,-0.25936,-0.07485,-0.03891,-0.24342,0.34978,0.00023,0.21008,0.3936,-0.23235,0.26682,0.18352,-0.34654,0.153,0.04649,-0.41126,0.06281,0.33072,-0.46437,-0.04988,-0.04646,-0.46887,-0.18966,0.01351,-0.86825,-0.1762,-0.12983,-1.01598,-0.26199,0.32747,-0.46903,0.10115,-0.05652,-0.4882,0.21951,-0.00743,-0.87732,0.12221,-0.16182,-1.03138,0.16865
18.1,0.35864,-0.38472,0.0291,0.40926,0.05798,0.02042,0.33387,0.26987,-0.01402,0.41323,-0.01472,-0.17369,0.31642,-0.20191,-0.29542,0.06997,-0.10826,-0.27036,-0.08315,-0.02135,-0.26047,0.35134,-0.0001,0.21082,0.39324,-0.23292,0.26801,0.18384,-0.34681,0.15262,0.0465,-0.41149,0.0629,0.33088,-0.46447,-0.0496,-0.0462,-0.46908,-0.18963,0.01359,-0.86849,-0.17615,-0.1297,-1.0162,-0.26206,0.32741,-0.46908,0.10143,-0.05684,-0.48837,0.21893,-0.00751,-0.87759,0.12219,-0.16193,-1.03166,0.16851
18.12,0.35875,-0.38473,0.02858,0.41134,0.05775,0.02085,0.33701,0.27011,-0.01308,0.41431,-0.01446,-0.17346,0.30586,-0.19328,-0.29793,0.05764,-0.1025,-0.28116,-0.0972,-0.01822,-0.277,0.35381,-0.00055,0.2113,0.39354,-0.23413,0.2669,0.18359,-0.34691,0.15144,0.04671,-0.41219,0.06144,0.33086,-0.46447,-0.05008,-0.04602,-0.4692,-0.19067,0.01358,-0.86861,-0.17633,-0.12961,-1.01644,-0.26218,0.32722,-0.46894,0.10096,-0.05724,-0.48822,0.21774,-0.00771,-0.87767,0.12203,-0.16214,-1.03172,0.16841
18.14,0.35881,-0.3847,0.02776,0.41345,0.05755,0.0211,0.34027,0.27046,-0.01191,0.4151,-0.01408,-0.17343,0.29564,-0.18466,-0.2994,0.0451,-0.09919,-0.29189,-0.11247,-0.02003,-0.29357,0.35661,-0.00106,0.21166,0.39404,-0.23555,0.26499,0.18313,-0.34695,0.14994,0.04698,-0.41302,0.05939,0.33077,-0.46445,-0.05084,-0.04586,-0.46929,-0.19209,0.01352,-0.86869,-0.17658,-0.12954,-1.0167,-0.26233,0.32699,-0.46875,0.1002,-0.05767,-0.48797,0.21631,-0.00797,-0.8777,0.12181,-0.16237,-1.03171,0.16833
18.16,0.3589,-0.38469,0.02709,0.41553,0.05733,0.02144,0.34344,0.27071,-0.01082,0.416,-0.01377,-0.17331,0.28619,-0.17521,-0.30104,0.03422,-0.09373,-0.30281,-0.12506,-0.01847,-0.31072,0.35925,-0.00157,0.21208,0.39442,-0.23684,0.26347,0.18276,-0.34698,0.14858,0.04721,-0.4137,0.05763,0.33071,-0.46444,-0.05146,-0.04569,-0.4694,-0.19329,0.01348,-0.86878,-0.17678,-0.12947,-1.01695,-0.26245,0.32679,-0.46859,0.09958,-0.05808,-0.48777,0.21502,-0.00819,-0.87774,0.12163,-0.16259,-1.03173,0.16826
18.18,0.35898,-0.38465,0.02638,0.41768,0.05711,0.02181,0.34683,0.27102,-0.00975,0.41702,-0.0134,-0.17315,0.27665,-0.16428,-0.30262,0.0238,-0.08651,-0.31483,-0.13676,-0.01512,-0.32971,0.36189,-0.00209,0.2125,0.39472,-0.23813,0.26188,0.18228,-0.34698,0.14719,0.04749,-0.41453,0.05572,0.33065,-0.4644,-0.05211,-0.04548,-0.46949,-0.19466,0.01346,-0.86886,-0.17702,-0.12936,-1.0172,-0.26261,0.32658,-0.46839,0.09892,-0.05852,-0.48755,0.21362,-0.00844,-0.87777,0.12141,-0.16283,-1.03174,0.16816
18.2,0.35907,-0.38466,0.02568,0.41968,0.05685,0.02206,0.34976,0.27119,-0.0086,0.41774,-0.0131,-0.17308,0.26902,-0.15489,-0.3035,0.01542,-0.08163,-0.32477,-0.14636,-0.01467,-0.34575,0.36458,-0.00264,0.21286,0.39517,-0.23939,0.26025,0.18195,-0.34695,0.14579,0.04766,-0.41498,0.05393,0.33059,-0.46441,-0.05276,-0.04537,-0.46959,-0.19577,0.01338,-0.86895,-0.1772,-0.12935,-1.01743,-0.26269,0.32639,-0.46825,0.09827,-0.05888,-0.48734,0.21239,-0.00865,-0.8778,0.12127,-0.16303,-1.03174,0.16815
18.22,0.35921,-0.38481,0.02504,0.42133,0.05649,0.02203,0.35153,0.27106,-0.00738,0.4177,-0.01298,-0.17326,0.2648,-0.15073,-0.30319,0.00977,-0.08437,-0.32936,-0.15379,-0.0232,-0.35401,0.36745,-0.00327,0.21309,0.39602,-0.24063,0.25867,0.18209,-0.34698,0.14439,0.04746,-0.41441,0.05261,0.33056,-0.46453,-0.05337,-0.04552,-0.46972,-0.19606,0.0132,-0.86908,-0.17725,-0.12959,-1.01761,-0.26255,0.32631,-0.46828,0.09766,-0.05903,-0.48722,0.21158,-0.00872,-0.87786,0.1213,-0.16307,-1.03178,0.16837
18.24,0.35937,-0.38499,0.02443,0.42283,0.05613,0.02189,0.35284,0.27082,-0.00607,0.41737,-0.0129,-0.17353,0.26192,-0.1488,-0.30235,0.00533,-0.09014,-0.33163,-0.16005,-0.03526,-0.3587,0.37035,-0.0039,0.21325,0.39703,-0.2418,0.25709,0.1824,-0.34698,0.14304,0.04714,-0.41343,0.05147,0.33054,-0.46467,-0.05396,-0.04576,-0.46984,-0.19607,0.01298,-0.86919,-0.17724,-0.12992,-1.01775,-0.26233,0.32627,-0.46836,0.09708,-0.05909,-0.4871,0.21094,-0.00875,-0.87791,0.12141,-0.16306,-1.0318,0.16869
18.26,0.35953,-0.38516,0.02382,0.42437,0.05576,0.02178,0.35431,0.2706,-0.00477,0.41718,-0.0128,-0.17374,0.25872,-0.14606,-0.30165,0.00108,-0.09439,-0.33456,-0.16569,-0.0454,-0.36434,0.37318,-0.00454,0.21341,0.39796,-0.24296,0.25553,0.18264,-0.34693,0.14171,0.04689,-0.41259,0.05027,0.33052,-0.4648,-0.05454,-0.04594,-0.46997,-0.1962,0.01278,-0.86931,-0.17726,-0.13019,-1.0179,-0.26215,0.32623,-0.46842,0.0965,-0.05918,-0.48697,0.21025,-0.00879,-0.87796,0.1215,-0.16307,-1.03182,0.16897
18.28,0.35966,-0.38532,0.02314,0.42602,0.05537,0.02171,0.3561,0.27042,-0.00351,0.41693,-0.01264,-0.17392,0.25464,-0.14214,-0.3009,-0.00388,-0.09913,-0.33893,-0.17182,-0.05725,-0.37272,0.37625,-0.00526,0.21361,0.39874,-0.24422,0.25389,0.18273,-0.34694,0.14023,0.04644,-0.41177,0.04901,0.33048,-0.46493,-0.05518,-0.04617,-0.4701,-0.19635,0.01255,-0.86944,-0.17728,-0.13051,-1.01807,-0.26195,0.32614,-0.46846,0.09585,-0.05932,-0.48685,0.20945,-0.00886,-0.87802,0.12155,-0.16309,-1.03186,0.16923
18.3,0.35985,-0.38552,0.02262,0.42741,0.05499,0.02155,0.35713,0.27011,-0.00211,0.41676,-0.01262,-0.17414,0.25283,-0.14116,-0.29998,-0.0063,-0.10357,-0.33966,-0.17515,-0.06646,-0.37444,0.37882,-0.00586,0.21368,0.3998,-0.24521,0.25246,0.18309,-0.34679,0.1391,0.04635,-0.41076,0.04795,0.33049,-0.46508,-0.05569,-0.04634,-0.47022,-0.19639,0.01238,-0.86956,-0.17728,-0.13077,-1.01821,-0.26177,0.32615,-0.46858,0.09535,-0.05933,-0.48673,0.20892,-0.00887,-0.87805,0.12169,-0.16308,-1.03185,0.16957
18.32,0.3602,-0.38584,0.02253,0.42812,0.05462,0.02115,0.35611,0.26938,-0.00032,0.41687,-0.01305,-0.17449,0.25682,-0.1476,-0.29904,-0.0027,-0.10587,-0.33131,-0.17234,-0.06657,-0.35913,0.38002,-0.00615,0.21343,0.40167,-0.24555,0.25153,0.18421,-0.34624,0.13882,0.0473,-0.40933,0.04731,0.33065,-0.46529,-0.05582,-0.04629,-0.47034,-0.1962,0.01239,-0.86969,-0.17725,-0.13087,-1.01829,-0.26165,0.32642,-0.4689,0.09522,-0.05898,-0.48659,0.2091,-0.00875,-0.878,0.12214,-0.16299,-1.03172,0.17018
18.34,0.36061,-0.38621,0.02262,0.42858,0.05424,0.02068,0.35435,0.26848,0.00164,0.41707,-0.01363,-0.17487,0.26341,-0.15672,-0.29795,0.0041,-0.10751,-0.31961,-0.16573,-0.06356,-0.3376,0.38072,-0.00631,0.21309,0.40384,-0.24563,0.25083,0.18562,-0.34556,0.13891,0.04863,-0.40777,0.04692,0.33088,-0.46553,-0.05579,-0.04618,-0.47046,-0.19588,0.01246,-0.86983,-0.1772,-0.13091,-1.01835,-0.26154,0.3268,-0.46931,0.09525,-0.0585,-0.48646,0.20958,-0.00857,-0.87792,0.12269,-0.16287,-1.03155,0.17087
18.36,0.36098,-0.38655,0.02264,0.42912,0.05387,0.02024,0.35295,0.26763,0.00356,0.4172,-0.01414,-0.17524,0.26933,-0.16441,-0.29684,0.01062,-0.10932,-0.30962,-0.15896,-0.0619,-0.31921,0.38161,-0.00652,0.21279,0.40586,-0.2458,0.25006,0.1869,-0.34496,0.1389,0.04979,-0.40629,0.04649,0.33106,-0.46575,-0.05582,-0.04611,-0.47057,-0.1956,0.01249,-0.86995,-0.17716,-0.13099,-1.01841,-0.26143,0.32713,-0.46968,0.09522,-0.05808,-0.48634,0.20993,-0.00843,-0.87786,0.12317,-0.16277,-1.03139,0.17149
18.38,0.36139,-0.38691,0.0226,0.42976,0.05347,0.01977,0.35153,0.26665,0.00541,0.4174,-0.01466,-0.17564,0.27534,-0.17136,-0.29603,0.01789,-0.10944,-0.30043,-0.15072,-0.05781,-0.30198,0.38261,-0.00677,0.21246,0.40793,-0.24603,0.24909,0.18816,-0.34425,0.1387,0.05089,-0.40463,0.04591,0.33128,-0.46598,-0.05592,-0.046,-0.47069,-0.19542,0.01255,-0.87009,-0.17714,-0.13104,-1.0185,-0.26132,0.32747,-0.47006,0.09512,-0.05765,-0.48616,0.21022,-0.00826,-0.87778,0.12373,-0.16264,-1.03121,0.17222
18.4,0.36174,-0.38724,0.02273,0.43016,0.05313,0.01936,0.35008,0.26578,0.00747,0.41751,-0.0152,-0.17596,0.28273,-0.17957,-0.29449,0.02677,-0.11178,-0.28972,-0.1406,-0.05671,-0.28252,0.38328,-0.00691,0.21218,0.40995,-0.24607,0.24858,0.18951,-0.34373,0.13903,0.05219,-0.40331,0.0458,0.33145,-0.46619,-0.05584,-0.04596,-0.47079,-0.19499,0.01258,-0.87021,-0.17708,-0.13112,-1.01853,-0.26122,0.32781,-0.47043,0.0952,-0.0572,-0.4861,0.21072,-0.00812,-0.87774,0.12416,-0.16256,-1.03108,0.17275
18.42,0.36188,-0.38752,0.02331,0.42991,0.0529,0.0191,0.34861,0.26523,0.01013,0.41727,-0.0158,-0.17609,0.2933,-0.19089,-0.29101,0.0386,-0.12012,-0.2751,-0.12758,-0.06384,-0.2574,0.38314,-0.00682,0.21204,0.41181,-0.24563,0.24921,0.19112,-0.34383,0.14067,0.05408,-0.40302,0.04677,0.33146,-0.4664,-0.05528,-0.04618,-0.47085,-0.1938,0.0125,-0.87029,-0.17689,-0.13133,-1.01846,-0.26108,0.32812,-0.4708,0.09576,-0.05672,-0.48641,0.21183,-0.00812,-0.87789,0.12425,-0.16267,-1.03116,0.1727
18.44,0.36195,-0.38777,0.02406,0.42944,0.05273,0.01892,0.34713,0.26477,0.01299,0.41693,-0.01641,-0.17613,0.30586,-0.20265,-0.28663,0.05273,-0.12967,-0.25961,-0.11174,-0.0727,-0.2313,0.3827,-0.00664,0.21198,0.4136,-0.24498,0.25031,0.19279,-0.3441,0.14283,0.05618,-0.40308,0.0482,0.33142,-0.46658,-0.05455,-0.04649,-0.47088,-0.19235,0.01237,-0.87034,-0.17666,-0.13159,-1.01833,-0.26093,0.32842,-0.47116,0.09649,-0.05624,-0.48685,0.21315,-0.00816,-0.87808,0.1242,-0.16284,-1.0313,0.17244
18.46,0.36205,-0.38803,0.02472,0.42909,0.05252,0.01873,0.34571,0.26421,0.01571,0.41666,-0.01701,-0.17619,0.31863,-0.21279,-0.28244,0.06754,-0.13698,-0.24584,-0.09457,-0.07872,-0.20811,0.3824,-0.00651,0.21189,0.41538,-0.24441,0.25122,0.1944,-0.34426,0.14478,0.05814,-0.40298,0.04947,0.3314,-0.46677,-0.05392,-0.04675,-0.47092,-0.19105,0.01226,-0.8704,-0.17646,-0.13183,-1.01823,-0.2608,0.32871,-0.47152,0.09712,-0.05578,-0.48722,0.21433,-0.00819,-0.87824,0.12421,-0.16299,-1.03139,0.17227
18.48,0.36216,-0.3883,0.02541,0.42863,0.05232,0.01842,0.34414,0.26359,0.01863,0.41628,-0.01766,-0.17633,0.33277,-0.22218,-0.27846,0.0848,-0.14141,-0.23245,-0.07375,-0.08032,-0.18525,0.38202,-0.00633,0.21172,0.41731,-0.24374,0.252,0.19618,-0.34441,0.14666,0.06042,-0.40289,0.05049,0.33138,-0.46698,-0.05325,-0.04704,-0.47096,-0.18962,0.01215,-0.87046,-0.17622,-0.13209,-1.01811,-0.26063,0.32905,-0.47189,0.0978,-0.05525,-0.48763,0.21565,-0.00821,-0.87842,0.12424,-0.16314,-1.03149,0.17213
18.5,0.36222,-0.38853,0.02609,0.42832,0.05214,0.01838,0.34291,0.26301,0.02122,0.41609,-0.01818,-0.17626,0.34654,-0.23013,-0.27359,0.10047,-0.14766,-0.22086,-0.05546,-0.08573,-0.16656,0.38171,-0.00624,0.21177,0.41887,-0.24317,0.25317,0.19758,-0.34453,0.14881,0.0621,-0.40284,0.05215,0.33133,-0.46713,-0.0526,-0.04731,-0.47098,-0.18838,0.012,-0.8705,-0.17603,-0.13235,-1.01798,-0.26053,0.32928,-0.47222,0.09844,-0.05487,-0.48798,0.21675,-0.00829,-0.87856,0.12421,-0.16334,-1.03157,0.17191
18.52,0.36216,-0.38863,0.02674,0.42853,0.052,0.01911,0.34261,0.26265,0.02285,0.41645,-0.01831,-0.17554,0.3577,-0.23628,-0.26648,0.10936,-0.16229,-0.21182,-0.04779,-0.10608,-0.15487,0.38168,-0.00635,0.21245,0.41942,-0.24292,0.25536,0.19805,-0.34466,0.15155,0.06225,-0.403,0.05535,0.3312,-0.46713,-0.05202,-0.04746,-0.4709,-0.18774,0.01177,-0.87044,-0.17595,-0.13261,-1.0178,-0.2606,0.32923,-0.47239,0.09902,-0.05495,-0.48812,0.21723,-0.0085,-0.87857,0.1241,-0.16363,-1.03158,0.17154
18.54,0.36204,-0.38868,0.02737,0.42888,0.05188,0.0201,0.34262,0.26239,0.02413,0.41699,-0.01829,-0.17462,0.36809,-0.24147,-0.25849,0.11652,-0.17979,-0.20336,-0.04286,-0.13173,-0.14518,0.38173,-0.00654,0.21334,0.41957,-0.24278,0.25793,0.19809,-0.34471,0.15454,0.06172,-0.40309,0.05918,0.33102,-0.46707,-0.05147,-0.04761,-0.47078,-0.18729,0.0115,-0.87035,-0.1759,-0.13289,-1.01759,-0.26075,0.32907,-0.4725,0.09956,-0.05521,-0.48818,0.21747,-0.00878,-0.87854,0.12393,-0.16398,-1.03156,0.1711
18.56,0.36196,-0.38875,0.028,0.42917,0.05176,0.02095,0.3425,0.26209,0.02556,0.41743,-0.01834,-0.1738,0.37933,-0.24604,-0.25081,0.12565,-0.19477,-0.1947,-0.03498,-0.15346,-0.13477,0.38176,-0.00669,0.21412,0.4199,-0.24258,0.26031,0.19826,-0.34468,0.15743,0.06139,-0.40302,0.06276,0.33088,-0.46704,-0.05092,-0.04775,-0.47067,-0.18674,0.01126,-0.87027,-0.17584,-0.13316,-1.01739,-0.26086,0.32897,-0.47263,0.1001,-0.05538,-0.48827,0.21781,-0.00901,-0.87852,0.12379,-0.16429,-1.03154,0.1707
18.58,0.36184,-0.38881,0.02868,0.42947,0.05164,0.02187,0.34235,0.26177,0.02703,0.41795,-0.01839,-0.17292,0.39148,-0.25002,-0.24277,0.13606,-0.20994,-0.18545,-0.02544,-0.17593,-0.12334,0.38172,-0.00683,0.21495,0.42025,-0.24233,0.26277,0.19873,-0.34504,0.16022,0.06156,-0.40361,0.06614,0.3307,-0.46699,-0.05032,-0.0479,-0.47056,-0.18623,0.01099,-0.87019,-0.17577,-0.13344,-1.01718,-0.26098,0.32883,-0.47276,0.1007,-0.05559,-0.48837,0.21817,-0.00928,-0.8785,0.12364,-0.16463,-1.03153,0.17027
18.6,0.36177,-0.38889,0.02926,0.42976,0.05151,0.02273,0.34231,0.26149,0.02834,0.41833,-0.01841,-0.1721,0.40238,-0.25295,-0.23507,0.14562,-0.22335,-0.17734,-0.01673,-0.19581,-0.11425,0.38182,-0.00702,0.21575,0.42038,-0.24219,0.26516,0.19838,-0.34449,0.16328,0.06045,-0.4027,0.07008,0.33056,-0.46697,-0.04982,-0.04805,-0.47046,-0.18568,0.01075,-0.87012,-0.17573,-0.13371,-1.01699,-0.2611,0.32872,-0.4729,0.10119,-0.05577,-0.48844,0.21844,-0.00952,-0.87849,0.12351,-0.16495,-1.03151,0.16989
18.62,0.36186,-0.38908,0.02959,0.42997,0.05131,0.02341,0.34247,0.26126,0.02929,0.41829,-0.01842,-0.17148,0.40959,-0.25485,-0.22856,0.15169,-0.2331,-0.17244,-0.01216,-0.20957,-0.11163,0.38224,-0.0074,0.21642,0.42027,-0.24236,0.26719,0.19628,-0.34179,0.1668,0.05658,-0.39811,0.07511,0.33057,-0.46707,-0.04955,-0.04821,-0.47043,-0.18496,0.0106,-0.87011,-0.17574,-0.13392,-1.01687,-0.26118,0.32876,-0.47312,0.10146,-0.05581,-0.48849,0.21848,-0.00965,-0.87851,0.12342,-0.16519,-1.03148,0.16966
18.64,0.36199,-0.38928,0.02983,0.43016,0.0511,0.02402,0.34272,0.26108,0.03011,0.41809,-0.0184,-0.17092,0.41532,-0.25622,-0.22255,0.15644,-0.24166,-0.1687,-0.00911,-0.22162,-0.11133,0.38278,-0.00781,0.21706,0.41991,-0.24263,0.26915,0.19337,-0.33807,0.17064,0.05149,-0.39183,0.08076,0.33062,-0.46718,-0.04936,-0.04837,-0.47041,-0.1842,0.01047,-0.8701,-0.17577,-0.13413,-1.01676,-0.26125,0.32882,-0.47334,0.10165,-0.05583,-0.48851,0.21843,-0.00977,-0.87854,0.12335,-0.16542,-1.03142,0.16949
18.66,0.3621,-0.38947,0.0301,0.43037,0.0509,0.02465,0.34295,0.26088,0.03098,0.41798,-0.01839,-0.17035,0.42178,-0.25733,-0.21643,0.16221,-0.25038,-0.1644,-0.00472,-0.23435,-0.10984,0.38328,-0.00821,0.2177,0.41954,-0.24284,0.2712,0.19071,-0.33453,0.17446,0.04686,-0.38587,0.08632,0.33064,-0.46728,-0.04914,-0.04852,-0.47039,-0.18349,0.01033,-0.87009,-0.1758,-0.13435,-1.01665,-0.26134,0.32886,-0.47355,0.10186,-0.05586,-0.48854,0.21842,-0.0099,-0.87857,0.12327,-0.16565,-1.03138,0.16929
18.68,0.3622,-0.38969,0.03039,0.43051,0.05068,0.02532,0.34309,0.26065,0.03182,0.41781,-0.01839,-0.16973,0.42874,-0.2582,-0.20978,0.16864,-0.25968,-0.15999,0.00024,-0.24822,-0.1089,0.38371,-0.00864,0.21838,0.41972,-0.24305,0.273,0.18912,-0.33175,0.17768,0.04364,-0.3811,0.09107,0.33065,-0.46741,-0.04891,-0.04871,-0.47036,-0.18267,0.01017,-0.87007,-0.17583,-0.13458,-1.01652,-0.26143,0.3289,-0.4738,0.10209,-0.0559,-0.48857,0.21839,-0.01004,-0.87859,0.12317,-0.1659,-1.03133,0.16906
18.7,0.36234,-0.38985,0.03063,0.4308,0.0505,0.0259,0.34345,0.26049,0.03273,0.41773,-0.01836,-0.16921,0.43453,-0.2586,-0.20436,0.17429,-0.26697,-0.15598,0.00497,-0.2594,-0.10729,0.38433,-0.009,0.21898,0.41869,-0.24326,0.27531,0.18531,-0.32699,0.18226,0.03761,-0.37315,0.0977,0.33071,-0.46749,-0.04872,-0.0488,-0.47035,-0.18205,0.01005,-0.87008,-0.17585,-0.13476,-1.01644,-0.26148,0.32897,-0.47398,0.10227,-0.0559,-0.4886,0.2184,-0.01015,-0.87862,0.12313,-0.16611,-1.03129,0.16893
18.72,0.3626,-0.38983,0.03078,0.43154,0.05045,0.02624,0.34434,0.26047,0.03388,0.41793,-0.01825,-0.16889,0.43748,-0.25855,-0.20212,0.17751,-0.26935,-0.15282,0.00838,-0.26327,-0.10327,0.38545,-0.00915,0.21938,0.41482,-0.24325,0.2791,0.17633,-0.31655,0.1903,0.02501,-0.35623,0.10891,0.33092,-0.46742,-0.04859,-0.04856,-0.47038,-0.18203,0.01004,-0.87015,-0.17577,-0.13481,-1.01647,-0.26141,0.32913,-0.47394,0.1024,-0.05572,-0.48867,0.21854,-0.01017,-0.87871,0.12324,-0.16619,-1.03131,0.16907
18.74,0.36289,-0.38976,0.03087,0.43241,0.05043,0.02646,0.34544,0.26051,0.0351,0.41821,-0.01811,-0.16868,0.43922,-0.2584,-0.20113,0.17961,-0.26991,-0.15012,0.01105,-0.26434,-0.09859,0.38674,-0.00925,0.21967,0.40968,-0.24301,0.28339,0.16583,-0.3035,0.19967,0.01076,-0.33524,0.12193,0.33117,-0.46731,-0.04852,-0.04822,-0.47045,-0.18221,0.01004,-0.87026,-0.17567,-0.13482,-1.01656,-0.26132,0.32932,-0.47385,0.10247,-0.0555,-0.48876,0.21871,-0.01017,-0.87882,0.1234,-0.16623,-1.03135,0.16929
18.76,0.36317,-0.38972,0.03098,0.43323,0.05038,0.02673,0.34648,0.26052,0.03628,0.41846,-0.01799,-0.16843,0.44144,-0.25826,-0.19962,0.18216,-0.27122,-0.14729,0.01402,-0.26659,-0.09432,0.38796,-0.00938,0.22001,0.40492,-0.24261,0.28745,0.15679,-0.29084,0.20848,-0.00134,-0.31493,0.13424,0.3314,-0.46723,-0.04843,-0.04793,-0.4705,-0.18228,0.01004,-0.87035,-0.17559,-0.13485,-1.01664,-0.26124,0.3295,-0.47379,0.10255,-0.0553,-0.48884,0.21885,-0.01016,-0.87892,0.12354,-0.16628,-1.03139,0.16947
18.78,0.36346,-0.38965,0.03112,0.43406,0.05037,0.02704,0.34744,0.26051,0.03749,0.41873,-0.01783,-0.16814,0.44398,-0.25805,-0.19798,0.18506,-0.27254,-0.14428,0.01736,-0.26885,-0.08989,0.38919,-0.00949,0.22038,0.40135,-0.2419,0.29158,0.14986,-0.27733,0.21656,-0.01063,-0.29336,0.14525,0.33166,-0.46712,-0.04832,-0.04758,-0.47054,-0.18243,0.01004,-0.87043,-0.17549,-0.13487,-1.01668,-0.26116,0.32968,-0.4737,0.10267,-0.05508,-0.48892,0.21905,-0.01018,-0.87901,0.12368,-0.16635,-1.03141,0.16965
18.8,0.36372,-0.38962,0.03118,0.43487,0.05031,0.02722,0.3486,0.26055,0.03864,0.41895,-0.01774,-0.16796,0.44559,-0.25791,-0.19694,0.18703,-0.27333,-0.14182,0.01988,-0.27027,-0.08569,0.39042,-0.00963,0.22064,0.39515,-0.2411,0.29568,0.1406,-0.26343,0.22613,-0.02221,-0.27126,0.15884,0.33185,-0.46705,-0.04828,-0.04736,-0.47062,-0.18247,0.01004,-0.87054,-0.17542,-0.1349,-1.01678,-0.26107,0.32984,-0.47365,0.1027,-0.0549,-0.489,0.21914,-0.01016,-0.87913,0.12382,-0.16637,-1.03146,0.16986
18.82,0.36394,-0.38974,0.03102,0.43564,0.0501,0.0271,0.35024,0.26063,0.03963,0.41904,-0.01781,-0.16807,0.44497,-0.25804,-0.19722,0.18669,-0.27327,-0.14069,0.02035,-0.27027,-0.08221,0.3917,-0.00989,0.22062,0.38215,-0.23986,0.2997,0.1242,-0.24827,0.24033,-0.04169,-0.24733,0.18053,0.33191,-0.46709,-0.04845,-0.04746,-0.47085,-0.18218,0.01004,-0.87077,-0.1754,-0.13491,-1.01705,-0.26094,0.32997,-0.47374,0.10253,-0.0548,-0.48909,0.21889,-0.01006,-0.87932,0.12398,-0.16627,-1.03162,0.17013
18.84,0.36413,-0.38989,0.03078,0.43638,0.04986,0.02685,0.35208,0.26076,0.04054,0.4191,-0.01794,-0.1683,0.44344,-0.25826,-0.19805,0.18545,-0.27277,-0.14006,0.02006,-0.26956,-0.07894,0.39295,-0.01017,0.22047,0.36679,-0.23736,0.30371,0.10627,-0.23121,0.25653,-0.06228,-0.22092,0.20571,0.33191,-0.46716,-0.04869,-0.04768,-0.47113,-0.18178,0.01005,-0.87102,-0.17541,-0.13493,-1.01736,-0.2608,0.33008,-0.47386,0.10229,-0.05472,-0.48918,0.21854,-0.00993,-0.87952,0.12415,-0.16613,-1.0318,0.17043
18.86,0.36431,-0.39002,0.03059,0.43712,0.04964,0.02664,0.35384,0.26087,0.04146,0.41919,-0.01805,-0.16849,0.4423,-0.25844,-0.19862,0.18461,-0.27245,-0.13918,0.02017,-0.26913,-0.07557,0.39418,-0.01042,0.22037,0.35289,-0.23379,0.30774,0.0913,-0.21291,0.27215,-0.07875,-0.19303,0.22988,0.33192,-0.46721,-0.04889,-0.04787,-0.47139,-0.18143,0.01004,-0.87125,-0.1754,-0.13495,-1.01766,-0.26066,0.33018,-0.47396,0.10209,-0.05464,-0.48928,0.21828,-0.00982,-0.87972,0.12431,-0.16601,-1.03197,0.17071
18.88,0.36456,-0.3902,0.03033,0.43789,0.04937,0.02646,0.35557,0.26089,0.04243,0.41919,-0.01815,-0.16866,0.44116,-0.25859,-0.19922,0.18378,-0.27219,-0.1384,0.02032,-0.26887,-0.07231,0.39556,-0.01078,0.22029,0.33982,-0.22918,0.31207,0.07882,-0.19087,0.28873,-0.09152,-0.15931,0.25576,0.33198,-0.4673,-0.04916,-0.04801,-0.47166,-0.18111,0.01006,-0.87151,-0.17541,-0.13496,-1.01797,-0.26053,0.33032,-0.47411,0.10182,-0.05456,-0.48936,0.21783,-0.0097,-0.87994,0.12447,-0.1659,-1.03214,0.171
18.9,0.36467,-0.39028,0.03019,0.43859,0.04919,0.0262,0.35745,0.26108,0.04325,0.41937,-0.01828,-0.16888,0.43983,-0.25881,-0.19987,0.18278,-0.27169,-0.13751,0.02036,-0.26816,-0.06891,0.39661,-0.01092,0.22012,0.32606,-0.22323,0.31592,0.06651,-0.17188,0.30455,-0.10347,-0.13168,0.28027,0.33193,-0.46731,-0.0493,-0.04825,-0.47191,-0.1807,0.01005,-0.87173,-0.17539,-0.13498,-1.01825,-0.2604,0.33038,-0.47417,0.10168,-0.05447,-0.48947,0.21774,-0.00959,-0.88011,0.12462,-0.16576,-1.03231,0.17126
18.92,0.36444,-0.39006,0.03044,0.43918,0.04927,0.02579,0.35976,0.26174,0.04373,0.42001,-0.01849,-0.1692,0.43818,-0.25916,-0.20053,0.18155,-0.27065,-0.13619,0.02027,-0.26639,-0.06499,0.3969,-0.01045,0.21976,0.30971,-0.2152,0.31828,0.04999,-0.16344,0.31813,-0.12089,-0.12348,0.30079,0.33162,-0.46706,-0.04904,-0.04869,-0.47203,-0.18005,0.01001,-0.8718,-0.17524,-0.13494,-1.01841,-0.26024,0.33031,-0.47401,0.10194,-0.05429,-0.48968,0.21881,-0.00946,-0.88011,0.12481,-0.16551,-1.03242,0.17148
18.94,0.36407,-0.38974,0.03081,0.43968,0.04943,0.02531,0.36219,0.26254,0.04406,0.42083,-0.01875,-0.16956,0.43638,-0.25956,-0.20122,0.18021,-0.2694,-0.13478,0.02015,-0.26422,-0.06096,0.39685,-0.00975,0.21933,0.29304,-0.20553,0.31996,0.03276,-0.15797,0.33107,-0.13944,-0.12152,0.32026,0.3312,-0.46674,-0.04866,-0.04922,-0.47212,-0.17933,0.00994,-0.87183,-0.17506,-0.1349,-1.01853,-0.26008,0.33017,-0.47377,0.10232,-0.05409,-0.48992,0.22024,-0.00935,-0.88006,0.12499,-0.16525,-1.03252,0.17167
18.96,0.36377,-0.38948,0.03113,0.4402,0.04954,0.02487,0.36451,0.26322,0.04443,0.42158,-0.01901,-0.16989,0.43469,-0.25992,-0.20186,0.17899,-0.26826,-0.13342,0.02015,-0.26229,-0.05706,0.3969,-0.00917,0.21893,0.278,-0.19494,0.32182,0.0181,-0.14946,0.34454,-0.1548,-0.115,0.34076,0.33083,-0.46646,-0.04833,-0.0497,-0.47224,-0.17864,0.00989,-0.87189,-0.17489,-0.13486,-1.01867,-0.25992,0.33005,-0.47358,0.10264,-0.05391,-0.49014,0.22146,-0.00923,-0.88004,0.12517,-0.165,-1.03263,0.17187
18.98,0.36345,-0.38917,0.03145,0.4408,0.04967,0.02437,0.36705,0.26394,0.04489,0.42224,-0.01923,-0.17027,0.43279,-0.26021,-0.20269,0.17763,-0.26706,-0.13215,0.02013,-0.26034,-0.05311,0.39717,-0.00854,0.2185,0.26289,-0.18216,0.32364,0.00417,-0.13848,0.35953,-0.169,-0.10544,0.364,0.33046,-0.46614,-0.04799,-0.0502,-0.47233,-0.17791,0.00984,-0.87192,-0.17471,-0.13482,-1.01878,-0.25975,0.32995,-0.47334,0.10298,-0.05366,-0.49037,0.22286,-0.0091,-0.87998,0.12538,-0.16472,-1.03271,0.17212
19,0.36313,-0.38893,0.03179,0.44119,0.04978,0.02398,0.36914,0.26456,0.04513,0.42311,-0.01953,-0.17057,0.4313,-0.26057,-0.20316,0.17662,-0.26594,-0.13076,0.02034,-0.25843,-0.04941,0.39689,-0.00794,0.2181,0.25072,-0.17049,0.32508,-0.00694,-0.13053,0.37142,-0.18043,-0.10075,0.382,0.33007,-0.46588,-0.04765,-0.05069,-0.47245,-0.17727,0.00978,-0.87198,-0.17456,-0.13479,-1.01892,-0.25962,0.3298,-0.47317,0.10332,-0.05355,-0.4906,0.22397,-0.00903,-0.87996,0.12551,-0.16452,-1.03282,0.17224
19.02,0.36281,-0.3889,0.03217,0.441,0.04977,0.02387,0.37007,0.26495,0.04484,0.42454,-0.02004,-0.17065,0.43083,-0.26122,-0.2026,0.17648,-0.26503,-0.12893,0.021,-0.2565,-0.04616,0.39506,-0.00743,0.21776,0.24389,-0.16462,0.32579,-0.01424,-0.13261,0.37555,-0.18888,-0.1108,0.38672,0.32964,-0.46575,-0.04732,-0.05114,-0.47268,-0.17684,0.00967,-0.87215,-0.17448,-0.13479,-1.01916,-0.25962,0.32948,-0.47319,0.10364,-0.05388,-0.4908,0.22423,-0.00915,-0.88005,0.1254,-0.16456,-1.03303,0.172
19.04,0.36249,-0.38893,0.03257,0.44059,0.04975,0.02388,0.37053,0.26526,0.04436,0.42615,-0.02059,-0.1706,0.43077,-0.26193,-0.20168,0.1767,-0.2642,-0.12701,0.02186,-0.25459,-0.04316,0.39268,-0.00694,0.21745,0.23889,-0.16113,0.3261,-0.02005,-0.13845,0.37678,-0.1957,-0.12629,0.38657,0.32921,-0.46565,-0.04699,-0.05157,-0.47292,-0.1765,0.00954,-0.87235,-0.17442,-0.1348,-1.01941,-0.25966,0.32911,-0.47327,0.10396,-0.05436,-0.49098,0.2242,-0.00934,-0.88016,0.12521,-0.16469,-1.03325,0.17165
19.06,0.36218,-0.38894,0.03295,0.44027,0.04974,0.02384,0.37115,0.26558,0.044,0.42765,-0.02112,-0.17058,0.43057,-0.26257,-0.20098,0.17682,-0.26335,-0.12522,0.02269,-0.25274,-0.04018,0.39059,-0.00647,0.21711,0.23331,-0.15665,0.3264,-0.02576,-0.1422,0.37935,-0.20181,-0.1386,0.38886,0.32879,-0.46555,-0.04667,-0.052,-0.47315,-0.17614,0.00943,-0.87253,-0.17436,-0.13482,-1.01964,-0.25968,0.32877,-0.47333,0.10427,-0.05475,-0.49117,0.22431,-0.0095,-0.88026,0.12507,-0.16478,-1.03346,0.17136
19.08,0.36182,-0.38894,0.03339,0.43996,0.04972,0.02376,0.37196,0.26594,0.04365,0.42929,-0.02172,-0.17057,0.4301,-0.26328,-0.20017,0.17671,-0.26231,-0.1232,0.0234,-0.25052,-0.03684,0.38835,-0.00592,0.21669,0.22728,-0.15142,0.32677,-0.03137,-0.14681,0.38344,-0.20728,-0.15346,0.39396,0.32831,-0.46544,-0.04629,-0.0525,-0.47341,-0.17569,0.00931,-0.87274,-0.17429,-0.13481,-1.01991,-0.25971,0.32839,-0.47338,0.10464,-0.05522,-0.49138,0.22439,-0.00969,-0.88037,0.12489,-0.1649,-1.0337,0.17101
19.1,0.36157,-0.38896,0.03371,0.43959,0.04971,0.02382,0.37224,0.26618,0.04329,0.43067,-0.02215,-0.17044,0.43031,-0.26377,-0.19954,0.17719,-0.26165,-0.12171,0.02448,-0.2491,-0.03441,0.3863,-0.00553,0.2164,0.22283,-0.14821,0.32664,-0.03563,-0.15004,0.38432,-0.2112,-0.16378,0.39356,0.32797,-0.46535,-0.04604,-0.05282,-0.47359,-0.17546,0.0092,-0.87289,-0.17423,-0.13484,-1.0201,-0.25973,0.32809,-0.47344,0.10489,-0.05557,-0.49153,0.22445,-0.00982,-0.88044,0.12476,-0.16497,-1.03387,0.17076
19.12,0.3616,-0.38902,0.03371,0.43909,0.04976,0.02427,0.37117,0.26613,0.04279,0.43128,-0.02209,-0.17004,0.43228,-0.26369,-0.19943,0.17915,-0.26194,-0.1216,0.02642,-0.24961,-0.03432,0.38486,-0.00558,0.21657,0.22211,-0.15009,0.32546,-0.03775,-0.14919,0.37652,-0.21368,-0.16124,0.37776,0.32801,-0.46534,-0.04611,-0.0527,-0.47355,-0.1758,0.0091,-0.87288,-0.17419,-0.13497,-1.02006,-0.25967,0.328,-0.47352,0.10481,-0.05562,-0.49151,0.22451,-0.00982,-0.88041,0.12477,-0.16494,-1.03387,0.17079
19.14,0.36173,-0.38908,0.03358,0.43852,0.04983,0.02485,0.36959,0.26597,0.04226,0.43161,-0.02185,-0.16955,0.43493,-0.26336,-0.19947,0.18169,-0.2626,-0.12201,0.0287,-0.25093,-0.03509,0.38363,-0.00577,0.21688,0.2229,-0.15391,0.32389,-0.03861,-0.147,0.36507,-0.21455,-0.15426,0.35554,0.32818,-0.46534,-0.04631,-0.0524,-0.47341,-0.17636,0.00901,-0.87279,-0.17416,-0.13515,-1.01992,-0.2596,0.32798,-0.47358,0.1046,-0.05558,-0.49141,0.22454,-0.00978,-0.88031,0.12483,-0.16487,-1.03378,0.17091
19.16,0.36182,-0.38914,0.0335,0.43799,0.04989,0.02536,0.36827,0.26586,0.04178,0.43206,-0.02169,-0.16911,0.43732,-0.26312,-0.19942,0.18401,-0.26314,-0.12218,0.03087,-0.252,-0.03545,0.38233,-0.0059,0.21711,0.22311,-0.15682,0.32249,-0.03948,-0.1454,0.35492,-0.21473,-0.14935,0.33576,0.3283,-0.46534,-0.04646,-0.05218,-0.47331,-0.17683,0.00892,-0.87274,-0.17413,-0.13529,-1.01983,-0.25954,0.32794,-0.47365,0.10445,-0.05558,-0.49135,0.22456,-0.00975,-0.88025,0.12486,-0.1648,-1.03373,0.17099
19.18,0.36191,-0.38921,0.03346,0.43744,0.04994,0.02592,0.36689,0.26573,0.04109,0.43258,-0.02155,-0.16861,0.43956,-0.26287,-0.19933,0.18622,-0.26337,-0.1222,0.03291,-0.25242,-0.03574,0.38091,-0.00604,0.21737,0.22342,-0.15981,0.3212,-0.03989,-0.14454,0.34505,-0.21384,-0.14574,0.31612,0.32841,-0.46533,-0.04658,-0.05196,-0.47321,-0.17728,0.00881,-0.87269,-0.17409,-0.13546,-1.01973,-0.25949,0.32788,-0.47373,0.10432,-0.05556,-0.49131,0.22469,-0.00973,-0.88018,0.1249,-0.16474,-1.03369,0.17107
19.2,0.36201,-0.38926,0.03331,0.43691,0.05001,0.0264,0.36553,0.26558,0.04082,0.43286,-0.02133,-0.16821,0.44224,-0.26253,-0.19931,0.18877,-0.26429,-0.12261,0.03529,-0.25433,-0.03634,0.37977,-0.00621,0.21759,0.22402,-0.16295,0.3196,-0.0396,-0.14184,0.33343,-0.21153,-0.13862,0.29435,0.32855,-0.46534,-0.04679,-0.0517,-0.4731,-0.17781,0.00874,-0.87262,-0.17406,-0.1356,-1.01962,-0.25941,0.32785,-0.47379,0.10411,-0.05556,-0.4912,0.22457,-0.00968,-0.88011,0.12493,-0.16468,-1.03362,0.17116
19.22,0.36211,-0.38927,0.03292,0.43643,0.05011,0.02663,0.36428,0.26537,0.04179,0.4325,-0.02097,-0.16808,0.44599,-0.26196,-0.1993,0.19216,-0.26708,-0.12395,0.0386,-0.26028,-0.03751,0.37934,-0.00645,0.21773,0.22501,-0.16624,0.31714,-0.03792,-0.13466,0.31807,-0.20674,-0.12297,0.26846,0.32874,-0.46539,-0.04718,-0.05144,-0.47294,-0.17842,0.00875,-0.8725,-0.17403,-0.13561,-1.01954,-0.25927,0.32792,-0.47378,0.10373,-0.05564,-0.49097,0.22376,-0.00957,-0.88007,0.12494,-0.16461,-1.03352,0.17126
19.24,0.36221,-0.38925,0.03242,0.43597,0.05023,0.02676,0.36306,0.26514,0.0432,0.43191,-0.02053,-0.16806,0.45014,-0.26119,-0.19939,0.19595,-0.27049,-0.1257,0.04238,-0.26768,-0.03905,0.37917,-0.00671,0.21783,0.2262,-0.16956,0.31434,-0.03461,-0.12551,0.30127,-0.19895,-0.10364,0.24116,0.32895,-0.46545,-0.04765,-0.05115,-0.47276,-0.17912,0.00879,-0.87235,-0.174,-0.13558,-1.01944,-0.25912,0.32802,-0.47373,0.10326,-0.05574,-0.49067,0.22268,-0.00945,-0.88001,0.12495,-0.16454,-1.03338,0.17136
19.26,0.36232,-0.38924,0.03197,0.43551,0.05035,0.02693,0.36185,0.26491,0.04442,0.43145,-0.02013,-0.16799,0.45409,-0.26039,-0.19952,0.19964,-0.2735,-0.12729,0.04611,-0.27434,-0.04054,0.37887,-0.00696,0.21795,0.22735,-0.17273,0.31171,-0.03021,-0.11703,0.28535,-0.18902,-0.08576,0.21535,0.32917,-0.4655,-0.04808,-0.05086,-0.4726,-0.1798,0.00883,-0.87221,-0.17397,-0.13557,-1.01935,-0.25897,0.32811,-0.47369,0.10283,-0.05582,-0.4904,0.22174,-0.00933,-0.87996,0.12496,-0.16446,-1.03324,0.17148
19.28,0.36241,-0.38924,0.03153,0.43502,0.05045,0.02712,0.36054,0.26465,0.04561,0.43089,-0.01973,-0.16792,0.45811,-0.25953,-0.19933,0.20341,-0.27651,-0.12884,0.05003,-0.28124,-0.04194,0.37862,-0.00722,0.21809,0.2289,-0.17628,0.30885,-0.02432,-0.10944,0.26955,-0.17633,-0.0688,0.18993,0.32935,-0.46557,-0.0485,-0.05062,-0.47242,-0.18039,0.00884,-0.87205,-0.17393,-0.13558,-1.01924,-0.25882,0.32819,-0.47366,0.10242,-0.05593,-0.49013,0.22076,-0.00922,-0.8799,0.12497,-0.16441,-1.03311,0.17157
19.3,0.36252,-0.38922,0.03104,0.43457,0.05057,0.02725,0.35943,0.26443,0.04696,0.43045,-0.01933,-0.16788,0.46201,-0.25852,-0.19984,0.20726,-0.27948,-0.1306,0.05402,-0.2879,-0.04373,0.37832,-0.00746,0.21816,0.22977,-0.1789,0.30634,-0.01748,-0.09962,0.25422,-0.1618,-0.04943,0.16619,0.32959,-0.46562,-0.04898,-0.05027,-0.47227,-0.1812,0.00889,-0.87193,-0.17391,-0.13554,-1.01917,-0.25868,0.32828,-0.47362,0.10194,-0.05601,-0.48985,0.21978,-0.0091,-0.87985,0.12498,-0.16434,-1.03298,0.17169
19.32,0.36264,-0.38913,0.03041,0.43419,0.05074,0.02728,0.35884,0.26437,0.0487,0.43042,-0.01891,-0.16795,0.46544,-0.25728,-0.20234,0.21113,-0.28227,-0.1328,0.05781,-0.2934,-0.0464,0.37774,-0.00759,0.21804,0.22862,-0.17916,0.30499,-0.0101,-0.08484,0.23979,-0.14652,-0.02538,0.14518,0.32995,-0.46558,-0.04966,-0.04965,-0.47216,-0.18263,0.009,-0.87187,-0.17393,-0.13546,-1.01918,-0.25855,0.32832,-0.47355,0.10126,-0.05604,-0.48956,0.21885,-0.009,-0.87976,0.12496,-0.16423,-1.03282,0.17189
19.34,0.36277,-0.38902,0.02974,0.43383,0.05094,0.02727,0.35844,0.26435,0.05059,0.4305,-0.01849,-0.16805,0.46871,-0.25591,-0.20548,0.21505,-0.28499,-0.13516,0.06158,-0.29859,-0.04938,0.37708,-0.00769,0.21785,0.22665,-0.17849,0.30404,-0.00128,-0.06863,0.22584,-0.1291,-0.00019,0.12547,0.33036,-0.46551,-0.0504,-0.04892,-0.47207,-0.18427,0.00913,-0.87183,-0.17396,-0.13534,-1.01922,-0.25842,0.32837,-0.47346,0.10052,-0.05606,-0.48926,0.21793,-0.0089,-0.87966,0.12494,-0.16411,-1.03267,0.1721
19.36,0.36289,-0.38891,0.02911,0.43344,0.05113,0.02727,0.35793,0.2643,0.05238,0.43051,-0.01806,-0.16813,0.47202,-0.2545,-0.20822,0.219,-0.28764,-0.13742,0.06547,-0.30388,-0.0522,0.37646,-0.00779,0.2177,0.22493,-0.17813,0.30288,0.00924,-0.05394,0.2124,-0.10893,0.02299,0.1065,0.33075,-0.46545,-0.05109,-0.04824,-0.47197,-0.18581,0.00925,-0.87177,-0.17399,-0.13525,-1.01922,-0.2583,0.32841,-0.47338,0.09982,-0.0561,-0.48897,0.21701,-0.0088,-0.87956,0.12492,-0.16401,-1.03251,0.1723
19.38,0.36303,-0.38884,0.02838,0.4331,0.05128,0.02725,0.35744,0.26416,0.05426,0.4306,-0.01766,-0.16825,0.47537,-0.25297,-0.21131,0.22312,-0.29026,-0.1398,0.06954,-0.30892,-0.05516,0.37584,-0.00795,0.21749,0.22373,-0.17821,0.30178,0.02162,-0.04084,0.19972,-0.08623,0.04379,0.0888,0.33116,-0.46543,-0.05188,-0.04755,-0.47189,-0.18739,0.00936,-0.87172,-0.17402,-0.13517,-1.01924,-0.25815,0.32847,-0.47332,0.09903,-0.05609,-0.48867,0.21606,-0.00868,-0.87947,0.12489,-0.16389,-1.03235,0.17252
19.4,0.36313,-0.38869,0.02785,0.43266,0.05152,0.02727,0.35696,0.26416,0.05597,0.43053,-0.01723,-0.1683,0.47852,-0.25145,-0.21378,0.22699,-0.29273,-0.14193,0.07346,-0.3142,-0.05788,0.37519,-0.00798,0.21737,0.2213,-0.17714,0.30064,0.03481,-0.02679,0.18774,-0.06168,0.06543,0.07248,0.33152,-0.46532,-0.05248,-0.04685,-0.47179,-0.18891,0.00947,-0.87165,-0.17405,-0.13507,-1.01923,-0.25806,0.32849,-0.47321,0.09842,-0.05617,-0.48838,0.21517,-0.0086,-0.87937,0.12489,-0.1638,-1.03219,0.17269
19.42,0.36313,-0.38834,0.02785,0.43192,0.05198,0.02743,0.35646,0.26457,0.0572,0.43003,-0.01671,-0.16816,0.48128,-0.25007,-0.21452,0.23015,-0.29495,-0.14346,0.0769,-0.32044,-0.06,0.37443,-0.00766,0.21748,0.21568,-0.173,0.29928,0.04816,-0.00896,0.17614,-0.03493,0.0914,0.0573,0.33178,-0.46494,-0.05261,-0.04612,-0.47166,-0.19034,0.0096,-0.87156,-0.17407,-0.13485,-1.01918,-0.25814,0.32839,-0.47293,0.09828,-0.05645,-0.4881,0.21441,-0.00858,-0.87924,0.12495,-0.16379,-1.03206,0.17272
19.44,0.36309,-0.38792,0.02806,0.43109,0.05253,0.02763,0.35596,0.26511,0.05823,0.42938,-0.01618,-0.16796,0.48383,-0.24875,-0.21463,0.23302,-0.29705,-0.1447,0.08019,-0.32691,-0.06194,0.37365,-0.00721,0.21767,0.20905,-0.16754,0.29787,0.0626,0.00896,0.16545,-0.006,0.11665,0.04382,0.33198,-0.46447,-0.05254,-0.04539,-0.47152,-0.19169,0.00973,-0.87145,-0.17409,-0.13461,-1.01912,-0.25828,0.32825,-0.47261,0.09833,-0.05681,-0.48784,0.21373,-0.00858,-0.87911,0.12504,-0.1638,-1.03195,0.17272
19.46,0.36306,-0.38753,0.02818,0.43031,0.05303,0.0278,0.35547,0.26558,0.05932,0.42879,-0.01567,-0.16779,0.4864,-0.24737,-0.21501,0.23602,-0.29912,-0.14601,0.08363,-0.33308,-0.06401,0.3729,-0.00681,0.21781,0.20314,-0.16245,0.29648,0.0786,0.0243,0.15595,0.02485,0.13786,0.03221,0.3322,-0.46404,-0.05255,-0.04469,-0.47139,-0.193,0.00984,-0.87133,-0.17411,-0.13439,-1.01905,-0.25839,0.32813,-0.4723,0.09831,-0.05713,-0.48757,0.21304,-0.00858,-0.87897,0.12511,-0.16381,-1.03182,0.17273
19.48,0.36305,-0.38714,0.02827,0.42947,0.05355,0.028,0.35495,0.26606,0.06052,0.42819,-0.01513,-0.1676,0.48919,-0.24581,-0.21549,0.23928,-0.30119,-0.14756,0.08749,-0.33959,-0.06643,0.37207,-0.00643,0.21797,0.19711,-0.15695,0.2952,0.09705,0.03864,0.14734,0.05965,0.15715,0.02221,0.33246,-0.46361,-0.05261,-0.04384,-0.47126,-0.1946,0.00998,-0.87122,-0.17415,-0.13415,-1.01898,-0.25853,0.32801,-0.472,0.09823,-0.05747,-0.48729,0.21223,-0.00857,-0.87885,0.1252,-0.16381,-1.0317,0.17275
19.5,0.36299,-0.38674,0.02847,0.42873,0.05405,0.02813,0.35449,0.26654,0.06141,0.4276,-0.01467,-0.16747,0.49143,-0.24454,-0.21559,0.24202,-0.30308,-0.14852,0.09076,-0.34525,-0.06828,0.37139,-0.00598,0.21809,0.19159,-0.15153,0.29371,0.11394,0.04996,0.1404,0.09126,0.17158,0.01473,0.33261,-0.46316,-0.05253,-0.04328,-0.47111,-0.19558,0.01006,-0.87109,-0.17416,-0.13398,-1.01888,-0.25865,0.32787,-0.47168,0.0983,-0.05778,-0.48704,0.21169,-0.00858,-0.8787,0.12528,-0.16384,-1.03157,0.17274
19.52,0.36276,-0.38631,0.02895,0.42827,0.05451,0.02806,0.35415,0.26702,0.06155,0.42703,-0.01442,-0.16745,0.49228,-0.24405,-0.21481,0.24331,-0.30471,-0.14798,0.09222,-0.34878,-0.06843,0.37109,-0.00533,0.21814,0.18709,-0.14669,0.29156,0.12456,0.05747,0.1349,0.11149,0.18026,0.00901,0.33242,-0.46269,-0.05211,-0.04359,-0.47096,-0.19482,0.00995,-0.87095,-0.17405,-0.13403,-1.01874,-0.25863,0.32765,-0.4713,0.09871,-0.05806,-0.4869,0.21187,-0.00868,-0.87852,0.12536,-0.16394,-1.03143,0.17267
19.54,0.36248,-0.38588,0.02954,0.42791,0.05495,0.02793,0.35388,0.26749,0.06137,0.42648,-0.01427,-0.16748,0.49261,-0.2439,-0.21365,0.24404,-0.30621,-0.14683,0.09299,-0.35149,-0.06788,0.37095,-0.00462,0.21815,0.1831,-0.14209,0.2892,0.13257,0.06348,0.13009,0.12697,0.18674,0.00409,0.33212,-0.46221,-0.05155,-0.0442,-0.47081,-0.19343,0.00979,-0.87079,-0.17391,-0.13415,-1.01858,-0.25857,0.3274,-0.47092,0.09927,-0.05832,-0.48681,0.21233,-0.00881,-0.87832,0.12545,-0.16408,-1.03129,0.17259
19.56,0.36222,-0.38547,0.03008,0.42752,0.05538,0.02783,0.35357,0.26794,0.06131,0.42594,-0.01411,-0.16748,0.49314,-0.24362,-0.21263,0.24501,-0.30772,-0.14591,0.09409,-0.35449,-0.06759,0.37072,-0.00396,0.21818,0.17918,-0.1374,0.287,0.14176,0.06924,0.12566,0.14435,0.19277,-0.00017,0.33186,-0.46176,-0.05105,-0.04467,-0.47065,-0.19235,0.00965,-0.87064,-0.17378,-0.13425,-1.01841,-0.25852,0.32717,-0.47056,0.09976,-0.05859,-0.48669,0.21268,-0.00893,-0.87813,0.12554,-0.1642,-1.03114,0.17252
19.58,0.36194,-0.38496,0.03065,0.42705,0.05591,0.02774,0.35324,0.2685,0.06138,0.42529,-0.01383,-0.16748,0.49375,-0.24316,-0.21168,0.24613,-0.30936,-0.14511,0.09538,-0.35778,-0.06746,0.3705,-0.0032,0.21823,0.17468,-0.1316,0.28457,0.15288,0.07543,0.12088,0.16505,0.19868,-0.00466,0.33159,-0.46119,-0.05054,-0.04518,-0.47049,-0.19117,0.0095,-0.87048,-0.17363,-0.13436,-1.01825,-0.25847,0.3269,-0.4701,0.10027,-0.0589,-0.48657,0.213,-0.00906,-0.87793,0.12564,-0.16433,-1.03099,0.17245
19.6,0.3617,-0.38467,0.03116,0.42676,0.05621,0.0276,0.353,0.26883,0.06109,0.42489,-0.01381,-0.16752,0.49411,-0.24314,-0.21054,0.24686,-0.31068,-0.14392,0.09621,-0.36024,-0.06681,0.37033,-0.00265,0.21821,0.17181,-0.12788,0.28254,0.15985,0.07913,0.11782,0.17814,0.2022,-0.00715,0.33133,-0.46088,-0.05004,-0.04566,-0.47036,-0.19007,0.00936,-0.87034,-0.17352,-0.13446,-1.01809,-0.25845,0.32671,-0.46985,0.10076,-0.0591,-0.48647,0.21341,-0.00917,-0.87775,0.1257,-0.16446,-1.03085,0.17235
19.62,0.3616,-0.38501,0.0315,0.42694,0.05582,0.02736,0.353,0.26853,0.05988,0.42524,-0.01448,-0.16766,0.4939,-0.2443,-0.20892,0.2466,-0.3112,-0.14181,0.09583,-0.36068,-0.06489,0.37027,-0.00272,0.218,0.1729,-0.13009,0.28168,0.15595,0.0777,0.11837,0.17182,0.20199,-0.00572,0.33117,-0.46132,-0.04959,-0.04595,-0.47028,-0.18931,0.00929,-0.87026,-0.17351,-0.13453,-1.01795,-0.25855,0.32679,-0.47016,0.10123,-0.05901,-0.48645,0.21398,-0.00923,-0.87762,0.1257,-0.16456,-1.03072,0.17217
19.64,0.36154,-0.38559,0.03176,0.42729,0.05517,0.02707,0.35309,0.26799,0.0583,0.42583,-0.01542,-0.16785,0.49343,-0.2459,-0.20713,0.24594,-0.31139,-0.13936,0.09496,-0.3603,-0.06249,0.37025,-0.00303,0.2177,0.17558,-0.13454,0.28125,0.1477,0.074,0.12041,0.15761,0.19989,-0.00267,0.33103,-0.46203,-0.04917,-0.04619,-0.47025,-0.18866,0.00923,-0.87023,-0.17354,-0.1346,-1.01783,-0.25871,0.32695,-0.47068,0.10167,-0.05881,-0.48647,0.21462,-0.00929,-0.87752,0.12566,-0.16466,-1.03063,0.17195
19.66,0.36146,-0.38605,0.03204,0.42757,0.05465,0.0268,0.35316,0.26757,0.05686,0.42631,-0.01622,-0.16802,0.49307,-0.24724,-0.20544,0.24546,-0.31168,-0.13711,0.09431,-0.3602,-0.06031,0.37023,-0.00323,0.21744,0.17771,-0.13802,0.28066,0.1412,0.07087,0.12202,0.14638,0.19802,-5e-05,0.33088,-0.4626,-0.04876,-0.04646,-0.4702,-0.18797,0.00917,-0.87018,-0.17355,-0.13467,-1.0177,-0.25885,0.32706,-0.4711,0.1021,-0.05867,-0.48648,0.21522,-0.00934,-0.87741,0.12563,-0.16476,-1.03053,0.17176
19.68,0.36136,-0.38654,0.03238,0.42779,0.05411,0.02651,0.35314,0.26709,0.05547,0.42678,-0.01709,-0.16819,0.49264,-0.24869,-0.20361,0.2449,-0.31197,-0.13466,0.09356,-0.36021,-0.05805,0.37012,-0.00341,0.21715,0.17953,-0.14109,0.28003,0.13574,0.06795,0.12346,0.13732,0.19627,0.00251,0.33071,-0.46322,-0.04827,-0.04673,-0.47014,-0.18725,0.0091,-0.87011,-0.17356,-0.13473,-1.01755,-0.25901,0.32718,-0.47154,0.1026,-0.05853,-0.48646,0.21583,-0.00941,-0.87727,0.1256,-0.16489,-1.03039,0.17153
19.7,0.36131,-0.38702,0.03257,0.42815,0.05356,0.02625,0.35332,0.26665,0.05389,0.42731,-0.01787,-0.16837,0.49227,-0.24998,-0.20205,0.24439,-0.3121,-0.13256,0.0929,-0.35973,-0.05587,0.3702,-0.00368,0.2169,0.18256,-0.14539,0.27966,0.12733,0.06314,0.12605,0.122,0.19243,0.00625,0.33058,-0.46381,-0.04795,-0.04697,-0.47012,-0.18664,0.00906,-0.87009,-0.17359,-0.13479,-1.01745,-0.25914,0.32731,-0.47197,0.10293,-0.05835,-0.48651,0.21642,-0.00945,-0.87719,0.12555,-0.16496,-1.03032,0.17134
19.72,0.36138,-0.38739,0.03237,0.42887,0.05309,0.02613,0.354,0.26641,0.0519,0.42791,-0.0183,-0.1685,0.49218,-0.25074,-0.20124,0.24415,-0.31188,-0.13141,0.09264,-0.35806,-0.05389,0.37084,-0.0041,0.21677,0.1886,-0.15253,0.27991,0.11203,0.05318,0.13175,0.09153,0.1823,0.0134,0.33053,-0.46424,-0.04805,-0.0472,-0.4702,-0.18626,0.00906,-0.87015,-0.17368,-0.13487,-1.01746,-0.25918,0.32743,-0.47227,0.10285,-0.05804,-0.4867,0.21699,-0.00942,-0.87728,0.12548,-0.16489,-1.03043,0.17132
19.74,0.3615,-0.38774,0.03203,0.42972,0.05263,0.02605,0.35489,0.2662,0.04975,0.42856,-0.01863,-0.16863,0.49217,-0.25134,-0.20073,0.24399,-0.31154,-0.13063,0.09249,-0.35595,-0.05204,0.37168,-0.00459,0.21668,0.19607,-0.16058,0.28039,0.09483,0.03952,0.13952,0.05616,0.16661,0.02354,0.33052,-0.46463,-0.04829,-0.04741,-0.47033,-0.18598,0.00909,-0.87026,-0.17378,-0.13494,-1.01753,-0.25919,0.32756,-0.47254,0.10261,-0.05767,-0.48696,0.21754,-0.00937,-0.87742,0.12539,-0.16476,-1.03062,0.17135
19.76,0.36159,-0.3881,0.03175,0.4305,0.05217,0.02593,0.35569,0.26595,0.04766,0.42919,-0.01901,-0.16877,0.49211,-0.25201,-0.20013,0.24378,-0.31126,-0.12973,0.0923,-0.35404,-0.05023,0.37241,-0.00504,0.21655,0.20326,-0.1678,0.28077,0.07987,0.02501,0.1476,0.02481,0.14875,0.03467,0.33049,-0.46504,-0.04848,-0.04762,-0.47043,-0.18569,0.00909,-0.87034,-0.17388,-0.13502,-1.01756,-0.25923,0.32768,-0.47282,0.10244,-0.05734,-0.48719,0.21808,-0.00934,-0.87754,0.12531,-0.16468,-1.03076,0.17135
19.78,0.36168,-0.38846,0.03145,0.43131,0.0517,0.02586,0.35644,0.26566,0.04551,0.42982,-0.01937,-0.16889,0.49207,-0.25268,-0.19934,0.24358,-0.31089,-0.12865,0.09216,-0.35197,-0.04814,0.37319,-0.00552,0.21646,0.21101,-0.17499,0.28132,0.06603,0.0084,0.1569,-0.00543,0.12711,0.04782,0.33044,-0.46545,-0.04868,-0.04788,-0.47054,-0.18532,0.00911,-0.87043,-0.17399,-0.1351,-1.01761,-0.25926,0.32779,-0.47309,0.10225,-0.05699,-0.48743,0.21868,-0.00929,-0.87765,0.12522,-0.16456,-1.03091,0.17136
19.8,0.36179,-0.3888,0.03117,0.43209,0.05125,0.02571,0.35738,0.26543,0.04348,0.43045,-0.01975,-0.16906,0.49202,-0.2533,-0.199,0.24342,-0.31067,-0.12803,0.092,-0.3501,-0.0467,0.37392,-0.00594,0.2163,0.21872,-0.18165,0.28163,0.05352,-0.00961,0.16654,-0.03331,0.10273,0.06196,0.33044,-0.46584,-0.04887,-0.04803,-0.47064,-0.18511,0.00912,-0.87051,-0.17408,-0.13518,-1.01763,-0.25928,0.32792,-0.47336,0.10207,-0.05666,-0.48764,0.21916,-0.00927,-0.87776,0.12514,-0.16449,-1.03104,0.17138
19.82,0.36195,-0.38906,0.03101,0.43276,0.05091,0.02536,0.35892,0.2655,0.04185,0.43109,-0.02018,-0.16938,0.49198,-0.25385,-0.19979,0.24337,-0.31088,-0.12856,0.09174,-0.34884,-0.04691,0.37447,-0.00612,0.21596,0.22534,-0.18701,0.28129,0.04195,-0.02794,0.17547,-0.05826,0.07738,0.07564,0.33056,-0.46616,-0.04896,-0.04789,-0.47061,-0.18526,0.00908,-0.8705,-0.17411,-0.13531,-1.01755,-0.25929,0.32812,-0.47357,0.10198,-0.05639,-0.48771,0.21934,-0.00927,-0.87782,0.12511,-0.16455,-1.03103,0.1714
19.84,0.36213,-0.38929,0.03088,0.43338,0.0506,0.02494,0.36063,0.26564,0.04037,0.43171,-0.02063,-0.16974,0.49194,-0.25435,-0.20099,0.24336,-0.31125,-0.12954,0.09145,-0.34784,-0.0478,0.37498,-0.00624,0.21557,0.23176,-0.19191,0.28072,0.03201,-0.04717,0.18438,-0.08028,0.05033,0.08961,0.33073,-0.46644,-0.04903,-0.04764,-0.47055,-0.18555,0.00904,-0.87048,-0.17412,-0.13545,-1.01744,-0.25928,0.32834,-0.47377,0.10191,-0.05614,-0.48774,0.21939,-0.00929,-0.87786,0.12509,-0.16465,-1.03097,0.17143
19.86,0.36229,-0.38952,0.03073,0.43401,0.05029,0.02457,0.36219,0.26572,0.03883,0.43231,-0.02104,-0.17008,0.49189,-0.25484,-0.20198,0.24332,-0.31155,-0.13035,0.09115,-0.34676,-0.04849,0.3755,-0.00638,0.21521,0.2386,-0.19679,0.28027,0.02419,-0.06758,0.19386,-0.0993,0.0211,0.1045,0.33087,-0.46672,-0.04912,-0.04746,-0.47051,-0.18578,0.00899,-0.87046,-0.17414,-0.13559,-1.01735,-0.25928,0.32853,-0.47396,0.10183,-0.05591,-0.48778,0.21947,-0.00932,-0.87791,0.12506,-0.16474,-1.03094,0.17145
19.88,0.36246,-0.38979,0.03059,0.43468,0.04994,0.02414,0.36407,0.26584,0.03721,0.433,-0.02154,-0.17045,0.49182,-0.25543,-0.2031,0.2433,-0.31184,-0.13107,0.09087,-0.3455,-0.04904,0.37601,-0.00653,0.21479,0.24537,-0.20126,0.27995,0.01683,-0.09056,0.2048,-0.11783,-0.01271,0.12171,0.33102,-0.46706,-0.04919,-0.04725,-0.47045,-0.18602,0.00895,-0.87043,-0.17416,-0.13573,-1.01723,-0.25928,0.32877,-0.47418,0.10177,-0.0556,-0.48783,0.21967,-0.00933,-0.87794,0.12504,-0.16483,-1.03088,0.17148
19.9,0.36263,-0.38998,0.03045,0.43527,0.04968,0.02381,0.36536,0.26587,0.03581,0.4335,-0.02188,-0.17075,0.49182,-0.25581,-0.20403,0.24328,-0.31218,-0.13206,0.09054,-0.3447,-0.05013,0.37655,-0.00665,0.21449,0.25267,-0.20584,0.27937,0.01422,-0.11118,0.21372,-0.12852,-0.04271,0.13603,0.33116,-0.46728,-0.04929,-0.04705,-0.47043,-0.18627,0.00891,-0.87044,-0.17417,-0.13586,-1.01716,-0.25927,0.32892,-0.47433,0.10167,-0.05543,-0.48787,0.21961,-0.00935,-0.87801,0.125,-0.16491,-1.03087,0.1715
19.92,0.36276,-0.38994,0.03031,0.43556,0.04969,0.02378,0.36489,0.26568,0.03497,0.43348,-0.02177,-0.17082,0.49203,-0.25561,-0.2043,0.24324,-0.31262,-0.13369,0.09009,-0.34508,-0.05252,0.3771,-0.00671,0.21452,0.26145,-0.21118,0.27813,0.01962,-0.12272,0.21627,-0.12573,-0.05736,0.14078,0.33124,-0.46714,-0.04951,-0.04695,-0.47052,-0.18657,0.00884,-0.87054,-0.17417,-0.136,-1.01723,-0.2592,0.32878,-0.47426,0.10144,-0.05573,-0.48793,0.21886,-0.0094,-0.8782,0.12494,-0.16498,-1.03103,0.17149
19.94,0.36289,-0.38983,0.03019,0.43576,0.04979,0.02386,0.36383,0.2654,0.03437,0.43327,-0.02151,-0.17079,0.49231,-0.25522,-0.20436,0.24322,-0.3131,-0.13554,0.08962,-0.3459,-0.05536,0.3777,-0.00675,0.21467,0.27083,-0.21645,0.27661,0.02766,-0.13043,0.2166,-0.11856,-0.06571,0.14225,0.3313,-0.46688,-0.04974,-0.04686,-0.47065,-0.18686,0.00878,-0.87068,-0.17414,-0.13614,-1.01735,-0.2591,0.32856,-0.47411,0.1012,-0.05617,-0.48799,0.21789,-0.00945,-0.87844,0.12489,-0.16503,-1.03125,0.17149
19.96,0.36302,-0.38975,0.03006,0.43602,0.04985,0.02388,0.36307,0.26515,0.03367,0.43312,-0.02132,-0.17082,0.49254,-0.25491,-0.20454,0.24321,-0.31356,-0.13726,0.08917,-0.34649,-0.05798,0.3783,-0.0068,0.21477,0.28016,-0.22116,0.27514,0.03479,-0.13945,0.21813,-0.11315,-0.0766,0.1456,0.33137,-0.46668,-0.04997,-0.04677,-0.47075,-0.18713,0.00872,-0.8708,-0.17413,-0.13627,-1.01743,-0.25902,0.32839,-0.47399,0.10097,-0.05651,-0.48804,0.21705,-0.0095,-0.87864,0.12483,-0.16509,-1.03141,0.17149
19.98,0.36314,-0.38965,0.02993,0.43623,0.04994,0.02394,0.36215,0.26489,0.03295,0.43304,-0.0211,-0.1708,0.49285,-0.25458,-0.20462,0.24322,-0.31399,-0.13917,0.08876,-0.34715,-0.06081,0.37877,-0.00682,0.21487,0.29027,-0.22575,0.27376,0.04275,-0.14847,0.21996,-0.1069,-0.08755,0.1493,0.33144,-0.46643,-0.05021,-0.04665,-0.47088,-0.18752,0.00865,-0.87094,-0.17412,-0.13641,-1.01754,-0.25893,0.32814,-0.47385,0.10071,-0.05697,-0.4881,0.21606,-0.00957,-0.87888,0.12476,-0.16517,-1.03163,0.17147
20,0.36327,-0.38959,0.02982,0.43649,0.04998,0.02395,0.36141,0.26461,0.03237,0.43278,-0.02092,-0.17082,0.49301,-0.25426,-0.20482,0.24321,-0.31448,-0.14073,0.08831,-0.34777,-0.0633,0.37951,-0.0069,0.21499,0.29946,-0.22954,0.27205,0.05025,-0.1558,0.22114,-0.10083,-0.0963,0.15236,0.3315,-0.46626,-0.0504,-0.0466,-0.47098,-0.18765,0.00859,-0.87105,-0.17409,-0.13655,-1.01761,-0.25884,0.32802,-0.47376,0.10051,-0.05724,-0.48815,0.21534,-0.0096,-0.87906,0.12473,-0.16523,-1.03177,0.17149
20.02,0.36341,-0.38961,0.02973,0.43694,0.04991,0.02379,0.36127,0.26433,0.03208,0.43203,-0.02083,-0.17102,0.49272,-0.25399,-0.20548,0.24315,-0.31513,-0.14135,0.08769,-0.34816,-0.06493,0.38102,-0.00708,0.21511,0.30565,-0.23204,0.26939,0.05548,-0.16016,0.22059,-0.09664,-0.10106,0.15377,0.33154,-0.46627,-0.05046,-0.04678,-0.47092,-0.18711,0.00853,-0.87099,-0.17408,-0.13669,-1.01751,-0.25876,0.32826,-0.47379,0.10045,-0.05697,-0.48811,0.21541,-0.00954,-0.87904,0.12477,-0.16524,-1.03166,0.17157
20.04,0.36355,-0.38968,0.02967,0.43742,0.04978,0.02359,0.36132,0.26405,0.03194,0.43111,-0.0208,-0.17124,0.49225,-0.25375,-0.20623,0.24305,-0.31583,-0.14159,0.08702,-0.34853,-0.0662,0.38278,-0.00732,0.21525,0.31065,-0.23406,0.2664,0.05987,-0.16317,0.21932,-0.09304,-0.10396,0.15442,0.33158,-0.46637,-0.05045,-0.04704,-0.47083,-0.1863,0.00846,-0.8709,-0.17405,-0.13685,-1.01736,-0.25868,0.32861,-0.47389,0.10047,-0.05652,-0.48806,0.21577,-0.00944,-0.87897,0.12486,-0.16523,-1.03149,0.17169
20.06,0.36368,-0.38972,0.02961,0.43787,0.04968,0.0234,0.36129,0.26378,0.03176,0.43027,-0.02073,-0.17144,0.49184,-0.25351,-0.2069,0.24293,-0.31645,-0.14196,0.08639,-0.34894,-0.06755,0.38439,-0.00753,0.21536,0.31609,-0.2361,0.26355,0.06456,-0.16661,0.21844,-0.08925,-0.10758,0.15552,0.33161,-0.46643,-0.05046,-0.04726,-0.47075,-0.18559,0.00839,-0.87082,-0.17402,-0.13701,-1.01722,-0.2586,0.3289,-0.47394,0.10047,-0.05616,-0.48801,0.21602,-0.00937,-0.8789,0.12493,-0.16524,-1.03134,0.17179
20.08,0.36383,-0.38976,0.02951,0.43839,0.04958,0.02322,0.36119,0.26346,0.03155,0.42938,-0.02064,-0.17163,0.49148,-0.25317,-0.20774,0.24293,-0.31722,-0.14254,0.08571,-0.34942,-0.06944,0.38618,-0.00777,0.21548,0.32205,-0.23824,0.26023,0.06978,-0.17003,0.2173,-0.08495,-0.11105,0.15665,0.33165,-0.46647,-0.05052,-0.04747,-0.47068,-0.18493,0.00833,-0.87075,-0.174,-0.13716,-1.01709,-0.25851,0.32922,-0.47401,0.10042,-0.05578,-0.48797,0.21621,-0.00927,-0.87887,0.125,-0.16522,-1.03121,0.1719
20.1,0.36395,-0.38983,0.02948,0.43877,0.04946,0.02301,0.36127,0.26323,0.03142,0.42857,-0.02064,-0.17183,0.49098,-0.25304,-0.20826,0.24269,-0.3177,-0.14264,0.08515,-0.34983,-0.07021,0.38765,-0.00796,0.21554,0.32667,-0.23979,0.25759,0.07373,-0.17296,0.21654,-0.08183,-0.11431,0.15773,0.33168,-0.46657,-0.05048,-0.04771,-0.47059,-0.18414,0.00826,-0.87065,-0.17397,-0.13732,-1.01694,-0.25845,0.32952,-0.47409,0.10046,-0.05538,-0.48791,0.21656,-0.00922,-0.87879,0.12507,-0.16524,-1.03104,0.17199
20.12,0.36405,-0.39002,0.02962,0.4388,0.04928,0.02269,0.36188,0.26324,0.03147,0.42804,-0.02093,-0.17207,0.49019,-0.2535,-0.20785,0.2419,-0.31739,-0.1415,0.08505,-0.35007,-0.06782,0.38826,-0.00805,0.21541,0.32801,-0.24014,0.25704,0.07438,-0.17531,0.21702,-0.08184,-0.11794,0.15869,0.33174,-0.46688,-0.05021,-0.04797,-0.47047,-0.18299,0.00819,-0.87053,-0.17396,-0.13746,-1.01674,-0.25845,0.32985,-0.47426,0.10074,-0.05491,-0.48786,0.21734,-0.00922,-0.87863,0.12515,-0.16533,-1.03081,0.17201
20.14,0.36413,-0.39024,0.02981,0.43871,0.04908,0.02234,0.36269,0.26334,0.03156,0.42761,-0.02131,-0.17234,0.48928,-0.25416,-0.20714,0.2409,-0.31678,-0.13992,0.08511,-0.35018,-0.06433,0.38855,-0.00809,0.2152,0.32805,-0.24005,0.25722,0.07378,-0.17732,0.21788,-0.08299,-0.12151,0.15952,0.3318,-0.46725,-0.04987,-0.04822,-0.47032,-0.18176,0.00811,-0.87039,-0.17396,-0.13759,-1.01651,-0.25849,0.33018,-0.47444,0.10109,-0.05442,-0.48781,0.21826,-0.00926,-0.87843,0.12521,-0.16546,-1.03055,0.172
20.16,0.36421,-0.39043,0.02998,0.43867,0.0489,0.02202,0.36339,0.2634,0.03163,0.42713,-0.02163,-0.17258,0.48843,-0.2547,-0.20657,0.24001,-0.31629,-0.13855,0.08512,-0.35028,-0.06139,0.38897,-0.00814,0.21504,0.32866,-0.24015,0.25707,0.07379,-0.1794,0.21854,-0.08354,-0.12497,0.16039,0.33185,-0.46756,-0.04956,-0.04847,-0.47018,-0.1806,0.00804,-0.87024,-0.17396,-0.13773,-1.01629,-0.25852,0.33049,-0.4746,0.10141,-0.05396,-0.48774,0.21909,-0.00929,-0.87824,0.12528,-0.16557,-1.0303,0.17199
20.18,0.36432,-0.39066,0.03015,0.43863,0.04868,0.02164,0.36416,0.26345,0.03171,0.42662,-0.02201,-0.17288,0.48757,-0.2553,-0.20592,0.2391,-0.31581,-0.13712,0.08523,-0.35055,-0.05828,0.38942,-0.00821,0.21483,0.32927,-0.24025,0.25692,0.07373,-0.1818,0.21928,-0.08424,-0.12899,0.16136,0.33194,-0.46794,-0.04924,-0.04873,-0.47003,-0.17927,0.00795,-0.87009,-0.17396,-0.13789,-1.01604,-0.25855,0.33087,-0.4748,0.10174,-0.05341,-0.48768,0.22003,-0.00932,-0.87804,0.12535,-0.16569,-1.03002,0.172
20.2,0.36436,-0.39084,0.03032,0.43856,0.04851,0.02138,0.36482,0.26352,0.03175,0.42621,-0.02232,-0.17307,0.4867,-0.25583,-0.20536,0.23819,-0.31524,-0.13573,0.08523,-0.35043,-0.05534,0.38972,-0.00826,0.21469,0.32959,-0.24027,0.25694,0.07357,-0.1835,0.21996,-0.08482,-0.1319,0.16211,0.33196,-0.46823,-0.04895,-0.04894,-0.46992,-0.17831,0.00788,-0.86996,-0.17397,-0.138,-1.01585,-0.25862,0.3311,-0.47495,0.10204,-0.05305,-0.48764,0.22074,-0.00936,-0.87788,0.1254,-0.1658,-1.02982,0.17197
20.22,0.36422,-0.39087,0.03051,0.43848,0.04847,0.02147,0.36515,0.26362,0.0317,0.42606,-0.02239,-0.17296,0.48578,-0.25612,-0.2051,0.2373,-0.31448,-0.13447,0.08478,-0.34918,-0.05304,0.3897,-0.00826,0.21481,0.32945,-0.2402,0.25731,0.07345,-0.18335,0.2204,-0.08488,-0.1318,0.16234,0.3318,-0.46826,-0.04876,-0.04901,-0.4699,-0.1784,0.00786,-0.86994,-0.174,-0.13793,-1.01586,-0.25873,0.33095,-0.47497,0.10223,-0.05323,-0.48765,0.22082,-0.00942,-0.87785,0.12539,-0.16584,-1.02984,0.17187
20.24,0.36402,-0.39086,0.0307,0.4384,0.04846,0.02168,0.36537,0.26373,0.0316,0.42602,-0.02239,-0.17275,0.48485,-0.25635,-0.20493,0.23643,-0.31366,-0.13327,0.08421,-0.34757,-0.05096,0.38955,-0.00826,0.21501,0.32909,-0.24009,0.25781,0.07327,-0.18253,0.22076,-0.08481,-0.13061,0.16233,0.33158,-0.46821,-0.0486,-0.04901,-0.46993,-0.17886,0.00787,-0.86996,-0.17403,-0.1378,-1.01594,-0.25887,0.33067,-0.47496,0.10238,-0.0536,-0.48769,0.22068,-0.00948,-0.87788,0.12537,-0.16585,-1.02995,0.17175
20.26,0.36385,-0.39087,0.03089,0.43833,0.04843,0.02184,0.36564,0.26383,0.03152,0.42593,-0.02243,-0.17259,0.48395,-0.2566,-0.2047,0.23558,-0.31289,-0.13206,0.08373,-0.34618,-0.04882,0.38946,-0.00826,0.21517,0.32883,-0.24,0.25821,0.0731,-0.18203,0.22114,-0.08479,-0.1299,0.1624,0.3314,-0.46819,-0.04843,-0.04904,-0.46994,-0.17913,0.00786,-0.86996,-0.17405,-0.1377,-1.01599,-0.25899,0.33045,-0.47497,0.10255,-0.05388,-0.48771,0.22065,-0.00954,-0.87789,0.12535,-0.16588,-1.03002,0.17165
20.28,0.36366,-0.39088,0.03108,0.43823,0.04841,0.022,0.3659,0.26394,0.03144,0.42582,-0.02247,-0.17243,0.48294,-0.25686,-0.20456,0.23465,-0.312,-0.13077,0.08322,-0.34458,-0.04648,0.38935,-0.00826,0.21533,0.32854,-0.23987,0.25881,0.07293,-0.18146,0.22158,-0.08483,-0.12924,0.16256,0.33119,-0.46817,-0.04826,-0.04907,-0.46995,-0.17949,0.00785,-0.86997,-0.17409,-0.13759,-1.01606,-0.25913,0.33021,-0.47498,0.10272,-0.0542,-0.48773,0.22057,-0.00962,-0.8779,0.12533,-0.16591,-1.0301,0.17153
20.3,0.36349,-0.39087,0.03126,0.43817,0.0484,0.02218,0.36614,0.26404,0.03134,0.42577,-0.02248,-0.17225,0.48216,-0.25706,-0.20428,0.23391,-0.31132,-0.12968,0.08276,-0.34329,-0.04465,0.38924,-0.00826,0.21551,0.32825,-0.23981,0.25902,0.07276,-0.18087,0.22187,-0.08472,-0.12823,0.16248,0.33101,-0.46813,-0.04811,-0.0491,-0.46995,-0.17977,0.00785,-0.86996,-0.17411,-0.13749,-1.0161,-0.25924,0.32999,-0.47497,0.10287,-0.05448,-0.48776,0.22052,-0.00968,-0.87791,0.12531,-0.16593,-1.03017,0.17142
20.32,0.36339,-0.39085,0.03139,0.43824,0.04839,0.02241,0.36636,0.2641,0.03117,0.42591,-0.02246,-0.17203,0.48201,-0.25717,-0.20353,0.23367,-0.31127,-0.12914,0.08244,-0.34306,-0.0442,0.3892,-0.00827,0.2157,0.32806,-0.24002,0.25797,0.07258,-0.18043,0.22171,-0.08418,-0.12636,0.16172,0.33094,-0.46808,-0.04802,-0.04913,-0.46994,-0.17979,0.00787,-0.86995,-0.17411,-0.13744,-1.0161,-0.25927,0.32988,-0.47499,0.10296,-0.05457,-0.48786,0.22064,-0.00968,-0.87795,0.12525,-0.16591,-1.03026,0.17133
20.34,0.36332,-0.39083,0.03149,0.43835,0.04838,0.02264,0.36657,0.26414,0.03097,0.42611,-0.02242,-0.17182,0.48211,-0.25725,-0.20267,0.23364,-0.31146,-0.12883,0.08216,-0.34317,-0.04428,0.38917,-0.0083,0.21589,0.32789,-0.2403,0.25652,0.07242,-0.18004,0.22138,-0.08348,-0.12422,0.16075,0.33091,-0.46803,-0.04797,-0.04916,-0.46994,-0.17974,0.0079,-0.86994,-0.1741,-0.1374,-1.01609,-0.25928,0.32982,-0.47502,0.103,-0.0546,-0.48798,0.22078,-0.00966,-0.87802,0.12517,-0.16587,-1.03035,0.17122
20.36,0.36323,-0.3908,0.03161,0.43843,0.04839,0.02287,0.36677,0.2642,0.03079,0.42627,-0.02238,-0.17161,0.48209,-0.25733,-0.2019,0.23352,-0.31154,-0.1284,0.08186,-0.34308,-0.04411,0.38912,-0.00831,0.21609,0.32771,-0.24051,0.25534,0.07225,-0.17964,0.22114,-0.08288,-0.12232,0.15995,0.33086,-0.46797,-0.04789,-0.04919,-0.46993,-0.17972,0.00792,-0.86992,-0.17409,-0.13737,-1.01607,-0.25929,0.32974,-0.47503,0.10308,-0.05467,-0.48808,0.2209,-0.00966,-0.87806,0.12512,-0.16585,-1.03042,0.17113
20.38,0.36314,-0.39077,0.03173,0.43854,0.04839,0.02312,0.367,0.26425,0.03059,0.42645,-0.02234,-0.17138,0.48208,-0.25742,-0.20093,0.23333,-0.31161,-0.12798,0.08153,-0.3431,-0.04395,0.38911,-0.00833,0.21631,0.32754,-0.24078,0.2538,0.0721,-0.17916,0.2209,-0.08205,-0.11989,0.15906,0.33081,-0.46791,-0.04782,-0.04924,-0.46992,-0.17967,0.00796,-0.8699,-0.17409,-0.13731,-1.01605,-0.25931,0.32965,-0.47505,0.10314,-0.05472,-0.48821,0.22108,-0.00964,-0.87812,0.12504,-0.16581,-1.03052,0.17102
20.4,0.36307,-0.39075,0.03183,0.43862,0.04838,0.02332,0.36718,0.26429,0.03041,0.42663,-0.02232,-0.1712,0.48212,-0.25748,-0.20036,0.23334,-0.31175,-0.12761,0.08131,-0.343,-0.04389,0.38904,-0.00834,0.21646,0.32738,-0.24093,0.25289,0.07195,-0.1789,0.22063,-0.08159,-0.11851,0.15836,0.33077,-0.46786,-0.04776,-0.04925,-0.46991,-0.17968,0.00797,-0.86989,-0.17408,-0.13729,-1.01604,-0.25932,0.32958,-0.47506,0.1032,-0.05478,-0.48828,0.22113,-0.00964,-0.87816,0.12498,-0.16579,-1.03058,0.17094
20.42,0.36309,-0.39077,0.03186,0.43864,0.04836,0.02331,0.36727,0.2643,0.03024,0.42683,-0.02238,-0.1712,0.48229,-0.25748,-0.20097,0.23383,-0.31204,-0.12733,0.08139,-0.34238,-0.04403,0.38889,-0.00831,0.21642,0.32722,-0.24074,0.25391,0.07182,-0.17929,0.2203,-0.08226,-0.12024,0.1581,0.3308,-0.46787,-0.04774,-0.04913,-0.46992,-0.17993,0.00796,-0.8699,-0.17407,-0.1373,-1.01605,-0.25933,0.32959,-0.47508,0.10322,-0.05491,-0.48821,0.22073,-0.00963,-0.87816,0.12499,-0.1658,-1.03057,0.17091
20.44,0.36315,-0.39081,0.03186,0.43865,0.04833,0.02323,0.36733,0.26429,0.03007,0.42704,-0.02249,-0.17126,0.48253,-0.25745,-0.20198,0.23453,-0.3124,-0.1271,0.08162,-0.34166,-0.04427,0.38871,-0.00828,0.21632,0.32708,-0.24043,0.25555,0.07173,-0.17993,0.21994,-0.08327,-0.12303,0.15801,0.33085,-0.46791,-0.04774,-0.04896,-0.46993,-0.18024,0.00795,-0.86994,-0.17406,-0.13731,-1.01606,-0.25934,0.32963,-0.47511,0.10323,-0.05504,-0.48809,0.22019,-0.00961,-0.87816,0.12501,-0.16582,-1.03054,0.1709
20.46,0.36319,-0.39083,0.03187,0.43867,0.04831,0.02318,0.36741,0.2643,0.02991,0.42725,-0.02256,-0.1713,0.48276,-0.25743,-0.20276,0.23514,-0.31273,-0.12687,0.08183,-0.34106,-0.04446,0.38855,-0.00825,0.21624,0.32694,-0.24017,0.25684,0.07164,-0.18043,0.2196,-0.08406,-0.12525,0.15788,0.33089,-0.46793,-0.04773,-0.04882,-0.46992,-0.18052,0.00794,-0.86995,-0.17405,-0.13732,-1.01606,-0.25936,0.32966,-0.47513,0.10324,-0.05516,-0.48798,0.21973,-0.0096,-0.87816,0.12503,-0.16584,-1.03052,0.17088
20.48,0.36323,-0.39086,0.03189,0.43865,0.04829,0.02315,0.36746,0.2643,0.0297,0.42745,-0.02265,-0.17133,0.48291,-0.25739,-0.20374,0.23577,-0.31308,-0.12659,0.08195,-0.3402,-0.04473,0.38835,-0.00822,0.21617,0.32676,-0.23986,0.25838,0.07153,-0.18105,0.21927,-0.08498,-0.12787,0.15785,0.33093,-0.46796,-0.04771,-0.04867,-0.46993,-0.18082,0.00793,-0.86998,-0.17404,-0.13734,-1.01607,-0.25937,0.32968,-0.47515,0.10325,-0.0553,-0.48786,0.21921,-0.00959,-0.87816,0.12504,-0.16587,-1.03049,0.17086
20.5,0.36327,-0.39089,0.03189,0.4387,0.04826,0.02307,0.36756,0.26429,0.02961,0.42766,-0.02274,-0.17139,0.48323,-0.25738,-0.20439,0.23642,-0.31342,-0.12643,0.08232,-0.33988,-0.04487,0.38822,-0.00819,0.21607,0.32666,-0.23959,0.25957,0.07149,-0.18154,0.21895,-0.08565,-0.12993,0.15777,0.33097,-0.46799,-0.04771,-0.04853,-0.46993,-0.18109,0.00792,-0.86999,-0.17403,-0.13735,-1.01608,-0.25938,0.32971,-0.47518,0.10326,-0.05541,-0.48777,0.21879,-0.00959,-0.87815,0.12506,-0.16589,-1.03046,0.17086
20.52,0.36331,-0.39092,0.03184,0.43889,0.0482,0.02291,0.36783,0.26424,0.02984,0.42792,-0.02286,-0.17153,0.484,-0.25746,-0.20395,0.23706,-0.31371,-0.12656,0.08338,-0.34117,-0.04455,0.38831,-0.00817,0.2159,0.32678,-0.23953,0.25967,0.07166,-0.18158,0.2186,-0.08553,-0.13019,0.15739,0.33103,-0.46804,-0.04775,-0.04842,-0.46992,-0.18131,0.00795,-0.86999,-0.17403,-0.13734,-1.01606,-0.25937,0.32975,-0.47519,0.10322,-0.05537,-0.48773,0.21875,-0.00959,-0.87813,0.12509,-0.1659,-1.03043,0.17091
20.54,0.36334,-0.39095,0.03177,0.43913,0.04813,0.02271,0.36814,0.26418,0.03021,0.42818,-0.02299,-0.17171,0.48492,-0.25756,-0.20316,0.23769,-0.31397,-0.1268,0.08467,-0.34298,-0.0441,0.38848,-0.00814,0.2157,0.32697,-0.23953,0.25942,0.07189,-0.18146,0.21825,-0.08518,-0.12985,0.15692,0.33108,-0.4681,-0.0478,-0.04831,-0.4699,-0.1815,0.00797,-0.86997,-0.17403,-0.13733,-1.01604,-0.25935,0.32978,-0.47521,0.10317,-0.05531,-0.4877,0.21882,-0.0096,-0.87811,0.12512,-0.1659,-1.0304,0.17097
20.56,0.36338,-0.39098,0.0317,0.43936,0.04806,0.02252,0.36845,0.26412,0.03053,0.42844,-0.02312,-0.17189,0.48575,-0.25765,-0.20257,0.23832,-0.31424,-0.12701,0.08584,-0.3445,-0.04376,0.38862,-0.00812,0.21551,0.32713,-0.23949,0.25934,0.0721,-0.18142,0.21789,-0.08495,-0.12981,0.15649,0.33114,-0.46815,-0.04785,-0.0482,-0.46988,-0.18171,0.008,-0.86996,-0.17403,-0.13732,-1.01602,-0.25934,0.32982,-0.47523,0.10311,-0.05525,-0.48767,0.21882,-0.00959,-0.87808,0.12513,-0.16591,-1.03036,0.17102
20.58,0.36342,-0.39101,0.03164,0.43958,0.048,0.02234,0.36872,0.26406,0.03077,0.4287,-0.02324,-0.17205,0.48668,-0.25773,-0.20182,0.23902,-0.31454,-0.1272,0.08718,-0.34625,-0.04331,0.38874,-0.0081,0.21533,0.3273,-0.23947,0.25923,0.07232,-0.18137,0.21753,-0.08468,-0.1297,0.15603,0.3312,-0.46821,-0.0479,-0.04808,-0.46986,-0.18192,0.00803,-0.86995,-0.17403,-0.1373,-1.01599,-0.25933,0.32986,-0.47524,0.10307,-0.05519,-0.48764,0.21886,-0.00959,-0.87806,0.12516,-0.16591,-1.03032,0.17108
20.6,0.36346,-0.39105,0.03157,0.43984,0.04792,0.02214,0.36909,0.26399,0.03121,0.42898,-0.02338,-0.17222,0.48745,-0.25783,-0.20131,0.23959,-0.31479,-0.12745,0.08829,-0.34766,-0.04304,0.38892,-0.00809,0.21514,0.32747,-0.23944,0.2591,0.07253,-0.18131,0.2172,-0.08442,-0.12958,0.15563,0.33127,-0.46827,-0.04795,-0.04797,-0.46985,-0.18212,0.00807,-0.86995,-0.17402,-0.13728,-1.01599,-0.25931,0.3299,-0.47527,0.10302,-0.05513,-0.48762,0.21887,-0.00959,-0.87805,0.12518,-0.1659,-1.0303,0.17113
20.62,0.3635,-0.39112,0.03146,0.44019,0.04779,0.02189,0.36975,0.2639,0.03222,0.42928,-0.02357,-0.17245,0.48772,-0.25803,-0.20151,0.23979,-0.3149,-0.12783,0.08863,-0.34807,-0.04329,0.38922,-0.00812,0.2149,0.32762,-0.23941,0.25898,0.07269,-0.18129,0.21694,-0.08425,-0.12955,0.15538,0.33135,-0.46836,-0.04807,-0.04785,-0.46989,-0.18232,0.00812,-0.87,-0.17401,-0.13726,-1.01603,-0.25925,0.32994,-0.47534,0.10291,-0.0551,-0.48762,0.21872,-0.00956,-0.87809,0.12518,-0.16588,-1.03032,0.17117
20.64,0.36354,-0.39119,0.03134,0.44058,0.04766,0.02162,0.37051,0.26382,0.0334,0.4296,-0.02376,-0.1727,0.48781,-0.25825,-0.20195,0.23985,-0.31495,-0.12827,0.08869,-0.34812,-0.04371,0.38958,-0.00815,0.21466,0.32777,-0.23936,0.25884,0.07285,-0.18126,0.21673,-0.0841,-0.12951,0.1552,0.33145,-0.46845,-0.04819,-0.04773,-0.46994,-0.18251,0.00817,-0.87005,-0.17399,-0.13722,-1.01609,-0.25918,0.32999,-0.47542,0.10278,-0.05507,-0.48763,0.21853,-0.00952,-0.87813,0.12518,-0.16585,-1.03035,0.1712
20.66,0.36358,-0.39127,0.03123,0.44094,0.04752,0.02136,0.37121,0.26371,0.03448,0.42991,-0.02395,-0.17294,0.48798,-0.25847,-0.2023,0.23997,-0.31505,-0.12867,0.08887,-0.34831,-0.04404,0.38992,-0.00819,0.21442,0.32792,-0.23932,0.25872,0.07301,-0.18124,0.21651,-0.08395,-0.12948,0.155,0.33154,-0.46854,-0.04831,-0.04762,-0.46999,-0.1827,0.00823,-0.8701,-0.17397,-0.1372,-1.01615,-0.25912,0.33003,-0.4755,0.10267,-0.05505,-0.48764,0.21837,-0.00949,-0.87818,0.12518,-0.16582,-1.03039,0.17124
20.68,0.36362,-0.39135,0.0311,0.44134,0.04737,0.02109,0.37199,0.26359,0.03568,0.43024,-0.02415,-0.17318,0.48819,-0.25869,-0.20259,0.2401,-0.31513,-0.12912,0.08911,-0.34864,-0.0444,0.39026,-0.00823,0.21417,0.32806,-0.23929,0.25857,0.07317,-0.18122,0.21623,-0.08379,-0.12944,0.15475,0.33163,-0.46864,-0.04844,-0.04749,-0.47004,-0.18292,0.00828,-0.87016,-0.17395,-0.13716,-1.01621,-0.25906,0.33008,-0.47559,0.10253,-0.05502,-0.48765,0.21818,-0.00945,-0.87823,0.12517,-0.16579,-1.03042,0.17127
20.7,0.36367,-0.39141,0.031,0.44169,0.04725,0.02083,0.37266,0.26348,0.03664,0.43053,-0.02433,-0.17342,0.48828,-0.25889,-0.20305,0.24019,-0.31519,-0.12949,0.08917,-0.34857,-0.04477,0.3906,-0.00824,0.21393,0.32823,-0.23924,0.25846,0.07335,-0.1812,0.21607,-0.08362,-0.12941,0.15462,0.33173,-0.46871,-0.04854,-0.04738,-0.47008,-0.18309,0.00834,-0.8702,-0.17393,-0.13713,-1.01625,-0.259,0.33013,-0.47565,0.10243,-0.05498,-0.48765,0.21803,-0.00941,-0.87827,0.12517,-0.16575,-1.03044,0.17131
20.72,0.36371,-0.39144,0.03098,0.44191,0.04719,0.02056,0.37296,0.2634,0.03691,0.43066,-0.02449,-0.17364,0.48805,-0.25905,-0.204,0.24019,-0.31524,-0.12959,0.08877,-0.34747,-0.04513,0.39085,-0.00819,0.2137,0.32846,-0.23913,0.25851,0.07353,-0.18121,0.21623,-0.08349,-0.12956,0.1548,0.33175,-0.46875,-0.04855,-0.04734,-0.47012,-0.18311,0.00834,-0.87024,-0.17392,-0.13714,-1.01628,-0.25897,0.33016,-0.47567,0.10242,-0.05496,-0.48767,0.218,-0.0094,-0.87831,0.12519,-0.16575,-1.03047,0.17134
20.74,0.36375,-0.39146,0.03099,0.44209,0.04714,0.02031,0.37314,0.26334,0.03691,0.43075,-0.02464,-0.17385,0.4877,-0.25919,-0.2051,0.24014,-0.31527,-0.12961,0.08821,-0.34601,-0.04552,0.39108,-0.00812,0.2135,0.32872,-0.23901,0.25859,0.07372,-0.18122,0.21651,-0.08336,-0.12972,0.15509,0.33177,-0.46878,-0.04853,-0.04733,-0.47015,-0.18308,0.00832,-0.87028,-0.17389,-0.13717,-1.01631,-0.25895,0.33019,-0.47567,0.10245,-0.05494,-0.4877,0.21802,-0.00939,-0.87834,0.12522,-0.16575,-1.03049,0.17137
20.76,0.36379,-0.39149,0.03098,0.44229,0.04707,0.02005,0.37338,0.26326,0.03699,0.43086,-0.0248,-0.17407,0.48743,-0.25934,-0.20608,0.24012,-0.31531,-0.12968,0.08778,-0.34478,-0.04589,0.39132,-0.00807,0.21329,0.32896,-0.23892,0.25861,0.07391,-0.18123,0.21673,-0.0832,-0.12982,0.15531,0.33179,-0.46881,-0.04852,-0.04731,-0.47019,-0.18308,0.00831,-0.87033,-0.17388,-0.13719,-1.01635,-0.25893,0.33021,-0.47568,0.10245,-0.05491,-0.48773,0.21802,-0.00938,-0.87838,0.12524,-0.16575,-1.03051,0.17139
20.78,0.36384,-0.39151,0.03099,0.44248,0.04702,0.01976,0.37361,0.26318,0.03724,0.43096,-0.02497,-0.17431,0.48709,-0.25948,-0.20727,0.24013,-0.31539,-0.12969,0.08727,-0.3433,-0.0463,0.39155,-0.00798,0.21305,0.32922,-0.23875,0.25879,0.07411,-0.18127,0.21697,-0.08312,-0.13016,0.15563,0.33182,-0.46883,-0.0485,-0.04728,-0.47023,-0.18307,0.00831,-0.87036,-0.17386,-0.1372,-1.01638,-0.25891,0.33025,-0.47568,0.10247,-0.05489,-0.48776,0.218,-0.00936,-0.87841,0.12527,-0.16574,-1.03054,0.17143
20.8,0.36388,-0.39153,0.03097,0.44269,0.04696,0.01957,0.37384,0.26312,0.03708,0.43109,-0.02509,-0.17447,0.48685,-0.2596,-0.20806,0.24005,-0.31533,-0.12986,0.08687,-0.34219,-0.04671,0.39181,-0.00796,0.21289,0.32945,-0.23871,0.25866,0.07429,-0.18123,0.21719,-0.08288,-0.13,0.15577,0.33183,-0.46886,-0.0485,-0.04726,-0.47026,-0.18305,0.00829,-0.8704,-0.17383,-0.13723,-1.01641,-0.25887,0.33028,-0.47568,0.10247,-0.05485,-0.48778,0.21803,-0.00935,-0.87843,0.12529,-0.16574,-1.03055,0.17146
20.82,0.3639,-0.39152,0.0309,0.44297,0.04693,0.01963,0.37413,0.26318,0.03596,0.43117,-0.02503,-0.17444,0.48705,-0.25959,-0.20747,0.23998,-0.31519,-0.13003,0.08723,-0.34277,-0.04634,0.39221,-0.00804,0.21296,0.32969,-0.23898,0.25758,0.07445,-0.18097,0.21733,-0.08205,-0.12833,0.1554,0.33185,-0.4689,-0.04853,-0.04729,-0.47024,-0.18297,0.00824,-0.87038,-0.17379,-0.13731,-1.01638,-0.2588,0.33033,-0.47565,0.10245,-0.05469,-0.48777,0.21836,-0.00936,-0.87838,0.12532,-0.16572,-1.0305,0.17152
20.84,0.36392,-0.39149,0.0308,0.4433,0.04691,0.01981,0.37442,0.26328,0.03442,0.43132,-0.02489,-0.1743,0.48733,-0.25953,-0.2065,0.23976,-0.31483,-0.13045,0.0876,-0.34362,-0.04609,0.39263,-0.00817,0.21314,0.3299,-0.23935,0.25621,0.0746,-0.18063,0.21744,-0.08102,-0.12616,0.15488,0.33186,-0.46891,-0.04858,-0.04732,-0.4702,-0.18289,0.00817,-0.87035,-0.17373,-0.1374,-1.01634,-0.25871,0.33038,-0.47559,0.1024,-0.05451,-0.48774,0.21872,-0.00937,-0.87829,0.12534,-0.1657,-1.03043,0.17158
20.86,0.36394,-0.39147,0.03069,0.44364,0.04688,0.01998,0.3747,0.26333,0.03301,0.43152,-0.02477,-0.17418,0.48749,-0.2595,-0.20584,0.23945,-0.31437,-0.13103,0.08768,-0.34396,-0.04625,0.39301,-0.00831,0.21329,0.33009,-0.23967,0.25505,0.07474,-0.18034,0.21753,-0.08012,-0.1243,0.15447,0.33188,-0.46893,-0.04865,-0.04735,-0.47018,-0.18285,0.00811,-0.87034,-0.17369,-0.13749,-1.01633,-0.25863,0.33042,-0.47554,0.10233,-0.05438,-0.48771,0.21898,-0.00938,-0.87822,0.12535,-0.16569,-1.03038,0.17163
20.88,0.36395,-0.39146,0.03067,0.44385,0.04685,0.01996,0.37501,0.2634,0.03182,0.43135,-0.02473,-0.1742,0.48804,-0.25946,-0.20459,0.2399,-0.3148,-0.13046,0.08912,-0.34597,-0.04449,0.39352,-0.00837,0.21334,0.33042,-0.23995,0.25355,0.07496,-0.18003,0.21776,-0.07894,-0.1221,0.15407,0.33189,-0.46899,-0.04861,-0.0474,-0.47012,-0.18262,0.00804,-0.87029,-0.17362,-0.13758,-1.01626,-0.25855,0.3305,-0.4755,0.10238,-0.05412,-0.48773,0.2196,-0.00938,-0.87813,0.12541,-0.16566,-1.03031,0.17173
20.9,0.36399,-0.39144,0.03045,0.44434,0.04681,0.02036,0.37528,0.26339,0.03007,0.43198,-0.02453,-0.1739,0.48778,-0.25944,-0.20449,0.23873,-0.31336,-0.13239,0.08773,-0.34463,-0.04683,0.39376,-0.0086,0.21362,0.33044,-0.24033,0.25266,0.07501,-0.17978,0.21768,-0.07824,-0.12052,0.15365,0.33191,-0.46898,-0.04881,-0.04739,-0.47015,-0.18279,0.00799,-0.87032,-0.17362,-0.13766,-1.0163,-0.25848,0.33051,-0.47545,0.10218,-0.05409,-0.48767,0.21947,-0.00941,-0.87809,0.12534,-0.16565,-1.03029,0.17171
20.92,0.36413,-0.3914,0.02961,0.44564,0.04668,0.0219,0.37545,0.26306,0.0267,0.43479,-0.02389,-0.17274,0.4856,-0.25933,-0.20764,0.23368,-0.30647,-0.14097,0.07927,-0.33335,-0.06013,0.39325,-0.00934,0.2145,0.32964,-0.24098,0.25359,0.07466,-0.17966,0.21675,-0.07895,-0.12076,0.15324,0.33196,-0.46879,-0.04977,-0.04721,-0.47042,-0.1841,0.00794,-0.87059,-0.1738,-0.13771,-1.0167,-0.25845,0.33031,-0.47537,0.10122,-0.05474,-0.48737,0.21704,-0.0095,-0.8782,0.1249,-0.16566,-1.03046,0.17136
20.94,0.36431,-0.39137,0.02857,0.44723,0.04649,0.02386,0.37579,0.26251,0.02275,0.43841,-0.02313,-0.17121,0.48266,-0.25894,-0.21207,0.22755,-0.29706,-0.15207,0.06905,-0.31761,-0.07756,0.39244,-0.01027,0.21558,0.32849,-0.24174,0.25511,0.07413,-0.17959,0.21545,-0.08014,-0.12161,0.15271,0.33204,-0.46855,-0.05097,-0.04695,-0.47079,-0.18582,0.00792,-0.87096,-0.17406,-0.13773,-1.01722,-0.25846,0.33004,-0.47531,0.10001,-0.05561,-0.48701,0.21386,-0.00963,-0.87836,0.12432,-0.16569,-1.03068,0.17089
20.96,0.36447,-0.39135,0.02766,0.44866,0.04629,0.02566,0.37631,0.26191,0.01912,0.44168,-0.02249,-0.16979,0.48001,-0.25834,-0.21606,0.22244,-0.28804,-0.16213,0.06077,-0.30272,-0.09325,0.39173,-0.01111,0.21655,0.32741,-0.24245,0.25629,0.07364,-0.17951,0.21424,-0.0811,-0.12212,0.15211,0.33212,-0.46835,-0.05202,-0.0467,-0.47112,-0.18733,0.0079,-0.87128,-0.17429,-0.13775,-1.01767,-0.25847,0.3298,-0.47526,0.09895,-0.05634,-0.4867,0.21111,-0.00977,-0.87848,0.12381,-0.16574,-1.03086,0.17048
20.98,0.36463,-0.39129,0.02658,0.45009,0.0461,0.02739,0.37679,0.26115,0.015,0.44484,-0.02177,-0.16843,0.47826,-0.25727,-0.21998,0.21877,-0.27841,-0.1715,0.05452,-0.28663,-0.10784,0.39111,-0.01199,0.21746,0.32641,-0.24314,0.25763,0.07328,-0.17926,0.21318,-0.08205,-0.12251,0.15193,0.33215,-0.4681,-0.05323,-0.04651,-0.47146,-0.18895,0.00782,-0.87162,-0.17453,-0.13784,-1.01816,-0.25843,0.32957,-0.47515,0.09773,-0.05715,-0.48632,0.20794,-0.00991,-0.8786,0.12327,-0.16581,-1.03101,0.17008
21,0.36479,-0.3913,0.0258,0.45155,0.04582,0.02935,0.37783,0.26036,0.01171,0.44838,-0.02126,-0.16678,0.47479,-0.2562,-0.22457,0.21357,-0.26785,-0.18264,0.04685,-0.26942,-0.1252,0.39018,-0.01284,0.21848,0.32505,-0.24385,0.25875,0.07257,-0.17929,0.21165,-0.08312,-0.12313,0.15078,0.33227,-0.46792,-0.05417,-0.04619,-0.47177,-0.19047,0.00786,-0.87192,-0.17479,-0.13778,-1.01856,-0.25853,0.32931,-0.47514,0.09677,-0.05785,-0.48604,0.20543,-0.01009,-0.87868,0.12275,-0.16592,-1.03115,0.16965
21.02,0.36494,-0.39149,0.02588,0.45308,0.04533,0.03186,0.38011,0.25983,0.01095,0.45292,-0.02131,-0.16445,0.46695,-0.25502,-0.23089,0.20405,-0.25488,-0.19901,0.03447,-0.24968,-0.15091,0.38841,-0.01355,0.21982,0.32289,-0.24462,0.25913,0.07097,-0.18017,0.20897,-0.08442,-0.12437,0.14702,0.3326,-0.46793,-0.05434,-0.04552,-0.47192,-0.19156,0.00825,-0.87208,-0.17514,-0.13733,-1.01869,-0.25902,0.32901,-0.47537,0.09657,-0.05822,-0.48607,0.20499,-0.01037,-0.87869,0.1223,-0.16606,-1.03133,0.1691
21.04,0.36508,-0.39175,0.02627,0.45461,0.04475,0.03457,0.38283,0.25938,0.01109,0.45777,-0.02157,-0.16182,0.45785,-0.25267,-0.23814,0.19414,-0.23947,-0.2177,0.02227,-0.22678,-0.18031,0.38635,-0.01421,0.22123,0.32044,-0.24538,0.25924,0.06909,-0.18131,0.20583,-0.08576,-0.12584,0.14226,0.333,-0.468,-0.05423,-0.04472,-0.47203,-0.19253,0.00877,-0.8722,-0.17551,-0.13675,-1.01874,-0.25965,0.32869,-0.47569,0.09665,-0.0585,-0.48621,0.20524,-0.01067,-0.8787,0.12187,-0.16621,-1.03154,0.1685
21.06,0.36522,-0.39197,0.02653,0.45609,0.0442,0.03718,0.38544,0.25888,0.01086,0.46236,-0.02177,-0.15926,0.45009,-0.24909,-0.2453,0.18675,-0.22281,-0.23563,0.01376,-0.20201,-0.20842,0.38446,-0.01486,0.22254,0.31812,-0.24609,0.25944,0.06742,-0.18224,0.20284,-0.08697,-0.12711,0.13788,0.33337,-0.46804,-0.05423,-0.04397,-0.47216,-0.19358,0.00922,-0.87234,-0.17587,-0.13621,-1.01883,-0.26022,0.32839,-0.47596,0.09662,-0.05883,-0.48631,0.20514,-0.01095,-0.87872,0.12143,-0.16634,-1.03175,0.16792
21.08,0.36537,-0.39223,0.02675,0.45766,0.04357,0.03995,0.38826,0.25828,0.01066,0.46734,-0.02204,-0.15647,0.4437,-0.24424,-0.25292,0.18209,-0.20316,-0.25482,0.00916,-0.17261,-0.23865,0.38237,-0.01557,0.22383,0.31574,-0.2469,0.25961,0.0657,-0.18333,0.19985,-0.08824,-0.12852,0.13356,0.33376,-0.46811,-0.05429,-0.04325,-0.47231,-0.19454,0.0097,-0.87249,-0.17625,-0.13568,-1.01892,-0.2608,0.32808,-0.47628,0.09652,-0.05911,-0.48644,0.20516,-0.01124,-0.87874,0.12092,-0.16648,-1.03197,0.16729
21.1,0.36549,-0.39241,0.02712,0.45895,0.04307,0.04245,0.39093,0.25787,0.0107,0.47148,-0.02227,-0.1539,0.43651,-0.23836,-0.26027,0.17752,-0.18441,-0.27228,0.00564,-0.14546,-0.26584,0.38062,-0.01611,0.22504,0.31344,-0.24745,0.25968,0.06414,-0.18406,0.19669,-0.08921,-0.12957,0.12879,0.33412,-0.46812,-0.05417,-0.04242,-0.4724,-0.19566,0.01017,-0.87259,-0.1766,-0.13511,-1.01898,-0.26141,0.32776,-0.47651,0.09661,-0.05947,-0.48654,0.20508,-0.01148,-0.87875,0.12053,-0.16658,-1.03217,0.16673
21.12,0.36553,-0.39238,0.02787,0.45954,0.04295,0.04415,0.3929,0.258,0.01117,0.47335,-0.02228,-0.15215,0.42597,-0.23178,-0.2666,0.16884,-0.17122,-0.28521,-0.00236,-0.12892,-0.28508,0.37983,-0.01623,0.22615,0.31142,-0.24739,0.25961,0.06304,-0.18388,0.19324,-0.08938,-0.12968,0.12304,0.33437,-0.468,-0.05358,-0.04133,-0.47235,-0.19729,0.01059,-0.87257,-0.17689,-0.13442,-1.01898,-0.26212,0.32742,-0.47646,0.09717,-0.06012,-0.4865,0.20455,-0.01157,-0.87876,0.1205,-0.16661,-1.03233,0.16642
21.14,0.36555,-0.39228,0.02876,0.45986,0.04297,0.04555,0.39463,0.25833,0.01183,0.47438,-0.02221,-0.15072,0.41439,-0.22428,-0.27238,0.1588,-0.15939,-0.29682,-0.01192,-0.11553,-0.30219,0.37941,-0.01621,0.22722,0.30951,-0.24709,0.25946,0.06212,-0.18338,0.18968,-0.0892,-0.12947,0.11693,0.33459,-0.46785,-0.05282,-0.04013,-0.47226,-0.19907,0.01099,-0.8725,-0.17714,-0.13369,-1.01896,-0.26285,0.32708,-0.47633,0.0979,-0.06084,-0.48644,0.20391,-0.01161,-0.87877,0.12061,-0.1666,-1.03247,0.16621
21.16,0.36559,-0.3922,0.02955,0.4603,0.04293,0.04704,0.3965,0.25857,0.01239,0.47575,-0.02217,-0.14918,0.4042,-0.21573,-0.27819,0.15083,-0.1453,-0.3094,-0.01886,-0.09875,-0.32116,0.37885,-0.01625,0.22826,0.30758,-0.24687,0.25929,0.0612,-0.18299,0.18616,-0.08906,-0.12938,0.11101,0.33483,-0.4677,-0.05217,-0.03895,-0.47218,-0.20077,0.01139,-0.87243,-0.17742,-0.133,-1.01892,-0.26357,0.32675,-0.47622,0.09852,-0.0615,-0.48639,0.20331,-0.01167,-0.87877,0.12063,-0.16661,-1.03261,0.16594
21.18,0.36558,-0.39215,0.03048,0.46073,0.04286,0.04873,0.39832,0.25875,0.01315,0.47724,-0.02217,-0.14743,0.39563,-0.20601,-0.28445,0.14527,-0.12896,-0.32339,-0.02281,-0.079,-0.34218,0.37815,-0.01631,0.22944,0.3056,-0.2467,0.25922,0.06034,-0.18262,0.18258,-0.08874,-0.12929,0.10493,0.33503,-0.46757,-0.05138,-0.03775,-0.4721,-0.2025,0.01181,-0.87237,-0.1777,-0.13224,-1.0189,-0.26434,0.32637,-0.47615,0.09926,-0.06224,-0.48632,0.2027,-0.01172,-0.87877,0.12071,-0.1666,-1.03277,0.16569
21.2,0.36567,-0.39202,0.03117,0.46111,0.0429,0.04996,0.40019,0.25909,0.01358,0.47828,-0.02205,-0.14617,0.38592,-0.19593,-0.28924,0.13813,-0.11442,-0.33497,-0.02844,-0.06232,-0.3602,0.37782,-0.01628,0.23035,0.30378,-0.24635,0.25892,0.05958,-0.18209,0.17913,-0.08841,-0.12908,0.0992,0.33533,-0.4674,-0.05082,-0.03654,-0.472,-0.20416,0.01218,-0.87228,-0.17797,-0.13162,-1.01883,-0.265,0.3261,-0.47597,0.0998,-0.06281,-0.48627,0.2021,-0.01177,-0.87878,0.12074,-0.16662,-1.03288,0.16547
21.22,0.36603,-0.39173,0.03119,0.4614,0.0432,0.0501,0.40227,0.25977,0.01304,0.47837,-0.02165,-0.14608,0.37158,-0.18595,-0.29041,0.12399,-0.1058,-0.3395,-0.04229,-0.05499,-0.36895,0.37833,-0.01609,0.23055,0.30223,-0.24561,0.25809,0.05882,-0.18125,0.17598,-0.08839,-0.12868,0.09436,0.33592,-0.46713,-0.05086,-0.03533,-0.47188,-0.20567,0.01238,-0.8722,-0.17818,-0.13139,-1.01869,-0.26536,0.32606,-0.47557,0.09973,-0.06296,-0.48631,0.20157,-0.01184,-0.87889,0.12057,-0.16672,-1.03297,0.16528
21.24,0.36648,-0.39136,0.03096,0.46164,0.04362,0.04977,0.40437,0.26058,0.01211,0.478,-0.02112,-0.14649,0.35584,-0.17514,-0.28997,0.10745,-0.09863,-0.34079,-0.05908,-0.05062,-0.37337,0.3792,-0.01581,0.23047,0.30083,-0.24468,0.25707,0.05811,-0.18023,0.17301,-0.08845,-0.12815,0.08991,0.33661,-0.46682,-0.05112,-0.03415,-0.47174,-0.20711,0.01251,-0.87209,-0.17838,-0.1313,-1.0185,-0.26561,0.32611,-0.47506,0.09943,-0.06295,-0.48636,0.20104,-0.01191,-0.879,0.12035,-0.16685,-1.03301,0.16513
21.26,0.36688,-0.39103,0.03084,0.4619,0.04398,0.04961,0.40643,0.2613,0.01131,0.47777,-0.02065,-0.14673,0.34182,-0.16308,-0.28978,0.09318,-0.0891,-0.34305,-0.07321,-0.04323,-0.37921,0.37997,-0.01557,0.2305,0.29942,-0.24379,0.25615,0.05745,-0.17925,0.17004,-0.08839,-0.12764,0.08539,0.33724,-0.46654,-0.05128,-0.03298,-0.47161,-0.20855,0.01266,-0.87199,-0.17859,-0.13116,-1.01833,-0.26591,0.32612,-0.4746,0.09924,-0.06301,-0.48639,0.20051,-0.01199,-0.87911,0.12017,-0.16697,-1.03306,0.16497
21.28,0.36734,-0.39069,0.03075,0.46223,0.04435,0.04963,0.40869,0.26203,0.01065,0.47787,-0.02018,-0.14676,0.32869,-0.14909,-0.28945,0.07994,-0.07725,-0.3451,-0.08605,-0.03299,-0.3849,0.38055,-0.01533,0.23059,0.2978,-0.24288,0.25524,0.0567,-0.17825,0.1668,-0.08836,-0.12712,0.08053,0.33797,-0.46624,-0.05143,-0.03165,-0.47148,-0.21008,0.01285,-0.87189,-0.17879,-0.131,-1.01814,-0.26622,0.32616,-0.47414,0.09904,-0.06304,-0.48644,0.19999,-0.01204,-0.87923,0.11998,-0.16708,-1.03311,0.16482
21.3,0.3677,-0.39035,0.03055,0.4624,0.04474,0.04918,0.41054,0.26272,0.00959,0.47716,-0.01969,-0.14731,0.31606,-0.13577,-0.28804,0.06703,-0.06687,-0.34606,-0.09881,-0.02525,-0.38925,0.38161,-0.01507,0.23049,0.29668,-0.2419,0.25432,0.0562,-0.17717,0.16426,-0.08819,-0.12657,0.07658,0.33851,-0.46596,-0.05164,-0.03064,-0.47135,-0.21138,0.01294,-0.87177,-0.17899,-0.13094,-1.01796,-0.26649,0.32617,-0.47366,0.0988,-0.06309,-0.48644,0.19947,-0.01214,-0.87931,0.11982,-0.16723,-1.03313,0.16471
21.32,0.36777,-0.38998,0.03012,0.4622,0.04521,0.04764,0.41143,0.26336,0.00754,0.47437,-0.01912,-0.14906,0.30283,-0.12634,-0.28438,0.05291,-0.06294,-0.34478,-0.11356,-0.02729,-0.39079,0.38395,-0.01477,0.23001,0.29676,-0.24078,0.2534,0.05629,-0.17588,0.16344,-0.08774,-0.12591,0.0748,0.33848,-0.46567,-0.05196,-0.03046,-0.4712,-0.21218,0.01275,-0.87161,-0.17917,-0.13108,-1.01785,-0.26665,0.32606,-0.4731,0.09849,-0.06323,-0.48633,0.19899,-0.01234,-0.87928,0.11972,-0.16746,-1.03304,0.1647
21.34,0.36775,-0.38962,0.02959,0.46184,0.0457,0.04564,0.41188,0.26394,0.00506,0.47076,-0.01856,-0.15126,0.28966,-0.11842,-0.27956,0.03845,-0.06176,-0.34133,-0.12894,-0.03349,-0.38906,0.38678,-0.01444,0.2293,0.29736,-0.2396,0.25251,0.05663,-0.17449,0.16337,-0.08719,-0.12525,0.07399,0.33826,-0.46541,-0.05233,-0.0306,-0.47107,-0.21274,0.01249,-0.87146,-0.17934,-0.1313,-1.01778,-0.26675,0.32593,-0.47254,0.09814,-0.06337,-0.48619,0.19854,-0.01255,-0.87923,0.11965,-0.16769,-1.03293,0.16475
21.36,0.36777,-0.38926,0.02911,0.46152,0.04618,0.04382,0.41241,0.26452,0.00271,0.46747,-0.01802,-0.15321,0.27744,-0.10945,-0.2747,0.02507,-0.05909,-0.33717,-0.14297,-0.0376,-0.38615,0.38939,-0.0141,0.22859,0.29778,-0.23839,0.25169,0.05691,-0.17309,0.16312,-0.08668,-0.12458,0.07296,0.33812,-0.46513,-0.05267,-0.03062,-0.47093,-0.21335,0.01227,-0.8713,-0.1795,-0.13149,-1.01769,-0.26687,0.32582,-0.47198,0.09781,-0.0635,-0.48605,0.1981,-0.01274,-0.87917,0.11959,-0.16792,-1.03281,0.16479
21.38,0.3678,-0.38886,0.0286,0.46136,0.04666,0.04212,0.41336,0.26511,0.00029,0.46431,-0.01741,-0.15502,0.26522,-0.09892,-0.26882,0.01183,-0.05601,-0.33272,-0.15651,-0.04256,-0.38351,0.39216,-0.0138,0.22795,0.29787,-0.23701,0.25079,0.05698,-0.17147,0.16241,-0.08624,-0.12374,0.07126,0.338,-0.46482,-0.05305,-0.03052,-0.47077,-0.21421,0.01203,-0.87113,-0.17968,-0.13168,-1.01758,-0.26702,0.32568,-0.47138,0.09744,-0.06366,-0.48595,0.19758,-0.01297,-0.87916,0.11947,-0.16816,-1.03275,0.16478
21.4,0.36779,-0.38855,0.02813,0.46082,0.04713,0.04005,0.41324,0.26559,-0.00221,0.46068,-0.01698,-0.1571,0.25476,-0.09102,-0.26362,5e-05,-0.05389,-0.32591,-0.16889,-0.04656,-0.37592,0.39475,-0.01341,0.22699,0.29876,-0.23585,0.25019,0.05752,-0.17014,0.16292,-0.08567,-0.12324,0.07129,0.33779,-0.4646,-0.05335,-0.03075,-0.47067,-0.21447,0.01181,-0.87101,-0.1798,-0.13187,-1.01753,-0.26707,0.3256,-0.47088,0.09716,-0.06374,-0.48577,0.19723,-0.01312,-0.87906,0.11949,-0.16835,-1.03258,0.1649
21.42,0.36767,-0.38848,0.02779,0.45934,0.04756,0.03706,0.41044,0.26581,-0.00473,0.45601,-0.01704,-0.15991,0.2476,-0.09097,-0.26156,-0.00903,-0.05401,-0.31546,-0.17978,-0.04659,-0.35892,0.39674,-0.01277,0.22527,0.30184,-0.23548,0.25016,0.05939,-0.16961,0.16643,-0.0846,-0.12356,0.07563,0.33732,-0.46467,-0.05344,-0.03185,-0.47068,-0.21312,0.01164,-0.87103,-0.17976,-0.13204,-1.01763,-0.26689,0.32567,-0.47064,0.09714,-0.06366,-0.48535,0.19729,-0.01312,-0.8787,0.1198,-0.16844,-1.0321,0.16531
21.44,0.36752,-0.3885,0.02748,0.45745,0.04795,0.03372,0.40659,0.26592,-0.00724,0.45086,-0.01729,-0.16295,0.24152,-0.09393,-0.26062,-0.01696,-0.0554,-0.30345,-0.18961,-0.04598,-0.33808,0.39851,-0.01203,0.22321,0.30571,-0.23538,0.2503,0.0618,-0.16938,0.17103,-0.0833,-0.12422,0.08157,0.33678,-0.46485,-0.05345,-0.03323,-0.47073,-0.21119,0.01149,-0.8711,-0.17967,-0.1322,-1.01778,-0.26664,0.32581,-0.47051,0.09718,-0.06349,-0.48485,0.19749,-0.01303,-0.87826,0.12022,-0.16846,-1.03152,0.16582
21.46,0.3674,-0.38847,0.02716,0.45567,0.04835,0.03057,0.40318,0.26606,-0.00971,0.44586,-0.01749,-0.16577,0.23501,-0.09548,-0.25899,-0.02486,-0.05642,-0.29182,-0.19887,-0.04616,-0.31854,0.40033,-0.01131,0.22125,0.30919,-0.23509,0.25033,0.06404,-0.16899,0.17508,-0.08205,-0.12473,0.08678,0.3363,-0.46497,-0.05349,-0.03444,-0.47076,-0.20951,0.01134,-0.87112,-0.17961,-0.13237,-1.01788,-0.26642,0.32595,-0.47033,0.0972,-0.06333,-0.48437,0.19764,-0.01295,-0.87783,0.12061,-0.16847,-1.03097,0.16631
21.48,0.36723,-0.38847,0.02683,0.45407,0.04865,0.02735,0.40001,0.26612,-0.01213,0.44097,-0.01782,-0.16858,0.22876,-0.09741,-0.25726,-0.03211,-0.05759,-0.27942,-0.20718,-0.04639,-0.29745,0.40235,-0.01061,0.21917,0.31293,-0.23486,0.24999,0.06661,-0.16835,0.17903,-0.08042,-0.12501,0.09184,0.33572,-0.46511,-0.05353,-0.03575,-0.47081,-0.20781,0.01116,-0.87117,-0.17956,-0.13256,-1.01801,-0.26622,0.32601,-0.47014,0.09721,-0.06325,-0.48399,0.19775,-0.01293,-0.87751,0.12094,-0.16857,-1.03051,0.16672
21.5,0.36715,-0.38844,0.02654,0.45191,0.04909,0.02426,0.3961,0.26624,-0.01451,0.43568,-0.01804,-0.17122,0.2224,-0.0993,-0.25573,-0.03909,-0.05915,-0.26753,-0.21476,-0.04724,-0.27744,0.40386,-0.00985,0.21712,0.31633,-0.23451,0.25025,0.06885,-0.16818,0.18325,-0.07928,-0.1258,0.09746,0.33532,-0.46524,-0.05354,-0.03689,-0.47083,-0.20601,0.01102,-0.87118,-0.17947,-0.13274,-1.01807,-0.26598,0.32625,-0.46999,0.09725,-0.06297,-0.48342,0.19798,-0.01273,-0.87699,0.12142,-0.16844,-1.02989,0.16731
21.52,0.3674,-0.38836,0.02633,0.4485,0.04984,0.02149,0.39053,0.26648,-0.01693,0.42955,-0.01795,-0.17351,0.21532,-0.10039,-0.25438,-0.04659,-0.06131,-0.25753,-0.22248,-0.04937,-0.26173,0.40418,-0.00896,0.21529,0.31871,-0.23381,0.25231,0.07002,-0.16938,0.18803,-0.0796,-0.128,0.10436,0.33549,-0.46537,-0.05351,-0.03746,-0.47073,-0.20417,0.01104,-0.87112,-0.17931,-0.13287,-1.01796,-0.26567,0.32704,-0.46994,0.09732,-0.06212,-0.48223,0.19843,-0.01198,-0.8759,0.1223,-0.16763,-1.02882,0.16832
21.54,0.36773,-0.38824,0.02615,0.44452,0.0507,0.01888,0.38419,0.26675,-0.01928,0.42303,-0.01778,-0.17561,0.20806,-0.10139,-0.25325,-0.05404,-0.06379,-0.24836,-0.22999,-0.052,-0.24759,0.40395,-0.008,0.21353,0.3208,-0.23294,0.255,0.07086,-0.17106,0.19305,-0.08035,-0.13073,0.11178,0.33584,-0.46548,-0.05348,-0.03786,-0.47059,-0.20227,0.01109,-0.87103,-0.17912,-0.13301,-1.01778,-0.26531,0.32801,-0.46991,0.0974,-0.06106,-0.48085,0.199,-0.01105,-0.87462,0.12331,-0.1666,-1.02759,0.16949
21.56,0.36801,-0.38811,0.02595,0.4407,0.05148,0.01627,0.37811,0.26694,-0.02155,0.41662,-0.01773,-0.17766,0.20097,-0.10253,-0.25206,-0.06103,-0.06627,-0.23894,-0.23689,-0.05465,-0.23285,0.40389,-0.00705,0.21172,0.32312,-0.23206,0.2573,0.07202,-0.17244,0.19791,-0.08066,-0.13319,0.11887,0.33611,-0.46558,-0.05345,-0.03833,-0.47046,-0.20039,0.01111,-0.87094,-0.17895,-0.13316,-1.01762,-0.26497,0.32891,-0.46985,0.09745,-0.06007,-0.4796,0.19956,-0.0102,-0.87346,0.12423,-0.16568,-1.02646,0.17057
21.58,0.36837,-0.38812,0.02579,0.43714,0.05204,0.01358,0.37237,0.2669,-0.02396,0.4104,-0.01798,-0.17971,0.19385,-0.10396,-0.25,-0.06778,-0.0694,-0.22791,-0.24335,-0.05788,-0.21605,0.4041,-0.00619,0.20979,0.32566,-0.23109,0.25974,0.07342,-0.17392,0.20285,-0.08079,-0.13567,0.12631,0.33643,-0.46581,-0.05338,-0.03873,-0.47036,-0.19849,0.01117,-0.87087,-0.17881,-0.13326,-1.01746,-0.26471,0.32981,-0.46989,0.09756,-0.05914,-0.47815,0.19989,-0.00929,-0.87215,0.12527,-0.16465,-1.02521,0.17174
21.6,0.36856,-0.38783,0.02555,0.43282,0.05294,0.0112,0.36573,0.26717,-0.02593,0.40368,-0.01781,-0.18147,0.18685,-0.10494,-0.2495,-0.07423,-0.07169,-0.22016,-0.24944,-0.0606,-0.20353,0.4035,-0.00511,0.20805,0.32784,-0.23007,0.26188,0.07453,-0.1752,0.20754,-0.08098,-0.1382,0.13307,0.33667,-0.46575,-0.05342,-0.03921,-0.4702,-0.19664,0.01115,-0.87073,-0.17861,-0.13348,-1.01724,-0.26431,0.33072,-0.46973,0.09755,-0.05804,-0.4771,0.20069,-0.00846,-0.87113,0.12608,-0.16377,-1.02419,0.17275
21.62,0.36832,-0.38676,0.02506,0.42667,0.0548,0.00956,0.3569,0.2683,-0.0268,0.39554,-0.01645,-0.18262,0.18001,-0.10464,-0.25332,-0.08078,-0.07162,-0.22122,-0.25586,-0.06192,-0.20251,0.40106,-0.00351,0.20685,0.32914,-0.2291,0.26311,0.07487,-0.17591,0.21164,-0.08141,-0.14077,0.13789,0.33672,-0.46493,-0.05377,-0.03993,-0.46995,-0.19494,0.01089,-0.87048,-0.17817,-0.13401,-1.01694,-0.26349,0.33163,-0.46904,0.09723,-0.05646,-0.47717,0.2028,-0.00793,-0.87096,0.12626,-0.16338,-1.02375,0.17335
21.64,0.36789,-0.38539,0.0245,0.41976,0.05695,0.00829,0.34721,0.26967,-0.02718,0.38692,-0.01472,-0.18345,0.1733,-0.10382,-0.25867,-0.08732,-0.07067,-0.22541,-0.26238,-0.06272,-0.20568,0.39778,-0.00172,0.20591,0.33,-0.22813,0.26405,0.07485,-0.17645,0.21545,-0.08201,-0.14343,0.14196,0.33668,-0.46383,-0.05423,-0.04075,-0.46965,-0.19327,0.01055,-0.87016,-0.17764,-0.13464,-1.01658,-0.26253,0.33252,-0.46813,0.0968,-0.0547,-0.47765,0.20538,-0.00751,-0.87109,0.12621,-0.16315,-1.02352,0.17381
21.66,0.3675,-0.38416,0.02399,0.41311,0.05884,0.00699,0.33786,0.27076,-0.02761,0.37857,-0.01333,-0.18426,0.16665,-0.10326,-0.26321,-0.09373,-0.07026,-0.22792,-0.26868,-0.06394,-0.20671,0.39471,-6e-05,0.20491,0.33099,-0.22711,0.26508,0.075,-0.17708,0.21925,-0.08251,-0.14611,0.14626,0.33665,-0.46284,-0.05463,-0.04154,-0.46936,-0.19158,0.01026,-0.86985,-0.17717,-0.1352,-1.01625,-0.26164,0.33339,-0.46732,0.09641,-0.05303,-0.47797,0.20771,-0.00704,-0.87108,0.12624,-0.16284,-1.02321,0.17432
21.68,0.3673,-0.38293,0.02341,0.40664,0.06064,0.00561,0.3287,0.27173,-0.02812,0.36996,-0.01206,-0.18504,0.1597,-0.10283,-0.2674,-0.10044,-0.07038,-0.22993,-0.27528,-0.06623,-0.20729,0.39227,0.00157,0.20381,0.33256,-0.22601,0.26607,0.07574,-0.17751,0.22333,-0.08241,-0.14876,0.15082,0.33676,-0.46185,-0.05509,-0.04219,-0.46907,-0.18988,0.00993,-0.86956,-0.17662,-0.13589,-1.01587,-0.26063,0.33445,-0.46648,0.09596,-0.05111,-0.47814,0.21011,-0.00657,-0.87095,0.12644,-0.16257,-1.02269,0.17508
21.7,0.36667,-0.38162,0.02297,0.39961,0.06245,0.0047,0.31899,0.27268,-0.02812,0.3618,-0.0108,-0.18553,0.15354,-0.10207,-0.2723,-0.10634,-0.06966,-0.23304,-0.28105,-0.06695,-0.20919,0.3883,0.00323,0.20305,0.33291,-0.22497,0.267,0.07538,-0.17824,0.22664,-0.08331,-0.15154,0.15453,0.33657,-0.46078,-0.05546,-0.04309,-0.46875,-0.1882,0.00969,-0.86919,-0.17619,-0.13632,-1.01553,-0.25982,0.33512,-0.46561,0.09559,-0.04958,-0.47868,0.21245,-0.00614,-0.87107,0.12629,-0.16222,-1.02258,0.17538
21.72,0.36496,-0.38011,0.02289,0.39123,0.06441,0.00485,0.30789,0.27375,-0.02687,0.35492,-0.00932,-0.18547,0.14955,-0.10027,-0.27918,-0.10999,-0.06652,-0.23879,-0.28453,-0.06305,-0.21383,0.38041,0.00495,0.20316,0.33008,-0.22418,0.26795,0.07203,-0.17988,0.22818,-0.08702,-0.15455,0.15635,0.33556,-0.45949,-0.05559,-0.04473,-0.46834,-0.18646,0.00977,-0.86859,-0.17605,-0.13606,-1.01522,-0.2595,0.33482,-0.46466,0.09546,-0.0491,-0.48016,0.21457,-0.00574,-0.87184,0.12519,-0.16161,-1.02356,0.17436
21.74,0.36282,-0.37851,0.02297,0.38233,0.06638,0.00545,0.29628,0.27478,-0.02516,0.34852,-0.00774,-0.18518,0.14659,-0.09803,-0.28668,-0.11261,-0.0628,-0.24535,-0.28696,-0.0581,-0.21928,0.37103,0.00658,0.20363,0.32598,-0.22351,0.26892,0.06752,-0.18184,0.22902,-0.09178,-0.15766,0.15734,0.33423,-0.45809,-0.0556,-0.04662,-0.46788,-0.18475,0.00994,-0.86789,-0.17602,-0.13554,-1.01491,-0.25938,0.33412,-0.46365,0.09544,-0.04903,-0.48195,0.21663,-0.00538,-0.8728,0.12379,-0.16089,-1.02488,0.1729
21.76,0.36084,-0.37695,0.02304,0.37368,0.0682,0.00595,0.28495,0.27563,-0.02361,0.34194,-0.00627,-0.1849,0.14349,-0.09595,-0.29355,-0.1154,-0.05991,-0.25099,-0.28954,-0.0547,-0.22368,0.36229,0.00808,0.20403,0.32238,-0.22279,0.26991,0.06351,-0.18365,0.23014,-0.09605,-0.16073,0.15861,0.33303,-0.45673,-0.05561,-0.04837,-0.46743,-0.18305,0.01005,-0.86721,-0.17592,-0.13515,-1.01457,-0.25916,0.33356,-0.46263,0.09542,-0.04879,-0.48353,0.2187,-0.00501,-0.87357,0.12261,-0.16022,-1.02597,0.17174
21.78,0.35899,-0.3754,0.02286,0.36494,0.06992,0.00637,0.27335,0.2763,-0.02173,0.33516,-0.00479,-0.18471,0.14062,-0.09349,-0.30096,-0.11792,-0.05697,-0.25672,-0.2918,-0.05146,-0.22788,0.35367,0.00937,0.20433,0.31914,-0.22215,0.27094,0.05984,-0.18556,0.23148,-0.10003,-0.16387,0.16028,0.33189,-0.45535,-0.05586,-0.05021,-0.46699,-0.18112,0.01015,-0.8665,-0.17583,-0.13484,-1.01421,-0.25883,0.33321,-0.46163,0.09514,-0.04818,-0.48531,0.22085,-0.00463,-0.87448,0.1212,-0.15959,-1.02709,0.17044
21.8,0.35678,-0.37382,0.02323,0.35627,0.07155,0.00716,0.26225,0.27693,-0.02029,0.32895,-0.0034,-0.18419,0.13817,-0.09149,-0.30697,-0.12016,-0.05496,-0.26157,-0.29384,-0.04954,-0.23148,0.3445,0.01065,0.20498,0.3149,-0.22143,0.27198,0.0553,-0.18738,0.2322,-0.10469,-0.16692,0.16091,0.33055,-0.45395,-0.0556,-0.05192,-0.46652,-0.17962,0.01029,-0.86577,-0.17571,-0.13432,-1.01383,-0.25872,0.33236,-0.46054,0.09538,-0.0483,-0.48669,0.22282,-0.00426,-0.87505,0.12025,-0.15882,-1.02809,0.16945
21.82,0.35371,-0.37222,0.02514,0.34792,0.07311,0.00875,0.25268,0.27771,-0.02024,0.32424,-0.00229,-0.18291,0.13611,-0.09092,-0.30933,-0.12236,-0.05472,-0.26447,-0.29602,-0.04978,-0.23419,0.3341,0.01217,0.20643,0.30826,-0.2205,0.27296,0.04861,-0.18896,0.23148,-0.11103,-0.16976,0.15906,0.32878,-0.45263,-0.05383,-0.05316,-0.46603,-0.17938,0.01064,-0.86503,-0.17546,-0.13319,-1.01347,-0.25915,0.33022,-0.45932,0.09715,-0.05041,-0.48695,0.22435,-0.00382,-0.87473,0.12069,-0.15758,-1.02873,0.16936
21.84,0.3503,-0.3706,0.02759,0.33967,0.07461,0.01059,0.2437,0.27852,-0.02079,0.32012,-0.00123,-0.18136,0.13428,-0.09094,-0.31039,-0.12445,-0.0551,-0.26673,-0.29815,-0.05066,-0.23664,0.32322,0.01371,0.20807,0.30071,-0.21951,0.27391,0.04114,-0.1905,0.23014,-0.11794,-0.17257,0.15618,0.32683,-0.4513,-0.05153,-0.05425,-0.46552,-0.17957,0.01107,-0.86426,-0.17515,-0.13182,-1.0131,-0.25974,0.32759,-0.45803,0.09946,-0.05327,-0.48682,0.2257,-0.00337,-0.87407,0.12162,-0.15617,-1.02923,0.1696
21.86,0.34704,-0.36899,0.02974,0.33141,0.07606,0.01222,0.23453,0.27921,-0.0212,0.31573,-0.00013,-0.17995,0.13249,-0.09077,-0.312,-0.12645,-0.05535,-0.26924,-0.30016,-0.0514,-0.23914,0.31261,0.01509,0.20947,0.29363,-0.21858,0.27484,0.03415,-0.19211,0.22899,-0.12443,-0.17546,0.15366,0.32495,-0.44994,-0.04953,-0.05543,-0.46502,-0.17954,0.01147,-0.8635,-0.17482,-0.13057,-1.01273,-0.26018,0.32518,-0.45675,0.10146,-0.05577,-0.48687,0.22713,-0.00293,-0.87353,0.12232,-0.15485,-1.02975,0.1697
21.88,0.34376,-0.36737,0.03209,0.32302,0.07744,0.01392,0.22529,0.27989,-0.02125,0.31142,0.00093,-0.17841,0.13065,-0.09002,-0.31361,-0.12849,-0.05504,-0.27168,-0.30223,-0.05183,-0.24164,0.30173,0.01638,0.21089,0.28651,-0.21771,0.27571,0.0271,-0.19384,0.22808,-0.13103,-0.17843,0.15154,0.32313,-0.44862,-0.04726,-0.05646,-0.46443,-0.17951,0.01195,-0.86265,-0.17444,-0.12918,-1.01225,-0.26064,0.32277,-0.45541,0.10372,-0.05832,-0.4868,0.22865,-0.00239,-0.87287,0.12326,-0.15338,-1.03018,0.17001
21.9,0.34046,-0.36578,0.03417,0.31497,0.07876,0.01541,0.21654,0.28041,-0.02227,0.30715,0.00204,-0.17702,0.12914,-0.09051,-0.31479,-0.13023,-0.05603,-0.27394,-0.30397,-0.05311,-0.24389,0.29139,0.01755,0.21208,0.2794,-0.21679,0.27666,0.02024,-0.19542,0.22652,-0.13722,-0.18137,0.14837,0.32116,-0.44719,-0.04535,-0.05771,-0.46398,-0.17949,0.0123,-0.86192,-0.17403,-0.12796,-1.01193,-0.26092,0.32028,-0.45416,0.10563,-0.06089,-0.48682,0.23,-0.00203,-0.87227,0.12395,-0.15211,-1.03061,0.17013
21.92,0.3371,-0.36424,0.03541,0.30764,0.08004,0.0164,0.20879,0.28059,-0.02583,0.30267,0.00329,-0.17611,0.12841,-0.09441,-0.31511,-0.13132,-0.06056,-0.27606,-0.30501,-0.05657,-0.24581,0.28247,0.01859,0.21279,0.2723,-0.2157,0.2779,0.01386,-0.19662,0.22333,-0.14241,-0.18424,0.14255,0.31878,-0.44545,-0.04454,-0.05978,-0.46403,-0.17934,0.01218,-0.86161,-0.17353,-0.12738,-1.01215,-0.26064,0.31757,-0.45314,0.1064,-0.06337,-0.48725,0.23106,-0.00221,-0.872,0.12377,-0.15148,-1.03122,0.16956
21.94,0.33374,-0.36275,0.03637,0.30067,0.08127,0.01719,0.20165,0.28055,-0.03028,0.29822,0.00454,-0.17538,0.12816,-0.09948,-0.315,-0.13198,-0.0662,-0.27828,-0.30563,-0.06053,-0.24805,0.27413,0.01953,0.21331,0.2652,-0.21458,0.27922,0.00775,-0.19767,0.21952,-0.14706,-0.18705,0.13574,0.31626,-0.44364,-0.0441,-0.0621,-0.46425,-0.17918,0.01192,-0.86145,-0.17297,-0.12699,-1.01257,-0.26013,0.31481,-0.45223,0.10679,-0.06583,-0.4878,0.23197,-0.00254,-0.87184,0.12335,-0.15104,-1.03186,0.16882
21.96,0.33042,-0.36128,0.03745,0.29364,0.08244,0.01801,0.19452,0.28046,-0.03427,0.29383,0.00574,-0.17459,0.128,-0.10386,-0.31501,-0.13254,-0.07109,-0.28067,-0.30617,-0.06384,-0.2507,0.26564,0.02042,0.21384,0.25815,-0.21353,0.28048,0.00173,-0.19879,0.21598,-0.15164,-0.18986,0.1294,0.31383,-0.44191,-0.04347,-0.06425,-0.46441,-0.17902,0.01175,-0.86123,-0.17239,-0.12648,-1.0129,-0.25966,0.31211,-0.45128,0.10737,-0.06827,-0.48827,0.23293,-0.00275,-0.8716,0.12313,-0.15045,-1.03245,0.16828
21.98,0.32691,-0.35964,0.03859,0.28616,0.08372,0.01886,0.18711,0.28034,-0.0386,0.28911,0.00708,-0.17375,0.12796,-0.10839,-0.31491,-0.13302,-0.07625,-0.2834,-0.30668,-0.06744,-0.25403,0.25667,0.02138,0.21436,0.25078,-0.21245,0.28159,-0.00453,-0.20015,0.21231,-0.1564,-0.19296,0.12297,0.31123,-0.43996,-0.04281,-0.06659,-0.46461,-0.1787,0.01153,-0.86101,-0.17167,-0.12602,-1.01326,-0.25901,0.30929,-0.45019,0.10797,-0.0707,-0.48885,0.2342,-0.00295,-0.87135,0.1229,-0.14979,-1.03308,0.16773
22,0.32382,-0.35837,0.03954,0.27972,0.08465,0.01949,0.1808,0.27998,-0.04243,0.2851,0.00809,-0.17309,0.12828,-0.1126,-0.31476,-0.13303,-0.08071,-0.28592,-0.3067,-0.06998,-0.25727,0.24889,0.02203,0.2147,0.2441,-0.21154,0.28292,-0.00991,-0.20108,0.20876,-0.16015,-0.19551,0.11659,0.30896,-0.43843,-0.04227,-0.06857,-0.4648,-0.17863,0.01143,-0.86082,-0.17107,-0.12545,-1.01363,-0.25848,0.30678,-0.44939,0.10846,-0.07302,-0.48924,0.23488,-0.00312,-0.87111,0.12277,-0.1492,-1.0336,0.16733
22.02,0.32183,-0.35812,0.04005,0.27601,0.08472,0.01971,0.17696,0.27918,-0.04469,0.28305,0.00819,-0.17284,0.12943,-0.11623,-0.31479,-0.13199,-0.08372,-0.28763,-0.30555,-0.07018,-0.2595,0.24408,0.02195,0.2147,0.23924,-0.21097,0.28507,-0.01319,-0.20077,0.20568,-0.16151,-0.1965,0.11038,0.30759,-0.43809,-0.04196,-0.06958,-0.46495,-0.17922,0.01165,-0.8607,-0.17089,-0.12458,-1.014,-0.25846,0.30506,-0.44936,0.10873,-0.07516,-0.48908,0.23395,-0.00323,-0.8709,0.12295,-0.14888,-1.03385,0.16726
22.04,0.32028,-0.35825,0.04039,0.27335,0.08446,0.01976,0.17409,0.27822,-0.04638,0.28173,0.00794,-0.17274,0.13071,-0.1195,-0.31481,-0.13071,-0.08599,-0.28896,-0.30409,-0.06936,-0.26139,0.24046,0.02161,0.21456,0.2351,-0.21053,0.28744,-0.01561,-0.20008,0.2028,-0.16188,-0.19704,0.10435,0.30658,-0.43818,-0.04175,-0.07021,-0.46507,-0.18006,0.01197,-0.8606,-0.17086,-0.12362,-1.01437,-0.2586,0.30364,-0.44963,0.10892,-0.07719,-0.48872,0.23243,-0.00336,-0.87071,0.12325,-0.1487,-1.03399,0.16734
22.06,0.31858,-0.35822,0.04081,0.27026,0.08432,0.01985,0.17088,0.27733,-0.0483,0.2801,0.00782,-0.17258,0.13179,-0.12267,-0.31473,-0.12966,-0.08823,-0.29046,-0.30286,-0.06869,-0.26366,0.23638,0.02138,0.21445,0.23069,-0.21004,0.2896,-0.01827,-0.19969,0.19989,-0.16251,-0.19794,0.09845,0.30544,-0.43809,-0.04149,-0.07096,-0.46519,-0.1808,0.01223,-0.86049,-0.17073,-0.12272,-1.01471,-0.25863,0.30213,-0.44977,0.10917,-0.07922,-0.48845,0.2312,-0.00348,-0.8705,0.12353,-0.14846,-1.03415,0.16741
22.08,0.31667,-0.35814,0.04124,0.26698,0.08424,0.02001,0.1675,0.27637,-0.05043,0.27839,0.0078,-0.17236,0.134,-0.12672,-0.31479,-0.12755,-0.0916,-0.29261,-0.30053,-0.06878,-0.26702,0.23198,0.02115,0.21437,0.22586,-0.20941,0.29208,-0.02097,-0.19915,0.19669,-0.16292,-0.19879,0.09205,0.30412,-0.43792,-0.04124,-0.07193,-0.46537,-0.18142,0.01251,-0.86038,-0.17057,-0.12175,-1.01513,-0.25863,0.30047,-0.44989,0.10939,-0.08139,-0.48818,0.22997,-0.00363,-0.87025,0.12385,-0.1482,-1.03431,0.16752
22.1,0.31531,-0.35825,0.04159,0.26438,0.08397,0.01996,0.16479,0.27548,-0.05201,0.27702,0.00751,-0.17232,0.13401,-0.12876,-0.3145,-0.12746,-0.09236,-0.29353,-0.30019,-0.06695,-0.26873,0.22857,0.02083,0.21415,0.222,-0.20905,0.29381,-0.02314,-0.19895,0.19414,-0.16313,-0.19988,0.08691,0.30328,-0.43801,-0.04098,-0.07234,-0.46542,-0.18232,0.01279,-0.86025,-0.17047,-0.12092,-1.01539,-0.25869,0.29921,-0.4501,0.10962,-0.08321,-0.48785,0.22859,-0.00374,-0.87004,0.12418,-0.14804,-1.0344,0.16767
22.12,0.31541,-0.35882,0.04183,0.26333,0.08322,0.01942,0.16356,0.27477,-0.0522,0.27637,0.00648,-0.17273,0.12794,-0.12534,-0.31352,-0.13296,-0.08593,-0.29092,-0.30542,-0.05969,-0.26512,0.22749,0.02032,0.21368,0.22067,-0.20946,0.29359,-0.02428,-0.19964,0.19342,-0.16346,-0.2016,0.08514,0.30375,-0.43876,-0.04062,-0.0712,-0.4651,-0.18393,0.01313,-0.86006,-0.17051,-0.12039,-1.0152,-0.259,0.29905,-0.45053,0.10999,-0.08409,-0.48742,0.22689,-0.00369,-0.86996,0.1245,-0.14802,-1.03435,0.16776
22.14,0.31606,-0.35956,0.042,0.26298,0.08232,0.01869,0.16299,0.27415,-0.05184,0.27605,0.0052,-0.1733,0.11988,-0.11951,-0.31219,-0.14022,-0.07653,-0.28704,-0.31244,-0.05021,-0.25972,0.22741,0.01974,0.2131,0.22034,-0.21016,0.29265,-0.02498,-0.20061,0.19334,-0.16374,-0.20347,0.08456,0.3047,-0.43975,-0.04025,-0.06949,-0.46465,-0.1858,0.01347,-0.85984,-0.17061,-0.11999,-1.01485,-0.25941,0.2993,-0.45104,0.11037,-0.0846,-0.48696,0.22506,-0.00359,-0.86994,0.12481,-0.14808,-1.03425,0.16785
22.16,0.31645,-0.36019,0.04215,0.26237,0.08152,0.01801,0.16218,0.27353,-0.05177,0.2756,0.00407,-0.17383,0.11302,-0.11428,-0.31092,-0.14633,-0.06808,-0.28383,-0.31832,-0.04145,-0.25542,0.22696,0.01923,0.21255,0.2196,-0.21071,0.29196,-0.02583,-0.20143,0.1929,-0.16398,-0.20523,0.08337,0.30541,-0.44059,-0.03993,-0.06805,-0.46427,-0.18755,0.01379,-0.85962,-0.17071,-0.11956,-1.01458,-0.25978,0.29935,-0.45147,0.1107,-0.08524,-0.48653,0.2233,-0.00355,-0.86989,0.12509,-0.14814,-1.03417,0.16792
22.18,0.31687,-0.36097,0.0425,0.26154,0.08053,0.01737,0.16113,0.2727,-0.05164,0.2751,0.0027,-0.1743,0.10664,-0.10882,-0.31001,-0.15176,-0.05881,-0.28067,-0.32338,-0.03124,-0.25097,0.2262,0.01856,0.21202,0.21868,-0.21133,0.29154,-0.02685,-0.2023,0.19273,-0.16442,-0.20715,0.0825,0.30619,-0.4416,-0.03941,-0.06644,-0.46389,-0.18932,0.01422,-0.85941,-0.17076,-0.119,-1.01428,-0.26017,0.29943,-0.45206,0.11122,-0.08596,-0.48605,0.2214,-0.00344,-0.86982,0.1255,-0.14813,-1.03407,0.16807
22.2,0.31736,-0.36147,0.04242,0.26135,0.07991,0.0166,0.16079,0.27231,-0.05153,0.27478,0.00176,-0.17495,0.09972,-0.10229,-0.30821,-0.15794,-0.04946,-0.27733,-0.32954,-0.02237,-0.24705,0.22635,0.01822,0.2114,0.21839,-0.21184,0.2904,-0.02739,-0.20312,0.19215,-0.16441,-0.20878,0.08128,0.30693,-0.44232,-0.0393,-0.06499,-0.46349,-0.19112,0.01445,-0.85918,-0.17095,-0.11872,-1.01398,-0.26056,0.29954,-0.45235,0.11133,-0.0864,-0.48567,0.21975,-0.00347,-0.86979,0.12562,-0.14829,-1.03396,0.16805
22.22,0.31792,-0.36114,0.04119,0.26263,0.08034,0.01557,0.16211,0.27311,-0.05156,0.27482,0.00212,-0.17604,0.09117,-0.09362,-0.30387,-0.16648,-0.0406,-0.27325,-0.33892,-0.01772,-0.24431,0.22863,0.01878,0.21059,0.21945,-0.21196,0.28744,-0.02675,-0.20377,0.19024,-0.16325,-0.20958,0.07873,0.30746,-0.44219,-0.04033,-0.06417,-0.46305,-0.1929,0.01411,-0.8589,-0.17143,-0.11924,-1.01365,-0.26086,0.29969,-0.45177,0.11031,-0.08616,-0.48555,0.21894,-0.00391,-0.86985,0.12493,-0.14888,-1.03384,0.16758
22.24,0.31853,-0.36052,0.03954,0.26455,0.08115,0.01444,0.16415,0.27437,-0.05158,0.27503,0.00294,-0.17727,0.08251,-0.08368,-0.29837,-0.17539,-0.03134,-0.26872,-0.34884,-0.01394,-0.24206,0.2318,0.01965,0.20969,0.22106,-0.21191,0.28381,-0.02565,-0.20431,0.18785,-0.16163,-0.21005,0.07572,0.30793,-0.44177,-0.04176,-0.06356,-0.46259,-0.19467,0.01357,-0.8586,-0.17203,-0.12004,-1.01331,-0.26113,0.29986,-0.45089,0.10888,-0.08566,-0.4855,0.21841,-0.0045,-0.86992,0.12399,-0.14962,-1.03368,0.16699
22.26,0.3191,-0.36005,0.03809,0.26622,0.08178,0.01337,0.16594,0.27542,-0.05157,0.27517,0.00355,-0.17841,0.07486,-0.07365,-0.29307,-0.18317,-0.02143,-0.26432,-0.35736,-0.00868,-0.24,0.23463,0.02036,0.20884,0.22239,-0.2119,0.28052,-0.02476,-0.20483,0.18565,-0.16019,-0.21063,0.07284,0.3084,-0.44149,-0.04301,-0.06288,-0.46215,-0.19644,0.0131,-0.85831,-0.17256,-0.12073,-1.01298,-0.26141,0.30001,-0.45016,0.10765,-0.0853,-0.4854,0.21772,-0.00503,-0.86998,0.12321,-0.15031,-1.03352,0.16652
22.28,0.31974,-0.35952,0.03658,0.26768,0.08242,0.01221,0.16742,0.27642,-0.0517,0.2752,0.00418,-0.17962,0.06744,-0.06239,-0.28751,-0.19055,-0.00963,-0.25944,-0.36537,-0.00138,-0.2378,0.23723,0.02107,0.20788,0.22357,-0.21187,0.27703,-0.02399,-0.20538,0.1832,-0.15881,-0.21115,0.06967,0.30897,-0.44117,-0.0443,-0.06211,-0.46166,-0.19824,0.01263,-0.85798,-0.17312,-0.12145,-1.01259,-0.26169,0.30022,-0.44937,0.10637,-0.0848,-0.48531,0.2172,-0.00557,-0.87003,0.12237,-0.15101,-1.03334,0.16601
22.3,0.32025,-0.35903,0.0351,0.26974,0.08312,0.01122,0.16975,0.27764,-0.05151,0.27553,0.0049,-0.18068,0.06155,-0.0521,-0.28165,-0.19669,0.00036,-0.25535,-0.37205,0.00423,-0.2371,0.2405,0.02184,0.2071,0.22506,-0.21171,0.2738,-0.0229,-0.20571,0.18098,-0.15713,-0.21159,0.06677,0.30932,-0.44086,-0.04558,-0.06159,-0.46127,-0.19993,0.01212,-0.8577,-0.17363,-0.12218,-1.01229,-0.26193,0.30031,-0.44862,0.10509,-0.08451,-0.48515,0.21646,-0.00613,-0.87006,0.12167,-0.15172,-1.03315,0.16567
22.32,0.32033,-0.35868,0.03372,0.27328,0.08389,0.01067,0.1742,0.27936,-0.05056,0.27656,0.00579,-0.18134,0.05796,-0.04527,-0.27534,-0.20137,0.00365,-0.25332,-0.37722,0.0027,-0.24002,0.24542,0.02269,0.20677,0.22732,-0.21127,0.27131,-0.021,-0.20549,0.17947,-0.15471,-0.21189,0.06467,0.30906,-0.44061,-0.0468,-0.06171,-0.46111,-0.20149,0.01153,-0.85755,-0.17406,-0.12284,-1.01223,-0.26208,0.29996,-0.44805,0.10388,-0.08495,-0.4848,0.21486,-0.00677,-0.87006,0.12134,-0.15245,-1.03298,0.16566
22.34,0.32029,-0.35838,0.03238,0.27742,0.08467,0.01028,0.17952,0.28124,-0.04927,0.27795,0.00675,-0.18184,0.05555,-0.03993,-0.26896,-0.20501,0.00422,-0.25187,-0.38108,-0.0017,-0.24404,0.25098,0.02352,0.20659,0.22987,-0.21074,0.2691,-0.0188,-0.20509,0.17821,-0.15202,-0.21215,0.06287,0.30859,-0.44039,-0.04801,-0.06208,-0.46104,-0.20293,0.01093,-0.85745,-0.17445,-0.12348,-1.01226,-0.26218,0.29949,-0.44753,0.10269,-0.08559,-0.48439,0.21304,-0.00741,-0.87004,0.12114,-0.15316,-1.0328,0.1658
22.36,0.32034,-0.35809,0.03106,0.28133,0.08536,0.00983,0.18453,0.28297,-0.04806,0.27929,0.00765,-0.18237,0.05336,-0.03406,-0.26266,-0.20812,0.00598,-0.24992,-0.38413,-0.00451,-0.24756,0.25623,0.02424,0.20633,0.23224,-0.21028,0.2668,-0.01677,-0.2048,0.17683,-0.14947,-0.21247,0.06094,0.30823,-0.44017,-0.04918,-0.06234,-0.46095,-0.20433,0.01035,-0.85735,-0.17481,-0.12412,-1.01226,-0.26226,0.29913,-0.44702,0.10153,-0.08606,-0.48403,0.21142,-0.00802,-0.87004,0.12092,-0.15384,-1.03263,0.16591
22.38,0.32027,-0.35764,0.02958,0.28515,0.08618,0.00928,0.18948,0.28476,-0.04714,0.28028,0.00873,-0.18296,0.05056,-0.02654,-0.25519,-0.21186,0.00828,-0.2476,-0.38742,-0.00752,-0.25284,0.26163,0.02505,0.20598,0.23456,-0.20969,0.26428,-0.01472,-0.20427,0.17504,-0.14671,-0.21246,0.05838,0.3078,-0.43983,-0.0505,-0.06259,-0.46078,-0.20606,0.00969,-0.85715,-0.17525,-0.12483,-1.01219,-0.2624,0.29861,-0.44632,0.10022,-0.08675,-0.48356,0.20946,-0.00873,-0.86997,0.12063,-0.15464,-1.03239,0.16597
22.4,0.32041,-0.35754,0.02845,0.28931,0.08661,0.00896,0.19483,0.2863,-0.04555,0.2821,0.00946,-0.18333,0.05021,-0.0226,-0.24989,-0.21273,0.00868,-0.24565,-0.38777,-0.01059,-0.25511,0.26686,0.02546,0.20577,0.23691,-0.20935,0.2623,-0.01271,-0.20413,0.174,-0.14432,-0.21305,0.05697,0.30747,-0.43977,-0.05152,-0.06293,-0.46081,-0.20704,0.00919,-0.85716,-0.1755,-0.1254,-1.01229,-0.26237,0.29838,-0.44603,0.09922,-0.08706,-0.48329,0.20818,-0.00922,-0.87,0.12055,-0.15519,-1.03228,0.16622
22.42,0.32113,-0.35832,0.02824,0.29417,0.08612,0.00914,0.20095,0.28723,-0.0422,0.28593,0.00918,-0.1832,0.05516,-0.02813,-0.25091,-0.20753,0.00496,-0.2454,-0.38289,-0.01333,-0.24854,0.27147,0.02503,0.20594,0.23939,-0.2097,0.26165,-0.01086,-0.20521,0.17512,-0.14304,-0.21569,0.05886,0.30746,-0.44041,-0.05175,-0.06349,-0.46136,-0.20593,0.00917,-0.85768,-0.17526,-0.12558,-1.01281,-0.26188,0.29893,-0.44676,0.09902,-0.08631,-0.48353,0.20881,-0.00905,-0.87032,0.12099,-0.15505,-1.03249,0.16693
22.44,0.32208,-0.35945,0.02839,0.29938,0.08524,0.00951,0.20747,0.28783,-0.03822,0.29061,0.00849,-0.18287,0.06249,-0.03732,-0.25426,-0.19957,8e-05,-0.24663,-0.37523,-0.01422,-0.2404,0.27588,0.02426,0.20626,0.24194,-0.21031,0.26156,-0.00901,-0.2067,0.17704,-0.14212,-0.21893,0.06202,0.30759,-0.44134,-0.05166,-0.06411,-0.46211,-0.20407,0.00934,-0.85839,-0.17487,-0.12561,-1.01348,-0.26125,0.29977,-0.44789,0.09913,-0.08519,-0.48396,0.21013,-0.00864,-0.87073,0.12164,-0.15465,-1.03283,0.1678
22.46,0.32295,-0.36044,0.02841,0.30448,0.08445,0.0098,0.21392,0.28842,-0.03457,0.29501,0.00791,-0.18264,0.06923,-0.04495,-0.25655,-0.19224,-0.00382,-0.24813,-0.3678,-0.01399,-0.23494,0.28038,0.02358,0.2065,0.24446,-0.21081,0.26129,-0.0071,-0.20795,0.17857,-0.14098,-0.22166,0.06462,0.30769,-0.44215,-0.05168,-0.06464,-0.46275,-0.20256,0.00942,-0.859,-0.17455,-0.1257,-1.01407,-0.26071,0.30049,-0.44885,0.09914,-0.08424,-0.4843,0.21117,-0.00834,-0.87109,0.12221,-0.15437,-1.03311,0.1686
22.48,0.32374,-0.36133,0.02829,0.30943,0.08372,0.00984,0.22024,0.28902,-0.03104,0.29902,0.00734,-0.18261,0.07565,-0.05189,-0.25897,-0.18506,-0.00603,-0.25132,-0.36028,-0.01053,-0.23196,0.28499,0.02302,0.20655,0.24707,-0.21122,0.26066,-0.00521,-0.20941,0.18013,-0.13975,-0.22536,0.06724,0.3077,-0.44287,-0.05182,-0.06533,-0.4634,-0.20098,0.00951,-0.85959,-0.17423,-0.12579,-1.01466,-0.26011,0.30121,-0.44972,0.09903,-0.08326,-0.48461,0.21209,-0.00801,-0.87145,0.12276,-0.15407,-1.03337,0.16943
22.5,0.32474,-0.36252,0.02854,0.31477,0.08266,0.01032,0.22701,0.28921,-0.02723,0.30403,0.00649,-0.18219,0.08409,-0.06089,-0.26168,-0.17577,-0.01047,-0.25389,-0.35032,-0.00872,-0.22881,0.28932,0.02208,0.20695,0.24949,-0.21188,0.26086,-0.00325,-0.21057,0.18182,-0.13873,-0.22726,0.07017,0.30792,-0.44384,-0.05163,-0.06569,-0.46409,-0.19938,0.00963,-0.86027,-0.17387,-0.12586,-1.01526,-0.2596,0.30197,-0.45089,0.09923,-0.08225,-0.48502,0.21338,-0.00769,-0.87184,0.1234,-0.15378,-1.03368,0.17023
22.52,0.32624,-0.36448,0.02972,0.321,0.0808,0.012,0.23471,0.28846,-0.02272,0.31156,0.00498,-0.18072,0.09758,-0.07499,-0.26469,-0.16143,-0.02121,-0.25238,-0.33484,-0.01406,-0.22112,0.29282,0.02024,0.20826,0.25144,-0.21319,0.2633,-0.00107,-0.21063,0.18353,-0.13829,-0.22349,0.07351,0.30867,-0.44546,-0.05063,-0.06517,-0.46486,-0.19791,0.00982,-0.86117,-0.17352,-0.12592,-1.01584,-0.25943,0.30277,-0.45282,0.10021,-0.08116,-0.48573,0.21568,-0.00743,-0.87234,0.12412,-0.15361,-1.03413,0.17083
22.54,0.32794,-0.36672,0.03124,0.32761,0.07862,0.01417,0.24277,0.28729,-0.01791,0.32007,0.00319,-0.17879,0.11383,-0.09066,-0.26762,-0.14421,-0.0339,-0.24967,-0.31616,-0.02158,-0.2125,0.29606,0.01807,0.20992,0.25312,-0.2147,0.26655,0.00108,-0.21033,0.18535,-0.13806,-0.21806,0.07729,0.30964,-0.44731,-0.04934,-0.0643,-0.46565,-0.1965,0.01006,-0.86215,-0.17316,-0.12597,-1.01639,-0.25938,0.3036,-0.45503,0.10148,-0.08005,-0.48653,0.21826,-0.00718,-0.87287,0.12488,-0.15348,-1.03462,0.17134
22.56,0.32956,-0.36882,0.03257,0.33409,0.07652,0.01614,0.25068,0.28616,-0.01326,0.32816,0.00142,-0.17701,0.13006,-0.10493,-0.27016,-0.12693,-0.04489,-0.24814,-0.29728,-0.02704,-0.20621,0.29948,0.01605,0.21139,0.25481,-0.21606,0.26938,0.00313,-0.21021,0.18718,-0.13771,-0.21386,0.08112,0.31054,-0.44903,-0.04823,-0.06355,-0.46642,-0.19513,0.01028,-0.86307,-0.17283,-0.12602,-1.01694,-0.25929,0.30442,-0.45709,0.10258,-0.07898,-0.48727,0.22054,-0.00692,-0.87338,0.12559,-0.15333,-1.03509,0.17185
22.58,0.33116,-0.37099,0.03405,0.3404,0.07429,0.01805,0.25822,0.28479,-0.00856,0.33621,-0.0006,-0.17521,0.14766,-0.11961,-0.27278,-0.10763,-0.05442,-0.2461,-0.27577,-0.02909,-0.19934,0.30266,0.01403,0.21279,0.25672,-0.2174,0.27245,0.0056,-0.20961,0.18872,-0.13711,-0.20833,0.08513,0.3114,-0.45081,-0.04695,-0.06286,-0.46719,-0.19352,0.01058,-0.86399,-0.17251,-0.12596,-1.01748,-0.25927,0.30525,-0.45922,0.10383,-0.07772,-0.48815,0.22348,-0.00661,-0.87387,0.1263,-0.15312,-1.03556,0.17232
22.6,0.33283,-0.37307,0.03531,0.34713,0.07211,0.02023,0.26646,0.28349,-0.0039,0.34455,-0.00242,-0.17321,0.16534,-0.13244,-0.27426,-0.08916,-0.06525,-0.24518,-0.25585,-0.03574,-0.19574,0.30629,0.01195,0.21437,0.25798,-0.2187,0.2752,0.00711,-0.20973,0.19083,-0.13697,-0.20537,0.08925,0.31237,-0.45248,-0.04592,-0.06193,-0.46792,-0.19247,0.01076,-0.8649,-0.1722,-0.12608,-1.01798,-0.2592,0.30603,-0.46123,0.10483,-0.07686,-0.48877,0.22508,-0.0064,-0.87438,0.12697,-0.15305,-1.036,0.17277
22.62,0.33464,-0.37485,0.03594,0.35499,0.07016,0.02307,0.2767,0.28263,0.0007,0.35349,-0.00345,-0.17073,0.18113,-0.14137,-0.27321,-0.07568,-0.08208,-0.2474,-0.2437,-0.05854,-0.19931,0.31129,0.00968,0.21649,0.25763,-0.21989,0.27691,0.00601,-0.21197,0.1947,-0.13824,-0.20951,0.09329,0.31358,-0.45381,-0.04558,-0.06045,-0.46856,-0.19291,0.01059,-0.86579,-0.17187,-0.12672,-1.01843,-0.2589,0.30664,-0.4629,0.10513,-0.07713,-0.48864,0.22292,-0.00648,-0.87492,0.12762,-0.15342,-1.03631,0.17333
22.64,0.33651,-0.37653,0.03634,0.36323,0.06822,0.02621,0.28764,0.28181,0.00535,0.36267,-0.00429,-0.16801,0.19625,-0.14879,-0.27124,-0.06338,-0.10084,-0.25061,-0.2332,-0.08685,-0.20521,0.31671,0.00728,0.21883,0.25666,-0.22097,0.27822,0.00398,-0.21483,0.19915,-0.14003,-0.21596,0.09739,0.31488,-0.45502,-0.04549,-0.05873,-0.46915,-0.19392,0.01032,-0.86666,-0.17157,-0.12754,-1.01882,-0.25858,0.3072,-0.46444,0.10516,-0.07777,-0.48824,0.21941,-0.00671,-0.87544,0.12826,-0.15401,-1.03652,0.17392
22.66,0.33837,-0.37825,0.03683,0.37123,0.06614,0.02927,0.29819,0.28077,0.01007,0.37174,-0.00539,-0.16532,0.21193,-0.1565,-0.26951,-0.04958,-0.11801,-0.25327,-0.22041,-0.11159,-0.20999,0.32187,0.00488,0.22107,0.25596,-0.22197,0.27962,0.00242,-0.2172,0.20327,-0.14158,-0.22104,0.10155,0.31618,-0.45626,-0.0453,-0.05707,-0.46973,-0.19472,0.01013,-0.86751,-0.17133,-0.12823,-1.0192,-0.25835,0.30781,-0.46601,0.10529,-0.07816,-0.48793,0.21651,-0.0069,-0.87591,0.12888,-0.15453,-1.0367,0.1745
22.68,0.34017,-0.38001,0.03738,0.37934,0.0639,0.0325,0.3088,0.27951,0.01491,0.3809,-0.00663,-0.16244,0.22892,-0.16522,-0.26724,-0.03428,-0.13825,-0.25577,-0.20571,-0.14111,-0.21453,0.32709,0.00236,0.22345,0.2553,-0.22294,0.28106,0.00084,-0.21944,0.20779,-0.14305,-0.22642,0.10608,0.31741,-0.45752,-0.04507,-0.05546,-0.47034,-0.1955,0.00989,-0.86835,-0.17103,-0.12896,-1.01958,-0.25808,0.30833,-0.46762,0.10546,-0.07867,-0.48758,0.21343,-0.00721,-0.87634,0.12947,-0.15518,-1.03683,0.17503
22.7,0.3421,-0.38165,0.03776,0.38723,0.06172,0.0356,0.31932,0.2783,0.01974,0.38988,-0.00784,-0.15968,0.24364,-0.17118,-0.26533,-0.02043,-0.15241,-0.25846,-0.19221,-0.16184,-0.21972,0.33218,-8e-05,0.22567,0.25445,-0.22368,0.28218,-0.00079,-0.2217,0.21161,-0.14467,-0.23132,0.11009,0.31882,-0.45868,-0.045,-0.05363,-0.47086,-0.1965,0.00977,-0.86912,-0.17093,-0.12958,-1.01986,-0.25802,0.30902,-0.46909,0.10546,-0.07892,-0.48719,0.21033,-0.00741,-0.87673,0.1301,-0.15575,-1.03687,0.17567
22.72,0.34442,-0.38299,0.03772,0.39455,0.05985,0.03819,0.32957,0.27748,0.0245,0.39839,-0.00879,-0.15739,0.25196,-0.1706,-0.26513,-0.01206,-0.15014,-0.26212,-0.18471,-0.15801,-0.22709,0.33689,-0.00224,0.2274,0.25314,-0.22396,0.28272,-0.00246,-0.22415,0.21343,-0.14673,-0.2347,0.11257,0.32077,-0.45964,-0.04528,-0.05123,-0.47119,-0.19795,0.00999,-0.86972,-0.17127,-0.12994,-1.01991,-0.2584,0.31023,-0.47024,0.10511,-0.07844,-0.48677,0.20751,-0.00717,-0.87708,0.13093,-0.15595,-1.03675,0.17672
22.74,0.34687,-0.38421,0.03752,0.40164,0.05807,0.04062,0.3397,0.27671,0.02925,0.4067,-0.00969,-0.15524,0.25771,-0.16741,-0.26551,-0.00586,-0.14161,-0.26597,-0.17944,-0.14499,-0.23507,0.34146,-0.0043,0.22895,0.25169,-0.22398,0.28293,-0.00414,-0.22654,0.21452,-0.14895,-0.23742,0.11448,0.32289,-0.46051,-0.04571,-0.04862,-0.47145,-0.19958,0.01032,-0.87024,-0.17179,-0.13018,-1.01986,-0.25898,0.31162,-0.47126,0.10463,-0.0777,-0.48634,0.20475,-0.00681,-0.87741,0.13178,-0.15604,-1.03657,0.17786
22.76,0.34923,-0.38546,0.0374,0.40876,0.05617,0.04316,0.34976,0.27574,0.03408,0.41502,-0.01071,-0.15297,0.26447,-0.16526,-0.26557,0.00134,-0.13551,-0.26942,-0.17291,-0.13552,-0.24236,0.34604,-0.00642,0.23059,0.25037,-0.22395,0.28313,-0.00573,-0.22864,0.21588,-0.15105,-0.24001,0.11664,0.32492,-0.4614,-0.04607,-0.04612,-0.47172,-0.20113,0.01061,-0.87076,-0.17227,-0.13044,-1.0198,-0.25953,0.31291,-0.47231,0.1042,-0.07706,-0.48591,0.20197,-0.00656,-0.8777,0.13256,-0.15625,-1.03637,0.17887
22.78,0.35173,-0.3868,0.03722,0.41602,0.05412,0.04584,0.36002,0.27455,0.03917,0.4236,-0.01186,-0.15055,0.27231,-0.16394,-0.2655,0.00963,-0.13136,-0.27377,-0.16523,-0.12878,-0.25105,0.35067,-0.00871,0.23228,0.24899,-0.22381,0.28352,-0.0074,-0.23103,0.2176,-0.15326,-0.24323,0.11925,0.32708,-0.46234,-0.0465,-0.04346,-0.47201,-0.2028,0.01091,-0.8713,-0.17275,-0.13076,-1.01974,-0.26007,0.3143,-0.47343,0.10368,-0.07634,-0.48538,0.19898,-0.00625,-0.87792,0.13349,-0.15641,-1.03606,0.1801
22.8,0.35397,-0.38793,0.03714,0.42282,0.05224,0.04831,0.36967,0.27344,0.04391,0.43156,-0.01296,-0.14829,0.27752,-0.16034,-0.26569,0.01573,-0.1217,-0.27602,-0.15938,-0.11405,-0.25665,0.35506,-0.0107,0.23386,0.24785,-0.22352,0.28331,-0.00875,-0.23241,0.21842,-0.1552,-0.24449,0.12094,0.32901,-0.46313,-0.0468,-0.04105,-0.47223,-0.20425,0.01125,-0.87172,-0.17332,-0.13091,-1.01962,-0.26076,0.31555,-0.47435,0.10332,-0.07565,-0.48505,0.19643,-0.00609,-0.87819,0.13408,-0.15672,-1.03582,0.18089
22.82,0.35552,-0.38852,0.03744,0.42855,0.05093,0.05025,0.37788,0.27274,0.04765,0.43805,-0.01385,-0.14645,0.27656,-0.15067,-0.26659,0.01709,-0.09801,-0.27248,-0.15722,-0.07905,-0.25361,0.35886,-0.01182,0.23514,0.2473,-0.22306,0.28164,-0.00934,-0.23135,0.21686,-0.15642,-0.24084,0.12003,0.33031,-0.46351,-0.04661,-0.03934,-0.47225,-0.20505,0.01171,-0.87189,-0.174,-0.13062,-1.01944,-0.26173,0.31642,-0.47474,0.10347,-0.07514,-0.48531,0.19507,-0.00628,-0.87874,0.13379,-0.15743,-1.03593,0.18042
22.84,0.35681,-0.38889,0.03786,0.43383,0.04984,0.05197,0.38553,0.27219,0.05099,0.44391,-0.01465,-0.1448,0.27389,-0.13808,-0.26764,0.01825,-0.06896,-0.26647,-0.15397,-0.03653,-0.24676,0.36246,-0.01261,0.23632,0.24703,-0.22249,0.27944,-0.00958,-0.22936,0.21434,-0.15722,-0.23538,0.1181,0.33135,-0.46374,-0.04625,-0.03792,-0.47218,-0.20558,0.01224,-0.87195,-0.17471,-0.13017,-1.01922,-0.26279,0.31716,-0.47493,0.10381,-0.07467,-0.48575,0.19421,-0.00658,-0.87936,0.1332,-0.15823,-1.03615,0.17953
22.86,0.35819,-0.38936,0.03819,0.43925,0.04859,0.05377,0.39336,0.27145,0.0545,0.44995,-0.01556,-0.14308,0.27305,-0.12613,-0.26842,0.02185,-0.0426,-0.26103,-0.14757,0.0019,-0.24065,0.36614,-0.01359,0.23753,0.24674,-0.22188,0.27744,-0.00984,-0.22769,0.21214,-0.158,-0.23072,0.11654,0.33248,-0.46403,-0.046,-0.03641,-0.47215,-0.20623,0.01273,-0.87205,-0.17542,-0.12979,-1.01903,-0.26381,0.31794,-0.47521,0.10403,-0.07417,-0.4861,0.19318,-0.00683,-0.87992,0.13274,-0.15897,-1.0363,0.17885
22.88,0.35971,-0.38986,0.03864,0.44486,0.04726,0.05572,0.40136,0.27058,0.05823,0.45641,-0.0166,-0.14118,0.27362,-0.11347,-0.26939,0.02794,-0.01561,-0.25547,-0.1377,0.04109,-0.23435,0.3698,-0.01458,0.2388,0.24636,-0.22111,0.27539,-0.01015,-0.22607,0.20975,-0.1588,-0.22598,0.11488,0.33377,-0.46435,-0.04563,-0.03466,-0.47214,-0.20693,0.01328,-0.87218,-0.17614,-0.12937,-1.01881,-0.2649,0.31883,-0.4755,0.10435,-0.07366,-0.48653,0.19187,-0.00706,-0.8806,0.13222,-0.15976,-1.03652,0.17803
22.9,0.36086,-0.39024,0.03887,0.44991,0.04605,0.05735,0.40877,0.26979,0.06148,0.4618,-0.01748,-0.13963,0.27347,-0.10043,-0.26956,0.03385,0.01036,-0.24853,-0.12724,0.07838,-0.22572,0.37342,-0.01552,0.23994,0.24637,-0.22041,0.27325,-0.01009,-0.224,0.2073,-0.15909,-0.22093,0.11304,0.33465,-0.46456,-0.04547,-0.03348,-0.47207,-0.20746,0.01372,-0.87222,-0.17684,-0.129,-1.01862,-0.26586,0.31946,-0.4757,0.10449,-0.07319,-0.48681,0.19124,-0.00736,-0.88103,0.13173,-0.16048,-1.0366,0.17736
22.92,0.36105,-0.39032,0.0385,0.45357,0.04519,0.05815,0.41484,0.26935,0.06348,0.46451,-0.0178,-0.13906,0.26999,-0.08721,-0.2678,0.03611,0.03359,-0.23882,-0.12021,0.11084,-0.21246,0.37701,-0.01635,0.24072,0.24724,-0.21998,0.27109,-0.00924,-0.22089,0.20512,-0.15833,-0.21536,0.1111,0.33446,-0.46447,-0.04587,-0.03379,-0.47188,-0.20763,0.01378,-0.87202,-0.17737,-0.12889,-1.01849,-0.26637,0.31944,-0.4757,0.1041,-0.07284,-0.48661,0.19249,-0.0079,-0.88075,0.13149,-0.16104,-1.03624,0.1773
22.94,0.36086,-0.39028,0.03791,0.45665,0.04448,0.05862,0.42035,0.26901,0.06495,0.46616,-0.0179,-0.13886,0.26571,-0.0738,-0.26507,0.03778,0.05582,-0.2279,-0.11335,0.14138,-0.19732,0.38056,-0.01715,0.24135,0.2484,-0.21965,0.26889,-0.00809,-0.21736,0.203,-0.15714,-0.20953,0.10909,0.33384,-0.46425,-0.04648,-0.03467,-0.47164,-0.20763,0.0137,-0.87172,-0.17787,-0.12887,-1.01837,-0.26672,0.31917,-0.47561,0.10351,-0.07256,-0.48626,0.19439,-0.00852,-0.88022,0.13132,-0.16156,-1.03572,0.17743
22.96,0.36083,-0.3903,0.03743,0.45995,0.04366,0.05923,0.42606,0.26853,0.06663,0.46823,-0.01812,-0.1385,0.26299,-0.06031,-0.2623,0.04164,0.07793,-0.21725,-0.10372,0.17162,-0.18275,0.3841,-0.01802,0.24204,0.24942,-0.21923,0.2667,-0.00704,-0.21399,0.20087,-0.15607,-0.20381,0.10715,0.33341,-0.4641,-0.04698,-0.0353,-0.47143,-0.20767,0.01368,-0.87146,-0.17839,-0.1288,-1.01825,-0.26715,0.319,-0.47557,0.10303,-0.07226,-0.48601,0.19595,-0.00909,-0.87982,0.13111,-0.1621,-1.03529,0.17746
22.98,0.36085,-0.3903,0.03692,0.46344,0.04279,0.05977,0.43204,0.26799,0.06826,0.47055,-0.0184,-0.13818,0.26136,-0.04517,-0.25964,0.04728,0.10111,-0.20576,-0.09158,0.20252,-0.16664,0.38773,-0.01887,0.24265,0.25049,-0.21867,0.26451,-0.00586,-0.21031,0.19858,-0.15481,-0.19767,0.10502,0.33301,-0.46391,-0.04752,-0.03586,-0.47119,-0.20784,0.01367,-0.87119,-0.17891,-0.12873,-1.01811,-0.26758,0.31886,-0.4755,0.10251,-0.07185,-0.48568,0.19771,-0.00972,-0.87933,0.13092,-0.16267,-1.03477,0.17754
23,0.36069,-0.3903,0.03642,0.46641,0.04198,0.06032,0.43736,0.26746,0.06978,0.47214,-0.01854,-0.13788,0.25971,-0.03287,-0.25577,0.05273,0.12077,-0.19503,-0.07964,0.22918,-0.15237,0.39116,-0.01982,0.24335,0.25154,-0.21826,0.26232,-0.00476,-0.20702,0.19663,-0.15361,-0.19222,0.10323,0.33245,-0.46375,-0.04803,-0.0367,-0.47097,-0.20772,0.01363,-0.87091,-0.17941,-0.12867,-1.018,-0.26798,0.31861,-0.47544,0.10202,-0.07162,-0.48545,0.19918,-0.01026,-0.87894,0.13073,-0.16316,-1.03436,0.17756
23.02,0.36015,-0.39031,0.03601,0.46816,0.04134,0.06106,0.44108,0.26702,0.07135,0.47196,-0.01828,-0.13746,0.25605,-0.02872,-0.24928,0.05515,0.13242,-0.1876,-0.07158,0.24749,-0.14522,0.39413,-0.02096,0.24441,0.25247,-0.21823,0.26015,-0.00404,-0.20484,0.19566,-0.15287,-0.18866,0.10248,0.33155,-0.46368,-0.04839,-0.03818,-0.47078,-0.20673,0.0136,-0.87063,-0.17987,-0.12853,-1.01795,-0.26831,0.31814,-0.47542,0.10169,-0.07187,-0.4855,0.19971,-0.01051,-0.87886,0.13051,-0.16335,-1.03431,0.17743
23.04,0.35945,-0.39031,0.03564,0.46943,0.04078,0.06184,0.44413,0.26663,0.07282,0.47109,-0.01784,-0.13701,0.25163,-0.02769,-0.24175,0.05605,0.14039,-0.18149,-0.06569,0.26141,-0.14112,0.3969,-0.02217,0.24557,0.25335,-0.2183,0.258,-0.00342,-0.20304,0.19501,-0.15224,-0.18579,0.10198,0.33051,-0.46362,-0.04869,-0.0399,-0.47059,-0.20543,0.01355,-0.87033,-0.1803,-0.1284,-1.01791,-0.26862,0.31757,-0.47541,0.10143,-0.07231,-0.48564,0.19996,-0.01065,-0.87888,0.1303,-0.16344,-1.03437,0.17726
23.06,0.35883,-0.39031,0.03526,0.47091,0.04016,0.06257,0.44746,0.26619,0.07421,0.47057,-0.01749,-0.13657,0.24792,-0.02535,-0.23452,0.05775,0.14902,-0.17484,-0.05892,0.27547,-0.13613,0.39973,-0.02336,0.24663,0.25423,-0.21823,0.25585,-0.00272,-0.20101,0.19411,-0.15146,-0.18256,0.10119,0.32955,-0.46354,-0.04902,-0.04148,-0.4704,-0.2043,0.01349,-0.87003,-0.18075,-0.12828,-1.01785,-0.26895,0.31705,-0.47539,0.10114,-0.07266,-0.48574,0.20034,-0.01085,-0.87884,0.13008,-0.16358,-1.03437,0.17709
23.08,0.35817,-0.39032,0.03482,0.47244,0.0395,0.06329,0.45098,0.26568,0.07584,0.46995,-0.01711,-0.13613,0.24428,-0.02272,-0.22709,0.06015,0.15877,-0.16975,-0.05077,0.29121,-0.13433,0.40273,-0.02466,0.24769,0.25506,-0.21803,0.25364,-0.0021,-0.19868,0.19339,-0.15079,-0.17886,0.10068,0.32852,-0.46349,-0.04938,-0.04319,-0.47019,-0.20302,0.01344,-0.86969,-0.18125,-0.12813,-1.01777,-0.26932,0.31651,-0.47537,0.10081,-0.07302,-0.48584,0.20069,-0.01104,-0.87881,0.12986,-0.16372,-1.03438,0.17694
23.1,0.35756,-0.39031,0.03452,0.47377,0.03892,0.064,0.45393,0.26523,0.07686,0.46941,-0.01676,-0.13564,0.24103,-0.02151,-0.2196,0.06095,0.16409,-0.16253,-0.04619,0.30001,-0.12872,0.40532,-0.02581,0.24867,0.25593,-0.21791,0.25159,-0.00131,-0.19686,0.19229,-0.14981,-0.17605,0.09948,0.32759,-0.4634,-0.04964,-0.04466,-0.47003,-0.20197,0.01335,-0.86941,-0.18166,-0.12806,-1.01769,-0.26965,0.31599,-0.47535,0.10057,-0.0734,-0.48596,0.20102,-0.01122,-0.8788,0.12963,-0.16384,-1.03441,0.17673
23.12,0.35712,-0.39025,0.03459,0.47473,0.03856,0.06473,0.45559,0.265,0.07619,0.46935,-0.01658,-0.13505,0.23858,-0.02352,-0.21204,0.0581,0.1594,-0.14802,-0.04991,0.29339,-0.10954,0.40688,-0.02647,0.24951,0.25698,-0.2182,0.24989,-7e-05,-0.19653,0.19002,-0.148,-0.17582,0.09627,0.32696,-0.46318,-0.04965,-0.04542,-0.47001,-0.20167,0.01314,-0.86933,-0.18177,-0.12819,-1.01768,-0.26978,0.31548,-0.47532,0.10057,-0.07382,-0.48612,0.2013,-0.01137,-0.87881,0.12933,-0.1639,-1.03454,0.17635
23.14,0.35674,-0.39018,0.03481,0.47549,0.03828,0.06545,0.45665,0.26483,0.07496,0.46937,-0.01644,-0.13442,0.23656,-0.02686,-0.20456,0.05445,0.1508,-0.13102,-0.05572,0.28077,-0.08555,0.40803,-0.02695,0.25031,0.2581,-0.21865,0.24836,0.00132,-0.19676,0.18739,-0.14589,-0.1765,0.09245,0.32642,-0.46292,-0.04953,-0.04593,-0.47004,-0.2016,0.01289,-0.86933,-0.18179,-0.12839,-1.01769,-0.26985,0.31499,-0.47529,0.10066,-0.07426,-0.48631,0.20158,-0.01152,-0.87884,0.12902,-0.16395,-1.03471,0.17591
23.16,0.35635,-0.39011,0.035,0.4763,0.03797,0.06618,0.45789,0.26463,0.07407,0.46932,-0.01628,-0.13379,0.23472,-0.02957,-0.19718,0.05209,0.14383,-0.11523,-0.05915,0.27058,-0.0637,0.40936,-0.02751,0.25113,0.25919,-0.21899,0.24684,0.00266,-0.19666,0.185,-0.1439,-0.17659,0.089,0.32586,-0.46267,-0.04943,-0.04654,-0.47004,-0.20138,0.01267,-0.86928,-0.18185,-0.12855,-1.01768,-0.26995,0.31452,-0.47526,0.10076,-0.07466,-0.48647,0.2019,-0.01167,-0.87885,0.12873,-0.16401,-1.03484,0.1755
23.18,0.35589,-0.39004,0.03505,0.47724,0.0376,0.06688,0.45941,0.26436,0.07282,0.46942,-0.01613,-0.1332,0.23307,-0.03271,-0.18881,0.05052,0.13677,-0.09888,-0.06153,0.26035,-0.0417,0.41072,-0.02814,0.2519,0.26027,-0.21931,0.24496,0.00399,-0.19654,0.18224,-0.14182,-0.17691,0.08501,0.32523,-0.46241,-0.04949,-0.0472,-0.47007,-0.20135,0.01242,-0.86926,-0.18192,-0.12874,-1.01771,-0.27004,0.31395,-0.47523,0.10069,-0.07517,-0.48665,0.20203,-0.01184,-0.87888,0.12836,-0.16407,-1.03501,0.17504
23.2,0.35559,-0.38998,0.0354,0.47788,0.03737,0.06761,0.46016,0.26416,0.07217,0.46923,-0.01597,-0.13254,0.2318,-0.03534,-0.18238,0.04915,0.12884,-0.0833,-0.06348,0.24847,-0.01927,0.4119,-0.0286,0.25274,0.26139,-0.21964,0.24381,0.00539,-0.19647,0.18011,-0.13978,-0.17681,0.08194,0.32476,-0.46219,-0.04921,-0.04768,-0.47005,-0.20102,0.01222,-0.86921,-0.18196,-0.12888,-1.01766,-0.27018,0.31359,-0.4752,0.10095,-0.07547,-0.48683,0.20252,-0.01195,-0.87889,0.12813,-0.16412,-1.03513,0.17466
23.22,0.35569,-0.38999,0.03658,0.4777,0.03746,0.06843,0.45895,0.26417,0.07338,0.46818,-0.01578,-0.13171,0.23087,-0.03596,-0.18178,0.04706,0.11822,-0.06965,-0.06594,0.23121,0.00493,0.41265,-0.02866,0.25383,0.2626,-0.22006,0.24473,0.00695,-0.19653,0.17976,-0.13793,-0.17541,0.08147,0.32467,-0.46215,-0.048,-0.04777,-0.46989,-0.19983,0.01215,-0.86911,-0.18195,-0.12891,-1.01737,-0.27054,0.31379,-0.47522,0.10218,-0.0752,-0.48703,0.20402,-0.01191,-0.87888,0.12831,-0.16419,-1.03512,0.17444
23.24,0.35595,-0.39001,0.03803,0.47723,0.0377,0.06926,0.457,0.26425,0.07521,0.46683,-0.01558,-0.13082,0.23002,-0.03602,-0.18314,0.04458,0.10564,-0.05794,-0.06881,0.21024,0.02751,0.41322,-0.02855,0.25498,0.26386,-0.2205,0.24635,0.00858,-0.19667,0.18003,-0.13614,-0.17366,0.08193,0.32473,-0.46216,-0.04649,-0.0477,-0.46969,-0.19835,0.01213,-0.86898,-0.18191,-0.12889,-1.017,-0.27097,0.31419,-0.47525,0.10372,-0.07471,-0.48724,0.20586,-0.01179,-0.87886,0.12863,-0.16425,-1.03506,0.1743
23.26,0.35614,-0.39002,0.03931,0.47689,0.03787,0.07006,0.45537,0.26429,0.07672,0.46561,-0.01537,-0.12998,0.2291,-0.03649,-0.18335,0.04257,0.09306,-0.04714,-0.07095,0.18932,0.04744,0.41389,-0.02852,0.25608,0.2651,-0.22093,0.24757,0.01018,-0.19677,0.18,-0.13434,-0.17213,0.082,0.32472,-0.46214,-0.04516,-0.04771,-0.46951,-0.19701,0.01208,-0.86886,-0.18189,-0.12889,-1.01668,-0.27135,0.3145,-0.47526,0.10506,-0.07431,-0.48745,0.20751,-0.01171,-0.87883,0.12888,-0.16431,-1.03502,0.17413
23.28,0.35633,-0.39004,0.0408,0.47653,0.03805,0.07097,0.45381,0.26432,0.07846,0.46441,-0.01522,-0.12901,0.22839,-0.03635,-0.18454,0.04084,0.07611,-0.03517,-0.07265,0.1601,0.07049,0.4145,-0.02844,0.25728,0.26632,-0.22133,0.2491,0.01185,-0.19691,0.17997,-0.13231,-0.17039,0.08192,0.32473,-0.46215,-0.04361,-0.04765,-0.46928,-0.1956,0.01204,-0.8687,-0.18185,-0.12889,-1.01627,-0.27179,0.31482,-0.47529,0.10663,-0.07393,-0.48765,0.20931,-0.01164,-0.87878,0.12918,-0.1644,-1.03494,0.17395
23.3,0.35655,-0.39005,0.04193,0.47614,0.03824,0.07169,0.45196,0.26434,0.07994,0.46309,-0.01496,-0.12826,0.22728,-0.03729,-0.18419,0.0391,0.06517,-0.02855,-0.07418,0.14233,0.0824,0.41518,-0.02845,0.25828,0.26759,-0.22179,0.25016,0.01342,-0.19697,0.18007,-0.13071,-0.16902,0.08237,0.32473,-0.46211,-0.04244,-0.04772,-0.46916,-0.19428,0.01199,-0.86862,-0.18181,-0.1289,-1.01601,-0.2721,0.31516,-0.47531,0.10782,-0.07348,-0.48787,0.21088,-0.01154,-0.87878,0.12941,-0.16444,-1.03491,0.17383
23.32,0.35686,-0.39002,0.04198,0.47579,0.03844,0.07186,0.44942,0.26427,0.08061,0.46149,-0.01435,-0.12811,0.22498,-0.0418,-0.17852,0.03659,0.07537,-0.0339,-0.07668,0.16499,0.06727,0.41623,-0.02877,0.25872,0.26904,-0.22237,0.24971,0.01472,-0.19667,0.18047,-0.13039,-0.1687,0.08424,0.32465,-0.46194,-0.04237,-0.0482,-0.46937,-0.19318,0.01194,-0.8688,-0.18181,-0.129,-1.01617,-0.27205,0.31557,-0.4753,0.10791,-0.07285,-0.48816,0.21179,-0.01138,-0.87896,0.12945,-0.1643,-1.03505,0.17392
23.34,0.35718,-0.38998,0.04167,0.47542,0.03865,0.07186,0.4466,0.26417,0.08104,0.45979,-0.01363,-0.12815,0.22266,-0.04739,-0.1713,0.03293,0.08892,-0.0466,-0.08134,0.19405,0.037,0.41736,-0.02919,0.25896,0.2705,-0.223,0.24879,0.01589,-0.19628,0.18101,-0.1305,-0.16876,0.08663,0.32454,-0.46172,-0.04267,-0.04882,-0.4697,-0.19218,0.01188,-0.86907,-0.18181,-0.12914,-1.01647,-0.27188,0.31597,-0.47528,0.10762,-0.07218,-0.48846,0.21244,-0.0112,-0.8792,0.12942,-0.1641,-1.03525,0.17409
23.36,0.35746,-0.38994,0.04155,0.47503,0.03886,0.07196,0.44396,0.26405,0.08162,0.45815,-0.01298,-0.12805,0.22085,-0.05221,-0.16517,0.02884,0.09577,-0.05855,-0.08705,0.21022,0.00905,0.41838,-0.02955,0.25929,0.27189,-0.22358,0.24816,0.01709,-0.19595,0.1815,-0.13038,-0.16865,0.08873,0.32444,-0.46152,-0.04277,-0.04936,-0.46996,-0.19118,0.01182,-0.86928,-0.1818,-0.12926,-1.0167,-0.27177,0.31634,-0.47526,0.10753,-0.07157,-0.48874,0.21319,-0.01105,-0.87939,0.12942,-0.16395,-1.03541,0.17421
23.38,0.35786,-0.38991,0.04135,0.47473,0.03907,0.07201,0.44112,0.26387,0.08231,0.4564,-0.01227,-0.12801,0.21922,-0.05827,-0.15734,0.02369,0.10077,-0.07605,-0.09471,0.22342,-0.03093,0.41968,-0.02997,0.25958,0.27347,-0.22413,0.2472,0.01839,-0.19541,0.18205,-0.13037,-0.16848,0.09125,0.32436,-0.4613,-0.04294,-0.04996,-0.47026,-0.18998,0.01175,-0.86952,-0.18182,-0.12941,-1.01694,-0.27164,0.31683,-0.47524,0.10737,-0.0708,-0.48908,0.21403,-0.01086,-0.87963,0.12941,-0.16377,-1.0356,0.17438
23.4,0.35803,-0.38985,0.04122,0.47428,0.03927,0.07215,0.43866,0.26375,0.08281,0.45489,-0.01166,-0.12788,0.21808,-0.06207,-0.15258,0.01883,0.10006,-0.08821,-0.1023,0.22458,-0.05786,0.42045,-0.03028,0.25988,0.27466,-0.22471,0.24676,0.01944,-0.19523,0.18251,-0.13016,-0.16852,0.09305,0.32423,-0.4611,-0.04306,-0.05044,-0.47051,-0.18921,0.0117,-0.86972,-0.1818,-0.12949,-1.01716,-0.27153,0.31708,-0.47522,0.10725,-0.07035,-0.4893,0.21461,-0.01074,-0.87978,0.1294,-0.16363,-1.03573,0.17447
23.42,0.3575,-0.38972,0.0414,0.47343,0.03947,0.07261,0.43726,0.26389,0.08269,0.45405,-0.01134,-0.12745,0.21723,-0.05894,-0.15717,0.01689,0.09546,-0.07871,-0.1054,0.21486,-0.03529,0.41968,-0.03025,0.2603,0.27479,-0.22541,0.24799,0.01982,-0.19616,0.18266,-0.12933,-0.16902,0.09258,0.32387,-0.46098,-0.04295,-0.05061,-0.4706,-0.18956,0.01166,-0.86978,-0.18169,-0.1294,-1.0173,-0.2715,0.31661,-0.47518,0.10735,-0.07087,-0.48921,0.21449,-0.01086,-0.87965,0.12939,-0.16364,-1.03573,0.17437
23.44,0.35674,-0.38956,0.04166,0.47242,0.03967,0.07316,0.43623,0.26412,0.08237,0.45344,-0.0111,-0.12694,0.2168,-0.05355,-0.16476,0.01531,0.08618,-0.06472,-0.10827,0.19479,-0.00123,0.41836,-0.03011,0.26075,0.27455,-0.22614,0.24974,0.01997,-0.19748,0.18268,-0.12829,-0.16974,0.0913,0.32344,-0.46087,-0.04278,-0.05067,-0.47064,-0.19032,0.01164,-0.8698,-0.18154,-0.12925,-1.01742,-0.27147,0.31591,-0.47513,0.1075,-0.07172,-0.48902,0.21412,-0.01105,-0.87943,0.12938,-0.16369,-1.03569,0.17421
23.46,0.3561,-0.38941,0.04186,0.47148,0.03989,0.07366,0.435,0.26431,0.08219,0.45268,-0.01081,-0.12648,0.21648,-0.04948,-0.17059,0.01288,0.07567,-0.0565,-0.11257,0.1729,0.02035,0.41731,-0.03002,0.26116,0.2745,-0.22683,0.25117,0.02024,-0.19863,0.1827,-0.12735,-0.17039,0.09041,0.32305,-0.46076,-0.04265,-0.05077,-0.4707,-0.19092,0.01161,-0.86983,-0.1814,-0.12912,-1.01754,-0.27142,0.31533,-0.47507,0.10762,-0.07241,-0.48887,0.21386,-0.01119,-0.87925,0.12937,-0.16372,-1.03566,0.17409
23.48,0.3554,-0.38926,0.04214,0.47058,0.04007,0.07422,0.4339,0.2645,0.0818,0.45208,-0.01058,-0.12596,0.21664,-0.04398,-0.17778,0.00994,0.06094,-0.04971,-0.11831,0.14142,0.04069,0.41619,-0.02991,0.26163,0.27442,-0.22754,0.25294,0.02056,-0.19982,0.18283,-0.12615,-0.17104,0.08931,0.32264,-0.46063,-0.04246,-0.05089,-0.47077,-0.19144,0.01157,-0.86987,-0.18127,-0.129,-1.01766,-0.27141,0.3147,-0.47504,0.10779,-0.07316,-0.48871,0.21359,-0.01136,-0.87905,0.12936,-0.16376,-1.03563,0.17395
23.5,0.35476,-0.38912,0.04228,0.46954,0.04029,0.07466,0.43261,0.2647,0.08177,0.45122,-0.01027,-0.12556,0.21664,-0.04081,-0.18276,0.00711,0.04755,-0.04703,-0.12333,0.11459,0.0509,0.41507,-0.02983,0.262,0.27431,-0.22821,0.25414,0.02076,-0.20105,0.18268,-0.12535,-0.17181,0.08836,0.32225,-0.46054,-0.04237,-0.05094,-0.47081,-0.19218,0.01154,-0.86989,-0.18111,-0.12887,-1.01778,-0.27133,0.31412,-0.47498,0.10786,-0.07385,-0.48857,0.2133,-0.01151,-0.87889,0.12936,-0.16379,-1.0356,0.17385
23.52,0.35434,-0.38897,0.04197,0.46808,0.04069,0.0747,0.43071,0.26499,0.08288,0.44957,-0.00967,-0.12555,0.21522,-0.04495,-0.1809,0.0056,0.04546,-0.04668,-0.12386,0.11666,0.0496,0.41408,-0.0298,0.26203,0.27413,-0.22873,0.25353,0.0206,-0.20225,0.18175,-0.12593,-0.17281,0.08815,0.32194,-0.46052,-0.04261,-0.0508,-0.47078,-0.19354,0.01155,-0.86983,-0.18095,-0.12872,-1.01788,-0.27112,0.31374,-0.47478,0.10763,-0.07425,-0.48848,0.21298,-0.01158,-0.87881,0.12932,-0.16379,-1.03557,0.17387
23.54,0.35398,-0.38884,0.04152,0.46647,0.04112,0.07461,0.42859,0.26527,0.08434,0.44767,-0.00901,-0.12567,0.21355,-0.05148,-0.17682,0.00435,0.04688,-0.04762,-0.12342,0.1277,0.04317,0.41311,-0.0298,0.26197,0.27392,-0.22921,0.25234,0.02031,-0.20346,0.18056,-0.12694,-0.17392,0.08814,0.32165,-0.46055,-0.04296,-0.05061,-0.47073,-0.19507,0.01157,-0.86975,-0.18076,-0.12857,-1.01798,-0.27085,0.31341,-0.47457,0.1073,-0.07458,-0.48842,0.21264,-0.01164,-0.87878,0.12928,-0.16379,-1.03556,0.17394
23.56,0.35361,-0.38872,0.04114,0.46495,0.04151,0.07458,0.4266,0.26552,0.08554,0.44593,-0.00841,-0.12573,0.2123,-0.05671,-0.17388,0.00283,0.04625,-0.04877,-0.12401,0.13339,0.03735,0.41214,-0.0298,0.26194,0.27376,-0.22973,0.25146,0.02014,-0.20465,0.17951,-0.12765,-0.17499,0.08798,0.32137,-0.46056,-0.04326,-0.05044,-0.47071,-0.19646,0.01159,-0.86969,-0.1806,-0.12842,-1.01808,-0.27062,0.31307,-0.4744,0.10702,-0.07492,-0.48837,0.21231,-0.01169,-0.87873,0.12924,-0.16379,-1.03555,0.17398
23.58,0.35317,-0.38854,0.04073,0.46331,0.04198,0.07454,0.42455,0.26583,0.08712,0.44399,-0.00772,-0.1258,0.21117,-0.06278,-0.17045,0.00093,0.04523,-0.051,-0.12515,0.13946,0.02851,0.41112,-0.02976,0.26191,0.27347,-0.23014,0.25038,0.01978,-0.20589,0.17837,-0.12875,-0.1761,0.0881,0.32101,-0.46055,-0.04356,-0.05024,-0.47066,-0.19813,0.01157,-0.8696,-0.18039,-0.12829,-1.01818,-0.27035,0.31266,-0.47413,0.10674,-0.07534,-0.48827,0.21198,-0.01178,-0.87865,0.12921,-0.16382,-1.0355,0.17403
23.6,0.35288,-0.38848,0.04035,0.46189,0.0423,0.07449,0.42255,0.266,0.088,0.44237,-0.00721,-0.12588,0.21032,-0.06766,-0.16748,-0.00061,0.04472,-0.0534,-0.12627,0.14429,0.02003,0.41022,-0.02981,0.26187,0.27344,-0.23074,0.24956,0.01977,-0.20697,0.17734,-0.12916,-0.17716,0.08773,0.32082,-0.4606,-0.04388,-0.05009,-0.47065,-0.19927,0.01161,-0.86954,-0.18026,-0.12815,-1.01827,-0.27013,0.31241,-0.47403,0.10643,-0.0756,-0.48826,0.21163,-0.01179,-0.87866,0.12916,-0.16379,-1.03553,0.17407
23.62,0.35298,-0.38878,0.04003,0.46113,0.04219,0.07443,0.42063,0.26576,0.0867,0.44167,-0.00723,-0.12597,0.20967,-0.0687,-0.16629,-0.00076,0.04639,-0.05401,-0.12625,0.14699,0.01831,0.40963,-0.03013,0.26177,0.2742,-0.23198,0.24957,0.0208,-0.20764,0.17659,-0.12747,-0.17805,0.08582,0.32107,-0.46084,-0.0443,-0.0502,-0.47072,-0.19885,0.01179,-0.8696,-0.18038,-0.12804,-1.01835,-0.27009,0.31254,-0.47445,0.10598,-0.07547,-0.48848,0.21119,-0.0116,-0.87894,0.12905,-0.1636,-1.03576,0.17408
23.64,0.35323,-0.38919,0.03974,0.4606,0.04196,0.07435,0.41876,0.26537,0.08469,0.44131,-0.00741,-0.12607,0.20907,-0.06849,-0.16565,-0.00037,0.04897,-0.05399,-0.1257,0.14936,0.0189,0.40917,-0.03053,0.26164,0.27523,-0.23339,0.24985,0.02218,-0.20815,0.17594,-0.12507,-0.17889,0.08342,0.32149,-0.46114,-0.04475,-0.05036,-0.47083,-0.1979,0.01203,-0.86969,-0.18058,-0.12792,-1.01844,-0.2701,0.31284,-0.47503,0.1055,-0.07518,-0.48879,0.21073,-0.01131,-0.87931,0.12891,-0.16334,-1.03607,0.17408
23.66,0.35339,-0.38952,0.03946,0.45995,0.04182,0.07428,0.41688,0.26506,0.08309,0.44076,-0.0075,-0.12617,0.20844,-0.06886,-0.16481,-0.00027,0.05096,-0.05428,-0.12541,0.15169,0.01845,0.40863,-0.03086,0.26153,0.27608,-0.23465,0.25001,0.02335,-0.20872,0.17527,-0.12306,-0.17974,0.08134,0.32181,-0.4614,-0.04516,-0.05049,-0.47091,-0.19723,0.01223,-0.86976,-0.18073,-0.1278,-1.01853,-0.27009,0.31304,-0.47549,0.10507,-0.07498,-0.48905,0.2103,-0.01108,-0.87963,0.12879,-0.16313,-1.03634,0.17408
23.68,0.35362,-0.38999,0.03907,0.45936,0.04152,0.07418,0.41492,0.26457,0.08114,0.4403,-0.0077,-0.1263,0.20784,-0.06929,-0.16371,-4e-05,0.05355,-0.05496,-0.12505,0.15477,0.01734,0.40815,-0.03137,0.26138,0.27717,-0.23618,0.2501,0.02481,-0.20931,0.17442,-0.12059,-0.18063,0.07884,0.3222,-0.46175,-0.04571,-0.05065,-0.47105,-0.19642,0.01247,-0.86988,-0.18092,-0.12767,-1.01867,-0.27007,0.3133,-0.47612,0.10448,-0.07472,-0.48936,0.20979,-0.01079,-0.88002,0.12866,-0.16286,-1.03666,0.17412
23.7,0.35374,-0.3902,0.03892,0.45868,0.0415,0.07414,0.41316,0.26436,0.07972,0.43975,-0.00772,-0.12635,0.20721,-0.06928,-0.16329,8e-05,0.05503,-0.05478,-0.12468,0.15612,0.01812,0.40757,-0.03153,0.26132,0.27786,-0.23716,0.25042,0.0258,-0.20978,0.17395,-0.11882,-0.18143,0.0771,0.32249,-0.46191,-0.04596,-0.05075,-0.47111,-0.19573,0.01266,-0.86992,-0.18104,-0.12755,-1.01871,-0.27008,0.31348,-0.47646,0.10421,-0.07455,-0.48959,0.20946,-0.01059,-0.88029,0.12855,-0.16268,-1.03689,0.17408
23.72,0.35349,-0.38962,0.03951,0.45765,0.0423,0.07433,0.41192,0.26512,0.08013,0.43884,-0.00714,-0.12612,0.20645,-0.06826,-0.16477,-0.00026,0.05298,-0.05205,-0.1245,0.15229,0.02409,0.40664,-0.03064,0.26157,0.27735,-0.23658,0.25142,0.0253,-0.21002,0.17461,-0.11937,-0.182,0.07774,0.32239,-0.4615,-0.04528,-0.05067,-0.47092,-0.19546,0.01266,-0.86974,-0.18088,-0.12748,-1.01849,-0.27011,0.31343,-0.47589,0.10491,-0.07472,-0.48956,0.20966,-0.01065,-0.8802,0.12855,-0.16279,-1.03682,0.17383
23.74,0.35313,-0.38878,0.04035,0.45653,0.04337,0.07459,0.41089,0.26619,0.08109,0.43785,-0.00639,-0.12579,0.2057,-0.06683,-0.16688,-0.00072,0.04952,-0.04863,-0.1244,0.14625,0.03164,0.40561,-0.0294,0.26192,0.27643,-0.23545,0.25264,0.02431,-0.21014,0.17568,-0.12067,-0.18247,0.07917,0.32219,-0.4609,-0.04429,-0.05054,-0.47064,-0.1953,0.01262,-0.86949,-0.18063,-0.1274,-1.01817,-0.27016,0.31331,-0.47503,0.10592,-0.07498,-0.48944,0.21007,-0.01078,-0.87998,0.12858,-0.16298,-1.03665,0.17351
23.76,0.35283,-0.38811,0.04103,0.45547,0.04426,0.07478,0.40977,0.26705,0.08169,0.43693,-0.00577,-0.12555,0.205,-0.06567,-0.16861,-0.00112,0.04651,-0.04587,-0.12432,0.14088,0.03787,0.40463,-0.02837,0.26218,0.27571,-0.23462,0.2537,0.02356,-0.21031,0.17651,-0.12158,-0.18301,0.08013,0.32204,-0.46043,-0.0435,-0.05044,-0.47043,-0.1951,0.01261,-0.86929,-0.18045,-0.12732,-1.01792,-0.27022,0.31322,-0.47435,0.10674,-0.07518,-0.48939,0.21035,-0.01087,-0.87985,0.12858,-0.16312,-1.03655,0.17322
23.78,0.35248,-0.38727,0.04187,0.45429,0.04533,0.07511,0.4086,0.2681,0.08271,0.43585,-0.00497,-0.12516,0.20423,-0.06418,-0.17077,-0.00161,0.04249,-0.04277,-0.12426,0.13386,0.04502,0.40359,-0.02717,0.2626,0.27495,-0.23363,0.25497,0.02275,-0.21052,0.17756,-0.12266,-0.18352,0.08152,0.32187,-0.45983,-0.04252,-0.05029,-0.47015,-0.19487,0.01259,-0.86904,-0.18021,-0.12722,-1.0176,-0.27027,0.31312,-0.47349,0.10775,-0.07543,-0.4893,0.2107,-0.01098,-0.87967,0.12859,-0.16329,-1.03641,0.17288
23.8,0.35221,-0.3867,0.04246,0.45335,0.0461,0.07519,0.4076,0.26885,0.08303,0.43508,-0.00449,-0.12503,0.20366,-0.06328,-0.17215,-0.00196,0.03953,-0.04068,-0.12426,0.12856,0.04994,0.40265,-0.02624,0.26274,0.27418,-0.23282,0.25588,0.02195,-0.21062,0.17828,-0.12356,-0.18406,0.08226,0.32172,-0.45942,-0.04183,-0.05022,-0.46997,-0.19471,0.01259,-0.86888,-0.18006,-0.12712,-1.01739,-0.27033,0.31303,-0.47292,0.10845,-0.07561,-0.48925,0.21099,-0.01105,-0.87954,0.12859,-0.16339,-1.03632,0.17263
23.82,0.3522,-0.38696,0.04226,0.45309,0.04593,0.07451,0.40705,0.26867,0.0811,0.43525,-0.00498,-0.12567,0.20358,-0.06406,-0.17113,-0.00184,0.04091,-0.04106,-0.12431,0.1303,0.04898,0.40205,-0.02613,0.26207,0.27347,-0.23266,0.25568,0.0213,-0.21041,0.17791,-0.1237,-0.18465,0.08092,0.32167,-0.45961,-0.04208,-0.05036,-0.4701,-0.19474,0.01265,-0.86898,-0.18019,-0.12706,-1.01752,-0.27042,0.31303,-0.47323,0.10819,-0.07554,-0.48928,0.21102,-0.01099,-0.87955,0.12852,-0.16326,-1.03638,0.17262
23.84,0.35227,-0.3875,0.04181,0.45307,0.04545,0.07357,0.40668,0.26816,0.07846,0.43573,-0.00581,-0.12656,0.20369,-0.06545,-0.16932,-0.00158,0.04353,-0.04234,-0.12441,0.13411,0.046,0.40156,-0.02629,0.26113,0.27277,-0.23271,0.2551,0.02068,-0.2101,0.1772,-0.12364,-0.1853,0.07894,0.32165,-0.46,-0.04263,-0.05057,-0.47034,-0.19482,0.01273,-0.86918,-0.18042,-0.12702,-1.01778,-0.27052,0.31306,-0.47384,0.10763,-0.0754,-0.48934,0.211,-0.01089,-0.87961,0.12843,-0.16306,-1.03649,0.1727
23.86,0.35228,-0.38789,0.04151,0.45291,0.04514,0.07278,0.40622,0.26781,0.07625,0.43602,-0.00645,-0.1273,0.20371,-0.06656,-0.16793,-0.00142,0.04526,-0.04323,-0.12452,0.13655,0.04399,0.401,-0.02631,0.26035,0.27206,-0.23265,0.25473,0.02003,-0.20986,0.17667,-0.12372,-0.18595,0.07736,0.3216,-0.46028,-0.043,-0.05077,-0.47052,-0.19485,0.01278,-0.86932,-0.18058,-0.12698,-1.01797,-0.27059,0.31305,-0.47428,0.10725,-0.0753,-0.4894,0.21104,-0.01082,-0.87965,0.12837,-0.1629,-1.03658,0.17275
23.88,0.35235,-0.38839,0.04111,0.45285,0.0447,0.07191,0.40583,0.26732,0.07367,0.43649,-0.00723,-0.12813,0.20382,-0.06759,-0.16622,-0.00117,0.04767,-0.04445,-0.12459,0.13979,0.04144,0.40046,-0.02643,0.25946,0.27133,-0.23266,0.25425,0.01938,-0.20953,0.17603,-0.12365,-0.18664,0.07546,0.32159,-0.46063,-0.0435,-0.05094,-0.47075,-0.19496,0.01287,-0.86951,-0.1808,-0.12691,-1.0182,-0.2707,0.31308,-0.47485,0.10673,-0.07517,-0.48947,0.21098,-0.01072,-0.87971,0.12828,-0.1627,-1.0367,0.1728
23.9,0.35234,-0.38873,0.04083,0.45265,0.04444,0.07113,0.40537,0.26701,0.07165,0.43668,-0.00781,-0.12885,0.20388,-0.06888,-0.165,-0.00108,0.04872,-0.04545,-0.12481,0.1415,0.0393,0.39993,-0.02641,0.25869,0.27067,-0.23256,0.25387,0.01877,-0.20937,0.1755,-0.12381,-0.18734,0.07409,0.32152,-0.4609,-0.04382,-0.05115,-0.47091,-0.19493,0.01291,-0.86964,-0.18095,-0.12687,-1.01837,-0.27077,0.31307,-0.47523,0.1064,-0.07508,-0.48951,0.21108,-0.01065,-0.87973,0.12823,-0.16255,-1.03678,0.17284
23.92,0.35212,-0.38853,0.041,0.452,0.04478,0.07076,0.40465,0.26733,0.07154,0.436,-0.00772,-0.12916,0.20376,-0.07094,-0.16526,-0.00142,0.04582,-0.04525,-0.12533,0.13879,0.039,0.39944,-0.02591,0.25843,0.27026,-0.23213,0.25384,0.01832,-0.20975,0.17539,-0.12458,-0.18799,0.07437,0.3213,-0.46086,-0.04351,-0.05149,-0.47087,-0.19434,0.01288,-0.86957,-0.18082,-0.12687,-1.0183,-0.27069,0.31302,-0.47498,0.10674,-0.07504,-0.48947,0.21171,-0.01064,-0.87958,0.12831,-0.1625,-1.03669,0.17285
23.94,0.35183,-0.38818,0.0413,0.45121,0.04528,0.0705,0.40386,0.26783,0.07201,0.43503,-0.00744,-0.12934,0.20361,-0.07323,-0.16604,-0.00185,0.04164,-0.04471,-0.12594,0.13465,0.03926,0.39896,-0.02529,0.2583,0.26993,-0.2316,0.25394,0.01792,-0.21032,0.17541,-0.12557,-0.18865,0.07521,0.32103,-0.46075,-0.04301,-0.05185,-0.47078,-0.19361,0.01281,-0.86945,-0.18061,-0.12688,-1.01818,-0.27057,0.31296,-0.47455,0.10728,-0.07502,-0.48942,0.2125,-0.01067,-0.87939,0.12843,-0.16248,-1.03657,0.17284
23.96,0.35159,-0.38793,0.04152,0.45051,0.04567,0.07017,0.40313,0.26821,0.07214,0.43424,-0.00729,-0.12961,0.20351,-0.07532,-0.1666,-0.00219,0.03817,-0.04437,-0.12646,0.13123,0.03927,0.39848,-0.02474,0.25809,0.26957,-0.23114,0.254,0.0175,-0.21079,0.17539,-0.12643,-0.18934,0.07577,0.3208,-0.46069,-0.04263,-0.05217,-0.47073,-0.19301,0.01277,-0.86937,-0.18045,-0.12688,-1.0181,-0.27047,0.3129,-0.47423,0.10769,-0.075,-0.48938,0.21317,-0.01067,-0.87923,0.12853,-0.16245,-1.03649,0.17284
23.98,0.35127,-0.38759,0.04181,0.44968,0.04616,0.06993,0.40232,0.2687,0.07258,0.43326,-0.00701,-0.12978,0.20342,-0.07783,-0.16702,-0.00248,0.03418,-0.04376,-0.12693,0.12751,0.0393,0.39794,-0.02414,0.25797,0.2692,-0.23063,0.25396,0.01706,-0.21137,0.1753,-0.1274,-0.18994,0.07645,0.32049,-0.46058,-0.04215,-0.05263,-0.47064,-0.19216,0.01271,-0.86923,-0.18027,-0.12689,-1.01797,-0.27037,0.31281,-0.47382,0.10822,-0.07498,-0.48933,0.21402,-0.0107,-0.87902,0.12864,-0.16242,-1.03636,0.17281
24,0.3511,-0.38737,0.04198,0.44907,0.04652,0.06952,0.40164,0.26903,0.07252,0.43259,-0.00691,-0.13011,0.20337,-0.07947,-0.16785,-0.00277,0.03099,-0.04361,-0.12739,0.12409,0.03946,0.39752,-0.02361,0.25768,0.26885,-0.23016,0.25416,0.01668,-0.21175,0.17539,-0.12818,-0.19073,0.07705,0.32034,-0.46054,-0.04183,-0.05279,-0.4706,-0.1918,0.01269,-0.86917,-0.18013,-0.12686,-1.0179,-0.27029,0.3128,-0.47353,0.10856,-0.07494,-0.48929,0.21453,-0.01069,-0.8789,0.12872,-0.16239,-1.03628,0.17281
24.02,0.35134,-0.38755,0.04178,0.44909,0.04644,0.06858,0.40132,0.26889,0.07083,0.43286,-0.00739,-0.13096,0.20339,-0.07851,-0.16989,-0.00318,0.03015,-0.04477,-0.12798,0.12132,0.04014,0.39736,-0.02335,0.25682,0.26855,-0.22984,0.25502,0.01648,-0.21164,0.17591,-0.1283,-0.1921,0.07714,0.32063,-0.46072,-0.04204,-0.05214,-0.47072,-0.19291,0.01278,-0.86936,-0.18014,-0.1268,-1.01807,-0.27031,0.31298,-0.4737,0.10834,-0.07484,-0.48934,0.21404,-0.01065,-0.87906,0.1287,-0.16243,-1.03635,0.17286
24.04,0.35172,-0.38784,0.04144,0.44933,0.04623,0.06746,0.40113,0.26859,0.06862,0.43344,-0.00804,-0.132,0.20345,-0.07668,-0.17233,-0.00366,0.03016,-0.04655,-0.12867,0.11888,0.04063,0.3973,-0.02316,0.25576,0.26825,-0.22951,0.25611,0.0163,-0.2113,0.1766,-0.12826,-0.19363,0.07717,0.32107,-0.46097,-0.04245,-0.05122,-0.47089,-0.19451,0.01291,-0.8696,-0.18022,-0.12672,-1.01829,-0.27036,0.31322,-0.47398,0.10793,-0.07472,-0.4894,0.2132,-0.01059,-0.87929,0.12864,-0.16248,-1.03644,0.17291
24.06,0.35202,-0.38807,0.04117,0.44944,0.04608,0.06644,0.40087,0.26837,0.06673,0.43384,-0.00859,-0.13292,0.20352,-0.07534,-0.17449,-0.00415,0.02985,-0.04823,-0.12938,0.1165,0.04069,0.39719,-0.02294,0.25482,0.2679,-0.22913,0.25711,0.01606,-0.21101,0.17724,-0.12842,-0.19504,0.07739,0.32142,-0.46118,-0.04275,-0.05046,-0.47104,-0.19582,0.013,-0.8698,-0.18026,-0.12665,-1.01847,-0.27038,0.31343,-0.4742,0.10762,-0.07462,-0.48945,0.21256,-0.01054,-0.87949,0.12861,-0.16253,-1.03652,0.17297
24.08,0.35238,-0.38835,0.0409,0.44963,0.04589,0.06535,0.40066,0.26809,0.06453,0.43438,-0.00925,-0.13392,0.20368,-0.07365,-0.17709,-0.00459,0.02914,-0.04986,-0.13018,0.11271,0.04148,0.39708,-0.02272,0.25379,0.26779,-0.22887,0.25804,0.01607,-0.21088,0.17774,-0.12808,-0.19668,0.07716,0.32184,-0.46142,-0.04308,-0.04953,-0.47119,-0.19739,0.0131,-0.87003,-0.18032,-0.12659,-1.01866,-0.27045,0.31366,-0.47448,0.10727,-0.0745,-0.48951,0.2118,-0.01048,-0.87971,0.12855,-0.16258,-1.03661,0.173
24.1,0.35265,-0.38854,0.04059,0.44973,0.04577,0.06437,0.40039,0.26789,0.06282,0.43471,-0.00972,-0.13481,0.20373,-0.07245,-0.17891,-0.00515,0.02944,-0.05194,-0.13092,0.11173,0.04031,0.397,-0.02252,0.25288,0.26719,-0.22829,0.25916,0.01557,-0.21033,0.17855,-0.12871,-0.19787,0.07792,0.32216,-0.46162,-0.0434,-0.04887,-0.47132,-0.19853,0.01319,-0.8702,-0.18036,-0.12653,-1.01882,-0.27045,0.31385,-0.47465,0.10695,-0.0744,-0.48954,0.21119,-0.01044,-0.87988,0.12853,-0.16262,-1.03667,0.17309
24.12,0.35267,-0.38841,0.04013,0.44953,0.04596,0.06373,0.39986,0.26801,0.0626,0.43434,-0.00958,-0.13542,0.20333,-0.07305,-0.17828,-0.006,0.03261,-0.05519,-0.13137,0.1194,0.03339,0.39702,-0.02232,0.2523,0.26529,-0.2268,0.26065,0.01363,-0.20863,0.18022,-0.13217,-0.1976,0.08164,0.32223,-0.46168,-0.04371,-0.049,-0.47133,-0.19835,0.0133,-0.87017,-0.18036,-0.12646,-1.01886,-0.2703,0.31393,-0.47441,0.10667,-0.07428,-0.48942,0.21101,-0.01043,-0.87983,0.12861,-0.16259,-1.03659,0.17333
24.14,0.3526,-0.38818,0.03962,0.44923,0.04624,0.06321,0.39926,0.26823,0.06286,0.43376,-0.00924,-0.13594,0.2028,-0.07413,-0.17688,-0.00694,0.03648,-0.05894,-0.13168,0.12927,0.02429,0.39706,-0.02213,0.25184,0.26294,-0.22495,0.26231,0.01119,-0.20651,0.18225,-0.13655,-0.19664,0.08647,0.32221,-0.46171,-0.04401,-0.0494,-0.47129,-0.19774,0.01341,-0.87008,-0.18036,-0.12638,-1.01885,-0.27011,0.31396,-0.47404,0.1064,-0.07418,-0.48926,0.21097,-0.01042,-0.87971,0.12872,-0.16253,-1.03648,0.17361
24.16,0.35256,-0.38801,0.03915,0.44897,0.04647,0.06263,0.39873,0.26839,0.06284,0.43331,-0.00903,-0.13651,0.20235,-0.07484,-0.17597,-0.0078,0.03956,-0.06246,-0.13197,0.13699,0.0162,0.39706,-0.02194,0.25132,0.26085,-0.22323,0.26392,0.00901,-0.20458,0.18416,-0.14038,-0.19577,0.09086,0.32223,-0.46176,-0.04431,-0.04967,-0.47128,-0.19737,0.0135,-0.87003,-0.18035,-0.12631,-1.01887,-0.26995,0.314,-0.47374,0.10613,-0.0741,-0.48913,0.21086,-0.01041,-0.87964,0.12881,-0.16249,-1.03639,0.17386
24.18,0.35255,-0.38781,0.03862,0.44868,0.04673,0.06208,0.39805,0.26856,0.06309,0.43272,-0.00871,-0.13704,0.20189,-0.07615,-0.17449,-0.0089,0.04301,-0.06725,-0.13258,0.14604,0.00477,0.39714,-0.02178,0.25084,0.25877,-0.22145,0.26552,0.00678,-0.20251,0.18629,-0.14451,-0.19458,0.09604,0.32225,-0.46181,-0.04463,-0.04998,-0.47124,-0.19685,0.01361,-0.86994,-0.18036,-0.12624,-1.01886,-0.26977,0.31409,-0.4734,0.10585,-0.07394,-0.48897,0.2108,-0.0104,-0.87954,0.12892,-0.16244,-1.03627,0.17415
24.2,0.35247,-0.38763,0.0382,0.44845,0.04695,0.06149,0.39767,0.26874,0.06291,0.43236,-0.00854,-0.13761,0.20147,-0.07634,-0.17399,-0.00954,0.04526,-0.06997,-0.13246,0.15153,-0.00144,0.39708,-0.02154,0.2503,0.25667,-0.21961,0.26718,0.00462,-0.20054,0.1882,-0.14806,-0.19333,0.10025,0.32225,-0.46183,-0.04489,-0.05023,-0.47122,-0.19652,0.0137,-0.86989,-0.18037,-0.12616,-1.01887,-0.26964,0.31408,-0.47311,0.1056,-0.07392,-0.48885,0.21066,-0.01039,-0.87947,0.12899,-0.16238,-1.0362,0.17435
24.22,0.35224,-0.38754,0.03809,0.44847,0.04702,0.06073,0.3982,0.26893,0.06127,0.43278,-0.00885,-0.1383,0.20119,-0.0731,-0.17661,-0.00869,0.04473,-0.06615,-0.13026,0.14782,0.00929,0.39663,-0.02105,0.24956,0.25453,-0.21768,0.26899,0.00264,-0.199,0.18941,-0.14996,-0.1927,0.10125,0.32219,-0.46179,-0.04503,-0.05021,-0.47131,-0.19683,0.01379,-0.86995,-0.18036,-0.12602,-1.019,-0.26961,0.31383,-0.47303,0.10546,-0.07425,-0.48889,0.2102,-0.01038,-0.87953,0.12893,-0.16231,-1.03634,0.17429
24.24,0.35195,-0.38746,0.03809,0.44855,0.04706,0.05992,0.39903,0.26914,0.0592,0.43343,-0.00931,-0.13901,0.20105,-0.06875,-0.18023,-0.00748,0.04253,-0.06079,-0.12761,0.13954,0.02438,0.39605,-0.02048,0.24876,0.2524,-0.21569,0.27081,0.00074,-0.19756,0.19035,-0.15131,-0.19223,0.10118,0.3221,-0.4617,-0.0451,-0.05012,-0.47141,-0.19733,0.01386,-0.87003,-0.18036,-0.12587,-1.01915,-0.26962,0.31349,-0.47301,0.10537,-0.0747,-0.48896,0.20966,-0.01038,-0.87961,0.12882,-0.16222,-1.03651,0.17414
24.26,0.35169,-0.38738,0.03804,0.44859,0.04711,0.05914,0.39969,0.26932,0.05741,0.43394,-0.00969,-0.1397,0.20099,-0.06508,-0.18327,-0.00663,0.04032,-0.0571,-0.12555,0.13189,0.03548,0.39555,-0.01996,0.248,0.25033,-0.21371,0.27255,-0.00115,-0.19606,0.19142,-0.15291,-0.19163,0.10171,0.32203,-0.46165,-0.0452,-0.05008,-0.47151,-0.19772,0.01394,-0.87011,-0.18036,-0.12573,-1.01929,-0.26961,0.3132,-0.47296,0.10526,-0.07508,-0.48901,0.20919,-0.01038,-0.87969,0.12874,-0.16215,-1.03667,0.17404
24.28,0.35141,-0.3873,0.03797,0.4487,0.04714,0.0583,0.40055,0.2695,0.05529,0.43461,-0.01014,-0.14045,0.20111,-0.06065,-0.18687,-0.00575,0.03737,-0.05369,-0.12362,0.12164,0.04682,0.39499,-0.0194,0.24715,0.24809,-0.21151,0.27446,-0.00323,-0.19449,0.19273,-0.15463,-0.19126,0.10236,0.32196,-0.46157,-0.04534,-0.04999,-0.47162,-0.19822,0.01403,-0.8702,-0.18037,-0.12557,-1.01944,-0.26962,0.31288,-0.47293,0.1051,-0.07552,-0.48908,0.20858,-0.01038,-0.87978,0.12863,-0.16206,-1.03685,0.1739
24.3,0.35117,-0.38721,0.03797,0.4487,0.04721,0.05758,0.40108,0.26967,0.05376,0.43501,-0.01049,-0.14107,0.2012,-0.05751,-0.18958,-0.00523,0.03408,-0.05127,-0.12217,0.11243,0.05497,0.39455,-0.0189,0.24646,0.24628,-0.20962,0.27597,-0.00485,-0.193,0.19357,-0.15598,-0.19044,0.10272,0.32188,-0.46151,-0.04537,-0.04995,-0.47169,-0.19853,0.0141,-0.87026,-0.18034,-0.12544,-1.01955,-0.2696,0.31262,-0.47286,0.10506,-0.07585,-0.48912,0.20825,-0.01037,-0.87982,0.12858,-0.16198,-1.03697,0.17381
24.32,0.351,-0.38707,0.03815,0.44837,0.04741,0.05722,0.40051,0.26983,0.05403,0.43448,-0.01049,-0.14136,0.20076,-0.05823,-0.1896,-0.00541,0.03161,-0.04978,-0.12107,0.11039,0.05754,0.39444,-0.01853,0.24622,0.24555,-0.20867,0.27641,-0.00526,-0.19176,0.1931,-0.1564,-0.18827,0.10231,0.32171,-0.4615,-0.04507,-0.05011,-0.47166,-0.19826,0.0141,-0.8702,-0.18021,-0.12539,-1.01951,-0.26953,0.31251,-0.47265,0.10537,-0.0759,-0.48909,0.20876,-0.01038,-0.87971,0.12871,-0.16197,-1.03689,0.17389
24.34,0.35086,-0.38693,0.03838,0.44792,0.04764,0.05696,0.39958,0.26997,0.05486,0.43366,-0.0104,-0.14155,0.20017,-0.06027,-0.18871,-0.0058,0.02948,-0.04852,-0.1201,0.11085,0.05832,0.39445,-0.01822,0.24613,0.24522,-0.20807,0.27644,-0.00521,-0.19065,0.19211,-0.15644,-0.18571,0.10154,0.32151,-0.46151,-0.04469,-0.05034,-0.47159,-0.19782,0.01407,-0.87012,-0.18007,-0.12536,-1.01943,-0.26945,0.31246,-0.4724,0.10579,-0.07584,-0.48904,0.20955,-0.0104,-0.87955,0.12889,-0.16199,-1.03675,0.17401
24.36,0.35073,-0.3868,0.03857,0.44755,0.04785,0.05665,0.39885,0.27011,0.05536,0.43301,-0.01037,-0.14179,0.19968,-0.06167,-0.18824,-0.00606,0.02731,-0.04723,-0.1191,0.11023,0.05975,0.39441,-0.0179,0.24595,0.24473,-0.20733,0.27666,-0.00534,-0.1895,0.19135,-0.15663,-0.18341,0.10094,0.32135,-0.46151,-0.04437,-0.05051,-0.47154,-0.19746,0.01407,-0.87005,-0.17994,-0.12532,-1.01937,-0.26939,0.31241,-0.47219,0.10613,-0.07581,-0.489,0.21018,-0.0104,-0.87942,0.12904,-0.16198,-1.03664,0.17411
24.38,0.35053,-0.38661,0.03882,0.4471,0.04811,0.05638,0.398,0.27029,0.05614,0.43224,-0.01027,-0.14199,0.19914,-0.06319,-0.18776,-0.00628,0.0247,-0.04559,-0.11777,0.10933,0.06167,0.39435,-0.01751,0.24582,0.24419,-0.20651,0.27688,-0.00551,-0.18829,0.19056,-0.15684,-0.18088,0.10033,0.32112,-0.46148,-0.04396,-0.05073,-0.47147,-0.19708,0.01406,-0.86996,-0.17979,-0.12527,-1.01929,-0.26931,0.31229,-0.47189,0.10656,-0.07583,-0.48894,0.21091,-0.01043,-0.87924,0.12921,-0.16199,-1.0365,0.1742
24.4,0.35047,-0.38654,0.03896,0.44676,0.04826,0.05605,0.39732,0.27036,0.05651,0.43163,-0.01027,-0.14226,0.1987,-0.06475,-0.18707,-0.00661,0.02309,-0.04471,-0.11715,0.1096,0.06204,0.39436,-0.01726,0.24563,0.24384,-0.20592,0.277,-0.0055,-0.18726,0.18974,-0.15688,-0.1788,0.09969,0.32102,-0.46152,-0.04371,-0.05088,-0.47144,-0.19672,0.01405,-0.86991,-0.17968,-0.12524,-1.01924,-0.26925,0.31231,-0.47175,0.10684,-0.07573,-0.48892,0.2115,-0.01042,-0.87914,0.12934,-0.16199,-1.03641,0.17431
24.42,0.35084,-0.38684,0.0387,0.44678,0.04805,0.05545,0.39721,0.27012,0.05543,0.43156,-0.01062,-0.1428,0.19861,-0.06632,-0.18596,-0.00729,0.0243,-0.04622,-0.11867,0.11296,0.05785,0.39456,-0.0174,0.24511,0.24396,-0.20592,0.27686,-0.00509,-0.18672,0.18888,-0.15654,-0.17801,0.09896,0.32131,-0.46178,-0.04398,-0.05078,-0.47153,-0.19654,0.0141,-0.87002,-0.17977,-0.12531,-1.01931,-0.26925,0.31271,-0.47207,0.10656,-0.07525,-0.48905,0.21155,-0.01028,-0.8793,0.12929,-0.16192,-1.03647,0.17437
24.44,0.35136,-0.38725,0.03833,0.44692,0.04774,0.0548,0.39729,0.26979,0.05392,0.43167,-0.01106,-0.14342,0.19864,-0.06784,-0.18469,-0.0081,0.0263,-0.04857,-0.12093,0.11703,0.05211,0.39483,-0.01765,0.24451,0.24426,-0.20614,0.27663,-0.00452,-0.18635,0.18802,-0.15603,-0.17767,0.0982,0.32174,-0.4621,-0.0444,-0.05059,-0.47165,-0.19638,0.01416,-0.87018,-0.17991,-0.1254,-1.01939,-0.26925,0.31324,-0.47253,0.10614,-0.07464,-0.48922,0.21143,-0.01009,-0.87954,0.12919,-0.16181,-1.03658,0.17443
24.46,0.35178,-0.38759,0.03804,0.44698,0.04749,0.05421,0.39726,0.26952,0.05268,0.43168,-0.01143,-0.14397,0.1986,-0.06922,-0.18357,-0.00886,0.02759,-0.05045,-0.12281,0.12003,0.04737,0.39506,-0.01784,0.24399,0.24445,-0.20624,0.27647,-0.00405,-0.18593,0.1872,-0.15561,-0.17718,0.09748,0.32208,-0.46237,-0.04472,-0.05046,-0.47176,-0.1962,0.01421,-0.87031,-0.18001,-0.12548,-1.01947,-0.26925,0.31369,-0.4729,0.10582,-0.07413,-0.48937,0.21142,-0.00993,-0.87974,0.12912,-0.16174,-1.03666,0.17449
24.48,0.35231,-0.38803,0.03764,0.4471,0.04715,0.05351,0.39727,0.26915,0.05118,0.43176,-0.01191,-0.14463,0.19874,-0.07128,-0.18209,-0.00973,0.02921,-0.05334,-0.12518,0.12408,0.04031,0.39532,-0.01811,0.24335,0.24473,-0.20646,0.27621,-0.00343,-0.18546,0.18617,-0.15507,-0.17656,0.0966,0.32251,-0.46272,-0.04517,-0.05027,-0.47189,-0.19606,0.01427,-0.87047,-0.18015,-0.12558,-1.01957,-0.26924,0.31423,-0.4734,0.10537,-0.0735,-0.48954,0.21131,-0.00973,-0.87999,0.12903,-0.16163,-1.03677,0.17457
24.5,0.35265,-0.38827,0.03743,0.44713,0.04699,0.053,0.39724,0.26896,0.0501,0.43172,-0.01219,-0.14509,0.19858,-0.0719,-0.1813,-0.01043,0.03002,-0.05458,-0.1268,0.1255,0.03728,0.39552,-0.01821,0.24291,0.24487,-0.20645,0.27611,-0.00308,-0.18512,0.18557,-0.15475,-0.1763,0.09603,0.32278,-0.46291,-0.04539,-0.05019,-0.47196,-0.19584,0.01431,-0.87056,-0.18024,-0.12564,-1.01961,-0.26926,0.3146,-0.47366,0.10514,-0.07306,-0.48965,0.21135,-0.00961,-0.88013,0.12897,-0.16158,-1.03682,0.1746
24.52,0.35241,-0.3879,0.0378,0.44691,0.04736,0.05307,0.39704,0.26935,0.05031,0.43127,-0.0119,-0.14497,0.19754,-0.06826,-0.18272,-0.01051,0.02844,-0.05045,-0.12596,0.11938,0.04703,0.39552,-0.01775,0.24307,0.24456,-0.2057,0.27648,-0.00354,-0.1851,0.18618,-0.15508,-0.17695,0.09636,0.32254,-0.46266,-0.04492,-0.05043,-0.47184,-0.19535,0.01425,-0.87043,-0.1802,-0.12562,-1.01946,-0.26936,0.31442,-0.47322,0.10563,-0.07323,-0.48957,0.21183,-0.00976,-0.87995,0.12903,-0.16174,-1.03668,0.1745
24.54,0.35198,-0.38733,0.03835,0.44661,0.04791,0.05333,0.3968,0.26992,0.05094,0.43068,-0.01141,-0.14467,0.19629,-0.0632,-0.18483,-0.01054,0.0257,-0.04536,-0.12462,0.10991,0.05949,0.39546,-0.01711,0.24342,0.24411,-0.20472,0.27698,-0.00427,-0.1852,0.18722,-0.15564,-0.17793,0.09703,0.32213,-0.46224,-0.04424,-0.05079,-0.47166,-0.19479,0.01417,-0.87022,-0.18012,-0.12556,-1.01926,-0.2695,0.31407,-0.47256,0.10633,-0.07359,-0.48942,0.21246,-0.01,-0.87967,0.12912,-0.16197,-1.03647,0.17435
24.56,0.35165,-0.38688,0.03879,0.44634,0.04836,0.05348,0.39657,0.27038,0.05133,0.43016,-0.01104,-0.14448,0.19527,-0.05896,-0.18647,-0.01079,0.02321,-0.04183,-0.12397,0.10147,0.06846,0.39543,-0.01659,0.24366,0.24373,-0.20389,0.2774,-0.00486,-0.18525,0.18803,-0.15608,-0.17872,0.09755,0.32181,-0.46192,-0.04368,-0.05109,-0.47152,-0.19427,0.0141,-0.87006,-0.18006,-0.12552,-1.0191,-0.26961,0.3138,-0.47204,0.10691,-0.07384,-0.48932,0.213,-0.01018,-0.87945,0.12919,-0.16215,-1.03631,0.17423
24.58,0.35125,-0.38632,0.03936,0.44606,0.04891,0.05373,0.39635,0.27093,0.05191,0.42959,-0.01058,-0.14418,0.19426,-0.05389,-0.18864,-0.01112,0.01903,-0.0382,-0.1234,0.08906,0.07836,0.39539,-0.01595,0.24401,0.24329,-0.20289,0.27793,-0.00554,-0.18531,0.18902,-0.15655,-0.1797,0.09811,0.32142,-0.46152,-0.04298,-0.05142,-0.47134,-0.19368,0.01402,-0.86986,-0.17998,-0.12547,-1.01889,-0.26975,0.31348,-0.47138,0.10763,-0.07417,-0.48918,0.21363,-0.01041,-0.87918,0.12928,-0.16238,-1.0361,0.17408
24.6,0.35095,-0.38594,0.03971,0.44579,0.04929,0.05383,0.39612,0.27133,0.0522,0.42909,-0.01026,-0.14404,0.19343,-0.05019,-0.18988,-0.01162,0.01702,-0.03635,-0.12336,0.08189,0.08367,0.39534,-0.01551,0.24419,0.24296,-0.20218,0.27827,-0.00607,-0.18536,0.18977,-0.157,-0.18038,0.0987,0.32113,-0.46125,-0.04252,-0.05172,-0.47123,-0.19322,0.01396,-0.86972,-0.17993,-0.12543,-1.01876,-0.26983,0.31324,-0.47094,0.1081,-0.07439,-0.48909,0.21412,-0.01057,-0.879,0.12933,-0.16253,-1.03597,0.17398
24.62,0.35102,-0.38614,0.03936,0.44561,0.04914,0.05342,0.3959,0.27118,0.05152,0.42883,-0.01042,-0.14445,0.19283,-0.05078,-0.18813,-0.01218,0.02315,-0.03769,-0.12393,0.0939,0.07895,0.39531,-0.01567,0.2438,0.24302,-0.20241,0.27799,-0.00607,-0.18527,0.18971,-0.15741,-0.17993,0.09935,0.32114,-0.46142,-0.04288,-0.05188,-0.47131,-0.19316,0.01398,-0.86977,-0.17998,-0.12543,-1.01887,-0.26976,0.31331,-0.47114,0.10775,-0.0742,-0.48919,0.21419,-0.01049,-0.87908,0.12927,-0.16241,-1.03606,0.17405
24.64,0.3512,-0.38653,0.03879,0.44545,0.04883,0.05285,0.3957,0.27085,0.05054,0.42864,-0.01073,-0.14501,0.19237,-0.05281,-0.18547,-0.01273,0.03129,-0.04058,-0.1247,0.11092,0.06997,0.39527,-0.01605,0.24325,0.2432,-0.20294,0.27751,-0.00591,-0.18519,0.18941,-0.1578,-0.1792,0.1,0.32124,-0.46174,-0.04349,-0.052,-0.47146,-0.19323,0.01403,-0.86989,-0.18006,-0.12544,-1.01907,-0.26963,0.31348,-0.47156,0.10713,-0.07389,-0.48935,0.21413,-0.01033,-0.87926,0.12916,-0.16219,-1.03623,0.17417
24.66,0.35132,-0.38681,0.03835,0.44528,0.04861,0.05238,0.39552,0.27062,0.04974,0.42842,-0.01095,-0.14548,0.19192,-0.05408,-0.18338,-0.01324,0.03751,-0.04318,-0.12537,0.12354,0.06229,0.39523,-0.0163,0.2428,0.24332,-0.20332,0.27714,-0.00583,-0.18515,0.18924,-0.15815,-0.17872,0.10061,0.32129,-0.46197,-0.04395,-0.05214,-0.47157,-0.19322,0.01407,-0.86998,-0.18013,-0.12543,-1.01922,-0.26954,0.3136,-0.47186,0.10667,-0.07365,-0.48948,0.21413,-0.01021,-0.87939,0.12907,-0.16202,-1.03636,0.17426
24.68,0.35149,-0.38719,0.03779,0.44511,0.04831,0.0518,0.39525,0.27029,0.04875,0.42819,-0.01126,-0.14605,0.19142,-0.05569,-0.18063,-0.01409,0.04502,-0.04738,-0.12647,0.13909,0.0507,0.39522,-0.01666,0.24225,0.24346,-0.20379,0.27669,-0.0057,-0.18495,0.18897,-0.15862,-0.17774,0.10143,0.32138,-0.46228,-0.04454,-0.05226,-0.47172,-0.19329,0.01411,-0.8701,-0.1802,-0.12544,-1.01941,-0.26941,0.31376,-0.47226,0.10608,-0.07335,-0.48964,0.2141,-0.01007,-0.87956,0.12897,-0.16182,-1.03653,0.17439
24.7,0.35156,-0.38741,0.03743,0.44492,0.04814,0.05142,0.39512,0.27014,0.04809,0.42798,-0.01143,-0.14643,0.19114,-0.05701,-0.179,-0.01438,0.04907,-0.04999,-0.12705,0.14731,0.04356,0.39512,-0.01686,0.24188,0.24356,-0.20413,0.27638,-0.00567,-0.18507,0.18888,-0.15886,-0.1777,0.10185,0.32139,-0.46247,-0.04491,-0.05243,-0.4718,-0.1932,0.01414,-0.87016,-0.18026,-0.12544,-1.01953,-0.26933,0.31384,-0.4725,0.10571,-0.07315,-0.48975,0.21413,-0.00997,-0.87966,0.1289,-0.16167,-1.03663,0.17445
24.72,0.35128,-0.38711,0.03775,0.44468,0.04843,0.05168,0.3954,0.27054,0.04844,0.42788,-0.01119,-0.14616,0.19124,-0.05643,-0.18062,-0.01288,0.04487,-0.04569,-0.12564,0.13682,0.05395,0.39474,-0.01651,0.24212,0.24345,-0.20401,0.27653,-0.00595,-0.18603,0.18932,-0.15844,-0.18046,0.10091,0.32116,-0.46223,-0.04455,-0.05275,-0.47168,-0.19263,0.01408,-0.87001,-0.18024,-0.12543,-1.01939,-0.26941,0.31366,-0.4722,0.10608,-0.07336,-0.48968,0.21439,-0.01006,-0.87952,0.12892,-0.16174,-1.03654,0.17433
24.74,0.35089,-0.38664,0.03828,0.44441,0.04888,0.05215,0.3958,0.27114,0.04914,0.42778,-0.01081,-0.14569,0.19155,-0.05563,-0.1834,-0.01073,0.03689,-0.03969,-0.12351,0.11841,0.06864,0.39427,-0.01598,0.24256,0.24328,-0.20375,0.27685,-0.00634,-0.18729,0.18998,-0.15779,-0.18423,0.09969,0.32083,-0.46186,-0.04396,-0.05313,-0.47149,-0.19187,0.014,-0.86979,-0.1802,-0.12543,-1.01915,-0.26953,0.31339,-0.47172,0.10668,-0.07369,-0.48954,0.21473,-0.0102,-0.87929,0.12898,-0.16188,-1.03638,0.17417
24.76,0.35057,-0.38628,0.03869,0.44413,0.04923,0.0525,0.39612,0.27163,0.04969,0.42762,-0.01051,-0.14533,0.19185,-0.05543,-0.18565,-0.00882,0.02968,-0.03526,-0.12157,0.10228,0.07927,0.39386,-0.01557,0.2429,0.24316,-0.20358,0.27712,-0.00667,-0.18844,0.19059,-0.15727,-0.18754,0.09883,0.32056,-0.46157,-0.0435,-0.05349,-0.47135,-0.19119,0.01393,-0.86962,-0.18017,-0.12544,-1.01897,-0.26961,0.31318,-0.47137,0.10715,-0.07392,-0.48946,0.21506,-0.0103,-0.87912,0.12903,-0.16197,-1.03627,0.17405
24.78,0.35018,-0.38581,0.03921,0.44397,0.04966,0.05295,0.39654,0.27218,0.0502,0.42769,-0.01017,-0.14487,0.19203,-0.05319,-0.18781,-0.00692,0.0222,-0.03011,-0.11956,0.08325,0.09106,0.39341,-0.01503,0.24331,0.243,-0.20332,0.2773,-0.00698,-0.1895,0.19097,-0.15639,-0.19124,0.09731,0.32026,-0.4612,-0.04292,-0.05381,-0.47115,-0.19053,0.01387,-0.8694,-0.18016,-0.1254,-1.01873,-0.26977,0.31289,-0.47088,0.10773,-0.07429,-0.48932,0.21531,-0.01045,-0.8789,0.12906,-0.16212,-1.03611,0.17384
24.8,0.3499,-0.38552,0.03954,0.44356,0.04998,0.05323,0.39679,0.27264,0.05087,0.4273,-0.00988,-0.14459,0.19261,-0.05511,-0.19046,-0.00461,0.0126,-0.0272,-0.11695,0.06492,0.09826,0.393,-0.0147,0.24359,0.24287,-0.2032,0.27769,-0.00736,-0.19082,0.19189,-0.15611,-0.19453,0.09724,0.31999,-0.46096,-0.04254,-0.05422,-0.47104,-0.18981,0.01377,-0.86925,-0.18011,-0.12546,-1.01858,-0.26979,0.31274,-0.47061,0.10812,-0.07442,-0.48926,0.21572,-0.01051,-0.87875,0.12912,-0.16217,-1.03602,0.17378
24.82,0.34998,-0.38577,0.03923,0.44238,0.05,0.05287,0.39652,0.27286,0.05192,0.42549,-0.00975,-0.14492,0.19453,-0.06854,-0.19424,-0.00087,0.00073,-0.02946,-0.11242,0.05549,0.09566,0.39281,-0.01498,0.2434,0.24297,-0.20353,0.27847,-0.0078,-0.19283,0.19403,-0.1575,-0.19613,0.10088,0.31982,-0.46112,-0.04284,-0.05485,-0.47118,-0.18893,0.01358,-0.86933,-0.17998,-0.12578,-1.01869,-0.26942,0.31305,-0.47095,0.10782,-0.0738,-0.48946,0.21657,-0.0103,-0.87885,0.12923,-0.1619,-1.03611,0.1741
24.84,0.35018,-0.38621,0.03871,0.44097,0.0499,0.05233,0.39612,0.27297,0.0531,0.42325,-0.00971,-0.14544,0.1982,-0.08569,-0.19845,0.00371,-0.01135,-0.03481,-0.10778,0.04952,0.08752,0.39267,-0.01548,0.24305,0.24311,-0.20399,0.27947,-0.00831,-0.19507,0.19674,-0.15949,-0.19725,0.10598,0.31969,-0.46142,-0.04337,-0.05554,-0.4714,-0.18803,0.01336,-0.86949,-0.17984,-0.12618,-1.01889,-0.26892,0.31351,-0.4715,0.1073,-0.07292,-0.48975,0.21756,-0.00999,-0.87903,0.12935,-0.16152,-1.03627,0.17455
24.86,0.35032,-0.38656,0.03831,0.43972,0.04983,0.05193,0.39584,0.27309,0.05418,0.42133,-0.00965,-0.14582,0.20271,-0.10042,-0.20238,0.00849,-0.02234,-0.04016,-0.10352,0.0426,0.07957,0.39248,-0.01587,0.2428,0.24318,-0.20434,0.28045,-0.00882,-0.19719,0.19935,-0.16121,-0.19874,0.11061,0.31954,-0.46165,-0.04378,-0.05618,-0.47158,-0.18717,0.01316,-0.8696,-0.1797,-0.12653,-1.01904,-0.26849,0.31389,-0.47195,0.1069,-0.07218,-0.48998,0.21847,-0.00974,-0.87916,0.12947,-0.16119,-1.03639,0.17494
24.88,0.35048,-0.38691,0.03783,0.43824,0.04982,0.05142,0.39541,0.27325,0.05542,0.4189,-0.00951,-0.14628,0.20797,-0.11493,-0.2065,0.0138,-0.03151,-0.04689,-0.09891,0.03903,0.06894,0.3924,-0.01629,0.24249,0.24351,-0.20489,0.28112,-0.00898,-0.19947,0.20143,-0.16262,-0.19983,0.11487,0.31938,-0.46188,-0.04425,-0.05691,-0.47177,-0.18613,0.01294,-0.86972,-0.17955,-0.12691,-1.01919,-0.26802,0.31432,-0.4724,0.10644,-0.07134,-0.49025,0.21946,-0.00946,-0.87932,0.12958,-0.16084,-1.03653,0.17536
24.9,0.35062,-0.38731,0.03746,0.43717,0.04966,0.0511,0.3953,0.27324,0.05638,0.4174,-0.00959,-0.14658,0.21511,-0.12898,-0.21028,0.01929,-0.04237,-0.05445,-0.09543,0.03101,0.05759,0.3921,-0.01671,0.24226,0.24332,-0.20507,0.2825,-0.00982,-0.20141,0.20478,-0.16465,-0.20157,0.12036,0.31925,-0.46214,-0.04464,-0.05745,-0.47196,-0.18545,0.01274,-0.86986,-0.17942,-0.12725,-1.01936,-0.26762,0.31467,-0.47291,0.10605,-0.07063,-0.49047,0.2203,-0.00921,-0.87945,0.12972,-0.16052,-1.03666,0.17576
24.92,0.35066,-0.3878,0.03737,0.43731,0.04914,0.05126,0.39609,0.27285,0.05647,0.41865,-0.01021,-0.1465,0.22525,-0.14221,-0.21286,0.02488,-0.05923,-0.06088,-0.09386,0.00897,0.05024,0.39112,-0.01711,0.2422,0.2417,-0.20424,0.28563,-0.0126,-0.20276,0.21172,-0.16842,-0.20588,0.12922,0.31917,-0.46243,-0.04486,-0.05745,-0.47209,-0.18587,0.01254,-0.87001,-0.17936,-0.12745,-1.01955,-0.2675,0.31475,-0.47354,0.1058,-0.07038,-0.49055,0.22071,-0.00907,-0.87949,0.12989,-0.16031,-1.03673,0.17606
24.94,0.35067,-0.38833,0.03739,0.43786,0.04849,0.05158,0.39717,0.27231,0.0563,0.42082,-0.01103,-0.14627,0.23695,-0.155,-0.21481,0.0312,-0.07815,-0.06685,-0.09178,-0.01789,0.04425,0.38992,-0.01749,0.24218,0.23952,-0.20291,0.28941,-0.01603,-0.20338,0.21991,-0.17271,-0.21029,0.13929,0.31911,-0.46274,-0.04502,-0.05728,-0.47221,-0.18666,0.01235,-0.87018,-0.17933,-0.12761,-1.01974,-0.26748,0.31475,-0.47422,0.10562,-0.07029,-0.49058,0.22095,-0.00898,-0.87951,0.13007,-0.16013,-1.03679,0.17633
24.96,0.3507,-0.38883,0.03738,0.43818,0.04793,0.05181,0.39809,0.27186,0.05628,0.42248,-0.01176,-0.1461,0.24895,-0.16709,-0.21675,0.03838,-0.09555,-0.07297,-0.08813,-0.0421,0.03764,0.38884,-0.01785,0.24212,0.23757,-0.20162,0.29287,-0.01904,-0.20371,0.22744,-0.17654,-0.21368,0.14874,0.31906,-0.46304,-0.04518,-0.05718,-0.47233,-0.18724,0.01215,-0.87034,-0.17928,-0.12779,-1.01992,-0.26742,0.31479,-0.47487,0.10544,-0.07012,-0.49064,0.22127,-0.00885,-0.87954,0.13025,-0.15993,-1.03687,0.17661
24.98,0.35072,-0.3894,0.03727,0.43866,0.04725,0.05209,0.39915,0.27129,0.05613,0.4245,-0.01256,-0.1459,0.26216,-0.17883,-0.21824,0.04678,-0.11275,-0.07904,-0.08295,-0.06649,0.03109,0.38768,-0.01831,0.24205,0.23579,-0.2006,0.29619,-0.02199,-0.20525,0.23569,-0.18044,-0.21921,0.15955,0.31898,-0.46338,-0.04545,-0.05708,-0.47245,-0.18801,0.01195,-0.8705,-0.17926,-0.12797,-1.02012,-0.26737,0.31482,-0.47559,0.10514,-0.06993,-0.4907,0.2216,-0.00872,-0.87957,0.13042,-0.15972,-1.03695,0.17692
25,0.35074,-0.38983,0.03741,0.43891,0.04677,0.05233,0.39997,0.27091,0.05623,0.426,-0.01325,-0.14569,0.27509,-0.18925,-0.21972,0.05523,-0.12964,-0.08466,-0.07711,-0.09072,0.0252,0.38664,-0.01854,0.24201,0.23353,-0.19867,0.29984,-0.02504,-0.20339,0.24282,-0.18398,-0.21931,0.16811,0.31894,-0.46362,-0.04546,-0.05695,-0.47255,-0.18845,0.01174,-0.87064,-0.17918,-0.12817,-1.02026,-0.26732,0.31483,-0.47616,0.1051,-0.06984,-0.49074,0.22189,-0.00862,-0.8796,0.13062,-0.15955,-1.03702,0.17717
25.02,0.35078,-0.38989,0.03826,0.43842,0.04685,0.05239,0.40008,0.27108,0.05706,0.42582,-0.01359,-0.14552,0.28573,-0.19729,-0.22207,0.06237,-0.14614,-0.08929,-0.07173,-0.11442,0.02075,0.38599,-0.01814,0.24214,0.23025,-0.19453,0.30432,-0.02823,-0.19356,0.24672,-0.18661,-0.20635,0.17024,0.31903,-0.46356,-0.04473,-0.05681,-0.47261,-0.18784,0.01156,-0.87077,-0.17891,-0.12841,-1.02022,-0.26722,0.3148,-0.4763,0.10581,-0.07002,-0.49079,0.22211,-0.00855,-0.87962,0.13089,-0.1595,-1.03709,0.17723
25.04,0.35083,-0.38982,0.03935,0.4377,0.0471,0.0524,0.39993,0.27141,0.05815,0.42512,-0.01383,-0.14536,0.29571,-0.2041,-0.22462,0.06954,-0.16225,-0.09337,-0.06576,-0.13784,0.01706,0.38547,-0.01752,0.24233,0.22668,-0.18945,0.3091,-0.03112,-0.18055,0.24916,-0.18829,-0.18838,0.16956,0.31918,-0.46341,-0.04376,-0.05665,-0.47265,-0.1869,0.0114,-0.87088,-0.17857,-0.12864,-1.02013,-0.26711,0.31476,-0.47629,0.10677,-0.0703,-0.49084,0.22228,-0.0085,-0.87964,0.13119,-0.15949,-1.03715,0.17723
25.06,0.35088,-0.38981,0.0403,0.43711,0.04726,0.05243,0.39986,0.27163,0.05914,0.42471,-0.01412,-0.1452,0.30647,-0.21054,-0.22688,0.0778,-0.17775,-0.0974,-0.05839,-0.16068,0.01332,0.38489,-0.01702,0.24248,0.22342,-0.18461,0.31369,-0.03358,-0.16864,0.25182,-0.1895,-0.17237,0.16952,0.31931,-0.4633,-0.04292,-0.05649,-0.4727,-0.18615,0.01123,-0.871,-0.17826,-0.12887,-1.02007,-0.267,0.31473,-0.47635,0.10759,-0.07052,-0.49088,0.22245,-0.00844,-0.87966,0.13148,-0.15946,-1.03722,0.17726
25.08,0.35091,-0.3898,0.0414,0.43641,0.04745,0.05248,0.39999,0.27192,0.06005,0.42413,-0.01444,-0.145,0.31763,-0.21639,-0.22929,0.08702,-0.19347,-0.10114,-0.0495,-0.18432,0.01011,0.38428,-0.01647,0.24268,0.22048,-0.17981,0.31833,-0.03587,-0.15862,0.25535,-0.19063,-0.15958,0.17082,0.31942,-0.46319,-0.04194,-0.05634,-0.47277,-0.18523,0.01106,-0.87113,-0.17793,-0.12911,-1.02001,-0.26691,0.31468,-0.47642,0.10855,-0.07078,-0.49094,0.2227,-0.00838,-0.87969,0.13178,-0.15943,-1.0373,0.17726
25.1,0.35097,-0.38976,0.04223,0.43588,0.04762,0.05245,0.39961,0.27208,0.06117,0.42375,-0.01468,-0.14491,0.3285,-0.22133,-0.23124,0.09624,-0.20713,-0.1048,-0.04047,-0.20493,0.00658,0.38377,-0.01598,0.24276,0.21728,-0.17444,0.32278,-0.03726,-0.14429,0.2562,-0.18989,-0.13995,0.16799,0.31956,-0.46307,-0.04122,-0.05617,-0.47281,-0.18459,0.01089,-0.87123,-0.17764,-0.12934,-1.01994,-0.26678,0.31466,-0.47644,0.10925,-0.07099,-0.49095,0.22278,-0.00833,-0.8797,0.13205,-0.15942,-1.03734,0.17732
25.12,0.35114,-0.38968,0.04226,0.4359,0.04774,0.05223,0.39792,0.27183,0.06284,0.42408,-0.01474,-0.1451,0.33849,-0.22536,-0.23194,0.10415,-0.21637,-0.10889,-0.03341,-0.21845,0.00142,0.38353,-0.01571,0.24252,0.21332,-0.16787,0.32683,-0.03546,-0.11932,0.2501,-0.18279,-0.10333,0.15453,0.31978,-0.46293,-0.04125,-0.05592,-0.47275,-0.18469,0.01076,-0.87123,-0.17745,-0.12958,-1.01989,-0.26652,0.31477,-0.4764,0.1092,-0.07096,-0.49084,0.22243,-0.00826,-0.87971,0.13223,-0.1594,-1.03728,0.17754
25.14,0.35135,-0.38958,0.042,0.4361,0.04784,0.05192,0.39573,0.2714,0.06469,0.42463,-0.01473,-0.1454,0.34808,-0.22883,-0.23218,0.11156,-0.2239,-0.11315,-0.02713,-0.2293,-0.00437,0.3834,-0.01552,0.24214,0.20929,-0.16073,0.33064,-0.03011,-0.0914,0.24113,-0.16932,-0.06224,0.13688,0.32003,-0.46279,-0.04157,-0.05564,-0.47266,-0.18509,0.01065,-0.8712,-0.17732,-0.1298,-1.01984,-0.26623,0.31493,-0.47632,0.10888,-0.07087,-0.49069,0.22189,-0.00818,-0.87971,0.13236,-0.15938,-1.03719,0.17782
25.16,0.35153,-0.38949,0.04186,0.4362,0.04795,0.05163,0.39374,0.271,0.06642,0.42505,-0.01474,-0.14566,0.35793,-0.23194,-0.23256,0.11951,-0.23179,-0.11728,-0.02004,-0.24104,-0.00987,0.38321,-0.0153,0.24182,0.20572,-0.1537,0.33442,-0.02295,-0.06667,0.23307,-0.15301,-0.02662,0.12093,0.32025,-0.46265,-0.04176,-0.05537,-0.4726,-0.1854,0.01053,-0.87119,-0.17717,-0.13003,-1.0198,-0.26597,0.31506,-0.47626,0.10867,-0.07083,-0.49055,0.22142,-0.00812,-0.87971,0.13251,-0.15937,-1.03711,0.17807
25.18,0.35174,-0.3894,0.04175,0.43636,0.04805,0.05137,0.39184,0.27055,0.06825,0.42554,-0.01477,-0.1459,0.36832,-0.23474,-0.23292,0.12808,-0.2397,-0.12159,-0.01216,-0.25317,-0.01553,0.38304,-0.01507,0.24151,0.20263,-0.14648,0.33854,-0.0135,-0.04372,0.22513,-0.13298,0.00546,0.10511,0.3205,-0.46251,-0.04193,-0.05513,-0.47252,-0.18555,0.0104,-0.87116,-0.177,-0.13029,-1.01973,-0.26568,0.31522,-0.47621,0.10849,-0.07072,-0.49043,0.22103,-0.00805,-0.87972,0.13266,-0.15936,-1.03704,0.17832
25.2,0.3519,-0.38929,0.04152,0.43645,0.04818,0.05105,0.38967,0.27005,0.06991,0.42594,-0.01475,-0.1462,0.37778,-0.23694,-0.23305,0.13594,-0.24643,-0.12554,-0.00508,-0.26343,-0.02104,0.38285,-0.01486,0.24114,0.1995,-0.13928,0.34182,-0.0017,-0.02137,0.21633,-0.10899,0.03674,0.08901,0.32072,-0.46236,-0.04222,-0.05481,-0.47244,-0.18608,0.01029,-0.87114,-0.17687,-0.13048,-1.01969,-0.26542,0.31532,-0.47612,0.1082,-0.07072,-0.49024,0.22043,-0.00799,-0.87968,0.1328,-0.15935,-1.03692,0.17859
25.22,0.35194,-0.38914,0.04102,0.43638,0.04835,0.05058,0.38688,0.26948,0.07112,0.4261,-0.01461,-0.14668,0.38474,-0.23847,-0.23275,0.14161,-0.25094,-0.12853,-0.00071,-0.26958,-0.02608,0.3826,-0.01467,0.24062,0.19567,-0.1322,0.34298,0.013,0.00198,0.20601,-0.07987,0.07075,0.0728,0.32091,-0.46223,-0.04276,-0.05424,-0.47236,-0.1876,0.01031,-0.87111,-0.1768,-0.13041,-1.01978,-0.26525,0.31522,-0.47595,0.10765,-0.071,-0.48982,0.21931,-0.00796,-0.87951,0.13296,-0.15931,-1.0367,0.17893
25.24,0.35194,-0.38897,0.04042,0.43626,0.04854,0.05005,0.38387,0.26885,0.07215,0.42617,-0.01442,-0.14721,0.39073,-0.23968,-0.23225,0.14639,-0.25451,-0.1312,0.00261,-0.27411,-0.031,0.38233,-0.0145,0.24004,0.19177,-0.12515,0.34336,0.03027,0.02412,0.19581,-0.04646,0.10287,0.05794,0.32109,-0.4621,-0.04339,-0.05358,-0.47228,-0.18946,0.01036,-0.87107,-0.17676,-0.13026,-1.0199,-0.26509,0.31505,-0.47574,0.10701,-0.07137,-0.48933,0.218,-0.00794,-0.87927,0.13313,-0.15926,-1.03643,0.1793
25.26,0.35197,-0.38881,0.03987,0.43618,0.04872,0.04955,0.38101,0.26819,0.07323,0.42629,-0.01426,-0.14772,0.39715,-0.24077,-0.23182,0.15167,-0.25833,-0.13403,0.00658,-0.27936,-0.03602,0.38207,-0.01431,0.23949,0.18834,-0.11806,0.34407,0.04912,0.04327,0.18684,-0.01075,0.12942,0.04509,0.32129,-0.46197,-0.04397,-0.05296,-0.47219,-0.19113,0.0104,-0.87102,-0.17672,-0.13015,-1.01998,-0.26494,0.31493,-0.47554,0.10642,-0.07168,-0.48887,0.21679,-0.00791,-0.87906,0.13329,-0.15923,-1.03617,0.17964
25.28,0.35198,-0.38864,0.03927,0.43609,0.04891,0.04904,0.37802,0.26744,0.07442,0.42642,-0.01407,-0.14824,0.4039,-0.24171,-0.23135,0.15727,-0.26223,-0.13709,0.01079,-0.28474,-0.04152,0.38181,-0.01414,0.23893,0.18505,-0.11042,0.34498,0.07109,0.06098,0.17834,0.03004,0.15284,0.03351,0.32148,-0.46183,-0.04461,-0.0523,-0.47212,-0.19297,0.01042,-0.87097,-0.17667,-0.13004,-1.02008,-0.26477,0.31478,-0.47534,0.10578,-0.07202,-0.48838,0.21548,-0.00789,-0.87882,0.13347,-0.15918,-1.03589,0.18002
25.3,0.352,-0.38849,0.03877,0.43596,0.04909,0.04854,0.37529,0.26674,0.07532,0.42647,-0.01393,-0.14874,0.4098,-0.24242,-0.23088,0.16225,-0.26555,-0.13968,0.01465,-0.28953,-0.04621,0.38154,-0.01395,0.23839,0.18224,-0.10376,0.34536,0.09138,0.07429,0.17165,0.06728,0.16947,0.02517,0.32165,-0.46172,-0.04514,-0.05172,-0.47203,-0.1945,0.01044,-0.87091,-0.17662,-0.12997,-1.02013,-0.26462,0.31465,-0.47515,0.10524,-0.07233,-0.48796,0.21435,-0.00789,-0.87862,0.13362,-0.15918,-1.03564,0.18035
25.32,0.35208,-0.3884,0.03857,0.43572,0.04924,0.04806,0.3733,0.26632,0.07551,0.42634,-0.01391,-0.14918,0.41364,-0.24294,-0.23052,0.16563,-0.26767,-0.141,0.01765,-0.29318,-0.04854,0.38128,-0.01369,0.23794,0.18008,-0.09976,0.34443,0.10388,0.08201,0.16756,0.09067,0.17888,0.02079,0.32183,-0.46167,-0.04534,-0.05136,-0.47193,-0.19514,0.01046,-0.87083,-0.17655,-0.12996,-1.02008,-0.2645,0.31461,-0.47501,0.10504,-0.0725,-0.48775,0.21369,-0.00793,-0.87854,0.13371,-0.15926,-1.03551,0.18051
25.34,0.35218,-0.38834,0.03847,0.43544,0.04938,0.04758,0.37159,0.266,0.07541,0.42614,-0.01396,-0.1496,0.41661,-0.2434,-0.23019,0.16831,-0.26931,-0.14182,0.0202,-0.29626,-0.04998,0.38103,-0.01343,0.23751,0.17816,-0.09682,0.34298,0.11322,0.0877,0.16446,0.10837,0.18572,0.01795,0.32201,-0.46165,-0.04543,-0.0511,-0.47184,-0.19545,0.01048,-0.87075,-0.17649,-0.12998,-1.02,-0.26439,0.3146,-0.4749,0.10495,-0.07261,-0.48763,0.21321,-0.00798,-0.87852,0.13378,-0.15936,-1.03543,0.18061
25.36,0.35227,-0.38826,0.03833,0.43519,0.04954,0.04711,0.36978,0.26562,0.07543,0.42597,-0.01397,-0.15002,0.41991,-0.24381,-0.22983,0.17127,-0.27109,-0.14286,0.02293,-0.29951,-0.05184,0.38079,-0.01317,0.23708,0.17627,-0.09344,0.34178,0.124,0.09329,0.16141,0.12835,0.19194,0.01531,0.32218,-0.46161,-0.04556,-0.05081,-0.47173,-0.19588,0.01049,-0.87067,-0.17642,-0.12998,-1.01992,-0.26427,0.31458,-0.47477,0.10481,-0.07275,-0.48746,0.21267,-0.00803,-0.87846,0.13386,-0.15945,-1.03532,0.18075
25.38,0.35237,-0.38818,0.03819,0.43489,0.0497,0.04663,0.36789,0.26522,0.0755,0.42579,-0.01398,-0.15046,0.42351,-0.24415,-0.22949,0.17452,-0.27291,-0.14398,0.02596,-0.30298,-0.05384,0.3805,-0.0129,0.23663,0.17419,-0.08955,0.34052,0.13648,0.099,0.15842,0.15168,0.1978,0.01315,0.32239,-0.46158,-0.0457,-0.05045,-0.47163,-0.19642,0.01052,-0.87058,-0.17634,-0.12998,-1.01984,-0.26414,0.31456,-0.47463,0.10468,-0.0729,-0.48729,0.21207,-0.00808,-0.87841,0.13395,-0.15954,-1.0352,0.18089
25.4,0.35246,-0.38813,0.03807,0.43469,0.04981,0.04616,0.36627,0.26484,0.07539,0.42564,-0.01403,-0.15087,0.42633,-0.24448,-0.22912,0.17706,-0.27447,-0.14486,0.02836,-0.30587,-0.05542,0.38032,-0.01267,0.23621,0.17272,-0.08693,0.33926,0.14503,0.10253,0.15631,0.16703,0.20112,0.01176,0.32252,-0.46157,-0.0458,-0.05026,-0.47155,-0.19665,0.01053,-0.87052,-0.17629,-0.13,-1.01977,-0.26404,0.31455,-0.47453,0.10457,-0.073,-0.48717,0.21163,-0.00812,-0.87838,0.13401,-0.15963,-1.03512,0.18099
25.42,0.35253,-0.38818,0.03799,0.43478,0.04976,0.04577,0.36525,0.26444,0.0749,0.42566,-0.01421,-0.15122,0.42726,-0.24491,-0.2287,0.17783,-0.27563,-0.14519,0.02906,-0.30748,-0.05602,0.38049,-0.0126,0.23588,0.17273,-0.08757,0.3381,0.14342,0.10202,0.15554,0.16181,0.20073,0.01057,0.32248,-0.4616,-0.04586,-0.05055,-0.47159,-0.1961,0.01048,-0.87055,-0.17631,-0.1301,-1.01979,-0.26401,0.31456,-0.47453,0.10452,-0.07301,-0.4872,0.21154,-0.00814,-0.87844,0.134,-0.15967,-1.03516,0.18099
25.44,0.35259,-0.38828,0.03794,0.43497,0.04964,0.04541,0.36451,0.26406,0.07425,0.42573,-0.01444,-0.15153,0.42745,-0.24541,-0.22824,0.1779,-0.2766,-0.14527,0.02911,-0.30855,-0.05617,0.38076,-0.01259,0.23559,0.17332,-0.08952,0.33698,0.13775,0.09989,0.15534,0.14855,0.19883,0.00977,0.32237,-0.46167,-0.04587,-0.05101,-0.47169,-0.19524,0.01041,-0.87063,-0.17635,-0.13023,-1.01984,-0.264,0.31457,-0.47457,0.10452,-0.07297,-0.48731,0.21162,-0.00816,-0.87853,0.13397,-0.15969,-1.03525,0.18094
25.46,0.35266,-0.38836,0.03788,0.43512,0.04955,0.04504,0.3637,0.26368,0.07367,0.42577,-0.01465,-0.15186,0.42797,-0.24587,-0.2278,0.17829,-0.27761,-0.14545,0.02947,-0.30982,-0.05649,0.38099,-0.01255,0.23528,0.1737,-0.09095,0.33586,0.13379,0.09832,0.15498,0.13877,0.19739,0.00918,0.32229,-0.46173,-0.04589,-0.05138,-0.47176,-0.19453,0.01036,-0.87069,-0.17638,-0.13034,-1.01987,-0.26398,0.3146,-0.4746,0.1045,-0.07293,-0.48739,0.21166,-0.00817,-0.87861,0.13394,-0.15971,-1.03532,0.18092
25.48,0.35274,-0.38843,0.0378,0.4353,0.04947,0.04464,0.36271,0.26322,0.07313,0.42583,-0.01486,-0.15221,0.42851,-0.24632,-0.22737,0.1787,-0.2788,-0.14569,0.02983,-0.31131,-0.05691,0.38126,-0.0125,0.23495,0.17401,-0.09214,0.33464,0.13042,0.09685,0.15432,0.12952,0.19587,0.0084,0.32222,-0.46177,-0.04594,-0.05177,-0.47183,-0.19378,0.0103,-0.87074,-0.17641,-0.13047,-1.0199,-0.26395,0.3146,-0.47461,0.10446,-0.07293,-0.48745,0.21156,-0.00819,-0.87869,0.13392,-0.15974,-1.03538,0.18089
25.5,0.35278,-0.38852,0.03776,0.43542,0.04937,0.0443,0.36213,0.26293,0.07244,0.42585,-0.01508,-0.15251,0.42885,-0.24678,-0.22691,0.17891,-0.27958,-0.14575,0.03004,-0.3122,-0.05703,0.38144,-0.01248,0.23467,0.17463,-0.09412,0.33364,0.12493,0.09448,0.15449,0.1173,0.19352,0.00879,0.32211,-0.46185,-0.04594,-0.05216,-0.4719,-0.19304,0.01023,-0.87079,-0.17645,-0.13059,-1.01992,-0.26395,0.31463,-0.47465,0.10447,-0.07285,-0.48756,0.21177,-0.0082,-0.87876,0.13389,-0.15975,-1.03545,0.18085
25.52,0.35275,-0.38868,0.0378,0.43533,0.04922,0.04404,0.36259,0.26307,0.0714,0.42575,-0.01535,-0.15273,0.42889,-0.24729,-0.22639,0.17879,-0.2793,-0.14542,0.03003,-0.31166,-0.05642,0.38139,-0.0125,0.23446,0.17599,-0.09782,0.33326,0.11491,0.09004,0.15688,0.09934,0.18914,0.01185,0.32195,-0.46205,-0.04582,-0.05252,-0.47196,-0.19242,0.01021,-0.87083,-0.17651,-0.13062,-1.01994,-0.26403,0.31473,-0.47479,0.10461,-0.07249,-0.48781,0.21285,-0.00816,-0.87883,0.13382,-0.15967,-1.03557,0.18078
25.54,0.35269,-0.38886,0.03786,0.43518,0.04906,0.04381,0.36348,0.26339,0.0702,0.42562,-0.01564,-0.15291,0.42879,-0.24781,-0.22585,0.17852,-0.27862,-0.14495,0.02989,-0.31052,-0.05556,0.38125,-0.01255,0.23427,0.17774,-0.10226,0.3331,0.10309,0.08411,0.16041,0.07885,0.18294,0.01638,0.32177,-0.46229,-0.04566,-0.05287,-0.47201,-0.19185,0.01021,-0.87085,-0.1766,-0.13062,-1.01995,-0.26416,0.31486,-0.47496,0.10479,-0.07202,-0.4881,0.21421,-0.00811,-0.8789,0.13374,-0.15957,-1.03569,0.18067
25.56,0.35263,-0.38902,0.03792,0.43506,0.04892,0.04359,0.36421,0.26364,0.06905,0.42551,-0.01592,-0.15309,0.42876,-0.24831,-0.2253,0.17831,-0.27811,-0.14455,0.0298,-0.30961,-0.05483,0.38114,-0.01258,0.23409,0.17945,-0.10638,0.33286,0.09224,0.07793,0.16387,0.0596,0.176,0.021,0.32158,-0.4625,-0.04551,-0.05324,-0.47207,-0.19126,0.01018,-0.87088,-0.17666,-0.13065,-1.01995,-0.26425,0.31496,-0.47511,0.10495,-0.07162,-0.48836,0.2154,-0.00808,-0.87896,0.13368,-0.1595,-1.03579,0.18059
25.58,0.3526,-0.38922,0.03798,0.43491,0.04875,0.04333,0.36476,0.26379,0.06799,0.42533,-0.01623,-0.15331,0.42866,-0.24885,-0.22478,0.17807,-0.27763,-0.14411,0.02972,-0.30888,-0.05403,0.38104,-0.01263,0.23388,0.18119,-0.11023,0.3327,0.08202,0.07138,0.16742,0.04132,0.16825,0.0258,0.32141,-0.46274,-0.04536,-0.0536,-0.47214,-0.19062,0.01017,-0.87092,-0.17673,-0.13066,-1.01998,-0.26435,0.31509,-0.47529,0.10513,-0.07114,-0.48868,0.21677,-0.00803,-0.87904,0.13361,-0.1594,-1.03593,0.18052
25.6,0.35252,-0.38935,0.03803,0.43482,0.04862,0.04315,0.36581,0.26415,0.06671,0.42531,-0.01647,-0.15345,0.42869,-0.24931,-0.2242,0.1779,-0.277,-0.14377,0.02961,-0.30763,-0.05339,0.3809,-0.01265,0.23372,0.18325,-0.11474,0.33244,0.07101,0.06341,0.17182,0.02165,0.15867,0.03187,0.32123,-0.46293,-0.04522,-0.05393,-0.47217,-0.19011,0.01016,-0.87092,-0.17681,-0.13067,-1.01996,-0.26447,0.3152,-0.47542,0.10528,-0.07077,-0.48889,0.21783,-0.008,-0.87907,0.13354,-0.15934,-1.03599,0.18042
25.62,0.35232,-0.38929,0.03806,0.435,0.04861,0.0432,0.3682,0.26503,0.06489,0.42571,-0.01651,-0.1534,0.42908,-0.24954,-0.22354,0.17797,-0.27605,-0.1437,0.02946,-0.30507,-0.05314,0.38075,-0.01257,0.23371,0.18602,-0.12058,0.33193,0.05758,0.05256,0.17812,-0.00219,0.14543,0.04064,0.32103,-0.46292,-0.04515,-0.05421,-0.47209,-0.18983,0.01012,-0.87081,-0.1769,-0.13068,-1.01985,-0.26459,0.31522,-0.47542,0.10536,-0.07073,-0.48881,0.21797,-0.00802,-0.87895,0.13346,-0.15935,-1.03591,0.18029
25.64,0.35207,-0.38915,0.03809,0.43524,0.04865,0.04336,0.37109,0.26609,0.06286,0.42626,-0.01648,-0.15326,0.42961,-0.24968,-0.2228,0.17813,-0.27496,-0.14373,0.02929,-0.30199,-0.0531,0.38053,-0.01244,0.23376,0.18928,-0.12704,0.33134,0.04404,0.03955,0.18544,-0.02649,0.12916,0.05093,0.32083,-0.46283,-0.04509,-0.05445,-0.47194,-0.18967,0.01008,-0.87064,-0.17699,-0.13069,-1.01969,-0.26472,0.31522,-0.47535,0.10543,-0.07081,-0.48862,0.21779,-0.00806,-0.87877,0.13338,-0.15938,-1.03575,0.18014
25.66,0.35185,-0.38906,0.03812,0.43541,0.04867,0.04347,0.37374,0.26699,0.06092,0.42675,-0.01649,-0.15315,0.4301,-0.24988,-0.22207,0.17827,-0.27396,-0.14374,0.02915,-0.29917,-0.05305,0.38029,-0.01235,0.23378,0.1927,-0.13327,0.33084,0.03204,0.0257,0.19282,-0.04855,0.11138,0.06143,0.32064,-0.4628,-0.04502,-0.05469,-0.47184,-0.18949,0.01005,-0.87051,-0.17708,-0.13069,-1.01956,-0.26485,0.31523,-0.47533,0.1055,-0.07083,-0.48849,0.21776,-0.00809,-0.87863,0.13329,-0.1594,-1.03564,0.18
25.68,0.35161,-0.38893,0.03813,0.43573,0.04869,0.04353,0.37666,0.26788,0.05902,0.42723,-0.01648,-0.15309,0.43045,-0.25003,-0.22147,0.17833,-0.27288,-0.1437,0.02902,-0.29621,-0.05281,0.38029,-0.01223,0.23378,0.19606,-0.13854,0.3304,0.0198,0.01089,0.20105,-0.07099,0.09128,0.07301,0.3204,-0.46272,-0.04497,-0.05502,-0.47171,-0.18918,0.00999,-0.87035,-0.17717,-0.13071,-1.01941,-0.26498,0.31525,-0.47527,0.10556,-0.07085,-0.48832,0.2177,-0.00812,-0.87846,0.13321,-0.15943,-1.03549,0.17986
25.7,0.3514,-0.38885,0.03819,0.43578,0.04872,0.04373,0.37921,0.26871,0.05702,0.42777,-0.01649,-0.1529,0.43113,-0.25024,-0.22056,0.1786,-0.27193,-0.1438,0.02889,-0.29339,-0.05312,0.37979,-0.01213,0.23384,0.20035,-0.14555,0.32991,0.01098,-0.0056,0.20872,-0.08862,0.06987,0.08429,0.32026,-0.4627,-0.04488,-0.05514,-0.47159,-0.18916,0.00998,-0.87021,-0.17725,-0.1307,-1.01927,-0.26511,0.31525,-0.47525,0.10565,-0.07091,-0.48819,0.21763,-0.00814,-0.87832,0.13313,-0.15944,-1.03538,0.17971
25.72,0.35126,-0.38894,0.03837,0.43505,0.04874,0.04425,0.38065,0.26943,0.05471,0.42842,-0.01657,-0.15239,0.43261,-0.25065,-0.21886,0.17934,-0.27133,-0.14428,0.02866,-0.29107,-0.05482,0.37789,-0.01209,0.23402,0.20715,-0.15688,0.32951,0.00956,-0.0235,0.21419,-0.09628,0.04965,0.09359,0.32034,-0.46286,-0.04472,-0.05468,-0.47154,-0.18999,0.01009,-0.8702,-0.17732,-0.13057,-1.01919,-0.26532,0.31519,-0.47539,0.10582,-0.07104,-0.4882,0.21757,-0.00813,-0.87831,0.13302,-0.15942,-1.0354,0.17949
25.74,0.35114,-0.38908,0.0386,0.43405,0.04876,0.04491,0.38172,0.27007,0.05235,0.4291,-0.01666,-0.15175,0.43439,-0.25111,-0.21684,0.18029,-0.27087,-0.14491,0.02842,-0.28892,-0.05711,0.37551,-0.01208,0.23425,0.21574,-0.16917,0.32927,0.01143,-0.04164,0.21915,-0.09998,0.02973,0.10257,0.32051,-0.46309,-0.04452,-0.05401,-0.47151,-0.1911,0.01023,-0.87022,-0.17737,-0.13042,-1.01912,-0.26555,0.31509,-0.47557,0.10601,-0.07121,-0.48826,0.21749,-0.00812,-0.87832,0.13291,-0.15941,-1.03546,0.17925
25.76,0.35101,-0.38919,0.03881,0.43319,0.04878,0.04551,0.38298,0.27066,0.0501,0.42977,-0.01674,-0.15115,0.43604,-0.25153,-0.21493,0.18118,-0.27036,-0.14548,0.02823,-0.2867,-0.05924,0.37336,-0.01206,0.23445,0.22482,-0.17996,0.3292,0.01325,-0.05963,0.22484,-0.10411,0.00876,0.11238,0.32063,-0.46327,-0.04433,-0.05344,-0.47146,-0.19206,0.01034,-0.87021,-0.17742,-0.13029,-1.01904,-0.26575,0.31501,-0.47572,0.10619,-0.07138,-0.48828,0.21741,-0.00812,-0.87831,0.13281,-0.1594,-1.03549,0.17902
25.78,0.35088,-0.38931,0.03903,0.43226,0.0488,0.04611,0.38453,0.27127,0.04776,0.43043,-0.01683,-0.15053,0.43754,-0.25193,-0.21302,0.18194,-0.26976,-0.14605,0.02799,-0.28445,-0.06131,0.37112,-0.01204,0.23463,0.2345,-0.18948,0.32993,0.01584,-0.07687,0.23174,-0.10777,-0.01218,0.12388,0.32076,-0.46348,-0.04413,-0.05282,-0.47144,-0.19311,0.01049,-0.87022,-0.17748,-0.13011,-1.01897,-0.26599,0.31494,-0.47589,0.10639,-0.07151,-0.48833,0.21738,-0.00809,-0.87832,0.13269,-0.15936,-1.03554,0.17877
25.8,0.35077,-0.38944,0.03922,0.43141,0.0488,0.04671,0.38554,0.27166,0.04567,0.43111,-0.01691,-0.14991,0.43938,-0.25235,-0.211,0.18305,-0.26939,-0.14669,0.02795,-0.28238,-0.06379,0.36901,-0.01206,0.23481,0.24562,-0.19907,0.32985,0.02046,-0.09475,0.23737,-0.10863,-0.03403,0.1337,0.32091,-0.46368,-0.04397,-0.05224,-0.47139,-0.19403,0.01059,-0.87022,-0.17753,-0.13002,-1.01887,-0.26618,0.31485,-0.47605,0.10654,-0.0717,-0.48835,0.21722,-0.0081,-0.87832,0.13259,-0.15937,-1.03558,0.17856
25.82,0.35071,-0.3896,0.0393,0.43086,0.04873,0.04727,0.38507,0.27158,0.04406,0.43194,-0.01701,-0.14934,0.44217,-0.2528,-0.20875,0.18506,-0.26951,-0.14755,0.0284,-0.28058,-0.06734,0.36726,-0.01218,0.23496,0.25988,-0.21027,0.32695,0.02881,-0.11524,0.23917,-0.10424,-0.05831,0.1384,0.32111,-0.46387,-0.04395,-0.0518,-0.47129,-0.19464,0.01058,-0.87017,-0.17756,-0.13011,-1.0187,-0.26627,0.31468,-0.47622,0.10655,-0.07204,-0.4883,0.21666,-0.00817,-0.87833,0.13252,-0.15945,-1.0356,0.17843
25.84,0.35069,-0.38978,0.03933,0.43042,0.04861,0.0478,0.38405,0.27131,0.04265,0.43278,-0.01712,-0.1488,0.44531,-0.25325,-0.2064,0.18743,-0.26987,-0.14848,0.02913,-0.27907,-0.07133,0.3657,-0.01234,0.23509,0.27625,-0.22079,0.3233,0.03955,-0.13577,0.24036,-0.09718,-0.0828,0.1424,0.32133,-0.46407,-0.04399,-0.0514,-0.47118,-0.19512,0.01054,-0.8701,-0.17758,-0.13026,-1.01851,-0.26633,0.31451,-0.47641,0.10649,-0.0724,-0.48822,0.21595,-0.00827,-0.87835,0.13246,-0.15956,-1.03562,0.17834
25.86,0.35066,-0.38996,0.03937,0.42995,0.0485,0.04831,0.38329,0.27109,0.04119,0.43355,-0.01723,-0.14827,0.44826,-0.25367,-0.20407,0.18967,-0.2702,-0.14936,0.02986,-0.27765,-0.07518,0.36416,-0.01251,0.2352,0.29314,-0.22911,0.32048,0.05099,-0.15479,0.24321,-0.08985,-0.10656,0.14867,0.32154,-0.46428,-0.04401,-0.051,-0.47108,-0.19563,0.01051,-0.87005,-0.17761,-0.1304,-1.01834,-0.26639,0.31436,-0.47659,0.10646,-0.07273,-0.48816,0.21532,-0.00836,-0.87838,0.1324,-0.15966,-1.03565,0.17824
25.88,0.35058,-0.39013,0.03946,0.42938,0.04841,0.04896,0.38263,0.27089,0.03953,0.43457,-0.01735,-0.14758,0.45123,-0.25407,-0.20158,0.19191,-0.27026,-0.15038,0.03049,-0.27576,-0.07958,0.36218,-0.01264,0.23534,0.31205,-0.23602,0.31792,0.06454,-0.17361,0.24734,-0.08069,-0.13098,0.15686,0.32175,-0.46447,-0.044,-0.05052,-0.47098,-0.19628,0.01049,-0.86999,-0.17764,-0.13052,-1.01815,-0.26649,0.31413,-0.47678,0.10644,-0.07316,-0.4881,0.21461,-0.00846,-0.87839,0.13231,-0.15975,-1.03569,0.17809
25.9,0.35061,-0.3903,0.03943,0.42903,0.0483,0.04931,0.38171,0.27059,0.03831,0.43506,-0.01743,-0.14722,0.45414,-0.25439,-0.19935,0.19427,-0.2709,-0.15114,0.03158,-0.27509,-0.08321,0.36114,-0.01283,0.23541,0.32961,-0.24049,0.31545,0.07776,-0.18975,0.25122,-0.07137,-0.15285,0.16462,0.32197,-0.46468,-0.04406,-0.05021,-0.47086,-0.1966,0.01043,-0.86992,-0.17766,-0.13069,-1.01796,-0.26653,0.31405,-0.47694,0.10637,-0.07338,-0.48802,0.21404,-0.00855,-0.8784,0.13228,-0.15988,-1.03566,0.17805
25.92,0.35092,-0.39046,0.03906,0.42926,0.04816,0.04883,0.3801,0.27007,0.0383,0.434,-0.01738,-0.1478,0.45702,-0.25445,-0.19783,0.197,-0.27314,-0.15122,0.03378,-0.27768,-0.0846,0.36263,-0.01317,0.23532,0.34142,-0.24304,0.31241,0.08691,-0.20166,0.25205,-0.06473,-0.16934,0.16804,0.32218,-0.46492,-0.04433,-0.05033,-0.47072,-0.19605,0.01028,-0.86981,-0.17768,-0.13103,-1.01775,-0.2664,0.31438,-0.47701,0.10612,-0.07304,-0.48787,0.21388,-0.00862,-0.87836,0.13235,-0.16008,-1.03546,0.17826
25.94,0.35133,-0.3906,0.03856,0.42971,0.04802,0.04805,0.37824,0.26946,0.03876,0.4324,-0.01728,-0.1487,0.45986,-0.25428,-0.19672,0.19988,-0.2759,-0.15116,0.03641,-0.28146,-0.08524,0.36505,-0.01355,0.23515,0.35097,-0.24504,0.30894,0.0946,-0.21193,0.25139,-0.05892,-0.18357,0.16939,0.32239,-0.46515,-0.04468,-0.05062,-0.47055,-0.19519,0.01009,-0.86966,-0.1777,-0.13143,-1.01752,-0.26622,0.31484,-0.47703,0.1058,-0.0725,-0.48767,0.21386,-0.00869,-0.8783,0.13246,-0.16032,-1.03517,0.17857
25.96,0.3517,-0.39074,0.03812,0.43006,0.04788,0.04741,0.37654,0.26888,0.03906,0.43106,-0.0172,-0.14942,0.46269,-0.25405,-0.19558,0.20273,-0.27833,-0.15129,0.0389,-0.28473,-0.08634,0.36703,-0.0139,0.235,0.36148,-0.24678,0.30549,0.10342,-0.22236,0.25126,-0.05203,-0.19826,0.17155,0.32261,-0.46537,-0.04499,-0.05082,-0.47039,-0.19448,0.00993,-0.86953,-0.17772,-0.1318,-1.0173,-0.26606,0.31525,-0.47707,0.10551,-0.07204,-0.4875,0.21379,-0.00875,-0.87824,0.13256,-0.16053,-1.03492,0.17883
25.98,0.35207,-0.3909,0.03769,0.43043,0.04773,0.04676,0.37474,0.26822,0.03943,0.42965,-0.01713,-0.15014,0.46599,-0.25372,-0.19417,0.20603,-0.28094,-0.15161,0.04171,-0.28825,-0.08801,0.36912,-0.01428,0.23485,0.37263,-0.24832,0.30151,0.11314,-0.23351,0.25074,-0.04423,-0.21415,0.17356,0.32283,-0.46563,-0.04529,-0.05104,-0.4702,-0.1937,0.00974,-0.86937,-0.17772,-0.13219,-1.01705,-0.26588,0.31566,-0.47712,0.10525,-0.07159,-0.48731,0.21368,-0.00882,-0.87818,0.13268,-0.16076,-1.03466,0.17912
26,0.35246,-0.39102,0.03722,0.4308,0.04762,0.04608,0.37315,0.26764,0.03987,0.42825,-0.01702,-0.15088,0.46839,-0.25323,-0.1936,0.20861,-0.2832,-0.15178,0.04415,-0.29165,-0.08871,0.37122,-0.01462,0.23464,0.3819,-0.24935,0.29804,0.12154,-0.2421,0.2502,-0.03723,-0.22649,0.17505,0.32305,-0.46582,-0.04563,-0.05124,-0.47006,-0.19298,0.00959,-0.86925,-0.17776,-0.13254,-1.01685,-0.26574,0.31609,-0.47714,0.10493,-0.07106,-0.48715,0.2137,-0.00887,-0.87813,0.13276,-0.16096,-1.03441,0.17938
26.02,0.35286,-0.39101,0.03667,0.43113,0.04764,0.04537,0.37204,0.26731,0.04033,0.42695,-0.01677,-0.15164,0.46821,-0.25264,-0.19518,0.20899,-0.2845,-0.15132,0.04529,-0.29438,-0.0865,0.37315,-0.01483,0.23435,0.38664,-0.24975,0.29649,0.12591,-0.24464,0.25037,-0.03335,-0.23009,0.17606,0.32325,-0.46584,-0.04608,-0.0514,-0.47004,-0.19251,0.0095,-0.86924,-0.17787,-0.1328,-1.01678,-0.26567,0.31656,-0.47706,0.1045,-0.07038,-0.48709,0.21405,-0.00891,-0.8781,0.13271,-0.16112,-1.03421,0.17953
26.04,0.35328,-0.39096,0.0361,0.43146,0.04771,0.04465,0.37116,0.26708,0.04083,0.42568,-0.01648,-0.15239,0.46706,-0.25204,-0.19749,0.20857,-0.28544,-0.15059,0.04601,-0.29688,-0.08318,0.37506,-0.01499,0.23403,0.38954,-0.25,0.29564,0.1286,-0.24496,0.25075,-0.03082,-0.23039,0.17679,0.32345,-0.46581,-0.04656,-0.05153,-0.47006,-0.19212,0.00944,-0.86927,-0.178,-0.13301,-1.01677,-0.26563,0.31705,-0.47696,0.10403,-0.06962,-0.48707,0.21452,-0.00893,-0.87808,0.13262,-0.16123,-1.03403,0.17964
26.06,0.35367,-0.39092,0.03557,0.43176,0.04777,0.04396,0.37022,0.26681,0.04134,0.42439,-0.01621,-0.1531,0.46629,-0.25144,-0.19938,0.20849,-0.28649,-0.14997,0.04696,-0.2994,-0.0804,0.37694,-0.01516,0.23373,0.39319,-0.25029,0.29441,0.13198,-0.24627,0.25102,-0.02774,-0.23213,0.17761,0.32364,-0.46579,-0.047,-0.05169,-0.47005,-0.19167,0.00937,-0.86926,-0.17811,-0.13324,-1.01672,-0.26556,0.31751,-0.47686,0.10361,-0.06892,-0.48701,0.21495,-0.00897,-0.87804,0.13256,-0.16137,-1.03383,0.17979
26.08,0.35413,-0.39087,0.03492,0.43215,0.04784,0.04315,0.36917,0.26648,0.04191,0.42306,-0.01591,-0.15391,0.46559,-0.25075,-0.20159,0.20859,-0.28772,-0.14947,0.04818,-0.30231,-0.07768,0.37903,-0.01534,0.23333,0.39706,-0.25056,0.29316,0.13562,-0.24746,0.25106,-0.02442,-0.23385,0.17826,0.32388,-0.46576,-0.04754,-0.05182,-0.47004,-0.19125,0.00929,-0.86927,-0.17827,-0.13349,-1.01667,-0.26551,0.31803,-0.47675,0.10308,-0.06811,-0.48696,0.21537,-0.009,-0.87801,0.13248,-0.16152,-1.03361,0.17994
26.1,0.35446,-0.39085,0.0345,0.43237,0.04788,0.04258,0.36847,0.26626,0.04239,0.42184,-0.01568,-0.15447,0.46448,-0.25025,-0.20331,0.20819,-0.28849,-0.1487,0.04891,-0.30436,-0.0747,0.38069,-0.01551,0.23309,0.40006,-0.25084,0.29203,0.13836,-0.24837,0.25153,-0.02188,-0.23484,0.17915,0.32403,-0.46575,-0.04788,-0.05197,-0.47005,-0.1908,0.00923,-0.86928,-0.17835,-0.13368,-1.01665,-0.26546,0.31844,-0.47668,0.10276,-0.06748,-0.48694,0.21581,-0.00902,-0.87798,0.13244,-0.16163,-1.03345,0.18005
26.12,0.35446,-0.39091,0.03467,0.43216,0.04786,0.04263,0.36867,0.26635,0.04245,0.42092,-0.01563,-0.15441,0.46261,-0.2503,-0.2036,0.20662,-0.28809,-0.14726,0.04835,-0.30413,-0.07116,0.38124,-0.01563,0.2333,0.40124,-0.25123,0.29094,0.13913,-0.24906,0.25318,-0.02102,-0.23451,0.1808,0.324,-0.46582,-0.0477,-0.05212,-0.47005,-0.19029,0.00923,-0.86927,-0.1783,-0.13368,-1.01662,-0.26543,0.31852,-0.47676,0.10294,-0.06733,-0.48696,0.21624,-0.00898,-0.87794,0.13247,-0.1616,-1.03341,0.18003
26.14,0.35433,-0.391,0.03506,0.43179,0.04781,0.0429,0.36918,0.26656,0.04238,0.42012,-0.01565,-0.15412,0.46039,-0.25056,-0.20338,0.20457,-0.28723,-0.14554,0.04729,-0.30302,-0.06737,0.38136,-0.01574,0.23368,0.40162,-0.25164,0.29,0.13909,-0.24957,0.25527,-0.02086,-0.2336,0.18274,0.3239,-0.46591,-0.04732,-0.05229,-0.47006,-0.18975,0.00924,-0.86927,-0.17819,-0.13362,-1.01661,-0.26542,0.31848,-0.4769,0.10332,-0.06736,-0.48702,0.21668,-0.00893,-0.8779,0.13253,-0.16153,-1.03344,0.17995
26.16,0.35426,-0.39107,0.03536,0.43151,0.04778,0.04309,0.36954,0.26672,0.04237,0.41929,-0.01564,-0.15391,0.4583,-0.25071,-0.20338,0.20274,-0.28656,-0.14391,0.04646,-0.30226,-0.06374,0.38167,-0.01584,0.234,0.40233,-0.252,0.28908,0.13944,-0.25017,0.25714,-0.02038,-0.23305,0.18459,0.32382,-0.46598,-0.04702,-0.05245,-0.47007,-0.18922,0.00925,-0.86926,-0.1781,-0.13358,-1.01659,-0.2654,0.31849,-0.477,0.10363,-0.06731,-0.48706,0.21712,-0.00888,-0.87786,0.13258,-0.16147,-1.03344,0.1799
26.18,0.35421,-0.39115,0.03564,0.43121,0.04775,0.04323,0.36999,0.26689,0.04233,0.41838,-0.01562,-0.15374,0.45627,-0.25085,-0.20338,0.20098,-0.28592,-0.14234,0.04588,-0.30171,-0.05991,0.38204,-0.01596,0.23429,0.40309,-0.25244,0.28782,0.13983,-0.25072,0.25913,-0.01975,-0.23201,0.18644,0.32378,-0.46607,-0.04673,-0.05258,-0.47005,-0.1887,0.00925,-0.86923,-0.17802,-0.13355,-1.01656,-0.26538,0.31853,-0.47712,0.10391,-0.06723,-0.48708,0.21754,-0.00883,-0.87781,0.13263,-0.16142,-1.03341,0.17986
26.2,0.35407,-0.39121,0.03599,0.43087,0.04772,0.04349,0.37031,0.26705,0.0423,0.41764,-0.01562,-0.15347,0.45405,-0.25106,-0.20323,0.199,-0.28509,-0.14057,0.04477,-0.30052,-0.05648,0.38215,-0.01604,0.23464,0.40354,-0.2527,0.28724,0.14002,-0.25139,0.26094,-0.01951,-0.23186,0.18837,0.32364,-0.46612,-0.04639,-0.0528,-0.47007,-0.18816,0.00925,-0.86924,-0.17793,-0.13351,-1.01656,-0.26537,0.31846,-0.47721,0.10425,-0.06726,-0.48715,0.218,-0.0088,-0.87777,0.13267,-0.16137,-1.03344,0.17977
26.22,0.35372,-0.39121,0.03651,0.43048,0.04773,0.04402,0.37024,0.26714,0.04238,0.41739,-0.01563,-0.15294,0.45129,-0.2514,-0.20288,0.1965,-0.28382,-0.13835,0.04211,-0.2977,-0.05427,0.38163,-0.01602,0.23515,0.40337,-0.25246,0.2886,0.13986,-0.25247,0.26216,-0.02029,-0.23454,0.19055,0.32327,-0.46608,-0.0459,-0.05325,-0.47022,-0.18745,0.00921,-0.86933,-0.17781,-0.13343,-1.01668,-0.26538,0.3181,-0.47723,0.10474,-0.06756,-0.48735,0.2187,-0.00884,-0.87779,0.1327,-0.1613,-1.0336,0.17963
26.24,0.35329,-0.39118,0.03708,0.43005,0.04776,0.04466,0.37004,0.26723,0.04247,0.41731,-0.01563,-0.15232,0.44837,-0.25177,-0.2024,0.19384,-0.28234,-0.13596,0.03896,-0.29427,-0.05249,0.38086,-0.01596,0.23571,0.40292,-0.25203,0.29059,0.13953,-0.25364,0.26317,-0.02141,-0.23809,0.19278,0.32281,-0.466,-0.04536,-0.05377,-0.47039,-0.18673,0.00916,-0.86945,-0.17769,-0.13335,-1.01684,-0.26541,0.31763,-0.47721,0.10527,-0.06797,-0.48758,0.21942,-0.00889,-0.87781,0.13271,-0.16123,-1.0338,0.17944
26.26,0.3529,-0.39116,0.03762,0.42963,0.04778,0.04524,0.3699,0.26732,0.04256,0.41714,-0.01563,-0.15174,0.44557,-0.25208,-0.20191,0.19133,-0.28094,-0.13364,0.03616,-0.29114,-0.05048,0.38021,-0.01592,0.23624,0.40259,-0.2517,0.29222,0.13927,-0.25472,0.26426,-0.0223,-0.24109,0.19492,0.3224,-0.46594,-0.04485,-0.05425,-0.47055,-0.18604,0.00911,-0.86954,-0.17757,-0.13328,-1.01696,-0.26542,0.31721,-0.47721,0.10578,-0.06833,-0.48778,0.22007,-0.00894,-0.87782,0.13272,-0.16118,-1.03397,0.17927
26.28,0.35247,-0.39115,0.03821,0.4292,0.04779,0.04585,0.36978,0.26741,0.04264,0.41699,-0.01566,-0.15113,0.44249,-0.25235,-0.20172,0.18862,-0.27945,-0.13138,0.03307,-0.28781,-0.04872,0.3795,-0.01586,0.23679,0.40222,-0.25128,0.29419,0.139,-0.25596,0.2655,-0.02334,-0.24469,0.19756,0.32194,-0.46588,-0.04429,-0.0548,-0.47073,-0.18524,0.00906,-0.86967,-0.17743,-0.1332,-1.01713,-0.26544,0.31674,-0.47721,0.10633,-0.06869,-0.48804,0.22098,-0.00899,-0.87783,0.13274,-0.1611,-1.03417,0.1791
26.3,0.35212,-0.39112,0.0387,0.42881,0.04783,0.04643,0.36959,0.26749,0.04275,0.41686,-0.01563,-0.15057,0.43999,-0.25261,-0.20093,0.18639,-0.27806,-0.12902,0.03063,-0.28477,-0.0466,0.37887,-0.01583,0.23731,0.40188,-0.251,0.2956,0.13874,-0.25688,0.26639,-0.02404,-0.24725,0.19925,0.32158,-0.46581,-0.04383,-0.0552,-0.47086,-0.18466,0.00903,-0.86974,-0.17733,-0.13312,-1.01723,-0.26547,0.31638,-0.4772,0.10679,-0.06907,-0.4882,0.22137,-0.00903,-0.87785,0.13275,-0.16105,-1.03432,0.17893
26.32,0.35202,-0.39106,0.03888,0.42859,0.0479,0.0469,0.36929,0.26754,0.04291,0.41675,-0.01545,-0.15015,0.43917,-0.25296,-0.19831,0.18545,-0.27697,-0.12634,0.03001,-0.28252,-0.04323,0.37857,-0.01587,0.23771,0.40174,-0.25123,0.29515,0.13855,-0.25695,0.26631,-0.02373,-0.24663,0.19807,0.32153,-0.46574,-0.04368,-0.05518,-0.47082,-0.1847,0.00907,-0.86969,-0.17735,-0.13303,-1.01718,-0.26555,0.31633,-0.47719,0.10693,-0.0695,-0.48807,0.22025,-0.00901,-0.87788,0.13267,-0.16108,-1.03435,0.17871
26.34,0.352,-0.39098,0.03895,0.42842,0.048,0.04732,0.36892,0.26758,0.0431,0.41666,-0.0152,-0.14977,0.43895,-0.25328,-0.19512,0.18499,-0.276,-0.12357,0.03003,-0.28057,-0.03952,0.37837,-0.01593,0.23807,0.40163,-0.25162,0.29412,0.13837,-0.25671,0.26587,-0.02309,-0.24493,0.19594,0.32158,-0.46566,-0.04364,-0.05502,-0.47071,-0.18496,0.00913,-0.8696,-0.1774,-0.13296,-1.01708,-0.26565,0.31638,-0.47716,0.10697,-0.06994,-0.48783,0.21863,-0.00898,-0.87791,0.13257,-0.16115,-1.03432,0.17848
26.36,0.35195,-0.39092,0.03906,0.42822,0.04808,0.04775,0.36858,0.26762,0.04328,0.41655,-0.015,-0.14939,0.43846,-0.25356,-0.1923,0.18434,-0.27501,-0.1209,0.02978,-0.27853,-0.03607,0.37813,-0.016,0.23844,0.4015,-0.25193,0.29341,0.13818,-0.25662,0.2656,-0.02262,-0.2438,0.19437,0.32159,-0.4656,-0.04355,-0.05492,-0.47064,-0.18512,0.00918,-0.86954,-0.17744,-0.13288,-1.01701,-0.26575,0.31639,-0.47715,0.10705,-0.07034,-0.48765,0.21728,-0.00896,-0.87794,0.13248,-0.16121,-1.03432,0.17827
26.38,0.35189,-0.39084,0.03919,0.42804,0.04818,0.04821,0.36825,0.26766,0.04344,0.41649,-0.01477,-0.14897,0.43793,-0.25388,-0.18898,0.18355,-0.27374,-0.11807,0.02944,-0.27599,-0.03237,0.37787,-0.01605,0.23884,0.40141,-0.25227,0.29247,0.13801,-0.25651,0.26529,-0.02194,-0.24232,0.19241,0.32159,-0.46551,-0.04345,-0.0548,-0.47055,-0.1853,0.00923,-0.86945,-0.17748,-0.13279,-1.01692,-0.26584,0.3164,-0.47713,0.10715,-0.07082,-0.48742,0.21568,-0.00895,-0.87796,0.1324,-0.16129,-1.03428,0.17803
26.4,0.35186,-0.39078,0.03927,0.42784,0.04826,0.0486,0.36788,0.2677,0.04365,0.41633,-0.01456,-0.14863,0.4376,-0.25402,-0.18654,0.18317,-0.27298,-0.11556,0.02946,-0.27443,-0.02913,0.37767,-0.01611,0.23918,0.40125,-0.25254,0.29187,0.13782,-0.25635,0.26501,-0.02157,-0.24123,0.1911,0.32162,-0.46545,-0.0434,-0.05469,-0.47047,-0.18548,0.00928,-0.86938,-0.17752,-0.13273,-1.01685,-0.26592,0.31643,-0.47711,0.1072,-0.07113,-0.48726,0.21451,-0.00894,-0.87799,0.13233,-0.16136,-1.03426,0.17786
26.42,0.3519,-0.39074,0.03925,0.42753,0.04836,0.0488,0.36744,0.26776,0.04402,0.41587,-0.01434,-0.14846,0.43763,-0.2537,-0.18675,0.18381,-0.27359,-0.11386,0.03029,-0.27552,-0.02712,0.37761,-0.01619,0.23938,0.40091,-0.25256,0.29243,0.13754,-0.25608,0.26491,-0.02227,-0.24148,0.19179,0.32168,-0.4654,-0.04343,-0.0546,-0.47042,-0.18559,0.0093,-0.86934,-0.17754,-0.13272,-1.0168,-0.26594,0.3165,-0.4771,0.10717,-0.071,-0.4873,0.21472,-0.00893,-0.878,0.13232,-0.16135,-1.03426,0.17789
26.44,0.35197,-0.39071,0.03918,0.4272,0.04845,0.04891,0.36697,0.26782,0.04444,0.41532,-0.01413,-0.14838,0.43785,-0.25322,-0.18787,0.18489,-0.27473,-0.11249,0.03148,-0.27762,-0.02557,0.37761,-0.01626,0.23952,0.40051,-0.2525,0.29335,0.13724,-0.25576,0.26484,-0.02329,-0.24214,0.19315,0.32175,-0.46536,-0.04352,-0.05452,-0.47037,-0.1857,0.00931,-0.8693,-0.17756,-0.13273,-1.01675,-0.26593,0.31658,-0.47709,0.10708,-0.0707,-0.48741,0.21536,-0.00891,-0.87801,0.13233,-0.16131,-1.03427,0.17797
26.46,0.35203,-0.39068,0.03913,0.4269,0.04854,0.04905,0.36652,0.26788,0.04483,0.41484,-0.01393,-0.14826,0.43801,-0.25283,-0.18852,0.18581,-0.27563,-0.11104,0.03256,-0.27928,-0.02385,0.3776,-0.01634,0.23968,0.40016,-0.25249,0.29406,0.13698,-0.2555,0.26476,-0.02411,-0.24259,0.19418,0.32183,-0.46532,-0.04358,-0.05442,-0.47032,-0.18582,0.00933,-0.86926,-0.17758,-0.13272,-1.01671,-0.26594,0.31666,-0.47708,0.10701,-0.07049,-0.48748,0.21577,-0.00889,-0.87802,0.13233,-0.16128,-1.03428,0.17803
26.48,0.3521,-0.39063,0.03907,0.42656,0.04865,0.0492,0.36606,0.26796,0.04523,0.41429,-0.01368,-0.14814,0.43807,-0.25236,-0.18938,0.18677,-0.27655,-0.10941,0.03365,-0.28094,-0.02205,0.37758,-0.01641,0.23985,0.39975,-0.25243,0.29492,0.13667,-0.25512,0.26466,-0.02503,-0.24303,0.19536,0.32191,-0.46525,-0.04366,-0.05433,-0.47024,-0.18592,0.00934,-0.86919,-0.17761,-0.13272,-1.01664,-0.26595,0.31675,-0.47705,0.10693,-0.07022,-0.48755,0.2163,-0.00887,-0.87803,0.13232,-0.16125,-1.03427,0.17809
26.5,0.35215,-0.39061,0.03902,0.42629,0.04872,0.04932,0.36562,0.26799,0.04561,0.41384,-0.01351,-0.14804,0.43837,-0.25197,-0.19005,0.18779,-0.27756,-0.10825,0.03487,-0.28282,-0.02059,0.37757,-0.01648,0.23998,0.39945,-0.25242,0.29556,0.13645,-0.25497,0.26463,-0.02579,-0.24355,0.19646,0.32197,-0.46522,-0.04372,-0.05424,-0.47021,-0.18607,0.00936,-0.86916,-0.17762,-0.13272,-1.01661,-0.26594,0.31681,-0.47705,0.10687,-0.07003,-0.48763,0.2167,-0.00885,-0.87804,0.13233,-0.16122,-1.03428,0.17815
26.52,0.35209,-0.39065,0.03901,0.42614,0.0487,0.04939,0.36522,0.2679,0.04592,0.41364,-0.01349,-0.14799,0.43924,-0.25186,-0.1899,0.18875,-0.2787,-0.10824,0.03631,-0.28505,-0.01982,0.37749,-0.01656,0.24005,0.3994,-0.25253,0.29546,0.13637,-0.25542,0.26481,-0.02611,-0.24419,0.19718,0.3219,-0.46525,-0.04374,-0.05422,-0.47024,-0.18633,0.00931,-0.8692,-0.17757,-0.13274,-1.01667,-0.26589,0.31673,-0.47709,0.10684,-0.07012,-0.48764,0.21666,-0.00887,-0.87806,0.13233,-0.16122,-1.03432,0.17816
26.54,0.35201,-0.39072,0.03901,0.42606,0.04863,0.04943,0.36486,0.26775,0.04621,0.41356,-0.01354,-0.14795,0.44033,-0.25184,-0.18954,0.18972,-0.27992,-0.10869,0.03785,-0.28745,-0.01938,0.37741,-0.01665,0.24009,0.39945,-0.2527,0.29513,0.13636,-0.2561,0.26507,-0.02626,-0.24491,0.19777,0.32181,-0.4653,-0.04375,-0.0542,-0.47031,-0.18663,0.00927,-0.86927,-0.17749,-0.13277,-1.01676,-0.26582,0.31661,-0.47715,0.10683,-0.07029,-0.48765,0.21649,-0.00889,-0.87808,0.13234,-0.16122,-1.03437,0.17816
26.56,0.35194,-0.39077,0.03901,0.42594,0.04858,0.04949,0.36448,0.26764,0.04651,0.41342,-0.01356,-0.1479,0.4413,-0.25176,-0.18932,0.19068,-0.28107,-0.10894,0.03932,-0.28972,-0.01887,0.37733,-0.01673,0.24014,0.39946,-0.25283,0.29493,0.13633,-0.25667,0.26528,-0.02648,-0.24562,0.19842,0.32173,-0.46534,-0.04376,-0.05418,-0.47035,-0.1869,0.00922,-0.86932,-0.17743,-0.13279,-1.01683,-0.26575,0.3165,-0.4772,0.10682,-0.07042,-0.48766,0.21639,-0.00891,-0.8781,0.13236,-0.16122,-1.0344,0.17818
26.58,0.35186,-0.39083,0.039,0.42582,0.04853,0.04953,0.36408,0.26751,0.0468,0.41327,-0.01358,-0.14786,0.44237,-0.2517,-0.18892,0.19172,-0.28234,-0.10914,0.04103,-0.29223,-0.01808,0.37726,-0.01682,0.24019,0.39944,-0.25299,0.29465,0.13626,-0.25724,0.26553,-0.02673,-0.24626,0.19911,0.32165,-0.46538,-0.04379,-0.05415,-0.47041,-0.1872,0.00918,-0.86938,-0.17736,-0.13282,-1.01691,-0.26569,0.31639,-0.47725,0.1068,-0.07057,-0.48767,0.21626,-0.00893,-0.87812,0.13236,-0.16121,-1.03445,0.17818
26.6,0.3518,-0.39088,0.039,0.42574,0.04848,0.04959,0.36374,0.26739,0.04709,0.41318,-0.01361,-0.14781,0.44329,-0.2516,-0.18885,0.19261,-0.28337,-0.10957,0.04232,-0.2943,-0.01797,0.37718,-0.0169,0.24023,0.39951,-0.2531,0.29446,0.13629,-0.25788,0.26572,-0.02686,-0.24705,0.19966,0.32158,-0.46541,-0.04379,-0.05413,-0.47045,-0.18746,0.00913,-0.86942,-0.17731,-0.13285,-1.01697,-0.26563,0.31629,-0.4773,0.10678,-0.07069,-0.48768,0.21615,-0.00895,-0.87814,0.13238,-0.16121,-1.03448,0.17819
26.62,0.35182,-0.39092,0.03896,0.42574,0.04844,0.04962,0.36355,0.2673,0.04731,0.4133,-0.01363,-0.14779,0.4437,-0.2514,-0.18989,0.1931,-0.2838,-0.11064,0.04237,-0.29508,-0.0198,0.37707,-0.01695,0.24023,0.39978,-0.25311,0.2945,0.13659,-0.25867,0.26568,-0.02663,-0.24827,0.19973,0.32157,-0.46544,-0.04384,-0.05408,-0.47046,-0.18765,0.0091,-0.86944,-0.17733,-0.13288,-1.01698,-0.26565,0.31627,-0.47733,0.10674,-0.07071,-0.48772,0.2161,-0.00896,-0.87818,0.13237,-0.16123,-1.03452,0.17819
26.64,0.35186,-0.39095,0.03892,0.42577,0.04841,0.04965,0.36341,0.26722,0.04752,0.41348,-0.01365,-0.14777,0.44396,-0.25117,-0.19125,0.19343,-0.28401,-0.11193,0.04199,-0.29539,-0.0223,0.37696,-0.01699,0.24023,0.40013,-0.25307,0.29463,0.13698,-0.25951,0.26559,-0.02628,-0.24962,0.19965,0.32159,-0.46545,-0.04388,-0.05403,-0.47046,-0.18779,0.00907,-0.86945,-0.17737,-0.13293,-1.01698,-0.26569,0.31627,-0.47735,0.10669,-0.0707,-0.48776,0.21607,-0.00898,-0.87823,0.13236,-0.16126,-1.03456,0.1782
26.66,0.35189,-0.39099,0.03889,0.42579,0.04837,0.04969,0.36326,0.26714,0.04774,0.41363,-0.01368,-0.14774,0.4443,-0.25096,-0.19238,0.19383,-0.28431,-0.1131,0.04184,-0.29592,-0.02443,0.37686,-0.01704,0.24023,0.40044,-0.25306,0.29472,0.13733,-0.26032,0.26554,-0.02598,-0.25089,0.19966,0.32159,-0.46548,-0.04392,-0.05398,-0.47046,-0.18795,0.00903,-0.86947,-0.17739,-0.13297,-1.01698,-0.26571,0.31627,-0.47737,0.10666,-0.07071,-0.4878,0.21604,-0.009,-0.87828,0.13235,-0.16129,-1.0346,0.17822
26.68,0.35193,-0.39102,0.03885,0.42581,0.04834,0.04973,0.36307,0.26705,0.04796,0.4138,-0.0137,-0.14772,0.4446,-0.25068,-0.19381,0.19426,-0.2846,-0.11437,0.04163,-0.29642,-0.02684,0.37674,-0.01708,0.24023,0.40076,-0.25303,0.29482,0.1377,-0.26118,0.26546,-0.02566,-0.25225,0.19963,0.3216,-0.46549,-0.04396,-0.05392,-0.47046,-0.18811,0.00901,-0.86947,-0.17743,-0.13301,-1.01698,-0.26575,0.31627,-0.47739,0.10661,-0.07071,-0.48784,0.21599,-0.00901,-0.87833,0.13234,-0.1613,-1.03463,0.17822
26.7,0.35196,-0.39106,0.03881,0.42585,0.0483,0.04976,0.36297,0.26697,0.04815,0.41396,-0.01373,-0.1477,0.44495,-0.2505,-0.19472,0.19459,-0.28484,-0.11549,0.04146,-0.29684,-0.02886,0.37666,-0.01713,0.24023,0.40108,-0.25302,0.29492,0.13805,-0.26194,0.26541,-0.02534,-0.25346,0.19962,0.32161,-0.46552,-0.04401,-0.05387,-0.47047,-0.18826,0.00898,-0.86949,-0.17746,-0.13305,-1.01699,-0.26577,0.31627,-0.47742,0.10657,-0.0707,-0.48788,0.21597,-0.00904,-0.87837,0.13233,-0.16133,-1.03467,0.17823
26.72,0.35201,-0.39109,0.03876,0.42598,0.04826,0.04973,0.3631,0.26692,0.04831,0.41413,-0.01377,-0.14773,0.44555,-0.25063,-0.19403,0.19475,-0.28494,-0.11621,0.04159,-0.29712,-0.02966,0.37673,-0.01717,0.24019,0.4014,-0.253,0.29501,0.1384,-0.26244,0.26548,-0.02503,-0.25428,0.19973,0.32167,-0.46556,-0.04405,-0.05376,-0.47045,-0.18843,0.00898,-0.86948,-0.17747,-0.13305,-1.01698,-0.26578,0.3163,-0.47744,0.10653,-0.07065,-0.48789,0.21601,-0.00905,-0.87839,0.13233,-0.16135,-1.03467,0.17825
26.74,0.35206,-0.39112,0.03871,0.42616,0.0482,0.04971,0.36334,0.26689,0.04843,0.4143,-0.01381,-0.14775,0.4462,-0.25084,-0.19282,0.19484,-0.28499,-0.11677,0.04179,-0.29735,-0.03004,0.37687,-0.01721,0.24016,0.40172,-0.253,0.29511,0.13873,-0.26283,0.2656,-0.02472,-0.25493,0.19986,0.32174,-0.46561,-0.04409,-0.05364,-0.47042,-0.1886,0.009,-0.86946,-0.17747,-0.13303,-1.01697,-0.26577,0.31634,-0.47746,0.10648,-0.07057,-0.4879,0.21607,-0.00907,-0.8784,0.13233,-0.16138,-1.03466,0.17827
26.76,0.35211,-0.39115,0.03865,0.42633,0.04815,0.04972,0.36355,0.26685,0.04851,0.41448,-0.01383,-0.14776,0.4468,-0.25098,-0.19192,0.19498,-0.28508,-0.11739,0.04197,-0.29762,-0.03062,0.37701,-0.01728,0.24015,0.40203,-0.25302,0.2952,0.13905,-0.26324,0.26568,-0.02441,-0.25561,0.19997,0.32181,-0.46565,-0.04415,-0.05353,-0.47039,-0.18876,0.00902,-0.86945,-0.17749,-0.13302,-1.01696,-0.26578,0.31638,-0.47748,0.10643,-0.0705,-0.48791,0.21611,-0.00908,-0.87841,0.13231,-0.16139,-1.03466,0.17828
26.78,0.35217,-0.39118,0.03861,0.42644,0.04812,0.04959,0.36366,0.26682,0.04879,0.41466,-0.01392,-0.14788,0.44752,-0.25123,-0.19074,0.19512,-0.28518,-0.11812,0.04218,-0.29786,-0.03125,0.37703,-0.01725,0.24002,0.40238,-0.25291,0.2953,0.13943,-0.26376,0.26579,-0.02407,-0.25652,0.2001,0.32188,-0.4657,-0.04417,-0.05341,-0.47037,-0.18895,0.00902,-0.86944,-0.17749,-0.13301,-1.01695,-0.26578,0.31642,-0.47749,0.10641,-0.07045,-0.48792,0.21617,-0.0091,-0.87842,0.13232,-0.16142,-1.03466,0.17831
26.8,0.35221,-0.3912,0.03853,0.42669,0.04805,0.04974,0.364,0.26678,0.04866,0.41482,-0.01387,-0.14775,0.448,-0.25124,-0.19001,0.19526,-0.28526,-0.1186,0.04237,-0.29816,-0.03168,0.37731,-0.0174,0.24015,0.40265,-0.25307,0.29537,0.1397,-0.26402,0.26587,-0.02381,-0.25688,0.2002,0.32196,-0.46573,-0.04426,-0.05331,-0.47033,-0.18909,0.00905,-0.86941,-0.17752,-0.13299,-1.01692,-0.26579,0.31647,-0.47752,0.10632,-0.07036,-0.48793,0.21621,-0.0091,-0.87843,0.13229,-0.16143,-1.03465,0.17831
26.82,0.35222,-0.39115,0.0383,0.42737,0.04796,0.05067,0.36504,0.26677,0.04743,0.41492,-0.01334,-0.14698,0.44782,-0.25047,-0.19078,0.19545,-0.28527,-0.11845,0.04245,-0.29862,-0.03178,0.37835,-0.01801,0.241,0.40275,-0.25401,0.29524,0.13974,-0.26365,0.26579,-0.02376,-0.25571,0.2002,0.3221,-0.46566,-0.04456,-0.05327,-0.4702,-0.18912,0.00918,-0.86927,-0.17768,-0.13288,-1.0168,-0.26588,0.31661,-0.47759,0.10601,-0.07013,-0.48791,0.2162,-0.009,-0.8784,0.13211,-0.16132,-1.03461,0.1782
26.84,0.35222,-0.39109,0.03802,0.42819,0.04783,0.05187,0.3663,0.26671,0.04578,0.41502,-0.01267,-0.14598,0.44739,-0.24944,-0.19202,0.19564,-0.28526,-0.11805,0.0425,-0.29911,-0.03171,0.37966,-0.01879,0.2421,0.40277,-0.25521,0.29507,0.1397,-0.26301,0.26567,-0.02379,-0.25396,0.20018,0.32226,-0.46556,-0.04492,-0.05326,-0.47006,-0.1891,0.00935,-0.86911,-0.17788,-0.13273,-1.01666,-0.266,0.31679,-0.47768,0.10563,-0.06986,-0.48791,0.21617,-0.00886,-0.87836,0.13187,-0.16117,-1.03456,0.17803
26.86,0.35222,-0.39104,0.03778,0.42894,0.04771,0.05295,0.36742,0.2666,0.04431,0.41513,-0.01208,-0.14507,0.44706,-0.24855,-0.19294,0.1958,-0.28527,-0.11776,0.04256,-0.29955,-0.03168,0.38081,-0.0195,0.24307,0.40281,-0.25626,0.29496,0.13969,-0.26246,0.2656,-0.02378,-0.25247,0.2002,0.32241,-0.46549,-0.04524,-0.05324,-0.46993,-0.18909,0.0095,-0.86896,-0.17805,-0.13261,-1.01653,-0.26611,0.31694,-0.47776,0.1053,-0.06962,-0.4879,0.21616,-0.00875,-0.87834,0.13167,-0.16105,-1.03452,0.1779
26.88,0.35222,-0.39096,0.03747,0.42969,0.04761,0.05404,0.36868,0.26653,0.04289,0.41516,-0.01142,-0.14416,0.44672,-0.24749,-0.19422,0.19606,-0.28528,-0.11758,0.04264,-0.30014,-0.0319,0.38206,-0.02024,0.24406,0.40289,-0.25739,0.29463,0.13972,-0.26199,0.26547,-0.02374,-0.251,0.2002,0.32257,-0.46538,-0.04563,-0.05322,-0.46977,-0.1891,0.00966,-0.86879,-0.17823,-0.13248,-1.01639,-0.2662,0.31711,-0.47782,0.1049,-0.06933,-0.48787,0.21615,-0.00862,-0.87829,0.13146,-0.1609,-1.03447,0.17778
26.9,0.35223,-0.39094,0.0373,0.43048,0.04744,0.05516,0.36968,0.26626,0.04128,0.41537,-0.01089,-0.14321,0.44636,-0.2467,-0.19486,0.19615,-0.28528,-0.11713,0.04268,-0.30044,-0.03162,0.3832,-0.02097,0.24506,0.40285,-0.2584,0.29477,0.13966,-0.26126,0.26549,-0.02375,-0.2493,0.20028,0.32271,-0.46533,-0.04588,-0.05319,-0.46966,-0.18906,0.0098,-0.86867,-0.17839,-0.13235,-1.01628,-0.26631,0.31726,-0.47793,0.10463,-0.06912,-0.48789,0.21613,-0.0085,-0.87828,0.13127,-0.16079,-1.03444,0.17762
26.92,0.35229,-0.39112,0.03751,0.43137,0.04707,0.05637,0.36998,0.26548,0.0391,0.41609,-0.01077,-0.14212,0.44605,-0.24674,-0.19361,0.1958,-0.28523,-0.11598,0.04266,-0.30008,-0.02981,0.38401,-0.02169,0.24613,0.40262,-0.25916,0.29608,0.13952,-0.26017,0.26593,-0.02375,-0.24749,0.20049,0.32281,-0.46543,-0.04575,-0.05308,-0.4697,-0.18896,0.00992,-0.8687,-0.17848,-0.13221,-1.01628,-0.2665,0.31736,-0.4782,0.10475,-0.0691,-0.48803,0.21599,-0.00842,-0.8784,0.13109,-0.16077,-1.03455,0.17731
26.94,0.35237,-0.39137,0.03785,0.4323,0.04662,0.05758,0.37003,0.26448,0.03676,0.41701,-0.01081,-0.14103,0.44575,-0.2471,-0.19174,0.1953,-0.28516,-0.11456,0.0426,-0.29941,-0.02751,0.38472,-0.0224,0.24719,0.40225,-0.25979,0.29788,0.13929,-0.2588,0.2665,-0.02379,-0.24542,0.20075,0.32289,-0.46559,-0.04549,-0.05296,-0.46978,-0.18883,0.01002,-0.8688,-0.17856,-0.13207,-1.01633,-0.26672,0.31744,-0.47852,0.105,-0.06914,-0.48821,0.21583,-0.00836,-0.87857,0.13092,-0.16079,-1.03469,0.17695
26.96,0.35244,-0.39159,0.03813,0.43322,0.04621,0.05874,0.37021,0.26351,0.03458,0.41785,-0.0108,-0.13999,0.44546,-0.24734,-0.19018,0.19489,-0.2851,-0.11325,0.04254,-0.29881,-0.0255,0.38546,-0.0231,0.2482,0.40188,-0.26043,0.29954,0.13908,-0.2574,0.267,-0.02384,-0.24327,0.20101,0.32297,-0.46573,-0.04529,-0.05285,-0.46985,-0.18869,0.01012,-0.86887,-0.17865,-0.13194,-1.01636,-0.26692,0.31753,-0.47881,0.10519,-0.06915,-0.48837,0.21571,-0.0083,-0.87872,0.13076,-0.1608,-1.03481,0.17663
26.98,0.3525,-0.3918,0.03842,0.43412,0.04579,0.06014,0.37053,0.26244,0.03205,0.41863,-0.01069,-0.13873,0.4451,-0.24745,-0.18848,0.19438,-0.28501,-0.1119,0.04261,-0.29847,-0.02312,0.38624,-0.02391,0.24942,0.4018,-0.26128,0.30085,0.13912,-0.25663,0.26753,-0.02362,-0.24194,0.20121,0.32306,-0.46585,-0.04509,-0.05271,-0.46989,-0.18863,0.01024,-0.86892,-0.17875,-0.13179,-1.01637,-0.26714,0.31762,-0.47912,0.10536,-0.06917,-0.48853,0.21549,-0.00821,-0.87886,0.13057,-0.16079,-1.03493,0.17626
27,0.35259,-0.39205,0.03872,0.43505,0.04535,0.06103,0.37055,0.26137,0.03024,0.41958,-0.01085,-0.13792,0.44488,-0.24789,-0.18693,0.19403,-0.28497,-0.11058,0.04241,-0.2975,-0.02139,0.38691,-0.02449,0.2502,0.40104,-0.26164,0.303,0.13863,-0.25452,0.26804,-0.02395,-0.23883,0.20156,0.32313,-0.46604,-0.04484,-0.05263,-0.47,-0.1884,0.01033,-0.86904,-0.17881,-0.13167,-1.01644,-0.26732,0.31769,-0.47941,0.10561,-0.06917,-0.48872,0.21546,-0.00817,-0.87902,0.13044,-0.16082,-1.03507,0.17598
27.02,0.35279,-0.39237,0.03899,0.43611,0.04491,0.06052,0.36983,0.26047,0.03035,0.42105,-0.01171,-0.13834,0.44518,-0.24918,-0.18587,0.1942,-0.28507,-0.10937,0.04151,-0.29479,-0.02169,0.38733,-0.0244,0.24972,0.39884,-0.26061,0.30722,0.13717,-0.24884,0.26819,-0.02532,-0.23089,0.20206,0.3232,-0.4664,-0.04448,-0.0527,-0.47028,-0.18768,0.01043,-0.86931,-0.17882,-0.13159,-1.01662,-0.26747,0.31776,-0.4796,0.10599,-0.0691,-0.48896,0.21587,-0.00824,-0.8792,0.13046,-0.16092,-1.03526,0.17587
27.04,0.35303,-0.39271,0.03926,0.4372,0.04447,0.0595,0.36878,0.25962,0.03119,0.42267,-0.01284,-0.13921,0.44562,-0.25076,-0.18501,0.19452,-0.28518,-0.10824,0.0404,-0.29147,-0.02276,0.38765,-0.02406,0.24879,0.39588,-0.25888,0.3122,0.1353,-0.24184,0.26816,-0.02703,-0.22109,0.20246,0.32326,-0.46683,-0.04407,-0.05283,-0.47062,-0.18679,0.01051,-0.86963,-0.1788,-0.13153,-1.01685,-0.26757,0.31782,-0.47974,0.10642,-0.06899,-0.48922,0.21646,-0.00835,-0.87938,0.13054,-0.16105,-1.03545,0.17587
27.06,0.35326,-0.39304,0.03952,0.43827,0.04402,0.05868,0.36785,0.2587,0.03174,0.4242,-0.01385,-0.13989,0.44595,-0.25218,-0.18414,0.19473,-0.28522,-0.10713,0.03948,-0.2885,-0.02356,0.38803,-0.02383,0.24803,0.39306,-0.25723,0.31679,0.13366,-0.23543,0.26813,-0.0284,-0.212,0.20266,0.32332,-0.46723,-0.04369,-0.05292,-0.47094,-0.186,0.01059,-0.86993,-0.17878,-0.13147,-1.01706,-0.26767,0.3179,-0.47989,0.10682,-0.06887,-0.48948,0.21701,-0.00844,-0.87956,0.13061,-0.16115,-1.03564,0.17584
27.08,0.35346,-0.39338,0.03984,0.43939,0.04355,0.058,0.36701,0.2577,0.03206,0.42585,-0.01489,-0.14045,0.44643,-0.25365,-0.18287,0.19508,-0.28541,-0.10575,0.03859,-0.2853,-0.02446,0.38836,-0.02363,0.24737,0.39112,-0.2555,0.32126,0.13315,-0.22927,0.26744,-0.02867,-0.20317,0.20238,0.32337,-0.46764,-0.04325,-0.05305,-0.47124,-0.18508,0.01067,-0.87021,-0.1788,-0.1314,-1.01723,-0.26783,0.31793,-0.48006,0.10728,-0.06884,-0.4897,0.21744,-0.00854,-0.87972,0.13066,-0.16128,-1.03581,0.17575
27.1,0.35372,-0.39371,0.04002,0.44039,0.04312,0.05691,0.36588,0.25678,0.033,0.42724,-0.01596,-0.14138,0.44655,-0.25506,-0.18251,0.19514,-0.28525,-0.10498,0.03772,-0.28247,-0.02554,0.38877,-0.02332,0.24638,0.38713,-0.25331,0.32596,0.13065,-0.22245,0.26763,-0.03062,-0.19343,0.20246,0.32344,-0.46805,-0.04293,-0.05312,-0.47159,-0.18439,0.01074,-0.87055,-0.17875,-0.13137,-1.0175,-0.26786,0.31804,-0.4802,0.10762,-0.06863,-0.49001,0.21815,-0.00862,-0.87994,0.13077,-0.16137,-1.03603,0.17582
27.12,0.35416,-0.39401,0.0398,0.44108,0.04284,0.05477,0.36396,0.25605,0.03558,0.42787,-0.0171,-0.14325,0.44583,-0.25625,-0.18468,0.19453,-0.28422,-0.10594,0.03696,-0.28098,-0.02683,0.38945,-0.02274,0.24454,0.37829,-0.24987,0.33126,0.12309,-0.21309,0.27079,-0.03689,-0.18053,0.20415,0.3236,-0.46845,-0.04296,-0.05295,-0.47208,-0.18444,0.01078,-0.87106,-0.17854,-0.13138,-1.018,-0.26756,0.31834,-0.48027,0.10763,-0.06789,-0.49058,0.21962,-0.00859,-0.88035,0.131,-0.16134,-1.03638,0.17627
27.14,0.35466,-0.3943,0.03943,0.44163,0.04261,0.05224,0.36186,0.25527,0.03878,0.42821,-0.01826,-0.14548,0.44472,-0.25737,-0.18776,0.19363,-0.28285,-0.10752,0.03616,-0.27984,-0.02819,0.3902,-0.02207,0.24238,0.36768,-0.24529,0.33671,0.11368,-0.20241,0.27523,-0.04483,-0.16641,0.20685,0.32379,-0.46885,-0.04311,-0.05271,-0.47262,-0.18472,0.01081,-0.87163,-0.17828,-0.13142,-1.01861,-0.26714,0.31871,-0.4803,0.10751,-0.06696,-0.49124,0.22135,-0.00854,-0.88081,0.13131,-0.16127,-1.03676,0.17688
27.16,0.35512,-0.39458,0.03912,0.44221,0.04236,0.04992,0.35999,0.25436,0.04168,0.42865,-0.01939,-0.14752,0.44368,-0.25849,-0.1904,0.1928,-0.2816,-0.1088,0.03532,-0.27839,-0.0295,0.39088,-0.02146,0.24038,0.35804,-0.24019,0.3419,0.10531,-0.19178,0.27934,-0.05191,-0.15269,0.20968,0.32395,-0.46923,-0.04322,-0.05254,-0.47314,-0.18486,0.01084,-0.87216,-0.17804,-0.13145,-1.01917,-0.26676,0.31904,-0.48034,0.10744,-0.06612,-0.49183,0.22292,-0.00851,-0.88122,0.1316,-0.16124,-1.0371,0.17745
27.18,0.35563,-0.39491,0.03884,0.44291,0.04204,0.04744,0.35793,0.25309,0.04482,0.42919,-0.02067,-0.14968,0.44304,-0.25974,-0.19312,0.19241,-0.28053,-0.11017,0.0349,-0.27765,-0.03092,0.39169,-0.02082,0.23824,0.34999,-0.23438,0.34726,0.09894,-0.17923,0.2835,-0.05657,-0.13635,0.21224,0.32415,-0.46968,-0.04327,-0.05226,-0.47369,-0.18512,0.01089,-0.87275,-0.17778,-0.13145,-1.01976,-0.26638,0.31941,-0.48041,0.10741,-0.06518,-0.49248,0.22473,-0.00848,-0.88166,0.13193,-0.1612,-1.03746,0.17807
27.2,0.35606,-0.39514,0.03847,0.44332,0.04185,0.04521,0.35647,0.25214,0.04762,0.42944,-0.02167,-0.15164,0.44146,-0.2607,-0.19586,0.1911,-0.27902,-0.11149,0.03367,-0.2756,-0.03211,0.39226,-0.02023,0.23631,0.33954,-0.22776,0.352,0.08935,-0.16854,0.2885,-0.06538,-0.12367,0.21679,0.32429,-0.47,-0.04345,-0.05216,-0.47419,-0.18519,0.01092,-0.87325,-0.17752,-0.13149,-1.02031,-0.26595,0.31974,-0.48042,0.10726,-0.06436,-0.493,0.22612,-0.00845,-0.88203,0.13225,-0.16116,-1.03775,0.1787
27.22,0.35631,-0.3951,0.03779,0.44301,0.04201,0.04367,0.35654,0.2524,0.04933,0.42897,-0.02187,-0.15306,0.43741,-0.26082,-0.19849,0.18739,-0.27641,-0.1126,0.03031,-0.26973,-0.03272,0.39226,-0.0198,0.23493,0.3223,-0.21946,0.35524,0.07028,-0.16292,0.29678,-0.08665,-0.12027,0.22857,0.32431,-0.46998,-0.04402,-0.05253,-0.47449,-0.18469,0.01086,-0.8735,-0.17735,-0.13162,-1.02071,-0.26544,0.32,-0.48029,0.1067,-0.06389,-0.49314,0.22621,-0.00839,-0.88225,0.13239,-0.1611,-1.03786,0.1792
27.24,0.35647,-0.39496,0.03704,0.44241,0.04231,0.04242,0.35715,0.2531,0.05064,0.42824,-0.02177,-0.15423,0.43242,-0.26057,-0.20106,0.18277,-0.2733,-0.11362,0.02626,-0.2625,-0.03309,0.392,-0.01942,0.2338,0.30361,-0.20912,0.35803,0.04879,-0.1573,0.30794,-0.11147,-0.11816,0.24562,0.32428,-0.46983,-0.0447,-0.05307,-0.47472,-0.18401,0.01077,-0.87367,-0.17719,-0.13177,-1.02104,-0.26489,0.32021,-0.4801,0.10603,-0.06358,-0.49316,0.22586,-0.00832,-0.88241,0.13248,-0.16103,-1.03791,0.17968
27.26,0.35664,-0.39486,0.03635,0.44193,0.04254,0.04108,0.35754,0.25356,0.05205,0.42765,-0.02181,-0.15548,0.42783,-0.26038,-0.20361,0.17858,-0.2703,-0.11467,0.02266,-0.25591,-0.03356,0.39181,-0.01902,0.23259,0.28758,-0.19753,0.36105,0.03049,-0.14875,0.32038,-0.1327,-0.11202,0.26453,0.32424,-0.46973,-0.04531,-0.05352,-0.47498,-0.18347,0.0107,-0.87387,-0.17703,-0.1319,-1.0214,-0.26438,0.32041,-0.47994,0.10543,-0.06323,-0.49324,0.22571,-0.00826,-0.88259,0.13259,-0.16095,-1.038,0.18015
27.28,0.35694,-0.39479,0.03552,0.44147,0.04277,0.03953,0.35797,0.25395,0.0538,0.42692,-0.02186,-0.15691,0.42336,-0.26014,-0.20633,0.17458,-0.26748,-0.11584,0.01937,-0.24908,-0.03417,0.39183,-0.01864,0.23122,0.2725,-0.18386,0.36424,0.0134,-0.13679,0.3362,-0.15276,-0.10124,0.28906,0.3243,-0.46967,-0.04604,-0.054,-0.47526,-0.18271,0.01063,-0.8741,-0.17685,-0.13207,-1.02178,-0.26377,0.32075,-0.47979,0.10472,-0.0627,-0.49331,0.22557,-0.00817,-0.88279,0.13273,-0.16088,-1.03805,0.18071
27.3,0.35697,-0.39464,0.03499,0.44092,0.04303,0.03852,0.35849,0.25449,0.05475,0.42645,-0.02183,-0.15785,0.41847,-0.25972,-0.20861,0.17013,-0.26407,-0.11674,0.01567,-0.24238,-0.03446,0.39137,-0.01823,0.23028,0.25957,-0.17036,0.36709,-0.00105,-0.12605,0.35145,-0.16987,-0.0928,0.31283,0.32418,-0.46951,-0.04652,-0.05443,-0.47548,-0.18232,0.01057,-0.87426,-0.1767,-0.13213,-1.02211,-0.26334,0.32081,-0.47961,0.10425,-0.06255,-0.49338,0.22533,-0.00812,-0.88294,0.13282,-0.16078,-1.03816,0.18109
27.32,0.35626,-0.3943,0.0353,0.44021,0.04337,0.03888,0.35916,0.25546,0.05377,0.42677,-0.02166,-0.15751,0.4126,-0.2589,-0.20995,0.16464,-0.25908,-0.11696,0.01077,-0.2363,-0.03387,0.38965,-0.01772,0.23043,0.24917,-0.16025,0.36893,-0.01287,-0.12291,0.36061,-0.18393,-0.09637,0.32695,0.32354,-0.46911,-0.04629,-0.05471,-0.47558,-0.18306,0.01055,-0.87431,-0.17666,-0.13186,-1.02237,-0.26339,0.32011,-0.47935,0.10446,-0.06343,-0.49344,0.22494,-0.00815,-0.88298,0.1328,-0.1606,-1.03844,0.18098
27.34,0.3553,-0.39389,0.03593,0.43944,0.04374,0.03979,0.35992,0.25658,0.05203,0.42738,-0.02143,-0.15664,0.40644,-0.25775,-0.21091,0.15885,-0.25347,-0.11702,0.00544,-0.23039,-0.03317,0.38748,-0.01718,0.23102,0.23979,-0.15142,0.3703,-0.02343,-0.1224,0.36809,-0.19634,-0.1041,0.3387,0.32273,-0.46861,-0.0458,-0.05493,-0.47563,-0.18415,0.01055,-0.8743,-0.17664,-0.13148,-1.02259,-0.26362,0.31916,-0.47907,0.10494,-0.06466,-0.49351,0.22449,-0.00821,-0.88297,0.13276,-0.16037,-1.03877,0.1807
27.36,0.35446,-0.39352,0.03643,0.43869,0.04409,0.04048,0.36063,0.25758,0.05059,0.42787,-0.02123,-0.15597,0.40054,-0.25648,-0.21205,0.15338,-0.24808,-0.11732,0.00041,-0.2244,-0.03285,0.38549,-0.01667,0.23142,0.23092,-0.14174,0.37176,-0.0329,-0.11952,0.37789,-0.20732,-0.10819,0.35447,0.322,-0.46817,-0.04541,-0.05519,-0.47569,-0.18502,0.01052,-0.87431,-0.17661,-0.13117,-1.02281,-0.26377,0.31833,-0.47881,0.10531,-0.06572,-0.49358,0.22409,-0.00826,-0.88298,0.13272,-0.16018,-1.03907,0.1805
27.38,0.35357,-0.39312,0.03688,0.43795,0.04446,0.04107,0.36161,0.25865,0.04944,0.4283,-0.02103,-0.15539,0.39447,-0.25489,-0.21367,0.14798,-0.24214,-0.11767,-0.00444,-0.21809,-0.03231,0.38356,-0.01611,0.23173,0.22221,-0.13098,0.37317,-0.04163,-0.11543,0.38978,-0.21721,-0.11103,0.3739,0.32123,-0.4677,-0.04507,-0.05541,-0.47576,-0.18614,0.01051,-0.87432,-0.17658,-0.13082,-1.02306,-0.26392,0.31745,-0.47851,0.10564,-0.06684,-0.49362,0.22359,-0.0083,-0.88298,0.13271,-0.15996,-1.03938,0.18035
27.4,0.35274,-0.39277,0.03751,0.4372,0.0448,0.042,0.36215,0.25952,0.04759,0.42892,-0.02083,-0.15448,0.38893,-0.25329,-0.21442,0.14275,-0.23689,-0.1182,-0.00954,-0.21241,-0.03272,0.38145,-0.01563,0.23231,0.21506,-0.12222,0.37439,-0.04834,-0.11214,0.39994,-0.22444,-0.11386,0.39083,0.32053,-0.46727,-0.04457,-0.05566,-0.4758,-0.18681,0.01049,-0.8743,-0.17655,-0.13052,-1.02322,-0.26411,0.31662,-0.47828,0.10612,-0.0679,-0.49372,0.22329,-0.00835,-0.88299,0.13267,-0.15977,-1.03968,0.18008
27.42,0.35213,-0.39261,0.03858,0.43647,0.04497,0.04376,0.36143,0.25978,0.04386,0.43006,-0.0207,-0.15277,0.38476,-0.25217,-0.21278,0.13781,-0.23365,-0.11894,-0.01527,-0.20812,-0.0352,0.37893,-0.01542,0.23355,0.21044,-0.11898,0.37539,-0.05282,-0.11247,0.40336,-0.22893,-0.11895,0.39697,0.32006,-0.46698,-0.04366,-0.05603,-0.47581,-0.18614,0.01049,-0.87426,-0.17655,-0.13032,-1.02319,-0.26443,0.31597,-0.47825,0.107,-0.06872,-0.49401,0.22356,-0.00837,-0.88305,0.13249,-0.15963,-1.04003,0.17946
27.44,0.3516,-0.39251,0.03981,0.43575,0.0451,0.04583,0.3604,0.2597,0.03945,0.43137,-0.02059,-0.15076,0.38105,-0.25113,-0.21032,0.13296,-0.23111,-0.11986,-0.02123,-0.20437,-0.03856,0.37629,-0.0153,0.23503,0.20671,-0.11797,0.37621,-0.05665,-0.11448,0.40384,-0.23258,-0.12528,0.39842,0.31968,-0.46675,-0.04261,-0.05644,-0.47579,-0.18501,0.0105,-0.87421,-0.17655,-0.13015,-1.02307,-0.2648,0.31539,-0.47829,0.10803,-0.06946,-0.49436,0.22403,-0.00838,-0.88312,0.13227,-0.1595,-1.04038,0.17873
27.46,0.35106,-0.39238,0.04093,0.43504,0.04525,0.04772,0.35974,0.25961,0.0354,0.43258,-0.02046,-0.14889,0.37716,-0.24985,-0.20837,0.12814,-0.22814,-0.1209,-0.02699,-0.2003,-0.0418,0.37376,-0.01515,0.23634,0.20267,-0.11606,0.37697,-0.0606,-0.11566,0.40561,-0.23626,-0.13075,0.40212,0.31928,-0.46649,-0.04166,-0.05681,-0.47578,-0.18413,0.01051,-0.87415,-0.17656,-0.12995,-1.02298,-0.26514,0.3148,-0.4783,0.10895,-0.0702,-0.49467,0.22439,-0.00838,-0.88318,0.13207,-0.15936,-1.04071,0.17805
27.48,0.35042,-0.39223,0.04219,0.43427,0.04541,0.04975,0.35923,0.2594,0.0311,0.4339,-0.02035,-0.14685,0.37322,-0.24837,-0.20647,0.12347,-0.2245,-0.12171,-0.0324,-0.19537,-0.04454,0.37101,-0.01494,0.23773,0.19838,-0.11373,0.37798,-0.06471,-0.11664,0.40811,-0.23994,-0.1364,0.40701,0.3188,-0.4662,-0.04058,-0.05724,-0.47578,-0.18314,0.01052,-0.87409,-0.17655,-0.12974,-1.02289,-0.2655,0.31411,-0.4783,0.11,-0.07107,-0.49502,0.22479,-0.0084,-0.88324,0.13187,-0.15921,-1.04109,0.17733
27.5,0.35,-0.39214,0.04321,0.4336,0.04553,0.05157,0.35877,0.25903,0.02722,0.435,-0.0202,-0.14504,0.36951,-0.24693,-0.20451,0.1187,-0.22201,-0.12324,-0.03826,-0.19193,-0.0487,0.36871,-0.01487,0.23897,0.19488,-0.11278,0.37836,-0.06817,-0.11817,0.40853,-0.24297,-0.14143,0.40875,0.3185,-0.46599,-0.03972,-0.05756,-0.47577,-0.18223,0.01054,-0.87404,-0.17656,-0.12958,-1.02279,-0.26582,0.31365,-0.47833,0.11084,-0.07165,-0.4953,0.22518,-0.00838,-0.88329,0.13168,-0.15908,-1.04136,0.17671
27.52,0.35019,-0.39225,0.04357,0.43325,0.04551,0.05279,0.35822,0.25845,0.02452,0.43552,-0.01999,-0.14389,0.3662,-0.24586,-0.20228,0.11346,-0.22292,-0.12658,-0.04559,-0.19284,-0.05662,0.36766,-0.01519,0.23985,0.19329,-0.11512,0.37711,-0.07006,-0.12125,0.40437,-0.24476,-0.14525,0.40356,0.31867,-0.466,-0.03944,-0.0575,-0.47581,-0.18164,0.0106,-0.87408,-0.17666,-0.12953,-1.02275,-0.26604,0.31386,-0.47852,0.1111,-0.07144,-0.49545,0.22549,-0.00827,-0.88334,0.13151,-0.15901,-1.04142,0.1764
27.54,0.35059,-0.39242,0.04368,0.43299,0.04544,0.05377,0.3576,0.25781,0.0223,0.43579,-0.01974,-0.14301,0.36307,-0.24491,-0.19997,0.10829,-0.22511,-0.13051,-0.05306,-0.19544,-0.06581,0.36709,-0.01565,0.24059,0.19253,-0.11874,0.37524,-0.07124,-0.12479,0.39805,-0.24597,-0.14844,0.39502,0.319,-0.46609,-0.03938,-0.05733,-0.47584,-0.18116,0.01066,-0.87414,-0.17678,-0.12954,-1.0227,-0.26623,0.31429,-0.47875,0.11116,-0.07094,-0.49553,0.22578,-0.00813,-0.88337,0.13135,-0.15896,-1.04138,0.1762
27.56,0.35089,-0.39255,0.04388,0.43269,0.04541,0.05481,0.35707,0.25716,0.01995,0.43612,-0.0195,-0.14205,0.3599,-0.24381,-0.1978,0.10343,-0.22664,-0.1341,-0.05984,-0.19728,-0.07427,0.36635,-0.01603,0.24137,0.19152,-0.12174,0.37363,-0.07257,-0.12787,0.39235,-0.24725,-0.15155,0.38738,0.31926,-0.46613,-0.03924,-0.05721,-0.47587,-0.18065,0.01073,-0.87418,-0.1769,-0.12951,-1.02265,-0.26643,0.31461,-0.47895,0.11128,-0.07057,-0.49563,0.22607,-0.008,-0.8834,0.13119,-0.1589,-1.04137,0.17595
27.58,0.35122,-0.39271,0.04416,0.4324,0.04534,0.05602,0.35661,0.25634,0.01721,0.43669,-0.01928,-0.14091,0.35659,-0.24258,-0.19526,0.09846,-0.22834,-0.13782,-0.06673,-0.19923,-0.08339,0.36541,-0.01645,0.24223,0.19047,-0.12501,0.37201,-0.07377,-0.13181,0.38832,-0.24837,-0.15593,0.38263,0.31955,-0.46619,-0.03903,-0.05707,-0.47592,-0.18004,0.01078,-0.87425,-0.17701,-0.12952,-1.0226,-0.26665,0.31495,-0.47918,0.11148,-0.0702,-0.49576,0.2264,-0.00789,-0.88345,0.13101,-0.15886,-1.04138,0.17567
27.6,0.35153,-0.39283,0.04422,0.43211,0.04531,0.05683,0.35609,0.25574,0.01544,0.4367,-0.01901,-0.1402,0.35362,-0.24147,-0.1935,0.09426,-0.22999,-0.14123,-0.07244,-0.20147,-0.09127,0.36499,-0.01685,0.24287,0.18985,-0.12798,0.37018,-0.07471,-0.1339,0.38042,-0.24926,-0.15728,0.37134,0.31981,-0.46625,-0.03901,-0.05695,-0.47593,-0.17966,0.01086,-0.87428,-0.17713,-0.12948,-1.02255,-0.26682,0.31531,-0.47935,0.11149,-0.06977,-0.49583,0.22664,-0.00775,-0.88347,0.13088,-0.15878,-1.04134,0.1755
27.62,0.35173,-0.39285,0.04371,0.4318,0.04537,0.05656,0.35529,0.25583,0.01623,0.43524,-0.01861,-0.1406,0.35156,-0.24085,-0.19387,0.09167,-0.23127,-0.14389,-0.07578,-0.20412,-0.09573,0.36594,-0.01719,0.24291,0.19021,-0.12977,0.36812,-0.07455,-0.13093,0.36238,-0.24866,-0.15079,0.34269,0.31998,-0.46633,-0.03946,-0.05686,-0.47585,-0.1799,0.01099,-0.87419,-0.17729,-0.12934,-1.02253,-0.26689,0.3157,-0.47939,0.11106,-0.06926,-0.49573,0.22665,-0.00755,-0.88341,0.13086,-0.15863,-1.0412,0.17563
27.64,0.35191,-0.39283,0.04299,0.4315,0.04548,0.05589,0.35441,0.25617,0.01798,0.43324,-0.01815,-0.14141,0.34984,-0.24042,-0.19499,0.08966,-0.23244,-0.14626,-0.07829,-0.20691,-0.09892,0.36742,-0.0175,0.24272,0.19088,-0.13114,0.36582,-0.07265,-0.12654,0.34004,-0.24514,-0.14207,0.3068,0.32013,-0.46641,-0.04007,-0.05678,-0.47574,-0.18035,0.01115,-0.87406,-0.17746,-0.12915,-1.02252,-0.26691,0.31611,-0.47938,0.11046,-0.0687,-0.49556,0.22657,-0.00732,-0.88333,0.13088,-0.15844,-1.04102,0.17588
27.66,0.35208,-0.39282,0.04236,0.43118,0.04558,0.05539,0.35358,0.2564,0.01929,0.43146,-0.01771,-0.14202,0.34794,-0.23991,-0.19574,0.0874,-0.2336,-0.14869,-0.0811,-0.20954,-0.1026,0.36864,-0.01781,0.24261,0.19128,-0.13261,0.36344,-0.06964,-0.12316,0.31914,-0.23956,-0.13502,0.27348,0.32026,-0.46648,-0.04062,-0.05672,-0.47564,-0.1807,0.01129,-0.87395,-0.17763,-0.12899,-1.02251,-0.26696,0.31649,-0.47938,0.10992,-0.06818,-0.49543,0.22652,-0.00712,-0.88326,0.13088,-0.15828,-1.04085,0.17607
27.68,0.3523,-0.39285,0.04172,0.43091,0.04563,0.05491,0.35277,0.25657,0.02067,0.4297,-0.01731,-0.14262,0.34608,-0.23942,-0.1965,0.08516,-0.23505,-0.15137,-0.08395,-0.21265,-0.10666,0.36995,-0.01818,0.2425,0.1922,-0.13412,0.36164,-0.06472,-0.12042,0.29892,-0.23106,-0.12907,0.241,0.32046,-0.4666,-0.04117,-0.05658,-0.47555,-0.18112,0.01145,-0.87385,-0.17781,-0.12882,-1.02249,-0.26701,0.31692,-0.47942,0.10938,-0.0676,-0.4953,0.22647,-0.00689,-0.8832,0.13089,-0.15811,-1.04068,0.17628
27.7,0.35242,-0.39279,0.04107,0.43054,0.04578,0.05433,0.35202,0.25689,0.02214,0.4278,-0.01684,-0.14328,0.34421,-0.23892,-0.19737,0.08308,-0.23584,-0.15339,-0.08643,-0.21474,-0.10957,0.3712,-0.01842,0.24231,0.1921,-0.13526,0.35851,-0.05903,-0.11695,0.27647,-0.2204,-0.12199,0.20552,0.32054,-0.46662,-0.04174,-0.05659,-0.47545,-0.18143,0.01159,-0.87372,-0.17797,-0.12865,-1.02248,-0.26702,0.31726,-0.47937,0.10883,-0.06712,-0.49515,0.22641,-0.00669,-0.88311,0.1309,-0.15793,-1.04051,0.17648
27.72,0.35228,-0.39248,0.04041,0.42985,0.04618,0.05357,0.35132,0.25763,0.02367,0.42553,-0.01618,-0.14409,0.34224,-0.2383,-0.19847,0.08124,-0.23485,-0.15374,-0.08822,-0.21396,-0.10965,0.37221,-0.01834,0.24197,0.18918,-0.13525,0.3518,-0.05339,-0.11015,0.24854,-0.20752,-0.10973,0.16285,0.32033,-0.46634,-0.04234,-0.05705,-0.47532,-0.18134,0.01168,-0.87351,-0.17809,-0.12847,-1.02247,-0.26695,0.31736,-0.47911,0.10823,-0.06686,-0.49496,0.2263,-0.00654,-0.88295,0.13089,-0.15776,-1.04032,0.17667
27.74,0.35205,-0.39209,0.03975,0.42907,0.04668,0.05274,0.35071,0.25851,0.02524,0.42317,-0.01548,-0.14494,0.34027,-0.23767,-0.19965,0.07955,-0.2332,-0.15343,-0.0897,-0.21214,-0.10862,0.37313,-0.01814,0.24155,0.18533,-0.1345,0.34365,-0.04614,-0.10195,0.21918,-0.191,-0.09554,0.11882,0.32003,-0.46598,-0.04295,-0.05765,-0.4752,-0.18114,0.01176,-0.87327,-0.17821,-0.12828,-1.02247,-0.26685,0.31738,-0.47878,0.10762,-0.06669,-0.49475,0.22618,-0.00639,-0.88278,0.13086,-0.15757,-1.04012,0.17685
27.76,0.35185,-0.39174,0.03912,0.42834,0.04712,0.05198,0.35015,0.25931,0.02675,0.42091,-0.01482,-0.14573,0.3383,-0.23705,-0.20071,0.07779,-0.23183,-0.15336,-0.09133,-0.21075,-0.10805,0.37404,-0.01799,0.24116,0.18202,-0.1336,0.33599,-0.03667,-0.09433,0.19188,-0.17103,-0.08259,0.07828,0.31976,-0.46565,-0.04353,-0.05817,-0.47507,-0.18101,0.01183,-0.87304,-0.17832,-0.1281,-1.02245,-0.26677,0.31741,-0.47848,0.10705,-0.06651,-0.49455,0.22607,-0.00626,-0.88261,0.13085,-0.15741,-1.03993,0.17703
27.78,0.35166,-0.39137,0.03838,0.42755,0.0476,0.05112,0.34945,0.26011,0.02847,0.41833,-0.01409,-0.14659,0.33625,-0.23639,-0.20203,0.076,-0.23048,-0.15338,-0.09297,-0.20946,-0.10746,0.37516,-0.01786,0.24072,0.17888,-0.1319,0.32848,-0.02376,-0.08522,0.1645,-0.14508,-0.0677,0.03773,0.31948,-0.46532,-0.0442,-0.05877,-0.47495,-0.18078,0.01191,-0.87279,-0.17844,-0.12791,-1.02245,-0.26666,0.31749,-0.47816,0.10638,-0.06626,-0.49434,0.22593,-0.00609,-0.88244,0.13083,-0.15721,-1.03972,0.17723
27.8,0.35145,-0.39103,0.03787,0.42688,0.04803,0.05044,0.34918,0.26088,0.02972,0.41642,-0.01352,-0.14725,0.33436,-0.23581,-0.20279,0.07434,-0.22894,-0.15303,-0.09446,-0.20772,-0.10662,0.37584,-0.01765,0.24034,0.17559,-0.1306,0.32015,-0.01174,-0.07871,0.14029,-0.12081,-0.0571,0.00342,0.31923,-0.46499,-0.04468,-0.05922,-0.47483,-0.18072,0.01199,-0.87258,-0.17855,-0.12772,-1.02243,-0.26661,0.31748,-0.47788,0.1059,-0.06614,-0.49416,0.22586,-0.00597,-0.88228,0.13082,-0.15705,-1.03955,0.17738
27.82,0.35118,-0.39075,0.03803,0.42655,0.04832,0.05032,0.35004,0.26162,0.02974,0.41627,-0.01338,-0.14733,0.33282,-0.23537,-0.20198,0.07292,-0.22691,-0.15182,-0.09575,-0.20484,-0.10534,0.37536,-0.01721,0.24023,0.1719,-0.13132,0.3096,-0.00708,-0.07887,0.12159,-0.10985,-0.05667,-0.01998,0.31902,-0.46469,-0.04457,-0.05921,-0.47469,-0.18117,0.01205,-0.87243,-0.17854,-0.12753,-1.02235,-0.26667,0.31725,-0.47765,0.10601,-0.06633,-0.49405,0.22608,-0.00596,-0.8821,0.1309,-0.15696,-1.03946,0.1774
27.84,0.3509,-0.3905,0.03844,0.42636,0.04857,0.05041,0.35131,0.26233,0.02931,0.41681,-0.01341,-0.14719,0.33148,-0.23498,-0.20061,0.07168,-0.22471,-0.15028,-0.09686,-0.20156,-0.10386,0.37443,-0.01668,0.24021,0.16849,-0.13267,0.29825,-0.00487,-0.08123,0.10478,-0.10366,-0.05964,-0.0397,0.31885,-0.4644,-0.04423,-0.05904,-0.47455,-0.18177,0.01211,-0.8723,-0.1785,-0.12735,-1.02225,-0.26677,0.31692,-0.47745,0.10633,-0.06665,-0.49397,0.2264,-0.00599,-0.88192,0.131,-0.1569,-1.0394,0.17738
27.86,0.35063,-0.39025,0.03873,0.42611,0.04882,0.0504,0.35236,0.26301,0.02906,0.41708,-0.01338,-0.14716,0.33012,-0.23458,-0.1995,0.07044,-0.22265,-0.14892,-0.09797,-0.19856,-0.10249,0.37366,-0.0162,0.24013,0.16567,-0.13347,0.28728,-0.00048,-0.08223,0.08752,-0.09405,-0.06067,-0.06039,0.31867,-0.46412,-0.044,-0.05895,-0.47441,-0.18229,0.01218,-0.87217,-0.17848,-0.12717,-1.02217,-0.26687,0.31663,-0.47725,0.10655,-0.06694,-0.49388,0.22662,-0.006,-0.88175,0.13108,-0.15684,-1.03933,0.17737
27.88,0.35033,-0.38994,0.03903,0.42585,0.04913,0.05039,0.35355,0.26381,0.02894,0.41714,-0.01326,-0.14712,0.32844,-0.23401,-0.19842,0.06893,-0.22016,-0.14747,-0.09932,-0.19497,-0.10104,0.37307,-0.0157,0.2401,0.16315,-0.13374,0.27519,0.00508,-0.08228,0.06904,-0.08271,-0.06051,-0.08235,0.31845,-0.46378,-0.04377,-0.05886,-0.47424,-0.18287,0.01223,-0.872,-0.17845,-0.12699,-1.02206,-0.26694,0.31636,-0.47701,0.10678,-0.06715,-0.49378,0.22702,-0.006,-0.88154,0.13118,-0.15676,-1.03923,0.17738
27.9,0.3501,-0.38976,0.03937,0.42565,0.04932,0.05043,0.35457,0.26435,0.02848,0.41781,-0.01336,-0.14703,0.32748,-0.23371,-0.19719,0.06806,-0.21842,-0.14616,-0.10006,-0.19239,-0.09974,0.37201,-0.01523,0.24,0.16145,-0.13468,0.26506,0.00974,-0.08392,0.05401,-0.07362,-0.06255,-0.09991,0.31833,-0.46357,-0.04349,-0.05869,-0.47414,-0.18337,0.01231,-0.87191,-0.17844,-0.1268,-1.02199,-0.26706,0.31604,-0.47684,0.10705,-0.06753,-0.4937,0.22709,-0.00602,-0.8814,0.13125,-0.1567,-1.0392,0.17734
27.92,0.35002,-0.38994,0.03985,0.42552,0.04915,0.05064,0.355,0.26421,0.02722,0.41998,-0.01405,-0.14673,0.3284,-0.23421,-0.19541,0.06887,-0.2191,-0.14498,-0.09928,-0.19312,-0.0986,0.36965,-0.01489,0.23973,0.16071,-0.13798,0.26031,0.01077,-0.09087,0.04717,-0.07163,-0.07168,-0.10756,0.31839,-0.46375,-0.04307,-0.05843,-0.47427,-0.18348,0.01246,-0.87205,-0.17842,-0.12661,-1.02206,-0.26721,0.31554,-0.4769,0.10747,-0.0684,-0.49367,0.22633,-0.0061,-0.88145,0.13131,-0.15671,-1.03937,0.17717
27.94,0.35001,-0.39026,0.04036,0.42545,0.04885,0.05088,0.35528,0.26381,0.02566,0.42273,-0.01495,-0.14635,0.32999,-0.23496,-0.19356,0.07025,-0.22044,-0.14395,-0.09794,-0.19473,-0.09759,0.36687,-0.0146,0.23935,0.16041,-0.14213,0.25783,0.01033,-0.09971,0.0438,-0.07253,-0.08334,-0.11101,0.31855,-0.46407,-0.04262,-0.0581,-0.47446,-0.18351,0.01263,-0.87228,-0.17841,-0.12643,-1.02219,-0.26739,0.31499,-0.47705,0.10792,-0.06944,-0.49366,0.22523,-0.00619,-0.88156,0.13135,-0.15675,-1.03961,0.17696
27.96,0.35,-0.39051,0.04083,0.42542,0.04861,0.05109,0.35569,0.26353,0.02427,0.42523,-0.01575,-0.14598,0.33123,-0.23549,-0.19191,0.07136,-0.22119,-0.14298,-0.09684,-0.19553,-0.0966,0.36438,-0.01429,0.23896,0.1602,-0.1458,0.25472,0.01091,-0.10734,0.0394,-0.07174,-0.09338,-0.11576,0.31871,-0.46433,-0.04221,-0.05774,-0.47461,-0.18365,0.01282,-0.87245,-0.1784,-0.12623,-1.02227,-0.26756,0.3145,-0.47715,0.10833,-0.07036,-0.49361,0.22424,-0.00626,-0.88163,0.13141,-0.15677,-1.03979,0.1768
27.98,0.34989,-0.39076,0.04143,0.4252,0.04838,0.05141,0.35607,0.26326,0.02276,0.42776,-0.01657,-0.14545,0.33244,-0.23613,-0.1895,0.07239,-0.22266,-0.14128,-0.09588,-0.19737,-0.09498,0.36154,-0.01394,0.23861,0.15987,-0.14968,0.25034,0.01174,-0.11681,0.0333,-0.07051,-0.10635,-0.12234,0.31872,-0.46456,-0.04167,-0.05757,-0.47479,-0.1835,0.01294,-0.87264,-0.17838,-0.12607,-1.02237,-0.26774,0.31388,-0.47725,0.10885,-0.07138,-0.49363,0.22341,-0.00638,-0.88171,0.13146,-0.15681,-1.04002,0.17658
28,0.34998,-0.39105,0.04177,0.42537,0.04809,0.05149,0.35653,0.26287,0.02147,0.43032,-0.0174,-0.14515,0.33374,-0.23651,-0.18868,0.07359,-0.22261,-0.1411,-0.09459,-0.19703,-0.09463,0.35938,-0.01371,0.23805,0.16023,-0.15314,0.24937,0.01221,-0.12301,0.03185,-0.07024,-0.11416,-0.12378,0.31903,-0.46489,-0.04138,-0.05701,-0.47491,-0.1839,0.01316,-0.87281,-0.17837,-0.12586,-1.02245,-0.26788,0.31349,-0.47738,0.10915,-0.07223,-0.49353,0.22219,-0.00643,-0.88179,0.13154,-0.15684,-1.04017,0.17649
28.02,0.35066,-0.39151,0.0414,0.42658,0.04754,0.05097,0.35713,0.2621,0.02076,0.43297,-0.01829,-0.14551,0.33548,-0.23634,-0.1922,0.07549,-0.21855,-0.14507,-0.09216,-0.19103,-0.09778,0.35906,-0.01385,0.23712,0.16219,-0.15554,0.25711,0.0121,-0.11931,0.04196,-0.0717,-0.10614,-0.11264,0.32018,-0.46558,-0.04172,-0.05528,-0.47488,-0.18582,0.01371,-0.87297,-0.1784,-0.12544,-1.0225,-0.26787,0.31377,-0.47765,0.1088,-0.07253,-0.49316,0.21992,-0.00628,-0.88189,0.13171,-0.15681,-1.04013,0.17673
28.04,0.35153,-0.39201,0.04077,0.42818,0.04691,0.05021,0.3578,0.26121,0.02029,0.43561,-0.01918,-0.14614,0.3374,-0.23591,-0.1973,0.07775,-0.21303,-0.15048,-0.08916,-0.18303,-0.10211,0.35945,-0.01411,0.23604,0.165,-0.15692,0.26811,0.01203,-0.11163,0.05673,-0.07362,-0.09222,-0.0962,0.3216,-0.46636,-0.04229,-0.05315,-0.47481,-0.18828,0.01434,-0.8731,-0.17844,-0.12498,-1.02252,-0.26783,0.31428,-0.47795,0.10822,-0.07265,-0.49268,0.21729,-0.00609,-0.88199,0.13189,-0.1568,-1.04001,0.17709
28.06,0.35229,-0.39246,0.04024,0.4296,0.04635,0.04952,0.35848,0.26042,0.01974,0.43817,-0.02005,-0.14669,0.33925,-0.2355,-0.20171,0.07999,-0.20815,-0.15516,-0.08623,-0.176,-0.1058,0.35958,-0.01428,0.23499,0.16773,-0.15785,0.27757,0.01246,-0.10512,0.06962,-0.07476,-0.08062,-0.08168,0.32286,-0.46707,-0.04277,-0.05123,-0.47475,-0.1905,0.01489,-0.87321,-0.17849,-0.12457,-1.02253,-0.26783,0.31466,-0.47821,0.10773,-0.07283,-0.49225,0.21485,-0.00596,-0.88207,0.13205,-0.15682,-1.03991,0.17738
28.08,0.35316,-0.39305,0.03976,0.43105,0.04566,0.04905,0.35899,0.25938,0.01902,0.44112,-0.02104,-0.14698,0.34171,-0.23521,-0.20593,0.08289,-0.20363,-0.15959,-0.08262,-0.16963,-0.10909,0.35944,-0.01461,0.23404,0.17103,-0.15923,0.28712,0.01516,-0.09791,0.082,-0.07241,-0.06761,-0.06804,0.3243,-0.46793,-0.04321,-0.04909,-0.47469,-0.19273,0.01554,-0.87332,-0.17858,-0.12409,-1.02249,-0.26791,0.31511,-0.4786,0.10727,-0.07302,-0.49179,0.21216,-0.00579,-0.88214,0.13222,-0.15683,-1.03977,0.17767
28.1,0.35384,-0.39335,0.03913,0.43253,0.04522,0.04809,0.35987,0.25883,0.01872,0.44326,-0.02178,-0.1478,0.34319,-0.23448,-0.21084,0.085,-0.1981,-0.16453,-0.07971,-0.1618,-0.11303,0.36006,-0.01463,0.23288,0.17411,-0.15797,0.29697,0.01549,-0.08987,0.09613,-0.07409,-0.0551,-0.05174,0.32541,-0.46848,-0.04377,-0.04729,-0.47461,-0.19503,0.01597,-0.87337,-0.17863,-0.1238,-1.02246,-0.26787,0.31547,-0.47871,0.1067,-0.07313,-0.49136,0.20991,-0.00574,-0.88217,0.13235,-0.15693,-1.0396,0.17798
28.12,0.35395,-0.39279,0.03813,0.43399,0.04556,0.04577,0.36173,0.25972,0.01955,0.44319,-0.02182,-0.15007,0.34169,-0.2325,-0.21747,0.08453,-0.18965,-0.17093,-0.07918,-0.14964,-0.11899,0.36261,-0.01375,0.23115,0.17634,-0.1507,0.30717,0.00838,-0.08053,0.11482,-0.08823,-0.0445,-0.02823,0.32556,-0.46809,-0.04462,-0.04647,-0.47449,-0.19751,0.01579,-0.8733,-0.17853,-0.12402,-1.02252,-0.2675,0.31554,-0.478,0.10586,-0.07307,-0.49104,0.209,-0.006,-0.88208,0.13236,-0.15722,-1.03937,0.17841
28.14,0.35386,-0.39194,0.037,0.43546,0.04615,0.04296,0.36407,0.26106,0.02081,0.4423,-0.02161,-0.15285,0.33908,-0.23001,-0.22463,0.0833,-0.18007,-0.1776,-0.0792,-0.13582,-0.1253,0.3659,-0.01258,0.22922,0.17905,-0.14117,0.31743,-0.00031,-0.06984,0.13612,-0.1056,-0.03314,-0.00051,0.32536,-0.46738,-0.04559,-0.04603,-0.47437,-0.2,0.01538,-0.87318,-0.17837,-0.12442,-1.02261,-0.267,0.31551,-0.47702,0.10493,-0.07294,-0.49075,0.20858,-0.00635,-0.88196,0.13236,-0.15756,-1.03912,0.17888
28.16,0.35385,-0.39123,0.03593,0.43692,0.0466,0.04037,0.36635,0.26212,0.02184,0.44175,-0.02153,-0.15537,0.33699,-0.22765,-0.23134,0.08272,-0.17098,-0.1837,-0.07846,-0.1228,-0.13083,0.36887,-0.01158,0.22735,0.1827,-0.13242,0.32721,-0.00617,-0.0586,0.15689,-0.11883,-0.02035,0.02673,0.32529,-0.46682,-0.0465,-0.04547,-0.47425,-0.20239,0.01506,-0.87305,-0.17825,-0.12475,-1.02265,-0.26657,0.31552,-0.47618,0.10404,-0.07284,-0.49043,0.20793,-0.00667,-0.88183,0.13236,-0.15787,-1.03886,0.17933
28.18,0.35387,-0.39045,0.03481,0.43839,0.04712,0.03774,0.3686,0.26318,0.02296,0.44126,-0.02137,-0.15792,0.33483,-0.22484,-0.23857,0.08238,-0.16096,-0.1904,-0.07736,-0.1086,-0.13709,0.37182,-0.01052,0.22542,0.18755,-0.12321,0.33757,-0.00943,-0.04507,0.17876,-0.12864,-0.00395,0.05548,0.32529,-0.4662,-0.04746,-0.04467,-0.47415,-0.20522,0.01473,-0.87292,-0.17813,-0.12508,-1.02269,-0.26615,0.31552,-0.47525,0.10309,-0.07274,-0.49014,0.20726,-0.00698,-0.88174,0.13236,-0.15818,-1.03863,0.1798
28.2,0.3538,-0.38977,0.03378,0.43983,0.04751,0.03508,0.37128,0.26419,0.02399,0.44045,-0.02131,-0.16047,0.33256,-0.22259,-0.24461,0.08202,-0.15241,-0.19528,-0.07613,-0.09631,-0.14107,0.37499,-0.00958,0.22354,0.19251,-0.11419,0.34597,-0.01342,-0.03352,0.20031,-0.13975,0.00915,0.08491,0.3251,-0.46566,-0.04832,-0.04441,-0.47405,-0.2071,0.01436,-0.87277,-0.17801,-0.12547,-1.02271,-0.26572,0.31554,-0.47445,0.10226,-0.07261,-0.48981,0.20678,-0.00729,-0.88158,0.13238,-0.15848,-1.03835,0.18025
28.22,0.35353,-0.3894,0.03297,0.44116,0.04756,0.03243,0.37496,0.26511,0.0246,0.43888,-0.02155,-0.16301,0.33014,-0.22218,-0.24759,0.0812,-0.14813,-0.19583,-0.07529,-0.08944,-0.13958,0.37868,-0.00901,0.22184,0.19584,-0.10619,0.34973,-0.0223,-0.02898,0.22095,-0.15792,0.01097,0.11555,0.3245,-0.4654,-0.04892,-0.04554,-0.47392,-0.20645,0.01394,-0.87258,-0.17789,-0.12594,-1.02267,-0.26526,0.31565,-0.47403,0.10172,-0.07243,-0.48936,0.20648,-0.00751,-0.88127,0.13244,-0.15871,-1.03795,0.18058
28.24,0.35318,-0.38915,0.03225,0.44243,0.04748,0.02975,0.37903,0.26596,0.02499,0.437,-0.02192,-0.16553,0.3276,-0.22249,-0.24939,0.08017,-0.14554,-0.19472,-0.07462,-0.08473,-0.13609,0.38254,-0.00857,0.22014,0.19869,-0.09857,0.3518,-0.03168,-0.02686,0.24262,-0.17676,0.00889,0.14897,0.32373,-0.46524,-0.0494,-0.04719,-0.4738,-0.20484,0.01349,-0.87238,-0.17779,-0.12644,-1.02262,-0.26481,0.31578,-0.47376,0.10129,-0.07222,-0.4889,0.20637,-0.00772,-0.8809,0.13249,-0.15892,-1.03751,0.18085
28.26,0.35287,-0.38886,0.03152,0.44368,0.04743,0.02709,0.383,0.26672,0.02535,0.43527,-0.02224,-0.16799,0.32511,-0.22251,-0.25158,0.07932,-0.14237,-0.19419,-0.07373,-0.07933,-0.13336,0.38625,-0.00811,0.21839,0.2023,-0.09094,0.35453,-0.0378,-0.02313,0.26573,-0.19087,0.00957,0.18449,0.32303,-0.46504,-0.0499,-0.04861,-0.47368,-0.20362,0.01305,-0.87219,-0.17768,-0.12693,-1.02258,-0.26437,0.31591,-0.47343,0.10083,-0.072,-0.48847,0.2063,-0.00793,-0.88057,0.13254,-0.15914,-1.0371,0.18113
28.28,0.35251,-0.38849,0.03067,0.44495,0.04744,0.02427,0.38722,0.26752,0.02571,0.43331,-0.02245,-0.17056,0.32229,-0.22221,-0.25425,0.07839,-0.13827,-0.19426,-0.07267,-0.07266,-0.13122,0.39022,-0.00764,0.2165,0.20652,-0.08242,0.35754,-0.04154,-0.0178,0.29103,-0.20157,0.01244,0.22339,0.32233,-0.46479,-0.05052,-0.05001,-0.47352,-0.20254,0.0126,-0.87195,-0.17757,-0.12744,-1.0225,-0.26388,0.31601,-0.47304,0.10026,-0.07191,-0.48794,0.2057,-0.00814,-0.88021,0.13261,-0.15936,-1.03664,0.18146
28.3,0.35226,-0.38833,0.03011,0.44611,0.04726,0.02175,0.39123,0.26804,0.02579,0.43173,-0.02293,-0.17279,0.32009,-0.22272,-0.25556,0.07772,-0.13648,-0.19267,-0.07166,-0.06922,-0.12741,0.39367,-0.00729,0.21476,0.21039,-0.07589,0.35945,-0.04356,-0.01538,0.31494,-0.20932,0.01159,0.26115,0.32163,-0.46469,-0.05085,-0.0515,-0.47347,-0.20092,0.0122,-0.87181,-0.17748,-0.12788,-1.02248,-0.26352,0.31618,-0.47284,0.09997,-0.07152,-0.48763,0.20623,-0.00831,-0.8799,0.13265,-0.15952,-1.03629,0.18169
28.32,0.35229,-0.38877,0.03032,0.44701,0.04659,0.02006,0.3944,0.2679,0.02532,0.43132,-0.02416,-0.17417,0.31968,-0.2254,-0.25338,0.07772,-0.14075,-0.18687,-0.07099,-0.07414,-0.11944,0.3956,-0.00725,0.21355,0.2124,-0.07466,0.35889,-0.04578,-0.02164,0.33303,-0.216,-0.00095,0.29189,0.32092,-0.46506,-0.05043,-0.05319,-0.47374,-0.19801,0.01192,-0.87202,-0.17745,-0.12816,-1.02268,-0.2635,0.3165,-0.4732,0.10043,-0.07025,-0.48804,0.21009,-0.00839,-0.87978,0.13265,-0.15953,-1.03623,0.18172
28.34,0.35243,-0.38943,0.03082,0.44778,0.04575,0.01869,0.39721,0.26751,0.02465,0.4313,-0.02567,-0.17524,0.32001,-0.22883,-0.24987,0.07814,-0.14717,-0.17942,-0.07022,-0.08208,-0.10976,0.39697,-0.00734,0.21255,0.21359,-0.07546,0.35734,-0.04746,-0.03175,0.3486,-0.22091,-0.01887,0.31953,0.32023,-0.4656,-0.04972,-0.05495,-0.47413,-0.19459,0.01166,-0.87232,-0.17746,-0.12842,-1.02292,-0.26362,0.31688,-0.47376,0.10117,-0.06865,-0.48869,0.21503,-0.00849,-0.87968,0.13265,-0.15957,-1.03621,0.18168
28.36,0.35253,-0.38998,0.03121,0.44856,0.04499,0.0172,0.40013,0.2672,0.02405,0.43107,-0.02704,-0.17642,0.32009,-0.23183,-0.24695,0.07861,-0.15244,-0.17267,-0.06915,-0.08843,-0.10077,0.39855,-0.00736,0.21146,0.21514,-0.07544,0.35622,-0.04727,-0.04079,0.36499,-0.22273,-0.03544,0.34817,0.31956,-0.46605,-0.04911,-0.05661,-0.47446,-0.19138,0.01136,-0.87254,-0.17745,-0.12873,-1.02309,-0.26369,0.31724,-0.47422,0.10179,-0.06719,-0.48919,0.21931,-0.00864,-0.87952,0.1327,-0.15968,-1.03608,0.18171
28.38,0.35257,-0.39056,0.03154,0.44934,0.04418,0.01557,0.40319,0.26685,0.0233,0.43079,-0.02848,-0.17771,0.32013,-0.2349,-0.24387,0.07918,-0.15772,-0.16564,-0.06792,-0.09469,-0.09157,0.40017,-0.00741,0.21024,0.21662,-0.07506,0.35504,-0.04566,-0.05059,0.38228,-0.22193,-0.05372,0.37836,0.31878,-0.46652,-0.04853,-0.05842,-0.47481,-0.18808,0.01102,-0.87274,-0.17745,-0.12909,-1.02324,-0.26376,0.31757,-0.47471,0.10238,-0.0655,-0.4898,0.22424,-0.00886,-0.8793,0.13274,-0.15984,-1.0359,0.18179
28.4,0.35277,-0.39113,0.03205,0.45004,0.04343,0.01426,0.40581,0.26646,0.02271,0.43066,-0.02985,-0.1787,0.32057,-0.23783,-0.24081,0.08014,-0.1631,-0.15868,-0.06629,-0.10133,-0.08226,0.40154,-0.00745,0.20929,0.21802,-0.07593,0.35373,-0.04294,-0.06096,0.3963,-0.2188,-0.07189,0.40332,0.31824,-0.46698,-0.04781,-0.05988,-0.47514,-0.18485,0.01072,-0.87295,-0.17745,-0.12942,-1.02333,-0.26389,0.31799,-0.47519,0.1031,-0.06409,-0.49026,0.22805,-0.00905,-0.87909,0.13283,-0.16006,-1.03569,0.1818
28.42,0.35336,-0.39162,0.03302,0.45056,0.04289,0.01376,0.40731,0.2661,0.0227,0.43085,-0.03097,-0.17895,0.32186,-0.2404,-0.23803,0.08181,-0.16862,-0.15226,-0.06389,-0.10875,-0.07297,0.40239,-0.00741,0.20903,0.21954,-0.07998,0.35231,-0.04033,-0.0718,0.40262,-0.21544,-0.08802,0.41574,0.31832,-0.46735,-0.04674,-0.06046,-0.47543,-0.18195,0.01055,-0.8732,-0.17743,-0.12972,-1.02331,-0.26413,0.31859,-0.47559,0.10418,-0.06373,-0.49019,0.22844,-0.00909,-0.87903,0.13301,-0.16033,-1.03554,0.18156
28.44,0.35409,-0.39209,0.03416,0.45099,0.04243,0.01359,0.40836,0.26574,0.0229,0.43119,-0.03199,-0.17889,0.32347,-0.2428,-0.23534,0.0838,-0.17416,-0.14601,-0.06108,-0.11642,-0.06371,0.40301,-0.00735,0.20904,0.22116,-0.08519,0.35082,-0.03783,-0.08295,0.40607,-0.21208,-0.10369,0.42349,0.31861,-0.46769,-0.04553,-0.06073,-0.4757,-0.17917,0.01043,-0.87346,-0.1774,-0.13,-1.02325,-0.26441,0.31926,-0.47598,0.10538,-0.0637,-0.48996,0.22772,-0.00907,-0.87902,0.13321,-0.1606,-1.03542,0.18124
28.46,0.35475,-0.39256,0.0352,0.45145,0.04193,0.01328,0.4096,0.26538,0.02299,0.43146,-0.03304,-0.17896,0.32493,-0.24516,-0.23269,0.08581,-0.17946,-0.13977,-0.05814,-0.12364,-0.05455,0.40371,-0.0073,0.20892,0.22286,-0.08976,0.34938,-0.03473,-0.09423,0.41068,-0.20772,-0.12017,0.43304,0.3188,-0.46802,-0.0444,-0.06112,-0.47597,-0.17636,0.01027,-0.87369,-0.17738,-0.13031,-1.02318,-0.26467,0.3199,-0.47638,0.1065,-0.06348,-0.48982,0.2276,-0.00907,-0.87898,0.1334,-0.16086,-1.03527,0.18097
28.48,0.35545,-0.39306,0.03634,0.45192,0.04141,0.01296,0.41086,0.26498,0.0231,0.43171,-0.03417,-0.17903,0.32663,-0.24778,-0.22959,0.08816,-0.18516,-0.13292,-0.05464,-0.13121,-0.04464,0.40445,-0.00724,0.20881,0.22515,-0.09509,0.34797,-0.03069,-0.10735,0.41526,-0.202,-0.13928,0.44231,0.31903,-0.4684,-0.04317,-0.0615,-0.47624,-0.17338,0.01008,-0.87392,-0.17732,-0.13067,-1.02307,-0.26491,0.32055,-0.47678,0.10773,-0.0634,-0.48958,0.22708,-0.00907,-0.87894,0.13361,-0.16114,-1.03511,0.18066
28.5,0.3561,-0.39349,0.03731,0.45234,0.04097,0.01274,0.41194,0.26464,0.02322,0.43203,-0.03511,-0.17903,0.32796,-0.24972,-0.22744,0.09023,-0.18975,-0.12734,-0.05153,-0.13761,-0.03633,0.40504,-0.00721,0.20876,0.2267,-0.09909,0.34655,-0.02735,-0.11757,0.419,-0.19693,-0.15435,0.45043,0.31924,-0.46869,-0.04213,-0.06182,-0.47651,-0.1708,0.00992,-0.87412,-0.17733,-0.13098,-1.02297,-0.26518,0.32118,-0.47715,0.10876,-0.06308,-0.48948,0.22712,-0.00906,-0.87891,0.1338,-0.16136,-1.03498,0.18043
28.52,0.35664,-0.39373,0.03772,0.4527,0.04074,0.0127,0.41274,0.26449,0.0233,0.43251,-0.03557,-0.179,0.32824,-0.24995,-0.228,0.09124,-0.19155,-0.12526,-0.04994,-0.14125,-0.03233,0.40533,-0.00723,0.20874,0.22588,-0.09932,0.34493,-0.02694,-0.11973,0.42106,-0.1953,-0.15825,0.45671,0.31937,-0.46874,-0.0417,-0.06205,-0.47672,-0.1693,0.00994,-0.87426,-0.17757,-0.13107,-1.02293,-0.26556,0.32181,-0.47743,0.10917,-0.06198,-0.48978,0.22905,-0.00901,-0.8789,0.13387,-0.16138,-1.03492,0.18045
28.54,0.35712,-0.39389,0.03795,0.45303,0.0406,0.01275,0.41338,0.2644,0.02338,0.43306,-0.03583,-0.17892,0.32811,-0.24951,-0.22952,0.09178,-0.19238,-0.12455,-0.04905,-0.14396,-0.0301,0.40549,-0.00726,0.20878,0.22412,-0.09808,0.34328,-0.02778,-0.11866,0.42234,-0.19513,-0.15765,0.462,0.31946,-0.4687,-0.04148,-0.06223,-0.47692,-0.16822,0.01,-0.87438,-0.17788,-0.13109,-1.02291,-0.26597,0.32241,-0.47767,0.10936,-0.06065,-0.49021,0.23156,-0.00896,-0.87889,0.13392,-0.16135,-1.03487,0.18055
28.56,0.35761,-0.39408,0.03827,0.45337,0.04043,0.01277,0.41406,0.26428,0.02345,0.43358,-0.03618,-0.17885,0.32813,-0.24934,-0.23058,0.09248,-0.19369,-0.12333,-0.04794,-0.14716,-0.02732,0.4057,-0.00729,0.20881,0.22275,-0.09732,0.34168,-0.02808,-0.11894,0.42383,-0.19418,-0.15906,0.4674,0.31956,-0.4687,-0.04116,-0.06243,-0.47713,-0.16697,0.01003,-0.8745,-0.17815,-0.13116,-1.02287,-0.26636,0.32299,-0.47792,0.10966,-0.05945,-0.49057,0.23375,-0.00892,-0.87887,0.13398,-0.16137,-1.0348,0.18062
28.58,0.35817,-0.39432,0.03856,0.45369,0.04022,0.01274,0.41484,0.26415,0.02358,0.43408,-0.03657,-0.17883,0.32836,-0.2493,-0.23175,0.09357,-0.19512,-0.12188,-0.0462,-0.15061,-0.02399,0.40591,-0.00735,0.20878,0.22162,-0.09732,0.33985,-0.02808,-0.121,0.4248,-0.19266,-0.1632,0.47203,0.31971,-0.46873,-0.04086,-0.06262,-0.47734,-0.16565,0.01008,-0.87463,-0.17845,-0.13121,-1.02283,-0.26678,0.32367,-0.47822,0.10993,-0.05808,-0.491,0.23612,-0.00887,-0.87887,0.13405,-0.16138,-1.03473,0.18071
28.6,0.35858,-0.39444,0.03887,0.45408,0.0401,0.01286,0.41538,0.26406,0.02358,0.43466,-0.03682,-0.17868,0.32811,-0.24881,-0.2329,0.09378,-0.19617,-0.12132,-0.04587,-0.15347,-0.02247,0.40611,-0.00735,0.20889,0.21981,-0.0953,0.33846,-0.02893,-0.11903,0.4262,-0.19233,-0.16153,0.47712,0.31977,-0.46866,-0.04055,-0.0628,-0.47753,-0.16458,0.01009,-0.87474,-0.17871,-0.13128,-1.02279,-0.26716,0.32416,-0.4784,0.11021,-0.05697,-0.49133,0.23823,-0.00888,-0.8788,0.13413,-0.16141,-1.03463,0.1808
28.62,0.3586,-0.39425,0.03929,0.4547,0.04016,0.01333,0.41532,0.26404,0.0232,0.43551,-0.03679,-0.17822,0.32657,-0.24718,-0.23385,0.09158,-0.1963,-0.12284,-0.04938,-0.15479,-0.02534,0.40633,-0.00718,0.20929,0.21646,-0.08809,0.33825,-0.03144,-0.10651,0.42959,-0.19449,-0.14453,0.48497,0.31961,-0.46831,-0.0402,-0.06301,-0.47769,-0.16404,0.01,-0.87485,-0.17883,-0.13137,-1.02282,-0.26742,0.32412,-0.47826,0.11054,-0.05667,-0.49133,0.23956,-0.00904,-0.87853,0.13422,-0.16146,-1.0345,0.18082
28.64,0.35848,-0.39395,0.03975,0.45541,0.04028,0.01397,0.41505,0.26404,0.02269,0.43646,-0.03663,-0.17761,0.32461,-0.2451,-0.23474,0.08854,-0.19597,-0.12525,-0.05424,-0.15532,-0.03007,0.40657,-0.00696,0.20984,0.21289,-0.07876,0.33854,-0.03407,-0.08989,0.4335,-0.19685,-0.12162,0.49344,0.31939,-0.46785,-0.03984,-0.0632,-0.47783,-0.16372,0.00988,-0.87496,-0.17889,-0.13144,-1.02288,-0.26763,0.3239,-0.47801,0.1109,-0.05665,-0.49123,0.24062,-0.00924,-0.8782,0.13433,-0.16149,-1.03435,0.18084
28.66,0.35842,-0.3937,0.04019,0.45606,0.04038,0.01456,0.41487,0.26402,0.02221,0.43735,-0.03652,-0.17706,0.32294,-0.24319,-0.23563,0.08594,-0.19576,-0.12738,-0.0584,-0.15598,-0.03421,0.4068,-0.00677,0.21033,0.20997,-0.0702,0.33865,-0.03591,-0.07513,0.43689,-0.19802,-0.10153,0.50108,0.3192,-0.46745,-0.03948,-0.06339,-0.47797,-0.16331,0.00979,-0.87506,-0.17898,-0.13151,-1.02292,-0.26786,0.32377,-0.47781,0.11124,-0.0565,-0.49118,0.24178,-0.00942,-0.87789,0.13444,-0.16153,-1.03421,0.18085
28.68,0.3584,-0.39345,0.04064,0.45679,0.04047,0.01507,0.41476,0.26398,0.0218,0.43833,-0.03646,-0.17656,0.32114,-0.24111,-0.23671,0.08322,-0.1955,-0.12974,-0.06267,-0.1568,-0.03854,0.40707,-0.00655,0.21076,0.20738,-0.06155,0.33857,-0.03686,-0.06085,0.44092,-0.19771,-0.08253,0.50987,0.31901,-0.46702,-0.03911,-0.06358,-0.47814,-0.16287,0.00969,-0.8752,-0.17908,-0.13159,-1.02299,-0.26811,0.32364,-0.47761,0.11159,-0.0563,-0.49114,0.24303,-0.00962,-0.87758,0.13455,-0.16158,-1.03407,0.18088
28.7,0.35826,-0.39318,0.04108,0.45739,0.04058,0.01576,0.41445,0.26396,0.02121,0.43912,-0.03628,-0.17591,0.31961,-0.23918,-0.23738,0.08066,-0.19506,-0.13209,-0.06685,-0.1568,-0.04334,0.40726,-0.00639,0.21137,0.20522,-0.05234,0.33904,-0.03797,-0.04488,0.44361,-0.19794,-0.06067,0.51612,0.3188,-0.46662,-0.03875,-0.06377,-0.47824,-0.16255,0.00961,-0.87526,-0.17915,-0.13163,-1.02301,-0.26832,0.32345,-0.47739,0.11193,-0.05626,-0.49107,0.24403,-0.00978,-0.87728,0.13464,-0.1616,-1.03394,0.18087
28.72,0.35782,-0.39289,0.04152,0.45762,0.04076,0.01696,0.41366,0.26399,0.02012,0.43938,-0.03577,-0.17485,0.31879,-0.23787,-0.23685,0.07869,-0.1944,-0.13391,-0.07054,-0.15492,-0.04865,0.40728,-0.00644,0.21245,0.20377,-0.04223,0.34104,-0.03997,-0.02495,0.44314,-0.20034,-0.03134,0.51622,0.31851,-0.46635,-0.03837,-0.06396,-0.47815,-0.16244,0.00957,-0.87514,-0.17915,-0.13154,-1.02291,-0.26846,0.32313,-0.4772,0.11231,-0.05658,-0.49098,0.24442,-0.00983,-0.87706,0.13467,-0.16154,-1.03387,0.18072
28.74,0.35728,-0.39257,0.04196,0.45773,0.04099,0.01835,0.4127,0.26402,0.01887,0.43946,-0.03512,-0.17363,0.31822,-0.23676,-0.23587,0.07696,-0.19364,-0.13555,-0.07398,-0.15241,-0.05421,0.40723,-0.00655,0.21372,0.203,-0.03177,0.34366,-0.04144,-0.00383,0.44163,-0.20232,0.00041,0.51372,0.31821,-0.4661,-0.03798,-0.06414,-0.47797,-0.16242,0.00957,-0.87493,-0.1791,-0.1314,-1.02276,-0.26854,0.32275,-0.477,0.1127,-0.05703,-0.49086,0.24457,-0.00983,-0.87684,0.13468,-0.16143,-1.03381,0.18055
28.76,0.35678,-0.39227,0.04238,0.45786,0.04118,0.01963,0.41179,0.264,0.0177,0.43959,-0.03454,-0.1725,0.31755,-0.23558,-0.2351,0.07518,-0.19295,-0.13727,-0.07731,-0.15027,-0.05967,0.40719,-0.00665,0.21488,0.20274,-0.02161,0.34605,-0.04164,0.01611,0.44085,-0.20232,0.03024,0.51214,0.31791,-0.46584,-0.03762,-0.06434,-0.47784,-0.16238,0.00954,-0.87476,-0.17906,-0.1313,-1.02264,-0.26864,0.3224,-0.47681,0.11306,-0.05742,-0.49076,0.24482,-0.00986,-0.87663,0.1347,-0.16136,-1.03375,0.1804
28.78,0.35626,-0.39196,0.04287,0.45807,0.04137,0.02099,0.41098,0.26393,0.01644,0.43979,-0.03396,-0.17129,0.31679,-0.2343,-0.23429,0.0733,-0.19211,-0.13909,-0.08072,-0.14777,-0.06552,0.4072,-0.00674,0.21612,0.20317,-0.01126,0.34871,-0.04065,0.03558,0.44085,-0.20045,0.05947,0.5115,0.3176,-0.46558,-0.03718,-0.06453,-0.4777,-0.16229,0.00953,-0.87459,-0.17904,-0.13115,-1.02251,-0.26878,0.32203,-0.4766,0.11349,-0.05785,-0.49063,0.24509,-0.00988,-0.87639,0.13473,-0.16127,-1.03368,0.18022
28.8,0.35578,-0.39166,0.04321,0.45812,0.04159,0.02222,0.40998,0.26386,0.01534,0.43982,-0.03334,-0.17021,0.31631,-0.23328,-0.23347,0.07181,-0.19154,-0.14068,-0.08351,-0.14591,-0.07072,0.40712,-0.00684,0.21724,0.20397,-0.0016,0.35116,-0.03922,0.05441,0.43975,-0.19829,0.08779,0.50817,0.31733,-0.46533,-0.0369,-0.0647,-0.47754,-0.1623,0.00949,-0.87441,-0.17899,-0.13107,-1.02239,-0.26883,0.3217,-0.47641,0.11377,-0.05821,-0.49055,0.24527,-0.0099,-0.8762,0.13473,-0.16118,-1.03364,0.18008
28.82,0.35543,-0.3914,0.0431,0.45774,0.0419,0.02305,0.40846,0.26388,0.01471,0.43944,-0.03261,-0.16955,0.31651,-0.23292,-0.23279,0.07127,-0.19174,-0.14172,-0.085,-0.14592,-0.07406,0.40675,-0.00696,0.21796,0.20461,0.00665,0.35282,-0.0383,0.07257,0.43516,-0.1976,0.11481,0.4979,0.31718,-0.4651,-0.03708,-0.0648,-0.47735,-0.16262,0.00934,-0.87424,-0.1789,-0.1312,-1.02228,-0.26867,0.32147,-0.47626,0.11359,-0.05837,-0.4906,0.24526,-0.00992,-0.8762,0.13457,-0.1611,-1.0337,0.17998
28.84,0.35513,-0.39116,0.04284,0.45721,0.04224,0.02374,0.40677,0.26391,0.01427,0.43889,-0.03185,-0.16902,0.31699,-0.23282,-0.23213,0.07111,-0.19225,-0.14252,-0.08599,-0.14663,-0.07667,0.4063,-0.00709,0.21856,0.20536,0.01419,0.35421,-0.03722,0.08968,0.42894,-0.19689,0.13997,0.4844,0.31709,-0.46489,-0.03741,-0.06487,-0.47714,-0.16304,0.00915,-0.87408,-0.1788,-0.1314,-1.02219,-0.26843,0.32129,-0.47614,0.11325,-0.05846,-0.4907,0.24516,-0.00992,-0.87626,0.13437,-0.16102,-1.03382,0.17991
28.86,0.3548,-0.3909,0.04266,0.45674,0.04257,0.02448,0.40518,0.26392,0.01375,0.43839,-0.0311,-0.16843,0.31733,-0.23261,-0.23145,0.07079,-0.19264,-0.14342,-0.08715,-0.14708,-0.07957,0.40591,-0.0072,0.21921,0.20654,0.02175,0.35576,-0.03534,0.10578,0.42332,-0.1948,0.16337,0.47185,0.31696,-0.46466,-0.03766,-0.06496,-0.47694,-0.16339,0.00898,-0.8739,-0.17869,-0.13157,-1.02208,-0.26823,0.32108,-0.47599,0.113,-0.05859,-0.49076,0.24509,-0.00995,-0.87628,0.1342,-0.16095,-1.0339,0.17984
28.88,0.35446,-0.39066,0.04245,0.45623,0.04289,0.02528,0.40347,0.26389,0.0132,0.43792,-0.03034,-0.1678,0.31772,-0.23237,-0.23078,0.07047,-0.19301,-0.14445,-0.08833,-0.14743,-0.08279,0.4054,-0.00735,0.21989,0.20826,0.02986,0.35767,-0.03253,0.12191,0.41832,-0.19135,0.18639,0.45975,0.31683,-0.46444,-0.03795,-0.06505,-0.47673,-0.1638,0.00879,-0.87374,-0.17859,-0.13176,-1.02198,-0.26801,0.32087,-0.47586,0.11271,-0.05869,-0.49088,0.2451,-0.00996,-0.87632,0.134,-0.16086,-1.03401,0.17975
28.9,0.35417,-0.3904,0.04226,0.45579,0.04322,0.02593,0.40199,0.26391,0.01276,0.43736,-0.02961,-0.1673,0.3181,-0.23225,-0.23012,0.07028,-0.19353,-0.14516,-0.08926,-0.14823,-0.08521,0.40512,-0.00745,0.22046,0.20978,0.03623,0.3589,-0.03016,0.13507,0.41171,-0.18852,0.2049,0.44555,0.31673,-0.46421,-0.0382,-0.06513,-0.47653,-0.16411,0.00863,-0.87357,-0.17848,-0.13192,-1.02188,-0.2678,0.3207,-0.47571,0.11245,-0.05883,-0.4909,0.24491,-0.00997,-0.87634,0.13386,-0.16078,-1.03407,0.1797
28.92,0.354,-0.39006,0.04212,0.45559,0.04358,0.02613,0.40119,0.2641,0.01256,0.4366,-0.02897,-0.16715,0.31844,-0.23236,-0.22962,0.07032,-0.19437,-0.14522,-0.08971,-0.15016,-0.08577,0.40548,-0.00737,0.22073,0.21011,0.03884,0.35831,-0.02943,0.14319,0.40147,-0.18776,0.21637,0.42746,0.31669,-0.46389,-0.03839,-0.0652,-0.47635,-0.16419,0.00854,-0.8734,-0.17843,-0.13203,-1.02173,-0.26767,0.32062,-0.47544,0.11226,-0.05914,-0.49062,0.24406,-0.00994,-0.87626,0.13387,-0.16077,-1.03398,0.17975
28.94,0.35388,-0.38971,0.04201,0.45547,0.04393,0.02618,0.40064,0.26434,0.01248,0.43576,-0.02837,-0.16711,0.31877,-0.23257,-0.22914,0.07046,-0.19534,-0.14496,-0.08994,-0.1525,-0.0855,0.40607,-0.00725,0.22091,0.20983,0.03981,0.35695,-0.02916,0.14921,0.3893,-0.18743,0.22497,0.40694,0.31667,-0.46356,-0.03853,-0.06526,-0.47619,-0.16417,0.00849,-0.87323,-0.17838,-0.1321,-1.02159,-0.26756,0.32058,-0.47515,0.11212,-0.05949,-0.49025,0.24304,-0.00991,-0.87615,0.13395,-0.16076,-1.03383,0.17986
28.96,0.35374,-0.38938,0.0419,0.45531,0.04428,0.02632,0.39997,0.26454,0.01237,0.43494,-0.02776,-0.167,0.31909,-0.23274,-0.22861,0.07055,-0.19624,-0.14478,-0.09024,-0.15463,-0.08551,0.40657,-0.00717,0.22115,0.20973,0.04123,0.35584,-0.02819,0.15553,0.3773,-0.1859,0.23391,0.38635,0.31664,-0.46324,-0.03867,-0.06534,-0.47602,-0.16417,0.00842,-0.87307,-0.17833,-0.13218,-1.02145,-0.26744,0.32053,-0.47488,0.11197,-0.05979,-0.48994,0.24217,-0.00988,-0.87606,0.134,-0.16075,-1.03371,0.17994
28.98,0.35359,-0.389,0.04174,0.45514,0.04467,0.02638,0.3993,0.26479,0.01219,0.43416,-0.02712,-0.16697,0.31954,-0.23287,-0.2283,0.07071,-0.19722,-0.14495,-0.09056,-0.157,-0.08602,0.407,-0.00702,0.22129,0.21021,0.04401,0.3551,-0.02573,0.1636,0.36776,-0.18213,0.24504,0.36979,0.31663,-0.46288,-0.03888,-0.06539,-0.47585,-0.16423,0.00833,-0.8729,-0.17827,-0.13232,-1.0213,-0.26728,0.32047,-0.47458,0.11176,-0.06019,-0.48955,0.24098,-0.00987,-0.87596,0.13403,-0.16077,-1.03357,0.18002
29,0.35347,-0.38872,0.04168,0.45502,0.04496,0.02657,0.39869,0.26494,0.01218,0.43328,-0.02655,-0.16681,0.31974,-0.23307,-0.22757,0.07077,-0.19806,-0.14437,-0.09074,-0.15897,-0.08535,0.40763,-0.00701,0.22159,0.2094,0.04364,0.35339,-0.02487,0.16712,0.35275,-0.18025,0.25011,0.34442,0.31658,-0.46262,-0.03895,-0.06548,-0.47569,-0.16416,0.00831,-0.87273,-0.17823,-0.13233,-1.02116,-0.26721,0.32043,-0.47435,0.11168,-0.06039,-0.4893,0.24041,-0.00982,-0.87586,0.13412,-0.16074,-1.03345,0.18013
29.02,0.35341,-0.38873,0.04188,0.45502,0.04495,0.02713,0.39813,0.26477,0.01261,0.43205,-0.02611,-0.16627,0.31931,-0.23349,-0.22554,0.07051,-0.19853,-0.14181,-0.09066,-0.15993,-0.08155,0.40884,-0.00745,0.22232,0.20528,0.03441,0.34898,-0.027,0.15888,0.32276,-0.18089,0.24034,0.29485,0.31643,-0.46269,-0.03866,-0.06569,-0.47563,-0.1637,0.00849,-0.87258,-0.17829,-0.13202,-1.02105,-0.26739,0.32048,-0.47432,0.11198,-0.06002,-0.48955,0.24163,-0.00962,-0.87584,0.1343,-0.16051,-1.03348,0.18025
29.04,0.35338,-0.38883,0.04217,0.45509,0.04484,0.02781,0.39762,0.26451,0.01321,0.43074,-0.02572,-0.16561,0.31866,-0.23396,-0.22309,0.07016,-0.19885,-0.13855,-0.09043,-0.16044,-0.07664,0.41023,-0.00803,0.22318,0.20074,0.02124,0.34355,-0.02637,0.14623,0.28941,-0.17595,0.22541,0.23987,0.31624,-0.46286,-0.03823,-0.06594,-0.47558,-0.16312,0.00875,-0.87241,-0.17838,-0.13159,-1.02094,-0.26765,0.32055,-0.47434,0.11241,-0.05945,-0.48993,0.24346,-0.00939,-0.87582,0.13453,-0.16023,-1.03351,0.1804
29.06,0.35335,-0.38891,0.04241,0.45514,0.04475,0.02841,0.3971,0.26427,0.01372,0.42954,-0.02535,-0.16501,0.31816,-0.2344,-0.2209,0.06991,-0.19924,-0.13565,-0.09018,-0.16106,-0.07231,0.4115,-0.00856,0.22394,0.19753,0.00902,0.33856,-0.02163,0.13575,0.26084,-0.16439,0.21368,0.19268,0.31609,-0.463,-0.03788,-0.06614,-0.47553,-0.16262,0.00898,-0.87225,-0.17846,-0.13121,-1.02084,-0.26788,0.32062,-0.47436,0.11277,-0.05898,-0.49023,0.24495,-0.00917,-0.87579,0.13474,-0.15998,-1.03354,0.18056
29.08,0.35329,-0.38893,0.04268,0.45516,0.04472,0.0291,0.39652,0.26408,0.01431,0.42805,-0.02483,-0.16431,0.31773,-0.23489,-0.21848,0.06964,-0.19977,-0.13276,-0.09001,-0.16223,-0.06793,0.41298,-0.0091,0.22481,0.195,-0.00436,0.33295,-0.01209,0.12696,0.23296,-0.14422,0.20648,0.14742,0.31589,-0.46309,-0.03748,-0.06642,-0.47547,-0.162,0.00921,-0.87207,-0.17853,-0.13083,-1.0207,-0.26811,0.32069,-0.47433,0.11316,-0.05843,-0.4906,0.24668,-0.00896,-0.87576,0.13492,-0.15973,-1.03357,0.18066
29.1,0.35328,-0.38907,0.0429,0.45525,0.04457,0.02962,0.39606,0.26377,0.01477,0.42713,-0.02461,-0.16378,0.31718,-0.23524,-0.21648,0.06943,-0.19999,-0.12979,-0.08957,-0.16219,-0.06356,0.41405,-0.00961,0.22544,0.19352,-0.01763,0.32807,-0.00237,0.11651,0.21075,-0.12439,0.19516,0.11064,0.31576,-0.46329,-0.03715,-0.06657,-0.47542,-0.16163,0.00945,-0.87193,-0.17862,-0.13043,-1.02061,-0.26835,0.32074,-0.47439,0.1135,-0.058,-0.49084,0.24805,-0.00876,-0.87571,0.13518,-0.15951,-1.03356,0.18088
29.12,0.35341,-0.38956,0.04294,0.45555,0.04404,0.02964,0.39595,0.26313,0.01483,0.42781,-0.02523,-0.16378,0.3161,-0.23513,-0.21568,0.06931,-0.19934,-0.12653,-0.08849,-0.15866,-0.05914,0.41393,-0.01003,0.22541,0.19303,-0.02942,0.32569,0.00063,0.09811,0.19589,-0.1169,0.16467,0.08251,0.31581,-0.46383,-0.03702,-0.06637,-0.47544,-0.162,0.00978,-0.87193,-0.17878,-0.12996,-1.0207,-0.26862,0.32075,-0.47475,0.11364,-0.05798,-0.49069,0.2483,-0.00862,-0.87561,0.13566,-0.15934,-1.03347,0.18136
29.14,0.3536,-0.39015,0.04291,0.45594,0.0434,0.02948,0.39599,0.26239,0.0147,0.42908,-0.02614,-0.16397,0.31489,-0.23483,-0.21535,0.06928,-0.19834,-0.12329,-0.08706,-0.15395,-0.05484,0.41339,-0.01038,0.22512,0.19316,-0.04023,0.3243,0.00176,0.07712,0.18386,-0.11185,0.12748,0.05873,0.31594,-0.46447,-0.03698,-0.06603,-0.47547,-0.16266,0.01013,-0.87198,-0.17897,-0.12945,-1.02083,-0.26889,0.32074,-0.47519,0.1137,-0.05809,-0.4904,0.24816,-0.00848,-0.87548,0.1362,-0.15919,-1.03335,0.18194
29.16,0.35376,-0.39066,0.0429,0.45629,0.04284,0.02937,0.39597,0.26174,0.0146,0.43007,-0.02688,-0.1641,0.31383,-0.23459,-0.21488,0.0693,-0.19747,-0.12023,-0.08565,-0.14993,-0.05074,0.41305,-0.01072,0.22493,0.19377,-0.05081,0.32259,0.00543,0.0585,0.17188,-0.10144,0.09533,0.03653,0.31604,-0.46503,-0.03691,-0.06575,-0.47549,-0.1632,0.01046,-0.872,-0.17914,-0.12898,-1.02093,-0.26915,0.32074,-0.47556,0.11379,-0.05814,-0.49017,0.24818,-0.00835,-0.87536,0.1367,-0.15904,-1.03324,0.18247
29.18,0.3539,-0.3913,0.04293,0.45661,0.04216,0.02936,0.39587,0.26094,0.01469,0.43105,-0.02774,-0.16414,0.3124,-0.23425,-0.21422,0.06914,-0.19664,-0.11653,-0.08408,-0.14538,-0.04587,0.41267,-0.01121,0.22481,0.1953,-0.06422,0.32059,0.01253,0.03617,0.15735,-0.08312,0.05684,0.01065,0.31609,-0.46571,-0.0368,-0.06552,-0.47554,-0.16369,0.01083,-0.87203,-0.17932,-0.12843,-1.02107,-0.26945,0.32071,-0.47605,0.11392,-0.0582,-0.48994,0.24829,-0.00821,-0.87523,0.13723,-0.15887,-1.03313,0.18301
29.2,0.35411,-0.3917,0.04286,0.45702,0.0417,0.02911,0.39598,0.2604,0.01435,0.4322,-0.02845,-0.16439,0.31174,-0.234,-0.2141,0.06948,-0.19564,-0.11426,-0.08244,-0.14173,-0.04276,0.41229,-0.01138,0.22446,0.19644,-0.07133,0.31958,0.01564,0.02162,0.14987,-0.07322,0.03161,-0.00213,0.31627,-0.46617,-0.03681,-0.06513,-0.47553,-0.16436,0.01114,-0.87206,-0.17947,-0.12803,-1.02115,-0.26965,0.32074,-0.47632,0.11393,-0.05825,-0.48967,0.24811,-0.00807,-0.87513,0.13771,-0.15873,-1.03301,0.18357
29.22,0.35454,-0.39143,0.04257,0.45767,0.0419,0.02828,0.39666,0.26056,0.01286,0.43373,-0.02869,-0.16517,0.31335,-0.23418,-0.21531,0.0712,-0.19422,-0.11581,-0.0809,-0.1408,-0.04434,0.41201,-0.0107,0.22354,0.19474,-0.06117,0.32091,0.00398,0.02874,0.16072,-0.09611,0.04309,0.01624,0.31688,-0.46597,-0.03711,-0.06427,-0.47537,-0.16542,0.01128,-0.87208,-0.17948,-0.12801,-1.0211,-0.26957,0.32095,-0.47595,0.11364,-0.05826,-0.48932,0.24724,-0.00795,-0.87512,0.13812,-0.15861,-1.03294,0.18423
29.24,0.35503,-0.39092,0.04219,0.45841,0.04233,0.02723,0.39755,0.26097,0.01096,0.4354,-0.02878,-0.16614,0.31572,-0.23451,-0.217,0.07339,-0.19268,-0.11872,-0.07942,-0.14081,-0.04761,0.41176,-0.00973,0.2224,0.19297,-0.04491,0.32304,-0.01104,0.04502,0.18012,-0.12708,0.07024,0.04975,0.31761,-0.46554,-0.03753,-0.06326,-0.47515,-0.16663,0.01135,-0.87208,-0.17945,-0.12816,-1.02099,-0.26938,0.32119,-0.47536,0.11325,-0.05826,-0.48893,0.24611,-0.00785,-0.87515,0.1385,-0.15852,-1.03285,0.18492
29.26,0.35548,-0.39053,0.04183,0.45911,0.04264,0.02627,0.39836,0.26125,0.00928,0.43699,-0.02895,-0.16703,0.3177,-0.23476,-0.21844,0.07533,-0.19126,-0.12099,-0.07793,-0.14043,-0.0501,0.41152,-0.00891,0.22135,0.19236,-0.03181,0.32469,-0.02166,0.05862,0.19762,-0.14885,0.09308,0.08042,0.31826,-0.46522,-0.03792,-0.06235,-0.47496,-0.16777,0.01144,-0.87207,-0.17945,-0.12825,-1.0209,-0.26926,0.32142,-0.47488,0.11288,-0.05826,-0.48856,0.2451,-0.00775,-0.87515,0.13886,-0.15843,-1.03276,0.18557
29.28,0.356,-0.39009,0.04151,0.45984,0.043,0.0253,0.39919,0.26158,0.00745,0.43871,-0.02911,-0.16791,0.31994,-0.23506,-0.21998,0.0776,-0.18961,-0.12334,-0.07615,-0.13994,-0.05268,0.41121,-0.00799,0.22027,0.19237,-0.0176,0.32634,-0.03108,0.0749,0.21842,-0.168,0.12093,0.11727,0.31902,-0.46487,-0.03827,-0.06129,-0.47474,-0.169,0.01156,-0.87207,-0.17945,-0.12831,-1.02079,-0.26915,0.32168,-0.47435,0.11255,-0.05825,-0.48816,0.24404,-0.00763,-0.87514,0.13931,-0.15832,-1.03266,0.18632
29.3,0.35638,-0.38971,0.04111,0.46054,0.04329,0.02434,0.40003,0.26185,0.00585,0.44017,-0.02926,-0.1688,0.32184,-0.23533,-0.22137,0.07935,-0.18844,-0.1258,-0.07491,-0.13996,-0.05545,0.41107,-0.00723,0.21922,0.19338,-0.00483,0.32802,-0.03683,0.09078,0.23862,-0.18023,0.14792,0.15336,0.31958,-0.46455,-0.03869,-0.06051,-0.47457,-0.17002,0.01158,-0.87206,-0.17942,-0.12847,-1.02071,-0.26897,0.32186,-0.47389,0.11214,-0.05826,-0.48784,0.24304,-0.00757,-0.87516,0.1396,-0.15828,-1.03257,0.18688
29.32,0.35635,-0.38954,0.04046,0.46111,0.0433,0.02344,0.40077,0.26191,0.00493,0.44088,-0.02939,-0.16965,0.32262,-0.23546,-0.22238,0.0795,-0.18865,-0.12838,-0.07526,-0.14112,-0.05847,0.41132,-0.00698,0.21831,0.19531,0.00337,0.32994,-0.03806,0.10148,0.25217,-0.18478,0.16481,0.17761,0.31958,-0.4644,-0.03934,-0.06056,-0.47452,-0.17054,0.01132,-0.87207,-0.17933,-0.12888,-1.02073,-0.26861,0.32179,-0.4737,0.1115,-0.05841,-0.48773,0.24215,-0.00771,-0.87523,0.13941,-0.15844,-1.03255,0.18693
29.34,0.35618,-0.38943,0.03973,0.46164,0.04324,0.02256,0.40149,0.26191,0.00424,0.44131,-0.02949,-0.17051,0.32302,-0.23555,-0.22323,0.07911,-0.18934,-0.13102,-0.07616,-0.14274,-0.0616,0.41176,-0.00689,0.21744,0.1976,0.00995,0.33183,-0.03761,0.11058,0.26342,-0.18648,0.17875,0.19793,0.31938,-0.46429,-0.04005,-0.0609,-0.47451,-0.17084,0.01097,-0.87206,-0.17921,-0.12935,-1.02079,-0.26819,0.32165,-0.47358,0.11079,-0.05859,-0.4877,0.24135,-0.0079,-0.87533,0.13905,-0.15866,-1.03256,0.18677
29.36,0.35606,-0.3893,0.03907,0.46218,0.0432,0.02169,0.40221,0.26193,0.00346,0.44182,-0.02962,-0.17135,0.32356,-0.23568,-0.22411,0.07897,-0.18981,-0.13354,-0.07679,-0.14415,-0.06461,0.41213,-0.00674,0.21658,0.20002,0.01682,0.33356,-0.03678,0.12037,0.27581,-0.18698,0.19432,0.2204,0.31924,-0.46417,-0.0407,-0.06113,-0.47449,-0.1712,0.01065,-0.87207,-0.1791,-0.1298,-1.02084,-0.2678,0.32152,-0.47344,0.11014,-0.05874,-0.48766,0.24059,-0.00808,-0.87541,0.13878,-0.15886,-1.03256,0.1867
29.38,0.35597,-0.38915,0.03828,0.46272,0.04319,0.02077,0.40294,0.26198,0.00262,0.44248,-0.02971,-0.17225,0.32425,-0.23574,-0.2252,0.07888,-0.19035,-0.1365,-0.07737,-0.14569,-0.06804,0.41239,-0.00657,0.21563,0.2032,0.02471,0.33601,-0.0349,0.13143,0.29071,-0.18577,0.21136,0.24659,0.31918,-0.46404,-0.04148,-0.06128,-0.47444,-0.17174,0.01034,-0.87207,-0.179,-0.13027,-1.02088,-0.26738,0.32142,-0.47328,0.10936,-0.05895,-0.48755,0.23948,-0.00825,-0.87551,0.13847,-0.15908,-1.03255,0.18664
29.4,0.3558,-0.38907,0.03774,0.46325,0.04308,0.01995,0.40365,0.26193,0.00197,0.44279,-0.02988,-0.17302,0.32454,-0.23594,-0.2258,0.07859,-0.19088,-0.13854,-0.07813,-0.14709,-0.07057,0.41294,-0.00649,0.21486,0.20549,0.02959,0.33691,-0.03276,0.13923,0.30023,-0.18312,0.22427,0.26476,0.31893,-0.46395,-0.04199,-0.06166,-0.47446,-0.17183,0.01002,-0.87208,-0.17887,-0.13068,-1.02094,-0.26702,0.32128,-0.47319,0.10884,-0.05904,-0.4876,0.23913,-0.00842,-0.87559,0.13819,-0.15925,-1.03257,0.18652
29.42,0.35543,-0.38916,0.03787,0.46376,0.04274,0.01933,0.40433,0.26167,0.00168,0.44222,-0.03028,-0.1735,0.32382,-0.23656,-0.2251,0.07782,-0.19122,-0.13816,-0.07932,-0.14801,-0.0708,0.41427,-0.00662,0.21451,0.20466,0.02731,0.33344,-0.03233,0.1393,0.29569,-0.18118,0.22796,0.26281,0.31823,-0.46397,-0.04177,-0.06263,-0.47465,-0.17081,0.00973,-0.87213,-0.17869,-0.13089,-1.02106,-0.26685,0.321,-0.47325,0.10906,-0.05878,-0.48807,0.24084,-0.00854,-0.87561,0.13798,-0.15931,-1.03266,0.18623
29.44,0.355,-0.38932,0.03825,0.46426,0.04231,0.01882,0.40498,0.26131,0.00158,0.44132,-0.03075,-0.17383,0.32273,-0.23729,-0.22393,0.07686,-0.19153,-0.13684,-0.08067,-0.14879,-0.07008,0.41589,-0.00684,0.21433,0.20282,0.02192,0.32837,-0.03247,0.13577,0.28586,-0.17989,0.22682,0.25305,0.31738,-0.46405,-0.04128,-0.06381,-0.4749,-0.16933,0.00945,-0.87219,-0.17849,-0.13103,-1.02119,-0.26676,0.3207,-0.47338,0.10954,-0.05837,-0.4887,0.2433,-0.00865,-0.87558,0.13779,-0.15934,-1.03276,0.1859
29.46,0.35461,-0.38947,0.03852,0.46475,0.0419,0.01828,0.40563,0.26097,0.00145,0.44056,-0.03119,-0.17421,0.32182,-0.23796,-0.22298,0.076,-0.19189,-0.13588,-0.08189,-0.14968,-0.06966,0.41736,-0.00705,0.21408,0.20161,0.01742,0.32401,-0.03225,0.13297,0.27834,-0.17858,0.22611,0.2465,0.31661,-0.46412,-0.0409,-0.06489,-0.47514,-0.16802,0.00917,-0.87225,-0.1783,-0.1312,-1.02131,-0.26665,0.32044,-0.4735,0.1099,-0.058,-0.48926,0.24539,-0.00877,-0.87558,0.1376,-0.1594,-1.03285,0.18559
29.48,0.35416,-0.38957,0.03876,0.46526,0.04151,0.01759,0.40635,0.26066,0.00106,0.43977,-0.03165,-0.17471,0.32093,-0.2387,-0.22201,0.07508,-0.19221,-0.13524,-0.08331,-0.15067,-0.06978,0.41888,-0.00719,0.21369,0.2007,0.01381,0.31946,-0.03163,0.13241,0.27378,-0.17629,0.22956,0.24668,0.31577,-0.46413,-0.04055,-0.06598,-0.47535,-0.16687,0.00885,-0.87229,-0.1781,-0.13141,-1.02142,-0.26651,0.32009,-0.47357,0.11023,-0.05766,-0.48983,0.24757,-0.00894,-0.87553,0.13737,-0.1595,-1.03291,0.18526
29.5,0.35383,-0.38976,0.03912,0.46572,0.04107,0.01722,0.40691,0.26029,0.00121,0.43899,-0.03207,-0.17491,0.31993,-0.23928,-0.22098,0.07429,-0.19261,-0.13373,-0.08432,-0.15142,-0.06857,0.42036,-0.00748,0.2136,0.19954,0.00717,0.31486,-0.03142,0.1261,0.2634,-0.17601,0.22266,0.23394,0.31504,-0.46425,-0.04007,-0.06707,-0.4756,-0.16529,0.00861,-0.87233,-0.17794,-0.13153,-1.02151,-0.26645,0.31991,-0.47372,0.1107,-0.05721,-0.49038,0.24972,-0.00904,-0.87549,0.13725,-0.15955,-1.03295,0.185
29.52,0.35386,-0.39024,0.03979,0.46614,0.04049,0.0178,0.40708,0.25972,0.00297,0.43824,-0.03238,-0.17427,0.31864,-0.2394,-0.2198,0.07386,-0.19333,-0.12985,-0.08417,-0.1516,-0.06363,0.42182,-0.00826,0.21436,0.19815,-0.00763,0.31029,-0.03013,0.10424,0.23609,-0.17631,0.18753,0.18326,0.31463,-0.46472,-0.03919,-0.06814,-0.47597,-0.16242,0.00862,-0.87239,-0.17789,-0.13139,-1.02159,-0.26658,0.32021,-0.47415,0.11156,-0.05647,-0.4909,0.25173,-0.00886,-0.87556,0.13746,-0.15942,-1.03305,0.18495
29.54,0.35401,-0.3908,0.04056,0.46652,0.03987,0.01869,0.4071,0.2591,0.00524,0.43755,-0.03266,-0.17335,0.31728,-0.23934,-0.21858,0.07363,-0.19412,-0.12519,-0.08353,-0.15152,-0.05749,0.4232,-0.00916,0.21541,0.19781,-0.02558,0.30575,-0.02436,0.07654,0.20403,-0.16705,0.14054,0.12254,0.31432,-0.46529,-0.03818,-0.06917,-0.47637,-0.15915,0.0087,-0.87244,-0.1779,-0.13121,-1.02161,-0.2668,0.32068,-0.47466,0.11253,-0.05565,-0.49139,0.25366,-0.00861,-0.87563,0.13777,-0.15924,-1.03314,0.18497
29.56,0.35412,-0.3913,0.04125,0.46692,0.0393,0.01939,0.40723,0.25852,0.00716,0.43693,-0.03295,-0.1726,0.31603,-0.23936,-0.21743,0.07342,-0.19484,-0.12106,-0.08301,-0.1515,-0.05214,0.42453,-0.00996,0.21625,0.19878,-0.04217,0.30127,-0.01506,0.05232,0.17686,-0.14952,0.09934,0.0729,0.314,-0.46578,-0.03728,-0.07014,-0.47674,-0.15619,0.00872,-0.87246,-0.1779,-0.13108,-1.02161,-0.267,0.32107,-0.47511,0.11341,-0.05489,-0.49186,0.25553,-0.0084,-0.87567,0.13803,-0.1591,-1.03321,0.18495
29.58,0.35419,-0.39188,0.04206,0.46736,0.03862,0.02023,0.40735,0.25784,0.00953,0.43595,-0.03323,-0.17168,0.31445,-0.23939,-0.21603,0.07304,-0.1958,-0.11625,-0.08253,-0.15175,-0.04585,0.42628,-0.01096,0.21729,0.20139,-0.06096,0.29575,0.00014,0.02641,0.14743,-0.11951,0.05468,0.02101,0.31356,-0.46636,-0.03621,-0.07132,-0.47716,-0.15269,0.00871,-0.87244,-0.17788,-0.13096,-1.02157,-0.2672,0.32149,-0.47564,0.11444,-0.054,-0.49245,0.25777,-0.00816,-0.87574,0.13832,-0.15891,-1.03331,0.18493
29.6,0.35438,-0.39231,0.04266,0.46772,0.03815,0.02087,0.40748,0.25735,0.01111,0.43574,-0.03352,-0.17102,0.31359,-0.23936,-0.21511,0.07319,-0.19631,-0.1127,-0.08168,-0.15147,-0.04128,0.42716,-0.01157,0.218,0.20452,-0.07609,0.29216,0.01499,0.00639,0.1266,-0.08964,0.02046,-0.01465,0.31341,-0.46679,-0.03543,-0.072,-0.47747,-0.15019,0.00873,-0.87244,-0.17791,-0.13089,-1.02151,-0.26743,0.3219,-0.47602,0.11519,-0.05333,-0.49278,0.25923,-0.00798,-0.87575,0.13858,-0.15881,-1.03331,0.18496
29.62,0.35492,-0.39224,0.04269,0.46786,0.03833,0.02092,0.40761,0.25748,0.01039,0.43772,-0.03384,-0.17108,0.31474,-0.23909,-0.21559,0.07469,-0.19535,-0.11266,-0.08004,-0.14944,-0.04161,0.42559,-0.01099,0.21779,0.2054,-0.08075,0.2945,0.01784,-0.00145,0.1252,-0.0838,0.00815,-0.01859,0.31406,-0.46669,-0.03548,-0.07125,-0.47742,-0.15057,0.00891,-0.87252,-0.17807,-0.13086,-1.02143,-0.26761,0.32224,-0.47593,0.11515,-0.05324,-0.49229,0.25858,-0.00797,-0.87553,0.13875,-0.15888,-1.03301,0.18513
29.64,0.3556,-0.392,0.04251,0.46795,0.03872,0.02076,0.40776,0.25783,0.00888,0.44048,-0.03415,-0.17137,0.31666,-0.23873,-0.21659,0.07669,-0.19392,-0.11392,-0.07809,-0.1469,-0.04372,0.42319,-0.01002,0.21723,0.20528,-0.08125,0.29893,0.01592,-0.00503,0.1302,-0.08758,0.00321,-0.01234,0.31502,-0.46642,-0.03584,-0.06997,-0.47724,-0.15197,0.00915,-0.87263,-0.17829,-0.13083,-1.02135,-0.2678,0.32257,-0.47568,0.11483,-0.05335,-0.49151,0.25714,-0.00801,-0.87523,0.13888,-0.159,-1.03261,0.18534
29.66,0.3562,-0.39185,0.04242,0.46807,0.039,0.0207,0.40793,0.25806,0.00776,0.44283,-0.03446,-0.17152,0.31826,-0.23845,-0.21737,0.07846,-0.19281,-0.11467,-0.07629,-0.14477,-0.04508,0.42124,-0.00927,0.2168,0.20563,-0.08295,0.30232,0.01617,-0.01,0.13227,-0.08712,-0.00438,-0.01055,0.31581,-0.46625,-0.03605,-0.06896,-0.47713,-0.1529,0.00935,-0.87272,-0.17849,-0.13081,-1.02128,-0.268,0.3229,-0.47551,0.11464,-0.05338,-0.49089,0.25607,-0.00803,-0.87498,0.13901,-0.15911,-1.03227,0.18552
29.68,0.35686,-0.39167,0.04232,0.46814,0.03933,0.0206,0.40806,0.25834,0.00649,0.44543,-0.03479,-0.17167,0.3198,-0.23797,-0.21822,0.08031,-0.19135,-0.11524,-0.07431,-0.14202,-0.04628,0.41898,-0.00841,0.21626,0.20657,-0.08622,0.30603,0.01763,-0.01682,0.13393,-0.08432,-0.01517,-0.00995,0.3167,-0.46603,-0.0363,-0.06784,-0.477,-0.15391,0.00958,-0.87282,-0.17871,-0.13078,-1.02119,-0.26822,0.32327,-0.47533,0.11441,-0.05337,-0.4902,0.25492,-0.00806,-0.87469,0.13915,-0.15923,-1.03187,0.18571
29.7,0.35742,-0.39151,0.04221,0.46831,0.03959,0.02053,0.4083,0.25855,0.00538,0.44769,-0.03505,-0.17178,0.32167,-0.23783,-0.21903,0.08214,-0.19051,-0.11648,-0.07259,-0.14049,-0.04824,0.41718,-0.00771,0.21579,0.20622,-0.08484,0.30948,0.01581,-0.0185,0.1378,-0.08817,-0.01734,-0.00463,0.31746,-0.46585,-0.03653,-0.06682,-0.47687,-0.15497,0.00976,-0.87291,-0.17888,-0.13078,-1.02112,-0.26838,0.32354,-0.47514,0.1142,-0.05347,-0.48958,0.25375,-0.00811,-0.87445,0.13928,-0.15935,-1.03154,0.1859
29.72,0.35771,-0.39145,0.04212,0.46877,0.03961,0.02054,0.40884,0.25855,0.00482,0.4489,-0.03518,-0.17179,0.32437,-0.23873,-0.21965,0.08386,-0.19148,-0.11938,-0.07156,-0.14242,-0.05204,0.41687,-0.00753,0.21563,0.20263,-0.07121,0.31194,0.00537,-0.0062,0.14764,-0.1089,0.00443,0.01375,0.31787,-0.46583,-0.03665,-0.06614,-0.47676,-0.15597,0.0098,-0.87298,-0.17888,-0.13084,-1.02109,-0.26838,0.32358,-0.47498,0.11411,-0.0538,-0.48919,0.25268,-0.00819,-0.87438,0.13942,-0.15946,-1.03145,0.18607
29.74,0.35788,-0.39141,0.04201,0.46932,0.03956,0.02056,0.40945,0.25849,0.00443,0.44972,-0.03524,-0.17179,0.32734,-0.23996,-0.22019,0.08555,-0.19306,-0.12288,-0.07078,-0.14555,-0.05653,0.41705,-0.00751,0.21557,0.19926,-0.05331,0.31407,-0.00669,0.01306,0.1614,-0.13206,0.03865,0.04004,0.31812,-0.46583,-0.03676,-0.0656,-0.47664,-0.15701,0.00979,-0.87303,-0.17884,-0.13093,-1.02108,-0.26832,0.3235,-0.47482,0.11402,-0.05425,-0.48886,0.2516,-0.0083,-0.87437,0.13954,-0.15957,-1.03142,0.18623
29.76,0.35809,-0.39136,0.0419,0.46982,0.03954,0.02058,0.41003,0.25845,0.00399,0.45068,-0.03532,-0.1718,0.33012,-0.241,-0.22072,0.08724,-0.19434,-0.12603,-0.06986,-0.14812,-0.0606,0.41701,-0.00743,0.21547,0.1976,-0.03797,0.31624,-0.01554,0.03111,0.17504,-0.14808,0.07115,0.06584,0.31843,-0.46582,-0.03688,-0.06501,-0.47653,-0.15804,0.00979,-0.87308,-0.17882,-0.13101,-1.02106,-0.26828,0.32347,-0.47466,0.11392,-0.05465,-0.48852,0.25051,-0.00839,-0.87434,0.13966,-0.15968,-1.03136,0.18639
29.78,0.35837,-0.39131,0.04183,0.47038,0.03953,0.0206,0.41066,0.25841,0.00342,0.45183,-0.03545,-0.17179,0.33327,-0.24214,-0.22136,0.08924,-0.19569,-0.12959,-0.06867,-0.1508,-0.06518,0.41691,-0.00729,0.21535,0.19716,-0.01988,0.3192,-0.02399,0.05303,0.19307,-0.16193,0.10985,0.09904,0.31881,-0.46582,-0.03695,-0.06434,-0.47641,-0.15905,0.0098,-0.87314,-0.1788,-0.13112,-1.02102,-0.26827,0.32348,-0.47448,0.11387,-0.05501,-0.48813,0.24944,-0.00851,-0.87428,0.13984,-0.15982,-1.03127,0.1866
29.8,0.35846,-0.39126,0.04168,0.47082,0.0395,0.02063,0.41117,0.25838,0.00318,0.45246,-0.03545,-0.17179,0.33571,-0.24308,-0.22172,0.09068,-0.19706,-0.13241,-0.06795,-0.15356,-0.06885,0.41707,-0.0073,0.21531,0.19765,-0.00694,0.3206,-0.02796,0.07227,0.20677,-0.1665,0.14475,0.12521,0.31897,-0.4658,-0.03711,-0.0639,-0.4763,-0.16008,0.00977,-0.87317,-0.17876,-0.1312,-1.02101,-0.26819,0.32336,-0.47434,0.11372,-0.05547,-0.48784,0.24835,-0.00861,-0.87427,0.1399,-0.15992,-1.03125,0.1867
29.82,0.358,-0.39121,0.04128,0.47087,0.03943,0.02066,0.41129,0.25837,0.00371,0.45163,-0.0351,-0.17184,0.3361,-0.2435,-0.22133,0.09046,-0.19844,-0.13323,-0.06874,-0.15648,-0.07005,0.41783,-0.00769,0.21545,0.19688,-0.00835,0.31749,-0.02547,0.07955,0.20361,-0.16013,0.16186,0.12493,0.31851,-0.46572,-0.03754,-0.06412,-0.47623,-0.16127,0.00963,-0.87315,-0.17865,-0.13124,-1.02115,-0.26799,0.32287,-0.4743,0.11329,-0.05623,-0.48784,0.24717,-0.00867,-0.87443,0.13961,-0.15994,-1.03144,0.18645
29.84,0.35735,-0.39116,0.04081,0.47079,0.03936,0.0207,0.41129,0.25838,0.00457,0.4503,-0.03461,-0.17188,0.33576,-0.24373,-0.2207,0.08967,-0.19983,-0.13327,-0.07002,-0.15945,-0.07027,0.41884,-0.00822,0.21568,0.19573,-0.01497,0.31268,-0.02089,0.08214,0.1953,-0.15089,0.17172,0.11673,0.31782,-0.46561,-0.03804,-0.06458,-0.47618,-0.16246,0.00945,-0.8731,-0.17851,-0.13126,-1.02132,-0.26773,0.32225,-0.4743,0.11278,-0.05708,-0.48794,0.246,-0.00872,-0.87464,0.13921,-0.15993,-1.03169,0.1861
29.86,0.3568,-0.39111,0.04039,0.47079,0.03928,0.02074,0.41136,0.25838,0.00534,0.44923,-0.03419,-0.17191,0.33574,-0.244,-0.22022,0.08918,-0.20119,-0.13357,-0.07097,-0.16232,-0.0708,0.41973,-0.00868,0.21586,0.19497,-0.01948,0.3086,-0.01719,0.08593,0.19025,-0.14323,0.18272,0.1138,0.31724,-0.46552,-0.03849,-0.06494,-0.47612,-0.16358,0.00928,-0.87305,-0.17838,-0.1313,-1.02145,-0.26749,0.3217,-0.47428,0.11233,-0.05786,-0.48798,0.24488,-0.00877,-0.87482,0.13888,-0.15993,-1.0319,0.18582
29.88,0.35619,-0.39104,0.03992,0.47074,0.03923,0.02079,0.41139,0.25838,0.00594,0.44801,-0.0337,-0.17194,0.33587,-0.24437,-0.21964,0.08863,-0.20275,-0.13436,-0.07214,-0.16575,-0.07206,0.42068,-0.00918,0.21606,0.19428,-0.02318,0.30428,-0.01298,0.09349,0.18783,-0.13401,0.20071,0.11742,0.31661,-0.46539,-0.039,-0.06528,-0.47604,-0.16497,0.00909,-0.873,-0.17824,-0.13135,-1.0216,-0.26723,0.32108,-0.47424,0.11181,-0.05875,-0.48804,0.24359,-0.00884,-0.87501,0.13851,-0.15994,-1.03214,0.1855
29.9,0.35565,-0.39103,0.03952,0.47073,0.03911,0.02081,0.41145,0.25835,0.00693,0.44697,-0.03335,-0.17197,0.33555,-0.24449,-0.21925,0.0881,-0.20396,-0.13405,-0.0729,-0.16813,-0.07166,0.42152,-0.00965,0.21621,0.19391,-0.03002,0.29992,-0.00914,0.09219,0.18172,-0.12762,0.20218,0.11127,0.31602,-0.46535,-0.03941,-0.06572,-0.47602,-0.16582,0.00892,-0.87296,-0.17814,-0.1314,-1.02174,-0.26702,0.32058,-0.47426,0.11139,-0.05944,-0.48811,0.24261,-0.00889,-0.87518,0.13819,-0.15997,-1.03233,0.18521
29.92,0.35531,-0.3912,0.03934,0.47086,0.03882,0.02072,0.41165,0.25821,0.00918,0.44646,-0.03342,-0.17206,0.33393,-0.24396,-0.21941,0.08763,-0.20419,-0.13062,-0.07251,-0.16754,-0.0665,0.42217,-0.01009,0.21621,0.19477,-0.0451,0.29554,-0.00513,0.06675,0.16265,-0.12551,0.15842,0.07208,0.31552,-0.46553,-0.03951,-0.0665,-0.47614,-0.16508,0.00882,-0.87293,-0.1781,-0.13141,-1.02186,-0.2669,0.32045,-0.47446,0.11129,-0.05955,-0.48823,0.24256,-0.00891,-0.87526,0.13805,-0.16002,-1.03238,0.18504
29.94,0.35504,-0.39144,0.03925,0.47102,0.03847,0.02063,0.41189,0.25801,0.01179,0.44613,-0.03364,-0.17214,0.3319,-0.24321,-0.21972,0.08725,-0.2041,-0.12618,-0.0716,-0.16595,-0.05979,0.42268,-0.01049,0.21619,0.19726,-0.0631,0.29138,0.00243,0.03326,0.14009,-0.11518,0.09742,0.02542,0.31506,-0.46579,-0.03948,-0.06736,-0.47633,-0.16381,0.00872,-0.87293,-0.1781,-0.13143,-1.02197,-0.26683,0.32045,-0.47472,0.1113,-0.05946,-0.48837,0.24283,-0.00893,-0.87533,0.13797,-0.1601,-1.0324,0.18491
29.96,0.35477,-0.39164,0.03913,0.47114,0.03816,0.02055,0.41214,0.25782,0.0141,0.44579,-0.03379,-0.17221,0.3302,-0.24258,-0.21993,0.087,-0.20419,-0.1224,-0.07076,-0.16491,-0.05407,0.42315,-0.01088,0.21619,0.2007,-0.07922,0.28745,0.01263,0.00542,0.12132,-0.09682,0.04611,-0.01083,0.31463,-0.46601,-0.0395,-0.06811,-0.47648,-0.16285,0.00863,-0.87291,-0.1781,-0.13144,-1.02206,-0.26676,0.32041,-0.47494,0.11127,-0.05947,-0.4885,0.24291,-0.00894,-0.8754,0.13785,-0.16016,-1.03244,0.18475
29.98,0.35437,-0.39186,0.03893,0.47136,0.03777,0.02034,0.41242,0.25751,0.01695,0.44517,-0.03395,-0.1724,0.32792,-0.24179,-0.22024,0.08648,-0.20444,-0.11803,-0.06996,-0.16393,-0.04746,0.42403,-0.01138,0.2161,0.20622,-0.09774,0.28192,0.0283,-0.02482,0.09983,-0.06521,-0.0112,-0.04907,0.31402,-0.46625,-0.03957,-0.06915,-0.47665,-0.16161,0.00849,-0.87287,-0.17808,-0.13147,-1.02218,-0.26665,0.32031,-0.47519,0.11118,-0.05945,-0.48865,0.24315,-0.00897,-0.87546,0.13773,-0.16023,-1.03246,0.18461
30,0.35426,-0.39207,0.03893,0.4714,0.03753,0.02043,0.41269,0.25735,0.01877,0.44517,-0.03415,-0.17233,0.32676,-0.24128,-0.22036,0.08671,-0.20443,-0.11477,-0.06867,-0.16284,-0.04248,0.42405,-0.01166,0.21618,0.21133,-0.11137,0.27973,0.04207,-0.04794,0.08618,-0.03679,-0.05346,-0.07146,0.3138,-0.46648,-0.03949,-0.0696,-0.4768,-0.16081,0.00846,-0.87289,-0.17809,-0.13146,-1.02225,-0.26664,0.32036,-0.47541,0.11124,-0.05944,-0.48876,0.24314,-0.00896,-0.87555,0.13765,-0.16028,-1.03251,0.18446
30.02,0.35496,-0.39221,0.03953,0.47082,0.03775,0.02142,0.41284,0.25774,0.01765,0.44692,-0.0344,-0.17146,0.32882,-0.24163,-0.21981,0.08883,-0.20343,-0.11457,-0.06631,-0.16119,-0.04213,0.42153,-0.01121,0.21675,0.21093,-0.11076,0.28723,0.04102,-0.05468,0.09199,-0.04188,-0.06012,-0.06356,0.31474,-0.46664,-0.03899,-0.06834,-0.47681,-0.16136,0.00872,-0.87313,-0.17812,-0.13137,-1.02219,-0.2669,0.32077,-0.4755,0.11177,-0.0595,-0.4887,0.24233,-0.00885,-0.87571,0.13774,-0.16031,-1.03261,0.18433
30.04,0.35593,-0.39234,0.04032,0.47004,0.03811,0.0227,0.41304,0.25827,0.01552,0.44926,-0.03467,-0.17031,0.33199,-0.24228,-0.21907,0.0916,-0.20213,-0.11547,-0.06359,-0.15942,-0.04343,0.41817,-0.01055,0.21743,0.20889,-0.10524,0.29785,0.03463,-0.05592,0.10463,-0.05862,-0.05466,-0.04504,0.31606,-0.46679,-0.03836,-0.06649,-0.47678,-0.16236,0.00908,-0.87343,-0.17817,-0.13124,-1.02208,-0.26727,0.32129,-0.47555,0.11243,-0.05957,-0.48859,0.24126,-0.00871,-0.8759,0.13787,-0.16032,-1.03274,0.18419
30.06,0.35675,-0.39247,0.041,0.46939,0.03838,0.02381,0.41331,0.25868,0.01393,0.45127,-0.0349,-0.16927,0.33463,-0.24276,-0.21845,0.09405,-0.20107,-0.11591,-0.06107,-0.15785,-0.04402,0.41532,-0.01005,0.218,0.20812,-0.102,0.30657,0.03109,-0.05953,0.11424,-0.06886,-0.05441,-0.03095,0.31717,-0.46695,-0.03781,-0.06495,-0.47677,-0.16312,0.00939,-0.87367,-0.17822,-0.13112,-1.02198,-0.2676,0.32175,-0.47561,0.11302,-0.05962,-0.4885,0.24034,-0.0086,-0.87606,0.13798,-0.16034,-1.03283,0.18406
30.08,0.3577,-0.3926,0.0418,0.46858,0.03872,0.02498,0.4136,0.25914,0.01217,0.45357,-0.03519,-0.16813,0.33738,-0.24324,-0.21759,0.09672,-0.19947,-0.1161,-0.05826,-0.1555,-0.04436,0.41196,-0.00941,0.21852,0.20687,-0.09696,0.31602,0.02712,-0.0625,0.12461,-0.07964,-0.05268,-0.0154,0.31845,-0.4671,-0.03715,-0.06319,-0.47677,-0.16394,0.00972,-0.87396,-0.17826,-0.13101,-1.02187,-0.26796,0.32229,-0.47567,0.1137,-0.05966,-0.48842,0.23929,-0.00846,-0.87626,0.13811,-0.16037,-1.03296,0.18391
30.1,0.35844,-0.39274,0.0424,0.46803,0.03893,0.02606,0.41404,0.25943,0.0106,0.45539,-0.03535,-0.16708,0.34013,-0.24378,-0.21712,0.09909,-0.19888,-0.11705,-0.05596,-0.15472,-0.04559,0.40946,-0.00908,0.21905,0.20696,-0.09389,0.32408,0.0234,-0.06462,0.13545,-0.08985,-0.04935,0.00113,0.31947,-0.46726,-0.03666,-0.06175,-0.47673,-0.16476,0.01002,-0.87416,-0.17834,-0.13088,-1.02175,-0.2683,0.32268,-0.47574,0.1142,-0.05972,-0.48831,0.23844,-0.00837,-0.87638,0.1382,-0.16039,-1.03303,0.18378
30.12,0.35855,-0.39297,0.04244,0.46831,0.03869,0.02691,0.41469,0.25915,0.00974,0.45574,-0.03525,-0.16636,0.34276,-0.24458,-0.21781,0.10057,-0.20129,-0.11981,-0.05509,-0.1585,-0.04883,0.40961,-0.00964,0.21978,0.2104,-0.09785,0.32825,0.02102,-0.06615,0.14587,-0.09807,-0.04585,0.0174,0.3197,-0.46751,-0.03667,-0.0613,-0.47662,-0.16541,0.01021,-0.87411,-0.17848,-0.13067,-1.02167,-0.26852,0.32261,-0.47592,0.11421,-0.05985,-0.48816,0.23828,-0.00839,-0.87626,0.13823,-0.16039,-1.03294,0.18379
30.14,0.35843,-0.39322,0.04229,0.46883,0.03831,0.0277,0.41539,0.2587,0.00911,0.45556,-0.03504,-0.16575,0.34534,-0.24542,-0.21891,0.10175,-0.20469,-0.12331,-0.05469,-0.16384,-0.05292,0.41064,-0.01049,0.22061,0.21507,-0.10409,0.33116,0.01912,-0.0677,0.15677,-0.10574,-0.0427,0.03478,0.31965,-0.46777,-0.03684,-0.06121,-0.47648,-0.16603,0.01035,-0.87398,-0.17863,-0.13045,-1.02161,-0.26869,0.32237,-0.47614,0.11404,-0.06002,-0.48799,0.23837,-0.00847,-0.87607,0.13824,-0.1604,-1.0328,0.18384
30.16,0.35841,-0.39345,0.04221,0.4692,0.03801,0.02849,0.41607,0.25834,0.00838,0.45559,-0.03487,-0.16511,0.34788,-0.24614,-0.21985,0.10308,-0.20752,-0.12651,-0.05403,-0.16833,-0.05664,0.41123,-0.0112,0.22136,0.21935,-0.10913,0.33459,0.01753,-0.06983,0.16769,-0.11272,-0.04069,0.05244,0.31972,-0.46802,-0.03695,-0.06097,-0.47636,-0.16667,0.0105,-0.87389,-0.17878,-0.13024,-1.02153,-0.26889,0.32221,-0.47633,0.11394,-0.06016,-0.48784,0.23834,-0.00852,-0.87591,0.13824,-0.16041,-1.03269,0.18384
30.18,0.35841,-0.3937,0.04217,0.46971,0.03765,0.02938,0.41672,0.25786,0.0076,0.45576,-0.03473,-0.16439,0.35078,-0.24693,-0.22078,0.10475,-0.21053,-0.12979,-0.05305,-0.17314,-0.06052,0.41195,-0.01196,0.2222,0.22372,-0.11383,0.33806,0.01543,-0.07091,0.18024,-0.12066,-0.03711,0.0733,0.31982,-0.46828,-0.03703,-0.06067,-0.47621,-0.16734,0.01068,-0.87378,-0.17894,-0.13,-1.02144,-0.26911,0.32205,-0.47653,0.11387,-0.06034,-0.48764,0.23829,-0.00858,-0.87572,0.13829,-0.16043,-1.03254,0.18389
30.2,0.35831,-0.39392,0.04202,0.46997,0.03736,0.03007,0.41742,0.25754,0.007,0.4555,-0.03451,-0.16385,0.35291,-0.24745,-0.22185,0.10575,-0.21327,-0.1331,-0.05265,-0.17755,-0.06432,0.41261,-0.01269,0.2229,0.22857,-0.11952,0.341,0.01538,-0.07497,0.19035,-0.12495,-0.0389,0.08982,0.3198,-0.46852,-0.0372,-0.06057,-0.4761,-0.16792,0.01079,-0.87368,-0.17906,-0.12984,-1.0214,-0.26924,0.32185,-0.47672,0.11371,-0.06046,-0.48754,0.23835,-0.00863,-0.87559,0.13825,-0.16042,-1.03245,0.18388
30.22,0.35798,-0.39402,0.04157,0.46947,0.03732,0.03019,0.41824,0.25778,0.00682,0.45423,-0.03409,-0.16384,0.35301,-0.24733,-0.22312,0.10494,-0.21513,-0.13619,-0.05378,-0.18057,-0.06755,0.41291,-0.0132,0.22313,0.23448,-0.12734,0.343,0.0204,-0.08618,0.19264,-0.12043,-0.05339,0.09169,0.3195,-0.46864,-0.03764,-0.06088,-0.47607,-0.16832,0.01067,-0.87362,-0.17907,-0.12991,-1.02145,-0.26915,0.32162,-0.47686,0.11326,-0.06044,-0.48774,0.23866,-0.00862,-0.87562,0.13795,-0.16033,-1.03253,0.18367
30.24,0.35756,-0.39409,0.04103,0.46871,0.03735,0.03012,0.41912,0.25819,0.0068,0.45255,-0.03361,-0.164,0.35229,-0.24697,-0.22451,0.1034,-0.21667,-0.13927,-0.05555,-0.18311,-0.07066,0.41313,-0.01367,0.22322,0.24114,-0.13597,0.34443,0.02758,-0.09966,0.1921,-0.11228,-0.07193,0.08833,0.31908,-0.46874,-0.03816,-0.06138,-0.47608,-0.16861,0.01048,-0.87358,-0.17904,-0.13006,-1.02154,-0.26895,0.32138,-0.47699,0.11274,-0.06037,-0.48804,0.23909,-0.00859,-0.87572,0.13758,-0.16022,-1.03267,0.18341
30.26,0.35719,-0.39417,0.04055,0.46807,0.03736,0.03015,0.41998,0.25851,0.00669,0.45106,-0.03316,-0.16406,0.35189,-0.24665,-0.22587,0.10217,-0.21826,-0.14242,-0.05705,-0.18578,-0.07391,0.41341,-0.01415,0.22338,0.24797,-0.14398,0.34588,0.03424,-0.11164,0.1929,-0.1052,-0.08791,0.08758,0.31873,-0.46884,-0.03862,-0.06179,-0.47606,-0.16893,0.01032,-0.87353,-0.17903,-0.13018,-1.0216,-0.26882,0.32114,-0.47712,0.11227,-0.06032,-0.48829,0.23947,-0.00857,-0.87578,0.13724,-0.16013,-1.03278,0.18317
30.28,0.35676,-0.39426,0.03996,0.4674,0.03734,0.0301,0.42078,0.2588,0.00654,0.44953,-0.03271,-0.1642,0.35166,-0.24646,-0.22717,0.10114,-0.22011,-0.14545,-0.05831,-0.18866,-0.07701,0.41365,-0.01466,0.22346,0.25516,-0.15128,0.34774,0.04173,-0.12285,0.19355,-0.09685,-0.10314,0.08629,0.31833,-0.46896,-0.03921,-0.06223,-0.47605,-0.16939,0.01015,-0.87349,-0.17903,-0.1303,-1.02171,-0.26865,0.32086,-0.47727,0.11168,-0.06029,-0.48857,0.23982,-0.00855,-0.87587,0.13686,-0.16002,-1.03291,0.18292
30.3,0.35644,-0.39433,0.03959,0.46673,0.03737,0.03018,0.42171,0.25914,0.00648,0.44799,-0.03226,-0.16419,0.35085,-0.2459,-0.22864,0.09957,-0.2212,-0.14876,-0.06012,-0.19082,-0.08039,0.41394,-0.0151,0.22367,0.26276,-0.15937,0.34841,0.04909,-0.13494,0.19388,-0.08877,-0.11919,0.08503,0.318,-0.46905,-0.03955,-0.06264,-0.47604,-0.16951,0.00999,-0.87343,-0.179,-0.13042,-1.02174,-0.26852,0.32068,-0.47738,0.11134,-0.0602,-0.4888,0.24026,-0.00852,-0.87592,0.13657,-0.15994,-1.033,0.1827
30.32,0.35639,-0.3944,0.03986,0.46606,0.03746,0.0306,0.42292,0.25957,0.00658,0.44644,-0.03188,-0.16379,0.34867,-0.24454,-0.23049,0.09664,-0.22057,-0.15279,-0.06339,-0.19143,-0.08469,0.41431,-0.0154,0.22426,0.27117,-0.17004,0.34604,0.0551,-0.15,0.19423,-0.08321,-0.13773,0.08553,0.31782,-0.46915,-0.03919,-0.06295,-0.47603,-0.16875,0.00983,-0.87337,-0.17895,-0.13057,-1.02164,-0.26857,0.32072,-0.47741,0.11169,-0.06005,-0.48896,0.24093,-0.00854,-0.87591,0.13651,-0.16001,-1.03298,0.1825
30.34,0.35645,-0.39447,0.04035,0.46541,0.03757,0.03114,0.42426,0.26002,0.00674,0.4449,-0.03152,-0.16324,0.34592,-0.2428,-0.2325,0.09316,-0.21908,-0.1571,-0.06721,-0.19117,-0.08927,0.41473,-0.01564,0.225,0.28055,-0.18128,0.34243,0.06132,-0.16627,0.19463,-0.07786,-0.15756,0.0867,0.31772,-0.46924,-0.0386,-0.06322,-0.47603,-0.16766,0.00969,-0.87332,-0.17889,-0.13072,-1.02148,-0.26866,0.32086,-0.47743,0.11229,-0.05986,-0.48908,0.24169,-0.00856,-0.87587,0.13655,-0.1601,-1.03292,0.18234
30.36,0.35646,-0.39454,0.04072,0.46477,0.03767,0.03163,0.42554,0.26042,0.00685,0.44337,-0.03115,-0.16275,0.34336,-0.24113,-0.23445,0.08991,-0.21771,-0.16132,-0.07076,-0.19097,-0.09372,0.41514,-0.01591,0.22566,0.29055,-0.19147,0.33918,0.06844,-0.18174,0.19529,-0.07147,-0.17669,0.08805,0.31759,-0.46934,-0.03813,-0.06352,-0.47603,-0.16673,0.00955,-0.87327,-0.17883,-0.13087,-1.02135,-0.26873,0.32095,-0.47745,0.11275,-0.05968,-0.48921,0.2424,-0.00857,-0.87583,0.13656,-0.16017,-1.03288,0.18218
30.38,0.35648,-0.3946,0.04117,0.46405,0.03779,0.03213,0.42681,0.26085,0.00697,0.44176,-0.03079,-0.16224,0.34104,-0.23966,-0.23612,0.08686,-0.21678,-0.16541,-0.07427,-0.1913,-0.09844,0.41551,-0.01614,0.22633,0.30174,-0.20144,0.33566,0.07651,-0.19738,0.19642,-0.06435,-0.19552,0.09034,0.31745,-0.46943,-0.03758,-0.0638,-0.47601,-0.16575,0.00938,-0.8732,-0.17876,-0.13104,-1.0212,-0.26881,0.32106,-0.47746,0.11331,-0.0595,-0.48938,0.24314,-0.00861,-0.87581,0.13653,-0.16029,-1.03284,0.18194
30.4,0.3565,-0.39467,0.0415,0.4635,0.03787,0.03263,0.42811,0.26117,0.00701,0.44033,-0.03043,-0.16173,0.33806,-0.23757,-0.23831,0.08331,-0.21435,-0.16978,-0.07793,-0.18985,-0.10272,0.41598,-0.01644,0.22699,0.31271,-0.21024,0.3319,0.0847,-0.21246,0.19721,-0.05683,-0.21492,0.09205,0.31733,-0.46952,-0.03716,-0.06409,-0.47601,-0.16481,0.00925,-0.87314,-0.17873,-0.13117,-1.02106,-0.26889,0.32115,-0.47748,0.11372,-0.05931,-0.48945,0.24383,-0.0086,-0.87573,0.13659,-0.16031,-1.03276,0.18187
30.42,0.35648,-0.39478,0.04142,0.46342,0.03778,0.0331,0.4295,0.26124,0.00685,0.4394,-0.03006,-0.16132,0.33353,-0.23383,-0.24193,0.07856,-0.20837,-0.17505,-0.08192,-0.18457,-0.10594,0.41676,-0.01698,0.22753,0.32156,-0.21716,0.32801,0.09188,-0.22614,0.19649,-0.04903,-0.23613,0.09092,0.31724,-0.46962,-0.03722,-0.06444,-0.47606,-0.16411,0.00922,-0.8731,-0.17885,-0.13123,-1.02099,-0.26899,0.32113,-0.47757,0.11366,-0.05913,-0.48927,0.24437,-0.00845,-0.87549,0.1369,-0.16009,-1.03258,0.18224
30.44,0.35645,-0.3949,0.04121,0.46351,0.03765,0.03355,0.43089,0.26122,0.00662,0.43866,-0.02969,-0.16094,0.32846,-0.22932,-0.246,0.07346,-0.20066,-0.18054,-0.08593,-0.17739,-0.10877,0.41763,-0.0176,0.22803,0.32965,-0.22322,0.324,0.0989,-0.2392,0.19503,-0.0406,-0.25788,0.08878,0.31715,-0.46971,-0.03742,-0.0648,-0.47611,-0.16348,0.00923,-0.87306,-0.17902,-0.13127,-1.02095,-0.26911,0.32108,-0.47769,0.11346,-0.05895,-0.48899,0.24485,-0.00827,-0.87519,0.13729,-0.15978,-1.03236,0.18277
30.46,0.35643,-0.39501,0.04106,0.46352,0.03754,0.034,0.43223,0.26122,0.00641,0.43786,-0.02932,-0.16055,0.32375,-0.22491,-0.24974,0.06874,-0.19318,-0.18578,-0.08974,-0.17047,-0.11183,0.41844,-0.01817,0.22854,0.33839,-0.22906,0.3199,0.10672,-0.25216,0.1937,-0.03119,-0.27899,0.08711,0.31707,-0.4698,-0.03756,-0.06514,-0.47616,-0.16284,0.00922,-0.87301,-0.17917,-0.13132,-1.02089,-0.26922,0.32106,-0.47778,0.11332,-0.05877,-0.48876,0.24534,-0.0081,-0.87492,0.13764,-0.15951,-1.03216,0.18322
30.48,0.35641,-0.39515,0.0409,0.46355,0.0374,0.03448,0.43374,0.26119,0.00617,0.43696,-0.02895,-0.16012,0.31934,-0.22049,-0.25344,0.06413,-0.18634,-0.19153,-0.0936,-0.16516,-0.11558,0.41938,-0.01882,0.22908,0.34791,-0.23487,0.31535,0.11543,-0.26555,0.1923,-0.0204,-0.30132,0.08567,0.31698,-0.46992,-0.0377,-0.06552,-0.47622,-0.16209,0.0092,-0.87297,-0.17932,-0.13138,-1.02083,-0.26933,0.32103,-0.47791,0.11317,-0.05857,-0.48854,0.24589,-0.00791,-0.87465,0.138,-0.15921,-1.03197,0.18368
30.5,0.35639,-0.39521,0.04072,0.46358,0.03733,0.03489,0.43488,0.26118,0.00593,0.43632,-0.02858,-0.15977,0.31458,-0.21551,-0.25707,0.05975,-0.17706,-0.19613,-0.09692,-0.15561,-0.11807,0.42007,-0.0193,0.22952,0.35627,-0.23945,0.31134,0.12369,-0.27722,0.19047,-0.00968,-0.3207,0.08359,0.31692,-0.46997,-0.03788,-0.06581,-0.47624,-0.16159,0.00921,-0.8729,-0.1795,-0.1314,-1.02076,-0.26947,0.321,-0.47796,0.113,-0.05841,-0.48825,0.24629,-0.00775,-0.87434,0.13834,-0.15894,-1.03173,0.18413
30.52,0.35642,-0.39505,0.04052,0.46363,0.0375,0.03517,0.43517,0.26132,0.0058,0.43639,-0.0282,-0.15956,0.30892,-0.2092,-0.26067,0.05596,-0.16229,-0.19787,-0.09865,-0.13591,-0.11726,0.42008,-0.01935,0.22973,0.36128,-0.24175,0.30917,0.12981,-0.28485,0.18794,-0.00118,-0.33215,0.07976,0.31697,-0.46981,-0.03808,-0.06578,-0.47613,-0.16173,0.00931,-0.87277,-0.1797,-0.13129,-1.02064,-0.26966,0.32101,-0.47779,0.1128,-0.05833,-0.48776,0.2463,-0.00764,-0.87393,0.13868,-0.15874,-1.03139,0.18457
30.54,0.35645,-0.39482,0.0403,0.46366,0.03773,0.03538,0.43509,0.2615,0.00567,0.43671,-0.02785,-0.15943,0.30316,-0.20225,-0.26421,0.05305,-0.14535,-0.19833,-0.09876,-0.11241,-0.11485,0.41982,-0.01923,0.22984,0.36493,-0.24319,0.30769,0.13504,-0.29086,0.18517,0.00636,-0.34053,0.0753,0.31704,-0.4696,-0.0383,-0.06565,-0.47599,-0.16211,0.00944,-0.87264,-0.17994,-0.13115,-1.02053,-0.26988,0.32101,-0.47755,0.11257,-0.05831,-0.48721,0.24616,-0.00757,-0.87351,0.13899,-0.15858,-1.03101,0.18497
30.56,0.35648,-0.39461,0.0401,0.46369,0.03795,0.03562,0.43514,0.26167,0.00552,0.43693,-0.02748,-0.15927,0.29792,-0.1953,-0.26765,0.05082,-0.12923,-0.19904,-0.09807,-0.09071,-0.11274,0.41967,-0.01917,0.22999,0.36923,-0.24484,0.3059,0.14083,-0.29729,0.18254,0.01457,-0.34984,0.07121,0.3171,-0.4694,-0.03851,-0.06557,-0.47586,-0.16237,0.00957,-0.8725,-0.18016,-0.13102,-1.0204,-0.27009,0.32102,-0.47733,0.11237,-0.05826,-0.48669,0.24608,-0.00748,-0.87309,0.13929,-0.1584,-1.03065,0.18537
30.58,0.35652,-0.39442,0.03984,0.46376,0.03813,0.03586,0.43537,0.26183,0.00545,0.43713,-0.0271,-0.15911,0.29301,-0.18782,-0.27148,0.04876,-0.11391,-0.2007,-0.09736,-0.07087,-0.11184,0.4196,-0.01917,0.23014,0.37378,-0.24647,0.30408,0.14715,-0.30391,0.17968,0.02359,-0.35933,0.06672,0.31718,-0.46922,-0.03878,-0.06547,-0.47574,-0.1627,0.00969,-0.87238,-0.18041,-0.13089,-1.0203,-0.27032,0.32103,-0.47714,0.11211,-0.0582,-0.48612,0.246,-0.00738,-0.87263,0.13965,-0.15819,-1.03026,0.18585
30.6,0.35654,-0.39418,0.03969,0.46374,0.03839,0.03607,0.43514,0.262,0.0052,0.43741,-0.02676,-0.15897,0.28839,-0.18072,-0.27438,0.04855,-0.09673,-0.19983,-0.09355,-0.04753,-0.10773,0.41929,-0.01901,0.23026,0.3776,-0.24766,0.30248,0.15257,-0.30936,0.17725,0.03133,-0.36706,0.06292,0.31723,-0.469,-0.03893,-0.06538,-0.47558,-0.16295,0.00982,-0.87221,-0.18061,-0.13075,-1.02014,-0.27052,0.32104,-0.47689,0.11196,-0.05818,-0.48566,0.24589,-0.00731,-0.87226,0.13987,-0.15806,-1.02993,0.18613
30.62,0.35652,-0.39385,0.03985,0.46344,0.03878,0.03621,0.43374,0.26212,0.00445,0.43781,-0.02655,-0.15887,0.28391,-0.1751,-0.27497,0.05287,-0.0751,-0.19282,-0.0818,-0.01543,-0.09585,0.41839,-0.01847,0.2303,0.37976,-0.24805,0.30124,0.1554,-0.31231,0.17608,0.03529,-0.37128,0.06122,0.31724,-0.46871,-0.03875,-0.06532,-0.47534,-0.16295,0.00995,-0.87196,-0.1807,-0.1306,-1.01987,-0.27067,0.32106,-0.47656,0.11214,-0.05828,-0.48558,0.24572,-0.00732,-0.87216,0.1397,-0.15812,-1.02983,0.18585
30.64,0.35648,-0.39348,0.0401,0.46305,0.03924,0.03629,0.43189,0.26223,0.00349,0.43826,-0.02639,-0.15879,0.27954,-0.16993,-0.2747,0.06035,-0.05245,-0.18366,-0.06456,0.01866,-0.08149,0.41725,-0.01779,0.23028,0.38122,-0.2481,0.3002,0.15724,-0.3143,0.17537,0.0378,-0.37412,0.06025,0.31722,-0.46838,-0.03847,-0.06527,-0.47508,-0.16289,0.01009,-0.87167,-0.18076,-0.13045,-1.01955,-0.27081,0.32108,-0.47619,0.11242,-0.05842,-0.48563,0.24552,-0.00736,-0.87217,0.13937,-0.15824,-1.0298,0.18536
30.66,0.35644,-0.39313,0.0403,0.46269,0.03967,0.0364,0.43024,0.26233,0.00262,0.43869,-0.0262,-0.1587,0.27537,-0.16434,-0.27478,0.06883,-0.03152,-0.17563,-0.04581,0.04933,-0.06876,0.41621,-0.01717,0.23027,0.383,-0.24823,0.29914,0.1596,-0.31668,0.17449,0.04107,-0.37756,0.05898,0.31721,-0.46807,-0.03824,-0.06522,-0.47483,-0.16285,0.01022,-0.8714,-0.18084,-0.1303,-1.01926,-0.27095,0.32109,-0.47583,0.11265,-0.05854,-0.48562,0.24534,-0.00739,-0.87212,0.13912,-0.15833,-1.02974,0.18498
30.68,0.35643,-0.39276,0.04054,0.46236,0.04012,0.03651,0.42865,0.26244,0.00173,0.43912,-0.026,-0.1586,0.27144,-0.15826,-0.27531,0.07878,-0.01124,-0.16853,-0.02491,0.07824,-0.05745,0.41521,-0.01653,0.23028,0.38488,-0.24834,0.29794,0.16194,-0.31903,0.1737,0.04422,-0.38085,0.05787,0.31722,-0.46773,-0.03798,-0.06513,-0.47456,-0.16281,0.01037,-0.87111,-0.18091,-0.13013,-1.01894,-0.2711,0.32113,-0.47546,0.11291,-0.05866,-0.48561,0.24513,-0.00743,-0.87208,0.13884,-0.15845,-1.02966,0.18454
30.7,0.35636,-0.39242,0.04073,0.46197,0.04053,0.03661,0.42685,0.26247,0.00082,0.43957,-0.02584,-0.15852,0.26758,-0.15282,-0.27482,0.09077,0.00743,-0.15996,-0.0003,0.10489,-0.04461,0.41408,-0.01592,0.23025,0.38649,-0.24829,0.29713,0.16422,-0.32117,0.17296,0.04743,-0.3841,0.05677,0.31718,-0.46744,-0.03776,-0.06512,-0.47432,-0.16276,0.0105,-0.87085,-0.18097,-0.12999,-1.01866,-0.27121,0.32111,-0.47512,0.11313,-0.05879,-0.48563,0.24498,-0.00744,-0.87206,0.13859,-0.15851,-1.02963,0.18417
30.72,0.35611,-0.39212,0.04072,0.46143,0.0409,0.0366,0.4245,0.26238,-0.00018,0.44008,-0.02573,-0.15855,0.26335,-0.14908,-0.2716,0.106,0.024,-0.14744,0.03108,0.12931,-0.02747,0.4126,-0.01535,0.23007,0.38749,-0.24791,0.29726,0.16649,-0.32299,0.17215,0.05112,-0.38763,0.05548,0.31699,-0.4672,-0.03774,-0.06531,-0.47414,-0.16274,0.01059,-0.87061,-0.18102,-0.12989,-1.01844,-0.27124,0.32093,-0.47481,0.11316,-0.05897,-0.48566,0.24502,-0.00738,-0.87202,0.13848,-0.15838,-1.02966,0.18405
30.74,0.35582,-0.39184,0.04066,0.46088,0.04125,0.03658,0.42197,0.26223,-0.00118,0.44063,-0.02564,-0.1586,0.25913,-0.1459,-0.26736,0.12331,0.03865,-0.1346,0.06618,0.1507,-0.01099,0.41103,-0.01479,0.22985,0.38823,-0.24738,0.29779,0.16872,-0.32461,0.17138,0.05495,-0.39112,0.0542,0.31676,-0.467,-0.03776,-0.06555,-0.47399,-0.16272,0.0107,-0.87039,-0.18106,-0.12979,-1.01825,-0.27122,0.3207,-0.47453,0.11314,-0.05914,-0.48571,0.24511,-0.00729,-0.87199,0.13841,-0.15817,-1.02972,0.18402
30.76,0.35555,-0.39156,0.04063,0.46034,0.04159,0.03657,0.41957,0.26207,-0.00218,0.44115,-0.02554,-0.15863,0.25515,-0.14222,-0.26363,0.14135,0.05178,-0.12382,0.10194,0.16879,0.00209,0.40953,-0.01425,0.22965,0.38906,-0.24687,0.2982,0.17099,-0.32625,0.17062,0.05878,-0.39454,0.05296,0.31655,-0.46678,-0.03776,-0.06575,-0.47383,-0.16271,0.01079,-0.87017,-0.1811,-0.1297,-1.01805,-0.27123,0.32049,-0.47424,0.11315,-0.05932,-0.48575,0.24517,-0.00722,-0.87195,0.13833,-0.15802,-1.02977,0.18395
30.78,0.35525,-0.39125,0.04059,0.45974,0.04197,0.03655,0.41702,0.26188,-0.00333,0.4417,-0.02543,-0.15867,0.2509,-0.13782,-0.25963,0.16292,0.06466,-0.11336,0.14374,0.18528,0.01384,0.40788,-0.01365,0.22941,0.38994,-0.24631,0.29854,0.17325,-0.32788,0.16999,0.06255,-0.39798,0.05197,0.31632,-0.46655,-0.03776,-0.06601,-0.47367,-0.16263,0.01089,-0.86994,-0.18113,-0.1296,-1.01784,-0.27122,0.32027,-0.47393,0.11315,-0.05949,-0.4858,0.24528,-0.00713,-0.87192,0.13825,-0.15782,-1.02983,0.18389
30.8,0.35502,-0.39101,0.04054,0.45928,0.04227,0.03653,0.4148,0.26166,-0.0042,0.4422,-0.02535,-0.1587,0.2476,-0.13443,-0.25598,0.18063,0.07311,-0.10573,0.17777,0.19544,0.02125,0.40655,-0.01318,0.22921,0.39067,-0.24575,0.29914,0.1756,-0.32938,0.1692,0.0666,-0.40123,0.05065,0.31615,-0.46637,-0.03778,-0.06616,-0.47352,-0.16271,0.01099,-0.86974,-0.18119,-0.12951,-1.01766,-0.27124,0.32009,-0.47368,0.11313,-0.05966,-0.48583,0.24527,-0.00707,-0.87189,0.13816,-0.15768,-1.02987,0.18381
30.82,0.355,-0.39097,0.0405,0.45921,0.04232,0.03657,0.41344,0.26143,-0.00429,0.44257,-0.02537,-0.15867,0.24647,-0.13399,-0.25341,0.18533,0.07468,-0.10224,0.18775,0.19805,0.02374,0.40605,-0.01307,0.22915,0.39098,-0.24527,0.30047,0.17832,-0.33073,0.16777,0.0717,-0.40425,0.04809,0.31618,-0.46636,-0.03782,-0.06598,-0.4734,-0.1632,0.01106,-0.86966,-0.18127,-0.12943,-1.01757,-0.27135,0.32002,-0.47361,0.1131,-0.05985,-0.4858,0.2449,-0.00709,-0.87192,0.13805,-0.15773,-1.02989,0.18368
30.84,0.35504,-0.39101,0.04046,0.45927,0.04228,0.03663,0.4124,0.26119,-0.00405,0.44287,-0.02542,-0.15863,0.24619,-0.13485,-0.25123,0.18481,0.07382,-0.10017,0.18808,0.19828,0.02472,0.40587,-0.0131,0.22915,0.39114,-0.24484,0.30202,0.18115,-0.33202,0.16623,0.07707,-0.40713,0.0453,0.31628,-0.46642,-0.03787,-0.0657,-0.47331,-0.16383,0.0111,-0.86964,-0.18135,-0.12938,-1.01753,-0.27148,0.31998,-0.47362,0.11306,-0.06004,-0.48576,0.24442,-0.00716,-0.87196,0.13794,-0.15785,-1.0299,0.18353
30.86,0.35506,-0.39102,0.04043,0.45929,0.04227,0.03669,0.41127,0.26094,-0.00391,0.44319,-0.02547,-0.15858,0.24567,-0.13525,-0.24894,0.18625,0.07387,-0.09771,0.19188,0.19937,0.02605,0.4056,-0.01308,0.22913,0.39141,-0.24441,0.3034,0.18394,-0.33332,0.1649,0.08222,-0.40996,0.04292,0.31635,-0.46645,-0.0379,-0.06546,-0.47322,-0.16438,0.01116,-0.86961,-0.18142,-0.12931,-1.01748,-0.27159,0.31994,-0.4736,0.11303,-0.06022,-0.48574,0.24401,-0.00721,-0.872,0.13784,-0.15792,-1.02991,0.1834
30.88,0.35507,-0.39102,0.04038,0.45925,0.04228,0.03674,0.40992,0.26065,-0.00396,0.44358,-0.02551,-0.15855,0.2447,-0.135,-0.24624,0.18969,0.07483,-0.09432,0.19969,0.20131,0.02815,0.40515,-0.01301,0.22908,0.39147,-0.24382,0.30507,0.18715,-0.33474,0.16323,0.08846,-0.41331,0.04,0.31642,-0.46648,-0.03795,-0.0652,-0.4731,-0.16501,0.01124,-0.86954,-0.18153,-0.12922,-1.0174,-0.27174,0.31987,-0.47356,0.11298,-0.06044,-0.48569,0.24353,-0.00725,-0.87204,0.13772,-0.158,-1.02992,0.18325
30.9,0.35511,-0.39105,0.04035,0.45936,0.04224,0.03679,0.40909,0.26045,-0.00358,0.44379,-0.02555,-0.15851,0.24491,-0.13638,-0.24448,0.18782,0.07336,-0.09322,0.19693,0.20095,0.02818,0.40513,-0.01306,0.22909,0.39191,-0.24353,0.30618,0.18965,-0.3359,0.16233,0.09274,-0.41554,0.03838,0.31651,-0.46653,-0.03799,-0.06496,-0.47303,-0.1655,0.01127,-0.86954,-0.18158,-0.1292,-1.01737,-0.27182,0.31985,-0.47358,0.11295,-0.06057,-0.48568,0.24315,-0.00731,-0.87208,0.13761,-0.15811,-1.02993,0.18311
30.92,0.35524,-0.39116,0.04035,0.45987,0.04203,0.03682,0.40967,0.26052,-0.0021,0.44358,-0.02556,-0.15848,0.24818,-0.14178,-0.24533,0.17232,0.06507,-0.0984,0.16673,0.1934,0.02243,0.40626,-0.01339,0.22926,0.39338,-0.24411,0.30565,0.18996,-0.3364,0.1634,0.09123,-0.41478,0.04008,0.31669,-0.46663,-0.03803,-0.06476,-0.47313,-0.16559,0.01121,-0.86969,-0.1815,-0.12931,-1.01749,-0.27173,0.32,-0.47373,0.11291,-0.06047,-0.48576,0.24298,-0.00737,-0.87221,0.1375,-0.15826,-1.02998,0.18297
30.94,0.3554,-0.39131,0.04037,0.46053,0.04176,0.03686,0.41077,0.26067,-0.0002,0.44317,-0.02556,-0.15845,0.25283,-0.14859,-0.24714,0.15262,0.05233,-0.10671,0.12736,0.17957,0.01275,0.40782,-0.01384,0.2295,0.39522,-0.24501,0.30455,0.18952,-0.33666,0.1652,0.08769,-0.41294,0.04309,0.3169,-0.46675,-0.03805,-0.06458,-0.4733,-0.16552,0.01111,-0.86992,-0.18137,-0.12948,-1.01766,-0.27156,0.32021,-0.47394,0.11288,-0.06028,-0.48589,0.24292,-0.00744,-0.87236,0.13739,-0.15843,-1.03003,0.18285
30.96,0.35553,-0.39145,0.04038,0.4611,0.04152,0.03689,0.41159,0.26076,0.0015,0.44281,-0.02557,-0.15842,0.25715,-0.15457,-0.24852,0.13634,0.03929,-0.11452,0.0942,0.16409,0.00273,0.40917,-0.01424,0.22969,0.3969,-0.24576,0.30371,0.18948,-0.33703,0.16667,0.08513,-0.41158,0.04563,0.31708,-0.46688,-0.03808,-0.06442,-0.47344,-0.16551,0.01101,-0.87011,-0.18126,-0.12963,-1.01781,-0.27143,0.32037,-0.47413,0.11285,-0.06013,-0.486,0.24283,-0.00751,-0.87249,0.13728,-0.1586,-1.03008,0.18273
30.98,0.35571,-0.39157,0.0404,0.46176,0.04128,0.03695,0.41267,0.26088,0.00323,0.4426,-0.02558,-0.15835,0.26162,-0.16,-0.25006,0.11989,0.0245,-0.12354,0.06004,0.14488,-0.00942,0.41056,-0.01463,0.2299,0.39849,-0.24652,0.30281,0.18936,-0.33746,0.16818,0.08251,-0.41046,0.04838,0.31732,-0.46698,-0.0381,-0.06417,-0.47358,-0.16554,0.01095,-0.87032,-0.18115,-0.12977,-1.01796,-0.2713,0.32058,-0.4743,0.11282,-0.05998,-0.48611,0.24265,-0.00758,-0.87265,0.13716,-0.15877,-1.03014,0.18259
31,0.35581,-0.39174,0.0404,0.46227,0.04101,0.03694,0.41339,0.26093,0.005,0.44207,-0.02559,-0.15834,0.26666,-0.16619,-0.25159,0.10643,0.00793,-0.13268,0.03101,0.12295,-0.0223,0.41198,-0.01509,0.23009,0.40035,-0.24734,0.30187,0.18934,-0.33775,0.16983,0.07972,-0.40873,0.05133,0.31744,-0.46713,-0.03814,-0.06409,-0.47373,-0.16546,0.01084,-0.87051,-0.18103,-0.12993,-1.01812,-0.27115,0.32073,-0.47453,0.11279,-0.05981,-0.48623,0.24268,-0.00765,-0.87277,0.13707,-0.15892,-1.03019,0.18249
31.02,0.35567,-0.39205,0.04034,0.46229,0.04066,0.03676,0.41299,0.26077,0.00685,0.44062,-0.02563,-0.15847,0.27283,-0.17444,-0.25299,0.09934,-0.00939,-0.13989,0.01379,0.10146,-0.03269,0.4134,-0.01571,0.23019,0.40292,-0.24834,0.30094,0.18966,-0.33757,0.17174,0.07658,-0.40515,0.05451,0.31722,-0.46739,-0.0382,-0.06447,-0.47389,-0.16505,0.01059,-0.87062,-0.18091,-0.13017,-1.01827,-0.27099,0.32071,-0.4749,0.11271,-0.0596,-0.4864,0.24329,-0.00775,-0.8728,0.13705,-0.15902,-1.03021,0.1825
31.04,0.35546,-0.39241,0.04027,0.46215,0.04028,0.03654,0.41221,0.26052,0.00874,0.43887,-0.02568,-0.15862,0.2798,-0.18301,-0.25441,0.09512,-0.02699,-0.1463,0.00138,0.07977,-0.04184,0.41483,-0.0164,0.23026,0.40575,-0.2494,0.29998,0.19015,-0.33728,0.17379,0.07337,-0.40108,0.05807,0.31688,-0.46769,-0.03827,-0.06501,-0.47405,-0.16453,0.01031,-0.87072,-0.18077,-0.13043,-1.01842,-0.27081,0.32064,-0.47532,0.11264,-0.05937,-0.48658,0.24411,-0.00785,-0.8728,0.13706,-0.1591,-1.03023,0.18256
31.06,0.35529,-0.39274,0.04021,0.46209,0.03992,0.03634,0.41161,0.26029,0.01058,0.43732,-0.02573,-0.15873,0.28691,-0.19056,-0.25588,0.0913,-0.04472,-0.15294,-0.01088,0.05693,-0.05133,0.41621,-0.01704,0.23033,0.40843,-0.2504,0.29901,0.19065,-0.33711,0.17578,0.07042,-0.39757,0.06182,0.3166,-0.46797,-0.03832,-0.06546,-0.4742,-0.16407,0.01005,-0.87083,-0.18064,-0.13067,-1.01856,-0.27063,0.32059,-0.47571,0.11257,-0.05916,-0.48674,0.24482,-0.00796,-0.87282,0.13706,-0.15918,-1.03025,0.1826
31.08,0.35508,-0.3931,0.04015,0.46202,0.03953,0.03612,0.41119,0.26007,0.01262,0.43552,-0.02577,-0.15885,0.29467,-0.19773,-0.25796,0.08789,-0.06388,-0.16071,-0.02308,0.03154,-0.06232,0.41781,-0.01776,0.23039,0.41117,-0.25148,0.29794,0.19099,-0.33671,0.17798,0.06671,-0.39319,0.06634,0.31628,-0.46827,-0.03838,-0.06598,-0.47437,-0.16353,0.00976,-0.87093,-0.1805,-0.13094,-1.01872,-0.27043,0.32053,-0.47614,0.11249,-0.05892,-0.48693,0.24563,-0.00807,-0.87283,0.13707,-0.15927,-1.03026,0.18266
31.1,0.35493,-0.39341,0.04009,0.46191,0.0392,0.03595,0.41038,0.25976,0.01427,0.43416,-0.02583,-0.15893,0.30216,-0.20404,-0.25917,0.08725,-0.0804,-0.16612,-0.03016,0.00944,-0.06999,0.41894,-0.01834,0.23043,0.4138,-0.25238,0.29698,0.19181,-0.33682,0.17985,0.06473,-0.39076,0.07013,0.31602,-0.46853,-0.03844,-0.06639,-0.47451,-0.16313,0.00952,-0.87103,-0.18038,-0.13118,-1.01885,-0.27028,0.32048,-0.4765,0.11243,-0.05873,-0.48708,0.24626,-0.00817,-0.87284,0.13707,-0.15936,-1.03028,0.18269
31.12,0.35492,-0.39354,0.04002,0.46175,0.03911,0.03595,0.40841,0.2593,0.0148,0.43404,-0.0259,-0.15894,0.30833,-0.20952,-0.25749,0.09126,-0.08938,-0.16487,-0.02765,-0.00185,-0.06844,0.41876,-0.01847,0.23042,0.41617,-0.25273,0.29635,0.19382,-0.33834,0.18074,0.06744,-0.39371,0.07092,0.31596,-0.46864,-0.03851,-0.06646,-0.47455,-0.16316,0.00939,-0.87108,-0.18036,-0.13136,-1.01887,-0.27023,0.32043,-0.47662,0.11236,-0.05871,-0.4871,0.24638,-0.00829,-0.87283,0.13703,-0.15948,-1.03026,0.18266
31.14,0.35497,-0.39362,0.03995,0.46155,0.0391,0.03602,0.40603,0.25874,0.0149,0.43437,-0.026,-0.15893,0.31406,-0.21461,-0.25475,0.09688,-0.09529,-0.16133,-0.0217,-0.0086,-0.06375,0.41811,-0.01845,0.23039,0.41842,-0.25285,0.29587,0.19628,-0.34036,0.18129,0.07187,-0.39854,0.07068,0.31597,-0.4687,-0.03858,-0.06641,-0.47456,-0.16334,0.00931,-0.87113,-0.18037,-0.13151,-1.01886,-0.27022,0.32039,-0.47666,0.11229,-0.05875,-0.48709,0.24631,-0.0084,-0.87283,0.13696,-0.15961,-1.03025,0.18259
31.16,0.355,-0.39372,0.0399,0.46136,0.03905,0.03607,0.40389,0.25822,0.01519,0.4345,-0.02608,-0.15891,0.32016,-0.21947,-0.25249,0.10188,-0.10218,-0.15905,-0.01719,-0.01692,-0.06082,0.41767,-0.0185,0.23039,0.42068,-0.25301,0.29539,0.19856,-0.34212,0.182,0.07553,-0.40244,0.071,0.31596,-0.46877,-0.03863,-0.06641,-0.47459,-0.16345,0.00921,-0.87117,-0.18036,-0.13167,-1.01886,-0.27019,0.32036,-0.47673,0.11224,-0.05876,-0.4871,0.24633,-0.00851,-0.87283,0.13692,-0.15973,-1.03023,0.18256
31.18,0.35501,-0.39382,0.0398,0.46119,0.039,0.03609,0.40156,0.25761,0.01549,0.43464,-0.02616,-0.15892,0.32702,-0.22456,-0.24996,0.10775,-0.10907,-0.1566,-0.01167,-0.02512,-0.05766,0.41725,-0.01856,0.23034,0.4232,-0.25319,0.29472,0.20095,-0.34389,0.18287,0.07955,-0.40676,0.07149,0.31592,-0.46885,-0.03872,-0.06645,-0.47461,-0.16357,0.0091,-0.87121,-0.18036,-0.13184,-1.01886,-0.27016,0.3203,-0.4768,0.11214,-0.05878,-0.48708,0.24636,-0.00863,-0.8728,0.13686,-0.15986,-1.0302,0.1825
31.2,0.35508,-0.39391,0.03978,0.46098,0.03897,0.03617,0.39955,0.25709,0.01563,0.43486,-0.02625,-0.15887,0.3327,-0.22851,-0.24767,0.11261,-0.11456,-0.15434,-0.00705,-0.03161,-0.05485,0.41669,-0.01856,0.23036,0.42516,-0.25318,0.29447,0.20328,-0.3457,0.18338,0.08339,-0.41072,0.07158,0.31597,-0.46892,-0.03876,-0.06636,-0.47463,-0.16371,0.00903,-0.87127,-0.18036,-0.13197,-1.01886,-0.27015,0.32029,-0.47687,0.11211,-0.0588,-0.4871,0.2463,-0.00871,-0.87283,0.13681,-0.15997,-1.0302,0.18245
31.22,0.35533,-0.39398,0.03999,0.46066,0.03904,0.03643,0.39849,0.25691,0.01541,0.43523,-0.02633,-0.15865,0.3348,-0.22992,-0.2464,0.11399,-0.11767,-0.15273,-0.00615,-0.03552,-0.05315,0.41586,-0.01843,0.23052,0.42554,-0.25278,0.29544,0.2054,-0.34762,0.18287,0.08627,-0.41312,0.07054,0.3163,-0.46895,-0.03862,-0.06593,-0.47464,-0.16388,0.00908,-0.87136,-0.18035,-0.13201,-1.01883,-0.2702,0.32042,-0.47694,0.11225,-0.05882,-0.48717,0.24603,-0.00869,-0.87298,0.13682,-0.16002,-1.0303,0.18238
31.24,0.35565,-0.39404,0.04026,0.46032,0.03914,0.03674,0.39778,0.25683,0.01503,0.43567,-0.02642,-0.15838,0.33552,-0.23043,-0.24547,0.11416,-0.11972,-0.15125,-0.00641,-0.03819,-0.0517,0.41493,-0.01825,0.23071,0.42536,-0.25225,0.2968,0.20745,-0.34956,0.182,0.08887,-0.41508,0.06911,0.31674,-0.46898,-0.03844,-0.06536,-0.47464,-0.1641,0.00919,-0.87146,-0.18036,-0.132,-1.01879,-0.27029,0.3206,-0.47702,0.11244,-0.05883,-0.48728,0.24565,-0.00861,-0.87318,0.13683,-0.16003,-1.03044,0.18228
31.26,0.35592,-0.39411,0.04049,0.45999,0.03922,0.03702,0.39692,0.2567,0.01472,0.43605,-0.02651,-0.15814,0.33685,-0.23133,-0.24439,0.11491,-0.12217,-0.14973,-0.00608,-0.04128,-0.05014,0.41406,-0.01811,0.23088,0.42543,-0.2518,0.29792,0.20952,-0.35142,0.18135,0.09158,-0.41726,0.06798,0.31711,-0.46902,-0.03829,-0.06487,-0.47466,-0.16431,0.00927,-0.87156,-0.18037,-0.13201,-1.01877,-0.27036,0.32074,-0.4771,0.11259,-0.05886,-0.48737,0.24533,-0.00857,-0.87336,0.13683,-0.16007,-1.03057,0.1822
31.28,0.35625,-0.39418,0.04076,0.45964,0.03931,0.03732,0.39601,0.25656,0.01434,0.43652,-0.02661,-0.15787,0.33826,-0.23227,-0.24319,0.11572,-0.12482,-0.148,-0.00574,-0.0447,-0.04836,0.41309,-0.01794,0.23106,0.42544,-0.25123,0.2993,0.21191,-0.35352,0.18066,0.09461,-0.41959,0.06676,0.31755,-0.46905,-0.03811,-0.06431,-0.47467,-0.16448,0.00937,-0.87166,-0.18038,-0.13202,-1.01872,-0.27044,0.32092,-0.47719,0.11277,-0.05887,-0.48747,0.24494,-0.0085,-0.87355,0.13683,-0.1601,-1.0307,0.1821
31.3,0.35649,-0.39423,0.04096,0.45935,0.03939,0.03757,0.39533,0.25647,0.01408,0.43685,-0.02667,-0.15765,0.33918,-0.23287,-0.24232,0.11616,-0.12677,-0.14674,-0.00564,-0.04716,-0.04712,0.41234,-0.01781,0.23121,0.42543,-0.25083,0.30023,0.2137,-0.35505,0.18006,0.09695,-0.4215,0.06581,0.31788,-0.46907,-0.03798,-0.06386,-0.47467,-0.16473,0.00945,-0.87174,-0.18039,-0.13201,-1.01869,-0.2705,0.32105,-0.47725,0.1129,-0.05889,-0.48755,0.24467,-0.00845,-0.8737,0.13683,-0.16011,-1.03081,0.18203
31.32,0.35646,-0.3942,0.04096,0.45922,0.03944,0.03766,0.39519,0.25652,0.01424,0.43677,-0.02659,-0.15757,0.33909,-0.23276,-0.24231,0.11583,-0.1271,-0.1468,-0.00605,-0.04731,-0.04742,0.4122,-0.0178,0.23129,0.42554,-0.25094,0.29986,0.21374,-0.35503,0.17971,0.09745,-0.42235,0.06551,0.31787,-0.46904,-0.038,-0.06371,-0.47462,-0.16522,0.00947,-0.87173,-0.18037,-0.13196,-1.01871,-0.2705,0.32099,-0.47722,0.11289,-0.05891,-0.4876,0.24475,-0.00846,-0.87372,0.13684,-0.1601,-1.03085,0.18207
31.34,0.35635,-0.39415,0.04087,0.45917,0.03948,0.03767,0.39527,0.25663,0.01453,0.43655,-0.02646,-0.15757,0.33857,-0.23235,-0.24266,0.11517,-0.12679,-0.14736,-0.0067,-0.04657,-0.04831,0.4123,-0.01784,0.23131,0.42568,-0.25123,0.29901,0.21313,-0.35445,0.17942,0.09722,-0.42275,0.06541,0.31775,-0.46899,-0.03808,-0.06367,-0.47455,-0.16579,0.00947,-0.87169,-0.18036,-0.13189,-1.01874,-0.27049,0.32089,-0.47716,0.11281,-0.05892,-0.48763,0.24494,-0.00848,-0.8737,0.13684,-0.16005,-1.03087,0.18214
31.36,0.35628,-0.39411,0.04082,0.45909,0.03952,0.03771,0.39525,0.25671,0.01477,0.43639,-0.02636,-0.15754,0.33823,-0.23208,-0.24284,0.11466,-0.12676,-0.14768,-0.00723,-0.04624,-0.04891,0.4123,-0.01786,0.23135,0.4258,-0.25144,0.29837,0.21282,-0.35413,0.1791,0.09728,-0.4233,0.06524,0.31769,-0.46895,-0.03813,-0.06358,-0.47449,-0.16629,0.00948,-0.87166,-0.18034,-0.13183,-1.01875,-0.27048,0.32081,-0.47712,0.11276,-0.05894,-0.48766,0.24507,-0.00849,-0.8737,0.13684,-0.16002,-1.03089,0.18219
31.38,0.3562,-0.39406,0.04078,0.459,0.03958,0.03779,0.39525,0.25681,0.015,0.43624,-0.02624,-0.15748,0.33789,-0.23177,-0.24301,0.11409,-0.12674,-0.14807,-0.00781,-0.04583,-0.04963,0.41227,-0.01788,0.23142,0.42593,-0.25163,0.29777,0.21252,-0.35378,0.17879,0.09755,-0.42406,0.06504,0.31762,-0.4689,-0.03817,-0.06345,-0.47442,-0.16691,0.00949,-0.87164,-0.18032,-0.13176,-1.01878,-0.27047,0.32071,-0.47707,0.11271,-0.05896,-0.48771,0.24524,-0.0085,-0.8737,0.13685,-0.15998,-1.03093,0.18226
31.4,0.35612,-0.39403,0.04071,0.45895,0.0396,0.03779,0.39525,0.25687,0.01527,0.43604,-0.02615,-0.15749,0.33748,-0.23147,-0.24328,0.11359,-0.12655,-0.14841,-0.00834,-0.04539,-0.05021,0.41235,-0.01791,0.23144,0.42605,-0.25189,0.29699,0.21204,-0.35336,0.17851,0.09725,-0.42429,0.06497,0.31753,-0.46888,-0.03824,-0.06344,-0.47437,-0.16729,0.00948,-0.8716,-0.1803,-0.13173,-1.01879,-0.27044,0.32064,-0.47703,0.11265,-0.05896,-0.48772,0.24536,-0.00853,-0.87368,0.13685,-0.15996,-1.03092,0.18232
31.42,0.35604,-0.39411,0.04057,0.45897,0.0395,0.03759,0.3952,0.2568,0.01559,0.43576,-0.02621,-0.15766,0.33698,-0.23129,-0.24377,0.11342,-0.12605,-0.14849,-0.00868,-0.04513,-0.0503,0.41264,-0.01805,0.2313,0.42609,-0.25233,0.29581,0.21113,-0.35288,0.17828,0.09544,-0.4231,0.06521,0.31737,-0.46896,-0.03834,-0.06376,-0.47439,-0.1669,0.00938,-0.87158,-0.18029,-0.13184,-1.01879,-0.27037,0.32062,-0.4771,0.11255,-0.05896,-0.48765,0.24533,-0.00861,-0.87362,0.13684,-0.16007,-1.03084,0.18235
31.44,0.35597,-0.39422,0.04041,0.45903,0.03935,0.03733,0.39514,0.25668,0.01594,0.43545,-0.0263,-0.1579,0.33644,-0.23114,-0.24433,0.11335,-0.12542,-0.14848,-0.00896,-0.0449,-0.05022,0.41304,-0.01821,0.23111,0.42612,-0.25283,0.29448,0.21007,-0.35237,0.17808,0.09314,-0.42141,0.06558,0.31721,-0.46907,-0.03845,-0.06418,-0.47444,-0.16626,0.00926,-0.87155,-0.18028,-0.13198,-1.01879,-0.27028,0.32063,-0.47721,0.11244,-0.05894,-0.48755,0.24526,-0.0087,-0.87355,0.13682,-0.1602,-1.03072,0.18237
31.46,0.3559,-0.39431,0.04027,0.45907,0.03924,0.0371,0.39509,0.25659,0.01627,0.43515,-0.02638,-0.15809,0.33591,-0.23097,-0.24484,0.11321,-0.12487,-0.1485,-0.00928,-0.04467,-0.0502,0.41338,-0.01835,0.23095,0.42615,-0.25328,0.29324,0.20913,-0.35188,0.17787,0.09116,-0.42001,0.06589,0.31705,-0.46917,-0.03854,-0.06454,-0.47448,-0.16575,0.00915,-0.87152,-0.18026,-0.13211,-1.01878,-0.2702,0.32063,-0.47729,0.11234,-0.05892,-0.48746,0.24523,-0.00879,-0.87349,0.13681,-0.16031,-1.03062,0.1824
31.48,0.35581,-0.39441,0.0401,0.45913,0.0391,0.03686,0.39505,0.25649,0.01665,0.43486,-0.02646,-0.15831,0.33537,-0.23078,-0.24542,0.11314,-0.12418,-0.14856,-0.00955,-0.04428,-0.05027,0.41375,-0.01852,0.23076,0.42615,-0.25376,0.29192,0.20801,-0.35129,0.17774,0.08885,-0.41833,0.06636,0.31687,-0.46927,-0.03866,-0.06496,-0.47452,-0.16515,0.00902,-0.87148,-0.18025,-0.13226,-1.01877,-0.2701,0.32062,-0.47738,0.11221,-0.05892,-0.48735,0.24514,-0.00889,-0.87341,0.1368,-0.16044,-1.0305,0.18243
31.5,0.35576,-0.3945,0.03999,0.45915,0.03899,0.03664,0.39498,0.2564,0.01693,0.43454,-0.02653,-0.1585,0.33486,-0.23066,-0.24584,0.11298,-0.12378,-0.14849,-0.00989,-0.04422,-0.05014,0.41408,-0.01865,0.23061,0.4262,-0.25417,0.29073,0.20724,-0.35092,0.17747,0.08715,-0.41711,0.06658,0.31674,-0.46936,-0.03873,-0.06528,-0.47455,-0.16466,0.00892,-0.87146,-0.18023,-0.13238,-1.01876,-0.27003,0.32063,-0.47747,0.11214,-0.05888,-0.48729,0.24516,-0.00896,-0.87336,0.1368,-0.16054,-1.03042,0.18246
31.52,0.35583,-0.39452,0.04006,0.45906,0.03901,0.03653,0.3948,0.2564,0.01693,0.43417,-0.02653,-0.15857,0.33443,-0.23068,-0.2458,0.11252,-0.12416,-0.1481,-0.01041,-0.04511,-0.04943,0.41432,-0.01864,0.23058,0.42644,-0.25437,0.28986,0.20742,-0.35116,0.17675,0.0872,-0.41732,0.06599,0.31677,-0.46938,-0.03864,-0.06524,-0.47454,-0.16458,0.00891,-0.87145,-0.18022,-0.13241,-1.01873,-0.27004,0.32074,-0.47749,0.11223,-0.0587,-0.48734,0.24547,-0.00894,-0.87336,0.13685,-0.16053,-1.03041,0.18251
31.54,0.35594,-0.39452,0.0402,0.45893,0.03907,0.03646,0.39459,0.25643,0.01683,0.43377,-0.02652,-0.15859,0.33403,-0.23076,-0.24557,0.11198,-0.12483,-0.14758,-0.01099,-0.04633,-0.0485,0.41451,-0.01858,0.23058,0.42675,-0.25449,0.28914,0.20795,-0.35162,0.17588,0.08785,-0.41799,0.06512,0.31686,-0.46939,-0.03849,-0.06509,-0.47451,-0.16461,0.00892,-0.87146,-0.18021,-0.13241,-1.01869,-0.27008,0.32086,-0.47748,0.11238,-0.05848,-0.48744,0.24588,-0.00888,-0.87338,0.13692,-0.16048,-1.03043,0.18256
31.56,0.35602,-0.39452,0.04031,0.4588,0.03911,0.03638,0.39438,0.25646,0.01677,0.43338,-0.0265,-0.15863,0.33363,-0.23082,-0.24541,0.11148,-0.12536,-0.14712,-0.01152,-0.04737,-0.04769,0.4147,-0.01854,0.23057,0.42701,-0.25462,0.28839,0.20833,-0.35197,0.1751,0.0882,-0.41839,0.06439,0.31691,-0.46939,-0.03836,-0.06501,-0.47449,-0.16457,0.00891,-0.87144,-0.18019,-0.13244,-1.01864,-0.2701,0.32097,-0.47748,0.11251,-0.05829,-0.4875,0.24624,-0.00885,-0.87338,0.13698,-0.16046,-1.03042,0.18262
31.58,0.35612,-0.39453,0.04042,0.4587,0.03915,0.03628,0.39419,0.25647,0.01671,0.43299,-0.02649,-0.15868,0.33316,-0.23085,-0.24528,0.11093,-0.1259,-0.14664,-0.01214,-0.04853,-0.04681,0.41494,-0.01851,0.23055,0.42729,-0.2548,0.28749,0.20865,-0.35231,0.17424,0.0886,-0.41895,0.06358,0.31698,-0.4694,-0.03823,-0.06489,-0.47446,-0.16459,0.00891,-0.87144,-0.18018,-0.13245,-1.0186,-0.27013,0.32109,-0.47749,0.11263,-0.05806,-0.48759,0.24665,-0.00881,-0.8734,0.13705,-0.16042,-1.03043,0.18268
31.6,0.3562,-0.39453,0.04053,0.45854,0.0392,0.0362,0.39398,0.2565,0.01663,0.43261,-0.02647,-0.15872,0.33284,-0.23098,-0.24508,0.1105,-0.12651,-0.14618,-0.01256,-0.04953,-0.04602,0.41508,-0.01845,0.23053,0.42755,-0.25488,0.28691,0.20916,-0.35271,0.17348,0.08906,-0.4193,0.06284,0.31704,-0.4694,-0.03811,-0.06482,-0.47444,-0.16453,0.0089,-0.87144,-0.18017,-0.13247,-1.01856,-0.27016,0.32119,-0.47749,0.11275,-0.05789,-0.48765,0.24697,-0.00878,-0.8734,0.1371,-0.1604,-1.03043,0.18272
31.62,0.35622,-0.39454,0.04063,0.45827,0.03926,0.03615,0.3937,0.25655,0.01649,0.43228,-0.02648,-0.15874,0.33294,-0.23136,-0.24467,0.11042,-0.12728,-0.14575,-0.01234,-0.04998,-0.04549,0.41495,-0.01838,0.23052,0.42777,-0.25471,0.28722,0.21012,-0.35323,0.17298,0.08957,-0.41899,0.06234,0.31704,-0.46939,-0.03802,-0.06491,-0.47447,-0.16418,0.00889,-0.87144,-0.18017,-0.13251,-1.01853,-0.27016,0.32123,-0.47751,0.11285,-0.05788,-0.48767,0.24701,-0.00878,-0.87341,0.13712,-0.16042,-1.03043,0.1827
31.64,0.35622,-0.39455,0.04072,0.45795,0.03932,0.0361,0.3934,0.25661,0.01632,0.43196,-0.02648,-0.15877,0.33318,-0.23185,-0.24421,0.11047,-0.12813,-0.14534,-0.01192,-0.05027,-0.04506,0.41471,-0.01829,0.2305,0.42799,-0.25444,0.28785,0.21125,-0.35379,0.17257,0.09013,-0.41849,0.06193,0.31701,-0.46939,-0.03793,-0.06504,-0.47452,-0.16375,0.00887,-0.87145,-0.18017,-0.13254,-1.01851,-0.27018,0.32124,-0.47753,0.11293,-0.05792,-0.48767,0.24695,-0.00879,-0.87342,0.13711,-0.16046,-1.03043,0.18265
31.66,0.35622,-0.39456,0.04081,0.45763,0.03939,0.03603,0.39312,0.25668,0.01617,0.43162,-0.02649,-0.15881,0.33335,-0.23229,-0.24379,0.11046,-0.12896,-0.14494,-0.01162,-0.05067,-0.04461,0.41451,-0.01821,0.23046,0.42819,-0.25421,0.28831,0.21229,-0.35433,0.17214,0.09067,-0.41812,0.06152,0.31699,-0.46938,-0.03785,-0.06516,-0.47456,-0.16337,0.00885,-0.87146,-0.18018,-0.13259,-1.0185,-0.27019,0.32125,-0.47755,0.11301,-0.05794,-0.48767,0.24694,-0.00881,-0.87343,0.13712,-0.16049,-1.03043,0.18262
31.68,0.35624,-0.39457,0.04091,0.45736,0.03944,0.03604,0.39281,0.25671,0.01599,0.43132,-0.02648,-0.15878,0.33355,-0.23271,-0.2433,0.11046,-0.12975,-0.14449,-0.01121,-0.05092,-0.04409,0.41434,-0.01815,0.23049,0.42844,-0.25401,0.28885,0.21346,-0.35491,0.17165,0.09128,-0.41764,0.06105,0.31699,-0.46937,-0.03776,-0.06527,-0.4746,-0.16295,0.00884,-0.87145,-0.18018,-0.13263,-1.01846,-0.2702,0.32128,-0.47758,0.1131,-0.05795,-0.48767,0.24692,-0.00881,-0.87343,0.13711,-0.16052,-1.03042,0.18257
31.7,0.35623,-0.39457,0.041,0.45701,0.03952,0.0359,0.39255,0.25682,0.01589,0.43096,-0.02651,-0.15888,0.33375,-0.23319,-0.24294,0.11049,-0.1306,-0.14413,-0.01096,-0.05141,-0.04375,0.4141,-0.01803,0.23039,0.4286,-0.25372,0.28931,0.21441,-0.35539,0.17134,0.09176,-0.41735,0.06082,0.31696,-0.46936,-0.03767,-0.06539,-0.47464,-0.16257,0.00882,-0.87146,-0.18017,-0.13266,-1.01845,-0.2702,0.32128,-0.47758,0.11319,-0.05798,-0.48767,0.24692,-0.00883,-0.87344,0.13713,-0.16055,-1.03042,0.18255
31.72,0.35616,-0.39453,0.04109,0.45646,0.03967,0.0354,0.39245,0.25715,0.01604,0.43041,-0.02664,-0.15929,0.33395,-0.23385,-0.24292,0.11061,-0.13158,-0.14394,-0.01122,-0.05262,-0.04385,0.41369,-0.01768,0.22998,0.42861,-0.2532,0.28949,0.21481,-0.35568,0.17152,0.09198,-0.41774,0.06125,0.3169,-0.46938,-0.03752,-0.06549,-0.47467,-0.16232,0.00879,-0.87147,-0.18008,-0.13267,-1.01847,-0.27012,0.32124,-0.47751,0.11333,-0.05803,-0.48766,0.24702,-0.00884,-0.87342,0.13722,-0.16057,-1.03041,0.18262
31.74,0.35606,-0.39449,0.04117,0.45584,0.03981,0.03476,0.39239,0.25754,0.01627,0.42979,-0.02683,-0.15981,0.33413,-0.23457,-0.24303,0.11075,-0.13262,-0.14384,-0.01165,-0.05406,-0.04412,0.41321,-0.01728,0.22945,0.42853,-0.25261,0.28959,0.21495,-0.35585,0.17188,0.09204,-0.41828,0.0619,0.31681,-0.46941,-0.03738,-0.0656,-0.47473,-0.16211,0.00876,-0.87151,-0.17997,-0.13268,-1.01852,-0.27002,0.32118,-0.47742,0.11349,-0.0581,-0.48765,0.24714,-0.00887,-0.8734,0.13733,-0.16058,-1.03041,0.18271
31.76,0.35598,-0.39445,0.04125,0.45528,0.03996,0.03419,0.39232,0.25789,0.01647,0.42922,-0.02699,-0.16028,0.33433,-0.23525,-0.24308,0.11089,-0.13361,-0.1437,-0.01198,-0.05537,-0.0443,0.41279,-0.01691,0.22897,0.42846,-0.25206,0.28973,0.21515,-0.35601,0.17214,0.0921,-0.41864,0.06244,0.31674,-0.46944,-0.03724,-0.0657,-0.47477,-0.16188,0.00874,-0.87153,-0.17986,-0.13269,-1.01856,-0.26993,0.32113,-0.47734,0.11363,-0.05816,-0.48765,0.24725,-0.00889,-0.87339,0.13743,-0.16059,-1.03041,0.1828
31.78,0.35589,-0.39441,0.04137,0.45462,0.04011,0.03362,0.39228,0.25829,0.01668,0.42857,-0.02716,-0.16074,0.33454,-0.23598,-0.24309,0.11105,-0.13465,-0.14352,-0.01234,-0.05676,-0.04448,0.41229,-0.01652,0.22851,0.42853,-0.25147,0.28987,0.21562,-0.35647,0.17249,0.09252,-0.41952,0.06309,0.31666,-0.46947,-0.03706,-0.0658,-0.47481,-0.16163,0.0087,-0.87156,-0.17975,-0.1327,-1.01858,-0.26983,0.32108,-0.47725,0.11382,-0.05823,-0.48763,0.24738,-0.00892,-0.87337,0.13755,-0.16062,-1.0304,0.18289
31.8,0.3558,-0.39437,0.04141,0.45413,0.04023,0.03301,0.39216,0.25857,0.01687,0.42808,-0.02734,-0.16125,0.3347,-0.23661,-0.24322,0.11116,-0.13559,-0.14343,-0.01268,-0.05803,-0.04471,0.41192,-0.01616,0.22799,0.42825,-0.25094,0.28999,0.21544,-0.35623,0.1727,0.09212,-0.41929,0.06356,0.31657,-0.4695,-0.03695,-0.06592,-0.47487,-0.16143,0.00868,-0.87159,-0.17965,-0.1327,-1.01864,-0.26973,0.32102,-0.47717,0.11393,-0.05829,-0.48764,0.24748,-0.00894,-0.87336,0.13763,-0.16061,-1.03041,0.18297
31.82,0.35567,-0.39432,0.04119,0.45404,0.04026,0.0323,0.39174,0.25856,0.01694,0.42794,-0.02752,-0.16188,0.33466,-0.23688,-0.24369,0.11103,-0.13629,-0.14366,-0.01308,-0.05902,-0.04506,0.41186,-0.01591,0.22735,0.42718,-0.25059,0.28997,0.21374,-0.35438,0.1725,0.08982,-0.41641,0.06343,0.31641,-0.46949,-0.03711,-0.06614,-0.47496,-0.16142,0.00866,-0.87164,-0.17962,-0.13268,-1.01876,-0.26965,0.32089,-0.47706,0.11377,-0.05838,-0.48766,0.24743,-0.00895,-0.87338,0.13759,-0.16056,-1.03047,0.18298
31.84,0.35554,-0.39428,0.0409,0.45414,0.04024,0.03155,0.39122,0.25842,0.01699,0.42798,-0.02772,-0.16255,0.33455,-0.23706,-0.24427,0.11086,-0.1369,-0.14397,-0.01346,-0.05987,-0.04544,0.41195,-0.01571,0.22666,0.42574,-0.25031,0.28994,0.21135,-0.35177,0.17215,0.08669,-0.41229,0.06308,0.31622,-0.46949,-0.03734,-0.06638,-0.47507,-0.16145,0.00866,-0.87172,-0.1796,-0.13264,-1.01892,-0.26955,0.32076,-0.47696,0.11355,-0.05845,-0.48772,0.24736,-0.00894,-0.87342,0.13752,-0.16049,-1.03056,0.18298
31.86,0.35541,-0.39424,0.04065,0.45418,0.04023,0.03079,0.39074,0.25831,0.01705,0.42798,-0.02795,-0.16323,0.33447,-0.23732,-0.24479,0.11073,-0.13752,-0.14421,-0.0138,-0.0607,-0.04579,0.412,-0.01548,0.22597,0.42436,-0.24998,0.28994,0.20914,-0.34929,0.17184,0.0838,-0.40841,0.06278,0.31604,-0.46949,-0.03752,-0.06662,-0.47518,-0.16145,0.00864,-0.87178,-0.17957,-0.13262,-1.01907,-0.26946,0.32063,-0.47686,0.11337,-0.05853,-0.48776,0.24732,-0.00895,-0.87345,0.13746,-0.16043,-1.03064,0.18299
31.88,0.35526,-0.39418,0.04035,0.45406,0.04028,0.03014,0.3903,0.25831,0.01708,0.42781,-0.02805,-0.16383,0.33438,-0.23745,-0.24539,0.11048,-0.13827,-0.14458,-0.01436,-0.06187,-0.04621,0.4119,-0.01528,0.22537,0.42342,-0.24968,0.28983,0.20765,-0.34763,0.17158,0.08179,-0.40579,0.06261,0.31586,-0.46947,-0.03777,-0.06686,-0.47527,-0.16153,0.00863,-0.87183,-0.17957,-0.13259,-1.01921,-0.26938,0.32048,-0.47675,0.11312,-0.05863,-0.48779,0.2472,-0.00895,-0.87348,0.13739,-0.16036,-1.03071,0.18299
31.9,0.35516,-0.39417,0.04015,0.45434,0.04018,0.02927,0.38976,0.25803,0.01718,0.42802,-0.02841,-0.16459,0.3343,-0.23781,-0.24583,0.11049,-0.13874,-0.1447,-0.01445,-0.06233,-0.04647,0.41215,-0.01504,0.22459,0.42147,-0.24929,0.28994,0.20456,-0.34405,0.17118,0.07785,-0.40017,0.06212,0.31568,-0.46951,-0.03789,-0.0671,-0.47541,-0.16143,0.00862,-0.87192,-0.1795,-0.13256,-1.01937,-0.26925,0.32037,-0.47666,0.11301,-0.05868,-0.48787,0.24724,-0.00895,-0.87353,0.13736,-0.16031,-1.03081,0.18301
31.92,0.35518,-0.39434,0.04026,0.45577,0.03965,0.02779,0.38891,0.25689,0.01739,0.42925,-0.02958,-0.16582,0.33416,-0.23888,-0.24573,0.1112,-0.13839,-0.14413,-0.01319,-0.06064,-0.04625,0.41337,-0.01472,0.2233,0.41696,-0.24855,0.29069,0.19754,-0.33526,0.17041,0.06932,-0.38644,0.06069,0.3155,-0.46977,-0.03758,-0.06739,-0.47573,-0.1608,0.00863,-0.87217,-0.17924,-0.1325,-1.01965,-0.26901,0.32037,-0.47664,0.11332,-0.0586,-0.48816,0.24777,-0.00897,-0.87371,0.13745,-0.16031,-1.031,0.18307
31.94,0.35526,-0.39456,0.04046,0.45759,0.03896,0.02609,0.38797,0.25542,0.01766,0.43084,-0.03102,-0.16721,0.33404,-0.24015,-0.24548,0.11219,-0.13776,-0.14334,-0.01143,-0.05827,-0.04589,0.41494,-0.01437,0.22184,0.41144,-0.2475,0.29162,0.18942,-0.32429,0.16938,0.05969,-0.36941,0.05879,0.31533,-0.47009,-0.03716,-0.06768,-0.47609,-0.16001,0.00865,-0.87245,-0.17892,-0.13243,-1.01995,-0.26874,0.32041,-0.47664,0.11376,-0.05845,-0.4885,0.24845,-0.00897,-0.87392,0.13759,-0.16032,-1.03122,0.18315
31.96,0.35533,-0.39476,0.04061,0.45919,0.03834,0.02453,0.3871,0.25405,0.01795,0.43223,-0.03232,-0.1685,0.33395,-0.24129,-0.24533,0.11308,-0.13731,-0.14268,-0.0099,-0.05636,-0.04562,0.41631,-0.01406,0.22048,0.40633,-0.24634,0.29242,0.18236,-0.31398,0.16835,0.05148,-0.3535,0.05696,0.31517,-0.47038,-0.0368,-0.06794,-0.47643,-0.15931,0.00867,-0.87272,-0.17861,-0.13237,-1.02024,-0.26847,0.32045,-0.47663,0.11412,-0.05832,-0.48881,0.24905,-0.00897,-0.87411,0.13772,-0.16032,-1.03142,0.18325
31.98,0.35534,-0.39495,0.04082,0.46096,0.03764,0.02281,0.3862,0.2525,0.01807,0.43372,-0.03377,-0.16991,0.33366,-0.24252,-0.24501,0.11393,-0.1366,-0.14191,-0.00823,-0.05383,-0.04534,0.41785,-0.0137,0.21898,0.40163,-0.24487,0.29333,0.17623,-0.3033,0.16718,0.04463,-0.3372,0.0548,0.31495,-0.47069,-0.03636,-0.06829,-0.47679,-0.15849,0.00868,-0.87298,-0.17829,-0.13229,-1.02054,-0.26819,0.32045,-0.47661,0.11457,-0.05822,-0.48916,0.24976,-0.00898,-0.8743,0.13783,-0.16032,-1.03164,0.1833
32,0.35548,-0.39517,0.04091,0.46243,0.03703,0.02134,0.38537,0.2511,0.01856,0.43505,-0.03501,-0.17112,0.33377,-0.24361,-0.24501,0.11495,-0.13635,-0.14136,-0.0067,-0.05246,-0.04512,0.4191,-0.01345,0.21769,0.39591,-0.24341,0.29395,0.1693,-0.2923,0.16594,0.03697,-0.32031,0.05278,0.31485,-0.47098,-0.03607,-0.06848,-0.47713,-0.15788,0.0087,-0.87326,-0.17801,-0.13225,-1.02083,-0.26792,0.32054,-0.47663,0.11485,-0.05804,-0.48945,0.25027,-0.00897,-0.8745,0.13798,-0.16032,-1.03184,0.18344
32.02,0.35595,-0.39549,0.04061,0.46297,0.03667,0.02057,0.38456,0.25027,0.02007,0.43578,-0.03562,-0.17182,0.33496,-0.24435,-0.246,0.11637,-0.13745,-0.14148,-0.00571,-0.05432,-0.04512,0.41943,-0.01354,0.21694,0.38771,-0.24228,0.2938,0.1597,-0.28081,0.16474,0.02613,-0.30215,0.05159,0.31508,-0.47125,-0.03629,-0.06831,-0.47741,-0.15794,0.00867,-0.87359,-0.1779,-0.13237,-1.02115,-0.2677,0.32084,-0.4768,0.11464,-0.0577,-0.48955,0.25016,-0.00895,-0.87474,0.13819,-0.16036,-1.03198,0.1838
32.04,0.35653,-0.39584,0.04018,0.4632,0.0364,0.02006,0.38382,0.24964,0.02191,0.43634,-0.03602,-0.17233,0.33655,-0.24495,-0.2473,0.11793,-0.13904,-0.14184,-0.00491,-0.05738,-0.04521,0.41942,-0.01375,0.21639,0.37849,-0.24099,0.2933,0.14935,-0.26888,0.1635,0.0146,-0.28325,0.05066,0.31542,-0.47151,-0.03668,-0.068,-0.47767,-0.15823,0.00863,-0.87394,-0.17787,-0.13255,-1.02146,-0.26749,0.32122,-0.47703,0.11424,-0.0573,-0.4896,0.24983,-0.00893,-0.875,0.13841,-0.16041,-1.03211,0.18422
32.06,0.35705,-0.39616,0.03981,0.46357,0.03611,0.01945,0.38314,0.24892,0.02354,0.43699,-0.03649,-0.17291,0.33797,-0.24559,-0.24844,0.11941,-0.14044,-0.14209,-0.00407,-0.05996,-0.04528,0.41956,-0.01388,0.21577,0.36973,-0.23929,0.29285,0.14005,-0.25678,0.16218,0.0046,-0.26435,0.04952,0.3157,-0.47175,-0.037,-0.06777,-0.47793,-0.1584,0.00859,-0.87426,-0.17781,-0.13269,-1.02177,-0.26729,0.32156,-0.47722,0.11393,-0.05694,-0.48968,0.24961,-0.0089,-0.87524,0.13862,-0.16044,-1.03224,0.1846
32.08,0.35763,-0.39654,0.0394,0.46395,0.03576,0.01872,0.38215,0.24798,0.02538,0.43758,-0.03703,-0.17359,0.33937,-0.24631,-0.2497,0.12105,-0.1417,-0.14235,-0.00295,-0.06223,-0.04535,0.41979,-0.01407,0.21505,0.36146,-0.23728,0.29255,0.13175,-0.24347,0.16092,-0.00407,-0.24356,0.04845,0.31602,-0.47206,-0.03734,-0.06747,-0.47821,-0.15865,0.00856,-0.87462,-0.17773,-0.13286,-1.0221,-0.26705,0.32194,-0.47745,0.11359,-0.05653,-0.48974,0.24935,-0.00888,-0.87549,0.13885,-0.1605,-1.03236,0.18502
32.1,0.3581,-0.3968,0.03906,0.46422,0.03555,0.01831,0.38183,0.24747,0.02688,0.43826,-0.03739,-0.17401,0.34089,-0.24682,-0.25074,0.12239,-0.14338,-0.14264,-0.00243,-0.06539,-0.04549,0.41972,-0.01418,0.21459,0.35214,-0.23489,0.29173,0.12277,-0.23161,0.15941,-0.01313,-0.22546,0.04719,0.31627,-0.47223,-0.03765,-0.06728,-0.47845,-0.15879,0.00852,-0.87491,-0.1777,-0.13301,-1.02237,-0.26688,0.32224,-0.47761,0.11328,-0.0562,-0.48981,0.24913,-0.00884,-0.87572,0.13905,-0.16051,-1.03249,0.18539
32.12,0.35822,-0.39671,0.03895,0.46425,0.03569,0.01876,0.38328,0.24815,0.02739,0.43916,-0.03721,-0.17368,0.34258,-0.24674,-0.25116,0.12278,-0.14619,-0.14295,-0.00364,-0.07093,-0.04572,0.41891,-0.01411,0.21484,0.34031,-0.23194,0.2897,0.11097,-0.22408,0.15751,-0.02516,-0.21496,0.04579,0.31627,-0.47199,-0.03784,-0.06739,-0.47854,-0.15859,0.00846,-0.87498,-0.17778,-0.13309,-1.02246,-0.26688,0.32228,-0.47756,0.11308,-0.05611,-0.48989,0.24906,-0.00876,-0.87585,0.13917,-0.16038,-1.03263,0.18562
32.14,0.35821,-0.3965,0.03892,0.46417,0.03595,0.01952,0.3854,0.24926,0.0276,0.44015,-0.03686,-0.17309,0.34437,-0.24647,-0.25133,0.1229,-0.14941,-0.14331,-0.00537,-0.07736,-0.04609,0.41779,-0.01396,0.21532,0.32749,-0.22829,0.287,0.09802,-0.2177,0.15523,-0.03844,-0.20686,0.04406,0.31617,-0.47161,-0.03799,-0.06763,-0.47858,-0.15828,0.00838,-0.87497,-0.1779,-0.13317,-1.0225,-0.26694,0.32222,-0.47745,0.11292,-0.05611,-0.48998,0.24905,-0.00867,-0.87596,0.13925,-0.16022,-1.03279,0.18578
32.16,0.35827,-0.39636,0.03886,0.46415,0.03614,0.02011,0.38723,0.25013,0.02801,0.44114,-0.03663,-0.17264,0.34614,-0.24634,-0.25158,0.12326,-0.15244,-0.14368,-0.00666,-0.08334,-0.04651,0.41679,-0.01384,0.21566,0.31523,-0.22409,0.28431,0.08582,-0.20995,0.15276,-0.05085,-0.19685,0.04209,0.31613,-0.47131,-0.03815,-0.0678,-0.47867,-0.15802,0.00832,-0.87502,-0.17801,-0.13323,-1.02258,-0.26697,0.32221,-0.47738,0.11274,-0.05605,-0.49009,0.24903,-0.00857,-0.87609,0.13935,-0.16006,-1.03295,0.18596
32.18,0.35832,-0.3962,0.03877,0.4641,0.03636,0.02085,0.38907,0.25104,0.0283,0.44197,-0.03626,-0.17206,0.34784,-0.24601,-0.25192,0.12347,-0.15567,-0.14407,-0.00817,-0.08985,-0.04693,0.4159,-0.01381,0.21615,0.30388,-0.21962,0.28191,0.07433,-0.20129,0.15114,-0.06271,-0.18538,0.0413,0.31609,-0.47098,-0.03835,-0.06796,-0.47872,-0.1578,0.00827,-0.87503,-0.17814,-0.13329,-1.02264,-0.26703,0.32219,-0.4773,0.11253,-0.05604,-0.49016,0.24891,-0.00848,-0.87622,0.13946,-0.15991,-1.03311,0.18616
32.2,0.35834,-0.39603,0.03876,0.46408,0.03656,0.02136,0.39107,0.25194,0.02883,0.44316,-0.03613,-0.17167,0.34972,-0.24602,-0.25197,0.12403,-0.15859,-0.14449,-0.00912,-0.09553,-0.04758,0.4147,-0.01356,0.21637,0.29116,-0.21388,0.27833,0.06191,-0.19301,0.1474,-0.07514,-0.17555,0.03781,0.316,-0.47065,-0.03846,-0.06818,-0.47881,-0.15748,0.00819,-0.87507,-0.17822,-0.13337,-1.02271,-0.26705,0.32217,-0.47721,0.11241,-0.05597,-0.49028,0.24901,-0.0084,-0.87632,0.13952,-0.15976,-1.03326,0.18629
32.22,0.35826,-0.39587,0.03896,0.46407,0.03668,0.0211,0.39328,0.25274,0.03,0.4452,-0.03671,-0.17187,0.352,-0.24705,-0.25125,0.12543,-0.16055,-0.14486,-0.00864,-0.09852,-0.04856,0.41266,-0.01274,0.21576,0.27444,-0.20511,0.27161,0.04668,-0.18574,0.13787,-0.08944,-0.16986,0.02689,0.31575,-0.47037,-0.03829,-0.06855,-0.47902,-0.15686,0.008,-0.87522,-0.17816,-0.13357,-1.02285,-0.26698,0.32217,-0.47713,0.11257,-0.05576,-0.49056,0.24974,-0.0084,-0.87641,0.13946,-0.15969,-1.03341,0.18619
32.24,0.35814,-0.3957,0.03924,0.4641,0.03678,0.0206,0.39553,0.25347,0.03144,0.44759,-0.03754,-0.17223,0.35442,-0.24841,-0.25022,0.12713,-0.16215,-0.14521,-0.00768,-0.10059,-0.04963,0.41032,-0.01172,0.21485,0.25701,-0.19442,0.26329,0.03096,-0.17818,0.12627,-0.10407,-0.16521,0.0136,0.31545,-0.47008,-0.03801,-0.06898,-0.47926,-0.15614,0.00778,-0.87538,-0.17805,-0.1338,-1.023,-0.26688,0.32216,-0.47704,0.11282,-0.0555,-0.49088,0.25068,-0.00842,-0.87646,0.13935,-0.15965,-1.03355,0.18603
32.26,0.35804,-0.39553,0.03947,0.46414,0.03689,0.02022,0.3977,0.25414,0.03285,0.44988,-0.03825,-0.17247,0.35678,-0.24957,-0.24932,0.12869,-0.16389,-0.14556,-0.00694,-0.10309,-0.05065,0.40813,-0.0108,0.21405,0.24128,-0.18317,0.25502,0.01651,-0.16929,0.11566,-0.1178,-0.15872,0.00188,0.31517,-0.46979,-0.03781,-0.06938,-0.47948,-0.15548,0.00758,-0.87553,-0.17797,-0.13401,-1.02315,-0.26679,0.32215,-0.47694,0.113,-0.05527,-0.49117,0.25148,-0.00843,-0.87652,0.13927,-0.1596,-1.03369,0.1859
32.28,0.35796,-0.39538,0.03974,0.46406,0.03701,0.01978,0.39983,0.25482,0.03419,0.45196,-0.03898,-0.17273,0.35899,-0.25082,-0.2483,0.13023,-0.16558,-0.14566,-0.00615,-0.10541,-0.05144,0.40593,-0.00986,0.21317,0.22597,-0.17032,0.24632,0.00232,-0.15817,0.10501,-0.13139,-0.14935,-0.00962,0.31491,-0.46953,-0.03754,-0.06978,-0.47973,-0.15474,0.00739,-0.8757,-0.1779,-0.13421,-1.0233,-0.26674,0.32219,-0.47687,0.11324,-0.05496,-0.49153,0.25242,-0.00842,-0.87661,0.13915,-0.15954,-1.03385,0.18572
32.3,0.35782,-0.3952,0.03994,0.46423,0.03709,0.01942,0.40183,0.25528,0.03585,0.45453,-0.03974,-0.17289,0.36146,-0.25191,-0.24739,0.13185,-0.16723,-0.14618,-0.00532,-0.10782,-0.05263,0.40368,-0.00893,0.21228,0.21263,-0.15767,0.23699,-0.01042,-0.14816,0.09455,-0.14405,-0.1423,-0.02037,0.31461,-0.46922,-0.03737,-0.07017,-0.47993,-0.1542,0.00716,-0.87585,-0.1778,-0.13445,-1.02344,-0.26662,0.32211,-0.47677,0.11339,-0.05482,-0.49175,0.25311,-0.00847,-0.87663,0.13909,-0.15951,-1.03395,0.18563
32.32,0.35748,-0.39488,0.0399,0.46511,0.0371,0.01928,0.40355,0.25532,0.03837,0.45836,-0.04052,-0.17283,0.36454,-0.25252,-0.24689,0.13359,-0.16895,-0.14786,-0.00452,-0.11081,-0.05487,0.40135,-0.00798,0.21133,0.20254,-0.14752,0.22656,-0.02056,-0.14374,0.08392,-0.15486,-0.14457,-0.03036,0.31416,-0.46875,-0.0375,-0.0707,-0.48002,-0.154,0.00679,-0.8759,-0.17762,-0.13489,-1.02353,-0.26629,0.32169,-0.4765,0.11325,-0.05516,-0.49156,0.25316,-0.00868,-0.87643,0.13914,-0.15959,-1.03384,0.18575
32.34,0.35708,-0.39453,0.03979,0.46624,0.03707,0.01926,0.40506,0.25513,0.04113,0.46265,-0.04134,-0.17262,0.36788,-0.25297,-0.24652,0.13542,-0.17065,-0.14997,-0.00366,-0.11394,-0.05757,0.399,-0.00703,0.21035,0.19415,-0.13832,0.2157,-0.02924,-0.14107,0.0735,-0.16448,-0.14963,-0.03935,0.31369,-0.46824,-0.03772,-0.07121,-0.48006,-0.15405,0.00638,-0.87594,-0.17741,-0.13536,-1.02362,-0.26588,0.32116,-0.4762,0.11302,-0.0557,-0.49121,0.25294,-0.00894,-0.87614,0.13925,-0.15971,-1.03366,0.18597
32.36,0.35674,-0.39421,0.03971,0.46727,0.03705,0.01923,0.4065,0.25495,0.04369,0.46672,-0.04217,-0.17236,0.37111,-0.25348,-0.24607,0.13728,-0.17231,-0.1519,-0.00275,-0.11695,-0.06012,0.39671,-0.00609,0.20933,0.18636,-0.12841,0.20485,-0.03751,-0.13656,0.06361,-0.17377,-0.1517,-0.04731,0.31327,-0.46776,-0.03791,-0.07163,-0.4801,-0.15416,0.00603,-0.87598,-0.17722,-0.13577,-1.02371,-0.26552,0.32069,-0.47593,0.11283,-0.05616,-0.49092,0.25275,-0.00916,-0.8759,0.13934,-0.1598,-1.03352,0.18615
32.38,0.35629,-0.39381,0.03965,0.46829,0.03706,0.01903,0.40789,0.25468,0.04664,0.47081,-0.04306,-0.17216,0.37412,-0.25403,-0.24547,0.13895,-0.17413,-0.15359,-0.00192,-0.12017,-0.06225,0.39439,-0.00499,0.2081,0.17886,-0.11699,0.19263,-0.04554,-0.1312,0.05272,-0.18297,-0.15364,-0.05547,0.31268,-0.46719,-0.03805,-0.07242,-0.48022,-0.15357,0.00556,-0.87601,-0.177,-0.13632,-1.02378,-0.26509,0.32019,-0.47559,0.11267,-0.05654,-0.49069,0.25293,-0.00942,-0.87563,0.13942,-0.15991,-1.03336,0.18633
32.4,0.35605,-0.39358,0.03953,0.46936,0.03696,0.0192,0.409,0.25434,0.04879,0.4749,-0.04388,-0.17162,0.37756,-0.25447,-0.24515,0.14105,-0.17565,-0.15582,-0.00086,-0.12304,-0.06531,0.3922,-0.00423,0.20716,0.17354,-0.10822,0.1826,-0.05183,-0.12611,0.04468,-0.19058,-0.15348,-0.06065,0.31245,-0.46682,-0.03831,-0.07245,-0.48018,-0.15448,0.00533,-0.87608,-0.17684,-0.13658,-1.0239,-0.26481,0.31973,-0.47539,0.11241,-0.05714,-0.49029,0.25228,-0.00962,-0.8754,0.13951,-0.16,-1.03322,0.18651
32.42,0.35638,-0.39381,0.03928,0.47052,0.03658,0.02043,0.40988,0.25404,0.04881,0.47902,-0.04442,-0.17022,0.38216,-0.25457,-0.24562,0.1443,-0.17628,-0.15944,0.00075,-0.12491,-0.07083,0.3903,-0.00436,0.20716,0.17146,-0.10698,0.17874,-0.05547,-0.12366,0.04324,-0.19544,-0.15083,-0.06053,0.31321,-0.46698,-0.03886,-0.07027,-0.47973,-0.1597,0.00567,-0.87625,-0.17684,-0.13614,-1.02409,-0.26493,0.31943,-0.47556,0.11191,-0.05838,-0.48949,0.24935,-0.00966,-0.87534,0.13967,-0.16003,-1.03314,0.18675
32.44,0.35693,-0.39421,0.03898,0.47169,0.03609,0.02204,0.41063,0.25374,0.04803,0.4831,-0.04486,-0.16848,0.38725,-0.25459,-0.24632,0.14806,-0.17665,-0.16358,0.00269,-0.12645,-0.0773,0.38854,-0.00484,0.20749,0.17052,-0.10873,0.17739,-0.05802,-0.12261,0.04432,-0.19901,-0.14784,-0.05855,0.31434,-0.46734,-0.03951,-0.06723,-0.47914,-0.16634,0.00615,-0.87636,-0.17694,-0.13553,-1.0242,-0.26525,0.31918,-0.47587,0.11131,-0.0598,-0.48851,0.2456,-0.00968,-0.87528,0.13984,-0.16008,-1.03302,0.18701
32.46,0.35739,-0.39454,0.03871,0.4728,0.03565,0.02348,0.41136,0.25341,0.04757,0.48707,-0.04534,-0.16682,0.39218,-0.25469,-0.2468,0.1517,-0.1772,-0.16745,0.00465,-0.12814,-0.08338,0.38675,-0.00517,0.20763,0.16918,-0.10927,0.17515,-0.06073,-0.12125,0.04426,-0.2026,-0.14535,-0.05767,0.31531,-0.46762,-0.04011,-0.06452,-0.47862,-0.17212,0.00646,-0.87639,-0.17704,-0.13515,-1.0242,-0.26552,0.31892,-0.47611,0.11075,-0.06107,-0.48761,0.24225,-0.00976,-0.87516,0.13999,-0.16018,-1.03286,0.18724
32.48,0.35781,-0.39486,0.03843,0.47401,0.03518,0.02501,0.41261,0.25313,0.04735,0.49141,-0.0459,-0.165,0.39701,-0.2546,-0.24725,0.15534,-0.17751,-0.1712,0.00661,-0.12979,-0.08935,0.3848,-0.00546,0.20768,0.16761,-0.1092,0.17168,-0.06419,-0.12065,0.04411,-0.20742,-0.14486,-0.05587,0.31627,-0.46789,-0.04072,-0.0615,-0.47808,-0.17858,0.00667,-0.87637,-0.17712,-0.13487,-1.02411,-0.26583,0.31863,-0.47636,0.11017,-0.06242,-0.48674,0.23869,-0.00983,-0.87511,0.14024,-0.16029,-1.03272,0.18762
32.5,0.35837,-0.39524,0.03815,0.47494,0.03475,0.02647,0.41284,0.25274,0.04643,0.49489,-0.04627,-0.16331,0.40221,-0.25492,-0.24763,0.15929,-0.17828,-0.17517,0.00894,-0.1315,-0.09577,0.38323,-0.00591,0.20789,0.16682,-0.11108,0.17128,-0.06577,-0.11936,0.04494,-0.20929,-0.14104,-0.05521,0.31735,-0.46822,-0.04132,-0.0587,-0.47757,-0.18388,0.00693,-0.87624,-0.17736,-0.13459,-1.02388,-0.26626,0.31844,-0.47664,0.10958,-0.06357,-0.48577,0.23533,-0.00998,-0.87485,0.14028,-0.16048,-1.03241,0.18773
32.52,0.35928,-0.39575,0.03792,0.4752,0.03445,0.02766,0.41023,0.25194,0.04359,0.49627,-0.04617,-0.16216,0.40831,-0.25626,-0.24794,0.164,-0.18005,-0.17985,0.01226,-0.13296,-0.10334,0.38261,-0.00671,0.20853,0.16794,-0.11747,0.17886,-0.06247,-0.11452,0.04835,-0.20328,-0.12589,-0.0572,0.31867,-0.46862,-0.04185,-0.05693,-0.47722,-0.18563,0.00738,-0.87608,-0.17786,-0.13425,-1.02361,-0.26675,0.31848,-0.47698,0.10905,-0.06421,-0.48456,0.23279,-0.01048,-0.8741,0.13973,-0.16097,-1.03171,0.18703
32.54,0.36033,-0.39632,0.03769,0.47517,0.0342,0.02875,0.40659,0.25086,0.04003,0.49678,-0.04588,-0.16125,0.41477,-0.25788,-0.24821,0.16904,-0.18225,-0.18473,0.01599,-0.13453,-0.11127,0.38238,-0.00767,0.20935,0.17031,-0.12542,0.18953,-0.05606,-0.1083,0.05316,-0.19209,-0.10654,-0.05904,0.3201,-0.46908,-0.04238,-0.0555,-0.47689,-0.1862,0.00801,-0.87588,-0.17849,-0.13375,-1.02331,-0.26733,0.31864,-0.47736,0.10852,-0.06465,-0.48327,0.23049,-0.01099,-0.87318,0.13897,-0.16146,-1.03088,0.18604
32.56,0.36131,-0.39685,0.03745,0.47523,0.03394,0.02984,0.40343,0.24974,0.0368,0.49756,-0.04565,-0.16028,0.42108,-0.25922,-0.24841,0.17402,-0.18433,-0.18936,0.01968,-0.1363,-0.11888,0.382,-0.00855,0.21007,0.17272,-0.13227,0.19884,-0.04948,-0.10242,0.05788,-0.1805,-0.08897,-0.05938,0.32148,-0.4695,-0.04292,-0.0539,-0.4765,-0.18735,0.00864,-0.87563,-0.17912,-0.13324,-1.02297,-0.26795,0.31876,-0.47772,0.10797,-0.06514,-0.482,0.22806,-0.01142,-0.87231,0.1383,-0.16186,-1.03008,0.18521
32.58,0.36234,-0.39742,0.03725,0.47542,0.03362,0.031,0.40036,0.2484,0.03319,0.49877,-0.04556,-0.15918,0.42755,-0.26032,-0.24883,0.17943,-0.18544,-0.19441,0.02393,-0.13669,-0.12701,0.38147,-0.00942,0.21072,0.17537,-0.13883,0.20838,-0.04184,-0.09608,0.06303,-0.16658,-0.07047,-0.05896,0.32292,-0.46994,-0.04344,-0.05228,-0.47624,-0.18837,0.00895,-0.87556,-0.17961,-0.13313,-1.02274,-0.26839,0.31884,-0.47808,0.10743,-0.06568,-0.48075,0.22557,-0.0122,-0.87147,0.13745,-0.16268,-1.02929,0.18411
32.6,0.36328,-0.39793,0.03696,0.47518,0.03343,0.03194,0.3969,0.24707,0.0301,0.49882,-0.04515,-0.15845,0.43379,-0.2616,-0.24874,0.18429,-0.18838,-0.19855,0.02752,-0.13983,-0.13403,0.38128,-0.01036,0.21151,0.17887,-0.14533,0.21814,-0.03225,-0.09012,0.0681,-0.15006,-0.05355,-0.05792,0.32425,-0.47037,-0.04399,-0.0508,-0.47572,-0.18935,0.00997,-0.87511,-0.18046,-0.13213,-1.02224,-0.26927,0.31904,-0.47845,0.10685,-0.06601,-0.47948,0.22325,-0.01222,-0.87054,0.13685,-0.1626,-1.02847,0.18342
32.62,0.36392,-0.39832,0.0364,0.47397,0.03353,0.03236,0.39255,0.24596,0.02874,0.49597,-0.04402,-0.15864,0.43964,-0.26355,-0.24732,0.18774,-0.19666,-0.20041,0.02913,-0.15096,-0.13834,0.38211,-0.01154,0.21267,0.18414,-0.15227,0.22789,-0.01968,-0.08581,0.0724,-0.13121,-0.0413,-0.05674,0.32527,-0.47083,-0.04467,-0.0496,-0.47446,-0.19055,0.01274,-0.87362,-0.18242,-0.12898,-1.02096,-0.27147,0.31954,-0.47888,0.10615,-0.0659,-0.47817,0.22128,-0.01038,-0.86945,0.13703,-0.16045,-1.02756,0.18401
32.64,0.36445,-0.39865,0.03574,0.47231,0.03376,0.03257,0.38771,0.24493,0.02801,0.49195,-0.04261,-0.15916,0.44542,-0.26527,-0.24571,0.19096,-0.20663,-0.20165,0.03038,-0.16498,-0.14183,0.38326,-0.01277,0.21392,0.19031,-0.15922,0.23744,-0.00526,-0.08235,0.07628,-0.11048,-0.03122,-0.05568,0.32617,-0.47129,-0.04539,-0.04853,-0.47297,-0.19174,0.01627,-0.87176,-0.18469,-0.1249,-1.01945,-0.27406,0.32015,-0.47931,0.10542,-0.0656,-0.47686,0.2195,-0.00774,-0.86829,0.13752,-0.15736,-1.02665,0.18508
32.66,0.365,-0.39899,0.03513,0.47073,0.03395,0.03284,0.38297,0.24379,0.02705,0.48836,-0.04136,-0.15951,0.4513,-0.26635,-0.24458,0.1947,-0.21542,-0.2034,0.03235,-0.17761,-0.14587,0.38417,-0.01393,0.21503,0.19653,-0.16567,0.24663,0.00969,-0.07891,0.08022,-0.0886,-0.02122,-0.05435,0.32709,-0.47173,-0.04608,-0.04743,-0.47162,-0.19289,0.01955,-0.87006,-0.1867,-0.12108,-1.01809,-0.27635,0.32069,-0.47973,0.10471,-0.06537,-0.47558,0.21769,-0.00531,-0.86713,0.1379,-0.15448,-1.02576,0.18598
32.68,0.36568,-0.39941,0.03451,0.46961,0.03396,0.0332,0.37842,0.2423,0.02609,0.48504,-0.04023,-0.15977,0.45824,-0.26723,-0.24334,0.19963,-0.22457,-0.20552,0.03548,-0.19091,-0.15056,0.38564,-0.01525,0.21624,0.20425,-0.17243,0.25654,0.02777,-0.07541,0.08457,-0.06237,-0.01099,-0.05263,0.32815,-0.47223,-0.04681,-0.04615,-0.4701,-0.19417,0.02249,-0.86828,-0.18914,-0.11782,-1.01639,-0.27918,0.32129,-0.48022,0.10396,-0.06511,-0.47414,0.21565,-0.00353,-0.86593,0.13823,-0.15252,-1.02456,0.18687
32.7,0.36607,-0.39963,0.03389,0.4674,0.03436,0.03329,0.37322,0.24134,0.02538,0.48082,-0.03885,-0.1602,0.46328,-0.26704,-0.24298,0.20314,-0.23255,-0.20737,0.03753,-0.20328,-0.15432,0.38604,-0.0162,0.21715,0.21024,-0.17777,0.26427,0.04275,-0.07281,0.08802,-0.0406,-0.0033,-0.05097,0.3289,-0.4726,-0.04746,-0.04524,-0.46887,-0.19519,0.02636,-0.86653,-0.19073,-0.11313,-1.01528,-0.28097,0.32181,-0.48054,0.10331,-0.06482,-0.47304,0.21412,-0.00025,-0.86475,0.13876,-0.14846,-1.02393,0.18797
32.72,0.36572,-0.39935,0.03322,0.46249,0.03568,0.0327,0.36674,0.24195,0.02521,0.47462,-0.03689,-0.16112,0.46344,-0.26537,-0.24421,0.20254,-0.23827,-0.20776,0.03619,-0.21349,-0.15473,0.38362,-0.01619,0.21727,0.21047,-0.17997,0.26656,0.0463,-0.07205,0.08898,-0.03518,-0.00075,-0.05021,0.32885,-0.47269,-0.04793,-0.04529,-0.46836,-0.19563,0.03268,-0.86481,-0.1899,-0.10463,-1.01575,-0.27985,0.32211,-0.48042,0.10286,-0.06446,-0.47276,0.21389,0.00719,-0.86347,0.13977,-0.13854,-1.02478,0.18947
32.74,0.36509,-0.39887,0.03256,0.45646,0.03733,0.03189,0.35962,0.24312,0.02524,0.46755,-0.03475,-0.16218,0.46137,-0.26309,-0.24617,0.20012,-0.2429,-0.20776,0.03339,-0.22252,-0.15406,0.38008,-0.01584,0.21714,0.20844,-0.18105,0.2669,0.04541,-0.07196,0.08899,-0.03608,-4e-05,-0.04988,0.32852,-0.47266,-0.04832,-0.0457,-0.46817,-0.19584,0.03989,-0.86302,-0.18822,-0.09472,-1.01666,-0.27768,0.32233,-0.48012,0.10251,-0.06407,-0.47285,0.21415,0.01607,-0.86208,0.14091,-0.12654,-1.026,0.1911
32.76,0.36459,-0.39846,0.03193,0.45081,0.03878,0.03122,0.35261,0.24395,0.02516,0.46076,-0.03278,-0.16309,0.45982,-0.26084,-0.24807,0.19836,-0.24745,-0.20824,0.03126,-0.23135,-0.15421,0.37696,-0.01564,0.21713,0.20737,-0.18258,0.26813,0.04649,-0.07154,0.08947,-0.03415,0.00152,-0.0493,0.32834,-0.47266,-0.04872,-0.04592,-0.46792,-0.19612,0.04664,-0.86115,-0.18693,-0.08546,-1.01718,-0.27599,0.32259,-0.47989,0.10213,-0.0637,-0.47285,0.21418,0.02416,-0.8606,0.14195,-0.1156,-1.02681,0.19264
32.78,0.36405,-0.39813,0.03114,0.44555,0.04002,0.03052,0.34627,0.24468,0.02532,0.45415,-0.031,-0.16406,0.45997,-0.25893,-0.24917,0.19846,-0.25387,-0.20771,0.03112,-0.24299,-0.15315,0.37434,-0.01562,0.2171,0.20694,-0.18438,0.26935,0.04817,-0.07124,0.09011,-0.03174,0.00303,-0.04844,0.32807,-0.47273,-0.04926,-0.0462,-0.46732,-0.19661,0.05349,-0.85876,-0.18567,-0.07595,-1.01723,-0.27432,0.3228,-0.4797,0.10163,-0.06334,-0.47251,0.21417,0.03266,-0.85852,0.14297,-0.10399,-1.02712,0.19425
32.8,0.36353,-0.39759,0.03068,0.43918,0.04161,0.02992,0.33835,0.24553,0.02508,0.4469,-0.02904,-0.16483,0.45581,-0.25602,-0.25219,0.19449,-0.25602,-0.20923,0.02707,-0.24842,-0.15436,0.37045,-0.01521,0.21708,0.20472,-0.18536,0.27015,0.04764,-0.07083,0.09032,-0.03174,0.00426,-0.0481,0.32795,-0.4726,-0.04952,-0.04641,-0.46752,-0.19666,0.06026,-0.85707,-0.18417,-0.06659,-1.01785,-0.27239,0.3231,-0.47938,0.10139,-0.06294,-0.47297,0.21431,0.04051,-0.8572,0.14393,-0.09326,-1.02795,0.19566
32.82,0.36322,-0.39658,0.03113,0.43016,0.04403,0.02958,0.32646,0.24647,0.02364,0.43835,-0.02666,-0.16514,0.441,-0.25075,-0.26007,0.17983,-0.24656,-0.21643,0.01233,-0.2364,-0.16223,0.36347,-0.01394,0.21712,0.19833,-0.18462,0.27032,0.04219,-0.0702,0.0896,-0.03687,0.00487,-0.04901,0.32839,-0.47199,-0.04902,-0.04629,-0.46996,-0.19542,0.06691,-0.85763,-0.18212,-0.05773,-1.02038,-0.26991,0.32374,-0.47878,0.1019,-0.06234,-0.47558,0.21482,0.04647,-0.85839,0.14479,-0.08527,-1.03068,0.19662
32.84,0.36292,-0.39535,0.0319,0.42,0.04664,0.0293,0.31297,0.24728,0.02175,0.42917,-0.02424,-0.1653,0.42213,-0.24404,-0.26956,0.16124,-0.23246,-0.22555,-0.00623,-0.2177,-0.17232,0.35519,-0.01244,0.21716,0.1901,-0.18323,0.27015,0.03457,-0.06957,0.08842,-0.04427,0.0051,-0.05053,0.32898,-0.47116,-0.04825,-0.04605,-0.47316,-0.19375,0.07344,-0.85893,-0.17989,-0.04912,-1.02348,-0.26724,0.32447,-0.47804,0.10266,-0.06166,-0.47896,0.21546,0.05175,-0.86046,0.14558,-0.07826,-1.03407,0.19737
32.86,0.3626,-0.3942,0.03251,0.41025,0.0489,0.02901,0.3001,0.24779,0.02006,0.42019,-0.02208,-0.16552,0.40508,-0.23738,-0.278,0.14457,-0.2201,-0.23362,-0.02282,-0.2017,-0.18125,0.34742,-0.01123,0.2172,0.18254,-0.18224,0.27015,0.02787,-0.06905,0.0874,-0.05063,0.00536,-0.05188,0.32951,-0.4704,-0.04763,-0.04579,-0.47595,-0.19234,0.0799,-0.85972,-0.17783,-0.04052,-1.02606,-0.26475,0.32516,-0.47734,0.10329,-0.06097,-0.48198,0.21601,0.0573,-0.86204,0.14636,-0.07086,-1.03703,0.19816
32.88,0.36237,-0.39316,0.03317,0.40077,0.05083,0.02871,0.28764,0.24797,0.0184,0.41146,-0.02029,-0.16573,0.38969,-0.23065,-0.28618,0.12973,-0.20658,-0.24172,-0.0374,-0.18345,-0.19043,0.33991,-0.01025,0.21724,0.17555,-0.18175,0.27021,0.02131,-0.06919,0.0867,-0.05725,0.00496,-0.05268,0.33007,-0.46973,-0.04694,-0.04553,-0.47902,-0.19067,0.08702,-0.86045,-0.17551,-0.03101,-1.02876,-0.26193,0.32591,-0.47671,0.10398,-0.06015,-0.48502,0.21671,0.06328,-0.86348,0.14731,-0.06287,-1.03991,0.19914
32.9,0.36193,-0.39182,0.0338,0.39038,0.0529,0.02844,0.27398,0.24805,0.01656,0.402,-0.01831,-0.16591,0.37085,-0.22259,-0.29448,0.11145,-0.19318,-0.25001,-0.0555,-0.16676,-0.19972,0.33154,-0.00918,0.21728,0.16694,-0.18048,0.27015,0.01396,-0.0684,0.08529,-0.0638,0.00538,-0.05473,0.33059,-0.46878,-0.04632,-0.04514,-0.48166,-0.18943,0.09273,-0.86117,-0.17372,-0.02341,-1.03096,-0.25981,0.32654,-0.47584,0.1046,-0.05948,-0.48814,0.21713,0.06822,-0.86522,0.14789,-0.05627,-1.04284,0.19967
32.92,0.36099,-0.38983,0.0343,0.37782,0.05548,0.02823,0.25729,0.24796,0.01428,0.39076,-0.0157,-0.16605,0.34347,-0.21102,-0.30333,0.08403,-0.18065,-0.25975,-0.08351,-0.15542,-0.21083,0.32114,-0.00784,0.21733,0.1544,-0.17715,0.26989,0.00509,-0.0651,0.08206,-0.06943,0.00803,-0.06006,0.33104,-0.46723,-0.04593,-0.04439,-0.48294,-0.18954,0.09459,-0.86203,-0.17338,-0.02114,-1.03203,-0.25959,0.32685,-0.47446,0.10498,-0.05923,-0.49143,0.21668,0.07044,-0.86784,0.14751,-0.0533,-1.04606,0.19904
32.94,0.3598,-0.38753,0.03474,0.36438,0.05806,0.02796,0.23951,0.24758,0.01173,0.37878,-0.01304,-0.16625,0.31378,-0.19677,-0.31202,0.05381,-0.16675,-0.27141,-0.1149,-0.14407,-0.22536,0.30994,-0.00649,0.21729,0.14038,-0.17309,0.26951,-0.00448,-0.06105,0.0782,-0.0749,0.01117,-0.06645,0.33142,-0.46538,-0.04562,-0.04356,-0.48375,-0.19009,0.09504,-0.86296,-0.17355,-0.02082,-1.03273,-0.26004,0.32701,-0.47282,0.10527,-0.05912,-0.49474,0.21595,0.07165,-0.87077,0.14678,-0.05169,-1.04936,0.19799
32.96,0.35864,-0.38531,0.0352,0.3513,0.06023,0.02762,0.22237,0.2468,0.00919,0.36707,-0.01081,-0.1665,0.28696,-0.18189,-0.31995,0.02639,-0.15113,-0.28401,-0.14359,-0.12988,-0.24213,0.2991,-0.0054,0.21722,0.12707,-0.16952,0.26918,-0.01375,-0.05771,0.07475,-0.08051,0.0135,-0.07211,0.33177,-0.46359,-0.04526,-0.04282,-0.48472,-0.19036,0.09614,-0.86379,-0.17343,-0.01959,-1.03355,-0.26012,0.32719,-0.4712,0.10562,-0.05888,-0.49792,0.21541,0.07337,-0.87343,0.14623,-0.0494,-1.05248,0.19717
32.98,0.35784,-0.38337,0.03573,0.33834,0.06179,0.0273,0.20509,0.24506,0.00652,0.35563,-0.00919,-0.16672,0.26221,-0.16541,-0.32827,0.00114,-0.13222,-0.29873,-0.17011,-0.11103,-0.26234,0.28835,-0.00486,0.21713,0.11394,-0.16646,0.26909,-0.02268,-0.05526,0.07135,-0.08566,0.01471,-0.07777,0.33242,-0.46199,-0.04487,-0.0417,-0.4858,-0.19078,0.09735,-0.8648,-0.17332,-0.01833,-1.03449,-0.26021,0.32766,-0.46983,0.10599,-0.05835,-0.50141,0.21473,0.07536,-0.87644,0.14575,-0.04682,-1.05597,0.19642
33,0.35622,-0.38075,0.03609,0.32499,0.06372,0.02676,0.18815,0.24405,0.00381,0.34355,-0.00721,-0.16716,0.23737,-0.14868,-0.33433,-0.02439,-0.11434,-0.3135,-0.19713,-0.09415,-0.28435,0.27736,-0.0038,0.21689,0.10034,-0.16262,0.26858,-0.0323,-0.05177,0.06795,-0.09163,0.01692,-0.08324,0.33243,-0.45983,-0.04456,-0.0413,-0.48649,-0.19096,0.09804,-0.86538,-0.17323,-0.01753,-1.03503,-0.26033,0.32753,-0.46777,0.10629,-0.05825,-0.50417,0.21433,0.07677,-0.87869,0.14511,-0.04495,-1.0586,0.19554
33.02,0.35257,-0.37663,0.03604,0.31077,0.06695,0.02583,0.1721,0.24566,0.00123,0.32985,-0.00401,-0.16803,0.20896,-0.13314,-0.33519,-0.05397,-0.10329,-0.32484,-0.22848,-0.08839,-0.30429,0.26589,-0.00119,0.21641,0.08555,-0.15658,0.267,-0.04361,-0.04504,0.06449,-0.09973,0.02257,-0.0884,0.33087,-0.45649,-0.04443,-0.04281,-0.48629,-0.19036,0.09777,-0.86474,-0.17313,-0.01739,-1.03458,-0.26042,0.32599,-0.46416,0.10643,-0.05926,-0.50494,0.21481,0.0768,-0.8788,0.14405,-0.04473,-1.05888,0.19429
33.04,0.34809,-0.37179,0.03582,0.29623,0.07071,0.02474,0.15637,0.24829,-0.00132,0.31554,-0.00034,-0.16905,0.17973,-0.11715,-0.3338,-0.08399,-0.09301,-0.3353,-0.2598,-0.08439,-0.32458,0.25422,0.0021,0.21581,0.07038,-0.14957,0.2651,-0.05552,-0.03707,0.06107,-0.10864,0.02939,-0.09339,0.32867,-0.45249,-0.04439,-0.04501,-0.48568,-0.18957,0.09705,-0.8636,-0.17307,-0.01759,-1.03369,-0.26057,0.32384,-0.45977,0.1065,-0.06073,-0.50493,0.21553,0.07625,-0.87807,0.14282,-0.04522,-1.05825,0.19291
33.06,0.3439,-0.36711,0.03565,0.28189,0.07406,0.02369,0.1406,0.25026,-0.00394,0.30158,0.0029,-0.17003,0.15266,-0.09997,-0.33273,-0.11093,-0.07902,-0.34733,-0.28723,-0.0747,-0.34754,0.24269,0.00507,0.21522,0.0556,-0.14294,0.26345,-0.06705,-0.02986,0.05777,-0.11722,0.03521,-0.09827,0.32671,-0.44854,-0.04433,-0.04687,-0.48517,-0.18895,0.09657,-0.8626,-0.17301,-0.01759,-1.03291,-0.2607,0.32189,-0.45548,0.10657,-0.06199,-0.50517,0.21608,0.07597,-0.87762,0.14167,-0.04534,-1.05793,0.19163
33.08,0.34006,-0.36312,0.03559,0.26746,0.0764,0.02275,0.12462,0.25106,-0.00667,0.28759,0.00514,-0.17089,0.12637,-0.08117,-0.33148,-0.13632,-0.0634,-0.35998,-0.31228,-0.06341,-0.37165,0.23115,0.00709,0.21473,0.04047,-0.13657,0.26198,-0.07841,-0.02324,0.05424,-0.12528,0.04013,-0.10351,0.32514,-0.44522,-0.04417,-0.04841,-0.48451,-0.18818,0.09628,-0.8615,-0.17293,-0.01745,-1.03196,-0.26088,0.32031,-0.45183,0.10675,-0.0629,-0.50533,0.21678,0.07589,-0.87707,0.14043,-0.0454,-1.05746,0.1902
33.1,0.3353,-0.35752,0.03526,0.25327,0.08032,0.02153,0.10931,0.2538,-0.00929,0.27366,0.00887,-0.17201,0.10216,-0.06321,-0.32893,-0.15841,-0.0455,-0.37277,-0.33301,-0.0472,-0.39742,0.21969,0.01086,0.21396,0.0263,-0.12945,0.2603,-0.08994,-0.01572,0.05129,-0.13443,0.04604,-0.10779,0.32266,-0.44025,-0.04424,-0.05061,-0.4839,-0.1877,0.09566,-0.8603,-0.17293,-0.0175,-1.03107,-0.26101,0.31782,-0.44649,0.10669,-0.06449,-0.50526,0.21715,0.07538,-0.8763,0.13935,-0.04564,-1.05686,0.18912
33.12,0.32826,-0.34775,0.03425,0.23972,0.08879,0.01968,0.09558,0.26206,-0.01152,0.25995,0.01704,-0.17376,0.08012,-0.04919,-0.32378,-0.17713,-0.02817,-0.38307,-0.34917,-0.02852,-0.4218,0.20835,0.01946,0.21253,0.01451,-0.12055,0.25784,-0.10207,-0.00548,0.04975,-0.14649,0.05534,-0.10971,0.31795,-0.43112,-0.04492,-0.05426,-0.48352,-0.18822,0.09446,-0.85893,-0.17306,-0.0177,-1.03048,-0.2609,0.31308,-0.43686,0.10603,-0.0676,-0.50483,0.21688,0.07406,-0.8751,0.13866,-0.04592,-1.05622,0.18894
33.14,0.32032,-0.33637,0.03298,0.2264,0.09901,0.01759,0.0825,0.27248,-0.01361,0.24633,0.0269,-0.17575,0.05907,-0.03669,-0.3176,-0.1946,-0.01518,-0.39052,-0.36327,-0.01668,-0.44196,0.19706,0.02993,0.21084,0.00359,-0.11094,0.25509,-0.11442,0.00579,0.04874,-0.15968,0.06598,-0.11071,0.31234,-0.42033,-0.04583,-0.05832,-0.48317,-0.18896,0.09318,-0.85745,-0.17321,-0.01784,-1.02992,-0.2607,0.30742,-0.42553,0.10514,-0.07112,-0.50416,0.21627,0.07258,-0.87367,0.1382,-0.0461,-1.05544,0.18922
33.16,0.31279,-0.32566,0.03181,0.21304,0.1084,0.0156,0.06921,0.28188,-0.01581,0.23276,0.03592,-0.17762,0.0385,-0.02326,-0.31176,-0.21187,-0.00497,-0.39609,-0.37691,-0.01089,-0.45792,0.18577,0.03956,0.20925,-0.00766,-0.10168,0.25249,-0.12658,0.01646,0.04747,-0.17232,0.07591,-0.11213,0.30712,-0.41013,-0.04666,-0.06187,-0.48271,-0.18947,0.09225,-0.8559,-0.17334,-0.0177,-1.0292,-0.26054,0.30215,-0.41483,0.10433,-0.07413,-0.50344,0.21562,0.07149,-0.87224,0.13773,-0.04602,-1.05456,0.18944
33.18,0.30523,-0.31518,0.03072,0.19952,0.11743,0.01374,0.05571,0.29088,-0.018,0.21909,0.0446,-0.17937,0.0173,-0.00882,-0.30451,-0.22966,0.00252,-0.39944,-0.39028,-0.01148,-0.47089,0.17431,0.04886,0.20775,-0.01934,-0.09245,0.24972,-0.13905,0.02728,0.04609,-0.18512,0.0857,-0.11379,0.3021,-0.40011,-0.04738,-0.06487,-0.48184,-0.19046,0.09183,-0.85391,-0.17335,-0.01691,-1.02808,-0.26034,0.29695,-0.4043,0.10361,-0.07666,-0.50248,0.21584,0.07083,-0.87036,0.13712,-0.04538,-1.05334,0.18948
33.2,0.29753,-0.30384,0.02939,0.18648,0.1274,0.0116,0.04289,0.30101,-0.02026,0.20582,0.05416,-0.18139,-0.00096,0.0037,-0.29939,-0.24623,0.00689,-0.39922,-0.40397,-0.01566,-0.47476,0.16323,0.05918,0.20598,-0.0299,-0.08306,0.2472,-0.15084,0.03787,0.04501,-0.1978,0.09582,-0.11479,0.29651,-0.38913,-0.04839,-0.06832,-0.48149,-0.19047,0.09109,-0.85242,-0.17355,-0.01665,-1.02737,-0.26022,0.29136,-0.39285,0.10262,-0.07949,-0.50162,0.21424,0.07001,-0.86898,0.13691,-0.04508,-1.05241,0.19016
33.22,0.28985,-0.29058,0.0275,0.17461,0.13952,0.00877,0.03157,0.31365,-0.0227,0.19351,0.06575,-0.18405,-0.01291,0.0109,-0.30073,-0.25894,0.01101,-0.39871,-0.4176,-0.01374,-0.47161,0.15315,0.07181,0.20354,-0.03753,-0.07353,0.24532,-0.16069,0.04757,0.04458,-0.20991,0.10664,-0.11413,0.28969,-0.37607,-0.05006,-0.07293,-0.48278,-0.18768,0.08948,-0.85255,-0.17407,-0.01791,-1.02808,-0.26001,0.28509,-0.37948,0.10097,-0.08322,-0.50137,0.20733,0.06879,-0.86918,0.13736,-0.04581,-1.05256,0.19182
33.24,0.28205,-0.27651,0.02537,0.16324,0.15258,0.0057,0.02095,0.32743,-0.02515,0.1816,0.07822,-0.18695,-0.02222,0.01594,-0.30445,-0.26993,0.01524,-0.39812,-0.43086,-0.0092,-0.46595,0.14348,0.08544,0.20085,-0.04393,-0.06379,0.24375,-0.16981,0.05708,0.04456,-0.22183,0.11779,-0.11262,0.2823,-0.36215,-0.05202,-0.07748,-0.48463,-0.18385,0.08791,-0.8532,-0.17453,-0.01938,-1.02928,-0.25946,0.27844,-0.3653,0.09903,-0.08678,-0.50138,0.19863,0.06761,-0.8698,0.13766,-0.04684,-1.05296,0.19315
33.26,0.27421,-0.26277,0.02332,0.15171,0.16524,0.00277,0.01014,0.34076,-0.02755,0.16959,0.09033,-0.18971,-0.03229,0.02186,-0.30714,-0.28129,0.01954,-0.39727,-0.44383,-0.00564,-0.46087,0.13363,0.09866,0.19827,-0.05076,-0.05401,0.24213,-0.17919,0.06676,0.04452,-0.2338,0.12874,-0.11129,0.27508,-0.34857,-0.0539,-0.08116,-0.48603,-0.18046,0.08703,-0.85341,-0.17472,-0.02007,-1.0301,-0.2586,0.27186,-0.35144,0.09718,-0.08952,-0.50123,0.19092,0.06694,-0.86993,0.1374,-0.04736,-1.05298,0.19357
33.28,0.26673,-0.24911,0.02138,0.13988,0.17759,1e-05,-0.00117,0.35359,-0.03003,0.15733,0.10214,-0.1923,-0.04302,0.02845,-0.3092,-0.29297,0.02324,-0.39655,-0.45666,-0.00372,-0.45634,0.12365,0.11157,0.19586,-0.05766,-0.04463,0.24015,-0.18866,0.07613,0.04422,-0.2461,0.13961,-0.10995,0.26823,-0.33504,-0.05567,-0.08385,-0.48718,-0.17698,0.08714,-0.8533,-0.1745,-0.01972,-1.03069,-0.25722,0.26567,-0.33766,0.09542,-0.09162,-0.50087,0.18221,0.06705,-0.86967,0.13649,-0.04719,-1.05272,0.1928
33.3,0.25848,-0.23512,0.01915,0.12882,0.19069,-0.00304,-0.01123,0.36761,-0.03228,0.14573,0.11468,-0.19518,-0.05115,0.03342,-0.31292,-0.30294,0.02813,-0.39482,-0.46873,0.00167,-0.44879,0.11403,0.12526,0.19312,-0.06391,-0.03431,0.23901,-0.19766,0.0861,0.04473,-0.25766,0.15057,-0.10805,0.26048,-0.32119,-0.05774,-0.0866,-0.48846,-0.1734,0.08687,-0.85341,-0.17443,-0.01993,-1.03144,-0.25584,0.25858,-0.32352,0.09337,-0.09322,-0.50068,0.17504,0.06673,-0.86964,0.13541,-0.04755,-1.05257,0.192
33.32,0.24831,-0.22037,0.0162,0.11963,0.20569,-0.00697,-0.01821,0.38467,-0.03408,0.13578,0.12902,-0.1989,-0.05247,0.03487,-0.32108,-0.30821,0.03635,-0.38987,-0.47817,0.01601,-0.43226,0.10527,0.14092,0.18945,-0.06888,-0.02138,0.24008,-0.20549,0.09785,0.04707,-0.26695,0.16184,-0.10533,0.25056,-0.30661,-0.06049,-0.09036,-0.4901,-0.16971,0.08492,-0.85415,-0.17499,-0.02226,-1.03264,-0.25487,0.24933,-0.30859,0.09064,-0.0943,-0.50089,0.17286,0.06506,-0.87031,0.13518,-0.0492,-1.05276,0.19335
33.34,0.23735,-0.20534,0.01295,0.11122,0.22142,-0.01124,-0.02387,0.40286,-0.03572,0.1265,0.14407,-0.20298,-0.05026,0.03589,-0.33059,-0.31012,0.04488,-0.38083,-0.48393,0.03128,-0.40734,0.09687,0.15733,0.1854,-0.07315,-0.00738,0.24191,-0.21269,0.11033,0.05006,-0.27523,0.17333,-0.10232,0.23972,-0.29177,-0.06352,-0.09397,-0.49173,-0.16595,0.08274,-0.85501,-0.1755,-0.02502,-1.03394,-0.2536,0.23917,-0.29336,0.08761,-0.09478,-0.50101,0.17231,0.06334,-0.87105,0.13553,-0.05085,-1.05283,0.1959
33.36,0.22665,-0.19045,0.0098,0.10251,0.23684,-0.01537,-0.02995,0.42051,-0.03747,0.11696,0.15885,-0.20692,-0.04837,0.03865,-0.33901,-0.31103,0.05223,-0.37001,-0.48685,0.04297,-0.37996,0.08833,0.17341,0.18149,-0.07752,0.00637,0.2433,-0.21991,0.12267,0.05269,-0.28372,0.18485,-0.0995,0.22918,-0.27705,-0.06647,-0.09649,-0.4929,-0.16225,0.08157,-0.8554,-0.17549,-0.02666,-1.03488,-0.25165,0.22931,-0.27827,0.08466,-0.09464,-0.50065,0.17086,0.06258,-0.87123,0.13568,-0.05153,-1.05239,0.19804
33.38,0.21638,-0.17544,0.00677,0.09351,0.25214,-0.01956,-0.0364,0.4379,-0.03935,0.10721,0.17344,-0.21086,-0.04527,0.04274,-0.34834,-0.30943,0.05931,-0.35728,-0.48545,0.05325,-0.34844,0.07965,0.18944,0.17756,-0.082,0.02039,0.24479,-0.22695,0.13502,0.0551,-0.29173,0.19628,-0.09705,0.21916,-0.26221,-0.0693,-0.09779,-0.49339,-0.15832,0.08159,-0.8551,-0.17485,-0.02707,-1.03523,-0.24885,0.21994,-0.26305,0.08184,-0.09336,-0.49953,0.16981,0.06299,-0.8706,0.13594,-0.05094,-1.05114,0.20038
33.4,0.20503,-0.16065,0.00344,0.08529,0.26777,-0.02375,-0.04162,0.45583,-0.04104,0.09807,0.18849,-0.21488,-0.04177,0.04756,-0.35565,-0.30561,0.06591,-0.3421,-0.47972,0.06184,-0.31438,0.07132,0.20566,0.17355,-0.08581,0.03456,0.24612,-0.2337,0.14782,0.05788,-0.29986,0.20811,-0.09406,0.20786,-0.24759,-0.07244,-0.0992,-0.49404,-0.15488,0.08111,-0.85514,-0.1743,-0.02806,-1.03589,-0.24601,0.20932,-0.24807,0.07869,-0.09237,-0.49864,0.16822,0.06298,-0.87031,0.13641,-0.05085,-1.0501,0.20307
33.42,0.19098,-0.14645,-0.0006,0.07906,0.28407,-0.0279,-0.04387,0.475,-0.04222,0.09048,0.20455,-0.21901,-0.03859,0.0516,-0.35751,-0.30067,0.07369,-0.32655,-0.47186,0.07225,-0.28423,0.06387,0.22226,0.1694,-0.08814,0.04875,0.24701,-0.24001,0.16154,0.06168,-0.30867,0.22086,-0.08953,0.19333,-0.23354,-0.07632,-0.10212,-0.49569,-0.15255,0.07846,-0.8565,-0.17468,-0.0314,-1.03771,-0.24412,0.19556,-0.23373,0.0748,-0.09309,-0.49904,0.16487,0.061,-0.87154,0.13694,-0.05303,-1.05037,0.20583
33.44,0.17587,-0.13251,-0.00492,0.07368,0.30043,-0.03214,-0.04483,0.49434,-0.04335,0.08358,0.22077,-0.22328,-0.03453,0.05552,-0.35735,-0.29406,0.0832,-0.31249,-0.46185,0.08556,-0.25827,0.05683,0.23887,0.16511,-0.08975,0.063,0.24765,-0.24592,0.17548,0.06574,-0.31748,0.23368,-0.08456,0.17754,-0.21975,-0.08049,-0.10503,-0.49729,-0.15079,0.07547,-0.858,-0.17513,-0.03515,-1.03963,-0.24223,0.18056,-0.21966,0.07062,-0.09398,-0.49947,0.1609,0.05874,-0.87285,0.13744,-0.05561,-1.05062,0.2085
33.46,0.16122,-0.11854,-0.00912,0.06805,0.31642,-0.03646,-0.04613,0.51306,-0.04473,0.0765,0.23656,-0.22759,-0.0294,0.06044,-0.35797,-0.28559,0.09415,-0.29998,-0.44915,0.10088,-0.23439,0.04972,0.25524,0.16077,-0.09144,0.07731,0.24822,-0.2516,0.18917,0.06942,-0.32585,0.24612,-0.08005,0.16231,-0.20592,-0.08453,-0.10668,-0.498,-0.14901,0.07375,-0.85863,-0.17498,-0.03752,-1.04075,-0.2396,0.16611,-0.20556,0.06656,-0.09377,-0.49898,0.15707,0.05765,-0.87312,0.13779,-0.05697,-1.04987,0.21094
33.48,0.14663,-0.10419,-0.01329,0.06218,0.33252,-0.04099,-0.04755,0.53178,-0.04622,0.06927,0.2524,-0.23206,-0.0227,0.06625,-0.35903,-0.27484,0.1077,-0.28947,-0.43347,0.12,-0.21343,0.04239,0.27183,0.15626,-0.09333,0.09239,0.24904,-0.25703,0.20353,0.07303,-0.33356,0.25894,-0.07587,0.1471,-0.19174,-0.08851,-0.10749,-0.4977,-0.14678,0.07311,-0.8581,-0.1746,-0.03868,-1.04086,-0.23648,0.15172,-0.19105,0.06256,-0.09261,-0.4975,0.1532,0.05755,-0.87233,0.13793,-0.05735,-1.04804,0.21311
33.5,0.13169,-0.09071,-0.01759,0.0571,0.34779,-0.04543,-0.04813,0.54951,-0.04795,0.06264,0.26751,-0.23649,-0.01634,0.07238,-0.35862,-0.26465,0.12097,-0.28046,-0.41874,0.13871,-0.19656,0.03569,0.28757,0.15179,-0.09437,0.10628,0.249,-0.26216,0.21655,0.07632,-0.34168,0.27055,-0.07153,0.13159,-0.17838,-0.09268,-0.10775,-0.49729,-0.14592,0.07241,-0.85791,-0.17385,-0.04001,-1.0411,-0.23326,0.13694,-0.17747,0.05837,-0.09158,-0.49592,0.14886,0.05729,-0.87142,0.138,-0.05791,-1.04612,0.21504
33.52,0.11585,-0.07927,-0.02221,0.05393,0.36123,-0.04944,-0.04675,0.56528,-0.05005,0.05745,0.28113,-0.24062,-0.01239,0.07764,-0.35441,-0.25842,0.12991,-0.27154,-0.40985,0.15144,-0.18377,0.0305,0.30134,0.14765,-0.09337,0.11681,0.24681,-0.26702,0.22581,0.07918,-0.35164,0.27902,-0.0661,0.11536,-0.16691,-0.09733,-0.10781,-0.49764,-0.14867,0.07036,-0.85951,-0.173,-0.04309,-1.04246,-0.23119,0.1212,-0.16607,0.0537,-0.09173,-0.49532,0.14354,0.05546,-0.8716,0.13809,-0.06017,-1.04532,0.21669
33.54,0.09972,-0.06873,-0.02694,0.05154,0.37354,-0.05332,-0.04457,0.57977,-0.05235,0.05287,0.29376,-0.24467,-0.0089,0.08256,-0.34862,-0.25358,0.13732,-0.26337,-0.40345,0.16205,-0.1738,0.02596,0.314,0.1436,-0.09146,0.12584,0.2438,-0.27152,0.23317,0.08197,-0.36194,0.28559,-0.06007,0.09889,-0.15629,-0.10215,-0.10753,-0.49783,-0.1528,0.06808,-0.86122,-0.17263,-0.0465,-1.04358,-0.23046,0.10513,-0.15562,0.04886,-0.09227,-0.49466,0.13777,0.05318,-0.87166,0.138,-0.06295,-1.04448,0.21785
33.56,0.08384,-0.05795,-0.0316,0.04888,0.38559,-0.05736,-0.04267,0.59388,-0.05475,0.04811,0.30611,-0.24883,-0.0042,0.08807,-0.34345,-0.24759,0.14621,-0.25677,-0.39596,0.17468,-0.1658,0.02126,0.32654,0.13944,-0.0897,0.13528,0.24111,-0.27571,0.24069,0.08484,-0.37143,0.29194,-0.05412,0.08265,-0.14545,-0.10687,-0.10658,-0.49696,-0.15645,0.06675,-0.86162,-0.17268,-0.0488,-1.04342,-0.23032,0.08932,-0.1449,0.04412,-0.09217,-0.49297,0.13203,0.05166,-0.87055,0.13759,-0.06495,-1.04255,0.2185
33.58,0.06743,-0.04647,-0.03637,0.04629,0.39798,-0.06154,-0.04034,0.60834,-0.05718,0.04344,0.31883,-0.25313,0.0021,0.09431,-0.33748,-0.24042,0.15641,-0.25108,-0.38773,0.18926,-0.15988,0.01645,0.33953,0.13511,-0.0879,0.14544,0.2384,-0.27975,0.24866,0.08783,-0.38094,0.29833,-0.04779,0.06587,-0.13391,-0.11171,-0.10512,-0.49474,-0.16056,0.06585,-0.86065,-0.17343,-0.05059,-1.04177,-0.23145,0.07303,-0.13349,0.03926,-0.0908,-0.49049,0.12604,0.05061,-0.86887,0.13686,-0.06684,-1.03977,0.21886
33.6,0.05209,-0.03668,-0.04093,0.0438,0.40822,-0.06559,-0.03853,0.62027,-0.05991,0.03885,0.32941,-0.25728,0.00674,0.10018,-0.33247,-0.23539,0.16491,-0.24692,-0.3821,0.20093,-0.15594,0.01211,0.35043,0.13097,-0.08563,0.15356,0.23546,-0.28319,0.25426,0.09068,-0.38934,0.30241,-0.04164,0.05018,-0.12405,-0.11634,-0.10333,-0.49276,-0.1644,0.06536,-0.85981,-0.17447,-0.05193,-1.04019,-0.2331,0.05768,-0.12377,0.03462,-0.09115,-0.48758,0.12015,0.04928,-0.86616,0.13585,-0.06847,-1.03665,0.21828
33.62,0.0396,-0.03117,-0.04498,0.04147,0.41383,-0.06916,-0.03834,0.62683,-0.06319,0.03437,0.33536,-0.26092,0.00588,0.10395,-0.33071,-0.23596,0.16806,-0.24389,-0.38196,0.20408,-0.15179,0.00882,0.35657,0.12739,-0.08231,0.15661,0.232,-0.2855,0.25436,0.0931,-0.39542,0.30171,-0.03641,0.03742,-0.11849,-0.12044,-0.10139,-0.49318,-0.16691,0.06523,-0.86124,-0.17467,-0.05299,-1.04094,-0.23349,0.04481,-0.11833,0.03052,-0.09687,-0.48529,0.11471,0.04682,-0.86243,0.13477,-0.06947,-1.03441,0.21617
33.64,0.02823,-0.02736,-0.04881,0.03917,0.41754,-0.07249,-0.03881,0.63121,-0.06658,0.02989,0.33946,-0.26431,0.00272,0.10675,-0.33018,-0.23875,0.16902,-0.24103,-0.38392,0.20388,-0.14717,0.00593,0.36072,0.1241,-0.07859,0.15767,0.2283,-0.28726,0.25219,0.09541,-0.40053,0.29896,-0.03139,0.02579,-0.11463,-0.12432,-0.09941,-0.49431,-0.16892,0.06529,-0.86326,-0.17453,-0.05384,-1.04232,-0.23346,0.03294,-0.11458,0.02665,-0.10469,-0.48336,0.10959,0.04359,-0.85848,0.13378,-0.0706,-1.03254,0.21372
33.66,0.01647,-0.0229,-0.05267,0.0368,0.4217,-0.07585,-0.03906,0.63613,-0.06981,0.02535,0.34407,-0.26774,0.00054,0.1099,-0.32923,-0.24054,0.17096,-0.2382,-0.38489,0.20528,-0.14289,0.00288,0.36536,0.12076,-0.07499,0.15952,0.22468,-0.28889,0.25067,0.09789,-0.40564,0.29658,-0.02604,0.01375,-0.11012,-0.12823,-0.09726,-0.49438,-0.17109,0.06559,-0.86418,-0.17473,-0.05433,-1.04258,-0.23407,0.02075,-0.11018,0.02274,-0.11157,-0.48117,0.10451,0.04041,-0.85452,0.1327,-0.07196,-1.03031,0.21144
33.68,0.00423,-0.01796,-0.05682,0.0347,0.42609,-0.07934,-0.0389,0.64131,-0.07317,0.02117,0.34906,-0.27133,-0.00065,0.11333,-0.32778,-0.2415,0.17298,-0.23525,-0.38516,0.20659,-0.13865,-0.00019,0.37023,0.11724,-0.07083,0.16155,0.22065,-0.2901,0.24875,0.10046,-0.4105,0.2936,-0.02033,0.00129,-0.10511,-0.13245,-0.09444,-0.49367,-0.17344,0.06608,-0.8645,-0.17508,-0.05477,-1.04204,-0.23511,0.00802,-0.10531,0.01854,-0.11814,-0.47878,0.09868,0.03793,-0.85007,0.13147,-0.07239,-1.02784,0.20864
33.7,-0.00675,-0.01441,-0.06032,0.03197,0.42902,-0.08245,-0.03981,0.64484,-0.07614,0.01622,0.35249,-0.27448,-0.00424,0.1159,-0.32776,-0.24442,0.17438,-0.23275,-0.38701,0.20743,-0.13439,-0.00316,0.37358,0.1142,-0.06754,0.16266,0.21716,-0.29131,0.24643,0.10297,-0.41481,0.29035,-0.015,-0.01003,-0.10152,-0.13599,-0.09255,-0.49327,-0.17524,0.06672,-0.86464,-0.17543,-0.05463,-1.04164,-0.23604,-0.00337,-0.10181,0.01501,-0.12575,-0.47668,0.09447,0.0335,-0.84631,0.13049,-0.07503,-1.02556,0.20675
33.72,-0.01445,-0.01433,-0.06218,0.02767,0.42876,-0.08481,-0.04334,0.64483,-0.07832,0.00926,0.35234,-0.27664,-0.014,0.11639,-0.3316,-0.2522,0.17451,-0.23152,-0.39273,0.20759,-0.13026,-0.00583,0.37364,0.11221,-0.06676,0.16171,0.2152,-0.29306,0.24414,0.10507,-0.41835,0.28782,-0.01108,-0.01834,-0.10144,-0.13782,-0.09354,-0.49477,-0.17598,0.06747,-0.86539,-0.17565,-0.05328,-1.04282,-0.23619,-0.01124,-0.10172,0.01316,-0.1357,-0.47547,0.09469,0.02492,-0.84455,0.13019,-0.08256,-1.02401,0.20747
33.74,-0.02092,-0.01559,-0.06339,0.02273,0.42731,-0.08685,-0.04796,0.64348,-0.08017,0.0015,0.35085,-0.27838,-0.02625,0.1162,-0.33669,-0.26193,0.1741,-0.23071,-0.40004,0.2073,-0.1262,-0.00842,0.37244,0.11063,-0.067,0.15991,0.21373,-0.2951,0.24179,0.10696,-0.42166,0.28557,-0.00778,-0.02553,-0.10271,-0.13897,-0.09558,-0.49708,-0.17623,0.06821,-0.86649,-0.17579,-0.05158,-1.0447,-0.23594,-0.01779,-0.10296,0.01197,-0.14659,-0.47455,0.09655,0.01443,-0.84365,0.1301,-0.09238,-1.02278,0.20903
33.76,-0.02798,-0.01621,-0.06483,0.018,0.42642,-0.089,-0.05219,0.64274,-0.08209,-0.00597,0.35002,-0.28022,-0.03747,0.11647,-0.34098,-0.27079,0.17398,-0.22968,-0.40661,0.20716,-0.12221,-0.0111,0.3718,0.10886,-0.06688,0.15848,0.2119,-0.29701,0.23945,0.10886,-0.42503,0.28322,-0.00424,-0.03329,-0.10334,-0.14035,-0.09706,-0.49886,-0.17664,0.06899,-0.86725,-0.17603,-0.05003,-1.04607,-0.23593,-0.02495,-0.10357,0.01055,-0.15701,-0.47342,0.09768,0.00436,-0.84248,0.1299,-0.10178,-1.02143,0.21014
33.78,-0.03486,-0.01699,-0.06652,0.01357,0.42533,-0.09143,-0.05603,0.64185,-0.0844,-0.01313,0.34901,-0.28233,-0.04858,0.11673,-0.34572,-0.27942,0.17357,-0.22903,-0.41282,0.20663,-0.11854,-0.01354,0.37097,0.10678,-0.06632,0.15688,0.20979,-0.29845,0.23695,0.11062,-0.42785,0.28079,-0.00089,-0.04075,-0.10413,-0.14199,-0.09866,-0.50062,-0.17756,0.06983,-0.8679,-0.17648,-0.04827,-1.04734,-0.23635,-0.03202,-0.10432,0.0089,-0.16737,-0.47229,0.09893,-0.00381,-0.84053,0.12939,-0.10845,-1.01976,0.21096
33.8,-0.04186,-0.01774,-0.06754,0.00833,0.42434,-0.09323,-0.06099,0.64094,-0.08585,-0.02117,0.34809,-0.28374,-0.06063,0.11712,-0.34952,-0.28891,0.17366,-0.22778,-0.42003,0.20669,-0.11457,-0.0165,0.37017,0.10533,-0.06697,0.1554,0.20808,-0.30083,0.23473,0.11245,-0.43156,0.2787,0.00256,-0.0486,-0.10488,-0.14294,-0.10023,-0.50232,-0.17746,0.07057,-0.86853,-0.17673,-0.04679,-1.04862,-0.23607,-0.03899,-0.10507,0.00789,-0.17795,-0.47106,0.1004,-0.01633,-0.84027,0.12945,-0.12126,-1.01872,0.21235
33.82,-0.04943,-0.018,-0.06699,0.00107,0.424,-0.09352,-0.06873,0.64041,-0.08523,-0.03138,0.34776,-0.28355,-0.0745,0.11784,-0.35072,-0.30025,0.17532,-0.22476,-0.42958,0.20878,-0.10964,-0.02089,0.3699,0.10541,-0.07065,0.15458,0.20735,-0.30582,0.23331,0.11446,-0.43798,0.2774,0.00634,-0.05777,-0.10508,-0.1423,-0.10133,-0.50366,-0.17481,0.0711,-0.8691,-0.17654,-0.04619,-1.04984,-0.23402,-0.04594,-0.10536,0.00838,-0.18881,-0.46955,0.10203,-0.04053,-0.84427,0.13172,-0.15072,-1.01883,0.21608
33.84,-0.05717,-0.01819,-0.06576,-0.00701,0.4238,-0.09312,-0.07753,0.63992,-0.08369,-0.04247,0.34755,-0.28261,-0.08921,0.11864,-0.35081,-0.31236,0.17752,-0.22093,-0.44007,0.21161,-0.10419,-0.02583,0.36972,0.10613,-0.07556,0.15396,0.20716,-0.3118,0.23224,0.11662,-0.44537,0.27646,0.01031,-0.06736,-0.10519,-0.14093,-0.10229,-0.50478,-0.17139,0.07157,-0.86952,-0.17636,-0.04579,-1.05095,-0.23149,-0.05284,-0.1056,0.00951,-0.19992,-0.46789,0.104,-0.0693,-0.849,0.13522,-0.18627,-1.01826,0.22122
33.86,-0.06487,-0.01846,-0.06477,-0.01477,0.42348,-0.09294,-0.08586,0.63937,-0.08243,-0.05321,0.34725,-0.28186,-0.10362,0.11943,-0.35108,-0.32411,0.17947,-0.21725,-0.4501,0.21411,-0.09883,-0.03057,0.36944,0.10658,-0.08001,0.15324,0.2068,-0.31735,0.23105,0.11877,-0.45226,0.27543,0.01424,-0.07676,-0.10538,-0.13978,-0.10327,-0.50574,-0.16864,0.07209,-0.8697,-0.17651,-0.04517,-1.05182,-0.22954,-0.05981,-0.10591,0.0104,-0.21103,-0.46619,0.10608,-0.0962,-0.85222,0.13883,-0.21886,-1.01651,0.22654
33.88,-0.07239,-0.01855,-0.06405,-0.02242,0.42335,-0.09317,-0.09422,0.63895,-0.08159,-0.06381,0.34706,-0.28144,-0.11798,0.12044,-0.35173,-0.33572,0.18164,-0.21397,-0.45996,0.21681,-0.09386,-0.0352,0.36939,0.10659,-0.08448,0.15272,0.20587,-0.32292,0.22987,0.12027,-0.45917,0.27436,0.01753,-0.08608,-0.10541,-0.13883,-0.10395,-0.50634,-0.16631,0.07263,-0.86965,-0.17705,-0.04461,-1.05236,-0.22801,-0.06659,-0.10601,0.01105,-0.22158,-0.46429,0.1082,-0.12365,-0.85475,0.14335,-0.25221,-1.01334,0.23304
33.9,-0.08034,-0.019,-0.06261,-0.03052,0.42287,-0.09237,-0.10271,0.63827,-0.07959,-0.0749,0.34667,-0.28,-0.13263,0.12113,-0.3509,-0.34764,0.18354,-0.20946,-0.4702,0.21935,-0.08782,-0.04021,0.36886,0.10755,-0.08933,0.15185,0.20615,-0.32871,0.22881,0.12303,-0.4662,0.27351,0.02205,-0.09569,-0.10575,-0.1372,-0.10504,-0.50703,-0.16369,0.07314,-0.86945,-0.17755,-0.04379,-1.05295,-0.22638,-0.07377,-0.10654,0.01234,-0.23325,-0.4625,0.11073,-0.15135,-0.85646,0.14774,-0.28503,-1.00972,0.23923
33.92,-0.08934,-0.02039,-0.05951,-0.03956,0.42149,-0.08913,-0.11127,0.63696,-0.07487,-0.08708,0.34575,-0.27617,-0.14777,0.12084,-0.34664,-0.36024,0.18462,-0.20201,-0.48125,0.22127,-0.07907,-0.04604,0.36707,0.11081,-0.09479,0.14998,0.20944,-0.33475,0.22802,0.12907,-0.47327,0.2732,0.02973,-0.10586,-0.10689,-0.13413,-0.1073,-0.50833,-0.15996,0.07349,-0.86929,-0.1774,-0.04242,-1.05405,-0.22385,-0.08199,-0.10815,0.01511,-0.24799,-0.46099,0.11396,-0.17873,-0.85739,0.15072,-0.31567,-1.0071,0.24326
33.94,-0.0988,-0.02215,-0.05568,-0.04901,0.41976,-0.08484,-0.11988,0.6354,-0.06902,-0.0997,0.34462,-0.27129,-0.16309,0.12019,-0.34091,-0.37308,0.18537,-0.1933,-0.49259,0.22295,-0.0692,-0.05223,0.36476,0.11502,-0.10053,0.14771,0.21396,-0.34092,0.22728,0.13642,-0.48041,0.27302,0.0387,-0.11634,-0.10835,-0.13041,-0.11004,-0.50977,-0.15589,0.07372,-0.86902,-0.17709,-0.04082,-1.05522,-0.22113,-0.09066,-0.1102,0.01852,-0.26382,-0.4595,0.11764,-0.20607,-0.85783,0.1534,-0.34558,-1.00462,0.24676
33.96,-0.10811,-0.02378,-0.0521,-0.05827,0.41815,-0.08091,-0.12842,0.63391,-0.06361,-0.11211,0.34356,-0.2667,-0.17827,0.11971,-0.33559,-0.38568,0.18622,-0.18496,-0.50367,0.22468,-0.05967,-0.05829,0.36262,0.11883,-0.10615,0.14558,0.21798,-0.347,0.22644,0.14324,-0.48747,0.27271,0.04719,-0.12675,-0.1097,-0.1269,-0.1126,-0.51092,-0.15228,0.07392,-0.86852,-0.1771,-0.03928,-1.05605,-0.21889,-0.0992,-0.11209,0.02169,-0.27907,-0.45781,0.12143,-0.23324,-0.85773,0.15673,-0.37542,-1.00125,0.25117
33.98,-0.11715,-0.02529,-0.04889,-0.06745,0.41667,-0.0775,-0.13693,0.63252,-0.05867,-0.12444,0.34255,-0.26254,-0.19344,0.11927,-0.33049,-0.39816,0.1873,-0.17688,-0.51453,0.22673,-0.05039,-0.06417,0.36067,0.12208,-0.11171,0.14364,0.22142,-0.35293,0.22586,0.14942,-0.49428,0.27264,0.05492,-0.13687,-0.11096,-0.12369,-0.1149,-0.51185,-0.14873,0.07397,-0.86795,-0.17706,-0.03796,-1.05681,-0.21623,-0.10745,-0.11383,0.02453,-0.29426,-0.45557,0.12521,-0.2614,-0.85671,0.16116,-0.40658,-0.9964,0.25674
34,-0.12689,-0.02712,-0.0447,-0.07687,0.41484,-0.07274,-0.1454,0.63086,-0.0525,-0.13696,0.3414,-0.25706,-0.20854,0.11869,-0.3242,-0.41068,0.18786,-0.16772,-0.52556,0.22808,-0.04012,-0.07048,0.35821,0.12659,-0.11744,0.1412,0.22626,-0.35906,0.22475,0.15717,-0.50141,0.27206,0.06447,-0.14769,-0.11245,-0.1196,-0.1179,-0.51278,-0.14544,0.07404,-0.86693,-0.17745,-0.03618,-1.05713,-0.21488,-0.11648,-0.11597,0.02824,-0.30962,-0.45395,0.12965,-0.2873,-0.85591,0.16453,-0.43434,-0.99283,0.26127
34.02,-0.13829,-0.02976,-0.03821,-0.0868,0.41212,-0.06475,-0.15377,0.62853,-0.04345,-0.14986,0.33987,-0.24855,-0.22347,0.11773,-0.31538,-0.4234,0.18708,-0.15616,-0.53721,0.22756,-0.02768,-0.07777,0.35446,0.13418,-0.12349,0.13746,0.23445,-0.36568,0.22209,0.16876,-0.50946,0.26996,0.07858,-0.1602,-0.11452,-0.11344,-0.12248,-0.51394,-0.14281,0.07438,-0.86496,-0.17902,-0.03334,-1.05646,-0.21713,-0.12742,-0.11913,0.03403,-0.32551,-0.45424,0.13542,-0.30773,-0.85692,0.16412,-0.45393,-0.99401,0.2619
34.04,-0.1504,-0.03271,-0.03073,-0.09694,0.40905,-0.05543,-0.1621,0.62592,-0.03321,-0.16292,0.3382,-0.23875,-0.23831,0.11662,-0.30548,-0.43618,0.18576,-0.14361,-0.54905,0.22626,-0.01431,-0.08546,0.35017,0.14301,-0.12967,0.13318,0.24396,-0.37245,0.21883,0.18187,-0.51775,0.26727,0.09447,-0.17341,-0.11681,-0.10637,-0.1279,-0.51505,-0.14038,0.07459,-0.86236,-0.18111,-0.03027,-1.0551,-0.22086,-0.13916,-0.12267,0.04072,-0.34157,-0.4553,0.14176,-0.32606,-0.85857,0.1622,-0.47042,-0.99705,0.26074
34.06,-0.1623,-0.03549,-0.02358,-0.10697,0.40613,-0.04664,-0.1704,0.62341,-0.02347,-0.17588,0.33662,-0.22939,-0.25312,0.11562,-0.29592,-0.44883,0.18467,-0.13141,-0.56068,0.22525,-0.00126,-0.093,0.34611,0.15131,-0.13578,0.1291,0.25285,-0.37906,0.21579,0.19427,-0.52576,0.2648,0.10955,-0.18641,-0.11897,-0.09957,-0.13322,-0.51585,-0.13797,0.07451,-0.85949,-0.1832,-0.02758,-1.05342,-0.22435,-0.15065,-0.12599,0.04711,-0.35743,-0.45597,0.14801,-0.34527,-0.85966,0.16109,-0.4883,-0.99906,0.26027
34.08,-0.17377,-0.0384,-0.01691,-0.1169,0.4031,-0.03834,-0.17872,0.62075,-0.01423,-0.18869,0.33489,-0.22047,-0.26791,0.11447,-0.28657,-0.46136,0.18347,-0.1194,-0.57224,0.22429,0.01151,-0.10038,0.34194,0.15906,-0.14171,0.12492,0.26117,-0.38546,0.21258,0.20609,-0.53355,0.26211,0.12416,-0.199,-0.1212,-0.09327,-0.13791,-0.51651,-0.136,0.07455,-0.85664,-0.18556,-0.0251,-1.05155,-0.22809,-0.16183,-0.12947,0.05299,-0.37368,-0.45606,0.15437,-0.36619,-0.86004,0.16006,-0.50793,-1.00026,0.25995
34.1,-0.18627,-0.0411,-0.00901,-0.12702,0.40017,-0.02879,-0.1869,0.61826,-0.00385,-0.20175,0.3334,-0.21028,-0.28257,0.11357,-0.27642,-0.47392,0.1823,-0.10673,-0.58376,0.22295,0.0251,-0.10813,0.3378,0.16801,-0.14793,0.12073,0.27064,-0.39209,0.20943,0.21916,-0.54145,0.25956,0.13993,-0.21259,-0.1233,-0.08565,-0.14449,-0.51687,-0.13347,0.0736,-0.85266,-0.18793,-0.02286,-1.04874,-0.23238,-0.17386,-0.13269,0.06014,-0.38905,-0.45726,0.16097,-0.38359,-0.8613,0.15878,-0.52385,-1.00294,0.25875
34.12,-0.20165,-0.04331,0.00197,-0.13769,0.39737,-0.01611,-0.19472,0.61616,0.00937,-0.21554,0.3325,-0.19697,-0.29698,0.11332,-0.2645,-0.48673,0.18132,-0.09273,-0.59534,0.22075,0.04049,-0.11693,0.33366,0.18007,-0.15513,0.11648,0.28306,-0.39956,0.20653,0.23538,-0.54987,0.2575,0.15851,-0.22896,-0.1251,-0.07477,-0.15534,-0.51677,-0.12952,0.07059,-0.84626,-0.19015,-0.02093,-1.04393,-0.23787,-0.18828,-0.13527,0.07044,-0.40252,-0.46158,0.16761,-0.39181,-0.86538,0.15668,-0.53028,-1.00968,0.25532
34.14,-0.218,-0.04526,0.01418,-0.14851,0.39464,-0.00238,-0.20236,0.61419,0.02349,-0.22955,0.33179,-0.18255,-0.31131,0.11331,-0.25194,-0.49962,0.18041,-0.07825,-0.6069,0.21823,0.05651,-0.12604,0.32958,0.19318,-0.1626,0.11227,0.29647,-0.40724,0.20372,0.25267,-0.55837,0.2556,0.17805,-0.24628,-0.12672,-0.06255,-0.16832,-0.5164,-0.12493,0.0661,-0.83859,-0.19222,-0.01978,-1.03784,-0.2437,-0.20349,-0.13753,0.082,-0.41518,-0.46691,0.17428,-0.3966,-0.87007,0.15412,-0.5331,-1.01749,0.25089
34.16,-0.23377,-0.04723,0.02589,-0.15918,0.39188,0.01062,-0.21,0.61211,0.03686,-0.24336,0.33095,-0.16877,-0.32564,0.11318,-0.23974,-0.5124,0.17946,-0.06408,-0.61837,0.21586,0.0721,-0.13489,0.32554,0.20552,-0.16982,0.10811,0.30912,-0.41463,0.20087,0.26916,-0.56659,0.25359,0.19687,-0.26306,-0.12834,-0.05084,-0.18106,-0.51595,-0.12052,0.06121,-0.83083,-0.19427,-0.01929,-1.03138,-0.24931,-0.21822,-0.13982,0.09304,-0.42813,-0.47153,0.18095,-0.40322,-0.87378,0.15167,-0.53782,-1.02402,0.24674
34.18,-0.25018,-0.04963,0.0374,-0.16997,0.38854,0.0236,-0.21765,0.60945,0.05,-0.25717,0.32974,-0.15505,-0.34003,0.11277,-0.22778,-0.52529,0.17834,-0.05027,-0.63001,0.2133,0.08724,-0.14415,0.32079,0.21783,-0.17749,0.10323,0.32169,-0.42229,0.19752,0.28544,-0.57496,0.25119,0.21537,-0.28041,-0.13032,-0.0394,-0.19235,-0.51506,-0.11716,0.05707,-0.82279,-0.19703,-0.0186,-1.02398,-0.25638,-0.23362,-0.14259,0.10379,-0.44227,-0.4763,0.18701,-0.41078,-0.87731,0.14847,-0.54364,-1.03032,0.24154
34.2,-0.26545,-0.05106,0.04958,-0.18043,0.38622,0.03633,-0.2251,0.60772,0.06306,-0.27086,0.32914,-0.14128,-0.35426,0.11287,-0.21548,-0.53789,0.17756,-0.03596,-0.64116,0.21107,0.10301,-0.15261,0.31739,0.22989,-0.18427,0.09972,0.33405,-0.42921,0.19508,0.30172,-0.58271,0.24944,0.23404,-0.29677,-0.13148,-0.02707,-0.20778,-0.51455,-0.11171,0.04934,-0.81401,-0.19829,-0.02042,-1.01639,-0.26078,-0.2478,-0.14427,0.11534,-0.45402,-0.48057,0.19406,-0.41642,-0.88005,0.14626,-0.54729,-1.03578,0.23764
34.22,-0.27747,-0.04986,0.06338,-0.19011,0.3869,0.04847,-0.23208,0.60881,0.07621,-0.28438,0.33039,-0.12732,-0.36808,0.11448,-0.20221,-0.54976,0.17767,-0.02019,-0.65108,0.20968,0.12056,-0.15887,0.31788,0.24144,-0.1886,0.1001,0.34593,-0.43415,0.1953,0.31813,-0.58893,0.24965,0.2534,-0.31024,-0.1304,-0.01253,-0.23376,-0.51556,-0.09987,0.03345,-0.8033,-0.19522,-0.02652,-1.00879,-0.25771,-0.25853,-0.14296,0.12893,-0.45956,-0.48326,0.20382,-0.41746,-0.88109,0.14686,-0.54568,-1.03947,0.23744
34.24,-0.28828,-0.04769,0.07777,-0.19955,0.38871,0.06037,-0.23892,0.61093,0.08929,-0.29783,0.33234,-0.11325,-0.38184,0.11669,-0.18855,-0.56136,0.17822,-0.00383,-0.66047,0.2087,0.13881,-0.16439,0.3198,0.25271,-0.1921,0.10191,0.35753,-0.43838,0.1965,0.33451,-0.59453,0.25059,0.27295,-0.32263,-0.12849,0.00284,-0.26366,-0.51658,-0.08509,0.0133,-0.79108,-0.19106,-0.03572,-0.99946,-0.25351,-0.26795,-0.14057,0.14322,-0.46257,-0.48537,0.21434,-0.41673,-0.88134,0.14808,-0.54198,-1.04232,0.23823
34.26,-0.29956,-0.04595,0.09182,-0.20915,0.39001,0.07221,-0.2459,0.61256,0.10209,-0.31129,0.33398,-0.09928,-0.39577,0.1187,-0.17509,-0.57306,0.17871,0.01225,-0.66999,0.20767,0.15669,-0.17033,0.32108,0.26384,-0.19608,0.10308,0.36893,-0.44291,0.19728,0.3506,-0.6003,0.2512,0.29213,-0.33543,-0.12694,0.0178,-0.29181,-0.51689,-0.07083,-0.00676,-0.77836,-0.18769,-0.04577,-0.98842,-0.2516,-0.27787,-0.13867,0.15706,-0.46659,-0.48754,0.22411,-0.41726,-0.88139,0.14837,-0.53963,-1.04488,0.23793
34.28,-0.31122,-0.04422,0.10624,-0.21893,0.39123,0.08428,-0.25277,0.61413,0.11501,-0.32492,0.33558,-0.08499,-0.40955,0.12062,-0.16155,-0.5849,0.17882,0.02818,-0.67979,0.20606,0.1743,-0.17649,0.32229,0.27513,-0.20019,0.10417,0.38046,-0.44748,0.19794,0.36677,-0.60604,0.25176,0.31143,-0.34847,-0.12546,0.03319,-0.32025,-0.51692,-0.05504,-0.02639,-0.76253,-0.1839,-0.0534,-0.97364,-0.25047,-0.28822,-0.13672,0.17134,-0.47177,-0.48919,0.23375,-0.4187,-0.88055,0.14826,-0.53827,-1.04674,0.23665
34.3,-0.32179,-0.04224,0.12001,-0.22847,0.39286,0.09559,-0.25996,0.61598,0.12717,-0.3382,0.3374,-0.07133,-0.42381,0.1229,-0.14808,-0.59644,0.1799,0.04449,-0.68883,0.20578,0.19245,-0.18224,0.32398,0.28559,-0.20406,0.10576,0.39112,-0.45175,0.19906,0.38225,-0.61148,0.25258,0.33009,-0.36067,-0.12362,0.04797,-0.34893,-0.51606,-0.03961,-0.05077,-0.74978,-0.18019,-0.0701,-0.96078,-0.24971,-0.29734,-0.13462,0.18476,-0.47424,-0.49117,0.24308,-0.4192,-0.88002,0.14794,-0.53569,-1.04842,0.23626
34.32,-0.32969,-0.03974,0.13191,-0.23734,0.39543,0.10519,-0.26803,0.61852,0.13776,-0.35049,0.33972,-0.05934,-0.43928,0.12602,-0.1347,-0.60714,0.18355,0.06189,-0.69585,0.20917,0.21213,-0.18707,0.32675,0.29423,-0.20753,0.10847,0.3999,-0.45555,0.20122,0.39629,-0.61654,0.25394,0.34729,-0.37091,-0.12089,0.06092,-0.3777,-0.5134,-0.0269,-0.08413,-0.74781,-0.17574,-0.10721,-0.95806,-0.24637,-0.30355,-0.13229,0.19574,-0.46987,-0.49432,0.25135,-0.4172,-0.88121,0.14731,-0.52988,-1.05056,0.23869
34.34,-0.33652,-0.03701,0.14313,-0.24595,0.3984,0.1142,-0.27639,0.62136,0.14786,-0.36242,0.34227,-0.04786,-0.45508,0.12949,-0.12113,-0.61736,0.18812,0.07977,-0.70192,0.21389,0.23236,-0.19149,0.32997,0.30217,-0.21074,0.11164,0.40795,-0.459,0.20381,0.40978,-0.62125,0.25557,0.36401,-0.38033,-0.11782,0.07332,-0.40652,-0.50964,-0.01394,-0.1211,-0.7497,-0.16948,-0.15214,-0.95904,-0.23977,-0.3086,-0.12983,0.20581,-0.46295,-0.49753,0.25863,-0.41443,-0.88271,0.14651,-0.52267,-1.05258,0.24219
34.36,-0.34383,-0.03442,0.15463,-0.25475,0.40114,0.12351,-0.28464,0.62402,0.15823,-0.37454,0.34469,-0.03599,-0.47064,0.13277,-0.10732,-0.62759,0.19222,0.09752,-0.70816,0.21796,0.25226,-0.19615,0.33294,0.31031,-0.21407,0.11455,0.41621,-0.46243,0.20619,0.4234,-0.62584,0.25708,0.3809,-0.39009,-0.11495,0.08608,-0.43496,-0.50551,0.00084,-0.15668,-0.74943,-0.16149,-0.19393,-0.9579,-0.23134,-0.31419,-0.12746,0.21618,-0.45749,-0.50012,0.26528,-0.41279,-0.88341,0.14536,-0.51637,-1.05402,0.24481
34.38,-0.35117,-0.03166,0.16626,-0.26366,0.40407,0.13316,-0.29299,0.62686,0.16893,-0.38651,0.34729,-0.02388,-0.48621,0.13637,-0.09322,-0.6377,0.19659,0.11549,-0.71423,0.22211,0.2723,-0.20118,0.3361,0.31878,-0.21801,0.11763,0.4247,-0.4664,0.20861,0.4372,-0.63092,0.25845,0.39789,-0.39976,-0.11188,0.09897,-0.46405,-0.50028,0.01632,-0.1911,-0.74693,-0.15086,-0.23356,-0.95446,-0.22054,-0.32001,-0.12493,0.2267,-0.45248,-0.50219,0.2709,-0.41212,-0.88356,0.14357,-0.51085,-1.05483,0.24676
34.4,-0.35819,-0.02921,0.17745,-0.27238,0.40669,0.14219,-0.3012,0.62936,0.17906,-0.39866,0.34958,-0.01199,-0.50159,0.13947,-0.07902,-0.64749,0.20061,0.13336,-0.71989,0.22634,0.29209,-0.20553,0.33893,0.32636,-0.22087,0.12042,0.43242,-0.46907,0.211,0.4504,-0.63459,0.26014,0.41453,-0.40931,-0.10914,0.11171,-0.49092,-0.49527,0.03385,-0.2282,-0.74839,-0.13992,-0.27868,-0.95491,-0.2072,-0.32521,-0.12271,0.23655,-0.4469,-0.50409,0.27612,-0.41097,-0.88365,0.14222,-0.50411,-1.05564,0.24931
34.42,-0.36467,-0.02763,0.18759,-0.28067,0.40839,0.14955,-0.309,0.63093,0.18758,-0.41146,0.35099,-0.00071,-0.51648,0.14106,-0.06497,-0.65683,0.20363,0.15072,-0.72497,0.23082,0.31108,-0.20819,0.34083,0.33166,-0.22083,0.12235,0.43814,-0.4684,0.21332,0.46199,-0.63464,0.2628,0.43016,-0.41887,-0.10732,0.12406,-0.51187,-0.49257,0.05511,-0.27309,-0.76049,-0.13059,-0.33811,-0.96544,-0.18971,-0.32899,-0.12134,0.24476,-0.43996,-0.50627,0.28138,-0.40823,-0.88413,0.14175,-0.49455,-1.05714,0.25285
34.44,-0.37087,-0.02638,0.19731,-0.28885,0.40975,0.15634,-0.31667,0.63214,0.19559,-0.42443,0.35208,0.01049,-0.53114,0.1421,-0.05076,-0.66582,0.20623,0.16806,-0.7296,0.23531,0.32987,-0.21029,0.34239,0.33598,-0.2198,0.12397,0.44291,-0.46647,0.2156,0.47281,-0.63326,0.26578,0.44527,-0.42827,-0.10584,0.13636,-0.52994,-0.49068,0.07821,-0.32148,-0.77583,-0.11805,-0.40246,-0.9782,-0.16517,-0.33229,-0.1203,0.25222,-0.43282,-0.50835,0.28579,-0.40545,-0.88458,0.14091,-0.48441,-1.05867,0.25575
34.46,-0.37716,-0.02501,0.20723,-0.29716,0.41123,0.16353,-0.32441,0.63347,0.204,-0.43724,0.3533,0.0221,-0.54572,0.14339,-0.03618,-0.67465,0.20893,0.18566,-0.73405,0.23962,0.34884,-0.21282,0.34406,0.34059,-0.21941,0.12568,0.44782,-0.46507,0.21785,0.48371,-0.63234,0.26859,0.46037,-0.43754,-0.10424,0.14892,-0.548,-0.48817,0.10182,-0.36838,-0.78811,-0.1008,-0.46278,-0.98717,-0.13534,-0.33597,-0.11913,0.25985,-0.42672,-0.50994,0.289,-0.40404,-0.88449,0.13905,-0.47562,-1.05958,0.25716
34.48,-0.38355,-0.0235,0.21711,-0.30563,0.41285,0.17081,-0.33225,0.63495,0.21246,-0.44995,0.35466,0.03383,-0.56013,0.1448,-0.0214,-0.68329,0.21214,0.20317,-0.73836,0.24478,0.36748,-0.2157,0.34586,0.34518,-0.21929,0.12754,0.45266,-0.46383,0.22028,0.49427,-0.63146,0.27156,0.47507,-0.44684,-0.10249,0.16162,-0.56492,-0.48543,0.12645,-0.41537,-0.79953,-0.07912,-0.5219,-0.99438,-0.09938,-0.33982,-0.11783,0.26723,-0.42128,-0.51105,0.29098,-0.40417,-0.88383,0.13596,-0.46784,-1.05989,0.25709
34.5,-0.38969,-0.02237,0.22698,-0.31398,0.41408,0.17805,-0.3399,0.63602,0.221,-0.46271,0.35566,0.04596,-0.57444,0.14584,-0.00622,-0.69162,0.21421,0.22122,-0.74215,0.24818,0.38672,-0.21819,0.34726,0.34933,-0.21885,0.12896,0.45693,-0.46203,0.22228,0.50475,-0.6299,0.27423,0.48991,-0.45568,-0.10115,0.17442,-0.58049,-0.4829,0.15174,-0.46091,-0.80999,-0.0532,-0.57769,-0.99991,-0.05783,-0.34361,-0.11688,0.2746,-0.41672,-0.51205,0.29245,-0.40431,-0.88318,0.1331,-0.46056,-1.06023,0.25646
34.52,-0.39524,-0.0222,0.23692,-0.322,0.41435,0.18514,-0.34711,0.63605,0.22973,-0.47567,0.35576,0.05892,-0.58879,0.14599,0.00962,-0.69958,0.21318,0.24058,-0.7451,0.24668,0.40762,-0.21956,0.34762,0.35258,-0.21774,0.12933,0.46018,-0.45912,0.22321,0.51546,-0.62702,0.27619,0.50544,-0.46354,-0.10088,0.18724,-0.59501,-0.48092,0.17696,-0.50384,-0.81911,-0.02454,-0.62859,-1.00358,-0.01304,-0.34715,-0.1168,0.28233,-0.41323,-0.51342,0.29434,-0.40266,-0.88322,0.13179,-0.45342,-1.06134,0.25599
34.54,-0.40055,-0.02242,0.24687,-0.32995,0.41422,0.19226,-0.35412,0.63566,0.23861,-0.48858,0.35549,0.07241,-0.60301,0.14578,0.02595,-0.7071,0.21101,0.26056,-0.74736,0.24341,0.42916,-0.22069,0.34756,0.35535,-0.21648,0.12927,0.46288,-0.45569,0.2237,0.52606,-0.62346,0.27781,0.52105,-0.47095,-0.10104,0.20011,-0.60833,-0.47911,0.20268,-0.54455,-0.82713,0.00749,-0.67526,-1.00559,0.03568,-0.3506,-0.11707,0.29012,-0.41044,-0.51482,0.29612,-0.40086,-0.88333,0.1306,-0.44696,-1.06256,0.25501
34.56,-0.40595,-0.02248,0.25681,-0.33806,0.41425,0.19957,-0.3612,0.63545,0.24762,-0.50128,0.35538,0.08612,-0.61696,0.14573,0.04257,-0.71428,0.20939,0.2805,-0.74926,0.24098,0.45043,-0.22231,0.34767,0.35816,-0.2156,0.12937,0.46556,-0.45247,0.22432,0.53636,-0.61996,0.27949,0.53625,-0.47836,-0.10102,0.21308,-0.62057,-0.47697,0.22913,-0.58324,-0.83381,0.04323,-0.71803,-1.0056,0.08849,-0.35421,-0.11719,0.29776,-0.40835,-0.5158,0.29713,-0.40061,-0.88286,0.12833,-0.44184,-1.06319,0.25287
34.58,-0.41141,-0.02248,0.26678,-0.34636,0.41433,0.20696,-0.36842,0.63527,0.25671,-0.51394,0.35531,0.10014,-0.63089,0.14577,0.05952,-0.72143,0.20775,0.30054,-0.75126,0.23851,0.47161,-0.22426,0.34785,0.36075,-0.21532,0.12968,0.46824,-0.44961,0.22531,0.54631,-0.61663,0.28169,0.55097,-0.48574,-0.10092,0.22621,-0.63211,-0.47446,0.25554,-0.62207,-0.83919,0.08189,-0.75945,-1.00305,0.14517,-0.35801,-0.11727,0.30534,-0.40719,-0.51644,0.29729,-0.4019,-0.88189,0.12495,-0.4384,-1.06333,0.24935
34.6,-0.4167,-0.02269,0.27668,-0.35452,0.41422,0.21457,-0.37527,0.63489,0.266,-0.52618,0.35508,0.11449,-0.64421,0.1456,0.07685,-0.72756,0.20594,0.32087,-0.75177,0.23576,0.49298,-0.2263,0.34778,0.36331,-0.21463,0.12951,0.47034,-0.44604,0.22548,0.5562,-0.61255,0.28275,0.56589,-0.49269,-0.1011,0.23925,-0.64166,-0.47216,0.28334,-0.65349,-0.84327,0.12391,-0.79074,-0.99988,0.20369,-0.36171,-0.11752,0.31285,-0.40647,-0.517,0.29774,-0.40327,-0.88089,0.12207,-0.43534,-1.06342,0.2461
34.62,-0.42157,-0.02334,0.28634,-0.36208,0.4137,0.22249,-0.38107,0.63415,0.27553,-0.53748,0.35461,0.1291,-0.65618,0.14498,0.09447,-0.73144,0.20397,0.34143,-0.74891,0.23266,0.51455,-0.22813,0.34711,0.36602,-0.21246,0.12808,0.47095,-0.44044,0.22346,0.56613,-0.60649,0.28079,0.58162,-0.49881,-0.10187,0.25183,-0.6475,-0.47042,0.31412,-0.6691,-0.84654,0.16799,-0.80322,-0.99924,0.25976,-0.365,-0.11808,0.32022,-0.40543,-0.51779,0.29961,-0.40289,-0.88036,0.12122,-0.43089,-1.06395,0.24466
34.64,-0.42628,-0.02417,0.29594,-0.36944,0.413,0.23061,-0.38646,0.63324,0.28517,-0.54831,0.35401,0.14397,-0.66749,0.14418,0.11237,-0.73424,0.20189,0.36206,-0.74451,0.22936,0.53595,-0.23002,0.34622,0.36874,-0.21006,0.12621,0.47086,-0.43411,0.22064,0.57582,-0.59956,0.27774,0.59738,-0.50454,-0.10289,0.26428,-0.65099,-0.46859,0.34576,-0.67744,-0.84908,0.21229,-0.80715,-0.99911,0.31424,-0.36819,-0.11878,0.32752,-0.40449,-0.51859,0.30182,-0.40218,-0.87986,0.12082,-0.42634,-1.06453,0.24346
34.66,-0.43105,-0.02493,0.30559,-0.37695,0.41237,0.23883,-0.39196,0.63239,0.29485,-0.55901,0.35344,0.15908,-0.67868,0.14345,0.13051,-0.73694,0.19987,0.38262,-0.74017,0.22618,0.55696,-0.23226,0.34542,0.37135,-0.20838,0.12458,0.47079,-0.42818,0.21821,0.58505,-0.59278,0.27522,0.61252,-0.51027,-0.10381,0.27686,-0.65345,-0.46622,0.37676,-0.68556,-0.85076,0.25683,-0.81044,-0.99727,0.3694,-0.37155,-0.11943,0.33478,-0.40428,-0.51914,0.30334,-0.40281,-0.87894,0.11944,-0.42322,-1.0647,0.24111
34.68,-0.43585,-0.02567,0.31513,-0.38444,0.41175,0.24704,-0.39733,0.63154,0.30447,-0.56948,0.35293,0.17439,-0.68957,0.14281,0.14875,-0.73931,0.19783,0.40298,-0.73542,0.22288,0.57749,-0.23466,0.3446,0.37368,-0.20706,0.12282,0.47004,-0.42207,0.21571,0.59364,-0.58556,0.27273,0.62704,-0.51593,-0.1047,0.28936,-0.65463,-0.46321,0.40792,-0.69129,-0.85145,0.30205,-0.81061,-0.99425,0.42492,-0.37504,-0.12007,0.34186,-0.40486,-0.51947,0.30433,-0.40467,-0.87765,0.11726,-0.4216,-1.06453,0.23775
34.7,-0.44056,-0.02649,0.3249,-0.39198,0.41107,0.25566,-0.4027,0.63065,0.31434,-0.57963,0.35228,0.19001,-0.70008,0.14201,0.16748,-0.741,0.19584,0.42353,-0.73002,0.21983,0.59789,-0.23745,0.34378,0.37637,-0.20619,0.12127,0.46988,-0.41629,0.21317,0.60233,-0.57855,0.27001,0.64157,-0.52135,-0.10571,0.30208,-0.65397,-0.4603,0.4381,-0.69343,-0.85169,0.34567,-0.80654,-0.99097,0.47808,-0.37852,-0.12076,0.34914,-0.4055,-0.51975,0.30556,-0.40654,-0.87633,0.11547,-0.41991,-1.06429,0.23471
34.72,-0.44509,-0.02753,0.33525,-0.39972,0.41025,0.26516,-0.40827,0.62963,0.32489,-0.58947,0.35124,0.20605,-0.71023,0.14078,0.18716,-0.74165,0.194,0.44467,-0.72381,0.21746,0.61854,-0.24093,0.34301,0.38024,-0.20575,0.12033,0.47194,-0.41147,0.21061,0.61216,-0.57253,0.26668,0.65704,-0.52639,-0.10701,0.31535,-0.65129,-0.45844,0.46611,-0.69161,-0.85238,0.38572,-0.79811,-0.98847,0.52667,-0.38184,-0.1216,0.35701,-0.40543,-0.52015,0.30773,-0.40709,-0.87535,0.11507,-0.41646,-1.06429,0.23313
34.74,-0.44953,-0.02865,0.34588,-0.4075,0.40935,0.27515,-0.41386,0.62857,0.33579,-0.59903,0.35005,0.22244,-0.71997,0.13939,0.20738,-0.74163,0.19222,0.46597,-0.71702,0.21534,0.63906,-0.24473,0.34224,0.3846,-0.20557,0.11959,0.47473,-0.40691,0.20803,0.62228,-0.56667,0.26312,0.67269,-0.5312,-0.10843,0.32889,-0.64724,-0.45694,0.49291,-0.68705,-0.85303,0.42358,-0.78648,-0.98616,0.5723,-0.38514,-0.1225,0.36511,-0.40534,-0.52048,0.31009,-0.40753,-0.8743,0.11493,-0.41277,-1.06421,0.2317
34.76,-0.45398,-0.02973,0.35645,-0.41521,0.40849,0.28517,-0.41931,0.62752,0.34664,-0.60835,0.34893,0.23901,-0.72936,0.13808,0.22768,-0.74134,0.19041,0.48701,-0.70996,0.21312,0.65905,-0.24862,0.34147,0.38878,-0.20567,0.11874,0.47699,-0.40221,0.20548,0.63184,-0.56041,0.25974,0.68775,-0.53594,-0.10978,0.34239,-0.64234,-0.45502,0.51933,-0.6811,-0.853,0.46107,-0.77295,-0.98302,0.61723,-0.38858,-0.12338,0.37309,-0.40603,-0.52058,0.31192,-0.40922,-0.87286,0.11399,-0.41056,-1.06376,0.22924
34.78,-0.45853,-0.03084,0.36669,-0.42297,0.40761,0.29517,-0.42471,0.62643,0.35749,-0.61748,0.34783,0.25556,-0.73847,0.1368,0.2479,-0.74066,0.18863,0.5076,-0.70254,0.21088,0.67833,-0.25279,0.34063,0.39281,-0.206,0.11787,0.47893,-0.3975,0.20271,0.64097,-0.55398,0.25598,0.70243,-0.54065,-0.11119,0.3555,-0.63662,-0.4524,0.54573,-0.67319,-0.85216,0.49952,-0.75723,-0.97842,0.66299,-0.3922,-0.12426,0.38073,-0.40757,-0.52052,0.31319,-0.41201,-0.8711,0.11228,-0.4099,-1.06301,0.22583
34.8,-0.46287,-0.0319,0.37771,-0.43059,0.40674,0.30578,-0.43001,0.62542,0.36863,-0.62625,0.34666,0.27281,-0.74708,0.13543,0.26894,-0.73958,0.18681,0.52863,-0.69482,0.20875,0.69778,-0.25702,0.33991,0.39736,-0.20671,0.1171,0.48134,-0.3929,0.20038,0.65023,-0.54744,0.25294,0.71697,-0.54509,-0.1125,0.36949,-0.62981,-0.45073,0.57009,-0.66404,-0.85166,0.53302,-0.73956,-0.97524,0.70259,-0.39575,-0.12512,0.38901,-0.40909,-0.52028,0.31487,-0.41512,-0.86914,0.11104,-0.4091,-1.06205,0.22273
34.82,-0.46665,-0.03275,0.39067,-0.43795,0.40596,0.31768,-0.43527,0.62467,0.38037,-0.63449,0.3454,0.2915,-0.755,0.13395,0.29173,-0.73819,0.18495,0.55105,-0.68698,0.20698,0.71836,-0.26115,0.33956,0.40319,-0.20813,0.11659,0.48506,-0.38873,0.19932,0.66019,-0.54115,0.25206,0.7315,-0.54902,-0.11346,0.38569,-0.62206,-0.45203,0.59029,-0.65577,-0.85319,0.55542,-0.72144,-0.97713,0.72878,-0.39897,-0.12589,0.39895,-0.40986,-0.51971,0.31768,-0.41813,-0.86698,0.11122,-0.40661,-1.06082,0.22085
34.84,-0.47021,-0.03354,0.40442,-0.44528,0.4052,0.33023,-0.4406,0.62401,0.39245,-0.64244,0.34409,0.31093,-0.76243,0.13239,0.31534,-0.73644,0.18303,0.57398,-0.67891,0.20531,0.73918,-0.26543,0.33934,0.40959,-0.20999,0.1162,0.48935,-0.38478,0.19871,0.67039,-0.53494,0.25192,0.746,-0.55264,-0.11433,0.40278,-0.61404,-0.45454,0.60847,-0.64807,-0.85563,0.57307,-0.70345,-0.98111,0.7489,-0.40215,-0.12663,0.40956,-0.41078,-0.5189,0.32086,-0.42152,-0.86452,0.11178,-0.4041,-1.05927,0.21901
34.86,-0.47386,-0.03436,0.4179,-0.45269,0.40442,0.34279,-0.44599,0.62331,0.40457,-0.65024,0.34278,0.33038,-0.76955,0.13083,0.3389,-0.73435,0.1811,0.59651,-0.67056,0.20356,0.75938,-0.27001,0.33906,0.41586,-0.21208,0.11577,0.4934,-0.38085,0.19788,0.68024,-0.52863,0.2514,0.76021,-0.55619,-0.11525,0.41955,-0.60588,-0.45656,0.62658,-0.63982,-0.85769,0.59161,-0.685,-0.9842,0.7696,-0.40554,-0.12737,0.41992,-0.41266,-0.51788,0.3236,-0.42603,-0.8617,0.11172,-0.40327,-1.05734,0.21629
34.88,-0.47755,-0.03518,0.43102,-0.46006,0.40367,0.35535,-0.45137,0.62259,0.41673,-0.65777,0.34153,0.34968,-0.77644,0.12942,0.36222,-0.73211,0.17928,0.61851,-0.66219,0.20192,0.77881,-0.27483,0.33876,0.42211,-0.21477,0.11523,0.49733,-0.3774,0.19702,0.68967,-0.52268,0.251,0.77381,-0.55968,-0.11614,0.43596,-0.59748,-0.45819,0.64427,-0.63144,-0.85942,0.6104,-0.66597,-0.98666,0.79025,-0.40914,-0.12814,0.42991,-0.41579,-0.51656,0.32545,-0.43258,-0.8585,0.1108,-0.40462,-1.05498,0.21249
34.9,-0.48109,-0.03597,0.44506,-0.46757,0.40288,0.36861,-0.45695,0.62192,0.42927,-0.66516,0.34018,0.37,-0.78269,0.12771,0.38658,-0.72922,0.17722,0.64118,-0.65321,0.20007,0.79866,-0.2799,0.33854,0.42878,-0.21727,0.11494,0.50166,-0.37342,0.19631,0.69947,-0.51604,0.25052,0.78789,-0.56284,-0.11704,0.45327,-0.5893,-0.46081,0.6605,-0.62342,-0.86194,0.62556,-0.64797,-0.99072,0.80595,-0.41268,-0.12885,0.4408,-0.41868,-0.51516,0.32878,-0.43816,-0.85499,0.11102,-0.40537,-1.05241,0.20939
34.92,-0.48431,-0.03681,0.46154,-0.47553,0.40187,0.38346,-0.46324,0.62123,0.44264,-0.67268,0.33841,0.39275,-0.78797,0.12507,0.4134,-0.72521,0.17445,0.6659,-0.64306,0.19753,0.82022,-0.2854,0.33843,0.4364,-0.21884,0.11519,0.50687,-0.36788,0.19582,0.71039,-0.50762,0.24961,0.80354,-0.5654,-0.11816,0.47295,-0.5822,-0.46595,0.67441,-0.61715,-0.86639,0.6331,-0.63375,-0.99875,0.8118,-0.41588,-0.12946,0.454,-0.41949,-0.51381,0.33532,-0.43909,-0.85117,0.11377,-0.4021,-1.04967,0.20842
34.94,-0.48738,-0.03761,0.47889,-0.48374,0.40084,0.39911,-0.46994,0.62058,0.45652,-0.68006,0.33655,0.41657,-0.7926,0.12216,0.44113,-0.72056,0.17144,0.69116,-0.63234,0.19475,0.84207,-0.29134,0.33841,0.44452,-0.2204,0.11571,0.51237,-0.36195,0.19547,0.7215,-0.49859,0.24862,0.81949,-0.56764,-0.11928,0.49344,-0.57602,-0.47184,0.68697,-0.6127,-0.87118,0.63732,-0.62236,-1.00783,0.81328,-0.41904,-0.13,0.46806,-0.41991,-0.5124,0.34321,-0.43907,-0.84681,0.11717,-0.39832,-1.04654,0.20757
34.96,-0.49048,-0.03836,0.49579,-0.49194,0.39988,0.41481,-0.47668,0.61995,0.47056,-0.68712,0.3348,0.44023,-0.79692,0.11945,0.46849,-0.71571,0.16855,0.71573,-0.6216,0.19209,0.863,-0.29761,0.3384,0.4527,-0.22262,0.11617,0.51768,-0.35654,0.19507,0.73209,-0.48992,0.24768,0.83476,-0.56983,-0.12031,0.51344,-0.57021,-0.47707,0.69929,-0.60913,-0.87522,0.64234,-0.6118,-1.01571,0.81549,-0.42241,-0.13052,0.48171,-0.42148,-0.5108,0.35054,-0.44118,-0.84188,0.11971,-0.397,-1.04291,0.20549
34.98,-0.49372,-0.0394,0.51297,-0.50046,0.39858,0.43085,-0.48401,0.619,0.48489,-0.69417,0.33269,0.46422,-0.80121,0.11645,0.49608,-0.71106,0.16553,0.7402,-0.61121,0.18932,0.8836,-0.30449,0.3381,0.46114,-0.2257,0.11633,0.5231,-0.35184,0.19445,0.74245,-0.48189,0.24655,0.84955,-0.57198,-0.12169,0.53367,-0.56477,-0.48246,0.71147,-0.60708,-0.87915,0.64725,-0.6027,-1.02357,0.81711,-0.42607,-0.13127,0.49544,-0.4243,-0.50834,0.35532,-0.44467,-0.8366,0.12056,-0.39709,-1.03848,0.20247
35,-0.49664,-0.03983,0.52974,-0.50858,0.39797,0.44722,-0.49077,0.61868,0.49955,-0.70051,0.33129,0.4884,-0.80438,0.11401,0.52347,-0.70514,0.16269,0.76413,-0.5997,0.18665,0.90343,-0.31129,0.33839,0.46976,-0.22845,0.11719,0.52837,-0.34645,0.19434,0.75254,-0.47282,0.2458,0.86426,-0.57382,-0.12233,0.5534,-0.56043,-0.48715,0.72237,-0.60593,-0.88225,0.65088,-0.59563,-1.03035,0.81727,-0.42958,-0.13151,0.50921,-0.42642,-0.50702,0.36496,-0.44842,-0.83052,0.12383,-0.39831,-1.03418,0.19957
35.02,-0.49881,-0.03856,0.54536,-0.51544,0.39926,0.46377,-0.49562,0.6202,0.51441,-0.70537,0.33192,0.51249,-0.80514,0.11313,0.54999,-0.69631,0.16054,0.78672,-0.5854,0.18456,0.9217,-0.31722,0.34032,0.4784,-0.22965,0.11986,0.53283,-0.33879,0.19531,0.76202,-0.46073,0.24567,0.87904,-0.57522,-0.12091,0.57191,-0.55802,-0.48994,0.73109,-0.60464,-0.88348,0.65212,-0.59086,-1.03466,0.81547,-0.43248,-0.13037,0.52312,-0.42447,-0.50914,0.38787,-0.44987,-0.82252,0.13403,-0.3992,-1.03023,0.19739
35.04,-0.50066,-0.03667,0.5605,-0.52172,0.40125,0.4805,-0.4997,0.62238,0.52935,-0.70937,0.33329,0.53661,-0.80474,0.11288,0.57604,-0.68619,0.15869,0.80837,-0.56996,0.18267,0.93881,-0.32292,0.34283,0.4871,-0.23047,0.1233,0.537,-0.33033,0.19696,0.77096,-0.4474,0.24611,0.89334,-0.57632,-0.11874,0.58989,-0.55661,-0.49191,0.7388,-0.60387,-0.88378,0.65224,-0.58767,-1.03778,0.8127,-0.43509,-0.12871,0.53701,-0.42002,-0.51188,0.41545,-0.44979,-0.81261,0.14719,-0.39904,-1.02429,0.19559
35.06,-0.50263,-0.03508,0.57575,-0.52811,0.40291,0.49743,-0.50411,0.62425,0.5444,-0.71317,0.33432,0.56088,-0.8043,0.11243,0.60202,-0.67629,0.15678,0.82957,-0.55493,0.18071,0.95526,-0.32903,0.34506,0.49598,-0.23205,0.12649,0.54131,-0.32254,0.1986,0.77952,-0.43463,0.24668,0.90688,-0.57737,-0.11694,0.60796,-0.55544,-0.49391,0.74663,-0.60429,-0.88389,0.65273,-0.5855,-1.04073,0.81014,-0.43784,-0.12729,0.5508,-0.41556,-0.51345,0.44031,-0.4502,-0.80168,0.15922,-0.39913,-1.01606,0.1933
35.08,-0.50473,-0.03342,0.59151,-0.53462,0.40455,0.51464,-0.50893,0.62611,0.5596,-0.71684,0.33533,0.58522,-0.80348,0.11192,0.62783,-0.6664,0.15501,0.85028,-0.54023,0.17923,0.97107,-0.33557,0.34732,0.50534,-0.23455,0.12949,0.54504,-0.31535,0.19929,0.78738,-0.42216,0.24596,0.91972,-0.5785,-0.11499,0.62655,-0.55532,-0.49554,0.75486,-0.60622,-0.88329,0.65314,-0.58544,-1.04305,0.80732,-0.44076,-0.12586,0.5653,-0.411,-0.51426,0.4649,-0.4505,-0.78838,0.17065,-0.40032,-1.00485,0.18937
35.1,-0.50645,-0.03175,0.60607,-0.54039,0.40637,0.53182,-0.51273,0.6281,0.57477,-0.71944,0.33653,0.60955,-0.80209,0.11182,0.65323,-0.65565,0.15325,0.86996,-0.52464,0.17706,0.98558,-0.34177,0.34963,0.51426,-0.23632,0.13317,0.5497,-0.30749,0.20229,0.79524,-0.40897,0.24829,0.93194,-0.57908,-0.11315,0.6438,-0.5548,-0.49697,0.76176,-0.60797,-0.88264,0.65352,-0.58496,-1.04491,0.80473,-0.4433,-0.12431,0.57837,-0.40407,-0.5147,0.4896,-0.45111,-0.77531,0.18439,-0.40043,-0.99244,0.18834
35.12,-0.50732,-0.03017,0.61746,-0.54433,0.40861,0.54874,-0.5138,0.63034,0.58965,-0.71973,0.33809,0.63384,-0.79981,0.11258,0.67815,-0.64301,0.15121,0.88804,-0.5068,0.17265,0.99798,-0.34674,0.352,0.52172,-0.23503,0.13862,0.55667,-0.29724,0.21121,0.80364,-0.39371,0.2584,0.94351,-0.57845,-0.11174,0.6576,-0.55217,-0.49845,0.76523,-0.60761,-0.88293,0.65393,-0.58075,-1.04675,0.80283,-0.44504,-0.12259,0.5874,-0.39161,-0.5145,0.51411,-0.45381,-0.76524,0.20339,-0.39912,-0.98125,0.19477
35.14,-0.50777,-0.02858,0.62765,-0.54716,0.41097,0.56552,-0.51354,0.63265,0.60428,-0.71852,0.33976,0.65795,-0.7966,0.11363,0.70271,-0.62932,0.14909,0.90493,-0.48798,0.16749,1.00876,-0.35114,0.3544,0.52869,-0.23223,0.14502,0.56406,-0.28585,0.22258,0.81153,-0.37743,0.27163,0.95403,-0.57725,-0.11044,0.67002,-0.5492,-0.49977,0.76729,-0.60692,-0.88338,0.65418,-0.57584,-1.04838,0.80093,-0.44645,-0.12076,0.595,-0.37625,-0.51269,0.53767,-0.45837,-0.75585,0.22556,-0.40013,-0.97016,0.20537
35.16,-0.50832,-0.027,0.63837,-0.54986,0.41319,0.58243,-0.51352,0.63482,0.61888,-0.71691,0.34124,0.68192,-0.79286,0.11447,0.72707,-0.61568,0.14702,0.92118,-0.46958,0.16276,1.01868,-0.35582,0.35678,0.53609,-0.22993,0.15137,0.57059,-0.2749,0.23315,0.81842,-0.36148,0.28372,0.9635,-0.57611,-0.10911,0.68294,-0.54729,-0.50082,0.76985,-0.60766,-0.88334,0.65443,-0.57287,-1.04966,0.79884,-0.44803,-0.11897,0.60331,-0.36089,-0.50925,0.55954,-0.46389,-0.74499,0.24793,-0.40476,-0.95765,0.21623
35.18,-0.50926,-0.0254,0.64913,-0.55241,0.41541,0.59974,-0.51354,0.63705,0.63352,-0.71481,0.34271,0.70614,-0.78865,0.11527,0.75138,-0.602,0.14479,0.93691,-0.45152,0.15782,1.02793,-0.36086,0.35917,0.54385,-0.22783,0.15795,0.57621,-0.26413,0.24321,0.8243,-0.34553,0.29469,0.97202,-0.57528,-0.10772,0.69591,-0.54618,-0.5016,0.77229,-0.60964,-0.88297,0.65477,-0.57104,-1.0506,0.79668,-0.45022,-0.1172,0.61157,-0.34375,-0.50387,0.58034,-0.47123,-0.73068,0.27116,-0.41383,-0.94151,0.22661
35.2,-0.50929,-0.02383,0.65953,-0.55384,0.4175,0.61635,-0.51257,0.63904,0.64774,-0.71136,0.344,0.72933,-0.78344,0.11606,0.77497,-0.58763,0.14287,0.95125,-0.43295,0.15328,1.03529,-0.36513,0.36153,0.55127,-0.22488,0.16505,0.58223,-0.25305,0.25529,0.82961,-0.32956,0.30879,0.97921,-0.5735,-0.10646,0.70825,-0.54514,-0.50221,0.77456,-0.61158,-0.88248,0.65512,-0.56978,-1.05133,0.79465,-0.45135,-0.11537,0.61969,-0.32761,-0.49755,0.59851,-0.4775,-0.72111,0.29711,-0.42218,-0.93061,0.24442
35.22,-0.50703,-0.02227,0.66929,-0.55351,0.41933,0.63121,-0.50976,0.64059,0.66122,-0.70602,0.34494,0.75031,-0.77684,0.1169,0.79737,-0.5721,0.14183,0.96349,-0.41318,0.14998,1.03948,-0.36775,0.36393,0.5577,-0.21995,0.1733,0.59006,-0.24121,0.27226,0.83478,-0.31381,0.33053,0.98455,-0.56946,-0.10548,0.71931,-0.54327,-0.50275,0.77685,-0.61192,-0.882,0.65545,-0.56849,-1.05201,0.79306,-0.4495,-0.11329,0.62771,-0.31594,-0.49248,0.61359,-0.47782,-0.7258,0.32612,-0.42014,-0.93522,0.27566
35.24,-0.50386,-0.02075,0.67872,-0.55231,0.42102,0.64541,-0.50608,0.64193,0.6743,-0.69964,0.3457,0.77031,-0.76929,0.11769,0.81921,-0.55609,0.1411,0.97455,-0.39328,0.14714,1.04202,-0.36973,0.36631,0.56386,-0.21404,0.18243,0.5982,-0.22959,0.29142,0.83906,-0.29904,0.35537,0.98801,-0.56454,-0.10463,0.72977,-0.54112,-0.50319,0.77902,-0.61185,-0.88146,0.65578,-0.56727,-1.05257,0.79166,-0.44653,-0.11116,0.63556,-0.30582,-0.48794,0.62754,-0.47437,-0.7356,0.35636,-0.41187,-0.94494,0.31169
35.26,-0.50106,-0.01925,0.68828,-0.55109,0.42269,0.65996,-0.50255,0.64329,0.6874,-0.693,0.34644,0.79044,-0.7613,0.11838,0.84099,-0.54028,0.14022,0.98523,-0.37413,0.14417,1.04418,-0.37207,0.36867,0.57043,-0.20845,0.19192,0.60535,-0.21892,0.31,0.84216,-0.28546,0.37892,0.99022,-0.55995,-0.10374,0.74041,-0.53954,-0.50341,0.78125,-0.61279,-0.88064,0.6563,-0.56689,-1.05286,0.79031,-0.44413,-0.1091,0.64346,-0.2948,-0.48262,0.64135,-0.47028,-0.74234,0.38632,-0.40362,-0.95122,0.34564
35.28,-0.49842,-0.01758,0.69788,-0.55007,0.42449,0.67494,-0.49919,0.64476,0.7007,-0.68608,0.34712,0.81093,-0.75304,0.11902,0.86308,-0.52456,0.13933,0.99543,-0.35541,0.14123,1.04524,-0.37507,0.37133,0.57732,-0.20323,0.20241,0.61147,-0.20844,0.3287,0.84419,-0.27208,0.40184,0.99149,-0.55543,-0.10276,0.75097,-0.53858,-0.50334,0.78368,-0.61439,-0.87951,0.65705,-0.56754,-1.05281,0.78933,-0.44184,-0.10678,0.65134,-0.28274,-0.47624,0.65467,-0.4657,-0.74698,0.41694,-0.39511,-0.95517,0.3795
35.3,-0.49522,-0.01627,0.70734,-0.54784,0.4259,0.68907,-0.49498,0.64588,0.71326,-0.67824,0.34769,0.82999,-0.7436,0.11953,0.88387,-0.50871,0.13856,1.00469,-0.33729,0.13855,1.04608,-0.37692,0.37339,0.58415,-0.19736,0.21261,0.61792,-0.20006,0.34805,0.84548,-0.26214,0.42614,0.99089,-0.55052,-0.10196,0.7614,-0.53726,-0.50327,0.78589,-0.61612,-0.87833,0.65785,-0.56789,-1.05275,0.78815,-0.43918,-0.10498,0.65923,-0.27265,-0.47107,0.6675,-0.45702,-0.75476,0.44658,-0.38073,-0.96174,0.41389
35.32,-0.49083,-0.01591,0.71661,-0.54308,0.4264,0.70093,-0.48893,0.64618,0.7241,-0.66905,0.34816,0.84581,-0.7323,0.1199,0.90172,-0.49256,0.13804,1.01277,-0.31979,0.13626,1.04803,-0.37572,0.37376,0.59048,-0.18956,0.22116,0.62634,-0.1962,0.36833,0.8464,-0.25984,0.45354,0.98707,-0.54489,-0.10165,0.77185,-0.53463,-0.50348,0.7875,-0.61737,-0.87739,0.65854,-0.56626,-1.05309,0.78599,-0.43577,-0.10458,0.66731,-0.26788,-0.4699,0.68062,-0.44065,-0.77104,0.47385,-0.35478,-0.97541,0.44968
35.34,-0.48587,-0.01592,0.72576,-0.53727,0.42655,0.71182,-0.48207,0.64615,0.73419,-0.65925,0.34859,0.86021,-0.72013,0.12019,0.91818,-0.47633,0.13762,1.02012,-0.30259,0.13415,1.05012,-0.37331,0.3735,0.59658,-0.181,0.22939,0.6351,-0.19453,0.38822,0.84657,-0.26127,0.48054,0.98119,-0.53885,-0.10152,0.78223,-0.53164,-0.50367,0.78893,-0.61842,-0.87641,0.65924,-0.56404,-1.05343,0.78347,-0.43193,-0.10471,0.67545,-0.26491,-0.47021,0.69385,-0.42049,-0.78955,0.50124,-0.32365,-0.98992,0.48703
35.36,-0.48109,-0.01578,0.73492,-0.53176,0.42684,0.72303,-0.47543,0.64625,0.74444,-0.64943,0.349,0.87493,-0.70793,0.12046,0.93475,-0.4603,0.13715,1.02713,-0.28572,0.13203,1.05148,-0.37147,0.37351,0.60285,-0.17299,0.23843,0.64276,-0.19327,0.40709,0.84592,-0.26316,0.50508,0.97481,-0.53289,-0.10132,0.79257,-0.52926,-0.50357,0.79061,-0.61992,-0.87511,0.66014,-0.56267,-1.05341,0.78122,-0.42825,-0.10463,0.68356,-0.26069,-0.46959,0.70688,-0.40016,-0.80483,0.52954,-0.29304,-1.00034,0.52415
35.38,-0.47663,-0.01555,0.74425,-0.52651,0.42721,0.73448,-0.46902,0.64641,0.75491,-0.63962,0.34947,0.88986,-0.69574,0.12087,0.95169,-0.44449,0.13666,1.03388,-0.26925,0.12966,1.05231,-0.37017,0.37363,0.60932,-0.16528,0.24867,0.64982,-0.19386,0.42624,0.8442,-0.26793,0.5292,0.96673,-0.52719,-0.10106,0.80303,-0.52738,-0.50319,0.79239,-0.62192,-0.87355,0.66133,-0.56161,-1.0531,0.77902,-0.42488,-0.10443,0.69184,-0.25664,-0.46868,0.72067,-0.37918,-0.81861,0.55998,-0.2617,-1.00812,0.56333
35.4,-0.47136,-0.01559,0.75319,-0.52029,0.42731,0.74507,-0.4618,0.64633,0.7645,-0.62919,0.34978,0.90353,-0.68272,0.12093,0.96675,-0.42864,0.13621,1.03984,-0.25299,0.12784,1.05305,-0.36767,0.37339,0.61554,-0.15746,0.25774,0.65639,-0.19416,0.44227,0.84276,-0.27208,0.54878,0.95973,-0.52077,-0.10097,0.81314,-0.52531,-0.50277,0.79431,-0.6236,-0.87186,0.66241,-0.5609,-1.05267,0.77688,-0.42079,-0.10459,0.69984,-0.25194,-0.4682,0.73296,-0.35558,-0.83095,0.5882,-0.22809,-1.01355,0.59965
35.42,-0.46414,-0.01624,0.76113,-0.51188,0.4268,0.75375,-0.45275,0.64575,0.7721,-0.61762,0.3497,0.91454,-0.66813,0.12012,0.97755,-0.41242,0.1359,1.04458,-0.23654,0.12755,1.0543,-0.36221,0.37233,0.62104,-0.1489,0.26293,0.66301,-0.19114,0.45222,0.84334,-0.27074,0.56087,0.95716,-0.51258,-0.10126,0.82236,-0.52238,-0.50257,0.79647,-0.62417,-0.87018,0.66309,-0.56077,-1.05226,0.77514,-0.41494,-0.10558,0.70708,-0.24572,-0.46894,0.74102,-0.32738,-0.84204,0.60907,-0.19084,-1.01738,0.62752
35.44,-0.45608,-0.01714,0.76866,-0.50252,0.42604,0.76156,-0.44292,0.64495,0.77882,-0.60554,0.34949,0.92437,-0.65295,0.11902,0.98654,-0.39606,0.13567,1.0487,-0.22002,0.12783,1.05562,-0.3555,0.37092,0.62619,-0.13992,0.26662,0.66956,-0.18675,0.45971,0.84464,-0.26726,0.57006,0.95618,-0.50363,-0.1017,0.83121,-0.51915,-0.50236,0.79882,-0.62448,-0.86837,0.6638,-0.5611,-1.05173,0.77377,-0.40831,-0.10691,0.71403,-0.23892,-0.47023,0.74758,-0.29746,-0.85165,0.62767,-0.15258,-1.0193,0.65276
35.46,-0.4483,-0.01795,0.77633,-0.49349,0.42537,0.76959,-0.43336,0.64422,0.78577,-0.59356,0.34933,0.93446,-0.63797,0.11809,0.99597,-0.37987,0.13542,1.05271,-0.20373,0.12786,1.05651,-0.34929,0.36962,0.63146,-0.13117,0.27114,0.6757,-0.18324,0.46765,0.84543,-0.2652,0.57953,0.95435,-0.4949,-0.10209,0.84015,-0.51629,-0.50191,0.80134,-0.62529,-0.86632,0.66491,-0.56184,-1.05092,0.77271,-0.40193,-0.1081,0.72113,-0.23212,-0.47121,0.75485,-0.26791,-0.85929,0.6481,-0.11511,-1.01861,0.67964
35.48,-0.44094,-0.01867,0.78416,-0.48485,0.42478,0.77794,-0.42422,0.64357,0.79296,-0.58178,0.34921,0.94489,-0.62316,0.11716,1.0055,-0.36395,0.13527,1.05664,-0.18776,0.12799,1.0573,-0.34368,0.36846,0.63694,-0.12289,0.27657,0.68209,-0.18142,0.47633,0.84581,-0.26536,0.58972,0.95162,-0.48648,-0.10239,0.84928,-0.51394,-0.50118,0.80417,-0.6266,-0.86401,0.66653,-0.56303,-1.04979,0.77222,-0.39605,-0.10921,0.72837,-0.22608,-0.47223,0.76219,-0.23714,-0.86544,0.66975,-0.07653,-1.01529,0.70822
35.5,-0.43249,-0.01963,0.79157,-0.47515,0.42394,0.7853,-0.41406,0.64268,0.79928,-0.56935,0.34897,0.95407,-0.60788,0.11622,1.01385,-0.34778,0.13501,1.05995,-0.17158,0.1281,1.05763,-0.33665,0.36694,0.64196,-0.1138,0.28028,0.68736,-0.17666,0.48209,0.8469,-0.26171,0.59639,0.95083,-0.47711,-0.10292,0.85787,-0.51097,-0.50052,0.80704,-0.62757,-0.86159,0.66806,-0.56453,-1.04863,0.77184,-0.38894,-0.11055,0.73536,-0.21814,-0.4732,0.76907,-0.20805,-0.86926,0.68961,-0.04098,-1.01033,0.73336
35.52,-0.42148,-0.02121,0.79798,-0.46293,0.42246,0.79037,-0.40144,0.64112,0.80367,-0.55554,0.34844,0.96044,-0.59149,0.11521,1.01998,-0.33075,0.13437,1.06216,-0.15459,0.12799,1.05706,-0.32614,0.36447,0.64578,-0.10249,0.27934,0.69014,-0.16359,0.48138,0.85008,-0.24715,0.59556,0.95534,-0.46559,-0.10405,0.86517,-0.50616,-0.50038,0.8095,-0.62717,-0.85929,0.66869,-0.56589,-1.04778,0.77087,-0.37886,-0.11252,0.74169,-0.20523,-0.47386,0.77495,-0.18341,-0.87104,0.7038,-0.01187,-1.00627,0.74867
35.54,-0.40937,-0.02301,0.80397,-0.44967,0.42073,0.7945,-0.38783,0.63933,0.80724,-0.54114,0.3478,0.96565,-0.57465,0.11419,1.02513,-0.31339,0.1336,1.06389,-0.13731,0.12783,1.05613,-0.31419,0.36165,0.64912,-0.09027,0.27647,0.692,-0.14716,0.47813,0.85395,-0.22811,0.59183,0.96174,-0.45314,-0.10541,0.87193,-0.50054,-0.50034,0.81189,-0.62621,-0.85686,0.66909,-0.56727,-1.04686,0.76985,-0.36753,-0.11471,0.74772,-0.19051,-0.47447,0.78027,-0.16061,-0.87216,0.71522,0.01455,-1.00286,0.75953
35.56,-0.39762,-0.02469,0.81011,-0.43682,0.41911,0.79895,-0.37463,0.63764,0.81106,-0.52693,0.34721,0.97126,-0.558,0.11322,1.03053,-0.29626,0.13293,1.06566,-0.1203,0.12772,1.05518,-0.30281,0.359,0.65264,-0.07843,0.27438,0.69417,-0.13212,0.47593,0.85734,-0.21088,0.58931,0.96707,-0.44096,-0.10666,0.87886,-0.49526,-0.50002,0.81451,-0.62556,-0.85415,0.66994,-0.56889,-1.04557,0.76929,-0.35661,-0.11676,0.75385,-0.17663,-0.47511,0.7857,-0.13717,-0.87298,0.72716,0.04171,-0.99859,0.77133
35.58,-0.38642,-0.02647,0.81638,-0.42443,0.41739,0.80361,-0.36181,0.63583,0.81516,-0.51311,0.34653,0.97709,-0.54144,0.11213,1.03612,-0.27923,0.13221,1.06732,-0.10345,0.12767,1.05402,-0.29199,0.35623,0.6563,-0.06702,0.27262,0.69664,-0.11774,0.474,0.86098,-0.19435,0.58699,0.97262,-0.42927,-0.10794,0.88602,-0.49038,-0.49953,0.81713,-0.62501,-0.85133,0.67086,-0.57041,-1.04408,0.76882,-0.34628,-0.11896,0.76018,-0.16276,-0.47559,0.79111,-0.1117,-0.87311,0.73957,0.07135,-0.99266,0.78351
35.6,-0.37382,-0.02807,0.82229,-0.41091,0.41581,0.80761,-0.34807,0.63422,0.81844,-0.49838,0.34601,0.98213,-0.52466,0.11131,1.04093,-0.26208,0.13161,1.0688,-0.08651,0.12752,1.05288,-0.27978,0.35361,0.65957,-0.05464,0.26968,0.69825,-0.10123,0.47083,0.86407,-0.17518,0.58344,0.97786,-0.41633,-0.10918,0.89256,-0.4845,-0.49896,0.82012,-0.62418,-0.84809,0.6722,-0.57237,-1.04223,0.7689,-0.33444,-0.12087,0.76607,-0.14851,-0.47631,0.79622,-0.09059,-0.87347,0.74936,0.09523,-0.98902,0.79234
35.62,-0.35767,-0.02925,0.82744,-0.39454,0.41455,0.81014,-0.33204,0.63312,0.81985,-0.48137,0.34591,0.98543,-0.50729,0.11115,1.04416,-0.24452,0.13129,1.07022,-0.06916,0.12689,1.0522,-0.26403,0.35135,0.66198,-0.03967,0.26413,0.69789,-0.0801,0.46506,0.86559,-0.15058,0.57736,0.98187,-0.40026,-0.11036,0.89766,-0.47641,-0.49838,0.82375,-0.6229,-0.84405,0.67428,-0.57555,-1.03972,0.7702,-0.31879,-0.12207,0.7709,-0.13349,-0.47784,0.80108,-0.08121,-0.87574,0.75387,0.10406,-0.99289,0.79486
35.64,-0.34015,-0.03021,0.83223,-0.37705,0.41347,0.81205,-0.3151,0.63224,0.82049,-0.46348,0.34599,0.988,-0.48973,0.11127,1.04671,-0.22683,0.13108,1.07161,-0.05168,0.12609,1.05172,-0.24688,0.34928,0.66402,-0.02387,0.25747,0.69673,-0.05702,0.45796,0.86655,-0.12356,0.56984,0.98551,-0.38298,-0.11146,0.90214,-0.46721,-0.49771,0.8277,-0.62118,-0.83943,0.67669,-0.57894,-1.03664,0.77184,-0.30166,-0.12293,0.77526,-0.11816,-0.4796,0.80575,-0.07645,-0.8785,0.75646,0.10692,-0.99938,0.79508
35.66,-0.32323,-0.03118,0.83713,-0.36006,0.41237,0.81424,-0.29858,0.63132,0.82146,-0.44597,0.34605,0.99088,-0.47232,0.11131,1.04949,-0.20926,0.13085,1.07299,-0.03436,0.12535,1.05117,-0.23037,0.3472,0.66622,-0.00868,0.25126,0.6959,-0.03479,0.45111,0.86768,-0.09745,0.56246,0.98923,-0.36621,-0.11252,0.90685,-0.45821,-0.49685,0.83171,-0.61936,-0.83456,0.67917,-0.58197,-1.03319,0.77338,-0.28518,-0.12384,0.77977,-0.10303,-0.4812,0.81042,-0.06979,-0.88075,0.76006,0.11216,-1.00441,0.79653
35.68,-0.30636,-0.03253,0.84226,-0.34313,0.41086,0.81644,-0.28211,0.62998,0.82251,-0.42859,0.34577,0.99376,-0.4548,0.11106,1.05251,-0.1916,0.13039,1.07446,-0.01697,0.12423,1.05065,-0.21385,0.34465,0.66853,0.00675,0.24542,0.69538,-0.01345,0.44458,0.86875,-0.07281,0.55523,0.99257,-0.34957,-0.11392,0.91178,-0.45031,-0.49577,0.83519,-0.61819,-0.82965,0.68149,-0.58566,-1.02926,0.77541,-0.26874,-0.12516,0.78456,-0.0876,-0.483,0.8155,-0.06287,-0.88306,0.76426,0.11761,-1.00946,0.79859
35.7,-0.28909,-0.03305,0.84683,-0.32587,0.41019,0.81847,-0.2654,0.62949,0.82323,-0.41079,0.34618,0.99643,-0.43753,0.11143,1.05484,-0.17421,0.13037,1.07578,0.00014,0.12368,1.05019,-0.19705,0.34306,0.67055,0.02152,0.23865,0.69414,0.00972,0.43662,0.86964,-0.04499,0.54653,0.99624,-0.33242,-0.11458,0.91611,-0.43977,-0.49471,0.84,-0.61523,-0.82385,0.68455,-0.58771,-1.02498,0.77683,-0.2519,-0.12557,0.78868,-0.0728,-0.48442,0.81972,-0.05779,-0.88481,0.76731,0.12076,-1.01445,0.79957
35.72,-0.27101,-0.03123,0.85002,-0.30792,0.4119,0.82022,-0.24818,0.63143,0.82317,-0.39196,0.34855,0.99883,-0.421,0.11361,1.05532,-0.15765,0.13155,1.07669,0.01651,0.12492,1.04985,-0.17984,0.34423,0.67191,0.03418,0.2299,0.69085,0.03727,0.42502,0.86988,-0.0093,0.53387,1.00057,-0.31409,-0.11311,0.91904,-0.42246,-0.49397,0.8482,-0.60784,-0.81606,0.68953,-0.58583,-1.02025,0.77643,-0.2343,-0.12345,0.7911,-0.05975,-0.48459,0.82164,-0.05658,-0.88499,0.76732,0.11929,-1.0187,0.79763
35.74,-0.25259,-0.02861,0.85266,-0.28968,0.41444,0.8218,-0.23077,0.63421,0.82281,-0.37276,0.35158,1.00104,-0.40477,0.11647,1.05517,-0.14142,0.13319,1.07753,0.0326,0.12685,1.04969,-0.16239,0.34635,0.67301,0.04556,0.22064,0.68661,0.06593,0.41124,0.86934,0.02888,0.51833,1.00446,-0.29532,-0.11091,0.92139,-0.4024,-0.4934,0.8577,-0.59857,-0.80732,0.69566,-0.58262,-1.01473,0.77601,-0.21636,-0.12046,0.79287,-0.04747,-0.48434,0.82274,-0.05717,-0.88434,0.76627,0.11556,-1.02249,0.7947
35.76,-0.23437,-0.02644,0.85551,-0.27163,0.4165,0.82341,-0.21353,0.63649,0.82259,-0.35384,0.35422,1.00325,-0.38846,0.11904,1.05541,-0.1251,0.13465,1.07849,0.04875,0.12854,1.04961,-0.14506,0.34794,0.67422,0.05669,0.21209,0.6826,0.09307,0.39729,0.86836,0.06499,0.50197,1.00748,-0.27681,-0.10912,0.92397,-0.38332,-0.49278,0.86669,-0.58976,-0.79855,0.70186,-0.58011,-1.00848,0.77647,-0.19861,-0.11796,0.79494,-0.03504,-0.4843,0.82426,-0.05718,-0.88355,0.766,0.11243,-1.02587,0.79257
35.78,-0.21591,-0.02393,0.85851,-0.2533,0.41891,0.82514,-0.19599,0.63909,0.82229,-0.33451,0.35724,1.00565,-0.37225,0.12199,1.05527,-0.10891,0.13613,1.07945,0.06479,0.1302,1.04964,-0.12758,0.34983,0.67547,0.06752,0.20437,0.67816,0.11935,0.38306,0.86661,0.09963,0.48453,1.00948,-0.25807,-0.10701,0.92665,-0.36459,-0.49152,0.87539,-0.58148,-0.78877,0.7084,-0.5787,-1.00086,0.77723,-0.18071,-0.11508,0.79707,-0.02233,-0.48374,0.82581,-0.05741,-0.88182,0.76588,0.10886,-1.02838,0.79037
35.8,-0.19789,-0.02192,0.86109,-0.23551,0.42081,0.82658,-0.17909,0.6412,0.82214,-0.31597,0.35965,1.00759,-0.35603,0.12448,1.05578,-0.0927,0.13776,1.08057,0.08086,0.13221,1.04982,-0.11037,0.35133,0.67661,0.07712,0.19618,0.67395,0.1451,0.36705,0.86451,0.13495,0.46472,1.01099,-0.23974,-0.10534,0.92901,-0.34417,-0.49132,0.88499,-0.571,-0.77971,0.71567,-0.57493,-0.99345,0.77913,-0.16309,-0.11276,0.79896,-0.01062,-0.48394,0.82721,-0.05789,-0.88053,0.76581,0.10504,-1.03105,0.78874
35.82,-0.18113,-0.02155,0.8626,-0.21922,0.42108,0.82727,-0.16398,0.64175,0.82239,-0.29968,0.36016,1.00836,-0.3395,0.12532,1.0583,-0.07611,0.13959,1.0819,0.09724,0.13487,1.0499,-0.09395,0.35145,0.67747,0.08454,0.18615,0.67051,0.17094,0.347,0.86233,0.17407,0.43972,1.01229,-0.22256,-0.10515,0.93056,-0.31991,-0.494,0.89675,-0.55572,-0.77275,0.72362,-0.56555,-0.98765,0.78235,-0.14625,-0.11224,0.80029,-0.00121,-0.48641,0.82825,-0.05828,-0.88152,0.76569,0.10164,-1.03527,0.78835
35.84,-0.16483,-0.02169,0.86372,-0.20349,0.42083,0.8277,-0.14952,0.64182,0.82285,-0.2842,0.36005,1.00873,-0.32291,0.12564,1.06148,-0.05946,0.14152,1.08334,0.11367,0.13778,1.05002,-0.07784,0.35118,0.67823,0.09064,0.17591,0.66708,0.19563,0.32468,0.85937,0.21299,0.41088,1.01224,-0.2058,-0.10541,0.93182,-0.29395,-0.49725,0.90936,-0.53804,-0.7662,0.73224,-0.55337,-0.9819,0.78671,-0.12971,-0.11229,0.80141,0.00718,-0.48953,0.82909,-0.05879,-0.88307,0.76538,0.09821,-1.03977,0.78823
35.86,-0.14836,-0.02157,0.86505,-0.18755,0.42084,0.82828,-0.1348,0.64212,0.82331,-0.26839,0.36025,1.00931,-0.30642,0.12624,1.0643,-0.04294,0.14339,1.08476,0.12996,0.14055,1.05022,-0.06164,0.35112,0.67907,0.09646,0.16677,0.66322,0.21848,0.30218,0.85534,0.24877,0.38055,1.01038,-0.18887,-0.10542,0.93325,-0.26853,-0.49955,0.92154,-0.52061,-0.75875,0.74112,-0.54163,-0.97496,0.79154,-0.11308,-0.11205,0.80266,0.0158,-0.49213,0.83,-0.05938,-0.88382,0.76511,0.09457,-1.04352,0.78795
35.88,-0.13171,-0.02156,0.86623,-0.17142,0.42075,0.82877,-0.12001,0.64234,0.82342,-0.25241,0.36031,1.00979,-0.28967,0.12679,1.06733,-0.02615,0.14527,1.08602,0.14646,0.14323,1.04999,-0.04524,0.35097,0.67981,0.10213,0.15845,0.65851,0.24124,0.27788,0.84961,0.28497,0.34616,1.00621,-0.17179,-0.10558,0.93448,-0.24292,-0.50151,0.93382,-0.50397,-0.74872,0.74937,-0.53214,-0.96518,0.79498,-0.0962,-0.11189,0.80375,0.02486,-0.49455,0.83081,-0.05996,-0.88412,0.76503,0.09088,-1.0468,0.78761
35.9,-0.11555,-0.02145,0.86763,-0.15585,0.42074,0.82941,-0.10553,0.64258,0.82432,-0.237,0.36048,1.01041,-0.27348,0.12737,1.07007,-0.00998,0.14712,1.08762,0.16244,0.14603,1.05062,-0.02936,0.3509,0.68074,0.10647,0.15065,0.65461,0.25942,0.25487,0.84403,0.31384,0.31351,1.00119,-0.15514,-0.10555,0.93607,-0.21695,-0.50292,0.94597,-0.48397,-0.74208,0.75946,-0.51656,-0.95847,0.80236,-0.07995,-0.11171,0.80511,0.0326,-0.497,0.83168,-0.06071,-0.8844,0.76456,0.08704,-1.04986,0.78738
35.92,-0.10054,-0.02088,0.86974,-0.14161,0.42115,0.83045,-0.09167,0.64311,0.82734,-0.22297,0.36113,1.01145,-0.25872,0.1281,1.07184,0.00464,0.14902,1.09013,0.17716,0.14938,1.05356,-0.01473,0.35122,0.68216,0.10788,0.14297,0.65334,0.26863,0.2374,0.84142,0.32796,0.29091,0.99863,-0.13953,-0.10481,0.93873,-0.1906,-0.50338,0.95756,-0.45652,-0.74585,0.77376,-0.48589,-0.96218,0.81917,-0.06521,-0.11129,0.80728,0.03698,-0.4995,0.83323,-0.06183,-0.88505,0.76343,0.08276,-1.053,0.78821
35.94,-0.08601,-0.0202,0.87209,-0.12792,0.42165,0.83167,-0.07811,0.64366,0.83116,-0.20948,0.3619,1.01266,-0.24451,0.12882,1.07331,0.01866,0.15087,1.093,0.19136,0.15286,1.05738,-0.00063,0.35162,0.68378,0.10786,0.13598,0.65281,0.27451,0.2225,0.83956,0.33703,0.27252,0.99668,-0.12434,-0.10387,0.94176,-0.16386,-0.50328,0.96883,-0.42586,-0.75332,0.78962,-0.44899,-0.96946,0.8394,-0.05109,-0.11085,0.80974,0.04007,-0.50184,0.83496,-0.06315,-0.88574,0.76246,0.07828,-1.05597,0.7898
35.96,-0.07132,-0.01958,0.87435,-0.11405,0.42209,0.83288,-0.06449,0.64416,0.83467,-0.19577,0.36258,1.01387,-0.23013,0.12951,1.07495,0.03286,0.15268,1.09572,0.20568,0.1562,1.06083,0.01362,0.35199,0.68535,0.10782,0.13015,0.65151,0.28103,0.20716,0.83644,0.34761,0.2524,0.99334,-0.10899,-0.10302,0.94465,-0.13703,-0.50276,0.97997,-0.39609,-0.75856,0.80466,-0.41413,-0.97436,0.8579,-0.03677,-0.11043,0.81209,0.04366,-0.50381,0.83659,-0.0645,-0.88595,0.76205,0.07373,-1.05842,0.79159
35.98,-0.05642,-0.01892,0.87651,-0.10005,0.42255,0.83383,-0.05087,0.64466,0.83805,-0.18211,0.3633,1.01476,-0.21549,0.13026,1.07648,0.04729,0.15478,1.09835,0.22021,0.16,1.06417,0.02816,0.35238,0.6868,0.10674,0.12508,0.64949,0.28666,0.19155,0.8321,0.35745,0.23141,0.98862,-0.0935,-0.10213,0.94739,-0.11022,-0.50168,0.99108,-0.3667,-0.76219,0.81894,-0.38021,-0.97751,0.87536,-0.02212,-0.10997,0.8144,0.04694,-0.50549,0.8392,-0.06594,-0.88579,0.76232,0.06848,-1.06065,0.79522
36,-0.04206,-0.01832,0.87893,-0.08646,0.42298,0.83538,-0.03739,0.64507,0.84192,-0.16849,0.36394,1.01639,-0.20152,0.13086,1.07816,0.06107,0.15626,1.10125,0.23412,0.16287,1.06795,0.04194,0.35276,0.68855,0.10636,0.12154,0.64828,0.29179,0.17858,0.82854,0.36617,0.21357,0.98456,-0.07838,-0.10129,0.95049,-0.08289,-0.50028,1.00155,-0.33495,-0.76839,0.83462,-0.34189,-0.98296,0.89494,-0.00828,-0.10958,0.81684,0.05038,-0.50686,0.84024,-0.06749,-0.88549,0.7626,0.06411,-1.06222,0.79691
36.02,-0.029,-0.01786,0.88197,-0.0738,0.4234,0.83842,-0.02411,0.64529,0.84687,-0.15488,0.36442,1.01987,-0.18928,0.13116,1.08017,0.07322,0.15616,1.10478,0.24649,0.16323,1.07278,0.05388,0.35315,0.69096,0.10878,0.11964,0.64987,0.29738,0.17093,0.82857,0.374,0.20295,0.98414,-0.06414,-0.10057,0.95442,-0.05432,-0.49881,1.01032,-0.29724,-0.78109,0.85348,-0.29278,-0.99416,0.91912,0.00357,-0.10935,0.81957,0.05458,-0.508,0.8368,-0.06917,-0.88531,0.76193,0.06263,-1.06269,0.79183
36.04,-0.01646,-0.01748,0.88525,-0.06151,0.42379,0.84204,-0.01088,0.64539,0.85225,-0.14127,0.36482,1.02409,-0.17769,0.13135,1.08236,0.08473,0.1554,1.10857,0.25827,0.16252,1.07804,0.06507,0.35353,0.69365,0.11231,0.11833,0.65263,0.30316,0.16554,0.83006,0.38146,0.19551,0.9852,-0.05023,-0.09992,0.95865,-0.02518,-0.49701,1.01792,-0.25607,-0.79533,0.87306,-0.23816,-1.00593,0.94414,0.01462,-0.1092,0.82244,0.05872,-0.50893,0.83194,-0.07076,-0.88508,0.76101,0.0622,-1.0626,0.78419
36.06,-0.00372,-0.0171,0.88844,-0.04906,0.42416,0.84547,0.00239,0.64548,0.85745,-0.12764,0.36521,1.02803,-0.16582,0.1316,1.08459,0.09652,0.15485,1.1123,0.27028,0.16212,1.08313,0.07655,0.35388,0.69627,0.11534,0.1172,0.65493,0.30878,0.15957,0.83077,0.38901,0.18705,0.98539,-0.03615,-0.09928,0.96272,0.00389,-0.49465,1.02516,-0.21478,-0.80698,0.89129,-0.1842,-1.0145,0.96697,0.02599,-0.10905,0.8253,0.0625,-0.50965,0.82817,-0.07232,-0.88454,0.7606,0.06115,-1.06234,0.77788
36.08,0.00912,-0.01658,0.89156,-0.03665,0.42464,0.84861,0.01564,0.64565,0.86252,-0.11415,0.36576,1.03165,-0.15413,0.13202,1.08641,0.10807,0.15463,1.11596,0.28209,0.16212,1.08844,0.08813,0.35433,0.69872,0.11757,0.11629,0.65747,0.3137,0.15347,0.83149,0.39597,0.1783,0.98548,-0.02202,-0.09847,0.96671,0.03312,-0.49162,1.03158,-0.17224,-0.81695,0.90801,-0.12907,-1.02068,0.98774,0.03749,-0.10878,0.82817,0.06596,-0.51002,0.82474,-0.07379,-0.88368,0.76044,0.0601,-1.06164,0.77182
36.1,0.02165,-0.01636,0.89489,-0.02426,0.4249,0.85247,0.02896,0.64558,0.86791,-0.10034,0.36598,1.0361,-0.14227,0.13219,1.08918,0.11989,0.15358,1.11989,0.2941,0.16092,1.0935,0.09931,0.35459,0.70159,0.12156,0.11583,0.66004,0.31987,0.14879,0.83244,0.40388,0.17139,0.98583,-0.00801,-0.09802,0.97089,0.06238,-0.48845,1.03745,-0.12841,-0.82647,0.92508,-0.07213,-1.02557,1.00826,0.04854,-0.10875,0.83113,0.06937,-0.51036,0.82122,-0.07517,-0.88277,0.76038,0.05903,-1.06081,0.7649
36.12,0.03338,-0.01693,0.89872,-0.01179,0.42458,0.8581,0.04256,0.64495,0.87395,-0.08568,0.36536,1.04252,-0.12984,0.13172,1.09441,0.13262,0.15037,1.12437,0.30682,0.15674,1.09768,0.10963,0.35433,0.70545,0.13027,0.11573,0.66216,0.32957,0.14676,0.83376,0.41458,0.1681,0.98679,0.00568,-0.09854,0.97551,0.09162,-0.48571,1.04285,-0.08287,-0.83656,0.94414,-0.01233,-1.03,1.02978,0.05842,-0.10937,0.83429,0.0729,-0.51102,0.81717,-0.07659,-0.88215,0.76061,0.05749,-1.06027,0.75614
36.14,0.04483,-0.01781,0.90276,0.00078,0.42401,0.86435,0.05636,0.64408,0.88018,-0.07059,0.36443,1.04965,-0.11714,0.13104,1.10058,0.14571,0.14638,1.12904,0.31981,0.15141,1.10149,0.11964,0.35384,0.70967,0.1408,0.11569,0.66416,0.34064,0.14575,0.8353,0.42635,0.16626,0.98805,0.01928,-0.09943,0.98028,0.12079,-0.48285,1.04741,-0.03564,-0.84564,0.96258,0.04942,-1.03249,1.04964,0.06787,-0.11024,0.83757,0.07618,-0.51168,0.81317,-0.07795,-0.88158,0.76112,0.05553,-1.05964,0.74688
36.16,0.05645,-0.01857,0.90672,0.01342,0.42351,0.87024,0.07021,0.64327,0.88617,-0.05555,0.36362,1.05635,-0.10445,0.13052,1.10636,0.15869,0.14279,1.13357,0.33273,0.14659,1.10538,0.12984,0.35339,0.71369,0.15051,0.11558,0.66625,0.35111,0.14425,0.83674,0.43767,0.16378,0.98914,0.03297,-0.10018,0.9849,0.14987,-0.47936,1.05106,0.01255,-0.85242,0.97854,0.11157,-1.03197,1.06618,0.07753,-0.11101,0.84088,0.07904,-0.51208,0.80983,-0.07925,-0.88077,0.76196,0.0532,-1.05862,0.73842
36.18,0.06785,-0.01925,0.91062,0.02608,0.42309,0.87586,0.08417,0.6425,0.89179,-0.04059,0.36299,1.06273,-0.09205,0.13026,1.11193,0.17133,0.13925,1.13804,0.34531,0.14173,1.10936,0.14009,0.35292,0.71756,0.16006,0.11545,0.66817,0.36134,0.14253,0.83812,0.44867,0.16094,0.99021,0.04654,-0.10081,0.98947,0.17906,-0.47524,1.05324,0.0627,-0.85736,0.99216,0.17577,-1.02869,1.07926,0.08693,-0.11173,0.84424,0.0814,-0.51219,0.80646,-0.08076,-0.8798,0.76344,0.0502,-1.05708,0.72954
36.2,0.07966,-0.02017,0.9147,0.03894,0.42242,0.88192,0.09823,0.64152,0.89779,-0.02513,0.36197,1.06959,-0.07885,0.12961,1.11814,0.18478,0.13556,1.14258,0.35861,0.13668,1.11295,0.15031,0.35235,0.72172,0.17028,0.11529,0.67039,0.37233,0.14133,0.83959,0.46053,0.15898,0.99127,0.06042,-0.10178,0.99403,0.20756,-0.47108,1.05558,0.11181,-0.86031,1.00437,0.23755,-1.02312,1.09045,0.09674,-0.11261,0.84772,0.08375,-0.51233,0.80443,-0.08188,-0.87876,0.76466,0.04715,-1.05565,0.72236
36.22,0.09259,-0.02166,0.91911,0.05225,0.42117,0.88918,0.11242,0.64003,0.90503,-0.00851,0.35995,1.07771,-0.06363,0.12783,1.12579,0.2003,0.13153,1.14722,0.37378,0.13132,1.1156,0.16052,0.35163,0.72664,0.18198,0.11513,0.67337,0.38513,0.14142,0.84122,0.47452,0.15916,0.99219,0.07507,-0.10358,0.99853,0.23483,-0.46751,1.06054,0.15703,-0.86168,1.01734,0.29269,-1.01639,1.1033,0.1077,-0.11385,0.85131,0.08672,-0.51295,0.80548,-0.08246,-0.87767,0.765,0.04477,-1.05524,0.72017
36.24,0.10595,-0.02337,0.92371,0.06583,0.41968,0.89695,0.12678,0.63833,0.91276,0.00867,0.35756,1.0863,-0.04754,0.12562,1.13403,0.21667,0.12735,1.1519,0.38969,0.12581,1.11785,0.17076,0.35083,0.73194,0.19429,0.11499,0.67665,0.39863,0.14198,0.84293,0.48933,0.16009,0.99307,0.09003,-0.10568,1.00306,0.26151,-0.46407,1.06608,0.20048,-0.86187,1.02984,0.34476,-1.00862,1.11571,0.11909,-0.11522,0.85504,0.08991,-0.51364,0.80786,-0.08292,-0.87646,0.76561,0.04258,-1.05515,0.72038
36.26,0.11917,-0.025,0.92826,0.07949,0.41826,0.90445,0.14129,0.63667,0.92018,0.02581,0.35531,1.09455,-0.03165,0.12362,1.14198,0.23277,0.12325,1.15649,0.40532,0.12036,1.12019,0.18113,0.35002,0.73714,0.20627,0.11484,0.6798,0.41178,0.1422,0.84456,0.50376,0.16049,0.99391,0.1049,-0.10765,1.00757,0.2882,-0.46018,1.07036,0.24461,-0.86079,1.04039,0.39742,-0.99919,1.12539,0.13031,-0.11655,0.85884,0.09284,-0.5141,0.8102,-0.08367,-0.87504,0.76712,0.03997,-1.0547,0.7206
36.28,0.13215,-0.02659,0.93264,0.09324,0.41688,0.91176,0.15605,0.63502,0.92735,0.04301,0.35314,1.10253,-0.01599,0.1218,1.1498,0.24859,0.11908,1.16098,0.42062,0.11467,1.12245,0.1915,0.3492,0.74222,0.21845,0.11479,0.68261,0.42501,0.14248,0.84601,0.51814,0.1609,0.99462,0.11944,-0.10958,1.01185,0.31529,-0.45531,1.0746,0.29175,-0.85798,1.05038,0.45315,-0.98665,1.13477,0.14117,-0.11783,0.86251,0.09557,-0.51446,0.8133,-0.08482,-0.87342,0.76981,0.03693,-1.0542,0.72264
36.3,0.14574,-0.0283,0.93744,0.10723,0.41533,0.91947,0.17078,0.63327,0.93493,0.06055,0.35075,1.11085,0.00059,0.11962,1.15794,0.26527,0.11506,1.16555,0.43671,0.10943,1.12464,0.20209,0.34832,0.74774,0.23029,0.11458,0.68609,0.43817,0.14256,0.84775,0.53273,0.16112,0.99544,0.1347,-0.11164,1.01654,0.34093,-0.45159,1.07754,0.33257,-0.85511,1.05771,0.50088,-0.97606,1.13998,0.15282,-0.11922,0.86668,0.09851,-0.51463,0.81644,-0.08552,-0.87168,0.77244,0.03426,-1.0535,0.72427
36.32,0.16071,-0.03036,0.94327,0.1215,0.41332,0.92825,0.18509,0.63124,0.94376,0.0786,0.34775,1.12018,0.01917,0.11638,1.16678,0.28393,0.11133,1.17041,0.4547,0.10533,1.12683,0.21305,0.34724,0.75438,0.24107,0.11381,0.6915,0.45095,0.14216,0.85049,0.54756,0.16096,0.99681,0.15173,-0.11404,1.02227,0.3631,-0.45177,1.0778,0.35661,-0.85544,1.0608,0.5287,-0.97483,1.13735,0.16634,-0.12098,0.87199,0.10193,-0.51447,0.81872,-0.08526,-0.86967,0.77319,0.03247,-1.05198,0.7219
36.34,0.1763,-0.03253,0.94954,0.13599,0.41115,0.93754,0.19936,0.62912,0.9532,0.09699,0.34452,1.12995,0.03865,0.11275,1.17591,0.30342,0.10771,1.17535,0.47345,0.10168,1.12893,0.22423,0.34612,0.76158,0.25152,0.11285,0.69775,0.46364,0.14158,0.85368,0.56255,0.16063,0.99843,0.16948,-0.11656,1.02838,0.38376,-0.45351,1.07713,0.37414,-0.85722,1.06269,0.54857,-0.97745,1.13229,0.18067,-0.12284,0.87779,0.10547,-0.51393,0.82106,-0.08474,-0.8673,0.77379,0.03078,-1.05,0.71901
36.36,0.19172,-0.0346,0.95568,0.15059,0.40907,0.94671,0.21391,0.62705,0.96249,0.11545,0.34143,1.1395,0.05791,0.10934,1.18486,0.32264,0.10408,1.18017,0.49187,0.09787,1.13096,0.23547,0.34506,0.76873,0.26215,0.11202,0.7038,0.47638,0.14102,0.85677,0.57746,0.16026,0.99998,0.18699,-0.11897,1.03431,0.40473,-0.45456,1.07661,0.39435,-0.85834,1.06489,0.57132,-0.97843,1.12802,0.19473,-0.12461,0.88348,0.10871,-0.51306,0.82408,-0.0846,-0.86458,0.77566,0.02859,-1.04787,0.71802
36.38,0.20669,-0.03688,0.96154,0.16518,0.40681,0.95576,0.22857,0.62476,0.97163,0.1339,0.33812,1.14884,0.07691,0.10577,1.19358,0.34153,0.10013,1.18483,0.50994,0.09357,1.13293,0.24655,0.34379,0.77579,0.27286,0.11102,0.70979,0.48902,0.14051,0.85991,0.59216,0.1601,1.0016,0.20411,-0.12161,1.03988,0.42583,-0.45534,1.07577,0.41557,-0.8592,1.06743,0.59518,-0.97869,1.12394,0.20825,-0.12656,0.88888,0.11191,-0.51229,0.82763,-0.08525,-0.86145,0.77762,0.02577,-1.04486,0.7163
36.4,0.22273,-0.03874,0.96808,0.18021,0.40488,0.96528,0.24344,0.62286,0.98138,0.1528,0.33518,1.15859,0.09685,0.10246,1.20266,0.3613,0.0968,1.18961,0.52877,0.09032,1.13478,0.25821,0.34292,0.78347,0.28339,0.11032,0.71641,0.50179,0.13978,0.86326,0.60723,0.15935,1.00325,0.22215,-0.12378,1.04613,0.44565,-0.45701,1.07491,0.43305,-0.86085,1.06897,0.61402,-0.98123,1.11883,0.223,-0.12813,0.89505,0.11511,-0.51042,0.83155,-0.08473,-0.85801,0.78121,0.02348,-1.04249,0.71811
36.42,0.24163,-0.03949,0.97643,0.19613,0.40385,0.97609,0.25856,0.62202,0.99274,0.17274,0.33326,1.16961,0.11906,0.09985,1.21288,0.38323,0.09505,1.19488,0.54955,0.08979,1.13651,0.27119,0.34307,0.79264,0.29344,0.11045,0.72463,0.51496,0.13849,0.86701,0.62332,0.15713,1.00488,0.24266,-0.12473,1.05426,0.46293,-0.46073,1.07438,0.44188,-0.86422,1.06844,0.62155,-0.98905,1.11162,0.24104,-0.1287,0.90318,0.11711,-0.50541,0.8357,-0.08081,-0.85426,0.78661,0.02566,-1.0409,0.72698
36.44,0.26158,-0.03979,0.98544,0.21243,0.40315,0.98742,0.27382,0.62156,1.00478,0.19307,0.33174,1.18109,0.14214,0.09756,1.22347,0.40592,0.094,1.20028,0.57094,0.09041,1.1382,0.28471,0.3436,0.80247,0.30328,0.1109,0.73365,0.52817,0.13702,0.87104,0.63966,0.15438,1.00656,0.26408,-0.12517,1.06308,0.47881,-0.46515,1.07422,0.44687,-0.86791,1.06761,0.6239,-0.99845,1.10434,0.26031,-0.12886,0.91204,0.11966,-0.49883,0.8402,-0.07511,-0.84913,0.78884,0.03485,-1.03495,0.73308
36.46,0.28102,-0.04023,0.99414,0.22865,0.40233,0.99862,0.28917,0.62092,1.01667,0.21327,0.33009,1.19233,0.16486,0.09521,1.2338,0.42816,0.09276,1.20552,0.59182,0.09068,1.13987,0.29806,0.34397,0.81219,0.3132,0.11123,0.74264,0.54118,0.13564,0.87516,0.65565,0.15188,1.00832,0.28502,-0.12575,1.07156,0.4947,-0.46904,1.07428,0.45315,-0.87093,1.06768,0.62765,-1.00636,1.09825,0.279,-0.12916,0.92058,0.12315,-0.49227,0.84523,-0.07016,-0.84253,0.78835,0.04612,-1.02477,0.7336
36.48,0.30061,-0.04093,1.00289,0.24494,0.40118,1.01017,0.30462,0.61996,1.02889,0.23378,0.32806,1.20384,0.18772,0.09251,1.24415,0.45043,0.09109,1.21079,0.61259,0.09045,1.1415,0.31126,0.3441,0.82223,0.32313,0.11136,0.75209,0.55419,0.13414,0.87945,0.67163,0.14924,1.01014,0.30621,-0.12666,1.07998,0.51102,-0.47282,1.07338,0.45969,-0.87361,1.06842,0.63129,-1.01406,1.09192,0.29774,-0.12965,0.92911,0.12306,-0.48349,0.85095,-0.06734,-0.8333,0.78264,0.06238,-1.00532,0.72512
36.5,0.32011,-0.041,1.01169,0.26138,0.40067,1.02139,0.3202,0.6196,1.04094,0.25396,0.32684,1.21497,0.21056,0.09063,1.2544,0.47257,0.09052,1.21588,0.63324,0.09157,1.14319,0.32498,0.34469,0.83218,0.33303,0.11194,0.76152,0.56696,0.13281,0.88389,0.68728,0.14674,1.01205,0.32705,-0.1268,1.08859,0.52529,-0.47657,1.07488,0.46432,-0.87599,1.06921,0.63267,-1.02103,1.08792,0.31663,-0.12964,0.93783,0.13119,-0.47725,0.85658,-0.06169,-0.82401,0.78016,0.07506,-0.98956,0.71999
36.52,0.33922,-0.03947,1.02059,0.27794,0.40183,1.03143,0.33578,0.6209,1.05224,0.27289,0.32772,1.22498,0.23317,0.09087,1.26443,0.49433,0.09284,1.22057,0.65366,0.09625,1.14507,0.33998,0.34646,0.84153,0.34271,0.11374,0.77035,0.57907,0.13191,0.8884,0.70209,0.14462,1.01411,0.34683,-0.12499,1.09774,0.53507,-0.48021,1.08327,0.46477,-0.87788,1.06909,0.62985,-1.02643,1.08928,0.33577,-0.12837,0.94704,0.16118,-0.48027,0.86044,-0.04621,-0.82079,0.79467,0.07128,-1.00283,0.74191
36.54,0.35815,-0.03732,1.0295,0.29453,0.40363,1.04098,0.35139,0.62283,1.06315,0.2914,0.32943,1.23454,0.25568,0.09201,1.27434,0.51585,0.09627,1.22508,0.67385,0.10223,1.147,0.3554,0.34867,0.85058,0.35234,0.11609,0.77896,0.59091,0.13128,0.8929,0.71651,0.14271,1.01616,0.36618,-0.12243,1.10706,0.54289,-0.48357,1.09399,0.46394,-0.87907,1.06884,0.62564,-1.03072,1.09291,0.35497,-0.12659,0.9564,0.19922,-0.4857,0.86365,-0.02961,-0.81359,0.80527,0.05822,-1.01298,0.75775
36.56,0.37706,-0.03544,1.03834,0.31111,0.40515,1.0507,0.36707,0.62445,1.07412,0.31015,0.33081,1.24422,0.27821,0.09287,1.28419,0.53726,0.09925,1.22958,0.69384,0.10756,1.14888,0.37055,0.35064,0.85971,0.36204,0.11829,0.78779,0.60277,0.1307,0.89745,0.73091,0.14083,1.01818,0.38563,-0.1202,1.11622,0.55122,-0.48659,1.1035,0.4641,-0.87967,1.06917,0.62233,-1.03446,1.09619,0.37403,-0.12502,0.96561,0.23359,-0.4889,0.86717,-0.01487,-0.80162,0.80588,0.04904,-1.00951,0.75666
36.58,0.39646,-0.03359,1.04748,0.32782,0.40656,1.0607,0.38268,0.62597,1.08557,0.32885,0.33208,1.25417,0.30108,0.09362,1.29415,0.55887,0.10241,1.23415,0.71387,0.11337,1.15075,0.3861,0.35257,0.86921,0.37147,0.12057,0.79714,0.61437,0.12974,0.90226,0.74514,0.1385,1.02025,0.40551,-0.11794,1.12575,0.55999,-0.4892,1.11447,0.46454,-0.87932,1.06998,0.61865,-1.03744,1.10121,0.39367,-0.12353,0.97518,0.26909,-0.49141,0.87045,-0.00051,-0.78284,0.79519,0.03999,-0.99425,0.73693
36.6,0.41477,-0.03154,1.05599,0.3443,0.4083,1.06999,0.39855,0.62774,1.09592,0.34759,0.33378,1.26342,0.32325,0.095,1.30369,0.57969,0.10557,1.23843,0.73321,0.11849,1.15263,0.40092,0.3546,0.87792,0.38142,0.12299,0.80574,0.62614,0.12977,0.90674,0.75918,0.1372,1.02225,0.42435,-0.11557,1.13455,0.56693,-0.49156,1.12329,0.46509,-0.87908,1.07101,0.61584,-1.03979,1.1053,0.4121,-0.12175,0.98403,0.30439,-0.49339,0.87401,0.01955,-0.76468,0.78154,0.04599,-0.97439,0.71046
36.62,0.43009,-0.02905,1.06292,0.36012,0.41084,1.07758,0.41498,0.63014,1.10351,0.36653,0.33655,1.27102,0.3436,0.09779,1.31226,0.59873,0.10841,1.24208,0.7513,0.12139,1.15459,0.41355,0.3569,0.88467,0.39276,0.1255,0.81218,0.63863,0.13239,0.91033,0.77304,0.13867,1.02431,0.44041,-0.11303,1.14143,0.56957,-0.49367,1.12549,0.46489,-0.88025,1.07183,0.61497,-1.04188,1.10466,0.42713,-0.11929,0.99101,0.33717,-0.49486,0.87843,0.04618,-0.75915,0.78483,0.068,-0.96729,0.70783
36.64,0.4443,-0.0264,1.06919,0.3757,0.41369,1.08443,0.43162,0.63276,1.10995,0.38549,0.33968,1.27784,0.36321,0.10108,1.32034,0.61701,0.11112,1.24539,0.76879,0.12351,1.15648,0.42543,0.35931,0.89066,0.40456,0.12805,0.81774,0.65134,0.13591,0.91351,0.78683,0.14112,1.02627,0.45539,-0.11044,1.14754,0.57028,-0.49533,1.12559,0.46414,-0.88158,1.07239,0.61454,-1.0435,1.10223,0.44093,-0.11658,0.99722,0.36953,-0.49556,0.88276,0.07531,-0.75834,0.7952,0.09482,-0.96569,0.71549
36.66,0.45901,-0.02386,1.07568,0.39139,0.41636,1.09155,0.44821,0.63523,1.1168,0.40442,0.34257,1.28485,0.38308,0.10408,1.32844,0.63543,0.11382,1.24872,0.78633,0.12594,1.15827,0.43766,0.36166,0.89701,0.41611,0.13058,0.82374,0.66388,0.13897,0.91686,0.80059,0.14313,1.02817,0.47083,-0.10791,1.15391,0.57149,-0.49645,1.12698,0.46335,-0.88205,1.07314,0.61354,-1.04455,1.10081,0.45532,-0.11401,1.00369,0.4021,-0.49517,0.88661,0.10379,-0.75426,0.80195,0.12015,-0.96024,0.71809
36.68,0.47374,-0.02113,1.08253,0.40711,0.41922,1.09889,0.46474,0.63791,1.12397,0.4235,0.34573,1.29204,0.40351,0.10731,1.33665,0.65429,0.11677,1.25208,0.80432,0.12855,1.16016,0.44979,0.36413,0.90364,0.42763,0.13326,0.8299,0.67631,0.14224,0.9205,0.81422,0.14504,1.03038,0.48641,-0.10516,1.16065,0.57269,-0.49675,1.12843,0.4625,-0.88164,1.07366,0.6125,-1.04473,1.09873,0.46959,-0.11129,1.01057,0.43542,-0.49364,0.89032,0.13129,-0.74721,0.80975,0.14278,-0.95185,0.72192
36.7,0.48817,-0.01876,1.08847,0.42272,0.42174,1.10555,0.48147,0.64019,1.13008,0.44228,0.34839,1.29846,0.42272,0.11016,1.34423,0.67193,0.11914,1.2551,0.82103,0.13054,1.16163,0.46193,0.36639,0.90965,0.43922,0.13566,0.8356,0.68884,0.14527,0.9235,0.82796,0.14731,1.03186,0.50145,-0.10286,1.16641,0.57298,-0.49702,1.12978,0.46128,-0.88141,1.07451,0.61122,-1.04486,1.09758,0.48382,-0.10884,1.01642,0.46699,-0.49147,0.89342,0.1616,-0.74498,0.81754,0.17203,-0.94841,0.72679
36.72,0.50202,-0.01734,1.09212,0.43803,0.42331,1.11075,0.49865,0.64142,1.13369,0.46025,0.34965,1.30326,0.43865,0.1119,1.35062,0.68646,0.12004,1.25757,0.83437,0.13119,1.1622,0.47417,0.36812,0.91422,0.45096,0.13742,0.84024,0.7017,0.14768,0.92485,0.8421,0.15065,1.03151,0.51525,-0.10174,1.16974,0.57167,-0.49812,1.13075,0.45943,-0.88237,1.07564,0.60927,-1.04604,1.09779,0.49823,-0.10711,1.01966,0.49385,-0.48976,0.89563,0.19914,-0.75655,0.82315,0.21871,-0.95863,0.73091
36.74,0.5156,-0.0163,1.09488,0.45321,0.4245,1.11535,0.51591,0.64222,1.13631,0.4779,0.35035,1.30737,0.45346,0.11325,1.35654,0.69988,0.12042,1.2598,0.84649,0.13133,1.16241,0.48642,0.36963,0.91821,0.46278,0.13891,0.84444,0.71464,0.14985,0.92556,0.85634,0.15434,1.03044,0.52856,-0.10108,1.17214,0.56962,-0.49915,1.13118,0.45735,-0.88345,1.07647,0.6073,-1.04706,1.0982,0.51264,-0.10569,1.02191,0.51903,-0.48827,0.89776,0.24057,-0.77272,0.82827,0.27308,-0.97274,0.7352
36.76,0.5293,-0.01513,1.09802,0.46843,0.4258,1.12017,0.533,0.64314,1.13934,0.49566,0.35123,1.31168,0.46895,0.11475,1.36263,0.71387,0.12106,1.2621,0.85917,0.13174,1.16275,0.49867,0.3712,0.92248,0.47455,0.14048,0.84886,0.72745,0.15207,0.92657,0.87041,0.15778,1.02966,0.54211,-0.10023,1.17494,0.56777,-0.49933,1.13154,0.45538,-0.8836,1.07685,0.60557,-1.04705,1.09819,0.52704,-0.10418,1.02461,0.54504,-0.48629,0.90018,0.28161,-0.78535,0.83346,0.32518,-0.98271,0.73923
36.78,0.54298,-0.01376,1.10125,0.48363,0.42727,1.12541,0.55007,0.64421,1.14257,0.51357,0.35215,1.3163,0.48435,0.11638,1.3691,0.72763,0.12193,1.26463,0.87153,0.13251,1.16324,0.51071,0.37309,0.92714,0.4864,0.14243,0.8534,0.74032,0.15493,0.92758,0.88447,0.16202,1.02892,0.55562,-0.09925,1.17777,0.5662,-0.49872,1.13159,0.45349,-0.8827,1.07556,0.60317,-1.04693,1.09434,0.54147,-0.1024,1.02733,0.57099,-0.48364,0.90241,0.3234,-0.79662,0.83893,0.37778,-0.99054,0.7432
36.8,0.55666,-0.01291,1.10408,0.49881,0.42824,1.12973,0.56696,0.64478,1.14517,0.53107,0.35272,1.32009,0.49993,0.11762,1.37474,0.74164,0.12232,1.26663,0.88418,0.13265,1.16332,0.52313,0.37431,0.93104,0.49808,0.14361,0.85767,0.75294,0.1565,0.92846,0.89837,0.16477,1.02786,0.56913,-0.09868,1.18032,0.56401,-0.49795,1.13157,0.45162,-0.88205,1.07569,0.60243,-1.04506,1.09598,0.55585,-0.10125,1.02978,0.59672,-0.4816,0.90536,0.36697,-0.80819,0.84339,0.43287,-0.99803,0.74672
36.82,0.57036,-0.01339,1.10609,0.51403,0.42796,1.13172,0.58356,0.64411,1.14638,0.54757,0.35255,1.32189,0.51605,0.11791,1.3783,0.75647,0.12133,1.26731,0.89791,0.13092,1.16242,0.53661,0.37374,0.9329,0.50917,0.14273,0.86139,0.76489,0.15451,0.92923,0.91198,0.16327,1.02611,0.5827,-0.09914,1.18237,0.55977,-0.49757,1.13186,0.44996,-0.88299,1.08007,0.60763,-1.03711,1.11346,0.57006,-0.10172,1.03178,0.62212,-0.48165,0.91027,0.4132,-0.82148,0.84585,0.49222,-1.00665,0.74995
36.84,0.58408,-0.0144,1.10772,0.52927,0.42717,1.13276,0.60008,0.64294,1.14696,0.56368,0.35205,1.3229,0.53229,0.1178,1.38095,0.77155,0.11978,1.26745,0.91198,0.12845,1.16114,0.55052,0.37248,0.93392,0.52012,0.1411,0.86484,0.77663,0.15117,0.9299,0.92546,0.16011,1.02408,0.59628,-0.10003,1.18416,0.55508,-0.49679,1.13216,0.44884,-0.88357,1.08321,0.61711,-1.02181,1.13118,0.58423,-0.10283,1.03353,0.64736,-0.48228,0.91583,0.46114,-0.83442,0.848,0.55373,-1.01407,0.75376
36.86,0.59782,-0.01519,1.10949,0.5445,0.42658,1.13419,0.61663,0.64196,1.14778,0.57996,0.35166,1.32421,0.5485,0.11782,1.38388,0.78652,0.11846,1.26778,0.9259,0.12631,1.16002,0.56427,0.37151,0.93531,0.53122,0.13986,0.86841,0.78849,0.14844,0.93062,0.93893,0.15755,1.02218,0.60988,-0.10074,1.18604,0.55108,-0.49503,1.13222,0.448,-0.8826,1.08277,0.62623,-1.00341,1.1408,0.59845,-0.10367,1.03536,0.67271,-0.48216,0.92111,0.50934,-0.84503,0.85095,0.61464,-1.01836,0.75825
36.88,0.6114,-0.01588,1.11137,0.5597,0.4261,1.13586,0.63317,0.64105,1.14887,0.59628,0.35131,1.32572,0.56469,0.11798,1.38728,0.80131,0.11716,1.26835,0.93955,0.1241,1.15908,0.57785,0.3707,0.93691,0.54209,0.13881,0.87227,0.8001,0.14592,0.93153,0.95233,0.15532,1.02006,0.62335,-0.10136,1.18801,0.54592,-0.49212,1.13203,0.44737,-0.88047,1.07949,0.63721,-0.97654,1.14626,0.6125,-0.10439,1.03729,0.69768,-0.48176,0.92701,0.55879,-0.85434,0.85505,0.67684,-1.02028,0.76421
36.9,0.62534,-0.0169,1.11294,0.57501,0.42527,1.13684,0.64972,0.63983,1.14926,0.61241,0.35075,1.32665,0.58102,0.11772,1.38944,0.81652,0.11562,1.26833,0.95376,0.12181,1.15776,0.59192,0.36943,0.9379,0.55349,0.13733,0.87556,0.81216,0.1427,0.9321,0.96572,0.15189,1.01831,0.63712,-0.10225,1.18975,0.54366,-0.48921,1.1319,0.44685,-0.8773,1.0744,0.64334,-0.95409,1.14669,0.62692,-0.10552,1.03899,0.7233,-0.48114,0.93204,0.60762,-0.86124,0.85838,0.73699,-1.01964,0.7695
36.92,0.64022,-0.01862,1.11377,0.59063,0.42371,1.13618,0.66643,0.63792,1.14796,0.62816,0.3498,1.3262,0.59784,0.11647,1.38841,0.83303,0.11365,1.26671,0.96958,0.1196,1.15529,0.6072,0.36715,0.93742,0.56621,0.13488,0.8774,0.82539,0.1378,0.93175,0.97911,0.14566,1.01781,0.65172,-0.10367,1.19096,0.54908,-0.48816,1.13219,0.44674,-0.87457,1.07304,0.63993,-0.95635,1.14866,0.64231,-0.10751,1.04016,0.75087,-0.48012,0.93438,0.65378,-0.86495,0.85845,0.79165,-1.01698,0.77123
36.94,0.65548,-0.02064,1.11429,0.6064,0.42184,1.13483,0.6832,0.63573,1.14594,0.64374,0.34868,1.32517,0.61478,0.11486,1.38618,0.84996,0.1115,1.26448,0.98599,0.11737,1.15241,0.623,0.36442,0.93631,0.5795,0.13203,0.8786,0.83908,0.13223,0.93104,0.99251,0.13836,1.01776,0.66664,-0.10532,1.19193,0.55725,-0.48786,1.13261,0.44683,-0.87198,1.07304,0.63501,-0.96422,1.14924,0.65808,-0.10986,1.0411,0.77897,-0.47881,0.93582,0.69856,-0.86699,0.85751,0.84367,-1.01307,0.77189
36.96,0.67061,-0.02255,1.11493,0.62214,0.42007,1.13373,0.69996,0.63363,1.14419,0.6594,0.34761,1.32436,0.6316,0.11342,1.38449,0.86664,0.10941,1.26253,1.00208,0.11512,1.14974,0.63864,0.36185,0.93544,0.59263,0.12939,0.87997,0.85258,0.12697,0.9305,1.00589,0.13158,1.01753,0.68143,-0.10689,1.19299,0.56423,-0.48697,1.13281,0.44703,-0.86894,1.07238,0.63298,-0.96543,1.1488,0.67372,-0.11208,1.04214,0.80658,-0.47716,0.93781,0.74358,-0.86815,0.85755,0.8959,-1.00776,0.77367
36.98,0.68554,-0.02439,1.11569,0.63785,0.41838,1.13291,0.71683,0.63154,1.14277,0.67514,0.34655,1.32378,0.64876,0.11192,1.38282,0.88358,0.10733,1.26046,1.01828,0.11292,1.14679,0.6541,0.35941,0.93483,0.60536,0.12692,0.8819,0.86569,0.12158,0.93018,1.01885,0.12448,1.01754,0.69609,-0.10839,1.19415,0.57139,-0.48591,1.1329,0.4473,-0.86554,1.07154,0.6337,-0.96167,1.14733,0.68912,-0.11421,1.04328,0.8342,-0.47491,0.93998,0.79035,-0.86814,0.85794,0.95013,-1.00033,0.77593
37,0.701,-0.02642,1.11611,0.65374,0.41647,1.13135,0.73358,0.62934,1.14051,0.69074,0.34543,1.32257,0.6653,0.1105,1.38081,0.90009,0.10521,1.25843,1.03438,0.11063,1.14425,0.67015,0.35662,0.93354,0.61914,0.12419,0.88252,0.87967,0.11633,0.9294,1.03255,0.11783,1.01728,0.71111,-0.11005,1.19502,0.57906,-0.48492,1.13292,0.44783,-0.86203,1.07086,0.63396,-0.95943,1.14567,0.70513,-0.11657,1.04414,0.86138,-0.47285,0.94182,0.83278,-0.86718,0.85833,0.99827,-0.99328,0.77808
37.02,0.7177,-0.02896,1.11581,0.67003,0.41398,1.12801,0.74997,0.62685,1.13619,0.706,0.34417,1.31987,0.68006,0.10932,1.37824,0.9153,0.10296,1.25677,1.05,0.10804,1.14307,0.6876,0.35291,0.93068,0.63553,0.12068,0.87977,0.89587,0.11151,0.92745,1.04826,0.11247,1.01618,0.72695,-0.11214,1.1953,0.58722,-0.48415,1.13274,0.44871,-0.85862,1.07056,0.62961,-0.96608,1.14442,0.72258,-0.11952,1.0444,0.88795,-0.4719,0.9429,0.86448,-0.86634,0.85834,1.03211,-0.99038,0.77934
37.04,0.73496,-0.03165,1.11517,0.68657,0.41129,1.12393,0.76634,0.62427,1.13102,0.72121,0.34287,1.31653,0.69426,0.10825,1.37532,0.93014,0.10069,1.25518,1.06557,0.10535,1.14233,0.70571,0.34888,0.92716,0.65308,0.11689,0.87571,0.91308,0.10688,0.92504,1.0649,0.1076,1.01476,0.74316,-0.11436,1.19527,0.59584,-0.48336,1.13233,0.44982,-0.85496,1.07011,0.6245,-0.97282,1.14309,0.74065,-0.12264,1.04437,0.91402,-0.47141,0.94375,0.89164,-0.86571,0.85827,1.06003,-0.98937,0.7803
37.06,0.75208,-0.03422,1.11461,0.70317,0.40872,1.12011,0.78289,0.62174,1.12616,0.73657,0.34161,1.3134,0.70883,0.10714,1.37245,0.94527,0.09844,1.25349,1.08128,0.1027,1.14133,0.7237,0.34502,0.92389,0.67033,0.11327,0.8722,0.93004,0.1022,0.92282,1.08131,0.10256,1.01345,0.75928,-0.11648,1.19527,0.60445,-0.48227,1.13169,0.451,-0.85083,1.06921,0.62227,-0.97339,1.14253,0.75853,-0.12562,1.04441,0.93988,-0.47063,0.94492,0.92014,-0.86489,0.85859,1.08979,-0.98754,0.78175
37.08,0.76875,-0.03702,1.11438,0.71965,0.40593,1.11652,0.79954,0.61891,1.12153,0.75185,0.34016,1.31047,0.72321,0.10587,1.36978,0.96015,0.0959,1.25192,1.09676,0.09979,1.14047,0.74144,0.34089,0.92088,0.68704,0.10945,0.86886,0.94643,0.09712,0.92076,1.09709,0.09698,1.01242,0.77498,-0.11877,1.19563,0.61274,-0.48111,1.13075,0.45193,-0.84638,1.06748,0.62192,-0.96909,1.14346,0.77594,-0.12886,1.04483,0.96657,-0.46908,0.9462,0.9503,-0.86326,0.85876,1.12139,-0.98443,0.78277
37.1,0.78647,-0.03936,1.11336,0.73665,0.40351,1.11226,0.81631,0.61661,1.1162,0.76748,0.33906,1.30687,0.73796,0.10496,1.36651,0.97554,0.09389,1.25003,1.11279,0.09728,1.13936,0.76003,0.33724,0.91721,0.7053,0.10596,0.86483,0.96435,0.09289,0.91828,1.1145,0.09259,1.01077,0.7916,-0.1207,1.1951,0.62196,-0.47953,1.12961,0.45368,-0.84138,1.06614,0.62188,-0.96403,1.14609,0.79441,-0.13156,1.04437,0.99095,-0.46892,0.94751,0.97541,-0.86304,0.85968,1.14712,-0.9841,0.78495
37.12,0.80699,-0.04054,1.11033,0.75491,0.40205,1.10625,0.83324,0.61566,1.10914,0.78395,0.33882,1.30154,0.7538,0.10494,1.36173,0.99234,0.09325,1.24728,1.13028,0.0958,1.13745,0.78075,0.33485,0.91184,0.72747,0.10329,0.85918,0.98611,0.09077,0.91469,1.13616,0.09122,1.00732,0.81068,-0.12171,1.19232,0.63329,-0.47706,1.12842,0.45712,-0.83543,1.06661,0.61956,-0.96495,1.14763,0.81581,-0.13292,1.04168,1.00974,-0.4729,0.94881,0.9884,-0.867,0.86215,1.15886,-0.9914,0.79005
37.14,0.82854,-0.04123,1.10649,0.77369,0.40099,1.09949,0.85029,0.61524,1.10125,0.80077,0.33894,1.29544,0.77003,0.1053,1.35626,1.00963,0.09318,1.24412,1.14831,0.09476,1.13519,0.80232,0.33297,0.90576,0.75118,0.10098,0.85288,1.00937,0.08953,0.91066,1.15945,0.09109,1.00325,0.83067,-0.12233,1.1886,0.64546,-0.47406,1.12695,0.46127,-0.82874,1.06727,0.61533,-0.96882,1.14709,0.83825,-0.13369,1.03808,1.02614,-0.47825,0.94977,0.99639,-0.87215,0.86464,1.1647,-1.0011,0.79555
37.16,0.8496,-0.04202,1.10296,0.79236,0.39984,1.09298,0.86745,0.61462,1.09355,0.81754,0.33898,1.28955,0.78612,0.10558,1.35093,1.02672,0.09295,1.24101,1.16611,0.0936,1.13298,0.82358,0.33096,0.89995,0.77432,0.0986,0.84691,1.03205,0.08799,0.90685,1.18206,0.09052,0.99953,0.85025,-0.12302,1.18519,0.6573,-0.47085,1.12513,0.46521,-0.82157,1.06698,0.61089,-0.97093,1.1457,0.86016,-0.13459,1.03482,1.04322,-0.48273,0.95051,1.00621,-0.87625,0.86648,1.17259,-1.00905,0.80006
37.18,0.87077,-0.04331,1.09966,0.81113,0.39814,1.08632,0.88482,0.61341,1.08574,0.83431,0.33861,1.28355,0.80223,0.10547,1.34561,1.0438,0.09216,1.23791,1.18388,0.09182,1.13079,0.84505,0.32829,0.8941,0.79742,0.09564,0.84083,1.05466,0.0858,0.90299,1.20475,0.08923,0.99551,0.86982,-0.12412,1.18208,0.66874,-0.4675,1.12311,0.46842,-0.81379,1.06617,0.60777,-0.96833,1.14633,0.8823,-0.13606,1.03193,1.06085,-0.48748,0.95165,1.01631,-0.88029,0.86798,1.1805,-1.01716,0.80446
37.2,0.89193,-0.04345,1.0957,0.83002,0.3976,1.07959,0.90214,0.6134,1.07766,0.85131,0.33912,1.27734,0.81849,0.10621,1.33986,1.06107,0.09258,1.2345,1.20186,0.09135,1.12832,0.86648,0.32703,0.88809,0.82111,0.09392,0.8349,1.07787,0.0851,0.89919,1.22774,0.08964,0.992,0.8896,-0.12429,1.17806,0.68131,-0.46361,1.12063,0.47347,-0.80562,1.06479,0.6003,-0.97303,1.13973,0.90416,-0.13621,1.0281,1.07628,-0.49161,0.95136,1.02413,-0.88374,0.8689,1.18609,-1.02427,0.80769
37.22,0.91294,-0.04038,1.09014,0.84892,0.40033,1.07295,0.91895,0.61679,1.06918,0.86873,0.34218,1.27095,0.83487,0.10934,1.33315,1.07863,0.0963,1.23046,1.22021,0.09452,1.12534,0.88747,0.32973,0.88187,0.84593,0.09568,0.82964,1.10227,0.08841,0.89573,1.25107,0.09454,0.99018,0.9099,-0.12185,1.17186,0.69607,-0.45825,1.11768,0.48251,-0.79712,1.06437,0.57505,-0.99245,1.11923,0.92509,-0.13266,1.02187,1.08643,-0.49354,0.94733,1.027,-0.88548,0.86901,1.18704,-1.02844,0.80839
37.24,0.93386,-0.03619,1.08394,0.86785,0.40421,1.06629,0.93563,0.62133,1.06053,0.88626,0.34611,1.26445,0.85132,0.11328,1.32608,1.09628,0.10121,1.22619,1.23869,0.099,1.1222,0.90835,0.33384,0.87554,0.87125,0.09877,0.82457,1.12716,0.0933,0.89246,1.2745,0.10122,0.98904,0.93032,-0.11848,1.16481,0.71208,-0.45267,1.11469,0.49312,-0.78856,1.06448,0.54738,-1.00002,1.10996,0.94567,-0.12782,1.01474,1.09419,-0.4945,0.94192,1.02738,-0.88625,0.86875,1.18551,-1.03125,0.80793
37.26,0.9547,-0.03261,1.07801,0.88678,0.40746,1.05959,0.95247,0.62518,1.0519,0.90368,0.34953,1.25793,0.86773,0.11674,1.31916,1.11383,0.1055,1.22201,1.25705,0.10284,1.11916,0.92933,0.33722,0.86924,0.89636,0.1013,0.81938,1.15178,0.09757,0.88923,1.29776,0.10719,0.98769,0.95055,-0.11561,1.15812,0.72803,-0.44751,1.1118,0.503,-0.77985,1.06493,0.53549,-0.99468,1.11514,0.96634,-0.12366,1.00803,1.10253,-0.49546,0.937,1.02824,-0.88667,0.86829,1.18429,-1.03385,0.80735
37.28,0.97607,-0.0286,1.07211,0.90589,0.41108,1.05273,0.9694,0.62935,1.04294,0.9213,0.35338,1.25126,0.884,0.1206,1.31172,1.13136,0.11002,1.21774,1.27546,0.10667,1.11614,0.95056,0.34093,0.86283,0.92182,0.10413,0.81459,1.17676,0.10184,0.88624,1.32122,0.11314,0.98673,0.97133,-0.11234,1.15141,0.74224,-0.44024,1.10875,0.51238,-0.7698,1.06587,0.54475,-0.98163,1.12758,0.9874,-0.11903,1.00127,1.11075,-0.49551,0.93151,1.02853,-0.8859,0.86731,1.18221,-1.03523,0.80558
37.3,0.99631,-0.02521,1.06603,0.92473,0.41422,1.0461,0.98633,0.63295,1.03447,0.93852,0.35653,1.24475,0.90052,0.12383,1.30508,1.14885,0.11429,1.21358,1.29372,0.11074,1.1131,0.97139,0.34428,0.8566,0.94681,0.10684,0.80919,1.2011,0.1066,0.88314,1.34409,0.11963,0.98552,0.99097,-0.10961,1.14459,0.76051,-0.43707,1.10611,0.52358,-0.7623,1.06903,0.57184,-0.97042,1.13296,1.00755,-0.11507,0.99446,1.11783,-0.49592,0.92649,1.02839,-0.88538,0.86649,1.17994,-1.03673,0.80439
37.32,1.01353,-0.02386,1.05945,0.9428,0.41573,1.04012,1.00312,0.63475,1.02735,0.95475,0.35747,1.23872,0.91778,0.12512,1.301,1.16628,0.11769,1.20976,1.31162,0.11541,1.10991,0.99103,0.34625,0.85085,0.97041,0.10876,0.80182,1.22362,0.11239,0.87931,1.36548,0.12738,0.98299,1.00744,-0.10868,1.13751,0.78991,-0.44544,1.10449,0.53871,-0.76095,1.07922,0.57715,-0.97053,1.14498,1.02541,-0.11334,0.98751,1.12305,-0.49823,0.92309,1.0283,-0.88696,0.86653,1.17852,-1.04022,0.80594
37.34,1.02958,-0.02317,1.05273,0.96049,0.41673,1.03447,1.01979,0.63598,1.02086,0.97053,0.35767,1.23294,0.93519,0.12579,1.29784,1.18357,0.12078,1.20611,1.32924,0.12022,1.10672,1.01012,0.3478,0.84535,0.99344,0.11051,0.79391,1.24529,0.11855,0.87538,1.3861,0.13552,0.98018,1.02275,-0.10831,1.13037,0.82387,-0.45695,1.10358,0.55629,-0.75909,1.08367,0.57842,-0.97169,1.14725,1.04232,-0.11235,0.98056,1.12713,-0.50088,0.92,1.02775,-0.88888,0.86647,1.1769,-1.04395,0.80785
37.36,1.0461,-0.02214,1.04617,0.97826,0.41799,1.02875,1.03648,0.63746,1.01421,0.9864,0.35826,1.22711,0.95239,0.12682,1.29427,1.20077,0.12395,1.20246,1.3468,0.1248,1.10361,1.02938,0.34956,0.83985,1.01664,0.11244,0.7865,1.26709,0.12446,0.87173,1.40674,0.14329,0.97775,1.03859,-0.10763,1.12336,0.85625,-0.46561,1.10277,0.57474,-0.75482,1.08296,0.58829,-0.96945,1.14194,1.05957,-0.11099,0.97373,1.13119,-0.50265,0.91636,1.0268,-0.88972,0.86571,1.17463,-1.04656,0.80849
37.38,1.06288,-0.02121,1.03916,0.99631,0.41915,1.02283,1.05329,0.63887,1.00705,1.00262,0.35866,1.22102,0.96979,0.12782,1.2908,1.21805,0.12731,1.19863,1.36438,0.12992,1.10025,1.04885,0.3513,0.83411,1.0403,0.11447,0.77872,1.28914,0.13093,0.86782,1.42757,0.15203,0.97502,1.0545,-0.10712,1.11579,0.88975,-0.47385,1.10211,0.59352,-0.74728,1.07439,0.60121,-0.96448,1.12432,1.07724,-0.10966,0.96639,1.13563,-0.50395,0.91215,1.02555,-0.88982,0.86452,1.1718,-1.04858,0.80854
37.4,1.07885,-0.02025,1.03307,1.01363,0.42034,1.01751,1.06984,0.64022,1.00117,1.018,0.35922,1.21556,0.9866,0.12882,1.2874,1.23489,0.13014,1.1953,1.38157,0.13382,1.09748,1.06769,0.35293,0.82906,1.06286,0.11641,0.77189,1.31007,0.13634,0.86474,1.44734,0.15884,0.97313,1.07,-0.1064,1.10938,0.92312,-0.48082,1.10223,0.61824,-0.74307,1.06266,0.62698,-0.96198,1.10423,1.09383,-0.10847,0.96015,1.13848,-0.50488,0.90837,1.02398,-0.88972,0.86282,1.16898,-1.04995,0.80775
37.42,1.09294,-0.01901,1.02955,1.02914,0.42178,1.01364,1.08576,0.64164,0.99855,1.03119,0.36049,1.21168,1.00206,0.12992,1.28393,1.2509,0.13175,1.19332,1.39821,0.13438,1.09642,1.08505,0.35435,0.82574,1.0828,0.11805,0.76755,1.32865,0.13866,0.8638,1.46512,0.16019,0.9734,1.08469,-0.10489,1.10623,0.95434,-0.48545,1.10323,0.6512,-0.74936,1.06151,0.66407,-0.96799,1.1035,1.1078,-0.10746,0.95689,1.13774,-0.50546,0.90668,1.02239,-0.89008,0.86148,1.16717,-1.051,0.80792
37.44,1.10625,-0.01772,1.02697,1.04396,0.42326,1.01031,1.10139,0.64303,0.99714,1.04357,0.36198,1.20836,1.01698,0.13107,1.2805,1.26653,0.13293,1.19188,1.41458,0.13379,1.09609,1.10179,0.35565,0.82305,1.10164,0.1195,0.76416,1.34622,0.13987,0.86365,1.482,0.15963,0.97442,1.09899,-0.10315,1.10426,0.98527,-0.48901,1.10443,0.68748,-0.75917,1.06423,0.70523,-0.97682,1.10941,1.12071,-0.10657,0.95472,1.13564,-0.50561,0.90603,1.02083,-0.89041,0.86093,1.16583,-1.05162,0.80885
37.46,1.1199,-0.01648,1.02399,1.05911,0.42468,1.00673,1.11712,0.64439,0.99516,1.05637,0.36338,1.20476,1.03204,0.13228,1.27712,1.28222,0.13435,1.19029,1.431,0.13383,1.09563,1.11879,0.35693,0.82011,1.12088,0.12098,0.7605,1.3641,0.14158,0.86323,1.49913,0.16002,0.97514,1.11345,-0.10154,1.10176,1.0168,-0.49201,1.10539,0.72306,-0.76647,1.06452,0.74562,-0.98334,1.11128,1.13407,-0.10566,0.95209,1.1341,-0.50519,0.90519,1.01928,-0.89006,0.86079,1.1643,-1.05158,0.80974
37.48,1.13359,-0.01516,1.02088,1.07418,0.42616,1.00288,1.13272,0.64581,0.99295,1.06886,0.36487,1.20086,1.04741,0.13367,1.27377,1.29822,0.13596,1.18879,1.44772,0.1337,1.09529,1.13595,0.35825,0.817,1.14072,0.12251,0.7567,1.38246,0.14326,0.86282,1.51678,0.16028,0.97581,1.128,-0.09982,1.09914,1.0484,-0.49408,1.10568,0.758,-0.77202,1.06439,0.78459,-0.98812,1.11258,1.14758,-0.10467,0.94935,1.13272,-0.50418,0.90474,1.01775,-0.88916,0.86161,1.16275,-1.05187,0.81444
37.5,1.14702,-0.01399,1.01827,1.08923,0.42752,0.99964,1.1484,0.64707,0.99134,1.08175,0.36627,1.19756,1.06198,0.13492,1.27046,1.31343,0.13722,1.18742,1.46373,0.13372,1.09524,1.15261,0.35938,0.81439,1.15912,0.12381,0.75361,1.39951,0.14466,0.86274,1.53307,0.16042,0.97681,1.14228,-0.09825,1.09703,1.08033,-0.4956,1.10671,0.79588,-0.7796,1.06525,0.82826,-0.99446,1.11538,1.16055,-0.10385,0.9471,1.13083,-0.50274,0.90438,1.01633,-0.88799,0.86241,1.1615,-1.05009,0.81369
37.52,1.15983,-0.0132,1.01676,1.10438,0.4286,0.9979,1.16446,0.64796,0.99107,1.0959,0.36741,1.1958,1.07443,0.13568,1.26702,1.32656,0.13763,1.18602,1.4778,0.13459,1.09537,1.16806,0.36012,0.81288,1.17379,0.12456,0.75196,1.41315,0.14569,0.86327,1.54568,0.16076,0.97863,1.15582,-0.09705,1.09598,1.11284,-0.49677,1.11003,0.84107,-0.79281,1.06778,0.88376,-1.00512,1.12096,1.17223,-0.10345,0.94587,1.12737,-0.50099,0.90377,1.01504,-0.8869,0.86205,1.16164,-1.04148,0.79616
37.54,1.17243,-0.01259,1.01571,1.11956,0.42952,0.99674,1.18065,0.64863,0.99132,1.11051,0.3684,1.19463,1.08615,0.13626,1.26353,1.33895,0.1376,1.18467,1.49118,0.1355,1.09566,1.18303,0.36065,0.81179,1.18702,0.12506,0.75087,1.42552,0.14643,0.86399,1.55695,0.16096,0.98066,1.16916,-0.09604,1.09539,1.14577,-0.49721,1.1137,0.88995,-0.80705,1.07081,0.94452,-1.01576,1.1273,1.18344,-0.10324,0.9451,1.12357,-0.49883,0.90339,1.01389,-0.88552,0.86184,1.16342,-1.02673,0.77565
37.56,1.18517,-0.01194,1.01445,1.13471,0.43044,0.99527,1.19675,0.64932,0.99123,1.12493,0.36942,1.19316,1.09824,0.13695,1.26007,1.3517,0.13768,1.18332,1.50488,0.13614,1.09596,1.1982,0.36119,0.81047,1.20089,0.12558,0.74952,1.43845,0.14717,0.86453,1.56886,0.16111,0.98243,1.18266,-0.095,1.09457,1.17884,-0.49666,1.11632,0.93844,-0.8185,1.07259,1.00398,-1.02328,1.13173,1.1949,-0.10296,0.94413,1.12032,-0.49615,0.90341,1.01283,-0.88354,0.86265,1.16588,-1.01022,0.76137
37.58,1.19767,-0.01109,1.01321,1.14982,0.43156,0.99356,1.2128,0.65019,0.99097,1.13914,0.37075,1.19146,1.11008,0.13799,1.25634,1.36423,0.1383,1.1819,1.51844,0.13761,1.09636,1.21342,0.3618,0.80898,1.21482,0.12618,0.74807,1.45126,0.14833,0.86527,1.58041,0.16181,0.98459,1.1959,-0.0937,1.09381,1.21166,-0.49489,1.11867,0.98781,-0.82819,1.07299,1.06417,-1.02834,1.13494,1.20616,-0.10253,0.94328,1.11606,-0.4926,0.90397,1.01191,-0.88103,0.8645,1.17025,-0.98774,0.74931
37.6,1.21066,-0.0107,1.01204,1.16504,0.43219,0.99233,1.22896,0.65055,0.99093,1.15392,0.37144,1.19023,1.12229,0.13846,1.25308,1.37703,0.13776,1.18069,1.53212,0.13731,1.09675,1.22842,0.3621,0.80781,1.22831,0.12646,0.74691,1.46404,0.14856,0.86555,1.59234,0.16145,0.98584,1.20972,-0.09298,1.09299,1.24533,-0.49276,1.11991,1.03823,-0.83665,1.07363,1.12544,-1.03182,1.13712,1.21779,-0.10245,0.94237,1.11426,-0.48932,0.90448,1.01122,-0.87819,0.86641,1.17359,-0.96808,0.74279
37.62,1.22498,-0.01147,1.01093,1.18058,0.43159,0.99235,1.24553,0.64965,0.99142,1.17006,0.37045,1.19017,1.13558,0.13736,1.25107,1.39067,0.13409,1.18002,1.54619,0.13214,1.09689,1.24301,0.36171,0.80742,1.24095,0.1261,0.74646,1.47707,0.14626,0.86466,1.6057,0.15808,0.98472,1.22511,-0.09373,1.0919,1.28122,-0.49116,1.11879,1.08983,-0.84444,1.0758,1.18817,-1.03476,1.13772,1.23043,-0.10326,0.94116,1.11901,-0.48803,0.90424,1.01068,-0.87555,0.86714,1.17176,-0.96509,0.74158
37.64,1.23983,-0.0127,1.00988,1.19629,0.43051,0.99287,1.26231,0.64825,0.99213,1.18684,0.36881,1.19057,1.1493,0.1357,1.24959,1.40462,0.12925,1.17955,1.56034,0.12517,1.0969,1.25746,0.36104,0.80737,1.25322,0.12548,0.74632,1.49015,0.14304,0.86332,1.61951,0.15365,0.9827,1.24112,-0.09506,1.09074,1.31773,-0.48915,1.11625,1.14191,-0.85091,1.07751,1.25125,-1.03611,1.13641,1.24348,-0.10443,0.93991,1.12612,-0.48751,0.90384,1.01024,-0.87292,0.86759,1.16788,-0.96801,0.74176
37.66,1.25449,-0.01376,1.0088,1.21201,0.4296,0.99313,1.27907,0.64703,0.99266,1.20345,0.36743,1.19072,1.16291,0.13438,1.24794,1.41842,0.12495,1.17898,1.57438,0.11896,1.0969,1.272,0.36044,0.80712,1.2657,0.12494,0.74604,1.50322,0.14026,0.86214,1.63312,0.14976,0.98103,1.25691,-0.09617,1.08959,1.35363,-0.48593,1.11313,1.19382,-0.85533,1.07725,1.31363,-1.03491,1.13314,1.25639,-0.10547,0.93873,1.1322,-0.4865,0.90389,1.00988,-0.87003,0.86886,1.16502,-0.96787,0.74203
37.68,1.26892,-0.01466,1.00773,1.22764,0.42885,0.99321,1.29589,0.64591,0.99299,1.21976,0.36627,1.1907,1.17609,0.13332,1.24598,1.43184,0.12068,1.1784,1.58812,0.11263,1.09711,1.28663,0.35993,0.8068,1.2781,0.12448,0.74578,1.51614,0.1373,0.86112,1.64655,0.14554,0.97955,1.27242,-0.09711,1.08844,1.38945,-0.48142,1.10922,1.24735,-0.85817,1.0754,1.3778,-1.0312,1.12804,1.26906,-0.10635,0.93762,1.13829,-0.48532,0.90438,1.00943,-0.86685,0.87095,1.16195,-0.96786,0.74343
37.7,1.28397,-0.01601,1.00667,1.24359,0.42763,0.99365,1.31277,0.64439,0.9936,1.23693,0.36453,1.19102,1.19028,0.13181,1.24484,1.44601,0.11609,1.17787,1.60229,0.10602,1.0968,1.30113,0.35909,0.80665,1.29064,0.12374,0.74558,1.5294,0.13443,0.85966,1.66043,0.14171,0.97745,1.28867,-0.09854,1.08724,1.42453,-0.47679,1.1043,1.29747,-0.85905,1.07243,1.43701,-1.02611,1.12087,1.28233,-0.10765,0.93651,1.14505,-0.48443,0.90471,1.00942,-0.86373,0.87271,1.15867,-0.9686,0.74443
37.72,1.30048,-0.01847,1.00558,1.26028,0.42525,0.99503,1.32975,0.64192,0.99507,1.25621,0.36129,1.19219,1.20692,0.12907,1.24579,1.46213,0.11086,1.17748,1.61765,0.09902,1.09519,1.31526,0.35749,0.80698,1.30367,0.12229,0.74549,1.54357,0.13204,0.85723,1.67544,0.13921,0.97409,1.30667,-0.10116,1.08588,1.4586,-0.47343,1.09824,1.33895,-0.85831,1.06935,1.48431,-1.02195,1.11203,1.29705,-0.10998,0.93531,1.15285,-0.48424,0.90437,1.01029,-0.86106,0.87323,1.15623,-0.96938,0.74402
37.74,1.31762,-0.02136,1.00453,1.27736,0.42242,0.99682,1.34689,0.63907,0.9969,1.27641,0.35748,1.1937,1.22469,0.12586,1.24763,1.47914,0.10538,1.17716,1.63356,0.09188,1.09306,1.32933,0.35557,0.80758,1.31688,0.12057,0.74554,1.55811,0.12976,0.85443,1.69094,0.1371,0.97019,1.32542,-0.10424,1.08449,1.49176,-0.47044,1.09136,1.3766,-0.85694,1.06603,1.52629,-1.01819,1.10237,1.31239,-0.11271,0.93416,1.16124,-0.48427,0.90398,1.01153,-0.85837,0.87359,1.15332,-0.9708,0.74327
37.76,1.33454,-0.02407,1.00352,1.29442,0.41976,0.99844,1.36414,0.63635,0.99857,1.29636,0.35392,1.19502,1.24219,0.12291,1.24917,1.49592,0.10005,1.17683,1.64929,0.08487,1.09114,1.34354,0.35376,0.80815,1.33007,0.11894,0.74564,1.57252,0.12738,0.85183,1.70628,0.13474,0.96652,1.34391,-0.10712,1.08314,1.52433,-0.46665,1.08394,1.41499,-0.85503,1.0617,1.56912,-1.01334,1.09185,1.32752,-0.11527,0.93311,1.16947,-0.48405,0.90409,1.0127,-0.85533,0.87485,1.14972,-0.97215,0.7433
37.78,1.35119,-0.02678,1.00223,1.31152,0.41711,0.99985,1.38153,0.6336,1.00003,1.31622,0.35033,1.19605,1.25921,0.12008,1.25051,1.51219,0.09455,1.1765,1.66453,0.07741,1.08934,1.35781,0.35197,0.80855,1.34332,0.11731,0.74563,1.58687,0.12493,0.84934,1.7214,0.13235,0.96312,1.36202,-0.11002,1.08146,1.55797,-0.46129,1.07557,1.45549,-0.8517,1.05649,1.61423,-1.00651,1.08024,1.34232,-0.11781,0.93182,1.17744,-0.48373,0.90459,1.01375,-0.85216,0.87716,1.1492,-0.97118,0.74596
37.8,1.36856,-0.02955,1.00154,1.32893,0.41435,1.00178,1.39906,0.63081,1.00196,1.33673,0.34669,1.19759,1.27777,0.11706,1.25259,1.52984,0.08945,1.17623,1.68091,0.07094,1.08716,1.37217,0.35006,0.80948,1.35663,0.11562,0.74604,1.60149,0.1226,0.84667,1.73713,0.13004,0.95912,1.38105,-0.11294,1.08037,1.58776,-0.45779,1.06732,1.48968,-0.84945,1.05109,1.65146,-1.00192,1.0686,1.35795,-0.12045,0.9312,1.18619,-0.48329,0.90526,1.01538,-0.84856,0.87907,1.14214,-0.97418,0.74536
37.82,1.38771,-0.03254,1.00248,1.34691,0.41125,1.00515,1.41666,0.62783,1.00525,1.35859,0.34288,1.20052,1.30002,0.11337,1.25644,1.55082,0.08533,1.17617,1.70017,0.06704,1.0842,1.38668,0.3478,0.81183,1.37004,0.11365,0.74755,1.61673,0.12053,0.84361,1.75432,0.12788,0.95367,1.40243,-0.11595,1.0809,1.60853,-0.46083,1.06075,1.50854,-0.85211,1.04688,1.6701,-1.00537,1.05862,1.37561,-0.12341,0.93234,1.19667,-0.48273,0.90596,1.01801,-0.84418,0.8792,1.11857,-0.98652,0.74008
37.84,1.40756,-0.03554,1.00402,1.36519,0.40808,1.00914,1.43439,0.62484,1.00917,1.38109,0.33905,1.20398,1.32382,0.10947,1.26092,1.57314,0.08162,1.1761,1.72054,0.06417,1.08087,1.40126,0.34547,0.81483,1.38344,0.11168,0.7496,1.6321,0.11862,0.84045,1.77193,0.12583,0.94766,1.4247,-0.11894,1.08196,1.62575,-0.46633,1.05514,1.52133,-0.85652,1.04358,1.68123,-1.01183,1.0499,1.39409,-0.12642,0.93414,1.20787,-0.48195,0.90687,1.0211,-0.83922,0.87934,1.10091,-0.99641,0.74278
37.86,1.42713,-0.03843,1.00531,1.38352,0.40503,1.01298,1.45228,0.62193,1.01296,1.40347,0.33532,1.2072,1.34716,0.10572,1.26505,1.59498,0.0778,1.17595,1.74043,0.06093,1.07767,1.41593,0.34327,0.81775,1.39684,0.10982,0.75165,1.64728,0.11668,0.83748,1.78916,0.12374,0.94196,1.44655,-0.12183,1.08271,1.64414,-0.47064,1.04935,1.5364,-0.85999,1.04018,1.69496,-1.01679,1.04116,1.41227,-0.1293,0.9357,1.21881,-0.48092,0.90819,1.02418,-0.83398,0.88077,1.09752,-0.99868,0.74953
37.88,1.44662,-0.04178,1.00652,1.40187,0.40151,1.01683,1.47023,0.61854,1.0168,1.42581,0.33109,1.21034,1.37024,0.10157,1.26923,1.61652,0.07348,1.17601,1.75994,0.05714,1.07472,1.43065,0.34063,0.82076,1.41046,0.10753,0.75378,1.66252,0.11451,0.8347,1.80631,0.12154,0.93654,1.46843,-0.12519,1.08328,1.66272,-0.47512,1.04303,1.55219,-0.86375,1.03713,1.70935,-1.02187,1.03227,1.43027,-0.13263,0.93722,1.2294,-0.4801,0.90999,1.02687,-0.82876,0.88342,1.10773,-0.99241,0.75532
37.9,1.4664,-0.04417,1.00802,1.4205,0.39894,1.02096,1.48846,0.61608,1.02091,1.44861,0.32785,1.21366,1.39447,0.09818,1.27327,1.639,0.07025,1.17552,1.78032,0.05469,1.07119,1.44545,0.3389,0.8241,1.42365,0.10617,0.75631,1.67739,0.11287,0.83183,1.82332,0.11957,0.93062,1.49038,-0.12756,1.08415,1.67935,-0.47972,1.03841,1.5646,-0.86715,1.03442,1.71964,-1.02715,1.02505,1.4488,-0.13503,0.93903,1.24103,-0.47841,0.9118,1.03116,-0.82276,0.88612,1.12234,-0.97942,0.75623
37.92,1.48702,-0.04401,1.01018,1.43972,0.39887,1.0256,1.50725,0.61615,1.02548,1.47246,0.32728,1.21738,1.42134,0.09684,1.27667,1.66372,0.06975,1.17348,1.80288,0.05551,1.0661,1.46044,0.33955,0.82803,1.43578,0.10728,0.75966,1.69142,0.11248,0.82858,1.84006,0.11805,0.92332,1.51257,-0.12731,1.08589,1.69241,-0.48398,1.03829,1.5696,-0.8689,1.03219,1.72117,-1.03214,1.02192,1.46884,-0.13492,0.94141,1.25453,-0.47416,0.91307,1.03816,-0.81438,0.88628,1.12175,-0.97598,0.75733
37.94,1.50787,-0.04288,1.0126,1.45914,0.39975,1.03044,1.52623,0.61717,1.03022,1.4967,0.32775,1.22119,1.44921,0.09636,1.27976,1.68915,0.07042,1.17074,1.82605,0.05774,1.06031,1.47542,0.34109,0.83227,1.44746,0.1093,0.76352,1.70494,0.11264,0.82535,1.8564,0.11684,0.91558,1.53479,-0.12607,1.08796,1.70367,-0.48801,1.04002,1.57152,-0.86976,1.03054,1.7191,-1.03665,1.02076,1.48935,-0.13386,0.94402,1.26922,-0.46923,0.91405,1.04679,-0.80541,0.88596,1.11536,-0.97673,0.76076
37.96,1.52849,-0.04214,1.01488,1.47851,0.40025,1.03521,1.5452,0.61779,1.03489,1.52079,0.32783,1.2248,1.47662,0.09562,1.28278,1.71404,0.07076,1.16811,1.84859,0.05953,1.05467,1.49037,0.34223,0.83653,1.45931,0.11092,0.76753,1.71838,0.11265,0.82241,1.8724,0.11564,0.90824,1.55686,-0.12523,1.08982,1.7153,-0.49177,1.04122,1.57473,-0.87043,1.02933,1.71853,-1.04059,1.01959,1.50949,-0.13318,0.94651,1.28398,-0.46482,0.9152,1.0555,-0.7969,0.88682,1.11249,-0.97478,0.76502
37.98,1.54967,-0.0416,1.01726,1.49815,0.40048,1.04019,1.56439,0.61816,1.0398,1.54507,0.32765,1.22853,1.50418,0.09457,1.28539,1.73902,0.07064,1.16535,1.87123,0.06086,1.04906,1.50575,0.34316,0.8411,1.4715,0.11237,0.77186,1.73197,0.11232,0.81968,1.88848,0.11399,0.90093,1.57948,-0.12457,1.09177,1.72787,-0.49529,1.04311,1.57802,-0.87029,1.02888,1.71753,-1.04401,1.01969,1.53032,-0.13271,0.94908,1.29671,-0.45862,0.91706,1.0617,-0.78582,0.88544,1.10542,-0.96955,0.76686
38,1.56972,-0.04042,1.01948,1.51742,0.40144,1.04485,1.58337,0.6192,1.04432,1.56912,0.32826,1.2318,1.53164,0.09449,1.28821,1.76352,0.07188,1.16231,1.89313,0.0636,1.04302,1.52036,0.34467,0.84548,1.48298,0.11431,0.77642,1.74466,0.11285,0.81714,1.90345,0.11342,0.89384,1.60092,-0.1233,1.09352,1.73779,-0.49842,1.04478,1.58052,-0.87028,1.02847,1.71654,-1.04677,1.01962,1.54982,-0.13157,0.95152,1.31404,-0.45574,0.91768,1.07383,-0.77942,0.88914,1.10517,-0.96923,0.77637
38.02,1.5867,-0.03767,1.02135,1.5356,0.40422,1.04862,1.60169,0.62194,1.04784,1.59245,0.33079,1.23398,1.55892,0.09679,1.29188,1.787,0.0766,1.15882,1.91337,0.06997,1.03601,1.53289,0.34765,0.84919,1.49269,0.11746,0.78117,1.75535,0.11568,0.81492,1.9161,0.11578,0.88742,1.61919,-0.12056,1.09482,1.74108,-0.50071,1.04537,1.58138,-0.87148,1.02767,1.71633,-1.04874,1.01804,1.56562,-0.12881,0.95373,1.34382,-0.46208,0.91423,1.09923,-0.78358,0.90445,1.12227,-0.9802,0.8018
38.04,1.60252,-0.03432,1.02302,1.55337,0.40768,1.05195,1.61979,0.6253,1.05082,1.61548,0.33403,1.23552,1.58614,0.09999,1.2955,1.80988,0.08258,1.15491,1.93271,0.07763,1.02848,1.54463,0.35121,0.85267,1.50175,0.12109,0.78605,1.76522,0.11934,0.81282,1.92777,0.11919,0.8812,1.63624,-0.11726,1.09588,1.74163,-0.50226,1.04598,1.58132,-0.87271,1.0273,1.71613,-1.05003,1.01674,1.58006,-0.12543,0.9558,1.37834,-0.47022,0.90836,1.12566,-0.78547,0.91589,1.14169,-0.98664,0.82102
38.06,1.6188,-0.03126,1.0247,1.57134,0.41081,1.05536,1.63804,0.62834,1.05387,1.63858,0.3369,1.237,1.61333,0.1028,1.2986,1.83261,0.08794,1.15086,1.95188,0.08462,1.02101,1.55674,0.35451,0.85637,1.5112,0.12451,0.79112,1.77528,0.1226,0.81086,1.93955,0.1221,0.87499,1.65375,-0.11424,1.09692,1.74308,-0.50331,1.04729,1.58148,-0.87318,1.028,1.71578,-1.05085,1.01694,1.59507,-0.12234,0.95788,1.41068,-0.47553,0.90243,1.14693,-0.78126,0.91827,1.15582,-0.9844,0.82672
38.08,1.63535,-0.02807,1.02675,1.5896,0.41407,1.05895,1.65659,0.63151,1.05729,1.66191,0.33995,1.23855,1.64122,0.10568,1.30118,1.85575,0.09369,1.14637,1.97128,0.09221,1.01315,1.56918,0.35789,0.86044,1.52096,0.12802,0.79668,1.78547,0.12613,0.80944,1.95133,0.12529,0.86934,1.67154,-0.11106,1.09836,1.74488,-0.50358,1.04973,1.58158,-0.87267,1.02986,1.7152,-1.05086,1.01886,1.61033,-0.11915,0.96041,1.44388,-0.47953,0.89526,1.16341,-0.76996,0.91163,1.16523,-0.97298,0.81938
38.1,1.65105,-0.02503,1.02797,1.60725,0.41718,1.06187,1.67466,0.63449,1.0596,1.68462,0.34274,1.23922,1.66779,0.10864,1.30363,1.87731,0.09891,1.14195,1.98907,0.09888,1.00554,1.5809,0.36123,0.864,1.53021,0.13146,0.80179,1.79497,0.12932,0.80743,1.96233,0.12819,0.86299,1.68843,-0.1081,1.09886,1.74509,-0.50353,1.05144,1.58152,-0.87251,1.03189,1.71516,-1.05066,1.02052,1.62476,-0.11604,0.96201,1.47623,-0.4824,0.88759,1.18318,-0.76037,0.8992,1.18209,-0.96122,0.80232
38.12,1.66473,-0.0225,1.02699,1.62334,0.41975,1.06327,1.69142,0.63683,1.05917,1.70586,0.34464,1.238,1.69084,0.11163,1.30666,1.89521,0.10239,1.13849,2.0034,0.10285,0.99924,1.5908,0.36438,0.86616,1.53817,0.13467,0.80535,1.80297,0.13139,0.80352,1.97179,0.13003,0.85445,1.7032,-0.1059,1.09691,1.74166,-0.5036,1.05025,1.58121,-0.87407,1.03308,1.71601,-1.05119,1.01949,1.63728,-0.11321,0.96109,1.50566,-0.4847,0.88054,1.21633,-0.76643,0.89476,1.21753,-0.96548,0.79424
38.14,1.67757,-0.02015,1.02518,1.63883,0.42213,1.06398,1.70758,0.63894,1.05758,1.72646,0.34623,1.23585,1.71288,0.1147,1.30962,1.91184,0.10536,1.1351,2.01641,0.106,0.99309,1.60001,0.36744,0.86781,1.54565,0.13778,0.80838,1.81027,0.13309,0.79896,1.98045,0.13156,0.84514,1.71706,-0.10396,1.09403,1.7367,-0.50314,1.04834,1.58066,-0.87558,1.03324,1.71724,-1.05106,1.01648,1.64899,-0.11048,0.95925,1.53425,-0.4863,0.87315,1.25526,-0.77795,0.89302,1.26063,-0.97547,0.78965
38.16,1.69075,-0.01776,1.02375,1.65463,0.42454,1.06483,1.72391,0.6411,1.05632,1.74725,0.34791,1.23373,1.73583,0.11776,1.31202,1.92911,0.10865,1.1312,2.02984,0.10964,0.98646,1.60963,0.37047,0.86981,1.5535,0.14086,0.81185,1.81771,0.13496,0.79489,1.98911,0.13325,0.83633,1.73127,-0.10193,1.09156,1.73234,-0.50178,1.04759,1.58008,-0.87582,1.03356,1.71838,-1.04963,1.01387,1.66101,-0.10776,0.95787,1.56307,-0.48668,0.86491,1.29179,-0.78529,0.88796,1.3005,-0.98086,0.78118
38.18,1.70404,-0.01517,1.02233,1.6708,0.42711,1.06588,1.74058,0.64342,1.05521,1.76835,0.34963,1.23159,1.75914,0.12103,1.3146,1.94642,0.11226,1.12756,2.04325,0.11378,0.98018,1.61957,0.37384,0.87219,1.5618,0.1443,0.81557,1.82539,0.13706,0.79109,1.99788,0.13518,0.82772,1.74554,-0.09975,1.08903,1.728,-0.49946,1.04724,1.57977,-0.87518,1.03531,1.71832,-1.04841,1.01238,1.67311,-0.10477,0.95646,1.59253,-0.48573,0.85548,1.32908,-0.7909,0.88298,1.34038,-0.98449,0.77288
38.2,1.71693,-0.01304,1.02067,1.68626,0.42924,1.06611,1.75638,0.64532,1.05325,1.7886,0.35114,1.22861,1.7823,0.12397,1.31571,1.96339,0.11529,1.12267,2.05606,0.11706,0.97264,1.62901,0.37651,0.87396,1.56953,0.147,0.81901,1.83228,0.13867,0.78699,2.00572,0.13663,0.81884,1.75941,-0.09793,1.08635,1.72353,-0.49669,1.04738,1.57893,-0.87379,1.03426,1.72059,-1.04405,1.00829,1.68488,-0.10235,0.95494,1.62,-0.48426,0.84651,1.36664,-0.79775,0.87512,1.38223,-0.98901,0.76152
38.22,1.729,-0.01213,1.01864,1.69983,0.43021,1.06449,1.77005,0.64612,1.04956,1.80678,0.35223,1.22405,1.80489,0.12589,1.31348,1.97983,0.1166,1.11488,2.06786,0.1178,0.96208,1.63703,0.37731,0.87413,1.5756,0.14771,0.82178,1.8373,0.13906,0.78211,2.0115,0.13686,0.8094,1.77251,-0.09703,1.08363,1.7185,-0.49409,1.04836,1.57736,-0.87219,1.02825,1.73127,-1.03144,1.00215,1.696,-0.10142,0.95336,1.64302,-0.48382,0.84027,1.40345,-0.80859,0.86069,1.42749,-0.99642,0.74294
38.24,1.74069,-0.0117,1.01638,1.71259,0.43072,1.0621,1.7828,0.64648,1.04509,1.82403,0.35313,1.21875,1.82697,0.12744,1.30976,1.99574,0.11722,1.10593,2.07897,0.11754,0.95047,1.64449,0.37739,0.87369,1.5811,0.14766,0.82433,1.84151,0.1389,0.777,2.01637,0.13654,0.79979,1.78525,-0.0965,1.08078,1.71365,-0.49113,1.04971,1.57684,-0.8705,1.0243,1.74611,-1.01399,1.00223,1.70684,-0.10108,0.95165,1.66404,-0.48363,0.83484,1.44069,-0.82026,0.84362,1.47465,-1.00374,0.72152
38.26,1.75253,-0.01107,1.01416,1.72567,0.43142,1.05994,1.79584,0.64702,1.04082,1.84151,0.3541,1.2135,1.84912,0.12917,1.30614,2.01155,0.11816,1.09727,2.09,0.11773,0.93933,1.65228,0.37778,0.87362,1.58707,0.14795,0.82715,1.84599,0.13893,0.77226,2.02137,0.1364,0.79047,1.79812,-0.09582,1.0779,1.70946,-0.4873,1.05136,1.5774,-0.86831,1.02532,1.75957,-0.99589,1.00903,1.71781,-0.10048,0.94995,1.68546,-0.48261,0.82847,1.47806,-0.8294,0.82642,1.52096,-1.008,0.69997
38.28,1.76444,-0.01033,1.0122,1.73892,0.43223,1.05807,1.80901,0.64766,1.0369,1.85918,0.35514,1.20832,1.87194,0.13105,1.30241,2.02775,0.11921,1.0886,2.10119,0.11795,0.92828,1.66013,0.37831,0.87405,1.59325,0.14838,0.83058,1.85042,0.13928,0.76804,2.02621,0.13659,0.78173,1.81105,-0.09503,1.07526,1.70395,-0.4822,1.05388,1.57873,-0.86572,1.0311,1.77455,-0.97214,1.02342,1.7288,-0.09978,0.94855,1.70813,-0.48106,0.82196,1.51684,-0.83676,0.80899,1.56855,-1.01005,0.67852
38.3,1.77612,-0.00994,1.00964,1.75159,0.4327,1.05532,1.82149,0.64797,1.03198,1.87593,0.35596,1.2024,1.89314,0.1326,1.29751,2.04257,0.11987,1.07924,2.11127,0.11788,0.91684,1.66787,0.37837,0.87361,1.59934,0.14837,0.83319,1.8546,0.13882,0.76331,2.03069,0.13596,0.77237,1.82374,-0.09457,1.07205,1.70212,-0.47766,1.05561,1.58019,-0.86256,1.03914,1.78454,-0.95183,1.03883,1.73971,-0.09946,0.94652,1.72729,-0.47943,0.81503,1.55338,-0.84327,0.78935,1.61356,-1.01018,0.65426
38.32,1.78725,-0.0103,1.00558,1.76301,0.43243,1.05053,1.83244,0.64757,1.02472,1.89073,0.35632,1.19501,1.91011,0.13341,1.29076,2.05398,0.11961,1.06885,2.11877,0.11728,0.90485,1.67535,0.37744,0.87089,1.60503,0.14746,0.83352,1.8583,0.13632,0.75697,2.03458,0.1333,0.76099,1.83588,-0.09479,1.06739,1.70958,-0.4765,1.05437,1.58112,-0.85939,1.04105,1.78493,-0.94987,1.04188,1.7504,-0.09991,0.94284,1.73731,-0.47854,0.8076,1.58357,-0.84984,0.7654,1.6525,-1.00829,0.62443
38.34,1.79815,-0.011,1.0009,1.77383,0.43182,1.04486,1.84265,0.64684,1.01651,1.90462,0.35648,1.18698,1.92541,0.13387,1.28313,2.06401,0.11894,1.05797,2.1252,0.1164,0.8926,1.68267,0.37604,0.86722,1.61058,0.14612,0.83297,1.86176,0.13299,0.75008,2.03807,0.12978,0.74898,1.84777,-0.09533,1.06214,1.72039,-0.47676,1.05197,1.58194,-0.85621,1.04036,1.78217,-0.95437,1.04039,1.76099,-0.10073,0.93851,1.74397,-0.47806,0.80013,1.61126,-0.85488,0.7395,1.68811,-1.00372,0.5923
38.36,1.80915,-0.01159,0.99644,1.78481,0.43132,1.0395,1.85299,0.6462,1.00865,1.9187,0.35671,1.17909,1.94133,0.13443,1.27559,2.07445,0.11842,1.04722,2.13188,0.1156,0.88051,1.69007,0.37478,0.86398,1.61635,0.14493,0.83288,1.86525,0.12997,0.7437,2.04146,0.12652,0.73755,1.85976,-0.09576,1.05709,1.72973,-0.47637,1.05015,1.58305,-0.85278,1.04112,1.78105,-0.95538,1.04141,1.77165,-0.10143,0.93442,1.75216,-0.4774,0.79269,1.63981,-0.85747,0.7139,1.72342,-0.99649,0.5609
38.38,1.82017,-0.01202,0.99225,1.79607,0.43098,1.03453,1.8636,0.64568,1.00116,1.93312,0.35699,1.17136,1.95738,0.13523,1.26866,2.08482,0.11793,1.03716,2.13841,0.11476,0.86919,1.69758,0.37377,0.86131,1.62225,0.14402,0.83351,1.86861,0.12711,0.73784,2.04455,0.12344,0.72646,1.87178,-0.09606,1.05223,1.73924,-0.47585,1.04838,1.5843,-0.849,1.0419,1.77969,-0.95647,1.04242,1.78227,-0.10193,0.93058,1.75975,-0.47651,0.78565,1.66925,-0.85785,0.68729,1.76248,-0.98513,0.5297
38.4,1.8311,-0.01286,0.98734,1.80653,0.43022,1.02854,1.87323,0.64479,0.99272,1.9464,0.3571,1.16296,1.97254,0.13546,1.26004,2.09462,0.11725,1.02574,2.14453,0.11389,0.85664,1.70491,0.37211,0.85744,1.62819,0.14246,0.83282,1.8721,0.12368,0.73139,2.04765,0.11963,0.71517,1.88365,-0.09668,1.0468,1.74932,-0.47586,1.04629,1.58572,-0.84533,1.04256,1.77814,-0.95803,1.04321,1.79295,-0.10294,0.92606,1.7676,-0.4761,0.77799,1.69562,-0.85637,0.66178,1.79108,-0.97406,0.49819
38.42,1.84188,-0.01481,0.98077,1.81507,0.42831,1.02007,1.88068,0.64283,0.98204,1.95703,0.35672,1.15313,1.98591,0.13407,1.24705,2.10341,0.11607,1.01041,2.14994,0.11301,0.84034,1.71172,0.36872,0.85052,1.63393,0.13916,0.82855,1.87603,0.11878,0.72317,2.05116,0.11403,0.70304,1.89527,-0.09815,1.04017,1.76026,-0.47707,1.04366,1.58742,-0.84232,1.04304,1.77692,-0.95986,1.0438,1.80382,-0.1053,0.92005,1.77727,-0.47691,0.76833,1.71533,-0.85498,0.63981,1.79366,-0.96964,0.46533
38.44,1.85257,-0.01717,0.97346,1.82282,0.42595,1.01059,1.88721,0.64046,0.97043,1.96656,0.35616,1.14267,1.9984,0.13218,1.2324,2.11155,0.11477,0.9936,2.15477,0.11216,0.82265,1.71831,0.36466,0.84236,1.63963,0.13518,0.82288,1.88016,0.11327,0.71425,2.05483,0.10768,0.69067,1.90673,-0.09992,1.03298,1.77159,-0.47873,1.04069,1.5893,-0.83936,1.04329,1.77559,-0.96193,1.04414,1.81474,-0.10815,0.91334,1.78731,-0.47822,0.75802,1.73236,-0.85395,0.61986,1.78965,-0.9635,0.43427
38.46,1.86328,-0.01932,0.96637,1.83085,0.42377,1.00149,1.89401,0.63824,0.9592,1.97646,0.35568,1.13241,2.01102,0.13065,1.21843,2.11958,0.1136,0.97748,2.15938,0.11129,0.8057,1.725,0.36087,0.8347,1.64546,0.13148,0.81787,1.88424,0.10798,0.70578,2.05838,0.10158,0.67867,1.91823,-0.10153,1.02592,1.78268,-0.48009,1.03779,1.59135,-0.83596,1.04363,1.77434,-0.9634,1.04477,1.82564,-0.11076,0.90682,1.797,-0.4793,0.74815,1.75041,-0.85238,0.60007,1.79287,-0.95309,0.4057
38.48,1.87407,-0.0216,0.95977,1.83905,0.42146,0.99282,1.9011,0.63578,0.94825,1.98657,0.35506,1.12247,2.02407,0.12893,1.20426,2.12756,0.11233,0.96106,2.1636,0.11048,0.78844,1.73178,0.35692,0.82757,1.65115,0.12774,0.81325,1.88813,0.1025,0.69778,2.06159,0.09521,0.66684,1.92986,-0.10324,1.01932,1.79441,-0.48169,1.03519,1.59362,-0.83224,1.04401,1.77325,-0.96438,1.04547,1.83661,-0.1135,0.90081,1.80687,-0.48017,0.73807,1.76968,-0.84973,0.57892,1.80065,-0.93704,0.37607
38.5,1.88469,-0.02368,0.95196,1.84668,0.41927,0.98306,1.90728,0.6336,0.93656,1.99587,0.35465,1.11168,2.03583,0.12767,1.18991,2.13488,0.11138,0.94485,2.16759,0.10963,0.77157,1.73837,0.35309,0.81915,1.65726,0.12391,0.80764,1.89252,0.09718,0.68902,2.06538,0.08904,0.6551,1.94118,-0.10477,1.0116,1.80494,-0.48272,1.03189,1.59601,-0.82838,1.0442,1.77203,-0.96528,1.04628,1.84746,-0.11603,0.89357,1.81631,-0.4815,0.72841,1.78572,-0.8485,0.56208,1.80802,-0.9257,0.35407
38.52,1.8949,-0.02522,0.94124,1.85297,0.41749,0.97072,1.91133,0.63219,0.92311,2.00334,0.35476,1.09891,2.04427,0.12755,1.17592,2.14095,0.11097,0.92993,2.17175,0.10824,0.75632,1.74451,0.34964,0.80758,1.66454,0.11992,0.79979,1.89822,0.09237,0.67827,2.07088,0.08349,0.64351,1.95175,-0.1058,1.00123,1.81222,-0.48222,1.02702,1.59833,-0.82463,1.04405,1.77036,-0.96648,1.04732,1.85798,-0.11799,0.88332,1.82473,-0.48414,0.72008,1.79308,-0.85149,0.55474,1.80025,-0.93325,0.34739
38.54,1.90495,-0.02653,0.92928,1.85875,0.41585,0.95727,1.91456,0.63106,0.90888,2.01009,0.35507,1.08525,2.0516,0.12781,1.16182,2.1467,0.11085,0.91525,2.17609,0.10679,0.74142,1.75051,0.34635,0.79469,1.67226,0.11593,0.79086,1.90445,0.08775,0.66667,2.07706,0.07818,0.63186,1.96201,-0.10663,0.98971,1.8182,-0.48098,1.02137,1.60058,-0.82074,1.04357,1.76833,-0.96759,1.04836,1.86836,-0.1197,0.8718,1.83282,-0.4872,0.71211,1.79741,-0.85625,0.55137,1.79372,-0.9462,0.34736
38.56,1.91506,-0.02789,0.91773,1.86478,0.41414,0.94421,1.91815,0.62977,0.89494,2.01716,0.35528,1.07186,2.05953,0.12791,1.14761,2.15265,0.11065,0.9003,2.18037,0.10546,0.72622,1.7566,0.34299,0.7823,1.67982,0.11205,0.78226,1.91048,0.08303,0.65544,2.08297,0.07273,0.62023,1.97238,-0.10751,0.97854,1.82462,-0.4798,1.01584,1.6029,-0.81653,1.04296,1.76627,-0.96817,1.04937,1.87876,-0.12146,0.86071,1.84107,-0.48997,0.70386,1.80317,-0.86015,0.54635,1.79343,-0.95354,0.34408
38.58,1.92522,-0.02951,0.90682,1.87079,0.41212,0.93158,1.92185,0.62806,0.88122,2.02417,0.35529,1.05895,2.06685,0.12776,1.13406,2.15805,0.10981,0.88608,2.18417,0.10324,0.7118,1.76274,0.33925,0.77036,1.68751,0.10783,0.77448,1.91644,0.07784,0.64476,2.08882,0.0666,0.60933,1.98285,-0.10857,0.96808,1.83166,-0.47887,1.01094,1.60522,-0.81205,1.04258,1.76423,-0.96819,1.05044,1.88935,-0.12353,0.85028,1.84931,-0.49294,0.69614,1.80907,-0.86402,0.54135,1.79371,-0.95673,0.33911
38.6,1.93523,-0.03051,0.89428,1.87677,0.41068,0.9178,1.92515,0.6271,0.86687,2.03114,0.3557,1.04478,2.07519,0.12816,1.11907,2.16447,0.1103,0.87038,2.18893,0.10274,0.6959,1.76881,0.33626,0.75722,1.69516,0.10442,0.76478,1.92274,0.07355,0.63293,2.09502,0.06172,0.59717,1.99304,-0.10919,0.95586,1.83714,-0.47683,1.00437,1.6076,-0.80734,1.04125,1.76166,-0.96825,1.05133,1.8995,-0.12485,0.83817,1.85745,-0.49543,0.68743,1.81473,-0.86829,0.53765,1.80046,-0.95753,0.33379
38.62,1.94506,-0.02989,0.87752,1.88285,0.41078,0.9011,1.92765,0.62814,0.8509,2.03828,0.35722,1.0274,2.08636,0.13007,1.10036,2.17361,0.11416,0.85083,2.19617,0.10667,0.67609,1.77482,0.33534,0.74104,1.70253,0.10312,0.75005,1.92996,0.07173,0.61805,2.10207,0.06026,0.58139,2.00273,-0.10872,0.93903,1.83863,-0.47192,0.9936,1.61027,-0.80238,1.03757,1.75886,-0.96805,1.05172,1.90872,-0.12416,0.8217,1.86563,-0.49659,0.67587,1.81977,-0.87298,0.53621,1.82199,-0.96502,0.3331
38.64,1.95473,-0.02863,0.85918,1.88891,0.41149,0.88332,1.92976,0.62993,0.83446,2.0454,0.35917,1.00884,2.09864,0.13265,1.08018,2.1838,0.11953,0.82977,2.20441,0.11253,0.65477,1.78075,0.33523,0.72375,1.70985,0.10261,0.73339,1.93758,0.07094,0.60199,2.10952,0.06021,0.5643,2.01214,-0.1078,0.92049,1.83885,-0.46572,0.98125,1.61328,-0.79692,1.03327,1.75566,-0.9675,1.05226,1.91749,-0.1227,0.8036,1.87372,-0.49719,0.66338,1.82267,-0.87706,0.53541,1.84632,-0.97579,0.33686
38.66,1.96438,-0.02763,0.84159,1.89495,0.41191,0.86611,1.93198,0.63129,0.81844,2.05248,0.36091,0.99086,2.11054,0.13506,1.06054,2.19355,0.12446,0.80928,2.21225,0.11782,0.63405,1.78667,0.33475,0.70705,1.71724,0.10173,0.7176,1.9451,0.06981,0.58648,2.11688,0.05965,0.5479,2.02159,-0.10706,0.90276,1.83997,-0.45972,0.96958,1.61652,-0.79103,1.02948,1.75216,-0.96643,1.05322,1.92636,-0.12155,0.7863,1.88176,-0.4979,0.65143,1.82471,-0.88021,0.53366,1.8663,-0.98482,0.34116
38.68,1.97445,-0.02674,0.82384,1.90116,0.41215,0.84873,1.93444,0.63234,0.80201,2.0596,0.36254,0.97289,2.12149,0.13739,1.0415,2.20266,0.12853,0.78958,2.21957,0.12166,0.61418,1.79299,0.33406,0.69005,1.72471,0.10075,0.70179,1.95275,0.06815,0.57116,2.12431,0.05843,0.5315,2.03142,-0.10641,0.88492,1.84082,-0.45304,0.95799,1.61992,-0.78458,1.0256,1.75136,-0.96247,1.05393,1.93573,-0.12051,0.76878,1.89032,-0.4987,0.63942,1.82579,-0.8825,0.53071,1.88742,-0.99424,0.34783
38.7,1.98358,-0.0255,0.80606,1.90701,0.4128,0.83152,1.93634,0.6339,0.78653,2.06654,0.36439,0.95475,2.13451,0.14023,1.0208,2.21308,0.13488,0.76795,2.22803,0.12901,0.59234,1.79853,0.33391,0.67344,1.73209,0.10009,0.68553,1.96036,0.06781,0.55522,2.1318,0.05886,0.51489,2.04037,-0.10546,0.86693,1.84253,-0.44672,0.94581,1.62389,-0.778,1.02154,1.7456,-0.96178,1.05527,1.94394,-0.11909,0.75135,1.89783,-0.49902,0.62747,1.82539,-0.88376,0.5274,1.90098,-1.00239,0.35437
38.72,1.99024,-0.02335,0.78852,1.91188,0.41457,0.81497,1.93674,0.63695,0.77373,2.07308,0.36691,0.9363,2.15278,0.14483,0.99597,2.22656,0.14747,0.74165,2.23894,0.14575,0.56574,1.80193,0.33519,0.65816,1.73922,0.10026,0.66857,1.96764,0.07093,0.53782,2.13928,0.06368,0.49804,2.04702,-0.10369,0.84889,1.84589,-0.44182,0.93281,1.62893,-0.77227,1.01655,1.72651,-0.96791,1.06047,1.94911,-0.11669,0.73448,1.90262,-0.49822,0.61576,1.824,-0.88436,0.52634,1.89891,-1.00693,0.35577
38.74,1.99594,-0.02088,0.77103,1.91637,0.41675,0.79864,1.93672,0.6404,0.76204,2.0794,0.36965,0.91773,2.17267,0.15083,0.96921,2.24066,0.16314,0.71356,2.25014,0.16687,0.53751,1.80456,0.337,0.64335,1.74619,0.10085,0.65114,1.97471,0.07545,0.51975,2.14665,0.07019,0.48092,2.05277,-0.10164,0.8308,1.85023,-0.43772,0.91937,1.63484,-0.76736,1.01008,1.71306,-0.96829,1.06697,1.95314,-0.11394,0.71781,1.9065,-0.49699,0.60417,1.8228,-0.88464,0.52663,1.89223,-1.01028,0.35599
38.76,2.00202,-0.01862,0.7536,1.92103,0.41868,0.78232,1.93708,0.64336,0.75014,2.08574,0.37222,0.89933,2.19122,0.15728,0.94293,2.25359,0.17844,0.68643,2.26018,0.18711,0.51042,1.80759,0.3385,0.62843,1.75319,0.10134,0.63381,1.98179,0.07944,0.50192,2.15394,0.07598,0.46383,2.05888,-0.09975,0.81283,1.85474,-0.43358,0.90614,1.64088,-0.76257,1.00264,1.71207,-0.96303,1.06952,1.95769,-0.11141,0.70117,1.91095,-0.49595,0.5927,1.82212,-0.88458,0.52666,1.88848,-1.01368,0.35738
38.78,2.00836,-0.0161,0.73578,1.9258,0.42083,0.76567,1.93736,0.64638,0.73804,2.09221,0.37508,0.88053,2.20915,0.16479,0.91705,2.26584,0.1941,0.66003,2.26944,0.20726,0.48421,1.81074,0.34018,0.61323,1.76036,0.10209,0.61627,1.98902,0.08358,0.48396,2.16142,0.08191,0.44691,2.06515,-0.09764,0.79451,1.85747,-0.42763,0.89348,1.64636,-0.75712,0.99426,1.72217,-0.95405,1.06637,1.96239,-0.10858,0.68423,1.91582,-0.49456,0.58092,1.82219,-0.88394,0.52703,1.88497,-1.01645,0.35902
38.8,2.01393,-0.01404,0.71881,1.93027,0.4226,0.74982,1.93807,0.64886,0.72703,2.09825,0.3774,0.86258,2.22719,0.17276,0.88961,2.27763,0.21165,0.63256,2.2781,0.23053,0.45723,1.81359,0.34158,0.59881,1.76707,0.1027,0.59884,1.9957,0.088,0.46601,2.16823,0.08802,0.42953,2.07087,-0.09588,0.77698,1.86445,-0.42552,0.87972,1.65342,-0.75342,0.98567,1.73671,-0.94903,1.05297,1.96657,-0.10628,0.66809,1.92002,-0.49362,0.56998,1.82229,-0.88343,0.52778,1.88151,-1.01915,0.36104
38.82,2.01762,-0.01334,0.70413,1.93397,0.42324,0.73599,1.93978,0.65003,0.71848,2.10321,0.37818,0.84692,2.24584,0.18133,0.85859,2.28854,0.23334,0.60246,2.28543,0.26093,0.42831,1.81572,0.34212,0.58627,1.77255,0.10264,0.5819,2.00094,0.09273,0.44821,2.17328,0.09429,0.41085,2.07527,-0.09521,0.76156,1.88284,-0.43381,0.86225,1.66588,-0.75353,0.98055,1.74069,-0.95247,1.04803,1.96963,-0.10556,0.65397,1.92246,-0.49412,0.56114,1.82137,-0.88401,0.52869,1.87825,-1.02262,0.36353
38.84,2.02058,-0.01312,0.69033,1.93741,0.4235,0.72295,1.94199,0.65067,0.71092,2.10779,0.37841,0.83211,2.26388,0.19177,0.82643,2.29803,0.25797,0.57229,2.2909,0.29531,0.40009,1.81756,0.34237,0.57451,1.77749,0.1025,0.56517,2.00549,0.09772,0.43053,2.17749,0.10075,0.39174,2.07916,-0.09491,0.74693,1.90568,-0.44502,0.84257,1.67904,-0.75378,0.97136,1.7412,-0.95834,1.03474,1.97221,-0.1054,0.64065,1.9242,-0.49509,0.55315,1.82021,-0.88487,0.52978,1.87489,-1.02616,0.36615
38.86,2.02387,-0.01266,0.67618,1.941,0.42395,0.70962,1.94424,0.65137,0.703,2.11256,0.3789,0.81695,2.28045,0.20404,0.79533,2.30602,0.28334,0.54396,2.29466,0.32977,0.37421,1.81958,0.34279,0.5625,1.78253,0.10267,0.54835,2.01008,0.10275,0.41289,2.18177,0.10722,0.37287,2.08328,-0.09441,0.73195,1.92672,-0.45367,0.82275,1.69104,-0.75254,0.95845,1.74523,-0.96181,1.01321,1.975,-0.10497,0.62704,1.92634,-0.49574,0.54487,1.81959,-0.88522,0.53092,1.87195,-1.02919,0.36888
38.88,2.02711,-0.01228,0.66184,1.94446,0.42432,0.69602,1.94626,0.65184,0.69499,2.11713,0.37935,0.80156,2.29595,0.21843,0.76471,2.31221,0.31025,0.51684,2.29606,0.36533,0.3501,1.82153,0.34307,0.55019,1.7875,0.10285,0.53104,2.01456,0.10795,0.39484,2.1859,0.11403,0.35357,2.08726,-0.09402,0.71683,1.9485,-0.4619,0.80182,1.70023,-0.74863,0.94124,1.74762,-0.96283,0.98126,1.97781,-0.1046,0.61315,1.92894,-0.49644,0.53639,1.81951,-0.8854,0.53218,1.86985,-1.0322,0.37204
38.9,2.0303,-0.01187,0.6481,1.94818,0.42476,0.68316,1.94928,0.65225,0.68745,2.12199,0.37974,0.78679,2.30966,0.23374,0.73484,2.3172,0.33811,0.49157,2.29651,0.40231,0.32863,1.82361,0.34354,0.5387,1.79217,0.10341,0.51468,2.01861,0.1131,0.37769,2.18956,0.12041,0.335,2.0914,-0.09353,0.70216,1.97025,-0.4691,0.78019,1.71245,-0.74727,0.91963,1.75872,-0.96415,0.94308,1.98048,-0.10425,0.60005,1.93078,-0.49699,0.5286,1.81918,-0.88533,0.53342,1.86709,-1.03449,0.37473
38.92,2.03356,-0.01123,0.63569,1.95266,0.42552,0.67204,1.95471,0.65288,0.68086,2.12771,0.38014,0.77343,2.32092,0.2485,0.7058,2.32174,0.36629,0.46861,2.29757,0.44107,0.31075,1.82613,0.34461,0.52913,1.79644,0.10473,0.50077,2.02213,0.11793,0.36285,2.19265,0.12534,0.31852,2.09613,-0.09266,0.68841,1.9902,-0.47436,0.75842,1.73511,-0.7547,0.89851,1.78493,-0.97144,0.91482,1.98296,-0.1038,0.58885,1.93066,-0.4971,0.52252,1.81795,-0.88496,0.53453,1.86217,-1.03534,0.37592
38.94,2.03679,-0.01056,0.62387,1.95744,0.42636,0.6616,1.96113,0.65349,0.67458,2.13371,0.38048,0.76061,2.33049,0.2638,0.67757,2.32505,0.39507,0.44764,2.29755,0.48078,0.29599,1.82882,0.34586,0.52034,1.80042,0.10634,0.48784,2.02529,0.12259,0.34892,2.19534,0.1297,0.30278,2.10099,-0.0917,0.67505,2.00943,-0.47866,0.73586,1.76141,-0.76489,0.87672,1.81589,-0.98079,0.88889,1.98534,-0.10337,0.57845,1.92997,-0.49708,0.51725,1.81668,-0.88452,0.53575,1.85677,-1.0357,0.3768
38.96,2.04,-0.00994,0.61182,1.96211,0.42713,0.65081,1.96729,0.65396,0.66798,2.13956,0.38081,0.74748,2.3389,0.28053,0.65034,2.32657,0.42453,0.42843,2.29524,0.52043,0.28379,1.83147,0.34699,0.51121,1.80432,0.10793,0.47449,2.02836,0.1273,0.33462,2.19791,0.13432,0.28667,2.1057,-0.09082,0.66148,2.02848,-0.48233,0.71228,1.7854,-0.77264,0.8534,1.84366,-0.98781,0.85943,1.98776,-0.10296,0.56774,1.92988,-0.49708,0.51176,1.81613,-0.884,0.53712,1.85234,-1.03618,0.37819
38.98,2.04331,-0.0092,0.59962,1.96677,0.428,0.63982,1.97361,0.65441,0.66137,2.14535,0.38129,0.73421,2.3461,0.29891,0.62402,2.32639,0.45525,0.41117,2.29084,0.5608,0.27445,1.83422,0.34818,0.50184,1.80846,0.1097,0.46069,2.03171,0.13231,0.32006,2.2008,0.139,0.27044,2.11051,-0.08978,0.64773,2.04686,-0.48494,0.68798,1.80825,-0.7789,0.82918,1.86988,-0.99321,0.8297,1.99038,-0.10245,0.55689,1.93011,-0.49697,0.50642,1.81631,-0.88336,0.53865,1.8486,-1.03646,0.37976
39,2.04643,-0.00868,0.58786,1.97157,0.4287,0.62925,1.9802,0.65466,0.65449,2.15129,0.38149,0.72117,2.35175,0.31677,0.59929,2.32511,0.48455,0.39613,2.2856,0.59927,0.26817,1.83694,0.34927,0.49307,1.81181,0.11144,0.44794,2.03411,0.13671,0.30625,2.20258,0.14338,0.25456,2.11505,-0.08903,0.63432,2.06484,-0.48715,0.6626,1.83251,-0.78618,0.80363,1.89774,-0.99934,0.79759,1.99271,-0.10212,0.54654,1.9303,-0.49693,0.50125,1.81646,-0.88269,0.5402,1.84487,-1.03674,0.3815
39.02,2.04899,-0.00878,0.57717,1.97657,0.4289,0.61971,1.98696,0.65455,0.64701,2.15756,0.38098,0.70873,2.35575,0.33165,0.57637,2.32388,0.50963,0.38288,2.28151,0.63321,0.26443,1.83944,0.35001,0.48572,1.81329,0.11283,0.43782,2.03423,0.13948,0.29426,2.20168,0.14739,0.23953,2.11883,-0.0891,0.62183,2.08267,-0.48951,0.63554,1.86068,-0.79664,0.77579,1.93007,-1.00798,0.76003,1.99417,-0.10225,0.53739,1.93008,-0.49724,0.49623,1.81572,-0.88213,0.54173,1.84057,-1.03737,0.38359
39.04,2.05137,-0.0091,0.5669,1.9817,0.42892,0.6105,1.99389,0.65431,0.63916,2.16396,0.38019,0.69643,2.35869,0.34546,0.55463,2.32226,0.53285,0.37108,2.27757,0.6647,0.26284,1.84194,0.35062,0.47891,1.81405,0.1141,0.42879,2.03343,0.14154,0.28302,2.19968,0.15104,0.22499,2.12233,-0.08946,0.60968,2.09967,-0.49108,0.60727,1.88989,-0.80743,0.74585,1.9633,-1.01632,0.71931,1.99536,-0.10254,0.52875,1.92977,-0.49766,0.49135,1.81488,-0.88157,0.5433,1.83624,-1.03805,0.38586
39.06,2.05384,-0.00932,0.55643,1.98679,0.42901,0.60097,2.00086,0.6541,0.63118,2.17025,0.37954,0.68388,2.36086,0.36019,0.53379,2.31955,0.55646,0.36086,2.27245,0.69573,0.26348,1.84452,0.35127,0.47177,1.81503,0.11544,0.41936,2.0329,0.14378,0.2715,2.19796,0.15463,0.21039,2.1259,-0.08969,0.59731,2.11553,-0.49138,0.57832,1.91716,-0.81602,0.71449,1.99383,-1.02212,0.67749,1.99675,-0.10276,0.51991,1.92976,-0.498,0.48651,1.81473,-0.88093,0.54498,1.83256,-1.03858,0.38827
39.08,2.05625,-0.00953,0.54601,1.99181,0.42911,0.59135,2.00776,0.65385,0.62313,2.1764,0.37891,0.67125,2.36191,0.37594,0.51374,2.31628,0.58075,0.35217,2.26705,0.72683,0.26653,1.8471,0.35189,0.46456,1.81616,0.11683,0.40959,2.03264,0.14636,0.25994,2.19642,0.15904,0.1958,2.12936,-0.0899,0.585,2.1306,-0.4905,0.54848,1.94323,-0.82282,0.68167,2.0225,-1.02579,0.63425,1.99813,-0.10297,0.51116,1.93015,-0.49837,0.48184,1.81522,-0.88026,0.54693,1.82984,-1.03917,0.39117
39.1,2.05875,-0.00982,0.53558,1.997,0.42913,0.58169,2.01493,0.65356,0.61459,2.18271,0.37817,0.65847,2.36281,0.38996,0.4952,2.31226,0.60209,0.34494,2.261,0.75371,0.27091,1.84981,0.35246,0.45745,1.81675,0.11809,0.40082,2.03147,0.14793,0.24872,2.19398,0.16162,0.18161,2.13284,-0.09023,0.57258,2.14393,-0.48866,0.51828,1.96841,-0.82904,0.64718,2.04986,-1.02827,0.58886,1.9996,-0.10323,0.50243,1.93032,-0.49868,0.47707,1.8157,-0.87951,0.54861,1.82665,-1.03948,0.39365
39.12,2.06148,-0.01023,0.52508,2.00263,0.42902,0.57209,2.02271,0.65325,0.60512,2.18949,0.37723,0.64546,2.36506,0.39935,0.47838,2.30766,0.61682,0.33858,2.25371,0.77234,0.27534,1.85282,0.35298,0.45063,1.81613,0.11902,0.39455,2.02807,0.14703,0.23826,2.18947,0.1593,0.16828,2.1365,-0.09078,0.55984,2.15454,-0.48622,0.48827,1.99288,-0.83582,0.61044,2.0761,-1.03038,0.54009,2.00124,-0.10353,0.49362,1.92959,-0.49878,0.47199,1.81553,-0.87858,0.54962,1.82132,-1.03909,0.39493
39.14,2.06432,-0.01071,0.51455,2.00845,0.42884,0.56243,2.03069,0.65291,0.59512,2.19642,0.3762,0.63226,2.36781,0.40677,0.4622,2.30313,0.62853,0.3327,2.24579,0.78691,0.28049,1.85601,0.35345,0.44387,1.81516,0.11981,0.38932,2.02384,0.14518,0.22826,2.18412,0.1552,0.15541,2.14018,-0.09144,0.54698,2.16336,-0.48312,0.45831,2.01599,-0.84185,0.57179,2.10031,-1.031,0.48909,2.00298,-0.10386,0.48482,1.92865,-0.4988,0.46692,1.81537,-0.87757,0.55049,1.8155,-1.03843,0.39605
39.16,2.06713,-0.01118,0.50401,2.01419,0.42865,0.55259,2.03854,0.65254,0.58502,2.20318,0.3752,0.61893,2.37001,0.41489,0.44623,2.29872,0.64066,0.32758,2.2378,0.80114,0.28718,1.8592,0.35389,0.43697,1.8145,0.12065,0.38372,2.01999,0.14374,0.21827,2.17905,0.15191,0.14257,2.14376,-0.09207,0.53414,2.17123,-0.47914,0.4281,2.03715,-0.84592,0.53192,2.12177,-1.02923,0.43725,2.00476,-0.1042,0.47605,1.92812,-0.49885,0.46209,1.81585,-0.87655,0.55165,1.81064,-1.03785,0.39775
39.18,2.06983,-0.01158,0.49358,2.01989,0.42855,0.54266,2.04647,0.65224,0.57475,2.20984,0.37426,0.60553,2.37176,0.4236,0.43066,2.29438,0.6531,0.32353,2.22932,0.81478,0.29665,1.86242,0.35441,0.43003,1.81387,0.12161,0.37827,2.01599,0.14239,0.20842,2.17379,0.14856,0.12994,2.1472,-0.09263,0.52132,2.1779,-0.47398,0.39703,2.05683,-0.84805,0.49028,2.14067,-1.02502,0.3836,2.00649,-0.10447,0.46742,1.92778,-0.49883,0.45741,1.81701,-0.87547,0.55312,1.80627,-1.03714,0.39991
39.2,2.07279,-0.01213,0.48291,2.02567,0.42825,0.53253,2.05422,0.65177,0.5641,2.21655,0.3732,0.59181,2.37401,0.43048,0.41531,2.29041,0.66264,0.31917,2.22139,0.8242,0.30383,1.86577,0.35469,0.42298,1.81345,0.12233,0.37294,2.01211,0.14068,0.19879,2.16853,0.14496,0.11749,2.15075,-0.09335,0.50839,2.18319,-0.46877,0.36756,2.07384,-0.84926,0.44849,2.15674,-1.01938,0.33053,2.00851,-0.10487,0.45859,1.92762,-0.49888,0.45285,1.81817,-0.87438,0.55435,1.80225,-1.03648,0.40204
39.22,2.07634,-0.01306,0.47162,2.03158,0.42747,0.52208,2.06147,0.65091,0.55298,2.22343,0.37184,0.57755,2.37789,0.43303,0.3997,2.28692,0.66608,0.31285,2.21608,0.82723,0.30236,1.8693,0.35439,0.41577,1.81339,0.12244,0.36774,2.00858,0.13814,0.18945,2.16349,0.14091,0.10522,2.15464,-0.09451,0.49524,2.18756,-0.46513,0.34235,2.08743,-0.85102,0.40829,2.17063,-1.01371,0.28048,2.01111,-0.10562,0.44922,1.92768,-0.49914,0.4484,1.8185,-0.87335,0.55485,1.79854,-1.03609,0.40371
39.24,2.08015,-0.01415,0.46007,2.03758,0.42649,0.51146,2.06855,0.64988,0.54161,2.23037,0.37035,0.56301,2.38241,0.43381,0.38387,2.28392,0.66687,0.30568,2.21155,0.82747,0.2974,1.87297,0.35384,0.40847,1.81363,0.12231,0.36262,2.00527,0.1353,0.18031,2.15855,0.13671,0.09312,2.15869,-0.09585,0.48199,2.19126,-0.46209,0.31882,2.099,-0.85233,0.36867,2.18266,-1.00721,0.23177,2.014,-0.10651,0.43963,1.92798,-0.49945,0.44408,1.81877,-0.87229,0.55519,1.79519,-1.03576,0.40536
39.26,2.08387,-0.01517,0.44863,2.04355,0.42559,0.5008,2.07568,0.64893,0.53016,2.23719,0.36893,0.54846,2.38654,0.43529,0.36812,2.28122,0.66824,0.29904,2.20691,0.82809,0.29413,1.87671,0.35339,0.40115,1.81402,0.12231,0.35754,2.002,0.13266,0.1713,2.15359,0.13272,0.0812,2.16265,-0.0971,0.46878,2.19425,-0.45838,0.29471,2.10935,-0.85201,0.32836,2.19258,-0.99875,0.18253,2.01688,-0.10734,0.43016,1.92857,-0.49967,0.43992,1.8197,-0.87114,0.55589,1.79236,-1.03529,0.40745
39.28,2.08747,-0.01617,0.43727,2.04952,0.42473,0.49007,2.08286,0.64799,0.51859,2.24391,0.36751,0.53381,2.39063,0.4369,0.35246,2.27833,0.66934,0.29336,2.2017,0.82816,0.29155,1.88047,0.35298,0.39386,1.81429,0.12239,0.35284,1.99848,0.12981,0.16271,2.14836,0.12823,0.06981,2.16644,-0.09833,0.45566,2.19707,-0.45398,0.27021,2.1189,-0.85011,0.28623,2.20162,-0.98794,0.13168,2.01968,-0.10815,0.42086,1.92948,-0.49988,0.43594,1.82128,-0.86994,0.5569,1.79031,-1.03481,0.40997
39.3,2.09139,-0.01726,0.42565,2.05554,0.42373,0.47917,2.08983,0.64695,0.50685,2.25064,0.36605,0.51903,2.39478,0.43773,0.33649,2.27676,0.66934,0.28592,2.19793,0.82709,0.2871,1.88444,0.35238,0.38636,1.81534,0.12227,0.34755,1.99574,0.12739,0.15374,2.14376,0.12482,0.05792,2.17051,-0.09964,0.44231,2.19848,-0.45035,0.24726,2.12574,-0.84784,0.24724,2.20691,-0.97733,0.08486,2.0229,-0.10904,0.41121,1.93058,-0.50002,0.43203,1.82291,-0.86866,0.55773,1.78836,-1.03421,0.41238
39.32,2.09611,-0.0186,0.41345,2.06177,0.42237,0.46805,2.09638,0.64565,0.49495,2.25754,0.36445,0.50411,2.39907,0.43686,0.31983,2.27799,0.6678,0.27361,2.1983,0.82505,0.27824,1.88884,0.35129,0.37847,1.81807,0.12156,0.34048,1.99494,0.12618,0.14343,2.14074,0.12439,0.04425,2.17535,-0.1012,0.42839,2.19734,-0.44919,0.22779,2.12833,-0.84718,0.21658,2.20577,-0.97054,0.04772,2.02705,-0.1102,0.40065,1.9318,-0.50008,0.4279,1.82377,-0.86711,0.5579,1.78527,-1.03323,0.41419
39.34,2.10116,-0.02003,0.40095,2.06811,0.42089,0.45679,2.10279,0.64423,0.48296,2.26449,0.36281,0.48907,2.4034,0.43529,0.30284,2.28022,0.66566,0.25938,2.2002,0.8226,0.26742,1.89348,0.35003,0.37039,1.82151,0.12061,0.33272,1.9949,0.12541,0.13261,2.1383,0.12502,0.02997,2.18048,-0.10284,0.41418,2.19523,-0.4491,0.20997,2.12887,-0.84717,0.18938,2.20163,-0.96528,0.01479,2.03159,-0.11145,0.38968,1.93319,-0.49999,0.42387,1.82467,-0.86542,0.55792,1.78231,-1.03206,0.41592
39.36,2.10609,-0.02141,0.38852,2.07446,0.41946,0.4455,2.10929,0.64287,0.47093,2.27136,0.36119,0.47398,2.40762,0.43404,0.28594,2.28208,0.66377,0.24601,2.20162,0.82028,0.25739,1.89817,0.34884,0.36235,1.82482,0.11976,0.32528,1.99462,0.12446,0.1221,2.13561,0.12515,0.01617,2.18546,-0.10442,0.40004,2.19324,-0.44858,0.19192,2.129,-0.84633,0.16104,2.19708,-0.95873,-0.01913,2.03604,-0.11264,0.37884,1.9349,-0.49979,0.42016,1.82635,-0.86368,0.5583,1.78037,-1.03084,0.41804
39.38,2.11087,-0.02284,0.3764,2.08076,0.41801,0.43435,2.11576,0.64149,0.45897,2.27812,0.35953,0.45901,2.41178,0.43267,0.26924,2.28376,0.66164,0.23301,2.20291,0.81763,0.24817,1.90285,0.34763,0.35452,1.82793,0.11895,0.31812,1.99412,0.12338,0.11199,2.13245,0.1253,0.00263,2.19024,-0.10607,0.38624,2.19102,-0.44748,0.17349,2.12862,-0.84447,0.13116,2.19174,-0.95039,-0.05465,2.04036,-0.11388,0.36836,1.93704,-0.49973,0.41599,1.82785,-0.86157,0.55893,1.77756,-1.02926,0.42082
39.4,2.11606,-0.02417,0.36354,2.08729,0.41661,0.42276,2.12235,0.64014,0.44675,2.28504,0.35797,0.44364,2.41591,0.43139,0.25203,2.28614,0.65986,0.21891,2.2051,0.81543,0.23706,1.90788,0.34645,0.34615,1.8319,0.11804,0.31027,1.99438,0.1227,0.1012,2.13027,0.12564,-0.01116,2.19543,-0.10759,0.37166,2.1886,-0.44768,0.15692,2.12655,-0.84366,0.10561,2.18434,-0.9446,-0.08465,2.04518,-0.11504,0.35707,1.93925,-0.49906,0.41306,1.83093,-0.85978,0.55943,1.77796,-1.02798,0.42294
39.42,2.1223,-0.02525,0.3488,2.09446,0.4153,0.41011,2.12938,0.63887,0.43396,2.29256,0.35665,0.42731,2.42001,0.43049,0.23356,2.29026,0.65921,0.20222,2.20929,0.81477,0.22073,1.91375,0.34537,0.33641,1.83801,0.11687,0.30062,1.9965,0.12298,0.08855,2.13082,0.12622,-0.02567,2.20172,-0.10878,0.35506,2.18622,-0.45134,0.14474,2.12217,-0.84667,0.0909,2.17428,-0.94664,-0.1015,2.05118,-0.11603,0.3437,1.94139,-0.49661,0.41387,1.83662,-0.85889,0.55898,1.78549,-1.02568,0.42007
39.44,2.12896,-0.0262,0.3333,2.10195,0.41405,0.39705,2.13666,0.63765,0.42095,2.30034,0.35545,0.41059,2.42413,0.42973,0.21466,2.29503,0.65898,0.18448,2.21419,0.81465,0.20259,1.92004,0.34435,0.32613,1.84497,0.11564,0.29021,1.99937,0.1237,0.0752,2.13242,0.127,-0.0405,2.20843,-0.1098,0.33766,2.18416,-0.45612,0.13445,2.11722,-0.851,0.08078,2.16358,-0.95162,-0.11275,2.05768,-0.11691,0.32948,1.94399,-0.49303,0.41567,1.84022,-0.85695,0.55736,1.79163,-1.0187,0.41174
39.46,2.13545,-0.02719,0.31807,2.10941,0.41279,0.38411,2.14399,0.6364,0.40801,2.30803,0.3542,0.39397,2.42827,0.42893,0.196,2.2995,0.65855,0.16726,2.21873,0.81424,0.18557,1.92632,0.3433,0.31607,1.85167,0.11448,0.28005,2.00195,0.12425,0.06222,2.13355,0.12774,-0.05511,2.21492,-0.11087,0.32057,2.18238,-0.46016,0.12368,2.1127,-0.85445,0.06925,2.1534,-0.95509,-0.12553,2.06402,-0.11783,0.31558,1.94728,-0.48928,0.41664,1.84111,-0.85349,0.55581,1.7931,-1.00803,0.40239
39.48,2.14186,-0.02828,0.30317,2.11697,0.41143,0.37138,2.15137,0.63508,0.39523,2.31573,0.35282,0.37759,2.43221,0.42788,0.17752,2.30406,0.658,0.15004,2.22331,0.81379,0.16763,1.93273,0.34221,0.30622,1.85856,0.11324,0.27009,2.00464,0.12477,0.0495,2.13484,0.12833,-0.06939,2.22123,-0.11209,0.30374,2.18019,-0.46427,0.11373,2.10784,-0.85787,0.0578,2.14244,-0.95808,-0.13838,2.07025,-0.11881,0.30203,1.95126,-0.48479,0.41915,1.83935,-0.84851,0.55505,1.7905,-0.98977,0.38956
39.5,2.14851,-0.02911,0.2874,2.12464,0.41027,0.35805,2.15899,0.63392,0.38205,2.3235,0.35172,0.36055,2.4365,0.42735,0.15871,2.30858,0.65776,0.13265,2.22793,0.81348,0.15123,1.93933,0.34127,0.29578,1.86551,0.11222,0.25948,2.00739,0.12548,0.03627,2.13612,0.12927,-0.08421,2.22785,-0.11294,0.28617,2.17953,-0.46804,0.10343,2.1039,-0.86115,0.04839,2.13328,-0.96216,-0.14824,2.07686,-0.11961,0.28756,1.95566,-0.4802,0.41835,1.83603,-0.84163,0.55379,1.78527,-0.97247,0.38049
39.52,2.15579,-0.02931,0.26926,2.13251,0.40957,0.34316,2.1671,0.63311,0.36779,2.33147,0.35134,0.34171,2.44189,0.42829,0.13894,2.31289,0.65833,0.11497,2.23249,0.81324,0.14016,1.94622,0.34065,0.28379,1.87233,0.11166,0.24724,2.01013,0.12665,0.02159,2.13712,0.13118,-0.10069,2.23533,-0.11292,0.2666,2.1828,-0.47078,0.09054,2.10322,-0.86402,0.04242,2.13018,-0.96924,-0.15233,2.08441,-0.12001,0.27061,1.95969,-0.47654,0.40902,1.8352,-0.83439,0.54947,1.78295,-0.97208,0.38202
39.54,2.16327,-0.02923,0.25029,2.14049,0.40907,0.32771,2.17547,0.63246,0.35313,2.3395,0.35126,0.32223,2.44766,0.42975,0.11883,2.31721,0.65919,0.09719,2.23627,0.81218,0.13098,1.95328,0.34019,0.27123,1.87919,0.11131,0.23444,2.01293,0.12797,0.00647,2.13808,0.13342,-0.11765,2.24309,-0.11252,0.24633,2.18753,-0.47319,0.07708,2.10381,-0.86658,0.03811,2.12923,-0.97708,-0.15391,2.09229,-0.12022,0.25276,1.96366,-0.47328,0.39637,1.83619,-0.82731,0.54368,1.78334,-0.97765,0.3877
39.56,2.17062,-0.02922,0.23176,2.14855,0.40851,0.31251,2.18391,0.63176,0.33862,2.34752,0.35107,0.30308,2.45324,0.43092,0.09893,2.32162,0.6599,0.07951,2.23955,0.81043,0.12081,1.96047,0.3397,0.25893,1.88619,0.11091,0.22196,2.01581,0.1292,-0.00825,2.1391,0.13547,-0.13418,2.25065,-0.11223,0.22642,2.19181,-0.47566,0.06433,2.10422,-0.86892,0.03341,2.12759,-0.98385,-0.15626,2.1,-0.12046,0.23536,1.96802,-0.4698,0.38489,1.83737,-0.82003,0.53837,1.78408,-0.97938,0.39176
39.58,2.17816,-0.02944,0.2129,2.15686,0.40766,0.2972,2.19261,0.63076,0.32408,2.35572,0.35065,0.28365,2.45908,0.4321,0.07892,2.32621,0.66054,0.06182,2.24171,0.80682,0.11243,1.96793,0.33889,0.24666,1.89345,0.11023,0.20924,2.01879,0.13045,-0.02317,2.14029,0.13757,-0.15078,2.25838,-0.11217,0.20619,2.19669,-0.47789,0.05042,2.10607,-0.87107,0.02843,2.1283,-0.9915,-0.15793,2.10793,-0.12092,0.21767,1.97233,-0.4655,0.37482,1.83688,-0.81139,0.53388,1.78227,-0.97822,0.39636
39.6,2.18533,-0.02912,0.19458,2.16497,0.40741,0.28199,2.20122,0.63036,0.30946,2.36363,0.35075,0.26465,2.46452,0.43333,0.05914,2.33064,0.66133,0.04428,2.24426,0.80433,0.10075,1.97528,0.33872,0.23428,1.90052,0.11013,0.19697,2.02178,0.13164,-0.03748,2.14123,0.13959,-0.16696,2.26573,-0.11154,0.18649,2.20126,-0.4802,0.039,2.10655,-0.87277,0.0247,2.12623,-0.99652,-0.15976,2.11552,-0.12086,0.20038,1.97722,-0.46276,0.36101,1.84134,-0.80507,0.52727,1.78819,-0.98166,0.4019
39.62,2.19158,-0.0273,0.17782,2.17238,0.4089,0.26713,2.2093,0.63172,0.29475,2.3708,0.3523,0.24702,2.4688,0.43465,0.04003,2.33457,0.66257,0.02716,2.25056,0.80856,0.07938,1.98208,0.34039,0.2216,1.90693,0.11167,0.18595,2.02477,0.1326,-0.05028,2.14147,0.14145,-0.1822,2.27221,-0.10935,0.16829,2.20459,-0.48277,0.03486,2.10297,-0.87372,0.02387,2.11663,-0.99314,-0.16395,2.12225,-0.11936,0.18431,1.9832,-0.46412,0.33801,1.85529,-0.80323,0.51669,1.80897,-0.99458,0.41197
39.64,2.19741,-0.02496,0.16167,2.17946,0.41101,0.25239,2.21712,0.6337,0.27996,2.37761,0.35436,0.22986,2.47258,0.43603,0.02119,2.33822,0.66397,0.01018,2.25632,0.81365,0.05475,1.98862,0.34271,0.20885,1.91308,0.11379,0.17541,2.02773,0.13348,-0.0625,2.14136,0.14318,-0.197,2.27825,-0.10662,0.15069,2.20777,-0.48488,0.03334,2.10011,-0.87425,0.02416,2.1094,-0.98422,-0.16961,2.12857,-0.11735,0.16871,1.98919,-0.46672,0.31132,1.86544,-0.79878,0.50549,1.82137,-1.00091,0.42225
39.66,2.20334,-0.02289,0.14535,2.18668,0.4128,0.2376,2.22505,0.63538,0.26515,2.38451,0.35616,0.21247,2.47649,0.43739,0.0023,2.34191,0.66529,-0.00682,2.26037,0.8167,0.03221,1.99529,0.34471,0.19621,1.91942,0.11562,0.16471,2.03073,0.13442,-0.07485,2.14137,0.14489,-0.21177,2.28434,-0.10418,0.13293,2.21154,-0.48636,0.03068,2.10007,-0.87471,0.02407,2.10818,-0.9748,-0.17504,2.13498,-0.11558,0.15299,1.99475,-0.46831,0.28617,1.86764,-0.79035,0.49454,1.82005,-0.99767,0.4276
39.68,2.20968,-0.02065,0.12857,2.19419,0.41471,0.22259,2.23328,0.63714,0.25028,2.39171,0.3581,0.195,2.48061,0.43873,-0.01673,2.34598,0.66666,-0.02382,2.26324,0.81907,0.00817,2.00233,0.34682,0.18312,1.92612,0.11756,0.1537,2.03413,0.13526,-0.08745,2.14155,0.14672,-0.22684,2.2909,-0.10148,0.11466,2.21616,-0.48735,0.02899,2.10251,-0.8751,0.02435,2.11254,-0.96157,-0.18096,2.14189,-0.11371,0.13677,2.00029,-0.46902,0.26137,1.86058,-0.77689,0.48269,1.80521,-0.98548,0.42656
39.7,2.21504,-0.01866,0.1129,2.20106,0.41651,0.20801,2.24087,0.63886,0.23539,2.39817,0.35984,0.17775,2.48408,0.44008,-0.03535,2.34916,0.6679,-0.04074,2.265,0.8202,-0.01209,2.00865,0.34882,0.1709,1.93226,0.11939,0.14344,2.03684,0.13625,-0.09928,2.14125,0.14815,-0.2409,2.2963,-0.0992,0.0976,2.22009,-0.48769,0.02625,2.10602,-0.87533,0.02481,2.11969,-0.94994,-0.18489,2.14764,-0.11195,0.12167,2.00502,-0.4706,0.23506,1.85106,-0.76435,0.4659,1.7863,-0.97098,0.41264
39.72,2.2179,-0.01749,0.10008,2.20621,0.41788,0.19462,2.24678,0.64026,0.22056,2.40267,0.36088,0.16093,2.486,0.44171,-0.05297,2.35003,0.66891,-0.05743,2.26787,0.8211,-0.02297,2.01308,0.35038,0.16109,1.93689,0.12071,0.13503,2.03768,0.13776,-0.10928,2.13993,0.14867,-0.25254,2.29878,-0.0982,0.08367,2.22136,-0.48771,0.01959,2.10656,-0.87512,0.02458,2.1205,-0.9486,-0.1855,2.15039,-0.11064,0.10954,2.00774,-0.47453,0.20469,1.85362,-0.76017,0.44541,1.77992,-0.96479,0.39617
39.74,2.21978,-0.01659,0.08838,2.21066,0.41911,0.18165,2.25193,0.64158,0.20569,2.40632,0.36167,0.14431,2.4872,0.44327,-0.07024,2.34995,0.66972,-0.07407,2.26965,0.82039,-0.02991,2.0168,0.35183,0.15214,1.94094,0.12192,0.12733,2.03777,0.13943,-0.11853,2.13814,0.14885,-0.26322,2.30011,-0.09763,0.07097,2.22157,-0.4877,0.01179,2.10587,-0.87467,0.0242,2.11862,-0.95075,-0.18503,2.15198,-0.10945,0.09856,2.00914,-0.47817,0.17248,1.86311,-0.75934,0.42329,1.78194,-0.96242,0.37974
39.76,2.22205,-0.01557,0.07622,2.21536,0.4204,0.16845,2.25727,0.64292,0.19074,2.4102,0.36254,0.1276,2.48851,0.44469,-0.08769,2.35018,0.67049,-0.09074,2.27023,0.81863,-0.03818,2.02087,0.35335,0.14277,1.94529,0.1232,0.1193,2.03818,0.14101,-0.12806,2.13648,0.14918,-0.27423,2.30189,-0.09687,0.05778,2.22236,-0.48762,0.00472,2.1061,-0.87414,0.024,2.1184,-0.95096,-0.18499,2.15405,-0.10821,0.0871,2.01016,-0.47999,0.14092,1.8701,-0.75586,0.40084,1.78192,-0.95703,0.36237
39.78,2.22453,-0.01452,0.06386,2.22019,0.42169,0.15506,2.26285,0.64423,0.17575,2.41413,0.36346,0.11064,2.49011,0.44669,-0.10507,2.35055,0.67175,-0.10727,2.26953,0.81516,-0.04428,2.02516,0.35485,0.13329,1.94992,0.12448,0.11093,2.03897,0.14281,-0.1378,2.13524,0.14964,-0.2854,2.30385,-0.09608,0.04438,2.22346,-0.48739,-0.00288,2.10655,-0.87328,0.02379,2.11812,-0.95133,-0.18478,2.15635,-0.10693,0.0755,2.0105,-0.48045,0.10763,1.87908,-0.74948,0.37898,1.78429,-0.94892,0.34787
39.8,2.22633,-0.0136,0.05219,2.2245,0.42291,0.14204,2.26753,0.64556,0.16067,2.41746,0.36417,0.09415,2.49068,0.44736,-0.12253,2.35022,0.67186,-0.12406,2.2674,0.81067,-0.05357,2.02897,0.35636,0.12416,1.954,0.12577,0.10328,2.03886,0.14422,-0.1469,2.13302,0.14979,-0.2959,2.3051,-0.09546,0.03174,2.22394,-0.48728,-0.00956,2.10693,-0.87262,0.02372,2.11799,-0.95178,-0.18446,2.15791,-0.10575,0.0645,2.01006,-0.47965,0.0771,1.88812,-0.74757,0.35393,1.78885,-0.94541,0.32692
39.82,2.22659,-0.01297,0.04216,2.22774,0.42396,0.12997,2.27023,0.64695,0.14551,2.41965,0.36435,0.07901,2.48864,0.44466,-0.14013,2.34824,0.66919,-0.14139,2.26582,0.8086,-0.0716,2.03172,0.35798,0.11583,1.95679,0.12714,0.09759,2.03656,0.14447,-0.15434,2.12833,0.14918,-0.30485,2.30476,-0.09519,0.02088,2.22292,-0.48755,-0.0134,2.10707,-0.87286,0.02398,2.11845,-0.9519,-0.18423,2.1578,-0.10479,0.05485,2.00926,-0.47863,0.05416,1.89089,-0.75747,0.32159,1.78975,-0.95342,0.28835
39.84,2.22619,-0.01247,0.0328,2.23047,0.4249,0.11828,2.272,0.64829,0.13032,2.42126,0.3643,0.06435,2.48549,0.44051,-0.15768,2.34542,0.66526,-0.15888,2.26415,0.80712,-0.09277,2.03399,0.35959,0.10784,1.95906,0.12854,0.09264,2.03335,0.14431,-0.16107,2.12265,0.14824,-0.31308,2.30374,-0.09508,0.01075,2.2213,-0.48788,-0.01629,2.10706,-0.87334,0.0244,2.11895,-0.95204,-0.18391,2.15698,-0.10393,0.04577,2.00817,-0.47749,0.03428,1.89202,-0.77165,0.2858,1.78979,-0.96511,0.24279
39.86,2.22606,-0.01193,0.02316,2.23335,0.42583,0.10639,2.27394,0.64955,0.11513,2.42295,0.3643,0.04944,2.48262,0.43676,-0.1751,2.34271,0.66161,-0.17616,2.26211,0.80501,-0.11262,2.03649,0.36118,0.0997,1.96164,0.12993,0.08731,2.03053,0.14437,-0.16799,2.1174,0.14739,-0.32143,2.30298,-0.09491,0.00031,2.22005,-0.48803,-0.01961,2.10728,-0.87351,0.02484,2.11953,-0.952,-0.18353,2.15646,-0.10304,0.03648,2.00684,-0.47575,0.01352,1.89386,-0.78292,0.25051,1.78988,-0.9735,0.1996
39.88,2.22604,-0.01132,0.01348,2.23647,0.42683,0.0943,2.27624,0.65079,0.09989,2.42482,0.36425,0.03441,2.47948,0.43373,-0.19234,2.33995,0.65882,-0.193,2.2599,0.80321,-0.13103,2.03927,0.36293,0.09133,1.96459,0.13149,0.08184,2.02803,0.14449,-0.17495,2.11226,0.14677,-0.32986,2.3023,-0.0947,-0.01011,2.21888,-0.48802,-0.02269,2.1077,-0.87353,0.02532,2.12024,-0.95174,-0.18313,2.15601,-0.10205,0.02715,2.00552,-0.4733,-0.00962,1.89158,-0.78987,0.21417,1.78625,-0.97733,0.15506
39.9,2.22562,-0.01088,0.00401,2.23887,0.42761,0.08253,2.27728,0.65187,0.0847,2.42593,0.36413,0.01963,2.47612,0.42867,-0.20961,2.33656,0.65374,-0.21041,2.25698,0.8002,-0.15285,2.04145,0.36434,0.08336,1.96689,0.13276,0.07664,2.02475,0.14445,-0.18152,2.10663,0.14563,-0.3377,2.30125,-0.0946,-0.02039,2.21763,-0.48804,-0.02593,2.10808,-0.87352,0.02589,2.12096,-0.95147,-0.18265,2.15523,-0.10128,0.01804,2.00354,-0.4711,-0.02719,1.89506,-0.80254,0.17693,1.78721,-0.98588,0.10995
39.92,2.22433,-0.01081,-0.00503,2.23956,0.42795,0.07163,2.27533,0.65265,0.06968,2.42532,0.36402,0.00539,2.4728,0.41873,-0.22695,2.33206,0.64306,-0.22892,2.25106,0.79274,-0.18276,2.04212,0.36491,0.07647,1.96755,0.13328,0.07216,2.01962,0.1441,-0.18727,2.10012,0.14308,-0.34417,2.29943,-0.0947,-0.03043,2.21622,-0.48827,-0.02986,2.10828,-0.87357,0.02652,2.1216,-0.95134,-0.18205,2.15377,-0.10102,0.00939,2.0005,-0.47095,-0.02904,1.91091,-0.82919,0.13505,1.79487,-1.00525,0.06251
39.94,2.22263,-0.01091,-0.01389,2.2395,0.42808,0.06108,2.27201,0.65319,0.05482,2.42391,0.36387,-0.00858,2.46929,0.40673,-0.24381,2.32681,0.62993,-0.24742,2.24071,0.77995,-0.21308,2.04218,0.36513,0.06997,1.96755,0.13349,0.06795,2.01372,0.1436,-0.19263,2.09312,0.14006,-0.35005,2.29724,-0.09492,-0.04035,2.21474,-0.48859,-0.03404,2.10847,-0.87361,0.02716,2.12229,-0.95119,-0.18146,2.15197,-0.10097,0.00092,1.99717,-0.47132,-0.02554,1.91452,-0.85013,0.0883,1.78452,-1.01547,0.0142
39.96,2.22107,-0.01097,-0.02283,2.23968,0.42825,0.05036,2.26898,0.65365,0.04004,2.42266,0.36368,-0.02262,2.46562,0.39539,-0.26007,2.32145,0.61748,-0.26512,2.22864,0.765,-0.23823,2.04252,0.36548,0.06325,1.96792,0.13382,0.06356,2.00818,0.14315,-0.19802,2.08625,0.13733,-0.35604,2.29516,-0.09511,-0.0503,2.21341,-0.4888,-0.03812,2.10889,-0.87353,0.02778,2.12317,-0.95083,-0.1809,2.15028,-0.10087,-0.00762,1.99405,-0.47115,-0.02513,1.90124,-0.85822,0.04448,1.75603,-1.0115,-0.02726
39.98,2.21972,-0.01092,-0.03174,2.24014,0.42855,0.03947,2.26619,0.65413,0.02516,2.42159,0.36355,-0.03689,2.46224,0.38481,-0.2759,2.31659,0.60591,-0.28146,2.21536,0.74834,-0.25769,2.04322,0.366,0.05649,1.96871,0.13432,0.05918,2.00304,0.14284,-0.20327,2.08006,0.13427,-0.36168,2.29322,-0.09522,-0.06029,2.21223,-0.48883,-0.04207,2.1096,-0.87327,0.02835,2.12423,-0.9503,-0.18041,2.14878,-0.10062,-0.01611,1.99184,-0.47097,-0.0217,1.87157,-0.85562,0.00781,1.7072,-0.99264,-0.05491
40,2.21781,-0.01112,-0.04069,2.23972,0.42853,0.02893,2.2621,0.65423,0.01081,2.41968,0.36325,-0.05065,2.45803,0.37223,-0.29081,2.31004,0.59171,-0.29859,2.20172,0.7288,-0.27469,2.04313,0.36611,0.04982,1.9687,0.13445,0.05473,1.99707,0.14228,-0.20845,2.07243,0.13181,-0.36754,2.29084,-0.09551,-0.07016,2.21095,-0.48905,-0.04639,2.11014,-0.87304,0.02895,2.12529,-0.94978,-0.17987,2.1468,-0.1007,-0.02468,1.98811,-0.47034,-0.02325,1.83513,-0.84431,-0.01738,1.65655,-0.96782,-0.06818
40.02,2.21451,-0.01191,-0.04974,2.23725,0.42778,0.01936,2.25518,0.65357,-0.00225,2.41595,0.36259,-0.06307,2.45214,0.35476,-0.30361,2.29961,0.57077,-0.31785,2.18772,0.70551,-0.29722,2.04106,0.36524,0.04343,1.9666,0.13363,0.05022,1.98901,0.14112,-0.21355,2.061,0.13122,-0.37422,2.2874,-0.09623,-0.07976,2.20929,-0.48983,-0.05146,2.10993,-0.873,0.02975,2.12612,-0.94871,-0.17937,2.14361,-0.10154,-0.03349,1.97961,-0.4688,-0.04016,1.8151,-0.83782,-0.04671,1.63654,-0.96178,-0.0965
40.04,2.21064,-0.01294,-0.05885,2.23391,0.42673,0.01016,2.24704,0.65252,-0.01473,2.41144,0.36179,-0.07496,2.44588,0.33549,-0.31445,2.28789,0.54687,-0.33657,2.1733,0.68003,-0.32117,2.03818,0.36396,0.03712,1.96368,0.13242,0.04565,1.98012,0.1397,-0.21857,2.04808,0.13123,-0.38107,2.28353,-0.09712,-0.08927,2.20747,-0.49081,-0.05695,2.10944,-0.87293,0.03055,2.12682,-0.94777,-0.17879,2.13994,-0.10269,-0.04242,1.9693,-0.46645,-0.06194,1.80173,-0.83375,-0.07917,1.62784,-0.9627,-0.13268
40.06,2.20697,-0.01389,-0.06795,2.23086,0.42579,0.00079,2.23921,0.65144,-0.02726,2.40713,0.36104,-0.08706,2.44024,0.31732,-0.32417,2.27702,0.52385,-0.35313,2.15917,0.65455,-0.34182,2.03563,0.36282,0.03073,1.96114,0.13135,0.04104,1.9716,0.13837,-0.22349,2.03574,0.13091,-0.38758,2.2798,-0.09795,-0.09883,2.20574,-0.49166,-0.06239,2.10916,-0.8727,0.03126,2.1276,-0.94708,-0.17816,2.13644,-0.10374,-0.05132,1.95974,-0.46391,-0.08088,1.78493,-0.82714,-0.109,1.61343,-0.95844,-0.16445
40.08,2.20354,-0.01476,-0.07697,2.22822,0.42493,-0.00857,2.23163,0.6503,-0.03972,2.40311,0.36031,-0.09922,2.43585,0.29976,-0.33266,2.26727,0.50109,-0.36701,2.14633,0.62916,-0.35872,2.03353,0.36182,0.02447,1.95911,0.13042,0.03663,1.9636,0.13714,-0.22807,2.02395,0.13077,-0.39365,2.27627,-0.09873,-0.10833,2.20415,-0.49235,-0.06735,2.10911,-0.87233,0.03201,2.12861,-0.94401,-0.17824,2.13314,-0.10468,-0.06014,1.95003,-0.46055,-0.10067,1.76849,-0.81941,-0.14006,1.60053,-0.95395,-0.1985
40.1,2.19946,-0.01584,-0.08617,2.22451,0.42385,-0.01788,2.22297,0.64884,-0.05176,2.39817,0.35952,-0.11106,2.43032,0.28185,-0.33946,2.25623,0.47701,-0.38111,2.13191,0.60204,-0.37774,2.0304,0.36044,0.0179,1.95604,0.12912,0.03175,1.95455,0.13567,-0.23299,2.01076,0.13042,-0.40006,2.2722,-0.09965,-0.11794,2.20232,-0.4933,-0.07348,2.10872,-0.87183,0.03252,2.12923,-0.94538,-0.177,2.12929,-0.10589,-0.06914,1.94008,-0.45735,-0.11912,1.75278,-0.81207,-0.16787,1.58727,-0.9484,-0.22911
40.12,2.19394,-0.01743,-0.09579,2.21829,0.42223,-0.02709,2.21204,0.64682,-0.06304,2.39121,0.3586,-0.12211,2.42124,0.26237,-0.34363,2.24146,0.44895,-0.39836,2.11279,0.56935,-0.40521,2.02475,0.35816,0.01055,1.9503,0.12695,0.02569,1.94285,0.13363,-0.23895,1.99411,0.12934,-0.40763,2.26695,-0.10091,-0.1278,2.19999,-0.49498,-0.08258,2.10765,-0.87116,0.03251,2.12971,-0.95925,-0.17115,2.12423,-0.1078,-0.07854,1.92998,-0.45576,-0.1334,1.73724,-0.8068,-0.1873,1.56963,-0.94038,-0.2489
40.14,2.18775,-0.01922,-0.10558,2.211,0.4204,-0.03625,2.20013,0.64453,-0.07397,2.38335,0.35761,-0.13285,2.41137,0.24262,-0.34551,2.22591,0.41844,-0.41494,2.09266,0.53243,-0.43358,2.01804,0.35552,0.00291,1.94346,0.12443,0.01919,1.93007,0.13134,-0.24521,1.97606,0.128,-0.41542,2.26113,-0.1023,-0.13778,2.19737,-0.49694,-0.09285,2.10664,-0.87027,0.03236,2.13082,-0.97598,-0.16249,2.11859,-0.10997,-0.0881,1.91979,-0.45481,-0.14626,1.72245,-0.80275,-0.20352,1.55152,-0.93232,-0.26454
40.16,2.18175,-0.0209,-0.11531,2.20408,0.41869,-0.04544,2.18853,0.64223,-0.08492,2.37576,0.35667,-0.14373,2.40306,0.22409,-0.34598,2.21211,0.38814,-0.4282,2.0745,0.49461,-0.45695,2.01171,0.35305,-0.00463,1.93709,0.12206,0.01288,1.91778,0.12917,-0.25114,1.95863,0.12678,-0.42267,2.25544,-0.10362,-0.14773,2.1948,-0.49873,-0.10268,2.10615,-0.86915,0.03227,2.13283,-0.9889,-0.15395,2.1131,-0.11199,-0.09761,1.90972,-0.45351,-0.15942,1.70768,-0.79811,-0.22042,1.53419,-0.92443,-0.28101
40.18,2.17622,-0.02267,-0.12496,2.19769,0.41688,-0.05457,2.17728,0.6397,-0.09585,2.36865,0.35561,-0.15457,2.39617,0.20609,-0.34461,2.19968,0.35654,-0.4389,2.05772,0.45383,-0.47736,2.00594,0.35051,-0.01207,1.93116,0.11967,0.00669,1.90583,0.12697,-0.25682,1.94125,0.12554,-0.42956,2.25025,-0.10501,-0.15758,2.19257,-0.50053,-0.11222,2.10631,-0.86791,0.03226,2.13696,-1.0015,-0.14364,2.1081,-0.11411,-0.10705,1.89929,-0.45158,-0.17291,1.69166,-0.79206,-0.2381,1.51524,-0.91437,-0.29849
40.2,2.16954,-0.02429,-0.13482,2.18996,0.41521,-0.06383,2.16503,0.63731,-0.10655,2.36027,0.35477,-0.16542,2.38873,0.18986,-0.34212,2.18757,0.32613,-0.44748,2.04181,0.41357,-0.49443,1.99884,0.34804,-0.01979,1.92418,0.11727,0.00019,1.89308,0.12475,-0.2627,1.92352,0.12424,-0.4364,2.24387,-0.10626,-0.16768,2.18952,-0.50229,-0.12268,2.10636,-0.86623,0.03197,2.13989,-1.01058,-0.13466,2.10194,-0.11607,-0.11667,1.8896,-0.45087,-0.18483,1.67837,-0.78866,-0.25238,1.49959,-0.90816,-0.31142
40.22,2.16007,-0.02556,-0.14526,2.17891,0.41388,-0.07346,2.1504,0.6354,-0.1169,2.34879,0.35447,-0.17637,2.37861,0.17645,-0.33963,2.1746,0.29963,-0.45513,2.02605,0.37809,-0.50874,1.98842,0.34571,-0.02822,1.91459,0.11476,-0.00717,1.87837,0.12243,-0.2694,1.90521,0.12274,-0.44369,2.23463,-0.10717,-0.17848,2.1846,-0.50398,-0.13535,2.106,-0.86379,0.03092,2.13822,-1.01313,-0.13152,2.09297,-0.11766,-0.12685,1.88215,-0.45376,-0.19328,1.67247,-0.79286,-0.2591,1.49308,-0.9134,-0.31402
40.24,2.14943,-0.02666,-0.15589,2.16653,0.4127,-0.08319,2.13481,0.6337,-0.12707,2.33604,0.35438,-0.18733,2.36769,0.16477,-0.33658,2.16174,0.27469,-0.46161,2.01095,0.34418,-0.52103,1.97668,0.34348,-0.0369,1.90395,0.11228,-0.01483,1.86286,0.12008,-0.27634,1.88659,0.12114,-0.45108,2.22419,-0.10793,-0.1895,2.17877,-0.50557,-0.14895,2.10592,-0.86074,0.02945,2.1353,-1.01362,-0.13021,2.08283,-0.11906,-0.13719,1.87545,-0.45792,-0.20038,1.66932,-0.7998,-0.26292,1.48991,-0.92247,-0.31282
40.26,2.1392,-0.02777,-0.16643,2.1547,0.41151,-0.09289,2.11963,0.63191,-0.13725,2.32378,0.35423,-0.19829,2.35801,0.15407,-0.33246,2.15029,0.24951,-0.46616,1.99745,0.30914,-0.53084,1.9655,0.34128,-0.04545,1.89378,0.10986,-0.02235,1.84775,0.11773,-0.28303,1.86811,0.11953,-0.45818,2.21414,-0.10872,-0.20041,2.17312,-0.50706,-0.16223,2.10665,-0.85738,0.0279,2.13422,-1.01451,-0.12791,2.07309,-0.12046,-0.14741,1.86836,-0.46138,-0.20809,1.66495,-0.80534,-0.26806,1.48528,-0.92936,-0.31352
40.28,2.12946,-0.02915,-0.17702,2.14315,0.41003,-0.1025,2.1046,0.62973,-0.14739,2.31184,0.35388,-0.20913,2.34946,0.14424,-0.3269,2.14043,0.22352,-0.46887,1.98581,0.27211,-0.53837,1.95463,0.33869,-0.05402,1.88383,0.10709,-0.02994,1.83282,0.11521,-0.28968,1.84985,0.11778,-0.46519,2.20467,-0.10968,-0.21141,2.1683,-0.50869,-0.17543,2.10895,-0.85382,0.02617,2.13583,-1.01387,-0.12677,2.06388,-0.12219,-0.15786,1.86176,-0.46511,-0.21595,1.66104,-0.8111,-0.2733,1.48136,-0.93689,-0.31353
40.3,2.11843,-0.02994,-0.18752,2.13074,0.40915,-0.11225,2.08907,0.62823,-0.1574,2.29892,0.35394,-0.22018,2.34005,0.13673,-0.32197,2.1304,0.20085,-0.47052,1.97458,0.2393,-0.54361,1.94288,0.33691,-0.06258,1.87331,0.10505,-0.03741,1.81751,0.11295,-0.29617,1.8312,0.11616,-0.47196,2.19372,-0.11024,-0.22226,2.16147,-0.50984,-0.18914,2.11019,-0.84938,0.02387,2.13479,-1.01427,-0.12423,2.05331,-0.1232,-0.16785,1.85445,-0.46847,-0.22317,1.65707,-0.81682,-0.27773,1.47718,-0.94347,-0.31415
40.32,2.10408,-0.02916,-0.19787,2.1162,0.40992,-0.12248,2.07227,0.62863,-0.16726,2.28351,0.35509,-0.23194,2.32747,0.13258,-0.3202,2.11772,0.18578,-0.47287,1.96133,0.21751,-0.54792,1.92893,0.33728,-0.07118,1.86133,0.10499,-0.04463,1.80114,0.1114,-0.30244,1.8113,0.11501,-0.47846,2.17901,-0.10973,-0.23277,2.14931,-0.50985,-0.20372,2.10781,-0.84338,0.0206,2.12619,-1.01875,-0.1159,2.03924,-0.12227,-0.17665,1.84486,-0.47052,-0.22917,1.65205,-0.82185,-0.2809,1.47113,-0.94693,-0.31767
40.34,2.08848,-0.02779,-0.20811,2.10082,0.4113,-0.13286,2.05496,0.62976,-0.17698,2.26714,0.35666,-0.2439,2.31381,0.13013,-0.31962,2.10421,0.17398,-0.47543,1.94748,0.20028,-0.55186,1.91413,0.33845,-0.07977,1.84881,0.10569,-0.05175,1.78445,0.11015,-0.30859,1.79107,0.11399,-0.48477,2.16289,-0.1088,-0.24311,2.13505,-0.50937,-0.21885,2.10479,-0.83659,0.01629,2.11678,-1.02318,-0.10522,2.02388,-0.12061,-0.18498,1.83468,-0.47212,-0.23462,1.64711,-0.82668,-0.28348,1.46491,-0.94935,-0.32197
40.36,2.07345,-0.02668,-0.21832,2.08581,0.41242,-0.1431,2.0379,0.63055,-0.18664,2.25119,0.35805,-0.25567,2.30109,0.1282,-0.31823,2.09184,0.16158,-0.47708,1.93485,0.18166,-0.55485,1.89973,0.33928,-0.08832,1.83658,0.10609,-0.05889,1.76806,0.1088,-0.31468,1.77118,0.11287,-0.49095,2.14742,-0.10803,-0.25345,2.12156,-0.509,-0.234,2.10344,-0.82963,0.01125,2.11148,-1.02523,-0.09553,2.00915,-0.11926,-0.19346,1.82501,-0.47383,-0.24034,1.64258,-0.83143,-0.2864,1.45922,-0.95206,-0.32586
40.38,2.05834,-0.0256,-0.22886,2.07061,0.41348,-0.1535,2.02062,0.63126,-0.19645,2.23506,0.35946,-0.26759,2.28871,0.1271,-0.31618,2.08027,0.14901,-0.47807,1.92321,0.16218,-0.55717,1.88515,0.33997,-0.09708,1.82427,0.10634,-0.06645,1.75145,0.10717,-0.32106,1.75083,0.11152,-0.49736,2.13193,-0.10728,-0.26403,2.10808,-0.50854,-0.24849,2.10382,-0.82242,0.00596,2.10961,-1.02627,-0.08426,1.99441,-0.11795,-0.20223,1.8154,-0.47547,-0.24645,1.63817,-0.83601,-0.28986,1.45379,-0.95466,-0.33049
40.4,2.04313,-0.02433,-0.23868,2.05559,0.41478,-0.16356,2.00363,0.63225,-0.20577,2.21904,0.36092,-0.27916,2.27617,0.12714,-0.31539,2.06838,0.1391,-0.47914,1.9113,0.14648,-0.55895,1.87075,0.34108,-0.1054,1.8121,0.10708,-0.07326,1.73544,0.10612,-0.32674,1.7315,0.11048,-0.50299,2.11623,-0.10637,-0.27402,2.09373,-0.5079,-0.26462,2.10302,-0.81454,-0.00162,2.10828,-1.02457,-0.07636,1.97954,-0.11639,-0.21033,1.80598,-0.47691,-0.25185,1.63428,-0.84043,-0.29255,1.44863,-0.95676,-0.33413
40.42,2.02783,-0.0226,-0.24659,2.0412,0.41671,-0.17278,1.98739,0.63393,-0.2139,2.20345,0.36248,-0.28988,2.26295,0.12816,-0.31783,2.05465,0.13453,-0.48124,1.89731,0.13931,-0.56073,1.85693,0.34323,-0.11255,1.8004,0.10906,-0.0779,1.72099,0.10672,-0.33053,1.71496,0.11057,-0.50673,2.10018,-0.10508,-0.28247,2.07754,-0.5067,-0.28513,2.09753,-0.80491,-0.01319,2.10324,-1.01845,-0.07718,1.96442,-0.1143,-0.21667,1.7969,-0.47798,-0.25535,1.63132,-0.84463,-0.2932,1.44377,-0.95788,-0.3347
40.44,2.01249,-0.02071,-0.25378,2.02699,0.41885,-0.18169,1.97143,0.63586,-0.2216,2.18796,0.36407,-0.30029,2.24943,0.12956,-0.32172,2.04014,0.13213,-0.48397,1.8824,0.13554,-0.56274,1.8433,0.34574,-0.11927,1.78889,0.1115,-0.08182,1.70712,0.10789,-0.33367,1.69942,0.11102,-0.50983,2.08397,-0.10364,-0.29033,2.06012,-0.50485,-0.30718,2.08974,-0.79423,-0.02671,2.09631,-1.01023,-0.08174,1.94925,-0.11201,-0.22235,1.78807,-0.47884,-0.25815,1.62893,-0.84861,-0.29313,1.43927,-0.95846,-0.33424
40.46,1.99725,-0.01893,-0.26127,2.01268,0.42085,-0.19072,1.95538,0.63761,-0.22949,2.1724,0.36561,-0.31079,2.23619,0.13118,-0.32514,2.0262,0.1291,-0.48649,1.86813,0.13048,-0.56465,1.82961,0.34803,-0.1262,1.77735,0.11372,-0.08617,1.69306,0.10874,-0.33718,1.68346,0.11122,-0.51324,2.06792,-0.10229,-0.29843,2.04256,-0.50264,-0.32841,2.08269,-0.78318,-0.04036,2.09094,-1.00134,-0.08581,1.93424,-0.10985,-0.22832,1.77943,-0.47967,-0.26138,1.62675,-0.85241,-0.29361,1.43514,-0.95895,-0.33438
40.48,1.98161,-0.01698,-0.26884,1.99794,0.42302,-0.1999,1.93876,0.63952,-0.23726,2.15638,0.36733,-0.32144,2.22295,0.13332,-0.328,2.01241,0.12629,-0.48848,1.85412,0.1257,-0.5662,1.81552,0.35049,-0.13323,1.76572,0.11613,-0.09046,1.67884,0.10988,-0.34055,1.66749,0.11177,-0.51652,2.05147,-0.10081,-0.30647,2.02488,-0.49985,-0.34982,2.07607,-0.77007,-0.05377,2.08736,-0.99002,-0.08872,1.91884,-0.10748,-0.2343,1.77073,-0.48024,-0.26485,1.6248,-0.85588,-0.2946,1.43126,-0.95913,-0.33472
40.5,1.96682,-0.01536,-0.27609,1.98398,0.42486,-0.20878,1.92323,0.6411,-0.24513,2.14117,0.36871,-0.33173,2.20989,0.13524,-0.33252,1.99853,0.12412,-0.4917,1.83981,0.12157,-0.5685,1.80223,0.35261,-0.14003,1.75446,0.11827,-0.09491,1.66521,0.11058,-0.34413,1.65185,0.11171,-0.51996,2.03583,-0.09956,-0.31445,2.00608,-0.49673,-0.37092,2.06723,-0.75887,-0.06954,2.08074,-0.9798,-0.09665,1.90437,-0.10552,-0.24012,1.7627,-0.48099,-0.26802,1.62336,-0.85932,-0.29509,1.42797,-0.95919,-0.3348
40.52,1.95431,-0.01474,-0.28261,1.97217,0.42568,-0.21681,1.91065,0.64167,-0.25336,2.12823,0.36912,-0.34101,2.19714,0.1357,-0.34103,1.98425,0.12249,-0.49799,1.82454,0.11772,-0.57262,1.79103,0.35369,-0.14621,1.74395,0.11946,-0.09983,1.65293,0.10975,-0.34833,1.6366,0.10971,-0.52392,2.02237,-0.09907,-0.32236,1.9848,-0.49368,-0.39087,2.05362,-0.75405,-0.08962,2.06583,-0.97526,-0.11503,1.89225,-0.10479,-0.24569,1.75624,-0.48257,-0.27023,1.62254,-0.86316,-0.29398,1.42525,-0.95913,-0.33389
40.54,1.94267,-0.01446,-0.28884,1.96117,0.42616,-0.22457,1.89915,0.6419,-0.26172,2.11612,0.36918,-0.34997,2.18445,0.1356,-0.35111,1.96973,0.12119,-0.50546,1.8089,0.11423,-0.57746,1.78066,0.35442,-0.15214,1.73382,0.12031,-0.10489,1.64123,0.10846,-0.35272,1.62169,0.10709,-0.52797,2.00971,-0.09882,-0.33022,1.96241,-0.49024,-0.41008,2.03795,-0.7517,-0.11138,2.04743,-0.97293,-0.13769,1.88105,-0.10448,-0.25112,1.75039,-0.48436,-0.27221,1.62217,-0.86702,-0.29252,1.4231,-0.95901,-0.33294
40.56,1.93069,-0.01399,-0.29521,1.94979,0.42683,-0.2325,1.88711,0.64232,-0.27003,2.10358,0.36945,-0.35913,2.17171,0.13581,-0.36054,1.95533,0.11984,-0.51238,1.79355,0.11075,-0.58196,1.76994,0.35532,-0.1582,1.72364,0.12132,-0.10991,1.62937,0.10745,-0.357,1.60682,0.10482,-0.53188,1.99669,-0.09842,-0.33809,1.94009,-0.48619,-0.42893,2.02282,-0.74799,-0.13246,2.03037,-0.9693,-0.15884,1.86952,-0.10394,-0.2566,1.74442,-0.48584,-0.2746,1.62203,-0.87056,-0.29177,1.42134,-0.95875,-0.33268
40.58,1.91846,-0.01365,-0.30151,1.93815,0.42735,-0.24026,1.87475,0.64255,-0.2782,2.09087,0.36957,-0.36799,2.15871,0.13585,-0.36972,1.94075,0.11814,-0.51909,1.77806,0.10657,-0.58615,1.75892,0.35609,-0.16424,1.71294,0.12225,-0.11488,1.61713,0.10605,-0.36123,1.59126,0.10212,-0.53563,1.98337,-0.09818,-0.34583,1.9166,-0.48161,-0.44756,2.00765,-0.74176,-0.15206,2.01385,-0.96327,-0.17706,1.85765,-0.1035,-0.26212,1.73869,-0.4875,-0.27686,1.62177,-0.87404,-0.29103,1.4188,-0.9572,-0.33122
40.6,1.90697,-0.01314,-0.30789,1.9271,0.42807,-0.24832,1.86313,0.64303,-0.28668,2.07856,0.36991,-0.37738,2.14616,0.13613,-0.37971,1.92649,0.11723,-0.52641,1.76295,0.1038,-0.59101,1.74866,0.357,-0.17028,1.70343,0.12321,-0.12005,1.60587,0.10529,-0.36559,1.57727,0.10012,-0.53953,1.97079,-0.09768,-0.35377,1.89422,-0.47661,-0.46499,1.99133,-0.74015,-0.17448,1.99496,-0.96145,-0.20173,1.84677,-0.10298,-0.26753,1.73291,-0.4886,-0.27985,1.62247,-0.87714,-0.29125,1.41876,-0.95762,-0.33308
40.62,1.89729,-0.01203,-0.31455,1.91742,0.42947,-0.25722,1.85329,0.64432,-0.29595,2.06714,0.37103,-0.38817,2.13483,0.13728,-0.39148,1.91312,0.1185,-0.53509,1.74874,0.10498,-0.59749,1.74025,0.35842,-0.17633,1.69711,0.1243,-0.12577,1.59715,0.10646,-0.37035,1.56755,0.10026,-0.54409,1.96005,-0.09631,-0.36231,1.87548,-0.47139,-0.48059,1.9714,-0.75045,-0.20453,1.96867,-0.97011,-0.24286,1.83846,-0.10211,-0.27273,1.7267,-0.48836,-0.28461,1.62503,-0.87935,-0.29295,1.42515,-0.96407,-0.34395
40.64,1.88832,-0.01075,-0.3213,1.90821,0.43107,-0.26638,1.84405,0.64584,-0.30548,2.05598,0.37238,-0.39942,2.12385,0.13871,-0.40395,1.90001,0.12052,-0.5443,1.73479,0.10753,-0.60456,1.73253,0.35996,-0.18235,1.69194,0.12539,-0.13175,1.58934,0.10829,-0.37529,1.55932,0.10116,-0.54892,1.94998,-0.09469,-0.37106,1.85775,-0.46612,-0.49497,1.94866,-0.76433,-0.23789,1.93762,-0.98079,-0.29033,1.83115,-0.10114,-0.27788,1.72021,-0.48762,-0.29005,1.62747,-0.8809,-0.2936,1.43353,-0.97207,-0.35527
40.66,1.87903,-0.00958,-0.32802,1.89864,0.43253,-0.27539,1.83432,0.64719,-0.31484,2.04451,0.37361,-0.41041,2.11253,0.14,-0.41605,1.8867,0.12215,-0.5532,1.72069,0.10934,-0.61129,1.72445,0.36138,-0.18837,1.68618,0.12643,-0.1377,1.58107,0.10978,-0.3802,1.55033,0.10173,-0.55366,1.93952,-0.09322,-0.37968,1.83896,-0.46065,-0.50893,1.92476,-0.77494,-0.26989,1.90551,-0.98752,-0.33444,1.82345,-0.10024,-0.28313,1.71368,-0.48705,-0.29539,1.62882,-0.88212,-0.29306,1.44032,-0.97836,-0.36331
40.68,1.86978,-0.00827,-0.33469,1.88887,0.43411,-0.28416,1.82438,0.64865,-0.32399,2.03293,0.37504,-0.42104,2.1011,0.14152,-0.428,1.87327,0.12411,-0.56187,1.70649,0.11164,-0.61777,1.71617,0.36281,-0.19432,1.6804,0.12745,-0.14375,1.57282,0.1114,-0.38521,1.54159,0.10239,-0.55854,1.92907,-0.09157,-0.38827,1.81952,-0.45429,-0.52338,1.89881,-0.78256,-0.30149,1.87118,-0.99051,-0.37711,1.81584,-0.09924,-0.28845,1.70751,-0.48645,-0.30081,1.62885,-0.88269,-0.29125,1.44708,-0.98401,-0.37138
40.7,1.8606,-0.00722,-0.34149,1.8793,0.43544,-0.29332,1.81452,0.64984,-0.33342,2.02127,0.37612,-0.43226,2.08964,0.14268,-0.4402,1.85993,0.12558,-0.57088,1.69243,0.11322,-0.62463,1.70828,0.36411,-0.20036,1.67479,0.1284,-0.14982,1.56464,0.11286,-0.39015,1.53264,0.10314,-0.56329,1.91856,-0.09026,-0.39689,1.80056,-0.44917,-0.53504,1.87164,-0.79263,-0.33438,1.83462,-0.99434,-0.42197,1.80836,-0.09842,-0.29377,1.70034,-0.48571,-0.30655,1.62803,-0.88286,-0.28861,1.45162,-0.98895,-0.37436
40.72,1.85153,-0.0069,-0.34856,1.8703,0.4361,-0.30365,1.80492,0.65032,-0.34375,2.00949,0.37615,-0.44511,2.07821,0.14282,-0.45297,1.84692,0.1255,-0.58078,1.67885,0.11233,-0.63251,1.70139,0.36504,-0.2067,1.66949,0.12921,-0.15574,1.55659,0.11377,-0.39479,1.52289,0.10383,-0.5676,1.90792,-0.08996,-0.40553,1.78363,-0.448,-0.54035,1.84212,-0.8099,-0.37037,1.79247,-1.00184,-0.47247,1.80105,-0.09809,-0.29897,1.69059,-0.48465,-0.3128,1.62862,-0.88309,-0.28648,1.45242,-0.99325,-0.3674
40.74,1.8425,-0.00686,-0.35578,1.86139,0.43648,-0.31441,1.79528,0.6505,-0.35439,1.9975,0.37579,-0.45853,2.0667,0.14258,-0.46598,1.83391,0.12487,-0.591,1.66533,0.1106,-0.64074,1.69483,0.36579,-0.21321,1.6643,0.1299,-0.16168,1.54859,0.11443,-0.39938,1.51287,0.10451,-0.57179,1.89722,-0.09003,-0.4142,1.76779,-0.44838,-0.54323,1.81007,-0.82687,-0.40818,1.74679,-1.00641,-0.52432,1.79387,-0.09796,-0.3042,1.67981,-0.48343,-0.31905,1.63047,-0.88309,-0.28552,1.4532,-0.99725,-0.35811
40.76,1.8334,-0.00672,-0.36297,1.85214,0.43692,-0.32493,1.78529,0.65073,-0.3648,1.98525,0.37558,-0.47155,2.05496,0.14252,-0.47882,1.82068,0.12443,-0.60096,1.65159,0.10923,-0.64866,1.68798,0.36654,-0.21968,1.65896,0.13056,-0.16773,1.54047,0.11511,-0.40407,1.5029,0.10515,-0.57608,1.88646,-0.08995,-0.42281,1.75167,-0.4481,-0.54684,1.77579,-0.83844,-0.44517,1.69955,-1.00461,-0.57286,1.78668,-0.09776,-0.30956,1.66936,-0.48223,-0.32505,1.63213,-0.88257,-0.28479,1.45489,-1.00069,-0.35082
40.78,1.82455,-0.00647,-0.37,1.84273,0.43747,-0.33534,1.77503,0.65103,-0.37511,1.97282,0.37554,-0.4844,2.04321,0.14267,-0.49141,1.80756,0.12415,-0.61081,1.63804,0.10766,-0.65654,1.6811,0.36732,-0.2261,1.65369,0.13122,-0.17381,1.53253,0.1159,-0.4088,1.49316,0.10582,-0.58039,1.87587,-0.08975,-0.43127,1.7357,-0.4476,-0.55009,1.73559,-0.84553,-0.47984,1.64387,-0.99489,-0.61771,1.77984,-0.09746,-0.31481,1.65878,-0.48073,-0.33121,1.63456,-0.88147,-0.28527,1.45763,-1.00355,-0.34458
40.8,1.81517,-0.00652,-0.37741,1.83312,0.43767,-0.3459,1.76463,0.65101,-0.38545,1.96006,0.37508,-0.49739,2.031,0.14238,-0.50436,1.79387,0.12338,-0.62071,1.62386,0.10614,-0.66428,1.67407,0.36786,-0.23272,1.64809,0.13168,-0.18004,1.52411,0.11627,-0.41354,1.48279,0.10633,-0.58468,1.86478,-0.08991,-0.43993,1.72018,-0.4479,-0.55287,1.69908,-0.84973,-0.51583,1.59671,-0.98466,-0.66089,1.77246,-0.09741,-0.3205,1.648,-0.4796,-0.33662,1.63671,-0.88032,-0.28581,1.46028,-1.00621,-0.33825
40.82,1.80436,-0.00732,-0.38573,1.82327,0.43701,-0.35692,1.75426,0.65027,-0.39603,1.94677,0.37355,-0.51086,2.01781,0.14089,-0.51834,1.77884,0.12136,-0.63079,1.60811,0.10507,-0.67186,1.66673,0.3679,-0.23988,1.64168,0.13175,-0.18659,1.51449,0.1156,-0.41831,1.47091,0.10645,-0.58895,1.85245,-0.09097,-0.44909,1.70553,-0.45011,-0.55515,1.67183,-0.85279,-0.55661,1.56913,-0.98195,-0.7066,1.76349,-0.09797,-0.3271,1.63732,-0.47971,-0.34031,1.63743,-0.87995,-0.28474,1.46159,-1.00925,-0.33045
40.84,1.79301,-0.00842,-0.39446,1.81327,0.43601,-0.3682,1.74387,0.64924,-0.4068,1.93321,0.37161,-0.52455,2.00415,0.13895,-0.53276,1.76327,0.11886,-0.64094,1.59179,0.10408,-0.67935,1.65927,0.36772,-0.24737,1.63498,0.13166,-0.19337,1.50446,0.11452,-0.42316,1.45848,0.10638,-0.59321,1.83965,-0.09237,-0.4585,1.69141,-0.45303,-0.55733,1.63991,-0.85221,-0.59324,1.53554,-0.97266,-0.74921,1.75396,-0.09877,-0.33416,1.62677,-0.48029,-0.34347,1.63808,-0.87977,-0.28372,1.46302,-1.01232,-0.32261
40.86,1.78188,-0.0094,-0.40307,1.80315,0.43513,-0.37943,1.73329,0.64829,-0.41754,1.91955,0.36984,-0.53807,1.99048,0.1372,-0.54696,1.7478,0.11657,-0.65095,1.57566,0.10298,-0.68674,1.65179,0.36759,-0.25489,1.62839,0.1316,-0.20022,1.49462,0.11358,-0.42807,1.4463,0.10632,-0.59751,1.82704,-0.09362,-0.46781,1.67736,-0.45553,-0.55968,1.5989,-0.84733,-0.61983,1.48553,-0.95326,-0.78,1.74472,-0.09948,-0.34119,1.61636,-0.48068,-0.34693,1.63939,-0.87913,-0.28379,1.4655,-1.01497,-0.31606
40.88,1.77087,-0.01029,-0.41139,1.79284,0.43435,-0.3906,1.72236,0.64739,-0.42822,1.9056,0.36816,-0.55148,1.97667,0.13558,-0.56082,1.73239,0.11422,-0.66082,1.55967,0.10194,-0.69425,1.6443,0.36755,-0.26232,1.62176,0.13159,-0.20712,1.48494,0.11261,-0.43306,1.43437,0.10638,-0.60189,1.81455,-0.09479,-0.47677,1.66413,-0.45822,-0.56114,1.54971,-0.83829,-0.6369,1.42077,-0.92344,-0.79768,1.73577,-0.10007,-0.3479,1.60626,-0.48091,-0.35025,1.6413,-0.87814,-0.28493,1.46882,-1.01713,-0.31066
40.9,1.75946,-0.01146,-0.42041,1.78248,0.43323,-0.402,1.71169,0.64626,-0.43913,1.89167,0.36619,-0.56498,1.9626,0.13361,-0.57532,1.71653,0.11185,-0.67077,1.54321,0.10071,-0.70129,1.63664,0.3672,-0.27028,1.61508,0.13134,-0.21429,1.4749,0.1115,-0.43809,1.42189,0.10601,-0.60619,1.80167,-0.09621,-0.48644,1.65011,-0.4606,-0.56436,1.50458,-0.82948,-0.64202,1.3585,-0.89638,-0.79666,1.72621,-0.10098,-0.35557,1.59605,-0.4816,-0.35383,1.64295,-0.87721,-0.28615,1.47233,-1.01947,-0.30557
40.92,1.74714,-0.01336,-0.43116,1.77235,0.43126,-0.41399,1.7021,0.64455,-0.45065,1.87822,0.36348,-0.57884,1.94814,0.13071,-0.59148,1.69981,0.10955,-0.681,1.52573,0.09891,-0.70712,1.62871,0.36607,-0.27947,1.60854,0.13044,-0.22199,1.46409,0.1102,-0.44303,1.40812,0.10452,-0.61016,1.78786,-0.09829,-0.49789,1.63287,-0.46194,-0.57246,1.4782,-0.82767,-0.64731,1.32517,-0.89181,-0.79629,1.71504,-0.10272,-0.36552,1.58536,-0.48344,-0.35796,1.64353,-0.87678,-0.28595,1.47539,-1.02264,-0.29931
40.94,1.73441,-0.01554,-0.4426,1.76229,0.42895,-0.42627,1.69293,0.6426,-0.46253,1.86489,0.36048,-0.59289,1.93343,0.12746,-0.6083,1.68276,0.10725,-0.69131,1.50799,0.09695,-0.71243,1.62068,0.36464,-0.2892,1.60206,0.1293,-0.23002,1.45305,0.10881,-0.44799,1.39392,0.10261,-0.61401,1.77361,-0.10062,-0.51004,1.61455,-0.463,-0.58214,1.45913,-0.82894,-0.6544,1.30292,-0.89599,-0.79872,1.7032,-0.10478,-0.37637,1.57458,-0.48568,-0.36242,1.6439,-0.87628,-0.28553,1.47863,-1.0258,-0.29298
40.96,1.72181,-0.0176,-0.4538,1.75213,0.42677,-0.43857,1.68353,0.64073,-0.47446,1.85139,0.35759,-0.60692,1.91862,0.12437,-0.62486,1.66588,0.10495,-0.70152,1.49056,0.09509,-0.71786,1.6127,0.36332,-0.29889,1.59558,0.12827,-0.23816,1.44223,0.10744,-0.45307,1.38007,0.10087,-0.61796,1.75948,-0.10283,-0.52193,1.59696,-0.4643,-0.59085,1.43712,-0.82892,-0.66003,1.27602,-0.89615,-0.7988,1.69164,-0.10671,-0.38692,1.56409,-0.4877,-0.36695,1.64485,-0.8753,-0.28613,1.48268,-1.02835,-0.28778
40.98,1.70943,-0.01966,-0.46472,1.74203,0.4246,-0.45088,1.67404,0.63881,-0.48642,1.83791,0.35466,-0.62086,1.90373,0.12123,-0.64113,1.64913,0.10255,-0.71154,1.47343,0.09295,-0.72319,1.60486,0.36203,-0.30858,1.58949,0.12726,-0.24632,1.43181,0.10611,-0.45803,1.36659,0.09916,-0.62172,1.74561,-0.10509,-0.5334,1.57877,-0.4651,-0.59955,1.41435,-0.82819,-0.66603,1.24818,-0.89556,-0.7986,1.68026,-0.10859,-0.39716,1.55404,-0.48964,-0.37083,1.64632,-0.87403,-0.28707,1.48733,-1.03032,-0.28266
41,1.6965,-0.02176,-0.47637,1.73174,0.42232,-0.46351,1.66471,0.63688,-0.49879,1.82423,0.35173,-0.63509,1.88857,0.11814,-0.65807,1.63213,0.10033,-0.72175,1.45614,0.09127,-0.72841,1.59676,0.36062,-0.31876,1.58281,0.12617,-0.25497,1.42089,0.1047,-0.46342,1.35265,0.09732,-0.62586,1.73105,-0.10728,-0.54577,1.56169,-0.46677,-0.60823,1.39523,-0.82958,-0.67105,1.22506,-0.89809,-0.79785,1.6684,-0.11062,-0.40827,1.54357,-0.49169,-0.37629,1.6475,-0.8723,-0.28899,1.4923,-1.03213,-0.27931
41.02,1.68207,-0.02407,-0.48994,1.72096,0.4197,-0.47693,1.65584,0.63485,-0.51222,1.81009,0.3487,-0.65012,1.87277,0.11508,-0.67703,1.61439,0.09848,-0.73269,1.43821,0.09085,-0.73356,1.58789,0.35879,-0.3301,1.5743,0.12477,-0.26465,1.40839,0.10285,-0.4699,1.3373,0.09505,-0.63109,1.7146,-0.10936,-0.56059,1.54809,-0.4712,-0.61687,1.38414,-0.83617,-0.67346,1.2122,-0.90719,-0.79644,1.65534,-0.11317,-0.4216,1.53192,-0.49438,-0.386,1.64769,-0.86997,-0.2921,1.49743,-1.03422,-0.27913
41.04,1.66712,-0.02636,-0.50419,1.71008,0.41703,-0.49076,1.64721,0.63281,-0.52619,1.79581,0.34568,-0.66551,1.85671,0.11212,-0.69667,1.59658,0.09677,-0.74385,1.42041,0.09077,-0.73867,1.57884,0.35691,-0.34196,1.56527,0.12338,-0.27479,1.39547,0.10098,-0.47678,1.32156,0.09272,-0.63668,1.69745,-0.11131,-0.57622,1.53585,-0.47633,-0.62584,1.37703,-0.84454,-0.67569,1.2044,-0.91889,-0.79568,1.64182,-0.11581,-0.43576,1.51964,-0.49714,-0.39731,1.64713,-0.86687,-0.29567,1.50233,-1.03572,-0.27989
41.06,1.65246,-0.02853,-0.51808,1.69931,0.41446,-0.50463,1.63849,0.6308,-0.54025,1.78158,0.34272,-0.68088,1.84067,0.10924,-0.71591,1.57911,0.09495,-0.75483,1.40317,0.09035,-0.74379,1.57003,0.35516,-0.3538,1.5567,0.12212,-0.28494,1.38304,0.09927,-0.48356,1.3063,0.09054,-0.6421,1.68063,-0.11319,-0.59132,1.52319,-0.48079,-0.63497,1.36902,-0.85173,-0.67876,1.19533,-0.92896,-0.79535,1.62852,-0.11826,-0.44953,1.50754,-0.49966,-0.408,1.64664,-0.86316,-0.29938,1.50735,-1.03626,-0.28029
41.08,1.63759,-0.03126,-0.53225,1.68846,0.41129,-0.51887,1.62981,0.62816,-0.55494,1.76735,0.33913,-0.69649,1.82416,0.10576,-0.73578,1.5614,0.09266,-0.76612,1.38592,0.08962,-0.74894,1.56104,0.35286,-0.36614,1.54802,0.12038,-0.29534,1.37056,0.09695,-0.49051,1.29106,0.08773,-0.64765,1.66349,-0.11557,-0.60671,1.51128,-0.48603,-0.64434,1.36098,-0.85922,-0.68206,1.18608,-0.93838,-0.79551,1.61508,-0.12132,-0.46364,1.49651,-0.50311,-0.41897,1.64707,-0.85964,-0.30275,1.51323,-1.03662,-0.28057
41.1,1.62302,-0.03282,-0.54596,1.67777,0.40928,-0.53292,1.62104,0.62662,-0.56921,1.75299,0.33671,-0.71196,1.80813,0.10352,-0.75453,1.54454,0.09114,-0.77679,1.36967,0.08921,-0.75407,1.55251,0.35169,-0.37809,1.53975,0.11968,-0.30573,1.35853,0.0959,-0.49737,1.27619,0.08621,-0.65302,1.64673,-0.11685,-0.62146,1.49876,-0.48952,-0.65386,1.35519,-0.86585,-0.68616,1.17967,-0.94833,-0.79623,1.60178,-0.12314,-0.47729,1.48326,-0.50463,-0.42994,1.645,-0.85406,-0.3074,1.51726,-1.03498,-0.28137
41.12,1.60935,-0.03107,-0.55835,1.66751,0.41061,-0.54607,1.61199,0.62836,-0.58177,1.73833,0.33772,-0.72677,1.79399,0.10477,-0.76999,1.52995,0.09194,-0.78575,1.35562,0.0899,-0.75923,1.54522,0.35375,-0.38862,1.53247,0.12186,-0.31584,1.34754,0.09834,-0.50394,1.26215,0.08824,-0.6579,1.63113,-0.11502,-0.63451,1.48347,-0.48811,-0.66324,1.35358,-0.8698,-0.69018,1.17805,-0.95887,-0.79497,1.58894,-0.12146,-0.48952,1.46386,-0.50057,-0.44003,1.63724,-0.84338,-0.31471,1.51762,-1.02885,-0.28276
41.14,1.59601,-0.02814,-0.57023,1.65738,0.41313,-0.55892,1.60283,0.63127,-0.59374,1.7235,0.33996,-0.74128,1.78042,0.10729,-0.78438,1.51613,0.09366,-0.79414,1.34233,0.09111,-0.76439,1.53841,0.35692,-0.39872,1.52557,0.12504,-0.32591,1.33697,0.10203,-0.5104,1.24846,0.09159,-0.66257,1.61598,-0.11209,-0.6469,1.46741,-0.48504,-0.67241,1.35368,-0.87229,-0.69209,1.17746,-0.9674,-0.79022,1.57628,-0.11853,-0.50121,1.44232,-0.49431,-0.44955,1.62717,-0.83073,-0.32333,1.51652,-1.0205,-0.28499
41.16,1.58255,-0.02578,-0.58225,1.64716,0.41506,-0.572,1.59368,0.63357,-0.60612,1.70864,0.3416,-0.75586,1.76637,0.10921,-0.79938,1.50195,0.095,-0.80283,1.3288,0.09217,-0.76953,1.53146,0.35951,-0.4092,1.51859,0.12771,-0.33615,1.32639,0.10512,-0.51693,1.23482,0.09438,-0.66725,1.60066,-0.10969,-0.65942,1.45199,-0.48282,-0.68153,1.35303,-0.87445,-0.6924,1.17518,-0.97313,-0.78382,1.56355,-0.11619,-0.51305,1.42194,-0.48879,-0.45885,1.61795,-0.81852,-0.33178,1.51614,-1.01192,-0.28752
41.18,1.56893,-0.02328,-0.59468,1.63694,0.41707,-0.58552,1.58462,0.63594,-0.61912,1.69376,0.34335,-0.77076,1.7529,0.11137,-0.81456,1.48851,0.09632,-0.8119,1.31605,0.09297,-0.77526,1.5245,0.36219,-0.42021,1.51154,0.13049,-0.34689,1.31589,0.10822,-0.52397,1.22132,0.09693,-0.67239,1.58508,-0.10711,-0.67237,1.43584,-0.48021,-0.69097,1.35216,-0.87554,-0.69051,1.1712,-0.97548,-0.77414,1.55072,-0.11374,-0.52533,1.4016,-0.48292,-0.46794,1.61036,-0.80431,-0.33985,1.51908,-1.00142,-0.28944
41.2,1.55574,-0.02079,-0.60612,1.62669,0.41912,-0.59836,1.57529,0.63834,-0.63113,1.67874,0.34515,-0.7849,1.73823,0.11338,-0.82933,1.47401,0.09795,-0.82023,1.30235,0.09446,-0.78001,1.51778,0.36486,-0.43051,1.50488,0.1332,-0.35702,1.30566,0.11153,-0.53016,1.20804,0.10022,-0.67658,1.57015,-0.10463,-0.68414,1.4212,-0.47799,-0.69955,1.35141,-0.87583,-0.68774,1.16791,-0.97598,-0.76538,1.53816,-0.11122,-0.53656,1.38118,-0.47667,-0.4764,1.59916,-0.79246,-0.34971,1.51608,-0.99181,-0.29418
41.22,1.54367,-0.01854,-0.61504,1.61642,0.42111,-0.60931,1.5654,0.64067,-0.64033,1.66345,0.34687,-0.79707,1.72002,0.11464,-0.8429,1.45611,0.10022,-0.82628,1.28551,0.09781,-0.78169,1.5116,0.36732,-0.43872,1.49918,0.13561,-0.36533,1.29599,0.11538,-0.53396,1.19507,0.10565,-0.67825,1.55695,-0.10264,-0.69298,1.41088,-0.47723,-0.70599,1.35164,-0.87653,-0.68769,1.16944,-0.9799,-0.76414,1.52635,-0.10872,-0.54509,1.36048,-0.47004,-0.48382,1.57864,-0.78816,-0.36345,1.49666,-0.98715,-0.30505
41.24,1.53203,-0.01635,-0.62296,1.6061,0.4231,-0.61947,1.55533,0.643,-0.64841,1.64803,0.34859,-0.80834,1.70051,0.11571,-0.85569,1.43714,0.10279,-0.83122,1.26778,0.10188,-0.78206,1.50562,0.36972,-0.44617,1.49382,0.13791,-0.373,1.2866,0.1194,-0.53686,1.18235,0.11179,-0.67889,1.54443,-0.10079,-0.70067,1.40209,-0.47688,-0.71161,1.35244,-0.87725,-0.68876,1.17308,-0.98525,-0.76554,1.51483,-0.10619,-0.55256,1.3398,-0.46308,-0.49079,1.55418,-0.78669,-0.3785,1.47056,-0.98443,-0.3182
41.26,1.5202,-0.01417,-0.63128,1.59575,0.42504,-0.62997,1.54537,0.64528,-0.65702,1.63259,0.35029,-0.8198,1.6815,0.1169,-0.86847,1.41888,0.10527,-0.83636,1.25087,0.10564,-0.78279,1.49955,0.37209,-0.45413,1.4883,0.14019,-0.38113,1.27725,0.12324,-0.5402,1.1698,0.11744,-0.67991,1.53162,-0.09891,-0.70882,1.39264,-0.47631,-0.71759,1.35308,-0.87745,-0.68918,1.17591,-0.98936,-0.76542,1.50318,-0.10371,-0.56046,1.31947,-0.45605,-0.49776,1.53107,-0.78388,-0.3927,1.44696,-0.98079,-0.33039
41.28,1.50835,-0.01179,-0.63983,1.58542,0.42716,-0.64081,1.53561,0.64775,-0.6659,1.61697,0.35218,-0.8315,1.66201,0.11822,-0.88118,1.40042,0.10794,-0.84124,1.2339,0.10973,-0.78323,1.49374,0.37463,-0.46244,1.48283,0.14267,-0.3896,1.26804,0.12766,-0.54378,1.1574,0.12404,-0.68106,1.51876,-0.09685,-0.71716,1.38334,-0.47558,-0.72375,1.35378,-0.87714,-0.68974,1.17906,-0.99304,-0.76567,1.49156,-0.10101,-0.56855,1.29841,-0.44802,-0.50448,1.50869,-0.7791,-0.40726,1.42518,-0.97549,-0.34257
41.3,1.49664,-0.00986,-0.64765,1.57491,0.42887,-0.65082,1.52554,0.64976,-0.67409,1.60152,0.35368,-0.84218,1.64286,0.11932,-0.89314,1.38246,0.11041,-0.84577,1.21753,0.11343,-0.78342,1.4875,0.37671,-0.47022,1.47731,0.14465,-0.3976,1.25894,0.13091,-0.54678,1.14528,0.1289,-0.6816,1.50616,-0.09521,-0.72477,1.37421,-0.4752,-0.72934,1.35465,-0.87691,-0.69023,1.18241,-0.99685,-0.76558,1.47998,-0.09878,-0.57596,1.27935,-0.44138,-0.51119,1.48341,-0.7783,-0.42105,1.39772,-0.97341,-0.35532
41.32,1.48522,-0.00913,-0.65377,1.564,0.42949,-0.65884,1.51466,0.65053,-0.68068,1.58674,0.35411,-0.85063,1.62509,0.11975,-0.90389,1.36589,0.11219,-0.85015,1.20259,0.11578,-0.78368,1.4801,0.37759,-0.47651,1.47172,0.14529,-0.40442,1.24988,0.13088,-0.54834,1.13347,0.12879,-0.68079,1.49403,-0.0947,-0.73073,1.36509,-0.47574,-0.73358,1.35576,-0.87739,-0.69035,1.18559,-1.00122,-0.76407,1.46845,-0.09781,-0.58181,1.26484,-0.43892,-0.51852,1.45109,-0.78683,-0.43161,1.35621,-0.97823,-0.36763
41.34,1.47392,-0.00885,-0.65918,1.55291,0.42971,-0.66602,1.50345,0.65085,-0.68656,1.57217,0.35416,-0.85812,1.6077,0.11996,-0.91399,1.34975,0.11372,-0.85433,1.18814,0.11767,-0.78387,1.47223,0.37802,-0.48218,1.46605,0.14545,-0.41076,1.24092,0.12965,-0.54931,1.12189,0.12692,-0.6794,1.48212,-0.09461,-0.736,1.35606,-0.47662,-0.73724,1.357,-0.87799,-0.69048,1.18891,-1.00572,-0.76229,1.45694,-0.09731,-0.58699,1.25226,-0.43819,-0.52595,1.41532,-0.79823,-0.44189,1.30881,-0.98435,-0.3807
41.36,1.46257,-0.00839,-0.66487,1.54185,0.43008,-0.67351,1.4924,0.65135,-0.6927,1.55747,0.35437,-0.86588,1.59,0.1203,-0.92405,1.33349,0.11537,-0.85837,1.17367,0.11977,-0.78397,1.46455,0.37862,-0.48816,1.46034,0.1458,-0.41739,1.23207,0.12895,-0.55059,1.11044,0.12586,-0.67824,1.47014,-0.09435,-0.74153,1.34704,-0.47733,-0.74112,1.35824,-0.8781,-0.6907,1.19235,-1.00965,-0.76072,1.44543,-0.09662,-0.59244,1.23924,-0.4369,-0.53316,1.38015,-0.80705,-0.45309,1.26352,-0.98772,-0.39405
41.38,1.45123,-0.00784,-0.6707,1.53091,0.43051,-0.68134,1.48157,0.65192,-0.69915,1.54274,0.35458,-0.87388,1.572,0.12067,-0.93442,1.31715,0.1171,-0.86253,1.1593,0.12192,-0.78405,1.45711,0.37935,-0.49449,1.45482,0.14625,-0.42455,1.22336,0.12837,-0.55199,1.09916,0.12494,-0.67713,1.4581,-0.09402,-0.74718,1.33799,-0.47793,-0.74513,1.35958,-0.87781,-0.69113,1.19597,-1.01314,-0.7593,1.43393,-0.09581,-0.598,1.22453,-0.43452,-0.54098,1.34473,-0.81217,-0.46213,1.21823,-0.98678,-0.40526
41.4,1.43989,-0.00758,-0.67607,1.51965,0.43072,-0.68829,1.4703,0.65222,-0.70484,1.52806,0.35469,-0.88098,1.55444,0.12099,-0.94357,1.30121,0.11864,-0.8661,1.14521,0.12385,-0.78403,1.44909,0.37968,-0.50016,1.4488,0.14639,-0.43085,1.21468,0.12728,-0.55313,1.08803,0.12337,-0.67578,1.44621,-0.09393,-0.7524,1.32906,-0.47875,-0.74873,1.36083,-0.87748,-0.69138,1.19958,-1.01652,-0.75768,1.42243,-0.09534,-0.60316,1.21368,-0.43467,-0.54749,1.3076,-0.82108,-0.47568,1.1713,-0.98877,-0.42066
41.42,1.42857,-0.00794,-0.68039,1.50758,0.43048,-0.69309,1.45792,0.65198,-0.7087,1.51351,0.35472,-0.88597,1.5382,0.1212,-0.94993,1.28625,0.11965,-0.86838,1.13159,0.12529,-0.78383,1.43962,0.3791,-0.50409,1.44165,0.14583,-0.4347,1.20593,0.12517,-0.55362,1.07706,0.1204,-0.6739,1.43474,-0.09437,-0.75665,1.32041,-0.48002,-0.75133,1.3617,-0.87742,-0.69094,1.20285,-1.02006,-0.75534,1.41098,-0.09561,-0.60739,1.21429,-0.44184,-0.5503,1.26569,-0.83922,-0.49803,1.11961,-0.99782,-0.44114
41.44,1.41724,-0.00858,-0.68426,1.4952,0.43003,-0.69699,1.44508,0.65148,-0.71179,1.49903,0.35467,-0.89009,1.52248,0.12133,-0.95515,1.27168,0.12043,-0.87012,1.11817,0.1265,-0.78354,1.42956,0.37813,-0.50732,1.43404,0.14499,-0.43762,1.19714,0.12261,-0.55386,1.0662,0.11681,-0.67183,1.42341,-0.09505,-0.76047,1.31186,-0.48148,-0.75354,1.36245,-0.87737,-0.69029,1.20607,-1.02355,-0.75279,1.39952,-0.0962,-0.61124,1.2189,-0.45068,-0.55171,1.22049,-0.85299,-0.51383,1.06607,-1.00063,-0.44994
41.46,1.40587,-0.00913,-0.68829,1.48292,0.42963,-0.70124,1.4324,0.65105,-0.71516,1.4845,0.3546,-0.89449,1.50648,0.12144,-0.96069,1.25696,0.12127,-0.87196,1.10473,0.12779,-0.78319,1.41971,0.3773,-0.51086,1.42656,0.14427,-0.44101,1.18838,0.12024,-0.55426,1.05541,0.11348,-0.66988,1.41198,-0.09565,-0.76445,1.30325,-0.48285,-0.7559,1.36324,-0.87696,-0.68983,1.20944,-1.02663,-0.75043,1.38801,-0.09669,-0.61523,1.22128,-0.45757,-0.55369,1.17646,-0.85759,-0.51822,1.01585,-0.99368,-0.44465
41.48,1.39469,-0.00955,-0.69246,1.47081,0.42937,-0.70572,1.41997,0.65076,-0.71882,1.47001,0.35464,-0.8991,1.49048,0.12169,-0.96654,1.24237,0.12217,-0.87395,1.09147,0.12905,-0.78294,1.41016,0.37663,-0.51462,1.41952,0.14372,-0.44465,1.18007,0.11795,-0.5548,1.04496,0.11015,-0.66786,1.40073,-0.09614,-0.76855,1.29475,-0.48407,-0.75829,1.36401,-0.87619,-0.68951,1.21276,-1.02922,-0.74812,1.37673,-0.09703,-0.61933,1.22759,-0.46512,-0.55537,1.13427,-0.85561,-0.50966,0.96989,-0.97708,-0.42047
41.5,1.3831,-0.01031,-0.69625,1.45827,0.42877,-0.70952,1.40693,0.6501,-0.72173,1.45544,0.35441,-0.90302,1.47453,0.12159,-0.97132,1.22769,0.12284,-0.87539,1.07806,0.13027,-0.78236,1.39986,0.37556,-0.51785,1.4115,0.14279,-0.44775,1.17098,0.11544,-0.55515,1.03413,0.1067,-0.66603,1.38911,-0.09692,-0.77232,1.28604,-0.48559,-0.76055,1.3647,-0.87545,-0.6891,1.2163,-1.03191,-0.74589,1.36496,-0.09775,-0.62312,1.22738,-0.46997,-0.55715,1.0972,-0.84732,-0.49438,0.93223,-0.95726,-0.39226
41.52,1.37048,-0.01191,-0.69922,1.4447,0.42735,-0.71184,1.39236,0.64851,-0.72295,1.44068,0.35349,-0.90551,1.45858,0.12057,-0.97374,1.21262,0.12301,-0.87559,1.06406,0.13157,-0.78097,1.38772,0.37352,-0.51991,1.40108,0.14093,-0.44951,1.15984,0.11239,-0.55498,1.02217,0.10302,-0.66478,1.37647,-0.09842,-0.7754,1.27671,-0.48791,-0.76257,1.36526,-0.87511,-0.68828,1.22032,-1.03529,-0.74365,1.35195,-0.09942,-0.62627,1.20696,-0.46874,-0.55989,1.06113,-0.83963,-0.49311,0.89439,-0.94963,-0.39399
41.54,1.35743,-0.01385,-0.70183,1.43069,0.4256,-0.7135,1.37719,0.64653,-0.72345,1.42585,0.35231,-0.90737,1.44271,0.11919,-0.97518,1.19746,0.12293,-0.87531,1.04987,0.13283,-0.77931,1.3748,0.37107,-0.52145,1.38965,0.13868,-0.45071,1.14785,0.10912,-0.55459,1.0097,0.09925,-0.66376,1.36345,-0.10021,-0.77819,1.26717,-0.49054,-0.76451,1.36569,-0.87475,-0.6873,1.22454,-1.03868,-0.74142,1.33844,-0.10148,-0.62913,1.17982,-0.46517,-0.56289,1.02478,-0.83276,-0.49867,0.855,-0.94596,-0.40872
41.56,1.34454,-0.01566,-0.70456,1.41686,0.42396,-0.71538,1.3623,0.64469,-0.72419,1.41106,0.35123,-0.90943,1.42688,0.11795,-0.97698,1.18244,0.12292,-0.87522,1.03587,0.13403,-0.77779,1.36217,0.36878,-0.52318,1.37858,0.13657,-0.45217,1.13618,0.10595,-0.55432,0.99744,0.09553,-0.66268,1.35059,-0.10188,-0.78107,1.25773,-0.49301,-0.76649,1.36608,-0.87398,-0.68641,1.22872,-1.04152,-0.73922,1.32513,-0.10339,-0.6321,1.15627,-0.46243,-0.56577,0.98947,-0.8247,-0.50083,0.81659,-0.93808,-0.41725
41.58,1.33183,-0.01741,-0.70746,1.40311,0.4224,-0.71759,1.34736,0.64287,-0.72524,1.39621,0.35016,-0.91178,1.4108,0.1167,-0.97896,1.16727,0.12299,-0.8751,1.02186,0.13542,-0.77611,1.34978,0.36659,-0.52518,1.36797,0.13465,-0.45373,1.125,0.10276,-0.55413,0.98561,0.09164,-0.66157,1.33783,-0.10351,-0.78411,1.24829,-0.49537,-0.76831,1.36635,-0.87283,-0.68542,1.23272,-1.04384,-0.73663,1.31199,-0.10521,-0.6352,1.13172,-0.45865,-0.56881,0.95305,-0.8152,-0.50373,0.77627,-0.92795,-0.42783
41.6,1.31861,-0.01934,-0.70991,1.38905,0.42063,-0.71897,1.33237,0.64089,-0.72547,1.38143,0.34899,-0.91336,1.39526,0.1154,-0.98025,1.15241,0.1228,-0.87487,1.00792,0.13638,-0.7747,1.33668,0.36412,-0.5265,1.35615,0.13231,-0.45498,1.11264,0.09956,-0.55378,0.97283,0.08808,-0.66064,1.32474,-0.10527,-0.78674,1.23881,-0.49791,-0.77041,1.36655,-0.87155,-0.68459,1.2371,-1.04605,-0.73478,1.29834,-0.10727,-0.63794,1.10817,-0.45551,-0.57167,0.91991,-0.80718,-0.50709,0.7395,-0.91849,-0.43787
41.62,1.30426,-0.02181,-0.71134,1.37435,0.41825,-0.71839,1.31743,0.63848,-0.72376,1.36684,0.34748,-0.9131,1.38122,0.11397,-0.98014,1.13846,0.12186,-0.87461,0.99422,0.13608,-0.77414,1.32197,0.36083,-0.5262,1.34138,0.12871,-0.45564,1.09726,0.09622,-0.55301,0.95763,0.08536,-0.66018,1.31103,-0.10744,-0.78845,1.2294,-0.50105,-0.77328,1.36671,-0.87043,-0.68392,1.24246,-1.04857,-0.73449,1.28361,-0.11004,-0.63984,1.08834,-0.45552,-0.57399,0.89458,-0.80423,-0.50961,0.71258,-0.91434,-0.44271
41.64,1.28938,-0.02444,-0.71231,1.35932,0.41568,-0.71699,1.30239,0.63594,-0.72124,1.35227,0.34589,-0.91208,1.36769,0.1125,-0.97935,1.12474,0.12067,-0.87426,0.9805,0.13533,-0.77387,1.30652,0.35727,-0.52521,1.32538,0.12471,-0.45599,1.08066,0.09286,-0.55207,0.94144,0.08298,-0.65986,1.29699,-0.10973,-0.78972,1.22,-0.50433,-0.77637,1.3667,-0.86911,-0.68309,1.24813,-1.05084,-0.73451,1.26836,-0.11302,-0.64135,1.06959,-0.45662,-0.57614,0.87237,-0.8035,-0.51241,0.68955,-0.91292,-0.4466
41.66,1.27461,-0.02694,-0.71342,1.3443,0.41324,-0.7159,1.28727,0.63348,-0.71905,1.33759,0.34437,-0.91133,1.35385,0.11108,-0.97875,1.11081,0.1196,-0.8739,0.96667,0.13479,-0.77345,1.29125,0.35389,-0.52448,1.3098,0.12096,-0.45641,1.06453,0.08952,-0.5512,0.92559,0.08046,-0.65942,1.28298,-0.1119,-0.79111,1.21058,-0.50743,-0.77927,1.36646,-0.86733,-0.68201,1.25351,-1.05247,-0.73392,1.25322,-0.11584,-0.64298,1.0505,-0.45724,-0.57838,0.84928,-0.80193,-0.51527,0.66535,-0.91047,-0.45111
41.68,1.26038,-0.02971,-0.71483,1.32958,0.41055,-0.71514,1.27231,0.63075,-0.71712,1.32311,0.34262,-0.9109,1.34023,0.10947,-0.9786,1.0972,0.11832,-0.87376,0.95324,0.13405,-0.77313,1.27644,0.35022,-0.52405,1.29469,0.11692,-0.45719,1.04876,0.08589,-0.55038,0.91018,0.07774,-0.65914,1.26947,-0.11433,-0.7928,1.20148,-0.51067,-0.78202,1.36611,-0.86537,-0.68019,1.25876,-1.05374,-0.73232,1.23867,-0.11895,-0.64491,1.03099,-0.45744,-0.58079,0.82468,-0.79919,-0.5181,0.63952,-0.90671,-0.45578
41.7,1.2449,-0.03193,-0.7155,1.31407,0.40833,-0.71353,1.25685,0.62855,-0.71448,1.30814,0.34133,-0.90962,1.32621,0.10826,-0.97735,1.08292,0.11739,-0.87315,0.93889,0.13355,-0.77269,1.26041,0.34709,-0.52287,1.27831,0.11343,-0.45719,1.03195,0.08282,-0.54942,0.89362,0.0755,-0.65854,1.25485,-0.11624,-0.79371,1.19182,-0.51344,-0.78486,1.36528,-0.8627,-0.67898,1.26392,-1.05422,-0.73163,1.2228,-0.12148,-0.6461,1.01283,-0.45873,-0.58289,0.80423,-0.79925,-0.52109,0.61834,-0.90612,-0.45984
41.72,1.22617,-0.03267,-0.71432,1.29653,0.40738,-0.70977,1.24008,0.6278,-0.71005,1.29188,0.34131,-0.90622,1.31108,0.10814,-0.97326,1.06686,0.11754,-0.87129,0.92214,0.13387,-0.77185,1.24128,0.3454,-0.51981,1.25881,0.11142,-0.45517,1.01266,0.08133,-0.54812,0.87413,0.07443,-0.65702,1.23732,-0.11671,-0.79266,1.18092,-0.51498,-0.78816,1.36382,-0.85859,-0.67971,1.26945,-1.0532,-0.734,1.20342,-0.12249,-0.64548,0.99812,-0.46294,-0.5841,0.79428,-0.80665,-0.52413,0.60886,-0.91389,-0.46211
41.74,1.20618,-0.03284,-0.71238,1.27816,0.40691,-0.70511,1.22276,0.6276,-0.70482,1.27509,0.34178,-0.9019,1.29546,0.10844,-0.96802,1.05007,0.11806,-0.8689,0.90444,0.13444,-0.77082,1.2209,0.34426,-0.51596,1.23803,0.10998,-0.45235,0.99234,0.08043,-0.54666,0.85349,0.07382,-0.65516,1.21865,-0.11664,-0.79077,1.16953,-0.5159,-0.79133,1.36198,-0.85355,-0.68069,1.27504,-1.05108,-0.73682,1.18272,-0.1229,-0.6441,0.9848,-0.46805,-0.58473,0.78852,-0.81647,-0.52679,0.60393,-0.92427,-0.46326
41.76,1.18669,-0.03321,-0.71073,1.26004,0.40626,-0.70078,1.20554,0.62717,-0.69984,1.25844,0.34206,-0.8979,1.27988,0.10859,-0.96319,1.03346,0.1184,-0.86669,0.88703,0.13484,-0.76982,1.20097,0.34292,-0.51243,1.21772,0.10833,-0.44985,0.97239,0.07926,-0.54524,0.8333,0.07297,-0.65346,1.20041,-0.11678,-0.78917,1.15837,-0.51681,-0.79412,1.35998,-0.84816,-0.68077,1.2804,-1.04838,-0.73827,1.16258,-0.12351,-0.64299,0.97094,-0.47246,-0.58532,0.78106,-0.8247,-0.52908,0.59701,-0.93272,-0.4644
41.78,1.16746,-0.03385,-0.7093,1.24197,0.40536,-0.69653,1.18831,0.62647,-0.69492,1.24183,0.34214,-0.89397,1.26464,0.10856,-0.95841,1.01723,0.11862,-0.86448,0.87,0.13525,-0.76885,1.18115,0.34124,-0.50899,1.19772,0.10635,-0.44748,0.95272,0.07786,-0.54389,0.81326,0.0719,-0.65167,1.18251,-0.11711,-0.78782,1.14821,-0.5178,-0.79721,1.35843,-0.8424,-0.68006,1.28655,-1.04506,-0.73913,1.14263,-0.12445,-0.64222,0.95744,-0.47709,-0.58595,0.77414,-0.83301,-0.53109,0.5908,-0.94151,-0.4652
41.8,1.14743,-0.03378,-0.70724,1.22346,0.40508,-0.69185,1.17076,0.62642,-0.68955,1.22488,0.34274,-0.88956,1.24846,0.10899,-0.95312,0.99999,0.11916,-0.86205,0.85192,0.13565,-0.76771,1.1607,0.34038,-0.50516,1.17676,0.10519,-0.44467,0.93223,0.07704,-0.54235,0.79264,0.07133,-0.64996,1.16367,-0.11689,-0.78568,1.13621,-0.518,-0.79902,1.35537,-0.83574,-0.67945,1.29087,-1.04069,-0.73914,1.12206,-0.12454,-0.64058,0.9438,-0.48097,-0.58582,0.76763,-0.84071,-0.5325,0.58452,-0.94889,-0.46547
41.82,1.12529,-0.0319,-0.7037,1.204,0.40641,-0.68625,1.15256,0.62803,-0.68324,1.20721,0.34459,-0.88411,1.2296,0.11054,-0.94694,0.97993,0.12047,-0.85919,0.83096,0.1359,-0.76609,1.13875,0.34161,-0.50045,1.15337,0.10608,-0.44094,0.9096,0.07752,-0.5404,0.77056,0.0718,-0.64871,1.14231,-0.11531,-0.78166,1.11931,-0.5166,-0.79772,1.34906,-0.8277,-0.68059,1.29072,-1.03489,-0.73886,1.09983,-0.12244,-0.63678,0.92926,-0.48294,-0.58418,0.7608,-0.84664,-0.53295,0.57664,-0.95231,-0.46477
41.84,1.10242,-0.02934,-0.69955,1.18417,0.40834,-0.68026,1.13409,0.63026,-0.67651,1.18929,0.34689,-0.87819,1.2099,0.11248,-0.94031,0.95898,0.12209,-0.85617,0.80907,0.13616,-0.76438,1.11622,0.34366,-0.49538,1.12907,0.10779,-0.43681,0.88622,0.07863,-0.53832,0.74797,0.07284,-0.64764,1.12005,-0.11321,-0.77688,1.10041,-0.51457,-0.79538,1.34124,-0.81886,-0.6827,1.28886,-1.02818,-0.739,1.07703,-0.11952,-0.63212,0.91462,-0.4841,-0.58188,0.75446,-0.85186,-0.53302,0.56884,-0.95435,-0.46396
41.86,1.08002,-0.02711,-0.69564,1.1645,0.40996,-0.67442,1.1157,0.63215,-0.66991,1.1715,0.34891,-0.87241,1.19078,0.11418,-0.93378,0.93868,0.12356,-0.85322,0.78782,0.13647,-0.76281,1.09398,0.34534,-0.49049,1.10524,0.10916,-0.43283,0.86328,0.0796,-0.53633,0.72573,0.0738,-0.64653,1.09832,-0.11136,-0.7724,1.08227,-0.51275,-0.79355,1.33368,-0.80974,-0.68457,1.28773,-1.02097,-0.73929,1.05462,-0.11699,-0.62782,0.90028,-0.48535,-0.57969,0.74851,-0.85693,-0.53304,0.56161,-0.95667,-0.46341
41.88,1.05701,-0.02477,-0.69186,1.1446,0.41157,-0.66835,1.09713,0.63404,-0.66316,1.15359,0.35101,-0.86641,1.17071,0.116,-0.92732,0.91752,0.12505,-0.85022,0.76585,0.13663,-0.761,1.07129,0.347,-0.48549,1.08092,0.11047,-0.42899,0.83991,0.08003,-0.53445,0.70313,0.074,-0.64559,1.07608,-0.10938,-0.76802,1.06505,-0.51083,-0.79131,1.32703,-0.80016,-0.68673,1.28731,-1.01295,-0.74029,1.03162,-0.11436,-0.62365,0.88611,-0.48652,-0.57733,0.74246,-0.86149,-0.5321,0.55439,-0.95769,-0.46065
41.9,1.03511,-0.02252,-0.68769,1.12501,0.41326,-0.66256,1.07872,0.63595,-0.6565,1.13585,0.35292,-0.8606,1.15231,0.11761,-0.92052,0.89797,0.12653,-0.84731,0.74527,0.13708,-0.75973,1.04929,0.34887,-0.48063,1.05733,0.11212,-0.42481,0.81727,0.08167,-0.53241,0.68125,0.07583,-0.64449,1.05469,-0.10754,-0.76327,1.04552,-0.50884,-0.7896,1.31758,-0.79019,-0.68904,1.28492,-1.00458,-0.741,1.00969,-0.11177,-0.61904,0.87194,-0.48713,-0.57486,0.73757,-0.86584,-0.53237,0.548,-0.9599,-0.46207
41.92,1.01634,-0.02064,-0.6825,1.10636,0.41513,-0.6577,1.06091,0.63795,-0.65014,1.11852,0.35436,-0.85553,1.13888,0.11867,-0.91272,0.88314,0.12801,-0.84459,0.72881,0.13834,-0.7599,1.02935,0.35119,-0.47616,1.03603,0.11455,-0.4197,0.79681,0.08668,-0.52983,0.66141,0.08239,-0.64273,1.03576,-0.10618,-0.75753,1.02018,-0.50686,-0.78969,1.30146,-0.77974,-0.69119,1.27848,-0.99606,-0.74025,0.99073,-0.1094,-0.6133,0.85756,-0.48679,-0.57249,0.73565,-0.87027,-0.53553,0.54346,-0.96598,-0.47529
41.94,0.99874,-0.0189,-0.67697,1.08808,0.41707,-0.65324,1.0433,0.63996,-0.64398,1.10138,0.35561,-0.85078,1.12712,0.11967,-0.90462,0.86999,0.12944,-0.84203,0.71385,0.13971,-0.76071,1.01017,0.35367,-0.47188,1.01556,0.11727,-0.41431,0.77721,0.0928,-0.52711,0.64244,0.09046,-0.64081,1.01774,-0.10498,-0.75148,0.99258,-0.50458,-0.79035,1.28245,-0.76885,-0.6933,1.27006,-0.98671,-0.73922,0.9729,-0.10712,-0.60717,0.84311,-0.48608,-0.57016,0.73563,-0.87422,-0.53735,0.54113,-0.97252,-0.49006
41.96,0.98069,-0.01713,-0.67165,1.06969,0.41895,-0.64863,1.02557,0.64191,-0.63783,1.08423,0.35692,-0.84592,1.11446,0.12083,-0.89671,0.85609,0.1308,-0.83947,0.69832,0.14079,-0.76133,0.99069,0.35604,-0.46758,0.99474,0.11983,-0.40913,0.75736,0.09824,-0.52453,0.62326,0.09758,-0.63904,0.99937,-0.10372,-0.74565,0.96602,-0.50207,-0.79069,1.26423,-0.75756,-0.6954,1.2621,-0.97629,-0.73878,0.95464,-0.10485,-0.60129,0.82877,-0.48545,-0.56778,0.73555,-0.87738,-0.53641,0.53943,-0.9773,-0.50062
41.98,0.96227,-0.01519,-0.66603,1.05094,0.421,-0.64387,1.00762,0.64401,-0.63122,1.06662,0.35837,-0.84087,1.10211,0.12227,-0.88809,0.84251,0.13242,-0.83675,0.68302,0.14205,-0.76213,0.97096,0.35862,-0.46307,0.97377,0.12261,-0.40372,0.7374,0.10432,-0.52175,0.60399,0.10566,-0.63707,0.98072,-0.10237,-0.7394,0.93967,-0.4992,-0.791,1.24668,-0.74472,-0.69745,1.25623,-0.96374,-0.73825,0.93601,-0.10232,-0.59502,0.81463,-0.48469,-0.56529,0.73532,-0.87955,-0.53249,0.5375,-0.98015,-0.51062
42,0.9449,-0.01365,-0.66099,1.03297,0.4227,-0.63961,0.99004,0.64572,-0.62568,1.04995,0.35948,-0.83632,1.08942,0.12348,-0.88076,0.82886,0.13347,-0.83445,0.66792,0.14261,-0.76296,0.95193,0.36078,-0.45912,0.95334,0.125,-0.39884,0.71809,0.10927,-0.51943,0.5854,0.11202,-0.63556,0.96288,-0.10125,-0.73397,0.91258,-0.49621,-0.79143,1.22638,-0.73353,-0.69929,1.24527,-0.9523,-0.73821,0.91846,-0.10034,-0.58951,0.80026,-0.48394,-0.56302,0.73513,-0.88113,-0.52722,0.53722,-0.98325,-0.51587
42.02,0.93009,-0.01321,-0.65758,1.01706,0.42338,-0.63652,0.97358,0.6463,-0.62288,1.03587,0.35971,-0.83292,1.07531,0.12367,-0.87719,0.81434,0.13296,-0.83313,0.65255,0.14159,-0.76351,0.93458,0.36174,-0.45658,0.93411,0.12618,-0.3954,0.70007,0.11083,-0.51836,0.56804,0.11327,-0.63525,0.94699,-0.10077,-0.73087,0.8836,-0.49329,-0.79197,1.20017,-0.72723,-0.70063,1.22191,-0.94583,-0.73896,0.90353,-0.09987,-0.58611,0.78473,-0.48341,-0.56143,0.73631,-0.88289,-0.52466,0.5411,-0.98994,-0.51202
42.04,0.91629,-0.01318,-0.6548,1.00192,0.42368,-0.63391,0.95753,0.64648,-0.62114,1.02273,0.35963,-0.82998,1.06089,0.12352,-0.87501,0.79968,0.13191,-0.83224,0.63725,0.13998,-0.76406,0.91792,0.36222,-0.45461,0.91539,0.12691,-0.39255,0.68259,0.11123,-0.51781,0.55124,0.11278,-0.63546,0.93187,-0.10053,-0.72863,0.85394,-0.49,-0.79238,1.17155,-0.72284,-0.70186,1.19346,-0.94143,-0.74013,0.88966,-0.09997,-0.58351,0.7689,-0.48297,-0.56009,0.73831,-0.88433,-0.52463,0.54704,-0.99762,-0.50698
42.06,0.90205,-0.01294,-0.65178,0.98644,0.42417,-0.63109,0.9413,0.64685,-0.61893,1.00915,0.35974,-0.82682,1.04674,0.12361,-0.87218,0.78522,0.13116,-0.8312,0.62208,0.13863,-0.76464,0.901,0.3629,-0.45241,0.89649,0.12782,-0.38955,0.66495,0.11216,-0.51713,0.53429,0.11313,-0.63557,0.91642,-0.10014,-0.72603,0.82479,-0.48615,-0.79252,1.14388,-0.71738,-0.70309,1.16678,-0.93589,-0.74125,0.87536,-0.09978,-0.58058,0.75337,-0.48248,-0.5586,0.74002,-0.88489,-0.5243,0.5524,-1.00365,-0.50376
42.08,0.88778,-0.01279,-0.64852,0.97093,0.42457,-0.628,0.92506,0.64713,-0.61636,0.9957,0.35975,-0.82336,1.0323,0.12358,-0.86937,0.77048,0.13033,-0.83014,0.6066,0.13728,-0.76538,0.88389,0.3635,-0.45003,0.87737,0.12868,-0.38637,0.64713,0.11296,-0.51627,0.51703,0.11338,-0.63532,0.90091,-0.09986,-0.72316,0.7951,-0.48176,-0.79228,1.11721,-0.70899,-0.7034,1.14278,-0.92731,-0.74093,0.86085,-0.09964,-0.57742,0.73695,-0.48182,-0.55709,0.74177,-0.88461,-0.52518,0.55827,-1.00912,-0.50162
42.1,0.8738,-0.01255,-0.64593,0.95566,0.42506,-0.62551,0.90895,0.64748,-0.6147,0.98219,0.35996,-0.82054,1.01843,0.1238,-0.86687,0.75634,0.12958,-0.82929,0.59188,0.13578,-0.76595,0.86733,0.36407,-0.44815,0.85875,0.12949,-0.38388,0.6298,0.11373,-0.51605,0.50057,0.11348,-0.63603,0.88569,-0.09938,-0.72105,0.76665,-0.47704,-0.79198,1.08823,-0.70581,-0.70515,1.11229,-0.92419,-0.74332,0.847,-0.09953,-0.57494,0.72223,-0.48148,-0.55564,0.74352,-0.88395,-0.52655,0.56414,-1.01379,-0.50022
42.12,0.86034,-0.01186,-0.64506,0.94087,0.42598,-0.62448,0.89308,0.64826,-0.61534,0.96833,0.3609,-0.81939,1.00621,0.12483,-0.86482,0.74389,0.12931,-0.82878,0.57919,0.13418,-0.76593,0.85205,0.36481,-0.44743,0.8415,0.13034,-0.38305,0.61386,0.11451,-0.51743,0.48627,0.11322,-0.63916,0.871,-0.09821,-0.72092,0.74136,-0.47231,-0.79208,1.05264,-0.71676,-0.71063,1.06443,-0.9355,-0.75236,0.83476,-0.09931,-0.57419,0.71235,-0.482,-0.55452,0.74515,-0.88378,-0.52658,0.569,-1.01755,-0.49828
42.14,0.84714,-0.01107,-0.64485,0.92633,0.42701,-0.62402,0.87739,0.6491,-0.61683,0.95439,0.36205,-0.81888,0.99454,0.1261,-0.86304,0.732,0.12916,-0.82841,0.56723,0.13245,-0.76567,0.83732,0.36553,-0.44717,0.82472,0.13115,-0.38284,0.59837,0.11535,-0.51938,0.47274,0.11291,-0.64312,0.85655,-0.09684,-0.72153,0.7173,-0.46762,-0.7919,1.01335,-0.73231,-0.71722,1.00863,-0.95044,-0.7633,0.82314,-0.09909,-0.57414,0.70423,-0.48284,-0.55365,0.74679,-0.88376,-0.52659,0.57365,-1.02102,-0.49645
42.16,0.83382,-0.01037,-0.64434,0.9117,0.42793,-0.62327,0.86168,0.64983,-0.61784,0.94048,0.36306,-0.81806,0.98256,0.12725,-0.86114,0.71983,0.12893,-0.82796,0.55492,0.13072,-0.76551,0.82238,0.36619,-0.44667,0.80764,0.13194,-0.38233,0.58258,0.11629,-0.52103,0.45882,0.11281,-0.6466,0.84197,-0.09561,-0.72174,0.69283,-0.46272,-0.79109,0.97426,-0.74451,-0.72271,0.95482,-0.96107,-0.77223,0.8112,-0.0989,-0.5738,0.69527,-0.48353,-0.55284,0.74834,-0.88329,-0.52722,0.57845,-1.02417,-0.49532
42.18,0.82053,-0.0095,-0.64383,0.89714,0.429,-0.62222,0.84601,0.65069,-0.61873,0.92678,0.36432,-0.81695,0.97086,0.1287,-0.85903,0.70792,0.12908,-0.82747,0.54286,0.12935,-0.7654,0.80736,0.36691,-0.44597,0.79098,0.1327,-0.38188,0.56731,0.11658,-0.52276,0.44535,0.11171,-0.65004,0.82733,-0.09414,-0.72202,0.66788,-0.45708,-0.79034,0.93415,-0.75431,-0.72672,0.90039,-0.9684,-0.77919,0.79935,-0.09859,-0.57356,0.68637,-0.48409,-0.55228,0.74978,-0.88245,-0.52845,0.58321,-1.02687,-0.49492
42.2,0.80723,-0.00897,-0.64347,0.88255,0.42975,-0.6218,0.83044,0.65123,-0.61984,0.91268,0.36514,-0.81647,0.95874,0.12968,-0.85734,0.69566,0.12857,-0.82703,0.53054,0.12728,-0.76512,0.79268,0.36742,-0.44568,0.77352,0.13346,-0.38146,0.5511,0.11826,-0.52439,0.43117,0.11269,-0.65356,0.81279,-0.09313,-0.72227,0.64447,-0.4525,-0.78818,0.89243,-0.7666,-0.73211,0.84283,-0.97685,-0.78746,0.78744,-0.09851,-0.57337,0.67771,-0.48492,-0.55166,0.75119,-0.88165,-0.52954,0.58797,-1.0295,-0.49449
42.22,0.79389,-0.00936,-0.64329,0.86777,0.42967,-0.62294,0.81493,0.65098,-0.62145,0.89746,0.36468,-0.81755,0.94541,0.1293,-0.85666,0.68231,0.1261,-0.82669,0.51731,0.12316,-0.7645,0.77871,0.36746,-0.44637,0.75405,0.13438,-0.38083,0.53247,0.12352,-0.52546,0.41515,0.11879,-0.65703,0.79857,-0.09345,-0.72223,0.62464,-0.45106,-0.78291,0.84751,-0.78561,-0.74182,0.77867,-0.98966,-0.79971,0.77524,-0.099,-0.573,0.66935,-0.48643,-0.55052,0.75274,-0.88126,-0.52953,0.5929,-1.03243,-0.49308
42.24,0.78053,-0.01011,-0.64323,0.8529,0.42925,-0.6247,0.79942,0.65041,-0.62326,0.88178,0.36374,-0.81926,0.93163,0.12844,-0.85643,0.66857,0.12294,-0.82638,0.50381,0.11829,-0.76367,0.76501,0.36729,-0.44745,0.73376,0.13552,-0.38011,0.513,0.13028,-0.52629,0.39853,0.12687,-0.66039,0.78445,-0.09426,-0.72214,0.60645,-0.45087,-0.77663,0.79911,-0.80519,-0.75171,0.7099,-1.00083,-0.81081,0.76299,-0.09973,-0.57264,0.66123,-0.48822,-0.54924,0.75433,-0.88092,-0.52925,0.59792,-1.03531,-0.49144
42.26,0.76714,-0.01072,-0.64314,0.838,0.42895,-0.62617,0.78385,0.64994,-0.62491,0.86624,0.363,-0.82067,0.91798,0.12783,-0.85608,0.65497,0.12012,-0.82605,0.49046,0.11378,-0.76285,0.75114,0.36718,-0.44835,0.71373,0.1368,-0.37936,0.49395,0.13658,-0.52712,0.38224,0.13412,-0.66354,0.77024,-0.09487,-0.72209,0.58793,-0.45013,-0.77077,0.749,-0.82053,-0.7588,0.64074,-1.00638,-0.81767,0.75074,-0.10038,-0.57232,0.65303,-0.48985,-0.54817,0.7558,-0.88021,-0.52954,0.60291,-1.03776,-0.49043
42.28,0.75391,-0.01125,-0.64296,0.82316,0.42873,-0.62742,0.76822,0.64953,-0.62644,0.85083,0.36238,-0.82187,0.90466,0.12741,-0.85533,0.6417,0.11723,-0.82562,0.47735,0.1091,-0.76221,0.7373,0.36708,-0.44907,0.69454,0.13814,-0.37843,0.47581,0.14216,-0.52767,0.36685,0.13966,-0.6663,0.75619,-0.09539,-0.72195,0.56882,-0.44885,-0.76413,0.69647,-0.83224,-0.76366,0.5697,-1.00663,-0.82062,0.7386,-0.10094,-0.57194,0.64487,-0.49137,-0.54733,0.7573,-0.87912,-0.53024,0.60797,-1.03979,-0.49008
42.3,0.74034,-0.01202,-0.64299,0.80809,0.42825,-0.62914,0.75262,0.64891,-0.62808,0.83498,0.36141,-0.82353,0.89054,0.12663,-0.85548,0.62772,0.11438,-0.82536,0.4638,0.10459,-0.76109,0.72339,0.36684,-0.45016,0.67357,0.13992,-0.37764,0.45609,0.14973,-0.52843,0.34991,0.1487,-0.66923,0.74182,-0.09619,-0.72196,0.55171,-0.44881,-0.75857,0.64338,-0.84227,-0.76669,0.49957,-1.00382,-0.82098,0.72623,-0.10172,-0.57173,0.6367,-0.49308,-0.54631,0.75857,-0.87804,-0.53092,0.61294,-1.04173,-0.48941
42.32,0.72591,-0.01327,-0.64344,0.79243,0.42725,-0.63197,0.73715,0.64796,-0.62992,0.81809,0.35967,-0.82627,0.8744,0.12501,-0.85782,0.61188,0.11185,-0.82553,0.44912,0.10076,-0.75858,0.70923,0.36636,-0.45211,0.64797,0.14311,-0.37703,0.43239,0.16255,-0.52959,0.3293,0.1671,-0.6726,0.72663,-0.09755,-0.72231,0.53965,-0.45207,-0.75658,0.59149,-0.85261,-0.76941,0.43269,-1.00015,-0.82175,0.71335,-0.10294,-0.57185,0.62847,-0.49521,-0.54465,0.75937,-0.87728,-0.53136,0.6177,-1.04384,-0.48759
42.34,0.71111,-0.01474,-0.64411,0.77648,0.42602,-0.63526,0.72169,0.64683,-0.63189,0.80072,0.35758,-0.82944,0.85741,0.12302,-0.86103,0.59528,0.10938,-0.82588,0.43398,0.09713,-0.75566,0.69494,0.36574,-0.45443,0.62088,0.14743,-0.37642,0.40782,0.17772,-0.53075,0.30832,0.18904,-0.6759,0.71108,-0.09915,-0.72284,0.52935,-0.45649,-0.756,0.54035,-0.86008,-0.77282,0.36838,-0.99259,-0.82376,0.70022,-0.10436,-0.57218,0.62025,-0.49751,-0.54288,0.75996,-0.87652,-0.53199,0.62243,-1.04584,-0.48569
42.36,0.69645,-0.01615,-0.64474,0.76057,0.42483,-0.63833,0.70616,0.64572,-0.6338,0.78349,0.35562,-0.8324,0.84072,0.12117,-0.86386,0.57899,0.10684,-0.82614,0.41908,0.09337,-0.75302,0.68064,0.36511,-0.45661,0.59495,0.1522,-0.37562,0.38471,0.19227,-0.5316,0.28902,0.20916,-0.67875,0.69565,-0.10067,-0.72335,0.51813,-0.46026,-0.75494,0.48915,-0.86279,-0.77546,0.3055,-0.97937,-0.82455,0.68717,-0.10573,-0.57253,0.61209,-0.4997,-0.54142,0.76057,-0.87543,-0.53316,0.62725,-1.04746,-0.48461
42.38,0.68196,-0.01745,-0.64514,0.74462,0.42377,-0.64118,0.69052,0.64471,-0.63543,0.76628,0.35377,-0.83511,0.82419,0.11947,-0.86644,0.56287,0.10437,-0.82625,0.40451,0.08945,-0.7501,0.66629,0.36459,-0.45858,0.5697,0.15778,-0.37412,0.3625,0.20688,-0.53157,0.27088,0.22839,-0.68071,0.68049,-0.1021,-0.7236,0.50785,-0.46415,-0.75417,0.43547,-0.86102,-0.77741,0.24052,-0.95894,-0.8236,0.67435,-0.10697,-0.57266,0.60409,-0.50172,-0.54016,0.7611,-0.87402,-0.53506,0.632,-1.04867,-0.4845
42.4,0.66699,-0.019,-0.64606,0.72848,0.4224,-0.64445,0.6749,0.64343,-0.63751,0.74874,0.35165,-0.83826,0.80702,0.11745,-0.86963,0.54618,0.10182,-0.82665,0.3893,0.08586,-0.74771,0.65182,0.36377,-0.46097,0.54401,0.16388,-0.37349,0.34052,0.22256,-0.53249,0.25323,0.24933,-0.68336,0.66466,-0.10373,-0.72441,0.49605,-0.4678,-0.75353,0.38858,-0.85647,-0.77934,0.18617,-0.93874,-0.82397,0.66098,-0.10848,-0.57339,0.59586,-0.50395,-0.53899,0.76146,-0.87254,-0.53686,0.63686,-1.04978,-0.48409
42.42,0.65092,-0.02124,-0.64829,0.71205,0.42021,-0.64882,0.65943,0.64144,-0.64093,0.73054,0.34879,-0.84256,0.78833,0.11452,-0.87433,0.52809,0.09895,-0.82781,0.37232,0.08315,-0.74667,0.63717,0.36217,-0.46442,0.51664,0.17042,-0.37534,0.31833,0.24045,-0.53629,0.23579,0.27482,-0.68828,0.64721,-0.10593,-0.72664,0.47997,-0.47087,-0.75247,0.35732,-0.85496,-0.77922,0.15308,-0.93113,-0.82628,0.64628,-0.11077,-0.57558,0.58709,-0.50685,-0.53767,0.76171,-0.87126,-0.5378,0.64227,-1.05109,-0.48192
42.44,0.63435,-0.0237,-0.65106,0.69543,0.41775,-0.65366,0.64395,0.63921,-0.64491,0.712,0.34569,-0.84734,0.769,0.1113,-0.87961,0.50946,0.09603,-0.82928,0.35467,0.08083,-0.74616,0.62239,0.36032,-0.46833,0.48911,0.17783,-0.37797,0.29695,0.25942,-0.54091,0.21966,0.30192,-0.69361,0.62908,-0.1083,-0.72941,0.46227,-0.47369,-0.75136,0.33196,-0.8553,-0.77741,0.12665,-0.92654,-0.82739,0.63099,-0.1133,-0.57837,0.57813,-0.50989,-0.53656,0.76186,-0.86978,-0.5388,0.64792,-1.05214,-0.47971
42.46,0.61792,-0.02603,-0.65365,0.67878,0.41543,-0.65833,0.62838,0.63711,-0.6487,0.6935,0.34273,-0.85191,0.74991,0.10825,-0.8846,0.49108,0.09316,-0.83064,0.33736,0.07836,-0.7455,0.60758,0.3586,-0.4721,0.46277,0.18608,-0.37991,0.27699,0.27812,-0.54468,0.20525,0.32763,-0.69798,0.61116,-0.11056,-0.73196,0.44513,-0.47651,-0.75035,0.30451,-0.85461,-0.77374,0.09669,-0.91769,-0.82431,0.61589,-0.11569,-0.58098,0.56933,-0.51271,-0.53587,0.76197,-0.86789,-0.54061,0.65354,-1.05267,-0.47876
42.48,0.60184,-0.02853,-0.65597,0.66219,0.41298,-0.66279,0.61281,0.63484,-0.65229,0.67512,0.3396,-0.85625,0.73074,0.10501,-0.88947,0.47272,0.09006,-0.83172,0.32017,0.07563,-0.74444,0.59283,0.35673,-0.47569,0.43705,0.19539,-0.38117,0.25806,0.29711,-0.54774,0.19219,0.35295,-0.7015,0.59361,-0.11299,-0.73422,0.42927,-0.47985,-0.74919,0.27571,-0.85317,-0.76753,0.06436,-0.90318,-0.81808,0.60112,-0.11826,-0.58336,0.56106,-0.51557,-0.53478,0.76223,-0.86592,-0.54324,0.65953,-1.05289,-0.47827
42.5,0.58492,-0.03069,-0.65898,0.64528,0.41078,-0.66776,0.59708,0.63287,-0.65646,0.65626,0.33681,-0.86112,0.71146,0.10216,-0.89463,0.45423,0.08745,-0.83339,0.30267,0.07351,-0.74431,0.57779,0.35512,-0.47981,0.41244,0.20488,-0.38329,0.24063,0.3158,-0.55155,0.18084,0.37763,-0.7055,0.57514,-0.11507,-0.73713,0.41065,-0.482,-0.74832,0.25227,-0.8535,-0.76204,0.0384,-0.89553,-0.80918,0.58551,-0.12048,-0.58645,0.55189,-0.51806,-0.53526,0.76191,-0.86312,-0.5459,0.66489,-1.05245,-0.47904
42.52,0.56576,-0.03202,-0.66381,0.62761,0.40921,-0.67418,0.58103,0.6316,-0.66223,0.63617,0.3348,-0.86749,0.6922,0.10029,-0.9006,0.43558,0.08602,-0.8368,0.28447,0.07286,-0.74684,0.56202,0.35418,-0.48537,0.38895,0.21342,-0.38809,0.22492,0.33339,-0.55789,0.17151,0.40113,-0.7117,0.5542,-0.11633,-0.74179,0.38398,-0.48076,-0.74798,0.2404,-0.85815,-0.76382,0.02785,-0.9123,-0.80403,0.56772,-0.12186,-0.59136,0.54048,-0.51992,-0.54008,0.76063,-0.85867,-0.54766,0.66869,-1.05096,-0.48209
42.54,0.54578,-0.03296,-0.66931,0.60965,0.40794,-0.68118,0.56484,0.63067,-0.66869,0.61561,0.33316,-0.87445,0.67287,0.09886,-0.90695,0.41679,0.0851,-0.84087,0.26594,0.07281,-0.75036,0.54598,0.35356,-0.49153,0.36614,0.22185,-0.39387,0.21044,0.35038,-0.56525,0.16372,0.4236,-0.71872,0.53237,-0.1172,-0.74707,0.35486,-0.47819,-0.74755,0.23438,-0.86345,-0.76602,0.02537,-0.93512,-0.79614,0.54911,-0.12285,-0.59697,0.52794,-0.52137,-0.54643,0.75838,-0.85329,-0.54904,0.67149,-1.04867,-0.48574
42.56,0.52618,-0.03395,-0.67449,0.59176,0.40666,-0.68799,0.54863,0.62969,-0.67499,0.59521,0.33146,-0.88116,0.65346,0.09734,-0.9132,0.398,0.08406,-0.84468,0.24753,0.07256,-0.75344,0.53003,0.35292,-0.49752,0.34386,0.23096,-0.39904,0.19681,0.36719,-0.5721,0.15697,0.44507,-0.72522,0.51099,-0.11811,-0.75201,0.32761,-0.47611,-0.74678,0.22719,-0.86707,-0.76556,0.0216,-0.95122,-0.78504,0.53084,-0.12389,-0.60229,0.51561,-0.52274,-0.55218,0.7558,-0.84769,-0.55085,0.67427,-1.04589,-0.48924
42.58,0.50652,-0.03548,-0.67975,0.57384,0.4048,-0.69508,0.53248,0.62814,-0.68163,0.57477,0.32913,-0.88809,0.63438,0.09527,-0.91951,0.3795,0.0824,-0.84877,0.22932,0.07181,-0.75696,0.51405,0.3518,-0.50379,0.32176,0.24078,-0.40413,0.18376,0.38393,-0.57905,0.1513,0.46588,-0.73179,0.4894,-0.1196,-0.75692,0.2987,-0.4736,-0.74535,0.22072,-0.86969,-0.76315,0.01944,-0.96552,-0.76871,0.51263,-0.12545,-0.60769,0.50436,-0.52472,-0.55942,0.75406,-0.84237,-0.55338,0.67742,-1.04323,-0.49418
42.6,0.4868,-0.0358,-0.68499,0.55578,0.40417,-0.70194,0.51604,0.62778,-0.68809,0.55416,0.32813,-0.8948,0.61452,0.09443,-0.92595,0.36036,0.08209,-0.85259,0.21062,0.07214,-0.75997,0.49798,0.35177,-0.50987,0.30096,0.25021,-0.40937,0.17214,0.39953,-0.58612,0.14665,0.48473,-0.73841,0.46807,-0.11981,-0.76191,0.27336,-0.47138,-0.74446,0.2167,-0.87118,-0.75968,0.01968,-0.97542,-0.753,0.49411,-0.12585,-0.61315,0.49045,-0.52517,-0.56464,0.74919,-0.8354,-0.55491,0.67863,-1.03881,-0.49682
42.62,0.46696,-0.03281,-0.69005,0.53746,0.40688,-0.70787,0.49902,0.63069,-0.69361,0.53323,0.33084,-0.90069,0.59266,0.09699,-0.93249,0.33958,0.08539,-0.85535,0.19075,0.07537,-0.7613,0.48176,0.35472,-0.51511,0.2822,0.25784,-0.41501,0.16243,0.41289,-0.59319,0.14255,0.50054,-0.74491,0.4475,-0.11653,-0.7671,0.2577,-0.47058,-0.74599,0.21564,-0.87227,-0.75862,0.02145,-0.98151,-0.74938,0.47482,-0.12312,-0.6186,0.47003,-0.52152,-0.5631,0.73769,-0.82409,-0.55338,0.67691,-1.02982,-0.4925
42.64,0.44713,-0.02865,-0.69505,0.51907,0.41079,-0.71345,0.48176,0.63476,-0.69877,0.5122,0.33489,-0.90625,0.56999,0.10076,-0.93905,0.31819,0.09002,-0.85771,0.17046,0.0797,-0.76197,0.46552,0.35871,-0.52006,0.26417,0.2647,-0.4208,0.15353,0.42512,-0.60012,0.13881,0.51488,-0.7512,0.42726,-0.11202,-0.77237,0.24559,-0.47014,-0.74858,0.21608,-0.87302,-0.75881,0.02433,-0.98656,-0.75047,0.45529,-0.11928,-0.62403,0.44719,-0.51621,-0.55921,0.72328,-0.81117,-0.55158,0.67353,-1.01873,-0.48699
42.66,0.42741,-0.02508,-0.70004,0.50072,0.4141,-0.71918,0.46457,0.63823,-0.70408,0.49122,0.3383,-0.91191,0.54757,0.10394,-0.94558,0.29709,0.09404,-0.86018,0.15042,0.08354,-0.76284,0.44935,0.36215,-0.52517,0.24598,0.272,-0.42644,0.14477,0.43725,-0.60694,0.13557,0.52882,-0.75737,0.40699,-0.10814,-0.77756,0.2321,-0.46942,-0.75087,0.21619,-0.87311,-0.75867,0.02724,-0.99119,-0.74964,0.43598,-0.11599,-0.62943,0.42553,-0.51145,-0.55646,0.70965,-0.79873,-0.55106,0.67035,-1.00765,-0.48373
42.68,0.40716,-0.02125,-0.70523,0.48219,0.4176,-0.72515,0.44747,0.64195,-0.70975,0.47005,0.3419,-0.91776,0.5254,0.1074,-0.95208,0.27622,0.09815,-0.86289,0.1305,0.08734,-0.76415,0.43291,0.36582,-0.53054,0.22751,0.27972,-0.4324,0.13611,0.44936,-0.61406,0.13251,0.54244,-0.7638,0.38614,-0.10394,-0.78297,0.21827,-0.4683,-0.75325,0.2165,-0.87234,-0.75878,0.03058,-0.9951,-0.74927,0.41614,-0.11248,-0.63509,0.40458,-0.50621,-0.55343,0.69715,-0.78493,-0.55117,0.66941,-0.99494,-0.48152
42.7,0.38803,-0.0177,-0.70995,0.46398,0.42096,-0.73056,0.43008,0.64539,-0.71464,0.44921,0.34541,-0.92305,0.50247,0.11059,-0.9585,0.25487,0.10235,-0.86493,0.11043,0.09144,-0.76435,0.41701,0.3692,-0.53538,0.20998,0.28663,-0.43766,0.12813,0.46009,-0.62027,0.13003,0.55433,-0.76931,0.36658,-0.10012,-0.78787,0.20631,-0.4677,-0.75599,0.21714,-0.87163,-0.75921,0.03397,-0.99847,-0.74984,0.39733,-0.10917,-0.64016,0.38209,-0.50101,-0.55043,0.68096,-0.77296,-0.55228,0.66291,-0.98335,-0.4806
42.72,0.37194,-0.01521,-0.71347,0.44663,0.42364,-0.73458,0.41207,0.64788,-0.71739,0.42925,0.34832,-0.92694,0.4774,0.11275,-0.96463,0.23208,0.10649,-0.86507,0.08975,0.09615,-0.76146,0.40261,0.37152,-0.53881,0.19454,0.2916,-0.44107,0.12177,0.46837,-0.62435,0.1294,0.56345,-0.77267,0.35046,-0.09761,-0.7914,0.19848,-0.46866,-0.75914,0.21785,-0.87228,-0.7597,0.03652,-1.00179,-0.75108,0.38135,-0.10671,-0.64373,0.35539,-0.49653,-0.54791,0.65632,-0.76613,-0.55457,0.64293,-0.97615,-0.48081
42.74,0.35698,-0.01306,-0.71648,0.42963,0.42612,-0.738,0.39382,0.65003,-0.71926,0.40965,0.35102,-0.9302,0.45158,0.11468,-0.97043,0.20894,0.11067,-0.86439,0.06909,0.10105,-0.7574,0.38876,0.37351,-0.54168,0.17999,0.29573,-0.44372,0.11587,0.47532,-0.62749,0.129,0.5709,-0.7751,0.33564,-0.09553,-0.79437,0.1924,-0.47008,-0.76244,0.21867,-0.8733,-0.76029,0.03882,-1.00493,-0.75299,0.36641,-0.1045,-0.64666,0.32719,-0.49186,-0.5455,0.62815,-0.76123,-0.55739,0.61731,-0.9707,-0.48166
42.76,0.34152,-0.01078,-0.71964,0.4125,0.42865,-0.74162,0.37569,0.65228,-0.72146,0.38993,0.35374,-0.93361,0.42616,0.11686,-0.97606,0.18625,0.11482,-0.86394,0.04879,0.10574,-0.75386,0.37467,0.37566,-0.54479,0.16516,0.3002,-0.44659,0.1097,0.48215,-0.63085,0.12812,0.57792,-0.77777,0.32025,-0.09329,-0.79751,0.18562,-0.47102,-0.76568,0.21951,-0.87366,-0.76089,0.04137,-1.00766,-0.75487,0.351,-0.10219,-0.64979,0.29995,-0.48668,-0.5431,0.60118,-0.75546,-0.56046,0.59348,-0.9645,-0.48321
42.78,0.32597,-0.00836,-0.72311,0.39522,0.43132,-0.7455,0.35773,0.6547,-0.72387,0.36999,0.35663,-0.93724,0.39991,0.11919,-0.98149,0.16304,0.11924,-0.86307,0.0281,0.11079,-0.74985,0.36055,0.37792,-0.5482,0.15,0.30551,-0.44992,0.10485,0.48963,-0.63484,0.12996,0.58535,-0.7808,0.30475,-0.09088,-0.80098,0.17905,-0.47167,-0.76895,0.22029,-0.87357,-0.76152,0.0438,-1.00979,-0.75648,0.33555,-0.09977,-0.65328,0.27231,-0.48066,-0.54039,0.57507,-0.74717,-0.56461,0.57207,-0.9559,-0.48618
42.8,0.31089,-0.00633,-0.72583,0.37833,0.43361,-0.74871,0.33949,0.65661,-0.72562,0.35061,0.35903,-0.94015,0.3751,0.12139,-0.98661,0.14115,0.12311,-0.86254,0.00868,0.11505,-0.74641,0.34666,0.37988,-0.551,0.13584,0.30911,-0.45211,0.09764,0.49456,-0.63727,0.12646,0.58987,-0.78281,0.2898,-0.08894,-0.80364,0.17262,-0.47248,-0.77214,0.22124,-0.8735,-0.76219,0.04655,-1.01207,-0.75901,0.32045,-0.09766,-0.65589,0.24562,-0.47506,-0.53845,0.54615,-0.7436,-0.56767,0.54399,-0.95195,-0.48823
42.82,0.29681,-0.00529,-0.72664,0.36242,0.43488,-0.75039,0.3203,0.65712,-0.72577,0.33266,0.36018,-0.94147,0.35439,0.12301,-0.9916,0.12261,0.1255,-0.86353,-0.00767,0.11722,-0.74497,0.33333,0.38107,-0.5523,0.1241,0.30823,-0.45155,0.08395,0.49398,-0.63599,0.10828,0.58878,-0.78268,0.27607,-0.08821,-0.80422,0.16596,-0.47402,-0.77518,0.22257,-0.87392,-0.76272,0.05016,-1.01535,-0.76365,0.30601,-0.09635,-0.6563,0.22136,-0.47165,-0.53881,0.51034,-0.75271,-0.5667,0.49905,-0.96024,-0.48587
42.84,0.28315,-0.00466,-0.72671,0.34687,0.43573,-0.75143,0.30088,0.65703,-0.72525,0.31525,0.36081,-0.94213,0.33512,0.1244,-0.99642,0.10524,0.12729,-0.86496,-0.02296,0.11856,-0.74418,0.3202,0.38194,-0.553,0.11338,0.30555,-0.44992,0.06774,0.49122,-0.63316,0.08451,0.58561,-0.78117,0.26284,-0.08795,-0.804,0.15938,-0.47582,-0.778,0.22396,-0.87442,-0.76299,0.05411,-1.0188,-0.76872,0.29188,-0.09537,-0.65586,0.19798,-0.46899,-0.54005,0.47105,-0.76586,-0.56425,0.44692,-0.97168,-0.48189
42.86,0.26931,-0.00387,-0.72709,0.33116,0.43674,-0.7527,0.28176,0.6571,-0.72494,0.29762,0.36163,-0.943,0.31514,0.12593,-1.00109,0.08735,0.12929,-0.86606,-0.03872,0.12018,-0.74309,0.30696,0.38293,-0.55396,0.10233,0.30361,-0.44877,0.05254,0.4893,-0.6309,0.06309,0.58338,-0.77968,0.24937,-0.08749,-0.80413,0.15291,-0.47732,-0.78068,0.22522,-0.87449,-0.76309,0.05801,-1.02168,-0.77312,0.27763,-0.09428,-0.65581,0.17436,-0.46572,-0.54096,0.43235,-0.77597,-0.56252,0.39716,-0.97961,-0.47874
42.88,0.25551,-0.00296,-0.72756,0.31553,0.43783,-0.75436,0.26233,0.65707,-0.72475,0.27993,0.36241,-0.94416,0.29474,0.12749,-1.00602,0.06924,0.13167,-0.86721,-0.05444,0.12224,-0.74187,0.29393,0.38414,-0.55529,0.09132,0.30238,-0.44808,0.03856,0.48811,-0.62934,0.04277,0.58172,-0.77873,0.236,-0.08696,-0.80429,0.1465,-0.4786,-0.78364,0.22644,-0.87415,-0.76289,0.06208,-1.02412,-0.77781,0.26335,-0.09301,-0.65577,0.15022,-0.46203,-0.54245,0.39312,-0.7844,-0.56151,0.34711,-0.98545,-0.47673
42.9,0.24168,-0.0024,-0.72767,0.29981,0.4386,-0.75515,0.24366,0.6569,-0.72408,0.26247,0.36302,-0.94455,0.27531,0.12899,-1.01008,0.05177,0.13316,-0.86816,-0.07001,0.12322,-0.741,0.28052,0.38486,-0.55585,0.08067,0.29939,-0.44637,0.0217,0.48486,-0.62596,0.01896,0.57843,-0.77542,0.2225,-0.08668,-0.80417,0.14014,-0.48,-0.78571,0.2275,-0.87385,-0.76267,0.06601,-1.0265,-0.78131,0.24914,-0.09218,-0.6555,0.12749,-0.45883,-0.54331,0.35239,-0.79417,-0.55908,0.29467,-0.99147,-0.47266
42.92,0.22769,-0.00271,-0.72711,0.28372,0.43862,-0.75376,0.22694,0.65672,-0.72247,0.24545,0.36339,-0.94311,0.25836,0.1304,-1.01225,0.03576,0.13224,-0.86879,-0.08545,0.12136,-0.74117,0.26599,0.38425,-0.55449,0.07081,0.29198,-0.44213,-0.00233,0.47604,-0.61792,-0.01264,0.57014,-0.76671,0.20853,-0.087,-0.80361,0.13372,-0.48184,-0.78566,0.22835,-0.87403,-0.76296,0.06934,-1.02921,-0.78197,0.23507,-0.09248,-0.65492,0.10819,-0.45709,-0.54186,0.30873,-0.80773,-0.5527,0.23766,-0.99888,-0.46247
42.94,0.21363,-0.00338,-0.72621,0.26751,0.43829,-0.75148,0.21088,0.65647,-0.72044,0.22863,0.3636,-0.94092,0.24238,0.13174,-1.01361,0.02036,0.13046,-0.86926,-0.10081,0.11846,-0.7417,0.25103,0.3831,-0.55233,0.06155,0.28298,-0.43699,-0.02862,0.46425,-0.60771,-0.04694,0.55888,-0.75538,0.19441,-0.08757,-0.8028,0.12727,-0.48379,-0.78486,0.22912,-0.87425,-0.76346,0.07249,-1.03191,-0.78171,0.22103,-0.09323,-0.65413,0.09028,-0.45602,-0.53962,0.26322,-0.8212,-0.54389,0.17858,-1.00437,-0.44897
42.96,0.19957,-0.00391,-0.72539,0.25136,0.43808,-0.74954,0.19451,0.65621,-0.71855,0.21174,0.36382,-0.939,0.22592,0.1331,-1.01515,0.00467,0.12912,-0.86967,-0.11624,0.11608,-0.74196,0.23625,0.38218,-0.55048,0.05242,0.27494,-0.43242,-0.05307,0.45271,-0.59796,-0.07928,0.54743,-0.74438,0.18034,-0.08805,-0.80203,0.12084,-0.48551,-0.78437,0.22991,-0.87405,-0.76381,0.07578,-1.03419,-0.78188,0.20693,-0.09381,-0.65336,0.07188,-0.45467,-0.53778,0.21748,-0.8316,-0.53505,0.12035,-1.00605,-0.43576
42.98,0.18567,-0.00435,-0.72484,0.2352,0.43796,-0.74783,0.1781,0.65603,-0.71689,0.19478,0.36414,-0.93729,0.20933,0.13474,-1.01726,-0.01106,0.1278,-0.87058,-0.13172,0.11364,-0.74276,0.22158,0.38133,-0.54887,0.04372,0.2673,-0.42807,-0.07663,0.44047,-0.58826,-0.11003,0.53499,-0.73334,0.16638,-0.08845,-0.80151,0.11455,-0.48698,-0.78394,0.2307,-0.87351,-0.76424,0.07902,-1.03603,-0.78189,0.19302,-0.09428,-0.65285,0.05314,-0.45283,-0.53582,0.17027,-0.83945,-0.52641,0.06149,-1.00396,-0.42233
43,0.17141,-0.00506,-0.72366,0.21902,0.43752,-0.74544,0.16191,0.65561,-0.71469,0.17801,0.36415,-0.93495,0.19311,0.13585,-1.01791,-0.02664,0.12633,-0.87043,-0.14715,0.11117,-0.74258,0.20657,0.38019,-0.5466,0.03507,0.25912,-0.42346,-0.10037,0.42688,-0.57722,-0.14218,0.52092,-0.72042,0.15215,-0.08908,-0.80043,0.10803,-0.48855,-0.78325,0.23141,-0.87289,-0.76453,0.08238,-1.03785,-0.78202,0.17872,-0.09507,-0.65176,0.03547,-0.45201,-0.5339,0.1243,-0.84575,-0.51505,0.00457,-0.99961,-0.40679
43.02,0.15621,-0.00642,-0.72093,0.20276,0.43633,-0.74154,0.14621,0.65463,-0.71126,0.16164,0.36339,-0.93119,0.17761,0.13542,-1.0149,-0.04209,0.12455,-0.86742,-0.16249,0.10878,-0.73955,0.19073,0.37841,-0.54284,0.02603,0.24965,-0.41823,-0.12554,0.41121,-0.56334,-0.17954,0.50367,-0.70345,0.13725,-0.09028,-0.79795,0.10086,-0.49058,-0.78192,0.23197,-0.87239,-0.76421,0.08604,-1.04003,-0.78231,0.16341,-0.09659,-0.64922,0.02055,-0.45406,-0.53248,0.08185,-0.85204,-0.49881,-0.04899,-0.99525,-0.38882
43.04,0.14062,-0.00805,-0.71754,0.18645,0.43483,-0.73695,0.13068,0.65342,-0.70727,0.14546,0.36234,-0.9268,0.16251,0.13442,-1.01043,-0.05739,0.12259,-0.86334,-0.17776,0.10638,-0.73549,0.17451,0.37636,-0.53841,0.01708,0.23981,-0.4127,-0.15037,0.39393,-0.54814,-0.21749,0.4836,-0.68434,0.12207,-0.09171,-0.79487,0.09345,-0.4927,-0.78028,0.23245,-0.87176,-0.76359,0.08983,-1.04213,-0.78261,0.14767,-0.09841,-0.64607,0.00657,-0.45714,-0.53107,0.04031,-0.85682,-0.48199,-0.10138,-0.98923,-0.37192
43.06,0.12517,-0.00958,-0.71439,0.17015,0.43344,-0.73259,0.11501,0.65226,-0.70346,0.12921,0.3614,-0.92263,0.14735,0.13368,-1.00657,-0.07267,0.12069,-0.85975,-0.19301,0.10401,-0.73193,0.15841,0.37439,-0.53421,0.00853,0.23057,-0.4074,-0.17346,0.37607,-0.53325,-0.25252,0.4621,-0.66534,0.107,-0.09306,-0.79201,0.08617,-0.49457,-0.77875,0.23292,-0.87073,-0.76296,0.09363,-1.04373,-0.78286,0.13208,-0.10013,-0.64314,-0.00801,-0.45969,-0.52952,-0.00217,-0.8589,-0.46719,-0.15389,-0.98,-0.35745
43.08,0.1099,-0.01104,-0.71152,0.15385,0.43212,-0.72862,0.09955,0.65123,-0.70005,0.11284,0.36049,-0.91879,0.13173,0.13292,-1.00297,-0.08826,0.11876,-0.85623,-0.20844,0.10141,-0.72834,0.14248,0.37253,-0.53038,0.00037,0.22202,-0.40238,-0.19618,0.35695,-0.51769,-0.28766,0.43778,-0.64495,0.09205,-0.09435,-0.7894,0.079,-0.49621,-0.77696,0.23339,-0.86934,-0.76199,0.09737,-1.04488,-0.78231,0.11672,-0.10175,-0.64047,-0.02168,-0.46248,-0.52848,-0.04702,-0.8587,-0.45331,-0.20887,-0.96694,-0.3446
43.1,0.09415,-0.01269,-0.70788,0.13751,0.43058,-0.7237,0.08365,0.64987,-0.6957,0.09674,0.35942,-0.9141,0.1171,0.13205,-0.99846,-0.1032,0.11686,-0.85227,-0.22352,0.09928,-0.72455,0.12609,0.37042,-0.52564,-0.00777,0.2131,-0.39693,-0.21595,0.33794,-0.50279,-0.31755,0.41366,-0.62544,0.07676,-0.09579,-0.78609,0.07157,-0.49788,-0.77541,0.23372,-0.86773,-0.7612,0.10129,-1.04583,-0.78294,0.10077,-0.10361,-0.63707,-0.03699,-0.46497,-0.52635,-0.08769,-0.85678,-0.44148,-0.25766,-0.95417,-0.33493
43.12,0.07733,-0.01487,-0.70247,0.12117,0.42841,-0.71647,0.06649,0.64757,-0.68903,0.08148,0.35796,-0.90736,0.10528,0.13105,-0.99206,-0.11608,0.1151,-0.84758,-0.23748,0.09853,-0.72075,0.10849,0.36757,-0.51869,-0.01608,0.20267,-0.39014,-0.23042,0.32143,-0.49058,-0.33711,0.39463,-0.61039,0.06075,-0.09764,-0.78119,0.06368,-0.49985,-0.7748,0.23399,-0.86603,-0.76089,0.10599,-1.04676,-0.78692,0.08344,-0.10609,-0.632,-0.05709,-0.46635,-0.52117,-0.11727,-0.85575,-0.43155,-0.29163,-0.94859,-0.32808
43.14,0.06001,-0.01721,-0.69628,0.10474,0.42604,-0.70828,0.04885,0.64496,-0.68141,0.06644,0.35638,-0.89974,0.09436,0.13001,-0.98467,-0.12837,0.11342,-0.84237,-0.25119,0.09827,-0.71674,0.0904,0.36448,-0.51083,-0.02429,0.19219,-0.38279,-0.24291,0.30624,-0.47939,-0.35301,0.37776,-0.59712,0.04438,-0.09963,-0.77557,0.0556,-0.50174,-0.77426,0.23416,-0.86397,-0.76042,0.11102,-1.04725,-0.79164,0.0655,-0.10876,-0.62619,-0.07885,-0.46738,-0.51497,-0.14236,-0.85555,-0.42236,-0.3197,-0.94646,-0.3223
43.16,0.04282,-0.01944,-0.69032,0.08827,0.42379,-0.70042,0.03138,0.64252,-0.67413,0.05118,0.35486,-0.89239,0.08284,0.12903,-0.97743,-0.14112,0.11173,-0.83716,-0.26521,0.09775,-0.71264,0.0725,0.36154,-0.5033,-0.03215,0.18271,-0.37563,-0.25559,0.29085,-0.46788,-0.36974,0.35976,-0.5833,0.02809,-0.10152,-0.77013,0.04768,-0.5033,-0.77329,0.23429,-0.86145,-0.75947,0.11602,-1.04708,-0.79523,0.04776,-0.1113,-0.62059,-0.09982,-0.4686,-0.50933,-0.16916,-0.85499,-0.41356,-0.34985,-0.94306,-0.317
43.18,0.02602,-0.02184,-0.68484,0.07186,0.42139,-0.69288,0.01384,0.6399,-0.66724,0.0362,0.35323,-0.8854,0.07197,0.12818,-0.97086,-0.1532,0.11012,-0.83264,-0.2787,0.09745,-0.70939,0.05451,0.3584,-0.49613,-0.03941,0.17377,-0.36837,-0.26756,0.27549,-0.45631,-0.38579,0.34129,-0.56941,0.01221,-0.10354,-0.7652,0.04027,-0.50476,-0.77263,0.23479,-0.85863,-0.75774,0.12166,-1.04644,-0.79848,0.03042,-0.11404,-0.61553,-0.12075,-0.46962,-0.50357,-0.19776,-0.85354,-0.40378,-0.38211,-0.93773,-0.31074
43.2,0.0083,-0.0239,-0.67819,0.0552,0.41925,-0.68446,-0.00378,0.63757,-0.65936,0.02058,0.35181,-0.87742,0.05988,0.1272,-0.96249,-0.16658,0.10845,-0.82648,-0.29331,0.09687,-0.70441,0.0365,0.35564,-0.48803,-0.04716,0.16567,-0.36098,-0.27923,0.26138,-0.44531,-0.40079,0.32431,-0.55649,-0.00458,-0.10531,-0.759,0.03198,-0.50574,-0.77076,0.23444,-0.85515,-0.75629,0.1264,-1.04503,-0.80103,0.01213,-0.11636,-0.60919,-0.14203,-0.47088,-0.49796,-0.22161,-0.8539,-0.39675,-0.40829,-0.93701,-0.30747
43.22,-0.01193,-0.02512,-0.66861,0.03794,0.41771,-0.67385,-0.02155,0.63592,-0.64894,0.00314,0.35094,-0.867,0.04424,0.12572,-0.94957,-0.1837,0.10639,-0.81615,-0.31111,0.09532,-0.69474,0.01853,0.35381,-0.47759,-0.05654,0.15832,-0.35356,-0.29132,0.24949,-0.4354,-0.4148,0.3107,-0.54541,-0.02395,-0.10647,-0.74961,0.02152,-0.50583,-0.76602,0.23225,-0.85049,-0.75676,0.12856,-1.04247,-0.8028,-0.00879,-0.11763,-0.59965,-0.16433,-0.47301,-0.49318,-0.23345,-0.85921,-0.39647,-0.41939,-0.94832,-0.31155
43.24,-0.03306,-0.02596,-0.65788,0.02047,0.41646,-0.66231,-0.03933,0.63458,-0.63744,-0.01491,0.35032,-0.85558,0.02739,0.12417,-0.93494,-0.20208,0.10424,-0.80425,-0.32999,0.09341,-0.68333,0.00058,0.35235,-0.46617,-0.0663,0.15144,-0.34619,-0.30334,0.23869,-0.42578,-0.42828,0.29871,-0.5348,-0.04424,-0.10735,-0.73896,0.01009,-0.50538,-0.76004,0.22922,-0.84488,-0.75756,0.12981,-1.03905,-0.80388,-0.03064,-0.11844,-0.58884,-0.18678,-0.47534,-0.48854,-0.24009,-0.86553,-0.39802,-0.42373,-0.9631,-0.31749
43.26,-0.05373,-0.02686,-0.64763,0.00311,0.41515,-0.6511,-0.05704,0.63318,-0.62629,-0.03268,0.34969,-0.84453,0.01113,0.12284,-0.92103,-0.21979,0.10218,-0.79304,-0.34829,0.09162,-0.67273,-0.01737,0.35078,-0.4551,-0.07546,0.14499,-0.33889,-0.31494,0.22781,-0.41583,-0.4417,0.28627,-0.52359,-0.06406,-0.10826,-0.72881,-0.00104,-0.50475,-0.75423,0.22641,-0.83873,-0.75751,0.13159,-1.03504,-0.80441,-0.052,-0.11933,-0.57856,-0.20874,-0.47746,-0.48372,-0.24843,-0.87032,-0.39787,-0.42998,-0.97488,-0.32149
43.28,-0.07462,-0.02823,-0.63753,-0.01439,0.41334,-0.63978,-0.07521,0.63119,-0.61502,-0.05051,0.34867,-0.83341,-0.00523,0.12115,-0.90699,-0.23762,0.09971,-0.78184,-0.36676,0.08958,-0.66217,-0.03552,0.34861,-0.44397,-0.08437,0.13846,-0.33136,-0.32615,0.21675,-0.40583,-0.45457,0.27358,-0.5125,-0.08407,-0.10958,-0.71887,-0.011,-0.50405,-0.74853,0.22445,-0.83232,-0.75758,0.13393,-1.03048,-0.80517,-0.07368,-0.12074,-0.5685,-0.23164,-0.47984,-0.47951,-0.25684,-0.87469,-0.39743,-0.43595,-0.98666,-0.32594
43.3,-0.09526,-0.02854,-0.62687,-0.03172,0.41257,-0.62831,-0.0925,0.63043,-0.60349,-0.06836,0.34853,-0.82205,-0.0217,0.12038,-0.89275,-0.25543,0.09801,-0.77026,-0.38509,0.08784,-0.65117,-0.05331,0.34763,-0.43261,-0.09317,0.13331,-0.32441,-0.33738,0.20695,-0.39564,-0.46786,0.26211,-0.50067,-0.1039,-0.10999,-0.7082,-0.02352,-0.50272,-0.74175,0.22032,-0.82461,-0.75649,0.13502,-1.02507,-0.80411,-0.0949,-0.12097,-0.55773,-0.25225,-0.48163,-0.47415,-0.26305,-0.87804,-0.3965,-0.43915,-0.99661,-0.32828
43.32,-0.11512,-0.02589,-0.61487,-0.04862,0.41478,-0.61674,-0.10737,0.63315,-0.59157,-0.08624,0.35089,-0.81034,-0.03813,0.12219,-0.87825,-0.27287,0.09845,-0.75796,-0.40285,0.08685,-0.63935,-0.07008,0.3501,-0.42095,-0.10174,0.13125,-0.3193,-0.34899,0.19971,-0.38496,-0.48272,0.253,-0.48681,-0.12312,-0.10788,-0.69573,-0.04255,-0.50026,-0.73268,0.21075,-0.81441,-0.75353,0.1332,-1.01828,-0.79991,-0.11471,-0.11789,-0.54515,-0.26686,-0.4816,-0.46528,-0.26506,-0.87963,-0.3956,-0.4377,-1.00252,-0.32617
43.34,-0.13467,-0.02223,-0.60237,-0.06533,0.418,-0.60511,-0.12134,0.63704,-0.57951,-0.10408,0.35408,-0.79848,-0.0546,0.12489,-0.8637,-0.29019,0.09968,-0.7454,-0.42036,0.08618,-0.62719,-0.08648,0.35373,-0.40914,-0.11019,0.13059,-0.31491,-0.36053,0.19346,-0.37417,-0.49789,0.24459,-0.47222,-0.1421,-0.10489,-0.68259,-0.06421,-0.49749,-0.72284,0.19863,-0.80317,-0.75041,0.12988,-1.01043,-0.79564,-0.134,-0.11367,-0.53192,-0.2791,-0.48094,-0.45523,-0.26521,-0.8803,-0.39522,-0.43402,-1.00688,-0.32305
43.36,-0.15428,-0.01912,-0.59014,-0.08208,0.42065,-0.59347,-0.13573,0.64024,-0.56751,-0.12182,0.35681,-0.78667,-0.07103,0.12718,-0.84928,-0.30749,0.10056,-0.73303,-0.43784,0.08541,-0.61523,-0.10308,0.35669,-0.39739,-0.1185,0.12996,-0.31027,-0.37161,0.18689,-0.36341,-0.5124,0.23556,-0.4578,-0.16112,-0.10237,-0.6698,-0.08489,-0.49493,-0.71346,0.18696,-0.79191,-0.74792,0.12682,-1.00189,-0.79281,-0.15349,-0.11006,-0.51905,-0.29212,-0.48051,-0.44577,-0.266,-0.88054,-0.39502,-0.43089,-1.01115,-0.321
43.38,-0.17427,-0.01559,-0.57765,-0.09909,0.42367,-0.58158,-0.15017,0.64381,-0.55512,-0.13993,0.35996,-0.77459,-0.08724,0.12995,-0.83416,-0.32467,0.10122,-0.72043,-0.4553,0.08392,-0.60324,-0.11984,0.36,-0.38537,-0.12621,0.12991,-0.30635,-0.38212,0.18006,-0.3525,-0.52647,0.22589,-0.44283,-0.18044,-0.09947,-0.65671,-0.10459,-0.49172,-0.70362,0.17597,-0.77938,-0.74632,0.12488,-0.99183,-0.79084,-0.17325,-0.10599,-0.50588,-0.30535,-0.47942,-0.4357,-0.26678,-0.8796,-0.39508,-0.42728,-1.01426,-0.3187
43.4,-0.19338,-0.0127,-0.56563,-0.11558,0.4261,-0.57013,-0.16433,0.64674,-0.54342,-0.15721,0.36246,-0.76299,-0.10378,0.1321,-0.82051,-0.34185,0.10244,-0.70836,-0.47251,0.08382,-0.5914,-0.13628,0.36274,-0.37382,-0.13476,0.13036,-0.30149,-0.39279,0.17417,-0.34189,-0.54034,0.21691,-0.42851,-0.19907,-0.09713,-0.64414,-0.12688,-0.48964,-0.6946,0.16186,-0.76799,-0.74394,0.11949,-0.9821,-0.78964,-0.19229,-0.10261,-0.49325,-0.31714,-0.47914,-0.42648,-0.26713,-0.87891,-0.39541,-0.42352,-1.01741,-0.31738
43.42,-0.21025,-0.01186,-0.55491,-0.13069,0.42662,-0.55995,-0.17789,0.64765,-0.53369,-0.17236,0.36287,-0.75277,-0.12143,0.13209,-0.8109,-0.35928,0.10514,-0.69763,-0.48931,0.08782,-0.57976,-0.15188,0.36362,-0.36358,-0.14574,0.13063,-0.29354,-0.40472,0.17035,-0.33201,-0.55455,0.21005,-0.41611,-0.21589,-0.09666,-0.63302,-0.15575,-0.49057,-0.6881,0.14127,-0.75997,-0.73799,0.10679,-0.97455,-0.78795,-0.20964,-0.10141,-0.48209,-0.32591,-0.48146,-0.41991,-0.26653,-0.88042,-0.39561,-0.42018,-1.02229,-0.3182
43.44,-0.22622,-0.0117,-0.54471,-0.14527,0.42652,-0.5503,-0.19119,0.6479,-0.52474,-0.1867,0.36257,-0.74311,-0.13944,0.13142,-0.80281,-0.37671,0.1084,-0.68746,-0.50584,0.09324,-0.56833,-0.1671,0.36392,-0.35387,-0.15768,0.13084,-0.28447,-0.41721,0.16743,-0.32243,-0.5689,0.20423,-0.40448,-0.23202,-0.09679,-0.62249,-0.18716,-0.49203,-0.68245,0.11768,-0.75308,-0.72948,0.09061,-0.96757,-0.78415,-0.22622,-0.10095,-0.47151,-0.33322,-0.48447,-0.41419,-0.26522,-0.88236,-0.39556,-0.41654,-1.02735,-0.31934
43.46,-0.24254,-0.0112,-0.53438,-0.16007,0.42673,-0.5405,-0.20462,0.64846,-0.51553,-0.20139,0.36263,-0.73328,-0.15726,0.13114,-0.79409,-0.39405,0.11139,-0.67716,-0.52241,0.0979,-0.55699,-0.18246,0.36451,-0.34401,-0.16926,0.13122,-0.27593,-0.42942,0.16428,-0.31276,-0.58299,0.19812,-0.39257,-0.24845,-0.09661,-0.6118,-0.21741,-0.49244,-0.6764,0.09471,-0.74525,-0.72061,0.07508,-0.95954,-0.77909,-0.24305,-0.10014,-0.4608,-0.34084,-0.48675,-0.408,-0.26389,-0.88324,-0.39541,-0.41249,-1.03138,-0.31991
43.48,-0.25911,-0.01078,-0.5236,-0.17496,0.42682,-0.53035,-0.21796,0.64892,-0.50594,-0.21619,0.36254,-0.72309,-0.1752,0.1308,-0.78515,-0.41137,0.11451,-0.66644,-0.53874,0.10283,-0.54504,-0.19793,0.36503,-0.3338,-0.1804,0.1316,-0.26722,-0.44122,0.16069,-0.30266,-0.59681,0.19129,-0.37983,-0.26496,-0.09657,-0.6006,-0.24768,-0.49231,-0.6707,0.07309,-0.73486,-0.71027,0.06277,-0.94872,-0.77258,-0.2603,-0.09933,-0.44956,-0.3486,-0.48883,-0.40151,-0.26242,-0.88357,-0.39519,-0.40818,-1.03488,-0.32046
43.5,-0.27495,-0.01039,-0.51389,-0.18957,0.42696,-0.52107,-0.23146,0.64935,-0.49733,-0.2306,0.36253,-0.7138,-0.19297,0.13056,-0.77707,-0.42856,0.11747,-0.65681,-0.55523,0.10741,-0.53454,-0.2131,0.36551,-0.32448,-0.19265,0.13212,-0.25856,-0.45385,0.15833,-0.29346,-0.61083,0.18624,-0.3688,-0.28116,-0.09639,-0.59063,-0.27833,-0.4918,-0.66456,0.04723,-0.72863,-0.69926,0.04246,-0.94197,-0.76398,-0.27648,-0.0987,-0.43958,-0.35535,-0.49071,-0.39564,-0.26063,-0.88354,-0.39469,-0.40356,-1.0378,-0.32052
43.52,-0.28907,-0.00986,-0.50698,-0.20354,0.42747,-0.51396,-0.24546,0.64994,-0.49114,-0.24405,0.36303,-0.7068,-0.21032,0.1307,-0.77096,-0.44568,0.12003,-0.65003,-0.57258,0.11094,-0.52792,-0.22763,0.36604,-0.31743,-0.20785,0.13297,-0.25021,-0.46887,0.15894,-0.28669,-0.62585,0.18563,-0.36246,-0.29678,-0.0956,-0.58388,-0.30975,-0.49105,-0.65648,0.01151,-0.73393,-0.6894,0.00204,-0.94714,-0.75403,-0.28998,-0.09839,-0.43292,-0.36019,-0.49235,-0.39184,-0.25877,-0.88349,-0.39437,-0.39909,-1.04026,-0.32049
43.54,-0.30249,-0.00936,-0.50115,-0.21722,0.42802,-0.50772,-0.25958,0.65051,-0.4859,-0.25711,0.36364,-0.7007,-0.22745,0.13099,-0.7657,-0.4627,0.12246,-0.64439,-0.59017,0.11417,-0.52281,-0.24185,0.36651,-0.31128,-0.22418,0.13387,-0.242,-0.48475,0.16071,-0.28088,-0.64123,0.1868,-0.35789,-0.31212,-0.09466,-0.57832,-0.34149,-0.4899,-0.6472,-0.02828,-0.74317,-0.67942,-0.0464,-0.95618,-0.74287,-0.30244,-0.09827,-0.42753,-0.36434,-0.49388,-0.38911,-0.25704,-0.88342,-0.3946,-0.3949,-1.04252,-0.32104
43.56,-0.31622,-0.00888,-0.49487,-0.23103,0.42852,-0.50113,-0.27361,0.65106,-0.48026,-0.27039,0.36416,-0.69423,-0.24458,0.1313,-0.76012,-0.47966,0.12497,-0.63833,-0.60757,0.11758,-0.51716,-0.25617,0.36697,-0.30477,-0.23999,0.13473,-0.23382,-0.50022,0.16202,-0.27469,-0.65642,0.18734,-0.35253,-0.32757,-0.09382,-0.5722,-0.37295,-0.48812,-0.63766,-0.06661,-0.74982,-0.66856,-0.09176,-0.96244,-0.7309,-0.31538,-0.09808,-0.42162,-0.3689,-0.49521,-0.38631,-0.25556,-0.88297,-0.39531,-0.39089,-1.04441,-0.32218
43.58,-0.32995,-0.00826,-0.48847,-0.24461,0.42912,-0.49425,-0.2874,0.65171,-0.47443,-0.28323,0.36483,-0.68753,-0.26194,0.13182,-0.75448,-0.49681,0.12793,-0.63219,-0.62512,0.12143,-0.5114,-0.27055,0.36751,-0.29801,-0.25591,0.13572,-0.22527,-0.51576,0.16316,-0.26833,-0.6717,0.1874,-0.34704,-0.34308,-0.0928,-0.56596,-0.40443,-0.48556,-0.62754,-0.10388,-0.75415,-0.65622,-0.13512,-0.96633,-0.71728,-0.32839,-0.09778,-0.41562,-0.37368,-0.49624,-0.38401,-0.25438,-0.8821,-0.3968,-0.38728,-1.04593,-0.32449
43.6,-0.34353,-0.00794,-0.48255,-0.2585,0.4295,-0.48813,-0.30158,0.65211,-0.46913,-0.2968,0.36523,-0.68147,-0.27869,0.13215,-0.74914,-0.51344,0.13007,-0.62658,-0.64232,0.12446,-0.50635,-0.28467,0.36783,-0.29193,-0.27187,0.13646,-0.21753,-0.53129,0.16493,-0.26252,-0.68681,0.18889,-0.34213,-0.35843,-0.0921,-0.56013,-0.43541,-0.48287,-0.61665,-0.14429,-0.7617,-0.64467,-0.18434,-0.97297,-0.70373,-0.34106,-0.09776,-0.4101,-0.37819,-0.49731,-0.38177,-0.25336,-0.88128,-0.39831,-0.38372,-1.04728,-0.32637
43.62,-0.35677,-0.00839,-0.4777,-0.27332,0.42935,-0.48381,-0.31683,0.65189,-0.46502,-0.31248,0.36491,-0.67692,-0.29377,0.13179,-0.74429,-0.52868,0.12996,-0.62202,-0.65856,0.12534,-0.50283,-0.29816,0.36761,-0.28746,-0.2877,0.13651,-0.21188,-0.54654,0.16832,-0.25798,-0.7013,0.19397,-0.33853,-0.37328,-0.09229,-0.55523,-0.46522,-0.48079,-0.60465,-0.1932,-0.77798,-0.63576,-0.24856,-0.98671,-0.69137,-0.35298,-0.09844,-0.40559,-0.38186,-0.4988,-0.37906,-0.25219,-0.88098,-0.39905,-0.3797,-1.04871,-0.32601
43.64,-0.3699,-0.00916,-0.47329,-0.28849,0.42895,-0.48015,-0.33253,0.65139,-0.46131,-0.32895,0.3643,-0.67292,-0.30828,0.13116,-0.73964,-0.54344,0.12892,-0.61788,-0.67447,0.12518,-0.49992,-0.31144,0.36714,-0.2836,-0.3035,0.13628,-0.20696,-0.56164,0.17223,-0.25387,-0.71548,0.20024,-0.3354,-0.38799,-0.09285,-0.5507,-0.4943,-0.47862,-0.59187,-0.24644,-0.7959,-0.62634,-0.31931,-1.00039,-0.67733,-0.36461,-0.09942,-0.40153,-0.38523,-0.50037,-0.37643,-0.25104,-0.88081,-0.3998,-0.37555,-1.05008,-0.32516
43.66,-0.38313,-0.00981,-0.46868,-0.30353,0.42863,-0.47612,-0.34807,0.65096,-0.4573,-0.3451,0.36381,-0.6686,-0.32307,0.13067,-0.73488,-0.55844,0.12821,-0.61351,-0.69051,0.12525,-0.4967,-0.32483,0.36673,-0.27941,-0.31924,0.13617,-0.20167,-0.57669,0.17574,-0.24948,-0.72967,0.20572,-0.33193,-0.40282,-0.09327,-0.54595,-0.52313,-0.47573,-0.57866,-0.29893,-0.80999,-0.61455,-0.38762,-1.00936,-0.66052,-0.37642,-0.10027,-0.3973,-0.38884,-0.50169,-0.37423,-0.25014,-0.88026,-0.40124,-0.37169,-1.05113,-0.32539
43.68,-0.39611,-0.01032,-0.46412,-0.31841,0.42845,-0.47191,-0.36339,0.6507,-0.45311,-0.36098,0.36353,-0.66414,-0.3376,0.13042,-0.73006,-0.57327,0.12795,-0.60928,-0.70657,0.12598,-0.49385,-0.33815,0.36639,-0.27509,-0.33519,0.13621,-0.19611,-0.59175,0.17981,-0.24515,-0.74366,0.21189,-0.32878,-0.4174,-0.09351,-0.54126,-0.55154,-0.47205,-0.56429,-0.3524,-0.82185,-0.59996,-0.45644,-1.01496,-0.64008,-0.38804,-0.10102,-0.39319,-0.39257,-0.50274,-0.37257,-0.24956,-0.8794,-0.40359,-0.36818,-1.05186,-0.32667
43.7,-0.40962,-0.01121,-0.45954,-0.3337,0.42786,-0.468,-0.37924,0.64999,-0.44907,-0.3776,0.36275,-0.65987,-0.35253,0.12969,-0.72533,-0.58833,0.12653,-0.60481,-0.72251,0.12491,-0.4904,-0.35157,0.36574,-0.27102,-0.35065,0.13587,-0.19108,-0.60655,0.18273,-0.24063,-0.75769,0.21668,-0.3249,-0.43249,-0.09423,-0.53641,-0.57931,-0.46849,-0.55043,-0.40624,-0.83197,-0.58523,-0.52508,-1.01758,-0.61921,-0.40007,-0.10207,-0.389,-0.39631,-0.50391,-0.37077,-0.24897,-0.87857,-0.40554,-0.36453,-1.05256,-0.32745
43.72,-0.42453,-0.01309,-0.45481,-0.35003,0.42619,-0.46494,-0.39647,0.64809,-0.44554,-0.39602,0.36061,-0.65616,-0.36868,0.12758,-0.72083,-0.6041,0.12202,-0.59967,-0.73825,0.11914,-0.48524,-0.36536,0.36437,-0.26765,-0.36495,0.13457,-0.18751,-0.62093,0.18241,-0.23562,-0.77231,0.21755,-0.31898,-0.44893,-0.09622,-0.53108,-0.6065,-0.46626,-0.53923,-0.46031,-0.84139,-0.57371,-0.59344,-1.01802,-0.6021,-0.41312,-0.10388,-0.38444,-0.39996,-0.5056,-0.36821,-0.24789,-0.87807,-0.40598,-0.36013,-1.05358,-0.32644
43.74,-0.44001,-0.01536,-0.45005,-0.36684,0.42409,-0.46218,-0.41428,0.64572,-0.44214,-0.41524,0.35795,-0.65261,-0.38531,0.12501,-0.71645,-0.62012,0.11635,-0.59429,-0.75382,0.11159,-0.4794,-0.37933,0.36268,-0.26457,-0.37882,0.13285,-0.18452,-0.63516,0.18089,-0.23045,-0.78712,0.21699,-0.31234,-0.46589,-0.09871,-0.5256,-0.6333,-0.46447,-0.52867,-0.51444,-0.84921,-0.56239,-0.66098,-1.01576,-0.58502,-0.42661,-0.10599,-0.37983,-0.40364,-0.50735,-0.36567,-0.24676,-0.87751,-0.40632,-0.35552,-1.05451,-0.32528
43.76,-0.45529,-0.01747,-0.44531,-0.38352,0.42216,-0.4592,-0.43189,0.64353,-0.43855,-0.43418,0.35553,-0.64886,-0.40178,0.12274,-0.71205,-0.636,0.11123,-0.589,-0.76936,0.10482,-0.47379,-0.39329,0.36109,-0.26132,-0.39288,0.13127,-0.18125,-0.64945,0.17986,-0.22533,-0.80179,0.21701,-0.30601,-0.48266,-0.10097,-0.52016,-0.6598,-0.46213,-0.51709,-0.56827,-0.85446,-0.54846,-0.72701,-1.01023,-0.56474,-0.43998,-0.10799,-0.37534,-0.40749,-0.50878,-0.36379,-0.24598,-0.87657,-0.40773,-0.35129,-1.05505,-0.32538
43.78,-0.47032,-0.01949,-0.44053,-0.40017,0.42034,-0.45614,-0.44956,0.64142,-0.43478,-0.45301,0.35319,-0.64502,-0.41798,0.1206,-0.70753,-0.65168,0.10603,-0.5838,-0.78488,0.09784,-0.46853,-0.40723,0.35962,-0.25804,-0.40724,0.12983,-0.17786,-0.66399,0.179,-0.22022,-0.81671,0.21726,-0.29965,-0.49911,-0.1032,-0.51461,-0.68604,-0.45927,-0.50531,-0.62466,-0.85775,-0.53238,-0.79553,-1.00069,-0.54226,-0.45306,-0.10985,-0.37081,-0.41136,-0.50987,-0.3625,-0.24541,-0.87521,-0.4102,-0.34731,-1.05518,-0.32682
43.8,-0.48601,-0.02179,-0.43584,-0.4171,0.41818,-0.45314,-0.46733,0.639,-0.43112,-0.47233,0.35057,-0.64118,-0.43489,0.11826,-0.70332,-0.66773,0.10076,-0.57837,-0.80021,0.09078,-0.46241,-0.42135,0.35778,-0.25486,-0.42096,0.12795,-0.17481,-0.678,0.17741,-0.215,-0.83118,0.21658,-0.29312,-0.51629,-0.10562,-0.50919,-0.71169,-0.45687,-0.49296,-0.67508,-0.85863,-0.516,-0.85496,-0.99039,-0.51882,-0.46685,-0.11207,-0.36651,-0.41559,-0.51103,-0.36137,-0.24518,-0.87382,-0.41257,-0.34349,-1.05524,-0.32801
43.82,-0.50322,-0.02485,-0.43132,-0.43458,0.41509,-0.45032,-0.48518,0.63579,-0.42789,-0.49266,0.34721,-0.63739,-0.45338,0.1153,-0.6999,-0.68464,0.09548,-0.57239,-0.81499,0.08392,-0.45418,-0.43581,0.35498,-0.25191,-0.43297,0.12492,-0.17259,-0.69052,0.1742,-0.20964,-0.8442,0.21389,-0.28648,-0.53523,-0.10854,-0.50409,-0.73658,-0.45591,-0.47926,-0.71009,-0.85851,-0.50159,-0.89323,-0.9856,-0.49563,-0.48235,-0.11526,-0.36266,-0.42033,-0.51271,-0.36002,-0.24523,-0.87292,-0.41364,-0.33952,-1.0556,-0.32725
43.84,-0.52109,-0.02816,-0.42689,-0.45234,0.41168,-0.44764,-0.50313,0.63231,-0.42491,-0.51349,0.34359,-0.63365,-0.47265,0.11213,-0.69681,-0.70197,0.09019,-0.56619,-0.82958,0.07714,-0.44518,-0.45044,0.35187,-0.24915,-0.44436,0.12151,-0.17085,-0.70249,0.17034,-0.20428,-0.85675,0.21039,-0.27976,-0.55491,-0.11163,-0.49908,-0.76076,-0.45557,-0.46512,-0.73884,-0.85841,-0.48818,-0.92286,-0.98343,-0.47297,-0.49858,-0.11877,-0.35901,-0.42548,-0.51434,-0.3589,-0.24556,-0.87184,-0.41464,-0.33565,-1.05575,-0.32639
43.86,-0.53875,-0.03131,-0.42246,-0.47007,0.40846,-0.44495,-0.52111,0.62899,-0.42186,-0.5342,0.34013,-0.62987,-0.49177,0.10912,-0.69363,-0.71919,0.08498,-0.56012,-0.84423,0.07041,-0.43663,-0.46505,0.34893,-0.24642,-0.45611,0.11834,-0.16911,-0.71474,0.16678,-0.19904,-0.86958,0.20725,-0.27309,-0.57434,-0.11461,-0.49401,-0.7845,-0.4549,-0.45091,-0.76936,-0.85806,-0.47363,-0.95456,-0.97989,-0.44942,-0.51461,-0.12208,-0.35537,-0.43082,-0.51552,-0.35843,-0.24619,-0.8702,-0.41672,-0.33215,-1.05536,-0.32697
43.88,-0.55608,-0.03466,-0.41788,-0.48775,0.40507,-0.44211,-0.53918,0.62546,-0.4186,-0.5547,0.33645,-0.62593,-0.51033,0.10601,-0.69043,-0.73594,0.07956,-0.5543,-0.85832,0.06334,-0.42837,-0.47971,0.34586,-0.24359,-0.46798,0.11502,-0.16738,-0.72699,0.16332,-0.19403,-0.88222,0.20449,-0.26689,-0.5934,-0.11777,-0.48876,-0.80853,-0.45352,-0.43574,-0.8017,-0.85696,-0.45758,-0.98802,-0.9747,-0.42363,-0.53032,-0.12561,-0.35164,-0.43582,-0.51656,-0.35854,-0.24685,-0.86844,-0.4198,-0.32874,-1.05471,-0.32855
43.9,-0.57423,-0.03764,-0.41362,-0.50572,0.40196,-0.43963,-0.55723,0.6223,-0.41583,-0.57583,0.33316,-0.6222,-0.53035,0.10314,-0.6874,-0.75372,0.07463,-0.54803,-0.87329,0.05712,-0.4196,-0.49443,0.34302,-0.24119,-0.47961,0.11199,-0.16612,-0.73914,0.15957,-0.18883,-0.89513,0.20093,-0.25992,-0.61333,-0.12056,-0.48375,-0.83055,-0.45342,-0.42176,-0.82764,-0.85691,-0.44347,-1.01336,-0.97286,-0.40116,-0.54691,-0.12876,-0.34824,-0.44235,-0.51706,-0.35886,-0.24848,-0.86577,-0.42285,-0.32615,-1.05342,-0.33075
43.92,-0.59464,-0.03979,-0.41022,-0.52442,0.39942,-0.43818,-0.57516,0.61996,-0.41447,-0.59863,0.33078,-0.61918,-0.55412,0.10066,-0.68471,-0.77425,0.07066,-0.54058,-0.89089,0.05283,-0.40952,-0.50936,0.34065,-0.23994,-0.49081,0.10956,-0.16589,-0.75116,0.1549,-0.1831,-0.90892,0.19503,-0.25091,-0.63567,-0.12256,-0.47943,-0.84847,-0.45714,-0.41165,-0.8386,-0.86037,-0.43605,-1.02057,-0.98052,-0.38938,-0.56584,-0.13103,-0.34565,-0.45182,-0.51656,-0.3593,-0.25169,-0.86143,-0.42489,-0.32506,-1.05107,-0.33333
43.94,-0.61581,-0.04151,-0.40714,-0.54341,0.3972,-0.43721,-0.59308,0.61801,-0.41378,-0.62203,0.32884,-0.61644,-0.5793,0.09842,-0.68211,-0.79568,0.06722,-0.53266,-0.90927,0.04945,-0.39894,-0.52435,0.33857,-0.23928,-0.5018,0.10747,-0.16636,-0.76296,0.14999,-0.17742,-0.92278,0.18834,-0.24133,-0.65878,-0.12414,-0.47533,-0.86463,-0.46217,-0.40334,-0.84379,-0.8647,-0.43206,-1.02069,-0.99121,-0.38277,-0.58558,-0.13286,-0.34339,-0.46285,-0.5156,-0.35982,-0.25594,-0.85614,-0.42699,-0.32481,-1.04804,-0.33668
43.96,-0.63655,-0.04328,-0.40391,-0.56233,0.39498,-0.43617,-0.61114,0.616,-0.41297,-0.64516,0.32681,-0.61358,-0.60388,0.09618,-0.6794,-0.81654,0.06372,-0.52496,-0.92702,0.04585,-0.38867,-0.53937,0.3365,-0.23861,-0.51296,0.1054,-0.16701,-0.77471,0.14533,-0.17214,-0.93633,0.18213,-0.23233,-0.68141,-0.12576,-0.47106,-0.88115,-0.46647,-0.39467,-0.85153,-0.86813,-0.42755,-1.02376,-0.99977,-0.37526,-0.60492,-0.13475,-0.34101,-0.47391,-0.51459,-0.36065,-0.26052,-0.85063,-0.43009,-0.32479,-1.04475,-0.34112
43.98,-0.65773,-0.04568,-0.40072,-0.58149,0.39205,-0.43537,-0.62939,0.6133,-0.41251,-0.66848,0.3241,-0.61085,-0.62843,0.09328,-0.67681,-0.83735,0.05934,-0.51765,-0.94472,0.04132,-0.37892,-0.5547,0.33377,-0.23822,-0.52457,0.10276,-0.16781,-0.78674,0.14015,-0.16719,-0.95001,0.1754,-0.22376,-0.70452,-0.12802,-0.46671,-0.89841,-0.47105,-0.38572,-0.8598,-0.87147,-0.42389,-1.0268,-1.0086,-0.36881,-0.62465,-0.13726,-0.33873,-0.48335,-0.51311,-0.36315,-0.26436,-0.84515,-0.4344,-0.32495,-1.04109,-0.34686
44,-0.67812,-0.04666,-0.39752,-0.60041,0.39062,-0.4345,-0.64752,0.61207,-0.41189,-0.69161,0.32288,-0.60791,-0.65336,0.09176,-0.67389,-0.85808,0.0569,-0.50956,-0.96218,0.03895,-0.36835,-0.56957,0.33248,-0.23791,-0.53554,0.10145,-0.16935,-0.798,0.13607,-0.16243,-0.96298,0.16962,-0.21489,-0.72667,-0.12883,-0.46244,-0.91332,-0.47516,-0.37851,-0.86599,-0.87417,-0.42137,-1.02816,-1.01619,-0.36429,-0.64378,-0.13837,-0.33642,-0.49707,-0.51197,-0.36324,-0.27109,-0.8385,-0.43805,-0.32614,-1.03695,-0.35252
44.02,-0.69635,-0.04378,-0.39429,-0.61848,0.39331,-0.43313,-0.66507,0.61486,-0.41044,-0.71399,0.3258,-0.6043,-0.679,0.09402,-0.66978,-0.8786,0.05966,-0.49916,-0.97903,0.04216,-0.35527,-0.58308,0.33508,-0.23733,-0.5447,0.10367,-0.17247,-0.80726,0.13495,-0.1578,-0.97424,0.16636,-0.20503,-0.74627,-0.12568,-0.4585,-0.92264,-0.47758,-0.37552,-0.86748,-0.87541,-0.41991,-1.02662,-1.0205,-0.362,-0.66123,-0.13571,-0.33396,-0.5215,-0.5123,-0.35566,-0.28405,-0.82866,-0.43825,-0.32784,-1.03128,-0.35608
44.04,-0.7137,-0.0395,-0.39104,-0.63624,0.39751,-0.43155,-0.68241,0.61913,-0.40862,-0.73607,0.33023,-0.60033,-0.70485,0.09772,-0.6651,-0.89877,0.06441,-0.48786,-0.99534,0.04756,-0.34127,-0.59605,0.33912,-0.23673,-0.55332,0.10727,-0.1763,-0.81569,0.13498,-0.15337,-0.98459,0.16411,-0.19487,-0.76483,-0.12112,-0.45467,-0.92969,-0.47918,-0.37443,-0.86694,-0.87581,-0.41947,-1.02371,-1.02338,-0.36137,-0.67798,-0.13166,-0.33143,-0.54969,-0.5127,-0.34474,-0.30006,-0.81682,-0.43681,-0.33045,-1.02342,-0.35857
44.06,-0.73129,-0.0359,-0.38779,-0.65416,0.401,-0.43005,-0.69992,0.62268,-0.40692,-0.75823,0.33395,-0.59633,-0.73042,0.10083,-0.66046,-0.91858,0.06832,-0.47696,-1.01129,0.05211,-0.32784,-0.60927,0.34247,-0.2363,-0.56248,0.11033,-0.18016,-0.82437,0.13462,-0.14928,-0.99491,0.16159,-0.18518,-0.78367,-0.11725,-0.45073,-0.93756,-0.48071,-0.37303,-0.8674,-0.87593,-0.41956,-1.02153,-1.02616,-0.36125,-0.69488,-0.12827,-0.32892,-0.57582,-0.51247,-0.33476,-0.31567,-0.80468,-0.43586,-0.33354,-1.01415,-0.36149
44.08,-0.7496,-0.0321,-0.38461,-0.67232,0.4046,-0.42864,-0.71753,0.62639,-0.40547,-0.78051,0.33786,-0.59241,-0.75635,0.10395,-0.65513,-0.93862,0.07219,-0.46565,-1.02724,0.05629,-0.31402,-0.62297,0.34591,-0.23603,-0.57215,0.11349,-0.18474,-0.83328,0.13391,-0.14572,-1.0053,0.15822,-0.17604,-0.8033,-0.11311,-0.44688,-0.94604,-0.48175,-0.37242,-0.86786,-0.87527,-0.42057,-1.01934,-1.02829,-0.36254,-0.71262,-0.12475,-0.32653,-0.60223,-0.51157,-0.32486,-0.33073,-0.78969,-0.43541,-0.33498,-1.00169,-0.3664
44.1,-0.76617,-0.02839,-0.38126,-0.68998,0.40833,-0.42694,-0.73501,0.63012,-0.40336,-0.80237,0.34173,-0.58791,-0.78135,0.10746,-0.6504,-0.95725,0.07668,-0.45483,-1.042,0.06174,-0.30092,-0.6357,0.34949,-0.2357,-0.58133,0.11696,-0.18876,-0.84142,0.13428,-0.14201,-1.0146,0.15684,-0.16648,-0.82098,-0.10922,-0.44279,-0.95272,-0.48261,-0.37176,-0.86821,-0.87458,-0.42177,-1.01736,-1.02986,-0.36372,-0.72847,-0.12118,-0.32387,-0.62824,-0.51061,-0.31305,-0.34946,-0.77712,-0.43363,-0.34171,-0.99016,-0.3682
44.12,-0.77824,-0.02519,-0.3775,-0.7064,0.41214,-0.42442,-0.75215,0.63363,-0.3995,-0.82328,0.34515,-0.58201,-0.80397,0.11165,-0.64787,-0.97257,0.08254,-0.44573,-1.05427,0.07041,-0.28992,-0.64583,0.35322,-0.23511,-0.58889,0.12083,-0.19059,-0.84776,0.1375,-0.1373,-1.02159,0.16111,-0.15529,-0.83362,-0.10634,-0.43809,-0.95494,-0.48375,-0.36979,-0.86847,-0.87499,-0.42207,-1.01589,-1.0313,-0.36236,-0.73931,-0.11773,-0.32054,-0.65264,-0.50984,-0.29687,-0.37643,-0.77335,-0.42935,-0.36155,-0.98556,-0.36244
44.14,-0.78857,-0.02214,-0.37357,-0.72231,0.41596,-0.42144,-0.76905,0.63705,-0.3948,-0.84369,0.34836,-0.57531,-0.82596,0.11607,-0.64573,-0.98662,0.08888,-0.43698,-1.06542,0.0802,-0.27945,-0.655,0.35707,-0.23441,-0.59583,0.1249,-0.19163,-0.85335,0.14174,-0.13219,-1.02747,0.16732,-0.14343,-0.84431,-0.10377,-0.43317,-0.95539,-0.4848,-0.36762,-0.86851,-0.87566,-0.42211,-1.01439,-1.03253,-0.36017,-0.74825,-0.1143,-0.31696,-0.6763,-0.50822,-0.27864,-0.4076,-0.7727,-0.42403,-0.38781,-0.98368,-0.35457
44.16,-0.79963,-0.01906,-0.36969,-0.73841,0.41968,-0.41842,-0.78597,0.64039,-0.39018,-0.86411,0.3515,-0.56852,-0.84848,0.12024,-0.64273,-1.00103,0.09483,-0.42775,-1.07668,0.08928,-0.26855,-0.6647,0.36085,-0.2338,-0.60323,0.1289,-0.19314,-0.85922,0.14546,-0.12738,-1.03343,0.17247,-0.13197,-0.85581,-0.10109,-0.42833,-0.95664,-0.4855,-0.36602,-0.86862,-0.87579,-0.42271,-1.01284,-1.03344,-0.35888,-0.75802,-0.11091,-0.31351,-0.69961,-0.50541,-0.26078,-0.43852,-0.77005,-0.41915,-0.4137,-0.98026,-0.34898
44.18,-0.81093,-0.01575,-0.36592,-0.75482,0.42359,-0.4154,-0.80311,0.64394,-0.38561,-0.88477,0.35477,-0.56153,-0.87102,0.12467,-0.6396,-1.01511,0.1014,-0.41863,-1.08759,0.09935,-0.25788,-0.67469,0.36489,-0.23343,-0.61098,0.13318,-0.1949,-0.86531,0.14981,-0.12298,-1.0393,0.1785,-0.12088,-0.86748,-0.09821,-0.4236,-0.9578,-0.48576,-0.36474,-0.86888,-0.8755,-0.42375,-1.01128,-1.03391,-0.35775,-0.76798,-0.10726,-0.31019,-0.7229,-0.50106,-0.24158,-0.47059,-0.76461,-0.41526,-0.44005,-0.97435,-0.34594
44.2,-0.82132,-0.01299,-0.36186,-0.77049,0.42694,-0.41182,-0.81962,0.64686,-0.38027,-0.90447,0.35742,-0.55393,-0.8937,0.12838,-0.63553,-1.029,0.1067,-0.40891,-1.09808,0.10754,-0.24666,-0.6841,0.36843,-0.23267,-0.61826,0.137,-0.19616,-0.87076,0.1532,-0.11797,-1.04432,0.18315,-0.1092,-0.87828,-0.09584,-0.41857,-0.95879,-0.48611,-0.36359,-0.86888,-0.87531,-0.42464,-1.00967,-1.03443,-0.35691,-0.77711,-0.10418,-0.3066,-0.74452,-0.49644,-0.22358,-0.50404,-0.76346,-0.40839,-0.47137,-0.9728,-0.33884
44.22,-0.82964,-0.01164,-0.35711,-0.78437,0.42889,-0.40712,-0.83468,0.64819,-0.37326,-0.92193,0.35856,-0.54536,-0.91689,0.13019,-0.62934,-1.04308,0.10843,-0.39754,-1.1084,0.11042,-0.23374,-0.69208,0.37064,-0.23086,-0.62421,0.13952,-0.19613,-0.87466,0.15361,-0.11122,-1.04777,0.18352,-0.09581,-0.88715,-0.09475,-0.41287,-0.95983,-0.48718,-0.3625,-0.86839,-0.87581,-0.4249,-1.00833,-1.0356,-0.357,-0.78439,-0.1026,-0.30232,-0.76303,-0.49353,-0.20992,-0.53773,-0.7744,-0.39333,-0.51041,-0.9827,-0.31856
44.24,-0.8371,-0.01086,-0.35205,-0.79747,0.43024,-0.40186,-0.849,0.64885,-0.36546,-0.9384,0.35904,-0.53621,-0.94001,0.13127,-0.62195,-1.05698,0.10878,-0.38542,-1.11836,0.11131,-0.22012,-0.69946,0.37231,-0.2286,-0.62964,0.14152,-0.19556,-0.8778,0.15299,-0.10383,-1.05028,0.1824,-0.08185,-0.89521,-0.09419,-0.40685,-0.96081,-0.48846,-0.36137,-0.86785,-0.87651,-0.42509,-1.00722,-1.03695,-0.35753,-0.79088,-0.10163,-0.29775,-0.78012,-0.49108,-0.19758,-0.57148,-0.78888,-0.37385,-0.55195,-0.9952,-0.29155
44.26,-0.84495,-0.00986,-0.34709,-0.81083,0.43173,-0.39661,-0.86339,0.64967,-0.35775,-0.95505,0.35965,-0.52693,-0.96291,0.13259,-0.61419,-1.07058,0.10962,-0.37333,-1.12803,0.11296,-0.20664,-0.70718,0.37418,-0.22654,-0.63543,0.14373,-0.1953,-0.88111,0.15288,-0.09686,-1.05269,0.18198,-0.06838,-0.90363,-0.09343,-0.40091,-0.9619,-0.48939,-0.36043,-0.86762,-0.87685,-0.42581,-1.00627,-1.03793,-0.35833,-0.79773,-0.10042,-0.29331,-0.79726,-0.48762,-0.18424,-0.60496,-0.79973,-0.35423,-0.59167,-1.00371,-0.26511
44.28,-0.85272,-0.00869,-0.34231,-0.82451,0.43337,-0.39133,-0.87819,0.65056,-0.34989,-0.97185,0.36025,-0.51752,-0.98643,0.1339,-0.60576,-1.08439,0.11061,-0.36082,-1.13807,0.11517,-0.1929,-0.71522,0.37635,-0.22465,-0.64144,0.14633,-0.19499,-0.88449,0.15293,-0.09002,-1.05488,0.18167,-0.05482,-0.91188,-0.09252,-0.3952,-0.9632,-0.48997,-0.36023,-0.86774,-0.87688,-0.42711,-1.00606,-1.03849,-0.3602,-0.80453,-0.09902,-0.289,-0.81494,-0.48329,-0.17048,-0.63991,-0.80878,-0.33391,-0.63264,-1.01,-0.23809
44.3,-0.86048,-0.008,-0.33707,-0.83731,0.43442,-0.38552,-0.89166,0.65097,-0.34166,-0.98771,0.36045,-0.50754,-1.00834,0.13491,-0.59662,-1.09716,0.11078,-0.3483,-1.14664,0.11572,-0.17912,-0.7227,0.37781,-0.22231,-0.6472,0.1481,-0.19471,-0.88729,0.1525,-0.08306,-1.05638,0.18078,-0.04173,-0.92028,-0.09202,-0.38893,-0.96439,-0.49075,-0.35909,-0.86781,-0.87698,-0.42822,-1.00521,-1.03931,-0.36118,-0.81128,-0.09816,-0.2844,-0.83029,-0.47933,-0.15723,-0.6715,-0.81793,-0.31028,-0.67022,-1.01538,-0.20666
44.32,-0.86854,-0.00847,-0.3307,-0.84813,0.43413,-0.3787,-0.90209,0.65038,-0.3329,-1.00169,0.35998,-0.4966,-1.02627,0.13547,-0.58728,-1.1078,0.10926,-0.33668,-1.15193,0.11223,-0.16597,-0.72878,0.37751,-0.21892,-0.65247,0.14767,-0.19476,-0.8891,0.15106,-0.0759,-1.0571,0.17872,-0.02997,-0.92943,-0.09249,-0.38125,-0.96523,-0.49232,-0.35518,-0.86743,-0.87749,-0.42839,-1.00205,-1.04115,-0.35896,-0.81817,-0.09863,-0.27915,-0.84028,-0.4774,-0.14549,-0.69423,-0.82912,-0.28059,-0.69884,-1.02093,-0.16696
44.34,-0.87662,-0.00939,-0.32384,-0.85806,0.43334,-0.37139,-0.91119,0.64942,-0.32387,-1.01474,0.35926,-0.48516,-1.04267,0.13584,-0.57755,-1.11752,0.10707,-0.32516,-1.15581,0.10718,-0.15302,-0.73426,0.37651,-0.21512,-0.6576,0.14641,-0.19487,-0.89042,0.14913,-0.06869,-1.05737,0.17616,-0.01876,-0.93876,-0.09335,-0.37297,-0.966,-0.49406,-0.35051,-0.86699,-0.87802,-0.42836,-0.99813,-1.0432,-0.35595,-0.82506,-0.09961,-0.27359,-0.84798,-0.47632,-0.13435,-0.71347,-0.84003,-0.24796,-0.72379,-1.02491,-0.12369
44.36,-0.88465,-0.0101,-0.31714,-0.86825,0.43278,-0.36413,-0.92063,0.64864,-0.31482,-1.0279,0.35866,-0.47366,-1.05961,0.1363,-0.56737,-1.12736,0.10518,-0.31326,-1.15997,0.10285,-0.13997,-0.74003,0.37582,-0.2115,-0.66299,0.14555,-0.19495,-0.89185,0.14738,-0.06171,-1.05758,0.17383,-0.00755,-0.94792,-0.09402,-0.36487,-0.96701,-0.49543,-0.34669,-0.8669,-0.87819,-0.42888,-0.99485,-1.04478,-0.35403,-0.83196,-0.10036,-0.26814,-0.85616,-0.47466,-0.12278,-0.73368,-0.84847,-0.21527,-0.74913,-1.02587,-0.08104
44.38,-0.89283,-0.01083,-0.31071,-0.87883,0.4322,-0.35704,-0.93055,0.64779,-0.30586,-1.04132,0.35795,-0.46222,-1.07693,0.13689,-0.55758,-1.13782,0.10346,-0.30203,-1.16476,0.09858,-0.12782,-0.74623,0.37518,-0.20822,-0.66904,0.14473,-0.19542,-0.89364,0.14582,-0.05512,-1.05806,0.17192,0.00307,-0.9572,-0.09472,-0.35699,-0.96823,-0.49661,-0.34325,-0.86732,-0.87814,-0.43006,-0.99173,-1.04614,-0.35244,-0.83898,-0.10112,-0.26304,-0.86467,-0.47278,-0.11129,-0.75448,-0.85518,-0.18139,-0.77497,-1.02419,-0.03737
44.4,-0.90071,-0.01164,-0.30359,-0.88826,0.4315,-0.34929,-0.93888,0.64696,-0.2965,-1.05353,0.35738,-0.45014,-1.09289,0.13716,-0.54599,-1.14651,0.10132,-0.28913,-1.16758,0.0939,-0.11421,-0.75159,0.37425,-0.20429,-0.67431,0.14364,-0.19521,-0.89458,0.14375,-0.04819,-1.05757,0.16921,0.01412,-0.96618,-0.09547,-0.34842,-0.96953,-0.49763,-0.3398,-0.8675,-0.87788,-0.43084,-0.98877,-1.0473,-0.35134,-0.84585,-0.10199,-0.2572,-0.8712,-0.47122,-0.09958,-0.77199,-0.86003,-0.14726,-0.79643,-1.02023,0.00592
44.42,-0.90784,-0.01254,-0.29478,-0.89504,0.43062,-0.34015,-0.94358,0.64631,-0.28634,-1.06313,0.35722,-0.43679,-1.10556,0.13671,-0.53062,-1.15061,0.09799,-0.27255,-1.16538,0.08806,-0.0971,-0.75487,0.37268,-0.19883,-0.67723,0.14209,-0.1933,-0.89338,0.14033,-0.04031,-1.05478,0.16401,0.02668,-0.9744,-0.09624,-0.33823,-0.97085,-0.49849,-0.33594,-0.86667,-0.8774,-0.43005,-0.98634,-1.0482,-0.35111,-0.85228,-0.10299,-0.24944,-0.87322,-0.47058,-0.08739,-0.78202,-0.86334,-0.11394,-0.80823,-1.01498,0.04744
44.44,-0.91466,-0.0135,-0.28525,-0.9007,0.42964,-0.33047,-0.94676,0.6457,-0.27596,-1.07154,0.35722,-0.42293,-1.11669,0.13592,-0.51358,-1.1527,0.09429,-0.25453,-1.16094,0.08192,-0.07881,-0.75732,0.37081,-0.19278,-0.67936,0.14027,-0.19078,-0.89139,0.13639,-0.03216,-1.05102,0.15796,0.03961,-0.9823,-0.09703,-0.32732,-0.9723,-0.49915,-0.33194,-0.86576,-0.87668,-0.42895,-0.98445,-1.04884,-0.35149,-0.85853,-0.10407,-0.24087,-0.87351,-0.47034,-0.0752,-0.78861,-0.86536,-0.08125,-0.81567,-1.0085,0.0876
44.46,-0.92158,-0.01445,-0.27598,-0.90672,0.42868,-0.32104,-0.95045,0.64504,-0.26581,-1.08019,0.35716,-0.40922,-1.12811,0.13521,-0.4968,-1.15519,0.09084,-0.23713,-1.15699,0.07612,-0.0614,-0.76017,0.36902,-0.1871,-0.68211,0.13851,-0.18864,-0.8898,0.1327,-0.02443,-1.04752,0.15236,0.05195,-0.99027,-0.09783,-0.31666,-0.974,-0.4996,-0.32827,-0.86553,-0.87571,-0.42858,-0.98308,-1.04919,-0.35233,-0.86487,-0.10515,-0.2326,-0.87448,-0.4699,-0.06325,-0.79575,-0.86597,-0.04859,-0.82368,-1.00026,0.12723
44.48,-0.92868,-0.01536,-0.26701,-0.91325,0.42776,-0.31196,-0.95468,0.64437,-0.25595,-1.08922,0.35703,-0.39569,-1.1396,0.13488,-0.48137,-1.15777,0.08704,-0.22154,-1.15293,0.0694,-0.04614,-0.76351,0.36737,-0.18192,-0.68527,0.13697,-0.18714,-0.88848,0.12884,-0.01752,-1.04417,0.14627,0.06345,-0.99839,-0.09861,-0.30618,-0.97606,-0.49982,-0.32499,-0.8658,-0.87452,-0.42858,-0.98242,-1.04923,-0.35374,-0.87132,-0.10615,-0.22469,-0.87485,-0.46931,-0.0517,-0.80247,-0.86509,-0.01426,-0.83125,-0.98913,0.16881
44.5,-0.93531,-0.01637,-0.25722,-0.91842,0.4267,-0.30215,-0.9574,0.64367,-0.24579,-1.0968,0.35707,-0.38159,-1.14988,0.13374,-0.46245,-1.15886,0.08396,-0.20251,-1.14766,0.06463,-0.02758,-0.76588,0.36532,-0.17589,-0.68801,0.1349,-0.18452,-0.88665,0.12515,-0.00965,-1.0401,0.14095,0.0758,-1.00599,-0.09941,-0.29506,-0.97809,-0.49985,-0.32138,-0.86636,-0.87305,-0.42874,-0.98208,-1.04902,-0.35547,-0.87752,-0.10732,-0.21584,-0.87572,-0.46904,-0.03985,-0.80753,-0.8634,0.01595,-0.83643,-0.97931,0.20425
44.52,-0.94093,-0.01768,-0.2456,-0.92035,0.42523,-0.29063,-0.95658,0.64281,-0.23481,-1.10108,0.35752,-0.36634,-1.15744,0.13076,-0.43441,-1.15604,0.08296,-0.17394,-1.13905,0.06509,0.00068,-0.76585,0.36215,-0.16762,-0.68958,0.13131,-0.17897,-0.88359,0.12192,0.00105,-1.03453,0.1378,0.09084,-1.01253,-0.1003,-0.28262,-0.97961,-0.49977,-0.31676,-0.86679,-0.87129,-0.42869,-0.98139,-1.04863,-0.35697,-0.88325,-0.10897,-0.20482,-0.87879,-0.46964,-0.02673,-0.81045,-0.86297,0.03579,-0.83818,-0.97717,0.22531
44.54,-0.94605,-0.01908,-0.23315,-0.92094,0.42357,-0.2784,-0.95433,0.64184,-0.22351,-1.10394,0.35813,-0.35057,-1.16358,0.12796,-0.40252,-1.1508,0.08364,-0.14174,-1.12779,0.06839,0.03243,-0.76483,0.35853,-0.1585,-0.69066,0.12714,-0.17222,-0.87996,0.11877,0.01278,-1.02822,0.13533,0.10682,-1.01855,-0.1012,-0.26955,-0.98096,-0.49949,-0.31162,-0.86719,-0.86921,-0.42847,-0.98062,-1.04796,-0.3584,-0.88867,-0.11077,-0.19283,-0.88249,-0.47061,-0.01313,-0.81247,-0.8633,0.0515,-0.83849,-0.97829,0.24078
44.56,-0.9513,-0.02044,-0.22094,-0.92206,0.42192,-0.26651,-0.95269,0.64081,-0.21244,-1.10723,0.35862,-0.33495,-1.1696,0.12628,-0.37183,-1.14521,0.08474,-0.11143,-1.11575,0.07152,0.06194,-0.76429,0.35503,-0.14984,-0.69211,0.12316,-0.166,-0.87659,0.11546,0.02385,-1.02208,0.13236,0.12205,-1.02468,-0.10209,-0.25661,-0.98258,-0.49901,-0.30668,-0.86795,-0.86688,-0.42841,-0.9803,-1.04698,-0.36007,-0.89414,-0.11249,-0.18114,-0.88582,-0.47148,0.00018,-0.8148,-0.86334,0.06861,-0.83931,-0.97807,0.25825
44.58,-0.95698,-0.02186,-0.2093,-0.92348,0.42018,-0.25505,-0.95141,0.63962,-0.20174,-1.11069,0.35912,-0.31989,-1.1751,0.12538,-0.34107,-1.13801,0.08565,-0.08189,-1.10152,0.07375,0.09023,-0.76424,0.35132,-0.14156,-0.69407,0.11905,-0.16044,-0.87356,0.11172,0.03414,-1.01614,0.12893,0.13648,-1.03127,-0.103,-0.24423,-0.98437,-0.49829,-0.30226,-0.86886,-0.86441,-0.42834,-0.98031,-1.04571,-0.36173,-0.9001,-0.1143,-0.17,-0.88928,-0.47215,0.01342,-0.817,-0.86286,0.08695,-0.84005,-0.97707,0.27709
44.6,-0.96163,-0.02314,-0.19626,-0.92398,0.4185,-0.2427,-0.94918,0.63852,-0.19047,-1.11319,0.35962,-0.30363,-1.17954,0.12553,-0.30893,-1.13054,0.08926,-0.05122,-1.08725,0.07988,0.11947,-0.76321,0.34777,-0.13255,-0.69535,0.11498,-0.15343,-0.86984,0.10857,0.04568,-1.00948,0.1262,0.15192,-1.03673,-0.10383,-0.23051,-0.98616,-0.4974,-0.2966,-0.87004,-0.86137,-0.42823,-0.98032,-1.04409,-0.36357,-0.90496,-0.11592,-0.15746,-0.89254,-0.47327,0.02684,-0.81909,-0.86354,0.1015,-0.84036,-0.97838,0.29147
44.62,-0.96376,-0.02415,-0.1796,-0.92236,0.41694,-0.228,-0.94479,0.63767,-0.17751,-1.11363,0.36004,-0.28419,-1.1823,0.12676,-0.27436,-1.12428,0.09868,-0.0175,-1.07533,0.09536,0.15188,-0.75977,0.34467,-0.12162,-0.69469,0.1111,-0.14267,-0.86427,0.10707,0.0607,-1.00111,0.12537,0.17042,-1.0394,-0.10457,-0.21329,-0.98771,-0.49644,-0.28806,-0.87186,-0.85729,-0.42823,-0.98029,-1.04193,-0.36599,-0.90709,-0.11714,-0.14132,-0.89568,-0.47562,0.04084,-0.82177,-0.86734,0.10698,-0.84086,-0.9854,0.29519
44.64,-0.96484,-0.025,-0.16156,-0.91991,0.41547,-0.21243,-0.9396,0.63691,-0.164,-1.11316,0.36049,-0.26354,-1.18389,0.12896,-0.23863,-1.11757,0.11081,0.01711,-1.06321,0.11482,0.18482,-0.75544,0.34174,-0.10999,-0.69333,0.10731,-0.13047,-0.85795,0.10621,0.07697,-0.99197,0.1253,0.18998,-1.04092,-0.10522,-0.19474,-0.98929,-0.49535,-0.27814,-0.87404,-0.85248,-0.42801,-0.98026,-1.03928,-0.36844,-0.90807,-0.11815,-0.12383,-0.89862,-0.47834,0.05505,-0.82474,-0.87196,0.1088,-0.84145,-0.99425,0.29452
44.66,-0.96628,-0.02584,-0.14412,-0.91785,0.41398,-0.19733,-0.93489,0.63607,-0.1509,-1.1129,0.361,-0.24344,-1.18481,0.13196,-0.20339,-1.10934,0.12265,0.05028,-1.04911,0.13313,0.21569,-0.75168,0.33871,-0.09882,-0.69244,0.10352,-0.11896,-0.85195,0.105,0.09243,-0.98303,0.12482,0.20872,-1.04283,-0.10584,-0.17674,-0.99108,-0.49407,-0.2685,-0.8764,-0.84739,-0.42756,-0.98046,-1.03624,-0.37069,-0.90943,-0.11917,-0.10694,-0.90142,-0.48076,0.06915,-0.82778,-0.87574,0.11215,-0.84218,-1.0017,0.2956
44.68,-0.96821,-0.02704,-0.12673,-0.91598,0.41205,-0.1823,-0.93043,0.63471,-0.13774,-1.1127,0.36124,-0.22348,-1.18441,0.13527,-0.16848,-1.09927,0.13452,0.08228,-1.0329,0.15146,0.24478,-0.74834,0.33509,-0.08768,-0.69194,0.09917,-0.10753,-0.84614,0.10326,0.10772,-0.97408,0.12377,0.22735,-1.04526,-0.10675,-0.15887,-0.99276,-0.49253,-0.26006,-0.87919,-0.84221,-0.42773,-0.98176,-1.03265,-0.37351,-0.91143,-0.12059,-0.09002,-0.90557,-0.48347,0.0835,-0.83207,-0.87951,0.11561,-0.84484,-1.00947,0.29637
44.7,-0.96887,-0.02746,-0.10895,-0.91366,0.41093,-0.1671,-0.92564,0.63419,-0.12487,-1.11189,0.36202,-0.20305,-1.1838,0.14027,-0.13314,-1.08941,0.14829,0.11416,-1.01704,0.1714,0.2733,-0.74442,0.33251,-0.07662,-0.69087,0.09587,-0.09573,-0.83982,0.10252,0.12313,-0.96475,0.12376,0.24577,-1.04632,-0.10705,-0.14043,-0.99507,-0.49108,-0.24868,-0.88203,-0.83604,-0.42619,-0.98178,-1.02883,-0.37509,-0.91184,-0.12112,-0.07289,-0.90704,-0.48554,0.09739,-0.8348,-0.88258,0.11789,-0.84481,-1.01599,0.2963
44.72,-0.9664,-0.02569,-0.09024,-0.9103,0.41217,-0.15143,-0.92007,0.63618,-0.11274,-1.10979,0.36436,-0.18137,-1.18428,0.14878,-0.09648,-1.08211,0.16637,0.14721,-1.00441,0.19493,0.30292,-0.73894,0.33301,-0.06572,-0.68842,0.09556,-0.08292,-0.83245,0.10456,0.13912,-0.95498,0.12667,0.26401,-1.04396,-0.10562,-0.12057,-0.99868,-0.49017,-0.2296,-0.88487,-0.82774,-0.42034,-0.97826,-1.02483,-0.37386,-0.90828,-0.11912,-0.05536,-0.90118,-0.48576,0.11002,-0.83333,-0.88403,0.11805,-0.83706,-1.0192,0.29537
44.74,-0.96268,-0.02317,-0.07122,-0.90658,0.41423,-0.13562,-0.91444,0.63898,-0.10097,-1.1071,0.36721,-0.15926,-1.18433,0.15917,-0.05933,-1.07505,0.18685,0.1803,-0.99244,0.22077,0.33236,-0.73301,0.33459,-0.05492,-0.68535,0.09638,-0.06967,-0.82461,0.10775,0.15529,-0.94499,0.13076,0.28209,-1.04023,-0.10359,-0.10022,-1.00274,-0.48952,-0.20734,-0.88863,-0.81828,-0.41271,-0.9748,-1.01989,-0.37204,-0.9032,-0.11625,-0.03774,-0.89282,-0.48533,0.12194,-0.8311,-0.88464,0.11734,-0.82724,-1.02113,0.29365
44.76,-0.95949,-0.02106,-0.05243,-0.90317,0.41584,-0.11996,-0.90932,0.64121,-0.0892,-1.10454,0.36976,-0.13743,-1.18292,0.16994,-0.02272,-1.06623,0.20744,0.21204,-0.97868,0.24674,0.35998,-0.72766,0.33558,-0.04422,-0.68258,0.09674,-0.0566,-0.81697,0.11048,0.17118,-0.93505,0.13437,0.29996,-1.03708,-0.10189,-0.08018,-1.00665,-0.48878,-0.18607,-0.8934,-0.80867,-0.40547,-0.97345,-1.01393,-0.37103,-0.89882,-0.11385,-0.0203,-0.88596,-0.48517,0.13392,-0.83061,-0.88509,0.11723,-0.81982,-1.02324,0.29195
44.78,-0.95644,-0.01862,-0.03319,-0.89975,0.41772,-0.104,-0.9043,0.64363,-0.07728,-1.1018,0.37271,-0.11526,-1.18042,0.18162,0.01333,-1.05628,0.22896,0.24241,-0.96376,0.27339,0.38582,-0.7225,0.33673,-0.03326,-0.68037,0.09723,-0.0429,-0.80972,0.11321,0.18764,-0.92552,0.13794,0.31832,-1.03398,-0.09988,-0.0598,-1.00995,-0.48743,-0.16493,-0.89884,-0.79796,-0.39841,-0.97295,-1.00645,-0.37078,-0.89459,-0.1111,-0.00245,-0.87905,-0.48464,0.14606,-0.83139,-0.88488,0.1175,-0.81297,-1.02456,0.29036
44.8,-0.95281,-0.0167,-0.01485,-0.89651,0.41919,-0.08867,-0.89996,0.64556,-0.06595,-1.09899,0.37497,-0.09377,-1.17686,0.19416,0.04932,-1.04579,0.25125,0.27225,-0.94886,0.30117,0.41085,-0.71756,0.3377,-0.02298,-0.67711,0.09781,-0.03018,-0.8017,0.11627,0.20278,-0.91521,0.14186,0.33528,-1.03038,-0.09837,-0.04009,-1.0143,-0.48718,-0.14203,-0.90569,-0.7877,-0.38936,-0.97481,-0.99876,-0.36923,-0.88981,-0.10888,0.01443,-0.87226,-0.48453,0.15726,-0.8321,-0.88466,0.11765,-0.80708,-1.02615,0.28818
44.82,-0.94783,-0.01646,0.00096,-0.89367,0.41933,-0.075,-0.89684,0.64606,-0.05611,-1.09621,0.37514,-0.07412,-1.17197,0.20799,0.08573,-1.03506,0.2747,0.30238,-0.93482,0.33129,0.43597,-0.71288,0.33789,-0.01447,-0.67077,0.09827,-0.02077,-0.79142,0.11986,0.21399,-0.9025,0.14647,0.34835,-1.02566,-0.09847,-0.0223,-1.02142,-0.48985,-0.11517,-0.9135,-0.77914,-0.37584,-0.97922,-0.99192,-0.36431,-0.88374,-0.10836,0.02872,-0.86624,-0.48589,0.16652,-0.83128,-0.88539,0.11695,-0.80315,-1.02947,0.28481
44.84,-0.94232,-0.01676,0.01582,-0.89101,0.41907,-0.06186,-0.89442,0.64607,-0.04669,-1.09338,0.37459,-0.05508,-1.16573,0.22319,0.12121,-1.02387,0.29975,0.33132,-0.92103,0.36359,0.45957,-0.70842,0.33791,-0.00659,-0.66352,0.09879,-0.01261,-0.78058,0.12363,0.22364,-0.88919,0.15126,0.35979,-1.02046,-0.09908,-0.0052,-1.0289,-0.49304,-0.08607,-0.92087,-0.77077,-0.35898,-0.98372,-0.98471,-0.35609,-0.87718,-0.10839,0.04199,-0.86046,-0.48767,0.17497,-0.83008,-0.88627,0.11593,-0.80006,-1.03312,0.28103
44.86,-0.93708,-0.01677,0.03107,-0.88838,0.41904,-0.0484,-0.89219,0.64625,-0.03689,-1.09044,0.37442,-0.0357,-1.15829,0.23935,0.15505,-1.01185,0.32591,0.35801,-0.90661,0.39691,0.48041,-0.70421,0.33806,0.0016,-0.65705,0.09936,-0.00394,-0.77039,0.12721,0.23378,-0.87654,0.15577,0.37167,-1.01545,-0.09939,0.0122,-1.03515,-0.49518,-0.05698,-0.92754,-0.76144,-0.34125,-0.98754,-0.97615,-0.3467,-0.87094,-0.10813,0.0556,-0.85486,-0.48913,0.18369,-0.82998,-0.8866,0.11529,-0.79758,-1.03608,0.27757
44.88,-0.93167,-0.0169,0.04652,-0.88567,0.41889,-0.03467,-0.88987,0.64626,-0.0271,-1.08723,0.37412,-0.01598,-1.14986,0.25711,0.18802,-0.99893,0.35383,0.38295,-0.8914,0.43193,0.49885,-0.70003,0.33808,0.00993,-0.65011,0.09995,0.00424,-0.75976,0.13095,0.2433,-0.86332,0.16062,0.38292,-1.01011,-0.09989,0.02968,-1.0412,-0.4969,-0.02723,-0.93231,-0.7495,-0.32324,-0.98913,-0.96457,-0.3389,-0.86452,-0.10794,0.06948,-0.84982,-0.49051,0.19293,-0.83098,-0.88661,0.11524,-0.79672,-1.03875,0.27463
44.9,-0.92651,-0.01694,0.06132,-0.88336,0.41886,-0.02134,-0.88868,0.64629,-0.01698,-1.08425,0.37387,0.00311,-1.14038,0.27447,0.21806,-0.98643,0.38157,0.40504,-0.87758,0.46715,0.51424,-0.69644,0.33829,0.01799,-0.64439,0.10061,0.01279,-0.75043,0.13421,0.25312,-0.85158,0.16452,0.39436,-1.00518,-0.10015,0.04681,-1.04563,-0.49802,0.00333,-0.93816,-0.74084,-0.30125,-0.99273,-0.95594,-0.32322,-0.8585,-0.10778,0.08244,-0.84445,-0.49192,0.20102,-0.83158,-0.88647,0.11471,-0.79504,-1.04111,0.27116
44.92,-0.92215,-0.01655,0.07462,-0.88196,0.41933,-0.00913,-0.88979,0.6467,-0.00601,-1.08207,0.37396,0.02048,-1.12985,0.28904,0.2435,-0.97572,0.40651,0.42398,-0.86728,0.50014,0.5268,-0.69393,0.33911,0.02538,-0.64184,0.10139,0.02327,-0.7443,0.13627,0.26497,-0.84353,0.16596,0.40769,-1.00157,-0.09954,0.06324,-1.04617,-0.4983,0.0346,-0.94864,-0.7424,-0.2723,-1.00334,-0.95784,-0.29017,-0.85365,-0.10757,0.09323,-0.83795,-0.49338,0.20603,-0.83065,-0.88643,0.1125,-0.79021,-1.04316,0.26589
44.94,-0.91806,-0.01605,0.08728,-0.88091,0.41994,0.00271,-0.89174,0.6472,0.00545,-1.08013,0.37412,0.03723,-1.11883,0.30262,0.26663,-0.96563,0.43041,0.44077,-0.85847,0.53216,0.53702,-0.69192,0.34013,0.03254,-0.64023,0.10232,0.03434,-0.73917,0.13796,0.27739,-0.83664,0.16654,0.42155,-0.99829,-0.09866,0.07937,-1.04441,-0.49806,0.06626,-0.96001,-0.74766,-0.24011,-1.01531,-0.96347,-0.24988,-0.84928,-0.10739,0.10313,-0.83147,-0.49484,0.20983,-0.8298,-0.88635,0.10982,-0.78509,-1.04501,0.26
44.96,-0.91384,-0.01563,0.10018,-0.87974,0.42046,0.01488,-0.89338,0.64758,0.01707,-1.07793,0.37421,0.05438,-1.10756,0.31699,0.28907,-0.95514,0.45503,0.45594,-0.84945,0.56453,0.54503,-0.68989,0.34105,0.03992,-0.63802,0.10332,0.04506,-0.73342,0.13986,0.28939,-0.82901,0.16748,0.43499,-0.99464,-0.09794,0.09564,-1.04186,-0.49742,0.09802,-0.96938,-0.75076,-0.20833,-1.02458,-0.9668,-0.21166,-0.84483,-0.10721,0.11337,-0.82575,-0.49618,0.21416,-0.83034,-0.886,0.10784,-0.78184,-1.04662,0.25473
44.98,-0.90962,-0.01513,0.11325,-0.87843,0.42102,0.02714,-0.89494,0.64795,0.02894,-1.07549,0.37443,0.07158,-1.0957,0.3325,0.31046,-0.94481,0.48021,0.47029,-0.84089,0.59695,0.55196,-0.68787,0.34194,0.04742,-0.63586,0.10436,0.05671,-0.7278,0.1419,0.30221,-0.82154,0.16852,0.44919,-0.99089,-0.0971,0.11215,-1.03764,-0.49624,0.12995,-0.97652,-0.75222,-0.17669,-1.03087,-0.96848,-0.17425,-0.84052,-0.10698,0.12385,-0.8208,-0.49741,0.2187,-0.83242,-0.88541,0.10641,-0.78033,-1.04796,0.2499
45,-0.90548,-0.01476,0.12585,-0.87747,0.42155,0.03946,-0.89687,0.64825,0.04119,-1.07325,0.37444,0.08876,-1.08435,0.3461,0.33022,-0.9347,0.50386,0.48137,-0.83331,0.6279,0.55509,-0.68628,0.3429,0.0549,-0.63359,0.1056,0.06685,-0.72195,0.14367,0.31357,-0.81373,0.16913,0.46199,-0.98702,-0.09643,0.1282,-1.03245,-0.49473,0.16161,-0.98456,-0.75649,-0.14249,-1.03837,-0.97264,-0.13198,-0.83634,-0.10686,0.1337,-0.81585,-0.49861,0.22273,-0.83426,-0.88474,0.10505,-0.77865,-1.04915,0.24507
45.02,-0.90153,-0.01478,0.13726,-0.87738,0.42197,0.0519,-0.89949,0.64841,0.05399,-1.07168,0.3739,0.10591,-1.07476,0.35437,0.34848,-0.92525,0.52361,0.48682,-0.82789,0.65567,0.55147,-0.68556,0.34401,0.06223,-0.63121,0.107,0.0725,-0.71563,0.14467,0.32066,-0.80508,0.16877,0.47072,-0.98303,-0.09633,0.14293,-1.02728,-0.49306,0.19262,-0.99623,-0.76795,-0.10192,-1.05047,-0.98291,-0.07791,-0.83227,-0.107,0.14188,-0.81022,-0.4999,0.22534,-0.83407,-0.88429,0.10301,-0.77492,-1.05042,0.2395
45.04,-0.89765,-0.01494,0.14823,-0.87746,0.42232,0.06451,-0.90219,0.64849,0.06728,-1.07014,0.37316,0.12313,-1.06566,0.36053,0.36613,-0.91675,0.54114,0.48999,-0.82456,0.68115,0.54472,-0.68512,0.34514,0.06962,-0.62894,0.10844,0.0766,-0.70926,0.14525,0.32625,-0.79623,0.16789,0.47798,-0.97892,-0.09642,0.15718,-1.02095,-0.49099,0.22329,-1.00717,-0.78132,-0.05742,-1.06106,-0.99403,-0.01767,-0.82837,-0.10725,0.14944,-0.80463,-0.5012,0.22734,-0.83365,-0.88385,0.10077,-0.77102,-1.05164,0.23362
45.06,-0.89373,-0.01505,0.15942,-0.87721,0.42267,0.0773,-0.90451,0.64854,0.08084,-1.06819,0.37252,0.1405,-1.05609,0.3676,0.38352,-0.90897,0.55855,0.49319,-0.82247,0.70565,0.53767,-0.68453,0.34618,0.07723,-0.62676,0.10979,0.08151,-0.703,0.14584,0.33255,-0.78751,0.16704,0.48587,-0.97466,-0.09644,0.17167,-1.01287,-0.48838,0.25379,-1.01441,-0.79219,-0.01263,-1.06639,-1.00213,0.0417,-0.8246,-0.10747,0.15733,-0.7998,-0.50241,0.22964,-0.83467,-0.88322,0.09906,-0.7688,-1.05268,0.22818
45.08,-0.88986,-0.0151,0.17049,-0.8768,0.42308,0.0902,-0.90666,0.6486,0.09461,-1.06597,0.37198,0.15788,-1.04632,0.3751,0.40044,-0.90248,0.57614,0.49545,-0.82298,0.7299,0.52917,-0.68393,0.34722,0.08494,-0.62492,0.11112,0.08647,-0.69713,0.14669,0.33876,-0.77913,0.16652,0.49363,-0.97032,-0.09639,0.18604,-1.0035,-0.48511,0.28411,-1.01888,-0.80151,0.03323,-1.0678,-1.00797,0.10183,-0.82107,-0.10763,0.16506,-0.79592,-0.5035,0.23199,-0.8371,-0.88241,0.09777,-0.76841,-1.0535,0.22321
45.1,-0.88588,-0.0153,0.18172,-0.87623,0.42332,0.10337,-0.90839,0.6485,0.1089,-1.06348,0.37125,0.17552,-1.03663,0.38129,0.4172,-0.89608,0.59083,0.49765,-0.82346,0.74992,0.52033,-0.68332,0.34813,0.09287,-0.62276,0.11241,0.09115,-0.69072,0.14677,0.34479,-0.77013,0.16507,0.50117,-0.96572,-0.09652,0.20049,-0.99234,-0.48166,0.31353,-1.02026,-0.81072,0.08067,-1.06462,-1.0129,0.16364,-0.81753,-0.10791,0.17305,-0.79175,-0.50464,0.23435,-0.83926,-0.88158,0.09671,-0.76755,-1.05431,0.21815
45.12,-0.88162,-0.01581,0.19347,-0.87561,0.42322,0.11706,-0.90947,0.64811,0.12407,-1.06075,0.37009,0.19375,-1.02725,0.38452,0.43438,-0.888,0.59973,0.5009,-0.82031,0.76215,0.51255,-0.68276,0.34881,0.10123,-0.61962,0.11385,0.09524,-0.68281,0.14495,0.35052,-0.75958,0.16128,0.50844,-0.96065,-0.09706,0.21528,-0.97909,-0.4786,0.34142,-1.01821,-0.82096,0.13036,-1.05597,-1.01786,0.228,-0.81369,-0.10841,0.18183,-0.78587,-0.50597,0.23652,-0.83951,-0.88083,0.09548,-0.76379,-1.05524,0.21199
45.14,-0.87723,-0.01646,0.2054,-0.87484,0.42295,0.13104,-0.9101,0.64757,0.13972,-1.05773,0.36874,0.21225,-1.0179,0.38646,0.45169,-0.87967,0.60606,0.50461,-0.8165,0.7707,0.50532,-0.68219,0.34937,0.10984,-0.61626,0.11535,0.09904,-0.67439,0.14245,0.35598,-0.74846,0.15662,0.51539,-0.95532,-0.09778,0.23014,-0.96451,-0.47552,0.36818,-1.0126,-0.83057,0.18134,-1.04221,-1.0212,0.2932,-0.80979,-0.10901,0.1909,-0.77976,-0.50732,0.23851,-0.83951,-0.88,0.09419,-0.75972,-1.05609,0.20532
45.16,-0.87289,-0.01708,0.21728,-0.87387,0.4227,0.14512,-0.9105,0.64703,0.15551,-1.05442,0.36746,0.23074,-1.00831,0.38888,0.46875,-0.87237,0.61271,0.50816,-0.81473,0.77906,0.49799,-0.68159,0.34989,0.11858,-0.6133,0.11681,0.10304,-0.66638,0.14025,0.36143,-0.73773,0.15233,0.52225,-0.94994,-0.09846,0.24492,-0.94906,-0.47195,0.39433,-1.00354,-0.83807,0.23224,-1.02396,-1.02168,0.35714,-0.80609,-0.1096,0.19992,-0.77469,-0.50858,0.24057,-0.84093,-0.87899,0.09329,-0.75761,-1.05673,0.1991
45.18,-0.86861,-0.01758,0.22901,-0.87281,0.42259,0.15938,-0.9108,0.6466,0.17161,-1.05091,0.36629,0.24933,-0.9984,0.39157,0.48562,-0.86585,0.61946,0.51073,-0.81471,0.78685,0.48923,-0.68106,0.35055,0.12747,-0.61071,0.11847,0.10691,-0.65881,0.13797,0.3666,-0.72753,0.14783,0.52871,-0.94449,-0.099,0.2596,-0.93244,-0.46768,0.42009,-0.99131,-0.84353,0.28388,-1.00127,-1.01923,0.42083,-0.80259,-0.11007,0.20876,-0.77014,-0.50963,0.24233,-0.84368,-0.87774,0.09277,-0.75677,-1.05706,0.19288
45.2,-0.86416,-0.01835,0.24112,-0.87137,0.42214,0.17377,-0.91038,0.64586,0.18784,-1.04693,0.36489,0.26799,-0.98866,0.3934,0.50256,-0.8593,0.62413,0.5154,-0.8141,0.79164,0.48388,-0.6803,0.3508,0.13658,-0.60793,0.11983,0.11116,-0.65068,0.13569,0.37203,-0.71652,0.14349,0.53544,-0.93883,-0.09984,0.2744,-0.9153,-0.46382,0.44408,-0.97503,-0.84792,0.33371,-0.97392,-1.01515,0.48123,-0.79897,-0.1108,0.21815,-0.76623,-0.51085,0.24472,-0.84624,-0.87649,0.09244,-0.75671,-1.05742,0.18717
45.22,-0.8593,-0.01984,0.25418,-0.86931,0.42079,0.18815,-0.90876,0.64432,0.20396,-1.04227,0.36287,0.28669,-0.97972,0.39324,0.51992,-0.8514,0.62482,0.52569,-0.80949,0.79172,0.48715,-0.67908,0.35003,0.14591,-0.60432,0.12032,0.11628,-0.64095,0.13354,0.37823,-0.70323,0.13981,0.54309,-0.93286,-0.10146,0.28956,-0.89879,-0.4618,0.46511,-0.95453,-0.85273,0.37937,-0.94277,-1.01116,0.53585,-0.79487,-0.1122,0.22884,-0.76321,-0.51271,0.249,-0.84699,-0.87548,0.09195,-0.75702,-1.05824,0.1827
45.24,-0.85426,-0.02159,0.26766,-0.867,0.41912,0.20265,-0.9066,0.6425,0.22014,-1.03725,0.36062,0.30546,-0.971,0.39224,0.5375,-0.84285,0.624,0.53811,-0.80313,0.78997,0.4937,-0.67774,0.34889,0.15547,-0.60055,0.12055,0.1218,-0.63072,0.13149,0.38467,-0.68913,0.13645,0.55099,-0.92673,-0.10336,0.30489,-0.88242,-0.46045,0.48474,-0.93152,-0.85671,0.4227,-0.90918,-1.00598,0.58685,-0.79058,-0.11384,0.2401,-0.76061,-0.51475,0.25406,-0.84734,-0.87441,0.09156,-0.75776,-1.05905,0.17878
45.26,-0.84929,-0.02324,0.281,-0.86469,0.41758,0.21728,-0.90447,0.64078,0.23649,-1.03214,0.35846,0.32426,-0.96199,0.39155,0.55494,-0.8347,0.62372,0.54962,-0.79779,0.78854,0.49894,-0.67653,0.34789,0.16515,-0.59723,0.12094,0.12725,-0.621,0.12947,0.39086,-0.67562,0.13305,0.5585,-0.92059,-0.10514,0.32014,-0.86554,-0.45861,0.50413,-0.90665,-0.85873,0.46544,-0.87329,-0.99828,0.63614,-0.78648,-0.11538,0.2512,-0.75837,-0.5166,0.25896,-0.8489,-0.87307,0.09158,-0.75952,-1.05955,0.17502
45.28,-0.8444,-0.02485,0.2941,-0.86239,0.41608,0.23187,-0.90231,0.6391,0.25295,-1.02691,0.35634,0.34297,-0.95288,0.39092,0.57222,-0.82658,0.62341,0.56098,-0.79254,0.78661,0.50349,-0.67548,0.34694,0.17475,-0.59415,0.12153,0.13222,-0.61163,0.12739,0.3964,-0.66248,0.1294,0.56524,-0.91447,-0.10689,0.33512,-0.84817,-0.45636,0.52299,-0.87886,-0.85903,0.50869,-0.83393,-0.98759,0.68527,-0.78255,-0.11689,0.26206,-0.75691,-0.51834,0.26398,-0.85138,-0.87155,0.09193,-0.76264,-1.05985,0.17189
45.3,-0.83928,-0.02658,0.30781,-0.8598,0.41442,0.24686,-0.89967,0.63728,0.26951,-1.02136,0.35411,0.36192,-0.94366,0.38995,0.58976,-0.81836,0.62267,0.57319,-0.787,0.78442,0.51033,-0.67422,0.3458,0.18495,-0.59123,0.12181,0.13835,-0.60207,0.12563,0.40292,-0.64892,0.12651,0.57293,-0.90812,-0.10875,0.35061,-0.83111,-0.45469,0.54092,-0.85109,-0.85824,0.5468,-0.79538,-0.97693,0.72718,-0.77842,-0.11851,0.27364,-0.7551,-0.52009,0.2694,-0.85378,-0.86979,0.09263,-0.7655,-1.05992,0.1687
45.32,-0.83368,-0.02864,0.3229,-0.85667,0.41233,0.26264,-0.89623,0.63517,0.28613,-1.01537,0.35159,0.38139,-0.93445,0.38825,0.60797,-0.81015,0.62117,0.58717,-0.78117,0.78274,0.52273,-0.67241,0.34419,0.19643,-0.58834,0.12113,0.14735,-0.59175,0.12458,0.41213,-0.634,0.1255,0.58334,-0.90135,-0.11094,0.3673,-0.81531,-0.45467,0.55774,-0.82754,-0.85822,0.57451,-0.76316,-0.97094,0.75583,-0.77378,-0.12048,0.28682,-0.75177,-0.52198,0.27521,-0.8555,-0.8677,0.09356,-0.76671,-1.05964,0.16428
45.34,-0.82784,-0.03079,0.3386,-0.8533,0.41011,0.2788,-0.89245,0.63296,0.3028,-1.00914,0.34898,0.4011,-0.92517,0.38629,0.62646,-0.80184,0.61935,0.60194,-0.77501,0.78124,0.53736,-0.6704,0.34242,0.20848,-0.58548,0.1201,0.15754,-0.58117,0.12387,0.4223,-0.61857,0.1253,0.59463,-0.89435,-0.11321,0.38451,-0.80006,-0.45535,0.5739,-0.80576,-0.8587,0.59764,-0.73364,-0.96712,0.77867,-0.76891,-0.12253,0.30071,-0.7481,-0.52379,0.28129,-0.85716,-0.86524,0.09473,-0.76775,-1.05895,0.15961
45.36,-0.82206,-0.03287,0.35413,-0.84998,0.40797,0.29497,-0.88878,0.63082,0.31957,-1.00285,0.34644,0.42076,-0.91577,0.38446,0.64482,-0.79355,0.61767,0.6164,-0.76898,0.77962,0.55107,-0.66856,0.34074,0.2205,-0.58281,0.11926,0.16735,-0.57093,0.12311,0.43188,-0.60357,0.12488,0.60517,-0.88734,-0.11541,0.40155,-0.78454,-0.45574,0.58978,-0.78271,-0.85859,0.62127,-0.70257,-0.96206,0.80183,-0.76418,-0.12451,0.31443,-0.74518,-0.52542,0.28746,-0.85966,-0.8625,0.09626,-0.77008,-1.05791,0.15557
45.38,-0.81648,-0.0351,0.36923,-0.84674,0.40571,0.31103,-0.8851,0.62855,0.33642,-0.99655,0.34376,0.44025,-0.90652,0.38237,0.66303,-0.78546,0.61571,0.63091,-0.76313,0.77784,0.56524,-0.66692,0.33894,0.23238,-0.58031,0.11839,0.17681,-0.56078,0.12225,0.44088,-0.58857,0.1243,0.61501,-0.88055,-0.11775,0.4181,-0.76884,-0.45575,0.60544,-0.75787,-0.85766,0.64587,-0.66946,-0.95495,0.826,-0.75972,-0.12665,0.32774,-0.74289,-0.5271,0.29348,-0.86378,-0.85961,0.09826,-0.7741,-1.05664,0.15175
45.4,-0.81042,-0.03701,0.38537,-0.84324,0.40368,0.32765,-0.88127,0.62653,0.35338,-0.98995,0.34137,0.46021,-0.89672,0.38073,0.68155,-0.77701,0.61419,0.64554,-0.75688,0.77636,0.57924,-0.66502,0.33739,0.24505,-0.57783,0.11759,0.18745,-0.55082,0.12183,0.45086,-0.57383,0.12442,0.62568,-0.87317,-0.11979,0.43571,-0.75362,-0.45657,0.62039,-0.73609,-0.85779,0.66517,-0.64039,-0.9516,0.8434,-0.75477,-0.12844,0.34216,-0.74037,-0.52827,0.30029,-0.86646,-0.85609,0.10048,-0.7772,-1.05471,0.14855
45.42,-0.80315,-0.03813,0.4042,-0.83925,0.40219,0.34564,-0.87736,0.62513,0.37056,-0.98288,0.33967,0.48144,-0.88571,0.38032,0.70084,-0.7678,0.61397,0.66032,-0.75005,0.77562,0.59212,-0.66248,0.33644,0.25958,-0.57519,0.11693,0.20102,-0.54124,0.12236,0.46361,-0.55981,0.12611,0.63893,-0.86429,-0.12114,0.45611,-0.73967,-0.45963,0.6342,-0.72355,-0.86153,0.67295,-0.62275,-0.95916,0.84625,-0.7485,-0.12936,0.35932,-0.73705,-0.52826,0.30859,-0.86449,-0.85142,0.10216,-0.77665,-1.0516,0.1462
45.44,-0.7954,-0.0389,0.42405,-0.83512,0.40095,0.36427,-0.87353,0.62396,0.38797,-0.97563,0.33827,0.50322,-0.87431,0.38037,0.72046,-0.75849,0.61419,0.67526,-0.74319,0.77514,0.60483,-0.65976,0.33576,0.27494,-0.57253,0.11638,0.21584,-0.53187,0.1233,0.47743,-0.5461,0.12842,0.65313,-0.85483,-0.12216,0.47753,-0.72653,-0.46344,0.64751,-0.71543,-0.86632,0.67654,-0.61076,-0.97045,0.84367,-0.74173,-0.12991,0.37757,-0.73356,-0.52763,0.31778,-0.86128,-0.84592,0.10409,-0.77544,-1.04772,0.1445
45.46,-0.78784,-0.03977,0.44346,-0.83112,0.39963,0.38284,-0.86983,0.62269,0.40557,-0.96843,0.33675,0.52486,-0.86316,0.38018,0.73996,-0.7495,0.61415,0.69024,-0.73671,0.77444,0.61785,-0.65727,0.33502,0.2902,-0.57004,0.11585,0.2303,-0.52263,0.12412,0.49071,-0.53245,0.13049,0.66667,-0.84556,-0.12325,0.49844,-0.71349,-0.46679,0.66082,-0.70645,-0.87025,0.68206,-0.5979,-0.97952,0.84332,-0.73522,-0.13058,0.39541,-0.73067,-0.52697,0.32707,-0.85973,-0.84012,0.10669,-0.77605,-1.04356,0.14323
45.48,-0.78038,-0.04091,0.46285,-0.82738,0.39801,0.40157,-0.86648,0.6211,0.42334,-0.96139,0.33489,0.5466,-0.85218,0.37974,0.75942,-0.74085,0.61389,0.70546,-0.73076,0.77355,0.63128,-0.6551,0.33404,0.30562,-0.5677,0.11516,0.24492,-0.51357,0.12484,0.50397,-0.51905,0.13257,0.68006,-0.83629,-0.12468,0.51925,-0.70048,-0.47033,0.67386,-0.69803,-0.87416,0.68792,-0.5856,-0.98865,0.84277,-0.7289,-0.13146,0.41311,-0.72923,-0.52621,0.33566,-0.85968,-0.83423,0.10897,-0.77817,-1.03912,0.14221
45.5,-0.77261,-0.04139,0.48247,-0.82326,0.39704,0.42054,-0.86281,0.62014,0.44134,-0.95399,0.33372,0.56847,-0.84094,0.37981,0.77902,-0.73207,0.61402,0.72049,-0.72452,0.77291,0.64437,-0.65259,0.33364,0.32138,-0.56538,0.11492,0.25985,-0.50465,0.12592,0.51738,-0.50574,0.13481,0.6935,-0.82679,-0.12532,0.54029,-0.68849,-0.47348,0.68686,-0.69169,-0.87751,0.69256,-0.57666,-0.9974,0.84129,-0.7222,-0.13179,0.43138,-0.72605,-0.525,0.34655,-0.85843,-0.82726,0.11333,-0.77992,-1.03396,0.14231
45.52,-0.76406,-0.04014,0.5027,-0.81807,0.39775,0.43984,-0.85811,0.62086,0.4596,-0.94561,0.33447,0.59053,-0.82902,0.38131,0.79896,-0.72272,0.61522,0.73479,-0.71732,0.77279,0.65579,-0.64902,0.33475,0.3377,-0.56294,0.11585,0.27523,-0.49571,0.12779,0.5311,-0.49213,0.13732,0.70715,-0.81679,-0.1239,0.5621,-0.67835,-0.4753,0.70058,-0.68873,-0.87921,0.69474,-0.57357,-1.00464,0.83872,-0.71435,-0.13069,0.45118,-0.71751,-0.52309,0.36269,-0.85258,-0.818,0.12171,-0.77876,-1.02729,0.14354
45.54,-0.75523,-0.03823,0.52309,-0.81247,0.39911,0.45927,-0.85302,0.62222,0.47797,-0.93685,0.33594,0.61262,-0.8168,0.38336,0.81895,-0.71322,0.61679,0.74882,-0.70984,0.77288,0.66683,-0.64508,0.33642,0.35424,-0.56053,0.11718,0.29088,-0.4869,0.12993,0.54494,-0.4786,0.13992,0.72081,-0.80658,-0.12168,0.5841,-0.66924,-0.47662,0.7144,-0.68762,-0.87986,0.69589,-0.57341,-1.0109,0.83558,-0.70608,-0.12902,0.47146,-0.70671,-0.52094,0.38081,-0.8447,-0.80767,0.13175,-0.77613,-1.01945,0.14514
45.56,-0.74656,-0.03661,0.54325,-0.80708,0.40018,0.4787,-0.84818,0.62327,0.4964,-0.92822,0.33709,0.63466,-0.80471,0.38517,0.83878,-0.70402,0.6181,0.76302,-0.70278,0.77283,0.67844,-0.64143,0.33782,0.37076,-0.55826,0.1183,0.30655,-0.47829,0.13191,0.55865,-0.46535,0.14245,0.73421,-0.79646,-0.11981,0.6058,-0.66024,-0.47806,0.72794,-0.68659,-0.88016,0.69776,-0.57316,-1.01654,0.83289,-0.69803,-0.12759,0.49136,-0.69679,-0.51889,0.39807,-0.83772,-0.79734,0.14138,-0.77418,-1.01102,0.14655
45.58,-0.73772,-0.03502,0.56409,-0.80182,0.40112,0.49856,-0.84363,0.62416,0.51516,-0.91966,0.33815,0.65708,-0.79278,0.3869,0.85896,-0.69529,0.61924,0.77742,-0.69665,0.77204,0.68939,-0.63789,0.33911,0.38783,-0.55603,0.11934,0.32276,-0.46964,0.13391,0.57267,-0.45188,0.14497,0.74777,-0.78609,-0.11792,0.62821,-0.65086,-0.47912,0.74254,-0.68644,-0.87941,0.7003,-0.57419,-1.02143,0.83053,-0.68978,-0.12621,0.51202,-0.68819,-0.51654,0.41475,-0.83139,-0.7863,0.15017,-0.77332,-1.00159,0.14736
45.6,-0.72917,-0.03322,0.58354,-0.79628,0.40243,0.51781,-0.8386,0.62544,0.53361,-0.91079,0.33954,0.67878,-0.78051,0.38889,0.87833,-0.68609,0.62058,0.79152,-0.6893,0.77247,0.70197,-0.63427,0.3407,0.40415,-0.55397,0.12057,0.33836,-0.46152,0.13584,0.58606,-0.43933,0.14744,0.76062,-0.7761,-0.11586,0.64905,-0.6433,-0.48047,0.75509,-0.68656,-0.87873,0.70214,-0.57556,-1.02546,0.82814,-0.68182,-0.12458,0.53124,-0.67656,-0.5146,0.43288,-0.82348,-0.77545,0.16148,-0.7702,-0.99166,0.14953
45.62,-0.72153,-0.03096,0.59927,-0.79003,0.40473,0.53525,-0.83222,0.62777,0.55101,-0.90118,0.34171,0.69851,-0.76739,0.39158,0.8956,-0.67536,0.62267,0.80471,-0.67756,0.77661,0.71872,-0.6304,0.3431,0.41822,-0.5522,0.1223,0.35216,-0.45457,0.13764,0.59785,-0.42907,0.14996,0.77191,-0.76728,-0.11347,0.66577,-0.6402,-0.48282,0.76195,-0.68605,-0.87976,0.70175,-0.57563,-1.02888,0.82542,-0.67488,-0.12241,0.54651,-0.6566,-0.51356,0.45439,-0.81221,-0.76499,0.17897,-0.76254,-0.98104,0.15482
45.64,-0.71417,-0.02852,0.61356,-0.7834,0.4074,0.55195,-0.82521,0.63049,0.56795,-0.89116,0.34417,0.71739,-0.75383,0.39449,0.91192,-0.66399,0.625,0.81744,-0.66343,0.78139,0.73597,-0.62637,0.34581,0.43143,-0.55047,0.12424,0.36527,-0.44801,0.1394,0.609,-0.41959,0.15246,0.78255,-0.75886,-0.11095,0.68088,-0.63899,-0.48521,0.76681,-0.68581,-0.88109,0.7007,-0.57594,-1.0318,0.82294,-0.66822,-0.12002,0.56028,-0.63329,-0.51197,0.47673,-0.8003,-0.75436,0.19989,-0.75458,-0.96951,0.16321
45.66,-0.70665,-0.02618,0.62842,-0.77684,0.40988,0.56894,-0.81838,0.63301,0.58508,-0.88116,0.34647,0.7365,-0.74036,0.39724,0.92841,-0.65292,0.62713,0.83026,-0.64968,0.78497,0.75167,-0.62241,0.34837,0.44507,-0.54868,0.1261,0.37879,-0.44132,0.14118,0.6204,-0.40981,0.15495,0.79337,-0.75021,-0.10852,0.69658,-0.63741,-0.48706,0.77276,-0.68634,-0.8816,0.70047,-0.57737,-1.03426,0.82109,-0.66137,-0.11774,0.57466,-0.6113,-0.50943,0.49789,-0.7897,-0.74317,0.22071,-0.74889,-0.9571,0.1728
45.68,-0.69925,-0.02373,0.64366,-0.77034,0.41247,0.58627,-0.81176,0.63562,0.60239,-0.87115,0.3489,0.7559,-0.72705,0.40025,0.94519,-0.64229,0.62949,0.84323,-0.63514,0.78834,0.76698,-0.6186,0.35101,0.45908,-0.54698,0.12801,0.39294,-0.43477,0.1431,0.63234,-0.40022,0.15774,0.80465,-0.74161,-0.10591,0.71276,-0.63636,-0.48851,0.77882,-0.68752,-0.88164,0.7006,-0.57945,-1.03615,0.81965,-0.65478,-0.11541,0.58942,-0.58868,-0.50586,0.51871,-0.78047,-0.72909,0.24182,-0.7471,-0.94124,0.18177
45.7,-0.69166,-0.02149,0.65775,-0.76347,0.4149,0.60272,-0.80443,0.6381,0.61921,-0.8608,0.35109,0.77428,-0.71319,0.40271,0.96077,-0.6308,0.63137,0.85561,-0.62084,0.79063,0.78054,-0.61446,0.35354,0.47228,-0.54504,0.1299,0.40596,-0.42812,0.14476,0.64312,-0.39057,0.15994,0.81475,-0.73297,-0.10367,0.72749,-0.63557,-0.48978,0.78455,-0.689,-0.88149,0.70097,-0.58232,-1.0378,0.81893,-0.64772,-0.11315,0.60305,-0.56625,-0.5018,0.53874,-0.77015,-0.71919,0.26589,-0.74198,-0.92966,0.19778
45.72,-0.68348,-0.0198,0.66909,-0.75586,0.41686,0.61704,-0.79548,0.64021,0.63486,-0.84977,0.35256,0.79032,-0.69796,0.40374,0.97354,-0.61699,0.63204,0.8665,-0.6083,0.7916,0.79193,-0.6096,0.35579,0.4834,-0.54258,0.13177,0.41591,-0.42118,0.14579,0.65085,-0.38057,0.16062,0.82181,-0.72416,-0.10242,0.73869,-0.63437,-0.49122,0.78964,-0.68993,-0.88158,0.70122,-0.58578,-1.03971,0.819,-0.63928,-0.11105,0.61392,-0.54514,-0.49812,0.55795,-0.7554,-0.72159,0.295,-0.72386,-0.93181,0.22763
45.74,-0.67511,-0.01835,0.6793,-0.74793,0.41861,0.6305,-0.78586,0.64211,0.64996,-0.83844,0.35372,0.80536,-0.68227,0.40416,0.98507,-0.6024,0.6322,0.87668,-0.59648,0.79211,0.80259,-0.60446,0.35791,0.49371,-0.53995,0.13361,0.4247,-0.41417,0.14656,0.6574,-0.37052,0.16071,0.82767,-0.71531,-0.10156,0.74847,-0.63302,-0.49266,0.79415,-0.69064,-0.88169,0.70129,-0.58933,-1.0416,0.81916,-0.63038,-0.10906,0.62367,-0.52446,-0.49431,0.57693,-0.73812,-0.72843,0.32629,-0.6998,-0.93873,0.26278
45.76,-0.66683,-0.01683,0.68999,-0.74008,0.42039,0.64431,-0.77645,0.64403,0.66522,-0.82716,0.35494,0.8207,-0.66686,0.40476,0.99692,-0.58832,0.63251,0.88696,-0.58459,0.79274,0.81341,-0.59945,0.36005,0.50446,-0.53739,0.13547,0.43415,-0.40727,0.14746,0.66449,-0.36058,0.16107,0.834,-0.70648,-0.10054,0.75887,-0.63173,-0.49379,0.79873,-0.69167,-0.88141,0.70156,-0.59301,-1.04307,0.81928,-0.62172,-0.10707,0.6339,-0.50368,-0.48975,0.59585,-0.72097,-0.7328,0.35712,-0.67744,-0.94286,0.29625
45.78,-0.65852,-0.01512,0.70079,-0.73238,0.42233,0.65841,-0.76725,0.64607,0.68071,-0.81578,0.35623,0.83633,-0.65123,0.40567,1.00869,-0.57425,0.63316,0.8971,-0.57243,0.79375,0.82425,-0.59477,0.36246,0.51538,-0.53513,0.13757,0.44395,-0.40059,0.14871,0.67178,-0.35086,0.16186,0.84046,-0.69762,-0.09939,0.7693,-0.63085,-0.4946,0.80355,-0.69282,-0.88076,0.70194,-0.59736,-1.04414,0.81992,-0.61296,-0.10483,0.64421,-0.48236,-0.48419,0.61511,-0.70456,-0.73469,0.38892,-0.65648,-0.94438,0.33022
45.8,-0.65023,-0.01386,0.7111,-0.72428,0.42385,0.67176,-0.75743,0.6477,0.6955,-0.8044,0.35718,0.85097,-0.63605,0.40574,1.01989,-0.56031,0.63299,0.90696,-0.56135,0.79381,0.83462,-0.58947,0.36433,0.52594,-0.53234,0.13924,0.45311,-0.39363,0.14932,0.67848,-0.3409,0.16178,0.8463,-0.68882,-0.0986,0.77932,-0.62921,-0.49542,0.80758,-0.69407,-0.8801,0.70224,-0.60085,-1.04517,0.81967,-0.60432,-0.10311,0.65409,-0.46252,-0.47899,0.6334,-0.68459,-0.74069,0.42013,-0.62992,-0.94983,0.36536
45.82,-0.64214,-0.01376,0.72036,-0.71527,0.4243,0.68329,-0.74622,0.64829,0.70862,-0.79324,0.35736,0.86334,-0.62218,0.40368,1.03013,-0.54679,0.63067,0.91646,-0.55363,0.79114,0.84364,-0.58258,0.36478,0.53553,-0.52824,0.13971,0.46056,-0.38595,0.14812,0.68375,-0.33027,0.15937,0.85069,-0.68028,-0.09867,0.78862,-0.62541,-0.49663,0.80957,-0.6954,-0.87983,0.70213,-0.60128,-1.04655,0.81647,-0.59621,-0.10284,0.66309,-0.44641,-0.47592,0.64933,-0.65568,-0.75751,0.44882,-0.58938,-0.96514,0.4017
45.84,-0.63408,-0.0141,0.72915,-0.70587,0.42434,0.69404,-0.73437,0.64847,0.72099,-0.78216,0.35722,0.87474,-0.60879,0.40077,1.03991,-0.53336,0.62751,0.92577,-0.54688,0.78696,0.85166,-0.57503,0.3647,0.5447,-0.52361,0.13976,0.46731,-0.37798,0.14625,0.68841,-0.31942,0.15606,0.85445,-0.67181,-0.09908,0.79756,-0.62092,-0.49789,0.81088,-0.69656,-0.87958,0.70188,-0.60058,-1.04792,0.81223,-0.58823,-0.1031,0.67169,-0.43173,-0.4736,0.66419,-0.62219,-0.777,0.47724,-0.54228,-0.98166,0.43906
45.86,-0.62596,-0.01426,0.73811,-0.69659,0.42453,0.70506,-0.7227,0.64876,0.73354,-0.77099,0.35717,0.88646,-0.59522,0.39817,1.04973,-0.51988,0.62468,0.93506,-0.53933,0.78285,0.85954,-0.56772,0.36485,0.55403,-0.51919,0.14004,0.47444,-0.37018,0.1447,0.69332,-0.30877,0.15314,0.85841,-0.66327,-0.09935,0.80661,-0.61691,-0.49889,0.8126,-0.69762,-0.87899,0.7017,-0.60042,-1.04892,0.80849,-0.58015,-0.10313,0.68044,-0.41645,-0.47059,0.67923,-0.58892,-0.79263,0.50651,-0.49642,-0.99326,0.47623
45.88,-0.61804,-0.01435,0.74724,-0.68745,0.42479,0.71639,-0.71123,0.64908,0.74646,-0.75983,0.35716,0.8985,-0.58158,0.39564,1.05967,-0.50669,0.62191,0.94423,-0.5339,0.77762,0.86605,-0.5607,0.3651,0.56358,-0.51522,0.14046,0.48174,-0.36282,0.14332,0.69829,-0.29847,0.15039,0.86233,-0.65488,-0.09957,0.81583,-0.61267,-0.49962,0.81403,-0.69867,-0.87812,0.70167,-0.5995,-1.04956,0.80415,-0.57227,-0.10308,0.6893,-0.40099,-0.46701,0.69501,-0.55439,-0.80588,0.53713,-0.44947,-1.00134,0.51449
45.9,-0.60969,-0.01469,0.75591,-0.67785,0.42477,0.72687,-0.69908,0.64912,0.7583,-0.74858,0.35694,0.90956,-0.56825,0.39267,1.06904,-0.49304,0.61872,0.95337,-0.5243,0.77294,0.87376,-0.55291,0.36502,0.5726,-0.51025,0.14058,0.48869,-0.35467,0.14152,0.703,-0.28769,0.14712,0.86603,-0.64617,-0.09997,0.82462,-0.60887,-0.50041,0.81595,-0.69941,-0.87719,0.70137,-0.59967,-1.05019,0.80061,-0.56397,-0.10335,0.69783,-0.38628,-0.46408,0.70872,-0.51813,-0.81846,0.56617,-0.40075,-1.00744,0.55079
45.92,-0.60022,-0.01559,0.76351,-0.66714,0.42412,0.73535,-0.68544,0.64862,0.7676,-0.73713,0.35629,0.91833,-0.55557,0.38896,1.07708,-0.47793,0.61483,0.96268,-0.50275,0.7721,0.88686,-0.54319,0.36416,0.58037,-0.50265,0.13996,0.4948,-0.34437,0.13867,0.70712,-0.2755,0.14263,0.86941,-0.63662,-0.10074,0.83242,-0.6064,-0.50167,0.81949,-0.69965,-0.87637,0.70039,-0.60356,-1.05122,0.80001,-0.55449,-0.10435,0.70559,-0.37323,-0.46327,0.71721,-0.4796,-0.832,0.59068,-0.34957,-1.01294,0.58167
45.94,-0.59027,-0.01674,0.77066,-0.65595,0.42319,0.743,-0.67112,0.64783,0.77584,-0.72557,0.35545,0.92615,-0.5432,0.3848,1.08462,-0.46233,0.61041,0.97197,-0.4767,0.77114,0.90085,-0.53266,0.36296,0.58759,-0.49398,0.139,0.50055,-0.3332,0.13539,0.71095,-0.26276,0.13764,0.8726,-0.62669,-0.10169,0.8398,-0.6043,-0.503,0.82349,-0.69967,-0.87552,0.69932,-0.60875,-1.05222,0.8005,-0.54452,-0.10567,0.71301,-0.36087,-0.4634,0.72374,-0.43919,-0.84404,0.61297,-0.29673,-1.01557,0.60962
45.96,-0.58047,-0.0178,0.77799,-0.64491,0.42235,0.75096,-0.65699,0.64709,0.78442,-0.714,0.35467,0.93433,-0.53077,0.38069,1.09237,-0.44708,0.60598,0.98115,-0.45271,0.76859,0.91315,-0.52243,0.36187,0.59501,-0.48572,0.13817,0.50647,-0.32243,0.1323,0.71488,-0.25034,0.13287,0.87581,-0.61688,-0.10257,0.84736,-0.60196,-0.50406,0.82719,-0.69977,-0.87441,0.69851,-0.61339,-1.05284,0.80063,-0.53472,-0.10687,0.72057,-0.34825,-0.46316,0.73112,-0.39807,-0.85263,0.63567,-0.24391,-1.01375,0.63731
45.98,-0.57099,-0.0188,0.78539,-0.63411,0.42159,0.75917,-0.64328,0.64635,0.7934,-0.70267,0.3539,0.94273,-0.51837,0.37707,1.09998,-0.43159,0.60205,0.99052,-0.42774,0.7659,0.92542,-0.51248,0.36091,0.60264,-0.4778,0.13755,0.51242,-0.31204,0.12927,0.71879,-0.23823,0.12807,0.87894,-0.60737,-0.10342,0.85496,-0.59996,-0.50492,0.83118,-0.69987,-0.87307,0.6979,-0.61852,-1.05314,0.80127,-0.5252,-0.10799,0.72819,-0.3356,-0.46263,0.73851,-0.3553,-0.85838,0.65931,-0.18968,-1.00761,0.665
46,-0.56071,-0.01997,0.79256,-0.62269,0.4206,0.76667,-0.62852,0.64542,0.80126,-0.69082,0.35305,0.95045,-0.50609,0.37227,1.10772,-0.41654,0.59672,0.99938,-0.40401,0.76059,0.93545,-0.50174,0.35963,0.60972,-0.46891,0.13648,0.51829,-0.30076,0.12607,0.72262,-0.22554,0.12326,0.88209,-0.59712,-0.10437,0.86238,-0.59734,-0.50569,0.8347,-0.69986,-0.87163,0.69738,-0.62321,-1.05326,0.80159,-0.51495,-0.10935,0.73562,-0.32319,-0.46283,0.74544,-0.31357,-0.86133,0.67918,-0.13808,-0.99859,0.68863
46.02,-0.54849,-0.02155,0.7992,-0.60975,0.41908,0.77252,-0.61111,0.64406,0.80647,-0.67762,0.35203,0.95658,-0.49414,0.36462,1.11598,-0.40313,0.58808,1.00683,-0.38489,0.7507,0.94109,-0.48924,0.35756,0.61544,-0.45774,0.13423,0.524,-0.28727,0.12248,0.72632,-0.21137,0.11849,0.88545,-0.58505,-0.10556,0.86942,-0.59308,-0.50642,0.83675,-0.69967,-0.87012,0.69661,-0.62613,-1.05333,0.80032,-0.50299,-0.11129,0.74262,-0.3115,-0.46495,0.75143,-0.27602,-0.86299,0.69151,-0.09332,-0.98997,0.7065
46.04,-0.53545,-0.02328,0.80562,-0.59617,0.41734,0.77768,-0.59265,0.64246,0.81058,-0.66388,0.35095,0.96203,-0.48254,0.35583,1.12428,-0.39034,0.57807,1.01363,-0.36735,0.73886,0.94497,-0.47596,0.35519,0.62063,-0.44562,0.13152,0.52963,-0.27287,0.1187,0.72995,-0.19658,0.11371,0.88886,-0.57222,-0.10682,0.87628,-0.58815,-0.50699,0.83835,-0.69933,-0.86837,0.69579,-0.62847,-1.05315,0.79857,-0.49028,-0.11344,0.74944,-0.29998,-0.46776,0.75708,-0.24101,-0.86372,0.70212,-0.05276,-0.98133,0.7236
46.06,-0.5227,-0.02495,0.81213,-0.58282,0.41569,0.78309,-0.57463,0.64081,0.81507,-0.65034,0.34989,0.96772,-0.47113,0.3475,1.13237,-0.37746,0.56849,1.02047,-0.34961,0.72727,0.94898,-0.46293,0.35293,0.62602,-0.43386,0.12898,0.5353,-0.25886,0.11497,0.73357,-0.18207,0.10892,0.8922,-0.55966,-0.10806,0.88319,-0.58344,-0.50732,0.84021,-0.69898,-0.86631,0.69509,-0.63111,-1.0526,0.79715,-0.47782,-0.11549,0.75635,-0.2882,-0.47021,0.76298,-0.20622,-0.86296,0.71495,-0.01297,-0.97073,0.74267
46.08,-0.5103,-0.02662,0.81867,-0.56972,0.41405,0.78876,-0.5567,0.63907,0.81992,-0.63695,0.34879,0.97369,-0.45999,0.33979,1.14053,-0.36538,0.55964,1.02718,-0.33298,0.71607,0.95251,-0.45028,0.35074,0.63158,-0.42237,0.12656,0.54102,-0.24514,0.11121,0.7372,-0.1679,0.10393,0.89556,-0.5474,-0.10928,0.89019,-0.579,-0.50738,0.84187,-0.69857,-0.86399,0.69416,-0.63367,-1.05168,0.79558,-0.46577,-0.11756,0.76326,-0.27728,-0.4729,0.76842,-0.16948,-0.86039,0.72945,0.02863,-0.95652,0.76465
46.1,-0.49696,-0.0283,0.8251,-0.5559,0.41234,0.79375,-0.53829,0.63719,0.82375,-0.62308,0.34777,0.97894,-0.4491,0.33074,1.14827,-0.3524,0.54896,1.03354,-0.31585,0.70283,0.95553,-0.43665,0.34836,0.6367,-0.41009,0.12383,0.54662,-0.23071,0.10742,0.74075,-0.15299,0.0993,0.89884,-0.53433,-0.11054,0.89697,-0.57369,-0.50734,0.84387,-0.69802,-0.86131,0.69376,-0.63614,-1.0505,0.79428,-0.45267,-0.11961,0.77011,-0.26468,-0.47522,0.77476,-0.13942,-0.85809,0.74301,0.06136,-0.94605,0.78399
46.12,-0.48147,-0.03012,0.83131,-0.54043,0.4103,0.79704,-0.51885,0.63505,0.82519,-0.60821,0.34685,0.98241,-0.43894,0.31847,1.15496,-0.33741,0.53381,1.03898,-0.29744,0.68517,0.95779,-0.42063,0.34539,0.64079,-0.39607,0.12018,0.55187,-0.21474,0.10342,0.74414,-0.13632,0.09556,0.90189,-0.5195,-0.11201,0.90322,-0.56653,-0.50751,0.84674,-0.69731,-0.85824,0.69451,-0.63858,-1.04922,0.79352,-0.43706,-0.12173,0.77691,-0.2472,-0.47631,0.78391,-0.12466,-0.86,0.75151,0.07532,-0.94967,0.79269
46.14,-0.46502,-0.03192,0.83741,-0.52419,0.40819,0.79968,-0.49885,0.6328,0.8257,-0.5928,0.34603,0.98517,-0.42953,0.30505,1.16094,-0.32203,0.51688,1.04388,-0.27879,0.66572,0.95975,-0.40359,0.34225,0.64448,-0.38124,0.11626,0.55697,-0.19803,0.09934,0.74744,-0.11885,0.09211,0.90485,-0.50383,-0.11351,0.90924,-0.55839,-0.50761,0.84982,-0.69628,-0.85469,0.69552,-0.64072,-1.04758,0.79263,-0.42039,-0.12379,0.78365,-0.2281,-0.47698,0.79394,-0.11575,-0.86345,0.75784,0.08212,-0.95845,0.79719
46.16,-0.44885,-0.03367,0.84355,-0.50813,0.40613,0.80262,-0.47895,0.63051,0.82666,-0.57745,0.34518,0.98825,-0.42065,0.2924,1.16674,-0.30756,0.50073,1.04866,-0.26099,0.64688,0.96166,-0.38686,0.33923,0.64835,-0.36663,0.11254,0.56214,-0.18155,0.09523,0.75076,-0.10164,0.08841,0.90781,-0.48837,-0.11496,0.91534,-0.55039,-0.50746,0.85269,-0.69501,-0.85078,0.69618,-0.64264,-1.0455,0.79141,-0.40407,-0.12581,0.79036,-0.20989,-0.47787,0.80341,-0.10444,-0.86606,0.76503,0.09185,-0.96466,0.80345
46.18,-0.4333,-0.0357,0.84975,-0.49241,0.40381,0.80556,-0.4592,0.62781,0.82775,-0.56254,0.34412,0.99129,-0.41289,0.28083,1.17248,-0.29537,0.48555,1.05243,-0.24683,0.62891,0.96195,-0.37047,0.33587,0.65228,-0.35255,0.10852,0.56728,-0.16558,0.09084,0.754,-0.08493,0.08439,0.91069,-0.47361,-0.11661,0.92153,-0.54315,-0.50722,0.85512,-0.69395,-0.84676,0.69622,-0.64475,-1.04313,0.78975,-0.38832,-0.12816,0.7973,-0.19138,-0.47855,0.81362,-0.09287,-0.8683,0.77271,0.10162,-0.97075,0.81021
46.2,-0.41626,-0.03712,0.85578,-0.47568,0.40201,0.80835,-0.43882,0.62564,0.82844,-0.54647,0.34352,0.99421,-0.40488,0.2679,1.17715,-0.28061,0.46858,1.05708,-0.22788,0.60914,0.96456,-0.35307,0.33316,0.65602,-0.33716,0.10515,0.57241,-0.14843,0.08686,0.75729,-0.06703,0.08084,0.9136,-0.45722,-0.11783,0.92742,-0.5338,-0.50663,0.85821,-0.69174,-0.84183,0.69703,-0.64581,-1.04012,0.78812,-0.37117,-0.12977,0.80374,-0.17327,-0.47948,0.82252,-0.08357,-0.87107,0.77893,0.10898,-0.9776,0.81499
46.22,-0.39518,-0.03686,0.86144,-0.45639,0.40167,0.81078,-0.41699,0.62509,0.82808,-0.52745,0.34415,0.99685,-0.39593,0.2514,1.17942,-0.25861,0.44647,1.06443,-0.19545,0.58376,0.97354,-0.33305,0.33229,0.65928,-0.31833,0.10352,0.57757,-0.12817,0.08402,0.76084,-0.04593,0.07865,0.91675,-0.43646,-0.11785,0.93258,-0.51958,-0.50525,0.86307,-0.68735,-0.83499,0.70056,-0.64496,-1.03581,0.78775,-0.35024,-0.12934,0.80898,-0.15632,-0.48128,0.82761,-0.07878,-0.87521,0.78181,0.11206,-0.98556,0.81547
46.24,-0.37265,-0.03597,0.8669,-0.43614,0.40185,0.81308,-0.39459,0.62511,0.8273,-0.50734,0.34523,0.99937,-0.38774,0.23424,1.17995,-0.23555,0.42215,1.07197,-0.16002,0.55502,0.984,-0.31205,0.33212,0.66235,-0.29817,0.10256,0.58272,-0.10673,0.08169,0.76451,-0.02368,0.07704,0.92,-0.41411,-0.11742,0.93741,-0.50327,-0.50364,0.86882,-0.68193,-0.82717,0.70545,-0.64343,-1.03068,0.78808,-0.32795,-0.12814,0.8137,-0.13985,-0.48329,0.83126,-0.07623,-0.87946,0.78342,0.11275,-0.99375,0.81423
46.26,-0.35088,-0.03534,0.87238,-0.41633,0.4018,0.81546,-0.37245,0.62478,0.82676,-0.48772,0.34609,1.00195,-0.38112,0.21885,1.17993,-0.21577,0.39889,1.07806,-0.12945,0.52652,0.99228,-0.29154,0.33166,0.66551,-0.27859,0.10137,0.58785,-0.08588,0.07922,0.76814,-0.00204,0.07519,0.92323,-0.39255,-0.11716,0.94233,-0.48758,-0.50209,0.87439,-0.67665,-0.8192,0.71014,-0.64227,-1.02518,0.78836,-0.30639,-0.12726,0.81856,-0.12337,-0.48508,0.83544,-0.07307,-0.88293,0.78575,0.1139,-1.00114,0.81395
46.28,-0.32865,-0.03483,0.87815,-0.39634,0.40149,0.81763,-0.35012,0.62412,0.82607,-0.46814,0.3468,1.00426,-0.37646,0.20532,1.17979,-0.19823,0.37562,1.08303,-0.10199,0.49728,0.99916,-0.27056,0.33091,0.6687,-0.2588,0.09986,0.59314,-0.06497,0.07603,0.77201,0.01979,0.0728,0.92661,-0.37068,-0.117,0.94747,-0.4732,-0.49994,0.87915,-0.67238,-0.81083,0.71497,-0.64194,-1.01878,0.78953,-0.28431,-0.1265,0.82381,-0.10637,-0.48693,0.83986,-0.07,-0.88609,0.78861,0.11488,-1.00818,0.81389
46.3,-0.30707,-0.03392,0.88326,-0.37647,0.40177,0.82018,-0.32801,0.62401,0.82564,-0.4483,0.34784,1.00703,-0.37149,0.19179,1.17727,-0.18137,0.35283,1.08751,-0.07496,0.46732,1.00587,-0.25021,0.33086,0.67182,-0.23902,0.09918,0.59814,-0.04397,0.07435,0.77554,0.04136,0.07156,0.92984,-0.34913,-0.1165,0.95207,-0.45559,-0.49874,0.88589,-0.66554,-0.80199,0.72082,-0.64011,-1.01236,0.79027,-0.26304,-0.12529,0.82816,-0.0908,-0.48851,0.8433,-0.0678,-0.88848,0.79057,0.11479,-1.01443,0.81342
46.32,-0.28751,-0.03203,0.88663,-0.35717,0.40366,0.82386,-0.30668,0.62551,0.82579,-0.42778,0.34982,1.0112,-0.3644,0.1762,1.16953,-0.16356,0.33065,1.09249,-0.04538,0.43529,1.01386,-0.23192,0.33266,0.6747,-0.21971,0.10062,0.60232,-0.02292,0.07683,0.77794,0.062,0.07346,0.93245,-0.32871,-0.1152,0.95526,-0.42938,-0.50038,0.89767,-0.65224,-0.79215,0.72888,-0.63509,-1.00616,0.78916,-0.24427,-0.12293,0.83014,-0.07894,-0.48937,0.84468,-0.06709,-0.88959,0.79021,0.11288,-1.01941,0.81226
46.34,-0.26868,-0.02977,0.88934,-0.33801,0.40616,0.82792,-0.28563,0.62758,0.82614,-0.40701,0.35216,1.01581,-0.35817,0.16159,1.15909,-0.14668,0.30846,1.09717,-0.01678,0.40086,1.02175,-0.21429,0.33515,0.6775,-0.20045,0.10287,0.60619,-0.00177,0.08087,0.7799,0.0824,0.07648,0.9348,-0.30872,-0.11356,0.95789,-0.39954,-0.50263,0.91104,-0.63588,-0.78125,0.73841,-0.62861,-0.99841,0.78856,-0.22645,-0.12015,0.83128,-0.06865,-0.48991,0.84535,-0.06724,-0.89008,0.78923,0.10995,-1.0237,0.81099
46.36,-0.2496,-0.02772,0.89232,-0.31878,0.40836,0.83176,-0.2645,0.62926,0.8264,-0.38643,0.35431,1.02013,-0.35424,0.15014,1.14863,-0.1324,0.28661,1.10071,0.00748,0.36557,1.02793,-0.1963,0.33729,0.68035,-0.18108,0.10475,0.61017,0.01934,0.08419,0.78205,0.10293,0.0789,0.93723,-0.28864,-0.11209,0.96074,-0.37088,-0.50408,0.92331,-0.62002,-0.76973,0.74826,-0.62263,-0.98885,0.78961,-0.20831,-0.11761,0.83284,-0.05792,-0.49046,0.84651,-0.06737,-0.89033,0.78904,0.10701,-1.02769,0.81023
46.38,-0.2301,-0.02546,0.89539,-0.29922,0.41073,0.83557,-0.24319,0.63105,0.82614,-0.36523,0.35673,1.02453,-0.35234,0.14133,1.13708,-0.12016,0.26431,1.10391,0.02888,0.3268,1.03335,-0.17822,0.33953,0.68303,-0.16165,0.10671,0.61409,0.04058,0.08759,0.784,0.12369,0.08123,0.9394,-0.26818,-0.11047,0.96356,-0.34151,-0.50498,0.93523,-0.60417,-0.75602,0.75839,-0.61827,-0.97625,0.79039,-0.18988,-0.1148,0.83436,-0.04715,-0.49064,0.84815,-0.06769,-0.88992,0.7895,0.10362,-1.03113,0.81045
46.4,-0.21169,-0.02356,0.89814,-0.28029,0.41287,0.83946,-0.22239,0.63255,0.82685,-0.34519,0.3587,1.02876,-0.35057,0.13544,1.12549,-0.10995,0.24425,1.1056,0.04549,0.29132,1.0369,-0.16042,0.34166,0.68603,-0.14227,0.10869,0.618,0.06156,0.09119,0.78616,0.14401,0.0838,0.94187,-0.24873,-0.10905,0.96629,-0.31177,-0.50589,0.94733,-0.58567,-0.74403,0.76969,-0.60964,-0.96432,0.79474,-0.17244,-0.11247,0.83586,-0.03726,-0.49111,0.84921,-0.06836,-0.88958,0.78975,0.10013,-1.03425,0.80997
46.42,-0.19604,-0.0228,0.90008,-0.26306,0.41415,0.84353,-0.20269,0.63312,0.83015,-0.32837,0.35925,1.03247,-0.34623,0.13091,1.11477,-0.10057,0.22927,1.10439,0.05791,0.26804,1.03746,-0.14326,0.34331,0.68988,-0.12319,0.11046,0.62199,0.08181,0.09493,0.78892,0.16303,0.08683,0.94524,-0.23183,-0.10836,0.96881,-0.28232,-0.50735,0.96001,-0.56227,-0.73805,0.78199,-0.59061,-0.95801,0.8052,-0.15733,-0.11162,0.83734,-0.02906,-0.49273,0.84846,-0.06944,-0.89035,0.78887,0.09708,-1.03758,0.80684
46.44,-0.18148,-0.02241,0.90173,-0.24646,0.41516,0.84765,-0.18343,0.63339,0.83443,-0.31273,0.35936,1.03599,-0.34077,0.12743,1.10421,-0.09142,0.2166,1.10202,0.06913,0.24973,1.03703,-0.12636,0.34478,0.69403,-0.10419,0.11215,0.62603,0.10173,0.0988,0.79201,0.18156,0.09006,0.94901,-0.21592,-0.10788,0.97125,-0.25261,-0.50847,0.97276,-0.53641,-0.73422,0.79449,-0.56673,-0.95392,0.8177,-0.14318,-0.11128,0.83881,-0.02166,-0.49467,0.84709,-0.07072,-0.89135,0.78773,0.0941,-1.04078,0.80291
46.46,-0.16647,-0.02182,0.90357,-0.22956,0.4163,0.85168,-0.16398,0.63376,0.83823,-0.29656,0.35975,1.03954,-0.33597,0.12569,1.09334,-0.08305,0.20394,1.09965,0.07954,0.22979,1.03645,-0.10932,0.34626,0.69801,-0.08509,0.11381,0.63009,0.12175,0.10258,0.79509,0.20034,0.09313,0.95267,-0.1996,-0.10726,0.97376,-0.22258,-0.50871,0.98496,-0.51069,-0.72889,0.80663,-0.54366,-0.94828,0.82915,-0.12868,-0.11069,0.84034,-0.0141,-0.49625,0.84622,-0.07203,-0.89179,0.78726,0.0909,-1.04352,0.79989
46.48,-0.1513,-0.02135,0.90518,-0.21238,0.41732,0.85562,-0.14398,0.63388,0.84162,-0.2801,0.35999,1.04299,-0.33169,0.1252,1.08097,-0.07576,0.19146,1.09643,0.08838,0.20939,1.0345,-0.09206,0.34764,0.70185,-0.06614,0.11534,0.63403,0.14186,0.10626,0.79769,0.219,0.09583,0.95592,-0.18306,-0.1068,0.97599,-0.1919,-0.50844,0.99677,-0.48535,-0.72033,0.81713,-0.52243,-0.93922,0.83802,-0.11387,-0.11016,0.84165,-0.00637,-0.49778,0.84559,-0.07347,-0.89198,0.78733,0.0874,-1.04607,0.79758
46.5,-0.13671,-0.02073,0.90718,-0.19576,0.41843,0.85956,-0.12503,0.63425,0.8458,-0.26441,0.36047,1.0464,-0.32593,0.1263,1.07115,-0.06782,0.18116,1.09357,0.09765,0.19233,1.03362,-0.07516,0.349,0.70589,-0.04683,0.11694,0.63823,0.16164,0.11005,0.8014,0.23781,0.09907,0.96007,-0.16718,-0.10606,0.9787,-0.1618,-0.50721,1.00818,-0.45751,-0.71698,0.82977,-0.49491,-0.93576,0.85127,-0.09992,-0.10962,0.8434,0.00059,-0.49913,0.8448,-0.07485,-0.89194,0.78736,0.08417,-1.0481,0.79484
46.52,-0.12345,-0.01956,0.91036,-0.18056,0.41994,0.86351,-0.10891,0.63559,0.85202,-0.25069,0.36174,1.04972,-0.31677,0.12826,1.06845,-0.05711,0.17449,1.09232,0.1101,0.18198,1.03678,-0.05918,0.35047,0.71048,-0.02658,0.11888,0.64314,0.18053,0.11426,0.80811,0.25713,0.10421,0.96663,-0.15288,-0.10439,0.9829,-0.13356,-0.50457,1.019,-0.42386,-0.72836,0.84892,-0.4518,-0.94786,0.87663,-0.08815,-0.10893,0.8464,0.00572,-0.50008,0.84354,-0.076,-0.89174,0.7869,0.08182,-1.04925,0.79048
46.54,-0.11072,-0.01826,0.91394,-0.16593,0.42152,0.86745,-0.09391,0.63719,0.85896,-0.23773,0.36323,1.053,-0.30615,0.13019,1.06848,-0.04526,0.16928,1.09162,0.1237,0.17428,1.04134,-0.04359,0.3519,0.71526,-0.00598,0.12094,0.64839,0.19909,0.11862,0.81594,0.27655,0.11006,0.97413,-0.13918,-0.10246,0.98759,-0.10595,-0.50119,1.02921,-0.38674,-0.74447,0.87029,-0.40121,-0.96411,0.90601,-0.07718,-0.10823,0.84987,0.00999,-0.50087,0.8423,-0.07719,-0.89146,0.78641,0.07959,-1.05004,0.78577
46.56,-0.09774,-0.01707,0.91733,-0.15103,0.423,0.87134,-0.07845,0.63857,0.86541,-0.22439,0.3646,1.05623,-0.29597,0.13225,1.06731,-0.03405,0.16378,1.09045,0.13629,0.16551,1.04485,-0.02782,0.35325,0.71989,0.01448,0.12293,0.6536,0.21779,0.12288,0.8233,0.29585,0.1156,0.98126,-0.12516,-0.10071,0.99201,-0.07788,-0.49744,1.03884,-0.3495,-0.75696,0.88999,-0.3519,-0.97588,0.93236,-0.0658,-0.10756,0.85318,0.01442,-0.50158,0.84151,-0.07856,-0.89096,0.78651,0.07693,-1.05074,0.78198
46.58,-0.08486,-0.01565,0.92076,-0.13612,0.42468,0.87493,-0.06293,0.6401,0.87173,-0.2112,0.36631,1.05914,-0.28624,0.13487,1.06544,-0.02344,0.15819,1.08837,0.14823,0.15634,1.04806,-0.01195,0.35466,0.7244,0.03472,0.125,0.65876,0.23613,0.12734,0.83069,0.31506,0.12166,0.98828,-0.11117,-0.09865,0.99654,-0.04911,-0.49281,1.04765,-0.31124,-0.76728,0.90896,-0.30155,-0.98478,0.95721,-0.05464,-0.10672,0.8566,0.01865,-0.50194,0.84086,-0.08004,-0.89011,0.78731,0.07417,-1.05095,0.77844
46.6,-0.07186,-0.01468,0.92419,-0.12131,0.42591,0.87888,-0.04783,0.64125,0.87815,-0.19783,0.36744,1.06247,-0.27502,0.13665,1.06545,-0.01168,0.15361,1.08766,0.16084,0.14864,1.05146,0.00364,0.35576,0.72906,0.05544,0.12696,0.66426,0.25501,0.1315,0.83828,0.33434,0.12709,0.99572,-0.09715,-0.09717,1.00087,-0.02146,-0.48837,1.05614,-0.27092,-0.77938,0.92821,-0.24785,-0.99435,0.98282,-0.04318,-0.10622,0.85998,0.02269,-0.50259,0.84077,-0.08158,-0.88939,0.78787,0.07108,-1.05148,0.77567
46.62,-0.05849,-0.01491,0.92748,-0.10659,0.42601,0.88393,-0.03346,0.64147,0.88491,-0.18378,0.36696,1.06705,-0.26038,0.13597,1.06998,0.00317,0.15091,1.09114,0.17578,0.1441,1.05569,0.01857,0.35615,0.73415,0.07741,0.12876,0.67041,0.27558,0.13468,0.84599,0.354,0.13015,1.00387,-0.08308,-0.09724,1.00455,0.00274,-0.48551,1.06544,-0.22709,-0.79703,0.94959,-0.18836,-1.00737,1.01269,-0.03077,-0.10659,0.86306,0.02666,-0.50417,0.84171,-0.08318,-0.88919,0.78714,0.06735,-1.05322,0.77444
46.64,-0.04497,-0.0156,0.93077,-0.09191,0.42565,0.88942,-0.01938,0.6413,0.89184,-0.16948,0.36586,1.07214,-0.24438,0.13434,1.0764,0.0193,0.14894,1.09629,0.19177,0.14091,1.06042,0.03326,0.35625,0.73943,0.09984,0.13068,0.67685,0.29679,0.13773,0.85374,0.37392,0.13261,1.01225,-0.06899,-0.09791,1.00805,0.0258,-0.48309,1.07491,-0.18066,-0.81502,0.97252,-0.12567,-1.01872,1.04468,-0.01803,-0.10732,0.86607,0.03055,-0.50598,0.84306,-0.0848,-0.88904,0.78609,0.06338,-1.05524,0.77392
46.66,-0.03146,-0.0161,0.93409,-0.07716,0.42546,0.8947,-0.0051,0.64125,0.89864,-0.15523,0.36503,1.077,-0.22891,0.13314,1.08202,0.0349,0.14667,1.10071,0.20733,0.1372,1.06494,0.04811,0.35643,0.74463,0.12201,0.13283,0.68319,0.31776,0.14111,0.86137,0.39388,0.13564,1.02035,-0.05486,-0.09833,1.01164,0.04965,-0.48002,1.08386,-0.13325,-0.82924,0.99509,-0.06292,-1.02506,1.0753,-0.00539,-0.1079,0.86914,0.03442,-0.50743,0.84445,-0.08646,-0.88851,0.78569,0.0594,-1.05676,0.77367
46.68,-0.01819,-0.01648,0.9373,-0.06239,0.4254,0.89979,0.00926,0.64129,0.90541,-0.14109,0.3644,1.08163,-0.21367,0.13217,1.08737,0.05028,0.14433,1.10507,0.22266,0.13302,1.06963,0.06302,0.35664,0.74971,0.14398,0.1352,0.68935,0.3387,0.14425,0.86861,0.41408,0.13795,1.0279,-0.04095,-0.09861,1.01515,0.07277,-0.47656,1.09288,-0.084,-0.84147,1.01841,0.00135,-1.02751,1.10691,0.00704,-0.10838,0.87217,0.03811,-0.5086,0.84611,-0.0883,-0.88763,0.78578,0.05518,-1.05794,0.77409
46.7,-0.00439,-0.01725,0.94073,-0.04756,0.4249,0.9053,0.02352,0.64094,0.91213,-0.12656,0.36321,1.08677,-0.19767,0.13056,1.09368,0.0664,0.14227,1.10995,0.23864,0.13001,1.07417,0.07783,0.35658,0.75501,0.16623,0.13766,0.69593,0.35985,0.14832,0.87629,0.43416,0.14194,1.03609,-0.02655,-0.09936,1.01877,0.09717,-0.47319,1.10104,-0.0346,-0.8504,1.04076,0.06462,-1.02608,1.13571,0.01996,-0.10917,0.8753,0.04202,-0.50989,0.84778,-0.0899,-0.88678,0.78582,0.05114,-1.05914,0.7745
46.72,0.01075,-0.01899,0.94465,-0.03265,0.42334,0.91181,0.03746,0.6397,0.91864,-0.11114,0.36061,1.09315,-0.17994,0.12734,1.1021,0.08419,0.1408,1.1157,0.25609,0.12995,1.0779,0.09235,0.3559,0.76079,0.1892,0.14012,0.70342,0.3814,0.1542,0.88507,0.45359,0.14947,1.04589,-0.01094,-0.10132,1.02259,0.12545,-0.47022,1.10707,0.01323,-0.85546,1.05933,0.12494,-1.02226,1.15642,0.03408,-0.11075,0.87862,0.04653,-0.51175,0.84927,-0.09095,-0.88632,0.78536,0.04751,-1.06077,0.77436
46.74,0.02642,-0.02112,0.9488,-0.01766,0.42134,0.91875,0.05133,0.63807,0.92516,-0.09529,0.35745,1.10005,-0.16146,0.12351,1.11139,0.10267,0.13958,1.12191,0.27409,0.13097,1.08145,0.10677,0.35495,0.7668,0.21243,0.14286,0.71124,0.40295,0.16121,0.89426,0.47255,0.1588,1.05627,0.00516,-0.10376,1.02654,0.1548,-0.46722,1.11213,0.06036,-0.85842,1.07577,0.18368,-1.0167,1.17306,0.04869,-0.11264,0.88207,0.05122,-0.51368,0.85076,-0.09183,-0.88583,0.78498,0.04398,-1.06237,0.77424
46.76,0.04187,-0.02309,0.95291,-0.00263,0.4195,0.92555,0.06534,0.63656,0.93175,-0.07954,0.35452,1.10677,-0.14326,0.12003,1.12029,0.12083,0.13821,1.12798,0.29178,0.13137,1.08523,0.12128,0.35406,0.77276,0.2354,0.14598,0.71883,0.42424,0.16837,0.90315,0.49143,0.16794,1.06619,0.02108,-0.10598,1.0305,0.18329,-0.46374,1.1172,0.10807,-0.85995,1.09177,0.24249,-1.00877,1.1893,0.06308,-0.1144,0.88556,0.05574,-0.51524,0.85249,-0.09287,-0.88493,0.78518,0.04028,-1.0635,0.77468
46.78,0.05724,-0.02502,0.95675,0.01248,0.41771,0.93213,0.0794,0.63509,0.93809,-0.06387,0.35163,1.11319,-0.12494,0.11657,1.12899,0.13905,0.13697,1.13384,0.30944,0.13203,1.08866,0.13596,0.35322,0.77859,0.25815,0.14941,0.72605,0.44597,0.17413,0.91111,0.51103,0.17441,1.07501,0.03677,-0.10818,1.03414,0.21223,-0.45933,1.12204,0.15865,-0.85961,1.10808,0.30447,-0.99736,1.20549,0.07736,-0.11611,0.88877,0.06024,-0.51657,0.85474,-0.09406,-0.88366,0.78602,0.03618,-1.06442,0.77652
46.8,0.0729,-0.02711,0.96123,0.02761,0.4157,0.93926,0.09355,0.6334,0.94497,-0.04781,0.34855,1.12032,-0.10657,0.11305,1.13818,0.15729,0.13554,1.14024,0.32712,0.13228,1.09284,0.15042,0.35218,0.78479,0.28102,0.15324,0.73385,0.46635,0.18363,0.92057,0.52864,0.18689,1.08551,0.05301,-0.11052,1.0385,0.23993,-0.45573,1.12632,0.20395,-0.85817,1.12083,0.35872,-0.98675,1.21696,0.09197,-0.11799,0.89266,0.06468,-0.5177,0.85654,-0.09509,-0.88228,0.78698,0.03257,-1.06485,0.77709
46.82,0.0891,-0.02962,0.96728,0.04268,0.41319,0.9478,0.10783,0.63113,0.95331,-0.03086,0.34505,1.12926,-0.08836,0.10935,1.14851,0.17537,0.13337,1.14787,0.34481,0.13109,1.09904,0.16413,0.35065,0.79186,0.30431,0.15778,0.74303,0.48233,0.20238,0.93396,0.5397,0.21452,1.10027,0.07054,-0.11323,1.04467,0.26465,-0.45513,1.12978,0.23485,-0.8581,1.12607,0.3936,-0.9838,1.21948,0.10723,-0.12031,0.89822,0.06897,-0.51862,0.85681,-0.09568,-0.88095,0.78691,0.03036,-1.06434,0.77243
46.84,0.1056,-0.03226,0.97399,0.0578,0.41051,0.95695,0.12223,0.62866,0.96227,-0.01348,0.34139,1.13894,-0.07007,0.10556,1.15933,0.19351,0.131,1.15604,0.36259,0.12951,1.10594,0.17763,0.34895,0.79937,0.32759,0.16307,0.75259,0.49533,0.22428,0.94817,0.54608,0.24689,1.11553,0.08865,-0.11606,1.05154,0.28819,-0.45577,1.13277,0.25989,-0.85884,1.12838,0.42079,-0.98424,1.21845,0.12282,-0.12278,0.90447,0.07308,-0.51911,0.85683,-0.09614,-0.87932,0.78683,0.02854,-1.06306,0.76628
46.86,0.12204,-0.03478,0.9805,0.073,0.40794,0.96593,0.13672,0.62631,0.97108,0.00382,0.33785,1.14836,-0.05165,0.10186,1.16993,0.21174,0.1288,1.16404,0.38038,0.12818,1.11249,0.19131,0.34737,0.80682,0.35049,0.16889,0.76169,0.50763,0.24433,0.96106,0.55137,0.27559,1.12901,0.10657,-0.11876,1.05816,0.31198,-0.45584,1.13566,0.28704,-0.85913,1.13148,0.45075,-0.98319,1.2183,0.13832,-0.12513,0.91053,0.07697,-0.51915,0.85755,-0.09678,-0.87719,0.78756,0.02631,-1.06134,0.76169
46.88,0.13815,-0.03756,0.9866,0.08822,0.40514,0.97473,0.15118,0.62373,0.97976,0.02112,0.33404,1.15754,-0.03334,0.09794,1.18037,0.22983,0.12619,1.17166,0.39817,0.12646,1.11911,0.20491,0.34556,0.81406,0.37295,0.17511,0.77002,0.51861,0.26301,0.97297,0.55512,0.30159,1.14113,0.12414,-0.12175,1.06432,0.33626,-0.45544,1.13834,0.31576,-0.85899,1.13447,0.48247,-0.98111,1.21826,0.15345,-0.12772,0.91617,0.08103,-0.51919,0.85849,-0.09762,-0.87458,0.7873,0.0235,-1.05913,0.75577
46.9,0.15502,-0.0398,0.9937,0.10364,0.40279,0.98416,0.16598,0.62157,0.98904,0.03873,0.33075,1.1674,-0.01456,0.09448,1.1912,0.24834,0.12435,1.18014,0.41609,0.12542,1.12574,0.21876,0.34421,0.822,0.39528,0.18221,0.77924,0.5277,0.28316,0.98516,0.55528,0.32935,1.1531,0.14257,-0.12415,1.07151,0.35889,-0.45615,1.1408,0.33946,-0.85974,1.13623,0.50811,-0.9817,1.21629,0.16942,-0.12981,0.92288,0.08457,-0.51798,0.86008,-0.09802,-0.87152,0.78968,0.02159,-1.05608,0.75283
46.92,0.17389,-0.04062,1.00341,0.11941,0.40163,0.99524,0.1815,0.62048,0.99982,0.05694,0.32882,1.17902,0.00533,0.0922,1.20311,0.26788,0.12461,1.19098,0.43417,0.1263,1.1323,0.23319,0.34412,0.83176,0.41799,0.19098,0.79139,0.53373,0.3081,0.9988,0.54819,0.36364,1.16555,0.16324,-0.125,1.08145,0.37764,-0.45973,1.14317,0.35104,-0.86288,1.13637,0.51923,-0.98898,1.2108,0.18759,-0.13058,0.93239,0.08562,-0.51344,0.86285,-0.09666,-0.86807,0.79726,0.02509,-1.0502,0.75568
46.94,0.19351,-0.04086,1.0141,0.13532,0.40093,1.00703,0.19727,0.61983,1.01127,0.07541,0.32741,1.19138,0.02563,0.0904,1.21545,0.28779,0.12563,1.20271,0.4522,0.12781,1.13896,0.24782,0.34454,0.84229,0.44047,0.2007,0.80446,0.53714,0.3336,1.01213,0.53638,0.39758,1.17646,0.18474,-0.12522,1.0924,0.39451,-0.4643,1.14569,0.35746,-0.86658,1.13624,0.52388,-0.99838,1.20452,0.20661,-0.13081,0.94295,0.08661,-0.50709,0.86657,-0.09305,-0.86323,0.80202,0.03477,-1.03962,0.75431
46.96,0.21279,-0.04129,1.02432,0.15121,0.40006,1.01863,0.21296,0.61902,1.02259,0.09382,0.3258,1.20348,0.04578,0.08843,1.2276,0.30753,0.12628,1.214,0.47009,0.12893,1.1457,0.26239,0.34479,0.8526,0.46228,0.21068,0.81674,0.53923,0.35631,1.02411,0.5234,0.42617,1.18526,0.20584,-0.12564,1.10281,0.41167,-0.46825,1.14833,0.36561,-0.86954,1.13679,0.53037,-1.00616,1.19937,0.22525,-0.13121,0.95303,0.08868,-0.50054,0.87079,-0.08929,-0.85679,0.80224,0.04525,-1.02579,0.74686
46.98,0.2321,-0.04203,1.03465,0.16712,0.39885,1.03052,0.22879,0.61784,1.03419,0.11231,0.3238,1.21583,0.06605,0.08607,1.23986,0.32735,0.12674,1.2256,0.48781,0.12978,1.15253,0.27689,0.34474,0.86318,0.48411,0.22173,0.82912,0.53888,0.37827,1.03558,0.50635,0.45191,1.19248,0.22712,-0.12639,1.11327,0.42925,-0.47218,1.15068,0.37382,-0.87224,1.13805,0.53667,-1.0138,1.19435,0.24386,-0.13189,0.96316,0.08741,-0.49195,0.87539,-0.08703,-0.84777,0.79635,0.05899,-1.0025,0.72951
47,0.2515,-0.04199,1.04498,0.18313,0.39839,1.04229,0.2445,0.61747,1.04573,0.13081,0.32261,1.22803,0.08627,0.08455,1.25206,0.34712,0.12768,1.23686,0.50555,0.13105,1.15947,0.29157,0.3454,0.87373,0.50446,0.23209,0.84098,0.53887,0.39646,1.04575,0.4918,0.47184,1.19806,0.24821,-0.1263,1.12375,0.44471,-0.476,1.15398,0.37984,-0.87457,1.13916,0.54019,-1.0208,1.19048,0.26272,-0.13186,0.97341,0.09369,-0.48501,0.88104,-0.08275,-0.83762,0.79258,0.06829,-0.98357,0.71768
47.02,0.27113,-0.03988,1.05519,0.19931,0.39996,1.05344,0.25972,0.6193,1.05677,0.1492,0.32363,1.23957,0.10625,0.08532,1.26393,0.36674,0.12996,1.24699,0.52358,0.13365,1.16646,0.3067,0.34794,0.88391,0.52214,0.23939,0.8518,0.54309,0.40898,1.05412,0.48771,0.48585,1.20285,0.2687,-0.12395,1.13425,0.45553,-0.47928,1.15988,0.38168,-0.876,1.13891,0.53888,-1.02607,1.18888,0.28225,-0.12993,0.98384,0.11996,-0.48526,0.88779,-0.07055,-0.83218,0.80632,0.06449,-0.99569,0.73734
47.04,0.29079,-0.03701,1.06534,0.21557,0.40226,1.06433,0.27479,0.62193,1.06757,0.16757,0.3255,1.25083,0.12615,0.08697,1.27572,0.38629,0.13275,1.25669,0.54171,0.13674,1.17347,0.32196,0.35112,0.89391,0.53887,0.24541,0.86225,0.54912,0.41924,1.06176,0.4878,0.49764,1.20734,0.28893,-0.12077,1.14474,0.46428,-0.48214,1.16671,0.38163,-0.87666,1.13822,0.53532,-1.03028,1.18824,0.30198,-0.12731,0.99431,0.15359,-0.48773,0.89482,-0.05692,-0.82403,0.81817,0.05259,-1.00837,0.75692
47.06,0.31033,-0.03451,1.07544,0.23181,0.40418,1.07531,0.28998,0.62413,1.07846,0.18598,0.32697,1.26218,0.14609,0.08824,1.28756,0.40585,0.13527,1.26654,0.55974,0.13954,1.18052,0.33712,0.35392,0.90396,0.55588,0.25195,0.87276,0.55426,0.42936,1.06937,0.48613,0.50854,1.21145,0.30917,-0.11799,1.15515,0.4735,-0.48473,1.17318,0.38215,-0.87678,1.13805,0.53235,-1.03396,1.18767,0.32152,-0.12502,1.00468,0.18392,-0.4887,0.9016,-0.0444,-0.8123,0.82137,0.04303,-1.00867,0.76203
47.08,0.33035,-0.03186,1.08589,0.24808,0.40615,1.08663,0.30511,0.6264,1.08966,0.20445,0.32846,1.27383,0.16625,0.08947,1.29938,0.42559,0.138,1.27663,0.57771,0.14256,1.18753,0.35241,0.35687,0.9144,0.57313,0.25902,0.88372,0.5579,0.43966,1.07678,0.48195,0.519,1.21474,0.3299,-0.11502,1.16594,0.48309,-0.48671,1.18019,0.38248,-0.87581,1.13825,0.52877,-1.0367,1.18765,0.34156,-0.1226,1.01544,0.21439,-0.48895,0.90849,-0.0318,-0.79556,0.8154,0.03222,-1,0.7535
47.1,0.34935,-0.02937,1.09558,0.26434,0.40811,1.09723,0.32038,0.62861,1.10021,0.22286,0.33009,1.28477,0.18601,0.09098,1.31123,0.44497,0.14036,1.28608,0.5957,0.14515,1.19468,0.36744,0.35955,0.92405,0.58948,0.26467,0.89363,0.56472,0.44723,1.08387,0.48373,0.52682,1.21879,0.34952,-0.11228,1.17589,0.49084,-0.48876,1.18659,0.3825,-0.87504,1.13832,0.52528,-1.03902,1.18785,0.36058,-0.1203,1.02537,0.2464,-0.48991,0.91503,-0.01401,-0.77927,0.80667,0.03253,-0.98621,0.73784
47.12,0.36553,-0.02752,1.1033,0.28044,0.40994,1.10597,0.33598,0.63057,1.10917,0.24105,0.33188,1.29394,0.20461,0.09304,1.32326,0.46326,0.1418,1.29407,0.6138,0.14671,1.20235,0.38163,0.36143,0.93165,0.60381,0.26694,0.90098,0.57971,0.44978,1.09104,0.50032,0.53091,1.22599,0.3662,-0.11035,1.18369,0.49434,-0.4916,1.19099,0.38223,-0.87616,1.13782,0.52284,-1.04182,1.18794,0.37666,-0.11849,1.03313,0.28112,-0.49265,0.92045,0.00955,-0.77102,0.81068,0.047,-0.97783,0.73617
47.14,0.38066,-0.02587,1.11023,0.29648,0.41176,1.11391,0.3517,0.63246,1.11744,0.25914,0.33376,1.30233,0.22285,0.09537,1.33525,0.48119,0.1428,1.3014,0.63199,0.14781,1.21012,0.39554,0.36306,0.93843,0.6173,0.26776,0.90725,0.59808,0.45035,1.0981,0.52308,0.53354,1.23431,0.38174,-0.1087,1.19062,0.49601,-0.49437,1.19467,0.38161,-0.87767,1.1374,0.52053,-1.04445,1.18852,0.39168,-0.11683,1.04003,0.31728,-0.49517,0.92536,0.03548,-0.76557,0.82162,0.06605,-0.97212,0.74334
47.16,0.39624,-0.02414,1.11744,0.31256,0.41357,1.12213,0.36739,0.63437,1.12594,0.27728,0.33559,1.31095,0.24139,0.09761,1.34712,0.49933,0.14386,1.3089,0.6502,0.14897,1.21775,0.40957,0.3648,0.94552,0.63109,0.26909,0.91387,0.61516,0.45163,1.10507,0.54356,0.53657,1.24203,0.39775,-0.10693,1.19785,0.49822,-0.49646,1.1987,0.38087,-0.87826,1.13756,0.51778,-1.04635,1.18982,0.40717,-0.11511,1.04723,0.35278,-0.49614,0.93028,0.06114,-0.75746,0.83056,0.0839,-0.96346,0.74827
47.18,0.41191,-0.02236,1.125,0.32864,0.41542,1.13071,0.38305,0.63631,1.13485,0.29546,0.33744,1.31991,0.25996,0.09991,1.35929,0.51736,0.14554,1.31691,0.66828,0.15081,1.22584,0.42357,0.36659,0.95299,0.64517,0.27112,0.92122,0.63113,0.45363,1.1126,0.56214,0.53996,1.25003,0.41395,-0.10509,1.20547,0.50045,-0.49794,1.20318,0.38003,-0.87814,1.1381,0.51464,-1.04761,1.19184,0.42267,-0.11336,1.05481,0.38915,-0.49585,0.93483,0.08579,-0.74597,0.84156,0.09868,-0.9513,0.75554
47.2,0.42716,-0.02075,1.13163,0.34474,0.41718,1.13831,0.39886,0.63813,1.14275,0.31357,0.33924,1.32787,0.27862,0.10222,1.37068,0.53556,0.14584,1.32368,0.68672,0.15113,1.23301,0.43756,0.36819,0.95953,0.65845,0.27139,0.92686,0.65021,0.45359,1.11887,0.58632,0.54183,1.25754,0.4295,-0.1035,1.21207,0.50182,-0.49918,1.20669,0.37897,-0.87814,1.13897,0.51178,-1.04856,1.19414,0.43792,-0.11171,1.06139,0.42395,-0.49481,0.93948,0.1139,-0.73925,0.85343,0.12128,-0.94402,0.76543
47.22,0.44149,-0.01951,1.1359,0.36087,0.41874,1.14355,0.41501,0.63969,1.14816,0.33147,0.34088,1.33343,0.29753,0.10444,1.38007,0.55428,0.1422,1.32732,0.70624,0.14694,1.23796,0.45154,0.36942,0.96376,0.66955,0.26732,0.928,0.67657,0.44812,1.12138,0.6238,0.53939,1.26274,0.44351,-0.10253,1.21607,0.50181,-0.50046,1.20735,0.37743,-0.879,1.14012,0.50935,-1.04989,1.19597,0.45273,-0.11022,1.06541,0.45438,-0.49413,0.94526,0.15004,-0.7468,0.86271,0.16363,-0.95137,0.77499
47.24,0.45544,-0.01846,1.13924,0.37701,0.42017,1.14785,0.43127,0.64109,1.1526,0.34928,0.3424,1.33802,0.31653,0.10661,1.38862,0.57296,0.13709,1.32989,0.72599,0.14078,1.24234,0.46551,0.37047,0.96708,0.67957,0.26164,0.92748,0.70564,0.43963,1.12183,0.66671,0.53357,1.26591,0.45693,-0.10182,1.21906,0.50108,-0.50147,1.20668,0.37591,-0.87993,1.14045,0.50768,-1.05087,1.19651,0.46733,-0.10885,1.06845,0.4833,-0.49344,0.95158,0.18985,-0.75944,0.87147,0.21421,-0.96356,0.78504
47.26,0.46956,-0.01737,1.14299,0.39314,0.42159,1.15256,0.44743,0.6425,1.15749,0.36712,0.34389,1.343,0.33555,0.10879,1.39743,0.59135,0.13261,1.33315,0.74542,0.13507,1.24739,0.47946,0.37156,0.97084,0.68971,0.25678,0.92782,0.7332,0.43122,1.12227,0.70731,0.52684,1.26816,0.47062,-0.10103,1.22251,0.50047,-0.50186,1.20626,0.37458,-0.8801,1.14011,0.50631,-1.051,1.19637,0.48201,-0.10748,1.07194,0.51288,-0.492,0.95784,0.22877,-0.76879,0.88069,0.26193,-0.97206,0.79521
47.28,0.48363,-0.01609,1.14679,0.40923,0.42319,1.15757,0.46367,0.64405,1.16278,0.38503,0.34544,1.34823,0.35492,0.11104,1.40638,0.60983,0.1277,1.33657,0.76525,0.12841,1.25324,0.49327,0.37294,0.97484,0.69954,0.25251,0.92813,0.75942,0.4224,1.12225,0.74618,0.51893,1.26924,0.48425,-0.1001,1.22595,0.50065,-0.50152,1.20564,0.37284,-0.87934,1.14079,0.50303,-1.05136,1.19723,0.49669,-0.10587,1.07543,0.54287,-0.48981,0.9646,0.26758,-0.77632,0.89106,0.30911,-0.97856,0.80677
47.3,0.49774,-0.01525,1.15025,0.42537,0.42435,1.16182,0.47974,0.64523,1.16721,0.4028,0.34669,1.35271,0.37388,0.1131,1.4146,0.62774,0.12317,1.33983,0.78409,0.12223,1.25828,0.50731,0.37375,0.97823,0.70905,0.24712,0.92827,0.78748,0.41126,1.12073,0.78845,0.50778,1.26832,0.49791,-0.09952,1.22914,0.49923,-0.50103,1.20446,0.37216,-0.87884,1.13816,0.50408,-1.04956,1.19453,0.51136,-0.10479,1.07869,0.57163,-0.48767,0.97101,0.30869,-0.78606,0.89954,0.3604,-0.98641,0.81641
47.32,0.51197,-0.01554,1.15309,0.44159,0.42439,1.16425,0.49528,0.64544,1.1695,0.42015,0.34724,1.35548,0.39121,0.11477,1.42145,0.64403,0.12016,1.3428,0.80005,0.11864,1.26062,0.5219,0.37304,0.98015,0.71828,0.23897,0.92832,0.82066,0.39502,1.1162,0.83976,0.48961,1.26379,0.51171,-0.09979,1.23199,0.49285,-0.50052,1.20226,0.37403,-0.87982,1.12946,0.51753,-1.04027,1.18769,0.52597,-0.10509,1.08162,0.59729,-0.48661,0.97591,0.35517,-0.80183,0.90309,0.42099,-0.99823,0.8205
47.34,0.52628,-0.01627,1.15558,0.45791,0.424,1.1659,0.5107,0.64527,1.17092,0.43739,0.34751,1.35749,0.40817,0.11628,1.42756,0.65995,0.11764,1.34549,0.81519,0.11598,1.26184,0.53678,0.37176,0.98142,0.72715,0.22978,0.92822,0.85453,0.37496,1.10941,0.89281,0.4655,1.25582,0.52557,-0.10042,1.23459,0.48514,-0.49911,1.19951,0.3757,-0.88076,1.12437,0.53406,-1.02331,1.19017,0.54059,-0.10593,1.0843,0.62173,-0.48595,0.98029,0.40479,-0.81841,0.90484,0.486,-1.0092,0.82279
47.36,0.54059,-0.01684,1.15816,0.47424,0.42375,1.16785,0.52623,0.64521,1.17273,0.45471,0.34782,1.35977,0.42559,0.1178,1.43375,0.67622,0.11486,1.34828,0.83092,0.11286,1.26365,0.5516,0.37071,0.98297,0.73572,0.22125,0.92827,0.88556,0.35369,1.10188,0.94162,0.43864,1.24589,0.53944,-0.10091,1.23724,0.47874,-0.49651,1.19674,0.37508,-0.88042,1.12497,0.54483,-1.00342,1.20102,0.55524,-0.10657,1.08704,0.64664,-0.4848,0.98504,0.45444,-0.83173,0.9077,0.5498,-1.01623,0.82649
47.38,0.55469,-0.01724,1.16099,0.49034,0.42366,1.17011,0.54158,0.6453,1.17488,0.47195,0.34828,1.36236,0.4422,0.1198,1.44074,0.69152,0.11205,1.35178,0.84567,0.10945,1.26619,0.56604,0.36983,0.98477,0.74384,0.21346,0.9285,0.91521,0.3306,1.09295,0.98902,0.40763,1.23336,0.5531,-0.10127,1.24011,0.47086,-0.49225,1.19327,0.37176,-0.87894,1.13052,0.55237,-0.97404,1.22031,0.56969,-0.10701,1.08999,0.67136,-0.48313,0.98993,0.50565,-0.84345,0.9125,0.61493,-1.02028,0.83178
47.4,0.56928,-0.01811,1.16323,0.50698,0.4231,1.17162,0.55735,0.64494,1.17628,0.48937,0.34829,1.36416,0.46054,0.12083,1.44579,0.70868,0.10935,1.354,0.86228,0.1067,1.2674,0.58136,0.36846,0.98598,0.75191,0.20462,0.92855,0.94167,0.30535,1.0834,1.03075,0.37386,1.21929,0.56724,-0.10201,1.24248,0.46671,-0.48803,1.19049,0.36611,-0.87596,1.13872,0.55182,-0.949,1.23824,0.58459,-0.108,1.09246,0.69603,-0.48193,0.99459,0.55665,-0.85263,0.91435,0.67895,-1.02148,0.83522
47.42,0.5851,-0.02017,1.16399,0.52506,0.42137,1.17135,0.57419,0.64349,1.17591,0.50725,0.34712,1.36409,0.48385,0.11909,1.44587,0.73135,0.10683,1.35245,0.8844,0.10562,1.26486,0.59898,0.3659,0.98578,0.7602,0.19294,0.9281,0.96355,0.27801,1.07488,1.06337,0.34,1.20638,0.58262,-0.1037,1.24362,0.47235,-0.48686,1.19026,0.36494,-0.87315,1.13998,0.54847,-0.95251,1.23871,0.60058,-0.11041,1.0937,0.7209,-0.48234,0.99878,0.60581,-0.85898,0.90834,0.73983,-1.02122,0.83457
47.44,0.60144,-0.02269,1.16414,0.5437,0.41918,1.1703,0.5915,0.64159,1.17473,0.52532,0.34552,1.36322,0.50888,0.11655,1.44405,0.75594,0.10458,1.34944,0.90842,0.10537,1.26086,0.61751,0.36284,0.98494,0.76817,0.18061,0.92728,0.98253,0.24971,1.06659,1.09123,0.30539,1.1938,0.59851,-0.10575,1.24424,0.48143,-0.48689,1.19088,0.36555,-0.87046,1.13863,0.54446,-0.9613,1.23593,0.61705,-0.11336,1.09443,0.74575,-0.48327,1.00264,0.65472,-0.86365,0.9011,0.79946,-1.01971,0.83461
47.46,0.61759,-0.02499,1.16451,0.5621,0.41718,1.16952,0.60868,0.63985,1.17384,0.54333,0.34412,1.36262,0.53302,0.11465,1.44305,0.77954,0.10242,1.34705,0.93149,0.1049,1.2576,0.63564,0.35999,0.98432,0.77554,0.16944,0.92645,0.99965,0.22115,1.05774,1.11701,0.26904,1.18034,0.61418,-0.10763,1.24503,0.48899,-0.48607,1.19092,0.36561,-0.86722,1.13812,0.54186,-0.96175,1.23674,0.63336,-0.11605,1.09535,0.77051,-0.48364,1.00654,0.70429,-0.86698,0.89724,0.85904,-1.01623,0.83803
47.48,0.63351,-0.02735,1.16514,0.58054,0.41514,1.16925,0.62562,0.63812,1.17348,0.56129,0.34257,1.36249,0.55802,0.11271,1.44241,0.80379,0.10029,1.34456,0.95506,0.10463,1.25401,0.65381,0.35716,0.98418,0.78229,0.15876,0.92619,1.01498,0.19087,1.04849,1.14078,0.22968,1.16582,0.62971,-0.10955,1.24609,0.49674,-0.48519,1.19105,0.36576,-0.86363,1.13705,0.54094,-0.95748,1.23818,0.64937,-0.1188,1.09652,0.79498,-0.48392,1.01103,0.75694,-0.86912,0.89501,0.92186,-1.01061,0.84491
47.5,0.65007,-0.02968,1.16507,0.59911,0.41305,1.16779,0.64326,0.63623,1.17189,0.57946,0.34117,1.36125,0.58183,0.11111,1.44062,0.8272,0.09853,1.34179,0.97813,0.10443,1.25077,0.67218,0.35417,0.98293,0.78897,0.14877,0.92459,1.0272,0.16325,1.03935,1.15932,0.19333,1.1522,0.64569,-0.11145,1.24643,0.50515,-0.48425,1.1909,0.36634,-0.85977,1.1361,0.54073,-0.95289,1.23928,0.66612,-0.12152,1.09701,0.81971,-0.48399,1.01427,0.80405,-0.86956,0.8944,0.97639,-1.00456,0.85195
47.52,0.66806,-0.03192,1.16335,0.61784,0.41091,1.16336,0.66272,0.63394,1.16723,0.59805,0.34024,1.35725,0.60174,0.11006,1.4362,0.84769,0.09736,1.33883,0.99925,0.10398,1.24891,0.69083,0.35077,0.97887,0.79618,0.13953,0.9196,1.03625,0.14363,1.03132,1.17106,0.16759,1.14246,0.66258,-0.1133,1.24503,0.51419,-0.4831,1.1898,0.36766,-0.85576,1.13562,0.53652,-0.95878,1.23857,0.68458,-0.12411,1.09589,0.8458,-0.48347,1.01409,0.83584,-0.86891,0.89317,1.01055,-1.00113,0.8517
47.54,0.68672,-0.03409,1.16093,0.63677,0.40876,1.15775,0.68297,0.63152,1.16133,0.61693,0.3395,1.35214,0.62041,0.10916,1.43065,0.86728,0.09632,1.33568,1.01981,0.10334,1.24744,0.70972,0.34725,0.9737,0.80358,0.13096,0.91334,1.0443,0.12752,1.02366,1.18043,0.1465,1.13415,0.67995,-0.11511,1.24287,0.52378,-0.48177,1.18822,0.36933,-0.85136,1.135,0.53221,-0.96445,1.23702,0.7038,-0.12662,1.09407,0.87207,-0.48286,1.01281,0.86142,-0.86821,0.89169,1.03669,-0.99929,0.84894
47.56,0.70522,-0.03622,1.15874,0.65575,0.40665,1.15262,0.70302,0.62919,1.15594,0.63585,0.33871,1.34747,0.63975,0.10822,1.42551,0.88737,0.09514,1.33254,1.04069,0.10261,1.24573,0.72863,0.34384,0.96898,0.81066,0.12308,0.90763,1.05212,0.11069,1.01568,1.18986,0.12401,1.12499,0.69725,-0.11687,1.24093,0.53333,-0.48017,1.18651,0.371,-0.84645,1.13386,0.52973,-0.96517,1.23603,0.7228,-0.12908,1.09247,0.8978,-0.48229,1.01224,0.88913,-0.86759,0.89075,1.06564,-0.99698,0.84798
47.58,0.72316,-0.03866,1.1569,0.67465,0.40426,1.14782,0.72315,0.62655,1.15098,0.65454,0.33767,1.34311,0.65892,0.10703,1.42069,0.90724,0.09395,1.3296,1.06133,0.10212,1.24424,0.74746,0.34008,0.96462,0.81706,0.11537,0.90222,1.05871,0.09365,1.00836,1.19752,0.10108,1.11686,0.71393,-0.11889,1.23937,0.54236,-0.47859,1.18456,0.37222,-0.84131,1.13194,0.529,-0.96092,1.23608,0.74123,-0.13189,1.09129,0.92462,-0.48093,1.0115,0.91853,-0.86618,0.88972,1.09655,-0.99318,0.84608
47.6,0.7424,-0.04042,1.15417,0.69393,0.40244,1.14213,0.74358,0.62447,1.14492,0.67393,0.33716,1.33788,0.6782,0.10636,1.41498,0.92733,0.09263,1.32622,1.08229,0.10082,1.24245,0.76663,0.33701,0.95933,0.82445,0.10926,0.89596,1.06625,0.0794,0.99975,1.20623,0.08141,1.10699,0.73197,-0.12035,1.23679,0.55271,-0.47632,1.18228,0.37464,-0.8353,1.13026,0.52878,-0.95582,1.23724,0.76094,-0.13392,1.08907,0.94886,-0.48095,1.01109,0.94245,-0.86627,0.88956,1.12091,-0.99277,0.84625
47.62,0.76521,-0.04044,1.14927,0.71414,0.40203,1.13423,0.76457,0.6239,1.13599,0.69504,0.33803,1.33049,0.698,0.10705,1.40709,0.94817,0.09099,1.32172,1.10421,0.0976,1.23983,0.78673,0.33573,0.9517,0.8348,0.10589,0.88774,1.0775,0.07052,0.98762,1.21969,0.06806,1.0919,0.75379,-0.12037,1.23176,0.56629,-0.47246,1.17986,0.37981,-0.82754,1.13052,0.52616,-0.95763,1.23723,0.78419,-0.13396,1.08433,0.96641,-0.48521,1.01191,0.95335,-0.87055,0.89097,1.1297,-1.00138,0.85207
47.64,0.78927,-0.03976,1.14349,0.73468,0.40218,1.12539,0.78578,0.6239,1.12583,0.71677,0.33947,1.32218,0.71788,0.10833,1.39835,0.96912,0.08921,1.31684,1.1263,0.09351,1.23701,0.80714,0.33511,0.9431,0.84628,0.10367,0.87877,1.09009,0.0639,0.97422,1.23471,0.05739,1.07492,0.77695,-0.11981,1.22573,0.58118,-0.46787,1.17721,0.38626,-0.81883,1.13116,0.52197,-0.96171,1.23554,0.80867,-0.13321,1.07856,0.98105,-0.49065,1.01269,0.95869,-0.8758,0.89251,1.1316,-1.0126,0.85911
47.66,0.81267,-0.03931,1.13807,0.7551,0.40211,1.11691,0.80694,0.62366,1.11611,0.73824,0.34074,1.31421,0.73768,0.10946,1.38999,0.98986,0.08742,1.31221,1.14811,0.08958,1.23443,0.82741,0.33419,0.93488,0.85725,0.10145,0.87025,1.10181,0.05666,0.96144,1.24849,0.0458,1.05874,0.79943,-0.11944,1.22009,0.59561,-0.46322,1.17436,0.39247,-0.80984,1.13106,0.51775,-0.96341,1.23329,0.83246,-0.13271,1.0732,0.99643,-0.49508,1.01299,0.96596,-0.87986,0.8934,1.1357,-1.02162,0.86471
47.68,0.83651,-0.03922,1.1328,0.77582,0.40161,1.10827,0.82855,0.62294,1.1062,0.75986,0.3417,1.30609,0.75742,0.11032,1.38153,1.01053,0.08557,1.30767,1.16983,0.08582,1.23202,0.84817,0.33274,0.92661,0.86811,0.09903,0.86168,1.11316,0.04897,0.94874,1.26166,0.03346,1.04256,0.82226,-0.11938,1.21462,0.60983,-0.45828,1.17168,0.39799,-0.80001,1.13133,0.51398,-0.96123,1.23272,0.85683,-0.13261,1.06808,1.01205,-0.49976,1.01393,0.97321,-0.88367,0.89398,1.13915,-1.03079,0.87053
47.7,0.85971,-0.03823,1.12701,0.79613,0.40202,1.0996,0.84947,0.62319,1.09617,0.78135,0.34342,1.29791,0.77722,0.11198,1.37307,1.03105,0.0837,1.30303,1.19131,0.08122,1.2295,0.86817,0.33231,0.91813,0.87948,0.09802,0.85323,1.12508,0.04317,0.93573,1.27537,0.02347,1.02585,0.84468,-0.11855,1.20854,0.62509,-0.45318,1.16828,0.40578,-0.79042,1.13011,0.50805,-0.96376,1.22613,0.88028,-0.13152,1.06223,1.02556,-0.50339,1.01291,0.97828,-0.88671,0.89413,1.1406,-1.03838,0.87478
47.72,0.88102,-0.0348,1.12006,0.81522,0.40504,1.09123,0.86827,0.62624,1.08625,0.80244,0.34727,1.28992,0.79734,0.11572,1.36469,1.05142,0.08181,1.29815,1.21246,0.07443,1.22668,0.88598,0.33483,0.90946,0.89188,0.10011,0.84538,1.13848,0.04152,0.92211,1.29076,0.01888,1.00812,0.86579,-0.11558,1.20109,0.64196,-0.44768,1.16317,0.41827,-0.7822,1.12658,0.49167,-0.97662,1.20745,0.90098,-0.12776,1.05461,1.03473,-0.50417,1.00716,0.9793,-0.88814,0.89412,1.13958,-1.04208,0.8757
47.74,0.90162,-0.03052,1.11263,0.83381,0.40896,1.08294,0.88626,0.63027,1.07637,0.8233,0.35184,1.28196,0.81747,0.12021,1.35642,1.07148,0.07997,1.29323,1.23307,0.06696,1.22381,0.90299,0.33838,0.9007,0.90479,0.10329,0.83778,1.15243,0.04145,0.90838,1.30667,0.01639,0.99012,0.8864,-0.11187,1.19309,0.65992,-0.44243,1.15765,0.43264,-0.77466,1.12224,0.47446,-0.98118,1.19523,0.92068,-0.12306,1.04632,1.04192,-0.50379,0.99977,0.97832,-0.88862,0.89419,1.13708,-1.04408,0.87535
47.76,0.92246,-0.02673,1.10541,0.8526,0.41235,1.07463,0.90459,0.63372,1.06653,0.84415,0.35598,1.27395,0.83746,0.12432,1.34826,1.09129,0.07818,1.28848,1.25326,0.05994,1.22116,0.92038,0.34133,0.89203,0.91759,0.10596,0.8302,1.16593,0.04067,0.89497,1.32187,0.01292,0.97252,0.90716,-0.10857,1.18535,0.67798,-0.43755,1.15256,0.44616,-0.76678,1.11863,0.46628,-0.97569,1.194,0.94078,-0.11889,1.03836,1.04962,-0.50351,0.99316,0.97779,-0.88867,0.89428,1.13473,-1.04595,0.87524
47.78,0.94369,-0.02245,1.09817,0.8716,0.41618,1.06616,0.92302,0.63761,1.05631,0.86531,0.36064,1.2658,0.85755,0.1288,1.33943,1.11103,0.07609,1.28371,1.27327,0.0521,1.21889,0.93793,0.34466,0.88323,0.93021,0.10902,0.82285,1.17903,0.03978,0.88141,1.33653,0.00903,0.95451,0.92818,-0.10483,1.17753,0.69384,-0.43035,1.14685,0.4588,-0.7576,1.11615,0.46937,-0.96251,1.2035,0.96113,-0.11419,1.03032,1.0573,-0.50235,0.98668,0.97709,-0.88749,0.8944,1.13208,-1.04665,0.87506
47.8,0.96392,-0.019,1.09088,0.89007,0.41927,1.05803,0.94106,0.64074,1.04688,0.88572,0.3644,1.2579,0.8773,0.13275,1.33206,1.13022,0.07469,1.27921,1.29243,0.04586,1.21632,0.95505,0.34736,0.87477,0.94345,0.11162,0.81542,1.19262,0.03938,0.8686,1.35144,0.00628,0.93771,0.94848,-0.10182,1.16978,0.71455,-0.42794,1.14246,0.47331,-0.75086,1.11401,0.48901,-0.95142,1.21021,0.98067,-0.11037,1.02236,1.06402,-0.5016,0.97976,0.97587,-0.88664,0.89457,1.12916,-1.04729,0.87403
47.82,0.98164,-0.01808,1.08348,0.90727,0.42011,1.05075,0.95828,0.64158,1.03954,0.9042,0.36539,1.25069,0.89631,0.13504,1.32884,1.14869,0.0752,1.27541,1.31056,0.04426,1.21265,0.97115,0.3481,0.86714,0.95808,0.11256,0.80729,1.20779,0.03995,0.85729,1.36772,0.0063,0.92355,0.96697,-0.10113,1.16229,0.74912,-0.43866,1.14132,0.49197,-0.74917,1.11414,0.50225,-0.95209,1.20603,0.99838,-0.10923,1.01467,1.06917,-0.5029,0.9718,0.97431,-0.88804,0.89467,1.12653,-1.04928,0.87101
47.84,0.99836,-0.01802,1.07608,0.92394,0.4202,1.04387,0.97513,0.64164,1.03304,0.92197,0.36543,1.24381,0.91511,0.13683,1.32702,1.16698,0.07647,1.27179,1.32845,0.04442,1.20856,0.98677,0.34822,0.85989,0.97323,0.11297,0.79901,1.22359,0.041,0.84666,1.38453,0.00753,0.91051,0.98475,-0.10122,1.15492,0.78949,-0.45266,1.14126,0.51504,-0.74762,1.11027,0.51681,-0.95511,1.19196,1.01527,-0.10902,1.0071,1.07347,-0.50465,0.96346,0.97281,-0.88985,0.89436,1.12415,-1.05124,0.86649
47.86,1.01548,-0.01753,1.06875,0.9408,0.42068,1.0369,0.99214,0.64209,1.02626,0.94005,0.36594,1.23686,0.93406,0.13894,1.32441,1.18543,0.07752,1.26807,1.34657,0.04401,1.20474,1.00253,0.34866,0.85256,0.98813,0.11366,0.79096,1.23905,0.0419,0.83593,1.40097,0.00831,0.8972,1.00283,-0.1009,1.14757,0.82804,-0.46314,1.14046,0.53934,-0.74362,1.10484,0.53602,-0.95422,1.17807,1.0324,-0.10834,0.99954,1.07785,-0.5056,0.95548,0.97159,-0.89054,0.89371,1.1218,-1.05219,0.86157
47.88,1.03281,-0.01714,1.06109,0.95785,0.42105,1.02961,1.0092,0.64246,1.01915,0.95824,0.36634,1.22957,0.95312,0.14131,1.32213,1.20387,0.07858,1.26451,1.3646,0.04335,1.20108,1.01855,0.34902,0.84493,1.00301,0.11433,0.78239,1.25448,0.04271,0.82439,1.41742,0.00899,0.88281,1.021,-0.10073,1.13981,0.86879,-0.47309,1.13908,0.56506,-0.73583,1.09432,0.55689,-0.95006,1.1557,1.04999,-0.10773,0.99164,1.08282,-0.50619,0.94728,0.97081,-0.89061,0.89285,1.11963,-1.05244,0.8556
47.9,1.04948,-0.01677,1.05414,0.97441,0.42143,1.02315,1.0261,0.64278,1.01297,0.97607,0.36672,1.22311,0.97207,0.14323,1.31939,1.22243,0.07997,1.26066,1.38292,0.04387,1.19712,1.03393,0.3494,0.83809,1.01801,0.1149,0.77493,1.27,0.04384,0.81475,1.43373,0.01024,0.87096,1.03883,-0.10046,1.13292,0.90836,-0.48095,1.13837,0.59541,-0.73078,1.08424,0.58659,-0.94756,1.13578,1.06646,-0.10723,0.98448,1.08618,-0.50652,0.93982,0.96986,-0.89045,0.89128,1.1174,-1.05227,0.84915
47.92,1.06465,-0.01619,1.04912,0.98983,0.4221,1.01878,1.04274,0.64318,1.00896,0.99307,0.36737,1.21871,0.99074,0.14391,1.31509,1.24137,0.0821,1.25593,1.40208,0.04714,1.19231,1.04773,0.35001,0.83322,1.03345,0.11533,0.77037,1.28584,0.04561,0.81,1.44987,0.01256,0.86566,1.05595,-0.09969,1.12834,0.94185,-0.48528,1.13917,0.63096,-0.7374,1.08377,0.62708,-0.95421,1.13578,1.0801,-0.10681,0.97932,1.0854,-0.50659,0.93489,0.96784,-0.89055,0.88975,1.11461,-1.05246,0.84537
47.94,1.0792,-0.01561,1.04482,1.00479,0.4228,1.01518,1.05922,0.64352,1.00573,1.00973,0.36804,1.21507,1.00925,0.14406,1.31027,1.26035,0.08447,1.25082,1.42141,0.05143,1.18707,1.06092,0.35064,0.82911,1.04902,0.11566,0.76687,1.30179,0.04769,0.80709,1.46594,0.01541,0.86287,1.07278,-0.0988,1.12458,0.9737,-0.48838,1.13995,0.66908,-0.74828,1.08569,0.67224,-0.96426,1.1411,1.09267,-0.1065,0.97495,1.08314,-0.5063,0.93151,0.96549,-0.89055,0.88908,1.11182,-1.05244,0.84319
47.96,1.09401,-0.01507,1.04022,1.01993,0.42344,1.01124,1.07571,0.64384,1.00209,1.02652,0.36867,1.21108,1.0278,0.14441,1.30562,1.27924,0.08667,1.2458,1.44058,0.0552,1.18195,1.07436,0.35121,0.82469,1.06446,0.11602,0.76291,1.31762,0.04969,0.80338,1.48197,0.01815,0.859,1.08973,-0.09801,1.12039,1.0069,-0.49119,1.13953,0.70703,-0.75641,1.08453,0.7166,-0.9719,1.14112,1.10572,-0.10618,0.97032,1.08164,-0.50554,0.92848,0.9635,-0.88996,0.88917,1.10931,-1.05167,0.84103
47.98,1.10886,-0.0144,1.03552,1.03504,0.42418,1.00702,1.09228,0.64422,0.99819,1.04326,0.36947,1.20682,1.04639,0.14504,1.30089,1.29821,0.08932,1.24078,1.45982,0.05949,1.17683,1.0878,0.35184,0.82004,1.08025,0.11648,0.75856,1.33378,0.05166,0.79922,1.49833,0.02065,0.85455,1.10679,-0.09706,1.11606,1.04009,-0.49315,1.13809,0.74486,-0.76304,1.08085,0.76018,-0.97791,1.13851,1.11879,-0.10574,0.96565,1.08014,-0.50423,0.92643,0.96166,-0.88893,0.89109,1.10659,-1.05134,0.84264
48,1.12349,-0.01399,1.03119,1.05006,0.42471,1.00342,1.10861,0.64441,0.99476,1.05998,0.36995,1.20313,1.06478,0.14505,1.29601,1.31691,0.09115,1.2355,1.47878,0.06298,1.17146,1.10105,0.35232,0.81597,1.09535,0.11674,0.75513,1.34928,0.05381,0.79627,1.51398,0.02383,0.85173,1.12362,-0.0964,1.11201,1.07349,-0.4948,1.13613,0.7847,-0.77158,1.07892,0.80768,-0.98558,1.13725,1.13159,-0.10554,0.96136,1.07873,-0.50265,0.92488,0.96009,-0.88756,0.89232,1.10487,-1.04891,0.84005
48.02,1.13762,-0.01425,1.0277,1.06496,0.42466,1.00132,1.12437,0.64412,0.99247,1.0767,0.36957,1.20083,1.08271,0.14351,1.29078,1.33491,0.09068,1.22965,1.49707,0.0641,1.16565,1.11395,0.35244,0.81327,1.10851,0.11643,0.7541,1.363,0.05652,0.79627,1.52773,0.02902,0.85288,1.13983,-0.09652,1.10863,1.10741,-0.49668,1.13405,0.82901,-0.78517,1.08351,0.86433,-0.99757,1.14151,1.1439,-0.10592,0.95784,1.07724,-0.50111,0.92315,0.9587,-0.88604,0.89057,1.10612,-1.03975,0.82446
48.04,1.15154,-0.01477,1.02457,1.07983,0.42439,0.9998,1.13995,0.64365,0.99061,1.09346,0.36887,1.19908,1.1004,0.14143,1.28542,1.35256,0.08932,1.22355,1.51499,0.06425,1.15962,1.1267,0.35241,0.81111,1.12101,0.1159,0.75401,1.37607,0.0594,0.79742,1.54075,0.03489,0.85556,1.1558,-0.09694,1.10552,1.14146,-0.49813,1.13134,0.87593,-0.79987,1.08966,0.92524,-1.00975,1.14661,1.15595,-0.10653,0.95469,1.07587,-0.49938,0.92182,0.95748,-0.88437,0.88937,1.11009,-1.02524,0.80818
48.06,1.16557,-0.01518,1.02127,1.09478,0.42421,0.99795,1.15567,0.64324,0.98844,1.11026,0.36832,1.19699,1.11809,0.1397,1.28009,1.37023,0.08832,1.21749,1.53288,0.06466,1.15359,1.13955,0.35243,0.80868,1.13391,0.11547,0.75345,1.38947,0.06217,0.79797,1.55406,0.0404,0.85743,1.1719,-0.09724,1.1022,1.17554,-0.4987,1.12746,0.92288,-0.81213,1.09272,0.98517,-1.019,1.14797,1.16812,-0.10705,0.95143,1.07485,-0.49719,0.92126,0.95653,-0.88236,0.89073,1.11469,-1.0096,0.79841
48.08,1.17953,-0.01554,1.018,1.10967,0.42406,0.99593,1.17135,0.64285,0.98604,1.12694,0.36787,1.19474,1.13583,0.13803,1.27426,1.38804,0.08748,1.21127,1.55106,0.06542,1.14776,1.15241,0.35241,0.80615,1.14689,0.11498,0.75297,1.40303,0.06548,0.79857,1.56754,0.0469,0.8593,1.18793,-0.09747,1.09887,1.20933,-0.49848,1.1225,0.97029,-0.82301,1.09391,1.04548,-1.02618,1.14681,1.18027,-0.10752,0.94826,1.07321,-0.49437,0.92165,0.95581,-0.88007,0.89453,1.12161,-0.98878,0.79246
48.1,1.1936,-0.01608,1.01474,1.12476,0.42376,0.9942,1.18717,0.64232,0.98392,1.14396,0.36715,1.19271,1.15328,0.1363,1.26921,1.40528,0.08607,1.20514,1.56835,0.065,1.14139,1.1653,0.35233,0.80385,1.15971,0.1145,0.7525,1.41618,0.06783,0.79917,1.58047,0.05178,0.86121,1.20406,-0.09793,1.09546,1.24351,-0.49769,1.11671,1.019,-0.83291,1.09417,1.10679,-1.03177,1.14389,1.19243,-0.10814,0.94511,1.07348,-0.49173,0.92203,0.95544,-0.87749,0.89892,1.12689,-0.97078,0.79108
48.12,1.20799,-0.01704,1.0114,1.14038,0.42309,0.9932,1.20346,0.64145,0.9826,1.16187,0.36575,1.19126,1.17011,0.13442,1.26644,1.42117,0.08331,1.19943,1.58336,0.06167,1.13367,1.17829,0.35218,0.80211,1.17221,0.11414,0.75177,1.42841,0.06731,0.79973,1.59222,0.05179,0.86316,1.2205,-0.0989,1.09181,1.27902,-0.49647,1.11025,1.07018,-0.84203,1.0942,1.16999,-1.03619,1.13967,1.20458,-0.10911,0.94186,1.07849,-0.49054,0.92114,0.95535,-0.87485,0.90052,1.12557,-0.96816,0.79077
48.14,1.22252,-0.01819,1.00806,1.15629,0.42225,0.99244,1.22001,0.64041,0.98152,1.18021,0.36407,1.18998,1.18679,0.13247,1.2645,1.43657,0.08003,1.19387,1.59751,0.05726,1.12546,1.19139,0.35194,0.8006,1.18458,0.11376,0.75103,1.44031,0.0657,0.80032,1.60354,0.05002,0.86518,1.23705,-0.10011,1.08807,1.31476,-0.49453,1.10273,1.12244,-0.84977,1.09267,1.2337,-1.03876,1.13305,1.21676,-0.11023,0.93864,1.08521,-0.48992,0.91992,0.95536,-0.87212,0.90122,1.12183,-0.971,0.79059
48.16,1.23702,-0.01928,1.00471,1.17221,0.42145,0.99143,1.23659,0.63939,0.98015,1.19849,0.36251,1.18845,1.20362,0.13061,1.26213,1.4522,0.077,1.18821,1.612,0.05335,1.11747,1.20455,0.35166,0.79891,1.19709,0.11331,0.75031,1.45243,0.06455,0.80088,1.61513,0.0491,0.86712,1.25355,-0.10125,1.08429,1.34986,-0.4917,1.09395,1.17438,-0.85565,1.08849,1.29653,-1.03895,1.12322,1.22899,-0.1113,0.93549,1.09125,-0.48892,0.91939,0.95554,-0.86919,0.90333,1.11937,-0.97105,0.79146
48.18,1.25136,-0.02027,1.00138,1.18813,0.42075,0.99031,1.25323,0.63845,0.97856,1.21665,0.36107,1.18679,1.22024,0.12889,1.25965,1.46757,0.07406,1.18251,1.6262,0.04945,1.1095,1.21777,0.35145,0.79718,1.20982,0.11292,0.74952,1.46471,0.0635,0.80165,1.62682,0.0483,0.8694,1.26997,-0.10226,1.08046,1.38471,-0.48781,1.08418,1.22753,-0.86006,1.08239,1.3605,-1.03679,1.11093,1.24098,-0.11229,0.93247,1.09736,-0.48782,0.91945,0.95581,-0.86608,0.90647,1.11679,-0.9713,0.79359
48.2,1.26608,-0.02149,0.99803,1.20435,0.41979,0.98924,1.27008,0.63728,0.97709,1.23533,0.35937,1.18512,1.23735,0.12702,1.25751,1.4833,0.07092,1.17694,1.64059,0.04534,1.10143,1.23108,0.35102,0.7955,1.22229,0.11231,0.74885,1.47679,0.06199,0.80201,1.63839,0.04693,0.87098,1.28654,-0.10355,1.07659,1.41861,-0.48351,1.07314,1.27806,-0.86236,1.07358,1.42017,-1.03282,1.09536,1.25351,-0.11347,0.92944,1.10402,-0.4868,0.91934,0.95642,-0.86283,0.90926,1.11409,-0.97206,0.79552
48.22,1.28165,-0.02331,0.99461,1.22115,0.41819,0.98841,1.28733,0.63554,0.97618,1.2552,0.35697,1.18354,1.25571,0.1247,1.25622,1.50005,0.06725,1.17177,1.6557,0.04084,1.09319,1.24445,0.35003,0.79402,1.23389,0.11115,0.74869,1.48824,0.05952,0.80136,1.64963,0.04445,0.87082,1.3033,-0.10553,1.07268,1.45133,-0.47938,1.06071,1.32216,-0.86226,1.06206,1.47037,-1.02823,1.0767,1.26728,-0.11518,0.92622,1.11146,-0.48596,0.91829,0.95751,-0.85948,0.91039,1.11148,-0.9729,0.79568
48.24,1.29762,-0.02534,0.99119,1.23825,0.41634,0.98771,1.30478,0.63358,0.97548,1.27556,0.35429,1.18197,1.27465,0.12221,1.25525,1.51723,0.06342,1.16676,1.67104,0.03622,1.08489,1.25793,0.34885,0.79268,1.24528,0.10981,0.74876,1.49954,0.0567,0.80037,1.66084,0.04152,0.87001,1.32022,-0.10775,1.06879,1.48296,-0.47503,1.04772,1.36306,-0.86091,1.04955,1.51594,-1.02307,1.05704,1.28161,-0.11706,0.92296,1.11937,-0.48512,0.91695,0.95887,-0.85591,0.91095,1.10863,-0.974,0.79539
48.26,1.3135,-0.02727,0.98782,1.25534,0.41458,0.98692,1.32229,0.6317,0.97463,1.29579,0.35173,1.1803,1.29349,0.11983,1.2541,1.53428,0.05973,1.16168,1.68624,0.03174,1.07668,1.27149,0.34775,0.79134,1.25695,0.10856,0.74882,1.51109,0.05409,0.79962,1.67228,0.03888,0.86952,1.33717,-0.10985,1.06491,1.51383,-0.46997,1.03443,1.40404,-0.85885,1.03644,1.56156,-1.01669,1.03676,1.29579,-0.11885,0.91983,1.12726,-0.4841,0.9161,0.96037,-0.85209,0.9124,1.10593,-0.97471,0.7962
48.28,1.32898,-0.02923,0.98424,1.27244,0.41283,0.98587,1.33988,0.62979,0.97351,1.31602,0.34916,1.1783,1.31216,0.11754,1.25293,1.551,0.05593,1.15651,1.70096,0.02702,1.06835,1.28494,0.34662,0.78982,1.26862,0.10725,0.74898,1.52261,0.05152,0.79911,1.68363,0.03659,0.86944,1.3536,-0.11198,1.06086,1.54562,-0.46307,1.01983,1.44729,-0.855,1.02196,1.6096,-1.00774,1.01455,1.30952,-0.12068,0.91655,1.13493,-0.48309,0.91563,0.96187,-0.84824,0.91474,1.10349,-0.9747,0.79779
48.3,1.34539,-0.03116,0.98109,1.28981,0.41101,0.98525,1.3576,0.62785,0.97279,1.3365,0.34656,1.17668,1.33155,0.11511,1.25175,1.56852,0.05242,1.15153,1.71653,0.02288,1.06032,1.29884,0.34547,0.78877,1.28055,0.10603,0.74921,1.53447,0.04896,0.79825,1.69549,0.03381,0.86853,1.37112,-0.11409,1.05715,1.57341,-0.45811,1.00666,1.48343,-0.85205,1.00814,1.64884,-1.00094,0.99404,1.32434,-0.12246,0.91367,1.14344,-0.48175,0.91505,0.96394,-0.84378,0.91648,1.10049,-0.9755,0.79929
48.32,1.36415,-0.03302,0.97914,1.30768,0.409,0.98594,1.37551,0.62582,0.97332,1.35747,0.34389,1.17637,1.35244,0.11217,1.2506,1.58807,0.04964,1.14715,1.73436,0.02017,1.0532,1.31382,0.34427,0.78909,1.29301,0.10503,0.74957,1.54695,0.04639,0.79656,1.70834,0.02936,0.86556,1.39153,-0.11621,1.05433,1.59209,-0.46039,0.99836,1.50228,-0.85437,0.9977,1.66742,-1.00313,0.9797,1.34188,-0.12409,0.9118,1.15376,-0.47965,0.91402,0.96693,-0.83794,0.9163,1.09718,-0.97736,0.80087
48.34,1.38385,-0.0348,0.97763,1.32583,0.40697,0.98721,1.39357,0.62381,0.97443,1.37873,0.34123,1.17657,1.37399,0.10908,1.24947,1.60842,0.04714,1.14298,1.75305,0.01803,1.04639,1.32925,0.34311,0.79,1.30569,0.10419,0.75011,1.55968,0.04386,0.79459,1.72155,0.02436,0.86179,1.41303,-0.11826,1.05184,1.60737,-0.46537,0.99211,1.51441,-0.85861,0.98904,1.67799,-1.00874,0.96829,1.3605,-0.12561,0.91031,1.16487,-0.4771,0.91293,0.9704,-0.83129,0.91566,1.09238,-0.9796,0.80228
48.36,1.40319,-0.03656,0.97591,1.34401,0.40499,0.98828,1.41171,0.62183,0.97537,1.4,0.3386,1.17653,1.39536,0.1061,1.24831,1.62843,0.04452,1.13869,1.77131,0.01566,1.03944,1.3446,0.34198,0.79077,1.31838,0.10335,0.75079,1.57238,0.04135,0.79287,1.73464,0.01973,0.85846,1.43406,-0.12027,1.04914,1.62396,-0.46907,0.98512,1.52905,-0.86182,0.97995,1.69149,-1.01271,0.95604,1.3787,-0.12713,0.90867,1.1758,-0.47446,0.91225,0.9739,-0.82448,0.91592,1.08633,-0.98123,0.80405
48.38,1.42225,-0.0386,0.97423,1.36221,0.40274,0.98948,1.43002,0.61954,0.97638,1.4212,0.33565,1.17656,1.41644,0.10282,1.24727,1.64818,0.04161,1.13467,1.78925,0.01291,1.03282,1.35996,0.34062,0.79171,1.33095,0.10232,0.75169,1.58488,0.03865,0.79167,1.74747,0.01463,0.85559,1.45481,-0.12262,1.04637,1.6405,-0.47285,0.97796,1.54414,-0.86521,0.9706,1.70559,-1.01661,0.94342,1.39656,-0.12888,0.90704,1.18634,-0.4718,0.91215,0.97705,-0.81743,0.91745,1.08556,-0.97955,0.80941
48.4,1.4421,-0.04002,0.97258,1.38072,0.40103,0.99072,1.44838,0.61787,0.97756,1.44283,0.33334,1.17656,1.43834,0.10011,1.24599,1.6686,0.03931,1.13017,1.80786,0.01104,1.02573,1.37564,0.33977,0.79272,1.344,0.10181,0.75264,1.59793,0.03644,0.78978,1.7609,0.01043,0.85192,1.4763,-0.12423,1.04373,1.65588,-0.47697,0.972,1.5561,-0.86844,0.96298,1.71582,-1.02119,0.93317,1.41533,-0.1301,0.90555,1.19807,-0.4686,0.91166,0.9815,-0.80969,0.91789,1.07255,-0.98192,0.80938
48.42,1.46409,-0.03977,0.97087,1.39988,0.40075,0.99186,1.46672,0.61787,0.97911,1.46551,0.33275,1.17638,1.46235,0.09896,1.24394,1.69076,0.03857,1.1243,1.82826,0.01139,1.01728,1.39199,0.34026,0.79372,1.3583,0.1026,0.75354,1.6124,0.03537,0.78591,1.77594,0.00863,0.84623,1.4998,-0.12384,1.04145,1.66956,-0.48123,0.9688,1.56178,-0.87057,0.95966,1.71799,-1.02668,0.92879,1.4366,-0.12997,0.90429,1.21278,-0.46418,0.90956,0.98891,-0.80055,0.91468,1.02681,-0.99102,0.80508
48.44,1.48679,-0.03888,0.96916,1.4193,0.401,0.99303,1.48507,0.61848,0.98084,1.48858,0.33282,1.17615,1.4871,0.09842,1.24162,1.71345,0.0385,1.11789,1.84917,0.01266,1.00831,1.40858,0.34124,0.79481,1.37304,0.10387,0.75451,1.62728,0.0348,0.78138,1.79147,0.00779,0.83979,1.52398,-0.12268,1.03929,1.68211,-0.48543,0.96701,1.56474,-0.87201,0.95847,1.71677,-1.03215,0.92731,1.45871,-0.1293,0.90313,1.22867,-0.45929,0.90684,0.99767,-0.79081,0.91053,0.99258,-0.99458,0.82009
48.46,1.50906,-0.03825,0.96747,1.4387,0.40101,0.99431,1.50355,0.61879,0.98261,1.51154,0.3326,1.17595,1.51147,0.09765,1.23943,1.73572,0.03822,1.11172,1.86959,0.0136,0.99959,1.42511,0.34197,0.79604,1.38762,0.10491,0.75567,1.64187,0.03409,0.77739,1.80666,0.00663,0.83387,1.54775,-0.12183,1.03705,1.69478,-0.48929,0.96511,1.56885,-0.87317,0.95716,1.71699,-1.03684,0.9256,1.48033,-0.12884,0.90196,1.24413,-0.45445,0.90458,1.00632,-0.78114,0.90766,0.98978,-0.9927,0.83914
48.48,1.53188,-0.03774,0.96574,1.45834,0.40078,0.99583,1.52231,0.61886,0.98476,1.53472,0.33215,1.17592,1.53607,0.09662,1.2372,1.75824,0.03754,1.10574,1.89029,0.01417,0.99122,1.44198,0.34256,0.79753,1.40247,0.1058,0.75735,1.65654,0.03289,0.77374,1.82187,0.00501,0.82837,1.57203,-0.12109,1.03476,1.7085,-0.49278,0.96374,1.57331,-0.87352,0.95693,1.71713,-1.04101,0.92545,1.50258,-0.12851,0.90073,1.25979,-0.44924,0.9026,1.015,-0.77073,0.90578,1.01594,-0.98579,0.84682
48.5,1.55367,-0.03683,0.96408,1.47775,0.40108,0.99709,1.54081,0.61944,0.98646,1.55769,0.3323,1.17558,1.56035,0.0963,1.23498,1.78011,0.03781,1.09927,1.91008,0.0157,0.98214,1.45834,0.34347,0.79889,1.417,0.10705,0.75855,1.67095,0.03279,0.76978,1.83692,0.00461,0.82231,1.5953,-0.11994,1.03251,1.71959,-0.4961,0.96268,1.57665,-0.87401,0.95675,1.7168,-1.04457,0.9252,1.52371,-0.12779,0.89964,1.27567,-0.44449,0.90019,1.02535,-0.76168,0.90326,1.04893,-0.97209,0.83326
48.52,1.57262,-0.03497,0.96272,1.4964,0.40275,0.99752,1.55842,0.62141,0.98684,1.57988,0.33401,1.17439,1.58356,0.09779,1.23284,1.80022,0.04066,1.09169,1.92741,0.0199,0.97131,1.47335,0.34525,0.79967,1.43045,0.10932,0.75809,1.68474,0.03566,0.7649,1.85148,0.00722,0.81476,1.6158,-0.1178,1.03053,1.72386,-0.49914,0.9618,1.5773,-0.87565,0.95547,1.71586,-1.04734,0.92301,1.54171,-0.12616,0.89906,1.29057,-0.4404,0.8969,1.03727,-0.75524,0.89709,1.05521,-0.96734,0.8306
48.54,1.59046,-0.03275,0.96141,1.51473,0.40494,0.99757,1.57567,0.62389,0.98666,1.60176,0.33631,1.17277,1.60638,0.09996,1.23063,1.81953,0.04443,1.0836,1.94362,0.02501,0.95982,1.48776,0.34736,0.80025,1.44343,0.11198,0.75707,1.69817,0.03964,0.75966,1.86572,0.01101,0.8066,1.63519,-0.11529,1.02857,1.72541,-0.50155,0.96157,1.57675,-0.87723,0.9546,1.71453,-1.04936,0.92121,1.55853,-0.12419,0.89861,1.3056,-0.43695,0.89311,1.05031,-0.75016,0.89024,1.05236,-0.96658,0.83653
48.56,1.60868,-0.03069,0.96,1.53318,0.40691,0.99775,1.59312,0.62613,0.98669,1.62376,0.33834,1.17116,1.62934,0.10184,1.22831,1.83889,0.04774,1.07568,1.95989,0.0296,0.94869,1.50235,0.34933,0.80099,1.45652,0.11449,0.75647,1.71155,0.04314,0.75472,1.87985,0.01432,0.7988,1.65492,-0.11296,1.02646,1.728,-0.50325,0.96198,1.57677,-0.8779,0.95499,1.71352,-1.05077,0.92117,1.5758,-0.12235,0.89802,1.32114,-0.43362,0.88942,1.06344,-0.74484,0.88479,1.05494,-0.96312,0.83997
48.58,1.62747,-0.02859,0.95895,1.55201,0.40888,0.99817,1.61083,0.62841,0.98725,1.64587,0.34043,1.16987,1.65229,0.10372,1.22607,1.85834,0.05138,1.06816,1.97621,0.03483,0.93804,1.51765,0.35129,0.802,1.4699,0.1171,0.7561,1.7251,0.04662,0.75024,1.89402,0.01743,0.79163,1.6753,-0.11051,1.02472,1.73107,-0.50416,0.96347,1.57688,-0.87761,0.9566,1.7125,-1.05138,0.92287,1.59362,-0.12055,0.89794,1.33409,-0.4277,0.88696,1.07328,-0.73616,0.87615,1.0524,-0.95547,0.84159
48.6,1.6448,-0.02651,0.95715,1.57006,0.41094,0.99796,1.62805,0.63067,0.98661,1.66766,0.34254,1.16759,1.67506,0.10575,1.22337,1.87689,0.05456,1.05973,1.99139,0.03897,0.92653,1.53147,0.35332,0.80259,1.48249,0.11963,0.75547,1.7379,0.0504,0.74512,1.90755,0.02122,0.78338,1.69402,-0.10825,1.02211,1.7326,-0.50454,0.96474,1.57696,-0.87739,0.95848,1.71211,-1.05152,0.92469,1.61008,-0.11861,0.89685,1.35211,-0.42692,0.88206,1.0896,-0.73402,0.87416,1.0575,-0.95336,0.84997
48.62,1.65842,-0.02454,0.95334,1.58612,0.41313,0.99619,1.64396,0.63279,0.98285,1.68873,0.34455,1.16276,1.69763,0.10803,1.21943,1.89346,0.05613,1.04888,2.00417,0.03971,0.9126,1.54136,0.35551,0.80214,1.49319,0.12186,0.75396,1.7489,0.05484,0.73798,1.91964,0.02667,0.77193,1.70851,-0.1066,1.01722,1.73043,-0.50472,0.96394,1.57692,-0.87848,0.9594,1.7126,-1.05198,0.92453,1.62304,-0.11633,0.89295,1.38517,-0.43986,0.86907,1.12185,-0.7458,0.88756,1.08273,-0.96441,0.86737
48.64,1.67059,-0.02262,0.94876,1.60143,0.41534,0.99372,1.65926,0.63483,0.97782,1.70943,0.34649,1.15673,1.72011,0.11036,1.2147,1.90908,0.05716,1.03696,2.01573,0.0393,0.89766,1.54983,0.35777,0.80136,1.50309,0.12407,0.75205,1.75899,0.05958,0.72993,1.93083,0.03278,0.7591,1.72134,-0.10517,1.01147,1.72671,-0.50441,0.96249,1.57657,-0.87956,0.95937,1.71332,-1.05184,0.92266,1.63462,-0.11393,0.888,1.4245,-0.45501,0.85139,1.1557,-0.75352,0.89523,1.11191,-0.97048,0.86814
48.66,1.68337,-0.02071,0.94451,1.6171,0.41749,0.99145,1.67473,0.63686,0.97326,1.73014,0.34837,1.15089,1.74261,0.11257,1.20984,1.92475,0.05843,1.02538,2.02728,0.03948,0.88316,1.55908,0.35999,0.80091,1.51323,0.12638,0.75036,1.76911,0.0642,0.72224,1.94185,0.03858,0.74678,1.73485,-0.10367,1.00609,1.72366,-0.50334,0.96183,1.57622,-0.87956,0.95957,1.714,-1.05061,0.92104,1.64676,-0.11162,0.88353,1.46158,-0.46524,0.83368,1.18278,-0.75221,0.89026,1.13664,-0.96664,0.84999
48.68,1.69631,-0.01865,0.94037,1.63305,0.41977,0.98936,1.6904,0.63902,0.96902,1.75117,0.35033,1.14494,1.7655,0.11484,1.20472,1.94043,0.05962,1.01371,2.03886,0.03942,0.86879,1.56847,0.36241,0.8009,1.52364,0.129,0.74855,1.77936,0.06921,0.71443,1.95287,0.0447,0.7342,1.74851,-0.10204,1.00075,1.72079,-0.50142,0.96136,1.57626,-0.87877,0.96092,1.71391,-1.04963,0.92111,1.65902,-0.10912,0.87915,1.50159,-0.47339,0.81319,1.20482,-0.74085,0.87379,1.16084,-0.95045,0.81167
48.7,1.70859,-0.01691,0.93581,1.6484,0.42174,0.98657,1.70539,0.64085,0.9638,1.77129,0.35198,1.13827,1.78764,0.11686,1.19895,1.9552,0.06081,1.00169,2.04917,0.03958,0.85398,1.57754,0.36451,0.80034,1.53321,0.13124,0.74692,1.78852,0.07364,0.70654,1.96267,0.05038,0.72159,1.7614,-0.10071,0.99507,1.71747,-0.49913,0.96113,1.57555,-0.87747,0.96002,1.71538,-1.0459,0.91751,1.67068,-0.10696,0.87435,1.53833,-0.47806,0.79317,1.22793,-0.73089,0.84805,1.19351,-0.93419,0.76314
48.72,1.71942,-0.01602,0.93032,1.66228,0.4229,0.98225,1.71884,0.64176,0.95628,1.78924,0.35288,1.13043,1.80784,0.11825,1.19236,1.96812,0.06217,0.98914,2.05674,0.04067,0.8382,1.58586,0.36571,0.79822,1.54092,0.13227,0.74609,1.79543,0.0764,0.6988,1.97012,0.05482,0.70952,1.77265,-0.10017,0.98871,1.71273,-0.49701,0.96136,1.5736,-0.87634,0.95511,1.72363,-1.03425,0.90739,1.681,-0.10571,0.86865,1.56386,-0.47989,0.7787,1.26129,-0.74265,0.8306,1.23606,-0.94297,0.73594
48.74,1.72962,-0.01547,0.92441,1.67549,0.42373,0.97723,1.73149,0.64229,0.9478,1.80624,0.35346,1.12196,1.82723,0.11937,1.18516,1.98014,0.06352,0.97628,2.06303,0.04197,0.82213,1.59384,0.36655,0.79546,1.548,0.13281,0.74549,1.80142,0.0785,0.6911,1.97654,0.05876,0.69757,1.78318,-0.09994,0.98203,1.70771,-0.49454,0.96165,1.57253,-0.87522,0.95183,1.73696,-1.01686,0.90057,1.69075,-0.10483,0.86255,1.58549,-0.48091,0.76608,1.29955,-0.76205,0.81591,1.2826,-0.96063,0.71587
48.76,1.74009,-0.01479,0.91867,1.68895,0.42466,0.97239,1.74424,0.64295,0.93974,1.82346,0.35412,1.1135,1.84689,0.12055,1.17773,1.99222,0.06481,0.96348,2.06944,0.04312,0.80643,1.60205,0.36753,0.79305,1.55551,0.13357,0.74481,1.80769,0.08087,0.68347,1.9831,0.06286,0.6856,1.794,-0.09958,0.97549,1.70331,-0.49126,0.96201,1.57271,-0.87354,0.95259,1.75018,-0.99805,0.90036,1.70074,-0.10382,0.85663,1.60871,-0.48125,0.75223,1.33612,-0.77601,0.79801,1.32775,-0.97108,0.69028
48.78,1.75056,-0.01398,0.91303,1.70278,0.42571,0.96789,1.75723,0.64368,0.9319,1.84108,0.35471,1.10506,1.86706,0.1217,1.17033,2.00417,0.06617,0.95067,2.07527,0.04438,0.79077,1.61044,0.36881,0.79122,1.56334,0.13465,0.74452,1.814,0.08374,0.67591,1.98961,0.06773,0.6736,1.80479,-0.09915,0.96897,1.69794,-0.48692,0.96296,1.57375,-0.87141,0.9572,1.76564,-0.97274,0.90584,1.71069,-0.10261,0.85075,1.63287,-0.48072,0.73763,1.37419,-0.7882,0.78036,1.37338,-0.9794,0.66559
48.8,1.76091,-0.01354,0.90706,1.71575,0.42636,0.9624,1.7692,0.64408,0.92345,1.85741,0.35523,1.09601,1.88593,0.12268,1.16189,2.01557,0.06728,0.93771,2.08109,0.04543,0.77545,1.61865,0.36943,0.7883,1.57079,0.13502,0.74364,1.81983,0.08552,0.6684,1.99546,0.071,0.66179,1.8155,-0.09894,0.96229,1.69518,-0.4828,0.96301,1.57501,-0.8686,0.96378,1.77632,-0.95058,0.914,1.7206,-0.10191,0.84469,1.65393,-0.47992,0.72434,1.41165,-0.80139,0.75962,1.41912,-0.98782,0.63748
48.82,1.7711,-0.01399,0.90041,1.72655,0.42613,0.95454,1.77887,0.64374,0.91356,1.87071,0.35573,1.08584,1.90149,0.12339,1.15143,2.02613,0.06773,0.9245,2.08787,0.04579,0.76078,1.62631,0.3683,0.78253,1.57712,0.13355,0.74123,1.8247,0.08441,0.66111,2.00012,0.0698,0.65045,1.8262,-0.09924,0.95537,1.69918,-0.4809,0.96044,1.57563,-0.8656,0.96577,1.77703,-0.94759,0.91635,1.73057,-0.10249,0.83837,1.66748,-0.48014,0.715,1.44649,-0.81801,0.73206,1.46611,-0.99723,0.60081
48.84,1.78119,-0.01483,0.8934,1.73643,0.42549,0.94569,1.78758,0.64306,0.90303,1.88275,0.35618,1.07518,1.91564,0.12396,1.14016,2.03625,0.0679,0.91116,2.09486,0.04587,0.7463,1.63372,0.36645,0.77556,1.58304,0.13135,0.73821,1.8292,0.08213,0.65387,2.00429,0.06687,0.63934,1.83684,-0.09978,0.94826,1.70564,-0.47996,0.95686,1.57607,-0.86261,0.96559,1.77456,-0.95146,0.91627,1.74053,-0.10361,0.83185,1.67804,-0.48092,0.70713,1.48115,-0.83374,0.7014,1.51314,-1.00404,0.56104
48.86,1.79131,-0.01553,0.88647,1.74663,0.42498,0.93719,1.7966,0.64247,0.89276,1.89518,0.3566,1.06462,1.93021,0.12454,1.12909,2.04631,0.06815,0.89785,2.10146,0.04604,0.73181,1.64125,0.36487,0.76909,1.58928,0.1295,0.73548,1.83387,0.08031,0.64667,2.00856,0.06466,0.62827,1.8475,-0.10024,0.94115,1.7111,-0.47847,0.95375,1.57678,-0.85937,0.9665,1.77375,-0.95172,0.91751,1.75048,-0.10452,0.82534,1.68985,-0.4814,0.69841,1.51659,-0.84541,0.6708,1.5591,-1.00591,0.52194
48.88,1.80144,-0.01609,0.87989,1.75707,0.42463,0.92906,1.80581,0.642,0.88274,1.9079,0.3571,1.05423,1.94505,0.12521,1.11807,2.05639,0.06833,0.88462,2.10799,0.04601,0.71748,1.64885,0.3635,0.76313,1.59563,0.12788,0.73339,1.83852,0.07877,0.63997,2.01265,0.06252,0.61734,1.85816,-0.10059,0.93436,1.71652,-0.47674,0.95075,1.57761,-0.85584,0.96734,1.77275,-0.95223,0.91879,1.76043,-0.10527,0.81916,1.7017,-0.48183,0.6904,1.55507,-0.85498,0.63999,1.61075,-1.00339,0.48314
48.9,1.81154,-0.01703,0.87249,1.76674,0.42383,0.91994,1.81428,0.64114,0.8721,1.91956,0.35737,1.04326,1.95872,0.12564,1.1065,2.06596,0.06849,0.8712,2.1143,0.04616,0.70309,1.65627,0.36154,0.75594,1.60196,0.12572,0.73003,1.84318,0.07638,0.63252,2.0168,0.05974,0.60649,1.8688,-0.10122,0.92686,1.72278,-0.4755,0.94731,1.57854,-0.8524,0.96793,1.77154,-0.95321,0.91983,1.77043,-0.10649,0.81224,1.71271,-0.48242,0.68122,1.58873,-0.85996,0.60785,1.65034,-0.99762,0.44359
48.92,1.82167,-0.01888,0.86307,1.77478,0.42198,0.90845,1.82126,0.63938,0.85996,1.92896,0.35706,1.03089,1.96998,0.12557,1.09386,2.07461,0.06879,0.8573,2.12025,0.04696,0.68837,1.66335,0.35816,0.7457,1.60819,0.12217,0.72345,1.84799,0.07191,0.62292,2.02148,0.05576,0.59574,1.87953,-0.10255,0.91762,1.73092,-0.4755,0.94297,1.57962,-0.84933,0.96835,1.77054,-0.95408,0.92035,1.78065,-0.10883,0.80349,1.72231,-0.48321,0.66837,1.61015,-0.85989,0.57446,1.66098,-0.99215,0.40227
48.94,1.83175,-0.02108,0.85282,1.78207,0.4197,0.89602,1.82754,0.63724,0.84723,1.93734,0.35651,1.018,1.98012,0.12529,1.08076,2.08282,0.06909,0.84321,2.12607,0.04795,0.67357,1.67022,0.35421,0.73422,1.61433,0.11808,0.71552,1.85282,0.06662,0.61253,2.02632,0.05126,0.585,1.89021,-0.10413,0.90767,1.73974,-0.47595,0.93816,1.58078,-0.84622,0.96844,1.76941,-0.9551,0.92057,1.79091,-0.1116,0.79397,1.73109,-0.48411,0.65441,1.62817,-0.85856,0.54271,1.6673,-0.98289,0.36177
48.96,1.84182,-0.02314,0.84285,1.7896,0.41754,0.88398,1.83402,0.6352,0.83476,1.94602,0.356,1.00532,1.99056,0.12503,1.06779,2.0911,0.06933,0.82921,2.13188,0.04877,0.65888,1.67716,0.35047,0.72324,1.62054,0.11426,0.70808,1.85766,0.06169,0.60254,2.0311,0.04695,0.57426,1.90086,-0.10561,0.89795,1.74814,-0.47607,0.93347,1.58207,-0.84278,0.96846,1.76843,-0.95568,0.921,1.80115,-0.11418,0.78469,1.74008,-0.48496,0.64114,1.64956,-0.85758,0.51368,1.68481,-0.97062,0.32471
48.98,1.85204,-0.02517,0.83326,1.79749,0.41543,0.87215,1.84096,0.63316,0.82238,1.95519,0.35556,0.99267,2.00162,0.12492,1.05497,2.09949,0.06953,0.81521,2.13736,0.04946,0.64414,1.68425,0.34673,0.71266,1.62691,0.11047,0.70142,1.86244,0.05657,0.59302,2.03582,0.04274,0.56397,1.91173,-0.10703,0.88857,1.75728,-0.47626,0.92903,1.58353,-0.83894,0.96851,1.76755,-0.95564,0.92111,1.81147,-0.11675,0.77589,1.7491,-0.48544,0.62757,1.67377,-0.85581,0.48462,1.71113,-0.95392,0.28788
49,1.86191,-0.0273,0.82267,1.80444,0.41309,0.8597,1.84677,0.63099,0.80971,1.96307,0.3549,0.97982,2.01102,0.12445,1.04168,2.10737,0.0697,0.80116,2.14324,0.05029,0.62959,1.691,0.34283,0.70104,1.63303,0.1066,0.69294,1.8674,0.05164,0.58257,2.04072,0.03829,0.55291,1.92211,-0.10859,0.87827,1.76511,-0.47615,0.92387,1.58499,-0.83516,0.96804,1.76669,-0.95586,0.92175,1.8216,-0.11937,0.7659,1.75764,-0.48654,0.61454,1.69425,-0.85538,0.46214,1.73787,-0.94206,0.26136
49.02,1.87099,-0.02992,0.80958,1.80899,0.40993,0.84571,1.84973,0.62825,0.79625,1.96768,0.35349,0.96658,2.01638,0.12289,1.02726,2.11418,0.06977,0.78696,2.15053,0.05153,0.61536,1.69692,0.33832,0.68668,1.63838,0.10219,0.67972,1.87281,0.04696,0.56962,2.04599,0.03262,0.53961,1.9313,-0.11078,0.86569,1.769,-0.47527,0.91693,1.58594,-0.83207,0.96661,1.76561,-0.9571,0.92406,1.8314,-0.12233,0.75286,1.76557,-0.48976,0.60292,1.70301,-0.8589,0.45091,1.74735,-0.94537,0.2502
49.04,1.87968,-0.03259,0.7955,1.81262,0.40657,0.83104,1.85157,0.62539,0.78237,1.97104,0.35189,0.95307,2.02011,0.121,1.01233,2.12051,0.06985,0.77268,2.15827,0.05295,0.60125,1.7025,0.33369,0.67122,1.64346,0.09768,0.66456,1.87844,0.04254,0.55559,2.05147,0.02678,0.52542,1.93995,-0.11307,0.8522,1.77147,-0.47391,0.90907,1.58658,-0.82891,0.96452,1.76412,-0.95845,0.92675,1.84095,-0.12528,0.73864,1.77309,-0.49359,0.59179,1.70694,-0.8636,0.44347,1.74908,-0.95366,0.24387
49.06,1.88843,-0.03504,0.78183,1.81668,0.40343,0.8166,1.85388,0.62271,0.76855,1.97496,0.35049,0.93957,2.02445,0.11936,0.99755,2.12694,0.06996,0.75841,2.1657,0.05428,0.58709,1.70821,0.32931,0.65623,1.6487,0.0934,0.65014,1.88405,0.03824,0.54195,2.05694,0.02137,0.5116,1.94871,-0.11513,0.83907,1.77453,-0.47235,0.90132,1.58724,-0.82518,0.96232,1.7624,-0.95913,0.92908,1.85046,-0.12802,0.72494,1.78063,-0.49691,0.58048,1.71293,-0.86753,0.43439,1.75428,-0.95929,0.2354
49.08,1.89769,-0.03831,0.76828,1.82079,0.39938,0.80197,1.85639,0.61906,0.7546,1.97883,0.34837,0.92607,2.02934,0.11713,0.98271,2.13377,0.06972,0.744,2.17333,0.05544,0.57275,1.71424,0.32383,0.64098,1.65396,0.08809,0.63584,1.8896,0.0326,0.52846,2.06228,0.01429,0.49775,1.95801,-0.11792,0.82614,1.77742,-0.47098,0.89367,1.58751,-0.82138,0.96028,1.7606,-0.95896,0.93135,1.86064,-0.13164,0.71135,1.78875,-0.50087,0.56879,1.71911,-0.87186,0.42457,1.75933,-0.9658,0.22636
49.1,1.90577,-0.0399,0.75426,1.82462,0.39706,0.78738,1.85821,0.61717,0.74055,1.98247,0.34757,0.91233,2.03277,0.11598,0.96771,2.13959,0.07015,0.72976,2.18053,0.05692,0.55875,1.71962,0.32047,0.62586,1.65919,0.08477,0.62065,1.89541,0.02972,0.51433,2.068,0.01062,0.48362,1.96601,-0.11922,0.8126,1.78026,-0.4686,0.88507,1.58815,-0.81675,0.95697,1.75801,-0.95926,0.93321,1.86935,-0.13345,0.69729,1.79545,-0.5035,0.55793,1.72359,-0.87534,0.41701,1.76269,-0.97127,0.21954
49.12,1.91082,-0.03661,0.73905,1.82785,0.39993,0.7732,1.85831,0.62053,0.7265,1.98587,0.35079,0.89808,2.03237,0.11816,0.9524,2.14286,0.07249,0.7161,2.18672,0.05928,0.54581,1.72321,0.32329,0.61147,1.6644,0.08726,0.60367,1.9018,0.03448,0.49885,2.07465,0.01626,0.46901,1.97068,-0.11611,0.79753,1.78265,-0.46324,0.87476,1.59037,-0.8102,0.95178,1.75434,-0.96052,0.93612,1.87418,-0.13005,0.68205,1.79838,-0.50216,0.54934,1.72468,-0.87607,0.41502,1.76332,-0.97272,0.2178
49.14,1.91469,-0.03168,0.72343,1.83082,0.40456,0.75917,1.85774,0.62562,0.71249,1.9891,0.35534,0.88368,2.03053,0.12153,0.93705,2.14514,0.0754,0.70281,2.19246,0.06173,0.53348,1.72616,0.32825,0.5973,1.66957,0.09182,0.58592,1.90838,0.04206,0.48283,2.08158,0.02534,0.45421,1.97408,-0.11155,0.7819,1.78527,-0.45721,0.86369,1.59318,-0.80319,0.94545,1.7497,-0.96188,0.93876,1.87752,-0.12489,0.66639,1.79982,-0.49938,0.54171,1.72407,-0.87568,0.41544,1.76217,-0.97266,0.21828
49.16,1.91901,-0.02765,0.70807,1.83391,0.40825,0.74507,1.85748,0.62971,0.69848,1.99238,0.35913,0.86938,2.02936,0.12436,0.9218,2.14781,0.07789,0.68954,2.19825,0.06384,0.52115,1.7294,0.33209,0.58303,1.67472,0.09539,0.56847,1.9148,0.04838,0.46706,2.0883,0.03297,0.43951,1.97798,-0.1078,0.76657,1.78835,-0.45193,0.8528,1.59567,-0.79649,0.93905,1.74458,-0.96248,0.94068,1.88145,-0.12068,0.65099,1.80176,-0.49715,0.53376,1.72393,-0.87545,0.41496,1.76129,-0.97278,0.21783
49.18,1.92365,-0.02296,0.69235,1.83693,0.41249,0.73086,1.85706,0.63431,0.68437,1.99566,0.36355,0.85492,2.02777,0.12781,0.90618,2.15056,0.08051,0.67636,2.20451,0.06578,0.50912,1.73262,0.33649,0.56862,1.68002,0.09951,0.55103,1.92126,0.05476,0.45137,2.095,0.04015,0.4249,1.98213,-0.10337,0.75098,1.78915,-0.44426,0.84251,1.59856,-0.78835,0.93503,1.74104,-0.95946,0.94732,1.88572,-0.11583,0.63525,1.80383,-0.49418,0.52586,1.72372,-0.87438,0.41489,1.75978,-0.97226,0.21779
49.2,1.92737,-0.01925,0.67733,1.84004,0.41598,0.71691,1.85683,0.6381,0.67051,1.99889,0.36698,0.84079,2.02668,0.13054,0.89136,2.15286,0.08276,0.66348,2.20962,0.06748,0.49722,1.73576,0.34021,0.55454,1.68503,0.10312,0.53341,1.92757,0.06167,0.43548,2.10162,0.04893,0.41019,1.98548,-0.1,0.73587,1.79482,-0.44125,0.83081,1.60099,-0.78285,0.92581,1.73359,-0.96115,0.94456,1.88896,-0.11189,0.62017,1.8051,-0.49191,0.51834,1.72292,-0.8738,0.41495,1.75823,-0.97144,0.2176
49.22,1.92883,-0.01871,0.66414,1.84352,0.41694,0.70351,1.85722,0.6393,0.65723,2.00217,0.36727,0.82737,2.02741,0.1307,0.87862,2.1543,0.08421,0.65088,2.21186,0.06921,0.48486,1.73885,0.34156,0.5412,1.68916,0.10472,0.51534,1.93339,0.0697,0.41913,2.10796,0.06213,0.39539,1.98688,-0.09999,0.722,1.81452,-0.45142,0.81479,1.60218,-0.78294,0.90583,1.71484,-0.97486,0.92006,1.88966,-0.11091,0.60679,1.8047,-0.49235,0.51137,1.72136,-0.87567,0.41439,1.75786,-0.97085,0.21606
49.24,1.92942,-0.01921,0.65171,1.8471,0.41708,0.69035,1.85786,0.63962,0.64417,2.00543,0.36654,0.81427,2.02877,0.13002,0.86669,2.1554,0.08535,0.63843,2.21305,0.07088,0.4724,1.74189,0.34215,0.52819,1.69298,0.10576,0.4972,1.93889,0.07806,0.4029,2.11387,0.07659,0.38102,1.98753,-0.10108,0.70867,1.83968,-0.46484,0.79608,1.6058,-0.78058,0.89036,1.6949,-0.98479,0.89974,1.88939,-0.11091,0.59415,1.80369,-0.49365,0.5048,1.71954,-0.87828,0.41388,1.75763,-0.97004,0.21424
49.26,1.93044,-0.01919,0.63907,1.85062,0.41761,0.67713,1.85847,0.64029,0.63102,2.00866,0.36633,0.80112,2.0299,0.12982,0.85442,2.15672,0.08657,0.62599,2.21477,0.07244,0.46007,1.74498,0.34307,0.51507,1.697,0.10718,0.47923,1.94435,0.08599,0.38703,2.11952,0.0898,0.36707,1.98856,-0.10159,0.69524,1.86273,-0.47477,0.77727,1.61316,-0.77434,0.88336,1.68172,-0.98628,0.89385,1.88961,-0.11043,0.58134,1.80305,-0.49439,0.49826,1.71798,-0.88024,0.41362,1.75693,-0.96882,0.21271
49.28,1.93128,-0.01931,0.62588,1.85423,0.41803,0.66346,1.85875,0.64084,0.61754,2.01211,0.36593,0.78732,2.03081,0.12949,0.8419,2.15789,0.08808,0.61328,2.21646,0.0745,0.4475,1.74793,0.34394,0.50163,1.70068,0.10872,0.46075,1.94949,0.09509,0.37108,2.12468,0.10525,0.35365,1.98929,-0.10234,0.68123,1.88745,-0.48408,0.75691,1.62556,-0.76393,0.88491,1.6738,-0.98095,0.9023,1.88954,-0.11,0.56795,1.80225,-0.49516,0.49141,1.71639,-0.88221,0.4133,1.75607,-0.96693,0.21088
49.3,1.9323,-0.0194,0.61401,1.8577,0.41845,0.65066,1.85979,0.64126,0.60462,2.01513,0.36569,0.7748,2.03238,0.12929,0.83004,2.15933,0.08897,0.60115,2.21803,0.0755,0.43541,1.75116,0.34464,0.48885,1.7049,0.11007,0.44337,1.95474,0.10173,0.35595,2.12982,0.11599,0.34039,1.99045,-0.10287,0.66856,1.91084,-0.49128,0.73653,1.64322,-0.75379,0.88738,1.67818,-0.97248,0.91349,1.88985,-0.10969,0.55597,1.80179,-0.49582,0.48546,1.71509,-0.88386,0.41339,1.7549,-0.96537,0.20968
49.32,1.93399,-0.01912,0.60554,1.86067,0.4191,0.64022,1.86272,0.6417,0.59312,2.01691,0.36617,0.76578,2.03571,0.12958,0.81966,2.16162,0.08811,0.5904,2.21948,0.07335,0.42448,1.75516,0.34517,0.47779,1.71089,0.11093,0.42875,1.96094,0.10151,0.34204,2.13613,0.11351,0.32578,1.99297,-0.10247,0.65937,1.92865,-0.49515,0.71843,1.65851,-0.75045,0.87697,1.68958,-0.96958,0.90424,1.89149,-0.10944,0.54759,1.80231,-0.49614,0.48173,1.71448,-0.88476,0.41432,1.75354,-0.96555,0.21017
49.34,1.93591,-0.01876,0.59839,1.86343,0.41978,0.63068,1.86633,0.64208,0.58222,2.0182,0.3669,0.75807,2.03968,0.13011,0.81003,2.16425,0.08674,0.58039,2.22095,0.07022,0.41423,1.75943,0.34553,0.46743,1.71753,0.11152,0.41534,1.96749,0.09896,0.32875,2.14275,0.10668,0.31083,1.99595,-0.1018,0.65153,1.94454,-0.49769,0.70103,1.67236,-0.74979,0.86117,1.70231,-0.96937,0.88597,1.89357,-0.10926,0.5406,1.80324,-0.49637,0.47884,1.71424,-0.88541,0.41554,1.75233,-0.96639,0.21128
49.36,1.93774,-0.01844,0.59067,1.86622,0.42042,0.62074,1.86957,0.64245,0.57109,2.01966,0.36755,0.74974,2.04331,0.13065,0.80026,2.16674,0.08577,0.57029,2.22251,0.06774,0.40397,1.76352,0.34588,0.4568,1.7239,0.11217,0.40165,1.97386,0.09768,0.31539,2.1491,0.10233,0.29622,1.99871,-0.10125,0.6431,1.96113,-0.49977,0.68293,1.68766,-0.7473,0.84794,1.71574,-0.96719,0.87214,1.89545,-0.10905,0.53301,1.80408,-0.49658,0.47561,1.71403,-0.88607,0.41665,1.75123,-0.96681,0.21214
49.38,1.93947,-0.01815,0.58285,1.86897,0.42103,0.6106,1.87267,0.64272,0.55952,2.02095,0.36818,0.74133,2.04728,0.13117,0.78998,2.16952,0.08434,0.55978,2.22416,0.06442,0.3933,1.7677,0.34619,0.44592,1.73067,0.11293,0.3872,1.98051,0.09596,0.30103,2.15562,0.0969,0.2802,2.00145,-0.10071,0.63449,1.97812,-0.50123,0.66388,1.70219,-0.74174,0.83505,1.72704,-0.96201,0.85937,1.89729,-0.10887,0.52527,1.80496,-0.49681,0.47237,1.71392,-0.88672,0.41792,1.75021,-0.96715,0.21312
49.4,1.94147,-0.01778,0.57554,1.87162,0.42164,0.60103,1.87603,0.64308,0.54893,2.02228,0.36897,0.73334,2.05071,0.13201,0.78103,2.17198,0.08384,0.55058,2.22594,0.06255,0.38405,1.77171,0.3464,0.43569,1.73694,0.11335,0.37479,1.98676,0.09471,0.2889,2.16171,0.093,0.26686,2.00432,-0.10007,0.62655,1.99332,-0.50171,0.64623,1.71817,-0.74113,0.82017,1.7434,-0.96155,0.84263,1.89935,-0.10864,0.51814,1.80607,-0.49689,0.46936,1.71406,-0.88713,0.41902,1.74939,-0.9676,0.21407
49.42,1.94417,-0.01716,0.56932,1.87419,0.42235,0.59282,1.88007,0.64381,0.54091,2.02404,0.37014,0.72622,2.05247,0.13349,0.7754,2.17312,0.08617,0.54446,2.22762,0.06534,0.37804,1.77528,0.34652,0.42715,1.74151,0.113,0.3675,1.99178,0.09545,0.28273,2.16679,0.09438,0.2611,2.0075,-0.0992,0.62014,2.00484,-0.50126,0.63259,1.73922,-0.75552,0.80018,1.77446,-0.97518,0.81554,1.90188,-0.10825,0.51241,1.80757,-0.49663,0.46676,1.71452,-0.88701,0.41955,1.7488,-0.96834,0.21476
49.44,1.94714,-0.01645,0.56358,1.87669,0.42308,0.58519,1.88436,0.64464,0.53397,2.0259,0.37146,0.71954,2.05362,0.13522,0.77102,2.17383,0.08941,0.53953,2.22932,0.06966,0.37331,1.77869,0.3466,0.41928,1.74544,0.11235,0.36222,1.9963,0.09667,0.27881,2.17142,0.09724,0.25811,2.01082,-0.09823,0.61439,2.0146,-0.50043,0.62064,1.76223,-0.77423,0.77756,1.81071,-0.9918,0.78389,1.90463,-0.1078,0.50726,1.80925,-0.49624,0.46436,1.71513,-0.88669,0.41992,1.74835,-0.96919,0.21543
49.46,1.94998,-0.0158,0.55762,1.87916,0.42376,0.57732,1.88847,0.64539,0.52666,2.02764,0.37269,0.71268,2.05501,0.13682,0.76604,2.17477,0.09212,0.53411,2.23106,0.07309,0.36807,1.78214,0.34665,0.41113,1.74962,0.11181,0.35612,2.00096,0.09754,0.27392,2.17615,0.09922,0.25391,2.01405,-0.09732,0.60834,2.02469,-0.49945,0.60798,1.7845,-0.78898,0.75551,1.84422,-1.00383,0.75394,1.9073,-0.10739,0.50182,1.8109,-0.49589,0.46188,1.71574,-0.88641,0.4204,1.74792,-0.96993,0.21615
49.48,1.95286,-0.01508,0.55169,1.88173,0.42452,0.56939,1.89257,0.64615,0.51905,2.02951,0.37402,0.70573,2.05644,0.13856,0.7611,2.17535,0.09542,0.52844,2.23228,0.07745,0.3625,1.78563,0.34675,0.40297,1.75389,0.11138,0.34981,2.00569,0.09904,0.26872,2.18093,0.10214,0.24927,2.01742,-0.09631,0.60227,2.03598,-0.49807,0.59436,1.81034,-0.80424,0.73086,1.88249,-1.01499,0.7205,1.90995,-0.10695,0.49653,1.8126,-0.4955,0.45947,1.71647,-0.88608,0.42088,1.74757,-0.97069,0.21691
49.5,1.95572,-0.01448,0.54581,1.88403,0.42509,0.56173,1.8966,0.64686,0.51239,2.03108,0.37518,0.69907,2.05757,0.14013,0.75635,2.17648,0.09781,0.52353,2.23449,0.08042,0.35791,1.78897,0.3467,0.395,1.75776,0.11069,0.34446,2.01003,0.09945,0.26468,2.18534,0.10359,0.24609,2.02052,-0.09551,0.59641,2.04416,-0.49685,0.58294,1.83095,-0.816,0.7093,1.91312,-1.02259,0.69205,1.91271,-0.10654,0.49106,1.81432,-0.4951,0.45697,1.71714,-0.88571,0.42136,1.74728,-0.97132,0.21767
49.52,1.95849,-0.01426,0.5399,1.88571,0.42517,0.55469,1.90062,0.64739,0.50808,2.03199,0.3758,0.69305,2.05813,0.14106,0.75175,2.17927,0.09716,0.52039,2.23943,0.07873,0.35565,1.7919,0.34632,0.38747,1.76061,0.10941,0.34135,2.01337,0.09682,0.26333,2.18885,0.10071,0.24628,2.0229,-0.09537,0.59084,2.04439,-0.49684,0.57715,1.835,-0.82047,0.6984,1.92036,-1.02562,0.67958,1.91573,-0.10625,0.48483,1.81592,-0.49473,0.45412,1.71729,-0.88527,0.4219,1.74678,-0.97145,0.21836
49.54,1.96124,-0.01416,0.53404,1.88717,0.42509,0.54786,1.90455,0.64781,0.50469,2.03261,0.37625,0.6873,2.05841,0.14181,0.74732,2.18264,0.09559,0.51805,2.24539,0.07565,0.35446,1.79474,0.34581,0.38008,1.76304,0.10801,0.33913,2.01629,0.09316,0.26311,2.19195,0.09639,0.24792,2.02502,-0.09546,0.58549,2.0417,-0.4972,0.57359,1.8332,-0.82267,0.69143,1.91953,-1.02743,0.67288,1.91888,-0.106,0.47841,1.81745,-0.49432,0.45115,1.71717,-0.8847,0.42238,1.74612,-0.97133,0.21895
49.56,1.96398,-0.01399,0.52821,1.88873,0.42509,0.5409,1.90838,0.64822,0.5009,2.03328,0.37681,0.68143,2.05875,0.14269,0.74284,2.18572,0.09462,0.51546,2.25086,0.07349,0.35296,1.7977,0.34536,0.37257,1.7656,0.10682,0.33649,2.0193,0.09007,0.26242,2.19511,0.09282,0.24894,2.02721,-0.09541,0.58014,2.04042,-0.49731,0.56909,1.83431,-0.82576,0.68278,1.92271,-1.0296,0.66371,1.92198,-0.10573,0.47214,1.81895,-0.49385,0.44822,1.71705,-0.88404,0.4228,1.74539,-0.97117,0.21949
49.58,1.96679,-0.01388,0.52215,1.89039,0.42503,0.53396,1.91256,0.64847,0.49718,2.03432,0.37725,0.67532,2.05919,0.14342,0.73808,2.1886,0.09302,0.51259,2.25605,0.07034,0.35124,1.80046,0.34489,0.36524,1.76794,0.10572,0.33404,2.02201,0.08726,0.26165,2.19793,0.08968,0.24971,2.02954,-0.09549,0.57436,2.03858,-0.49752,0.56382,1.83474,-0.82891,0.67295,1.925,-1.03188,0.65332,1.92505,-0.10545,0.46561,1.82023,-0.49329,0.44517,1.71651,-0.88322,0.42325,1.74421,-0.97072,0.22002
49.6,1.96945,-0.01369,0.5166,1.89181,0.42504,0.52697,1.91587,0.64883,0.49362,2.03453,0.37786,0.66975,2.05932,0.1444,0.73388,2.19193,0.09254,0.51059,2.26194,0.06896,0.35046,1.80367,0.34439,0.35754,1.77042,0.10472,0.33139,2.02496,0.08389,0.26132,2.20101,0.08561,0.25131,2.03152,-0.09537,0.56951,2.03714,-0.4975,0.56048,1.83523,-0.83115,0.66626,1.92721,-1.03335,0.64669,1.92824,-0.10522,0.45961,1.82177,-0.49276,0.44229,1.71637,-0.8824,0.42351,1.74349,-0.9704,0.22041
49.62,1.97164,-0.01323,0.51233,1.89265,0.42532,0.51963,1.9168,0.64963,0.49009,2.03264,0.37903,0.66536,2.05862,0.14612,0.73103,2.19614,0.09528,0.5105,2.26926,0.07259,0.35164,1.80808,0.34385,0.34878,1.77336,0.10386,0.32802,2.02858,0.07892,0.2619,2.20478,0.07894,0.25478,2.03252,-0.0946,0.56706,2.03751,-0.49681,0.56184,1.83716,-0.83145,0.66747,1.93081,-1.033,0.64923,1.93162,-0.10509,0.45503,1.82398,-0.4924,0.43983,1.7174,-0.88182,0.42319,1.7441,-0.97073,0.22043
49.64,1.97367,-0.01269,0.50858,1.89337,0.42567,0.5122,1.91685,0.65053,0.48659,2.02998,0.38035,0.66141,2.05761,0.14811,0.72874,2.20071,0.09922,0.51134,2.27715,0.07804,0.35384,1.81312,0.34328,0.33972,1.77637,0.10318,0.32435,2.03225,0.07343,0.26294,2.20855,0.07132,0.25917,2.0331,-0.09363,0.56551,2.038,-0.49587,0.56509,1.83876,-0.83084,0.67178,1.93389,-1.03186,0.65544,1.93508,-0.10501,0.45103,1.8263,-0.49205,0.43753,1.71858,-0.88123,0.42261,1.74494,-0.97119,0.22027
49.66,1.97579,-0.01221,0.50464,1.89433,0.42595,0.5048,1.91726,0.65127,0.48301,2.02769,0.38154,0.65718,2.05673,0.14998,0.72623,2.20505,0.10271,0.51199,2.2847,0.08278,0.35592,1.81813,0.3427,0.33089,1.77919,0.10268,0.32068,2.03556,0.06839,0.26384,2.21186,0.06428,0.26331,2.0338,-0.09277,0.56354,2.03794,-0.495,0.56748,1.83986,-0.83051,0.67461,1.93646,-1.03096,0.65992,1.93852,-0.10491,0.44684,1.82834,-0.49162,0.43513,1.71921,-0.88047,0.422,1.74522,-0.97137,0.22004
49.68,1.97785,-0.01166,0.50048,1.89549,0.42632,0.4971,1.9177,0.65206,0.47921,2.02576,0.38284,0.6524,2.0558,0.15197,0.72332,2.20884,0.10591,0.51216,2.29135,0.08706,0.35745,1.8231,0.34218,0.322,1.78174,0.10239,0.31733,2.0383,0.06309,0.26475,2.21452,0.05685,0.26717,2.03435,-0.09184,0.56133,2.03794,-0.49401,0.56944,1.84063,-0.82966,0.67758,1.93833,-1.02969,0.66456,1.94183,-0.10475,0.44251,1.83013,-0.49107,0.43251,1.71946,-0.87954,0.4211,1.74507,-0.97132,0.21949
49.7,1.98,-0.01123,0.49693,1.8966,0.42651,0.48993,1.91784,0.6526,0.47565,2.02312,0.38394,0.64855,2.05487,0.15387,0.7213,2.21348,0.11008,0.5138,2.29942,0.09275,0.36079,1.82876,0.34155,0.31341,1.78455,0.10222,0.31308,2.04142,0.0585,0.26579,2.21746,0.05019,0.27191,2.03492,-0.09101,0.55972,2.03702,-0.49307,0.57247,1.84082,-0.82931,0.68079,1.9401,-1.02867,0.66949,1.94538,-0.10471,0.43874,1.83198,-0.49057,0.43023,1.71961,-0.8786,0.42034,1.74495,-0.97132,0.21912
49.72,1.98246,-0.01113,0.49491,1.89737,0.4262,0.4841,1.9174,0.65256,0.47262,2.01851,0.38453,0.64709,2.05397,0.15557,0.72161,2.22038,0.11688,0.51926,2.31124,0.1022,0.36884,1.83606,0.34058,0.30552,1.78828,0.10195,0.30655,2.04601,0.05568,0.26699,2.22168,0.04563,0.27871,2.03579,-0.09045,0.55962,2.03411,-0.4923,0.57797,1.84039,-0.83067,0.68409,1.9428,-1.02852,0.67452,1.9496,-0.105,0.43632,1.83426,-0.49031,0.42899,1.71994,-0.87779,0.42028,1.74524,-0.9716,0.21956
49.74,1.98502,-0.01116,0.4935,1.89811,0.4257,0.47875,1.91669,0.65229,0.4697,2.01314,0.38489,0.64632,2.05293,0.15734,0.72292,2.22768,0.12482,0.5266,2.32392,0.11322,0.37929,1.84413,0.33951,0.29809,1.79261,0.10165,0.29901,2.0512,0.05357,0.26816,2.22623,0.0419,0.28619,2.03668,-0.09001,0.56011,2.03012,-0.4915,0.58425,1.83937,-0.83247,0.68739,1.94541,-1.02849,0.6797,1.95408,-0.10541,0.43448,1.83662,-0.4901,0.42808,1.72018,-0.87697,0.42031,1.74552,-0.97192,0.22014
49.76,1.98753,-0.01113,0.49185,1.89909,0.42527,0.47316,1.91608,0.65207,0.46653,2.00815,0.38531,0.64487,2.05174,0.15929,0.72392,2.23404,0.13246,0.53371,2.33525,0.12369,0.38957,1.85213,0.33852,0.29081,1.79697,0.10148,0.2917,2.05602,0.05131,0.26917,2.23022,0.03798,0.29319,2.03744,-0.08953,0.5603,2.02595,-0.49056,0.58975,1.83793,-0.83379,0.69037,1.94719,-1.02811,0.68461,1.95842,-0.10575,0.43248,1.83874,-0.48976,0.4269,1.72005,-0.87596,0.41998,1.74537,-0.97198,0.22031
49.78,1.99008,-0.01108,0.49007,1.9003,0.42484,0.46697,1.91557,0.65182,0.46275,2.00306,0.38582,0.64274,2.05045,0.16158,0.72462,2.2399,0.14077,0.54076,2.34572,0.13496,0.3998,1.86062,0.33743,0.28322,1.80115,0.10143,0.28432,2.06031,0.04884,0.27009,2.23342,0.03366,0.30004,2.03823,-0.08895,0.56037,2.02183,-0.48939,0.595,1.83644,-0.83463,0.69359,1.94881,-1.02721,0.68968,1.96283,-0.10613,0.43051,1.84068,-0.48937,0.42563,1.71952,-0.87481,0.41943,1.74474,-0.97174,0.22019
49.8,1.99256,-0.0111,0.48872,1.9015,0.42434,0.46189,1.91484,0.65147,0.45968,1.99807,0.38601,0.64129,2.0488,0.16367,0.72627,2.24521,0.14852,0.54927,2.35597,0.14551,0.41208,1.86888,0.33654,0.27694,1.80641,0.10132,0.27649,2.06558,0.04719,0.27084,2.23739,0.03056,0.30693,2.03879,-0.08861,0.56068,2.01628,-0.48833,0.59997,1.83383,-0.83596,0.6956,1.94939,-1.02667,0.69395,1.96714,-0.10643,0.4288,1.84258,-0.4889,0.4244,1.71899,-0.87358,0.41867,1.74422,-0.97158,0.21995
49.82,1.9949,-0.01127,0.4883,1.90225,0.42372,0.45977,1.91346,0.65098,0.45876,1.99342,0.38544,0.64199,2.04643,0.16483,0.73002,2.24987,0.15418,0.56081,2.3667,0.15355,0.42872,1.8759,0.33626,0.27367,1.81434,0.10086,0.26789,2.07369,0.04743,0.27157,2.24393,0.03039,0.31432,2.03886,-0.08893,0.56151,2.00774,-0.48771,0.60424,1.82916,-0.83871,0.69476,1.94746,-1.02774,0.69621,1.97127,-0.10648,0.42747,1.84464,-0.48828,0.42324,1.71898,-0.87229,0.41771,1.74451,-0.97192,0.21985
49.84,1.99717,-0.0115,0.4883,1.90281,0.42305,0.4587,1.91181,0.65041,0.45849,1.98878,0.38458,0.64339,2.0436,0.1657,0.73458,2.25387,0.15923,0.57372,2.37699,0.16098,0.44747,1.88248,0.33618,0.27157,1.82356,0.10036,0.25926,2.08291,0.04843,0.27249,2.2513,0.03134,0.32198,2.03875,-0.08949,0.56255,1.99795,-0.48711,0.60786,1.82384,-0.84182,0.69243,1.94501,-1.02895,0.69747,1.97536,-0.10645,0.4264,1.84672,-0.48758,0.42215,1.71906,-0.87093,0.41661,1.74494,-0.97235,0.21971
49.86,1.99944,-0.01171,0.48816,1.90349,0.42239,0.45702,1.91027,0.64982,0.45759,1.98406,0.38383,0.6441,2.04057,0.16683,0.73871,2.25716,0.1648,0.58635,2.38601,0.16909,0.46602,1.88932,0.33598,0.2691,1.8327,0.09998,0.25102,2.09162,0.04912,0.27359,2.25795,0.03178,0.32954,2.03866,-0.08994,0.56343,1.9884,-0.48623,0.6109,1.81881,-0.84437,0.69001,1.94307,-1.02933,0.69873,1.97949,-0.10647,0.42534,1.84866,-0.48685,0.42096,1.71883,-0.86946,0.41531,1.74491,-0.97249,0.21927
49.88,2.00182,-0.01191,0.48782,1.90405,0.42166,0.45498,1.90848,0.64914,0.45616,1.9791,0.38305,0.64433,2.03718,0.16804,0.74246,2.25977,0.17076,0.59902,2.39411,0.17782,0.48499,1.89622,0.33573,0.26647,1.84225,0.09963,0.24248,2.10031,0.04969,0.27475,2.26419,0.03187,0.33739,2.03862,-0.0904,0.56404,1.97866,-0.48513,0.61317,1.8136,-0.84635,0.68771,1.93887,-1.03047,0.69928,1.9838,-0.10646,0.42411,1.85056,-0.486,0.41951,1.71831,-0.86778,0.41364,1.74455,-0.97242,0.21847
49.9,2.00395,-0.01212,0.488,1.90484,0.42102,0.45356,1.90708,0.64853,0.45526,1.9745,0.38223,0.64493,2.03363,0.1693,0.74688,2.26162,0.17632,0.61233,2.401,0.18606,0.50474,1.90301,0.33563,0.26465,1.85221,0.09944,0.23523,2.10926,0.05075,0.27635,2.27077,0.03282,0.34483,2.03838,-0.09088,0.56504,1.96867,-0.4839,0.615,1.80881,-0.8486,0.68373,1.93886,-1.029,0.70024,1.9878,-0.10646,0.42347,1.85235,-0.4852,0.4184,1.71791,-0.86621,0.41206,1.7442,-0.97227,0.21767
49.92,2.0054,-0.01234,0.48941,1.90623,0.42069,0.4538,1.90678,0.64821,0.45607,1.97093,0.38142,0.6468,2.02998,0.17059,0.75308,2.26253,0.18042,0.62676,2.40628,0.19227,0.5253,1.90956,0.33593,0.26463,1.86238,0.09955,0.23105,2.11866,0.053,0.27885,2.27859,0.03602,0.35117,2.03768,-0.09138,0.56709,1.95812,-0.48256,0.61681,1.80578,-0.85197,0.67693,1.95082,-1.01884,0.70603,1.99089,-0.10645,0.42416,1.85401,-0.48467,0.41831,1.71811,-0.86515,0.4112,1.74433,-0.97225,0.21737
49.94,2.00658,-0.01256,0.49134,1.90781,0.42048,0.45479,1.90683,0.648,0.45762,1.96772,0.3806,0.64921,2.02621,0.17193,0.75997,2.26285,0.18416,0.64173,2.41056,0.19802,0.54639,1.91597,0.3364,0.26546,1.8727,0.09981,0.22828,2.12826,0.0558,0.28196,2.28689,0.04021,0.35739,2.03679,-0.0919,0.56955,1.94757,-0.48111,0.61834,1.80418,-0.85523,0.67088,1.96474,-1.00296,0.71697,1.99362,-0.10643,0.42543,1.8556,-0.48422,0.41864,1.71854,-0.86427,0.41061,1.7446,-0.97226,0.21726
49.96,2.00787,-0.01276,0.49308,1.9093,0.42024,0.45547,1.90668,0.64773,0.45876,1.9643,0.37979,0.65122,2.02218,0.1734,0.76646,2.26265,0.18842,0.65656,2.41405,0.20455,0.56758,1.92243,0.33681,0.26614,1.88315,0.10011,0.22538,2.13774,0.05849,0.28526,2.29483,0.04412,0.3641,2.03597,-0.09239,0.57178,1.93731,-0.47947,0.61927,1.80292,-0.85756,0.66693,1.97401,-0.98608,0.72969,1.99651,-0.10641,0.42656,1.85717,-0.48369,0.41878,1.71878,-0.86323,0.40978,1.74466,-0.97211,0.2169
49.98,2.00922,-0.01302,0.49466,1.91076,0.41991,0.45595,1.90644,0.64737,0.45954,1.96081,0.37892,0.65291,2.01738,0.17467,0.77256,2.26142,0.19211,0.6712,2.41621,0.21033,0.58872,1.92892,0.33714,0.26674,1.89392,0.10041,0.2224,2.14729,0.06113,0.2887,2.3027,0.04795,0.37098,2.03515,-0.09296,0.57378,1.92598,-0.47744,0.61938,1.8021,-0.85946,0.66408,1.98106,-0.96368,0.74677,1.99959,-0.10641,0.4275,1.85883,-0.48314,0.41874,1.719,-0.86213,0.40878,1.7447,-0.97189,0.21637
50,2.01037,-0.01317,0.49669,1.91229,0.41975,0.45697,1.90639,0.64717,0.46097,1.95742,0.37816,0.65499,2.01337,0.17652,0.77926,2.26046,0.19732,0.68628,2.41822,0.21831,0.61034,1.93532,0.33765,0.268,1.90444,0.10091,0.22078,2.1566,0.06413,0.29284,2.31045,0.05237,0.37823,2.03427,-0.09336,0.5762,1.91706,-0.47571,0.61966,1.80147,-0.86041,0.66361,1.98357,-0.9439,0.76156,2.00226,-0.10636,0.42907,1.86027,-0.48261,0.41908,1.71919,-0.8611,0.40792,1.74458,-0.97162,0.21591
50.02,2.011,-0.01307,0.49975,1.91386,0.41999,0.45929,1.90666,0.64736,0.46406,1.95418,0.37766,0.65819,2.01146,0.17981,0.78782,2.26085,0.20636,0.70279,2.42097,0.23166,0.63335,1.94147,0.3386,0.27063,1.91393,0.10171,0.22211,2.1653,0.06788,0.29829,2.31788,0.05804,0.38614,2.03319,-0.09331,0.57971,1.91464,-0.47541,0.6217,1.80068,-0.86072,0.66457,1.98372,-0.94031,0.76402,2.0038,-0.10626,0.43202,1.86113,-0.4822,0.42036,1.71933,-0.86037,0.40755,1.74416,-0.97141,0.21577
50.04,2.01142,-0.01287,0.50325,1.91546,0.4204,0.46219,1.90709,0.64771,0.46786,1.95103,0.37727,0.66182,2.01019,0.18384,0.79715,2.26126,0.21719,0.71983,2.42317,0.24761,0.65691,1.94752,0.33973,0.27392,1.923,0.10265,0.22471,2.17367,0.07191,0.30441,2.32511,0.0642,0.39443,2.03203,-0.09309,0.58365,1.91454,-0.47564,0.6245,1.79988,-0.8609,0.66592,1.98371,-0.94256,0.76218,2.00491,-0.10613,0.43554,1.86179,-0.48183,0.42202,1.71951,-0.85975,0.40737,1.74368,-0.97124,0.21577
50.06,2.01194,-0.01271,0.50661,1.91707,0.42074,0.46491,1.90745,0.64798,0.47136,1.94784,0.37684,0.66518,2.00816,0.18786,0.80616,2.26056,0.22779,0.73665,2.42384,0.26337,0.68032,1.95362,0.34078,0.27716,1.93225,0.10357,0.22712,2.18202,0.07585,0.31066,2.3322,0.07017,0.40292,2.03091,-0.09293,0.58741,1.91334,-0.4756,0.62694,1.79912,-0.86113,0.66703,1.98382,-0.94192,0.76236,2.00623,-0.106,0.43887,1.8626,-0.48144,0.42352,1.71975,-0.85907,0.40707,1.74328,-0.97103,0.21566
50.08,2.01247,-0.01256,0.50976,1.91862,0.42106,0.46749,1.90756,0.64821,0.4746,1.94456,0.37637,0.66826,2.00467,0.19177,0.81502,2.25819,0.23771,0.75381,2.42259,0.27769,0.7041,1.95967,0.34183,0.28036,1.94165,0.10444,0.22982,2.19047,0.07991,0.31711,2.3392,0.0764,0.4118,2.02976,-0.09279,0.59092,1.91236,-0.47563,0.62932,1.79841,-0.86136,0.66823,1.98397,-0.94183,0.76212,2.00751,-0.10588,0.442,1.86338,-0.48105,0.4249,1.71999,-0.8584,0.40671,1.74296,-0.97073,0.21544
50.1,2.01292,-0.01237,0.51344,1.92028,0.42145,0.47058,1.90813,0.64852,0.47844,1.94143,0.376,0.67174,2.00294,0.19657,0.82423,2.25661,0.25018,0.77031,2.42115,0.29667,0.72714,1.96573,0.3429,0.28418,1.95062,0.10547,0.23292,2.19833,0.08381,0.32406,2.34582,0.08226,0.42071,2.02862,-0.09258,0.59495,1.91149,-0.47564,0.63195,1.7976,-0.86153,0.66939,1.98398,-0.94193,0.76172,2.00877,-0.10573,0.44569,1.8642,-0.48064,0.42657,1.72034,-0.85771,0.4064,1.74253,-0.97054,0.21534
50.12,2.01317,-0.01204,0.51843,1.92222,0.42207,0.47489,1.90994,0.6491,0.48383,1.93865,0.37592,0.67634,2.00613,0.2038,0.83461,2.25809,0.26897,0.78559,2.42042,0.32733,0.74895,1.97184,0.34406,0.28933,1.95868,0.10691,0.23628,2.20492,0.08727,0.33173,2.35192,0.08709,0.42915,2.02746,-0.09216,0.60029,1.91033,-0.47543,0.635,1.79657,-0.86157,0.67017,1.98366,-0.94114,0.76181,2.01005,-0.10549,0.45074,1.86523,-0.48016,0.42903,1.72101,-0.85695,0.40633,1.74192,-0.97064,0.21564
50.14,2.01334,-0.01167,0.52394,1.92426,0.42276,0.47975,1.91218,0.64975,0.48991,1.93601,0.37594,0.68136,2.01054,0.21254,0.84561,2.25952,0.29065,0.80049,2.41757,0.36268,0.76997,1.97793,0.34524,0.29511,1.96638,0.10849,0.23993,2.21099,0.09052,0.33981,2.35774,0.09153,0.43759,2.02631,-0.09167,0.60614,1.90926,-0.47518,0.6383,1.79553,-0.86156,0.67091,1.98327,-0.94035,0.76187,2.01132,-0.10522,0.45635,1.86632,-0.47965,0.43178,1.72181,-0.85615,0.40631,1.74123,-0.97084,0.21605
50.16,2.01355,-0.01134,0.52923,1.92625,0.42339,0.48445,1.91414,0.65032,0.49577,1.93332,0.3759,0.68612,2.01307,0.22147,0.85649,2.25865,0.31174,0.8156,2.41141,0.39626,0.7907,1.98399,0.34638,0.30083,1.97428,0.10998,0.24378,2.2172,0.09381,0.34799,2.36352,0.09613,0.44639,2.02516,-0.09122,0.61174,1.90823,-0.47497,0.6415,1.79461,-0.86158,0.67171,1.98304,-0.93955,0.76195,2.01259,-0.10499,0.46175,1.86742,-0.47915,0.43439,1.72262,-0.85535,0.40619,1.74061,-0.97094,0.21634
50.18,2.01374,-0.01093,0.53446,1.92828,0.4241,0.4891,1.91607,0.65097,0.50156,1.93056,0.37594,0.69072,2.01382,0.23101,0.86763,2.25569,0.3327,0.83171,2.40194,0.42941,0.81284,1.99014,0.34759,0.30662,1.98243,0.11157,0.24773,2.22349,0.09746,0.35646,2.36951,0.10131,0.45527,2.02393,-0.09071,0.61726,1.90723,-0.47471,0.64459,1.79385,-0.86156,0.67239,1.98295,-0.93863,0.76198,2.01383,-0.10467,0.4671,1.86871,-0.47865,0.4371,1.72386,-0.85462,0.40631,1.74045,-0.97093,0.21678
50.2,2.01396,-0.01067,0.53993,1.93024,0.42466,0.4941,1.91801,0.65145,0.50778,1.92797,0.37583,0.69557,2.01532,0.24113,0.87848,2.25201,0.35529,0.84561,2.39011,0.4639,0.83044,1.99601,0.34862,0.31279,1.99011,0.11301,0.2521,2.22934,0.10036,0.36499,2.37477,0.10539,0.4646,2.02285,-0.09032,0.623,1.90628,-0.47452,0.64792,1.79301,-0.86158,0.6733,1.98281,-0.93774,0.76219,2.01512,-0.10451,0.47273,1.86976,-0.47814,0.43966,1.72454,-0.85371,0.40591,1.73956,-0.97105,0.21688
50.22,2.01423,-0.01091,0.54598,1.93207,0.42469,0.49992,1.92001,0.6514,0.51503,1.92579,0.37523,0.70115,2.02032,0.25226,0.88869,2.24885,0.38146,0.85388,2.37711,0.50131,0.83703,2.00126,0.34913,0.31969,1.99656,0.11398,0.25712,2.23427,0.1012,0.37314,2.37829,0.10629,0.47478,2.02207,-0.09037,0.62933,1.9053,-0.47466,0.65188,1.79182,-0.8618,0.67486,1.9824,-0.93704,0.76288,2.01649,-0.10489,0.47899,1.87011,-0.47773,0.44177,1.72358,-0.85241,0.40403,1.73704,-0.97175,0.21613
50.24,2.01456,-0.0113,0.55223,1.93384,0.42455,0.50602,1.92199,0.65117,0.52266,1.92379,0.37448,0.70695,2.02576,0.26451,0.89863,2.24435,0.40885,0.85968,2.36166,0.53887,0.83893,2.00623,0.34945,0.32686,2.00254,0.11479,0.26243,2.23884,0.10129,0.38122,2.38116,0.10607,0.48524,2.02146,-0.09056,0.63586,1.90436,-0.47488,0.65605,1.79055,-0.86206,0.67662,1.98191,-0.93637,0.76372,2.01792,-0.10542,0.48549,1.87031,-0.47728,0.44368,1.72221,-0.85088,0.40154,1.73524,-0.97271,0.21521
50.26,2.01491,-0.01159,0.55835,1.93561,0.42451,0.51199,1.92386,0.65101,0.53011,1.92173,0.37383,0.71254,2.02899,0.27737,0.90855,2.23729,0.43525,0.86592,2.34314,0.57418,0.84162,2.01126,0.34987,0.33399,2.00876,0.11568,0.2678,2.24356,0.10176,0.38949,2.38428,0.10646,0.49566,2.02082,-0.09066,0.64223,1.9035,-0.47503,0.66007,1.78944,-0.86226,0.67826,1.98156,-0.93565,0.76448,2.01936,-0.10584,0.49186,1.87074,-0.47678,0.4456,1.72135,-0.84936,0.3992,1.73489,-0.97353,0.21447
50.28,2.01506,-0.012,0.56467,1.93745,0.42439,0.51823,1.92583,0.65078,0.53786,1.91957,0.37308,0.7183,2.03045,0.29146,0.91898,2.2277,0.46197,0.8726,2.32136,0.60865,0.84413,2.01642,0.3502,0.34149,2.01514,0.11659,0.27328,2.24836,0.10224,0.39793,2.38733,0.10671,0.50639,2.01993,-0.09084,0.64883,1.90252,-0.47529,0.66423,1.78837,-0.8626,0.67994,1.98135,-0.93478,0.76525,2.02063,-0.10642,0.4985,1.87124,-0.47645,0.4477,1.72076,-0.84802,0.39699,1.73599,-0.97439,0.21389
50.3,2.01564,-0.01219,0.57059,1.9391,0.42438,0.52402,1.92738,0.65063,0.54514,1.91765,0.37251,0.72359,2.0314,0.30504,0.92789,2.21705,0.48672,0.87632,2.2985,0.63954,0.84298,2.02117,0.35064,0.3485,2.02118,0.11743,0.27891,2.25289,0.10261,0.40628,2.39026,0.1071,0.51677,2.01958,-0.09088,0.65495,1.90188,-0.47532,0.6681,1.78744,-0.86263,0.68153,1.98104,-0.9341,0.766,2.02223,-0.10671,0.50466,1.87187,-0.4757,0.44932,1.72016,-0.84615,0.39426,1.73795,-0.97482,0.213
50.32,2.01737,-0.01169,0.5755,1.94027,0.42473,0.52851,1.9279,0.65082,0.55096,1.91628,0.37252,0.7277,2.03388,0.31642,0.93326,2.20774,0.5071,0.87371,2.2774,0.66437,0.83481,2.02488,0.35147,0.354,2.0263,0.11816,0.28474,2.25677,0.10274,0.41428,2.39311,0.10805,0.52599,2.02076,-0.09045,0.65981,1.90211,-0.47466,0.67121,1.7867,-0.86173,0.68287,1.9803,-0.93397,0.76669,2.02474,-0.10613,0.50954,1.87265,-0.47368,0.44956,1.7191,-0.84266,0.3899,1.73907,-0.97439,0.21109
50.34,2.01955,-0.01097,0.57996,1.94129,0.42519,0.53244,1.92803,0.65109,0.55618,1.91518,0.37271,0.7313,2.03681,0.32722,0.93714,2.19847,0.52536,0.86831,2.25612,0.6858,0.82321,2.02821,0.35242,0.35887,2.03103,0.11884,0.29056,2.26035,0.10278,0.42204,2.39586,0.10913,0.53471,2.02252,-0.08988,0.66415,1.90269,-0.47376,0.67398,1.78608,-0.86052,0.68406,1.97945,-0.93408,0.76728,2.02761,-0.10527,0.51389,1.87357,-0.47123,0.44931,1.71801,-0.83859,0.38506,1.73977,-0.97359,0.20891
50.36,2.02154,-0.01038,0.58452,1.94239,0.42557,0.53654,1.92827,0.65128,0.56158,1.91401,0.37276,0.73499,2.03849,0.33881,0.94135,2.18762,0.54329,0.86337,2.23283,0.7057,0.81163,2.03169,0.35329,0.36397,2.03589,0.11955,0.29632,2.26399,0.10291,0.42984,2.39853,0.11014,0.54362,2.024,-0.08939,0.66863,1.90315,-0.47299,0.6768,1.7855,-0.85948,0.68522,1.97873,-0.9341,0.76781,2.03034,-0.10458,0.51839,1.8746,-0.46899,0.44933,1.71728,-0.8348,0.38059,1.74092,-0.97278,0.20701
50.38,2.02347,-0.00967,0.58954,1.94344,0.42605,0.54095,1.92856,0.65157,0.56725,1.91271,0.37296,0.73898,2.03912,0.35165,0.94586,2.17544,0.56115,0.85834,2.2072,0.7242,0.79915,2.0352,0.35425,0.36947,2.04072,0.1203,0.30262,2.26759,0.10284,0.43812,2.40129,0.11111,0.55281,2.02554,-0.08882,0.67354,1.90358,-0.4721,0.67993,1.78479,-0.85827,0.68656,1.97793,-0.93388,0.76846,2.03302,-0.10373,0.52332,1.87553,-0.46636,0.44904,1.71634,-0.83035,0.37515,1.74292,-0.9716,0.20466
50.4,2.02563,-0.00915,0.5935,1.94457,0.42633,0.54451,1.9286,0.65162,0.57212,1.91178,0.37289,0.74212,2.03984,0.36284,0.94883,2.16341,0.57591,0.85157,2.1831,0.73812,0.78523,2.03853,0.35507,0.374,2.04547,0.12096,0.30785,2.27107,0.10317,0.44541,2.40368,0.11221,0.5613,2.0271,-0.08838,0.67743,1.90422,-0.47139,0.68229,1.78451,-0.8573,0.68739,1.9774,-0.93416,0.7687,2.03586,-0.10313,0.52727,1.87693,-0.46434,0.44921,1.71631,-0.82689,0.37148,1.74353,-0.9707,0.20324
50.42,2.02838,-0.00926,0.59463,1.94595,0.426,0.5459,1.92809,0.65096,0.57499,1.91186,0.37202,0.74313,2.0425,0.36917,0.94845,2.15312,0.58468,0.84144,2.16495,0.74553,0.77013,2.04151,0.35546,0.37598,2.05013,0.12131,0.31017,2.27437,0.10463,0.45005,2.40514,0.11361,0.56803,2.02855,-0.0884,0.67866,1.90537,-0.47132,0.68268,1.78534,-0.85715,0.68694,1.97764,-0.9359,0.76786,2.03915,-0.10335,0.52863,1.87954,-0.46431,0.45084,1.71857,-0.8267,0.37309,1.74031,-0.97054,0.20408
50.44,2.03134,-0.00956,0.59471,1.94738,0.42545,0.54641,1.92733,0.65003,0.577,1.91228,0.3709,0.74331,2.04587,0.3737,0.94672,2.14342,0.59063,0.83029,2.149,0.74989,0.75475,2.04429,0.35569,0.37694,2.05472,0.12155,0.31136,2.27757,0.1065,0.45364,2.4062,0.11514,0.57396,2.03,-0.08855,0.67887,1.9067,-0.47144,0.6823,1.78655,-0.85724,0.68598,1.97808,-0.93813,0.7666,2.04256,-0.10381,0.52902,1.88243,-0.4649,0.4529,1.72142,-0.82756,0.37651,1.73859,-0.96945,0.20534
50.46,2.03418,-0.00975,0.59531,1.94875,0.425,0.54727,1.92663,0.64918,0.57929,1.91252,0.36992,0.74382,2.04848,0.37926,0.94547,2.13293,0.59655,0.81983,2.13164,0.75362,0.73968,2.04712,0.35598,0.37833,2.05932,0.12185,0.31303,2.28074,0.10819,0.45766,2.40734,0.11661,0.58014,2.03145,-0.08863,0.67954,1.90794,-0.47145,0.68226,1.78756,-0.85718,0.68523,1.97839,-0.94008,0.76549,2.04586,-0.10413,0.52989,1.88503,-0.4651,0.45468,1.72377,-0.8278,0.37899,1.73986,-0.96779,0.20616
50.48,2.03715,-0.01005,0.59574,1.95015,0.42443,0.54807,1.9259,0.64818,0.58154,1.91285,0.36876,0.74426,2.05105,0.38562,0.94387,2.12112,0.60205,0.80831,2.11257,0.75617,0.72303,2.04995,0.35621,0.37965,2.06381,0.12202,0.31487,2.28379,0.10979,0.46181,2.40827,0.11799,0.58645,2.03291,-0.08879,0.68004,1.9092,-0.47156,0.68206,1.78863,-0.85723,0.68433,1.97871,-0.94222,0.76415,2.0494,-0.10457,0.53063,1.88792,-0.4655,0.45662,1.72651,-0.82835,0.38196,1.74452,-0.96593,0.20739
50.5,2.03987,-0.01016,0.59627,1.95144,0.42404,0.54869,1.92506,0.64735,0.58347,1.91307,0.36792,0.74454,2.05311,0.39045,0.94231,2.11118,0.60543,0.79896,2.0967,0.75674,0.70956,2.05261,0.35648,0.38083,2.06843,0.1224,0.31611,2.28691,0.11169,0.46539,2.40929,0.11957,0.59211,2.03433,-0.08879,0.6806,1.91042,-0.47149,0.68192,1.78965,-0.85711,0.68351,1.97898,-0.94403,0.76302,2.05241,-0.10481,0.5314,1.8901,-0.46554,0.45826,1.72832,-0.82838,0.38435,1.7502,-0.96472,0.20925
50.52,2.04192,-0.00967,0.59742,1.95246,0.42425,0.54916,1.92403,0.64714,0.58501,1.9129,0.36802,0.74474,2.05428,0.39113,0.94149,2.10664,0.6058,0.79551,2.08896,0.75592,0.70469,2.05502,0.35698,0.38202,2.07352,0.12344,0.31608,2.29034,0.1143,0.46787,2.41078,0.12166,0.59647,2.0357,-0.08828,0.68171,1.91151,-0.4709,0.68231,1.79046,-0.85643,0.68315,1.97907,-0.94488,0.76272,2.05405,-0.10438,0.53256,1.89043,-0.46444,0.45902,1.72759,-0.82671,0.38466,1.75051,-0.964,0.21044
50.54,2.04369,-0.00899,0.59871,1.95337,0.42465,0.54954,1.92293,0.64711,0.58634,1.91261,0.36844,0.74488,2.05523,0.39006,0.94091,2.10442,0.60511,0.79439,2.08479,0.75483,0.70331,2.05726,0.35756,0.38316,2.07878,0.12475,0.31554,2.29388,0.11722,0.46985,2.41245,0.12394,0.60021,2.03701,-0.08761,0.68296,1.91256,-0.47014,0.68283,1.79122,-0.85558,0.68295,1.97911,-0.94539,0.76269,2.05514,-0.10373,0.53378,1.89011,-0.46299,0.4595,1.72603,-0.82454,0.38435,1.74865,-0.96333,0.21129
50.56,2.04552,-0.00842,0.5999,1.95429,0.42494,0.54997,1.92185,0.64696,0.58772,1.91238,0.36869,0.74505,2.05625,0.38971,0.94022,2.10137,0.60483,0.79251,2.07945,0.75386,0.70082,2.0595,0.35809,0.38431,2.08397,0.126,0.31526,2.29734,0.12003,0.47201,2.41403,0.12612,0.60409,2.03831,-0.08703,0.68411,1.9136,-0.46948,0.68326,1.792,-0.85484,0.68266,1.97917,-0.94602,0.76252,2.05641,-0.10321,0.53494,1.89008,-0.46175,0.46009,1.7249,-0.82267,0.38436,1.74784,-0.96264,0.21228
50.58,2.04764,-0.00775,0.60118,1.95535,0.42528,0.55035,1.92072,0.64679,0.58916,1.91216,0.36898,0.74514,2.05739,0.38942,0.93936,2.09715,0.60442,0.78994,2.07192,0.75237,0.69735,2.06202,0.3587,0.38552,2.08921,0.12733,0.31511,2.30071,0.12285,0.47441,2.41542,0.12817,0.60825,2.03979,-0.08636,0.68533,1.91476,-0.46871,0.68372,1.79285,-0.85396,0.68234,1.97921,-0.94672,0.76229,2.05798,-0.10257,0.53617,1.8901,-0.46025,0.46068,1.72359,-0.82042,0.38427,1.74668,-0.96178,0.21336
50.6,2.04909,-0.00723,0.60232,1.95611,0.42558,0.55084,1.91965,0.64666,0.59041,1.91192,0.36922,0.74539,2.05823,0.3885,0.93891,2.09585,0.60396,0.7896,2.06969,0.7518,0.6971,2.06389,0.3592,0.38665,2.09437,0.12871,0.3147,2.30418,0.12576,0.47627,2.4172,0.13048,0.61155,2.04089,-0.08583,0.68646,1.91565,-0.4681,0.68416,1.79353,-0.85328,0.6821,1.97926,-0.94715,0.76222,2.0588,-0.10209,0.53727,1.88987,-0.45915,0.46121,1.72248,-0.81879,0.3842,1.74563,-0.96119,0.21416
50.62,2.0488,-0.00713,0.60305,1.95613,0.42575,0.55162,1.91874,0.64666,0.59127,1.91161,0.36934,0.74608,2.05819,0.38658,0.93959,2.10195,0.60386,0.79466,2.0812,0.75403,0.70457,2.06412,0.35939,0.38756,2.09952,0.13025,0.31357,2.30809,0.12891,0.47675,2.42021,0.13351,0.61279,2.04103,-0.08564,0.68731,1.91586,-0.46793,0.68456,1.79381,-0.85313,0.68204,1.97944,-0.94686,0.76255,2.05772,-0.10206,0.538,1.88913,-0.45923,0.46165,1.72214,-0.81899,0.38434,1.74556,-0.96131,0.21428
50.64,2.04785,-0.00718,0.60363,1.95585,0.42588,0.55249,1.91792,0.64673,0.59193,1.91131,0.36942,0.74693,2.05786,0.3841,0.94068,2.11095,0.60331,0.8019,2.09803,0.75635,0.71523,2.06368,0.35944,0.38836,2.10446,0.13193,0.31216,2.31207,0.13219,0.47657,2.42368,0.13685,0.61302,2.04081,-0.08558,0.68805,1.91579,-0.46792,0.68492,1.79388,-0.85317,0.68203,1.9796,-0.94631,0.76304,2.05591,-0.1022,0.53859,1.88814,-0.4597,0.46202,1.72197,-0.81979,0.38447,1.74566,-0.96167,0.21408
50.66,2.04721,-0.00715,0.60427,1.95569,0.42603,0.55331,1.91712,0.6468,0.59263,1.91104,0.36953,0.74771,2.05771,0.3818,0.94154,2.11872,0.60237,0.80827,2.11256,0.75752,0.72468,2.06349,0.35955,0.38917,2.10925,0.13369,0.31091,2.3159,0.13548,0.47653,2.42694,0.14011,0.61344,2.04076,-0.08546,0.68882,1.91583,-0.46783,0.68528,1.79401,-0.8531,0.68196,1.9797,-0.94587,0.76346,2.05446,-0.10224,0.53924,1.88725,-0.45995,0.46239,1.72167,-0.82025,0.38456,1.74561,-0.96187,0.21398
50.68,2.04652,-0.00715,0.60492,1.95556,0.42616,0.55405,1.91602,0.64675,0.59338,1.91057,0.36961,0.74836,2.05715,0.37985,0.94238,2.12594,0.60151,0.81485,2.12673,0.75857,0.73466,2.06352,0.35965,0.39004,2.11466,0.13577,0.30945,2.32006,0.13893,0.47659,2.43044,0.14336,0.61404,2.0407,-0.08534,0.68963,1.91584,-0.46772,0.68565,1.79409,-0.85301,0.68191,1.97979,-0.94539,0.76381,2.05288,-0.10234,0.53994,1.88628,-0.46027,0.46279,1.72132,-0.82078,0.38464,1.74551,-0.96205,0.21381
50.7,2.04577,-0.00714,0.60553,1.95529,0.4263,0.55496,1.91555,0.64692,0.59395,1.91053,0.36974,0.74932,2.0573,0.37701,0.94333,2.13479,0.59915,0.82175,2.14272,0.75762,0.74479,2.06291,0.35971,0.39076,2.11848,0.13755,0.30838,2.3234,0.14221,0.47606,2.43361,0.14678,0.61365,2.04057,-0.08527,0.69034,1.9158,-0.46767,0.68597,1.79413,-0.85299,0.68184,1.97978,-0.94497,0.7643,2.05138,-0.10238,0.54056,1.88537,-0.46052,0.46312,1.72102,-0.82125,0.38468,1.74545,-0.96223,0.21364
50.72,2.04505,-0.00707,0.60605,1.95475,0.4265,0.55624,1.91665,0.6476,0.5941,1.9116,0.37001,0.75098,2.05931,0.37254,0.94439,2.14753,0.59386,0.82878,2.16271,0.75287,0.75405,2.06084,0.35975,0.39111,2.11853,0.13827,0.30833,2.3248,0.14503,0.47428,2.43579,0.15056,0.6112,2.04031,-0.08529,0.6908,1.91569,-0.46774,0.68613,1.79418,-0.85309,0.68168,1.97951,-0.94477,0.76519,2.05037,-0.10224,0.54095,1.88481,-0.46055,0.46329,1.72092,-0.82143,0.38463,1.7456,-0.9624,0.21361
50.74,2.04428,-0.00699,0.60652,1.95409,0.42672,0.5577,1.91841,0.64848,0.59404,1.91315,0.37032,0.75295,2.06198,0.36709,0.94548,2.16172,0.58648,0.8357,2.18439,0.74542,0.76274,2.05813,0.35977,0.39134,2.11698,0.13857,0.30865,2.3253,0.1476,0.47191,2.43748,0.15443,0.6078,2.03999,-0.08535,0.69116,1.91554,-0.46786,0.68622,1.79421,-0.85327,0.68149,1.97917,-0.94462,0.76619,2.04943,-0.10205,0.54125,1.88432,-0.46052,0.46339,1.72088,-0.82157,0.38454,1.74583,-0.9626,0.21362
50.76,2.04353,-0.00692,0.60703,1.95352,0.42693,0.55915,1.91997,0.64926,0.59402,1.91459,0.37061,0.75483,2.06427,0.3617,0.94653,2.17496,0.57853,0.84231,2.20507,0.73704,0.77113,2.05565,0.3598,0.39169,2.11592,0.13905,0.30882,2.32599,0.15022,0.46969,2.43924,0.15824,0.60463,2.03972,-0.08541,0.69158,1.91543,-0.46796,0.68635,1.79426,-0.85341,0.68133,1.97888,-0.94442,0.76711,2.04841,-0.10189,0.5416,1.88376,-0.46052,0.46353,1.7208,-0.82174,0.38447,1.74602,-0.96279,0.2136
50.78,2.0428,-0.00684,0.60749,1.95287,0.4271,0.5603,1.92098,0.64985,0.59401,1.91565,0.37089,0.75635,2.06602,0.35812,0.94728,2.18819,0.57172,0.8494,2.2261,0.72942,0.78017,2.0534,0.35981,0.39194,2.11582,0.13979,0.3087,2.32729,0.15335,0.46754,2.4413,0.16233,0.60177,2.03934,-0.08543,0.69196,1.91521,-0.46803,0.68642,1.79421,-0.85354,0.68109,1.97843,-0.94422,0.76808,2.04758,-0.10172,0.54192,1.88331,-0.46047,0.46361,1.72073,-0.82181,0.3843,1.74615,-0.9629,0.2135
50.8,2.04201,-0.00677,0.60803,1.95238,0.42737,0.56211,1.92323,0.65079,0.59378,1.91768,0.3712,0.75864,2.06869,0.35066,0.94839,2.20108,0.56002,0.8547,2.24625,0.7163,0.78663,2.05048,0.35989,0.3924,2.1133,0.13998,0.30918,2.32694,0.15541,0.46491,2.44239,0.16586,0.59779,2.03917,-0.08552,0.69238,1.91518,-0.46816,0.68658,1.79432,-0.8537,0.68097,1.97828,-0.944,0.76891,2.04635,-0.10153,0.54226,1.88263,-0.4605,0.46378,1.72061,-0.82205,0.38431,1.74636,-0.96313,0.21355
50.82,2.04116,-0.00676,0.60877,1.95236,0.42782,0.56552,1.92861,0.65248,0.5927,1.92215,0.37157,0.76276,2.07225,0.33318,0.95045,2.21129,0.53724,0.85475,2.26149,0.69141,0.78541,2.04606,0.36013,0.39342,2.10496,0.13869,0.31139,2.32261,0.15463,0.46141,2.44116,0.16825,0.59125,2.03961,-0.08575,0.69292,1.91563,-0.4684,0.68693,1.79478,-0.85394,0.68114,1.97887,-0.94373,0.76931,2.04411,-0.10133,0.54265,1.88134,-0.46072,0.46414,1.72026,-0.82268,0.38464,1.74667,-0.96354,0.21379
50.84,2.04025,-0.00676,0.60959,1.95262,0.42837,0.56953,1.9351,0.6542,0.59103,1.92776,0.37195,0.76747,2.07482,0.31266,0.95209,2.21891,0.51096,0.85185,2.27318,0.66268,0.78022,2.041,0.36044,0.39473,2.09433,0.13693,0.31455,2.31662,0.15275,0.45762,2.43894,0.17001,0.58347,2.04026,-0.08604,0.69348,1.91621,-0.46866,0.68736,1.79528,-0.85418,0.68143,1.97965,-0.94344,0.76956,2.04144,-0.10111,0.5431,1.87974,-0.46098,0.46457,1.71972,-0.82341,0.38504,1.74688,-0.96394,0.21404
50.86,2.03934,-0.00676,0.61036,1.95292,0.42887,0.57323,1.94092,0.65552,0.58918,1.93314,0.37231,0.7717,2.07579,0.29467,0.95296,2.22511,0.48697,0.84877,2.28364,0.63605,0.77496,2.03616,0.36073,0.39601,2.08472,0.13548,0.31766,2.31119,0.15132,0.45401,2.43696,0.17178,0.57591,2.0408,-0.08631,0.69399,1.91666,-0.46889,0.68771,1.79563,-0.85438,0.68164,1.98019,-0.94316,0.76984,2.0389,-0.1009,0.54356,1.87816,-0.46118,0.46493,1.7191,-0.824,0.3853,1.74694,-0.96421,0.21414
50.88,2.03858,-0.00674,0.61117,1.95318,0.4293,0.57663,1.94625,0.65651,0.58672,1.93804,0.37261,0.77546,2.0733,0.27854,0.9546,2.22701,0.46455,0.84548,2.28828,0.61087,0.76846,2.03173,0.361,0.39734,2.07599,0.13416,0.32108,2.30625,0.15043,0.45087,2.43521,0.17485,0.56864,2.04136,-0.08655,0.69452,1.91696,-0.46904,0.68806,1.79567,-0.85444,0.6818,1.98035,-0.94281,0.77017,2.03658,-0.10067,0.54412,1.87656,-0.46121,0.46519,1.7182,-0.82428,0.38527,1.74668,-0.96412,0.21392
50.9,2.03746,-0.00676,0.61193,1.95382,0.42986,0.58059,1.95219,0.65736,0.5844,1.94448,0.37298,0.77973,2.07287,0.26148,0.95384,2.23088,0.44098,0.84006,2.29655,0.58418,0.76083,2.02635,0.36132,0.39887,2.06524,0.13274,0.32493,2.29971,0.14829,0.44704,2.43241,0.17511,0.56005,2.04186,-0.08685,0.69494,1.91735,-0.46931,0.68841,1.79595,-0.85467,0.68209,1.98091,-0.94255,0.77037,2.03363,-0.10046,0.54464,1.87466,-0.46145,0.46561,1.71736,-0.82495,0.38559,1.74652,-0.96439,0.21403
50.92,2.03543,-0.00692,0.61253,1.95541,0.43069,0.58587,1.95977,0.65816,0.58249,1.95479,0.37349,0.78513,2.07886,0.2399,0.94636,2.24266,0.4126,0.83026,2.31845,0.55087,0.75131,2.01854,0.36173,0.40083,2.04963,0.13105,0.32975,2.28935,0.14308,0.44166,2.42702,0.16804,0.549,2.04221,-0.08737,0.69503,1.918,-0.46993,0.68865,1.79691,-0.8554,0.68248,1.98252,-0.94264,0.77003,2.02908,-0.10033,0.54502,1.8721,-0.46225,0.46632,1.71675,-0.82667,0.38663,1.74672,-0.9656,0.2148
50.94,2.03303,-0.00714,0.61307,1.9576,0.43156,0.59139,1.96757,0.6586,0.58017,1.96682,0.37391,0.79032,2.08359,0.21756,0.93575,2.25434,0.38246,0.81834,2.34137,0.51361,0.73881,2.00985,0.36218,0.40315,2.03237,0.12946,0.3356,2.27727,0.1369,0.4361,2.4201,0.15851,0.53725,2.04247,-0.08797,0.69493,1.91862,-0.47066,0.68879,1.7979,-0.85624,0.68285,1.98429,-0.94283,0.76939,2.02388,-0.10023,0.54543,1.86915,-0.46318,0.46705,1.71601,-0.8286,0.38766,1.74679,-0.96689,0.21545
50.96,2.03075,-0.00733,0.61362,1.95989,0.43233,0.59634,1.97445,0.65857,0.57704,1.97845,0.3742,0.79447,2.08305,0.1983,0.92619,2.26091,0.35425,0.80712,2.3569,0.4774,0.72515,2.00165,0.36265,0.4056,2.01638,0.12819,0.34203,2.26567,0.1315,0.43133,2.41311,0.15053,0.52617,2.04268,-0.08853,0.69479,1.91902,-0.47127,0.68884,1.79847,-0.85692,0.6831,1.98554,-0.94292,0.76874,2.01891,-0.10011,0.54598,1.86613,-0.46389,0.4676,1.71491,-0.83011,0.38822,1.74643,-0.96768,0.21557
50.98,2.02866,-0.0075,0.61425,1.96233,0.433,0.60096,1.98065,0.65801,0.57255,1.99007,0.37434,0.79785,2.07797,0.18154,0.91758,2.26294,0.32733,0.79648,2.36639,0.44083,0.70979,1.99366,0.36313,0.4083,2.00143,0.12706,0.34962,2.25452,0.12667,0.42758,2.40605,0.14322,0.51626,2.04297,-0.08907,0.69466,1.9192,-0.47178,0.68877,1.79855,-0.85739,0.68309,1.98619,-0.94301,0.76788,2.0141,-0.09996,0.5467,1.86282,-0.46428,0.46791,1.71308,-0.83102,0.38812,1.7452,-0.96776,0.21492
51,2.02609,-0.00773,0.61469,1.96522,0.43366,0.60525,1.98633,0.65726,0.56881,2.00253,0.37434,0.80036,2.07153,0.16745,0.90837,2.26469,0.30073,0.78566,2.37443,0.40499,0.6952,1.98535,0.36364,0.41115,1.98554,0.12633,0.35717,2.24193,0.12127,0.42327,2.39761,0.13496,0.50496,2.04297,-0.08965,0.69424,1.91929,-0.4724,0.68869,1.79873,-0.85805,0.68335,1.9871,-0.94303,0.76716,2.00879,-0.09988,0.54736,1.85943,-0.46495,0.46839,1.71156,-0.8324,0.38841,1.74425,-0.96822,0.21459
51.02,2.02225,-0.0081,0.61471,1.96906,0.43434,0.6091,1.99221,0.65694,0.56803,2.01682,0.37405,0.80162,2.06611,0.15526,0.89612,2.27001,0.27103,0.77303,2.38823,0.36713,0.68421,1.9763,0.36427,0.41412,1.96641,0.12635,0.36381,2.2255,0.11409,0.41721,2.38593,0.12405,0.48975,2.04222,-0.09036,0.69319,1.91941,-0.4734,0.68864,1.79975,-0.85933,0.6843,1.98936,-0.94291,0.7667,2.00227,-0.09997,0.54774,1.85631,-0.46652,0.46928,1.71176,-0.83541,0.38983,1.74615,-0.97017,0.21552
51.04,2.01796,-0.00852,0.61452,1.97336,0.4349,0.61224,1.99817,0.65666,0.56776,2.03178,0.37343,0.80142,2.05932,0.14596,0.88348,2.27349,0.23991,0.75923,2.40117,0.32583,0.67313,1.96706,0.36494,0.41719,1.94637,0.12693,0.37081,2.20733,0.10657,0.41102,2.37219,0.11231,0.47337,2.04117,-0.0911,0.69176,1.91946,-0.4745,0.68837,1.8009,-0.86079,0.68523,1.99192,-0.94269,0.76605,1.9953,-0.10011,0.54803,1.85316,-0.46826,0.47002,1.71236,-0.8387,0.39106,1.74823,-0.97215,0.21604
51.06,2.01393,-0.00891,0.61438,1.97768,0.43528,0.6147,2.00371,0.65604,0.56612,2.04634,0.37254,0.79998,2.04973,0.14049,0.87327,2.27155,0.21026,0.74654,2.40748,0.28325,0.66114,1.9582,0.36562,0.42041,1.92769,0.12774,0.37901,2.18965,0.09985,0.40604,2.35807,0.10149,0.45831,2.04019,-0.09182,0.69028,1.9193,-0.47549,0.68789,1.80158,-0.86204,0.68576,1.99387,-0.94242,0.76507,1.98858,-0.10022,0.54847,1.84976,-0.46961,0.47038,1.71217,-0.84124,0.39134,1.74874,-0.97319,0.21534
51.08,2.00964,-0.00932,0.61446,1.98239,0.43551,0.61672,2.00899,0.65512,0.56348,2.06112,0.3713,0.79743,2.03581,0.13869,0.86438,2.26408,0.17883,0.73626,2.40847,0.23545,0.65233,1.94952,0.36636,0.42406,1.90976,0.12883,0.389,2.17183,0.09344,0.40315,2.34314,0.09105,0.44492,2.03899,-0.09255,0.68885,1.91882,-0.47645,0.68725,1.80182,-0.86322,0.68593,1.9954,-0.94215,0.76355,1.98164,-0.10034,0.54924,1.84599,-0.47075,0.47038,1.71154,-0.84337,0.39061,1.75176,-0.97364,0.21415
51.1,2.00579,-0.00971,0.61402,1.98674,0.43553,0.61752,2.01392,0.6542,0.5608,2.07505,0.36989,0.79322,2.02683,0.14024,0.85779,2.2556,0.15367,0.72505,2.40445,0.19414,0.6396,1.94108,0.36703,0.42725,1.89235,0.13037,0.39809,2.15369,0.08753,0.39873,2.3271,0.08079,0.43007,2.03796,-0.09326,0.68687,1.91843,-0.47736,0.68635,1.80208,-0.86434,0.68612,1.99685,-0.94174,0.76229,1.97511,-0.10045,0.54961,1.8423,-0.47178,0.47025,1.71049,-0.84523,0.38996,1.74798,-0.97364,0.21154
51.12,2.00325,-0.01002,0.61235,1.98994,0.43543,0.61665,2.01896,0.65368,0.55924,2.08708,0.36867,0.7872,2.03339,0.14053,0.85278,2.25421,0.14272,0.70661,2.39984,0.17357,0.61205,1.93291,0.36752,0.42926,1.87479,0.13259,0.40348,2.13437,0.08218,0.38898,2.30898,0.07036,0.41061,2.03763,-0.09389,0.68381,1.9188,-0.47821,0.6852,1.80318,-0.8654,0.68686,1.99888,-0.94113,0.76232,1.96977,-0.10046,0.54892,1.83948,-0.47286,0.47039,1.70954,-0.84715,0.39098,1.72883,-0.97467,0.20907
51.14,2.00119,-0.01031,0.61013,1.9927,0.43525,0.6149,2.02416,0.6532,0.55765,2.09816,0.36749,0.78003,2.04559,0.13956,0.84722,2.25486,0.13674,0.68496,2.39371,0.16099,0.57898,1.925,0.36793,0.43088,1.85735,0.13526,0.40812,2.114,0.0773,0.3781,2.28909,0.06018,0.39032,2.03752,-0.09449,0.68026,1.91947,-0.47903,0.68387,1.80463,-0.86643,0.6877,2.00118,-0.94039,0.7627,1.96492,-0.10046,0.54783,1.83705,-0.47394,0.47049,1.70879,-0.84914,0.39263,1.71261,-0.97623,0.20944
51.16,1.99892,-0.01061,0.60807,1.9956,0.43502,0.61291,2.02923,0.65247,0.55498,2.10907,0.36615,0.77216,2.05485,0.13915,0.84118,2.25234,0.12896,0.66504,2.38423,0.14562,0.54917,1.91732,0.3684,0.43287,1.84066,0.13815,0.41448,2.09334,0.0728,0.3696,2.26826,0.05058,0.37235,2.03721,-0.09508,0.67679,1.91989,-0.47982,0.68243,1.8058,-0.86742,0.68828,2.00321,-0.93965,0.76269,1.95994,-0.10048,0.54701,1.83435,-0.47486,0.47031,1.70789,-0.85091,0.39364,1.70484,-0.97507,0.20843
51.18,1.99659,-0.0109,0.60641,1.99884,0.43474,0.61091,2.0349,0.65152,0.55193,2.12031,0.3646,0.76357,2.06376,0.13878,0.83455,2.24823,0.12081,0.64539,2.37214,0.12902,0.52018,1.90973,0.36897,0.43566,1.82426,0.14147,0.42254,2.07177,0.06846,0.36304,2.2458,0.04077,0.35631,2.03686,-0.0957,0.67357,1.92031,-0.48064,0.6811,1.807,-0.86844,0.68879,2.00531,-0.9389,0.76251,1.95483,-0.10044,0.54672,1.83168,-0.47566,0.47017,1.70737,-0.85262,0.39445,1.70321,-0.96827,0.20383
51.2,1.9945,-0.0112,0.60377,2.00118,0.4344,0.60769,2.03928,0.65055,0.54771,2.12957,0.36319,0.75407,2.07385,0.13791,0.82735,2.24372,0.11523,0.62546,2.35775,0.11804,0.49097,1.90267,0.36938,0.43726,1.80911,0.14484,0.42964,2.05071,0.06503,0.3562,2.22334,0.03266,0.34048,2.0365,-0.09623,0.66957,1.92065,-0.48134,0.67926,1.80804,-0.86929,0.68909,2.00713,-0.93803,0.76234,1.95024,-0.10049,0.54553,1.82891,-0.47641,0.46948,1.7064,-0.85421,0.395,1.69975,-0.9572,0.19733
51.22,1.9929,-0.01148,0.59873,2.00118,0.43409,0.60232,2.04025,0.64997,0.54198,2.13439,0.36248,0.74411,2.08664,0.13613,0.81971,2.2401,0.11499,0.60492,2.34165,0.1196,0.46082,1.89653,0.36939,0.43546,1.79583,0.14784,0.43279,2.03144,0.06333,0.34631,2.20266,0.02838,0.32264,2.03613,-0.09645,0.66381,1.92088,-0.48165,0.67638,1.80891,-0.86971,0.68909,2.00852,-0.93683,0.7624,1.94681,-0.10079,0.54196,1.82574,-0.47718,0.46784,1.70358,-0.85548,0.39536,1.68349,-0.95579,0.19721
51.24,1.99153,-0.01178,0.59268,2.00031,0.43379,0.59612,2.04,0.64953,0.5357,2.13758,0.36202,0.73391,2.10076,0.1342,0.8112,2.2365,0.11664,0.58449,2.32407,0.1254,0.43167,1.89075,0.36921,0.43239,1.78349,0.15075,0.43443,2.01277,0.06249,0.33556,2.18241,0.02578,0.30442,2.03581,-0.09659,0.65726,1.92119,-0.48186,0.67301,1.80984,-0.86998,0.68892,2.00989,-0.93555,0.76246,1.94387,-0.10119,0.53739,1.82265,-0.47802,0.46576,1.70036,-0.85675,0.39578,1.66445,-0.95796,0.20035
51.26,1.99007,-0.01209,0.587,1.99983,0.43346,0.59015,2.04027,0.64897,0.52941,2.14131,0.36142,0.72346,2.11414,0.13263,0.80189,2.23162,0.1171,0.56506,2.30505,0.12846,0.40512,1.88494,0.36911,0.43003,1.77146,0.15393,0.43729,1.99366,0.06178,0.32653,2.16129,0.02301,0.28788,2.03549,-0.09679,0.65092,1.92156,-0.48213,0.66974,1.81091,-0.87031,0.68872,2.01142,-0.93427,0.76241,1.94078,-0.10155,0.53324,1.81975,-0.47884,0.46375,1.69765,-0.85806,0.39615,1.64863,-0.9581,0.20297
51.28,1.98858,-0.0123,0.5817,1.99937,0.43323,0.58448,2.04083,0.64842,0.52328,2.14484,0.3609,0.71327,2.12787,0.13127,0.79212,2.22561,0.11752,0.54637,2.28314,0.13134,0.38025,1.87934,0.36911,0.42808,1.75936,0.15777,0.4413,1.97344,0.06146,0.31872,2.13876,0.02062,0.27291,2.03507,-0.09685,0.64506,1.92204,-0.48231,0.66669,1.81235,-0.87061,0.68849,2.01341,-0.93272,0.76229,1.93769,-0.10184,0.52958,1.81647,-0.47947,0.46233,1.69439,-0.85898,0.39635,1.62842,-0.95612,0.20677
51.3,1.98718,-0.01274,0.57534,1.99862,0.43277,0.57789,2.04048,0.64777,0.51629,2.14797,0.36022,0.70203,2.14068,0.13012,0.78097,2.21985,0.11764,0.52856,2.26337,0.1336,0.35842,1.87366,0.36885,0.42532,1.74888,0.16072,0.44378,1.95529,0.06147,0.31083,2.11802,0.01896,0.25781,2.03484,-0.0972,0.63795,1.92252,-0.48266,0.6629,1.81341,-0.87093,0.68802,2.01486,-0.93176,0.76182,1.93482,-0.10231,0.52475,1.8142,-0.48049,0.45952,1.69249,-0.86066,0.39676,1.61844,-0.95754,0.21006
51.32,1.98594,-0.01379,0.56651,1.99742,0.43172,0.56911,2.03809,0.64694,0.50747,2.15072,0.35907,0.68827,2.15107,0.12897,0.76754,2.21582,0.11709,0.51102,2.25213,0.13488,0.33938,1.86758,0.36793,0.42061,1.74157,0.1608,0.44186,1.94268,0.06127,0.30122,2.10225,0.01775,0.24007,2.03511,-0.09835,0.6278,1.92259,-0.48341,0.65761,1.81349,-0.87133,0.68755,2.01491,-0.93091,0.76243,1.9323,-0.10327,0.51712,1.81437,-0.48252,0.4532,1.69367,-0.86408,0.39728,1.63589,-0.96943,0.20942
51.34,1.98477,-0.01507,0.55661,1.99595,0.43045,0.55946,2.03485,0.64603,0.49797,2.15309,0.35777,0.67349,2.16046,0.12787,0.75301,2.21251,0.11644,0.49361,2.24397,0.13607,0.3212,1.86143,0.36674,0.41515,1.73552,0.15975,0.4382,1.93218,0.06098,0.29088,2.08823,0.01695,0.22155,2.03551,-0.0998,0.61636,1.9228,-0.48434,0.65158,1.81336,-0.87173,0.68685,2.01475,-0.93058,0.76239,1.92995,-0.10443,0.5083,1.81548,-0.48487,0.44522,1.69477,-0.8675,0.39717,1.66152,-0.98409,0.21
51.36,1.98356,-0.01627,0.54706,1.99454,0.42925,0.55016,2.03196,0.64512,0.48875,2.15533,0.35653,0.65896,2.16991,0.1269,0.73828,2.20868,0.11573,0.47654,2.23399,0.13707,0.30333,1.85547,0.36565,0.41018,1.72922,0.15913,0.43552,1.92075,0.06077,0.28134,2.07301,0.01626,0.20431,2.03577,-0.10114,0.60533,1.92334,-0.48526,0.64566,1.81366,-0.87208,0.686,2.0152,-0.93066,0.76135,1.92756,-0.10551,0.4999,1.81627,-0.48701,0.43749,1.69442,-0.87006,0.39617,1.68092,-0.99583,0.21252
51.38,1.98238,-0.01738,0.53804,1.99347,0.42814,0.54107,2.0296,0.64431,0.47993,2.15773,0.35534,0.64451,2.17993,0.126,0.72288,2.20391,0.11494,0.45938,2.22369,0.13829,0.28571,1.8499,0.36463,0.40567,1.72283,0.15893,0.4335,1.90877,0.06065,0.27257,2.05627,0.01549,0.18711,2.03607,-0.10237,0.59476,1.92322,-0.48575,0.64063,1.81496,-0.87238,0.68634,2.0167,-0.92585,0.76491,1.92517,-0.10652,0.49216,1.81674,-0.48897,0.43052,1.69292,-0.87184,0.39364,1.70264,-1.00699,0.21653
51.4,1.98116,-0.01874,0.52768,1.99172,0.42678,0.53138,2.02615,0.64324,0.47027,2.15929,0.354,0.62937,2.18802,0.1252,0.70721,2.20061,0.11413,0.44292,2.21419,0.13873,0.26882,1.844,0.36337,0.40048,1.71746,0.15762,0.43027,1.89834,0.06034,0.26309,2.04198,0.01537,0.17121,2.03621,-0.10391,0.58282,1.92497,-0.48716,0.63343,1.81508,-0.87271,0.68407,2.01719,-0.93044,0.75853,1.92289,-0.10774,0.48289,1.81805,-0.49116,0.42106,1.69068,-0.87344,0.39062,1.71675,-1.01631,0.2214
51.42,1.97984,-0.02074,0.5138,1.98827,0.4248,0.52031,2.0198,0.64149,0.45847,2.15907,0.35222,0.61272,2.19166,0.12454,0.69229,2.20219,0.11353,0.4279,2.20658,0.13734,0.25323,1.837,0.36151,0.39346,1.71424,0.15354,0.42359,1.89167,0.05954,0.25091,2.0352,0.01645,0.15796,2.03592,-0.1062,0.56742,1.93126,-0.49096,0.6206,1.81167,-0.87279,0.67705,2.01012,-0.96154,0.72675,1.92082,-0.10951,0.46952,1.82156,-0.49395,0.40494,1.68859,-0.8752,0.38909,1.71186,-1.02218,0.223
51.44,1.97846,-0.02299,0.49863,1.98426,0.42252,0.50877,2.01238,0.63942,0.44605,2.15813,0.35028,0.59554,2.19378,0.12392,0.67751,2.20544,0.11322,0.41316,2.19976,0.13646,0.23844,1.82976,0.35933,0.38582,1.71202,0.14839,0.41543,1.88658,0.05858,0.23768,2.03128,0.01809,0.14538,2.03545,-0.10879,0.55073,1.93932,-0.49559,0.6052,1.80825,-0.87201,0.6716,1.99199,-0.99694,0.69067,1.9188,-0.11149,0.45467,1.82569,-0.49683,0.38637,1.68797,-0.87671,0.3888,1.7026,-1.02682,0.22454
51.46,1.97707,-0.02513,0.48409,1.98065,0.42032,0.49758,2.00554,0.63743,0.4342,2.15739,0.34843,0.57866,2.19671,0.12328,0.66229,2.20765,0.11309,0.39789,2.19248,0.13675,0.22379,1.82298,0.35717,0.37869,1.70967,0.14377,0.40787,1.88086,0.05775,0.22504,2.02599,0.01963,0.13241,2.03499,-0.11124,0.53463,1.94674,-0.49974,0.59026,1.80731,-0.87061,0.66968,1.97014,-1.02291,0.66548,1.9167,-0.11337,0.44058,1.8292,-0.49939,0.36881,1.6877,-0.87741,0.38795,1.69697,-1.03106,0.2266
51.48,1.97583,-0.02729,0.46933,1.97733,0.41804,0.48642,1.99883,0.63536,0.42251,2.15684,0.34653,0.56152,2.20016,0.12307,0.64765,2.21136,0.11308,0.38325,2.18514,0.13776,0.21062,1.81649,0.35495,0.37184,1.70742,0.13921,0.39992,1.87506,0.05712,0.21207,2.02119,0.02117,0.12013,2.03456,-0.11375,0.51832,1.95361,-0.50354,0.57604,1.80961,-0.86852,0.67267,1.94263,-1.0458,0.6481,1.91476,-0.11522,0.42619,1.83322,-0.50168,0.34986,1.6888,-0.87725,0.38693,1.69212,-1.03443,0.22878
51.5,1.97429,-0.02945,0.45474,1.97368,0.41574,0.47531,1.99189,0.63321,0.41092,2.15562,0.34472,0.54483,2.20254,0.1222,0.63151,2.21244,0.11345,0.36701,2.1781,0.13989,0.19608,1.81009,0.35257,0.36473,1.70573,0.13442,0.39214,1.86993,0.05627,0.19962,2.01612,0.0231,0.10674,2.03396,-0.11617,0.50211,1.96198,-0.50787,0.55878,1.81374,-0.86575,0.67379,1.91759,-1.05994,0.63868,1.91253,-0.11716,0.41212,1.83588,-0.50398,0.33263,1.69005,-0.87696,0.38649,1.68804,-1.03741,0.23163
51.52,1.97175,-0.03175,0.4408,1.96891,0.41328,0.46432,1.98419,0.63085,0.3995,2.15273,0.34294,0.52945,2.20178,0.11898,0.61111,2.20531,0.11409,0.34636,2.17129,0.14227,0.17563,1.80336,0.34983,0.35687,1.70506,0.12901,0.38528,1.86617,0.05463,0.1887,2.00924,0.02598,0.08966,2.03279,-0.1185,0.48633,1.97371,-0.51358,0.53367,1.81528,-0.86148,0.66463,1.90534,-1.06261,0.63056,1.90933,-0.11946,0.39915,1.83524,-0.50698,0.32065,1.68904,-0.87779,0.38703,1.68402,-1.04107,0.23523
51.54,1.96895,-0.03401,0.4271,1.96386,0.41085,0.45344,1.97639,0.62847,0.38821,2.14931,0.34124,0.51464,2.19967,0.11518,0.5894,2.19518,0.11497,0.32461,2.16434,0.1447,0.15355,1.79669,0.34703,0.34876,1.70504,0.12355,0.37857,1.86321,0.05291,0.17826,2.00166,0.02916,0.07165,2.03148,-0.12069,0.47069,1.98625,-0.51893,0.50504,1.81612,-0.85526,0.65072,1.89823,-1.06037,0.62051,1.90591,-0.12181,0.38659,1.83347,-0.51015,0.31069,1.68762,-0.879,0.38793,1.68015,-1.04477,0.23896
51.56,1.96638,-0.03615,0.41337,1.95922,0.40849,0.44268,1.96899,0.62616,0.37713,2.14625,0.33961,0.49971,2.19797,0.11196,0.56851,2.18624,0.11592,0.30398,2.15707,0.14713,0.13288,1.79037,0.34434,0.34093,1.70511,0.11846,0.37155,1.86021,0.05156,0.16758,1.9942,0.03222,0.05457,2.03028,-0.12278,0.45503,1.99759,-0.52312,0.47709,1.81926,-0.8477,0.63872,1.89122,-1.05709,0.61217,1.90273,-0.12401,0.37395,1.83221,-0.51307,0.29995,1.68695,-0.87964,0.38834,1.67694,-1.04785,0.24228
51.58,1.96332,-0.03886,0.39929,1.95434,0.40551,0.43207,1.96107,0.62327,0.36647,2.14288,0.33726,0.48473,2.19583,0.10788,0.54651,2.17623,0.11682,0.28256,2.14912,0.14966,0.11143,1.78377,0.34116,0.33334,1.70532,0.11286,0.36423,1.85701,0.05,0.15645,1.98575,0.03572,0.03678,2.02848,-0.12551,0.4389,2.00836,-0.52718,0.44765,1.82212,-0.83712,0.62803,1.88345,-1.05051,0.60728,1.89904,-0.12671,0.36088,1.83144,-0.51642,0.28757,1.68676,-0.88003,0.38826,1.67425,-1.05104,0.24569
51.6,1.96122,-0.0404,0.386,1.95032,0.40372,0.42144,1.95466,0.62145,0.35551,2.14019,0.33627,0.47021,2.19382,0.10564,0.52647,2.16703,0.11812,0.2633,2.14168,0.15202,0.09211,1.77832,0.33894,0.32554,1.70604,0.10869,0.35704,1.85478,0.04933,0.14612,1.97843,0.03845,0.02086,2.02773,-0.1269,0.42365,2.01851,-0.52904,0.41856,1.82775,-0.82782,0.61254,1.88189,-1.04349,0.59572,1.89642,-0.12839,0.34882,1.82962,-0.51884,0.27874,1.68661,-0.88047,0.38853,1.67205,-1.05325,0.2483
51.62,1.96178,-0.03865,0.37484,1.94824,0.40537,0.41067,1.95187,0.62272,0.34347,2.13924,0.33924,0.45677,2.19281,0.10841,0.51227,2.16118,0.12018,0.2496,2.13622,0.15394,0.07833,1.7754,0.33941,0.31711,1.70757,0.10812,0.35081,1.85468,0.05087,0.13817,1.97491,0.03914,0.0097,2.02993,-0.12455,0.41092,2.02784,-0.52639,0.39259,1.83753,-0.82587,0.58593,1.89108,-1.0414,0.56572,1.89679,-0.12723,0.33942,1.82565,-0.51862,0.27964,1.68565,-0.88121,0.39014,1.66994,-1.05344,0.24936
51.64,1.96333,-0.03576,0.36446,1.94691,0.40819,0.39988,1.9504,0.62505,0.33107,2.13892,0.34355,0.44381,2.19219,0.11287,0.5002,2.15657,0.12248,0.23796,2.13168,0.15562,0.06655,1.77346,0.34083,0.30845,1.70946,0.10886,0.3449,1.85542,0.0532,0.13105,1.97274,0.03925,0.00014,2.03321,-0.12088,0.39903,2.03647,-0.52189,0.3674,1.84793,-0.8264,0.55451,1.9033,-1.04076,0.52784,1.89831,-0.12507,0.33101,1.82133,-0.51716,0.28448,1.68521,-0.88193,0.39264,1.66872,-1.05264,0.25011
51.66,1.96445,-0.03344,0.35373,1.94532,0.4104,0.38923,1.94837,0.6268,0.31901,2.13833,0.34713,0.43076,2.19141,0.11645,0.48731,2.15149,0.12464,0.22564,2.12683,0.15732,0.05411,1.77123,0.34177,0.30001,1.71131,0.10909,0.33875,1.85584,0.05527,0.12347,1.9699,0.03992,-0.01015,2.03596,-0.11786,0.38665,2.04427,-0.51748,0.34134,1.85686,-0.82498,0.52467,1.91254,-1.0385,0.49251,1.89938,-0.1234,0.32217,1.81798,-0.51586,0.28788,1.68588,-0.88238,0.39508,1.66845,-1.05186,0.2512
51.68,1.96544,-0.03088,0.34302,1.94326,0.41278,0.379,1.94588,0.62875,0.30744,2.13729,0.35103,0.41798,2.19022,0.12029,0.47445,2.14576,0.12709,0.21347,2.12141,0.1595,0.04185,1.76857,0.34281,0.29201,1.71333,0.10936,0.33302,1.85629,0.05777,0.11615,1.9666,0.04092,-0.0204,2.03856,-0.11452,0.37435,2.05129,-0.51222,0.31524,1.86307,-0.82132,0.495,1.91827,-1.03419,0.45799,1.90051,-0.12154,0.31321,1.81565,-0.51415,0.29136,1.68572,-0.88191,0.39697,1.66781,-1.05083,0.25249
51.7,1.96695,-0.02856,0.33243,1.94238,0.41498,0.36828,1.94455,0.63046,0.29524,2.13723,0.3545,0.40504,2.18995,0.1239,0.46228,2.14174,0.12904,0.20193,2.11744,0.16073,0.03016,1.76713,0.34382,0.2834,1.71534,0.10995,0.32646,1.857,0.05986,0.10838,1.96433,0.04171,-0.03036,2.0416,-0.11152,0.36189,2.05738,-0.50679,0.28886,1.87191,-0.82054,0.46334,1.92763,-1.0319,0.41914,1.90197,-0.11983,0.30464,1.81307,-0.51206,0.29596,1.68902,-0.88224,0.40015,1.66978,-1.04895,0.2533
51.72,1.96963,-0.02712,0.32211,1.94431,0.41653,0.35606,1.94582,0.63139,0.28121,2.13961,0.35667,0.39149,2.19201,0.12671,0.45152,2.14186,0.12976,0.1915,2.11714,0.15977,0.01949,1.76853,0.34456,0.27299,1.71697,0.11097,0.31778,1.8581,0.06047,0.09947,1.96473,0.04165,-0.03972,2.04566,-0.1097,0.34899,2.06186,-0.50205,0.26167,1.88878,-0.82788,0.42648,1.94726,-1.03542,0.36961,1.90401,-0.11872,0.29707,1.80907,-0.50958,0.30328,1.69831,-0.8847,0.40477,1.67302,-1.04263,0.24938
51.74,1.9728,-0.02598,0.31187,1.94717,0.41784,0.3433,1.94786,0.63203,0.26652,2.14279,0.35844,0.3777,2.19498,0.12938,0.44127,2.14366,0.13008,0.18147,2.11833,0.15825,0.00924,1.77089,0.34515,0.26192,1.71839,0.11208,0.3083,1.85936,0.06048,0.09013,1.96624,0.04119,-0.0488,2.05007,-0.1083,0.33589,2.06489,-0.49726,0.23434,1.90706,-0.83693,0.38598,1.9683,-1.039,0.31424,1.90642,-0.11782,0.28986,1.80551,-0.5066,0.31184,1.70491,-0.88624,0.40691,1.66878,-1.02992,0.24024
51.76,1.97574,-0.02477,0.30154,1.94937,0.41914,0.3309,1.94916,0.63268,0.25232,2.14538,0.36035,0.36408,2.19753,0.13216,0.43074,2.14481,0.13062,0.17122,2.11894,0.15738,-0.00116,1.77262,0.34566,0.25127,1.71983,0.11296,0.29914,1.8605,0.06068,0.08095,1.9673,0.04091,-0.05798,2.05416,-0.10677,0.32274,2.0668,-0.49188,0.20718,1.92157,-0.84282,0.34513,1.98399,-1.03906,0.25958,1.90884,-0.11688,0.28245,1.80354,-0.5033,0.31997,1.70583,-0.88549,0.40756,1.65698,-1.01336,0.23152
51.78,1.97874,-0.02326,0.29149,1.95112,0.42071,0.31873,1.94991,0.63361,0.23845,2.14755,0.36273,0.35082,2.19971,0.13553,0.42077,2.14526,0.13188,0.16163,2.11939,0.15775,-0.01088,1.77406,0.34624,0.24074,1.72125,0.11394,0.29051,1.8617,0.06125,0.07227,1.96814,0.04113,-0.06688,2.05824,-0.10493,0.30978,2.06683,-0.48557,0.17992,1.9326,-0.84646,0.30248,1.9948,-1.03618,0.20316,1.91146,-0.11565,0.27537,1.80266,-0.49906,0.33001,1.70132,-0.88227,0.40855,1.63523,-0.98794,0.22364
51.8,1.98172,-0.02245,0.28083,1.95345,0.42159,0.30625,1.95109,0.6338,0.2242,2.15026,0.36414,0.33695,2.20275,0.13791,0.40975,2.14742,0.13194,0.15084,2.12043,0.15645,-0.0217,1.77588,0.34641,0.2301,1.72252,0.11443,0.28074,1.86275,0.06094,0.06255,1.96963,0.04049,-0.07621,2.0621,-0.10385,0.2962,2.06666,-0.47988,0.15335,1.94365,-0.84985,0.25955,2.00513,-1.03203,0.14659,1.91411,-0.11507,0.26766,1.80308,-0.49547,0.33685,1.69372,-0.87739,0.41075,1.61303,-0.96385,0.22169
51.82,1.9845,-0.02347,0.26854,1.95747,0.42072,0.29266,1.95371,0.63205,0.20841,2.15452,0.36295,0.32122,2.20801,0.13752,0.39572,2.15422,0.1285,0.13658,2.12297,0.14939,-0.03572,1.77886,0.34565,0.2189,1.72338,0.11376,0.26771,1.86334,0.05804,0.04991,1.97273,0.03692,-0.08679,2.06547,-0.10477,0.28115,2.06888,-0.47663,0.12776,1.95981,-0.85536,0.21694,2.02125,-1.02843,0.09045,1.91652,-0.11618,0.25819,1.80441,-0.49493,0.33438,1.69242,-0.87534,0.41203,1.60905,-0.96033,0.22348
51.84,1.98725,-0.02518,0.25559,1.96215,0.41919,0.27849,1.95681,0.62955,0.19194,2.15935,0.3608,0.30461,2.21412,0.13611,0.38042,2.16264,0.12379,0.12094,2.12592,0.14105,-0.05068,1.78229,0.34451,0.20741,1.72406,0.11275,0.25353,1.86357,0.05421,0.03617,1.97606,0.0323,-0.09786,2.06863,-0.10644,0.2655,2.0714,-0.47418,0.10247,1.97649,-0.86047,0.17357,2.03722,-1.02337,0.03392,1.91895,-0.11792,0.24803,1.80601,-0.49551,0.32863,1.6944,-0.87468,0.41263,1.61245,-0.96443,0.22567
51.86,1.99003,-0.02658,0.24287,1.96638,0.41793,0.26447,1.95941,0.62734,0.17574,2.16375,0.35912,0.28821,2.21981,0.13524,0.36546,2.17012,0.11977,0.1058,2.12847,0.13427,-0.06494,1.78541,0.34347,0.19603,1.72475,0.11192,0.24001,1.86369,0.05085,0.02298,1.97877,0.02826,-0.10871,2.07177,-0.10777,0.25003,2.07236,-0.47098,0.07712,1.98935,-0.86301,0.12915,2.04782,-1.01529,-0.0229,1.92155,-0.11938,0.23811,1.80802,-0.49548,0.32458,1.69562,-0.87319,0.41395,1.613,-0.96406,0.22781
51.88,1.99275,-0.02799,0.23047,1.97032,0.41667,0.25037,1.96153,0.62497,0.15924,2.16782,0.35752,0.27214,2.22533,0.13457,0.35098,2.17829,0.11578,0.09104,2.13137,0.12812,-0.0785,1.78842,0.34231,0.18431,1.7251,0.11106,0.22609,1.86359,0.04672,0.00973,1.98158,0.02294,-0.11915,2.07477,-0.10909,0.23483,2.07297,-0.46707,0.05133,2.00095,-0.86356,0.08113,2.05657,-1.00347,-0.08338,1.92421,-0.12085,0.22863,1.81058,-0.49557,0.32082,1.69811,-0.87189,0.41577,1.61511,-0.9636,0.23022
51.9,1.99558,-0.02952,0.21722,1.97465,0.41525,0.23606,1.96411,0.62264,0.14304,2.17231,0.35564,0.25496,2.23124,0.13346,0.33492,2.18526,0.11167,0.07503,2.13353,0.12255,-0.09321,1.79155,0.34119,0.17306,1.72588,0.11025,0.21287,1.86325,0.04377,-0.00356,1.9833,0.01971,-0.13048,2.07773,-0.11059,0.21887,2.07201,-0.46397,0.02676,2.0084,-0.86286,0.03791,2.05922,-0.99192,-0.1367,1.92706,-0.1224,0.21802,1.81312,-0.49558,0.31588,1.70075,-0.87034,0.41693,1.61752,-0.96392,0.23242
51.92,1.99865,-0.03119,0.20191,1.98018,0.41366,0.22141,1.96829,0.6207,0.12777,2.17801,0.35317,0.23506,2.23803,0.13131,0.31507,2.18854,0.10725,0.05603,2.13354,0.11636,-0.11128,1.79516,0.34043,0.16326,1.72802,0.10967,0.20166,1.863,0.0446,-0.01669,1.98308,0.02309,-0.14403,2.08074,-0.11234,0.20114,2.0683,-0.46356,0.00541,2.00959,-0.86334,0.00927,2.05244,-0.98726,-0.17111,1.93009,-0.12401,0.20458,1.81487,-0.49494,0.30926,1.70091,-0.86742,0.41676,1.6171,-0.96447,0.23432
51.94,2.00182,-0.03293,0.18575,1.9863,0.41198,0.2065,1.97322,0.61888,0.11272,2.18413,0.35044,0.21399,2.24514,0.12869,0.29358,2.19044,0.10267,0.03578,2.13261,0.10991,-0.13066,1.7992,0.33981,0.15393,1.73079,0.10924,0.19122,1.86276,0.04667,-0.02969,1.982,0.02859,-0.15834,2.08372,-0.11421,0.18267,2.06375,-0.46426,-0.01452,2.0087,-0.86458,-0.01363,2.0425,-0.98571,-0.19778,1.9332,-0.12565,0.19001,1.81651,-0.49416,0.30139,1.70123,-0.86415,0.41587,1.6171,-0.96629,0.23638
51.96,2.00498,-0.03463,0.16989,1.99226,0.41033,0.19151,1.9779,0.61699,0.0974,2.18991,0.34781,0.19324,2.25202,0.12625,0.27253,2.19281,0.0982,0.01594,2.13188,0.10369,-0.14945,1.80337,0.33914,0.14427,1.73346,0.10886,0.18056,1.86247,0.04803,-0.04257,1.98106,0.03274,-0.1722,2.08665,-0.11602,0.16445,2.05939,-0.46448,-0.03467,2.00772,-0.86523,-0.03885,2.0326,-0.98263,-0.2268,1.93636,-0.12726,0.17587,1.8187,-0.49347,0.29362,1.70297,-0.86102,0.41526,1.6186,-0.96828,0.2389
51.98,2.00801,-0.03642,0.15436,1.99807,0.40859,0.17638,1.98227,0.61493,0.08179,2.19539,0.34511,0.17241,2.25869,0.12393,0.25178,2.19532,0.09341,-0.00353,2.13161,0.09671,-0.16794,1.80755,0.33832,0.1346,1.73588,0.1084,0.16964,1.86252,0.04961,-0.05539,1.98093,0.03787,-0.18553,2.0894,-0.1179,0.14661,2.05447,-0.46445,-0.05465,2.00608,-0.86547,-0.066,2.02119,-0.97817,-0.25783,1.93947,-0.12897,0.1621,1.82122,-0.49214,0.28839,1.70309,-0.85684,0.41614,1.61817,-0.96668,0.24163
52,2.01133,-0.03801,0.13795,2.00442,0.407,0.16107,1.98746,0.61323,0.06645,2.20119,0.34249,0.15112,2.26555,0.12131,0.22964,2.19692,0.08924,-0.02412,2.1299,0.0912,-0.18722,1.81238,0.33782,0.12484,1.73925,0.10831,0.15958,1.86203,0.05091,-0.06794,1.97886,0.04128,-0.19968,2.09232,-0.11963,0.12785,2.05006,-0.46512,-0.07383,2.0036,-0.86628,-0.08776,2.0098,-0.97676,-0.28136,1.94283,-0.13045,0.1473,1.82392,-0.49189,0.27783,1.70822,-0.85425,0.41419,1.62349,-0.9721,0.24491
52.02,2.01543,-0.03912,0.11926,2.01228,0.40576,0.14551,1.995,0.61244,0.05193,2.2082,0.34002,0.12897,2.27291,0.11787,0.20441,2.19648,0.08668,-0.04722,2.12466,0.08973,-0.20825,1.81873,0.3381,0.11487,1.7452,0.10899,0.15142,1.86012,0.05123,-0.08007,1.97175,0.03955,-0.21609,2.0958,-0.121,0.10665,2.04753,-0.46749,-0.09194,2.00138,-0.86891,-0.09592,2.00187,-0.98361,-0.28716,1.94681,-0.13133,0.12985,1.82574,-0.4946,0.25311,1.72217,-0.85385,0.40641,1.63931,-0.99296,0.25308
52.04,2.0198,-0.03999,0.09974,2.02082,0.40466,0.12973,2.00361,0.61197,0.03754,2.21561,0.33766,0.10636,2.2803,0.11419,0.17783,2.19508,0.08484,-0.07118,2.11799,0.08988,-0.22971,1.82589,0.33866,0.10477,1.75253,0.10994,0.14397,1.85795,0.0513,-0.09178,1.96266,0.03632,-0.23288,2.09942,-0.12218,0.0846,2.04581,-0.47051,-0.10935,2,-0.87184,-0.09858,1.99618,-0.99307,-0.28572,1.951,-0.13194,0.11143,1.82663,-0.4978,0.2232,1.73273,-0.84961,0.39842,1.65081,-1.00983,0.26672
52.06,2.02402,-0.04092,0.08066,2.02924,0.40348,0.11377,2.01199,0.6113,0.02274,2.2227,0.33527,0.08374,2.28736,0.11068,0.15163,2.19384,0.0828,-0.09456,2.11182,0.08942,-0.25053,1.83314,0.33905,0.09456,1.75987,0.11071,0.13614,1.85631,0.05147,-0.10328,1.95447,0.03401,-0.24874,2.10284,-0.12339,0.06304,2.04387,-0.4732,-0.12663,1.99923,-0.87414,-0.10345,1.99082,-1.00063,-0.28691,1.9551,-0.13261,0.09354,1.8272,-0.50003,0.19585,1.7359,-0.84102,0.39252,1.65232,-1.0153,0.28132
52.08,2.02835,-0.04208,0.06125,2.03818,0.402,0.09751,2.02095,0.61027,0.00752,2.23002,0.33253,0.06075,2.29432,0.10688,0.1254,2.19275,0.08036,-0.11772,2.1059,0.08859,-0.27098,1.84105,0.33923,0.08414,1.76776,0.11131,0.12786,1.85501,0.05161,-0.11495,1.94613,0.03157,-0.26459,2.10625,-0.12485,0.04114,2.04169,-0.47593,-0.14433,1.99943,-0.87617,-0.10822,1.98623,-1.00815,-0.28749,1.95928,-0.13348,0.07535,1.82677,-0.50152,0.16921,1.72995,-0.82664,0.38878,1.64101,-1.01024,0.29874
52.1,2.03251,-0.04269,0.04237,2.04668,0.40105,0.08126,2.02953,0.60982,-0.00758,2.23676,0.3305,0.03799,2.30085,0.10368,0.09864,2.19078,0.07903,-0.14096,2.09906,0.08904,-0.29125,1.84878,0.33975,0.07372,1.77614,0.11219,0.12028,1.85385,0.05172,-0.12556,1.93769,0.02942,-0.27909,2.10949,-0.12571,0.01989,2.04042,-0.47862,-0.16041,1.99994,-0.8777,-0.11164,1.98326,-1.01488,-0.28666,1.96337,-0.13385,0.05764,1.82649,-0.50287,0.14075,1.72273,-0.81102,0.38068,1.62636,-0.99872,0.30851
52.12,2.03629,-0.04191,0.02502,2.05355,0.40158,0.06547,2.0367,0.611,-0.02188,2.24195,0.33042,0.01626,2.30638,0.10215,0.07079,2.18675,0.08055,-0.16448,2.09001,0.09251,-0.31144,1.85525,0.34116,0.06352,1.78507,0.11381,0.11468,1.85283,0.05174,-0.13369,1.92955,0.02788,-0.29067,2.11256,-0.12498,0.00042,2.04172,-0.48103,-0.17289,1.99967,-0.87841,-0.11285,1.98245,-1.01979,-0.28444,1.96727,-0.13299,0.04127,1.82765,-0.50445,0.10722,1.72906,-0.80169,0.36258,1.62894,-0.99265,0.30569
52.14,2.03984,-0.04056,0.00825,2.05978,0.40271,0.04984,2.04331,0.61282,-0.03593,2.24643,0.33112,-0.00509,2.31118,0.1014,0.04251,2.18171,0.08329,-0.1878,2.07996,0.09733,-0.33114,1.8613,0.34296,0.05342,1.79442,0.11581,0.10965,1.85197,0.05179,-0.14079,1.92156,0.02652,-0.30085,2.11544,-0.12363,-0.01836,2.04401,-0.48323,-0.1839,1.99939,-0.87855,-0.11304,1.98273,-1.02382,-0.2814,1.97099,-0.13161,0.0254,1.82851,-0.50494,0.07166,1.7412,-0.79418,0.34,1.64006,-0.98839,0.29778
52.16,2.0434,-0.03942,-0.00871,2.06631,0.4036,0.034,2.05021,0.61432,-0.05033,2.25098,0.33151,-0.02667,2.31565,0.10051,0.01441,2.1768,0.08567,-0.21061,2.07022,0.10175,-0.35018,1.86778,0.3446,0.04319,1.8041,0.1177,0.10397,1.85149,0.05188,-0.14813,1.91384,0.02515,-0.3109,2.11822,-0.12252,-0.03733,2.04598,-0.48534,-0.19533,1.99981,-0.8784,-0.11373,1.98324,-1.02754,-0.27868,1.9747,-0.1304,0.0094,1.8281,-0.50396,0.03738,1.74949,-0.78339,0.31849,1.64675,-0.97941,0.29113
52.18,2.04741,-0.03846,-0.026,2.07332,0.40427,0.01796,2.05796,0.61559,-0.06501,2.25585,0.33175,-0.04839,2.31983,0.09946,-0.01404,2.17172,0.08796,-0.23328,2.06048,0.10602,-0.36891,1.87491,0.34599,0.03268,1.81502,0.11939,0.09823,1.85176,0.05168,-0.15514,1.9062,0.02327,-0.32045,2.12145,-0.12153,-0.05669,2.04907,-0.48741,-0.2074,2.00088,-0.8777,-0.11446,1.98509,-1.03088,-0.27574,1.97892,-0.12941,-0.00702,1.82706,-0.50181,0.0019,1.75806,-0.76894,0.29714,1.65485,-0.96635,0.28692
52.2,2.05039,-0.03701,-0.04245,2.07928,0.40548,0.00208,2.06406,0.61733,-0.07954,2.25949,0.33249,-0.06985,2.32313,0.09925,-0.04193,2.16618,0.09096,-0.25507,2.05037,0.11114,-0.38652,1.88117,0.3479,0.02248,1.82466,0.1216,0.09198,1.85154,0.05207,-0.16214,1.89914,0.02245,-0.32933,2.12353,-0.12017,-0.07501,2.05073,-0.48916,-0.21773,2.00201,-0.87697,-0.11518,1.98619,-1.03352,-0.2732,1.98203,-0.12784,-0.02244,1.82479,-0.49801,-0.03082,1.76644,-0.75782,0.27312,1.6632,-0.95547,0.27534
52.22,2.05066,-0.03429,-0.05686,2.08256,0.4081,-0.01333,2.06583,0.62039,-0.09347,2.2602,0.33442,-0.09076,2.32491,0.10087,-0.06846,2.15985,0.09546,-0.27548,2.03956,0.11826,-0.4024,1.88496,0.35125,0.01317,1.82993,0.12521,0.08463,1.84934,0.0541,-0.16973,1.89338,0.02456,-0.33791,2.12263,-0.11792,-0.09079,2.04769,-0.4902,-0.22349,2.00261,-0.87705,-0.1158,1.98377,-1.03533,-0.27175,1.98219,-0.12469,-0.03534,1.82062,-0.49248,-0.05656,1.77314,-0.7586,0.24379,1.66841,-0.95546,0.24593
52.24,2.04988,-0.03111,-0.07042,2.08464,0.41122,-0.02857,2.06583,0.62394,-0.1071,2.25953,0.33682,-0.11137,2.32573,0.10323,-0.09446,2.15301,0.10053,-0.29519,2.02839,0.12605,-0.41732,1.88776,0.35511,0.00414,1.83355,0.12928,0.07691,1.84637,0.05675,-0.17747,1.88799,0.02786,-0.34638,2.1206,-0.11532,-0.10549,2.04332,-0.49082,-0.22737,2.00316,-0.87724,-0.11624,1.98029,-1.03666,-0.27048,1.98126,-0.12098,-0.04723,1.81568,-0.48617,-0.07952,1.77861,-0.76399,0.21157,1.67182,-0.95973,0.20878
52.26,2.04952,-0.02815,-0.08429,2.08705,0.4141,-0.04399,2.06649,0.62725,-0.12092,2.25905,0.33902,-0.13208,2.32622,0.10538,-0.12068,2.14606,0.10534,-0.31477,2.01732,0.13343,-0.43197,1.89109,0.35869,-0.00516,1.83809,0.13309,0.06918,1.84391,0.05916,-0.18505,1.88248,0.03081,-0.35478,2.11903,-0.11288,-0.12054,2.04018,-0.4913,-0.2319,2.00435,-0.87695,-0.11667,1.97805,-1.03778,-0.26887,1.98084,-0.11755,-0.0595,1.81054,-0.47937,-0.10314,1.7829,-0.76654,0.1798,1.67425,-0.96119,0.17404
52.28,2.0494,-0.0251,-0.09848,2.09,0.41702,-0.05979,2.068,0.63063,-0.13502,2.25886,0.34116,-0.15312,2.32636,0.1074,-0.14757,2.13892,0.11037,-0.33463,2.0063,0.14138,-0.44665,1.89511,0.36246,-0.01482,1.84329,0.13712,0.06114,1.84213,0.06141,-0.19262,1.87769,0.03351,-0.36308,2.11756,-0.11041,-0.13591,2.03702,-0.49158,-0.2361,2.00583,-0.87652,-0.11719,1.97551,-1.03863,-0.26728,1.98064,-0.11395,-0.07199,1.80446,-0.47123,-0.12798,1.78771,-0.76649,0.14738,1.67727,-0.96007,0.13971
52.3,2.04853,-0.02215,-0.1118,2.09137,0.41993,-0.07505,2.06741,0.63391,-0.14858,2.25711,0.34351,-0.17338,2.32557,0.10996,-0.17303,2.13144,0.1151,-0.35308,1.9951,0.14828,-0.4599,1.89782,0.36591,-0.02405,1.84714,0.14076,0.05321,1.83923,0.06415,-0.20017,1.87179,0.03716,-0.37137,2.11554,-0.10791,-0.15025,2.03461,-0.49156,-0.24017,2.00782,-0.87562,-0.11744,1.9744,-1.03914,-0.26533,1.97985,-0.11058,-0.08374,1.79906,-0.46398,-0.14888,1.78826,-0.77046,0.11425,1.67534,-0.96233,0.10154
52.32,2.04594,-0.01942,-0.12302,2.08902,0.42283,-0.08871,2.06162,0.63697,-0.16058,2.25192,0.34645,-0.19169,2.32352,0.11386,-0.19491,2.12356,0.119,-0.36846,1.98343,0.15227,-0.47022,1.89716,0.3686,-0.03188,1.84767,0.14341,0.04605,1.83327,0.06836,-0.20751,1.86261,0.04326,-0.37958,2.1124,-0.10527,-0.16222,2.03415,-0.49113,-0.24473,2.01087,-0.87385,-0.1172,1.97741,-1.03924,-0.26299,1.97767,-0.10778,-0.09379,1.79674,-0.46079,-0.16065,1.7775,-0.78419,0.08087,1.65987,-0.97191,0.05543
52.34,2.04262,-0.01683,-0.13339,2.0851,0.42567,-0.10168,2.05376,0.63986,-0.17177,2.24524,0.34953,-0.20909,2.32071,0.11824,-0.21542,2.11538,0.12256,-0.38261,1.97155,0.15516,-0.4793,1.89516,0.37096,-0.03917,1.84672,0.14567,0.03913,1.82602,0.07303,-0.21469,1.85215,0.05016,-0.38758,2.10876,-0.10263,-0.17323,2.03422,-0.49052,-0.24945,2.01431,-0.87172,-0.11689,1.98187,-1.03909,-0.26064,1.97488,-0.10526,-0.10314,1.79552,-0.45928,-0.16885,1.76327,-0.80021,0.04565,1.64035,-0.9818,0.00511
52.36,2.03959,-0.01428,-0.14411,2.0817,0.42843,-0.11489,2.04681,0.64269,-0.18306,2.23889,0.35242,-0.22666,2.31762,0.12235,-0.23656,2.10705,0.12621,-0.3971,1.95976,0.15844,-0.48858,1.89379,0.37337,-0.04677,1.84635,0.14804,0.032,1.81931,0.07736,-0.22178,1.84222,0.05652,-0.39538,2.1053,-0.10009,-0.18463,2.03414,-0.48986,-0.25418,2.01791,-0.86954,-0.11684,1.98602,-1.03879,-0.2585,1.97236,-0.10272,-0.11278,1.79369,-0.4571,-0.1785,1.75062,-0.81233,0.00922,1.62273,-0.98704,-0.04417
52.38,2.03671,-0.01126,-0.15493,2.07866,0.43163,-0.12832,2.04028,0.64596,-0.19436,2.23256,0.35563,-0.24458,2.31442,0.12685,-0.25833,2.09858,0.13027,-0.41174,1.9479,0.16221,-0.4976,1.89303,0.37636,-0.05437,1.84685,0.15102,0.02513,1.81311,0.08241,-0.22842,1.83261,0.0638,-0.40269,2.10195,-0.09711,-0.19611,2.03485,-0.48875,-0.2589,2.02234,-0.86692,-0.11709,1.99141,-1.03792,-0.25684,1.96997,-0.09968,-0.12251,1.79224,-0.45438,-0.18904,1.73432,-0.81999,-0.027,1.60132,-0.98581,-0.09437
52.4,2.03333,-0.00926,-0.16536,2.07432,0.43385,-0.14107,2.03254,0.64818,-0.20502,2.22532,0.3581,-0.26124,2.31018,0.13066,-0.27866,2.08979,0.13341,-0.42547,1.93614,0.16467,-0.50617,1.89097,0.37811,-0.06199,1.84536,0.15273,0.01773,1.80568,0.08613,-0.23549,1.82209,0.06936,-0.41027,2.09822,-0.09506,-0.20721,2.03452,-0.48818,-0.26393,2.02596,-0.8646,-0.11724,1.99565,-1.03749,-0.25479,1.96719,-0.09776,-0.13194,1.79025,-0.4531,-0.19708,1.72263,-0.82937,-0.06617,1.58458,-0.98653,-0.14343
52.42,2.02891,-0.01,-0.17496,2.06709,0.43345,-0.15224,2.02193,0.64761,-0.21442,2.2164,0.35856,-0.27504,2.30429,0.13253,-0.29545,2.0807,0.13413,-0.43736,1.92485,0.1638,-0.51436,1.88564,0.37652,-0.0697,1.8386,0.15106,0.00898,1.79498,0.08609,-0.24402,1.80928,0.06999,-0.41904,2.09371,-0.09551,-0.21754,2.03088,-0.48942,-0.26954,2.02661,-0.86348,-0.11675,1.99554,-1.03864,-0.25121,1.96361,-0.0988,-0.14069,1.78688,-0.45551,-0.19851,1.71812,-0.84407,-0.11148,1.57284,-0.99558,-0.18678
52.44,2.02395,-0.01177,-0.1842,2.05859,0.43203,-0.16268,2.01008,0.64594,-0.22319,2.20669,0.35826,-0.28759,2.29755,0.13366,-0.31073,2.07133,0.13388,-0.44841,1.91362,0.16159,-0.5223,1.8789,0.37365,-0.07735,1.82976,0.14814,-0.00011,1.78286,0.08469,-0.25291,1.79534,0.0688,-0.42809,2.08876,-0.0969,-0.22752,2.02606,-0.49135,-0.27541,2.02633,-0.8627,-0.11609,1.9942,-1.04028,-0.24709,1.95959,-0.10095,-0.14916,1.78312,-0.45919,-0.19762,1.70375,-0.85304,-0.15445,1.54965,-0.99929,-0.22222
52.46,2.01911,-0.01307,-0.19359,2.05051,0.43102,-0.17329,1.99875,0.64468,-0.23199,2.19716,0.35825,-0.30048,2.29075,0.1351,-0.32654,2.06182,0.13402,-0.45966,1.90227,0.15993,-0.53017,1.8727,0.37134,-0.08497,1.8218,0.14585,-0.00883,1.77123,0.0839,-0.26129,1.78165,0.06838,-0.43665,2.08388,-0.09785,-0.23765,2.02189,-0.49292,-0.28123,2.02682,-0.86151,-0.1157,1.99402,-1.0414,-0.24334,1.95566,-0.10259,-0.15777,1.77963,-0.46205,-0.19815,1.67776,-0.85295,-0.18831,1.51435,-0.99251,-0.24789
52.48,2.01482,-0.01437,-0.203,2.0429,0.43001,-0.18406,1.98777,0.64335,-0.24081,2.18787,0.35819,-0.31369,2.28458,0.13678,-0.34292,2.05285,0.13425,-0.47108,1.89143,0.15818,-0.53794,1.86718,0.36903,-0.0925,1.8141,0.14369,-0.01741,1.75973,0.08333,-0.26947,1.76808,0.06813,-0.44496,2.07951,-0.09882,-0.24781,2.0179,-0.49442,-0.28682,2.02748,-0.86024,-0.11543,1.99371,-1.04227,-0.23973,1.95228,-0.10422,-0.1664,1.77725,-0.46511,-0.19718,1.64058,-0.84511,-0.21154,1.46663,-0.97662,-0.25813
52.5,2.00924,-0.01591,-0.21229,2.03396,0.4287,-0.19413,1.97587,0.64173,-0.24905,2.17772,0.35794,-0.32569,2.27644,0.1378,-0.35766,2.04249,0.134,-0.4817,1.87961,0.15618,-0.54553,1.86002,0.36639,-0.1001,1.80541,0.14111,-0.02594,1.74745,0.08205,-0.2775,1.75363,0.06708,-0.4531,2.07391,-0.09998,-0.25784,2.01346,-0.49613,-0.293,2.02815,-0.85876,-0.11533,1.99425,-1.04315,-0.23606,1.94766,-0.10612,-0.17497,1.77303,-0.46772,-0.19888,1.60428,-0.8342,-0.22127,1.42257,-0.95898,-0.25501
52.52,2.00045,-0.01803,-0.22144,2.02191,0.42672,-0.20269,1.96184,0.63953,-0.25633,2.1657,0.35724,-0.33488,2.26351,0.13697,-0.36874,2.02851,0.13263,-0.49077,1.86495,0.15394,-0.55316,1.84879,0.36297,-0.10811,1.79448,0.13737,-0.03472,1.73359,0.07896,-0.28575,1.73738,0.06423,-0.46144,2.06524,-0.1016,-0.26771,2.00822,-0.49844,-0.3008,2.02875,-0.85693,-0.11548,1.99698,-1.04421,-0.23229,1.93991,-0.10871,-0.18354,1.7631,-0.46915,-0.2089,1.58596,-0.83145,-0.23427,1.40258,-0.95438,-0.26569
52.54,1.99033,-0.02032,-0.23048,2.00859,0.42453,-0.21059,1.94689,0.63714,-0.26313,2.15289,0.35642,-0.34295,2.24877,0.13551,-0.37817,2.01319,0.13086,-0.49905,1.84924,0.15159,-0.5606,1.83593,0.35929,-0.11619,1.78263,0.13319,-0.04358,1.71909,0.0752,-0.29405,1.72041,0.06068,-0.46979,2.05529,-0.10337,-0.27745,2.00242,-0.50088,-0.30928,2.02904,-0.8547,-0.11592,2.00019,-1.04496,-0.22859,1.93085,-0.11148,-0.19206,1.75102,-0.47011,-0.22143,1.57438,-0.83241,-0.25015,1.39127,-0.9553,-0.28328
52.56,1.98068,-0.02242,-0.23954,1.9958,0.4225,-0.21868,1.93232,0.63489,-0.26997,2.14034,0.35572,-0.35145,2.23482,0.13444,-0.38804,1.99848,0.12931,-0.50741,1.83403,0.14929,-0.56787,1.82378,0.35582,-0.12412,1.77123,0.12929,-0.05232,1.70489,0.07182,-0.30218,1.70376,0.0575,-0.47794,2.04577,-0.10498,-0.2872,1.9967,-0.50309,-0.31756,2.02931,-0.85215,-0.11662,2.00309,-1.04516,-0.22518,1.92224,-0.11402,-0.20059,1.73991,-0.47119,-0.23235,1.55968,-0.83149,-0.26377,1.37587,-0.9534,-0.2966
52.58,1.97161,-0.02502,-0.2487,1.98338,0.41995,-0.22685,1.9182,0.6321,-0.27701,2.12826,0.35457,-0.35995,2.22089,0.13295,-0.39909,1.98356,0.12765,-0.51648,1.81853,0.1471,-0.5755,1.81199,0.35175,-0.13223,1.75984,0.12487,-0.06126,1.69071,0.068,-0.3105,1.68715,0.05406,-0.48626,2.03684,-0.10698,-0.29719,1.99186,-0.5057,-0.32581,2.02987,-0.8497,-0.11723,2.00655,-1.04526,-0.22181,1.91434,-0.11715,-0.20926,1.72835,-0.47212,-0.24423,1.54414,-0.83009,-0.27898,1.35987,-0.95131,-0.31183
52.6,1.961,-0.02662,-0.25762,1.96996,0.41836,-0.23457,1.90303,0.63029,-0.28333,2.11503,0.35427,-0.36809,2.2064,0.13214,-0.40735,1.9686,0.1262,-0.52376,1.80321,0.14475,-0.58206,1.79917,0.34881,-0.13985,1.74829,0.12137,-0.06973,1.67639,0.06494,-0.31829,1.67028,0.05104,-0.49398,2.02631,-0.10819,-0.30665,1.98504,-0.50737,-0.3345,2.02948,-0.84615,-0.11878,2.00888,-1.04429,-0.219,1.90465,-0.11908,-0.21764,1.71703,-0.47301,-0.25443,1.53157,-0.83016,-0.291,1.34671,-0.95041,-0.32407
52.62,1.94652,-0.02534,-0.26598,1.95403,0.41958,-0.24133,1.88511,0.63136,-0.28794,2.09878,0.35648,-0.37567,2.1911,0.13362,-0.40791,1.95437,0.12538,-0.52634,1.78925,0.14179,-0.58604,1.78387,0.34909,-0.14618,1.73667,0.12055,-0.07707,1.66196,0.06405,-0.32477,1.65294,0.04912,-0.50025,2.01175,-0.10715,-0.31471,1.97322,-0.50651,-0.34382,2.02738,-0.84012,-0.12233,2.00885,-1.04101,-0.21735,1.89038,-0.11761,-0.22525,1.70722,-0.4741,-0.25978,1.52603,-0.83365,-0.29408,1.3399,-0.95196,-0.32703
52.64,1.93053,-0.02307,-0.27407,1.9371,0.42176,-0.24768,1.86615,0.63338,-0.2919,2.08138,0.35955,-0.38293,2.17541,0.13622,-0.40561,1.94048,0.12491,-0.52733,1.77594,0.13861,-0.58926,1.76754,0.35049,-0.15204,1.72487,0.12075,-0.08398,1.64743,0.06393,-0.33077,1.63541,0.0476,-0.50595,1.99564,-0.10533,-0.32221,1.9594,-0.50474,-0.35352,2.0246,-0.83295,-0.127,2.00825,-1.03655,-0.21646,1.87435,-0.11496,-0.23254,1.69791,-0.47515,-0.26343,1.52366,-0.83844,-0.29402,1.33615,-0.95454,-0.32705
52.66,1.91519,-0.0213,-0.28222,1.92062,0.42345,-0.25417,1.84769,0.63486,-0.29611,2.06451,0.36215,-0.39025,2.15987,0.1387,-0.40463,1.92662,0.12448,-0.52922,1.7626,0.13557,-0.59303,1.75165,0.35133,-0.1581,1.71305,0.12057,-0.09108,1.63292,0.06348,-0.33695,1.618,0.04593,-0.51179,1.9802,-0.1039,-0.32991,1.9463,-0.50335,-0.36324,2.02211,-0.82578,-0.13176,2.00837,-1.03188,-0.21579,1.85909,-0.11289,-0.23993,1.68844,-0.4761,-0.26779,1.52009,-0.84242,-0.29531,1.33129,-0.95638,-0.32841
52.68,1.89991,-0.01932,-0.29065,1.90403,0.42532,-0.26078,1.82906,0.63648,-0.30035,2.04752,0.36506,-0.39774,2.1449,0.14207,-0.40278,1.91384,0.12402,-0.53092,1.75058,0.13203,-0.5971,1.73572,0.35226,-0.16427,1.70161,0.12041,-0.09859,1.61875,0.06279,-0.34343,1.60078,0.04372,-0.51782,1.96486,-0.10228,-0.33781,1.93403,-0.50188,-0.37228,2.02091,-0.8183,-0.13645,2.01022,-1.02659,-0.21536,1.84391,-0.11059,-0.24755,1.67921,-0.47678,-0.27206,1.51687,-0.84603,-0.2962,1.32696,-0.95813,-0.32934
52.7,1.8842,-0.01754,-0.29844,1.88743,0.42701,-0.26704,1.81061,0.63791,-0.30433,2.03055,0.36754,-0.40474,2.1289,0.14495,-0.40191,1.89971,0.12401,-0.53292,1.73704,0.12936,-0.60081,1.71965,0.35323,-0.17015,1.68938,0.12061,-0.10532,1.60401,0.06272,-0.34923,1.58332,0.04254,-0.52319,1.94901,-0.10084,-0.34517,1.91965,-0.50027,-0.38283,2.01722,-0.81026,-0.14268,2.00973,-1.02075,-0.21593,1.82822,-0.10849,-0.25465,1.6699,-0.47769,-0.27592,1.51415,-0.84997,-0.29675,1.32287,-0.95963,-0.33009
52.72,1.86757,-0.01655,-0.30452,1.87104,0.42794,-0.27243,1.79284,0.63869,-0.3077,2.0138,0.36864,-0.41057,2.10983,0.1451,-0.40443,1.88081,0.12484,-0.53584,1.71794,0.12932,-0.60331,1.70347,0.35408,-0.17526,1.67507,0.12141,-0.10975,1.58763,0.06434,-0.35312,1.56509,0.04453,-0.5269,1.93207,-0.10018,-0.3511,1.89995,-0.49849,-0.39739,2.00719,-0.80103,-0.15193,2.00318,-1.0141,-0.21758,1.81139,-0.10721,-0.26038,1.66019,-0.47951,-0.27906,1.51149,-0.8548,-0.29729,1.31773,-0.95997,-0.33079
52.74,1.8506,-0.0158,-0.30997,1.85472,0.42866,-0.2775,1.77536,0.63928,-0.31088,1.99716,0.36929,-0.41594,2.08974,0.14434,-0.40814,1.86027,0.12604,-0.53907,1.69691,0.13028,-0.60535,1.68722,0.35494,-0.1801,1.65997,0.12248,-0.11338,1.57063,0.06656,-0.35633,1.54656,0.04755,-0.52999,1.9147,-0.09975,-0.35652,1.87817,-0.49631,-0.41339,1.99464,-0.79113,-0.1628,1.99448,-1.00654,-0.22049,1.79414,-0.10617,-0.26559,1.65039,-0.48153,-0.28182,1.50926,-0.85984,-0.29754,1.3129,-0.95995,-0.33138
52.76,1.83388,-0.01493,-0.31572,1.83843,0.42949,-0.28273,1.75786,0.63994,-0.3142,1.98057,0.37016,-0.42151,2.07026,0.14414,-0.41143,1.84063,0.12715,-0.54225,1.67692,0.13085,-0.60769,1.67105,0.35579,-0.18511,1.6452,0.12344,-0.11747,1.55391,0.06841,-0.3599,1.52817,0.04989,-0.53337,1.89761,-0.09919,-0.36221,1.85733,-0.49389,-0.42866,1.98309,-0.78104,-0.17369,1.98717,-0.99823,-0.22405,1.7772,-0.10502,-0.27106,1.64073,-0.48319,-0.28472,1.50725,-0.86437,-0.29777,1.30873,-0.95993,-0.33216
52.78,1.8167,-0.01405,-0.3214,1.82183,0.43033,-0.28795,1.73989,0.64057,-0.31725,1.96352,0.371,-0.42716,2.04999,0.14388,-0.41408,1.82031,0.12839,-0.54499,1.65631,0.13158,-0.60974,1.65462,0.3567,-0.18996,1.63055,0.12447,-0.12124,1.53718,0.07067,-0.36315,1.50969,0.05299,-0.53644,1.88009,-0.09869,-0.36767,1.83647,-0.49125,-0.44391,1.97301,-0.76896,-0.18407,1.98281,-0.98775,-0.22605,1.75971,-0.10379,-0.27643,1.63127,-0.48486,-0.28708,1.50476,-0.86849,-0.29732,1.30338,-0.95811,-0.33109
52.8,1.80042,-0.01327,-0.32708,1.80592,0.43107,-0.29315,1.72304,0.64115,-0.32086,1.94746,0.37178,-0.43254,2.03111,0.14367,-0.41834,1.80104,0.12963,-0.54873,1.63659,0.13239,-0.61234,1.63874,0.35747,-0.1951,1.61549,0.12542,-0.12551,1.52033,0.07223,-0.36685,1.49134,0.05478,-0.53992,1.8634,-0.09814,-0.37351,1.8152,-0.48818,-0.45933,1.95934,-0.75939,-0.19675,1.97316,-0.979,-0.23296,1.7433,-0.10281,-0.28187,1.62156,-0.48612,-0.29029,1.50376,-0.87258,-0.29785,1.30127,-0.95891,-0.33354
52.82,1.78665,-0.01275,-0.33289,1.79185,0.43154,-0.2983,1.70909,0.64167,-0.32603,1.93405,0.37249,-0.43712,2.01621,0.14363,-0.42694,1.78487,0.1305,-0.55516,1.6195,0.13284,-0.61635,1.62424,0.35775,-0.20113,1.59929,0.12595,-0.13129,1.50311,0.07141,-0.37193,1.47321,0.05227,-0.54467,1.84901,-0.09743,-0.38047,1.79307,-0.48441,-0.47502,1.93636,-0.75746,-0.21387,1.94848,-0.97706,-0.25071,1.72988,-0.10247,-0.2876,1.61103,-0.48669,-0.29624,1.50625,-0.87693,-0.30052,1.30762,-0.96751,-0.34599
52.84,1.77379,-0.01232,-0.33872,1.77849,0.43192,-0.30342,1.69626,0.64218,-0.33174,1.92163,0.37317,-0.44141,2.00284,0.14379,-0.4371,1.77,0.13131,-0.56264,1.60361,0.13316,-0.62104,1.6103,0.35788,-0.20745,1.5827,0.12637,-0.13763,1.48575,0.06999,-0.37754,1.45515,0.04866,-0.54989,1.83544,-0.09665,-0.38783,1.77034,-0.48011,-0.4905,1.90949,-0.75832,-0.23258,1.91747,-0.97758,-0.27245,1.71756,-0.10237,-0.29341,1.6001,-0.48698,-0.30321,1.50905,-0.88067,-0.3014,1.31656,-0.97789,-0.35817
52.86,1.76054,-0.01185,-0.34457,1.76487,0.43234,-0.30858,1.68299,0.64269,-0.33721,1.90877,0.37386,-0.44588,1.98893,0.14406,-0.44646,1.75484,0.1322,-0.56972,1.58761,0.13349,-0.62566,1.5962,0.35808,-0.21363,1.56639,0.12686,-0.14378,1.46852,0.06912,-0.38298,1.43709,0.04605,-0.55497,1.82148,-0.0959,-0.39502,1.74764,-0.47558,-0.50554,1.88397,-0.75773,-0.25041,1.88858,-0.97669,-0.29234,1.70476,-0.10215,-0.2992,1.58928,-0.48734,-0.30982,1.51015,-0.88348,-0.29992,1.32329,-0.98576,-0.36588
52.88,1.7472,-0.01138,-0.3503,1.75104,0.43275,-0.3135,1.66953,0.6432,-0.34244,1.8959,0.37458,-0.44993,1.97466,0.14439,-0.45623,1.73918,0.13301,-0.57687,1.57102,0.13333,-0.62997,1.58177,0.35823,-0.21982,1.5496,0.12735,-0.14989,1.45081,0.06761,-0.38823,1.41848,0.04223,-0.55971,1.80744,-0.09513,-0.40207,1.72473,-0.47049,-0.52076,1.85859,-0.75463,-0.26653,1.86049,-0.97349,-0.30925,1.69183,-0.10194,-0.30496,1.5786,-0.48778,-0.31654,1.50941,-0.88536,-0.296,1.3294,-0.99251,-0.37243
52.9,1.73426,-0.01093,-0.35628,1.73781,0.43315,-0.31884,1.65677,0.64372,-0.3482,1.88328,0.37521,-0.45471,1.96166,0.14505,-0.46546,1.72522,0.134,-0.58423,1.55647,0.13384,-0.63542,1.56815,0.35845,-0.22602,1.53372,0.12783,-0.1563,1.43397,0.06747,-0.39408,1.40084,0.04097,-0.56525,1.79371,-0.09437,-0.40946,1.70167,-0.46545,-0.53454,1.83134,-0.756,-0.28545,1.82829,-0.97409,-0.33187,1.67941,-0.10176,-0.31084,1.56744,-0.48793,-0.32345,1.5074,-0.88622,-0.29112,1.33317,-0.99815,-0.37384
52.92,1.72215,-0.01051,-0.36297,1.726,0.43355,-0.32543,1.64554,0.64426,-0.35546,1.87108,0.37559,-0.4617,1.95161,0.14619,-0.47282,1.7152,0.13551,-0.59169,1.54663,0.13657,-0.64346,1.55655,0.35892,-0.23218,1.52043,0.12829,-0.16334,1.41967,0.07107,-0.40147,1.38606,0.04676,-0.57287,1.78061,-0.09365,-0.41769,1.67853,-0.46137,-0.54488,1.79925,-0.76922,-0.31263,1.78577,-0.98423,-0.37022,1.66814,-0.1016,-0.31704,1.55508,-0.48742,-0.33048,1.50735,-0.88648,-0.28861,1.33441,-1.00332,-0.36716
52.94,1.71039,-0.0101,-0.36991,1.71472,0.43397,-0.33248,1.63491,0.64481,-0.36329,1.85908,0.37588,-0.46947,1.94269,0.14755,-0.47964,1.70662,0.13724,-0.59923,1.53851,0.14016,-0.6524,1.5457,0.35946,-0.23835,1.50802,0.12876,-0.17062,1.40629,0.07599,-0.40936,1.37238,0.055,-0.58114,1.76776,-0.09293,-0.42623,1.6553,-0.45754,-0.55364,1.76341,-0.78502,-0.34305,1.73717,-0.99481,-0.41394,1.65735,-0.10145,-0.32337,1.54221,-0.48663,-0.33755,1.50899,-0.88629,-0.28808,1.33632,-1.00827,-0.35903
52.96,1.69852,-0.00969,-0.37671,1.70323,0.43438,-0.33929,1.62404,0.64534,-0.37084,1.84703,0.37622,-0.47684,1.93328,0.14885,-0.48673,1.69739,0.13893,-0.60669,1.52962,0.14342,-0.66083,1.53454,0.35995,-0.24451,1.49523,0.12924,-0.17775,1.39258,0.08032,-0.41692,1.35835,0.06212,-0.58896,1.75479,-0.09221,-0.43457,1.63211,-0.45335,-0.56242,1.72688,-0.79677,-0.37171,1.68869,-1.00054,-0.45385,1.64639,-0.10129,-0.32964,1.52953,-0.48592,-0.34452,1.5104,-0.88552,-0.28759,1.33897,-1.01244,-0.35261
52.98,1.68658,-0.00928,-0.38358,1.69168,0.43478,-0.34618,1.6131,0.64586,-0.37848,1.83489,0.37655,-0.48431,1.92385,0.15022,-0.49386,1.68814,0.1407,-0.6142,1.52074,0.1468,-0.66932,1.52333,0.36045,-0.25072,1.48239,0.12974,-0.18495,1.37887,0.08477,-0.42452,1.34436,0.06946,-0.59678,1.74171,-0.09148,-0.44297,1.60873,-0.44899,-0.57073,1.68834,-0.80668,-0.40042,1.63798,-1.00311,-0.49318,1.63538,-0.10114,-0.33599,1.51667,-0.48518,-0.3515,1.51228,-0.88422,-0.28796,1.34237,-1.01604,-0.34694
53,1.67474,-0.00887,-0.39042,1.68023,0.43519,-0.35305,1.60225,0.64637,-0.38611,1.82283,0.37688,-0.49177,1.91454,0.15163,-0.50095,1.67901,0.14251,-0.62166,1.512,0.15027,-0.67776,1.51224,0.36095,-0.25689,1.46966,0.13025,-0.19211,1.36534,0.0893,-0.43205,1.3306,0.07692,-0.6045,1.72869,-0.09075,-0.45131,1.58549,-0.44452,-0.57845,1.64832,-0.81451,-0.42862,1.58578,-1.00237,-0.53121,1.62447,-0.10098,-0.34233,1.50382,-0.48439,-0.35838,1.51459,-0.88238,-0.28929,1.34651,-1.01904,-0.34221
