T,J7,J8,J9,J10,J11,J12,J13,J14,J15,J16,J17,J18,J19,J20,J21,J22,J23,J24,J25,J26,J27,J28,J29,J30,J31,J32,J33,J34,J35,J36,J37,J38,J39,J40
0,2.75749,-1.13605,1.30502,-2.40931,-0.02997,0.0015,2.33539,0.2773,-0.16167,0.34788,0.05354,-0.05169,0.15324,1.42317,0.6806,-0.10872,1.15366,-0.43795,0.18427,0.03541,6.50251,-1.48319,-1.63218,17.19277,-16.57086,-1.10681,-1.33183,5.57458,-6.1265,-0.42164,21.43544,-16.96444,-3.88218,-3.96073
0.02,2.24964,-0.92406,1.28251,-2.36185,-0.03432,0.0018,2.06354,0.18961,-0.19176,0.28716,0.01049,-0.05437,0.1283,1.09516,0.76327,0.03949,1.19788,-0.50399,0.21822,0.01752,6.73317,-1.42641,-1.62007,17.28941,-16.56098,-1.10366,-1.29612,5.76311,-6.06395,-0.39877,21.51988,-16.95704,-3.85442,-3.92154
0.04,1.69675,-0.67142,1.19504,-2.31011,-0.03813,0.00249,1.83697,0.12919,-0.21103,0.24344,-0.02543,-0.05529,0.10282,0.89411,0.8207,0.17169,1.29195,-0.54943,0.24647,0.0101,6.97025,-1.36816,-1.60608,17.38882,-16.54995,-1.09737,-1.25728,5.95571,-6.00158,-0.37456,21.60763,-16.94711,-3.8243,-3.87943
0.06,1.08743,-0.39608,1.03244,-2.25447,-0.04156,0.00354,1.65919,0.09274,-0.22042,0.21795,-0.05468,-0.05403,0.07638,0.82048,0.84809,0.28399,1.43729,-0.57445,0.26716,0.01209,7.21345,-1.3058,-1.59009,17.49097,-16.53744,-1.08652,-1.21449,6.15149,-5.93662,-0.34891,21.69912,-16.93378,-3.79061,-3.83353
0.08,0.4073,-0.12473,0.79219,-2.19538,-0.04489,0.00485,1.53077,0.07368,-0.22115,0.21057,-0.07751,-0.05026,0.04885,0.86121,0.84315,0.36981,1.62545,-0.57972,0.27846,0.02105,7.46229,-1.23692,-1.57224,17.59574,-16.52331,-1.07048,-1.16749,6.34941,-5.86634,-0.3219,21.79455,-16.91668,-3.75276,-3.78355
0.1,-0.35146,0.10739,0.4859,-2.13345,-0.04844,0.0063,1.45134,0.06339,-0.21456,0.22081,-0.09353,-0.04366,0.02077,0.98993,0.80846,0.42131,1.83616,-0.56566,0.27854,0.03387,7.71569,-1.16035,-1.55282,17.70288,-16.50754,-1.04948,-1.1167,6.54869,-5.78911,-0.29374,21.89406,-16.89579,-3.71119,-3.72993
0.12,-1.1871,0.26347,0.13644,-2.06933,-0.05278,0.00775,1.41452,0.05207,-0.20255,0.24517,-0.10381,-0.03443,-0.00804,1.16815,0.74223,0.4355,2.04526,-0.53852,0.268,0.04431,7.97064,-1.07325,-1.53232,17.81101,-16.49064,-1.02366,-1.06241,6.74483,-5.70179,-0.26478,21.99573,-16.87175,-3.66558,-3.67283
0.14,-2.08556,0.31048,-0.21253,-2.00338,-0.05829,0.00903,1.41236,0.02974,-0.18673,0.28078,-0.10744,-0.0226,-0.03606,1.34206,0.65705,0.41031,2.21626,-0.50013,0.24713,0.04919,8.22655,-0.97634,-1.51134,17.92026,-16.47257,-0.99446,-1.00602,6.939,-5.60436,-0.23554,22.10034,-16.84493,-3.61764,-3.61377
0.16,-3.01654,0.23216,-0.5122,-1.93603,-0.06545,0.00997,1.43015,-0.01123,-0.16913,0.32173,-0.10512,-0.00878,-0.06236,1.45528,0.5606,0.35223,2.31963,-0.45701,0.21917,0.04485,8.48138,-0.86912,-1.49054,18.02982,-16.45364,-0.96296,-0.94862,7.1299,-5.49577,-0.20655,22.20721,-16.81603,-3.56827,-3.5538
0.18,-3.95775,0.01965,-0.73087,-1.86841,-0.07505,0.01038,1.44707,-0.0767,-0.15243,0.35633,-0.10253,0.00519,-0.08887,1.45443,0.43604,0.26543,2.33228,-0.44144,0.19395,0.01552,8.72582,-0.74512,-1.47055,18.13488,-16.43567,-0.9278,-0.88933,7.30165,-5.36974,-0.17804,22.30833,-16.78691,-3.51418,-3.49148
0.2,-4.81803,-0.26244,-0.80577,-1.79924,-0.08616,0.01028,1.45215,-0.15974,-0.13718,0.38882,-0.09133,0.02002,-0.10758,1.32095,0.34479,0.18281,2.26033,-0.40419,0.16532,-0.00436,8.97516,-0.62256,-1.45207,18.24457,-16.41518,-0.89575,-0.83429,7.4894,-5.24197,-0.15123,22.42062,-16.75534,-3.46661,-3.43432
0.22,-5.51698,-0.48953,-0.74441,-1.72577,-0.09743,0.00975,1.43704,-0.24284,-0.12387,0.42895,-0.06262,0.03624,-0.11101,1.11613,0.35606,0.148,2.17701,-0.25874,0.11815,0.03604,9.25092,-0.52153,-1.43617,18.37031,-16.38761,-0.87503,-0.79063,7.7414,-5.13003,-0.12764,22.56672,-16.71839,-3.43874,-3.39089
0.24,-6.11087,-0.69081,-0.61666,-1.65166,-0.1097,0.00862,1.39349,-0.32773,-0.11535,0.46166,-0.03161,0.04996,-0.1086,0.84661,0.39772,0.13476,2.07501,-0.10288,0.07321,0.0878,9.52706,-0.425,-1.42289,18.49859,-16.3582,-0.85819,-0.75265,8.00753,-5.01845,-0.10672,22.72154,-16.68034,-3.41785,-3.35394
0.26,-6.64351,-0.91533,-0.45012,-1.57946,-0.12371,0.00675,1.31024,-0.42517,-0.11396,0.47449,-0.00966,0.05889,-0.10744,0.48876,0.4183,0.12112,1.93283,-0.00265,0.04392,0.11572,9.78445,-0.31834,-1.41245,18.61896,-16.33089,-0.83925,-0.71573,8.25038,-4.89412,-0.08785,22.86615,-16.64425,-3.39335,-3.31743
0.28,-7.14689,-1.12858,-0.25145,-1.50559,-0.1388,0.00424,1.16725,-0.5438,-0.12137,0.46988,0.0075,0.06354,-0.10453,0.01558,0.46074,0.1111,1.75241,0.07444,0.02466,0.13864,10.03765,-0.20305,-1.40636,18.73585,-16.30309,-0.82217,-0.68258,8.50131,-4.75856,-0.07194,23.01441,-16.60812,-3.36933,-3.28388
0.3,-7.5244,-1.33788,-0.05235,-1.43969,-0.15372,0.00124,1.02566,-0.65652,-0.13226,0.4592,0.01949,0.06478,-0.10192,-0.43174,0.47276,0.09709,1.58351,0.11595,0.01434,0.14966,10.26271,-0.10043,-1.40193,18.84542,-16.27815,-0.8016,-0.65196,8.71558,-4.62939,-0.05831,23.14563,-16.57451,-3.34475,-3.2537
0.32,-7.72801,-1.55501,0.10027,-1.39245,-0.16746,-0.0021,0.95351,-0.73767,-0.14051,0.45385,0.02513,0.06358,-0.10249,-0.69819,0.41128,0.09035,1.477,0.10753,0.01284,0.13905,10.43746,-0.034,-1.39625,18.94658,-16.25938,-0.7714,-0.62213,8.84627,-4.52684,-0.04538,23.23832,-16.54608,-3.31714,-3.22707
0.34,-7.89635,-1.75226,0.21503,-1.35441,-0.18033,-0.00567,0.88954,-0.82174,-0.15146,0.44696,0.02759,0.06005,-0.1036,-0.9238,0.34871,0.08889,1.38435,0.07897,0.01717,0.1208,10.58421,0.01574,-1.39236,19.04003,-16.24338,-0.73615,-0.59433,8.94099,-4.43397,-0.03484,23.31313,-16.5196,-3.28765,-3.20313
0.36,-8.11966,-1.91284,0.3124,-1.31685,-0.19277,-0.00938,0.77276,-0.9336,-0.16951,0.42881,0.02876,0.05424,-0.10333,-1.23601,0.32805,0.08919,1.26949,0.04969,0.02466,0.10349,10.72565,0.06659,-1.393,19.12823,-16.22702,-0.69956,-0.56917,9.04299,-4.33637,-0.02757,23.38907,-16.49213,-3.25618,-3.18078
0.38,-8.41928,-2.03881,0.39354,-1.27943,-0.20492,-0.01313,0.59677,-1.06347,-0.19308,0.39661,0.02942,0.04691,-0.10174,-1.63378,0.32606,0.09351,1.13949,0.01718,0.03413,0.0841,10.88032,0.11029,-1.39854,19.22387,-16.2083,-0.66204,-0.54701,9.17121,-4.2452,-0.02075,23.47542,-16.46253,-3.22086,-3.16128
0.4,-8.66469,-2.14257,0.43522,-1.25206,-0.21512,-0.01658,0.43811,-1.20272,-0.21842,0.36798,0.03044,0.03865,-0.09962,-1.96906,0.35338,0.10444,1.02634,-0.01582,0.04283,0.06543,10.98357,0.14455,-1.40462,19.29252,-16.19498,-0.61477,-0.52401,9.23824,-4.15523,-0.01997,23.53044,-16.43458,-3.18323,-3.14011
0.42,-8.71158,-2.23724,0.41197,-1.24534,-0.22179,-0.01942,0.37904,-1.34168,-0.24116,0.35874,0.0325,0.03002,-0.09769,-2.07582,0.42939,0.12015,0.96226,-0.04687,0.04937,0.05098,10.9648,0.16792,-1.40684,19.29615,-16.19502,-0.54892,-0.4963,9.14642,-4.05876,-0.033,23.50779,-16.41242,-3.14749,-3.11284
0.44,-8.68961,-2.31929,0.35907,-1.24852,-0.22656,-0.02173,0.33772,-1.4812,-0.26357,0.35109,0.0363,0.02151,-0.09464,-2.11007,0.53067,0.13962,0.9147,-0.07661,0.05483,0.03777,10.89798,0.18056,-1.40896,19.27399,-16.19978,-0.47211,-0.46699,8.99418,-3.96922,-0.05135,23.45378,-16.39139,-3.10805,-3.08318
0.46,-8.72438,-2.37812,0.30462,-1.25127,-0.23076,-0.0236,0.2376,-1.61756,-0.28739,0.32683,0.04232,0.01363,-0.08924,-2.21676,0.6412,0.16435,0.85386,-0.10432,0.05947,0.02403,10.85048,0.18455,-1.41452,19.26072,-16.2015,-0.39156,-0.43879,8.87151,-3.89577,-0.06894,23.41168,-16.3669,-3.06168,-3.05454
0.48,-8.79388,-2.40108,0.24161,-1.25477,-0.23416,-0.02497,0.09,-1.72877,-0.30889,0.27924,0.05085,0.00696,-0.08117,-2.36555,0.76487,0.19503,0.78576,-0.13053,0.06329,0.01002,10.8185,0.17744,-1.42364,19.25407,-16.19972,-0.30816,-0.4116,8.76321,-3.8371,-0.09145,23.37641,-16.33859,-3.01683,-3.02822
0.5,-8.79787,-2.4497,0.16978,-1.2651,-0.23555,-0.02567,-0.04964,-1.83289,-0.33,0.23919,0.06149,0.00141,-0.0717,-2.47476,0.89174,0.2277,0.72483,-0.15515,0.06576,-0.00326,10.75235,0.16744,-1.43014,19.22807,-16.20214,-0.21063,-0.38089,8.62472,-3.79473,-0.11003,23.32271,-16.31025,-2.9525,-2.9956
0.52,-8.61342,-2.59154,0.09169,-1.2885,-0.23369,-0.02556,-0.12256,-1.95263,-0.35361,0.23937,0.07249,-0.00303,-0.06312,-2.4706,1.01155,0.25589,0.68279,-0.17584,0.06598,-0.01378,10.59955,0.16335,-1.42622,19.1558,-16.2177,-0.08379,-0.34092,8.41076,-3.77027,-0.11392,23.22504,-16.28541,-2.84335,-2.94689
0.54,-8.33238,-2.76534,0.01192,-1.31813,-0.22958,-0.02487,-0.17786,-2.0516,-0.37522,0.2447,0.08441,-0.00588,-0.05329,-2.4362,1.12748,0.28248,0.64468,-0.19442,0.06509,-0.0239,10.41505,0.16017,-1.41889,19.06564,-16.23567,0.05676,-0.29688,8.16995,-3.76143,-0.11466,23.11294,-16.25846,-2.71512,-2.89139
0.56,-8.06485,-2.9149,-0.06752,-1.34742,-0.22447,-0.02386,-0.26322,-2.09842,-0.38955,0.22722,0.0965,-0.00681,-0.04122,-2.44263,1.24398,0.31078,0.59793,-0.21049,0.0635,-0.03484,10.25281,0.15411,-1.41345,18.98536,-16.24775,0.19854,-0.25292,7.9506,-3.76554,-0.12112,23.01397,-16.2255,-2.58883,-2.83731
0.58,-7.77134,-3.04317,-0.14725,-1.37829,-0.21845,-0.02267,-0.36077,-2.0886,-0.39313,0.19397,0.10235,-0.00579,-0.03161,-2.46179,1.36567,0.33497,0.54452,-0.21463,0.05863,-0.04194,10.10115,0.14476,-1.40376,18.90991,-16.25971,0.35448,-0.20455,7.73203,-3.78161,-0.13027,22.91643,-16.18848,-2.45542,-2.78161
0.6,-7.46025,-3.19421,-0.21293,-1.41164,-0.21082,-0.02134,-0.44192,-2.05195,-0.39026,0.16658,0.10934,-0.00363,-0.01745,-2.48383,1.46246,0.35612,0.49333,-0.21982,0.05438,-0.05402,9.94032,0.14744,-1.39834,18.82674,-16.2641,0.50005,-0.15916,7.52116,-3.80373,-0.14207,22.82451,-16.1463,-2.31993,-2.72382
0.62,-7.15263,-3.42327,-0.25211,-1.44793,-0.20108,-0.01994,-0.47788,-2.02121,-0.38753,0.16904,0.12994,-8e-05,0.01234,-2.50062,1.48791,0.37894,0.45958,-0.24753,0.05799,-0.08431,9.75481,0.18395,-1.4089,18.72399,-16.25286,0.60398,-0.126,7.33341,-3.82038,-0.15859,22.7478,-16.09799,-2.1921,-2.66486
0.64,-6.83668,-3.66242,-0.27401,-1.48662,-0.19029,-0.01869,-0.48881,-1.96641,-0.37621,0.17899,0.1478,0.00496,0.04455,-2.52069,1.47503,0.39449,0.42817,-0.27341,0.06273,-0.11921,9.55984,0.2361,-1.42332,18.61221,-16.23679,0.69578,-0.09621,7.15346,-3.83479,-0.17828,22.67574,-16.04594,-2.06358,-2.60389
0.66,-6.51873,-3.85717,-0.28118,-1.52654,-0.17949,-0.01783,-0.49701,-1.86789,-0.35074,0.17968,0.15171,0.01077,0.06948,-2.55725,1.45285,0.3981,0.38506,-0.27988,0.06321,-0.14875,9.37342,0.29006,-1.43287,18.50425,-16.22273,0.79821,-0.06275,6.97357,-3.84753,-0.20099,22.60312,-15.99161,-1.93041,-2.54135
0.68,-6.21777,-4.05147,-0.26465,-1.56766,-0.16896,-0.01745,-0.49126,-1.74619,-0.31794,0.1888,0.15819,0.01855,0.09814,-2.60299,1.38435,0.39798,0.34088,-0.29576,0.06802,-0.18626,9.19583,0.36662,-1.44433,18.39946,-16.20695,0.89819,-0.02846,6.80349,-3.84085,-0.23146,22.53931,-15.93558,-1.80328,-2.48041
0.7,-5.91719,-4.17122,-0.23187,-1.61094,-0.15748,-0.0175,-0.46978,-1.6266,-0.27844,0.19041,0.14663,0.02323,0.11141,-2.67233,1.33219,0.38529,0.27249,-0.28431,0.06595,-0.21059,9.00036,0.4278,-1.45045,18.28549,-16.19364,1.00241,0.00572,6.61832,-3.84217,-0.25661,22.46131,-15.8776,-1.66336,-2.41369
0.72,-5.583,-4.13913,-0.18866,-1.6577,-0.14364,-0.01784,-0.42705,-1.53281,-0.23051,0.17046,0.08885,0.0187,0.0855,-2.76717,1.36916,0.3367,0.15626,-0.19069,0.03975,-0.19293,8.75223,0.42794,-1.44121,18.1466,-16.18839,1.12285,0.04015,6.37905,-3.88434,-0.25868,22.33736,-15.81495,-1.48115,-2.32843
0.74,-5.26496,-4.04531,-0.13084,-1.7066,-0.12907,-0.01865,-0.35776,-1.45104,-0.17905,0.15852,0.02464,0.0129,0.04786,-2.85934,1.40211,0.26061,0.02906,-0.08667,0.01014,-0.16341,8.48389,0.41269,-1.42765,17.99969,-16.18514,1.24524,0.07361,6.11255,-3.92715,-0.25492,22.19551,-15.74968,-1.29046,-2.23857
0.76,-4.98545,-3.97197,-0.05788,-1.75658,-0.11506,-0.02001,-0.25703,-1.37457,-0.12919,0.17638,-0.01877,0.01164,0.01756,-2.92009,1.36095,0.17282,-0.0739,-0.01971,-0.00656,-0.14307,8.21961,0.42005,-1.41773,17.85728,-16.18055,1.36087,0.10627,5.8425,-3.93534,-0.25731,22.0592,-15.68477,-1.11397,-2.15351
0.78,-4.69612,-3.92978,0.02575,-1.80905,-0.10081,-0.02169,-0.11488,-1.33029,-0.08223,0.22294,-0.05564,0.01212,-0.01671,-2.92767,1.27295,0.06195,-0.15219,0.03517,-0.01869,-0.11864,7.92828,0.44161,-1.4068,17.70265,-16.17916,1.47878,0.1408,5.53642,-3.91281,-0.25174,21.90748,-15.61576,-0.91983,-2.0564
0.8,-4.49018,-3.84627,0.10891,-1.86044,-0.08643,-0.02362,0.04357,-1.27065,-0.03418,0.29133,-0.07542,0.01811,-0.04525,-2.92767,1.13763,-0.05146,-0.20145,0.05915,-0.01799,-0.10172,7.66176,0.46141,-1.40012,17.56714,-16.17357,1.57956,0.16813,5.25323,-3.87358,-0.25681,21.77494,-15.55538,-0.7741,-1.98462
0.82,-4.45409,-3.6547,0.18641,-1.90674,-0.07195,-0.02567,0.19374,-1.15653,0.0145,0.37074,-0.06595,0.03165,-0.056,-2.97166,0.9541,-0.13726,-0.22563,0.03132,0.00503,-0.10588,7.47858,0.46453,-1.40514,17.486,-16.15565,1.63862,0.17745,5.06046,-3.83046,-0.29614,21.70066,-15.52372,-0.75684,-1.984
0.84,-4.46512,-3.43712,0.26468,-1.95054,-0.05588,-0.02732,0.35493,-1.0481,0.05945,0.46647,-0.04695,0.04693,-0.06257,-3.01431,0.75281,-0.21381,-0.23276,-0.0158,0.03664,-0.11551,7.3191,0.46436,-1.41414,17.42363,-16.135,1.67984,0.17928,4.88262,-3.77616,-0.34117,21.64042,-15.50585,-0.78693,-2.00911
0.86,-4.42182,-3.26021,0.34986,-1.99413,-0.037,-0.02805,0.54134,-0.98227,0.09926,0.58233,-0.03189,0.06094,-0.07371,-3.00689,0.55224,-0.29424,-0.21888,-0.05908,0.06617,-0.11986,7.13399,0.47613,-1.42217,17.3505,-16.11865,1.7217,0.18215,4.65938,-3.69927,-0.37207,21.56239,-15.48822,-0.80029,-2.02349
0.88,-4.31506,-3.10508,0.44693,-2.03697,-0.01472,-0.02753,0.75493,-0.9546,0.13036,0.70537,-0.01814,0.07363,-0.08518,-2.937,0.35851,-0.3655,-0.17656,-0.10182,0.09386,-0.12146,6.92307,0.499,-1.4351,17.26774,-16.10403,1.7524,0.18157,4.36678,-3.59855,-0.4025,21.45944,-15.47946,-0.82587,-2.04258
0.9,-4.21372,-2.89815,0.54651,-2.074,0.01244,-0.02527,0.94144,-0.88624,0.17394,0.84302,-0.00641,0.08921,-0.09689,-2.8804,0.1985,-0.42786,-0.12897,-0.14472,0.12071,-0.12255,6.74453,0.5161,-1.44271,17.2048,-16.09039,1.78524,0.18106,4.11307,-3.50822,-0.41646,21.37891,-15.4694,-0.85093,-2.06224
0.92,-4.19269,-2.55754,0.63576,-2.10084,0.04562,-0.02084,1.03053,-0.69233,0.25402,0.99677,0.00245,0.11189,-0.10911,-2.91261,0.10145,-0.48154,-0.10004,-0.18617,0.14647,-0.12417,6.66001,0.50623,-1.43148,17.19332,-16.07751,1.83888,0.18613,4.03043,-3.46556,-0.39414,21.37928,-15.44424,-0.85331,-2.07336
0.94,-4.16002,-2.15209,0.72199,-2.12005,0.08443,-0.01413,1.05949,-0.44545,0.35146,1.15532,0.00833,0.13779,-0.12065,-2.9574,0.0539,-0.52042,-0.06606,-0.22323,0.16824,-0.12426,6.61077,0.48854,-1.41411,17.20151,-16.06493,1.89522,0.19201,3.99683,-3.44035,-0.3574,21.40852,-15.41632,-0.85367,-2.08382
0.96,-4.03129,-1.75118,0.814,-2.13502,0.12788,-0.0052,1.07498,-0.22082,0.44412,1.30422,0.01063,0.16292,-0.13081,-2.93946,0.04478,-0.53971,-0.00545,-0.25041,0.18213,-0.11997,6.54473,0.4796,-1.39983,17.2011,-16.05338,1.94195,0.19594,3.90468,-3.40682,-0.32204,21.41897,-15.39467,-0.8627,-2.09664
0.98,-3.82517,-1.32707,0.90811,-2.14843,0.17417,0.00577,1.06932,-0.01904,0.53018,1.41713,0.01021,0.18678,-0.1381,-2.84856,0.0861,-0.5308,0.07843,-0.25923,0.18331,-0.10912,6.47092,0.46734,-1.38106,17.19859,-16.04382,1.98938,0.2012,3.78878,-3.37777,-0.28077,21.4217,-15.37489,-0.86919,-2.10677
1,-3.57048,-0.9584,0.96412,-2.14841,0.22357,0.01859,1.02046,0.13908,0.6104,1.56067,0.00615,0.20921,-0.14583,-2.78706,0.13709,-0.526,0.16635,-0.26361,0.18311,-0.09861,6.42989,0.47176,-1.36379,17.20711,-16.03217,2.02565,0.20515,3.68387,-3.35482,-0.23898,21.44003,-15.35673,-0.8881,-2.1211
1.02,-3.31758,-0.74704,0.91791,-2.1212,0.27728,0.03312,0.92412,0.1788,0.67327,1.80239,-0.00297,0.22572,-0.15859,-2.86433,0.12809,-0.57285,0.24324,-0.28565,0.19773,-0.09792,6.47887,0.50246,-1.35482,17.2444,-16.01371,2.03559,0.20367,3.63211,-3.35323,-0.20316,21.5038,-15.34078,-0.94323,-2.15188
1.04,-3.04293,-0.65385,0.82199,-2.08101,0.32834,0.04828,0.85864,0.05956,0.68437,2.04837,-0.01555,0.23106,-0.1725,-2.97358,0.06222,-0.64779,0.31812,-0.30052,0.20953,-0.09855,6.56507,0.55229,-1.34537,17.29412,-15.99262,2.03774,0.20338,3.5983,-3.35886,-0.16828,21.58387,-15.32409,-1.00662,-2.18372
1.06,-2.738,-0.60269,0.74433,-2.04137,0.3716,0.063,0.87451,-0.17996,0.63308,2.23181,-0.02883,0.22521,-0.18251,-3.03166,-0.01524,-0.7161,0.39182,-0.2931,0.20611,-0.09643,6.65055,0.60775,-1.32841,17.34377,-15.97193,2.04662,0.20923,3.56114,-3.36692,-0.13098,21.65968,-15.305,-1.05932,-2.20668
1.08,-2.51115,-0.51606,0.68389,-1.99865,0.41118,0.07735,0.9661,-0.49563,0.53999,2.36682,-0.04022,0.20827,-0.18751,-3.11009,-0.08134,-0.78804,0.44113,-0.29868,0.20428,-0.10529,6.79847,0.6187,-1.30112,17.41165,-15.94948,2.05883,0.2183,3.58331,-3.43901,-0.09046,21.76562,-15.28354,-1.12579,-2.23721
1.1,-2.24868,-0.54042,0.64211,-1.95623,0.43007,0.08851,1.1124,-0.83328,0.40642,2.45974,-0.0518,0.18734,-0.18941,-3.15524,-0.15133,-0.84949,0.48084,-0.27865,0.18347,-0.10911,6.89121,0.72427,-1.27571,17.46428,-15.92574,2.08189,0.24035,3.56678,-3.42486,-0.05608,21.84213,-15.25477,-1.14803,-2.23424
1.12,-1.82649,-0.89649,0.60016,-1.92381,0.40702,0.09308,1.26524,-1.12826,0.22037,2.52106,-0.06731,0.17108,-0.19254,-3.07607,-0.27051,-0.88863,0.54461,-0.16981,0.11773,-0.07846,6.8074,1.09437,-1.2678,17.47657,-15.89925,2.12312,0.28628,3.42585,-3.14309,-0.03674,21.83582,-15.21077,-1.05714,-2.14972
1.14,-1.45996,-1.37707,0.56542,-1.89583,0.35881,0.09308,1.38323,-1.32401,0.04674,2.54,-0.08071,0.15807,-0.19276,-2.97439,-0.39146,-0.92213,0.59545,-0.05853,0.05007,-0.03959,6.67062,1.55275,-1.26359,17.47403,-15.87075,2.18222,0.34802,3.24929,-2.77893,-0.02481,21.80157,-15.15462,-0.91709,-2.02938
1.16,-1.31254,-1.81033,0.54052,-1.86921,0.30152,0.0905,1.44843,-1.39917,-0.04746,2.51518,-0.0873,0.14722,-0.18675,-2.93282,-0.47069,-0.96337,0.61161,0.00178,0.00762,-0.01388,6.59059,1.95331,-1.25079,17.4849,-15.83984,2.25879,0.41867,3.13826,-2.48153,-0.01192,21.79513,-15.08903,-0.77913,-1.91058
1.18,-1.37924,-2.26824,0.52188,-1.85711,0.2307,0.08433,1.44691,-1.34916,-0.04969,2.47699,-0.08998,0.14168,-0.17886,-2.96912,-0.53147,-1.02173,0.58964,0.04168,-0.0236,0.0096,6.60108,2.35779,-1.23709,17.55243,-15.79867,2.34992,0.50024,3.17961,-2.19017,0.00474,21.86584,-15.00391,-0.62313,-1.78033
1.2,-1.48537,-2.81395,0.4797,-1.82264,0.14867,0.0753,1.37382,-1.19849,0.03926,2.4195,-0.08717,0.14195,-0.16672,-3.02243,-0.53845,-1.06962,0.5526,0.043,-0.03721,0.0208,6.48655,2.73973,-1.21982,17.52943,-15.7676,2.47789,0.59886,3.04631,-1.90019,0.0099,21.83017,-14.91457,-0.44085,-1.63125
1.22,-1.41689,-3.468,0.38061,-1.7214,0.06095,0.06461,1.25801,-0.99574,0.17181,2.33609,-0.07822,0.14576,-0.14914,-3.02594,-0.4664,-1.07429,0.52964,-0.01365,-0.02336,0.01036,5.99724,3.05955,-1.19541,17.24123,-15.76919,2.66385,0.71797,2.36834,-1.61786,-0.01618,21.47858,-14.83922,-0.22742,-1.45853
1.24,-1.29291,-4.17489,0.24714,-1.59254,-0.02909,0.05192,1.12474,-0.75899,0.33165,2.26716,-0.06798,0.15189,-0.13317,-3.0668,-0.35547,-1.07069,0.48691,-0.09049,0.0003,-0.01168,5.37192,3.3515,-1.16974,16.86117,-15.77765,2.89038,0.85231,1.51833,-1.33378,-0.05621,21.02435,-14.75529,0.01326,-1.26908
1.26,-1.23327,-4.89023,0.09817,-1.46918,-0.11719,0.03742,0.98093,-0.48619,0.53077,2.24304,-0.05945,0.15975,-0.12294,-3.21081,-0.23929,-1.09047,0.40289,-0.15746,0.0208,-0.036,4.8217,3.63663,-1.14765,16.53635,-15.77238,3.13888,0.9966,0.81964,-1.05259,-0.09358,20.65217,-14.64572,0.27153,-1.07194
1.28,-1.16887,-5.60255,-0.0644,-1.33758,-0.19913,0.02198,0.83172,-0.16576,0.75193,2.26631,-0.05351,0.16831,-0.11817,-3.42691,-0.14731,-1.12277,0.30052,-0.20683,0.04018,-0.05704,4.26719,3.92583,-1.13401,16.20939,-15.76025,3.39964,1.14558,0.17943,-0.76885,-0.13207,20.30813,-14.51486,0.54757,-0.86601
1.3,-0.97779,-6.35245,-0.24183,-1.19423,-0.27563,0.0059,0.69331,0.11414,0.97101,2.31565,-0.04922,0.17601,-0.11762,-3.66629,-0.06005,-1.18051,0.1892,-0.25214,0.05924,-0.08573,3.70017,4.1749,-1.11761,15.88768,-15.73811,3.7103,1.31158,-0.49556,-0.49546,-0.17883,19.95038,-14.36553,0.84091,-0.6541
1.32,-0.55704,-7.14981,-0.43186,-1.03763,-0.34777,-0.01058,0.57687,0.26378,1.17319,2.36521,-0.04553,0.18202,-0.12051,-3.87534,0.04388,-1.29471,0.0791,-0.31818,0.08435,-0.1379,3.14125,4.322,-1.08448,15.60454,-15.69157,4.11408,1.50873,-1.28529,-0.25673,-0.24082,19.54224,-14.202,1.14544,-0.4436
1.34,0.04209,-7.90541,-0.61561,-0.86712,-0.4096,-0.02635,0.46531,0.37437,1.36749,2.43073,-0.04445,0.18685,-0.12732,-4.08321,0.11078,-1.44741,-0.01976,-0.37281,0.11312,-0.18924,2.58397,4.42317,-1.05009,15.34283,-15.61764,4.55586,1.71554,-2.10925,-0.04699,-0.3084,19.11874,-14.01984,1.45693,-0.23582
1.36,0.75414,-8.57988,-0.78283,-0.68647,-0.45784,-0.04065,0.34527,0.51545,1.56733,2.52772,-0.0472,0.19123,-0.13783,-4.31604,0.11533,-1.61653,-0.10638,-0.39229,0.13778,-0.22321,2.04544,4.53259,-1.02649,15.09793,-15.52035,4.98857,1.91468,-2.87259,0.1486,-0.37526,18.72739,-13.81559,1.76852,-0.03229
1.38,1.57812,-9.19218,-0.93214,-0.49531,-0.49451,-0.05332,0.21763,0.65515,1.78474,2.64388,-0.05243,0.19622,-0.15046,-4.53842,0.08523,-1.82579,-0.17794,-0.41853,0.16403,-0.25711,1.54919,4.62414,-1.00661,14.88851,-15.3933,5.42475,2.10968,-3.61495,0.32748,-0.44886,18.34303,-13.60168,2.06395,0.15698
1.4,2.6359,-9.70666,-1.07689,-0.29408,-0.51828,-0.06385,0.08724,0.78564,1.97837,2.76189,-0.05956,0.19993,-0.16422,-4.73823,0.05296,-1.98881,-0.23418,-0.40241,0.17302,-0.26852,1.04111,4.72435,-0.99399,14.67818,-15.24253,5.84397,2.29136,-4.33844,0.48128,-0.51872,17.98,-13.35485,2.36245,0.34292
1.42,4.04613,-10.09194,-1.21976,-0.08308,-0.527,-0.07173,-0.03462,0.90369,2.08945,2.86511,-0.06779,0.20011,-0.17847,-4.9281,0.02643,-2.00225,-0.28526,-0.26831,0.14818,-0.23434,0.45195,4.87283,-0.99382,14.42025,-15.0795,6.22557,2.4512,-5.04031,0.60779,-0.57465,17.67124,-13.03498,2.68843,0.54227
1.44,5.65455,-10.363,-1.33296,0.13363,-0.5243,-0.07724,-0.15145,1.00498,2.16682,2.95881,-0.07588,0.2002,-0.19221,-5.11449,-0.01396,-1.97156,-0.3359,-0.1237,0.11542,-0.19182,-0.14693,5.03745,-0.99965,14.15754,-14.89873,6.5772,2.59198,-5.74435,0.72121,-0.6328,17.38467,-12.67957,2.99651,0.73065
1.46,7.32086,-10.55601,-1.40336,0.35305,-0.51415,-0.08077,-0.26938,1.09054,2.25511,3.0509,-0.08321,0.20256,-0.20487,-5.27907,-0.10484,-1.981,-0.36704,-0.03434,0.09505,-0.1619,-0.70023,5.19339,-1.00586,13.92464,-14.69505,6.90338,2.71582,-6.45763,0.83215,-0.70125,17.09474,-12.32375,3.25768,0.89123
1.48,9.06754,-10.69464,-1.42993,0.57842,-0.49726,-0.08237,-0.38243,1.15106,2.33432,3.13638,-0.08924,0.20561,-0.2166,-5.41059,-0.26089,-1.99266,-0.37043,0.03351,0.0786,-0.12985,-1.2473,5.34891,-1.01041,13.70618,-14.46679,7.2086,2.82539,-7.20476,0.93374,-0.77239,16.81198,-11.9408,3.49178,1.03699
1.5,10.86101,-10.70674,-1.43038,0.79326,-0.47558,-0.08228,-0.49352,1.20178,2.40911,3.21017,-0.09408,0.21015,-0.22634,-5.50718,-0.44434,-2.0222,-0.34722,0.05892,0.07315,-0.10661,-1.75807,5.49911,-1.01774,13.49544,-14.23884,7.45812,2.90555,-7.94615,1.03753,-0.84981,16.5133,-11.59224,3.66291,1.14541
1.52,12.6768,-10.52221,-1.42315,0.97963,-0.45193,-0.08094,-0.60865,1.26409,2.49137,3.26803,-0.09823,0.21753,-0.2327,-5.59084,-0.58866,-2.08853,-0.31451,0.01861,0.08724,-0.10671,-2.20874,5.63876,-1.03235,13.27715,-14.04508,7.61889,2.94138,-8.64399,1.1646,-0.93629,16.15406,-11.35964,3.74068,1.19411
1.54,14.49088,-10.24507,-1.40058,1.15078,-0.42738,-0.07856,-0.72061,1.31911,2.56992,3.31331,-0.10107,0.22557,-0.23711,-5.65342,-0.7067,-2.15571,-0.27696,-0.04781,0.10706,-0.11461,-2.64669,5.76682,-1.04586,13.0521,-13.86731,7.73107,2.95216,-9.3457,1.2942,-1.01876,15.76313,-11.17714,3.77388,1.2136
1.56,16.28419,-9.96576,-1.36033,1.31876,-0.4029,-0.07535,-0.82595,1.35225,2.64105,3.35043,-0.10236,0.23282,-0.24072,-5.68245,-0.81681,-2.20068,-0.23374,-0.11079,0.12272,-0.11947,-3.11252,5.8811,-1.05266,12.82299,-13.68689,7.82725,2.9537,-10.10126,1.4109,-1.09254,15.36157,-10.99067,3.79551,1.22642
1.58,18.1055,-9.67254,-1.30734,1.4815,-0.38023,-0.07165,-0.93102,1.37377,2.71309,3.37798,-0.10308,0.24007,-0.24242,-5.69786,-0.90122,-2.21938,-0.19431,-0.16506,0.13152,-0.12271,-3.65025,5.98344,-1.05611,12.56178,-13.51526,7.9032,2.94282,-10.97944,1.5292,-1.16554,14.8886,-10.83023,3.79974,1.2274
1.6,19.74817,-9.36895,-1.24809,1.62563,-0.35895,-0.06755,-1.0256,1.38209,2.77164,3.39751,-0.10243,0.24557,-0.24422,-5.70389,-0.95557,-2.24329,-0.16436,-0.2217,0.14142,-0.12993,-4.14555,6.06259,-1.05404,12.32057,-13.35984,7.95289,2.92212,-11.7714,1.62128,-1.2202,14.47415,-10.68186,3.78915,1.21983
1.62,20.98689,-9.06284,-1.18665,1.73875,-0.33855,-0.06314,-1.09807,1.37425,2.79913,3.41133,-0.09932,0.24739,-0.2488,-5.69437,-0.98997,-2.3146,-0.14083,-0.2962,0.16236,-0.14662,-4.46915,6.11397,-1.0461,12.15601,-13.22933,7.97054,2.8951,-12.23886,1.65809,-1.23997,14.27481,-10.52224,3.76866,1.20988
1.64,22.02043,-8.76367,-1.11392,1.83258,-0.32033,-0.05866,-1.16014,1.3566,2.81322,3.41856,-0.09585,0.24719,-0.25354,-5.67744,-1.02558,-2.40383,-0.11652,-0.36089,0.18093,-0.16318,-4.75549,6.14649,-1.03593,12.00825,-13.11963,7.9728,2.86416,-12.61378,1.67354,-1.24626,14.14082,-10.37479,3.7428,1.19746
1.66,23.02591,-8.48372,-1.023,1.91938,-0.30503,-0.05421,-1.22171,1.33246,2.82781,3.41816,-0.09351,0.2464,-0.25631,-5.6753,-1.06783,-2.48584,-0.09611,-0.39525,0.18952,-0.17332,-5.12282,6.16785,-1.02651,11.82463,-13.02597,7.9736,2.83088,-13.10324,1.69407,-1.25635,13.94384,-10.25276,3.7181,1.18399
1.68,23.98327,-8.21561,-0.91363,2.00064,-0.29267,-0.04983,-1.28246,1.30302,2.83664,3.40913,-0.09152,0.24509,-0.25819,-5.7088,-1.10412,-2.58632,-0.09296,-0.41575,0.19681,-0.18287,-5.56168,6.19146,-1.02322,11.59664,-12.96099,7.96527,2.79194,-13.6809,1.71594,-1.26914,13.70805,-10.14712,3.69923,1.1728
1.7,24.75163,-7.95029,-0.79488,2.0619,-0.27971,-0.04515,-1.32873,1.25942,2.83586,3.39342,-0.09042,0.24171,-0.25822,-5.76358,-1.12803,-2.6772,-0.10178,-0.40902,0.19575,-0.18751,-5.96057,6.17727,-1.01404,11.4059,-12.89603,7.96801,2.76072,-14.19297,1.72728,-1.27357,13.50607,-10.06244,3.68147,1.16032
1.72,25.19792,-7.67921,-0.6858,2.08904,-0.26164,-0.03965,-1.34586,1.1907,2.82298,3.37365,-0.09085,0.23438,-0.25511,-5.80261,-1.12691,-2.71821,-0.1079,-0.35728,0.17664,-0.183,-6.20031,6.07802,-0.98506,11.34233,-12.79433,8.00615,2.75337,-14.47995,1.7176,-1.25802,13.41078,-10.00525,3.65913,1.14216
1.74,25.48071,-7.39839,-0.58386,2.0994,-0.24069,-0.0335,-1.34419,1.10455,2.79565,3.3451,-0.09159,0.22498,-0.25,-5.84261,-1.0817,-2.73242,-0.12874,-0.2881,0.15192,-0.17703,-6.39155,5.94511,-0.95248,11.3175,-12.68861,8.0573,2.75471,-14.69399,1.69904,-1.23484,13.35337,-9.96396,3.64107,1.12405
1.76,25.75892,-7.11319,-0.47874,2.10984,-0.21985,-0.02691,-1.33372,1.00761,2.75385,3.3033,-0.09167,0.21501,-0.24354,-5.90412,-0.98535,-2.74598,-0.17648,-0.22465,0.13121,-0.17553,-6.63754,5.82489,-0.92887,11.25395,-12.60456,8.10593,2.75289,-14.98284,1.6868,-1.216,13.26287,-9.93001,3.63405,1.11025
1.78,26.03744,-6.82442,-0.36466,2.12192,-0.19899,-0.01975,-1.31114,0.89508,2.69764,3.24844,-0.0909,0.20335,-0.23515,-5.97792,-0.84045,-2.77628,-0.23866,-0.1725,0.11066,-0.18218,-6.91593,5.709,-0.90855,11.17052,-12.52583,8.1635,2.7538,-15.30496,1.68684,-1.19962,13.1565,-9.9052,3.6357,1.09893
1.8,26.22303,-6.52476,-0.23593,2.12507,-0.17498,-0.01156,-1.26317,0.76896,2.61627,3.17801,-0.08997,0.18994,-0.22509,-6.04458,-0.68017,-2.75608,-0.31564,-0.1171,0.09298,-0.18357,-7.15831,5.5941,-0.89143,11.10633,-12.45585,8.2223,2.7562,-15.59561,1.67654,-1.17868,13.07376,-9.87826,3.64592,1.09101
1.82,26.21922,-6.19243,-0.0834,2.10864,-0.14317,-0.00172,-1.17794,0.63516,2.50214,3.0893,-0.08966,0.17504,-0.21382,-6.09823,-0.54559,-2.60214,-0.41291,-0.03974,0.0803,-0.16174,-7.29221,5.4781,-0.87806,11.10217,-12.40259,8.27125,2.75739,-15.794,1.62934,-1.14605,13.05454,-9.83611,3.66483,1.08795
1.84,26.16338,-5.83541,0.11283,2.08906,-0.10753,0.0095,-1.06328,0.49056,2.36036,2.98471,-0.08924,0.15758,-0.20109,-6.15225,-0.4288,-2.41451,-0.51391,0.0306,0.0676,-0.13437,-7.3744,5.37015,-0.86582,11.12533,-12.35148,8.32301,2.76055,-15.95292,1.57495,-1.10884,13.06403,-9.7845,3.69077,1.08792
1.86,26.18521,-5.47719,0.36493,2.08168,-0.07273,0.02172,-0.92834,0.33778,2.20037,2.86716,-0.08805,0.13707,-0.18686,-6.2018,-0.32851,-2.26429,-0.59885,0.07458,0.05456,-0.11388,-7.4631,5.28123,-0.85399,11.14101,-12.29255,8.38572,2.76667,-16.12808,1.5397,-1.0737,13.06801,-9.72745,3.72254,1.08951
1.88,26.27088,-5.11116,0.67469,2.08568,-0.03689,0.03525,-0.77452,0.19001,2.03354,2.73809,-0.08622,0.11394,-0.17162,-6.2378,-0.27782,-2.10607,-0.66037,0.10971,0.04188,-0.08366,-7.53307,5.20752,-0.84214,11.16517,-12.22753,8.45423,2.77401,-16.29286,1.51487,-1.03778,13.0847,-9.65995,3.75887,1.09278
1.9,26.3949,-4.76943,1.04149,2.09559,-0.00374,0.04964,-0.58288,0.03369,1.82387,2.60541,-0.08529,0.08741,-0.15692,-6.21104,-0.24439,-1.97436,-0.68908,0.12318,0.02994,-0.06256,-7.56443,5.15281,-0.83044,11.20655,-12.14616,8.53248,2.78471,-16.44522,1.50387,-1.00109,13.10935,-9.57735,3.79818,1.09644
1.92,26.52441,-4.48267,1.46236,2.10595,0.02281,0.06438,-0.33667,-0.14075,1.54635,2.48192,-0.08704,0.05709,-0.14468,-6.07807,-0.17599,-1.91935,-0.68448,0.09611,0.01959,-0.08033,-7.547,5.12243,-0.819,11.26801,-12.03653,8.62525,2.801,-16.5795,1.50893,-0.96354,13.13865,-9.47552,3.83848,1.09876
1.94,26.68451,-4.23343,1.92979,2.12075,0.04616,0.0797,-0.05022,-0.31186,1.22955,2.37185,-0.09102,0.02385,-0.13624,-5.88216,-0.11516,-1.88018,-0.65393,0.05588,0.01073,-0.1072,-7.48326,5.11085,-0.80804,11.35181,-11.90534,8.72554,2.81928,-16.69918,1.5316,-0.92652,13.17587,-9.35519,3.87903,1.10017
1.96,26.90256,-4.00975,2.42997,2.1448,0.0687,0.09561,0.25728,-0.45849,0.9086,2.28415,-0.09682,-0.01078,-0.13289,-5.65934,-0.10355,-1.82046,-0.59807,0.02365,0.00405,-0.11959,-7.38574,5.11244,-0.79745,11.45329,-11.75888,8.82826,2.83645,-16.80431,1.56957,-0.89105,13.22438,-9.21888,3.91906,1.10058
1.98,27.14747,-3.79909,2.94715,2.1777,0.09038,0.11168,0.56936,-0.55816,0.62613,2.23701,-0.10479,-0.04393,-0.13565,-5.40329,-0.13428,-1.78455,-0.51537,-0.00632,-0.00158,-0.13291,-7.26772,5.12667,-0.78637,11.56542,-11.59413,8.9343,2.85232,-16.85582,1.60542,-0.8541,13.30586,-9.06577,3.95676,1.09876
2,27.37378,-3.68087,3.45149,2.20173,0.10927,0.12703,0.93951,-0.67593,0.24299,2.2332,-0.11817,-0.08061,-0.15023,-5.12665,-0.18251,-1.70342,-0.42201,-0.03234,-0.0034,-0.13325,-7.07823,5.15765,-0.78034,11.71371,-11.41282,9.04151,2.86752,-16.95309,1.68532,-0.8302,13.35406,-8.89756,3.99469,1.09565
2.02,27.55589,-3.76088,3.90901,2.19784,0.12602,0.14088,1.42291,-0.8921,-0.35986,2.28252,-0.14054,-0.12668,-0.1835,-4.85403,-0.22323,-1.50324,-0.33925,-0.05042,0.00244,-0.10101,-6.76306,5.19486,-0.78391,11.92072,-11.22291,9.14557,2.88094,-17.1993,1.84606,-0.83157,13.29191,-8.72309,4.03435,1.09014
2.04,27.6877,-4.01319,4.28834,2.17356,0.14302,0.1528,1.94679,-1.12998,-0.98683,2.40035,-0.16825,-0.17222,-0.23183,-4.58175,-0.25259,-1.2797,-0.25685,-0.06352,0.0113,-0.0594,-6.38305,5.24514,-0.79546,12.15992,-11.02277,9.2495,2.89325,-17.49209,2.04709,-0.85066,13.18978,-8.5394,4.07404,1.08221
2.06,27.73859,-4.36869,4.55333,2.13738,0.16327,0.16245,2.42641,-1.31009,-1.49852,2.59469,-0.19751,-0.20756,-0.29042,-4.31963,-0.27258,-1.09367,-0.17241,-0.07302,0.0187,-0.02537,-6.0008,5.30534,-0.81225,12.40034,-10.81657,9.35338,2.90293,-17.73661,2.23594,-0.87835,13.10663,-8.35052,4.11215,1.07103
2.08,27.66554,-4.79572,4.67217,2.08805,0.19289,0.16972,2.82205,-1.43837,-1.89913,2.87286,-0.22788,-0.23307,-0.35947,-4.10795,-0.29345,-0.93258,-0.10921,-0.07664,0.02461,0.009,-5.62905,5.32515,-0.82963,12.61992,-10.62616,9.44923,2.90304,-17.91174,2.35118,-0.90279,13.027,-8.18323,4.14698,1.05094
2.1,27.44836,-5.47952,4.59055,1.99937,0.21947,0.17247,3.1528,-1.52574,-2.19451,3.17957,-0.25591,-0.23981,-0.43315,-3.89766,-0.18536,-0.75549,-0.05495,-0.07859,0.02679,0.03367,-5.22673,5.42038,-0.8677,12.87768,-10.41941,9.55321,2.91226,-18.16299,2.55586,-0.97014,12.91933,-7.99076,4.18852,1.03787
2.12,27.05964,-6.574,4.30793,1.84598,0.22854,0.16847,3.31362,-1.51632,-2.236,3.41131,-0.27291,-0.20431,-0.49222,-3.65608,0.20953,-0.52042,0.00196,-0.08484,0.02388,0.03387,-4.77581,5.71739,-0.94826,13.22707,-10.15987,9.68064,2.94931,-18.67829,3.02302,-1.13068,12.72294,-7.7236,4.24296,1.04676
2.14,26.35653,-7.65625,3.92064,1.65302,0.23495,0.15931,3.09711,-1.23797,-1.87291,3.52578,-0.27207,-0.12415,-0.52273,-3.44569,0.77974,-0.25811,0.0355,-0.08897,0.01459,0.02155,-4.33407,6.04492,-1.04584,13.59725,-9.89766,9.80908,2.99309,-19.26959,3.51993,-1.32754,12.49575,-7.44488,4.29692,1.05868
2.16,25.24896,-8.33537,3.50598,1.4477,0.25034,0.14656,2.52073,-0.59847,-1.1798,3.51242,-0.25382,-0.01495,-0.52327,-3.30067,1.41235,0.00114,0.03151,-0.08668,-0.00133,0.00703,-3.97244,6.27789,-1.13924,13.91473,-9.68044,9.92431,3.02834,-19.79222,3.8618,-1.51233,12.26866,-7.21328,4.34826,1.0629
2.18,23.7393,-8.51089,3.14576,1.23748,0.27074,0.13026,1.70661,0.40306,-0.27446,3.34858,-0.22134,0.11581,-0.49028,-3.22941,2.13158,0.26751,-0.01224,-0.08533,-0.01847,-0.01674,-3.77867,6.46963,-1.23469,14.13853,-9.51822,10.03286,3.05896,-20.38154,4.0952,-1.6957,11.92571,-7.04466,4.41,1.06686
2.2,21.8596,-8.03924,3.06483,1.00414,0.28373,0.10951,0.84114,1.85278,0.78771,2.95821,-0.16679,0.25797,-0.42102,-3.08079,2.92244,0.55911,-0.03233,-0.07608,-0.04718,-0.03738,-3.53595,6.55816,-1.32311,14.40931,-9.37134,10.13477,3.09934,-20.83444,4.22804,-1.87794,11.73036,-6.86775,4.46471,1.07484
2.22,19.6728,-6.86335,3.9146,0.7262,0.27031,0.08289,0.31586,3.8828,1.92311,2.26205,-0.07962,0.39982,-0.31861,-2.69977,3.72052,0.88134,0.04977,-0.0451,-0.10039,-0.0355,-2.98948,6.45792,-1.39375,14.88963,-9.1934,10.22773,3.16441,-20.96668,4.26123,-2.06319,11.96613,-6.59671,4.4857,1.08884
2.24,17.80234,-5.70068,5.64514,0.44295,0.23574,0.05269,0.61639,5.83111,2.69182,1.56143,0.00817,0.51075,-0.22954,-2.20963,4.41759,1.18519,0.19577,-0.0075,-0.15773,-0.02074,-2.41173,6.22637,-1.44876,15.41025,-9.03603,10.31275,3.24275,-20.96218,4.20268,-2.24178,12.35411,-6.3236,4.49682,1.10943
2.26,16.83082,-5.32571,7.32588,0.18699,0.1867,0.02137,1.60884,6.86624,2.8575,1.07729,0.07183,0.56651,-0.18727,-1.71583,4.96356,1.43556,0.35905,0.02373,-0.20264,-0.0043,-2.02372,5.93536,-1.49151,15.82424,-8.94576,10.39131,3.32404,-20.99585,4.07613,-2.40578,12.64559,-6.12543,4.52451,1.13975
2.28,16.90034,-6.08192,8.49545,-0.05161,0.10903,-0.01156,3.00999,6.78652,2.47179,0.69568,0.11918,0.56205,-0.19467,-1.1893,5.36174,1.63636,0.54967,0.05173,-0.23799,0.0173,-1.74999,5.60668,-1.52765,16.16994,-8.91148,10.46406,3.41262,-21.25605,3.94184,-2.57822,12.79387,-5.96601,4.56325,1.18286
2.3,17.63438,-7.4775,8.32618,-0.271,0.0314,-0.04169,3.94692,5.71602,1.79111,0.45064,0.13706,0.50275,-0.23062,-0.60069,5.54622,1.75417,0.77695,0.07506,-0.25954,0.04469,-1.51437,5.20587,-1.53837,16.50441,-8.90863,10.5197,3.50751,-21.09812,3.81689,-2.71265,13.163,-5.85964,4.60255,1.23377
2.32,18.15546,-8.41719,7.28042,-0.47423,-0.01017,-0.06404,4.03434,4.52759,1.29217,0.43942,0.12352,0.43649,-0.24719,0.0522,5.44545,1.75551,1.04036,0.09172,-0.26331,0.07655,-1.23036,4.71877,-1.5045,16.89386,-8.90193,10.54531,3.6074,-19.73316,3.75923,-2.75857,14.22699,-5.82144,4.62775,1.28705
2.34,18.50666,-9.19901,6.20246,-0.67477,-0.04462,-0.08161,3.90392,3.51922,0.94944,0.4751,0.10462,0.38113,-0.24798,0.69443,5.16132,1.68037,1.29622,0.10201,-0.25421,0.10772,-0.94093,4.23943,-1.45236,17.27878,-8.91853,10.54461,3.70689,-17.99142,3.81273,-2.77292,15.48844,-5.83691,4.6428,1.34322
2.36,18.84041,-10.19443,5.19483,-0.87745,-0.09396,-0.09679,3.79497,2.60261,0.63846,0.38853,0.09241,0.32833,-0.24563,1.27549,4.80868,1.57166,1.51464,0.10664,-0.23775,0.13422,-0.69717,3.83409,-1.40317,17.60808,-8.97737,10.5203,3.80038,-16.55844,3.99928,-2.80319,16.54847,-5.89256,4.6503,1.40112
2.38,19.03563,-11.41172,4.32574,-1.0842,-0.14643,-0.10825,3.6966,1.75314,0.38494,0.24125,0.08344,0.27994,-0.23604,1.81461,4.37938,1.43231,1.70768,0.10736,-0.21681,0.15711,-0.43213,3.51139,-1.35338,17.9453,-9.02977,10.46957,3.8903,-15.09704,4.39016,-2.85874,17.75975,-5.95467,4.63099,1.45736
2.4,19.05403,-12.46024,3.62716,-1.29429,-0.1929,-0.11544,3.68893,1.18784,0.23804,0.09836,0.07838,0.24894,-0.22512,2.2796,3.96322,1.28404,1.83952,0.1034,-0.19329,0.17226,-0.18686,3.22528,-1.29741,18.20885,-9.15687,10.3816,3.95804,-13.86753,4.73799,-2.86312,18.57198,-6.10991,4.60474,1.49968
2.42,18.88442,-12.79196,3.11526,-1.50644,-0.2226,-0.11794,3.83436,1.14291,0.2284,0.03,0.07699,0.24915,-0.22093,2.63964,3.65174,1.15345,1.88127,0.09472,-0.16921,0.17736,-0.0201,2.88236,-1.22582,18.31104,-9.451,10.23704,3.97969,-13.23666,4.73022,-2.71985,18.27652,-6.4607,4.59148,1.51198
2.44,18.57459,-12.75568,2.67174,-1.71562,-0.23755,-0.11653,4.04,1.26548,0.25895,0.00336,0.07699,0.25797,-0.21869,2.93813,3.38165,1.03809,1.88442,0.0849,-0.14779,0.17809,0.1406,2.522,-1.14423,18.36349,-9.79674,10.04228,3.9696,-12.85398,4.57794,-2.51668,17.58882,-6.88986,4.55579,1.50083
2.46,18.13762,-12.68303,2.15094,-1.91847,-0.24359,-0.11248,4.20495,1.24419,0.26323,-0.05716,0.07737,0.25393,-0.2151,3.2106,3.11569,0.93277,1.87995,0.07629,-0.13078,0.17744,0.36194,2.1861,-1.05958,18.45845,-10.10112,9.81559,3.94585,-12.48159,4.47448,-2.32809,17.06094,-7.29479,4.47694,1.47606
2.48,17.47712,-12.34142,1.52824,-2.11688,-0.23489,-0.1058,4.29219,1.1433,0.26813,-0.142,0.07635,0.24038,-0.21683,3.46502,2.8782,0.83746,1.85272,0.06864,-0.11685,0.1745,0.66358,1.79898,-0.96523,18.61613,-10.37561,9.55607,3.90522,-12.20563,4.2943,-2.11773,16.42839,-7.69719,4.3618,1.43109
2.5,16.71925,-11.66535,0.72959,-2.28938,-0.22146,-0.09872,4.27845,0.93977,0.26978,-0.24116,0.07559,0.21316,-0.21063,3.68087,2.64975,0.75506,1.82766,0.06183,-0.10658,0.17046,0.94795,1.42573,-0.86882,18.7249,-10.6472,9.26601,3.84217,-12.01152,4.02687,-1.90473,15.87525,-8.10298,4.21527,1.37486
2.52,15.97786,-10.5955,-0.27408,-2.41413,-0.21544,-0.0936,4.14164,0.66039,0.25177,-0.31683,0.07845,0.17302,-0.17936,3.8392,2.42199,0.68967,1.82829,0.05572,-0.1013,0.16603,1.09848,1.13765,-0.77815,18.6552,-10.94291,8.94437,3.75006,-11.86518,3.67868,-1.70892,15.66336,-8.51056,4.03518,1.31527
2.54,14.96502,-9.12356,-1.29537,-2.5105,-0.20789,-0.08959,3.82547,0.44793,0.21917,-0.38822,0.081,0.12463,-0.14307,3.97655,2.21035,0.6315,1.82342,0.05034,-0.09804,0.16021,1.22855,0.82499,-0.6845,18.5485,-11.22275,8.59471,3.63797,-11.7712,3.23271,-1.5077,15.55758,-8.90645,3.8182,1.24196
2.56,13.54515,-7.43007,-2.16654,-2.59521,-0.1907,-0.08581,3.38357,0.3729,0.1957,-0.50051,0.08076,0.07434,-0.11265,4.11911,2.01407,0.57181,1.79509,0.04567,-0.09433,0.15255,1.43535,0.41505,-0.58352,18.52247,-11.45322,8.22633,3.51637,-11.69728,2.7033,-1.29349,15.41103,-9.27491,3.56788,1.15098
2.58,11.77708,-5.67237,-2.77325,-2.6569,-0.16623,-0.08257,2.91238,0.58155,0.06501,-0.64377,0.07825,0.03909,-0.06823,4.25435,1.83358,0.51135,1.74938,0.04107,-0.09076,0.14279,1.67067,-0.09066,-0.4775,18.52488,-11.65274,7.83741,3.38099,-11.59895,2.04981,-1.0638,15.29265,-9.61772,3.2865,1.04389
2.6,10.14932,-3.95358,-3.02461,-2.69049,-0.14996,-0.08202,2.71132,1.01893,0.10359,-0.79228,0.07404,0.01106,-0.04238,4.37321,1.63114,0.44278,1.687,0.03694,-0.08518,0.1319,1.93617,-0.6055,-0.37557,18.56416,-11.8159,7.43855,3.24075,-11.52228,1.43098,-0.85276,15.1973,-9.94534,2.98171,0.92783
2.62,8.89157,-2.18735,-3.15835,-2.70333,-0.15532,-0.08613,2.75724,1.24922,0.57443,-0.97933,0.06694,-0.03758,-0.07048,4.47089,1.37002,0.3629,1.60799,0.03395,-0.07626,0.12099,2.24451,-1.03651,-0.28466,18.65813,-11.93654,7.04339,3.10699,-11.51776,1.03248,-0.69692,15.11359,-10.27013,2.65959,0.81041
2.64,7.57521,-0.67223,-3.01468,-2.69785,-0.17018,-0.09251,2.80985,1.53289,0.77547,-1.30081,0.05327,-0.0706,-0.09202,4.53863,1.09644,0.28234,1.51177,0.03113,-0.06695,0.1086,2.56818,-1.45684,-0.20058,18.77434,-12.0361,6.6433,2.97131,-11.50084,0.69576,-0.56399,15.056,-10.58422,2.31928,0.68728
2.66,6.34693,0.41044,-2.63678,-2.68016,-0.18071,-0.09863,2.80843,2.11498,0.88246,-1.62437,0.03797,-0.06178,-0.09421,4.5798,0.83924,0.20422,1.39992,0.02779,-0.05877,0.09412,2.89066,-1.9359,-0.11917,18.89715,-12.12853,6.23093,2.82691,-11.40313,0.28158,-0.42682,15.01861,-10.88453,1.96229,0.55411
2.68,5.17793,1.13326,-2.2374,-2.65514,-0.18939,-0.10437,2.4062,2.80697,1.27911,-2.16301,0.02797,-0.02834,-0.09009,4.60559,0.57067,0.12294,1.27302,0.02435,-0.05123,0.07849,3.20794,-2.46263,-0.03708,19.0274,-12.21615,5.80993,2.6757,-11.22562,-0.18164,-0.29166,15.00403,-11.18445,1.58796,0.40991
2.7,4.44541,1.73717,-2.348,-2.61561,-0.20671,-0.11048,1.88104,2.94289,2.22941,-2.50556,0.02049,0.00236,-0.07831,4.61968,0.3521,0.0575,1.15446,0.0211,-0.04563,0.06333,3.5091,-2.95227,0.02752,19.14822,-12.30752,5.38461,2.52337,-11.02675,-0.60608,-0.17705,14.99409,-11.4732,1.2143,0.26791
2.72,4.47354,2.7368,-2.86763,-2.55592,-0.24128,-0.11764,2.0419,2.52605,2.54333,-2.07204,0.0012,-0.00975,-0.05262,4.63932,0.23655,0.02141,1.07705,0.01803,-0.04203,0.05091,3.77799,-3.31303,0.05291,19.24127,-12.41181,4.95823,2.3762,-10.88329,-0.89916,-0.10111,14.95513,-11.74326,0.86611,0.14513
2.74,4.90761,4.02938,-3.38752,-2.4914,-0.28166,-0.12424,2.81885,2.06204,2.27914,-1.35466,-0.02393,-0.05861,-0.04459,4.68508,0.15422,-0.00728,1.03032,0.01538,-0.03902,0.04162,4.01198,-3.62117,0.06053,19.31361,-12.52882,4.53191,2.23117,-10.74233,-1.14398,-0.04494,14.90258,-12.01777,0.53256,0.03076
2.76,5.32352,5.43361,-3.80662,-2.43382,-0.31933,-0.129,3.81221,1.72466,2.20525,-0.78641,-0.04519,-0.12307,-0.05144,4.7632,0.05301,-0.04487,0.99758,0.01327,-0.03581,0.03481,4.21274,-3.95166,0.06879,19.37125,-12.65957,4.10601,2.08448,-10.55656,-1.42491,0.00986,14.85172,-12.31037,0.20163,-0.08646
2.78,5.66547,6.94205,-4.12981,-2.38223,-0.35901,-0.13246,4.85825,1.49984,2.05986,-0.25992,-0.06179,-0.19342,-0.05974,4.87227,-0.06847,-0.09222,0.97926,0.01133,-0.03148,0.03007,4.3685,-4.27913,0.06873,19.40361,-12.80963,3.67993,1.93706,-10.37751,-1.71307,0.0587,14.78031,-12.62036,-0.11892,-0.20177
2.8,5.95023,8.33201,-4.27182,-2.33724,-0.40154,-0.13456,5.72271,1.45733,1.83367,0.15757,-0.07185,-0.25374,-0.06949,5.01039,-0.16961,-0.13893,0.99078,0.01031,-0.02741,0.0292,4.50102,-4.57762,0.06806,19.41869,-12.97494,3.27136,1.79842,-10.1765,-1.97673,0.0993,14.71667,-12.94001,-0.41736,-0.30751
2.82,6.24906,9.39399,-4.21959,-2.29997,-0.44749,-0.13532,6.27433,1.58372,1.59134,0.42569,-0.07566,-0.29408,-0.08342,5.16949,-0.20887,-0.17416,1.04761,0.01105,-0.0251,0.03398,4.64428,-4.82558,0.07852,19.42893,-13.15384,2.90438,1.6804,-9.90618,-2.1837,0.13017,14.69897,-13.26016,-0.67876,-0.39463
2.84,6.47423,10.21508,-4.06458,-2.27133,-0.49692,-0.13513,6.56677,1.78949,1.3559,0.61999,-0.07462,-0.31433,-0.09577,5.33295,-0.23576,-0.21054,1.12407,0.01228,-0.02219,0.04132,4.76927,-5.03463,0.09056,19.41618,-13.35482,2.56801,1.57703,-9.63297,-2.35178,0.15528,14.68689,-13.58782,-0.90683,-0.46697
2.86,6.55668,10.88066,-3.83252,-2.25233,-0.5498,-0.13441,6.67137,2.07411,1.23333,0.76851,-0.06986,-0.31763,-0.10284,5.4868,-0.29524,-0.26047,1.19436,0.01297,-0.01703,0.04824,4.86038,-5.22098,0.09828,19.3743,-13.57839,2.25286,1.48346,-9.40096,-2.50149,0.17923,14.6543,-13.92529,-1.10689,-0.52857
2.88,6.53848,11.37054,-3.5424,-2.24252,-0.60964,-0.13405,6.62649,2.42773,1.17812,0.89277,-0.06278,-0.30775,-0.10801,5.61489,-0.37503,-0.32108,1.25479,0.01328,-0.01082,0.05414,4.94841,-5.37265,0.10706,19.32209,-13.81892,1.97489,1.40795,-9.18818,-2.6049,0.20021,14.62299,-14.26189,-1.2656,-0.571
2.9,6.46478,11.6081,-3.22306,-2.24174,-0.66495,-0.13255,6.49168,2.82028,1.20222,0.9806,-0.05504,-0.28605,-0.11354,5.71367,-0.46953,-0.39098,1.30808,0.01326,-0.00298,0.05934,4.9951,-5.4747,0.11374,19.2317,-14.07437,1.72625,1.34773,-9.01683,-2.68425,0.22263,14.58011,-14.59793,-1.39692,-0.60166
2.92,6.34458,11.53015,-2.92847,-2.24951,-0.70051,-0.12816,6.3352,3.20806,1.3177,1.02131,-0.04825,-0.25611,-0.12165,5.78369,-0.57667,-0.47047,1.35863,0.01304,0.00761,0.0643,4.96157,-5.51371,0.11415,19.07437,-14.33945,1.49296,1.29789,-8.90455,-2.77009,0.25142,14.51396,-14.93303,-1.52358,-0.63229
2.94,6.15054,11.24067,-2.7012,-2.26383,-0.72532,-0.12328,6.17378,3.57028,1.45616,1.04784,-0.04235,-0.22534,-0.13064,5.80974,-0.70481,-0.5622,1.39239,0.01248,0.01928,0.06712,4.9013,-5.49794,0.11486,18.89338,-14.60509,1.29244,1.26685,-8.82267,-2.82803,0.28267,14.44894,-15.25271,-1.62513,-0.6503
2.96,5.85834,10.82435,-2.55725,-2.28419,-0.75123,-0.12007,6.00356,3.89914,1.58567,1.07784,-0.03724,-0.19772,-0.13823,5.78103,-0.85787,-0.66751,1.39684,0.01139,0.03063,0.06613,4.86004,-5.43321,0.12018,18.72447,-14.86503,1.13998,1.26176,-8.74583,-2.82854,0.31263,14.40528,-15.54604,-1.68316,-0.64459
2.98,5.45363,10.24557,-2.51408,-2.30912,-0.77573,-0.11854,5.83043,4.18101,1.70479,1.10307,-0.03352,-0.17385,-0.14596,5.69376,-1.02,-0.78151,1.37372,0.00989,0.04171,0.06147,4.85023,-5.30231,0.1285,18.56797,-15.11521,1.03657,1.28479,-8.65349,-2.76493,0.33977,14.3963,-15.8089,-1.70356,-0.61691
3,5.04201,9.5627,-2.57667,-2.33842,-0.79676,-0.11872,5.66595,4.39378,1.81183,1.10982,-0.03112,-0.15521,-0.14947,5.57474,-1.21099,-0.90808,1.32745,0.00779,0.05237,0.0538,4.81273,-5.1442,0.14095,18.41233,-15.35075,0.96485,1.3253,-8.59469,-2.68534,0.37005,14.38503,-16.04339,-1.69539,-0.57274
3.02,4.72946,8.86463,-2.74307,-2.3721,-0.81277,-0.12066,5.51949,4.51702,1.90515,1.08468,-0.03013,-0.14291,-0.14341,5.45651,-1.44931,-1.05191,1.26419,0.00503,0.06261,0.04394,4.68192,-5.01425,0.15896,18.246,-15.56653,0.90046,1.36835,-8.61927,-2.65586,0.41161,14.33165,-16.2538,-1.67297,-0.52138
3.04,4.4442,8.11624,-3.01086,-2.40928,-0.82908,-0.12518,5.37421,4.55863,1.97878,1.03352,-0.03118,-0.13636,-0.13241,5.32754,-1.70093,-1.20008,1.18749,0.00197,0.07191,0.03244,4.53041,-4.87322,0.18014,18.08974,-15.76107,0.85476,1.42243,-8.66475,-2.62375,0.45525,14.27701,-16.43469,-1.6341,-0.45873
3.06,4.11694,7.28899,-3.37496,-2.44945,-0.85149,-0.13304,5.21832,4.52442,2.02865,0.96286,-0.03477,-0.13498,-0.12002,5.1727,-1.93148,-1.34093,1.10046,-0.00102,0.07982,0.0198,4.42804,-4.6955,0.2028,17.96682,-15.93299,0.83712,1.49415,-8.6678,-2.54949,0.49419,14.26059,-16.58141,-1.57879,-0.38243
3.08,3.7426,6.4081,-3.83301,-2.49206,-0.88016,-0.14417,5.06054,4.40372,2.0539,0.86681,-0.04152,-0.13827,-0.10391,4.98919,-2.12209,-1.47147,1.00831,-0.00374,0.08679,0.00664,4.36488,-4.52259,0.22766,17.87954,-16.07848,0.829,1.57271,-8.60967,-2.48528,0.53534,14.28609,-16.69713,-1.53157,-0.30686
3.1,3.49496,5.54559,-4.33887,-2.53831,-0.91582,-0.15843,4.90117,4.20398,2.05787,0.74763,-0.05139,-0.14764,-0.08558,4.82959,-2.31199,-1.58494,0.9281,-0.00593,0.09117,-0.00375,4.3207,-4.32806,0.2516,17.81881,-16.19818,0.82807,1.65764,-8.57217,-2.3763,0.56895,14.29856,-16.78297,-1.47229,-0.2165
3.12,3.54389,4.75592,-4.82301,-2.59011,-0.95834,-0.17544,4.74247,3.93517,2.04299,0.6096,-0.06421,-0.16538,-0.06728,4.73133,-2.53901,-1.6713,0.86821,-0.00718,0.09008,-0.00877,4.29953,-4.08313,0.27191,17.79078,-16.29163,0.83728,1.75135,-8.63147,-2.16225,0.58586,14.24653,-16.83527,-1.36725,-0.089
3.14,3.76002,3.98008,-5.28204,-2.64423,-1.00776,-0.19466,4.59877,3.59566,2.00536,0.45418,-0.08163,-0.18896,-0.04717,4.62603,-2.73555,-1.71992,0.82188,-0.00706,0.08428,-0.00987,4.30662,-3.83741,0.29132,17.79524,-16.35383,0.83506,1.84171,-8.70567,-1.92202,0.59908,14.1775,-16.8568,-1.27105,0.04452
3.16,4.00876,3.19764,-5.72097,-2.69788,-1.06298,-0.21531,4.48547,3.18868,1.94163,0.28647,-0.10428,-0.21647,-0.02471,4.4698,-2.84807,-1.72793,0.78656,-0.00546,0.07514,-0.00801,4.3682,-3.63799,0.31316,17.84493,-16.37937,0.80537,1.91971,-8.70394,-1.7252,0.62182,14.13883,-16.84959,-1.22676,0.15901
3.18,4.25679,2.45388,-6.11489,-2.75244,-1.11949,-0.23614,4.41502,2.72109,1.85021,0.11207,-0.13082,-0.25014,-0.00152,4.27036,-2.88498,-1.70015,0.75835,-0.00229,0.06178,-0.00321,4.55425,-3.51468,0.34023,17.99321,-16.36158,0.74969,1.98583,-8.58658,-1.59879,0.66312,14.14292,-16.80476,-1.21189,0.26428
3.2,4.82118,1.77642,-6.37162,-2.79881,-1.17953,-0.25657,4.37105,2.24741,1.74921,-0.05393,-0.16295,-0.2845,0.02131,4.05012,-2.84846,-1.60765,0.77124,0.00318,0.042,0.0089,4.64265,-3.37837,0.36807,18.08648,-16.31227,0.64735,2.0315,-8.53596,-1.4411,0.70287,14.09599,-16.74555,-1.28441,0.34352
3.22,6.03134,1.17106,-6.36427,-2.82702,-1.2445,-0.27595,4.32614,1.83152,1.66532,-0.19862,-0.19984,-0.311,0.04201,3.82477,-2.7331,-1.42201,0.84783,0.01114,0.01299,0.03143,4.39701,-3.12472,0.39117,17.95237,-16.24495,0.47858,2.04951,-8.74708,-1.1405,0.71807,13.88722,-16.69752,-1.51017,0.37757
3.24,7.56083,0.68586,-6.14066,-2.84077,-1.30334,-0.29218,4.27545,1.46553,1.59232,-0.32768,-0.2377,-0.33319,0.06019,3.58993,-2.53446,-1.17957,0.95044,0.02141,-0.02361,0.0587,4.01029,-2.84966,0.42005,17.74293,-16.14419,0.26046,2.04733,-9.03113,-0.82145,0.73953,13.6258,-16.62901,-1.8274,0.38598
3.26,9.10373,0.41158,-5.79026,-2.84471,-1.34628,-0.30343,4.20851,1.13711,1.53168,-0.44933,-0.27154,-0.35275,0.07642,3.37481,-2.27489,-0.92003,1.06273,0.03335,-0.06403,0.08763,3.66426,-2.6341,0.46211,17.58959,-15.99941,0.01013,2.03225,-9.21227,-0.59449,0.7923,13.40658,-16.51921,-2.18311,0.38374
3.28,10.63432,0.41502,-5.35031,-2.84046,-1.36948,-0.30867,4.09462,0.85125,1.493,-0.57255,-0.29062,-0.36007,0.09092,3.22901,-2.02918,-0.66583,1.19814,0.04485,-0.10554,0.11991,3.37956,-2.43749,0.51104,17.47165,-15.81628,-0.26832,2.00801,-9.3162,-0.43953,0.87176,13.16928,-16.38165,-2.58631,0.36808
3.3,12.42316,0.76599,-4.79117,-2.80931,-1.37097,-0.30719,3.81352,0.66797,1.49057,-0.70419,-0.30655,-0.35692,0.10719,3.17965,-1.76385,-0.40724,1.36769,0.0586,-0.14664,0.15393,2.77967,-2.18591,0.57827,17.22071,-15.60728,-0.57808,1.97255,-9.48672,-0.28488,0.96317,12.98942,-16.21275,-3.03184,0.34299
3.32,14.72365,1.48089,-3.99365,-2.73162,-1.34614,-0.29835,3.22083,0.69007,1.62754,-0.85785,-0.33931,-0.35006,0.13703,3.25652,-1.37512,-0.13575,1.53949,0.07799,-0.18713,0.18438,1.45864,-1.80526,0.67947,16.64248,-15.38774,-0.91165,1.92881,-9.84992,-0.05356,1.04863,12.98619,-16.00655,-3.49729,0.31631
3.34,17.12066,2.59737,-3.12469,-2.6263,-1.28818,-0.28149,2.31314,0.84165,1.79618,-1.05814,-0.36181,-0.33067,0.18758,3.47821,-1.0038,0.08214,1.68327,0.09694,-0.22161,0.21033,-0.22392,-1.27466,0.79288,15.88212,-15.14901,-1.24901,1.88783,-10.26754,0.2311,1.12667,13.07759,-15.78497,-3.96818,0.28454
3.36,19.31675,4.08504,-2.37184,-2.51091,-1.19794,-0.25708,1.16175,1.03735,1.94111,-1.32449,-0.36019,-0.3003,0.2591,3.82308,-0.81466,0.21125,1.80973,0.10996,-0.2454,0.23393,-1.94573,-0.59134,0.89813,15.04533,-14.88777,-1.56558,1.85894,-10.62185,0.54167,1.1945,13.21304,-15.57118,-4.41715,0.24791
3.38,21.25973,5.76075,-1.77145,-2.38255,-1.08069,-0.22644,-0.15172,1.19041,2.36222,-1.66811,-0.36854,-0.28572,0.37101,4.26106,-0.82534,0.24349,1.87447,0.11729,-0.25905,0.25108,-3.7454,0.23285,0.99706,14.03552,-14.62257,-1.82655,1.85344,-10.93957,0.92208,1.22854,13.4899,-15.38246,-4.78748,0.22092
3.4,23.4922,7.72024,-1.07402,-2.23969,-0.93747,-0.19046,-1.57727,1.63201,2.20183,-1.97322,-0.35089,-0.26766,0.46443,4.67086,-0.82674,0.25507,1.91058,0.11782,-0.26756,0.26437,-5.73795,1.37747,1.06262,12.92467,-14.2986,-2.07139,1.84674,-11.30628,1.47665,1.19582,13.86818,-15.2251,-5.14103,0.16159
3.42,27.12374,9.9532,0.4951,-2.08516,-0.76892,-0.15041,-2.6386,3.47887,0.99877,-2.05861,-0.24108,-0.16972,0.43073,5.02658,-0.45409,0.39832,2.03182,0.11067,-0.28005,0.28536,-8.16862,3.10477,1.06255,11.62563,-13.85498,-2.34422,1.80989,-11.83985,2.34566,1.05811,14.26194,-15.0894,-5.5614,0.01578
3.44,31.43945,11.86674,2.45245,-1.92597,-0.59141,-0.10971,-2.4335,5.88203,0.21305,-2.0465,-0.10668,-0.04577,0.30499,5.41602,0.14112,0.58823,2.1925,0.09481,-0.29096,0.31138,-10.49403,5.05849,1.01147,10.28109,-13.30583,-2.55782,1.76702,-12.45268,3.51174,0.78909,14.84769,-15.0093,-5.90774,-0.17442
3.46,35.23064,13.1679,3.84528,-1.76615,-0.42253,-0.07145,-1.11943,7.36931,-0.14567,-2.01703,-0.00636,0.02975,0.15974,5.82249,0.67918,0.71729,2.30441,0.07006,-0.29209,0.3334,-12.39156,6.95816,0.91667,8.86771,-12.67473,-2.65738,1.73202,-13.10722,4.97209,0.35436,15.76478,-15.03086,-6.08485,-0.38748
3.48,38.22077,13.99523,4.60922,-1.60831,-0.26196,-0.03655,0.50725,7.87228,-0.40443,-2.25755,0.08848,0.06407,-0.00296,6.15267,1.19368,0.78834,2.35428,0.03803,-0.28579,0.35161,-14.38765,8.98664,0.77706,6.7915,-11.96866,-2.67678,1.68718,-14.05772,6.89685,-0.29272,16.87906,-15.16251,-6.16386,-0.66915
3.5,40.11938,14.11761,4.43947,-1.45034,-0.12748,-0.00689,1.53819,6.94468,-0.58035,-2.6004,0.13942,0.03875,-0.10775,6.38876,1.60184,0.81986,2.41062,-0.00045,-0.25888,0.3602,-14.68487,10.30424,0.5664,5.8036,-11.00412,-2.58348,1.6079,-14.93897,9.1398,-1.16478,18.56911,-15.41944,-6.04798,-1.00039
3.52,41.31714,12.9589,3.75644,-1.28599,-0.04694,0.01558,1.89882,5.07269,-0.61904,-2.46176,0.10651,-0.01053,-0.10746,6.5556,1.83687,0.86597,2.56315,-0.04202,-0.20516,0.35306,-12.0043,10.37333,0.21806,7.17288,-9.65418,-2.34754,1.48462,-15.20116,11.45008,-2.2702,21.47053,-15.76856,-5.62784,-1.34092
3.54,41.89872,10.96343,3.24499,-1.12646,-2e-05,0.03264,2.14768,3.40969,-0.62618,-2.0778,0.05188,-0.0328,-0.08158,6.57148,1.95426,0.90042,2.69144,-0.08294,-0.14496,0.33232,-8.34424,10.08464,-0.24337,8.65783,-8.09958,-2.0424,1.3208,-15.34167,14.09688,-3.61707,25.21386,-16.14405,-5.07109,-1.73331
3.56,41.71096,8.79801,3.07107,-0.98207,0.03527,0.04582,2.34994,2.25369,-0.67651,-1.83842,0.00977,-0.032,-0.05772,6.38066,1.96927,0.88546,2.70346,-0.12089,-0.08935,0.30085,-5.14664,9.92093,-0.74889,8.82641,-6.51119,-1.71705,1.12984,-15.82239,17.23788,-5.17261,29.2845,-16.51781,-4.51374,-2.19326
3.58,41.05658,6.5212,3.19361,-0.84423,0.05223,0.05436,2.56361,1.43511,-0.91406,-1.74223,-0.03798,-0.01188,-0.00613,6.01324,1.86991,0.83732,2.64839,-0.15144,-0.03478,0.26084,-2.55625,9.95302,-1.28113,7.84028,-4.98229,-1.37304,0.94577,-16.76787,20.63453,-6.85548,33.60496,-16.85598,-3.94212,-2.64824
3.6,39.29169,4.46404,3.60137,-0.73091,0.07179,0.061,2.8731,0.92689,-1.17665,-1.615,-0.07628,0.01827,0.04841,5.56,1.79355,0.79523,2.5254,-0.17869,0.00604,0.21697,0.42106,9.57042,-1.78713,6.78414,-3.50129,-1.06105,0.7291,-17.27183,24.19541,-8.50949,38.11831,-17.11075,-3.43545,-3.08447
3.62,35.68549,2.84696,4.38632,-0.68328,0.10992,0.06869,3.3841,0.76447,-0.70999,-1.144,-0.08062,0.06424,0.05692,5.14092,1.90897,0.80997,2.34069,-0.21171,0.02015,0.17453,3.61695,8.6857,-2.23945,5.9661,-2.12749,-0.80182,0.47971,-15.93762,27.85037,-9.92458,42.78329,-17.25765,-3.08057,-3.51681
3.64,31.18434,1.76759,5.21915,-0.68555,0.14009,0.07405,3.70765,0.87309,-0.14976,-0.62399,-0.07677,0.10669,0.04567,4.79218,2.09059,0.85615,2.15882,-0.24012,0.02163,0.13605,5.3211,8.11864,-2.61961,4.31617,-1.07096,-0.56985,0.28999,-13.60625,31.31292,-11.06332,47.32048,-17.31242,-2.83321,-3.87054
3.66,26.68373,1.06413,5.68599,-0.71582,0.13428,0.07432,3.62065,1.03563,0.17064,-0.32728,-0.0781,0.13155,0.0471,4.50607,2.1999,0.89964,2.02057,-0.25304,0.02011,0.1055,5.511,7.9457,-2.88868,1.94167,-0.36215,-0.36888,0.1791,-11.37229,34.41802,-11.95815,51.42237,-17.3003,-2.65898,-4.09686
3.68,22.1409,0.79503,5.7847,-0.78172,0.12477,0.07251,3.21121,1.33518,0.46996,-0.02312,-0.06816,0.15802,0.0382,4.3165,2.24661,0.94723,1.93907,-0.26003,0.0163,0.0807,4.85872,7.82617,-3.02979,-0.54983,0.08203,-0.21239,0.11448,-9.01595,37.16067,-12.57612,54.98699,-17.24086,-2.57849,-4.21751
3.7,17.64561,0.55934,5.37448,-0.89515,0.09594,0.06703,2.68049,1.49402,0.6131,-0.0036,-0.05834,0.16635,0.0503,4.17392,2.20494,0.96854,1.88806,-0.24747,0.01081,0.06852,3.56104,7.69798,-2.98784,-2.88886,0.31829,-0.09889,0.08607,-6.28227,39.44656,-12.94469,58.43391,-17.09419,-2.56336,-4.24135
3.72,13.19778,-0.24237,4.7366,-1.06793,0.04227,0.05712,2.42655,1.0855,0.43816,-0.53215,-0.07026,0.12256,0.11299,3.99355,2.10731,0.95398,1.81995,-0.19359,-0.00338,0.0756,2.74858,7.31457,-2.78384,-3.55814,0.4305,0.01265,0.12271,-2.90218,41.15281,-13.0863,62.21885,-16.81636,-2.58181,-4.18136
3.74,8.87206,-1.20629,4.02083,-1.27056,-0.01131,0.0465,2.19821,0.62033,0.0864,-1.2269,-0.08048,0.06049,0.17161,3.7685,1.97936,0.92296,1.74171,-0.12331,-0.0205,0.08772,2.3211,6.51442,-2.43708,-3.30101,0.49007,0.09529,0.17247,0.74905,42.43482,-13.0328,65.99523,-16.46733,-2.64552,-4.05529
3.76,4.80808,-1.98718,3.61157,-1.47374,-0.04917,0.03779,2.04704,0.48124,-0.26541,-1.82,-0.07043,0.0278,0.21599,3.49149,1.82515,0.88155,1.66318,-0.05787,-0.03303,0.09468,1.66368,5.44507,-1.97593,-3.24854,0.51268,0.12775,0.19348,4.24428,43.40791,-12.81414,69.39635,-16.10803,-2.76291,-3.87817
3.78,0.95274,-2.73433,3.70038,-1.67478,-0.06511,0.03187,2.1849,0.49012,-1.16043,-2.64636,-0.0786,-0.01839,0.27664,3.13835,1.68608,0.83235,1.56921,0.00462,-0.04124,0.09593,0.68726,4.21013,-1.44699,-3.39876,0.50451,0.12918,0.19623,7.81408,43.90014,-12.37524,72.37032,-15.75573,-2.9397,-3.67976
3.8,-2.69538,-3.37393,4.77546,-1.8658,-0.07635,0.02687,2.7279,0.77829,-1.7511,-3.2416,-0.06336,0.01515,0.35215,2.7012,1.56129,0.77024,1.43279,0.06591,-0.04716,0.09035,-0.37303,2.88918,-0.89092,-3.64864,0.48748,0.10748,0.17667,11.09717,44.48758,-11.97987,75.63727,-15.3428,-3.11176,-3.42936
3.82,-6.46865,-2.59147,6.08989,-2.05437,-0.08094,0.0229,2.87321,2.04142,-0.0876,-2.90448,0.06308,0.22867,0.41194,2.21015,1.42497,0.69495,1.21874,0.12495,-0.05407,0.07581,-1.21181,1.50042,-0.35616,-3.86657,0.48395,0.06638,0.13023,13.65138,46.07753,-11.95231,80.00921,-14.78561,-3.20436,-3.08159
3.84,-9.92198,-0.93358,4.85398,-2.2351,-0.06228,0.02206,1.65349,3.22449,0.92496,-2.42565,0.20818,0.40494,0.39707,1.72635,1.31965,0.63268,0.96249,0.17864,-0.06407,0.0512,-2.03601,0.08507,0.11893,-4.10998,0.48225,0.01792,0.07485,15.8643,48.19968,-12.082,84.80753,-14.1639,-3.27714,-2.69509
3.86,-12.56529,-1.04177,2.39717,-2.3966,-0.00894,0.0255,0.32529,2.54549,1.1011,-2.06519,0.28688,0.4329,0.32809,1.29677,1.31169,0.60223,0.71609,0.22345,-0.07808,0.02068,-3.05027,-1.27855,0.52584,-4.44689,0.47144,-0.02878,0.02315,18.06069,50.31862,-12.14868,89.38163,-13.55804,-3.38236,-2.32155
3.88,-14.7244,-3.48745,0.63475,-2.54847,0.07495,0.0331,-0.29595,-0.0916,0.87332,-1.52281,0.32631,0.36116,0.20225,0.95585,1.41965,0.59873,0.47797,0.25254,-0.09585,-0.00634,-4.22756,-2.54601,0.85558,-4.80718,0.45734,-0.07122,-0.02414,20.25405,52.88964,-12.22132,93.9287,-12.94991,-3.4907,-1.94586
3.9,-16.87644,-6.31211,1.65241,-2.68066,0.14911,0.04001,0.36816,-2.62667,0.50203,-0.93255,0.31331,0.24858,0.08504,0.76308,1.60832,0.62412,0.32825,0.28463,-0.12326,-0.03171,-5.38906,-3.707,1.12072,-5.19045,0.44437,-0.11107,-0.06935,22.05836,55.50892,-12.44283,98.68265,-12.31575,-3.6034,-1.58783
3.92,-18.56464,-7.77887,3.20282,-2.79038,0.15817,0.03943,1.26785,-3.56328,0.14924,-0.43597,0.2282,0.13531,0.00179,0.80889,1.75388,0.65184,0.37978,0.34346,-0.1605,-0.06089,-6.30013,-4.78185,1.35356,-5.61871,0.43668,-0.15169,-0.11628,23.04864,57.65016,-13.0485,103.93924,-11.62236,-3.71785,-1.26389
3.94,-19.90853,-9.10482,4.19582,-2.89094,0.13001,0.03449,2.01436,-4.13841,-0.19442,-0.01166,0.12349,0.02743,-0.06741,1.08231,1.94535,0.65428,0.58317,0.39524,-0.18955,-0.07792,-7.06412,-5.72144,1.54174,-6.03013,0.43254,-0.18842,-0.15938,23.73902,59.68749,-13.86521,109.32659,-10.91319,-3.82311,-0.96628
3.96,-21.41707,-10.45199,4.90262,-2.98602,0.10128,0.02941,2.65534,-4.75747,-0.50696,0.33442,0.03348,-0.07461,-0.12186,1.44867,2.30528,0.64681,0.84462,0.41855,-0.20326,-0.07693,-7.81221,-6.47163,1.6663,-6.36944,0.43023,-0.21729,-0.19386,24.53588,61.97236,-14.72809,114.59075,-10.21926,-3.9118,-0.69512
3.98,-22.83356,-11.91606,5.14803,-3.07417,0.06743,0.02346,3.06565,-5.31688,-0.78225,0.53159,-0.05341,-0.16448,-0.15748,1.82537,2.77221,0.63354,1.12771,0.43462,-0.20274,-0.08382,-8.30575,-7.12237,1.73858,-6.46886,0.43865,-0.2398,-0.21951,25.2309,64.61163,-15.87512,120.26929,-9.47432,-3.96297,-0.45467
4,-24.00759,-13.18962,5.12166,-3.13952,0.01601,0.01497,3.29995,-5.82887,-1.01836,0.59324,-0.12446,-0.24709,-0.16047,2.03897,3.24113,0.63763,1.36214,0.42501,-0.19908,-0.08215,-8.57562,-7.53651,1.75996,-6.49886,0.4485,-0.25396,-0.23518,26.03343,66.63923,-16.82353,125.10102,-8.83607,-4.01083,-0.26885
4.02,-24.94166,-13.76449,5.00469,-3.1669,-0.06943,0.00187,3.45894,-6.26791,-1.20205,0.51472,-0.1557,-0.32963,-0.10532,2.04976,3.60283,0.64966,1.53235,0.36011,-0.20624,-0.02612,-8.55047,-7.60643,1.72966,-6.51392,0.45243,-0.25505,-0.23562,27.28372,67.00612,-16.94914,127.73685,-8.48288,-4.09734,-0.16692
4.04,-25.59657,-14.20248,4.55364,-3.17335,-0.16625,-0.01309,3.41727,-6.80542,-1.35307,0.23655,-0.16665,-0.40506,-0.00504,1.97037,3.86482,0.68946,1.62887,0.28593,-0.22566,0.03922,-8.3325,-7.45931,1.6664,-6.4871,0.45888,-0.24977,-0.22735,28.67969,66.73138,-16.81202,129.50489,-8.25149,-4.16905,-0.13158
4.06,-26.08776,-14.94133,3.75056,-3.17302,-0.25137,-0.02702,3.11164,-7.5847,-1.49194,-0.26093,-0.17185,-0.46925,0.12278,1.82752,4.08365,0.75983,1.65701,0.23406,-0.25303,0.08125,-8.08532,-7.18239,1.57958,-6.40172,0.47415,-0.24349,-0.21568,30.04483,66.76824,-16.91257,131.60093,-7.98946,-4.17841,-0.14845
4.08,-26.74079,-15.8789,3.03975,-3.16311,-0.33687,-0.0412,2.66117,-8.65096,-1.52744,-1.0183,-0.13342,-0.50617,0.29929,1.55394,4.30775,0.87744,1.59675,0.19245,-0.29286,0.11415,-7.91827,-6.7187,1.46164,-6.26416,0.49706,-0.2359,-0.20013,31.68754,67.03314,-17.22777,134.1921,-7.67382,-4.12071,-0.22792
4.1,-26.87272,-16.63842,1.73966,-3.14544,-0.39787,-0.05239,1.9813,-9.74763,-1.6713,-1.71865,-0.12842,-0.54492,0.44645,1.35423,4.44895,0.97795,1.53674,0.16466,-0.33062,0.13371,-7.41673,-6.30146,1.36655,-5.9486,0.52855,-0.22265,-0.17455,33.08188,66.96572,-17.37086,135.68785,-7.51657,-4.03092,-0.3717
4.12,-25.88696,-15.4326,-1.51405,-3.12243,-0.40122,-0.05634,0.5812,-9.29332,-2.0251,-1.84793,-0.27196,-0.63879,0.44601,1.48358,4.34915,0.96244,1.62416,0.15366,-0.34631,0.14249,-6.62189,-6.06568,1.34474,-5.65495,0.5586,-0.20301,-0.13967,33.67467,66.02927,-16.92222,134.37214,-7.74938,-3.95301,-0.58375
4.14,-25.12189,-12.35166,-3.75052,-3.08945,-0.37851,-0.05627,-0.60767,-6.83028,-1.94736,-1.45292,-0.41549,-0.65548,0.35152,1.71988,4.11372,0.88706,1.72989,0.14724,-0.34951,0.14407,-5.90926,-5.85013,1.35458,-5.37951,0.58817,-0.1811,-0.10054,34.04784,64.80657,-16.34098,131.97968,-8.1382,-3.84502,-0.8667
4.16,-24.70884,-9.84905,-3.17632,-3.04438,-0.35702,-0.05484,-0.39166,-4.66847,-1.61145,-0.69876,-0.47411,-0.58496,0.23664,1.89391,3.9051,0.82531,1.79187,0.13965,-0.35211,0.14562,-5.55488,-5.5086,1.3566,-5.09192,0.61857,-0.15958,-0.06085,34.72144,63.89803,-16.03043,130.13857,-8.46744,-3.66788,-1.21948
4.18,-24.32115,-8.57132,-0.67696,-2.99027,-0.33103,-0.05108,1.1007,-3.74309,-1.22004,0.46623,-0.49138,-0.45289,0.10816,2.09878,3.69089,0.77454,1.85632,0.13173,-0.35083,0.14726,-5.67637,-5.02979,1.3423,-4.80983,0.64363,-0.13482,-0.0176,35.84401,63.2192,-15.81814,128.57113,-8.77776,-3.44158,-1.64971
4.2,-23.27823,-8.58067,1.4326,-2.91296,-0.30937,-0.04506,2.48371,-4.64682,-1.12308,1.50654,-0.45967,-0.33171,0.01873,2.18858,3.54315,0.77762,1.8703,0.12322,-0.35555,0.14872,-5.84123,-4.47701,1.33359,-4.60962,0.66129,-0.11355,0.01844,36.50712,62.3264,-15.71662,126.3685,-9.17442,-3.17754,-2.13145
4.22,-20.96,-8.81337,2.09213,-2.79391,-0.29732,-0.03661,2.97462,-5.90373,-1.06438,2.13417,-0.34655,-0.25712,-0.08505,2.03758,3.51723,0.79545,1.80836,0.11213,-0.37099,0.15272,-5.55592,-3.87616,1.32845,-4.54778,0.66828,-0.1035,0.03487,35.59883,60.8571,-15.81128,122.5922,-9.76151,-2.88719,-2.62953
4.24,-18.09351,-9.02614,2.30966,-2.6415,-0.28483,-0.02562,3.21632,-6.79996,-0.92596,2.53242,-0.21586,-0.21223,-0.18999,1.80653,3.51048,0.80899,1.7144,0.1003,-0.39006,0.156,-5.15304,-3.14964,1.2438,-4.46927,0.66215,-0.09618,0.03971,34.05529,59.1905,-15.9782,118.07598,-10.43506,-2.5883,-3.16152
4.26,-15.35264,-9.14119,2.44207,-2.47122,-0.27753,-0.0129,3.3484,-7.3126,-0.83441,2.77711,-0.11528,-0.17965,-0.25875,1.60202,3.47579,0.82969,1.6277,0.08941,-0.40855,0.15822,-4.82899,-2.2997,1.04667,-4.33238,0.63958,-0.08766,0.03527,32.78627,57.65764,-16.14901,113.69716,-11.08557,-2.29174,-3.73156
4.28,-12.54563,-9.15801,2.47149,-2.28181,-0.27416,0.00122,3.38536,-7.38234,-0.759,2.82562,-0.0348,-0.1628,-0.29902,1.40363,3.43513,0.85006,1.53861,0.08076,-0.42714,0.15908,-4.33553,-1.49149,0.78915,-4.23555,0.59075,-0.08564,0.00933,31.46857,56.27319,-16.38164,109.17739,-11.73903,-2.01108,-4.30165
4.3,-9.54567,-9.07307,2.5424,-2.0703,-0.26575,0.01707,3.33212,-7.05278,-0.65716,2.70041,0.02095,-0.16917,-0.31406,1.21184,3.41774,0.87519,1.46204,0.07192,-0.44609,0.1604,-3.40707,-0.70666,0.41258,-4.14043,0.52484,-0.08964,-0.04617,29.82712,54.35952,-16.37579,104.06504,-12.42729,-1.78861,-4.86103
4.32,-6.21341,-8.91436,2.78102,-1.83289,-0.24063,0.03508,3.18799,-6.45362,-0.49392,2.45772,0.04834,-0.20357,-0.30848,1.01979,3.45009,0.91513,1.41384,0.05976,-0.4665,0.16434,-2.02759,0.42784,-0.2388,-4.14259,0.43828,-0.10712,-0.13007,27.6132,51.0681,-15.78326,97.8463,-13.18042,-1.67022,-5.39862
4.34,-2.68945,-8.6944,3.1089,-1.58386,-0.19388,0.05429,3.01372,-5.76189,-0.35677,2.16341,0.05632,-0.24646,-0.28955,0.83847,3.5182,0.9619,1.38607,0.04808,-0.48702,0.16933,-0.68557,1.92477,-1.06269,-4.40323,0.29099,-0.16128,-0.23984,25.07196,46.91536,-14.86515,90.91855,-13.94162,-1.64832,-5.85762
4.36,0.86312,-8.45701,3.458,-1.33887,-0.12617,0.07324,2.85938,-5.10616,-0.27487,1.88725,0.05211,-0.28281,-0.26564,0.68321,3.60658,1.00895,1.37489,0.03967,-0.50622,0.17457,2.53093,3.44288,-2.07792,-1.69864,0.12174,-0.19802,-0.27151,22.38139,42.52443,-13.82838,83.62745,-14.66206,-1.70961,-6.18
4.38,4.58556,-8.31563,3.81645,-1.09711,-0.03514,0.0915,2.73082,-4.53121,-0.22525,1.64804,0.04083,-0.31758,-0.24388,0.5364,3.72393,1.05802,1.37698,0.03284,-0.52563,0.18104,5.57309,5.20651,-3.15665,1.79929,-0.21584,-0.24816,-0.26771,19.17254,37.73794,-12.54685,75.46211,-15.37782,-1.86056,-6.32673
4.4,8.12797,-8.21868,4.15675,-0.88437,0.07336,0.10732,2.62922,-4.13091,-0.2134,1.48652,0.02385,-0.34323,-0.22589,0.43503,3.85637,1.10264,1.40125,0.028,-0.54081,0.18776,7.24637,7.48527,-4.24463,5.56789,-0.81126,-0.29923,-0.19277,16.0671,32.38721,-11.09991,67.37081,-15.95758,-2.09173,-6.31065
4.42,11.08492,-8.0907,4.4333,-0.72984,0.18015,0.11782,2.55749,-3.94257,-0.2282,1.42714,0.00167,-0.35325,-0.21123,0.42064,3.9798,1.13656,1.45998,0.0254,-0.54685,0.19367,6.40644,10.54531,-5.10288,8.729,-1.81006,-0.33455,-0.01108,13.66907,26.49379,-9.58393,60.36074,-16.26571,-2.39791,-6.17
4.44,13.69847,-8.12281,4.62137,-0.6168,0.27807,0.12298,2.51163,-3.86832,-0.24874,1.42274,-0.01981,-0.35487,-0.20066,0.45746,4.10234,1.15822,1.53305,0.02382,-0.54688,0.19972,3.05559,13.57544,-5.39951,10.56478,-3.28408,-0.35389,0.24966,11.22983,20.44039,-7.93835,53.52664,-16.39639,-2.75549,-5.88239
4.46,16.17474,-8.44478,4.72541,-0.53149,0.36908,0.12391,2.49745,-3.83578,-0.26044,1.4428,-0.0351,-0.35213,-0.19519,0.51454,4.22804,1.16691,1.60733,0.02198,-0.54404,0.20687,-2.5788,15.95594,-5.18505,10.65111,-5.19021,-0.33472,0.57569,8.27182,14.62252,-6.20313,46.22816,-16.42036,-3.12499,-5.44161
4.48,18.48134,-9.02327,4.74394,-0.48299,0.45069,0.12075,2.51919,-3.83347,-0.25641,1.48639,-0.04237,-0.34397,-0.19359,0.58593,4.33142,1.16575,1.69461,0.01784,-0.53912,0.21543,-11.78583,17.82878,-4.40763,7.21353,-7.60816,-0.22223,0.99024,5.01301,9.16314,-4.48988,38.73118,-16.303,-3.48921,-4.91394
4.5,20.15623,-9.76463,4.72916,-0.46627,0.51062,0.11332,2.56214,-3.85849,-0.23577,1.54909,-0.04455,-0.32401,-0.19268,0.72676,4.45415,1.13528,1.77441,0.01448,-0.52509,0.22411,-21.33663,18.4855,-3.42416,2.42326,-10.06461,-0.04857,1.36446,2.06763,4.37288,-2.924,32.32636,-15.92695,-3.76261,-4.35986
4.52,20.70578,-10.53423,4.74965,-0.4699,0.53591,0.10138,2.60253,-3.88913,-0.19681,1.62177,-0.04587,-0.28606,-0.18792,1.00426,4.64571,1.05555,1.81762,0.01584,-0.49474,0.23088,-24.65736,18.20713,-2.89692,2.35162,-11.74889,0.0534,1.59024,-0.22652,0.28278,-1.53078,27.70142,-15.24391,-3.86833,-3.8217
4.54,20.52557,-11.40045,4.75289,-0.50422,0.53818,0.08598,2.63558,-3.86954,-0.13369,1.67561,-0.04304,-0.2374,-0.17752,1.34426,4.83892,0.95367,1.84356,0.01691,-0.4562,0.23669,-24.31868,17.6508,-2.4897,5.10837,-12.91161,0.15294,1.80876,-1.98375,-3.11037,-0.31613,23.98447,-14.33598,-3.83276,-3.32391
4.56,20.08825,-12.39077,4.66938,-0.55969,0.52271,0.06886,2.6395,-3.75659,-0.04806,1.68242,-0.0335,-0.18716,-0.1607,1.68272,4.9919,0.84936,1.87313,0.01301,-0.41685,0.24307,-24.69242,17.26354,-1.91221,6.74193,-14.04838,0.35004,2.14462,-3.49814,-5.88794,0.70261,20.38361,-13.27756,-3.68854,-2.86973
4.58,19.35046,-13.35083,4.50674,-0.62648,0.49194,0.05119,2.57774,-3.52313,0.05602,1.63101,-0.01973,-0.13926,-0.13509,2.04211,5.12838,0.73754,1.89093,0.00472,-0.37678,0.24948,-24.45529,16.63533,-1.20142,8.60282,-15.03132,0.58005,2.55844,-5.16505,-8.39122,1.5575,16.49165,-12.11349,-3.4505,-2.45837
4.6,18.2283,-14.34305,4.12632,-0.70516,0.43408,0.03211,2.37573,-3.19736,0.1465,1.46928,-0.00671,-0.09321,-0.09657,2.36761,5.24351,0.63205,1.90879,-0.00605,-0.33168,0.25513,-23.3662,15.90098,-0.44323,11.30775,-15.85724,0.87985,3.11698,-5.35683,-9.74623,2.18398,13.86544,-10.66909,-3.06966,-2.07733
4.62,16.68815,-15.45407,3.30264,-0.79678,0.33961,0.01094,1.92973,-2.88123,0.17869,1.14669,-0.00034,-0.04886,-0.04207,2.60623,5.33326,0.54294,1.94867,-0.01674,-0.27605,0.25877,-21.4807,15.51596,0.24113,15.26692,-16.53216,1.30747,3.90058,-3.2775,-9.39048,2.57831,13.16535,-8.87169,-2.5372,-1.70067
4.64,14.97577,-16.43713,2.05118,-0.89064,0.22937,-0.0096,1.26604,-2.62783,0.15919,0.68639,0.00508,-0.01765,0.02234,2.79878,5.3973,0.45729,1.98543,-0.02866,-0.21613,0.25946,-18.8657,15.04874,0.96313,20.22692,-17.04981,1.7568,4.80398,-0.99349,-8.37686,2.81726,12.27646,-6.98744,-1.97529,-1.33005
4.66,13.35116,-17.14255,0.50207,-0.97809,0.12572,-0.02682,0.47298,-2.4634,0.10667,0.13963,0.01083,-0.00627,0.08935,2.96271,5.41631,0.36866,1.99144,-0.04319,-0.15805,0.256,-16.3234,14.13942,1.8144,25.04036,-17.49086,2.15048,5.70415,0.38847,-7.45269,2.94471,10.21767,-5.22728,-1.46812,-0.98779
4.68,11.90092,-17.68103,-1.22087,-1.05521,0.04003,-0.0394,-0.36749,-2.42771,0.02534,-0.44044,0.00112,-0.01345,0.15142,3.07258,5.36152,0.28013,1.95209,-0.05824,-0.09988,0.24558,-13.73795,12.90167,2.68961,29.96442,-17.80419,2.48161,6.56272,1.02258,-6.58432,2.96068,7.3882,-3.67931,-1.03026,-0.68224
4.7,10.60625,-18.09252,-3.1872,-1.11077,-0.05211,-0.0498,-1.15422,-2.79523,-0.11093,-1.06424,-0.00035,-0.03433,0.20288,3.12129,5.16849,0.18296,1.85784,-0.07237,-0.04106,0.2244,-11.04625,11.39079,3.55977,34.44943,-18.02941,2.74025,7.31995,1.71837,-5.49183,2.87901,4.80953,-2.32078,-0.66736,-0.42743
4.72,9.21835,-18.63838,-5.22965,-1.1688,-0.15702,-0.06097,-1.61377,-4.08492,-0.30942,-1.75031,0.04488,-0.05123,0.26817,3.10461,4.77671,0.07116,1.70789,-0.08365,0.01672,0.1884,-8.31311,9.67564,4.40512,37.43182,-18.27804,2.9445,7.93241,2.41136,-4.27396,2.72973,2.64962,-1.18657,-0.38873,-0.2287
4.74,7.83616,-19.53751,-6.29792,-1.22275,-0.24928,-0.06984,-1.39906,-5.81967,-0.43591,-2.26734,0.0968,-0.04107,0.33195,2.99139,4.1704,-0.05229,1.46185,-0.09051,0.07288,0.13523,-5.60033,7.92643,5.12853,39.67067,-18.47501,3.09947,8.41575,2.16949,-3.4465,2.5093,0.20664,-0.40051,-0.19474,-0.08028
4.76,6.54243,-20.37036,-6.05233,-1.26463,-0.31056,-0.07408,-0.7112,-7.08556,-0.40068,-2.47929,0.11899,0.00093,0.35647,2.76088,3.37149,-0.17722,1.1018,-0.09215,0.12459,0.06527,-3.08384,6.16307,5.72002,41.67914,-18.57646,3.19719,8.77828,1.17831,-3.02334,2.22994,-2.28286,0.07147,-0.06704,0.02234
4.78,5.17641,-20.82822,-4.76296,-1.30029,-0.35003,-0.07521,0.1666,-7.64507,-0.15901,-2.45701,0.15516,0.0952,0.36733,2.50081,2.43425,-0.28568,0.69346,-0.08292,0.16197,-0.01601,-0.76203,4.52875,6.17429,42.52949,-18.69615,3.27064,9.02385,0.01868,-2.75772,1.89531,-4.30449,0.31806,0.01106,0.085
4.8,3.86611,-20.39315,-3.09585,-1.32556,-0.37716,-0.07484,0.81216,-7.25949,0.28335,-2.29344,0.12104,0.18032,0.30492,2.02482,1.50256,-0.38493,0.203,-0.07716,0.19734,-0.09923,1.30697,2.92578,6.51969,44.38821,-18.63231,3.2825,9.1965,0.15383,-2.25135,1.52708,-3.7407,0.47077,0.03035,0.06912
4.82,3.02288,-19.29905,-1.04633,-1.3385,-0.40015,-0.07445,1.2284,-6.39661,0.69044,-2.14459,-0.09109,0.17391,0.12833,0.93977,1.24803,-0.37133,-0.39141,-0.10913,0.24329,-0.17154,3.00306,0.82364,6.92959,49.90949,-18.13481,3.15984,9.32357,0.01432,-2.09466,1.22732,-3.35028,0.56676,0.04661,0.04687
4.84,3.00319,-17.43312,1.27569,-1.35133,-0.41857,-0.07414,1.52655,-5.52998,1.06308,-2.13357,-0.33372,0.16177,-0.05742,0.10657,2.21166,-0.14313,-0.80189,-0.1583,0.26152,-0.20678,4.42668,-1.41648,7.40777,56.63021,-17.46385,2.97143,9.39656,-0.2051,-2.00501,0.95645,-3.20493,0.61225,0.06075,0.02785
4.86,3.56664,-14.78915,2.61716,-1.37134,-0.43303,-0.07404,1.66048,-4.78996,1.54413,-2.28402,-0.50618,0.17961,-0.18301,0.24424,3.65626,0.13118,-0.84073,-0.18856,0.25784,-0.1882,5.68093,-3.55775,7.8945,62.50336,-16.84311,2.78224,9.41452,-0.41646,-1.86047,0.68491,-3.34113,0.61354,0.07595,0.01922
4.88,4.3492,-11.62967,2.48508,-1.40181,-0.45273,-0.07551,1.69621,-4.18417,2.21425,-2.67067,-0.64806,0.20641,-0.27963,1.16715,5.09567,0.36736,-0.6494,-0.20795,0.26234,-0.1352,6.84363,-5.94867,8.49307,68.20737,-16.22116,2.58034,9.3911,-0.68243,-1.69331,0.4373,-3.7322,0.58143,0.08906,0.01735
4.9,4.78943,-9.03549,1.10481,-1.43842,-0.47665,-0.07863,1.61854,-3.87738,2.84733,-3.12577,-0.73933,0.23001,-0.33036,2.15775,5.56795,0.43129,-0.35033,-0.18955,0.27599,-0.06613,7.82764,-7.94266,9.06173,74.13159,-15.55021,2.36666,9.35617,-0.85808,-1.47072,0.22073,-4.28534,0.53803,0.10194,0.02359
4.92,5.22107,-7.51357,-0.03796,-1.47449,-0.50098,-0.08313,1.43057,-4.00298,2.95943,-3.29713,-0.75836,0.24196,-0.32591,2.73182,5.3256,0.51962,0.04934,-0.09978,0.24404,0.02137,8.50297,-9.09992,9.46017,80.70729,-14.77311,2.12944,9.32582,-0.77475,-1.09447,0.02333,-4.86733,0.5068,0.1176,0.03902
4.94,5.81604,-6.27014,-0.80803,-1.51636,-0.53339,-0.08965,1.2387,-4.31192,2.84369,-3.35609,-0.74725,0.24748,-0.30613,3.13662,5.1303,0.6569,0.42272,-6e-05,0.19575,0.10156,8.99393,-10.37742,9.92967,87.51282,-13.9579,1.87037,9.27655,-0.63257,-0.58125,-0.16079,-5.46046,0.48141,0.13326,0.05826
4.96,6.32718,-5.0448,-1.3949,-1.56848,-0.58361,-0.0989,1.09463,-4.62684,2.83889,-3.48874,-0.73393,0.25198,-0.29317,3.4267,5.09378,0.76397,0.65951,0.07127,0.16225,0.15513,9.49814,-12.25825,10.62687,94.12444,-13.16852,1.60281,9.20172,-0.61284,0.01669,-0.33522,-6.08012,0.45333,0.1466,0.07785
4.98,6.80665,-3.9096,-1.73564,-1.62768,-0.66057,-0.11175,0.9716,-4.97134,2.81809,-3.61388,-0.72001,0.25796,-0.28433,3.60561,5.14357,0.86159,0.81763,0.1294,0.13731,0.19485,10.13568,-14.73717,11.59716,101.17904,-12.33273,1.30343,9.10279,-0.70085,0.73231,-0.51177,-6.645,0.43087,0.15827,0.09666
5,7.30078,-2.8725,-1.89211,-1.68349,-0.74212,-0.1247,0.87193,-5.28314,2.78277,-3.71241,-0.69462,0.25962,-0.27503,3.68406,5.2451,0.93916,0.90895,0.16579,0.11848,0.2166,10.59681,-17.14024,12.62221,107.47659,-11.57908,1.0242,8.99889,-0.8513,1.49044,-0.69325,-7.12857,0.41568,0.17086,0.11712
5.02,7.85074,-1.96438,-1.92109,-1.72276,-0.79841,-0.13329,0.80036,-5.50734,2.76785,-3.78659,-0.64212,0.24944,-0.25912,3.65308,5.37164,0.98256,0.92257,0.16905,0.10237,0.21235,10.55227,-18.55067,13.32517,111.69458,-11.05402,0.83338,8.92538,-1.02478,2.17773,-0.88158,-7.53817,0.40709,0.18717,0.14214
5.04,8.36944,-1.20513,-1.83968,-1.75012,-0.85351,-0.14054,0.7433,-5.66965,2.74057,-3.83139,-0.58014,0.23742,-0.24235,3.55415,5.494,1.00285,0.89708,0.15687,0.09206,0.1974,10.43071,-19.54858,13.89282,115.13632,-10.6202,0.67797,8.86874,-1.22908,2.84434,-1.07716,-7.83118,0.40711,0.20432,0.167
5.06,8.75978,-0.57818,-1.69525,-1.77291,-0.93077,-0.14957,0.69271,-5.78334,2.71145,-3.86392,-0.5249,0.2314,-0.23081,3.42627,5.59176,1.00642,0.85449,0.14172,0.09112,0.18246,10.57882,-20.7753,14.59125,118.96074,-10.15105,0.50375,8.80698,-1.40508,3.53488,-1.27375,-7.8833,0.42059,0.21936,0.1863
5.08,9.10893,-0.06533,-1.52408,-1.78825,-1.02256,-0.15956,0.63781,-5.85119,2.68154,-3.88571,-0.46718,0.22704,-0.22005,3.28284,5.65961,0.99465,0.79927,0.12131,0.09533,0.16571,10.86221,-22.12209,15.44353,123.32029,-9.62014,0.30202,8.73815,-1.79835,4.06119,-1.44656,-7.89652,0.44135,0.23572,0.20569
5.1,9.17535,0.28446,-1.29152,-1.79836,-1.10529,-0.16752,0.60156,-5.84942,2.62551,-3.87693,-0.40717,0.22644,-0.21178,3.10826,5.69263,0.97169,0.73456,0.09821,0.10416,0.14873,11.28349,-23.11345,16.07901,126.61069,-9.22589,0.15159,8.69237,-2.08241,4.49508,-1.58461,-7.82646,0.46714,0.24846,0.21892
5.12,8.66475,0.45626,-0.95841,-1.80584,-1.1644,-0.17032,0.61078,-5.75262,2.58967,-3.8342,-0.35212,0.23307,-0.21054,2.87908,5.68525,0.94067,0.6614,0.07591,0.11835,0.13368,11.88322,-23.28641,16.05138,127.13793,-9.1852,0.14146,8.70821,-1.89982,4.97538,-1.69975,-7.58831,0.49589,0.25184,0.21895
5.14,7.8431,0.52962,-0.59517,-1.81275,-1.19802,-0.17012,0.63925,-5.62527,2.51582,-3.77059,-0.29207,0.24034,-0.21073,2.6314,5.63405,0.90305,0.58873,0.05233,0.13372,0.11966,12.58962,-23.05264,15.73833,126.5741,-9.28877,0.19084,8.75652,-1.62121,5.3604,-1.79143,-7.25388,0.52949,0.25183,0.21353
5.16,6.94382,0.55767,-0.26935,-1.8191,-1.21981,-0.1695,0.66175,-5.53158,2.39849,-3.71244,-0.22477,0.24328,-0.20957,2.4013,5.54442,0.86213,0.52398,0.02727,0.14721,0.10688,13.40413,-22.91275,15.53101,126.52695,-9.33667,0.21888,8.80443,-1.52912,5.55117,-1.85707,-6.83428,0.57053,0.25302,0.20846
5.18,5.89054,0.57367,0.01506,-1.82568,-1.22771,-0.16846,0.68038,-5.46106,2.49305,-3.70902,-0.17184,0.24426,-0.21396,2.18377,5.42626,0.82127,0.46695,0.00446,0.15859,0.09703,14.4518,-22.90922,15.36796,126.85616,-9.34863,0.23325,8.85455,-1.69225,5.57255,-1.89451,-6.35478,0.61427,0.25416,0.20375
5.2,4.72786,0.42248,0.26857,-1.83112,-1.20769,-0.16525,0.71832,-5.48362,2.15351,-3.63576,-0.09783,0.236,-0.21181,1.98175,5.26889,0.77939,0.42257,-0.02134,0.16626,0.08667,15.38626,-22.46211,15.01021,126.27014,-9.48086,0.29935,8.93195,-1.85526,5.51383,-1.93337,-5.88816,0.65561,0.25636,0.20305
5.22,3.55117,-0.05566,0.37079,-1.8327,-1.14997,-0.15851,0.74542,-5.72036,0.92479,-3.35712,0.0426,0.20628,-0.1803,1.79806,5.06479,0.73598,0.39403,-0.05603,0.16969,0.0721,15.80975,-21.03386,14.29738,123.48377,-9.88709,0.47787,9.05387,-1.77112,5.46513,-2.00985,-5.51164,0.6876,0.26081,0.21092
5.24,2.39838,-0.65125,0.19138,-1.82806,-1.07801,-0.15122,0.6659,-6.03885,0.01082,-3.00396,0.18852,0.16443,-0.1295,1.63032,4.83918,0.69611,0.37725,-0.09107,0.16888,0.05713,16.03438,-19.27099,13.48124,119.69711,-10.41673,0.70235,9.18534,-1.73713,5.35536,-2.08128,-5.18116,0.70719,0.26654,0.22757
5.26,1.28731,-1.19044,-0.17875,-1.81604,-1.0099,-0.14618,0.48331,-6.26295,-0.43829,-2.68907,0.29896,0.1258,-0.07739,1.48052,4.62059,0.66352,0.36663,-0.11956,0.1643,0.04461,16.37347,-17.72424,12.76219,116.14053,-10.91697,0.90971,9.29729,-1.94075,5.08881,-2.09244,-4.89665,0.70975,0.27234,0.25222
5.28,0.24828,-1.69232,-0.69662,-1.79446,-0.95148,-0.14373,0.21165,-6.37756,-0.70499,-2.3544,0.39792,0.09334,-0.01724,1.34963,4.43024,0.63849,0.35516,-0.14211,0.15933,0.0337,16.74893,-16.45796,12.19821,112.74307,-11.39359,1.09711,9.37741,-2.27444,4.66492,-2.03387,-4.74673,0.68371,0.27554,0.28515
5.3,-0.63981,-2.23187,-1.16507,-1.75849,-0.90361,-0.14293,-0.0728,-6.25056,-0.81504,-1.98816,0.46736,0.07082,0.03709,1.22478,4.24712,0.62305,0.34987,-0.1615,0.14714,0.02113,16.90988,-14.74354,11.41192,108.20128,-11.98084,1.32591,9.44382,-2.43769,4.09195,-1.84933,-4.6661,0.62952,0.27916,0.32533
5.32,-1.29899,-2.88322,-1.38748,-1.70585,-0.86085,-0.14261,-0.26199,-5.82739,-0.82538,-1.62483,0.48065,0.05719,0.06659,1.09402,4.04988,0.61915,0.35718,-0.18182,0.11922,0.00264,16.69663,-11.73752,10.03765,101.06603,-12.8209,1.65775,9.50945,-2.18471,3.26229,-1.45735,-4.62474,0.54208,0.29004,0.36617
5.34,-1.74012,-3.62301,-1.4899,-1.63783,-0.83375,-0.14391,-0.38915,-5.27475,-0.79504,-1.27648,0.46726,0.05184,0.08209,0.96598,3.89027,0.62943,0.36246,-0.19841,0.08579,-0.01865,16.33861,-8.06106,8.51068,92.69745,-13.73821,2.0121,9.52677,-1.83207,2.0695,-0.87019,-4.76618,0.39548,0.30135,0.39649
5.36,-1.98696,-4.38908,-1.55443,-1.55713,-0.82772,-0.14729,-0.47583,-4.73431,-0.75403,-0.94475,0.45155,0.05207,0.09382,0.85172,3.80826,0.65449,0.35666,-0.20793,0.05524,-0.03985,15.95795,-4.56474,7.18583,84.34504,-14.57652,2.30894,9.4453,-0.4429,0.86306,-0.19675,-3.65081,0.21147,0.28656,0.37764
5.38,-2.06337,-5.07581,-1.57285,-1.46844,-0.83364,-0.15134,-0.52096,-4.23325,-0.70726,-0.62831,0.43383,0.05077,0.1019,0.75816,3.79652,0.68744,0.34186,-0.21673,0.02488,-0.06404,15.51849,-1.34655,6.00976,75.46945,-15.37914,2.54345,9.23721,2.55892,-0.25034,0.5189,-0.36906,-0.02709,0.22092,0.27946
5.4,-1.89555,-5.84448,-1.55917,-1.37206,-0.8423,-0.15439,-0.51051,-3.82235,-0.65822,-0.34994,0.40914,0.04978,0.10426,0.67462,3.82948,0.74404,0.34157,-0.21438,-0.00599,-0.08416,14.67819,2.14981,4.88949,66.40461,-16.05622,2.70899,8.91775,5.56274,-1.77996,1.35549,3.77378,-0.41255,0.0867,0.0877
5.42,-1.47548,-6.82713,-1.53266,-1.27415,-0.84081,-0.15429,-0.4278,-3.53695,-0.61536,-0.11591,0.37129,0.05327,0.0989,0.59088,3.86207,0.83977,0.39391,-0.1878,-0.03822,-0.08994,13.01473,6.16211,3.81284,57.51405,-16.51884,2.80053,8.50315,7.56329,-4.32423,2.3201,8.13604,-1.08078,-0.17665,-0.24198
5.44,-0.99227,-7.64207,-1.50472,-1.19003,-0.81898,-0.14992,-0.29362,-3.39306,-0.59714,0.09352,0.33204,0.05209,0.09214,0.53425,3.89061,0.93925,0.48677,-0.15164,-0.07102,-0.08688,10.73386,9.55993,2.91314,48.79665,-16.78281,2.76695,7.93421,8.17806,-7.52166,3.13822,11.99261,-2.10105,-0.60936,-0.66617
5.46,-0.60828,-8.04876,-1.45834,-1.12811,-0.77155,-0.1409,-0.12683,-3.38323,-0.61656,0.29803,0.30236,0.04029,0.08878,0.52436,3.92039,1.02238,0.60335,-0.11869,-0.1027,-0.08094,8.24601,11.70992,2.23164,40.28878,-16.8527,2.57458,7.18416,7.41366,-10.70725,3.68256,15.00335,-3.42865,-1.22505,-1.13551
5.48,-0.44052,-8.12765,-1.36296,-1.09306,-0.68991,-0.126,0.06798,-3.45125,-0.67305,0.52211,0.27908,0.02171,0.08606,0.54715,3.9148,1.09677,0.76592,-0.08834,-0.13268,-0.06957,5.72338,12.85362,1.74703,31.73182,-16.7443,2.25738,6.30423,4.04344,-14.05218,3.90656,15.70262,-5.12252,-2.07907,-1.60654
5.5,-0.33488,-7.90808,-1.25456,-1.07831,-0.58683,-0.10735,0.30449,-3.67207,-0.76303,0.70193,0.25958,-0.004,0.08594,0.59231,3.89926,1.14487,0.92078,-0.05681,-0.16014,-0.05411,3.01436,13.14787,1.28874,24.99717,-16.277,1.7589,5.32929,-0.17723,-16.63757,3.91084,15.15925,-6.83864,-3.0789,-2.01157
5.52,-0.06691,-7.47432,-1.16387,-1.07366,-0.48719,-0.08862,0.62737,-4.12267,-0.87428,0.77634,0.24079,-0.03715,0.09036,0.6509,3.9155,1.15854,0.99871,-0.01925,-0.18531,-0.03717,0.21877,13.27889,0.60439,21.71576,-15.28423,1.06576,4.31611,-0.73905,-18.06533,4.11818,17.44798,-7.94863,-4.01919,-2.43583
5.54,0.13299,-6.88153,-1.01904,-1.08483,-0.38329,-0.06871,1.0306,-4.64305,-0.99131,0.82857,0.22213,-0.07286,0.09418,0.71033,3.91314,1.15685,1.04909,0.01627,-0.20687,-0.01935,-2.13828,13.34041,-0.10238,19.90247,-14.0039,0.32748,3.3454,0.7281,-19.03344,4.41194,21.19209,-8.53876,-4.92784,-2.88546
5.56,0.08315,-6.14391,-0.76507,-1.11271,-0.26391,-0.04638,1.49154,-5.09319,-1.10828,0.92912,0.2045,-0.1081,0.09389,0.75162,3.84549,1.14885,1.11176,0.04356,-0.22398,-0.00175,-3.88143,13.32907,-0.66206,18.24432,-12.6437,-0.35719,2.48666,1.39714,-20.05997,4.62354,23.63115,-8.88664,-5.8716,-3.2708
5.58,-0.06235,-5.35545,-0.42425,-1.14168,-0.12884,-0.02287,2.0306,-5.46317,-1.21184,1.0536,0.18559,-0.14313,0.09009,0.74497,3.71273,1.12569,1.15887,0.06851,-0.23878,0.01527,-5.17697,13.4618,-1.15402,17.25484,-11.20082,-0.97409,1.76288,2.23671,-21.05876,4.86015,25.64278,-8.92254,-6.77435,-3.60144
5.6,-0.29049,-4.34818,0.02423,-1.17535,0.00346,-3e-05,2.63702,-5.77301,-1.30232,1.20929,0.16328,-0.17604,0.08004,0.72452,3.54966,1.09977,1.19475,0.08677,-0.24816,0.0284,-6.22235,13.70277,-1.54913,16.63418,-9.78402,-1.49655,1.18953,3.4915,-21.36084,4.99228,27.69863,-8.67167,-7.5945,-3.86152
5.62,-0.55492,-2.89788,0.59729,-1.20684,0.12335,0.02028,3.28076,-6.05868,-1.38256,1.4113,0.13812,-0.20425,0.06244,0.74018,3.40527,1.08879,1.23204,0.09264,-0.24956,0.034,-7.27794,13.98007,-1.79788,15.95774,-8.52113,-1.93224,0.76785,5.19306,-20.15586,4.81333,30.18642,-8.17712,-8.29647,-4.03327
5.64,-0.81777,-1.24881,1.24143,-1.23749,0.235,0.03854,3.963,-6.27815,-1.44085,1.64169,0.10814,-0.22999,0.03858,0.73503,3.26068,1.08188,1.25643,0.09726,-0.24987,0.03525,-8.36837,14.41235,-1.96579,15.39109,-7.41228,-2.29778,0.48128,7.17707,-18.22728,4.48091,32.80459,-7.55897,-8.87079,-4.14171
5.66,-1.09642,0.36206,1.90517,-1.26903,0.34386,0.05537,4.66208,-6.36664,-1.46689,1.88229,0.07469,-0.25351,0.01123,0.64079,3.08664,1.06461,1.25037,0.107,-0.25256,0.03346,-9.50132,15.07634,-2.10312,14.95026,-6.45267,-2.5951,0.31179,8.88729,-16.37129,4.15568,34.89151,-6.96153,-9.34235,-4.18983
5.68,-1.37681,1.95198,2.54797,-1.29699,0.44417,0.06978,5.32243,-6.30018,-1.44979,2.11764,0.04834,-0.27023,-0.01172,0.43901,2.89005,1.02773,1.19768,0.11458,-0.25322,0.02415,-10.83424,15.93405,-2.21662,14.48437,-5.65986,-2.83661,0.23574,10.38654,-14.29137,3.75932,36.76623,-6.38426,-9.70638,-4.18613
5.7,-1.64468,3.43386,3.15654,-1.33001,0.53746,0.08176,5.91956,-6.14876,-1.40663,2.33633,0.0108,-0.28177,-0.04627,0.1927,2.71636,0.99552,1.13696,0.12944,-0.25634,0.01563,-12.14082,16.82636,-2.29294,13.98788,-5.03846,-3.04315,0.22667,11.63546,-12.36511,3.39273,38.21385,-5.93708,-10.00058,-4.15418
5.72,-1.92269,4.72596,3.72622,-1.37654,0.62798,0.0918,6.38806,-5.99336,-1.35305,2.51761,-0.05942,-0.28579,-0.11253,-0.0154,2.59264,1.00106,1.11353,0.16281,-0.2687,0.01707,-13.20739,17.63815,-2.31003,13.41899,-4.59235,-3.23985,0.2624,12.55831,-11.05508,3.21018,38.88919,-5.7512,-10.28976,-4.12077
5.74,-2.15272,5.73713,4.13714,-1.42611,0.70915,0.09943,6.62975,-5.76682,-1.26521,2.6222,-0.12613,-0.27311,-0.18024,-0.23646,2.46555,1.00252,1.08694,0.19805,-0.28167,0.01908,-14.21744,18.4144,-2.29905,12.81226,-4.28786,-3.43495,0.32345,13.13834,-9.96631,3.09426,39.13509,-5.72649,-10.56323,-4.08416
5.76,-2.3041,6.39945,4.2709,-1.47019,0.77597,0.10452,6.57164,-5.42445,-1.12965,2.62248,-0.16608,-0.24398,-0.22611,-0.50811,2.29413,0.97315,1.0324,0.22398,-0.28958,0.01601,-15.33439,19.22567,-2.29188,12.18201,-4.09397,-3.62982,0.39805,13.3651,-8.82454,2.95094,39.19277,-5.76772,-10.80394,-4.03833
5.78,-2.49737,6.78211,4.10022,-1.50828,0.83047,0.10772,6.16191,-5.01138,-0.94941,2.50938,-0.19175,-0.2009,-0.25928,-0.79352,2.06659,0.92349,0.97699,0.2444,-0.29381,0.01183,-16.65517,20.1634,-2.27781,11.33157,-4.01672,-3.83117,0.48792,13.3567,-7.76771,2.82957,39.01701,-5.90197,-11.03276,-3.9942
5.8,-2.297,6.51434,3.51274,-1.54926,0.86686,0.10879,5.50913,-4.72813,-0.79424,2.27574,-0.19439,-0.16409,-0.2648,-1.02582,1.86135,0.86965,0.92324,0.25858,-0.29797,0.00856,-17.54724,20.82992,-2.2665,10.91427,-4.00284,-4.04532,0.56232,12.85661,-6.79194,2.70828,38.49494,-6.08928,-11.24701,-3.93806
5.82,-1.14607,5.36736,2.33915,-1.60274,0.87907,0.10743,4.72255,-4.85838,-0.73874,1.90859,-0.16636,-0.15279,-0.22977,-1.14365,1.76153,0.82512,0.87123,0.26594,-0.30545,0.00858,-17.35337,20.81759,-2.28611,11.65923,-4.00206,-4.27305,0.58761,11.54148,-5.83554,2.54354,37.50001,-6.26996,-11.43552,-3.84852
5.84,0.46217,4.18324,0.81969,-1.65888,0.87377,0.10487,3.96536,-5.19645,-0.70993,1.45956,-0.12619,-0.15523,-0.17995,-1.20828,1.69174,0.7812,0.82471,0.26744,-0.31262,0.01055,-16.63992,20.56225,-2.32428,12.89769,-4.04653,-4.49378,0.59343,9.81469,-4.94953,2.38238,36.19696,-6.46538,-11.60197,-3.74127
5.86,1.32374,4.79657,0.3662,-1.70956,0.85739,0.10215,3.55789,-4.78283,-0.52311,1.06675,-0.08839,-0.15434,-0.14208,-1.27386,1.58484,0.73089,0.781,0.26423,-0.31703,0.01212,-15.9524,20.44115,-2.37534,14.04153,-4.16334,-4.68444,0.61179,8.00561,-4.11407,2.23897,34.75858,-6.68813,-11.73741,-3.62465
5.88,1.88217,5.3362,0.39386,-1.75839,0.83097,0.09946,3.33705,-4.47301,-0.38937,0.7771,-0.05347,-0.16313,-0.11621,-1.30625,1.45026,0.67997,0.74232,0.2604,-0.32182,0.01402,-15.32456,20.4738,-2.46709,15.16194,-4.36217,-4.83061,0.64966,5.97953,-3.19301,2.06397,33.14223,-6.9125,-11.82044,-3.48091
5.9,2.4366,5.61812,1.02469,-1.80517,0.79404,0.09671,3.65408,-4.00658,-0.26502,0.69805,-0.02784,-0.18761,-0.12175,-1.37202,1.32436,0.63011,0.68359,0.25113,-0.32473,0.01264,-14.04891,20.23711,-2.54321,16.65853,-4.57075,-4.9222,0.67578,3.9534,-2.46855,1.9429,31.4615,-7.17997,-11.85069,-3.33093
5.92,3.22675,5.29122,2.33423,-1.84871,0.74629,0.09367,4.71967,-3.03046,-0.06607,0.88358,-0.01845,-0.23302,-0.17109,-1.52777,1.24492,0.5777,0.58695,0.23014,-0.3207,0.0052,-11.30375,19.21667,-2.53015,19.00254,-4.69688,-4.95713,0.64578,2.16482,-2.2507,1.95878,29.85383,-7.55187,-11.82393,-3.19779
5.94,4.13009,4.05989,3.90484,-1.88938,0.69161,0.09036,5.97908,-1.74321,0.19001,1.17231,-0.01079,-0.28582,-0.23822,-1.69238,1.16667,0.52248,0.48158,0.20714,-0.31365,-0.00458,-7.90278,17.83997,-2.48173,21.67169,-4.84138,-4.93449,0.60089,0.40078,-2.18885,1.9921,28.23558,-7.99785,-11.71052,-3.05313
5.96,5.1207,2.08244,5.24005,-1.92716,0.63358,0.0867,7.02789,-0.45234,0.49287,1.44048,0.00123,-0.33374,-0.30194,-1.80647,1.06514,0.47142,0.38975,0.19021,-0.30851,-0.01361,-4.62484,16.5615,-2.45802,24.16178,-5.09436,-4.85088,0.58066,-1.48314,-1.98397,1.95324,26.56385,-8.49679,-11.49302,-2.87861
5.98,6.33687,-0.40776,6.02063,-1.96209,0.57307,0.08241,7.80241,0.8851,1.02626,1.60518,0.00831,-0.37446,-0.35039,-1.86151,0.98447,0.42574,0.31251,0.17693,-0.30295,-0.02178,-1.26863,15.2874,-2.4772,26.70398,-5.40619,-4.7038,0.56911,-3.47581,-1.65781,1.85333,24.88142,-9.08141,-11.1653,-2.67675
6,7.90593,-2.76184,5.83602,-1.99325,0.50712,0.07668,8.27043,1.99787,1.69577,1.63042,0.02729,-0.4038,-0.38317,-1.90758,0.88621,0.38635,0.24834,0.16638,-0.29829,-0.02869,2.2015,13.88819,-2.43811,28.95726,-5.85165,-4.51961,0.57179,-5.40529,-1.43457,1.739,23.22008,-9.7317,-10.74348,-2.46907
6.02,9.87134,-4.01134,4.70398,-2.02105,0.43196,0.06871,8.55577,2.52686,1.95183,1.52311,0.07891,-0.42243,-0.40788,-2.00401,0.72535,0.35548,0.19287,0.15809,-0.29717,-0.03408,5.90244,12.21693,-2.22219,30.57045,-6.50971,-4.31472,0.5946,-7.05337,-1.5324,1.66305,21.6105,-10.41338,-10.25937,-2.2871
6.04,11.68004,-4.03465,3.14757,-2.04653,0.35239,0.05899,8.53229,2.63773,2.02782,1.21339,0.13192,-0.42416,-0.41292,-2.08876,0.56522,0.33222,0.15219,0.1515,-0.29627,-0.03772,9.66471,10.42918,-1.94082,31.84322,-7.26203,-4.06584,0.62671,-8.58091,-1.72432,1.58308,20.05675,-11.13138,-9.7155,-2.11883
6.06,12.83681,-3.1003,1.51905,-2.07037,0.27283,0.04805,8.10896,2.47413,2.21973,0.67882,0.16506,-0.40641,-0.39221,-2.10584,0.45888,0.31641,0.13553,0.14652,-0.29339,-0.03878,13.32966,8.72159,-1.70234,33.07058,-8.0014,-3.7665,0.6599,-10.12392,-1.80644,1.45805,18.56966,-11.86857,-9.11601,-1.94958
6.08,13.09737,-1.2192,0.06801,-2.09364,0.19217,0.0358,7.34203,2.05639,2.40401,-0.07695,0.1996,-0.37684,-0.36509,-2.07353,0.41456,0.31162,0.14529,0.14205,-0.29015,-0.03613,17.26163,6.92196,-1.45495,34.47888,-8.69516,-3.42186,0.68379,-11.56319,-1.82066,1.30334,17.19528,-12.57787,-8.48504,-1.79039
6.1,12.54172,1.13152,-1.00058,-2.11461,0.11522,0.02311,6.39709,1.40049,2.53951,-0.91607,0.21305,-0.32275,-0.32442,-2.0129,0.38583,0.30889,0.1714,0.13732,-0.28327,-0.03219,20.56603,5.33145,-1.22833,35.30976,-9.34162,-3.0533,0.7154,-12.91647,-1.90926,1.15424,15.9271,-13.21369,-7.85561,-1.65601
6.12,10.72052,2.7601,-0.91369,-2.13325,0.04811,0.0111,5.3002,1.06259,2.66555,-1.53231,0.1748,-0.22561,-0.24947,-1.93835,0.32425,0.2989,0.2025,0.1322,-0.26974,-0.02967,22.25555,4.39317,-1.10908,34.71266,-9.95707,-2.69534,0.76932,-14.2216,-2.1967,1.03909,14.75576,-13.73572,-7.2559,-1.55833
6.14,8.18669,3.58861,-0.20938,-2.15143,-0.01039,-0.00013,4.16185,0.97202,2.76566,-2.01036,0.12112,-0.12224,-0.16085,-1.84398,0.28847,0.29312,0.24853,0.126,-0.25347,-0.02554,23.29833,3.82814,-1.05658,33.61985,-10.46696,-2.32725,0.82566,-15.39128,-2.54032,0.93605,13.7363,-14.10893,-6.68492,-1.48665
6.16,5.77452,4.13353,0.33957,-2.17058,-0.06162,-0.01047,3.1703,0.79055,2.84166,-2.50538,0.08086,-0.04539,-0.08156,-1.72437,0.33351,0.30208,0.31735,0.11856,-0.23836,-0.01729,24.55387,3.33572,-1.02156,32.85328,-10.79449,-1.91518,0.88034,-16.36198,-2.79987,0.82521,12.91958,-14.3042,-6.13234,-1.42346
6.18,3.65011,4.36846,0.72511,-2.1942,-0.10403,-0.01941,2.3846,0.55395,2.89376,-2.98333,0.04218,0.00803,-0.00193,-1.58403,0.45524,0.32673,0.40249,0.11099,-0.22676,-0.00563,26.04169,3.02922,-1.01119,32.24487,-10.93604,-1.44708,0.95527,-17.09686,-2.96546,0.70954,12.34257,-14.29897,-5.58959,-1.357
6.2,2.12351,4.33232,0.85893,-2.21174,-0.13544,-0.02644,1.91483,0.29305,2.91842,-3.34374,0.01253,0.03483,0.061,-1.4564,0.60134,0.35574,0.49788,0.1018,-0.2128,0.00754,26.88286,2.99554,-1.02138,31.52061,-10.90625,-0.92762,1.05044,-17.70703,-3.15067,0.61831,11.90914,-14.08349,-5.08485,-1.30262
6.22,1.38693,4.13773,0.70163,-2.21111,-0.15534,-0.03137,1.81652,0.05632,2.9215,-3.47856,0.00233,0.03743,0.08725,-1.37518,0.71056,0.37727,0.59781,0.08971,-0.18957,0.02024,26.0721,3.30013,-1.05777,30.37146,-10.73325,-0.37052,1.15128,-18.33355,-3.50837,0.58556,11.4847,-13.66666,-4.65104,-1.28257
6.24,1.08574,3.82146,0.42127,-2.20458,-0.16775,-0.03457,1.93422,-0.12439,2.91417,-3.49539,0,0.02496,0.09727,-1.31245,0.82223,0.40091,0.69929,0.07819,-0.166,0.03332,24.65017,3.85613,-1.112,29.11806,-10.41929,0.25636,1.27417,-18.86578,-3.87501,0.5742,11.17219,-13.06275,-4.23687,-1.26068
6.26,0.91306,3.36741,0.14796,-2.20324,-0.17638,-0.03646,2.13587,-0.24074,2.90602,-3.50166,-0.00164,0.00385,0.10515,-1.24545,0.97675,0.43538,0.80257,0.06945,-0.14936,0.04789,23.56687,4.54132,-1.1732,28.08661,-9.96138,0.97154,1.43175,-19.19482,-4.11661,0.5529,11.05759,-12.28744,-3.80858,-1.21256
6.28,0.82192,2.77581,-0.10977,-2.20567,-0.18231,-0.03722,2.39776,-0.29564,2.89678,-3.47536,-0.00107,-0.02066,0.10709,-1.18884,1.15219,0.47778,0.90848,0.06283,-0.13685,0.0635,22.44725,5.41553,-1.25864,27.02675,-9.40194,1.75428,1.6099,-19.35077,-4.33435,0.53971,11.06788,-11.36976,-3.38753,-1.15567
6.3,0.87234,2.03138,-0.33677,-2.20835,-0.18893,-0.03734,2.69686,-0.26585,2.88625,-3.41093,0.00016,-0.04899,0.10478,-1.13763,1.32756,0.52026,1.00299,0.05897,-0.12909,0.07814,21.42508,6.28039,-1.3364,26.25507,-8.75184,2.60968,1.80878,-19.4386,-4.40633,0.50158,11.19248,-10.34448,-2.94873,-1.07235
6.32,1.1161,1.12978,-0.52084,-2.20759,-0.19928,-0.03729,3.00778,-0.12946,2.8758,-3.31047,0.0007,-0.08201,0.10064,-1.08344,1.48234,0.55475,1.06893,0.05826,-0.12688,0.0896,20.74978,6.79833,-1.36377,26.23603,-7.96544,3.49784,2.01742,-19.54795,-4.23765,0.41061,11.44158,-9.23546,-2.49345,-0.9581
6.34,1.3538,0.113,-0.65585,-2.2096,-0.21153,-0.03719,3.29296,0.06972,2.86729,-3.19226,0.00206,-0.11181,0.0949,-1.03902,1.62226,0.58661,1.11638,0.05969,-0.1287,0.09907,20.23002,7.14164,-1.38378,26.55116,-7.07705,4.35468,2.21061,-19.60797,-4.00153,0.30159,11.75434,-8.07354,-2.07565,-0.85119
6.36,1.44241,-0.97367,-0.74036,-2.21987,-0.22428,-0.03717,3.52566,0.28815,2.86227,-3.08083,0.00424,-0.13306,0.08869,-1.01556,1.75122,0.62093,1.15462,0.06247,-0.13338,0.10757,19.76252,7.47352,-1.42884,26.83885,-6.16077,5.15986,2.37554,-19.58121,-3.82394,0.19898,12.0669,-6.90133,-1.7159,-0.77103
6.38,1.43026,-2.11181,-0.78221,-2.23492,-0.23784,-0.03746,3.7042,0.51781,2.86067,-2.97904,0.00603,-0.14668,0.08226,-1.01822,1.84122,0.65342,1.17726,0.06585,-0.1386,0.114,19.33796,7.6625,-1.473,27.18127,-5.23755,5.88749,2.50088,-19.54273,-3.77564,0.11136,12.33654,-5.7558,-1.41916,-0.72107
6.4,1.25869,-3.23247,-0.79958,-2.25898,-0.2511,-0.03818,3.83867,0.75424,2.8612,-2.88145,0.00933,-0.15345,0.07669,-1.03103,1.91571,0.68352,1.18293,0.07047,-0.14709,0.11816,19.06292,7.7698,-1.5394,27.63022,-4.32867,6.52073,2.58726,-19.52275,-3.6533,-0.00181,12.5509,-4.6675,-1.18645,-0.69903
6.42,0.83548,-4.266,-0.81502,-2.29804,-0.26278,-0.03939,3.94001,0.99519,2.86252,-2.78213,0.01643,-0.15482,0.07367,-1.02802,2.01123,0.71264,1.17123,0.07716,-0.16271,0.12027,19.07822,7.88834,-1.65854,28.23667,-3.45427,7.04832,2.63813,-19.53952,-3.22224,-0.18695,12.69352,-3.66309,-1.01773,-0.70391
6.44,0.24697,-5.22295,-0.83313,-2.34421,-0.27345,-0.04112,4.00824,1.22596,2.86501,-2.68992,0.02418,-0.15114,0.07139,-1.01709,2.09102,0.74101,1.1467,0.08402,-0.17948,0.12048,19.22121,7.87019,-1.7861,28.9151,-2.65272,7.45693,2.64357,-19.64996,-2.78338,-0.38712,12.71114,-2.7688,-0.91832,-0.74272
6.46,-0.41572,-6.119,-0.85209,-2.39102,-0.2837,-0.04338,4.0458,1.43237,2.86896,-2.61311,0.03002,-0.14284,0.06882,-1.01848,2.11797,0.76618,1.11214,0.08992,-0.19266,0.11868,19.33315,7.64777,-1.88931,29.55117,-1.96629,7.75235,2.60427,-19.89914,-2.56877,-0.55482,12.55291,-2.00416,-0.87938,-0.81184
6.48,-1.15964,-6.95108,-0.87823,-2.44053,-0.29335,-0.04618,4.06161,1.61354,2.87418,-2.54928,0.03514,-0.13284,0.06872,-1.04507,2.08266,0.78182,1.05705,0.09619,-0.20417,0.11394,19.4563,7.31555,-1.98043,30.16399,-1.40459,7.94412,2.53179,-20.29541,-2.4681,-0.70597,12.18505,-1.37645,-0.88199,-0.89879
6.5,-1.93918,-7.63704,-0.91063,-2.48593,-0.30093,-0.0493,4.07003,1.77338,2.87864,-2.49251,0.03872,-0.12045,0.06537,-1.06132,2.03914,0.79973,1.00854,0.10224,-0.213,0.10843,19.55639,6.74959,-2.0313,30.75157,-0.97671,8.05247,2.43974,-20.81417,-2.54854,-0.82577,11.72097,-0.86657,-0.9254,-0.99825
6.52,-2.69476,-8.09539,-0.94351,-2.51908,-0.3049,-0.05251,4.08533,1.91718,2.87987,-2.43652,0.03932,-0.10433,0.05191,-1.02592,2.04971,0.83532,0.99602,0.10701,-0.21784,0.10426,19.56401,5.77004,-2.0028,31.29775,-0.68386,8.1015,2.34128,-21.47209,-2.91586,-0.89499,11.24813,-0.45172,-1.01547,-1.10789
6.54,-3.43381,-8.39999,-0.97397,-2.54569,-0.30608,-0.0559,4.10507,2.04063,2.87948,-2.38516,0.03837,-0.08929,0.03588,-0.99771,2.05414,0.87182,0.98518,0.11301,-0.22126,0.09859,19.52311,4.59775,-1.9285,31.80999,-0.50619,8.10388,2.24241,-22.18532,-3.42751,-0.93207,10.73369,-0.12553,-1.12658,-1.21685
6.56,-4.1509,-8.61763,-0.99921,-2.56988,-0.30509,-0.05952,4.12548,2.1398,2.87918,-2.34246,0.03711,-0.07861,0.0234,-1.02825,1.99969,0.89384,0.94625,0.1217,-0.22454,0.0888,19.43655,3.40145,-1.83511,32.27373,-0.42091,8.06824,2.14374,-22.93,-3.99109,-0.94968,10.12437,0.11758,-1.23692,-1.31741
6.58,-4.80426,-8.73732,-1.01682,-2.58823,-0.30123,-0.06316,4.15181,2.21861,2.87804,-2.30552,0.03519,-0.07094,0.01228,-1.10415,1.90741,0.90202,0.88186,0.13157,-0.22601,0.07409,19.20163,2.05241,-1.69882,32.65028,-0.40635,8.00021,2.04263,-23.88591,-4.65811,-0.9452,9.30954,0.28027,-1.3477,-1.41004
6.6,-5.40532,-8.74543,-1.01735,-2.6038,-0.29508,-0.06679,4.1822,2.2786,2.87664,-2.27426,0.03317,-0.06706,0.00241,-1.22583,1.79402,0.90558,0.80991,0.14435,-0.22818,0.05825,18.99506,0.82605,-1.57591,32.99256,-0.44142,7.92858,1.95012,-24.46043,-5.26386,-0.93153,8.81661,0.41678,-1.45329,-1.49856
6.62,-5.97321,-8.63685,-0.99561,-2.62027,-0.28779,-0.07041,4.21312,2.32118,2.87596,-2.24905,0.03179,-0.06779,-0.00597,-1.38312,1.66774,0.91458,0.75209,0.16121,-0.23448,0.04668,19.03519,0.06019,-1.53717,33.36991,-0.5066,7.88292,1.8782,-24.06321,-5.61105,-0.92818,9.19178,0.58033,-1.55133,-1.58933
6.64,-6.44728,-8.45306,-0.96394,-2.63451,-0.27888,-0.07372,4.24786,2.34899,2.87513,-2.22834,0.0306,-0.07084,-0.01331,-1.5431,1.52149,0.91726,0.70152,0.17934,-0.24048,0.0361,19.08624,-0.51908,-1.52846,33.68826,-0.58381,7.84524,1.81152,-23.29264,-5.85301,-0.92374,9.91127,0.7305,-1.63997,-1.68145
6.66,-6.78578,-8.23034,-0.93546,-2.64412,-0.26809,-0.07642,4.28817,2.36411,2.87358,-2.21121,0.02924,-0.07445,-0.01954,-1.68425,1.35455,0.90315,0.65167,0.19536,-0.24234,0.02434,18.94358,-1.14949,-1.50208,33.86888,-0.65875,7.79735,1.73613,-22.65535,-6.1121,-0.91095,10.53786,0.83297,-1.72152,-1.77356
6.68,-7.00612,-7.96605,-0.91971,-2.64844,-0.25649,-0.07845,4.33314,2.36863,2.87141,-2.19703,0.02779,-0.07833,-0.02521,-1.79661,1.18567,0.87464,0.61185,0.20411,-0.2405,0.0164,18.6457,-1.78076,-1.47317,33.93573,-0.72168,7.74331,1.65311,-22.18403,-6.3014,-0.91528,11.13301,0.89424,-1.81258,-1.87052
6.7,-7.074,-7.68118,-0.92026,-2.65323,-0.24317,-0.07941,4.38008,2.35976,2.86879,-2.18769,0.02645,-0.08261,-0.02973,-1.82463,1.02345,0.83852,0.61186,0.21339,-0.23502,0.01036,18.28805,-2.26352,-1.46148,33.88912,-0.77269,7.69888,1.56917,-21.25966,-6.48964,-0.88177,12.02527,0.95144,-1.86896,-1.96599
6.72,-6.95941,-7.40151,-0.94895,-2.66527,-0.22593,-0.0788,4.42474,2.33471,2.86616,-2.1854,0.02555,-0.0877,-0.03207,-1.69641,0.87054,0.80399,0.68572,0.23577,-0.2263,0.00036,17.97504,-2.457,-1.48215,33.72935,-0.814,7.67723,1.4909,-19.11487,-6.8036,-0.73092,13.64721,1.05617,-1.84005,-2.05234
6.74,-6.73166,-7.10367,-1.01021,-2.67807,-0.20698,-0.07684,4.4688,2.29489,2.8631,-2.18897,0.02477,-0.09288,-0.03339,-1.48999,0.75937,0.76759,0.7937,0.25574,-0.21307,-0.01017,17.62815,-2.51296,-1.51945,33.47521,-0.84404,7.66661,1.41384,-16.55377,-7.16441,-0.53385,15.53978,1.16405,-1.77728,-2.13276
6.76,-6.44282,-6.77188,-1.07394,-2.68596,-0.18821,-0.07374,4.51267,2.24318,2.85936,-2.19703,0.02385,-0.09769,-0.0345,-1.28808,0.68591,0.72806,0.89559,0.26358,-0.19647,-0.01866,17.1705,-2.58903,-1.55199,33.14446,-0.86218,7.65346,1.33339,-14.2492,-7.49483,-0.3504,17.32006,1.23854,-1.72338,-2.21174
6.78,-6.10779,-6.43462,-1.11142,-2.69111,-0.16721,-0.0693,4.54966,2.18481,2.85586,-2.20912,0.02329,-0.10308,-0.03454,-1.07633,0.59421,0.70236,0.99402,0.27743,-0.17964,-0.03543,16.65995,-2.68122,-1.57064,32.76462,-0.86645,7.63097,1.25,-11.70499,-7.83247,-0.13931,19.40446,1.32869,-1.66578,-2.29049
6.8,-5.72261,-6.06406,-1.09856,-2.69341,-0.15085,-0.06445,4.58686,2.10595,2.8512,-2.22905,0.02225,-0.10881,-0.03452,-0.96483,0.5301,0.67874,1.03736,0.27874,-0.16579,-0.04906,16.12793,-2.68789,-1.6096,32.33482,-0.88118,7.63142,1.17808,-9.64578,-8.14423,0.03559,20.98767,1.35144,-1.59314,-2.34985
6.82,-5.26394,-5.61268,-1.03236,-2.69284,-0.14755,-0.0604,4.63587,1.99033,2.84336,-2.26041,0.01957,-0.11417,-0.03615,-1.04792,0.59005,0.61615,0.99814,0.23651,-0.15497,-0.03467,15.59295,-2.50302,-1.70879,31.84734,-0.93608,7.69456,1.13423,-9.02048,-8.3507,0.0705,21.03252,1.19411,-1.48827,-2.36746
6.84,-4.76174,-5.16073,-0.9162,-2.69018,-0.15034,-0.05673,4.68114,1.86101,2.8351,-2.2982,0.01665,-0.12062,-0.03765,-1.22358,0.67743,0.56393,0.91918,0.19192,-0.14936,-0.01533,15.07724,-2.2607,-1.8214,31.34291,-1.00702,7.7766,1.10368,-8.96964,-8.42599,0.02655,20.49391,0.96514,-1.36949,-2.36662
6.86,-4.27574,-4.74842,-0.77145,-2.686,-0.15372,-0.05316,4.70725,1.73512,2.82858,-2.33913,0.01455,-0.12868,-0.03769,-1.39931,0.74417,0.54681,0.84155,0.17114,-0.15007,-0.00545,14.59493,-2.08031,-1.91077,30.86036,-1.07185,7.84349,1.07491,-8.7809,-8.42423,-0.0251,20.16503,0.75745,-1.25532,-2.36453
6.88,-3.86444,-4.35742,-0.60609,-2.68202,-0.16046,-0.05029,4.71714,1.60392,2.82249,-2.38505,0.01245,-0.13615,-0.03772,-1.64482,0.84422,0.54324,0.73733,0.15128,-0.15289,0.00474,14.15792,-1.9273,-1.99777,30.40133,-1.145,7.91956,1.05732,-8.6824,-8.37022,-0.10327,19.71511,0.5342,-1.11845,-2.34699
6.9,-3.46599,-4.01345,-0.43703,-2.67626,-0.16993,-0.04828,4.69201,1.48191,2.8202,-2.43693,0.01183,-0.14378,-0.03521,-1.84766,0.90911,0.55345,0.64844,0.15101,-0.15812,0.00453,13.79618,-1.79955,-2.06661,29.98249,-1.19928,7.96936,1.03667,-8.71982,-8.22177,-0.20704,19.24197,0.32525,-1.02773,-2.34068
6.92,-2.99845,-3.72778,-0.30154,-2.66635,-0.18051,-0.04708,4.60962,1.38413,2.82552,-2.49653,0.01427,-0.15301,-0.02669,-1.82943,0.88646,0.59495,0.65761,0.19704,-0.17188,-0.01325,13.54109,-1.70784,-2.09459,29.62264,-1.19889,7.94815,0.99496,-8.8841,-8.02198,-0.30598,18.93084,0.17802,-1.07446,-2.37751
6.94,-2.60156,-3.49049,-0.1975,-2.65573,-0.19263,-0.0467,4.48492,1.29722,2.83462,-2.56306,0.01764,-0.15946,-0.01586,-1.73865,0.8605,0.64517,0.70822,0.24892,-0.18429,-0.03453,13.37251,-1.64203,-2.10768,29.31515,-1.17286,7.90155,0.94931,-9.14213,-7.86193,-0.39701,18.64211,0.05861,-1.17307,-2.4262
6.96,-2.37233,-3.27664,-0.10868,-2.6472,-0.20595,-0.04696,4.33065,1.21223,2.84468,-2.63482,0.02053,-0.16027,-0.0056,-1.68408,0.8954,0.68867,0.75844,0.27791,-0.18952,-0.04816,13.26915,-1.6072,-2.12263,29.05243,-1.14364,7.86267,0.91165,-9.38679,-7.78565,-0.47763,18.32537,-0.05333,-1.25723,-2.46445
6.98,-2.28008,-3.05764,-0.03452,-2.64033,-0.21951,-0.04765,4.14279,1.13142,2.85689,-2.71276,0.02333,-0.15738,0.00556,-1.61587,0.9672,0.74099,0.83597,0.29973,-0.19125,-0.05942,13.23033,-1.63009,-2.12785,28.82746,-1.09985,7.81139,0.87232,-9.65135,-7.80172,-0.54158,17.96717,-0.15145,-1.37179,-2.508
7,-2.29777,-2.91192,0.07209,-2.63223,-0.23243,-0.04835,3.93001,1.06518,2.87009,-2.79073,0.02552,-0.14955,0.01589,-1.59187,1.05399,0.78381,0.89853,0.30101,-0.18649,-0.06583,13.24267,-1.63192,-2.13764,28.65151,-1.04916,7.7675,0.84047,-9.90919,-7.82589,-0.60076,17.6873,-0.23115,-1.46542,-2.54192
7.02,-2.38144,-2.94133,0.25315,-2.62032,-0.24399,-0.0486,3.70197,1.02438,2.88327,-2.86228,0.02711,-0.13535,0.02328,-1.65499,1.12626,0.78278,0.8951,0.26426,-0.17302,-0.06301,13.2945,-1.50594,-2.17274,28.53856,-1.00295,7.75868,0.82909,-10.10303,-7.72637,-0.6757,17.64189,-0.28393,-1.46937,-2.54654
7.04,-2.53217,-3.04149,0.49274,-2.60568,-0.25375,-0.04838,3.45857,0.99681,2.89727,-2.93164,0.02833,-0.11882,0.02981,-1.76137,1.15904,0.76339,0.85097,0.21502,-0.15886,-0.05898,13.3726,-1.35296,-2.21238,28.46216,-0.95431,7.75913,0.82476,-10.26875,-7.58401,-0.75029,17.6884,-0.31918,-1.44721,-2.54143
7.06,-2.75361,-3.12011,0.77179,-2.58969,-0.26118,-0.04766,3.20087,0.97017,2.91233,-3.00296,0.02917,-0.1031,0.03695,-1.87962,1.14888,0.74963,0.79348,0.17311,-0.14915,-0.05865,13.46283,-1.24649,-2.24238,28.39849,-0.90058,7.75123,0.81818,-10.43114,-7.47464,-0.81019,17.69791,-0.34765,-1.44565,-2.54041
7.08,-3.00235,-3.23516,1.08672,-2.57323,-0.26572,-0.04623,2.93119,0.94683,2.9284,-3.07636,0.03041,-0.08796,0.04415,-1.9981,1.09569,0.74234,0.7263,0.14077,-0.14179,-0.06363,13.56552,-1.10096,-2.27808,28.34851,-0.84793,7.74729,0.81584,-10.57989,-7.33154,-0.86753,17.71477,-0.36814,-1.44315,-2.53717
7.1,-3.30537,-3.28589,1.42004,-2.54996,-0.26808,-0.04431,2.66658,0.92636,2.94361,-3.14308,0.03036,-0.07463,0.05092,-2.13854,1.03833,0.72981,0.63617,0.11074,-0.14018,-0.06553,13.63917,-1.0337,-2.29422,28.30516,-0.79756,7.73722,0.81253,-10.71996,-7.22029,-0.9057,17.74102,-0.38484,-1.43958,-2.53092
7.12,-3.70912,-3.13898,1.74241,-2.51256,-0.26968,-0.04226,2.42559,0.90812,2.95591,-3.19353,0.02689,-0.06439,0.05688,-2.32438,1.04813,0.70143,0.51016,0.07346,-0.14751,-0.0548,13.63175,-1.20202,-2.25776,28.25811,-0.74952,7.70601,0.8007,-10.87089,-7.2324,-0.90335,17.76098,-0.40367,-1.43971,-2.52199
7.14,-4.14291,-2.91092,2.01246,-2.46943,-0.2698,-0.03993,2.203,0.897,2.96641,-3.23278,0.02239,-0.05661,0.06187,-2.47989,1.13024,0.68454,0.39909,0.04567,-0.15784,-0.04066,13.58305,-1.42882,-2.20207,28.20834,-0.71006,7.67027,0.79013,-11.0227,-7.27023,-0.88248,17.78135,-0.42362,-1.43582,-2.50812
7.16,-4.54099,-2.70125,2.19992,-2.42819,-0.2678,-0.03725,1.99382,0.89603,2.97603,-3.26568,0.01861,-0.0507,0.06579,-2.53587,1.26014,0.6907,0.34323,0.03867,-0.1681,-0.02801,13.5224,-1.58002,-2.15242,28.15422,-0.68356,7.64129,0.78768,-11.1781,-7.2586,-0.86076,17.79124,-0.44509,-1.4263,-2.48857
7.18,-4.91848,-2.48258,2.28408,-2.38692,-0.26477,-0.03454,1.80683,0.90419,2.98382,-3.29002,0.01431,-0.04638,0.06826,-2.49889,1.44091,0.70229,0.32576,0.04185,-0.17827,-0.01178,13.41389,-1.72927,-2.09384,28.08606,-0.6697,7.61083,0.78965,-11.38604,-7.22182,-0.83352,17.76614,-0.47248,-1.41345,-2.463
7.2,-5.22861,-2.301,2.28915,-2.35211,-0.25868,-0.03172,1.66352,0.9385,2.9875,-3.29154,0.00968,-0.04432,0.06801,-2.38099,1.59971,0.72257,0.35465,0.06339,-0.18821,0.00172,13.31173,-1.78485,-2.04068,28.01989,-0.67414,7.59202,0.80339,-11.54455,-7.15156,-0.80017,17.76643,-0.50252,-1.38775,-2.4288
7.22,-5.40347,-2.19971,2.27465,-2.33035,-0.24714,-0.02864,1.58747,1.01569,2.9852,-3.25684,0.00532,-0.04529,0.06379,-2.22134,1.67913,0.7591,0.43263,0.11072,-0.198,0.00504,13.27805,-1.62958,-2.01127,27.96973,-0.70267,7.60035,0.83715,-11.52985,-7.03937,-0.76036,17.86257,-0.53094,-1.33775,-2.3831
7.24,-5.48245,-2.1386,2.22424,-2.31868,-0.23128,-0.02555,1.58289,1.12055,2.97551,-3.19337,-0.00027,-0.04846,0.0558,-2.04585,1.71089,0.78873,0.52555,0.16591,-0.20494,0.00343,13.25046,-1.37975,-1.98746,27.92094,-0.75042,7.62061,0.88331,-11.47665,-6.89231,-0.71651,17.98152,-0.56515,-1.27442,-2.32823
7.26,-5.48971,-2.09934,2.1058,-2.3144,-0.21248,-0.02266,1.64897,1.23935,2.95929,-3.10944,-0.00797,-0.05299,0.04443,-1.8514,1.7179,0.79381,0.61556,0.21282,-0.20661,0.00241,13.17573,-1.12114,-1.95639,27.85648,-0.81343,7.64104,0.93564,-11.49703,-6.71301,-0.6718,18.06121,-0.61106,-1.20615,-2.26618
7.28,-5.37246,-2.10191,1.9112,-2.31553,-0.19199,-0.02012,1.78774,1.37252,2.93613,-3.00642,-0.01697,-0.05885,0.0296,-1.63118,1.70709,0.77351,0.7065,0.23964,-0.20088,0.00502,13.05006,-0.82177,-1.92069,27.75852,-0.89268,7.66388,0.99447,-11.55665,-6.51889,-0.62307,18.11876,-0.66828,-1.12615,-2.19546
7.3,-5.1646,-2.09118,1.61926,-2.3302,-0.16423,-0.01738,2.04058,1.52115,2.89596,-2.86714,-0.02861,-0.06797,0.01021,-1.3564,1.64556,0.73338,0.82552,0.26374,-0.18918,0.00625,12.93923,-0.50448,-1.88678,27.68929,-0.98864,7.69414,1.06365,-11.6424,-6.2775,-0.57787,18.16997,-0.7366,-1.0442,-2.11921
7.32,-4.93089,-1.99678,1.18932,-2.36653,-0.12136,-0.01361,2.45492,1.68098,2.84633,-2.67859,-0.04402,-0.08243,-0.0136,-0.96738,1.49212,0.67013,1.00871,0.31322,-0.16896,-0.00748,12.92018,-0.19046,-1.86449,27.71913,-1.10431,7.73975,1.1483,-11.73985,-5.9402,-0.54711,18.2327,-0.81524,-0.97113,-2.04074
7.34,-4.58657,-1.90357,0.62074,-2.41114,-0.07185,-0.00973,2.99174,1.83852,2.77377,-2.46203,-0.06074,-0.10028,-0.04082,-0.47468,1.29627,0.56516,1.2141,0.3532,-0.1336,-0.03481,12.92364,0.13325,-1.84578,27.7761,-1.23679,7.79146,1.24172,-11.85135,-5.55876,-0.52251,18.29229,-0.90527,-0.89514,-1.95726
7.36,-4.07469,-1.89653,-0.03379,-2.45238,-0.02493,-0.00666,3.59715,1.98897,2.68209,-2.23666,-0.07656,-0.11942,-0.06982,0.07678,1.0794,0.41837,1.40058,0.36301,-0.08874,-0.06862,12.88749,0.4666,-1.82323,27.79931,-1.38437,7.84279,1.33854,-11.98151,-5.18505,-0.4962,18.33281,-1.00867,-0.80697,-1.86674
7.38,-3.48329,-1.99965,-0.72321,-2.49015,0.02115,-0.00421,4.25123,2.13667,2.63554,-2.01852,-0.08981,-0.14062,-0.0952,0.6836,0.74346,0.22562,1.55026,0.3956,-0.04576,-0.14015,12.83751,0.81726,-1.80801,27.80207,-1.55648,7.90591,1.44346,-12.10313,-4.80392,-0.47311,18.36945,-1.12616,-0.70726,-1.76971
7.4,-2.6911,-2.22044,-1.42725,-2.52539,0.05579,-0.00354,4.95066,2.26389,2.46078,-1.77414,-0.10203,-0.16082,-0.12594,1.31214,0.40644,0.01349,1.66607,0.39147,-0.00696,-0.19628,12.7854,1.13142,-1.78198,27.80873,-1.73049,7.95499,1.54685,-12.22901,-4.4495,-0.4498,18.38344,-1.25577,-0.60283,-1.66908
7.42,-1.63853,-2.52813,-2.13235,-2.55974,0.06542,-0.00613,5.69025,2.34023,2.00045,-1.44698,-0.11704,-0.1733,-0.17686,1.84582,0.3465,-0.13869,1.83143,0.23416,0.05166,-0.12472,12.74597,1.34176,-1.7198,27.85485,-1.87717,7.96113,1.63822,-12.3523,-4.17329,-0.41881,18.36644,-1.39422,-0.49805,-1.5671
7.44,-0.58196,-2.98484,-2.75933,-2.59111,0.05498,-0.01136,6.37512,2.38441,1.48688,-1.10354,-0.12894,-0.17676,-0.2299,2.30047,0.40013,-0.19595,2.02168,0.07279,0.08503,-0.00228,12.707,1.51107,-1.64893,27.90288,-2.02411,7.95738,1.72869,-12.45525,-3.94145,-0.38918,18.32728,-1.54399,-0.38829,-1.4621
7.46,0.28459,-3.57818,-3.29919,-2.61691,0.02958,-0.01859,6.93318,2.42155,1.07081,-0.80688,-0.13332,-0.1733,-0.27026,2.73873,0.45306,-0.19391,2.20739,-0.01163,0.08047,0.09657,12.66167,1.68827,-1.58949,27.92353,-2.19402,7.9688,1.82676,-12.50411,-3.73245,-0.36642,18.28376,-1.70704,-0.26725,-1.35211
7.48,0.83932,-4.23045,-3.74139,-2.63726,-0.01246,-0.02797,7.36429,2.42168,0.73817,-0.54451,-0.13612,-0.16316,-0.30873,3.02482,0.61598,-0.08689,2.36016,-0.06705,0.0381,0.19591,12.64733,1.83357,-1.52522,27.96145,-2.37609,7.9859,1.92987,-12.40025,-3.58362,-0.34133,18.29077,-1.88095,-0.12803,-1.23599
7.5,1.32061,-4.93211,-4.11549,-2.66021,-0.07435,-0.03952,7.596,2.44269,0.39284,-0.34793,-0.12602,-0.1405,-0.32649,3.37346,0.73627,0.00578,2.50383,-0.07687,-0.01691,0.25789,12.58455,1.99834,-1.47871,27.92945,-2.57108,8.00968,2.03557,-12.39084,-3.41929,-0.33845,18.19362,-2.06536,0.00308,-1.12018
7.52,2.25715,-5.61896,-4.43034,-2.69226,-0.15477,-0.05256,7.65098,2.60506,0.02654,-0.23575,-0.09086,-0.10123,-0.30388,4.07893,0.62381,-0.09325,2.74871,-0.02318,-0.03767,0.28031,12.38281,2.25765,-1.47919,27.72141,-2.78241,8.04466,2.14265,-12.76675,-3.15476,-0.38514,17.81454,-2.25718,0.10007,-1.01059
7.54,3.51684,-6.10889,-4.62097,-2.72591,-0.24094,-0.06567,7.68378,2.82855,-0.24958,-0.17903,-0.05061,-0.05397,-0.27119,4.82679,0.39558,-0.30056,2.9961,0.03319,-0.02971,0.27704,12.12736,2.53322,-1.49455,27.44279,-3.00245,8.08641,2.25191,-13.24752,-2.86875,-0.4549,17.33402,-2.45201,0.19187,-0.90031
7.56,4.81675,-6.21992,-4.69278,-2.7573,-0.32129,-0.07769,7.75653,2.99235,-0.4191,-0.15319,-0.01842,-0.00881,-0.24841,5.37084,0.23347,-0.47471,3.21128,0.06116,-0.01687,0.27465,11.89562,2.76464,-1.5003,27.18367,-3.22636,8.13226,2.36418,-13.59588,-2.6288,-0.5235,16.90466,-2.64781,0.2993,-0.78519
7.58,6.28261,-5.909,-4.69154,-2.78872,-0.3882,-0.08765,7.91106,3.06764,-0.51288,-0.15677,0.01001,0.02546,-0.2279,5.72185,0.10911,-0.6563,3.42685,0.07505,-0.00345,0.26273,11.68365,3.00241,-1.50734,26.917,-3.45529,8.18424,2.47945,-13.87479,-2.44027,-0.58893,16.48811,-2.84342,0.41465,-0.66803
7.6,8.20171,-5.07526,-4.45896,-2.82094,-0.43775,-0.09508,8.11682,3.0582,-0.56512,-0.18066,0.03312,0.06458,-0.21648,6.03381,-0.03303,-0.77542,3.63389,0.0674,0.00845,0.26248,11.4212,3.15125,-1.50276,26.63599,-3.67677,8.2315,2.5904,-14.22787,-2.21838,-0.66998,16.03035,-3.03343,0.52515,-0.55178
7.62,11.2051,-4.61408,-3.63535,-2.85375,-0.46458,-0.09947,8.35235,3.02207,-0.55587,-0.28284,0.05105,0.13339,-0.2131,6.25269,-0.49156,-0.80203,3.51302,0.02952,0.03652,0.27158,11.0423,3.07662,-1.46889,26.35073,-3.87102,8.25953,2.68803,-14.83505,-1.85752,-0.79124,15.46653,-3.20867,0.61417,-0.43976
7.64,14.642,-4.30102,-2.69286,-2.88653,-0.46236,-0.10044,8.66269,2.87337,-0.48052,-0.49537,0.06821,0.20223,-0.2039,6.29951,-0.98309,-0.7557,3.22698,-0.0144,0.06396,0.27707,10.62297,2.90194,-1.41933,26.06306,-4.05096,8.27886,2.77732,-15.55602,-1.47293,-0.92046,14.86347,-3.37389,0.69289,-0.33173
7.66,17.83999,-3.94525,-1.94242,-2.92137,-0.43365,-0.09843,9.00192,2.54165,-0.40158,-0.75876,0.08455,0.25198,-0.18898,6.14866,-1.36743,-0.68515,2.88905,-0.05023,0.07702,0.27049,10.24001,2.73035,-1.36505,25.78753,-4.22388,8.29346,2.86102,-16.26436,-1.14409,-1.03284,14.28284,-3.53322,0.76653,-0.22908
7.68,20.83783,-3.65181,-1.36861,-2.96156,-0.38214,-0.09371,9.31772,2.07214,-0.40075,-1.17586,0.10289,0.29759,-0.15582,5.94469,-1.65768,-0.59013,2.50889,-0.07951,0.07928,0.25868,9.89983,2.49583,-1.30127,25.55741,-4.36595,8.28651,2.93193,-17.11676,-0.77824,-1.15065,13.66054,-3.67604,0.81078,-0.13746
7.7,23.09756,-3.39316,-0.8902,-3.00074,-0.32556,-0.08851,9.49251,1.55037,-0.50466,-1.49526,0.11456,0.31942,-0.13682,5.68693,-1.90067,-0.49587,2.09691,-0.09966,0.08107,0.24132,9.52939,2.33467,-1.23735,25.28606,-4.52362,8.2773,2.99336,-17.86169,-0.49464,-1.23714,13.11503,-3.82862,0.85983,-0.05262
7.72,24.29548,-3.2745,-0.3218,-3.03193,-0.28766,-0.08556,9.51476,1.16219,-0.37886,-1.3247,0.1104,0.31022,-0.17925,5.33106,-2.17279,-0.42057,1.6554,-0.11027,0.09393,0.21724,9.03875,2.41288,-1.18428,24.86579,-4.75179,8.285,3.04813,-18.19836,-0.43651,-1.2476,12.77387,-4.02748,0.95269,0.02891
7.74,24.85063,-3.41563,0.23736,-3.05971,-0.26264,-0.08366,9.48418,0.8998,-0.17931,-1.02239,0.09897,0.28846,-0.23735,4.96871,-2.43606,-0.35517,1.2116,-0.11341,0.10745,0.1919,8.52615,2.59816,-1.13865,24.40697,-4.99584,8.27743,3.08761,-18.41103,-0.4387,-1.22858,12.51399,-4.24345,1.03398,0.09614
7.76,25.04826,-3.77534,0.66277,-3.08785,-0.24052,-0.08131,9.43033,0.68936,-0.06157,-0.84602,0.08817,0.26937,-0.27757,4.68772,-2.66903,-0.2993,0.79689,-0.10925,0.11352,0.17041,8.06468,2.77552,-1.096,23.99702,-5.21055,8.23273,3.1069,-18.7414,-0.38101,-1.21713,12.22747,-4.45018,1.06653,0.14372
7.78,24.28893,-4.57765,0.74802,-3.11433,-0.22279,-0.07862,9.35306,0.5355,0.03077,-0.68421,0.07275,0.24784,-0.31634,4.50695,-2.76626,-0.22938,0.33545,-0.10021,0.11312,0.14571,7.56841,2.95654,-1.05178,23.58262,-5.40647,8.15324,3.10467,-19.19023,-0.31352,-1.20177,11.88212,-4.66893,1.06806,0.17415
7.8,22.87615,-5.32178,0.70065,-3.13229,-0.21028,-0.07587,9.26932,0.43268,0.09375,-0.54683,0.05535,0.22606,-0.34807,4.44256,-2.72871,-0.15959,0.00594,-0.08243,0.09442,0.13688,7.16623,3.19937,-1.02579,23.21035,-5.60812,8.05468,3.09182,-19.49087,-0.25232,-1.17847,11.66648,-4.87569,1.03305,0.18904
7.82,21.05746,-5.72546,0.69549,-3.13483,-0.20307,-0.07325,9.18143,0.36695,0.1287,-0.45473,0.04077,0.20852,-0.3644,4.4264,-2.59914,-0.09983,-0.05325,-0.05065,0.04899,0.154,7.01784,3.56737,-1.04254,22.93892,-5.8441,7.9532,3.07991,-19.33648,-0.21871,-1.14446,11.80788,-5.03579,0.953,0.19105
7.84,19.25275,-5.9263,0.75301,-3.12645,-0.19392,-0.06957,9.08108,0.33277,0.15247,-0.37319,0.02279,0.19428,-0.37495,4.47646,-2.4622,-0.0441,-0.00403,-0.01403,-0.00159,0.17922,6.95594,3.96306,-1.07561,22.70673,-6.08756,7.83148,3.05833,-19.0372,-0.20778,-1.10179,12.06487,-5.1901,0.84731,0.18192
7.86,17.71716,-6.04176,0.84164,-3.11244,-0.17835,-0.06414,8.97182,0.32986,0.17053,-0.30047,-0.00257,0.18508,-0.38488,4.6122,-2.36704,0.00747,0.03761,0.02015,-0.04188,0.20266,6.84231,4.30215,-1.10448,22.46559,-6.3178,7.67965,3.02067,-18.85209,-0.20302,-1.05754,12.23909,-5.36697,0.72828,0.1637
7.88,16.38937,-6.03509,0.97573,-3.08991,-0.16069,-0.05772,8.85981,0.36221,0.1844,-0.2464,-0.03433,0.18431,-0.39327,4.78324,-2.31987,0.0555,0.12209,0.05174,-0.0717,0.23368,6.70218,4.62459,-1.1449,22.20742,-6.56339,7.51047,2.97275,-18.63985,-0.24064,-1.00674,12.43614,-5.54616,0.59191,0.13913
7.9,15.35341,-6.00699,1.17371,-3.06122,-0.13418,-0.04947,8.7459,0.45907,0.205,-0.19171,-0.07362,0.19119,-0.39678,4.96191,-2.27229,0.09604,0.17731,0.08167,-0.09418,0.25504,6.58257,4.87752,-1.17535,21.98531,-6.78624,7.31583,2.91635,-18.46588,-0.2399,-0.95507,12.57041,-5.76416,0.46064,0.10979
7.92,14.69011,-6.07806,1.43728,-3.03058,-0.09084,-0.03843,8.62611,0.64901,0.2373,-0.13731,-0.11814,0.20164,-0.39166,5.13319,-2.17234,0.1162,0.09259,0.11149,-0.11223,0.24221,6.52293,4.9994,-1.1688,21.85432,-6.94269,7.09058,2.85512,-18.44901,-0.0931,-0.91375,12.51622,-6.06372,0.35277,0.07414
7.94,14.29763,-6.22299,1.78254,-2.99472,-0.0417,-0.02646,8.50774,0.9158,0.27803,-0.08403,-0.16898,0.22243,-0.38164,5.27179,-2.04764,0.12727,-0.04157,0.14005,-0.11932,0.22197,6.46877,5.06316,-1.15284,21.74465,-7.09366,6.8536,2.79235,-18.49083,0.09111,-0.87157,12.38947,-6.40063,0.24436,0.03204
7.96,14.10475,-6.42365,2.2128,-2.9518,0.00472,-0.01498,8.4016,1.23439,0.32234,-0.03646,-0.22425,0.25586,-0.37176,5.36759,-1.91123,0.14084,-0.16256,0.16701,-0.11364,0.21177,6.36649,5.12408,-1.14707,21.59745,-7.27978,6.61539,2.72856,-18.5233,0.23355,-0.82277,12.27197,-6.74299,0.12401,-0.01355
7.98,14.10944,-6.69643,2.67964,-2.90379,0.05186,-0.00363,8.31527,1.58635,0.35762,-0.03989,-0.26877,0.28902,-0.36376,5.43316,-1.74738,0.14013,-0.40223,0.19769,-0.10285,0.18686,6.2146,5.17766,-1.14123,21.41584,-7.48373,6.37523,2.66546,-18.65184,0.39718,-0.77577,12.0752,-7.11373,-0.00133,-0.06391
8,14.26931,-7.04938,3.24898,-2.85115,0.09439,0.00675,8.21538,1.94422,0.41035,0.05488,-0.32581,0.33724,-0.35266,5.45865,-1.51184,0.16075,-0.48504,0.2303,-0.08362,0.18913,6.07843,5.21405,-1.13772,21.2447,-7.7156,6.1337,2.60367,-18.69464,0.50032,-0.71941,11.94573,-7.48285,-0.13535,-0.11728
8.02,14.36554,-7.37487,3.88266,-2.79466,0.125,0.01511,8.00736,2.23218,0.49966,0.3724,-0.42524,0.41143,-0.32952,5.40271,-1.22527,0.26364,-0.07892,0.25803,-0.05023,0.26836,6.03223,5.21578,-1.13984,21.13735,-7.98374,5.88684,2.54072,-18.39891,0.42946,-0.64052,12.08009,-7.81201,-0.27595,-0.16899
8.04,14.28254,-7.45128,4.27059,-2.73727,0.14825,0.02204,7.72116,2.35941,0.55802,0.68193,-0.52474,0.4719,-0.30283,5.2916,-1.0343,0.39205,0.34844,0.2935,-0.0047,0.35882,6.01631,5.20035,-1.14129,21.05165,-8.26919,5.63467,2.47644,-17.98666,0.29258,-0.55527,12.30026,-8.13517,-0.41672,-0.22117
8.06,14.11321,-7.25215,4.31182,-2.68162,0.16749,0.02796,7.45809,2.33704,0.55235,0.88789,-0.59641,0.5026,-0.2842,5.19267,-0.99347,0.47999,0.59091,0.33828,0.04585,0.41897,5.97262,5.19042,-1.13889,20.94474,-8.56111,5.38108,2.41237,-17.64055,0.17189,-0.47635,12.46686,-8.47514,-0.55787,-0.27642
8.08,13.86695,-6.76695,4.02532,-2.62957,0.18079,0.03253,7.22962,2.1886,0.4853,1.05006,-0.6645,0.51153,-0.27566,5.11046,-1.11842,0.52737,0.76121,0.36934,0.09195,0.47695,5.91601,5.18016,-1.13168,20.82935,-8.85796,5.12598,2.34785,-17.29312,0.02426,-0.39703,12.63662,-8.81805,-0.70046,-0.33473
8.1,13.59379,-6.11711,3.57782,-2.58303,0.18901,0.03586,7.10394,2.00125,0.38518,1.15204,-0.70939,0.50853,-0.27032,5.07585,-1.34621,0.51451,0.8327,0.41294,0.15061,0.50458,5.8841,5.16752,-1.12375,20.7329,-9.15381,4.86897,2.28294,-16.92797,-0.11858,-0.32325,12.8153,-9.15735,-0.84403,-0.39421
8.12,13.19375,-5.54993,3.22969,-2.54237,0.19373,0.03819,7.08477,1.88243,0.31753,1.19625,-0.69309,0.50226,-0.25111,5.06794,-1.53987,0.46799,0.79773,0.50993,0.23184,0.45964,5.92002,5.1526,-1.12027,20.68931,-9.44133,4.60902,2.21743,-16.5266,-0.21081,-0.2633,13.00786,-9.48757,-0.98663,-0.45204
8.14,12.62371,-5.03151,2.92488,-2.50943,0.19589,0.03953,7.10734,1.82939,0.28173,1.21829,-0.65092,0.48768,-0.22524,5.05501,-1.73856,0.39831,0.70776,0.60651,0.29866,0.38029,5.98624,5.13678,-1.11706,20.67134,-9.71702,4.34828,2.15066,-16.10271,-0.29607,-0.20885,13.21243,-9.80612,-1.12906,-0.51043
8.16,12.00872,-4.48643,2.58711,-2.48523,0.19643,0.03996,7.14665,1.82103,0.25763,1.23734,-0.61548,0.46271,-0.20277,5.07365,-1.99146,0.29164,0.61665,0.66101,0.33122,0.30577,6.04946,5.12442,-1.11058,20.65551,-9.97808,4.09027,2.08325,-15.67437,-0.40335,-0.15429,13.42224,-10.11175,-1.27363,-0.57213
8.18,11.38638,-3.9161,2.25289,-2.46612,0.19618,0.03968,7.18983,1.85484,0.25584,1.25328,-0.58272,0.43683,-0.1789,5.13648,-2.27246,0.14923,0.54119,0.70904,0.35035,0.22232,6.14331,5.11476,-1.10269,20.67635,-10.21923,3.83463,2.01525,-15.18378,-0.51892,-0.10168,13.67752,-10.39697,-1.41958,-0.63633
8.2,10.86548,-3.44915,2.0107,-2.46013,0.19685,0.0389,7.2409,1.91278,0.26773,1.2672,-0.54841,0.4031,-0.16241,5.28962,-2.50915,0.00261,0.52945,0.7204,0.34257,0.15539,6.22525,5.11349,-1.09591,20.67643,-10.44238,3.58565,1.9473,-14.74341,-0.64606,-0.05215,13.8912,-10.66724,-1.56605,-0.70201
8.22,10.38872,-3.26216,1.92952,-2.47727,0.19989,0.03783,7.30641,1.97555,0.27592,1.28562,-0.50924,0.35098,-0.16283,5.495,-2.61827,-0.0783,0.58379,0.64512,0.29354,0.13868,6.24118,5.13303,-1.09295,20.58186,-10.65257,3.34916,1.8812,-14.48799,-0.78817,-0.00719,13.95812,-10.93195,-1.71331,-0.76895
8.24,9.90147,-3.21111,1.92453,-2.50462,0.20393,0.03651,7.36563,2.03627,0.28341,1.31152,-0.47332,0.29907,-0.1704,5.70205,-2.64896,-0.11201,0.66385,0.5479,0.23663,0.14708,6.24576,5.17146,-1.09294,20.46412,-10.84455,3.12285,1.81732,-14.278,-0.93396,0.03224,13.98654,-11.17977,-1.8584,-0.83523
8.26,9.43718,-3.15681,1.93152,-2.5306,0.20808,0.03505,7.40497,2.09331,0.29271,1.34484,-0.44896,0.26105,-0.17731,5.90931,-2.64955,-0.1315,0.76005,0.47525,0.19453,0.15766,6.28553,5.21992,-1.0942,20.3829,-11.0137,2.90389,1.7551,-13.99459,-1.08257,0.06752,14.06703,-11.40205,-2.00101,-0.90123
8.28,8.99082,-3.12131,1.95642,-2.557,0.21355,0.03372,7.4343,2.14722,0.3013,1.38412,-0.43221,0.23312,-0.1853,6.1342,-2.61108,-0.13524,0.86554,0.41101,0.16067,0.17599,6.357,5.27776,-1.09728,20.31982,-11.16206,2.69329,1.69476,-13.66048,-1.24096,0.1008,14.17411,-11.60333,-2.14984,-0.97321
8.3,8.673,-3.06691,1.97468,-2.57969,0.21722,0.0322,7.45578,2.18566,0.30677,1.42759,-0.42154,0.21402,-0.19439,6.36637,-2.5725,-0.13028,0.99001,0.35693,0.13492,0.19782,6.42646,5.34028,-1.10293,20.26316,-11.29213,2.49262,1.63686,-13.33635,-1.39078,0.12477,14.28223,-11.78324,-2.27984,-1.03279
8.32,8.5862,-2.95899,1.96323,-2.5936,0.21543,0.03006,7.46939,2.19249,0.30558,1.47345,-0.41568,0.20188,-0.20472,6.57841,-2.57947,-0.11871,1.1506,0.31756,0.11737,0.21766,6.45944,5.40496,-1.11356,20.20226,-11.4067,2.30194,1.58146,-13.08356,-1.51014,0.13252,14.36851,-11.94334,-2.35513,-1.0551
8.34,8.61562,-2.83587,1.93527,-2.60147,0.21115,0.02779,7.48005,2.1818,0.29952,1.51905,-0.41307,0.19564,-0.21522,6.77778,-2.60147,-0.09783,1.31383,0.28542,0.10424,0.23684,6.48734,5.4646,-1.12648,20.14645,-11.50652,2.12073,1.52837,-12.86349,-1.6157,0.13325,14.44192,-12.08992,-2.40611,-1.06222
8.36,8.65721,-2.71541,1.89553,-2.60511,0.20673,0.02575,7.4907,2.1634,0.2896,1.56271,-0.41272,0.19433,-0.22477,6.97405,-2.61298,-0.0705,1.4572,0.25724,0.09394,0.25454,6.54439,5.51545,-1.14096,20.10956,-11.59158,1.94697,1.47681,-12.61493,-1.7212,0.1348,14.52987,-12.22443,-2.46094,-1.07391
8.38,8.69169,-2.59257,1.84044,-2.60309,0.20095,0.02373,7.50553,2.12458,0.27143,1.60509,-0.41061,0.19237,-0.23524,7.15208,-2.627,-0.03426,1.58383,0.23115,0.08275,0.27104,6.63017,5.57184,-1.16512,20.08289,-11.66217,1.77515,1.42485,-12.33763,-1.81937,0.13686,14.64081,-12.3461,-2.50266,-1.07892
8.4,8.78507,-2.50101,1.77493,-2.6,0.19353,0.02169,7.52122,2.08594,0.25337,1.64316,-0.40999,0.19326,-0.24316,7.31368,-2.62751,0.00881,1.68983,0.20579,0.07154,0.28439,6.70475,5.59098,-1.18034,20.07258,-11.72402,1.61983,1.37758,-12.10593,-1.9004,0.13803,14.72051,-12.46136,-2.55133,-1.08842
8.42,9.02131,-2.47043,1.70424,-2.60154,0.18468,0.01962,7.53083,2.07583,0.24691,1.67382,-0.41705,0.2034,-0.24345,7.46629,-2.59359,0.05361,1.77446,0.18311,0.064,0.29202,6.72815,5.52188,-1.16412,20.0915,-11.78563,1.49945,1.34152,-11.98304,-1.95521,0.13558,14.71951,-12.57447,-2.63533,-1.11834
8.44,9.28504,-2.47475,1.62871,-2.60483,0.17466,0.01748,7.54281,2.07206,0.24413,1.7015,-0.42253,0.21212,-0.24114,7.59946,-2.54685,0.10152,1.84303,0.15966,0.05438,0.2973,6.73429,5.41974,-1.13941,20.12201,-11.8436,1.39786,1.31125,-11.89782,-1.98979,0.13285,14.69495,-12.67884,-2.7298,-1.1541
8.46,9.47332,-2.49102,1.54702,-2.6076,0.16391,0.01524,7.56302,2.0575,0.23793,1.72983,-0.4204,0.21225,-0.24026,7.70622,-2.5052,0.15224,1.89883,0.13404,0.03948,0.30262,6.75808,5.3299,-1.12501,20.15565,-11.89215,1.29999,1.2816,-11.78402,-2.01177,0.13337,14.69711,-12.76994,-2.81519,-1.18504
8.48,9.61644,-2.52267,1.45928,-2.61184,0.15269,0.01292,7.58192,2.04796,0.23404,1.75654,-0.4184,0.21089,-0.23751,7.78459,-2.46392,0.20324,1.94277,0.11559,0.0266,0.30636,6.79509,5.23784,-1.1148,20.20681,-11.93179,1.20969,1.25383,-11.65112,-2.01984,0.13635,14.7182,-12.84821,-2.89917,-1.21574
8.5,9.70767,-2.56563,1.36598,-2.61769,0.14114,0.01049,7.61288,2.03044,0.22822,1.78695,-0.40658,0.20201,-0.23821,7.8472,-2.435,0.24738,1.98034,0.08929,0.00749,0.31063,6.8113,5.15014,-1.1045,20.24016,-11.96819,1.13091,1.22997,-11.55108,-2.01653,0.13998,14.72511,-12.9183,-2.98121,-1.24503
8.52,9.74224,-2.6038,1.2598,-2.62464,0.12926,0.00792,7.67692,1.98459,0.21396,1.82958,-0.37226,0.17753,-0.24964,7.91497,-2.43983,0.27065,2.02026,0.03438,-0.03023,0.3167,6.76861,5.0758,-1.08959,20.21218,-12.00853,1.06765,1.21234,-11.53639,-2.00513,0.1425,14.68405,-12.98577,-3.06013,-1.27117
8.54,9.74058,-2.62948,1.13364,-2.63235,0.11737,0.00529,7.75312,1.93183,0.19931,1.87746,-0.33263,0.15109,-0.26498,7.97075,-2.47252,0.27081,2.05501,-0.02239,-0.06974,0.31913,6.70384,5.00819,-1.07347,20.16319,-12.04781,1.01379,1.19823,-11.55499,-1.98757,0.14495,14.62676,-13.04763,-3.13722,-1.29582
8.56,9.70006,-2.64723,0.99449,-2.63995,0.10575,0.00269,7.82142,1.89044,0.18993,1.92332,-0.30082,0.1328,-0.27836,7.99662,-2.52075,0.25636,2.07715,-0.06127,-0.09799,0.31664,6.65315,4.94644,-1.06,20.12704,-12.08161,0.96262,1.18484,-11.55495,-1.96578,0.14829,14.58491,-13.10181,-3.21212,-1.31971
8.58,9.60533,-2.65597,0.84896,-2.64691,0.09425,0.0001,7.8874,1.85578,0.18575,1.96839,-0.27168,0.11854,-0.29205,7.99735,-2.58858,0.22701,2.0874,-0.09683,-0.12473,0.31069,6.59982,4.89174,-1.04362,20.08688,-12.11566,0.91752,1.17404,-11.54818,-1.93957,0.15149,14.54933,-13.15173,-3.28765,-1.34404
8.6,9.50822,-2.68081,0.71478,-2.65168,0.08352,-0.00232,7.93822,1.83102,0.18512,2.00521,-0.24832,0.11061,-0.30374,7.97325,-2.64926,0.19408,2.08255,-0.11355,-0.13887,0.30082,6.55936,4.84467,-1.03212,20.04954,-12.14742,0.87038,1.16221,-11.55227,-1.91371,0.15432,14.50548,-13.20087,-3.35717,-1.36533
8.62,9.48323,-2.74435,0.60699,-2.65267,0.0744,-0.00441,7.95873,1.82144,0.18521,2.02681,-0.23482,0.112,-0.3108,7.93586,-2.67705,0.16967,2.069,-0.09208,-0.12567,0.28922,6.55738,4.80811,-1.03634,20.02826,-12.17216,0.81071,1.14463,-11.58312,-1.89303,0.15684,14.4395,-13.25312,-3.41111,-1.3787
8.64,9.49683,-2.82196,0.51836,-2.65061,0.06636,-0.00626,7.9585,1.82043,0.18629,2.03759,-0.22696,0.11754,-0.31565,7.89397,-2.69256,0.14861,2.05408,-0.05828,-0.10337,0.27846,6.57213,4.7796,-1.04479,20.0099,-12.19801,0.7476,1.1258,-11.62513,-1.87205,0.15859,14.36212,-13.30959,-3.45787,-1.38869
8.66,9.50959,-2.89498,0.44297,-2.64637,0.05895,-0.00795,7.9443,1.82422,0.18936,2.04136,-0.22139,0.12322,-0.3201,7.84869,-2.7101,0.12751,2.03955,-0.03201,-0.08638,0.26918,6.5865,4.75713,-1.04874,19.98474,-12.23208,0.68803,1.10919,-11.66209,-1.84575,0.15934,14.28453,-13.37104,-3.50412,-1.39892
8.68,9.52604,-2.96623,0.38106,-2.63995,0.0526,-0.00942,7.91194,1.83786,0.19495,2.03823,-0.21578,0.1274,-0.32471,7.80342,-2.7242,0.10802,2.02617,-0.00986,-0.07213,0.25942,6.6087,4.74563,-1.05384,19.95328,-12.27418,0.62718,1.09267,-11.70173,-1.81476,0.15909,14.19972,-13.44084,-3.54358,-1.40624
8.7,9.59191,-3.03194,0.3299,-2.6322,0.04695,-0.01071,7.8671,1.84346,0.19549,2.02695,-0.21506,0.13252,-0.32737,7.75733,-2.72984,0.09384,2.01191,0.0109,-0.0589,0.25294,6.62192,4.73108,-1.05439,19.91439,-12.32765,0.56824,1.07803,-11.75102,-1.78228,0.15838,14.10564,-13.51955,-3.58475,-1.41495
8.72,9.75886,-3.08865,0.28665,-2.62395,0.04139,-0.01193,7.81822,1.82022,0.18253,2.00692,-0.22551,0.14224,-0.32546,7.70836,-2.72288,0.08861,1.9944,0.03317,-0.04478,0.2544,6.59874,4.69546,-1.04176,19.86355,-12.39729,0.51689,1.06818,-11.8222,-1.751,0.15756,13.99813,-13.60691,-3.64009,-1.43113
8.74,9.96258,-3.13625,0.25003,-2.61633,0.03637,-0.01299,7.76293,1.78812,0.16414,1.98235,-0.23841,0.15125,-0.32238,7.659,-2.70853,0.08819,1.97492,0.05288,-0.0326,0.25803,6.55803,4.65732,-1.02502,19.8006,-12.482,0.46701,1.06028,-11.90863,-1.72082,0.1565,13.87822,-13.70612,-3.69771,-1.4491
8.76,10.14666,-3.17479,0.21919,-2.6103,0.03226,-0.01384,7.70037,1.76207,0.1469,1.95717,-0.24684,0.15532,-0.32066,7.61116,-2.6917,0.08914,1.95495,0.06571,-0.02543,0.25935,6.50946,4.63098,-1.00996,19.72316,-12.5816,0.4147,1.05253,-12.00685,-1.69103,0.15458,13.74556,-13.82009,-3.74855,-1.46454
8.78,10.33614,-3.20786,0.19407,-2.60554,0.02877,-0.01453,7.63534,1.73271,0.12781,1.93198,-0.25451,0.15727,-0.31845,7.56428,-2.66959,0.09329,1.9343,0.07481,-0.02106,0.2603,6.42198,4.60599,-0.99033,19.61906,-12.70052,0.36474,1.04715,-12.14192,-1.66056,0.15071,13.58613,-13.94979,-3.79956,-1.48022
8.8,10.48393,-3.23001,0.17279,-2.60574,0.02589,-0.01508,7.57198,1.70696,0.10922,1.9073,-0.25886,0.15569,-0.31791,7.5195,-2.64588,0.09762,1.91228,0.07935,-0.0199,0.25992,6.35046,4.59774,-0.9762,19.51678,-12.8316,0.30795,1.04033,-12.25747,-1.64134,0.14725,13.43395,-14.09431,-3.84116,-1.49336
8.82,10.53936,-3.23459,0.15315,-2.61513,0.02371,-0.01552,7.5143,1.69384,0.09384,1.88347,-0.25625,0.14829,-0.32192,7.47849,-2.62518,0.09845,1.88859,0.07762,-0.02294,0.25688,6.35649,4.62595,-0.9791,19.4483,-12.96608,0.2329,1.02726,-12.29209,-1.64603,0.14644,13.3259,-14.25288,-3.86122,-1.50029
8.84,10.54504,-3.23326,0.1368,-2.62976,0.02188,-0.01591,7.46447,1.68315,0.07947,1.86213,-0.2518,0.13921,-0.32716,7.44157,-2.60343,0.09887,1.86518,0.07336,-0.02758,0.25301,6.37366,4.66994,-0.98678,19.38117,-13.11277,0.1489,1.01191,-12.30724,-1.66348,0.14523,13.22534,-14.42769,-3.86993,-1.50391
8.86,10.53881,-3.23624,0.12503,-2.64632,0.02014,-0.01627,7.42434,1.66807,0.06463,1.84481,-0.24899,0.13138,-0.33133,7.40914,-2.57753,0.10117,1.84385,0.06914,-0.03201,0.24946,6.34296,4.71395,-0.98925,19.28539,-13.2799,0.06478,0.99814,-12.35974,-1.68315,0.1412,13.09828,-14.62076,-3.87617,-1.50657
8.88,10.53204,-3.24306,0.11694,-2.6663,0.0185,-0.01662,7.39715,1.65051,0.04895,1.83112,-0.24629,0.12366,-0.33578,7.38163,-2.54809,0.10436,1.82472,0.06469,-0.03644,0.24606,6.25885,4.76513,-0.98746,19.15835,-13.46805,-0.01893,0.98652,-12.45854,-1.70574,0.13482,12.93967,-14.83256,-3.88061,-1.5087
8.9,10.47244,-3.25751,0.11262,-2.68705,0.01648,-0.01704,7.38177,1.6317,0.03571,1.823,-0.24545,0.11801,-0.33929,7.36106,-2.51656,0.1087,1.80906,0.06076,-0.04035,0.24311,6.18504,4.81428,-0.98791,19.03358,-13.66816,-0.11276,0.9719,-12.52898,-1.73403,0.12811,12.79562,-15.06022,-3.87149,-1.5057
8.92,10.30217,-3.28315,0.11247,-2.70541,0.01362,-0.01758,7.37578,1.61278,0.0286,1.82264,-0.24831,0.11665,-0.34045,7.3493,-2.48478,0.11472,1.79827,0.05805,-0.04331,0.24087,6.18957,4.84933,-0.99866,18.94594,-13.86836,-0.23179,0.94682,-12.49238,-1.77166,0.12332,12.71456,-15.30088,-3.83121,-1.4901
8.94,10.09697,-3.31828,0.11634,-2.72338,0.0104,-0.01818,7.38147,1.59173,0.02377,1.82795,-0.25258,0.11724,-0.34094,7.34455,-2.44967,0.12244,1.79196,0.05617,-0.04571,0.23932,6.20258,4.87818,-1.01167,18.85994,-14.07816,-0.36299,0.9178,-12.43276,-1.81013,0.11938,12.64682,-15.55575,-3.77529,-1.46812
8.96,9.92538,-3.36037,0.12411,-2.74244,0.00734,-0.01878,7.39943,1.56612,0.0178,1.83687,-0.25644,0.11792,-0.342,7.34477,-2.40855,0.13221,1.7898,0.05485,-0.04785,0.23847,6.16258,4.90608,-1.0197,18.74332,-14.30606,-0.49377,0.89089,-12.42546,-1.84175,0.11518,12.54756,-15.82573,-3.71762,-1.44489
8.98,9.77786,-3.40581,0.13566,-2.76192,0.00454,-0.01937,7.42619,1.53621,0.01181,1.84914,-0.25949,0.11884,-0.34349,7.34927,-2.36311,0.14428,1.79193,0.054,-0.0499,0.23822,6.08518,4.9298,-1.02863,18.60037,-14.54373,-0.63474,0.86083,-12.46047,-1.87072,0.11214,12.42254,-16.10979,-3.64272,-1.41239
9,9.64829,-3.45254,0.15101,-2.78098,0.00244,-0.01988,7.458,1.49908,0.00445,1.86473,-0.26287,0.12048,-0.34481,7.35763,-2.30706,0.15948,1.79859,0.05386,-0.05171,0.2388,6.02018,4.9455,-1.03128,18.46451,-14.79369,-0.76822,0.83606,-12.48325,-1.88623,0.11147,12.30987,-16.39808,-3.57915,-1.38602
9.02,9.52889,-3.49721,0.16992,-2.79897,0.00159,-0.02023,7.49056,1.45105,-0.0063,1.8835,-0.26797,0.12337,-0.34524,7.36929,-2.23335,0.17873,1.80995,0.05474,-0.05303,0.24048,6.02245,4.94678,-1.01714,18.37382,-15.06213,-0.86651,0.82943,-12.43477,-1.87542,0.11417,12.25073,-16.67942,-3.5678,-1.38709
9.04,9.43196,-3.52817,0.19064,-2.81697,0.00238,-0.0204,7.51968,1.39257,-0.01985,1.90342,-0.27238,0.12643,-0.34547,7.38177,-2.14736,0.20173,1.82534,0.05605,-0.05437,0.2428,6.06544,4.9354,-0.9972,18.30268,-15.33501,-0.95076,0.83029,-12.36611,-1.85433,0.12093,12.21118,-16.95611,-3.57598,-1.3974
9.06,9.36855,-3.53329,0.21082,-2.8363,0.0053,-0.02033,7.54152,1.32369,-0.03604,1.92257,-0.27405,0.12855,-0.34616,7.39268,-2.05385,0.22807,1.84405,0.05729,-0.0561,0.24537,6.1233,4.91255,-0.97918,18.2286,-15.59961,-1.03858,0.82985,-12.32795,-1.83542,0.13165,12.159,-17.22858,-3.57507,-1.40098
9.08,9.32019,-3.50384,0.22853,-2.8573,0.01083,-0.01999,7.55184,1.24245,-0.05594,1.94063,-0.27368,0.12986,-0.34678,7.40113,-1.9519,0.25777,1.8658,0.05857,-0.058,0.24834,6.22027,4.86961,-0.95595,18.16949,-15.85671,-1.1129,0.8354,-12.30748,-1.81523,0.14583,12.10654,-17.48835,-3.57991,-1.40464
9.1,9.29425,-3.42701,0.24018,-2.87985,0.01962,-0.01928,7.54801,1.14814,-0.07899,1.95582,-0.27022,0.12997,-0.34741,7.40547,-1.84056,0.29025,1.89002,0.0596,-0.06005,0.25108,6.4014,4.81422,-0.93803,18.14214,-16.08706,-1.19483,0.83744,-12.27037,-1.80433,0.16514,12.07435,-17.7284,-3.58568,-1.40766
9.12,9.30024,-3.28983,0.24164,-2.90402,0.0323,-0.01815,7.52873,1.04167,-0.1037,1.9666,-0.26243,0.12848,-0.34825,7.40407,-1.7217,0.32438,1.91606,0.05996,-0.06229,0.25301,6.71077,4.75838,-0.94069,18.16011,-16.26642,-1.31788,0.82122,-12.18316,-1.81573,0.19144,12.08157,-17.94286,-3.58369,-1.40798
9.14,9.30117,-3.08338,0.23021,-2.93027,0.04903,-0.01659,7.49225,0.92319,-0.13141,1.97357,-0.25119,0.12529,-0.34862,7.39716,-1.59946,0.35903,1.9435,0.05985,-0.06422,0.25432,7.13938,4.68577,-0.95002,18.22807,-16.407,-1.44944,0.80071,-12.07108,-1.84194,0.22226,12.11732,-18.12761,-3.58244,-1.40735
9.16,9.26338,-2.80161,0.20376,-2.9592,0.06982,-0.01461,7.43835,0.79585,-0.16214,1.97724,-0.23721,0.12049,-0.34804,7.38531,-1.48084,0.39234,1.97169,0.05938,-0.06544,0.25526,7.67622,4.58192,-0.95547,18.3453,-16.52,-1.56423,0.78666,-11.9613,-1.87695,0.2554,12.16778,-18.28116,-3.58656,-1.40587
9.18,9.17529,-2.44303,0.16046,-2.99125,0.09481,-0.01218,7.36901,0.66693,-0.19246,1.97804,-0.22037,0.11453,-0.34638,7.36833,-1.37625,0.42129,1.99967,0.05833,-0.06578,0.25626,8.33327,4.45241,-0.96716,18.51267,-16.59454,-1.68287,0.77009,-11.8471,-1.92552,0.29123,12.23654,-18.40358,-3.59743,-1.40539
9.2,9.02896,-1.99772,0.09834,-3.02293,0.12336,-0.00939,7.28638,0.53583,-0.22536,1.97458,-0.19972,0.10595,-0.34304,7.34702,-1.2793,0.44491,2.02714,0.0567,-0.06471,0.25507,9.13295,4.28847,-0.97206,18.75362,-16.64777,-1.77264,0.76568,-11.70366,-1.98303,0.32888,12.33416,-18.49591,-3.60525,-1.40052
9.22,8.81998,-1.45706,0.01696,-3.0512,0.1546,-0.00631,7.19587,0.40595,-0.26224,1.96457,-0.17553,0.09402,-0.33798,7.32425,-1.18574,0.46176,2.05339,0.05462,-0.06176,0.24913,10.0915,4.08051,-0.94989,19.07709,-16.70551,-1.79228,0.79187,-11.50347,-2.04338,0.36742,12.46784,-18.56119,-3.59644,-1.38359
9.24,8.53938,-0.84457,-0.07958,-3.07658,0.18797,-0.00299,7.10234,0.29222,-0.29534,1.95206,-0.14823,0.08013,-0.33065,7.29857,-1.11617,0.46733,2.07779,0.05188,-0.05692,0.24079,11.17028,3.84182,-0.91813,19.47326,-16.75048,-1.78413,0.82933,-11.26456,-2.10999,0.40657,12.62934,-18.60455,-3.58388,-1.36313
9.26,8.18212,-0.1861,-0.18665,-3.09989,0.22281,0.00054,7.01346,0.20964,-0.3176,1.94137,-0.11961,0.06624,-0.32137,7.27076,-1.08866,0.45749,2.09932,0.04845,-0.05033,0.23207,12.33415,3.59257,-0.89183,19.92032,-16.77127,-1.78164,0.86325,-11.00092,-2.1836,0.44546,12.80933,-18.63112,-3.57824,-1.34603
9.28,7.75446,0.50724,-0.29996,-3.12277,0.25853,0.00425,6.94293,0.17239,-0.32357,1.93137,-0.09574,0.05583,-0.3135,7.24936,-1.11092,0.43005,2.11498,0.04479,-0.04251,0.22242,13.55341,3.35527,-0.86224,20.35802,-16.7841,-1.77386,0.89938,-10.691,-2.2629,0.48392,13.00336,-18.6454,-3.56944,-1.32734
9.3,7.28799,1.20159,-0.41525,-3.13134,0.29222,0.00789,6.88437,0.1632,-0.32274,1.93148,-0.06815,0.0422,-0.30048,7.21997,-1.16205,0.38698,2.12943,0.04065,-0.03268,0.21115,14.7844,3.12643,-0.84058,20.92533,-16.77124,-1.76368,0.93281,-10.32879,-2.34002,0.51935,13.2417,-18.64463,-3.57369,-1.31777
9.32,6.79773,1.86744,-0.53557,-3.10975,0.32076,0.01122,6.83386,0.15718,-0.3282,1.95402,-0.02521,0.01678,-0.27322,7.16481,-1.21642,0.32788,2.14493,0.03567,-0.01983,0.19751,16.056,2.89506,-0.83956,21.7858,-16.71217,-1.74948,0.96101,-9.91086,-2.39907,0.54675,13.55856,-18.62325,-3.61461,-1.33128
9.34,6.28162,2.49669,-0.65477,-3.06935,0.34511,0.01436,6.81114,0.17619,-0.32635,1.98952,0.01566,-0.0097,-0.24191,7.10293,-1.28742,0.25061,2.14798,0.03099,-0.00672,0.18234,17.22117,2.7118,-0.85032,22.74125,-16.62639,-1.73419,0.98467,-9.40979,-2.45547,0.56899,13.93202,-18.58437,-3.66871,-1.3562
9.36,5.73973,3.07821,-0.76056,-3.02054,0.36644,0.01748,6.82431,0.23346,-0.30921,2.02659,0.04184,-0.02936,-0.2155,7.05126,-1.38192,0.16069,2.13273,0.02753,0.0042,0.16658,18.21778,2.6069,-0.86553,23.64129,-16.5269,-1.7186,1.00467,-8.8018,-2.51101,0.58687,14.34534,-18.52816,-3.71877,-1.38355
9.38,5.14013,3.60361,-0.84848,-2.9594,0.38431,0.02058,6.86604,0.31128,-0.28792,2.06303,0.06328,-0.04857,-0.18782,7.00212,-1.47993,0.06595,2.09874,0.02508,0.01298,0.1496,19.27991,2.5473,-0.87412,24.5116,-16.4171,-1.67737,1.03174,-8.07869,-2.53282,0.59263,14.80697,-18.44624,-3.78229,-1.42094
9.4,4.63104,4.03055,-0.90628,-2.8815,0.39669,0.02345,6.91419,0.38511,-0.26548,2.09315,0.07086,-0.06241,-0.16614,6.94988,-1.55444,-0.02342,2.0474,0.02372,0.01735,0.133,19.60772,2.59175,-0.91048,25.34333,-16.25756,-1.66609,1.03335,-7.21475,-2.58537,0.6,15.35134,-18.3309,-3.82887,-1.46087
9.42,4.37743,4.29926,-0.92114,-2.78277,0.40058,0.02579,6.94463,0.42279,-0.24775,2.11033,0.05204,-0.06475,-0.16082,6.88471,-1.57636,-0.09507,1.97995,0.02366,0.01489,0.11813,18.44231,2.74334,-1.02745,26.33883,-15.97302,-1.75557,0.96342,-6.18782,-2.71556,0.62539,16.02997,-18.17278,-3.8157,-1.48902
9.44,4.26226,4.4243,-0.88975,-2.66961,0.39742,0.02777,6.96634,0.42534,-0.24577,2.1128,0.02506,-0.06497,-0.16066,6.80517,-1.54578,-0.13867,1.89723,0.02464,0.00704,0.10395,16.4601,2.85909,-1.13868,27.25948,-15.62753,-1.86136,0.85663,-5.01474,-2.85095,0.65565,16.79911,-17.9617,-3.7853,-1.51959
9.46,4.21568,4.42421,-0.80932,-2.54831,0.38902,0.02959,6.98788,0.40275,-0.26461,2.102,0.00393,-0.06929,-0.15724,6.71391,-1.47152,-0.14928,1.80428,0.02614,-0.00451,0.08991,14.38517,2.96359,-1.21126,28.01822,-15.26071,-1.91251,0.75715,-3.70897,-2.92755,0.67695,17.63348,-17.68679,-3.76554,-1.55963
9.48,4.30078,4.25746,-0.67106,-2.41622,0.3733,0.03093,6.99077,0.33989,-0.30763,2.07669,-0.01431,-0.07635,-0.15282,6.59705,-1.34186,-0.12415,1.70311,0.02753,-0.01964,0.07535,12.64192,2.97758,-1.32145,29.40059,-14.7496,-1.93833,0.64078,-2.27874,-2.88196,0.68643,18.60546,-17.33461,-3.7215,-1.5882
9.5,4.63427,3.96456,-0.48261,-2.28503,0.35336,0.03203,6.99349,0.27005,-0.36114,2.05071,-0.02954,-0.08345,-0.14926,6.4851,-1.18562,-0.06578,1.61751,0.02969,-0.0372,0.06502,9.61766,3.24621,-1.31687,29.4593,-14.36401,-1.88164,0.56097,-0.71665,-2.93127,0.71624,19.56645,-16.91141,-3.69995,-1.64155
9.52,5.35245,3.60756,-0.26255,-2.1678,0.33285,0.03308,7.02644,0.23454,-0.40393,2.04502,-0.04134,-0.08741,-0.14868,6.42091,-1.03833,0.01483,1.57535,0.0341,-0.05514,0.06501,3.22769,4.35927,-1.07337,25.666,-14.4512,-1.67926,0.59103,0.95541,-3.3361,0.79407,20.30861,-16.43419,-3.75272,-1.75699
9.54,6.35204,3.13103,-0.01573,-2.05843,0.30838,0.03354,7.06272,0.20305,-0.44471,2.05191,-0.05008,-0.09017,-0.14958,6.37357,-0.8827,0.10796,1.56238,0.03892,-0.07185,0.06993,-4.37285,5.74481,-0.82254,20.51779,-14.66488,-1.38498,0.65969,2.71737,-3.84151,0.88489,21.03753,-15.89529,-3.79731,-1.87647
9.56,7.52149,2.50056,0.25093,-1.9522,0.27733,0.03293,7.07597,0.14788,-0.49492,2.06177,-0.05518,-0.09435,-0.14975,6.31407,-0.7005,0.21172,1.56307,0.04266,-0.08688,0.07499,-11.35083,7.01352,-0.68185,16.05282,-14.75754,-1.03933,0.7228,4.50662,-4.21436,0.96275,21.87686,-15.30488,-3.77142,-1.95508
9.58,8.91645,1.74084,0.52347,-1.85138,0.23894,0.031,7.06671,0.07351,-0.55083,2.08023,-0.05722,-0.09961,-0.14993,6.24912,-0.48673,0.3304,1.57908,0.04658,-0.10106,0.08306,-19.06715,8.37179,-0.57738,10.98316,-14.91799,-0.62315,0.79786,6.14092,-4.48332,1.02154,22.63563,-14.70807,-3.68548,-1.99517
9.6,10.32104,0.89838,0.77354,-1.77099,0.20007,0.02829,7.05165,0.00248,-0.6035,2.10542,-0.05752,-0.10428,-0.15024,6.2018,-0.28915,0.43544,1.61415,0.04905,-0.11109,0.09032,-25.47277,9.45876,-0.55229,6.75602,-15.01124,-0.15459,0.86268,7.91154,-4.75446,1.09601,23.55406,-14.11432,-3.51582,-2.00558
9.62,11.4792,0.02553,0.97457,-1.72698,0.16957,0.02561,7.05087,-0.04116,-0.64422,2.1335,-0.0577,-0.10658,-0.15128,6.19953,-0.15533,0.49626,1.67311,0.04791,-0.11367,0.09157,-28.04242,9.96338,-0.62762,5.19424,-14.87364,0.33481,0.91123,10.16854,-5.14847,1.23224,24.89252,-13.52825,-3.2434,-1.99548
9.64,12.50668,-0.89876,1.13769,-1.70846,0.13901,0.02213,7.04595,-0.07758,-0.67861,2.16518,-0.0573,-0.10846,-0.15227,6.22165,-0.03498,0.54278,1.7438,0.04588,-0.11343,0.0915,-29.12446,10.26356,-0.73239,4.56242,-14.72771,0.85107,0.96831,12.46879,-5.53212,1.38913,26.33839,-13.00027,-2.89233,-1.95501
9.66,13.50454,-1.88725,1.27096,-1.70361,0.10138,0.01718,7.0162,-0.12682,-0.71356,2.19937,-0.05606,-0.11177,-0.15276,6.24404,0.11295,0.59996,1.81366,0.0449,-0.11422,0.09333,-30.61184,10.63839,-0.83516,3.52893,-14.72878,1.39618,1.03396,14.43955,-5.79474,1.52568,27.62196,-12.57184,-2.47854,-1.87684
9.68,14.42641,-2.90726,1.36337,-1.71314,0.0618,0.01144,6.96173,-0.18248,-0.74836,2.23326,-0.05627,-0.11537,-0.15573,6.27292,0.27607,0.65898,1.88257,0.04385,-0.11572,0.09429,-32.20562,11.08317,-0.94954,2.2401,-14.85411,1.95937,1.09901,16.1295,-6.02709,1.65267,28.66018,-12.25665,-2.00488,-1.76785
9.7,15.05936,-3.9424,1.42346,-1.74344,0.01431,0.00429,6.90177,-0.23273,-0.7736,2.26302,-0.0555,-0.11981,-0.15486,6.30875,0.43248,0.71689,1.94401,0.04372,-0.11745,0.09634,-32.78564,11.29952,-1.06487,1.68097,-14.99882,2.51628,1.16503,17.66439,-6.18018,1.78154,29.8894,-11.99831,-1.49971,-1.6481
9.72,15.17595,-4.95414,1.46222,-1.80165,-0.0477,-0.00507,6.86089,-0.26757,-0.78034,2.28452,-0.04985,-0.12652,-0.14071,6.3503,0.55648,0.77046,1.99169,0.04601,-0.11852,0.10225,-31.13497,10.93181,-1.15207,2.98703,-15.04368,3.02977,1.24532,19.27711,-6.24298,1.94434,31.8819,-11.7235,-1.00165,-1.5371
9.74,14.97634,-5.88324,1.46837,-1.87443,-0.1119,-0.01509,6.81639,-0.29774,-0.77892,2.29521,-0.04429,-0.134,-0.12308,6.39355,0.6613,0.8188,2.02844,0.04908,-0.11997,0.10851,-28.5646,10.30071,-1.21944,5.00217,-15.06993,3.51313,1.33937,20.71368,-6.3211,2.12739,34.05386,-11.4767,-0.51205,-1.42162
9.76,14.64624,-6.69964,1.43851,-1.94822,-0.16986,-0.0246,6.74881,-0.33172,-0.77741,2.29473,-0.04224,-0.14109,-0.10907,6.43169,0.76241,0.86325,2.05618,0.0518,-0.12288,0.11253,-26.29944,9.70204,-1.28177,6.68747,-15.14141,3.98221,1.43128,21.83761,-6.46723,2.31099,35.97119,-11.27806,-0.03408,-1.29828
9.78,14.10184,-7.37911,1.38343,-2.02455,-0.2232,-0.03369,6.67365,-0.363,-0.77148,2.28376,-0.03973,-0.14868,-0.08993,6.46274,0.84509,0.89872,2.07485,0.05494,-0.12625,0.11519,-23.81247,8.94698,-1.31659,8.61004,-15.18323,4.40241,1.5138,23.11416,-6.78053,2.54369,38.06064,-11.06061,0.40205,-1.18798
9.8,13.4581,-7.95056,1.30541,-2.09307,-0.26918,-0.04183,6.58085,-0.39434,-0.76531,2.25751,-0.04139,-0.15503,-0.07875,6.48312,0.91488,0.9292,2.08232,0.05798,-0.13101,0.11634,-21.34785,8.25531,-1.36746,10.32362,-15.20679,4.84965,1.62586,23.61097,-6.93828,2.71714,39.69244,-10.86542,0.8282,-1.04865
9.82,12.84617,-8.47036,1.20709,-2.14192,-0.30704,-0.04861,6.45838,-0.42809,-0.76349,2.21258,-0.05346,-0.15796,-0.09321,6.48914,0.98211,0.96137,2.07592,0.06001,-0.13847,0.11559,-19.25916,7.91903,-1.4799,11.23348,-15.22467,5.42806,1.80921,22.34215,-6.55211,2.69075,40.23139,-10.73196,1.28785,-0.83864
9.84,12.20771,-8.9223,1.10207,-2.17698,-0.33961,-0.05437,6.32953,-0.45722,-0.76033,2.15809,-0.0675,-0.15958,-0.11413,6.47998,1.03513,0.98718,2.05985,0.06224,-0.14676,0.11349,-17.24591,7.66353,-1.58388,11.92003,-15.18146,6.04784,2.01903,20.39232,-5.95802,2.57146,40.32415,-10.58854,1.74398,-0.60039
9.86,11.50223,-9.27263,0.99702,-2.20338,-0.36723,-0.05919,6.21102,-0.47877,-0.75332,2.10145,-0.07732,-0.16147,-0.12706,6.45669,1.06535,1.0003,2.039,0.06535,-0.15428,0.11045,-15.12943,7.29722,-1.63758,12.77973,-15.05798,6.63452,2.22587,18.72152,-5.46645,2.47704,40.54742,-10.38091,2.16342,-0.36423
9.88,10.7065,-9.50824,0.88928,-2.21962,-0.38961,-0.06302,6.10193,-0.49434,-0.74457,2.04235,-0.08573,-0.16252,-0.14024,6.42236,1.07201,1.00342,2.01448,0.06824,-0.16099,0.10656,-12.85539,6.81336,-1.63739,13.76886,-14.84412,7.22537,2.45019,17.51919,-5.06567,2.43448,41.23567,-10.0734,2.54228,-0.12177
9.9,10.05587,-9.68084,0.79438,-2.2246,-0.40298,-0.06527,6.004,-0.50524,-0.73421,1.98638,-0.09087,-0.16374,-0.14765,6.37416,1.06808,0.99499,1.98709,0.07195,-0.16649,0.10244,-10.84809,6.40984,-1.61071,14.55191,-14.6001,7.78382,2.66779,15.55103,-4.48857,2.27493,40.9743,-9.81845,2.9301,0.14131
9.92,9.80685,-9.85938,0.73114,-2.21911,-0.40277,-0.06524,5.91858,-0.51256,-0.72224,1.93943,-0.09048,-0.16633,-0.14107,6.30841,1.06827,0.97288,1.9576,0.07789,-0.17046,0.09871,-9.59852,6.33226,-1.60756,14.73971,-14.41299,8.27078,2.84917,11.18537,-3.44926,1.7887,37.96702,-9.80021,3.39747,0.42011
9.94,9.6954,-9.9743,0.69036,-2.20837,-0.39287,-0.06349,5.84828,-0.51599,-0.70983,1.89887,-0.08784,-0.16873,-0.13032,6.23447,1.06264,0.94193,1.92771,0.08372,-0.17262,0.09509,-8.63625,6.36989,-1.59889,14.70985,-14.23092,8.72009,3.01729,6.0993,-2.40421,1.22613,34.04306,-9.83474,3.87683,0.67672
9.96,9.50011,-9.97424,0.66705,-2.19753,-0.37659,-0.06057,5.79545,-0.51465,-0.69735,1.86259,-0.08517,-0.16985,-0.1221,6.1604,1.0433,0.90624,1.89945,0.08768,-0.17279,0.09145,-7.55874,6.31209,-1.55081,14.80579,-14.00302,9.14603,3.18658,1.73137,-1.62694,0.77093,30.71618,-9.78725,4.30348,0.89745
9.98,9.29906,-9.91948,0.67581,-2.18954,-0.35234,-0.05618,5.75791,-0.50751,-0.68411,1.83176,-0.08243,-0.17011,-0.11404,6.08554,1.01717,0.86632,1.87413,0.09044,-0.17122,0.08802,-6.54654,6.21469,-1.47512,14.84661,-13.75936,9.53697,3.34161,-3.00973,-0.98202,0.30695,26.9736,-9.75629,4.71608,1.08071
10,9.07865,-9.76587,0.70885,-2.18252,-0.32489,-0.05109,5.73924,-0.49741,-0.67151,1.80745,-0.07936,-0.16958,-0.10696,6.01545,0.99079,0.82826,1.85001,0.09177,-0.16848,0.08494,-5.59829,6.16621,-1.39938,14.92869,-13.52284,9.86752,3.47929,-6.49563,-0.59244,-0.02367,24.05007,-9.67708,5.0462,1.21928
10.02,8.81959,-9.45146,0.75241,-2.17311,-0.30034,-0.0463,5.74447,-0.48664,-0.66091,1.79042,-0.07545,-0.16841,-0.10208,5.95546,0.97029,0.79852,1.82478,0.09135,-0.16521,0.08235,-4.67253,6.25592,-1.35493,15.20051,-13.31872,10.11518,3.60411,-6.66018,-0.47067,-0.05879,23.54047,-9.47642,5.2153,1.32644
10.04,8.54598,-9.07512,0.81862,-2.16585,-0.27529,-0.04134,5.76499,-0.47315,-0.65105,1.77937,-0.07174,-0.1668,-0.09804,5.90254,0.95397,0.77421,1.80154,0.08992,-0.16153,0.0803,-3.83444,6.39909,-1.32408,15.49288,-13.15053,10.30049,3.71027,-5.58562,-0.45416,0.00831,23.8511,-9.2689,5.309,1.41286
10.06,8.26348,-8.71171,0.9131,-2.16423,-0.2474,-0.03593,5.79363,-0.45531,-0.64094,1.77234,-0.06908,-0.16493,-0.09427,5.85449,0.93991,0.75301,1.78255,0.08801,-0.15757,0.07869,-3.09987,6.49674,-1.28362,15.70107,-13.01269,10.44147,3.7936,-4.8975,-0.4577,0.04151,23.78578,-9.13141,5.39031,1.4759
10.08,8.00076,-8.34766,1.02505,-2.16609,-0.22024,-0.0307,5.83368,-0.43107,-0.62998,1.76836,-0.06664,-0.1632,-0.09085,5.81101,0.93311,0.73687,1.76592,0.0859,-0.15385,0.07733,-2.48186,6.55827,-1.24064,15.85861,-12.92155,10.53218,3.85484,-4.06781,-0.51813,0.08609,23.76605,-9.05607,5.43908,1.51704
10.1,7.70941,-8.0059,1.14396,-2.17129,-0.19201,-0.02554,5.87212,-0.41237,-0.62248,1.76769,-0.06522,-0.16135,-0.08744,5.77724,0.92697,0.72568,1.75327,0.08342,-0.1502,0.07652,-1.96024,6.63847,-1.20662,15.95303,-12.87652,10.58193,3.89907,-3.13964,-0.59923,0.13391,23.79392,-9.01973,5.46666,1.54396
10.12,7.32594,-7.70845,1.25859,-2.17993,-0.1597,-0.02013,5.89214,-0.41467,-0.62412,1.7702,-0.06599,-0.15895,-0.0846,5.75928,0.91343,0.71883,1.74678,0.08039,-0.14631,0.07661,-1.50029,6.80013,-1.19326,15.96413,-12.87214,10.602,3.93169,-2.26176,-0.65397,0.17016,23.78864,-8.99502,5.48848,1.56385
10.14,6.93197,-7.44056,1.3624,-2.19006,-0.12789,-0.01513,5.90488,-0.4264,-0.6308,1.77346,-0.06723,-0.15686,-0.08175,5.75097,0.90065,0.71632,1.74354,0.07743,-0.14288,0.07697,-1.12835,6.98231,-1.19059,15.91096,-12.91348,10.58937,3.95046,-1.40404,-0.71613,0.2035,23.78588,-9.00876,5.49609,1.57276
10.16,6.5922,-7.20237,1.45149,-2.2004,-0.10003,-0.01101,5.91848,-0.4376,-0.63865,1.77573,-0.06772,-0.15555,-0.07898,5.74685,0.89546,0.71791,1.74117,0.07512,-0.14044,0.07704,-0.85658,7.12561,-1.18812,15.80468,-13.00106,10.54253,3.95261,-0.68417,-0.79989,0.22856,23.70347,-9.08728,5.48783,1.56662
10.18,6.27828,-7.00793,1.51968,-2.21051,-0.07531,-0.00761,5.92276,-0.45562,-0.65011,1.7766,-0.06822,-0.15437,-0.07978,5.74894,0.89733,0.72364,1.73985,0.07353,-0.13901,0.07683,-0.65298,7.26669,-1.19434,15.63582,-13.13356,10.46317,3.93882,-0.12184,-0.87891,0.23934,23.52334,-9.21782,5.4681,1.54842
10.2,6.02062,-6.83321,1.56526,-2.2199,-0.05428,-0.00502,5.92657,-0.47541,-0.66316,1.77698,-0.06768,-0.15362,-0.07733,5.75609,0.89975,0.73114,1.73989,0.07244,-0.13826,0.07613,-0.51694,7.36853,-1.19923,15.45894,-13.28133,10.36439,3.91507,0.34468,-0.9726,0.24907,23.34814,-9.37681,5.43357,1.51964
10.22,5.85751,-6.65225,1.59041,-2.22816,-0.03735,-0.00326,5.94225,-0.49049,-0.67503,1.77826,-0.06477,-0.1539,-0.06157,5.76671,0.89558,0.73791,1.7416,0.07162,-0.13783,0.07475,-0.44931,7.37249,-1.18803,15.34034,-13.40981,10.2621,3.8878,0.7803,-1.11527,0.2748,23.28476,-9.53883,5.37989,1.48033
10.24,5.74802,-6.4837,1.59452,-2.23524,-0.02335,-0.00209,5.95619,-0.50756,-0.6876,1.77851,-0.06116,-0.154,-0.04372,5.78166,0.89123,0.74516,1.74465,0.07145,-0.13805,0.07266,-0.41484,7.32561,-1.17458,15.23892,-13.53561,10.14648,3.85124,1.13216,-1.27521,0.30147,23.23697,-9.71113,5.30987,1.42961
10.26,5.66179,-6.34308,1.57884,-2.24114,-0.01156,-0.00129,5.95831,-0.53206,-0.70261,1.77588,-0.0583,-0.15339,-0.03161,5.80096,0.89267,0.75395,1.74856,0.07227,-0.1392,0.06993,-0.38696,7.2695,-1.16979,15.11947,-13.67124,10.00869,3.8005,1.35479,-1.42376,0.31559,23.12,-9.90089,5.22518,1.36661
10.28,5.60514,-6.22905,1.54954,-2.24563,-0.00178,-0.0008,5.95166,-0.56632,-0.72079,1.77088,-0.05607,-0.15343,-0.01514,5.82417,0.89734,0.76387,1.75312,0.07398,-0.14111,0.06665,-0.35934,7.19931,-1.16904,15.00134,-13.79987,9.85786,3.73924,1.49245,-1.56767,0.32439,22.97415,-10.09047,5.12597,1.29245
10.3,5.57044,-6.10331,1.50421,-2.24959,0.00696,-0.00045,5.94123,-0.59909,-0.73781,1.76219,-0.05533,-0.15279,-0.00885,5.84946,0.90368,0.77208,1.76012,0.07635,-0.14336,0.06252,-0.33136,7.10169,-1.17282,14.89992,-13.92339,9.68958,3.66629,1.55434,-1.70836,0.32511,22.818,-10.28639,5.00943,1.20669
10.32,5.54702,-5.92535,1.43908,-2.25417,0.01559,-0.00014,5.93368,-0.61696,-0.74912,1.74876,-0.05713,-0.14976,-0.03217,5.8742,0.91097,0.77575,1.77136,0.07893,-0.14548,0.05851,-0.30512,6.9653,-1.18286,14.82614,-14.04819,9.49663,3.57964,1.53998,-1.84469,0.31233,22.66166,-10.50168,4.87138,1.10841
10.34,5.5381,-5.72983,1.36465,-2.2584,0.02395,0.00017,5.92669,-0.63283,-0.75964,1.73274,-0.06151,-0.1475,-0.06263,5.89937,0.91875,0.77665,1.78505,0.08176,-0.1475,0.05413,-0.27102,6.81186,-1.19651,14.77302,-14.16393,9.29156,3.48441,1.4828,-1.97647,0.29338,22.5075,-10.71602,4.71873,1.00116
10.36,5.54253,-5.55015,1.28998,-2.26148,0.03185,0.00045,5.91735,-0.65671,-0.77282,1.71604,-0.06832,-0.14819,-0.0835,5.92533,0.92736,0.7767,1.79932,0.08465,-0.1494,0.04983,-0.22114,6.66412,-1.21267,14.72819,-14.26595,9.08435,3.38491,1.40682,-2.10036,0.27228,22.34781,-10.91668,4.55899,0.8886
10.38,5.54915,-5.37994,1.21561,-2.26398,0.0393,0.0007,5.90984,-0.68119,-0.78607,1.69882,-0.07756,-0.15052,-0.10404,5.94871,0.93736,0.77619,1.81357,0.08641,-0.15065,0.05077,-0.16019,6.52334,-1.23198,14.68892,-14.35911,8.87418,3.28176,1.32067,-2.21504,0.24577,22.1872,-11.1134,4.39104,0.77097
10.4,5.57606,-5.20827,1.14216,-2.26543,0.04711,0.00097,5.90228,-0.70867,-0.79929,1.683,-0.08931,-0.15489,-0.11647,5.97328,0.94446,0.77246,1.82879,0.08773,-0.15093,0.04706,-0.08412,6.37663,-1.25202,14.67,-14.44031,8.66488,3.17656,1.23443,-2.33503,0.22103,22.03753,-11.29173,4.22287,0.65187
10.42,5.64602,-5.0253,1.07013,-2.26508,0.05613,0.00136,5.89071,-0.74363,-0.81304,1.6706,-0.10279,-0.16204,-0.11103,6.0051,0.94355,0.76232,1.84673,0.08995,-0.14999,0.02399,0.01409,6.20965,-1.27028,14.68842,-14.50597,8.46061,3.07069,1.15647,-2.47437,0.20596,21.90774,-11.4356,4.0652,0.53568
10.44,5.73232,-4.84928,1.00078,-2.26385,0.06529,0.00172,5.87983,-0.77887,-0.82533,1.66138,-0.11748,-0.16982,-0.09941,6.0364,0.93922,0.75027,1.86361,0.09077,-0.14742,-0.002,0.12438,6.03828,-1.28907,14.72317,-14.56338,8.26055,2.96464,1.09159,-2.62501,0.19319,21.79031,-11.5646,3.91289,0.42064
10.46,5.81234,-4.69776,0.93395,-2.2624,0.07358,0.00194,5.87268,-0.80995,-0.83528,1.65506,-0.1322,-0.17666,-0.09026,6.06042,0.93467,0.73906,1.87638,0.0887,-0.14314,-0.01925,0.23996,5.87733,-1.31044,14.75625,-14.61802,8.06422,2.85896,1.04287,-2.77776,0.1765,21.67763,-11.69312,3.76112,0.30512
10.48,5.8929,-4.56628,0.86699,-2.26025,0.08108,0.00204,5.86632,-0.83884,-0.8441,1.65193,-0.14356,-0.18286,-0.08333,6.08048,0.92582,0.72496,1.88724,0.08612,-0.1375,-0.04263,0.36725,5.72212,-1.33445,14.7962,-14.66962,7.87204,2.75392,1.0096,-2.92826,0.15635,21.56876,-11.81711,3.61348,0.19064
10.5,5.97348,-4.4604,0.79824,-2.25831,0.08756,0.00199,5.86552,-0.8641,-0.85063,1.65373,-0.1551,-0.1868,-0.07511,6.08918,0.91645,0.71327,1.89022,0.08113,-0.13128,-0.05053,0.48917,5.56774,-1.35931,14.83208,-14.71894,7.68599,2.64996,0.9962,-3.10454,0.13835,21.47323,-11.93671,3.46941,0.07682
10.52,6.05339,-4.38506,0.72547,-2.25778,0.09283,0.00178,5.87754,-0.88473,-0.85419,1.66286,-0.17203,-0.18656,-0.06102,6.07845,0.91263,0.71146,1.87854,0.07069,-0.12552,-0.01384,0.5863,5.41006,-1.38312,14.84943,-14.76729,7.50772,2.5474,1.0079,-3.33907,0.1284,21.40219,-12.05364,3.32651,-0.03783
10.54,6.13863,-4.33396,0.64668,-2.2574,0.0968,0.00142,5.89647,-0.90412,-0.85884,1.67705,-0.1859,-0.18353,-0.04703,6.05857,0.90901,0.71295,1.85992,0.06011,-0.12092,0.03398,0.67578,5.25085,-1.40783,14.86066,-14.81511,7.33527,2.44594,1.03749,-3.59837,0.12038,21.34276,-12.16745,3.18735,-0.15191
10.56,6.2297,-4.29932,0.56154,-2.25623,0.09944,0.0009,5.91579,-0.92436,-0.86657,1.69301,-0.19069,-0.17889,-0.03816,6.03816,0.90181,0.71249,1.84129,0.05302,-0.11784,0.06824,0.77162,5.09369,-1.4354,14.87462,-14.86308,7.16649,2.34517,1.07836,-3.85309,0.10851,21.2836,-12.2796,3.0529,-0.26467
10.58,6.32163,-4.27268,0.4699,-2.25506,0.10101,0.00027,5.93688,-0.94594,-0.87658,1.71042,-0.19129,-0.17199,-0.03007,6.01553,0.89385,0.71435,1.82059,0.04783,-0.11657,0.10264,0.87033,4.9383,-1.46564,14.8871,-14.91237,7.00017,2.2446,1.13162,-4.11378,0.09394,21.23001,-12.39373,2.91925,-0.37848
10.6,6.42525,-4.26087,0.37604,-2.25269,0.10124,-0.00048,5.95417,-0.9671,-0.88849,1.72522,-0.18305,-0.16436,-0.02714,5.99518,0.88476,0.71381,1.80228,0.04543,-0.11645,0.1261,0.96352,4.77901,-1.49666,14.89857,-14.96121,6.83898,2.14515,1.18998,-4.37045,0.07885,21.17366,-12.50211,2.79405,-0.48837
10.62,6.55421,-4.27482,0.28598,-2.2477,0.09987,-0.00134,5.96113,-0.98474,-0.90061,1.73355,-0.1605,-0.1579,-0.03502,5.98193,0.87282,0.70368,1.79177,0.0468,-0.11648,0.12399,1.04049,4.6111,-1.5263,14.90856,-15.00767,6.68656,2.04812,1.2427,-4.61087,0.06635,21.10176,-12.59507,2.68859,-0.58735
10.64,6.689,-4.29321,0.19787,-2.24174,0.09762,-0.00225,5.9604,-1.00027,-0.9116,1.7371,-0.13277,-0.15182,-0.04651,5.97242,0.85977,0.68976,1.78554,0.04965,-0.1167,0.11356,1.11136,4.43933,-1.55605,14.91704,-15.05474,6.53778,1.95178,1.29189,-4.84132,0.05361,21.02141,-12.68539,2.59113,-0.68248
10.66,6.81555,-4.29836,0.1097,-2.23619,0.09513,-0.00315,5.9549,-1.01545,-0.92119,1.7375,-0.10746,-0.14557,-0.0558,5.96492,0.84661,0.6766,1.78119,0.05234,-0.11716,0.10691,1.18498,4.26936,-1.58722,14.92445,-15.10433,6.38849,1.85484,1.33991,-5.06418,0.03846,20.93963,-12.78164,2.49227,-0.77927
10.68,6.94545,-4.29663,0.02376,-2.23097,0.09261,-0.00398,5.94572,-1.02957,-0.92938,1.73509,-0.0863,-0.13964,-0.06243,5.9613,0.83156,0.6615,1.78037,0.05499,-0.11735,0.10038,1.2518,4.10491,-1.61886,14.92593,-15.15562,6.24085,1.75819,1.37954,-5.27936,0.02543,20.85155,-12.87589,2.39999,-0.87318
10.7,7.05687,-4.27691,-0.06029,-2.22593,0.0898,-0.0048,5.92964,-1.04291,-0.93657,1.72819,-0.06539,-0.13577,-0.07058,5.96109,0.81891,0.64794,1.78232,0.05743,-0.11756,0.09458,1.32959,3.93457,-1.65007,14.93466,-15.20914,6.08996,1.65997,1.41745,-5.47311,0.00729,20.76129,-12.98216,2.29966,-0.97155
10.72,7.12583,-4.22522,-0.14435,-2.22097,0.08639,-0.00566,5.90389,-1.05588,-0.944,1.71508,-0.03942,-0.13599,-0.08555,5.96338,0.81399,0.64043,1.78588,0.05951,-0.11829,0.09063,1.43878,3.74399,-1.67947,14.96641,-15.26443,5.93172,1.55858,1.46262,-5.62954,-0.02516,20.67565,-13.11549,2.17265,-1.08353
10.74,7.17848,-4.15768,-0.22726,-2.21653,0.08289,-0.00649,5.87658,-1.06909,-0.9529,1.70012,-0.0168,-0.13911,-0.10102,5.9692,0.81189,0.6355,1.79165,0.06126,-0.11902,0.08775,1.56056,3.54951,-1.70782,15.00642,-15.32137,5.7692,1.45521,1.50582,-5.76303,-0.06195,20.59229,-13.25856,2.03481,-1.20092
10.76,7.2357,-4.08737,-0.30648,-2.21307,0.07979,-0.00723,5.85393,-1.08197,-0.96288,1.68712,-0.00359,-0.14388,-0.11219,5.97903,0.809,0.6307,1.79966,0.0626,-0.11943,0.0862,1.67848,3.36464,-1.73551,15.04167,-15.37978,5.60598,1.35135,1.5382,-5.88777,-0.09507,20.50691,-13.39882,1.90024,-1.31676
10.78,7.29574,-4.00988,-0.38054,-2.2106,0.07729,-0.00787,5.83568,-1.09182,-0.9734,1.67572,0.00562,-0.15074,-0.1231,5.99232,0.80794,0.6274,1.80912,0.06356,-0.11973,0.08572,1.79101,3.18159,-1.75979,15.07423,-15.43757,5.44774,1.24933,1.55414,-6.0017,-0.12731,20.41293,-13.53975,1.76627,-1.43204
10.8,7.34177,-3.93965,-0.44446,-2.20845,0.07488,-0.00848,5.82153,-1.10119,-0.98342,1.6677,0.00683,-0.15805,-0.12962,6.00775,0.80775,0.62571,1.81903,0.06431,-0.11994,0.086,1.91742,3.00864,-1.78703,15.11174,-15.49929,5.27675,1.1417,1.57753,-6.10634,-0.15954,20.33423,-13.6834,1.62624,-1.55117
10.82,7.35417,-3.89221,-0.49163,-2.20563,0.07201,-0.00915,5.8093,-1.11317,-0.99074,1.6637,-0.00517,-0.16388,-0.12655,6.02343,0.80692,0.62539,1.82808,0.06506,-0.12005,0.08683,2.07978,2.8571,-1.82583,15.16344,-15.56857,5.07046,1.01891,1.634,-6.20457,-0.19278,20.29826,-13.83117,1.4722,-1.67951
10.84,7.3457,-3.85711,-0.51875,-2.20237,0.06975,-0.00974,5.79896,-1.12021,-0.9936,1.66112,-0.02103,-0.16867,-0.12028,6.03848,0.80761,0.62614,1.83542,0.06569,-0.12013,0.08782,2.25146,2.71422,-1.86871,15.22118,-15.63775,4.85193,0.8903,1.70147,-6.3011,-0.22684,20.28015,-13.97918,1.31251,-1.81198
10.86,7.3287,-3.82631,-0.52178,-2.19864,0.06911,-0.01015,5.7909,-1.11561,-0.99037,1.65756,-0.03383,-0.17273,-0.1155,6.05122,0.81114,0.6271,1.83983,0.06611,-0.12017,0.08858,2.4103,2.57007,-1.90978,15.27587,-15.70266,4.64086,0.76387,1.7607,-6.4006,-0.26136,20.2578,-14.12427,1.15588,-1.94342
10.88,7.29614,-3.80194,-0.49407,-2.19318,0.07016,-0.01037,5.78224,-1.09881,-0.9789,1.65079,-0.04509,-0.1753,-0.11028,6.05799,0.81705,0.62739,1.83902,0.06645,-0.12013,0.0887,2.56511,2.42764,-1.95397,15.329,-15.76518,4.4275,0.63523,1.81315,-6.50427,-0.29918,20.23612,-14.26873,0.99776,-2.07655
10.9,7.22706,-3.79329,-0.42805,-2.18598,0.07361,-0.0103,5.77437,-1.06503,-0.95716,1.64002,-0.05418,-0.17611,-0.10464,6.0568,0.82391,0.62558,1.83195,0.06664,-0.11989,0.08788,2.70805,2.28036,-1.99782,15.38451,-15.82297,4.22199,0.50875,1.89035,-6.61802,-0.3364,20.22956,-14.40706,0.84485,-2.20852
10.92,7.09613,-3.80978,-0.31568,-2.1773,0.08027,-0.00983,5.76937,-1.0085,-0.92291,1.62451,-0.06035,-0.17496,-0.09889,6.04543,0.83008,0.61995,1.81746,0.06655,-0.11928,0.08586,2.83048,2.11962,-2.03624,15.44669,-15.87443,4.03754,0.39016,2.02837,-6.74731,-0.36813,20.25323,-14.53341,0.70625,-2.33539
10.94,6.9072,-3.84302,-0.15032,-2.16516,0.0902,-0.00893,5.76116,-0.92818,-0.87332,1.59908,-0.06445,-0.17154,-0.09184,6.01729,0.83531,0.60918,1.79162,0.06632,-0.11823,0.08203,2.94157,1.94915,-2.07507,15.51097,-15.92256,3.86283,0.27425,2.19857,-6.8909,-0.40003,20.29225,-14.65384,0.57478,-2.46057
10.96,6.6601,-3.88506,0.07384,-2.148,0.10352,-0.00757,5.74436,-0.82313,-0.80596,1.55859,-0.06682,-0.16567,-0.0828,5.96588,0.83921,0.59189,1.7506,0.066,-0.11663,0.07586,3.04732,1.77196,-2.1187,15.57362,-15.96914,3.68933,0.15727,2.37401,-7.04661,-0.43668,20.33211,-14.77283,0.4444,-2.58651
10.98,6.33042,-3.93845,0.36244,-2.12589,0.1205,-0.00565,5.71904,-0.69091,-0.71926,1.50094,-0.06765,-0.15707,-0.07152,5.88674,0.84069,0.56665,1.69201,0.06541,-0.11428,0.06702,3.14738,1.586,-2.16631,15.63816,-16.01419,3.51784,0.03995,2.56563,-7.2124,-0.47689,20.37847,-14.889,0.31607,-2.71246
11,5.91639,-4.00945,0.71914,-2.09853,0.14101,-0.00309,5.68299,-0.53092,-0.61229,1.42344,-0.06722,-0.14564,-0.05747,5.77537,0.83742,0.53244,1.61402,0.06448,-0.11108,0.05528,3.23857,1.38904,-2.21517,15.70136,-16.05877,3.35326,-0.07541,2.77471,-7.39818,-0.51752,20.42483,-15.00169,0.19188,-2.83747
11.02,5.41969,-4.10577,1.14457,-2.06606,0.1648,0.00018,5.6337,-0.34618,-0.48547,1.32391,-0.06569,-0.13144,-0.04032,5.62808,0.82695,0.48861,1.51531,0.06322,-0.107,0.04052,3.31999,1.17882,-2.26199,15.75979,-16.1049,3.20087,-0.18621,2.99998,-7.61497,-0.55477,20.46099,-15.11071,0.07434,-2.96034
11.04,4.82037,-4.22838,1.63626,-2.03016,0.19116,0.00419,5.57674,-0.13897,-0.34087,1.20414,-0.06325,-0.11425,-0.02073,5.44177,0.81118,0.43598,1.39511,0.06129,-0.10196,0.02283,3.39455,0.9579,-2.30797,15.8183,-16.15462,3.05188,-0.29501,3.23645,-7.85011,-0.58986,20.48858,-15.21787,-0.04187,-3.08227
11.06,4.10789,-4.38463,2.18841,-1.99283,0.21912,0.00896,5.51661,0.08448,-0.18206,1.06814,-0.05997,-0.094,0.00036,5.21449,0.79203,0.37603,1.25345,0.0584,-0.09596,0.00243,3.46816,0.72915,-2.35398,15.88307,-16.20976,2.89749,-0.40416,3.47507,-8.09141,-0.62362,20.50574,-15.3249,-0.16204,-3.20425
11.08,3.29088,-4.59372,2.79215,-1.95647,0.24771,0.01449,5.45512,0.31277,-0.01372,0.92203,-0.05574,-0.071,0.02192,4.94665,0.77007,0.31134,1.09184,0.0546,-0.08931,-0.02023,3.54992,0.49093,-2.39725,15.95887,-16.27277,2.73718,-0.51264,3.71453,-8.34118,-0.65231,20.5038,-15.43199,-0.28567,-3.32538
11.1,2.4226,-4.88276,3.43853,-1.92402,0.27363,0.02049,5.41223,0.54993,0.16007,0.7805,-0.05055,-0.04475,0.04142,4.63671,0.75282,0.2488,0.91529,0.04926,-0.08246,-0.04411,3.61847,0.24833,-2.43503,16.03712,-16.34753,2.56561,-0.62105,3.93536,-8.59798,-0.67468,20.47519,-15.54178,-0.42141,-3.44746
11.12,1.5653,-5.28534,4.1115,-1.89736,0.29391,0.02663,5.39835,0.78925,0.33286,0.65883,-0.04437,-0.01511,0.05646,4.2835,0.74503,0.1932,0.7288,0.04155,-0.07555,-0.06834,3.65628,0.01079,-2.46475,16.11274,-16.43792,2.38001,-0.72819,4.10624,-8.85102,-0.69106,20.40905,-15.65627,-0.57632,-3.5704
11.14,0.76781,-5.84314,4.79996,-1.8814,0.30724,0.03277,5.42245,1.0218,0.49984,0.57841,-0.03655,0.01773,0.06398,3.88968,0.7543,0.15414,0.53794,0.03175,-0.06959,-0.09168,3.68512,-0.2294,-2.48396,16.1964,-16.54566,2.17497,-0.8352,4.24074,-9.10735,-0.69604,20.30093,-15.77481,-0.75067,-3.69458
11.16,0.07853,-6.58559,5.48475,-1.8794,0.31296,0.03873,5.48295,1.22915,0.65474,0.55728,-0.02674,0.05321,0.06156,3.45752,0.78587,0.13841,0.34837,0.02016,-0.0654,-0.1131,3.72927,-0.47631,-2.49084,16.30093,-16.67171,1.94805,-0.94175,4.34258,-9.36578,-0.68615,20.14454,-15.89686,-0.94212,-3.81855
11.18,-0.48684,-7.50494,6.12125,-1.88893,0.31185,0.04439,5.53959,1.35785,0.78908,0.59455,-0.01557,0.08992,0.04999,2.99519,0.8242,0.14171,0.16711,0.00625,-0.06246,-0.13245,3.81092,-0.7121,-2.48454,16.44126,-16.81809,1.71155,-1.03956,4.36862,-9.59079,-0.66492,19.92153,-16.02279,-1.1398,-3.93308
11.2,-0.65998,-8.60294,6.71315,-1.92525,0.29764,0.04857,5.71261,1.51237,0.88866,0.75107,-0.00147,0.12768,0.01914,2.49475,0.92713,0.19532,0.01325,-0.01002,-0.06282,-0.14523,3.86205,-0.97,-2.46148,16.57471,-16.97971,1.43147,-1.14698,4.3917,-9.85634,-0.62173,19.67045,-16.15127,-1.37862,-4.06023
11.22,-0.09327,-9.65399,7.16061,-2.00277,0.26559,0.05013,6.14167,1.74255,0.87122,1.04942,0.0157,0.1543,-0.03733,1.95607,1.18191,0.31561,-0.10161,-0.02775,-0.06747,-0.14771,3.80098,-1.29978,-2.41807,16.65099,-17.14174,1.06828,-1.28711,4.50231,-10.25875,-0.54504,19.44819,-16.27408,-1.70027,-4.22773
11.24,1.03928,-10.23281,7.24026,-2.10806,0.22599,0.04978,6.66901,1.77119,0.659,1.36332,0.03093,0.15289,-0.10165,1.43514,1.5193,0.44749,-0.17161,-0.04781,-0.07017,-0.14274,3.71711,-1.64378,-2.35962,16.72009,-17.29657,0.67407,-1.43364,4.61036,-10.68415,-0.45227,19.22876,-16.38491,-2.05532,-4.40547
11.26,2.42355,-10.20881,6.90523,-2.22647,0.18771,0.04818,7.16451,1.45164,0.29059,1.60343,0.04197,0.12294,-0.15944,0.9874,1.84949,0.55462,-0.1791,-0.0698,-0.06705,-0.13102,3.68435,-1.95267,-2.29223,16.81584,-17.44007,0.29833,-1.56366,4.64798,-11.04026,-0.35824,18.99627,-16.48276,-2.39605,-4.56628
11.28,3.88487,-9.57841,6.22449,-2.34869,0.15168,0.04528,7.62841,0.85624,-0.15801,1.74676,0.05084,0.06824,-0.20556,0.65458,2.16544,0.63548,-0.10888,-0.08945,-0.06141,-0.10979,3.67049,-2.25542,-2.21739,16.90907,-17.56006,-0.05976,-1.68368,4.64613,-11.37426,-0.26095,18.78893,-16.5629,-2.72488,-4.71612
11.3,5.60697,-8.06224,5.20999,-2.49289,0.1151,0.04006,8.19341,-0.07551,-0.69736,1.75072,0.05102,-0.01681,-0.23736,0.44942,2.44298,0.66443,0.06239,-0.11303,-0.0418,-0.07908,3.69423,-2.48148,-2.14305,17.00375,-17.64844,-0.38818,-1.78778,4.65344,-11.6205,-0.17218,18.63289,-16.62408,-3.03358,-4.85278
11.32,7.70551,-5.54998,3.94924,-2.68256,0.07821,0.03151,9.13745,-1.39121,-1.1555,1.50476,0.03089,-0.12831,-0.24975,0.38542,2.6166,0.55971,0.34138,-0.14663,0.01337,-0.04023,3.77661,-2.55317,-2.07604,17.10795,-17.70124,-0.67827,-1.87034,4.74281,-11.71345,-0.10416,18.55606,-16.66569,-3.32247,-4.97875
11.34,9.56161,-3.00835,3.09832,-2.87334,0.03729,0.02042,10.19689,-2.33606,-1.03176,1.07577,0.00534,-0.21228,-0.24872,0.47566,2.57138,0.3282,0.70062,-0.17695,0.08883,0.0072,3.89913,-2.54506,-2.01648,17.20618,-17.71906,-0.93029,-1.93757,4.88359,-11.73661,-0.05014,18.55347,-16.69096,-3.58264,-5.09194
11.36,10.76144,-0.949,3.00728,-3.03204,-0.01112,0.00797,10.84476,-2.35774,-0.30793,0.57109,-0.01297,-0.23888,-0.24621,0.70324,2.32784,0.06217,1.09861,-0.19514,0.15962,0.06106,4.0414,-2.52435,-1.96354,17.28569,-17.70587,-1.146,-1.99505,5.05541,-11.75815,-0.005,18.61923,-16.70366,-3.81037,-5.19244
11.38,11.22506,0.68094,3.59695,-3.17331,-0.07123,-0.00616,10.89037,-1.47024,1.03267,-0.26165,-0.03215,-0.20217,-0.24867,1.07922,1.91901,-0.27131,1.45662,-0.20461,0.23087,0.11579,4.17008,-2.49583,-1.91367,17.3338,-17.66305,-1.33652,-2.0487,5.35613,-11.80368,0.02951,18.79518,-16.69628,-4.03806,-5.30152
11.4,11.07246,2.12941,4.36889,-3.26493,-0.14249,-0.02059,10.15172,-0.27814,2.31992,-1.26326,-0.03053,-0.14111,-0.24154,1.44436,1.56913,-0.46774,1.79016,-0.20623,0.27247,0.16278,4.36481,-2.41602,-1.88477,17.39389,-17.60178,-1.48644,-2.08912,5.61756,-11.79594,0.04893,18.97064,-16.69899,-4.19437,-5.37529
11.42,11.10365,3.7435,4.53889,-3.27459,-0.22,-0.03358,9.32141,0.35236,2.5898,-1.45052,0.00393,-0.13328,-0.21292,1.68123,1.53233,-0.27096,2.25659,-0.20004,0.25832,0.20336,4.718,-2.23858,-1.89871,17.516,-17.53318,-1.58163,-2.10698,5.62415,-11.63532,0.05004,19.00766,-16.75112,-4.19224,-5.35939
11.44,11.18514,5.27115,4.10482,-3.23914,-0.29888,-0.04538,8.70582,0.67285,2.48446,-1.26849,0.03929,-0.154,-0.1816,1.91767,1.64449,0.01137,2.77224,-0.19028,0.22,0.24036,5.11111,-2.03194,-1.93429,17.64614,-17.45817,-1.64527,-2.11615,5.5889,-11.43895,0.03843,19.02483,-16.81908,-4.12551,-5.31227
11.46,10.9716,6.43742,3.26661,-3.18851,-0.37745,-0.0565,8.18258,0.93507,2.53904,-1.32214,0.06079,-0.17047,-0.15414,2.2129,1.72652,0.1915,3.20387,-0.17865,0.18441,0.27103,5.44824,-1.85777,-1.97356,17.74524,-17.37492,-1.70009,-2.13012,5.68294,-11.31158,0.02179,19.11821,-16.87421,-4.07301,-5.28319
11.48,10.49383,6.92432,1.93901,-3.1187,-0.45727,-0.06686,7.77943,1.06896,2.56382,-1.38866,0.08246,-0.19019,-0.11657,2.47568,1.75906,0.3239,3.51654,-0.16517,0.14424,0.28943,5.76216,-1.70507,-2.02733,17.83844,-17.27789,-1.76036,-2.15409,5.83334,-11.21686,0.00361,19.24274,-16.92707,-4.00911,-5.25642
11.5,9.99673,7.02106,0.44805,-3.0263,-0.52385,-0.07496,7.46483,1.08129,2.56343,-1.45575,0.09084,-0.21057,-0.08799,2.61274,1.66819,0.33247,3.77036,-0.14951,0.11435,0.30361,6.03473,-1.57135,-2.0824,17.91478,-17.20065,-1.7813,-2.16682,6.01439,-11.17642,-0.01891,19.37399,-16.97756,-3.93709,-5.23122
11.52,9.5188,6.73103,-0.94762,-2.90338,-0.56723,-0.07961,7.20164,0.99869,2.57686,-1.55467,0.06827,-0.22994,-0.09372,2.6087,1.30873,0.18046,3.95817,-0.13909,0.09734,0.30742,6.23633,-1.45347,-2.12013,17.95732,-17.18191,-1.70969,-2.14349,6.20769,-11.21587,-0.04986,19.48899,-17.02445,-3.86433,-5.20859
11.54,9.02932,6.27472,-2.1207,-2.76851,-0.59557,-0.08255,6.97339,0.87769,2.57902,-1.64046,0.03702,-0.24542,-0.1075,2.45919,0.89942,-0.01486,4.09726,-0.12615,0.08212,0.30383,6.40069,-1.35158,-2.15692,17.99377,-17.18518,-1.60273,-2.10972,6.40922,-11.29995,-0.08209,19.59688,-17.06816,-3.78795,-5.18875
11.56,8.57106,5.45192,-3.05255,-2.64101,-0.6175,-0.08538,6.76856,0.77116,2.58892,-1.73448,0.01353,-0.25266,-0.111,2.20962,0.54489,-0.19054,4.11192,-0.11152,0.0654,0.2873,6.54626,-1.27097,-2.20403,18.04057,-17.18091,-1.50959,-2.08766,6.62752,-11.40528,-0.10903,19.71187,-17.10722,-3.71135,-5.17532
11.58,8.18919,4.46847,-3.70388,-2.5193,-0.63301,-0.08817,6.59707,0.69027,2.60368,-1.83305,-0.00575,-0.25366,-0.11724,1.80811,0.30617,-0.35658,3.98655,-0.11994,0.05014,0.23969,6.64705,-1.20021,-2.25324,18.08322,-17.18344,-1.41147,-2.06762,6.82514,-11.51605,-0.13229,19.80328,-17.14537,-3.62843,-5.1617
11.6,7.94366,3.45284,-4.09779,-2.40995,-0.63738,-0.0904,6.47201,0.63045,2.61224,-1.88311,-0.02311,-0.24701,-0.11926,1.40445,0.13189,-0.50106,3.86304,-0.11097,0.0449,0.2095,6.77625,-1.14529,-2.30885,18.1515,-17.1863,-1.31288,-2.0512,7.04342,-11.65147,-0.15435,19.91931,-17.17472,-3.55549,-5.15971
11.62,7.80383,2.39912,-4.30667,-2.32035,-0.62599,-0.0915,6.40641,0.57745,2.60729,-1.82961,-0.04102,-0.23299,-0.10705,1.19425,-0.06336,-0.59532,3.88515,-0.02465,0.04828,0.25868,7.02737,-1.11355,-2.37717,18.28433,-17.17911,-1.22275,-2.0421,7.34774,-11.84478,-0.17781,20.12653,-17.18529,-3.51455,-5.18552
11.64,7.68401,1.36719,-4.40703,-2.24775,-0.60582,-0.09236,6.41424,0.53767,2.59448,-1.72755,-0.05503,-0.2153,-0.09348,0.99957,-0.15662,-0.65401,3.8973,0.06249,0.06321,0.31993,7.31719,-1.08968,-2.44918,18.44072,-17.1712,-1.13392,-2.03546,7.66163,-12.04511,-0.2028,20.35779,-17.18857,-3.48386,-5.22094
11.66,7.58622,0.4041,-4.45305,-2.19022,-0.58311,-0.09369,6.50513,0.51446,2.57846,-1.61839,-0.06123,-0.19777,-0.08746,0.6344,-0.08003,-0.7126,3.77727,0.10444,0.0883,0.34667,7.58321,-1.06336,-2.51846,18.59069,-17.16717,-1.04449,-2.02936,7.93266,-12.21729,-0.22799,20.56193,-17.19354,-3.44669,-5.25239
11.68,7.52081,-0.52398,-4.46475,-2.14736,-0.55642,-0.09511,6.67687,0.49604,2.55056,-1.4621,-0.06368,-0.18661,-0.08793,0.08123,0.10776,-0.80579,3.55126,0.13252,0.12415,0.36693,7.87759,-1.03266,-2.58654,18.7581,-17.16362,-0.95357,-2.02309,8.20932,-12.40365,-0.25314,20.7715,-17.19574,-3.41495,-5.28892
11.7,7.47964,-1.32353,-4.48428,-2.11991,-0.5266,-0.09658,6.92021,0.46548,2.52252,-1.33657,-0.05866,-0.17344,-0.08926,-0.55438,0.37974,-0.92176,3.27599,0.13252,0.16573,0.36014,8.1418,-1.00963,-2.65128,18.90148,-17.16082,-0.86718,-2.01811,8.42648,-12.52607,-0.28375,20.95908,-17.20112,-3.3745,-5.31751
11.72,7.38006,-1.94548,-4.5139,-2.10807,-0.49582,-0.09821,7.22053,0.40569,2.51397,-1.33782,-0.04362,-0.1472,-0.08412,-1.13492,0.6887,-1.04666,3.00647,0.0798,0.21286,0.29863,8.30711,-1.00655,-2.71091,18.97272,-17.15921,-0.79312,-2.01633,8.50805,-12.4855,-0.3263,21.09045,-17.21668,-3.30809,-5.32233
11.74,7.23262,-2.48359,-4.48805,-2.10703,-0.46487,-0.09976,7.557,0.33286,2.51286,-1.38027,-0.02626,-0.12301,-0.07781,-1.76908,0.98269,-1.24406,2.71137,0.00634,0.27678,0.21476,8.44535,-1.01096,-2.76627,19.01611,-17.15748,-0.72413,-2.015,8.54243,-12.38974,-0.3738,21.2028,-17.23619,-3.23306,-5.31831
11.76,7.07543,-2.98085,-4.37167,-2.11133,-0.43457,-0.10107,7.90696,0.26629,2.50701,-1.39204,-0.01237,-0.11239,-0.07637,-2.57804,1.22644,-1.57518,2.37971,-0.05507,0.35292,0.14002,8.61581,-1.00906,-2.81813,19.06874,-17.15472,-0.65386,-2.01135,8.60285,-12.32161,-0.42106,21.3249,-17.255,-3.16286,-5.31677
11.78,6.84913,-3.44091,-4.14778,-2.11726,-0.40613,-0.10211,8.244,0.20649,2.50731,-1.42204,-0.00387,-0.10582,-0.0771,-3.56016,1.38067,-2.09343,2.04678,-0.12161,0.43302,0.0656,8.82432,-0.99445,-2.86878,19.12711,-17.1495,-0.58542,-2.00471,8.68536,-12.23431,-0.47429,21.4597,-17.27347,-3.09603,-5.31372
11.8,6.62775,-3.72723,-3.82304,-2.12692,-0.38034,-0.10276,8.54808,0.16332,2.50664,-1.43321,0.0047,-0.11014,-0.07874,-4.47602,1.45491,-2.63093,1.77398,-0.15881,0.52046,0.01647,9.00566,-0.99183,-2.91092,19.16386,-17.14622,-0.51754,-1.99701,8.7529,-12.17814,-0.52029,21.57433,-17.29502,-3.02352,-5.30568
11.82,6.49392,-3.73395,-3.41753,-2.14368,-0.35803,-0.10289,8.80549,0.1399,2.49246,-1.36843,0.02161,-0.13612,-0.07898,-5.02685,1.46848,-2.92124,1.61079,-0.13015,0.61571,0.00984,9.09448,-1.03296,-2.93576,19.15486,-17.1503,-0.44657,-1.99033,8.76465,-12.22081,-0.5426,21.63225,-17.32288,-2.93486,-5.28955
11.84,6.37146,-3.60995,-2.94379,-2.16069,-0.33995,-0.1025,8.99642,0.12838,2.47703,-1.29078,0.0388,-0.1689,-0.07751,-5.40792,1.39924,-3.12757,1.52126,-0.08391,0.69762,0.01536,9.16205,-1.08525,-2.95162,19.12936,-17.15691,-0.37633,-1.98157,8.76246,-12.29439,-0.55566,21.66679,-17.35224,-2.84092,-5.26725
11.86,6.19949,-3.45348,-2.43385,-2.17198,-0.3261,-0.10153,9.10255,0.11732,2.47002,-1.24844,0.04936,-0.19651,-0.07455,-5.80388,1.24497,-3.40617,1.47414,-0.05069,0.75386,0.01799,9.27681,-1.12154,-2.96532,19.11801,-17.16252,-0.30836,-1.96754,8.78636,-12.34902,-0.57062,21.70814,-17.37886,-2.75121,-5.24124
11.88,5.99585,-3.22003,-1.9132,-2.1781,-0.31576,-0.09985,9.10865,0.0869,2.46908,-1.23382,0.05872,-0.22001,-0.06538,-6.10919,1.02715,-3.66696,1.49074,-0.0181,0.79864,0.0253,9.44369,-1.16001,-2.97362,19.12886,-17.16989,-0.23676,-1.94774,8.82313,-12.40738,-0.58159,21.7482,-17.40294,-2.66079,-5.21051
11.9,5.83272,-2.9434,-1.45012,-2.18052,-0.30996,-0.09753,9.0466,0.06432,2.47282,-1.24104,0.06254,-0.24068,-0.05829,-6.32895,0.78977,-3.88394,1.53944,0.00577,0.80946,0.02972,9.585,-1.17986,-2.97685,19.12195,-17.17794,-0.17549,-1.92499,8.84791,-12.44378,-0.58811,21.7658,-17.42535,-2.57409,-5.1735
11.92,5.79964,-2.70334,-1.09753,-2.18083,-0.30992,-0.09466,8.96137,0.08727,2.47926,-1.26117,0.05501,-0.26034,-0.06372,-6.51652,0.57611,-4.06523,1.56536,0.01233,0.76452,0.02266,9.60786,-1.14832,-2.97681,19.04765,-17.18585,-0.14045,-1.90193,8.82905,-12.41994,-0.58997,21.73379,-17.44806,-2.4913,-5.12589
11.94,5.80806,-2.48112,-0.81439,-2.17843,-0.31285,-0.09114,8.82307,0.11593,2.48932,-1.30032,0.04382,-0.27623,-0.07072,-6.65553,0.37878,-4.20892,1.59382,0.0126,0.70379,0.01426,9.60162,-1.09517,-2.97292,18.95767,-17.19497,-0.11583,-1.8768,8.78802,-12.363,-0.58743,21.67877,-17.46888,-2.41318,-5.07295
11.96,5.77407,-2.25315,-0.56628,-2.17259,-0.31626,-0.08696,8.61241,0.1192,2.50413,-1.36465,0.03501,-0.28535,-0.07073,-6.74092,0.18706,-4.3243,1.65794,0.01355,0.65473,0.01133,9.64026,-1.04058,-2.96559,18.89421,-17.20627,-0.08758,-1.8474,8.74355,-12.29084,-0.58083,21.62337,-17.48624,-2.33758,-5.01786
11.98,5.73863,-2.05289,-0.34946,-2.16407,-0.32009,-0.08228,8.35328,0.1122,2.52196,-1.44446,0.02943,-0.28817,-0.06672,-6.78013,0.00579,-4.41172,1.75873,0.01469,0.61093,0.00895,9.67079,-0.96052,-2.95678,18.82911,-17.22143,-0.05717,-1.81233,8.66197,-12.18173,-0.56534,21.54079,-17.50302,-2.24416,-4.94934
12,5.63837,-1.86837,-0.16616,-2.1568,-0.32287,-0.0772,8.07544,0.10885,2.54114,-1.53034,0.02291,-0.28704,-0.06227,-6.80241,-0.14448,-4.47741,1.85505,0.01346,0.57265,0.01223,9.7321,-0.89245,-2.94544,18.78841,-17.23353,-0.03404,-1.78126,8.6032,-12.0676,-0.55431,21.48799,-17.51418,-2.18863,-4.89834
12.02,5.40761,-1.68414,-0.00982,-2.15474,-0.32302,-0.07184,7.80782,0.12445,2.56021,-1.61305,0.01019,-0.28515,-0.0613,-6.84347,-0.25033,-4.53536,1.89526,0.00705,0.54088,0.02856,9.87369,-0.8835,-2.92933,18.80362,-17.23568,-0.02644,-1.76435,8.63237,-11.9894,-0.56497,21.52922,-17.51484,-2.23971,-4.90262
12.04,5.11316,-1.533,0.13951,-2.15616,-0.32093,-0.06651,7.55997,0.15061,2.57812,-1.68752,-0.00156,-0.28035,-0.06077,-6.88312,-0.33665,-4.58484,1.92321,-0.00065,0.51503,0.04958,10.03507,-0.88693,-2.9124,18.84035,-17.23401,-0.02593,-1.75308,8.67883,-11.91268,-0.58144,21.60018,-17.51069,-2.32814,-4.92622
12.06,4.82543,-1.43613,0.28306,-2.15954,-0.31706,-0.06151,7.34797,0.17568,2.59343,-1.74941,-0.00702,-0.27184,-0.0587,-6.89952,-0.41808,-4.62113,1.98047,-0.00599,0.49557,0.06916,10.16917,-0.86661,-2.89745,18.87131,-17.23439,-0.02309,-1.73948,8.68465,-11.81211,-0.59169,21.64955,-17.50703,-2.39739,-4.9399
12.08,4.57913,-1.39372,0.41103,-2.16607,-0.31126,-0.05702,7.20047,0.21046,2.60473,-1.79105,-0.01001,-0.26384,-0.06013,-6.90293,-0.48473,-4.64685,2.05106,-0.01009,0.48009,0.0915,10.26838,-0.83881,-2.88149,18.89177,-17.23852,-0.01416,-1.7238,8.63372,-11.70181,-0.60681,21.68119,-17.50397,-2.47445,-4.95621
12.1,4.29497,-1.39116,0.50684,-2.17787,-0.30371,-0.05328,7.12843,0.22806,2.61107,-1.81491,-0.00783,-0.25386,-0.05827,-6.89976,-0.54642,-4.66587,2.12216,-0.01369,0.46844,0.11037,10.38098,-0.80508,-2.87151,18.93494,-17.23506,-0.01784,-1.71543,8.63266,-11.59748,-0.61605,21.7402,-17.49673,-2.5425,-4.97331
12.12,3.88293,-1.40705,0.55393,-2.19673,-0.29461,-0.05053,7.13761,0.19897,2.61152,-1.8253,0.00239,-0.23901,-0.04486,-6.89604,-0.61601,-4.68251,2.18328,-0.01688,0.46147,0.11755,10.56256,-0.7623,-2.87693,19.03841,-17.21021,-0.0577,-1.72547,8.80743,-11.51257,-0.60697,21.88116,-17.47998,-2.58074,-4.98805
12.14,3.46168,-1.45665,0.55946,-2.22064,-0.28434,-0.04875,7.23911,0.15196,2.60609,-1.81556,0.01535,-0.22585,-0.02965,-6.89018,-0.68037,-4.6952,2.2389,-0.01935,0.45602,0.12116,10.75519,-0.7187,-2.88876,19.16241,-17.17761,-0.10945,-1.74272,9.04512,-11.44526,-0.59395,22.05364,-17.45955,-2.60799,-5.00337
12.16,3.1295,-1.55248,0.53504,-2.24737,-0.27361,-0.04791,7.43342,0.1121,2.59535,-1.78162,0.02684,-0.21928,-0.02046,-6.88046,-0.72826,-4.70261,2.29629,-0.02054,0.4504,0.1271,10.90831,-0.67692,-2.89997,19.27175,-17.14897,-0.15344,-1.75759,9.24482,-11.38913,-0.58851,22.21094,-17.44066,-2.63704,-5.01964
12.18,2.85656,-1.67754,0.48802,-2.27635,-0.26294,-0.04801,7.70738,0.07883,2.58035,-1.72699,0.03558,-0.21876,-0.0153,-6.87637,-0.76112,-4.70871,2.34992,-0.01967,0.44698,0.13147,11.03849,-0.63144,-2.91634,19.37573,-17.11734,-0.20411,-1.77633,9.43924,-11.34142,-0.59327,22.37575,-17.42068,-2.6771,-5.04179
12.2,2.60119,-1.83715,0.43052,-2.30711,-0.25285,-0.04898,8.03653,0.04346,2.56194,-1.6582,0.04454,-0.22191,-0.01132,-6.86614,-0.78869,-4.71183,2.39502,-0.019,0.442,0.13721,11.16672,-0.60371,-2.9294,19.48498,-17.08956,-0.24272,-1.7912,9.65845,-11.32358,-0.59052,22.53547,-17.40181,-2.69076,-5.05536
12.22,2.30759,-2.04149,0.38273,-2.33905,-0.24347,-0.05066,8.38822,-0.00452,2.54123,-1.5834,0.05785,-0.22559,-0.0045,-6.83275,-0.82569,-4.70893,2.42727,-0.02191,0.42993,0.14822,11.31823,-0.62203,-2.92762,19.6125,-17.0752,-0.24437,-1.79193,9.93019,-11.3625,-0.55618,22.66783,-17.38749,-2.62904,-5.04135
12.24,2.00027,-2.26119,0.35778,-2.36995,-0.2356,-0.0529,8.73947,-0.04622,2.52069,-1.50545,0.07003,-0.23145,0.00307,-6.79407,-0.86385,-4.70457,2.44832,-0.02506,0.41718,0.15963,11.47845,-0.65899,-2.92148,19.74591,-17.06511,-0.23409,-1.78819,10.2194,-11.42651,-0.51203,22.78809,-17.3744,-2.54263,-5.01841
12.26,1.70666,-2.46496,0.35443,-2.39783,-0.22991,-0.05549,9.06786,-0.06854,2.50237,-1.42875,0.07676,-0.24062,0.00897,-6.76425,-0.89671,-4.70235,2.46004,-0.02563,0.40835,0.16813,11.63472,-0.69411,-2.91865,19.87401,-17.05271,-0.2304,-1.78689,10.49797,-11.48966,-0.4759,22.90941,-17.36059,-2.47171,-5.00099
12.28,1.36644,-2.6416,0.37514,-2.4222,-0.22578,-0.05815,9.33907,-0.08592,2.48792,-1.36403,0.08206,-0.24899,0.01735,-6.73535,-0.94073,-4.70124,2.45792,-0.02654,0.39842,0.17456,11.81345,-0.74881,-2.91348,20.0112,-17.04089,-0.22341,-1.78425,10.79406,-11.57174,-0.42976,23.02246,-17.34721,-2.38499,-4.97776
12.3,1.06834,-2.77173,0.39759,-2.44112,-0.22534,-0.06087,9.53827,-0.08708,2.47824,-1.31425,0.08271,-0.25799,0.02385,-6.71008,-0.97597,-4.70037,2.45267,-0.02394,0.39356,0.1795,11.98246,-0.78651,-2.9098,20.13298,-17.0287,-0.22127,-1.7818,11.06943,-11.6317,-0.39654,23.13887,-17.33348,-2.32696,-4.96269
12.32,0.92601,-2.83679,0.38866,-2.45308,-0.23091,-0.06367,9.66182,-0.06011,2.47326,-1.28006,0.07424,-0.27067,0.02244,-6.69304,-0.97415,-4.69921,2.45725,-0.01269,0.40175,0.18423,12.10437,-0.76152,-2.91362,20.21177,-17.01411,-0.23536,-1.78221,11.28658,-11.61851,-0.40738,23.28282,-17.31843,-2.35421,-4.97411
12.34,0.81858,-2.83243,0.35711,-2.459,-0.2399,-0.06614,9.68479,-0.02894,2.47415,-1.27143,0.06326,-0.28097,0.02009,-6.67791,-0.96604,-4.69809,2.46076,0.00111,0.4128,0.1879,12.22175,-0.71862,-2.91808,20.27554,-16.99908,-0.25466,-1.7825,11.49177,-11.5787,-0.43075,23.43595,-17.30305,-2.41076,-4.99331
12.36,0.63576,-2.75587,0.31701,-2.46007,-0.24975,-0.06791,9.58905,-0.01091,2.4818,-1.29507,0.05494,-0.28427,0.02251,-6.66045,-0.97521,-4.69726,2.45451,0.01237,0.41891,0.18975,12.37031,-0.69288,-2.91864,20.34827,-16.98438,-0.27192,-1.78111,11.72175,-11.54936,-0.44202,23.5852,-17.28811,-2.45384,-5.00652
12.38,0.37139,-2.60445,0.26836,-2.45752,-0.25991,-0.06885,9.37362,-0.0064,2.49627,-1.35089,0.04924,-0.28144,0.02924,-6.63892,-0.99017,-4.69534,2.44314,0.02151,0.42268,0.19205,12.55478,-0.66964,-2.91863,20.43215,-16.96797,-0.29135,-1.7795,11.97703,-11.51551,-0.45131,23.74573,-17.27226,-2.5008,-5.02007
12.4,0.08156,-2.3837,0.20789,-2.44942,-0.27177,-0.06911,9.05516,-0.00022,2.51605,-1.43277,0.04386,-0.27287,0.03644,-6.62085,-1.0126,-4.69424,2.42838,0.02976,0.42415,0.19129,12.72465,-0.65007,-2.91411,20.49789,-16.95452,-0.3091,-1.77569,12.21369,-11.47875,-0.4576,23.88919,-17.25805,-2.54849,-5.03144
12.42,-0.17996,-2.10542,0.14387,-2.43388,-0.28706,-0.06891,8.65554,0.02709,2.53936,-1.53224,0.03601,-0.25914,0.03968,-6.61473,-1.04594,-4.69629,2.41164,0.03879,0.42315,0.18264,12.81812,-0.63688,-2.90009,20.5104,-16.94984,-0.32023,-1.76712,12.38061,-11.44211,-0.45796,23.98026,-17.24869,-2.59035,-5.03656
12.44,-0.51983,-1.77727,0.10352,-2.4151,-0.30284,-0.06802,8.17473,0.06146,2.56669,-1.64943,0.02891,-0.2409,0.04314,-6.61257,-1.08274,-4.69895,2.39398,0.04623,0.42065,0.17196,12.89106,-0.62669,-2.88235,20.50524,-16.94827,-0.32934,-1.7568,12.52432,-11.40275,-0.45616,24.05335,-17.24078,-2.63187,-5.03987
12.46,-1.01072,-1.40898,0.09952,-2.39702,-0.31652,-0.06625,7.62325,0.08928,2.59768,-1.78255,0.02503,-0.21885,0.0501,-6.60694,-1.11869,-4.70007,2.3761,0.05022,0.41702,0.16375,12.98981,-0.61846,-2.86536,20.51278,-16.94538,-0.33951,-1.74701,12.68459,-11.36005,-0.4534,24.13479,-17.23165,-2.67364,-5.04362
12.48,-1.61183,-1.02018,0.13422,-2.38091,-0.32865,-0.06386,7.02881,0.11782,2.6304,-1.92343,0.02195,-0.19434,0.05769,-6.59901,-1.15138,-4.70005,2.3608,0.05312,0.41322,0.15497,13.08067,-0.60617,-2.84791,20.51563,-16.94352,-0.34949,-1.73669,12.83586,-11.30718,-0.45117,24.21052,-17.22226,-2.71594,-5.04653
12.5,-2.31967,-0.61491,0.19791,-2.3653,-0.33852,-0.06096,6.4152,0.14024,2.66365,-2.06746,0.02061,-0.16889,0.06671,-6.59424,-1.18328,-4.69997,2.34627,0.05333,0.40872,0.14981,13.18705,-0.60277,-2.83081,20.53016,-16.94149,-0.35879,-1.72762,12.98801,-11.25749,-0.44708,24.28703,-17.21193,-2.75614,-5.05087
12.52,-3.11222,-0.1915,0.26733,-2.34759,-0.34604,-0.05773,5.80906,0.1494,2.696,-2.20985,0.02278,-0.14414,0.07861,-6.59645,-1.21829,-4.70023,2.32978,0.04872,0.40269,0.15359,13.33832,-0.62288,-2.8147,20.57523,-16.93819,-0.36636,-1.72169,13.15442,-11.22709,-0.43672,24.37018,-17.20028,-2.78834,-5.05795
12.54,-3.91489,0.22519,0.32966,-2.33214,-0.35133,-0.05444,5.23732,0.14579,2.72528,-2.34324,0.02495,-0.12092,0.0897,-6.60191,-1.24928,-4.70036,2.31535,0.04338,0.3969,0.16061,13.4995,-0.65084,-2.79964,20.63371,-16.93496,-0.37313,-1.71752,13.31456,-11.19784,-0.42523,24.45213,-17.18726,-2.81835,-5.067
12.56,-4.6669,0.60988,0.37508,-2.32227,-0.35485,-0.0514,4.72409,0.13129,2.75006,-2.4612,0.02513,-0.10023,0.09788,-6.60612,-1.27016,-4.69945,2.30589,0.04039,0.39277,0.16651,13.64293,-0.67282,-2.78574,20.69181,-16.93299,-0.37974,-1.71395,13.45315,-11.1547,-0.4164,24.52626,-17.17276,-2.85,-5.07694
12.58,-5.33216,0.94736,0.3956,-2.31491,-0.35924,-0.0491,4.28908,0.11408,2.76935,-2.55818,0.02577,-0.08386,0.10466,-6.60479,-1.28233,-4.69537,2.30002,0.03931,0.39021,0.17263,13.76044,-0.68802,-2.77164,20.7428,-16.93465,-0.38336,-1.71048,13.56109,-11.10162,-0.40512,24.57893,-17.15852,-2.87315,-5.08378
12.6,-5.82928,1.24252,0.34423,-2.31519,-0.35852,-0.04701,3.95075,0.06707,2.78148,-2.63166,0.02334,-0.07111,0.10623,-6.6161,-1.28095,-4.69482,2.29597,0.04017,0.38961,0.17867,13.89364,-0.71267,-2.76174,20.82136,-16.93331,-0.39024,-1.71025,13.6659,-11.04842,-0.40145,24.64612,-17.13929,-2.90969,-5.09963
12.62,-6.07116,1.50271,0.16839,-2.3293,-0.34571,-0.0444,3.7269,-0.03577,2.78563,-2.68068,0.01323,-0.06067,0.09865,-6.66371,-1.26063,-4.70656,2.29172,0.04249,0.39098,0.18444,14.08808,-0.76733,-2.76101,20.96629,-16.92079,-0.40875,-1.71744,13.79975,-11.00529,-0.42038,24.77399,-17.10791,-2.99127,-5.14108
12.64,-6.06914,1.68264,-0.09636,-2.34931,-0.32863,-0.04221,3.61727,-0.16211,2.78099,-2.69925,0.00159,-0.05476,0.08601,-6.72658,-1.22313,-4.722,2.28639,0.04655,0.39475,0.18965,14.29815,-0.83263,-2.7651,21.13942,-16.90525,-0.43014,-1.72799,13.9254,-10.97039,-0.44765,24.91205,-17.07122,-3.08498,-5.19105
12.66,-5.8579,1.75169,-0.40646,-2.36873,-0.3143,-0.04124,3.62079,-0.2832,2.76863,-2.68636,-0.0075,-0.05476,0.07175,-6.7875,-1.1697,-4.7342,2.27917,0.05226,0.4009,0.19389,14.48191,-0.89259,-2.77016,21.30631,-16.89346,-0.44787,-1.73883,14.01795,-10.94018,-0.47286,25.02367,-17.0349,-3.16719,-5.23709
12.68,-5.46126,1.72043,-0.75775,-2.38851,-0.30212,-0.0414,3.73851,-0.40336,2.74871,-2.64884,-0.01802,-0.0586,0.0564,-6.86085,-1.09961,-4.74815,2.26821,0.05716,0.40764,0.19869,14.64231,-0.96126,-2.77651,21.47301,-16.88227,-0.46697,-1.75313,14.09238,-10.91654,-0.50844,25.13633,-16.99433,-3.26444,-5.29215
12.7,-4.80401,1.53739,-1.16885,-2.40654,-0.28967,-0.0422,3.9683,-0.5438,2.71429,-2.56957,-0.02594,-0.06833,0.03685,-6.92925,-1.00594,-4.75614,2.251,0.06431,0.41811,0.20007,14.81757,-1.01961,-2.7885,21.65541,-16.87242,-0.48038,-1.7658,14.15351,-10.91386,-0.53441,25.22123,-16.9572,-3.32939,-5.33474
12.72,-3.8422,1.12925,-1.64471,-2.42112,-0.27427,-0.04306,4.2947,-0.72903,2.67641,-2.45785,-0.02563,-0.08748,0.00902,-6.9687,-0.88307,-4.74828,2.22428,0.07772,0.43572,0.19223,15.05304,-1.04351,-2.81142,21.8707,-16.86481,-0.48015,-1.77076,14.2148,-10.94675,-0.52481,25.24712,-16.93367,-3.30343,-5.33845
12.74,-2.72616,0.53251,-2.13529,-2.4314,-0.2593,-0.04446,4.71192,-0.95721,2.61891,-2.31285,-0.02453,-0.11297,-0.02038,-7.00043,-0.73593,-4.73225,2.18732,0.09121,0.45496,0.18065,15.30515,-1.05422,-2.84046,22.09779,-16.85809,-0.47412,-1.77368,14.27683,-10.99896,-0.50602,25.25203,-16.91492,-3.24528,-5.32978
12.76,-1.57708,-0.18716,-2.59701,-2.43667,-0.24771,-0.04681,5.22041,-1.21306,2.54085,-2.14655,-0.02808,-0.14176,-0.04703,-7.03974,-0.57224,-4.71402,2.13932,0.10026,0.47105,0.16942,15.53735,-1.06923,-2.87132,22.3175,-16.85115,-0.46896,-1.7793,14.34166,-11.05733,-0.49847,25.26734,-16.8941,-3.20158,-5.32956
12.78,-0.44355,-0.99576,-3.00819,-2.43901,-0.23783,-0.0498,5.79084,-1.47722,2.51782,-2.05889,-0.03332,-0.17442,-0.07597,-7.07742,-0.39943,-4.69068,2.07682,0.10753,0.48337,0.15362,15.77697,-1.08555,-2.90688,22.53957,-16.84169,-0.4659,-1.78732,14.43219,-11.13037,-0.49205,25.2959,-16.87332,-3.15398,-5.32988
12.8,0.64157,-1.94049,-3.3398,-2.43023,-0.22951,-0.05326,6.41658,-1.80941,2.35236,-1.80026,-0.04207,-0.20925,-0.0984,-7.1082,-0.20697,-4.6585,2.00557,0.11121,0.49256,0.14048,15.9944,-1.08772,-2.94337,22.74744,-16.83487,-0.45596,-1.79288,14.50578,-11.20087,-0.49134,25.31137,-16.85594,-3.10584,-5.32998
12.82,1.5202,-3.08923,-3.49277,-2.4005,-0.22187,-0.05691,7.03709,-2.26767,1.80168,-1.08635,-0.05524,-0.24061,-0.10522,-7.12478,0.01164,-4.61427,1.93419,0.10824,0.50013,0.1405,16.16197,-1.05964,-2.97595,22.92775,-16.83618,-0.42862,-1.79032,14.51863,-11.24768,-0.50376,25.28812,-16.84492,-3.06476,-5.33077
12.84,2.03304,-4.24957,-3.40872,-2.35955,-0.21349,-0.06059,7.52518,-2.71694,1.15036,-0.31471,-0.06757,-0.26278,-0.10966,-7.12106,0.23162,-4.55863,1.8593,0.10287,0.50277,0.14297,16.30797,-1.01576,-3.00833,23.08875,-16.8393,-0.39521,-1.78499,14.52234,-11.28937,-0.52075,25.25737,-16.838,-3.02472,-5.33127
12.86,2.1863,-5.23643,-3.12755,-2.31586,-0.20332,-0.06408,7.83195,-3.05021,0.61144,0.28655,-0.07674,-0.27438,-0.11905,-7.09322,0.42855,-4.49254,1.77919,0.09791,0.49739,0.1406,16.46126,-0.97063,-3.04326,23.24097,-16.83844,-0.36548,-1.7815,14.56548,-11.34024,-0.53713,25.25032,-16.83231,-2.98487,-5.33261
12.88,1.97389,-6.07132,-2.65984,-2.26641,-0.18842,-0.06677,7.92755,-3.28555,0.11999,0.82309,-0.08281,-0.27483,-0.1249,-7.03401,0.58825,-4.41439,1.69923,0.0906,0.48543,0.14146,16.65381,-0.92137,-3.08013,23.40502,-16.83275,-0.33525,-1.7769,14.66229,-11.39323,-0.55486,25.27155,-16.82761,-2.94636,-5.33485
12.9,1.5729,-6.57453,-2.11745,-2.21469,-0.17379,-0.0691,7.83644,-3.3902,-0.26846,1.23128,-0.0874,-0.26197,-0.13511,-6.93666,0.73057,-4.3182,1.63042,0.08437,0.46503,0.13689,16.77751,-0.86294,-3.11427,23.50933,-16.82927,-0.30739,-1.77348,14.73953,-11.45237,-0.57087,25.28428,-16.82811,-2.90906,-5.33601
12.92,1.21254,-6.59655,-1.61962,-2.16514,-0.16629,-0.07179,7.64049,-3.34728,-0.5073,1.48538,-0.09323,-0.23507,-0.16246,-6.79096,0.8725,-4.19829,1.58668,0.0843,0.43522,0.1152,16.71405,-0.7891,-3.14067,23.47592,-16.83595,-0.28491,-1.7741,14.71651,-11.52152,-0.5818,25.24848,-16.83828,-2.87228,-5.33373
12.94,0.86376,-6.34877,-1.14471,-2.11627,-0.15828,-0.07357,7.36618,-3.22302,-0.65274,1.67182,-0.09883,-0.20126,-0.19328,-6.59486,0.98449,-4.05423,1.56502,0.08413,0.39842,0.09258,16.58297,-0.71027,-3.16257,23.38256,-16.84488,-0.26553,-1.77581,14.67323,-11.59825,-0.58981,25.20341,-16.85347,-2.83719,-5.33003
12.96,0.48355,-5.99295,-0.68064,-2.06734,-0.14376,-0.0735,7.01802,-3.08306,-0.74851,1.82695,-0.10286,-0.16679,-0.21675,-6.35239,1.04211,-3.88946,1.56619,0.07983,0.35874,0.08092,16.49318,-0.63394,-3.18329,23.29971,-16.84894,-0.24741,-1.77609,14.68205,-11.67919,-0.59631,25.1851,-16.86934,-2.80394,-5.32635
12.98,0.09762,-5.51986,-0.23699,-2.01841,-0.12657,-0.07211,6.6026,-2.95898,-0.81434,1.95414,-0.10683,-0.12994,-0.23864,-6.06565,1.03382,-3.70749,1.60609,0.07563,0.32444,0.07338,16.43876,-0.5489,-3.20171,23.22401,-16.85043,-0.22725,-1.77376,14.72879,-11.75384,-0.60126,25.18556,-16.8865,-2.76968,-5.32057
13,-0.07691,-5.00643,0.09004,-1.97541,-0.10152,-0.06861,6.23869,-2.87091,-0.8367,2.02246,-0.10947,-0.10087,-0.25412,-5.74076,1.02524,-3.48868,1.66444,0.06773,0.28374,0.08067,16.32751,-0.47981,-3.21464,23.09983,-16.85158,-0.21612,-1.77352,14.75856,-11.84284,-0.60135,25.18066,-16.90647,-2.74217,-5.31556
13.02,0.1847,-4.52842,0.23948,-1.94456,-0.05926,-0.06173,6.05496,-2.82183,-0.8181,2.01802,-0.10921,-0.09042,-0.25892,-5.3716,1.08139,-3.22902,1.72497,0.05213,0.21776,0.11833,16.06467,-0.45447,-3.21964,22.86888,-16.85423,-0.2268,-1.78045,14.7115,-11.97383,-0.59202,25.14439,-16.93098,-2.729,-5.31453
13.04,0.68234,-4.07079,0.33394,-1.91996,-0.00628,-0.05274,5.95836,-2.82468,-0.80277,1.99431,-0.10873,-0.08745,-0.26105,-4.95382,1.12398,-2.92922,1.81626,0.03388,0.14674,0.17105,15.74456,-0.4404,-3.21875,22.59433,-16.85714,-0.24663,-1.78887,14.63191,-12.10557,-0.57779,25.09719,-16.95766,-2.72292,-5.31346
13.06,1.20336,-3.61909,0.45333,-1.89744,0.05137,-0.04283,5.8539,-2.89131,-0.818,1.98244,-0.1096,-0.08387,-0.26478,-4.51857,1.10124,-2.61863,1.95821,0.01815,0.08971,0.22628,15.45758,-0.4123,-3.2144,22.33641,-16.85881,-0.26431,-1.7935,14.56107,-12.20733,-0.56153,25.05788,-16.9842,-2.71638,-5.30885
13.08,1.75933,-3.15501,0.58962,-1.87978,0.11924,-0.03148,5.75209,-3.00851,-0.84885,1.96738,-0.10989,-0.08463,-0.26786,-4.11459,1.03971,-2.39048,2.15229,0.00788,0.039,0.29339,15.18919,-0.37538,-3.20819,22.0842,-16.86002,-0.28247,-1.79442,14.47081,-12.29948,-0.5382,25.01327,-17.01135,-2.70624,-5.30027
13.1,2.3135,-2.70641,0.70044,-1.86826,0.18418,-0.02063,5.71329,-3.14467,-0.90011,1.96844,-0.11275,-0.08437,-0.27285,-3.68398,0.94965,-2.04459,2.37793,-0.00552,-4e-05,0.35343,14.87817,-0.33317,-3.19375,21.81688,-16.86231,-0.30511,-1.79533,14.35295,-12.33209,-0.51767,24.96422,-17.03739,-2.70855,-5.29068
13.12,2.81567,-2.26349,0.7301,-1.86496,0.23069,-0.01258,5.7933,-3.26866,-0.97937,2.00841,-0.12247,-0.07578,-0.28299,-3.18768,0.84261,-1.41321,2.61437,-0.03105,-0.02307,0.37631,14.45695,-0.29163,-3.16301,21.51173,-16.86847,-0.3342,-1.79952,14.19949,-12.25106,-0.50979,24.90785,-17.06099,-2.73773,-5.28195
13.14,3.22906,-1.74465,0.74037,-1.87149,0.26896,-0.00619,5.91729,-3.38615,-1.07008,2.06521,-0.13482,-0.06679,-0.29494,-2.76117,0.72246,-0.8505,2.86887,-0.05383,-0.03432,0.38012,13.992,-0.24285,-3.12481,21.1975,-16.87678,-0.36738,-1.80298,14.00758,-12.10391,-0.50511,24.84168,-17.08202,-2.77949,-5.27182
13.16,3.49439,-1.13717,0.78258,-1.88924,0.3078,-0.0005,6.00835,-3.50624,-1.15948,2.11971,-0.14619,-0.06275,-0.30605,-2.51814,0.5984,-0.53711,3.11771,-0.06341,-0.03581,0.38433,13.54565,-0.18142,-3.08601,20.90259,-16.8865,-0.40063,-1.80182,13.77771,-11.93487,-0.49487,24.76139,-17.10067,-2.81911,-5.25751
13.18,3.59185,-0.45714,0.84838,-1.92167,0.34625,0.00428,6.0583,-3.61506,-1.24113,2.16965,-0.15823,-0.05937,-0.3169,-2.54386,0.49379,-0.42702,3.28273,-0.07546,-0.02953,0.36793,13.08255,-0.12114,-3.04136,20.60983,-16.90329,-0.42878,-1.79518,13.48719,-11.75267,-0.47442,24.63947,-17.11934,-2.84691,-5.23448
13.2,3.55926,0.19377,0.8911,-1.96437,0.36814,0.00605,6.10891,-3.70929,-1.32206,2.22859,-0.16929,-0.06082,-0.32684,-2.5682,0.44809,-0.37247,3.38904,-0.06977,-0.0129,0.3552,12.64026,-0.04054,-2.9984,20.35057,-16.91661,-0.46797,-1.78909,13.19519,-11.50756,-0.46589,24.53796,-17.12815,-2.90093,-5.21723
13.22,3.48995,0.71986,0.80812,-2.01137,0.3571,0.00273,6.1989,-3.79008,-1.4081,2.30647,-0.17735,-0.07156,-0.33474,-2.25133,0.51838,-0.22235,3.50746,-0.0197,0.01667,0.37933,12.27266,0.08697,-2.96688,20.16723,-16.91226,-0.53865,-1.79098,12.97812,-11.14222,-0.49803,24.53918,-17.11299,-3.03307,-5.22608
13.24,3.3988,1.16307,0.59936,-2.06749,0.32875,-0.00352,6.26005,-3.85607,-1.4857,2.38369,-0.18376,-0.08597,-0.34045,-1.85539,0.71956,-0.04093,3.56874,0.03929,0.04479,0.40346,11.93536,0.22625,-2.93712,20.0244,-16.90553,-0.61916,-1.7937,12.76508,-10.73354,-0.54226,24.54926,-17.08474,-3.18898,-5.24061
13.26,3.22443,1.58868,0.30113,-2.13603,0.29765,-0.01056,6.22822,-3.91143,-1.54163,2.43863,-0.18946,-0.0987,-0.34351,-1.58501,1.05897,0.13449,3.50688,0.08014,0.05755,0.4,11.59918,0.34684,-2.90212,19.89594,-16.90889,-0.69225,-1.79148,12.50779,-10.34801,-0.57638,24.50092,-17.05323,-3.32651,-5.24562
13.28,2.95788,2.04078,-0.07477,-2.21287,0.2621,-0.0184,6.09965,-3.95868,-1.56582,2.45764,-0.19456,-0.10581,-0.34306,-1.36048,1.5491,0.35286,3.30305,0.10768,0.05844,0.37363,11.28671,0.45595,-2.86641,19.80056,-16.91509,-0.7692,-1.78835,12.2478,-9.96208,-0.62223,24.44655,-17.00803,-3.48674,-5.25746
13.3,2.80817,2.43674,-0.50234,-2.29167,0.21409,-0.02763,5.9141,-4.0045,-1.59128,2.47407,-0.19612,-0.11823,-0.33924,-1.09403,2.14268,0.64148,3.15903,0.13316,0.03534,0.3479,10.98826,0.54441,-2.82625,19.72138,-16.93348,-0.83574,-1.78085,11.9575,-9.60623,-0.64912,24.31198,-16.96522,-3.60035,-5.24912
13.32,3.10274,2.64327,-0.75485,-2.36648,0.14611,-0.03877,5.70025,-4.05149,-1.649,2.51719,-0.19042,-0.1492,-0.33132,-0.82118,2.63645,0.93445,3.27521,0.16843,-0.01061,0.34782,10.69395,0.58827,-2.77606,19.64055,-16.9756,-0.87429,-1.76534,11.61091,-9.32587,-0.61612,24.01422,-16.94812,-3.57764,-5.18659
13.34,3.74649,2.60969,-0.72924,-2.43299,0.06637,-0.0505,5.41819,-4.07032,-1.69223,2.53999,-0.18048,-0.18353,-0.31836,-0.66334,2.93095,1.14943,3.43126,0.20084,-0.05758,0.35124,10.41599,0.60529,-2.72159,19.57159,-17.03091,-0.90209,-1.7461,11.23819,-9.07881,-0.56793,23.64162,-16.93581,-3.50746,-5.10368
13.36,4.46414,2.37003,-0.54128,-2.48786,-0.01617,-0.06139,5.05133,-4.04849,-1.691,2.51261,-0.16964,-0.20878,-0.30053,-0.62831,3.08714,1.29226,3.4539,0.22021,-0.09983,0.33705,10.16488,0.60149,-2.66651,19.52666,-17.09062,-0.93241,-1.72681,10.86905,-8.84074,-0.53562,23.26523,-16.91185,-3.45877,-5.02776
13.38,5.12941,1.89963,-0.23499,-2.52948,-0.10001,-0.07105,4.61777,-4.00232,-1.65866,2.44018,-0.15656,-0.22899,-0.27684,-0.64745,3.11123,1.38526,3.38497,0.23098,-0.13963,0.31034,9.95892,0.5309,-2.60731,19.52046,-17.1543,-0.96232,-1.71006,10.52108,-8.65422,-0.49627,22.86912,-16.8838,-3.39372,-4.94732
13.4,5.97679,1.04873,0.12232,-2.54326,-0.19704,-0.0805,4.17735,-3.8388,-1.58589,2.35973,-0.14311,-0.24556,-0.25188,-0.7278,2.96182,1.38787,3.27371,0.23532,-0.17605,0.27826,9.73468,0.50514,-2.54928,19.4884,-17.22965,-0.98649,-1.68691,10.1222,-8.43006,-0.47671,22.43659,-16.85011,-3.34353,-4.86661
13.42,7.26293,-0.3214,0.5236,-2.51236,-0.31984,-0.09109,3.77478,-3.45188,-1.44242,2.30179,-0.13109,-0.25762,-0.22983,-0.89003,2.63418,1.26832,3.15161,0.23495,-0.20902,0.2443,9.41004,0.66536,-2.50015,19.34991,-17.32509,-1.00018,-1.64677,9.59275,-8.05859,-0.51257,21.95661,-16.80704,-3.35572,-4.7949
13.44,8.51432,-1.97902,1.00368,-2.4448,-0.45366,-0.10133,3.37215,-2.94203,-1.23634,2.22962,-0.11845,-0.26388,-0.20581,-1.0445,2.27998,1.12167,2.98239,0.23109,-0.24217,0.20336,9.05657,0.882,-2.45375,19.17656,-17.43037,-1.00819,-1.60043,9.03009,-7.65148,-0.56477,21.45475,-16.75896,-3.38415,-4.7248
13.46,9.43038,-3.69989,1.55753,-2.3506,-0.58566,-0.10997,2.97585,-2.41458,-0.99948,2.11955,-0.10468,-0.2651,-0.17687,-1.11523,2.00292,1.02717,2.7548,0.22527,-0.27813,0.15583,8.73205,1.0469,-2.40512,19.02735,-17.53581,-1.01649,-1.55782,8.50977,-7.29317,-0.60724,20.95855,-16.70844,-3.3991,-4.65343
13.48,10.13266,-5.52191,2.18336,-2.23098,-0.71934,-0.11753,2.64192,-1.86676,-0.74283,1.97757,-0.09077,-0.26374,-0.14336,-1.09182,1.79845,0.98213,2.5078,0.22093,-0.31804,0.10705,8.39535,1.20952,-2.35794,18.86572,-17.64252,-1.02635,-1.51743,7.98882,-6.93551,-0.65911,20.46111,-16.65381,-3.42816,-4.58853
13.5,10.83618,-7.37498,2.83057,-2.07324,-0.85553,-0.12419,2.34738,-1.36718,-0.50186,1.81699,-0.07776,-0.26248,-0.10866,-1.01062,1.67446,0.96247,2.27629,0.21496,-0.35459,0.06301,8.07652,1.37139,-2.31146,18.71397,-17.75192,-1.02884,-1.47604,7.51479,-6.6148,-0.69897,19.97715,-16.60085,-3.42934,-4.51663
13.52,11.84804,-9.2232,3.42765,-1.865,-0.99675,-0.13025,2.08646,-0.99747,-0.31779,1.65952,-0.06678,-0.26488,-0.07713,-0.90967,1.62871,0.94789,2.0802,0.20224,-0.38111,0.02675,7.80569,1.53972,-2.26486,18.59676,-17.86617,-1.01322,-1.42936,7.13692,-6.36776,-0.702,19.52296,-16.55715,-3.34866,-4.41935
13.54,13.11747,-11.08948,3.9469,-1.6258,-1.14271,-0.13579,1.93342,-0.7411,-0.19531,1.50567,-0.05759,-0.27196,-0.04697,-0.75646,1.64534,0.9548,1.92421,0.18762,-0.40307,-0.0038,7.55207,1.72724,-2.22317,18.48786,-17.9803,-0.98994,-1.38302,6.79111,-6.14624,-0.69862,19.08883,-16.51703,-3.23974,-4.31642
13.56,14.54273,-12.95532,4.3747,-1.37371,-1.291,-0.14068,1.91864,-0.57081,-0.13015,1.35184,-0.04993,-0.28278,-0.01653,-0.51869,1.70919,0.98567,1.81762,0.17526,-0.42289,-0.02886,7.28594,1.93632,-2.18954,18.3641,-18.09011,-0.968,-1.34287,6.43908,-5.91937,-0.70962,18.66889,-16.47676,-3.14343,-4.22423
13.58,16.20537,-14.86605,4.70581,-1.10902,-1.44379,-0.14526,2.01836,-0.4796,-0.1164,1.20538,-0.0451,-0.29669,0.01314,-0.1902,1.80135,1.01693,1.76968,0.16401,-0.43729,-0.04736,6.96811,2.2146,-2.16503,18.19944,-18.19968,-0.94168,-1.30502,6.08057,-5.67317,-0.72747,18.25808,-16.44068,-3.03831,-4.13343
13.6,18.14394,-16.56436,4.89735,-0.83575,-1.59284,-0.14889,2.19237,-0.48216,-0.15848,1.09833,-0.04023,-0.31179,0.03798,0.13826,1.91624,1.04694,1.79509,0.15111,-0.44453,-0.05957,6.73156,2.45643,-2.1517,18.08006,-18.29769,-0.91529,-1.27984,5.75767,-5.48169,-0.75232,17.88675,-16.40524,-2.93988,-4.06021
13.62,20.30824,-17.80434,4.94438,-0.55775,-1.72924,-0.15086,2.40821,-0.57542,-0.24586,1.07865,-0.03093,-0.32372,0.05265,0.37501,2.04812,1.09028,1.91019,0.13379,-0.4464,-0.06573,6.72745,2.52853,-2.15062,18.10356,-18.37054,-0.89662,-1.2815,5.52064,-5.42696,-0.78486,17.58657,-16.3664,-2.86806,-4.02425
13.64,22.49981,-18.84526,4.93505,-0.29176,-1.85805,-0.15111,2.64921,-0.70166,-0.33262,1.1284,-0.02028,-0.33011,0.06047,0.58957,2.16888,1.13337,2.09592,0.1141,-0.44396,-0.06533,6.80395,2.54891,-2.16167,18.17085,-18.43098,-0.87729,-1.30006,5.32225,-5.43709,-0.82321,17.32422,-16.32991,-2.80333,-4.01055
13.66,24.61697,-19.88772,4.91345,-0.0404,-1.97847,-0.15082,2.89626,-0.8278,-0.39228,1.21661,-0.01207,-0.33061,0.0662,0.83469,2.25803,1.15679,2.34025,0.09486,-0.43701,-0.05955,6.82571,2.62969,-2.18678,18.1933,-18.48935,-0.85187,-1.32734,5.11763,-5.44156,-0.86897,17.07233,-16.2999,-2.73202,-4.00666
13.68,26.60843,-20.8878,4.86218,0.20001,-2.09403,-0.15113,3.11424,-0.95174,-0.41688,1.36139,-0.0066,-0.32331,0.07047,1.0726,2.30093,1.15528,2.67371,0.07677,-0.42738,-0.05212,6.8161,2.75973,-2.23052,18.18614,-18.54102,-0.82602,-1.36872,4.91374,-5.44144,-0.92385,16.83725,-16.27587,-2.65284,-4.01393
13.7,28.28899,-21.73289,4.81609,0.40443,-2.17834,-0.1497,3.3028,-1.07268,-0.42267,1.54917,-0.00184,-0.31046,0.07044,1.27674,2.32344,1.15503,3.00948,0.05732,-0.41474,-0.03832,6.83511,2.83967,-2.28563,18.19593,-18.58871,-0.78806,-1.42348,4.72499,-5.50505,-0.98589,16.62692,-16.25497,-2.58094,-4.04595
13.72,29.50199,-22.34818,4.82887,0.5497,-2.20959,-0.14473,3.48784,-1.18254,-0.43065,1.73305,0.00589,-0.29556,0.06151,1.44079,2.36657,1.19327,3.19977,0.03406,-0.40031,-0.01136,6.93142,2.77847,-2.34476,18.26458,-18.63623,-0.7254,-1.48913,4.56195,-5.69137,-1.05485,16.44902,-16.23391,-2.53515,-4.11693
13.74,30.34381,-22.8402,4.85815,0.65539,-2.21354,-0.13962,3.64787,-1.27489,-0.43014,1.92179,0.01289,-0.27677,0.04768,1.58107,2.40347,1.24339,3.32913,0.01196,-0.38748,0.0198,7.04727,2.65148,-2.41728,18.35345,-18.68098,-0.64944,-1.56918,4.40321,-5.93749,-1.13285,16.29096,-16.21494,-2.49525,-4.21312
13.76,30.94606,-23.31839,4.85329,0.74015,-2.20038,-0.13784,3.75227,-1.34589,-0.41247,2.14511,0.01592,-0.25398,0.03334,1.70107,2.40686,1.27555,3.49593,-0.00569,-0.37709,0.04794,7.11008,2.55068,-2.513,18.41519,-18.722,-0.57105,-1.6652,4.22465,-6.17153,-1.22381,16.13937,-16.20003,-2.444,-4.3207
13.78,31.3143,-23.80649,4.80804,0.8012,-2.19543,-0.13979,3.7905,-1.38453,-0.38135,2.42448,0.01982,-0.23231,0.01666,1.7683,2.38448,1.29733,3.69379,-0.02082,-0.36985,0.07645,7.09281,2.50711,-2.63582,18.44063,-18.76064,-0.49198,-1.77493,4.01886,-6.36196,-1.33509,15.99756,-16.18738,-2.39151,-4.44119
13.8,31.3533,-24.13247,4.73796,0.80145,-2.15661,-0.14043,3.81246,-1.42113,-0.36498,2.6806,0.0191,-0.21054,-0.0016,1.85092,2.37221,1.31542,3.83021,-0.03223,-0.36244,0.10164,7.11505,2.33001,-2.76981,18.51077,-18.79886,-0.39549,-1.90083,3.80574,-6.64316,-1.44815,15.85426,-16.17567,-2.32672,-4.58093
13.82,30.97668,-24.15748,4.67462,0.69802,-2.03379,-0.1338,3.89506,-1.49492,-0.39017,2.79748,0.0052,-0.184,-0.0203,2.03097,2.41468,1.3375,3.80113,-0.03831,-0.35066,0.11841,7.30233,1.82419,-2.89948,18.70598,-18.83605,-0.26903,-2.04727,3.6063,-7.16149,-1.54147,15.69697,-16.16313,-2.2351,-4.74528
13.84,30.34506,-24.05182,4.57587,0.5344,-1.87747,-0.12489,3.98297,-1.5748,-0.43259,2.87141,-0.0128,-0.16026,-0.04021,2.22458,2.47374,1.35001,3.71711,-0.04193,-0.33741,0.13154,7.53653,1.17953,-3.03928,18.95695,-18.87304,-0.12397,-2.20653,3.40083,-7.75624,-1.63708,15.53704,-16.1482,-2.13092,-4.9255
13.86,29.61468,-23.96303,4.40867,0.35519,-1.73383,-0.11841,4.01491,-1.62811,-0.46814,2.98588,-0.02674,-0.14509,-0.06074,2.35929,2.51536,1.34441,3.66325,-0.0455,-0.3259,0.14382,7.70059,0.58243,-3.20337,19.19079,-18.91054,0.02488,-2.37256,3.16746,-8.28271,-1.75333,15.3793,-16.13082,-2.02529,-5.11202
13.88,28.81175,-23.92168,4.19791,0.15669,-1.59169,-0.11265,4.01155,-1.65442,-0.49947,3.1062,-0.03998,-0.13479,-0.08124,2.44538,2.56659,1.33486,3.59245,-0.04904,-0.31607,0.15156,7.78443,0.05351,-3.39722,19.39167,-18.94353,0.15735,-2.55105,2.90148,-8.76388,-1.88417,15.21415,-16.11082,-1.91589,-5.30277
13.9,27.80806,-23.71377,3.92148,-0.06734,-1.43784,-0.10581,3.97331,-1.68695,-0.53438,3.21036,-0.05182,-0.13196,-0.09926,2.52336,2.57885,1.29677,3.52076,-0.05307,-0.30502,0.15824,7.9585,-0.63204,-3.58177,19.68545,-18.98536,0.3379,-2.72254,2.65182,-9.26046,-2.02107,15.05667,-16.08588,-1.80087,-5.50214
13.92,26.42248,-23.1487,3.56672,-0.32604,-1.26014,-0.09621,3.89809,-1.76255,-0.57974,3.27855,-0.06004,-0.14001,-0.11223,2.635,2.48821,1.20363,3.46358,-0.058,-0.29054,0.16897,8.4198,-1.72549,-3.70678,20.206,-19.0513,0.65311,-2.85962,2.47493,-9.82632,-2.15761,14.93053,-16.05289,-1.6798,-5.71513
13.94,24.81457,-22.48931,3.17279,-0.59961,-1.07478,-0.08519,3.78895,-1.84224,-0.62264,3.31797,-0.06694,-0.15295,-0.12093,2.72709,2.34343,1.09285,3.38537,-0.06431,-0.27689,0.17657,8.98236,-2.95281,-3.81005,20.79356,-19.11776,1.01432,-2.98562,2.32867,-10.39166,-2.29728,14.81929,-16.01426,-1.55496,-5.93122
13.96,23.15294,-21.93179,2.75784,-0.86596,-0.89749,-0.07426,3.64698,-1.89272,-0.65253,3.34182,-0.07424,-0.1664,-0.12631,2.76353,2.19203,0.9918,3.27057,-0.07242,-0.26706,0.17674,9.50467,-4.07373,-3.92418,21.33273,-19.17195,1.35079,-3.11597,2.18209,-10.89117,-2.44364,14.71056,-15.97289,-1.43041,-6.1412
13.98,21.36124,-21.44476,2.3204,-1.12984,-0.71872,-0.06206,3.48398,-1.92979,-0.67306,3.33444,-0.08261,-0.18048,-0.12769,2.77954,2.01968,0.89199,3.11136,-0.08195,-0.26055,0.17391,10.09006,-5.16114,-4.01937,21.87061,-19.22663,1.71918,-3.22619,2.06891,-11.33406,-2.59649,14.62449,-15.92789,-1.31145,-6.34632
14,19.56999,-20.79686,1.83926,-1.36929,-0.54284,-0.04953,3.29376,-1.95189,-0.68792,3.30964,-0.09165,-0.19649,-0.12436,2.75456,1.82904,0.79422,2.95052,-0.09429,-0.25686,0.16331,10.69106,-6.22402,-4.11379,22.39819,-19.25588,2.02971,-3.3559,1.98685,-11.76495,-2.73992,14.54146,-15.8826,-1.18654,-6.54253
14.02,17.95721,-19.7095,1.30868,-1.56165,-0.37245,-0.03777,3.07252,-1.95571,-0.70185,3.28677,-0.10027,-0.216,-0.11613,2.67683,1.63404,0.70094,2.84074,-0.11079,-0.25391,0.13916,11.27516,-7.27669,-4.23547,22.93869,-19.23415,2.1761,-3.55084,1.93766,-12.24048,-2.8551,14.43929,-15.83992,-1.03959,-6.72505
14.04,16.49894,-18.35072,0.7661,-1.71856,-0.19613,-0.02516,2.84526,-1.95334,-0.71571,3.25013,-0.11023,-0.23699,-0.10402,2.60072,1.44533,0.61094,2.75089,-0.13042,-0.25272,0.11111,11.89508,-8.29481,-4.35259,23.49323,-19.19093,2.2585,-3.76062,1.93514,-12.71872,-2.95458,14.34438,-15.79887,-0.89035,-6.89595
14.06,15.1683,-16.90014,0.23589,-1.84911,-0.00715,-0.01049,2.63127,-1.95329,-0.73003,3.18675,-0.12258,-0.25721,-0.0891,2.56457,1.27006,0.52426,2.64851,-0.15145,-0.25388,0.08631,12.596,-9.25872,-4.43772,24.04631,-19.148,2.35852,-3.94511,1.99425,-13.16897,-3.04754,14.2833,-15.75903,-0.75337,-7.05631
14.08,13.9463,-15.29294,-0.27857,-1.95289,0.19793,0.00652,2.43701,-1.96091,-0.74862,3.10074,-0.13509,-0.27593,-0.07203,2.58068,1.10505,0.44036,2.53847,-0.17211,-0.2538,0.06171,13.46555,-10.2615,-4.48562,24.64717,-19.09582,2.47047,-4.11071,2.15754,-13.64236,-3.12297,14.27217,-15.71861,-0.61517,-7.20403
14.1,13.21711,-13.4854,-0.76,-2.00167,0.40692,0.02371,2.25797,-1.97874,-0.77362,3.01249,-0.14931,-0.29446,-0.05347,2.62083,0.97622,0.36233,2.47135,-0.19508,-0.25654,0.04307,14.17797,-11.1165,-4.52877,25.14708,-19.03694,2.52311,-4.27743,2.30415,-14.09245,-3.18515,14.25006,-15.68819,-0.50188,-7.34059
14.12,13.40145,-11.46666,-1.18772,-1.96687,0.60547,0.0387,2.09063,-2.01107,-0.80747,2.94524,-0.16802,-0.31535,-0.03445,2.65155,0.91537,0.29229,2.50501,-0.22186,-0.26607,0.03688,14.34496,-11.61891,-4.60566,25.37831,-18.97533,2.43452,-4.46982,2.29129,-14.47319,-3.23843,14.14239,-15.68067,-0.44315,-7.46879
14.14,14.12793,-9.39047,-1.56181,-1.87602,0.80019,0.053,1.95083,-2.06382,-0.85187,2.89108,-0.18641,-0.33516,-0.01678,2.7018,0.90075,0.2315,2.58652,-0.24648,-0.2746,0.03615,14.29609,-12.00882,-4.67828,25.49039,-18.9077,2.2879,-4.66421,2.24913,-14.85294,-3.27439,14.01963,-15.68581,-0.41083,-7.58619
14.16,15.02659,-7.39089,-1.88923,-1.75837,0.99735,0.06813,1.85022,-2.14195,-0.9065,2.83604,-0.20053,-0.35039,-0.00124,2.79478,0.90597,0.17958,2.65883,-0.26355,-0.27647,0.0344,14.33585,-12.48754,-4.71501,25.62099,-18.83353,2.15849,-4.83789,2.29143,-15.28908,-3.28669,13.94347,-15.69349,-0.38088,-7.69105
14.18,16.10171,-5.44963,-2.17403,-1.61757,1.19306,0.08373,1.79024,-2.25171,-0.9706,2.77873,-0.21227,-0.36285,0.0125,2.91242,0.92904,0.13438,2.7322,-0.26932,-0.27248,0.03004,14.38485,-13.05591,-4.73049,25.76291,-18.74627,2.00994,-5.00722,2.39535,-15.81417,-3.26862,13.88895,-15.70452,-0.35295,-7.78477
14.2,17.40119,-3.82561,-2.39967,-1.44662,1.36552,0.09682,1.75746,-2.3736,-1.03848,2.7446,-0.21842,-0.36926,0.02243,3.02838,0.9801,0.1062,2.80275,-0.26805,-0.2644,0.02696,14.30774,-13.54313,-4.73151,25.80236,-18.66688,1.86791,-5.15196,2.4765,-16.29052,-3.24482,13.84924,-15.72509,-0.35022,-7.86571
14.22,18.95716,-2.78681,-2.54755,-1.2357,1.49639,0.10492,1.7322,-2.4807,-1.10076,2.76525,-0.21537,-0.36557,0.02739,3.11395,1.06685,0.10603,2.86492,-0.26971,-0.25553,0.03174,13.96768,-13.76616,-4.72109,25.60974,-18.62155,1.76492,-5.24883,2.42629,-16.55756,-3.24488,13.81696,-15.76246,-0.40188,-7.93354
14.24,20.51231,-2.1092,-2.63534,-1.00783,1.59515,0.11063,1.7241,-2.58594,-1.15457,2.80445,-0.2075,-0.35583,0.03025,3.17929,1.16264,0.1185,2.91075,-0.26254,-0.2434,0.03657,13.51665,-13.90692,-4.70043,25.32565,-18.58819,1.67112,-5.32098,2.32585,-16.75858,-3.24205,13.79075,-15.80721,-0.4766,-7.9882
14.26,21.8473,-1.56475,-2.67645,-0.79001,1.67846,0.11629,1.74142,-2.70144,-1.19902,2.83254,-0.19847,-0.34369,0.03315,3.23803,1.24447,0.1274,2.93898,-0.24036,-0.22496,0.03662,13.09251,-14.14366,-4.6677,25.08049,-18.54748,1.56642,-5.387,2.24364,-17.02705,-3.21322,13.76978,-15.85077,-0.54761,-8.03052
14.28,23.01818,-1.13974,-2.65681,-0.57606,1.74968,0.12256,1.7689,-2.81332,-1.22749,2.87543,-0.18846,-0.32954,0.03645,3.26258,1.30716,0.13676,2.97295,-0.22441,-0.20632,0.04018,12.58142,-14.45369,-4.62449,24.82431,-18.50442,1.44462,-5.44981,2.08443,-17.33593,-3.16737,13.72349,-15.89643,-0.63546,-8.0669
14.3,23.82895,-0.87874,-2.58015,-0.38816,1.78467,0.12639,1.8162,-2.91525,-1.24172,2.88147,-0.1755,-0.31085,0.0392,3.2975,1.36815,0.12962,2.96681,-0.18718,-0.17803,0.03853,12.15132,-14.70565,-4.57368,24.59057,-18.47117,1.34638,-5.48133,1.96396,-17.5901,-3.11033,13.70097,-15.93787,-0.70883,-8.07809
14.32,24.08168,-0.80294,-2.44674,-0.24985,1.76059,0.12492,1.89529,-3.00226,-1.24425,2.79886,-0.15773,-0.28469,0.03994,3.40269,1.45079,0.08271,2.88532,-0.09013,-0.12729,0.01901,12.01053,-14.76901,-4.51721,24.42261,-18.46244,1.32064,-5.44914,2.02425,-17.69566,-3.046,13.75564,-15.96813,-0.7248,-8.03996
14.34,23.99014,-0.77466,-2.24218,-0.14522,1.70699,0.12195,1.99205,-3.07441,-1.22888,2.68078,-0.13776,-0.25455,0.03993,3.5348,1.53602,0.01923,2.78256,0.01377,-0.07364,-0.00467,11.95959,-14.76377,-4.45322,24.28722,-18.46671,1.31883,-5.38443,2.10676,-17.72673,-2.9736,13.82214,-15.99167,-0.72486,-7.97534
14.36,23.71367,-0.6877,-1.97807,-0.06273,1.64852,0.12079,2.08793,-3.13186,-1.19155,2.57642,-0.11854,-0.22397,0.04043,3.64537,1.59851,-0.04486,2.70452,0.08688,-0.03025,-0.02118,11.83997,-14.81188,-4.3779,24.16646,-18.47301,1.29964,-5.31526,2.07587,-17.76587,-2.8889,13.83891,-16.01203,-0.73961,-7.90308
14.38,23.23315,-0.55263,-1.66347,-0.00515,1.58526,0.12116,2.16189,-3.15975,-1.12761,2.51746,-0.10191,-0.19255,0.04087,3.72614,1.61994,-0.11731,2.69264,0.14788,0.00777,-0.03845,11.67908,-14.89689,-4.28616,24.05825,-18.49009,1.28305,-5.2325,1.92182,-17.80755,-2.78871,13.78705,-16.02895,-0.74689,-7.81294
14.4,22.54871,-0.43317,-1.35549,0.01245,1.50577,0.12041,2.2702,-3.20041,-1.05518,2.39515,-0.08329,-0.15874,0.03959,3.84916,1.65897,-0.19365,2.59575,0.18498,0.03927,-0.04874,11.5858,-14.90931,-4.1892,24.00611,-18.51023,1.25782,-5.13117,1.77939,-17.75616,-2.6893,13.75021,-16.03507,-0.77279,-7.7118
14.42,21.64812,-0.40229,-1.12137,-0.028,1.39149,0.11598,2.47023,-3.30219,-0.99368,2.12909,-0.05682,-0.12159,0.0335,4.08474,1.78137,-0.27584,2.29748,0.18314,0.06428,-0.0399,11.68138,-14.73765,-4.09911,24.05811,-18.52397,1.21038,-5.00702,1.80459,-17.51187,-2.60975,13.82711,-16.02184,-0.85301,-7.61079
14.44,20.65347,-0.40186,-0.94165,-0.10531,1.26668,0.11046,2.69686,-3.41693,-0.9274,1.88047,-0.03016,-0.08427,0.02206,4.35078,1.91042,-0.37291,2.02719,0.16466,0.08691,-0.0223,11.86279,-14.48157,-4.00328,24.17619,-18.54105,1.1537,-4.8652,1.85524,-17.17773,-2.53209,13.9132,-15.99565,-0.95175,-7.49982
14.46,19.66486,-0.35695,-0.80151,-0.19721,1.15328,0.1062,2.89035,-3.50732,-0.84489,1.73601,-0.0101,-0.04933,0.00651,4.57315,1.98548,-0.49283,1.88771,0.14526,0.11071,-0.00491,12.02666,-14.2424,-3.89052,24.32241,-18.56966,1.09673,-4.71268,1.80227,-16.85084,-2.44147,13.91731,-15.96303,-1.04294,-7.37321
14.48,18.63448,-0.26043,-0.71798,-0.30281,1.04577,0.1023,3.03555,-3.58653,-0.75259,1.67473,0.00523,-0.01707,-0.01331,4.75043,2.02219,-0.6351,1.84383,0.12463,0.13653,0.01424,12.21417,-14.00199,-3.75997,24.49776,-18.61291,1.04944,-4.54474,1.69753,-16.50641,-2.34731,13.87221,-15.92119,-1.14192,-7.23725
14.5,17.83474,-0.19126,-0.70612,-0.42895,0.94214,0.09829,3.22888,-3.66447,-0.67933,1.64617,0.01413,0.01037,-0.03999,4.93544,2.0342,-0.7857,1.84669,0.09995,0.16246,0.03814,12.44291,-13.70294,-3.63079,24.7436,-18.65521,0.97913,-4.37226,1.60102,-16.14499,-2.24349,13.78518,-15.86985,-1.23215,-7.08696
14.52,17.56336,-0.21787,-0.79065,-0.58249,0.84146,0.09386,3.56637,-3.73849,-0.68319,1.61752,0.01365,0.02568,-0.07363,5.15777,2.03607,-0.90205,1.87239,0.06894,0.18157,0.06973,12.72878,-13.28256,-3.52901,25.11072,-18.6738,0.84074,-4.21156,1.57651,-15.77758,-2.12079,13.66554,-15.80937,-1.29396,-6.91738
14.54,17.59493,-0.25569,-0.92698,-0.74927,0.74558,0.08913,3.93788,-3.7982,-0.76738,1.6175,0.00403,0.02674,-0.10865,5.34236,2.0199,-0.95833,1.94534,0.03905,0.19187,0.10566,13.05286,-12.80999,-3.43568,25.53711,-18.68862,0.6826,-4.05063,1.59432,-15.4186,-1.98936,13.51464,-15.74113,-1.34579,-6.73886
14.56,17.67959,-0.28106,-1.01445,-0.91485,0.65592,0.08425,4.2576,-3.8571,-0.89074,1.64665,-0.0128,0.01915,-0.14121,5.43809,2.00085,-0.95429,2.05799,0.01654,0.19582,0.14121,13.39076,-12.34735,-3.33631,25.97214,-18.716,0.54129,-3.88244,1.63385,-15.08165,-1.85697,13.33388,-15.66724,-1.40074,-6.56002
14.58,17.72305,-0.36384,-0.97317,-1.07885,0.56828,0.0787,4.54151,-3.94397,-1.03765,1.68172,-0.03468,0.00688,-0.16927,5.43461,2.03964,-0.87377,2.17778,0.00127,0.19175,0.17462,13.76578,-11.85252,-3.25402,26.44656,-18.73528,0.38193,-3.72257,1.77072,-14.76284,-1.72245,13.16339,-15.58698,-1.46027,-6.38544
14.6,18.0862,-0.67784,-0.65258,-1.24298,0.48354,0.07269,4.87678,-4.0123,-1.21233,1.70623,-0.0645,-0.00996,-0.19613,5.42855,2.13059,-0.66229,2.26563,-0.00894,0.17051,0.2093,14.10015,-11.37651,-3.16468,26.87978,-18.77533,0.26285,-3.55433,1.95155,-14.47854,-1.58671,12.96755,-15.50954,-1.50731,-6.21284
14.62,19.07874,-1.46772,0.12555,-1.40898,0.40229,0.0665,5.35897,-3.99985,-1.42286,1.70188,-0.10472,-0.03359,-0.22649,5.50999,2.32136,-0.26068,2.2704,-0.01544,0.12026,0.2445,14.30719,-10.98169,-3.0345,27.18341,-18.87489,0.25801,-3.35545,2.11285,-14.23961,-1.45012,12.69823,-15.44747,-1.51101,-6.03407
14.64,20.17932,-2.78451,1.42483,-1.57067,0.31865,0.05954,5.93607,-3.8941,-1.5866,1.71362,-0.14982,-0.05194,-0.26081,5.62336,2.73524,0.2564,2.17952,-0.01428,0.04965,0.27067,14.43684,-10.60233,-2.90578,27.40959,-18.98958,0.29302,-3.15865,2.38097,-14.01903,-1.31967,12.46189,-15.39532,-1.50347,-5.86833
14.66,20.98634,-4.44993,3.12312,-1.72315,0.22857,0.0514,6.54016,-3.64372,-1.64121,1.7907,-0.19338,-0.05596,-0.29921,5.76303,3.36526,0.74615,2.02907,-0.00519,-0.02282,0.28594,14.54421,-10.1861,-2.81227,27.599,-19.08178,0.31008,-2.99082,2.86707,-13.79525,-1.20171,12.34753,-15.35072,-1.50737,-5.7313
14.68,21.41191,-6.26262,5.02373,-1.86901,0.13149,0.04205,7.14919,-3.15892,-1.5845,1.92964,-0.22928,-0.05159,-0.34123,5.9691,4.09556,1.08779,1.86836,0.00515,-0.08314,0.29202,14.63924,-9.73019,-2.74552,27.73432,-19.15766,0.33797,-2.84485,3.58726,-13.56598,-1.0895,12.34501,-15.32424,-1.47659,-5.60891
14.7,21.91001,-8.12925,6.79011,-2.00415,0.03284,0.03218,7.78801,-2.37688,-1.42917,2.13732,-0.26793,-0.03143,-0.39231,6.41195,4.69726,1.29138,1.70064,0.02317,-0.13148,0.30139,14.59381,-9.28351,-2.71165,27.71853,-19.21027,0.35456,-2.73951,4.47882,-13.31194,-1.01755,12.54286,-15.31132,-1.51109,-5.55145
14.72,23.17812,-9.55759,7.71561,-2.12455,-0.06113,0.02247,8.5148,-1.37935,-1.21879,2.35687,-0.32602,0.01482,-0.45378,7.3824,4.82292,1.37206,1.53127,0.06273,-0.16975,0.33694,14.27088,-8.90502,-2.71671,27.44764,-19.23104,0.33027,-2.69593,5.46421,-13.02975,-1.04193,13.01217,-15.30469,-1.74581,-5.62313
14.74,24.5116,-10.0084,7.44699,-2.2378,-0.15451,0.01235,9.14738,-0.25921,-0.90228,2.51292,-0.37916,0.07448,-0.50614,8.54415,4.08424,1.14511,1.45624,0.10784,-0.17167,0.39193,13.81259,-8.5363,-2.75652,26.99872,-19.21654,0.2912,-2.69986,6.55027,-12.74257,-1.12455,13.69722,-15.31146,-2.04563,-5.76563
14.76,25.01634,-9.73587,6.24802,-2.34594,-0.24592,0.00172,9.5264,0.91464,-0.41836,2.57384,-0.40941,0.13354,-0.53972,9.34848,2.49272,0.55532,1.4518,0.14222,-0.12984,0.44779,13.35276,-8.12204,-2.82822,26.45228,-19.16191,0.25461,-2.73809,7.78046,-12.48009,-1.23143,14.557,-15.34099,-2.3074,-5.93497
14.78,24.53156,-8.93965,4.31843,-2.44952,-0.33459,-0.00972,9.63551,2.08567,0.33901,2.49163,-0.43347,0.1969,-0.56096,9.61774,0.18733,-0.54814,1.34441,0.17427,-0.06457,0.51001,12.87742,-7.67412,-2.92479,25.7941,-19.06833,0.21838,-2.80664,9.11095,-12.26564,-1.41213,15.49967,-15.39366,-2.61347,-6.16011
14.8,23.54834,-8.48745,2.48218,-2.53459,-0.40011,-0.01873,9.49925,3.03136,1.22244,2.31037,-0.42595,0.24602,-0.55298,9.25329,-1.89543,-1.96465,1.11017,0.18538,0.00962,0.53604,12.39242,-7.20618,-3.04655,25.0422,-18.93219,0.17063,-2.90499,10.3319,-12.11479,-1.56341,16.70747,-15.44599,-2.84675,-6.39222
14.82,23.3491,-8.83285,1.47532,-2.58843,-0.42204,-0.02175,9.24958,3.58955,1.64267,2.12142,-0.36041,0.26229,-0.50632,8.80262,-2.8788,-2.40986,0.9558,0.16571,0.08055,0.4933,11.91229,-6.73848,-3.1919,24.24261,-18.74849,0.09547,-3.03043,11.33322,-12.08984,-1.53506,18.54673,-15.45675,-2.85625,-6.58034
14.84,23.55333,-9.32619,0.94313,-2.62168,-0.42036,-0.02165,8.93207,3.9129,1.80285,1.8639,-0.27994,0.26164,-0.44879,8.42142,-3.29757,-2.34112,0.77887,0.14268,0.13787,0.42931,11.51494,-6.24355,-3.33558,23.43965,-18.53597,0.01682,-3.15041,12.02373,-12.09273,-1.45038,20.59146,-15.44398,-2.78326,-6.74181
14.86,23.53293,-9.71206,0.60078,-2.64427,-0.41502,-0.02159,8.55089,4.10331,2.02523,1.48294,-0.21598,0.25372,-0.39729,8.01661,-3.53509,-2.4543,0.42441,0.13016,0.17685,0.37333,11.27637,-5.69741,-3.45403,22.69636,-18.31136,-0.04396,-3.23203,12.42126,-12.06174,-1.40938,22.48911,-15.41301,-2.73595,-6.88938
14.88,23.54491,-10.15892,0.48839,-2.65914,-0.40525,-0.02229,8.16111,4.15026,2.19758,0.97935,-0.15924,0.24019,-0.34566,7.66192,-3.52105,-2.51422,-0.06719,0.11964,0.20516,0.31038,11.2047,-5.13053,-3.53893,22.09237,-18.06964,-0.09708,-3.26379,12.87181,-12.00528,-1.34835,24.64363,-15.29113,-2.6613,-7.00445
14.9,23.72142,-10.68167,0.55155,-2.64475,-0.38462,-0.02089,7.81938,4.04423,2.30506,0.44488,-0.1115,0.21071,-0.30028,7.38972,-3.28619,-2.5221,-0.55144,0.11433,0.21794,0.255,11.38455,-4.46675,-3.57404,21.57641,-17.84562,-0.0945,-3.21101,12.14458,-11.71245,-1.32988,25.9882,-15.20022,-2.56721,-7.01296
14.92,24.16172,-11.26526,0.71799,-2.57548,-0.33166,-0.01376,7.5589,3.80147,2.37453,0.05113,-0.07917,0.15242,-0.26896,7.19899,-2.8857,-2.53047,-0.82412,0.12237,0.20586,0.22678,11.8346,-3.60793,-3.54645,21.0316,-17.67392,0.01953,-3.0457,8.7669,-10.89759,-1.46177,25.30394,-15.2986,-2.4635,-6.83796
14.94,24.70271,-11.88817,0.89657,-2.48046,-0.26989,-0.00495,7.3455,3.48024,2.41745,-0.28129,-0.05579,0.08485,-0.24243,7.0414,-2.41375,-2.51784,-1.00592,0.13694,0.18605,0.20767,12.47809,-2.63483,-3.47317,20.5474,-17.50026,0.21728,-2.79387,4.14189,-9.80295,-1.68656,23.77476,-15.43643,-2.32,-6.53762
14.96,25.18794,-12.49556,1.01652,-2.38604,-0.22051,0.00188,7.14602,3.12579,2.469,-0.6692,-0.03602,0.02521,-0.21432,6.87317,-1.95797,-2.52522,-1.23685,0.15085,0.17222,0.18477,13.18171,-1.60371,-3.38131,20.12229,-17.27773,0.48108,-2.48813,-0.43188,-8.65151,-1.93805,22.50981,-15.4975,-2.11727,-6.17878
14.98,25.7083,-13.04835,1.06673,-2.28626,-0.17579,0.00768,6.95497,2.75294,2.52705,-1.09586,-0.0176,-0.02667,-0.18599,6.69211,-1.5394,-2.54186,-1.45296,0.16291,0.16144,0.16245,13.69538,-0.46612,-3.29536,19.51954,-17.00563,0.83471,-2.15349,-5.2058,-7.24369,-2.27502,21.64017,-15.52845,-1.81776,-5.7502
15,26.19839,-13.47027,1.05523,-2.18412,-0.12105,0.01456,6.7859,2.36242,2.5768,-1.47771,-0.00217,-0.0748,-0.15884,6.49884,-1.15554,-2.55957,-1.64998,0.17961,0.15711,0.14417,14.32107,0.73569,-3.24587,18.88555,-16.63074,1.30381,-1.81312,-10.6782,-6.01833,-2.66498,20.31388,-15.65115,-1.47613,-5.28971
15.02,26.58854,-13.68706,1.01331,-2.08351,-0.0397,0.02486,6.64344,1.96237,2.60538,-1.71185,0.00639,-0.12454,-0.13341,6.30128,-0.79879,-2.58071,-1.84554,0.20836,0.1616,0.13324,15.36263,1.94108,-3.23787,18.40748,-16.10272,1.91159,-1.47034,-17.74934,-5.63681,-2.94857,17.04371,-16.02239,-1.15418,-4.84494
15.04,26.9855,-13.70051,0.95335,-1.98626,0.06094,0.03695,6.49861,1.58169,2.62331,-1.88394,0.01259,-0.16699,-0.10946,6.10775,-0.48664,-2.60026,-2.01566,0.24006,0.17082,0.1266,16.34744,3.18109,-3.25414,17.8527,-15.43591,2.65232,-1.11704,-25.77289,-5.5566,-3.18856,12.96172,-16.51295,-0.73662,-4.39859
15.06,27.496,-13.53338,0.88486,-1.89529,0.17363,0.04946,6.33867,1.2379,2.64413,-2.08263,0.02062,-0.19535,-0.08598,5.92539,-0.22803,-2.61864,-2.16066,0.26647,0.18274,0.12036,16.94073,4.46142,-3.26695,17.07959,-14.64688,3.51301,-0.73425,-34.07091,-5.30779,-3.48458,9.14496,-16.97197,-0.15083,-3.93573
15.08,28.18886,-13.18528,0.84074,-1.80729,0.31254,0.06446,6.16704,0.93519,2.66286,-2.27474,0.02684,-0.21611,-0.06045,5.76352,-0.00838,-2.63781,-2.30435,0.29001,0.19612,0.11593,17.10999,5.72499,-3.23792,16.11257,-13.73912,4.47949,-0.30879,-44.04455,-5.21103,-3.81313,4.07325,-17.51174,0.55229,-3.47479
15.1,28.88269,-12.65633,0.80377,-1.73046,0.46178,0.07958,6.0051,0.67423,2.67602,-2.44709,0.03209,-0.22345,-0.04111,5.64047,0.18546,-2.64514,-2.3885,0.31209,0.21226,0.11344,17.35374,6.91159,-3.18442,15.37065,-12.69926,5.47665,0.15865,-52.38298,-4.94811,-4.14839,0.28165,-17.87481,1.36541,-3.06721
15.12,29.33893,-11.93497,0.74863,-1.67571,0.60063,0.09178,5.87332,0.44203,2.68398,-2.59598,0.04077,-0.21076,-0.03721,5.57608,0.36111,-2.62684,-2.35017,0.33375,0.23227,0.11293,18.09409,7.9609,-3.12735,15.11307,-11.56844,6.39766,0.6582,-54.21749,-4.02157,-4.453,1.65493,-17.70256,2.22896,-2.72624
15.14,29.81366,-11.06506,0.72374,-1.62813,0.74841,0.10415,5.76217,0.23948,2.68869,-2.72226,0.04785,-0.19016,-0.03811,5.57085,0.52653,-2.59233,-2.26453,0.3544,0.25254,0.11487,18.60741,8.78637,-3.0437,14.8981,-10.44307,7.16954,1.14027,-53.09405,-2.88971,-4.71918,5.16771,-17.32797,2.99009,-2.45093
15.16,30.48683,-10.11531,0.76644,-1.57569,0.91911,0.11913,5.66242,0.0753,2.69216,-2.83664,0.04923,-0.17117,-0.03569,5.61707,0.69234,-2.55153,-2.19265,0.37284,0.2695,0.11905,18.47305,9.29966,-2.92268,14.46396,-9.38745,7.72232,1.53997,-52.66203,-1.97397,-4.97787,7.83724,-17.08543,3.55284,-2.27995
15.18,31.16321,-9.09198,0.8682,-1.52446,1.10846,0.13646,5.57179,-0.05676,2.69454,-2.93973,0.0494,-0.15314,-0.03431,5.71222,0.863,-2.50082,-2.12368,0.38998,0.2806,0.12582,17.92152,9.46464,-2.7512,13.83296,-8.45478,7.98868,1.81087,-51.71474,-1.15864,-5.2288,10.62395,-16.89315,3.88232,-2.22677
15.2,32.03056,-8.10277,1.02441,-1.45818,1.28941,0.15294,5.51825,-0.15108,2.69333,-3.01386,0.04132,-0.13496,-0.03186,5.85886,1.04182,-2.43232,-2.03778,0.40561,0.29071,0.13459,16.84919,9.21287,-2.64029,13.28472,-7.64351,7.93277,1.95402,-49.95163,-0.49879,-5.41348,13.5739,-16.80924,3.91335,-2.33723
15.22,33.28482,-7.28037,1.22491,-1.36004,1.4364,0.16441,5.52785,-0.19569,2.68884,-3.05371,0.01701,-0.11627,-0.02571,6.05069,1.227,-2.34717,-1.9344,0.42005,0.30779,0.14461,15.40566,8.47925,-2.71208,13.1657,-6.93811,7.54613,1.9992,-47.24947,-0.08897,-5.46748,16.58015,-16.90801,3.60056,-2.64996
15.24,34.62695,-6.57267,1.45614,-1.24402,1.56124,0.1731,5.56762,-0.20275,2.68101,-3.06376,-0.01243,-0.09906,-0.01989,6.26491,1.40701,-2.24297,-1.82003,0.43307,0.32413,0.15613,13.82439,7.38184,-2.8207,13.14539,-6.44341,6.87005,1.88269,-43.87407,0.07735,-5.4438,19.50181,-17.11991,3.01048,-3.10363
15.26,35.8245,-5.92132,1.70658,-1.12036,1.67211,0.18201,5.60867,-0.1807,2.67146,-3.0592,-0.03797,-0.08536,-0.01656,6.47707,1.56697,-2.12582,-1.71164,0.44519,0.33331,0.16935,12.33722,6.0682,-2.87373,13.21425,-6.22864,5.98271,1.58114,-40.45145,0.02698,-5.38267,21.89871,-17.40626,2.22464,-3.6258
15.28,36.82669,-5.3528,1.95405,-0.98633,1.76196,0.19049,5.65059,-0.11596,2.66999,-3.08708,-0.05991,-0.07492,-0.01574,6.66272,1.68238,-2.03302,-1.65102,0.4613,0.34334,0.18511,11.49436,4.62704,-2.93804,14.09375,-6.26135,4.98376,1.17489,-36.6388,-0.14736,-5.25322,24.01711,-17.72621,1.2932,-4.17555
15.3,37.84551,-4.86474,2.19276,-0.84052,1.81674,0.19675,5.7076,-0.04359,2.64918,-3.02323,-0.08101,-0.06567,-0.01573,6.81997,1.7621,-1.8797,-1.52102,0.47011,0.3453,0.19774,10.60951,3.32575,-2.9982,15.12165,-6.68995,3.98329,0.61872,-33.17492,-0.56151,-5.03554,24.93973,-18.08775,0.32665,-4.6618
15.32,39.09076,-4.44922,2.42216,-0.68074,1.8254,0.19932,5.79293,-0.01664,2.573,-2.73109,-0.10535,-0.05526,-0.01386,6.9446,1.82764,-1.55305,-1.22211,0.45527,0.32585,0.19828,8.37607,2.49605,-3.03435,14.97051,-7.6704,3.01007,-0.07048,-30.93417,-1.31791,-4.71649,23.6686,-18.53626,-0.55972,-4.98651
15.34,40.27555,-4.1289,2.61008,-0.5151,1.79973,0.1996,5.88374,0.01091,2.47326,-2.39854,-0.12775,-0.04517,-0.01319,7.00267,1.82706,-1.19325,-0.9411,0.43201,0.29971,0.1911,5.37424,2.18683,-3.08818,14.29964,-8.99019,2.08613,-0.6977,-29.14715,-2.23704,-4.30661,21.36921,-18.98688,-1.3405,-5.15485
15.36,41.19967,-3.92456,2.73828,-0.35188,1.75418,0.19907,5.95909,0.079,2.38078,-2.13821,-0.14431,-0.03674,-0.01543,6.98777,1.73498,-0.90443,-0.75797,0.41458,0.27945,0.18238,2.36604,2.29583,-3.16811,13.86516,-10.40899,1.26995,-1.17507,-27.25255,-3.10489,-3.85233,19.04988,-19.35065,-2.01007,-5.20192
15.38,41.95552,-3.85214,2.81025,-0.18723,1.68682,0.19823,6.01911,0.17561,2.28615,-1.89404,-0.161,-0.02795,-0.0165,6.91208,1.5602,-0.62781,-0.61205,0.39666,0.26262,0.1698,-1.36339,2.8677,-3.22919,12.90042,-11.88602,0.55074,-1.5135,-25.38394,-3.91105,-3.38814,16.66859,-19.62505,-2.54688,-5.14131
15.4,42.73534,-4.02065,2.83779,-0.03865,1.59369,0.19415,6.06938,0.30261,2.19183,-1.69287,-0.17228,-0.01843,-0.02228,6.82466,1.34761,-0.44025,-0.53351,0.3848,0.24636,0.15775,-5.52099,3.78276,-3.25112,11.4336,-13.3204,-0.0356,-1.71664,-23.86136,-4.74141,-2.93282,14.34594,-19.80914,-2.94209,-5.0015
15.42,43.74478,-4.52985,2.83717,0.0761,1.4642,0.18477,6.11991,0.45709,2.10716,-1.55645,-0.16995,-0.00946,-0.0407,6.77858,1.16479,-0.40839,-0.53802,0.38783,0.22776,0.1521,-9.4122,4.82882,-3.24019,9.79141,-14.62307,-0.44367,-1.81131,-22.94418,-5.61827,-2.50922,12.18064,-19.90937,-3.18922,-4.80744
15.44,44.86076,-5.32036,2.8087,0.17008,1.31847,0.17234,6.16504,0.63237,2.02714,-1.43942,-0.16629,0.00094,-0.0621,6.75075,0.99857,-0.4266,-0.5661,0.39754,0.21029,0.14985,-13.22908,5.93196,-3.19421,7.82667,-15.78259,-0.71217,-1.8213,-22.25045,-6.4289,-2.14454,10.26732,-19.92005,-3.30998,-4.58925
15.46,45.95586,-6.29292,2.74764,0.25551,1.17338,0.15884,6.1963,0.8253,1.95085,-1.3202,-0.16998,0.01356,-0.07925,6.71496,0.82196,-0.42536,-0.58472,0.40777,0.19773,0.14861,-17.14458,7.0599,-3.11091,5.54107,-16.7891,-0.88198,-1.75985,-21.44989,-7.08789,-1.85477,8.69858,-19.82448,-3.33482,-4.37463
15.48,47.09365,-7.31702,2.64536,0.33357,1.02874,0.14401,6.21802,1.02411,1.89189,-1.20874,-0.17531,0.02504,-0.09745,6.67786,0.63995,-0.42373,-0.59826,0.41982,0.18837,0.1493,-21.48123,8.28675,-2.97747,2.70253,-17.66332,-0.98793,-1.64604,-20.57504,-7.5744,-1.64334,7.4152,-19.61353,-3.27323,-4.16824
15.5,48.28194,-8.59639,2.54443,0.38907,0.8843,0.12789,6.23951,1.23,1.81889,-1.09937,-0.18771,0.0391,-0.11119,6.65615,0.48431,-0.42873,-0.60715,0.43464,0.18312,0.15349,-24.6585,9.22489,-2.81934,0.5211,-18.35162,-0.93947,-1.44629,-19.7129,-7.9887,-1.48546,6.39637,-19.26027,-3.1456,-3.98611
15.52,49.53798,-10.3628,2.49179,0.40648,0.74103,0.11096,6.27245,1.44213,1.68275,-0.97669,-0.21313,0.06113,-0.11163,6.66553,0.38618,-0.44147,-0.6088,0.45295,0.1837,0.16234,-24.4996,9.36185,-2.67039,0.64784,-18.78046,-0.61805,-1.10255,-18.90727,-8.36073,-1.3617,5.63198,-18.73004,-2.96741,-3.83306
15.54,50.86553,-12.17289,2.44748,0.40698,0.60857,0.09464,6.31846,1.63902,1.54039,-0.8582,-0.2421,0.08269,-0.10769,6.69064,0.30881,-0.45801,-0.59752,0.47284,0.18818,0.17388,-22.73063,9.21216,-2.46716,1.9031,-19.0393,-0.16675,-0.63866,-17.96945,-8.51723,-1.27992,5.0302,-17.99772,-2.74616,-3.68334
15.56,52.21988,-13.72096,2.38406,0.40751,0.49204,0.07972,6.37314,1.80396,1.42312,-0.75286,-0.26632,0.09728,-0.10626,6.71389,0.22409,-0.46962,-0.57079,0.49228,0.19502,0.18613,-21.14928,9.2555,-2.16115,3.06994,-19.23243,0.30099,-0.07242,-16.76847,-8.37204,-1.23562,4.49928,-17.04126,-2.48852,-3.51443
15.58,53.5845,-15.17079,2.31893,0.40209,0.38555,0.06572,6.43388,1.93278,1.27213,-0.63412,-0.28241,0.10964,-0.10116,6.73335,0.14866,-0.47728,-0.53585,0.51172,0.20483,0.19876,-19.10795,9.34751,-1.74437,4.61207,-19.36331,0.84085,0.63835,-15.32119,-7.93391,-1.21287,4.00216,-15.8437,-2.19288,-3.31152
15.6,54.82963,-16.33651,2.26467,0.39064,0.29865,0.05398,6.5091,2.04011,1.19688,-0.5592,-0.29676,0.11473,-0.10105,6.7658,0.0761,-0.49087,-0.48703,0.53065,0.21601,0.21229,-16.84063,9.49422,-1.20739,6.55161,-19.42257,1.35641,1.44907,-13.68189,-7.28204,-1.18487,3.49362,-14.40895,-1.90124,-3.08508
15.62,55.84195,-17.01653,2.23832,0.37452,0.2379,0.04583,6.61033,2.15059,1.34011,-0.6081,-0.3214,0.10742,-0.1189,6.83122,-0.00578,-0.51684,-0.4172,0.54755,0.22616,0.22704,-14.89526,9.76237,-0.57382,8.72328,-19.41868,1.74273,2.29142,-11.94297,-6.52997,-1.12906,2.93155,-12.77543,-1.64984,-2.84987
15.64,56.6717,-17.49186,2.23104,0.35381,0.19052,0.0394,6.72511,2.25551,1.55968,-0.70491,-0.342,0.09633,-0.1413,6.9077,-0.08242,-0.54996,-0.3443,0.56329,0.23698,0.24185,-13.02011,10.02275,0.12751,11.08335,-19.39433,2.09635,3.18097,-10.13356,-5.6571,-1.06193,2.34277,-11.02687,-1.40594,-2.59242
15.66,57.38799,-17.95178,2.2292,0.33041,0.14541,0.03323,6.84794,2.33603,1.73204,-0.78198,-0.35086,0.08772,-0.15925,6.97473,-0.14095,-0.58192,-0.28019,0.57814,0.24907,0.25552,-11.18625,10.17221,0.85111,13.3658,-19.38064,2.46012,4.07921,-8.35899,-4.69305,-1.00278,1.77023,-9.29659,-1.15974,-2.32303
15.68,58.04842,-18.32687,2.23489,0.30248,0.10499,0.02764,7.00109,2.40616,1.99745,-0.93858,-0.37059,0.08402,-0.18276,7.04018,-0.18296,-0.60279,-0.22029,0.58901,0.25924,0.26727,-9.64351,10.2437,1.51451,15.33168,-19.37398,2.7707,4.87686,-6.80681,-3.76559,-0.9588,1.24448,-7.73619,-0.93757,-2.07901
15.7,58.47855,-18.6202,2.23829,0.28213,0.06843,0.02262,7.14446,2.44204,2.1173,-0.99735,-0.37175,0.07718,-0.19749,7.09309,-0.21092,-0.64654,-0.18088,0.60016,0.27141,0.27847,-8.21161,9.96196,2.08778,17.03414,-19.36416,3.02668,5.51384,-5.53841,-2.98443,-0.93328,0.83359,-6.45536,-0.7538,-1.89104
15.72,58.40591,-18.8661,2.24163,0.28466,0.036,0.01829,7.18926,2.43149,1.73929,-0.69075,-0.30981,0.05667,-0.18133,7.11826,-0.23278,-0.76432,-0.18516,0.61826,0.29114,0.29086,-6.56879,8.93845,2.59688,18.65743,-19.33727,3.23841,5.97348,-4.56681,-2.40633,-0.92406,0.57009,-5.49187,-0.61394,-1.77167
15.74,58.0551,-19.09621,2.25804,0.29866,0.00804,0.0147,7.17647,2.44994,1.2848,-0.35143,-0.24002,0.03889,-0.15357,7.12315,-0.24884,-0.90999,-0.21632,0.63484,0.31124,0.30133,-5.00597,7.58319,3.01384,20.01413,-19.30335,3.38354,6.26547,-3.90937,-2.00595,-0.92922,0.40353,-4.81854,-0.51367,-1.70709
15.76,57.69386,-19.30563,2.28866,0.31441,-0.01871,0.01147,7.15934,2.50029,0.98372,-0.14004,-0.20268,0.03327,-0.13235,7.11857,-0.2536,-1.04285,-0.25857,0.64477,0.32635,0.30853,-3.71656,6.25435,3.34799,21.02304,-19.27674,3.47149,6.44861,-3.47021,-1.7226,-0.93766,0.28744,-4.3457,-0.44303,-1.66898
15.78,57.26331,-19.46746,2.31655,0.33959,-0.04455,0.0086,7.11473,2.56164,0.66425,0.06656,-0.16496,0.02961,-0.10513,7.10978,-0.25396,-1.21306,-0.33143,0.65674,0.3406,0.31561,-2.43134,4.7096,3.70699,21.94377,-19.25815,3.53796,6.61279,-3.08178,-1.46342,-0.93123,0.19062,-3.93765,-0.3907,-1.62083
15.8,56.94523,-19.54237,2.32776,0.36331,-0.07274,0.00568,7.10071,2.57578,0.50318,0.14904,-0.16286,0.03374,-0.09206,7.09247,-0.23458,-1.32302,-0.39772,0.66035,0.34884,0.31875,-1.29625,3.53613,4.08393,22.88584,-19.24667,3.58865,6.84203,-2.63966,-1.11112,-0.89924,0.04807,-3.4762,-0.33769,-1.51997
15.82,56.94628,-19.535,2.33369,0.371,-0.10872,0.00198,7.17148,2.49296,0.66839,0.00803,-0.24434,0.05372,-0.11891,7.06338,-0.17574,-1.23538,-0.39484,0.6412,0.34462,0.31317,-0.57096,3.48277,4.40193,23.86826,-19.23747,3.62236,7.17329,-2.10688,-0.62349,-0.83996,-0.17192,-2.92049,-0.27374,-1.35174
15.84,57.07433,-19.54359,2.3426,0.37418,-0.14801,-0.00202,7.26098,2.39696,1.00096,-0.24506,-0.34664,0.07948,-0.15891,7.03474,-0.10332,-1.09115,-0.37022,0.61827,0.33642,0.30513,0.0034,3.85403,4.7224,24.89604,-19.23476,3.66029,7.57221,-1.49409,-0.04802,-0.76134,-0.42593,-2.30313,-0.20888,-1.14262
15.86,57.16844,-19.61276,2.3649,0.38161,-0.18656,-0.00591,7.30185,2.34887,1.31988,-0.4813,-0.42205,0.10144,-0.18979,7.01527,-0.03895,-0.99004,-0.36404,0.60519,0.33026,0.29933,0.62942,4.05747,5.07834,25.92854,-19.23913,3.70454,7.98278,-0.86412,0.55804,-0.67686,-0.67513,-1.68457,-0.15101,-0.92343
15.88,57.26112,-19.78487,2.4101,0.38924,-0.22692,-0.01013,7.3055,2.3716,1.76601,-0.79942,-0.49271,0.12822,-0.22065,7.00037,0.0164,-0.86587,-0.35096,0.5923,0.32268,0.29236,1.22619,4.39297,5.39357,26.90205,-19.24465,3.74401,8.37168,-0.27075,1.14915,-0.59444,-0.90386,-1.11338,-0.10131,-0.71339
15.9,57.24195,-20.03561,2.47487,0.39545,-0.25907,-0.01346,7.24215,2.45233,2.17994,-1.09437,-0.53666,0.15061,-0.23991,6.98601,0.0648,-0.79675,-0.35277,0.58857,0.31788,0.28758,1.68063,4.58001,5.68736,27.74065,-19.25576,3.78008,8.71409,0.26101,1.69696,-0.52205,-1.1017,-0.61438,-0.0617,-0.52475
15.92,57.07995,-20.25172,2.54691,0.39944,-0.27233,-0.01456,7.11551,2.50689,2.2625,-1.13399,-0.5282,0.1527,-0.23826,6.97204,0.11532,-0.87688,-0.40108,0.60644,0.32115,0.29007,1.90508,4.19427,6.01151,28.40789,-19.27594,3.81069,8.99294,0.72546,2.19087,-0.46593,-1.26464,-0.19559,-0.03077,-0.36186
15.94,56.90636,-20.4227,2.61258,0.40264,-0.27675,-0.01479,6.98471,2.53637,2.22812,-1.08399,-0.50154,0.14687,-0.23055,6.96,0.16378,-1.0097,-0.46455,0.63005,0.32649,0.29476,2.00026,3.59182,6.31402,28.94193,-19.29755,3.82967,9.2126,1.12072,2.62224,-0.42206,-1.39355,0.14423,-0.00626,-0.22508
15.96,56.76986,-20.5655,2.6662,0.40747,-0.28063,-0.01523,6.87071,2.56331,2.24705,-1.08063,-0.47943,0.14327,-0.22497,6.94736,0.20433,-1.11972,-0.52183,0.64751,0.32986,0.29761,2.08576,3.03214,6.561,29.39575,-19.31494,3.83655,9.38292,1.44681,2.99149,-0.38543,-1.49289,0.4134,0.01264,-0.11293
15.98,56.66187,-20.65504,2.70677,0.41412,-0.28176,-0.01555,6.7739,2.56711,2.25044,-1.07371,-0.45566,0.13803,-0.21899,6.93028,0.24559,-1.25421,-0.58689,0.66434,0.33386,0.30049,2.1601,2.39108,6.77745,29.80013,-19.32826,3.83331,9.50996,1.68702,3.1647,-0.32878,-1.39897,0.54873,0.00204,-0.03591
16,56.53578,-20.68315,2.72599,0.4244,-0.27982,-0.01573,6.69461,2.54042,2.24314,-1.07217,-0.43135,0.13172,-0.21273,6.90261,0.27989,-1.3696,-0.648,0.67455,0.33635,0.30114,2.16764,1.74907,6.96126,30.09762,-19.34295,3.82523,9.60503,1.88705,3.26576,-0.27648,-1.2759,0.63431,-0.01339,0.02377
16.02,56.33531,-20.65257,2.71479,0.44062,-0.27498,-0.01579,6.63009,2.481,2.24231,-1.09391,-0.40818,0.12567,-0.20651,6.85506,0.29667,-1.39775,-0.69013,0.67004,0.33441,0.29644,2.05524,1.20693,7.10554,30.21914,-19.36515,3.81737,9.67857,2.07803,3.32417,-0.24025,-1.17509,0.70314,-0.0241,0.07521
16.04,56.09141,-20.56829,2.68011,0.46277,-0.26959,-0.01593,6.57757,2.38405,2.23287,-1.12651,-0.38393,0.11847,-0.19968,6.78418,0.31307,-1.40158,-0.73273,0.6586,0.33157,0.28871,1.89345,0.68152,7.22838,30.26211,-19.38915,3.80849,9.73492,2.25618,3.35693,-0.21233,-1.09089,0.75978,-0.03144,0.11954
16.06,55.839,-20.44437,2.62861,0.49109,-0.26624,-0.0164,6.53468,2.25043,2.22005,-1.17282,-0.35848,0.10991,-0.19234,6.68935,0.34361,-1.42601,-0.7894,0.64575,0.3302,0.27977,1.75539,0.12231,7.3399,30.30904,-19.40949,3.79646,9.77546,2.4177,3.3781,-0.18787,-1.01997,0.80648,-0.03689,0.15647
16.08,55.57628,-20.29456,2.55692,0.52669,-0.26457,-0.01717,6.50156,2.07824,2.20385,-1.23467,-0.33117,0.1,-0.18445,6.56863,0.38669,-1.44864,-0.85543,0.62872,0.32916,0.26877,1.64013,-0.47435,7.43697,30.3334,-19.42826,3.77984,9.79709,2.5705,3.37665,-0.17463,-0.96269,0.8426,-0.03903,0.18614
16.1,55.28942,-20.1105,2.46466,0.56865,-0.26764,-0.01859,6.47627,1.86208,2.17658,-1.30701,-0.30063,0.088,-0.17546,6.42309,0.44912,-1.48185,-0.93577,0.60787,0.32905,0.25607,1.47564,-1.01459,7.50997,30.3122,-19.44457,3.76449,9.7997,2.70758,3.36211,-0.16644,-0.9212,0.86418,-0.03978,0.20316
16.12,54.9589,-19.89132,2.35596,0.61638,-0.27881,-0.02107,6.45476,1.60446,2.15351,-1.39985,-0.26839,0.07421,-0.1656,6.2562,0.54019,-1.54494,-1.03577,0.58457,0.33058,0.24259,1.18693,-1.4016,7.5456,30.21967,-19.45628,3.75614,9.77859,2.81357,3.34894,-0.1568,-0.90232,0.86353,-0.04156,0.19908
16.14,54.62504,-19.66656,2.23109,0.66897,-0.29537,-0.0243,6.43921,1.31002,2.11705,-1.49948,-0.23333,0.05875,-0.15469,6.07383,0.65558,-1.61613,-1.1485,0.55656,0.33269,0.22815,0.82277,-1.71817,7.53044,30.02734,-19.4641,3.7447,9.70932,2.87541,3.32249,-0.16731,-0.92372,0.82884,-0.03904,0.16894
16.16,54.31635,-19.47217,2.09548,0.72581,-0.31474,-0.02797,6.42504,0.9935,2.06701,-1.60134,-0.19672,0.04276,-0.14279,5.88355,0.79253,-1.6809,-1.26807,0.52328,0.33462,0.21325,0.42908,-2.04692,7.4475,29.70785,-19.46728,3.71993,9.56268,2.87028,3.27268,-0.21959,-1.00806,0.74434,-0.02666,0.10494
16.18,54.0104,-19.34018,1.96552,0.78813,-0.33675,-0.03209,6.40396,0.6869,2.08594,-1.75782,-0.17049,0.03034,-0.13333,5.69423,0.95604,-1.74915,-1.39203,0.48707,0.33598,0.19948,-0.01068,-2.39278,7.27507,29.22565,-19.4624,3.67921,9.31214,2.76513,3.20629,-0.32335,-1.17955,0.59085,-0.00154,-0.00576
16.2,53.6879,-19.29295,1.84262,0.84372,-0.36137,-0.03671,6.3391,0.39174,1.98178,-1.82416,-0.1345,0.01869,-0.11643,5.52015,1.13248,-1.79819,-1.51677,0.44359,0.33761,0.1858,-0.59778,-2.6364,6.97072,28.48302,-19.45282,3.62004,8.9286,2.43208,2.81904,-0.44222,-1.18018,0.20736,-0.00525,-0.20282
16.22,53.27226,-19.43283,1.74246,0.88077,-0.38886,-0.0419,6.14403,0.15647,1.54189,-1.62735,-0.05877,0.00736,-0.07492,5.37495,1.30477,-1.79458,-1.63852,0.39078,0.34076,0.17173,-1.44364,-2.65345,6.49043,27.36617,-19.44266,3.53839,8.38215,1.77887,1.96386,-0.56776,-0.91885,-0.4924,-0.05436,-0.51098
16.24,52.77012,-19.85398,1.71345,0.90499,-0.41687,-0.04729,5.8446,0.09029,1.09538,-1.38965,0.01709,0.01098,-0.02518,5.27293,1.48043,-1.76666,-1.75114,0.33362,0.34387,0.15979,-2.46245,-2.58296,5.82454,25.89675,-19.42316,3.42314,7.63923,0.81082,0.81634,-0.74289,-0.59019,-1.45212,-0.11897,-0.92684
16.26,52.30753,-20.51104,1.77167,0.92273,-0.44306,-0.05251,5.5176,0.19506,0.81618,-1.21651,0.06123,0.03194,0.01402,5.22504,1.66066,-1.73463,-1.84547,0.2788,0.34577,0.1527,-3.58364,-2.54009,4.96733,24.08866,-19.38878,3.26747,6.6761,-0.51495,-0.64629,-0.97398,-0.19368,-2.70099,-0.19956,-1.46042
16.28,51.99701,-21.3891,1.9066,0.93731,-0.46712,-0.05738,5.17541,0.45697,0.59488,-1.01254,0.09118,0.061,0.04721,5.23126,1.82791,-1.67449,-1.91155,0.23825,0.34723,0.15436,-4.8505,-2.49113,3.91108,21.88111,-19.3444,3.0747,5.49222,-2.21976,-2.4267,-1.26176,0.26322,-4.24758,-0.29475,-2.11151
16.3,51.90155,-22.2037,2.07318,0.92235,-0.48654,-0.06152,4.9445,0.74862,0.49539,-0.85724,0.08001,0.09339,0.05604,5.32989,1.96106,-1.63128,-1.94754,0.18946,0.34693,0.1556,-6.17612,-2.44487,2.67311,19.42166,-19.28396,2.8315,4.09797,-4.28663,-4.49762,-1.60184,0.76436,-6.06659,-0.40416,-2.86755
16.32,51.9943,-22.56888,2.21616,0.84901,-0.5008,-0.06468,4.90482,0.91216,0.51735,-0.8227,0.00503,0.12461,0.03137,5.56983,2.01791,-1.6688,-1.95428,0.10476,0.34398,0.14378,-7.47804,-2.38237,1.30277,16.90823,-19.20188,2.52442,2.53705,-6.63816,-6.77452,-1.97979,1.28263,-8.08571,-0.53018,-3.69808
16.34,52.27179,-22.60262,2.31863,0.74417,-0.5079,-0.06633,4.96238,1.01061,0.56215,-0.84597,-0.09358,0.14684,-0.00493,5.91137,1.9619,-1.74146,-1.91711,0.02262,0.33795,0.13088,-8.74411,-2.31665,-0.10479,14.37335,-19.11555,2.1876,0.92288,-9.11726,-9.08328,-2.37001,1.77973,-10.1768,-0.66336,-4.54444
16.36,52.7117,-22.5058,2.38325,0.63239,-0.5082,-0.0663,5.04246,1.1295,0.58779,-0.84819,-0.18467,0.15621,-0.03883,6.30002,1.78551,-1.80687,-1.83142,-0.02936,0.32808,0.12718,-9.94951,-2.26715,-1.4385,11.92337,-19.04406,1.85757,-0.61364,-11.53572,-11.22895,-2.74315,2.20906,-12.18324,-0.7888,-5.33579
16.38,53.25493,-22.30131,2.40999,0.50919,-0.51057,-0.06551,5.14884,1.30204,0.59184,-0.88525,-0.26675,0.16373,-0.07077,6.71885,1.46791,-1.89684,-1.71922,-0.06689,0.31561,0.12508,-11.09866,-2.16792,-2.61601,9.73292,-18.99248,1.53432,-1.98225,-13.77341,-13.04221,-3.07739,2.52232,-13.97781,-0.90451,-6.01663
16.4,53.76051,-22.04002,2.4258,0.36725,-0.49224,-0.06144,5.26696,1.55658,0.66143,-0.91261,-0.34967,0.16325,-0.1062,7.16169,1.0509,-1.97921,-1.56554,-0.07889,0.29134,0.13113,-11.97485,-2.17441,-3.57514,7.96418,-18.96798,1.26015,-3.11175,-15.62221,-14.4866,-3.35021,2.75394,-15.47831,-0.99554,-6.55846
16.42,54.22512,-21.81416,2.48417,0.2013,-0.42375,-0.05081,5.41342,1.92766,0.90544,-0.78049,-0.44584,0.14434,-0.1542,7.65819,0.60985,-2.00582,-1.34393,-0.05149,0.24743,0.15516,-12.4145,-2.43458,-4.29323,6.69395,-18.98182,1.09097,-3.96181,-16.87439,-15.63399,-3.54437,2.97023,-16.64896,-1.04,-6.95491
16.44,54.70064,-21.71932,2.58708,0.0237,-0.33867,-0.03755,5.609,2.43997,1.26374,-0.53654,-0.53351,0.12535,-0.20736,8.17906,0.13337,-2.01362,-1.09468,-0.00473,0.19267,0.18607,-12.6422,-2.74425,-4.79698,5.84289,-19.02722,0.98714,-4.55935,-17.66036,-16.44572,-3.66942,3.13699,-17.50724,-1.05554,-7.21246
16.46,55.16816,-21.76508,2.70404,-0.15356,-0.26319,-0.02484,5.86505,3.05776,1.62596,-0.26079,-0.59529,0.11672,-0.2569,8.67495,-0.38854,-2.03544,-0.86155,0.04486,0.13537,0.21398,-12.83382,-2.97665,-5.11686,5.31818,-19.09385,0.9074,-4.94556,-18.16979,-16.89866,-3.73924,3.21143,-18.09423,-1.05956,-7.3447
16.48,55.61244,-21.86821,2.80351,-0.33077,-0.18046,-0.01084,6.20978,3.71003,2.11139,0.02182,-0.64343,0.1117,-0.30692,9.14141,-0.9372,-2.07326,-0.67005,0.09244,0.08005,0.23813,-13.00836,-3.21381,-5.27397,5.04975,-19.18352,0.86699,-5.14573,-18.47281,-17.09055,-3.75767,3.18495,-18.45524,-1.04023,-7.36705
16.5,55.83933,-21.93696,2.84017,-0.5106,-0.119,0.00053,6.67316,4.2963,2.53839,0.3644,-0.66964,0.10501,-0.35745,9.53996,-1.45541,-2.09199,-0.46033,0.14838,0.01655,0.26298,-12.99971,-3.40079,-5.31172,5.08492,-19.27145,0.83741,-5.20403,-18.49341,-17.03506,-3.73132,3.18738,-18.62615,-1.03215,-7.31928
16.52,55.67947,-21.87071,2.80131,-0.6992,-0.11011,0.00483,7.28683,4.70794,2.51516,0.84485,-0.66302,0.09226,-0.40777,9.8527,-1.8848,-2.05475,-0.1398,0.22264,-0.0649,0.29335,-12.62276,-3.46316,-5.27526,5.49112,-19.32774,0.77874,-5.16836,-18.14089,-16.73583,-3.66705,3.35837,-18.64103,-1.07617,-7.24282
16.54,55.13183,-21.60678,2.69598,-0.89324,-0.12087,0.00578,7.98877,4.93794,2.29119,1.32042,-0.63919,0.07325,-0.45797,10.0865,-2.2551,-2.00127,0.19548,0.29489,-0.14339,0.32318,-12.08817,-3.49195,-5.17839,6.09359,-19.36924,0.71775,-5.05924,-17.62672,-16.31843,-3.57207,3.57995,-18.55513,-1.13959,-7.13686
16.56,54.1799,-21.13832,2.54148,-1.09044,-0.13036,0.00586,8.68615,5.01765,2.10867,1.68304,-0.61125,0.05157,-0.50581,10.24186,-2.58375,-1.96827,0.46043,0.34861,-0.20618,0.34584,-11.58358,-3.53658,-5.03434,6.7415,-19.40944,0.67193,-4.89584,-17.13638,-15.87359,-3.45415,3.75025,-18.41625,-1.19455,-6.99973
16.58,52.73548,-20.50063,2.37976,-1.28904,-0.12744,0.00646,9.31852,4.92897,1.91786,1.9674,-0.58386,0.03089,-0.54801,10.32364,-2.82939,-1.94804,0.67008,0.38001,-0.25998,0.35782,-11.05168,-3.55728,-4.86901,7.4454,-19.43431,0.61812,-4.70742,-16.66872,-15.42865,-3.31955,3.89999,-18.2515,-1.24692,-6.84638
16.6,50.81546,-19.57965,2.24511,-1.48107,-0.12782,0.00491,9.82064,4.72743,1.65967,2.14537,-0.54093,0.0057,-0.58197,10.32469,-2.99298,-1.91295,0.84577,0.40541,-0.29912,0.37288,-10.47399,-3.5881,-4.69438,8.15371,-19.4503,0.58358,-4.49879,-16.1786,-14.99323,-3.1712,4.09659,-18.07562,-1.31523,-6.69792
16.62,48.57144,-18.23839,2.14485,-1.66043,-0.14866,-0.00167,10.20116,4.49434,1.3123,2.2198,-0.46328,-0.03274,-0.60807,10.23762,-3.08947,-1.86275,0.99623,0.44334,-0.31438,0.40542,-9.8296,-3.67246,-4.51553,8.81405,-19.46818,0.60564,-4.2662,-15.60747,-14.55992,-3.01285,4.413,-17.89625,-1.42043,-6.5741
16.64,46.08123,-16.70605,2.09041,-1.83209,-0.17135,-0.00995,10.47335,4.21562,0.96966,2.24411,-0.37778,-0.07282,-0.62361,10.08596,-3.08795,-1.79506,1.10472,0.46899,-0.31529,0.43773,-9.14062,-3.73993,-4.34605,9.43574,-19.47434,0.64243,-4.03435,-15.03427,-14.15228,-2.8527,4.78544,-17.73214,-1.54104,-6.46526
16.66,43.39268,-15.17855,2.09088,-1.99919,-0.18056,-0.017,10.63142,3.86906,0.69283,2.23727,-0.30649,-0.10487,-0.62942,9.9029,-2.97018,-1.72005,1.15808,0.46819,-0.31299,0.45812,-8.43461,-3.74897,-4.19449,10.02527,-19.46013,0.66421,-3.82086,-14.51491,-13.79542,-2.69539,5.16081,-17.5966,-1.65816,-6.36348
16.68,40.50778,-13.5794,2.12255,-2.16379,-0.1845,-0.0239,10.69282,3.47424,0.47475,2.19771,-0.24223,-0.13514,-0.63358,9.69435,-2.76476,-1.71625,1.15035,0.4576,-0.30758,0.4718,-7.66233,-3.74062,-4.0593,10.59049,-19.42984,0.69203,-3.62047,-13.97943,-13.48258,-2.54281,5.5936,-17.48654,-1.78532,-6.28043
16.7,37.7786,-12.15801,2.2178,-2.30454,-0.19143,-0.03106,10.66347,3.06949,0.2637,2.14583,-0.1888,-0.15559,-0.62292,9.47307,-2.42687,-1.5507,1.13735,0.42873,-0.30459,0.48105,-6.92781,-3.63949,-3.94653,11.07264,-19.38293,0.69922,-3.44546,-13.50369,-13.21298,-2.39967,6.01833,-17.40871,-1.90423,-6.20337
16.72,35.46005,-11.2057,2.42551,-2.39798,-0.20781,-0.03867,10.55469,2.70121,0.028,2.10792,-0.15012,-0.15565,-0.58256,9.20388,-1.89925,-1.00032,1.15374,0.3685,-0.31006,0.48721,-6.33907,-3.36482,-3.8631,11.41789,-19.3175,0.65298,-3.31002,-13.16407,-12.99591,-2.26781,6.35964,-17.36919,-1.99201,-6.11743
16.74,33.22962,-10.47587,2.65361,-2.46263,-0.2323,-0.04673,10.38598,2.35493,-0.16579,2.06895,-0.12067,-0.148,-0.53453,8.84519,-1.2901,-0.42537,1.14843,0.29998,-0.32068,0.48594,-5.79455,-3.02052,-3.79967,11.68118,-19.23851,0.58771,-3.20034,-12.8535,-12.82665,-2.14699,6.69513,-17.35724,-2.06984,-6.03892
16.76,30.90823,-9.73608,2.81449,-2.51645,-0.26396,-0.05515,10.17285,2.01283,-0.29737,2.02034,-0.0968,-0.14275,-0.4951,8.42302,-0.71301,0.00141,1.10436,0.24065,-0.33362,0.47759,-5.19778,-2.68627,-3.74864,11.921,-19.14918,0.52928,-3.10521,-12.47851,-12.69818,-2.03837,7.08923,-17.36259,-2.15441,-5.98006
16.78,28.48952,-8.97318,2.89156,-2.55636,-0.30782,-0.0643,9.92788,1.70073,-0.39012,1.97588,-0.07562,-0.13808,-0.45681,7.95097,-0.21177,0.34809,1.042,0.18548,-0.34734,0.47132,-4.51252,-2.34227,-3.71212,12.16628,-19.0471,0.46966,-3.02674,-11.99921,-12.61363,-1.94275,7.54963,-17.37981,-2.24003,-5.93801
16.8,26.32597,-8.29211,2.82973,-2.57394,-0.36642,-0.07427,9.64895,1.41654,-0.44627,1.91874,-0.06218,-0.13394,-0.42426,7.4011,0.1651,0.62219,0.98876,0.13396,-0.35919,0.4493,-3.95226,-1.99767,-3.6842,12.30272,-18.94485,0.4075,-2.96492,-11.58181,-12.55541,-1.86389,7.9765,-17.416,-2.3192,-5.90301
16.82,24.7587,-7.75969,2.55953,-2.56289,-0.44447,-0.08553,9.32853,1.1481,-0.47871,1.82938,-0.06217,-0.12991,-0.40345,6.73818,0.35569,0.83512,0.93969,0.08586,-0.36503,0.38968,-3.74699,-1.67077,-3.6576,12.2063,-18.85632,0.3427,-2.91928,-11.41994,-12.49938,-1.80562,8.26327,-17.479,-2.39305,-5.86876
16.84,23.49808,-7.1921,2.10772,-2.53556,-0.54076,-0.09803,8.98662,0.91971,-0.49871,1.73078,-0.06631,-0.12672,-0.38644,6.05898,0.3312,0.96098,0.86311,0.03829,-0.36441,0.31725,-3.67319,-1.35929,-3.6369,12.01591,-18.77159,0.27744,-2.88748,-11.33444,-12.46482,-1.7647,8.49901,-17.55484,-2.45746,-5.83883
16.86,22.33431,-6.49798,1.55033,-2.5043,-0.65179,-0.11167,8.64765,0.74967,-0.50706,1.64238,-0.06728,-0.12562,-0.36849,5.468,0.12569,0.98783,0.7641,-0.00771,-0.35907,0.25349,-3.53308,-1.06495,-3.62594,11.8537,-18.6824,0.21534,-2.86635,-11.15647,-12.46175,-1.7386,8.77383,-17.62989,-2.51537,-5.81927
16.88,21.35312,-5.69989,0.92235,-2.46901,-0.78072,-0.12746,8.32294,0.63307,-0.50462,1.55952,-0.06666,-0.12531,-0.3513,4.97419,-0.23484,0.93473,0.64772,-0.04908,-0.34751,0.19352,-3.36646,-0.7945,-3.62271,11.69971,-18.59201,0.15536,-2.85461,-10.91728,-12.45914,-1.73004,9.08938,-17.69999,-2.59583,-5.82074
16.9,20.79294,-5.08476,0.35236,-2.42745,-0.90883,-0.14147,8.01321,0.5837,-0.49112,1.48491,-0.06521,-0.12545,-0.33462,4.62597,-0.60835,0.83016,0.50178,-0.08929,-0.33932,0.13431,-3.29581,-0.53821,-3.62651,11.50335,-18.50811,0.0996,-2.85262,-10.74451,-12.50086,-1.73251,9.32132,-17.77893,-2.61772,-5.80367
16.92,20.76943,-5.01491,-0.01624,-2.38202,-0.9975,-0.14904,7.71794,0.6186,-0.46582,1.4232,-0.06344,-0.12572,-0.3178,4.42264,-0.80865,0.7421,0.31912,-0.13129,-0.34464,0.07318,-3.43736,-0.28109,-3.6377,11.21768,-18.43687,0.04774,-2.86221,-10.77652,-12.64656,-1.73663,9.32424,-17.88317,-2.47241,-5.71557
16.94,21.05683,-5.27355,-0.22728,-2.33509,-1.05964,-0.15359,7.45709,0.71545,-0.42945,1.3712,-0.06087,-0.12499,-0.3019,4.31157,-0.90717,0.69163,0.12022,-0.16787,-0.35395,0.01515,-3.67342,-0.03703,-3.65495,10.89776,-18.37428,0.0009,-2.8792,-10.92655,-12.82105,-1.75017,9.22191,-17.99073,-2.26907,-5.60462
16.96,21.47483,-5.59005,-0.3524,-2.28879,-1.11258,-0.15822,7.24535,0.85468,-0.38317,1.32961,-0.05652,-0.12261,-0.28731,4.26543,-1.00464,0.66423,-0.07815,-0.19394,-0.35882,-0.03577,-3.8858,0.18388,-3.67796,10.60133,-18.31508,-0.04149,-2.90046,-11.06821,-12.96298,-1.77627,9.1394,-18.08555,-2.09359,-5.51122
16.98,22.01786,-5.96343,-0.38879,-2.24453,-1.14949,-0.16192,7.08011,1.03937,-0.32729,1.30259,-0.05058,-0.11824,-0.27335,4.26385,-1.06519,0.65774,-0.2816,-0.20849,-0.36135,-0.08794,-4.09587,0.39752,-3.70871,10.32203,-18.25597,-0.09019,-2.93028,-11.21223,-13.09968,-1.80777,9.02465,-18.17318,-1.87439,-5.40076
17,22.82437,-6.45379,-0.36067,-2.19336,-1.16211,-0.16325,6.9643,1.23426,-0.26717,1.28073,-0.04494,-0.1134,-0.26242,4.30587,-1.15051,0.65988,-0.44536,-0.21592,-0.3571,-0.12561,-4.35897,0.57831,-3.73866,10.02791,-18.21268,-0.11685,-2.95581,-11.44888,-13.19074,-1.84792,8.89732,-18.25246,-1.71808,-5.32097
17.02,24.01903,-7.11972,-0.30594,-2.12559,-1.14192,-0.16063,6.89882,1.39899,-0.21278,1.2585,-0.04136,-0.10992,-0.25744,4.38652,-1.35915,0.6537,-0.5252,-0.22583,-0.33994,-0.12851,-4.72551,0.6936,-3.75768,9.6882,-18.20411,-0.08476,-2.9604,-11.85715,-13.1826,-1.89981,8.79985,-18.32538,-1.76666,-5.33861
17.04,25.40115,-7.82981,-0.22918,-2.048,-1.10027,-0.15573,6.87627,1.55105,-0.16393,1.24726,-0.03852,-0.10668,-0.25571,4.47592,-1.61954,0.6393,-0.55574,-0.23026,-0.31692,-0.11696,-5.13393,0.78016,-3.77414,9.33876,-18.21042,-0.03136,-2.9586,-12.3484,-13.13257,-1.95058,8.69004,-18.39342,-1.88229,-5.38987
17.06,26.79065,-8.47221,-0.13134,-1.96811,-1.05029,-0.15038,6.88886,1.70803,-0.11774,1.25281,-0.03518,-0.10272,-0.25483,4.55086,-1.86968,0.62057,-0.56436,-0.22405,-0.29409,-0.10772,-5.52398,0.86798,-3.794,9.0125,-18.21562,0.01328,-2.96189,-12.83017,-13.07799,-1.99466,8.55385,-18.45643,-1.95954,-5.42496
17.08,28.20657,-9.0954,-0.02412,-1.88629,-0.98884,-0.1438,6.9297,1.86456,-0.07526,1.27228,-0.03157,-0.0986,-0.25575,4.59467,-2.19517,0.59028,-0.54075,-0.22453,-0.26937,-0.09157,-5.91174,0.94755,-3.81201,8.69697,-18.22878,0.06913,-2.96092,-13.36392,-12.99947,-2.03427,8.39796,-18.51421,-2.0598,-5.47105
17.1,29.63951,-9.70621,0.10778,-1.79233,-0.93026,-0.13776,6.9997,1.9975,-0.0415,1.30148,-0.02894,-0.09502,-0.25802,4.64746,-2.41551,0.58359,-0.47875,-0.20836,-0.25467,-0.07642,-6.30304,1.02884,-3.82961,8.39249,-18.24051,0.11123,-2.9654,-13.88894,-12.92291,-2.06829,8.21794,-18.5688,-2.12842,-5.50366
17.12,31.09932,-10.26486,0.27434,-1.67532,-0.89067,-0.13426,7.10187,2.08773,-0.02162,1.33809,-0.02848,-0.09255,-0.26102,4.77619,-2.28449,0.64095,-0.38032,-0.14174,-0.26119,-0.07455,-6.70506,1.12688,-3.84933,8.09872,-18.2389,0.1063,-2.9889,-14.31266,-12.87246,-2.09988,8.01351,-18.62355,-2.0856,-5.48584
17.14,32.57244,-10.76455,0.44844,-1.54664,-0.86298,-0.13194,7.22386,2.16061,-0.00961,1.383,-0.0289,-0.09055,-0.26509,4.94042,-2.05985,0.7169,-0.25526,-0.07031,-0.27447,-0.07005,-7.10823,1.23211,-3.86652,7.81547,-18.23539,0.08614,-3.01736,-14.71166,-12.81969,-2.13191,7.79654,-18.67534,-2.00895,-5.45134
17.16,34.01526,-11.21165,0.60948,-1.41738,-0.84053,-0.12963,7.35296,2.23668,0.00018,1.43553,-0.02898,-0.08852,-0.27011,5.08989,-1.92302,0.77631,-0.11639,-0.02449,-0.28515,-0.05743,-7.50494,1.34093,-3.87886,7.54228,-18.23826,0.07421,-3.04029,-15.14715,-12.74357,-2.16495,7.56946,-18.72275,-1.95133,-5.42304
17.18,35.46035,-11.61251,0.77108,-1.28597,-0.82265,-0.12709,7.4866,2.31207,0.00711,1.49228,-0.02896,-0.08692,-0.27587,5.25028,-1.76382,0.83337,0.02628,0.0153,-0.29685,-0.04301,-7.91813,1.4648,-3.88824,7.26481,-18.24498,0.05918,-3.0626,-15.62181,-12.64366,-2.20222,7.31025,-18.7688,-1.87503,-5.3816
17.2,36.82389,-11.93693,0.90269,-1.15173,-0.82667,-0.12653,7.62214,2.38085,0.01172,1.55127,-0.02921,-0.0851,-0.28168,5.40206,-1.68938,0.87036,0.1726,0.03516,-0.3037,-0.02386,-8.30308,1.58263,-3.8934,7.01641,-18.2533,0.04702,-3.08089,-16.06189,-12.54439,-2.23487,7.07907,-18.80792,-1.82646,-5.35378
17.22,38.00676,-12.17464,0.97016,-1.01197,-0.87239,-0.13036,7.75727,2.43604,0.01461,1.61047,-0.03004,-0.08229,-0.2867,5.51329,-1.82978,0.86926,0.32812,0.01717,-0.3029,0.00244,-8.61929,1.67166,-3.89313,6.83047,-18.2612,0.04513,-3.09098,-16.39089,-12.47365,-2.25052,6.94333,-18.83444,-1.86867,-5.37557
17.24,39.10072,-12.37642,1.01111,-0.8737,-0.93958,-0.13577,7.88682,2.48365,0.01634,1.66722,-0.03107,-0.07937,-0.29124,5.60622,-2.03576,0.85077,0.47667,-0.00974,-0.30172,0.02828,-8.9103,1.75185,-3.89127,6.67208,-18.27032,0.04711,-3.09755,-16.68271,-12.41097,-2.25935,6.83668,-18.85477,-1.93944,-5.4129
17.26,40.1832,-12.57241,1.0508,-0.74279,-1.00958,-0.14051,8.00607,2.52878,0.01725,1.71962,-0.03184,-0.07711,-0.29557,5.6941,-2.20113,0.831,0.60582,-0.02608,-0.30293,0.04846,-9.2228,1.83951,-3.89081,6.5069,-18.28275,0.04872,-3.10445,-17.01006,-12.33663,-2.27104,6.70246,-18.87495,-1.99354,-5.44054
17.28,41.24904,-12.76241,1.07672,-0.61073,-1.08781,-0.14554,8.11533,2.56592,0.01665,1.76567,-0.0324,-0.07541,-0.29918,5.76771,-2.40217,0.80066,0.7248,-0.04281,-0.30439,0.06673,-9.59468,1.9342,-3.89174,6.321,-18.29764,0.04643,-3.11352,-17.37896,-12.2598,-2.28218,6.55134,-18.89476,-2.06111,-5.47492
17.3,42.23734,-12.91648,1.08872,-0.50559,-1.16783,-0.15057,8.20839,2.59727,0.01604,1.80589,-0.03278,-0.07384,-0.30227,5.82928,-2.54719,0.77282,0.81634,-0.04878,-0.30725,0.07873,-9.88565,2.00232,-3.89682,6.18276,-18.31296,0.0552,-3.12122,-17.69603,-12.19737,-2.29496,6.41913,-18.91036,-2.10705,-5.50349
17.32,43.09435,-12.99553,1.08738,-0.46023,-1.24179,-0.15525,8.27829,2.62467,0.0169,1.84225,-0.03299,-0.0721,-0.30523,5.88459,-2.50372,0.76764,0.85887,-0.02951,-0.31224,0.07862,-9.9438,2.0115,-3.90918,6.16529,-18.32732,0.09272,-3.12297,-17.8687,-12.16027,-2.3147,6.33705,-18.91885,-2.08328,-5.50689
17.34,43.86367,-13.03674,1.0729,-0.44567,-1.31159,-0.16003,8.3301,2.64535,0.01877,1.87192,-0.03279,-0.07022,-0.3075,5.93014,-2.40488,0.76857,0.87797,-0.00449,-0.31728,0.07423,-9.91911,1.98939,-3.92758,6.19586,-18.34107,0.14191,-3.1255,-17.98548,-12.14197,-2.33886,6.27837,-18.92365,-2.03657,-5.50627
17.36,44.59921,-13.07907,1.04967,-0.43629,-1.37828,-0.16518,8.36857,2.65754,0.02082,1.89338,-0.03206,-0.06845,-0.3088,5.96575,-2.3405,0.76523,0.89399,0.013,-0.32146,0.07116,-9.94854,1.96381,-3.95102,6.20694,-18.35522,0.18792,-3.13472,-18.13666,-12.13248,-2.36616,6.21004,-18.92885,-2.00059,-5.51598
17.38,45.33083,-13.11112,1.01761,-0.4364,-1.44284,-0.17106,8.39244,2.65722,0.02171,1.90968,-0.03112,-0.06737,-0.30954,5.99518,-2.25817,0.76599,0.90011,0.02946,-0.32534,0.06727,-10.02686,1.93955,-3.98036,6.20139,-18.37126,0.23577,-3.14891,-18.33934,-12.12344,-2.40093,6.11776,-18.93634,-1.95357,-5.52486
17.4,45.89635,-13.16629,0.99129,-0.45742,-1.49401,-0.17643,8.40367,2.66158,0.02834,1.91781,-0.02951,-0.06518,-0.30946,6.01836,-2.19872,0.76519,0.90638,0.03932,-0.3286,0.06488,-10.02486,1.87823,-4.01565,6.23939,-18.38301,0.28757,-3.16908,-18.45775,-12.14947,-2.43434,6.07569,-18.93745,-1.91821,-5.55043
17.42,46.11978,-13.28785,0.98532,-0.51034,-1.51999,-0.17986,8.4069,2.69261,0.04944,1.91409,-0.02659,-0.05957,-0.30817,6.03483,-2.21319,0.7556,0.92546,0.03559,-0.33082,0.06669,-9.79677,1.73582,-4.05648,6.38829,-18.38314,0.34404,-3.197,-18.33856,-12.24881,-2.45533,6.17026,-18.92201,-1.9269,-5.61537
17.44,46.17208,-13.44266,0.98778,-0.58016,-1.53209,-0.18253,8.40279,2.72946,0.076,1.9039,-0.02332,-0.0533,-0.30643,6.04655,-2.24494,0.74524,0.94747,0.02741,-0.33233,0.06987,-9.48838,1.56142,-4.10207,6.57874,-18.3788,0.40408,-3.23034,-18.13686,-12.3804,-2.4752,6.31529,-18.90033,-1.94728,-5.6961
17.46,46.20299,-13.60376,0.98881,-0.6515,-1.54072,-0.18555,8.3901,2.75554,0.10087,1.89162,-0.02042,-0.04845,-0.30468,6.05533,-2.25604,0.7397,0.96583,0.02113,-0.33331,0.07246,-9.23169,1.39906,-4.15171,6.74761,-18.37611,0.46514,-3.26738,-17.98908,-12.50794,-2.50241,6.43597,-18.88139,-1.95738,-5.77484
17.48,46.17573,-13.78562,0.99092,-0.72601,-1.54521,-0.18869,8.36899,2.7857,0.12969,1.87527,-0.01741,-0.0433,-0.30249,6.0626,-2.26439,0.73525,0.98558,0.01474,-0.33371,0.0752,-8.96481,1.23332,-4.20511,6.92272,-18.37213,0.52637,-3.3091,-17.8465,-12.63701,-2.53298,6.56452,-18.86097,-1.97562,-5.86158
17.5,46.0271,-13.95289,1.00018,-0.805,-1.53965,-0.19095,8.33708,2.80333,0.15186,1.8542,-0.01522,-0.0404,-0.3003,6.06257,-2.26507,0.73407,1.00068,0.00909,-0.33362,0.07762,-8.71536,1.07189,-4.25998,7.09092,-18.36861,0.59116,-3.35058,-17.69517,-12.77969,-2.56791,6.6907,-18.84143,-1.97663,-5.94348
17.52,45.70125,-14.06637,1.02409,-0.89025,-1.51748,-0.19115,8.2924,2.78596,0.15463,1.82917,-0.01491,-0.04285,-0.29875,6.04909,-2.24987,0.73934,1.00358,0.00541,-0.33319,0.07909,-8.52996,0.92744,-4.31367,7.23035,-18.36835,0.66417,-3.38535,-17.53079,-12.94938,-2.60843,6.79314,-18.82675,-1.92679,-6.00349
17.54,45.26742,-14.14726,1.05609,-0.97658,-1.4873,-0.19024,8.23752,2.75965,0.15064,1.79995,-0.01535,-0.04701,-0.29705,6.02846,-2.23064,0.74625,1.00091,0.00232,-0.33243,0.08006,-8.36132,0.78777,-4.36707,7.36132,-18.36868,0.73986,-3.41816,-17.35654,-13.12922,-2.65119,6.89,-18.81314,-1.86066,-6.05688
17.56,44.80365,-14.21193,1.08962,-1.05861,-1.45735,-0.18918,8.17581,2.7434,0.14895,1.76723,-0.01567,-0.05017,-0.29468,6.00639,-2.21382,0.75131,0.99776,-0.00079,-0.33141,0.08073,-8.1802,0.64804,-4.42112,7.49604,-18.36798,0.81379,-3.45229,-17.18455,-13.29998,-2.6945,6.99107,-18.79846,-1.80352,-6.11386
17.58,44.31003,-14.25636,1.12825,-1.13891,-1.42536,-0.18752,8.11022,2.72932,0.14542,1.73101,-0.01615,-0.05347,-0.29179,5.98224,-2.19912,0.75495,0.9928,-0.00357,-0.33043,0.08103,-7.9956,0.51634,-4.47494,7.63032,-18.36752,0.89074,-3.48238,-17.00942,-13.46426,-2.73838,7.08823,-18.78423,-1.73966,-6.16605
17.6,43.77519,-14.24414,1.16282,-1.20977,-1.39503,-0.18569,8.04141,2.71896,0.14178,1.69471,-0.01669,-0.0562,-0.28882,5.95471,-2.18836,0.75546,0.98391,-0.00704,-0.3289,0.08084,-7.80333,0.37449,-4.52735,7.76405,-18.36584,0.96139,-3.51575,-16.82318,-13.61969,-2.7795,7.19391,-18.7687,-1.68708,-6.22147
17.62,43.18487,-14.13744,1.18221,-1.26279,-1.3706,-0.18429,7.96956,2.71556,0.14038,1.66249,-0.01715,-0.05743,-0.28624,5.92296,-2.18272,0.75118,0.96918,-0.0123,-0.32615,0.08003,-7.59058,0.20056,-4.57784,7.90118,-18.36021,1.01163,-3.56309,-16.61015,-13.76466,-2.81441,7.32727,-18.74937,-1.66699,-6.29005
17.64,42.58747,-13.9783,1.1934,-1.30546,-1.35052,-0.18302,7.89947,2.71418,0.13907,1.63225,-0.01758,-0.05815,-0.28379,5.89005,-2.18158,0.74326,0.95118,-0.01838,-0.32302,0.0788,-7.3671,0.01484,-4.62644,8.03817,-18.35366,1.05544,-3.61273,-16.38184,-13.89576,-2.84506,7.4711,-18.72886,-1.65923,-6.36094
17.66,42.02596,-13.80873,1.20207,-1.34419,-1.33367,-0.18171,7.83507,2.71287,0.1371,1.60231,-0.01796,-0.05892,-0.28123,5.85922,-2.18355,0.73278,0.93259,-0.02441,-0.32023,0.07736,-7.13422,-0.16665,-4.67339,8.17545,-18.34792,1.10292,-3.65601,-16.14377,-14.01151,-2.87268,7.61353,-18.70892,-1.64811,-6.42598
17.68,41.48205,-13.62743,1.20557,-1.37872,-1.31904,-0.18026,7.77672,2.71381,0.13516,1.57427,-0.01825,-0.05956,-0.27872,5.83095,-2.18736,0.72002,0.91322,-0.03065,-0.31759,0.07576,-6.86525,-0.35047,-4.71999,8.32607,-18.33892,1.14094,-3.70028,-15.86513,-14.12171,-2.89519,7.76912,-18.68765,-1.63302,-6.48578
17.7,41.01759,-13.44573,1.20175,-1.4049,-1.31281,-0.1796,7.7264,2.71242,0.13356,1.54933,-0.01843,-0.05999,-0.27657,5.8048,-2.1922,0.70548,0.89337,-0.0375,-0.31503,0.07405,-6.63064,-0.53447,-4.7615,8.45388,-18.33565,1.19343,-3.73387,-15.62039,-14.20474,-2.91459,7.91052,-18.66861,-1.63208,-6.5461
17.72,40.7013,-13.27077,1.18903,-1.41832,-1.32266,-0.18086,7.68604,2.70271,0.1325,1.52851,-0.01852,-0.06012,-0.27509,5.78122,-2.19173,0.69047,0.87279,-0.04473,-0.31253,0.07211,-6.51189,-0.719,-4.7911,8.51619,-18.34961,1.29473,-3.74039,-15.49322,-14.23544,-2.93363,8.00812,-18.65575,-1.6664,-6.61376
17.74,40.47688,-13.11965,1.17121,-1.42492,-1.3398,-0.18293,7.65488,2.69093,0.13202,1.51171,-0.01848,-0.06005,-0.27409,5.76089,-2.18972,0.67546,0.85325,-0.05215,-0.31013,0.07023,-6.43501,-0.89848,-4.81481,8.55147,-18.36858,1.40993,-3.73612,-15.40543,-14.24423,-2.94982,8.08928,-18.64516,-1.71452,-6.68169
17.76,40.29452,-13.00391,1.15191,-1.43051,-1.35683,-0.18492,7.63234,2.68148,0.13194,1.49858,-0.0183,-0.0599,-0.27339,5.74499,-2.18683,0.66127,0.8362,-0.05901,-0.30793,0.06859,-6.33053,-1.07024,-4.83659,8.59606,-18.38351,1.51392,-3.7328,-15.28611,-14.25763,-2.96127,8.179,-18.63362,-1.75761,-6.74381
17.78,40.15626,-12.89953,1.12996,-1.43441,-1.37758,-0.18749,7.61854,2.66987,0.13194,1.48985,-0.01804,-0.05964,-0.2732,5.73642,-2.16206,0.65087,0.81939,-0.06255,-0.30587,0.06663,-6.20629,-1.24952,-4.85022,8.64367,-18.40052,1.63258,-3.71974,-15.13685,-14.27271,-2.96871,8.28158,-18.6209,-1.80415,-6.80409
17.8,40.09859,-12.8727,1.10983,-1.43605,-1.39361,-0.18947,7.61354,2.66281,0.13268,1.48449,-0.01761,-0.05922,-0.27329,5.72807,-2.16812,0.63803,0.81112,-0.067,-0.30367,0.06575,-6.10811,-1.38747,-4.86416,8.67722,-18.41222,1.72157,-3.71373,-15.03227,-14.28505,-2.97436,8.35793,-18.61095,-1.84953,-6.85843
17.82,40.15971,-13.00223,1.09554,-1.43551,-1.39488,-0.18941,7.61742,2.66865,0.13504,1.48067,-0.01687,-0.05861,-0.27332,5.71064,-2.28435,0.61204,0.8226,-0.07905,-0.30084,0.0682,-6.07944,-1.42748,-4.88925,8.68294,-18.41032,1.72792,-3.73477,-15.05248,-14.29017,-2.98003,8.36627,-18.60793,-1.88928,-6.90291
17.84,40.28456,-13.19259,1.08386,-1.43338,-1.38891,-0.18849,7.629,2.67866,0.13783,1.4797,-0.016,-0.05782,-0.27359,5.69273,-2.44211,0.58109,0.84278,-0.0905,-0.29773,0.07192,-6.07313,-1.42306,-4.91392,8.67891,-18.40357,1.70359,-3.76334,-15.11883,-14.29637,-2.98461,8.34796,-18.60774,-1.92699,-6.94151
17.86,40.41785,-13.36701,1.07298,-1.43084,-1.38177,-0.18762,7.64707,2.68606,0.14017,1.48222,-0.01515,-0.05693,-0.2743,5.679,-2.58209,0.55384,0.86236,-0.0958,-0.29482,0.07499,-6.0436,-1.4207,-4.92896,8.68292,-18.3986,1.69082,-3.78373,-15.15732,-14.31169,-2.98722,8.34205,-18.60639,-1.96554,-6.97779
17.88,40.55915,-13.55659,1.06313,-1.42908,-1.37166,-0.18646,7.67144,2.69325,0.14259,1.48585,-0.01418,-0.05595,-0.27516,5.65889,-2.77764,0.51929,0.88761,-0.10313,-0.2919,0.07935,-6.00645,-1.40914,-4.93673,8.68787,-18.39439,1.68138,-3.79855,-15.18882,-14.3318,-2.98837,8.34408,-18.60401,-2.01303,-7.01532
17.9,40.70672,-13.71964,1.06302,-1.42265,-1.35622,-0.1846,7.69986,2.70061,0.14418,1.49345,-0.01334,-0.05491,-0.27637,5.64271,-2.8993,0.50216,0.90464,-0.10275,-0.29071,0.08148,-5.97789,-1.37568,-4.94146,8.69209,-18.38715,1.65494,-3.81713,-15.23456,-14.35753,-2.98978,8.32784,-18.60414,-2.0444,-7.04106
17.92,40.86527,-13.80332,1.08281,-1.40573,-1.33257,-0.18157,7.7295,2.70855,0.14382,1.50873,-0.01294,-0.05384,-0.27823,5.65076,-2.75735,0.53812,0.89713,-0.08103,-0.29322,0.07676,-5.96918,-1.30881,-4.94811,8.69719,-18.37184,1.58786,-3.85066,-15.30954,-14.39182,-2.99303,8.26656,-18.61075,-2.02913,-7.03963
17.94,41.02125,-13.85071,1.11354,-1.383,-1.30517,-0.17793,7.76097,2.7167,0.14252,1.52661,-0.01268,-0.05285,-0.28026,5.67007,-2.54399,0.59152,0.88226,-0.05678,-0.29784,0.07114,-5.97712,-1.22593,-4.95294,8.6982,-18.35349,1.50516,-3.88773,-15.39813,-14.42782,-2.99689,8.18792,-18.61984,-1.9977,-7.0264
17.96,41.15683,-13.89587,1.1486,-1.35904,-1.27829,-0.1742,7.79448,2.72455,0.14113,1.54301,-0.01237,-0.05199,-0.28212,5.68897,-2.39029,0.63819,0.87255,-0.04304,-0.30302,0.06822,-5.98752,-1.1454,-4.95266,8.69628,-18.33668,1.42996,-3.91815,-15.47956,-14.4608,-2.99987,8.11897,-18.62772,-1.97552,-7.01456
17.98,41.27985,-13.92786,1.19668,-1.33407,-1.24914,-0.16992,7.82789,2.73413,0.1395,1.55883,-0.0122,-0.05128,-0.28401,5.71927,-2.20204,0.69242,0.85737,-0.03047,-0.30931,0.06551,-5.99055,-1.06032,-4.9519,8.69912,-18.31685,1.345,-3.94976,-15.55653,-14.49346,-3.0018,8.05198,-18.63537,-1.9513,-6.99902
18,41.36717,-13.95516,1.24572,-1.30242,-1.22618,-0.16621,7.86129,2.74141,0.13775,1.57373,-0.01201,-0.05072,-0.28564,5.74513,-2.08343,0.73486,0.84861,-0.0276,-0.31487,0.06495,-6.0236,-0.98096,-4.94595,8.68611,-18.30173,1.27428,-3.97211,-15.64565,-14.51363,-3.00336,7.97996,-18.64377,-1.92971,-6.98021
18.02,41.38793,-13.99133,1.27809,-1.25766,-1.21936,-0.16438,7.89521,2.74151,0.13612,1.5875,-0.0115,-0.05032,-0.28666,5.7433,-2.1626,0.74495,0.8635,-0.04554,-0.31747,0.06855,-6.12505,-0.92224,-4.92806,8.63584,-18.30139,1.24924,-3.97156,-15.76239,-14.50835,-3.00519,7.8977,-18.65377,-1.91815,-6.95974
18.04,41.36982,-14.02919,1.30723,-1.20697,-1.22017,-0.16324,7.92739,2.73966,0.13473,1.59999,-0.01107,-0.05006,-0.28746,5.73314,-2.30623,0.73949,0.88409,-0.06829,-0.31794,0.07302,-6.24998,-0.87116,-4.90616,8.57271,-18.30627,1.23907,-3.96172,-15.8914,-14.48821,-3.00602,7.81051,-18.66445,-1.90972,-6.9364
18.06,41.3413,-14.06538,1.34245,-1.15695,-1.22142,-0.16186,7.95603,2.74013,0.13371,1.61094,-0.01095,-0.04993,-0.28833,5.73085,-2.4122,0.73313,0.89817,-0.08433,-0.31715,0.0761,-6.36112,-0.81941,-4.88607,8.51684,-18.30868,1.22034,-3.95304,-16.01669,-14.46347,-3.00451,7.72546,-18.67467,-1.90076,-6.91038
18.08,41.30074,-14.1011,1.37307,-1.1053,-1.22516,-0.1606,7.98075,2.74171,0.13318,1.62117,-0.01093,-0.0499,-0.28918,5.72768,-2.54406,0.71536,0.91409,-0.09895,-0.31455,0.07926,-6.46981,-0.77495,-4.86502,8.46341,-18.31169,1.20371,-3.9412,-16.13944,-14.43464,-3.00039,7.64089,-18.68454,-1.89173,-6.88165
18.1,41.26525,-14.13255,1.40221,-1.05561,-1.23184,-0.15965,8.00211,2.7431,0.13275,1.62892,-0.01119,-0.05002,-0.29,5.73217,-2.64961,0.69498,0.92704,-0.10767,-0.3106,0.08159,-6.58416,-0.72541,-4.84443,8.40568,-18.31532,1.18499,-3.92751,-16.27199,-14.39222,-2.99472,7.55309,-18.69455,-1.88532,-6.8509
18.12,41.25537,-14.15548,1.43701,-1.01152,-1.24182,-0.15917,8.02109,2.74298,0.13187,1.63205,-0.01199,-0.05034,-0.29072,5.75482,-2.64869,0.68711,0.92981,-0.10459,-0.3062,0.08138,-6.71239,-0.65657,-4.82629,8.33672,-18.31874,1.15633,-3.91485,-16.4259,-14.32695,-2.98857,7.45888,-18.70518,-1.8846,-6.81909
18.14,41.26575,-14.17638,1.46905,-0.97167,-1.25286,-0.15903,8.03676,2.74228,0.13091,1.63307,-0.01291,-0.05078,-0.2914,5.78296,-2.61595,0.68162,0.93029,-0.09678,-0.3016,0.08032,-6.84807,-0.58239,-4.80815,8.26374,-18.32298,1.12536,-3.90067,-16.58976,-14.25018,-2.98072,7.36071,-18.71574,-1.88649,-6.78558
18.16,41.29333,-14.19783,1.49197,-0.93465,-1.26247,-0.15902,8.04853,2.74197,0.13014,1.63408,-0.01365,-0.05131,-0.29207,5.80742,-2.60548,0.67119,0.9339,-0.08926,-0.29704,0.07966,-6.9841,-0.51411,-4.78847,8.19422,-18.32811,1.09556,-3.88409,-16.75242,-14.17302,-2.97001,7.26119,-18.72557,-1.88804,-6.74981
18.18,41.34475,-14.20781,1.50686,-0.89771,-1.27183,-0.15941,8.05774,2.74067,0.12915,1.63441,-0.01434,-0.05192,-0.2925,5.82968,-2.59768,0.66023,0.93851,-0.08065,-0.29283,0.07896,-7.1301,-0.4503,-4.76739,8.12407,-18.33344,1.06181,-3.86737,-16.91319,-14.09645,-2.95649,7.15975,-18.73482,-1.8898,-6.71196
18.2,41.4076,-14.228,1.51487,-0.87236,-1.27596,-0.15969,8.06378,2.73937,0.12846,1.63455,-0.01483,-0.05269,-0.29309,5.84902,-2.59096,0.65043,0.94363,-0.07116,-0.28941,0.0782,-7.27407,-0.38251,-4.74562,8.05682,-18.34147,1.03366,-3.84595,-17.0872,-14.01056,-2.94144,7.05374,-18.74344,-1.89334,-6.67266
18.22,41.47097,-14.28866,1.51703,-0.87189,-1.26882,-0.1592,8.06578,2.73979,0.12878,1.63534,-0.01493,-0.05367,-0.29437,5.86381,-2.59209,0.64174,0.94965,-0.06179,-0.2871,0.07757,-7.40343,-0.29991,-4.72419,7.99601,-18.35524,1.02249,-3.81448,-17.29658,-13.90341,-2.92624,6.93832,-18.75159,-1.90102,-6.63288
18.24,41.53483,-14.35254,1.51208,-0.88312,-1.25547,-0.15854,8.06606,2.73987,0.12952,1.63645,-0.01483,-0.05478,-0.29572,5.87339,-2.59361,0.63596,0.95507,-0.0519,-0.28583,0.07678,-7.53177,-0.21253,-4.7023,7.9382,-18.3719,1.01669,-3.7786,-17.51871,-13.78852,-2.90953,6.81866,-18.75924,-1.91063,-6.59212
18.26,41.60049,-14.39151,1.49827,-0.89432,-1.24013,-0.15814,8.06657,2.73833,0.13035,1.63786,-0.01466,-0.05592,-0.29669,5.87625,-2.5973,0.63303,0.95945,-0.04188,-0.28548,0.07581,-7.67179,-0.12862,-4.67923,7.88013,-18.38913,1.00678,-3.74299,-17.73663,-13.6773,-2.89025,6.69847,-18.76648,-1.92045,-6.55001
18.28,41.67886,-14.42735,1.47526,-0.90804,-1.22074,-0.15768,8.06746,2.73651,0.13174,1.64019,-0.01439,-0.05708,-0.29771,5.86979,-2.62273,0.6293,0.96482,-0.03422,-0.28588,0.07529,-7.83209,-0.03852,-4.65574,7.81701,-18.40843,0.9956,-3.70624,-17.97463,-13.5621,-2.8692,6.56966,-18.77421,-1.93368,-6.50769
18.3,41.71177,-14.41899,1.44526,-0.9257,-1.20008,-0.15748,8.06968,2.73347,0.13381,1.64327,-0.01401,-0.0583,-0.29822,5.86128,-2.61581,0.63604,0.96418,-0.025,-0.28781,0.07386,-7.97767,0.04507,-4.63127,7.76351,-18.42835,0.9842,-3.66817,-18.17965,-13.45297,-2.84606,6.45323,-18.78056,-1.94437,-6.46363
18.32,41.63614,-14.31492,1.4106,-0.94827,-1.18145,-0.1579,8.07435,2.72877,0.13695,1.64665,-0.01349,-0.05955,-0.29756,5.86233,-2.51014,0.66649,0.94974,-0.00907,-0.29214,0.07007,-8.0646,0.10408,-4.60502,7.7386,-18.44678,0.97324,-3.62888,-18.28532,-13.36477,-2.8202,6.37521,-18.78317,-1.9445,-6.41577
18.34,41.51539,-14.16194,1.36731,-0.97267,-1.16356,-0.15864,8.08144,2.72415,0.14137,1.65131,-0.01285,-0.06076,-0.29652,5.86672,-2.38101,0.70357,0.93046,0.00629,-0.29756,0.06627,-8.13544,0.15854,-4.57807,7.723,-18.46581,0.96174,-3.58848,-18.35213,-13.28348,-2.7926,6.31194,-18.78439,-1.94227,-6.36646
18.36,41.40402,-13.99902,1.31372,-0.99533,-1.14555,-0.15942,8.091,2.72158,0.14739,1.65791,-0.01214,-0.06181,-0.29577,5.86826,-2.28102,0.73522,0.91309,0.01597,-0.3029,0.06384,-8.22494,0.22285,-4.55117,7.70132,-18.4868,0.94832,-3.54753,-18.42725,-13.2004,-2.76369,6.24453,-18.78605,-1.94388,-6.31764
18.38,41.28988,-13.81212,1.25392,-1.01685,-1.12753,-0.16016,8.10354,2.72394,0.15614,1.66571,-0.01124,-0.06232,-0.29516,5.87386,-2.17274,0.76672,0.89353,0.02394,-0.30813,0.06185,-8.30947,0.2861,-4.52397,7.68438,-18.50849,0.93413,-3.5062,-18.48464,-13.12743,-2.73253,6.18307,-18.78696,-1.94472,-6.26858
18.4,41.16219,-13.60886,1.18465,-1.03638,-1.11543,-0.1615,8.11786,2.72502,0.16506,1.67588,-0.01039,-0.06299,-0.29457,5.87556,-2.09929,0.78859,0.87516,0.0266,-0.31221,0.06078,-8.40923,0.36418,-4.49695,7.6601,-18.53142,0.91927,-3.46364,-18.53026,-13.048,-2.70129,6.12608,-18.78709,-1.94929,-6.21968
18.42,41.01175,-13.40142,1.10362,-1.05252,-1.11526,-0.16409,8.13169,2.71682,0.17119,1.68974,-0.00991,-0.06449,-0.29399,5.86133,-2.10981,0.79214,0.86204,0.0195,-0.3142,0.06098,-8.55215,0.47502,-4.4704,7.61265,-18.55638,0.90477,-3.41867,-18.57619,-12.9416,-2.67256,6.07034,-18.78648,-1.96348,-6.17157
18.44,40.85273,-13.19247,1.01959,-1.06657,-1.12336,-0.1673,8.14489,2.70791,0.17735,1.7046,-0.0095,-0.06584,-0.29342,5.84194,-2.14715,0.78573,0.84936,0.00943,-0.31416,0.06128,-8.70526,0.60043,-4.4441,7.55894,-18.58038,0.89222,-3.37209,-18.6089,-12.83024,-2.64439,6.02164,-18.78371,-1.97909,-6.12315
18.46,40.70335,-12.98571,0.9385,-1.07958,-1.13621,-0.17056,8.15731,2.70443,0.18593,1.71841,-0.00893,-0.06604,-0.29302,5.8265,-2.17137,0.77479,0.83454,0.00147,-0.31211,0.061,-8.84293,0.7247,-4.41765,7.51225,-18.60057,0.88424,-3.32429,-18.62284,-12.73113,-2.61539,5.98351,-18.77738,-1.98932,-6.07356
18.48,40.56401,-12.7783,0.86101,-1.09096,-1.15371,-0.17373,8.16662,2.7016,0.19629,1.73145,-0.00832,-0.06468,-0.29342,5.81201,-2.19961,0.75711,0.81934,-0.00535,-0.30797,0.06042,-8.97002,0.84554,-4.38991,7.46935,-18.61617,0.88653,-3.2739,-18.62038,-12.63875,-2.58665,5.95834,-18.76612,-1.99441,-6.02274
18.5,40.42011,-12.60741,0.7862,-1.10389,-1.18348,-0.17776,8.1702,2.70136,0.20683,1.74039,-0.00764,-0.06246,-0.29304,5.80073,-2.22993,0.73044,0.80598,-0.01134,-0.30082,0.05977,-9.07705,0.98036,-4.36361,7.43156,-18.62186,0.89454,-3.22134,-18.6116,-12.54585,-2.56008,5.94454,-18.74845,-1.98893,-5.96797
18.52,40.25551,-12.51087,0.71063,-1.12208,-1.23415,-0.18382,8.16571,2.70468,0.2159,1.74104,-0.00677,-0.06035,-0.2896,5.79574,-2.25747,0.69279,0.79659,-0.01691,-0.28986,0.05928,-9.15045,1.14843,-4.3419,7.40228,-18.61145,0.90334,-3.16686,-18.61091,-12.44503,-2.53736,5.93921,-18.72252,-1.96714,-5.9064
18.54,40.08057,-12.46632,0.6403,-1.14318,-1.29685,-0.1907,8.14966,2.70637,0.22434,1.73414,-0.00596,-0.05679,-0.28534,5.79623,-2.28658,0.64758,0.7915,-0.02152,-0.27614,0.05914,-9.192,1.32943,-4.32098,7.38103,-18.58536,0.92635,-3.10786,-18.61213,-12.33731,-2.51818,5.95037,-18.68547,-1.9274,-5.83792
18.56,39.9033,-12.4533,0.5806,-1.16532,-1.36359,-0.19735,8.11928,2.70162,0.23299,1.71995,-0.00537,-0.05062,-0.28174,5.80149,-2.31642,0.59958,0.79057,-0.02448,-0.2609,0.05943,-9.19867,1.50526,-4.29764,7.37043,-18.54348,0.97597,-3.04156,-18.61177,-12.22347,-2.50192,5.9846,-18.63427,-1.86761,-5.76209
18.58,39.71396,-12.46956,0.52684,-1.1897,-1.43698,-0.20425,8.07347,2.68387,0.24071,1.69559,-0.00498,-0.04277,-0.27651,5.81033,-2.34633,0.55006,0.79401,-0.02658,-0.24488,0.06017,-9.15913,1.68094,-4.27238,7.37719,-18.48266,1.05533,-2.96566,-18.62435,-12.0973,-2.4882,6.03964,-18.56638,-1.78742,-5.67823
18.6,39.49857,-12.56745,0.49956,-1.21647,-1.5115,-0.21067,8.00412,2.66399,0.2462,1.65919,-0.00552,-0.03273,-0.27243,5.82607,-2.36787,0.50336,0.80477,-0.02737,-0.22773,0.06189,-9.08663,1.86737,-4.2447,7.38838,-18.40249,1.16148,-2.88094,-18.63244,-11.94989,-2.47813,6.12376,-18.47937,-1.67613,-5.58005
18.62,39.24301,-12.80776,0.52169,-1.24573,-1.58132,-0.21582,7.90456,2.65633,0.24968,1.61026,-0.00713,-0.0203,-0.27281,5.853,-2.37015,0.46381,0.82585,-0.02629,-0.20919,0.06507,-8.99583,2.07771,-4.21415,7.38865,-18.30516,1.28954,-2.78848,-18.61391,-11.7725,-2.47283,6.24397,-18.37109,-1.5204,-5.45948
18.64,38.94296,-13.12511,0.57539,-1.2775,-1.64726,-0.22005,7.78046,2.63982,0.24812,1.54711,-0.0101,-0.00743,-0.27341,5.88433,-2.3568,0.43348,0.85372,-0.02436,-0.1915,0.06912,-8.87831,2.30371,-4.17886,7.39352,-18.19338,1.44328,-2.68442,-18.59142,-11.56781,-2.46729,6.39052,-18.24081,-1.33697,-5.32266
18.66,38.59807,-13.46196,0.6463,-1.31174,-1.70974,-0.22371,7.64133,2.59887,0.23976,1.47103,-0.01422,0.00377,-0.27101,5.91371,-2.32999,0.41442,0.88453,-0.02247,-0.17678,0.07351,-8.72672,2.53839,-4.13735,7.41648,-18.07088,1.62475,-2.56557,-18.58036,-11.33895,-2.45705,6.5529,-18.08937,-1.13895,-5.1742
18.68,38.20614,-13.843,0.74209,-1.34891,-1.76963,-0.22705,7.49706,2.54732,0.22778,1.38916,-0.01756,0.01082,-0.26619,5.94249,-2.2826,0.40653,0.91771,-0.02108,-0.16596,0.07821,-8.53687,2.79283,-4.09117,7.45407,-17.94191,1.83052,-2.43143,-18.57534,-11.08174,-2.44261,6.72399,-17.91688,-0.91507,-5.00765
18.7,37.77083,-14.21206,0.85862,-1.38751,-1.81207,-0.22821,7.35786,2.46264,0.19669,1.30102,-0.02518,0.01409,-0.26218,5.96311,-2.21957,0.41802,0.95121,-0.01885,-0.15916,0.08292,-8.35878,3.05609,-4.03597,7.49738,-17.8083,2.05349,-2.28508,-18.55915,-10.80121,-2.41848,6.91844,-17.7254,-0.69627,-4.83579
18.72,37.32571,-14.50456,0.98358,-1.42631,-1.82115,-0.22514,7.25647,2.31323,0.13521,1.20614,-0.04296,0.01442,-0.26388,5.96754,-2.14893,0.45793,0.98214,-0.01384,-0.15593,0.0872,-8.24365,3.32078,-3.968,7.54017,-17.6706,2.28604,-2.13016,-18.50159,-10.49825,-2.38002,7.15902,-17.52019,-0.51636,-4.67312
18.74,36.9029,-14.76955,1.1257,-1.46555,-1.80919,-0.21977,7.22634,2.15017,0.07129,1.12162,-0.06396,0.00738,-0.26949,5.96096,-2.06668,0.51574,1.00788,-0.00806,-0.15795,0.09085,-8.15133,3.60318,-3.8943,7.58607,-17.53132,2.5355,-1.963,-18.42355,-10.16819,-2.33335,7.41887,-17.30164,-0.33878,-4.50452
18.76,36.5043,-15.03956,1.29778,-1.50517,-1.78783,-0.21392,7.26309,2.02052,0.01916,1.06068,-0.08322,-0.00913,-0.27656,5.94868,-1.9709,0.58132,1.02698,-0.0032,-0.16586,0.09371,-8.04382,3.9169,-3.82102,7.64107,-17.3909,2.80739,-1.781,-18.33465,-9.80681,-2.2838,7.68254,-17.06723,-0.13617,-4.31873
18.78,36.14531,-15.30344,1.50462,-1.54564,-1.75527,-0.20745,7.35794,1.92438,-0.01151,1.01363,-0.10432,-0.03178,-0.28765,5.93194,-1.86495,0.65425,1.03913,0.00202,-0.17709,0.09576,-7.92276,4.2774,-3.75008,7.70998,-17.24771,3.09534,-1.58631,-18.18565,-9.40232,-2.23299,7.98099,-16.81679,0.0813,-4.11942
18.8,35.76313,-15.50716,1.73231,-1.57984,-1.70598,-0.19973,7.46677,1.88531,-0.01832,0.98461,-0.1221,-0.0592,-0.29665,5.90568,-1.76551,0.72775,1.04185,0.00593,-0.19331,0.09653,-7.8437,4.6412,-3.67841,7.76668,-17.10465,3.41386,-1.37793,-18.07102,-8.99286,-2.17864,8.25347,-16.55493,0.31681,-3.90993
18.82,35.2698,-15.56271,1.93726,-1.5995,-1.63492,-0.19015,7.53476,1.90058,-0.03766,0.98248,-0.13015,-0.09118,-0.29585,5.86475,-1.69221,0.7944,1.03351,0.00641,-0.21643,0.09556,-7.86067,4.95541,-3.60211,7.78589,-16.96189,3.77735,-1.1557,-18.09387,-8.62556,-2.1174,8.43214,-16.28596,0.57282,-3.69508
18.84,34.72634,-15.50062,2.11103,-1.61067,-1.5519,-0.17998,7.5684,1.9381,-0.05829,0.98845,-0.13333,-0.12371,-0.29058,5.8184,-1.63733,0.85288,1.01778,0.00578,-0.24091,0.09333,-7.92076,5.27154,-3.5275,7.79428,-16.8138,4.17092,-0.92212,-18.14271,-8.25973,-2.05588,8.58565,-16.00531,0.84806,-3.47162
18.86,34.19013,-15.37417,2.26063,-1.61933,-1.46656,-0.17045,7.5816,1.9857,-0.05779,0.98837,-0.13586,-0.15299,-0.28573,5.77463,-1.59326,0.90214,0.99798,0.00583,-0.26215,0.09047,-7.97168,5.63369,-3.46,7.8148,-16.65819,4.58187,-0.67898,-18.11901,-7.86149,-1.99972,8.77437,-15.70948,1.14208,-3.23655
18.88,33.64079,-15.17764,2.37844,-1.62379,-1.37849,-0.16138,7.57273,2.04831,-0.03614,0.9809,-0.13784,-0.17624,-0.28079,5.73253,-1.56812,0.94049,0.97466,0.00629,-0.27963,0.08727,-8.0111,6.02729,-3.39847,7.84657,-16.4961,5.0078,-0.42853,-18.01502,-7.44726,-1.94681,8.9986,-15.40235,1.44775,-2.99573
18.9,33.13765,-14.93605,2.45546,-1.62394,-1.29227,-0.15322,7.54735,2.11432,-0.01683,0.9852,-0.1351,-0.19602,-0.27379,5.69439,-1.56023,0.96296,0.95077,0.00634,-0.29353,0.08346,-8.08504,6.43428,-3.34133,7.87086,-16.32545,5.46391,-0.16764,-17.94293,-7.02311,-1.90206,9.19722,-15.08099,1.78291,-2.74077
18.92,32.75766,-14.69275,2.49394,-1.62051,-1.21232,-0.14633,7.52313,2.17912,-0.02737,1.02839,-0.12278,-0.21587,-0.26328,5.66262,-1.5653,0.96549,0.929,0.00509,-0.30462,0.07864,-8.23919,6.83342,-3.28685,7.87191,-16.13856,5.96609,0.10682,-18.02409,-6.59649,-1.87062,9.30751,-14.73706,2.16385,-2.4642
18.94,32.47096,-14.47667,2.51821,-1.61433,-1.13907,-0.14052,7.51957,2.26117,-0.03413,1.09372,-0.10678,-0.22898,-0.25387,5.63774,-1.58584,0.95324,0.90963,0.00361,-0.31095,0.07373,-8.41279,7.23154,-3.23545,7.87451,-15.93585,6.49072,0.38739,-18.13614,-6.17087,-1.84759,9.39651,-14.37446,2.56565,-2.17904
18.96,32.23608,-14.3027,2.54235,-1.6067,-1.07296,-0.13554,7.54153,2.36468,-0.01892,1.16279,-0.09221,-0.23135,-0.24843,5.62051,-1.62129,0.93173,0.89282,0.00277,-0.31137,0.06947,-8.55383,7.64165,-3.18746,7.89655,-15.72294,7.01816,0.66863,-18.17398,-5.74155,-1.82896,9.52088,-14.00164,2.96906,-1.89481
18.98,32.05065,-14.18287,2.56726,-1.59871,-1.013,-0.13102,7.58985,2.4842,0.0059,1.24211,-0.07621,-0.22682,-0.24488,5.61066,-1.66785,0.90216,0.87813,0.00186,-0.3084,0.06545,-8.67358,8.05487,-3.14114,7.93214,-15.49791,7.55246,0.95124,-18.17807,-5.31181,-1.81458,9.6587,-13.62212,3.37304,-1.6133
19,31.9351,-14.13095,2.59333,-1.5876,-0.96875,-0.12801,7.65168,2.59915,0.0419,1.31804,-0.06226,-0.2152,-0.24393,5.61203,-1.72062,0.86632,0.87046,0.00158,-0.30037,0.0626,-8.78051,8.46426,-3.09641,7.97889,-15.266,8.0829,1.22987,-18.18849,-4.87828,-1.80814,9.79309,-13.23071,3.78372,-1.32914
19.02,31.90125,-14.15216,2.6173,-1.57004,-0.95003,-0.12764,7.70164,2.68651,0.08483,1.37533,-0.05536,-0.19604,-0.24645,5.6289,-1.77431,0.82584,0.87511,0.00275,-0.28505,0.062,-8.88416,8.86082,-3.05329,8.03327,-15.03557,8.59778,1.49862,-18.24364,-4.43931,-1.81404,9.9121,-12.81692,4.2063,-1.03658
19.04,31.89647,-14.23461,2.63502,-1.54935,-0.9485,-0.12871,7.73679,2.75202,0.12593,1.41827,-0.05154,-0.17504,-0.24908,5.65682,-1.82714,0.78371,0.88691,0.00429,-0.26756,0.0625,-8.975,9.24765,-3.01118,8.09335,-14.80636,9.09773,1.75828,-18.33455,-3.99491,-1.82853,10.01919,-12.39577,4.62177,-0.74864
19.06,31.88116,-14.3687,2.64175,-1.52839,-0.95625,-0.13014,7.76271,2.80019,0.15994,1.45107,-0.04762,-0.1564,-0.24976,5.69157,-1.8776,0.74333,0.90122,0.00541,-0.25193,0.06323,-9.04423,9.62514,-2.96943,8.15878,-14.57771,9.58071,2.00833,-18.44618,-3.5471,-1.84756,10.11698,-11.98458,5.01537,-0.47591
19.08,31.86587,-14.55445,2.6307,-1.50635,-0.97244,-0.13191,7.7791,2.82167,0.1832,1.47488,-0.04434,-0.14052,-0.24949,5.73344,-1.92174,0.70585,0.91863,0.00633,-0.2377,0.06448,-9.10538,9.97299,-2.92647,8.22737,-14.34897,10.0419,2.24483,-18.6059,-3.1106,-1.87168,10.19496,-11.57759,5.38849,-0.21683
19.1,31.85222,-14.79219,2.59959,-1.48293,-1.00572,-0.13529,7.78493,2.81736,0.19852,1.48244,-0.04324,-0.12895,-0.24739,5.78049,-1.96029,0.67396,0.93963,0.00722,-0.22548,0.06611,-9.14715,10.32169,-2.88883,8.28948,-14.13864,10.4636,2.46194,-18.8336,-2.65258,-1.90472,10.24038,-11.20263,5.72745,0.01949
19.12,31.84414,-15.07974,2.54745,-1.45757,-1.06603,-0.14173,7.78353,2.79185,0.2123,1.46635,-0.04597,-0.12324,-0.24243,5.83016,-1.99589,0.65007,0.96465,0.00829,-0.21583,0.06789,-9.16109,10.70286,-2.86391,8.3298,-13.97204,10.82837,2.65391,-19.14676,-2.13418,-1.95058,10.22865,-10.89918,6.02054,0.22322
19.14,31.8539,-15.42063,2.47082,-1.43122,-1.14055,-0.14976,7.78859,2.74769,0.2218,1.44157,-0.05043,-0.12241,-0.23671,5.88126,-2.02505,0.63341,0.99148,0.00935,-0.20846,0.0699,-9.16877,11.0716,-2.84642,8.35044,-13.83511,11.14399,2.81998,-19.55758,-1.60323,-2.0061,10.16563,-10.6455,6.27601,0.39982
19.16,31.88131,-15.80899,2.3671,-1.40473,-1.21755,-0.15811,7.80765,2.68796,0.22203,1.42018,-0.05465,-0.12556,-0.2316,5.93238,-2.04571,0.62266,1.01781,0.0102,-0.20318,0.07211,-9.19037,11.3875,-2.83169,8.35577,-13.71179,11.417,2.95952,-20.07907,-1.10183,-2.06841,10.05248,-10.42187,6.49785,0.55242
19.18,31.91942,-16.22132,2.23424,-1.37648,-1.30008,-0.16743,7.84044,2.6129,0.22217,1.39624,-0.05937,-0.13293,-0.22623,5.98196,-2.06083,0.61638,1.04379,0.01098,-0.19937,0.07435,-9.24495,11.6406,-2.82088,8.33652,-13.60879,11.6427,3.06986,-20.72848,-0.62553,-2.13727,9.854,-10.24534,6.68251,0.67619
19.2,31.97857,-16.68625,2.08242,-1.35111,-1.38139,-0.17701,7.88473,2.53922,0.21439,1.37887,-0.06345,-0.14162,-0.22185,6.02791,-2.06943,0.61691,1.06756,0.01164,-0.1975,0.07665,-9.29286,11.88118,-2.82033,8.29928,-13.52407,11.82457,3.15385,-21.48508,-0.17143,-2.21543,9.65705,-10.09623,6.83371,0.77819
19.22,32.07498,-17.23853,1.9235,-1.33402,-1.45369,-0.18592,7.9341,2.48384,0.18088,1.38103,-0.0656,-0.14835,-0.2202,6.06838,-2.07062,0.62704,1.08756,0.01203,-0.19824,0.0791,-9.29188,12.1636,-2.8367,8.24934,-13.45513,11.96808,3.21473,-22.36161,0.26748,-2.31074,9.53355,-9.94892,6.95828,0.86814
19.24,32.17956,-17.81067,1.74983,-1.3206,-1.52032,-0.19474,7.98671,2.43287,0.13886,1.3912,-0.06687,-0.15471,-0.21947,6.10336,-2.06879,0.64171,1.10472,0.01235,-0.20006,0.08147,-9.30033,12.43576,-2.86457,8.17617,-13.40021,12.07853,3.25314,-23.32772,0.67217,-2.41443,9.43028,-9.821,7.05655,0.94091
19.26,32.27502,-18.35325,1.55852,-1.30678,-1.58367,-0.20381,8.04327,2.37662,0.10275,1.40031,-0.06798,-0.16196,-0.21827,6.13266,-2.06739,0.65622,1.11989,0.01271,-0.20172,0.08359,-9.37349,12.65096,-2.89874,8.06962,-13.35773,12.16111,3.26942,-24.38971,1.03231,-2.52087,9.27606,-9.72671,7.13201,0.99318
19.28,32.39106,-18.88995,1.36191,-1.29317,-1.64333,-0.21297,8.10188,2.32484,0.06989,1.41153,-0.06881,-0.16861,-0.21733,6.15505,-2.06763,0.67038,1.13382,0.01311,-0.20334,0.08554,-9.52364,12.81703,-2.94076,7.91562,-13.33622,12.21586,3.26169,-25.67879,1.37326,-2.64363,8.97743,-9.66515,7.19507,1.02917
19.3,32.45567,-19.38221,1.16494,-1.28368,-1.69308,-0.22134,8.1612,2.27536,0.03934,1.42637,-0.06892,-0.17472,-0.21637,6.17093,-2.06744,0.68385,1.14346,0.01349,-0.20473,0.08708,-9.71348,12.98328,-2.99199,7.74483,-13.31737,12.25731,3.2446,-26.7369,1.62645,-2.74339,8.89123,-9.61387,7.23304,1.05171
19.32,32.3879,-19.79453,0.97222,-1.28228,-1.72675,-0.228,8.21965,2.22373,0.00991,1.44633,-0.0678,-0.18065,-0.2149,6.18109,-2.06396,0.69671,1.14569,0.01385,-0.20573,0.08794,-9.90135,13.20061,-3.05341,7.59584,-13.27857,12.29991,3.2347,-27.10375,1.73191,-2.78242,9.39478,-9.55034,7.23022,1.06301
19.34,32.26437,-20.17433,0.7975,-1.28575,-1.75108,-0.23356,8.27487,2.1782,-0.01583,1.4688,-0.0661,-0.18554,-0.21352,6.18394,-2.05972,0.70769,1.14413,0.01417,-0.20643,0.08837,-10.15812,13.42745,-3.12181,7.4225,-13.25215,12.32433,3.21716,-27.1429,1.73624,-2.78786,10.1316,-9.49809,7.19913,1.06099
19.36,32.15442,-20.56217,0.65273,-1.29053,-1.77249,-0.23862,8.32449,2.14423,-0.03533,1.49067,-0.06443,-0.18894,-0.21251,6.17828,-2.0569,0.71571,1.14221,0.01447,-0.20685,0.08862,-10.54884,13.61807,-3.19183,7.18724,-13.26619,12.3102,3.1786,-27.21568,1.69083,-2.78994,10.76121,-9.48112,7.14777,1.04171
19.38,32.06066,-20.97597,0.54609,-1.29672,-1.79063,-0.2429,8.36618,2.12126,-0.05075,1.51402,-0.06241,-0.19097,-0.21174,6.16461,-2.0545,0.72196,1.14062,0.01473,-0.20717,0.08877,-11.07166,13.77504,-3.25932,6.906,-13.31669,12.25124,3.12242,-27.44635,1.64238,-2.81096,11.24934,-9.50071,7.06966,1.00339
19.4,31.92392,-21.36091,0.4782,-1.30761,-1.80341,-0.24604,8.39699,2.10648,-0.05937,1.53166,-0.06063,-0.19218,-0.21106,6.14269,-2.04937,0.72418,1.13633,0.0148,-0.20707,0.08855,-11.73736,13.92924,-3.31982,6.57203,-13.42551,12.12943,3.05019,-26.92173,1.36008,-2.73469,12.00852,-9.53965,6.92897,0.93885
19.42,31.6826,-21.64461,0.44732,-1.32631,-1.80839,-0.24766,8.41428,2.09651,-0.05833,1.53548,-0.0598,-0.1932,-0.21013,6.11215,-2.03852,0.71962,1.1262,0.01457,-0.20611,0.08762,-12.55667,14.09509,-3.36502,6.18295,-13.61511,11.92458,2.96463,-24.65699,0.57856,-2.42857,13.47913,-9.58124,6.68436,0.83562
19.44,31.42602,-21.89114,0.45997,-1.34843,-1.80811,-0.24793,8.41853,2.09162,-0.05182,1.5321,-0.05922,-0.19389,-0.20919,6.07453,-2.02355,0.71163,1.11497,0.01407,-0.20484,0.0865,-13.5453,14.2388,-3.38587,5.7527,-13.88632,11.622,2.86605,-21.60174,-0.48388,-2.01218,15.16184,-9.64346,6.34975,0.69123
19.46,31.23332,-22.16139,0.52182,-1.36987,-1.80565,-0.24715,8.41097,2.09288,-0.0432,1.52775,-0.05832,-0.19404,-0.20841,6.03073,-2.00536,0.70331,1.10707,0.01343,-0.20369,0.08567,-14.71368,14.32286,-3.37065,5.29755,-14.24093,11.20917,2.75679,-18.6164,-1.61915,-1.59239,16.59375,-9.7456,5.93887,0.50671
19.48,31.08677,-22.43097,0.63247,-1.39078,-1.8006,-0.24529,8.39178,2.09964,-0.03242,1.52235,-0.05721,-0.19376,-0.2072,5.97992,-1.98209,0.69457,1.10257,0.01285,-0.20247,0.08508,-16.04715,14.30785,-3.30289,4.84855,-14.6777,10.68316,2.64855,-15.56641,-2.86678,-1.14597,17.83873,-9.88994,5.43482,0.27482
19.5,31.00273,-22.67837,0.77879,-1.41154,-1.79033,-0.2421,8.3648,2.10279,-0.01859,1.51111,-0.05614,-0.19345,-0.20688,5.92418,-1.9517,0.68608,1.10026,0.01194,-0.20144,0.08483,-17.55878,14.31885,-3.18803,4.37835,-15.23065,10.02558,2.5454,-12.0715,-4.31338,-0.6327,18.97804,-10.03184,4.8432,0.00636
19.52,31.00084,-22.88466,0.9454,-1.43257,-1.77206,-0.23737,8.33487,2.09263,-0.00045,1.4886,-0.05543,-0.1935,-0.20893,5.86532,-1.91148,0.67875,1.09822,0.01025,-0.20091,0.08497,-19.23838,14.50762,-3.03248,3.86897,-15.91888,9.21774,2.44833,-7.7864,-6.02133,-0.02382,20.08324,-10.11933,4.18758,-0.28168
19.54,31.0636,-23.04913,1.13319,-1.45195,-1.74789,-0.23146,8.30293,2.0721,0.01934,1.46131,-0.05481,-0.19359,-0.2118,5.79943,-1.86098,0.6733,1.09821,0.0085,-0.20055,0.08545,-21.01948,14.76112,-2.81667,3.40224,-16.67575,8.30405,2.37855,-3.33405,-7.82895,0.61293,20.94862,-10.19108,3.48122,-0.5963
19.56,31.17051,-23.18152,1.34258,-1.46842,-1.72014,-0.22482,8.27055,2.04471,0.03824,1.4353,-0.05405,-0.19331,-0.21413,5.72224,-1.79886,0.67085,1.10106,0.00732,-0.20015,0.08611,-22.8157,14.97019,-2.53249,3.04483,-17.4452,7.34134,2.35436,0.74786,-9.56628,1.21235,21.44421,-10.26326,2.74554,-0.93353
19.58,31.29733,-23.27672,1.56508,-1.48353,-1.68818,-0.21752,8.24103,2.00859,0.05766,1.40814,-0.05343,-0.19268,-0.21597,5.63129,-1.72051,0.6723,1.10354,0.00664,-0.19968,0.08662,-24.51798,15.14979,-2.1905,2.81584,-18.20389,6.35315,2.37154,4.58132,-11.19705,1.78196,21.69929,-10.29346,2.02248,-1.27315
19.6,31.44275,-23.29862,1.772,-1.49486,-1.6512,-0.20977,8.2201,1.9508,0.07327,1.38153,-0.053,-0.19168,-0.21838,5.52521,-1.63178,0.67731,1.10606,0.00652,-0.19939,0.08706,-26.187,15.45554,-1.82905,2.65733,-18.91745,5.40169,2.44316,7.8821,-12.68348,2.26473,21.5934,-10.32025,1.32037,-1.6169
19.62,31.60556,-23.21223,1.93255,-1.50011,-1.60851,-0.20179,8.21329,1.86085,0.07861,1.35911,-0.05266,-0.19014,-0.22255,5.40184,-1.53889,0.68533,1.10777,0.00699,-0.19963,0.08743,-27.92608,16.05295,-1.49464,2.48091,-19.56444,4.55319,2.5817,10.49438,-14.07014,2.59929,21.16063,-10.37091,0.61966,-1.97449
19.64,31.71583,-23.0347,2.04943,-1.50353,-1.56171,-0.19392,8.21875,1.74663,0.07913,1.33697,-0.05301,-0.18783,-0.22704,5.25439,-1.43438,0.69652,1.10248,0.00821,-0.20001,0.08676,-29.56909,16.81389,-1.1974,2.27905,-20.13124,3.79951,2.74741,12.59616,-15.29231,2.81469,20.67784,-10.41707,-0.0382,-2.32017
19.66,31.70777,-22.77518,2.12414,-1.5093,-1.51181,-0.18644,8.23396,1.61764,0.07866,1.31274,-0.05447,-0.18442,-0.23049,5.07747,-1.31386,0.71064,1.08427,0.01029,-0.20024,0.08416,-30.95119,17.56838,-0.95171,2.03534,-20.60014,3.12158,2.88674,14.42951,-16.40357,2.97932,20.41322,-10.48367,-0.62131,-2.64842
19.68,31.5587,-22.40922,2.14132,-1.51971,-1.45711,-0.17934,8.25987,1.47988,0.07175,1.29054,-0.0568,-0.17951,-0.23335,4.86938,-1.17843,0.72687,1.04725,0.01302,-0.20081,0.07902,-32.0449,18.24166,-0.79511,1.69308,-20.96086,2.51942,2.95742,16.42035,-17.72616,3.15381,20.75606,-10.62138,-1.16193,-3.00635
19.7,31.21394,-21.9052,2.07533,-1.53238,-1.40142,-0.17337,8.29267,1.31296,0.06799,1.25863,-0.06164,-0.17371,-0.23491,4.62578,-1.04416,0.73913,0.99564,0.01686,-0.20059,0.07121,-33.00172,18.99358,-0.76519,1.0125,-21.22342,1.97099,2.92485,17.99779,-18.97796,3.26175,21.30281,-10.95732,-1.6415,-3.3451
19.72,30.62548,-21.23782,1.89962,-1.5443,-1.34931,-0.16932,8.32944,1.09733,0.07928,1.20324,-0.07047,-0.16799,-0.2342,4.34476,-0.93774,0.73917,0.93547,0.022,-0.19794,0.06092,-33.96985,20.01875,-0.86578,-0.17285,-21.39511,1.45571,2.78971,18.35241,-19.6927,3.21607,21.34296,-11.59431,-2.028,-3.5689
19.74,29.81681,-20.38389,1.61935,-1.56175,-1.29614,-0.16663,8.37477,0.85955,0.09713,1.13539,-0.0823,-0.16157,-0.23194,4.03108,-0.84817,0.72593,0.85763,0.02778,-0.1938,0.04713,-34.77757,21.0024,-1.03691,-1.5769,-21.45665,0.9792,2.58161,18.31895,-20.22912,3.12873,21.42072,-12.38363,-2.36749,-3.73554
19.76,28.81974,-19.34231,1.24508,-1.58992,-1.23817,-0.16476,8.43489,0.62639,0.11048,1.06888,-0.09612,-0.15406,-0.22912,3.69225,-0.77417,0.6974,0.75526,0.03343,-0.18872,0.0292,-35.27185,21.70247,-1.22055,-2.91255,-21.39252,0.5484,2.3391,18.63811,-20.88367,3.07857,21.98543,-13.15599,-2.69757,-3.9051
19.78,27.64929,-18.14184,0.77454,-1.6276,-1.17692,-0.16386,8.51699,0.40921,0.11451,1.01132,-0.11142,-0.14637,-0.22647,3.3377,-0.75492,0.64942,0.63056,0.03787,-0.18164,0.00808,-35.46838,22.22288,-1.39114,-4.10366,-21.20058,0.1571,2.09734,18.95019,-21.49526,3.01786,22.56993,-13.88231,-3.00486,-4.03769
19.8,26.40453,-16.67932,0.21896,-1.67409,-1.11185,-0.16377,8.62284,0.18257,0.13004,0.94513,-0.1311,-0.13853,-0.22389,2.98177,-0.7458,0.56851,0.5031,0.04243,-0.17114,-0.01663,-35.6181,22.541,-1.51711,-5.21459,-20.88688,-0.19882,1.88303,19.15317,-21.76342,2.95166,23.29078,-14.48208,-3.33397,-4.12778
19.82,25.219,-14.8802,-0.39768,-1.72809,-1.04127,-0.16409,8.75579,-0.07473,0.20321,0.84406,-0.15743,-0.13165,-0.22151,2.65522,-0.69722,0.43809,0.40425,0.04893,-0.15586,-0.04425,-35.94442,22.65052,-1.57644,-6.31612,-20.45554,-0.52498,1.71649,19.21923,-21.32659,2.8874,24.47062,-14.86349,-3.74429,-4.18075
19.84,24.13461,-12.90451,-1.03064,-1.78683,-0.96522,-0.16448,8.92174,-0.29462,0.32593,0.74144,-0.18712,-0.12516,-0.22176,2.39187,-0.6823,0.26937,0.34582,0.0543,-0.13586,-0.07034,-36.28097,22.6191,-1.57136,-7.24763,-19.89185,-0.83899,1.59901,19.16307,-20.4848,2.8203,25.77537,-15.02678,-4.21394,-4.1964
19.86,23.15165,-10.8772,-1.6416,-1.84868,-0.88478,-0.16457,9.10894,-0.43339,0.4723,0.6652,-0.21709,-0.11927,-0.226,2.21398,-0.75456,0.08121,0.32731,0.0563,-0.11213,-0.09169,-36.50245,22.51255,-1.51018,-7.8968,-19.18437,-1.15442,1.52625,19.14038,-19.60793,2.76645,26.97657,-14.97515,-4.72883,-4.18576
19.88,22.27514,-8.82121,-2.20824,-1.91217,-0.80081,-0.16402,9.29323,-0.49947,0.70519,0.59256,-0.2448,-0.11819,-0.2334,2.13809,-0.91179,-0.11741,0.35465,0.05641,-0.08628,-0.1069,-36.66071,22.44093,-1.40358,-8.31225,-18.33413,-1.47659,1.49806,19.12743,-18.59007,2.70507,28.14942,-14.68635,-5.31329,-4.15359
19.9,21.62269,-6.68153,-2.65156,-1.97101,-0.71224,-0.16216,9.43749,-0.47256,0.94304,0.55324,-0.27466,-0.11044,-0.24472,2.20274,-1.08587,-0.31654,0.4844,0.05324,-0.05597,-0.11087,-36.96884,22.20956,-1.24221,-8.5332,-17.34653,-1.81587,1.49431,19.21826,-17.60712,2.69888,29.32009,-14.16217,-5.95141,-4.11743
19.92,21.21209,-4.38431,-2.90846,-2.01909,-0.61811,-0.15832,9.50313,-0.35496,0.99517,0.58307,-0.31419,-0.08121,-0.26007,2.45114,-1.17316,-0.4745,0.77706,0.0465,-0.02186,-0.09754,-37.64191,21.6507,-1.02251,-8.6293,-16.24283,-2.1711,1.50176,19.54354,-16.85311,2.82061,30.53769,-13.42785,-6.61782,-4.09733
19.94,20.78891,-2.0359,-3.03557,-2.05776,-0.52268,-0.15252,9.48446,-0.17917,0.99106,0.6302,-0.35462,-0.04579,-0.27498,2.83303,-1.19705,-0.5554,1.17595,0.03958,0.00875,-0.06862,-38.48266,21.04189,-0.7793,-8.60645,-15.04704,-2.5334,1.52273,20.02078,-16.15453,2.98638,31.78858,-12.52344,-7.31822,-4.08936
19.96,20.18363,0.23028,-3.08529,-2.08815,-0.42973,-0.14479,9.38799,0.03953,1.05168,0.66079,-0.38741,-0.01786,-0.28749,3.26814,-1.19632,-0.56882,1.60795,0.0341,0.03327,-0.02972,-39.35447,20.63147,-0.54315,-8.50499,-13.80093,-2.88605,1.56106,20.55952,-15.3875,3.1241,33.01543,-11.5037,-8.03591,-4.08221
19.98,19.2938,2.38081,-3.06136,-2.10816,-0.33867,-0.13467,9.20797,0.29637,1.12535,0.68706,-0.41853,0.01187,-0.29667,3.69876,-1.13595,-0.52798,2.04818,0.03106,0.05175,0.01399,-40.39006,20.51603,-0.33261,-8.4844,-12.57732,-3.20445,1.62837,21.11647,-14.51736,3.23774,34.20956,-10.43692,-8.72865,-4.06926
20,18.04087,4.26614,-2.98827,-2.11613,-0.25808,-0.12296,8.96545,0.60105,1.2201,0.70555,-0.43869,0.03132,-0.30303,4.04565,-0.96272,-0.42696,2.46011,0.02734,0.06428,0.0612,-41.40218,20.37212,-0.1246,-8.3259,-11.37664,-3.50408,1.68407,21.739,-13.6591,3.34162,35.3592,-9.37763,-9.3804,-4.0605
20.02,16.1602,5.62141,-2.96573,-2.11114,-0.19938,-0.11093,8.68914,0.96863,1.35504,0.71384,-0.43602,0.02527,-0.30995,4.25458,-0.59938,-0.1952,2.7267,0.0191,0.0586,0.10394,-42.27646,19.85983,0.12312,-7.85689,-10.19418,-3.77922,1.69733,22.48584,-12.92263,3.45146,36.45499,-8.37184,-9.97163,-4.05793
20.04,14.2105,6.56722,-2.75007,-2.09688,-0.15791,-0.09813,8.36624,1.3758,1.50453,0.71616,-0.42366,0.01112,-0.31663,4.26712,-0.11996,0.06764,2.97951,0.01151,0.04755,0.15007,-43.06014,19.37729,0.3644,-7.31589,-9.13589,-3.97874,1.71784,23.20015,-12.13579,3.53807,37.45252,-7.49771,-10.45546,-4.03529
20.06,12.26725,7.18632,-2.31983,-2.07557,-0.12763,-0.08416,7.98775,1.7951,1.65813,0.71087,-0.41181,0.00183,-0.32089,4.0604,0.38006,0.28928,3.18415,0.00633,0.03631,0.18981,-43.87345,19.25725,0.55445,-6.97666,-8.30331,-4.09047,1.77553,23.72558,-11.14781,3.56653,38.3064,-6.82785,-10.80185,-3.97678
20.08,10.39152,7.60593,-1.68635,-2.04346,-0.10998,-0.06972,7.56194,2.21893,1.81617,0.69192,-0.39761,-0.00487,-0.32278,3.61209,0.93875,0.46583,3.34912,0.0034,0.02638,0.22321,-45.12324,19.42621,0.72643,-7.14261,-7.7521,-4.13127,1.86619,24.02697,-9.93099,3.52723,39.01721,-6.4026,-11.00228,-3.88306
20.1,8.8325,7.82747,-0.75348,-2.01623,-0.10534,-0.0555,7.10582,2.63383,1.97017,0.66129,-0.3794,-0.01334,-0.32354,3.00444,1.417,0.56268,3.47729,0.00085,0.02435,0.25354,-45.46328,19.60339,0.82886,-6.84315,-7.40768,-4.11456,1.94856,24.12578,-8.69232,3.45914,39.51541,-6.25831,-11.0635,-3.76177
20.12,7.68664,7.99505,0.47474,-2.01245,-0.1119,-0.0421,6.6321,3.02192,2.11609,0.62256,-0.35623,-0.02694,-0.32372,2.38759,1.72716,0.60987,3.58857,-0.00124,0.0305,0.2876,-43.43846,19.43897,0.81739,-4.98373,-7.1626,-4.05935,1.97536,24.0614,-7.67264,3.41388,39.72331,-6.41555,-11.00202,-3.62236
20.14,6.5099,8.27527,1.61353,-2.01759,-0.12412,-0.02972,6.14003,3.36526,2.25498,0.56635,-0.32863,-0.04076,-0.32221,1.77788,1.91258,0.63322,3.63292,-0.00197,0.03445,0.31316,-40.54604,19.12079,0.76104,-2.71064,-7.13132,-3.99592,1.98375,23.75722,-6.68929,3.35386,39.69104,-6.86677,-10.82657,-3.46357
20.16,5.05681,8.57448,2.40345,-2.01883,-0.13799,-0.01854,5.63636,3.65339,2.38536,0.48655,-0.29854,-0.05034,-0.31781,1.20381,1.93505,0.61015,3.54829,-0.00281,0.03272,0.31868,-38.05213,18.87604,0.70975,-0.97529,-7.39011,-3.95057,2.00286,23.15951,-5.55616,3.24095,39.47677,-7.58165,-10.55304,-3.28409
20.18,3.47456,9.01149,2.95748,-2.02012,-0.1536,-0.0092,5.13065,3.88416,2.50485,0.38574,-0.26749,-0.05573,-0.30865,0.59542,1.88146,0.53654,3.41777,-0.00419,0.03601,0.31577,-35.76869,18.53246,0.69315,0.50434,-7.84355,-3.94668,2.00498,22.32671,-4.31276,3.09039,39.09083,-8.50883,-10.21193,-3.08992
20.2,1.99192,9.39828,3.2974,-2.02768,-0.16628,-0.0016,4.65661,4.04709,2.60515,0.27097,-0.23139,-0.0615,-0.30137,0.07808,1.66819,0.38343,3.29448,-0.00466,0.04441,0.31268,-32.92029,18.19922,0.61197,2.06411,-8.47283,-3.98691,2.00948,21.27295,-3.16792,2.94092,38.50557,-9.60051,-9.84142,-2.89307
20.22,0.85275,9.52003,3.44625,-2.04805,-0.17169,0.00448,4.24721,4.13889,2.69273,0.14888,-0.18697,-0.07179,-0.30484,-0.14184,1.2703,0.17086,3.25645,-0.00093,0.05068,0.32028,-28.70637,18.09394,0.33579,4.05984,-9.26793,-4.01808,2.06666,20.01043,-2.32214,2.82795,37.69379,-10.8008,-9.47337,-2.70555
20.24,-0.13132,9.47624,3.42323,-2.07529,-0.1738,0.00849,3.89242,4.17273,2.75701,0.02125,-0.13994,-0.08098,-0.31099,-0.19812,0.84286,-0.03109,3.24023,0.00097,0.05431,0.32849,-23.9924,18.05419,0.02398,6.22331,-10.11538,-4.0334,2.15209,18.61912,-1.62385,2.73315,36.73335,-12.02416,-9.12461,-2.52671
20.26,-1.09378,9.39456,3.28487,-2.10261,-0.1764,0.01004,3.58416,4.16135,2.79784,-0.11146,-0.09586,-0.08529,-0.31341,-0.28437,0.49704,-0.19639,3.17123,-0.00385,0.05816,0.32739,-19.53718,17.91639,-0.21515,8.29713,-10.92174,-4.06278,2.22972,17.16936,-0.90809,2.6341,35.71138,-13.19163,-8.81179,-2.35459
20.28,-1.97531,9.24644,3.06125,-2.13202,-0.17995,0.00921,3.32866,4.11563,2.86892,-0.2486,-0.05843,-0.08763,-0.31744,-0.39325,0.22751,-0.32573,3.03913,-0.01554,0.06093,0.3173,-15.05065,17.70073,-0.43619,10.58959,-11.65261,-4.07721,2.31313,15.70661,-0.17637,2.53257,34.66386,-14.24681,-8.55345,-2.19464
20.3,-2.60788,9.01457,2.80697,-2.16054,-0.18178,0.00672,3.15313,4.02216,2.83572,-0.37456,-0.02008,-0.08855,-0.31877,-0.53306,0.0303,-0.43636,2.88766,-0.03262,0.06369,0.30158,-10.48572,17.44137,-0.57956,12.76948,-12.26029,-4.11142,2.37954,14.26241,0.35087,2.46443,33.58314,-15.16353,-8.35188,-2.05508
20.32,-2.84991,8.7318,2.5541,-2.18477,-0.17945,0.00338,3.08108,3.8724,2.54324,-0.47247,0.03071,-0.088,-0.31158,-0.69779,-0.10079,-0.54568,2.78439,-0.05161,0.06841,0.28636,-5.72872,17.13362,-0.61109,14.48161,-12.69471,-4.23617,2.38817,12.85631,0.47507,2.4595,32.46051,-15.93501,-8.19318,-1.94027
20.34,-2.8768,8.42426,2.29188,-2.20565,-0.17616,-0.00093,3.0813,3.704,2.20963,-0.54829,0.07999,-0.0878,-0.30295,-0.92677,-0.17993,-0.6565,2.67847,-0.07402,0.07494,0.26793,-0.92475,16.81542,-0.63021,16.07181,-12.97606,-4.39323,2.36946,11.54744,0.42332,2.47819,31.37562,-16.5433,-8.08006,-1.84999
20.36,-2.84462,8.10707,2.02326,-2.22348,-0.17455,-0.00629,3.12165,3.54417,1.9566,-0.61099,0.11844,-0.08972,-0.29799,-1.26999,-0.22009,-0.76876,2.51228,-0.10048,0.08331,0.24214,3.77817,16.47684,-0.68258,17.8349,-13.12399,-4.53033,2.33901,10.37906,0.40075,2.48641,30.39898,-16.98736,-8.01557,-1.78303
20.38,-2.73419,7.79008,1.75291,-2.2384,-0.17475,-0.0124,3.19626,3.39267,1.70535,-0.66282,0.15928,-0.09602,-0.29521,-1.69878,-0.23757,-0.87916,2.30038,-0.12466,0.09317,0.21303,8.74378,16.17428,-0.81153,19.9135,-13.1008,-4.66986,2.27603,9.33773,0.41231,2.48349,29.5464,-17.29157,-7.98289,-1.73441
20.4,-2.55819,7.43888,1.52902,-2.24545,-0.17131,-0.01802,3.29024,3.25254,1.5371,-0.69011,0.19032,-0.10382,-0.29192,-2.20697,-0.26703,-1.02478,2.09486,-0.15065,0.10491,0.18101,12.85611,15.93539,-0.89595,21.43834,-13.06221,-4.7728,2.22549,8.50109,0.26862,2.49588,28.77606,-17.48185,-7.98647,-1.72004
20.42,-2.35927,7.01835,1.38279,-2.23963,-0.15699,-0.02173,3.38258,3.12566,1.51764,-0.68416,0.19265,-0.10812,-0.28562,-2.77436,-0.32399,-1.25208,1.95682,-0.18585,0.12167,0.14653,14.83287,15.72801,-0.75068,21.41274,-13.19959,-4.79757,2.23829,7.95006,-0.22051,2.54914,28.02345,-17.58301,-8.03632,-1.75693
20.44,-2.1554,6.58012,1.25617,-2.2264,-0.13742,-0.0243,3.46943,3.00756,1.54555,-0.66906,0.19264,-0.11607,-0.27815,-3.34457,-0.3793,-1.52254,1.85471,-0.21733,0.14052,0.11559,15.84018,15.52756,-0.53008,20.79171,-13.3746,-4.78918,2.26201,7.58771,-0.83088,2.61183,27.33628,-17.61235,-8.10719,-1.82114
20.46,-1.9673,6.16516,1.11836,-2.21112,-0.11765,-0.02637,3.55057,2.89766,1.55087,-0.66006,0.20765,-0.13186,-0.27189,-3.89634,-0.42138,-1.79132,1.74558,-0.23589,0.15831,0.08996,16.92256,15.35624,-0.37023,20.41683,-13.47175,-4.7806,2.25954,7.32622,-1.37308,2.65899,26.74039,-17.58422,-8.18037,-1.89178
20.48,-1.83652,5.76026,0.9767,-2.19433,-0.09338,-0.02716,3.61982,2.79495,1.54748,-0.65789,0.21899,-0.14877,-0.26775,-4.43438,-0.45135,-2.06833,1.63498,-0.25004,0.17902,0.06529,17.90178,15.20356,-0.19884,19.95531,-13.56241,-4.75993,2.25476,7.16209,-1.89278,2.69503,26.16288,-17.51498,-8.26001,-1.96836
20.5,-1.67529,5.36102,0.81448,-2.1746,-0.07211,-0.02757,3.69514,2.6902,1.56006,-0.64971,0.24611,-0.17477,-0.26245,-4.88171,-0.4544,-2.34277,1.56259,-0.25038,0.19414,0.0509,18.30478,15.07195,-0.06584,19.47689,-13.64809,-4.73592,2.23547,7.08344,-2.45428,2.7356,25.66516,-17.41405,-8.33217,-2.05479
20.52,-1.38565,4.92318,0.61986,-2.15044,-0.06328,-0.0288,3.79452,2.58593,1.6211,-0.62068,0.31658,-0.21829,-0.24886,-5.13408,-0.41504,-2.60401,1.57063,-0.22461,0.1899,0.05566,17.63918,15.00413,-0.04676,19.13437,-13.71159,-4.72017,2.18634,7.09808,-3.13052,2.79943,25.33885,-17.28633,-8.38483,-2.15934
20.54,-1.10364,4.43154,0.4152,-2.12623,-0.05929,-0.02982,3.89075,2.49356,1.7085,-0.59318,0.39328,-0.26241,-0.22841,-5.25751,-0.35003,-2.85129,1.61225,-0.1914,0.17983,0.06609,16.50408,14.97749,-0.06853,18.82476,-13.77956,-4.70415,2.12844,7.16437,-3.84799,2.86975,25.06301,-17.14513,-8.42664,-2.27043
20.56,-0.93679,3.92014,0.21523,-2.10625,-0.05358,-0.02981,3.9678,2.40848,1.78816,-0.58468,0.44808,-0.29518,-0.20619,-5.33111,-0.27641,-3.09069,1.64382,-0.16489,0.17631,0.07234,15.52509,14.97941,-0.08291,18.53161,-13.85996,-4.68393,2.07447,7.25491,-4.53026,2.92841,24.75366,-16.99933,-8.46597,-2.37912
20.58,-0.8631,3.40393,0.02529,-2.09073,-0.04727,-0.02898,4.03092,2.3203,1.87607,-0.5938,0.49773,-0.32038,-0.17743,-5.33172,-0.19121,-3.36867,1.67727,-0.14286,0.17342,0.07633,14.53741,15.0452,-0.10582,18.24046,-13.94883,-4.66508,2.01977,7.43198,-5.2231,2.98066,24.47372,-16.8446,-8.51077,-2.49824
20.6,-0.85288,2.89137,-0.15161,-2.08002,-0.04443,-0.02805,4.09686,2.22617,1.95599,-0.61793,0.52557,-0.3347,-0.14849,-5.31707,-0.12446,-3.60265,1.70413,-0.1229,0.18228,0.08151,13.59976,15.04797,-0.14117,18.04507,-14.04315,-4.64277,1.95698,7.54188,-5.85901,3.02055,24.16079,-16.70864,-8.53143,-2.60793
20.62,-0.88186,2.37039,-0.3005,-2.07427,-0.049,-0.0277,4.17938,2.14015,2.01042,-0.64454,0.50751,-0.33683,-0.13033,-5.37201,-0.11013,-3.64644,1.71256,-0.10355,0.2136,0.09165,12.84413,14.83129,-0.19187,18.07649,-14.13725,-4.60934,1.87805,7.40484,-6.36056,3.04226,23.73083,-16.62585,-8.49177,-2.68415
20.64,-0.96764,1.8605,-0.40144,-2.07437,-0.05638,-0.02744,4.2644,2.06802,2.05499,-0.66967,0.4707,-0.33145,-0.11685,-5.46954,-0.12367,-3.62617,1.70787,-0.0871,0.25661,0.10215,12.20814,14.51643,-0.25405,18.20633,-14.22697,-4.57289,1.78401,7.20887,-6.80717,3.04723,23.28858,-16.56991,-8.4294,-2.75819
20.66,-1.12817,1.38361,-0.44803,-2.08065,-0.06196,-0.02676,4.34013,2.00897,2.10439,-0.69405,0.43682,-0.32095,-0.10233,-5.58317,-0.15007,-3.66733,1.69468,-0.07634,0.3013,0.10916,11.69234,14.21295,-0.32289,18.31996,-14.30987,-4.53865,1.67732,7.09717,-7.25838,3.03526,22.91139,-16.51952,-8.3748,-2.85449
20.68,-1.3535,0.93753,-0.4386,-2.09157,-0.06641,-0.0259,4.40769,1.96458,2.1826,-0.71567,0.40245,-0.30715,-0.08882,-5.74976,-0.21098,-3.74169,1.67462,-0.07188,0.34088,0.1165,11.3515,13.87083,-0.4029,18.47788,-14.3835,-4.49976,1.55628,6.99768,-7.70971,3.00943,22.5653,-16.49114,-8.30827,-2.96382
20.7,-1.63341,0.5599,-0.37197,-2.10862,-0.07116,-0.02522,4.45078,1.94953,2.2235,-0.72795,0.36388,-0.28645,-0.0816,-5.9272,-0.27996,-3.82413,1.64874,-0.06867,0.39015,0.11855,11.05691,13.50215,-0.48885,18.60252,-14.44334,-4.46468,1.41807,6.92161,-8.12311,2.96073,22.27837,-16.46746,-8.2493,-3.09002
20.72,-1.96406,0.28203,-0.25198,-2.13352,-0.07737,-0.02505,4.44836,1.97725,2.14459,-0.72376,0.31815,-0.25489,-0.08577,-6.05417,-0.32525,-3.88962,1.61872,-0.06161,0.46627,0.10765,10.65261,13.13473,-0.57288,18.59006,-14.4854,-4.44483,1.26111,6.90003,-8.45395,2.87843,22.09245,-16.42225,-8.22688,-3.2392
20.74,-2.33149,0.07203,-0.09217,-2.16246,-0.0836,-0.02519,4.41687,2.03292,2.0307,-0.70821,0.26964,-0.21919,-0.09729,-6.17118,-0.38092,-3.95538,1.59131,-0.0575,0.53983,0.09194,10.26093,12.76122,-0.6595,18.53092,-14.51504,-4.42484,1.09459,6.88832,-8.7485,2.77994,21.95794,-16.37698,-8.20933,-3.39768
20.76,-2.7235,-0.09611,0.0914,-2.19225,-0.08837,-0.02543,4.37493,2.10137,1.95005,-0.68622,0.22386,-0.18531,-0.11114,-6.31569,-0.47062,-4.04927,1.57519,-0.05951,0.59021,0.07893,9.98257,12.38522,-0.75083,18.49248,-14.53731,-4.39153,0.92788,6.86731,-9.05026,2.68023,21.8409,-16.34533,-8.17366,-3.55535
20.78,-3.1292,-0.22918,0.2877,-2.22263,-0.09213,-0.02584,4.32697,2.18168,1.88854,-0.65685,0.18048,-0.15338,-0.12645,-6.48679,-0.58474,-4.16195,1.57697,-0.06271,0.6315,0.06724,9.76006,12.00906,-0.84109,18.44382,-14.55062,-4.34727,0.76358,6.85623,-9.33846,2.57522,21.76551,-16.30883,-8.13497,-3.71371
20.8,-3.5274,-0.33084,0.47691,-2.25325,-0.09679,-0.02667,4.27624,2.27752,1.81218,-0.61713,0.13308,-0.12206,-0.148,-6.62676,-0.7041,-4.26752,1.59781,-0.06941,0.64829,0.05918,9.56678,11.66393,-0.92963,18.3907,-14.56404,-4.2808,0.61253,6.80912,-9.6137,2.47764,21.67565,-16.28699,-8.06146,-3.8513
20.82,-3.89047,-0.41092,0.63474,-2.28401,-0.10405,-0.02814,4.23058,2.38914,1.68797,-0.566,0.07748,-0.08999,-0.17971,-6.66977,-0.80569,-4.34228,1.63231,-0.08151,0.62473,0.05743,9.38754,11.38396,-1.01641,18.3482,-14.58847,-4.17801,0.48658,6.67515,-9.88866,2.40538,21.49962,-16.30744,-7.91035,-3.94257
20.84,-4.20931,-0.50098,0.75463,-2.31388,-0.11313,-0.03005,4.20369,2.50089,1.557,-0.5098,0.01884,-0.06042,-0.21428,-6.67617,-0.89602,-4.40215,1.68072,-0.09327,0.5862,0.05975,9.21509,11.14691,-1.0954,18.30067,-14.61724,-4.04303,0.38535,6.49931,-10.1416,2.34592,21.2985,-16.33483,-7.71621,-4.00122
20.86,-4.49032,-0.61074,0.8372,-2.34199,-0.12302,-0.03218,4.1984,2.59871,1.44874,-0.4547,-0.03523,-0.03679,-0.24512,-6.69979,-0.98284,-4.46317,1.74602,-0.10018,0.55217,0.06468,9.05295,10.93171,-1.16191,18.24263,-14.64558,-3.87829,0.30866,6.32311,-10.36103,2.29226,21.12223,-16.34383,-7.50357,-4.03779
20.88,-4.73187,-0.71004,0.88094,-2.36869,-0.13338,-0.03443,4.2093,2.6782,1.34285,-0.4049,-0.07468,-0.02033,-0.27068,-6.71801,-1.05324,-4.51694,1.82961,-0.10053,0.52481,0.07269,8.89203,10.74677,-1.21469,18.18621,-14.67833,-3.67747,0.261,6.14316,-10.56983,2.26015,20.93996,-16.34982,-7.24549,-4.03916
20.9,-4.92358,-0.84911,0.88646,-2.39262,-0.14666,-0.03701,4.23436,2.7325,1.25616,-0.36557,-0.11708,-0.00821,-0.29399,-6.73225,-1.11929,-4.56465,1.91043,-0.09988,0.49379,0.08132,8.71904,10.60051,-1.25455,18.10479,-14.71375,-3.44414,0.24379,5.93338,-10.70248,2.22415,20.7811,-16.3278,-6.97944,-4.01633
20.92,-5.06681,-1.08126,0.86267,-2.41217,-0.16562,-0.04018,4.26044,2.75137,1.20361,-0.34895,-0.1839,0.00578,-0.318,-6.74825,-1.20545,-4.61355,1.96152,-0.10671,0.44552,0.08775,8.50922,10.48921,-1.28222,17.96025,-14.74957,-3.18708,0.25475,5.65831,-10.68468,2.15223,20.68094,-16.25243,-6.75649,-3.98721
20.94,-5.20776,-1.3313,0.83795,-2.42881,-0.18668,-0.04347,4.25968,2.74786,1.16842,-0.36128,-0.23805,0.01697,-0.33458,-6.76013,-1.2956,-4.66124,1.99999,-0.11348,0.39811,0.09323,8.2818,10.40848,-1.29897,17.79264,-14.78934,-2.90605,0.29068,5.35667,-10.59848,2.07737,20.59992,-16.1584,-6.5317,-3.93959
20.96,-5.36028,-1.56286,0.83252,-2.44369,-0.20662,-0.04646,4.22787,2.74656,1.14,-0.39186,-0.25665,0.02059,-0.34063,-6.76565,-1.3773,-4.70435,2.04262,-0.1134,0.36566,0.09911,8.04533,10.34495,-1.30542,17.63049,-14.83447,-2.60434,0.34635,5.06042,-10.51739,2.02444,20.50977,-16.06909,-6.27509,-3.86719
20.98,-5.50399,-1.82263,0.85628,-2.45613,-0.22628,-0.04927,4.1666,2.76304,1.11916,-0.43517,-0.25918,0.02314,-0.34116,-6.75611,-1.47279,-4.74382,2.08053,-0.11473,0.33579,0.10481,7.74549,10.26585,-1.29938,17.43908,-14.88473,-2.29383,0.41374,4.72021,-10.43277,1.98044,20.39878,-15.97848,-6.0148,-3.78172
21,-5.62481,-2.09217,0.89464,-2.46665,-0.24417,-0.05168,4.11026,2.79968,1.11729,-0.46526,-0.22678,0.01379,-0.33462,-6.74821,-1.55111,-4.77572,2.11577,-0.10903,0.319,0.10945,7.51436,10.23921,-1.29515,17.28577,-14.93616,-1.9729,0.49597,4.43761,-10.33897,1.94753,20.3161,-15.89125,-5.73701,-3.68333
21.02,-5.71139,-2.27845,0.90654,-2.47634,-0.25843,-0.05342,4.10226,2.81621,1.13268,-0.46635,-0.14068,-0.02077,-0.32249,-6.76758,-1.56834,-4.79625,2.15458,-0.08288,0.33116,0.11213,7.51281,10.34379,-1.3087,17.25457,-14.98221,-1.63847,0.59821,4.33822,-10.23774,1.93137,20.32186,-15.80973,-5.4222,-3.56992
21.04,-5.74968,-2.40154,0.89649,-2.48412,-0.2708,-0.05482,4.12298,2.80839,1.14714,-0.45582,-0.03545,-0.06596,-0.31076,-6.79127,-1.5675,-4.80915,2.19256,-0.0531,0.35138,0.11386,7.58656,10.48794,-1.32635,17.26545,-15.02617,-1.30531,0.70789,4.30652,-10.14347,1.92338,20.3599,-15.73017,-5.10189,-3.45186
21.06,-5.73883,-2.50151,0.87788,-2.48957,-0.28262,-0.05616,4.15207,2.78997,1.14989,-0.44481,0.06096,-0.10844,-0.30278,-6.80108,-1.58074,-4.81782,2.22653,-0.03192,0.36452,0.11533,7.60632,10.59263,-1.33709,17.25332,-15.07132,-0.98569,0.81353,4.24424,-10.07628,1.91869,20.37686,-15.65387,-4.79837,-3.33737
21.08,-5.70854,-2.5635,0.84716,-2.49444,-0.29351,-0.0574,4.19107,2.75875,1.1442,-0.43427,0.14224,-0.14701,-0.29906,-6.81041,-1.58776,-4.82206,2.25763,-0.01273,0.37811,0.1142,7.62084,10.66992,-1.34714,17.24317,-15.11357,-0.68359,0.91333,4.17356,-10.05227,1.91952,20.38043,-15.58252,-4.50888,-3.22843
21.1,-5.65044,-2.6171,0.80621,-2.49572,-0.30499,-0.05875,4.23612,2.72151,1.13861,-0.41698,0.22661,-0.18794,-0.29515,-6.81106,-1.59865,-4.82345,2.28274,-0.00102,0.38537,0.11472,7.64326,10.74722,-1.35477,17.23784,-15.1573,-0.39009,1.01247,4.13717,-10.02273,1.91942,20.4011,-15.51392,-4.23126,-3.12288
21.12,-5.56162,-2.72825,0.77219,-2.48979,-0.31856,-0.06039,4.27553,2.7069,1.14705,-0.38099,0.33881,-0.23755,-0.28331,-6.79017,-1.62962,-4.82382,2.29896,-0.00406,0.37723,0.12303,7.67203,10.85155,-1.35552,17.23514,-15.20702,-0.0929,1.1173,4.18201,-9.93184,1.91144,20.47311,-15.44467,-3.96416,-3.01815
21.14,-5.5146,-2.89061,0.76237,-2.48135,-0.33337,-0.0622,4.28727,2.72505,1.1722,-0.34495,0.44621,-0.28242,-0.26583,-6.76289,-1.662,-4.82289,2.30985,-0.01193,0.36476,0.13287,7.70975,10.9502,-1.35379,17.23851,-15.25484,0.19427,1.21967,4.25698,-9.83635,1.90158,20.5602,-15.37805,-3.71078,-2.91815
21.16,-5.5451,-3.05329,0.77054,-2.47428,-0.34865,-0.06405,4.26468,2.75178,1.20323,-0.33031,0.5221,-0.31307,-0.24766,-6.74001,-1.68382,-4.82076,2.31809,-0.0178,0.35565,0.13958,7.74433,11.00861,-1.35153,17.24331,-15.29678,0.45963,1.31207,4.31332,-9.78623,1.89475,20.62867,-15.31704,-3.47569,-2.82721
21.18,-5.64354,-3.20613,0.79238,-2.46758,-0.36411,-0.06587,4.20789,2.77767,1.23619,-0.33714,0.58664,-0.33484,-0.22364,-6.71678,-1.70045,-4.81793,2.32348,-0.02567,0.34601,0.14728,7.76273,11.03428,-1.34441,17.24718,-15.33592,0.70991,1.39693,4.38245,-9.76833,1.88992,20.69808,-15.25942,-3.26125,-2.74687
21.2,-5.7821,-3.3299,0.80855,-2.46247,-0.38136,-0.06785,4.13874,2.77938,1.27444,-0.36818,0.62385,-0.34575,-0.20075,-6.6977,-1.71096,-4.81506,2.32574,-0.03155,0.34003,0.15103,7.81324,11.0398,-1.3403,17.26063,-15.36855,0.93884,1.47459,4.42259,-9.76323,1.88451,20.74813,-15.20798,-3.05673,-2.66935
21.22,-5.91701,-3.43559,0.8016,-2.46015,-0.40244,-0.07021,4.09117,2.74918,1.32691,-0.41292,0.60797,-0.34461,-0.18979,-6.68898,-1.71434,-4.81316,2.32413,-0.02991,0.34306,0.14375,7.95617,11.03494,-1.34889,17.29656,-15.39083,1.13665,1.54445,4.38448,-9.75622,1.87674,20.75428,-15.16496,-2.84995,-2.58618
21.24,-6.03832,-3.53651,0.78089,-2.45985,-0.42482,-0.07268,4.06197,2.70576,1.38411,-0.45947,0.57068,-0.33795,-0.18301,-6.68474,-1.71388,-4.81188,2.3201,-0.02769,0.34922,0.13324,8.13153,11.01441,-1.36015,17.34133,-15.40841,1.3127,1.60743,4.31596,-9.7576,1.86852,20.74171,-15.12652,-2.65356,-2.50603
21.26,-6.14733,-3.63181,0.75379,-2.46111,-0.44628,-0.07504,4.04409,2.65867,1.43556,-0.50324,0.53805,-0.32968,-0.17364,-6.68092,-1.71197,-4.8109,2.31484,-0.02944,0.35431,0.12514,8.29064,10.96891,-1.366,17.38486,-15.42455,1.47322,1.66319,4.25533,-9.78282,1.86276,20.72883,-15.09081,-2.47833,-2.43652
21.28,-6.24181,-3.73421,0.72049,-2.46333,-0.46762,-0.07743,4.04109,2.60976,1.4928,-0.54132,0.50763,-0.32085,-0.16314,-6.67988,-1.71162,-4.81112,2.3068,-0.0316,0.35989,0.11502,8.46478,10.89619,-1.36999,17.43554,-15.43683,1.61233,1.71028,4.20449,-9.83728,1.86213,20.71584,-15.05803,-2.32008,-2.37569
21.3,-6.30403,-3.82858,0.68287,-2.4684,-0.48675,-0.0797,4.05242,2.56834,1.5412,-0.57126,0.47495,-0.30917,-0.15615,-6.67814,-1.70837,-4.81087,2.29996,-0.03727,0.3649,0.10861,8.61813,10.82546,-1.37179,17.48062,-15.44833,1.7376,1.75291,4.12205,-9.87812,1.85782,20.68456,-15.03059,-2.18083,-2.32108
21.32,-6.32938,-3.8942,0.64474,-2.47852,-0.5014,-0.08167,4.07127,2.54397,1.56045,-0.59228,0.43498,-0.29189,-0.15821,-6.67094,-1.69657,-4.80791,2.29955,-0.05045,0.36786,0.11352,8.70895,10.78433,-1.36939,17.50835,-15.46225,1.85988,1.79632,3.96177,-9.86099,1.84011,20.61434,-15.01151,-2.06351,-2.27064
21.34,-6.33617,-3.94288,0.60667,-2.49109,-0.51298,-0.08354,4.0919,2.5306,1.5702,-0.60621,0.39568,-0.27289,-0.16384,-6.66193,-1.6835,-4.80425,2.30118,-0.06497,0.36992,0.12156,8.77754,10.75056,-1.36518,17.52991,-15.47475,1.96757,1.83505,3.77212,-9.8261,1.81898,20.52635,-14.9986,-1.96607,-2.22664
21.36,-6.3386,-3.98476,0.56682,-2.50391,-0.52279,-0.0855,4.11247,2.52135,1.58714,-0.61486,0.36503,-0.25553,-0.16784,-6.65352,-1.67513,-4.80142,2.30155,-0.07636,0.37168,0.12679,8.85616,10.70154,-1.35993,17.55589,-15.48336,2.05233,1.86485,3.59758,-9.81134,1.8034,20.44037,-14.98966,-1.88752,-2.19164
21.38,-6.35396,-4.01948,0.52443,-2.51743,-0.53138,-0.08763,4.13152,2.51641,1.60961,-0.61997,0.33955,-0.23911,-0.17383,-6.64326,-1.67006,-4.79814,2.30358,-0.08623,0.37254,0.13232,8.94954,10.63159,-1.35048,17.59598,-15.48872,2.12167,1.889,3.42678,-9.81477,1.79255,20.35118,-14.98529,-1.82723,-2.165
21.4,-6.34025,-4.01552,0.47897,-2.53186,-0.53585,-0.08959,4.1459,2.51533,1.62458,-0.62132,0.31782,-0.22186,-0.17802,-6.63328,-1.66647,-4.79541,2.30544,-0.09373,0.37346,0.13573,9.0079,10.5854,-1.34472,17.61178,-15.49268,2.16473,1.90382,3.24858,-9.80007,1.77963,20.25487,-14.98644,-1.78722,-2.14499
21.42,-6.24185,-3.94085,0.42937,-2.54768,-0.53273,-0.09092,4.15408,2.51727,1.62124,-0.61846,0.30015,-0.20262,-0.17467,-6.62566,-1.66215,-4.79441,2.30469,-0.09792,0.3755,0.13442,8.97435,10.61177,-1.3527,17.55691,-15.49725,2.16663,1.9038,3.04829,-9.72983,1.75712,20.14655,-14.99419,-1.7704,-2.13024
21.44,-6.12391,-3.82843,0.3769,-2.56428,-0.52638,-0.09206,4.15747,2.52102,1.60874,-0.61313,0.2846,-0.18277,-0.17027,-6.61809,-1.65871,-4.79366,2.30441,-0.10049,0.3777,0.13136,8.90087,10.66086,-1.36437,17.47607,-15.5011,2.14417,1.89513,2.84013,-9.64296,1.73238,20.03157,-15.00716,-1.77183,-2.12117
21.46,-6.03957,-3.71034,0.3236,-2.58114,-0.52053,-0.09333,4.1572,2.52553,1.5996,-0.60715,0.2711,-0.16416,-0.16919,-6.6085,-1.65766,-4.79193,2.30685,-0.10269,0.37928,0.12895,8.83553,10.68739,-1.37201,17.4079,-15.50263,2.11027,1.88244,2.63676,-9.57701,1.7121,19.91546,-15.02388,-1.78726,-2.11846
21.48,-5.95637,-3.58742,0.27005,-2.59912,-0.51371,-0.09445,4.15481,2.53137,1.6055,-0.60186,0.26319,-0.14847,-0.16761,-6.59478,-1.65641,-4.78882,2.31214,-0.10544,0.38016,0.12916,8.76366,10.69981,-1.38087,17.33513,-15.50173,2.0573,1.86223,2.41586,-9.52771,1.69333,19.79059,-15.04493,-1.8185,-2.12265
21.5,-5.91403,-3.44701,0.22083,-2.61563,-0.50862,-0.0957,4.14864,2.53721,1.5837,-0.59352,0.25287,-0.1324,-0.17036,-6.58491,-1.65826,-4.7862,2.31758,-0.10759,0.38139,0.12645,8.67271,10.71287,-1.38574,17.26473,-15.50095,2.00047,1.84189,2.21862,-9.4746,1.67601,19.67208,-15.06831,-1.85721,-2.12837
21.52,-5.96011,-3.27284,0.17914,-2.6276,-0.50857,-0.09745,4.13979,2.53919,1.48488,-0.5781,0.22954,-0.11169,-0.18299,-6.58864,-1.66771,-4.78634,2.31993,-0.10705,0.38428,0.11306,8.55354,10.74397,-1.37987,17.20851,-15.50376,1.95929,1.8311,2.09733,-9.39369,1.66003,19.57956,-15.09172,-1.89345,-2.12931
21.54,-6.03215,-3.08717,0.14196,-2.63735,-0.51094,-0.09925,4.13428,2.53676,1.36794,-0.5624,0.20587,-0.09255,-0.19773,-6.59679,-1.67998,-4.78718,2.3218,-0.10658,0.38738,0.09779,8.41954,10.77241,-1.37037,17.1557,-15.50774,1.91847,1.82178,1.99827,-9.31076,1.645,19.4938,-15.11666,-1.93297,-2.1301
21.56,-6.08901,-2.91152,0.10992,-2.64686,-0.51387,-0.10077,4.13248,2.53189,1.27376,-0.55111,0.19104,-0.0797,-0.20924,-6.60184,-1.6915,-4.78711,2.3255,-0.10786,0.38951,0.08723,8.2865,10.77876,-1.36226,17.10072,-15.51061,1.86696,1.80785,1.87806,-9.24862,1.63106,19.39903,-15.14422,-1.98006,-2.13454
21.58,-6.15068,-2.73556,0.08648,-2.65534,-0.51847,-0.10213,4.13148,2.52352,1.18143,-0.54294,0.17759,-0.06987,-0.21906,-6.60831,-1.70429,-4.78738,2.32965,-0.10762,0.39151,0.07457,8.15018,10.78,-1.35385,17.04514,-15.51421,1.81387,1.79409,1.75437,-9.19013,1.61635,19.30284,-15.17345,-2.03134,-2.14008
21.6,-6.18536,-2.5722,0.07336,-2.66147,-0.52404,-0.10319,4.13202,2.51524,1.10624,-0.53867,0.17276,-0.06556,-0.22737,-6.61412,-1.71756,-4.78806,2.33391,-0.10938,0.39212,0.06956,8.01779,10.75098,-1.34406,16.99172,-15.51716,1.75433,1.77673,1.62229,-9.15334,1.60557,19.20114,-15.20398,-2.08383,-2.14668
21.62,-6.153,-2.44128,0.07156,-2.66422,-0.52976,-0.1038,4.13677,2.51316,1.06259,-0.53718,0.18533,-0.07017,-0.23503,-6.61612,-1.73018,-4.78905,2.33862,-0.11823,0.38962,0.08491,7.89459,10.65948,-1.33217,16.94123,-15.51731,1.68016,1.74997,1.46787,-9.16204,1.60479,19.08384,-15.23597,-2.13327,-2.15391
21.64,-6.07962,-2.32264,0.08229,-2.66439,-0.53614,-0.10406,4.1435,2.514,1.03049,-0.53627,0.20256,-0.07874,-0.24197,-6.61819,-1.7438,-4.79092,2.34299,-0.12686,0.38551,0.10613,7.78016,10.54171,-1.31887,16.89365,-15.51668,1.60145,1.72018,1.30424,-9.1867,1.60775,18.96117,-15.269,-2.18234,-2.16162
21.66,-5.986,-2.19883,0.10666,-2.66298,-0.54339,-0.10405,4.14925,2.51456,0.99739,-0.53575,0.21502,-0.08724,-0.2477,-6.62301,-1.75932,-4.79396,2.34667,-0.13016,0.38111,0.12238,7.67135,10.42666,-1.30537,16.84626,-15.51703,1.52485,1.69175,1.13583,-9.20408,1.6096,18.83813,-15.30296,-2.23298,-2.16959
21.68,-5.86547,-2.0738,0.14553,-2.6603,-0.55157,-0.10379,4.15381,2.51686,0.96173,-0.53619,0.22527,-0.0953,-0.25354,-6.63087,-1.77682,-4.79841,2.35031,-0.13248,0.37589,0.13903,7.55343,10.30626,-1.29214,16.79015,-15.51825,1.44555,1.66136,0.94458,-9.21915,1.6135,18.69944,-15.33885,-2.27791,-2.17422
21.7,-5.70416,-1.93234,0.19833,-2.65473,-0.55862,-0.10299,4.15809,2.5172,0.93724,-0.53624,0.23328,-0.1045,-0.25731,-6.63964,-1.79464,-4.80319,2.35121,-0.12975,0.37087,0.1515,7.46848,10.18901,-1.27757,16.74988,-15.51932,1.37095,1.6338,0.77385,-9.22622,1.61605,18.58165,-15.37388,-2.33325,-2.18491
21.72,-5.48791,-1.7575,0.26443,-2.64456,-0.56225,-0.10135,4.16315,2.51149,0.93854,-0.53404,0.23881,-0.11678,-0.25616,-6.64712,-1.81038,-4.80714,2.3459,-0.1164,0.36749,0.15391,7.46257,10.08491,-1.25912,16.75309,-15.51997,1.31151,1.6155,0.67288,-9.2173,1.61266,18.52815,-15.40421,-2.41937,-2.21333
21.74,-5.2368,-1.55983,0.34648,-2.63205,-0.56358,-0.09906,4.16659,2.50401,0.94819,-0.53134,0.24259,-0.12908,-0.25327,-6.65596,-1.8257,-4.81135,2.33756,-0.10061,0.36514,0.15247,7.48614,9.99133,-1.23972,16.77023,-15.52103,1.25693,1.60005,0.59288,-9.1965,1.60806,18.4965,-15.43259,-2.51599,-2.24808
21.76,-4.97083,-1.3466,0.4467,-2.61929,-0.56357,-0.09629,4.16625,2.49814,0.95177,-0.52987,0.24468,-0.13887,-0.25119,-6.66884,-1.84178,-4.8168,2.3285,-0.08821,0.36332,0.15152,7.49482,9.90835,-1.22138,16.77592,-15.52345,1.20011,1.58293,0.49127,-9.16498,1.60525,18.45085,-15.46196,-2.60638,-2.27948
21.78,-4.68576,-1.1122,0.56489,-2.60615,-0.56134,-0.09298,4.16305,2.49317,0.95641,-0.52976,0.24582,-0.1475,-0.24877,-6.68639,-1.85621,-4.82321,2.31617,-0.07666,0.36232,0.14979,7.49025,9.83625,-1.20079,16.77518,-15.52879,1.14894,1.56788,0.37063,-9.11863,1.60136,18.39991,-15.4916,-2.6979,-2.31134
21.8,-4.39988,-0.86025,0.70239,-2.59233,-0.55446,-0.08882,4.15584,2.48932,0.95882,-0.52878,0.24663,-0.15507,-0.24647,-6.70448,-1.87218,-4.82996,2.30424,-0.06695,0.36174,0.14729,7.50378,9.78643,-1.18472,16.7784,-15.53196,1.09185,1.55039,0.26562,-9.0679,1.59947,18.35663,-15.51969,-2.78545,-2.34254
21.82,-4.13197,-0.59601,0.86017,-2.57758,-0.54129,-0.08363,4.14327,2.48715,0.95376,-0.52465,0.24756,-0.16143,-0.2453,-6.71831,-1.89398,-4.83649,2.29732,-0.06085,0.36097,0.14465,7.56515,9.77206,-1.1812,16.79403,-15.52657,1.01425,1.52441,0.21508,-9.02289,1.60316,18.33447,-15.5445,-2.86183,-2.37103
21.84,-3.87725,-0.3194,1.03601,-2.56241,-0.52173,-0.07748,4.12708,2.4873,0.94739,-0.51946,0.24936,-0.1679,-0.24412,-6.73179,-1.91658,-4.84295,2.29085,-0.05526,0.36017,0.1418,7.64246,9.78108,-1.18257,16.81453,-15.5181,0.93279,1.49653,0.18165,-8.97749,1.60813,18.32035,-15.56739,-2.9317,-2.39802
21.86,-3.63099,-0.03358,1.22723,-2.54744,-0.4968,-0.07059,4.10887,2.49077,0.94329,-0.51509,0.25258,-0.1753,-0.24249,-6.74827,-1.93638,-4.84966,2.28149,-0.04849,0.35939,0.13925,7.70101,9.80321,-1.18257,16.82866,-15.51186,0.8606,1.47174,0.13099,-8.92512,1.61089,18.30068,-15.58954,-2.99764,-2.4236
21.88,-3.38926,0.25328,1.43123,-2.53283,-0.46938,-0.06344,4.08901,2.49866,0.94079,-0.51135,0.2577,-0.18358,-0.24171,-6.76594,-1.95564,-4.85657,2.27098,-0.04251,0.35828,0.13833,7.73315,9.84279,-1.18298,16.82997,-15.50683,0.7936,1.44803,0.07816,-8.86168,1.61151,18.28332,-15.60961,-3.05836,-2.44739
21.9,-3.19074,0.52448,1.64367,-2.51711,-0.43141,-0.05488,4.06849,2.50988,0.93972,-0.50577,0.26509,-0.19368,-0.23934,-6.78251,-1.97181,-4.86251,2.26025,-0.03437,0.35751,0.13631,7.79175,9.89252,-1.18721,16.84759,-15.50061,0.73611,1.42762,0.02561,-8.81503,1.61236,18.26414,-15.62785,-3.10816,-2.46813
21.92,-3.07497,0.76291,1.85874,-2.49843,-0.37525,-0.04377,4.04904,2.52289,0.93793,-0.49556,0.27414,-0.20602,-0.23251,-6.79601,-1.98197,-4.86656,2.25018,-0.02043,0.35802,0.12905,7.93034,9.94674,-1.19959,16.91054,-15.4906,0.69163,1.41252,-0.02703,-8.81377,1.61532,18.23616,-15.64503,-3.14235,-2.48482
21.94,-3.00364,0.94885,2.07006,-2.47766,-0.31322,-0.03185,4.03183,2.54055,0.93798,-0.48294,0.28565,-0.21989,-0.22464,-6.80666,-1.98894,-4.86929,2.24115,-0.00583,0.35908,0.12108,8.09768,10.00642,-1.21673,16.99056,-15.47982,0.65981,1.40163,-0.07653,-8.83161,1.61787,18.20744,-15.65975,-3.16292,-2.49755
21.96,-2.94523,1.06791,2.27033,-2.45751,-0.25227,-0.02096,4.01801,2.56424,0.94068,-0.46996,0.29946,-0.23415,-0.21843,-6.81495,-1.99497,-4.87141,2.23317,0.00566,0.36018,0.11563,8.24524,10.07339,-1.23554,17.06095,-15.47097,0.63979,1.39379,-0.12127,-8.84486,1.61734,18.18411,-15.67086,-3.17328,-2.50704
21.98,-2.90289,1.11913,2.45154,-2.43778,-0.2005,-0.01154,4.00962,2.5915,0.93857,-0.45573,0.31176,-0.24654,-0.21311,-6.82036,-2.00041,-4.8738,2.22685,0.01609,0.36188,0.10824,8.37099,10.15599,-1.26002,17.11754,-15.46193,0.62516,1.38682,-0.15649,-8.85419,1.61224,18.16429,-15.67837,-3.17734,-2.51444
22,-2.89978,1.05444,2.60794,-2.41651,-0.15101,-0.00234,4.00436,2.62382,0.94732,-0.44122,0.32826,-0.26013,-0.20801,-6.82038,-2.00174,-4.87323,2.22257,0.02371,0.36368,0.10597,8.54163,10.22018,-1.28389,17.20169,-15.45576,0.63676,1.38843,-0.18957,-8.88264,1.60762,18.14884,-15.68235,-3.15867,-2.51516
22.02,-2.96022,0.83165,2.73395,-2.39094,-0.09233,0.00824,3.99864,2.65995,0.98566,-0.42904,0.3562,-0.27898,-0.20193,-6.81192,-1.99535,-4.8658,2.22052,0.02609,0.36488,0.11804,8.83407,10.22998,-1.2993,17.36102,-15.45581,0.69825,1.40752,-0.21906,-8.95705,1.60983,18.1459,-15.68195,-3.10036,-2.50574
22.04,-3.05095,0.50992,2.8232,-2.36326,-0.03633,0.01823,3.99555,2.69319,1.03333,-0.42074,0.38521,-0.29651,-0.19498,-6.79765,-1.98487,-4.85564,2.22074,0.02619,0.36631,0.13405,9.17797,10.22014,-1.31358,17.55051,-15.45774,0.78559,1.4353,-0.24532,-9.04588,1.61172,18.14767,-15.67741,-3.01979,-2.48955
22.06,-3.13969,0.14661,2.87126,-2.33601,0.00766,0.02603,3.99949,2.71921,1.0723,-0.41552,0.407,-0.30769,-0.18768,-6.77984,-1.974,-4.84611,2.22312,0.02595,0.36855,0.14603,9.50976,10.22129,-1.33257,17.72922,-15.45844,0.87742,1.46385,-0.26241,-9.12299,1.60774,18.15174,-15.66891,-2.93348,-2.47085
22.08,-3.22981,-0.2422,2.87447,-2.30751,0.04766,0.03265,4.01297,2.73301,1.10794,-0.41273,0.42468,-0.31511,-0.17846,-6.75593,-1.96333,-4.83516,2.2276,0.02398,0.37097,0.15829,9.85875,10.23178,-1.35447,17.91158,-15.45774,0.97681,1.49444,-0.23561,-9.2044,1.60168,18.18144,-15.65425,-2.84373,-2.45498
22.1,-3.31992,-0.66503,2.83825,-2.28175,0.08085,0.03752,4.03053,2.74428,1.14061,-0.41337,0.4359,-0.31661,-0.1701,-6.73164,-1.94835,-4.82498,2.23375,0.02125,0.37447,0.16702,10.21621,10.22492,-1.37591,18.10234,-15.45747,1.09155,1.53027,-0.26411,-9.26361,1.5887,18.17633,-15.63958,-2.73322,-2.42506
22.12,-3.41017,-1.13742,2.77217,-2.26412,0.10308,0.03997,4.04411,2.76817,1.17283,-0.41713,0.43829,-0.30985,-0.16665,-6.71495,-1.9234,-4.81849,2.24066,0.01933,0.38027,0.16712,10.5655,10.16934,-1.39255,18.30422,-15.45938,1.23002,1.57446,-0.46156,-9.27397,1.56391,18.066,-15.63134,-2.58195,-2.36144
22.14,-3.49787,-1.60833,2.67369,-2.25082,0.12262,0.04118,4.0603,2.79309,1.20331,-0.42037,0.43517,-0.29833,-0.1649,-6.69921,-1.89399,-4.81264,2.24853,0.01595,0.3869,0.16407,10.92017,10.09737,-1.40807,18.51466,-15.46016,1.38077,1.62317,-0.71611,-9.25854,1.53183,17.92095,-15.62212,-2.413,-2.28502
22.16,-3.57876,-2.03023,2.54177,-2.2383,0.14595,0.04212,4.08461,2.80817,1.23063,-0.42108,0.42922,-0.28505,-0.16222,-6.67994,-1.86465,-4.80524,2.25714,0.00981,0.39326,0.16182,11.28303,10.03816,-1.42584,18.72666,-15.45765,1.53232,1.67223,-0.93148,-9.23845,1.49713,17.80016,-15.6068,-2.24699,-2.21354
22.18,-3.65606,-2.40745,2.38357,-2.22754,0.17524,0.04317,4.11363,2.81923,1.26612,-0.42034,0.42269,-0.27165,-0.16051,-6.66329,-1.83186,-4.79733,2.26461,0.00278,0.40007,0.15918,11.64825,9.97333,-1.44117,18.94373,-15.45279,1.68912,1.72217,-1.13001,-9.22862,1.46389,17.68648,-15.58716,-2.07616,-2.14097
22.2,-3.73639,-2.72352,2.20755,-2.21962,0.20334,0.04347,4.14175,2.82421,1.28643,-0.41667,0.41144,-0.25451,-0.15961,-6.64147,-1.80003,-4.78803,2.27389,-0.00714,0.40605,0.15632,12.006,9.91959,-1.46278,19.16034,-15.44468,1.84603,1.77435,-1.35655,-9.17006,1.41841,17.56451,-15.56452,-1.90531,-2.06713
22.22,-3.82027,-2.96313,2.02206,-2.21533,0.22121,0.04197,4.16266,2.81892,1.26102,-0.40819,0.39099,-0.22963,-0.15843,-6.60386,-1.77515,-4.77632,2.28876,-0.02215,0.40961,0.1537,12.34127,9.90651,-1.50364,19.36433,-15.43283,1.99375,1.82969,-1.65409,-8.99138,1.34415,17.42248,-15.54087,-1.74387,-1.99447
22.24,-3.91207,-3.1446,1.82948,-2.21425,0.23678,0.03987,4.18052,2.80726,1.2205,-0.39707,0.36802,-0.20346,-0.15863,-6.56251,-1.75207,-4.76369,2.30485,-0.03812,0.41217,0.15127,12.65765,9.89816,-1.55154,19.56578,-15.41855,2.14067,1.8869,-1.9829,-8.76985,1.25901,17.27036,-15.51521,-1.58352,-1.9214
22.26,-4.02701,-3.28845,1.63004,-2.21989,0.2591,0.03815,4.20015,2.79137,1.19003,-0.38514,0.34863,-0.18159,-0.16065,-6.526,-1.7268,-4.75102,2.31878,-0.05165,0.41476,0.14933,12.95666,9.87329,-1.59746,19.77062,-15.40233,2.2915,1.94421,-2.30006,-8.57058,1.17768,17.12403,-15.48596,-1.42028,-1.84866
22.28,-4.11772,-3.41123,1.42624,-2.22538,0.28087,0.03654,4.22053,2.77029,1.16397,-0.37198,0.33399,-0.16393,-0.16166,-6.48837,-1.70111,-4.73783,2.33238,-0.06262,0.41656,0.14785,13.21983,9.86523,-1.65128,19.96028,-15.38485,2.43555,2.00004,-2.61733,-8.36216,1.09267,16.98397,-15.45558,-1.26435,-1.78044
22.3,-4.22882,-3.5098,1.21997,-2.23112,0.29892,0.03465,4.24606,2.74451,1.13184,-0.35738,0.31863,-0.14897,-0.16632,-6.45605,-1.67526,-4.72502,2.34505,-0.07165,0.41793,0.14684,13.48742,9.79976,-1.69736,20.17806,-15.36359,2.59422,2.05898,-2.94866,-8.17389,1.01005,16.83272,-15.41984,-1.09534,-1.70667
22.32,-4.41413,-3.5805,1.01053,-2.2374,0.31059,0.03213,4.28327,2.71262,1.08192,-0.34172,0.29544,-0.13468,-0.1804,-6.43634,-1.64906,-4.71335,2.35601,-0.07954,0.4195,0.14632,13.81009,9.59007,-1.71437,20.47925,-15.33324,2.79495,2.12716,-3.30522,-8.04816,0.939,16.65112,-15.37092,-0.88608,-1.61391
22.34,-4.61442,-3.65858,0.79613,-2.24338,0.31702,0.02912,4.32818,2.67377,1.02728,-0.32683,0.27301,-0.12405,-0.19617,-6.42115,-1.62176,-4.70224,2.36675,-0.08449,0.42031,0.14616,14.1529,9.32549,-1.72222,20.81429,-15.29517,3.00814,2.19783,-3.66656,-7.94538,0.87067,16.46384,-15.31429,-0.66674,-1.51701
22.36,-4.78447,-3.77498,0.57707,-2.24815,0.32036,0.02587,4.37532,2.63032,0.97923,-0.31372,0.25796,-0.11929,-0.20791,-6.4037,-1.59214,-4.69081,2.37802,-0.08507,0.41978,0.1463,14.48664,9.07887,-1.73601,21.14183,-15.25319,3.21074,2.26567,-4.01414,-7.83812,0.80001,16.28858,-15.25633,-0.45978,-1.42721
22.38,-4.94303,-3.93775,0.354,-2.25104,0.32021,0.02229,4.4254,2.58297,0.92938,-0.30264,0.24454,-0.11761,-0.21848,-6.38236,-1.55993,-4.67787,2.38979,-0.08236,0.41847,0.14663,14.8205,8.8315,-1.74538,21.47614,-15.20684,3.41532,2.33412,-4.36057,-7.74307,0.73249,16.10723,-15.19318,-0.2474,-1.33474
22.4,-5.09948,-4.14524,0.12913,-2.25477,0.31545,0.01817,4.47326,2.53803,0.89017,-0.29354,0.23818,-0.1209,-0.22586,-6.36599,-1.52377,-4.66666,2.40094,-0.07596,0.41607,0.14671,15.20064,8.57286,-1.75754,21.82498,-15.15495,3.60483,2.39771,-4.67795,-7.63872,0.66199,15.95073,-15.13267,-0.05969,-1.25596
22.42,-5.26539,-4.38839,-0.09525,-2.26257,0.30508,0.01332,4.51394,2.50347,0.87432,-0.28495,0.24575,-0.13167,-0.22779,-6.36558,-1.48203,-4.6612,2.41051,-0.06567,0.41204,0.14652,15.68576,8.28159,-1.78057,22.20413,-15.09671,3.76157,2.45159,-4.93705,-7.50266,0.58192,15.8529,-15.08786,0.06606,-1.21158
22.44,-5.42761,-4.67606,-0.31916,-2.27119,0.29126,0.00807,4.55176,2.47545,0.86686,-0.2766,0.2573,-0.14525,-0.2273,-6.37002,-1.43582,-4.65717,2.41895,-0.05305,0.40755,0.14582,16.22586,7.98449,-1.80495,22.59521,-15.03635,3.90032,2.50079,-5.17386,-7.35585,0.50153,15.7715,-15.05128,0.16623,-1.18058
22.46,-5.57583,-5.00524,-0.54132,-2.2777,0.27652,0.00279,4.58905,2.44956,0.85644,-0.26898,0.26543,-0.1578,-0.22664,-6.36989,-1.38664,-4.6513,2.42691,-0.0397,0.40349,0.14464,16.78148,7.70094,-1.8224,22.98533,-14.97611,4.03349,2.54959,-5.41401,-7.21661,0.42768,15.67716,-15.01541,0.26853,-1.14684
22.48,-5.7392,-5.34329,-0.75831,-2.28304,0.26119,-0.00247,4.62296,2.42702,0.84358,-0.262,0.27226,-0.16897,-0.22654,-6.37124,-1.33479,-4.64621,2.43529,-0.02769,0.39953,0.14437,17.40149,7.3768,-1.82512,23.41457,-14.90968,4.16855,2.60147,-5.65924,-7.09817,0.35999,15.57621,-14.98551,0.35874,-1.11905
22.5,-5.84856,-5.69627,-0.96676,-2.28714,0.24816,-0.00728,4.65597,2.40482,0.83624,-0.25644,0.27741,-0.17996,-0.22423,-6.36997,-1.28358,-4.63999,2.44093,-0.0145,0.39675,0.14178,17.98276,7.12531,-1.83776,23.78005,-14.85455,4.27123,2.64324,-5.88945,-6.95239,0.29521,15.47667,-14.95735,0.44513,-1.08909
22.52,-5.82427,-6.07748,-1.16201,-2.28984,0.24093,-0.01108,4.69074,2.3798,0.8441,-0.25354,0.2802,-0.19234,-0.21635,-6.35984,-1.23762,-4.63007,2.44023,0.00326,0.39642,0.13271,18.40392,7.08854,-1.8954,23.95354,-14.83456,4.29934,2.65869,-6.07994,-6.71737,0.22849,15.38903,-14.92287,0.54325,-1.04394
22.54,-5.75386,-6.43161,-1.33854,-2.29194,0.23851,-0.01398,4.7227,2.35335,0.85699,-0.25305,0.28166,-0.20349,-0.20684,-6.34822,-1.19659,-4.6202,2.43742,0.02012,0.39751,0.12186,18.76007,7.1171,-1.96412,24.04821,-14.82918,4.29698,2.66384,-6.25805,-6.45434,0.16452,15.30477,-14.88946,0.63819,-0.99547
22.56,-5.71124,-6.72139,-1.49137,-2.29365,0.24016,-0.016,4.74812,2.32701,0.86595,-0.25437,0.28211,-0.21129,-0.19913,-6.34034,-1.16045,-4.61307,2.436,0.03202,0.39918,0.1129,19.144,7.08853,-2.01738,24.16823,-14.81999,4.30037,2.67264,-6.45084,-6.21319,0.10778,15.2123,-14.86182,0.72241,-0.95105
22.58,-5.6815,-6.96582,-1.61568,-2.29484,0.24713,-0.01691,4.76658,2.30261,0.87802,-0.25786,0.28175,-0.2171,-0.19195,-6.33422,-1.13261,-4.608,2.43478,0.04131,0.40156,0.10317,19.55851,7.05798,-2.08193,24.27802,-14.81566,4.28675,2.67884,-6.65804,-5.96215,0.05505,15.11462,-14.83224,0.81071,-0.90109
22.6,-5.65275,-7.12578,-1.71136,-2.29705,0.25842,-0.01681,4.78064,2.27583,0.88542,-0.26215,0.28119,-0.22073,-0.18581,-6.33092,-1.11025,-4.60478,2.43418,0.04676,0.40447,0.09611,19.8936,6.99246,-2.12029,24.37162,-14.81042,4.28322,2.68544,-6.8636,-5.73025,0.01072,15.01406,-14.81598,0.87409,-0.86253
22.62,-5.61651,-7.16281,-1.78031,-2.30196,0.27257,-0.01591,4.79325,2.24177,0.87712,-0.26528,0.28101,-0.22178,-0.18145,-6.33228,-1.08836,-4.60303,2.4347,0.04668,0.40766,0.09626,20.03444,6.84037,-2.08078,24.46182,-14.79433,4.32702,2.69755,-7.05329,-5.55424,-0.02014,14.90818,-14.83221,0.87843,-0.85546
22.64,-5.58175,-7.129,-1.82086,-2.30797,0.29015,-0.01413,4.80291,2.20748,0.86474,-0.26761,0.28112,-0.22208,-0.17818,-6.33617,-1.07148,-4.60257,2.43552,0.04438,0.41083,0.09881,20.09639,6.66092,-2.01696,24.54217,-14.77613,4.38183,2.70975,-7.24196,-5.39693,-0.04371,14.79767,-14.8624,0.85841,-0.86013
22.66,-5.5565,-7.06886,-1.83346,-2.31351,0.31161,-0.01141,4.80863,2.17864,0.85678,-0.26936,0.2815,-0.22303,-0.17559,-6.34176,-1.06231,-4.60341,2.43611,0.04228,0.41369,0.10016,20.184,6.48871,-1.96978,24.62001,-14.76141,4.42199,2.71921,-7.44475,-5.23259,-0.06564,14.68136,-14.89156,0.8424,-0.86082
22.68,-5.53289,-6.99208,-1.82223,-2.31885,0.33672,-0.00786,4.81194,2.154,0.84968,-0.26956,0.28255,-0.22485,-0.17334,-6.35123,-1.05625,-4.60501,2.43603,0.04033,0.4163,0.1019,20.25155,6.29769,-1.91795,24.69694,-14.74609,4.46486,2.72855,-7.6637,-5.06951,-0.08698,14.55256,-14.92445,0.82318,-0.86205
22.7,-5.48001,-6.87947,-1.79476,-2.32336,0.36247,-0.00399,4.81762,2.13302,0.84462,-0.26766,0.28439,-0.22825,-0.17227,-6.3598,-1.05589,-4.60753,2.43563,0.0386,0.41833,0.10332,20.29583,6.1448,-1.88104,24.75669,-14.73671,4.49035,2.73182,-7.86601,-4.92656,-0.1058,14.43206,-14.96366,0.7918,-0.87035
22.72,-5.36228,-6.71528,-1.75914,-2.32621,0.38538,-0.00037,4.83077,2.11551,0.84282,-0.26333,0.28713,-0.2337,-0.17343,-6.36137,-1.06448,-4.61114,2.43563,0.03711,0.4195,0.10308,20.32316,6.10489,-1.88589,24.78417,-14.74138,4.47277,2.72236,-8.02191,-4.81445,-0.12198,14.34046,-15.01381,0.7354,-0.89382
22.74,-5.19979,-6.54087,-1.71832,-2.32785,0.40731,0.00316,4.8484,2.10156,0.8429,-0.25668,0.29122,-0.24127,-0.17543,-6.36157,-1.07519,-4.61499,2.43509,0.03629,0.42013,0.10263,20.33116,6.10709,-1.90681,24.79753,-14.75234,4.43686,2.70557,-8.15456,-4.73103,-0.13861,14.25893,-15.0695,0.66747,-0.9254
22.76,-5.01343,-6.39598,-1.67446,-2.32867,0.42996,0.00674,4.86738,2.09156,0.84392,-0.24819,0.29699,-0.25081,-0.17712,-6.36469,-1.08255,-4.61832,2.4334,0.03655,0.42055,0.10263,20.32427,6.09849,-1.92625,24.81132,-14.76393,4.4012,2.68605,-8.2889,-4.665,-0.15999,14.16936,-15.12675,0.59986,-0.95837
22.78,-4.79051,-6.29737,-1.63062,-2.3285,0.45157,0.01009,4.88888,2.08561,0.84364,-0.23838,0.3047,-0.26141,-0.17879,-6.36765,-1.08612,-4.62076,2.43145,0.03767,0.42084,0.10177,20.28096,6.12781,-1.95335,24.8132,-14.77926,4.35939,2.66294,-8.43889,-4.58662,-0.19324,14.06438,-15.19668,0.51299,-1.00126
22.8,-4.5584,-6.19276,-1.59244,-2.32831,0.47249,0.01316,4.91034,2.08119,0.84806,-0.22828,0.31445,-0.27419,-0.1803,-6.37208,-1.08805,-4.62285,2.42822,0.03933,0.42086,0.10243,20.26165,6.11643,-1.98081,24.8223,-14.796,4.31003,2.63285,-8.53298,-4.58663,-0.21924,13.98619,-15.25306,0.44789,-1.039
22.82,-4.35645,-6.01401,-1.56494,-2.32974,0.4943,0.01609,4.92797,2.07489,0.86437,-0.21953,0.3254,-0.29025,-0.18149,-6.38044,-1.09112,-4.62532,2.42256,0.04117,0.42036,0.10758,20.34708,5.95755,-1.99896,24.8663,-14.81041,4.25317,2.59239,-8.49323,-4.77419,-0.2146,13.98119,-15.26351,0.46116,-1.04994
22.84,-4.17485,-5.82728,-1.54224,-2.33237,0.51513,0.01871,4.94138,2.06858,0.88536,-0.2133,0.33809,-0.30692,-0.18224,-6.38956,-1.09313,-4.6274,2.41622,0.04304,0.41976,0.1139,20.46419,5.75492,-2.016,24.9192,-14.82579,4.18998,2.5458,-8.4075,-5.02861,-0.2023,13.99722,-15.262,0.49821,-1.05426
22.86,-4.00697,-5.68449,-1.51835,-2.33574,0.53403,0.02101,4.95025,2.06383,0.90449,-0.21045,0.35202,-0.32175,-0.18242,-6.39731,-1.09211,-4.62853,2.41058,0.04486,0.41938,0.1188,20.55681,5.58324,-2.03644,24.96261,-14.844,4.12367,2.49743,-8.34988,-5.25071,-0.20017,13.99349,-15.27422,0.51722,-1.06672
22.88,-3.87295,-5.54197,-1.49341,-2.34118,0.55346,0.02339,4.95322,2.05815,0.92305,-0.21243,0.36284,-0.33397,-0.18236,-6.40408,-1.08928,-4.62902,2.40576,0.04628,0.41892,0.12374,20.67115,5.38195,-2.05753,25.01505,-14.86249,4.05513,2.44714,-8.31775,-5.48514,-0.19616,13.97427,-15.28309,0.55061,-1.07323
22.9,-3.77991,-5.42629,-1.45995,-2.34639,0.56804,0.02521,4.94644,2.05151,0.94328,-0.22045,0.37566,-0.34442,-0.18061,-6.41088,-1.08799,-4.62969,2.4007,0.04733,0.41871,0.12757,20.75572,5.22562,-2.0764,25.04878,-14.88473,3.98159,2.39472,-8.26798,-5.68979,-0.19397,13.96509,-15.30686,0.55641,-1.09213
22.92,-3.72562,-5.37358,-1.41047,-2.34829,0.57177,0.0258,4.92614,2.04237,0.96703,-0.23649,0.39739,-0.35418,-0.17486,-6.41918,-1.09157,-4.63149,2.39386,0.04813,0.41928,0.12872,20.7468,5.20552,-2.08837,25.03247,-14.91416,3.90229,2.34089,-8.14687,-5.80712,-0.20025,14.00003,-15.3675,0.48155,-1.14654
22.94,-3.71694,-5.32388,-1.34873,-2.34953,0.57109,0.02606,4.89613,2.02605,0.99098,-0.26194,0.41638,-0.36031,-0.16683,-6.42818,-1.09863,-4.63412,2.38671,0.04817,0.41996,0.12896,20.70739,5.22687,-2.09568,24.99696,-14.94657,3.81872,2.28657,-8.00833,-5.8916,-0.20403,14.05123,-15.44014,0.37703,-1.21298
22.96,-3.75428,-5.23753,-1.27671,-2.35236,0.57169,0.02682,4.8609,2.00147,1.01205,-0.29546,0.42338,-0.36062,-0.15809,-6.4372,-1.1077,-4.6373,2.38041,0.04711,0.42034,0.12952,20.68848,5.21815,-2.10005,24.96907,-14.97819,3.73407,2.23362,-7.90407,-5.9786,-0.19871,14.08998,-15.50745,0.28393,-1.27214
22.98,-3.82375,-5.12663,-1.19221,-2.35593,0.57349,0.02812,4.82162,1.969,1.03098,-0.33518,0.42265,-0.35604,-0.14682,-6.44766,-1.11982,-4.64161,2.37363,0.04504,0.42097,0.12994,20.68754,5.19838,-2.0954,24.95223,-15.00787,3.65654,2.18582,-7.8167,-6.04624,-0.18773,14.12769,-15.5727,0.19364,-1.32663
23,-3.93839,-4.98168,-1.09371,-2.35973,0.57275,0.02943,4.78172,1.93152,1.04814,-0.37893,0.40713,-0.34485,-0.13726,-6.45801,-1.13631,-4.64675,2.3683,0.04154,0.42107,0.13051,20.65972,5.19315,-2.09328,24.91175,-15.041,3.56347,2.13464,-7.73605,-6.12215,-0.16703,14.16541,-15.64185,0.08904,-1.38639
23.02,-4.1169,-4.79345,-0.9788,-2.36342,0.56546,0.03014,4.74272,1.89494,1.06566,-0.42335,0.36805,-0.32546,-0.13534,-6.46605,-1.1581,-4.65231,2.36691,0.03637,0.4197,0.13149,20.5598,5.22566,-2.10839,24.81167,-15.08196,3.42692,2.06961,-7.65396,-6.24437,-0.13166,14.20231,-15.72071,-0.04941,-1.46332
23.04,-4.32349,-4.57966,-0.84829,-2.36679,0.55635,0.0309,4.7039,1.86394,1.08533,-0.46374,0.31414,-0.29949,-0.13715,-6.47416,-1.18391,-4.65864,2.36673,0.02982,0.41807,0.13267,20.43537,5.27322,-2.12597,24.69131,-15.12331,3.27459,2.00155,-7.56922,-6.38328,-0.08837,14.24234,-15.80074,-0.20198,-1.54533
23.06,-4.52845,-4.35446,-0.70456,-2.36994,0.54985,0.03224,4.66535,1.8422,1.10871,-0.49614,0.25283,-0.26834,-0.13993,-6.48398,-1.21214,-4.66591,2.36572,0.02234,0.41711,0.13386,20.33195,5.30948,-2.13468,24.58553,-15.16026,3.13002,1.93953,-7.48464,-6.51812,-0.04269,14.2851,-15.87519,-0.34856,-1.621
23.08,-4.73849,-4.12287,-0.54823,-2.37291,0.54494,0.03392,4.62652,1.83393,1.13994,-0.51768,0.18161,-0.23221,-0.14834,-6.49423,-1.24229,-4.67426,2.36477,0.01491,0.41656,0.13461,20.24359,5.3383,-2.14094,24.48696,-15.19382,2.98309,1.88012,-7.39304,-6.66765,0.00588,14.3318,-15.94791,-0.50075,-1.69759
23.1,-4.93715,-3.90442,-0.37806,-2.37425,0.54014,0.03567,4.58288,1.85268,1.17914,-0.52329,0.10266,-0.18918,-0.161,-6.50523,-1.27417,-4.68203,2.36348,0.00604,0.41607,0.13604,20.1399,5.37803,-2.14257,24.38041,-15.22622,2.83692,1.82265,-7.28366,-6.81784,0.05449,14.38463,-16.01525,-0.64691,-1.76784
23.12,-5.1079,-3.71381,-0.19556,-2.37254,0.53407,0.03719,4.53037,1.9072,1.22342,-0.51118,0.03015,-0.14022,-0.17176,-6.5175,-1.30746,-4.68682,2.36134,-0.0061,0.41521,0.13978,19.99194,5.44596,-2.13554,24.25281,-15.26006,2.69755,1.76731,-7.14678,-6.9493,0.10006,14.44453,-16.0736,-0.77215,-1.82266
23.14,-5.26072,-3.55476,-0.00516,-2.36908,0.52741,0.03851,4.47079,1.99429,1.2774,-0.48033,-0.04272,-0.08818,-0.18862,-6.52958,-1.34086,-4.69051,2.35896,-0.01864,0.41415,0.14404,19.82824,5.52599,-2.12534,24.11708,-15.29343,2.55915,1.71362,-6.986,-7.08282,0.14355,14.5101,-16.12785,-0.89026,-1.87133
23.16,-5.3981,-3.41864,0.18261,-2.36514,0.52115,0.03966,4.41137,2.10115,1.34103,-0.43383,-0.11292,-0.0389,-0.21406,-6.54033,-1.37311,-4.69439,2.35675,-0.02938,0.41316,0.14751,19.67812,5.60161,-2.11527,23.98833,-15.32407,2.41925,1.66197,-6.80632,-7.23267,0.18554,14.58063,-16.18115,-1.01174,-1.92093
23.18,-5.55706,-3.27331,0.35992,-2.36075,0.51472,0.0405,4.33514,2.2024,1.41117,-0.39675,-0.12889,-0.00667,-0.2313,-6.54956,-1.40349,-4.69594,2.3551,-0.03937,0.41203,0.15148,19.53959,5.67503,-2.10378,23.86787,-15.35223,2.28008,1.61219,-6.60681,-7.39293,0.22516,14.65772,-16.23345,-1.13825,-1.97214
23.2,-5.58555,-3.12995,0.48926,-2.35531,0.50632,0.04077,4.32475,2.29524,1.45616,-0.33471,-0.17526,0.01987,-0.25759,-6.55722,-1.4326,-4.69941,2.3531,-0.04834,0.41093,0.15399,19.38345,5.76184,-2.09354,23.73583,-15.37959,2.13948,1.56367,-6.39307,-7.55373,0.26303,14.73563,-16.28193,-1.25416,-2.01674
23.22,-5.26236,-2.85617,0.4607,-2.34821,0.49417,0.0402,4.52085,2.27296,1.39999,-0.24854,-0.36198,0.06244,-0.31175,-6.56271,-1.46155,-4.71033,2.34959,-0.05568,0.41017,0.15264,19.17962,5.87826,-2.08752,23.57081,-15.40758,1.99511,1.51617,-6.1738,-7.70578,0.30118,14.80484,-16.3236,-1.33687,-2.04313
23.24,-5.17936,-2.31282,0.38008,-2.34069,0.47911,0.03891,4.57397,2.05743,1.3193,-0.34938,-0.5126,0.09858,-0.34597,-6.56646,-1.48887,-4.72293,2.34588,-0.06259,0.40951,0.15006,18.95508,6.00977,-2.08287,23.39388,-15.43424,1.85065,1.47018,-5.95441,-7.84947,0.33887,14.86976,-16.36253,-1.40819,-2.0629
23.26,-5.48212,-1.9529,0.455,-2.33388,0.46211,0.03707,4.3632,1.95867,1.33547,-0.52609,-0.55473,0.11078,-0.3441,-6.56852,-1.51354,-4.73279,2.34297,-0.06974,0.40877,0.14831,18.73596,6.14261,-2.07762,23.22415,-15.45782,1.70925,1.42629,-5.73553,-7.98655,0.37602,14.93681,-16.40084,-1.48487,-2.08515
23.28,-5.81266,-1.98316,0.65213,-2.32766,0.44282,0.03466,4.08814,2.10196,1.44149,-0.61617,-0.63427,0.12964,-0.33431,-6.56687,-1.5369,-4.74241,2.34026,-0.07656,0.40806,0.14674,18.51618,6.28074,-2.0724,23.05607,-15.47858,1.57151,1.385,-5.5195,-8.11665,0.41655,15.00005,-16.43504,-1.5453,-2.09925
23.3,-5.84139,-2.04938,0.75234,-2.32208,0.42066,0.03168,4.00154,2.24866,1.49585,-0.59473,-0.63879,0.09962,-0.3204,-6.56786,-1.55742,-4.75025,2.33798,-0.08387,0.40722,0.14527,18.27798,6.42732,-2.06768,22.88415,-15.49703,1.43766,1.34537,-5.31422,-8.22207,0.45414,15.0693,-16.46966,-1.62677,-2.12338
23.32,-5.74557,-1.6154,0.65202,-2.31711,0.39514,0.02818,4.05385,2.06259,1.37573,-0.64788,-0.25905,-0.03318,-0.3043,-6.5796,-1.57306,-4.7542,2.33653,-0.09262,0.40604,0.14394,18.00649,6.58883,-2.06485,22.70353,-15.51353,1.30753,1.30652,-5.12094,-8.28092,0.47955,15.16345,-16.50834,-1.77709,-2.18072
23.34,-5.36974,-1.29957,0.48857,-2.31254,0.36736,0.02436,4.26855,1.92214,1.22572,-0.58854,0.13789,-0.17396,-0.27857,-6.59493,-1.5866,-4.75692,2.33526,-0.10131,0.40461,0.1428,17.71578,6.75627,-2.06254,22.51945,-15.5276,1.18352,1.26975,-4.9394,-8.31529,0.50209,15.26829,-16.5431,-1.948,-2.24796
23.36,-5.04735,-1.31701,0.44322,-2.30822,0.33846,0.02046,4.41489,1.97844,1.15525,-0.47799,0.37357,-0.25601,-0.24868,-6.60807,-1.60015,-4.76015,2.33372,-0.10873,0.40298,0.14207,17.42197,6.92361,-2.06018,22.3377,-15.53879,1.0676,1.23622,-4.76712,-8.34255,0.52912,15.37192,-16.5698,-2.10057,-2.30674
23.38,-4.93139,-1.4517,0.50049,-2.30369,0.30857,0.01655,4.41943,2.10198,1.14008,-0.42018,0.56498,-0.30867,-0.19319,-6.62343,-1.6129,-4.76355,2.33191,-0.11508,0.401,0.14167,17.13042,7.10706,-2.06167,22.15569,-15.54705,0.95872,1.20647,-4.60165,-8.3466,0.5548,15.48256,-16.59002,-2.25065,-2.36485
23.4,-4.91716,-1.46336,0.54181,-2.29853,0.27854,0.01283,4.37144,2.1279,1.10336,-0.45281,0.65562,-0.31871,-0.13789,-6.6369,-1.62539,-4.76693,2.32979,-0.12018,0.39873,0.14159,16.81655,7.26542,-2.0586,21.97583,-15.5536,0.86053,1.17798,-4.45438,-8.36142,0.58438,15.58814,-16.6035,-2.39194,-2.41977
23.42,-4.81498,-1.4811,0.55311,-2.2925,0.2492,0.00945,4.38684,2.13507,1.03033,-0.46279,0.53738,-0.26884,-0.13764,-6.6418,-1.63804,-4.7698,2.32779,-0.12381,0.39628,0.14181,16.44587,7.35157,-2.04107,21.79845,-15.56039,0.77649,1.14752,-4.33675,-8.42934,0.62527,15.67423,-16.61036,-2.51525,-2.46765
23.44,-4.67751,-1.57751,0.5853,-2.28491,0.22051,0.0064,4.41618,2.18676,0.96893,-0.4396,0.33846,-0.19558,-0.16504,-6.64469,-1.65011,-4.77253,2.32531,-0.12598,0.39342,0.14224,16.0578,7.41263,-2.02008,21.62355,-15.56635,0.70283,1.11802,-4.23012,-8.51168,0.66843,15.75569,-16.61168,-2.62883,-2.51252
23.46,-4.50965,-1.70989,0.63098,-2.27528,0.19228,0.00362,4.45348,2.26336,0.92631,-0.39713,0.16067,-0.1289,-0.1912,-6.64975,-1.66097,-4.77533,2.32206,-0.12667,0.39,0.14281,15.68298,7.48858,-2.00449,21.45033,-15.57055,0.63588,1.0916,-4.11894,-8.57838,0.70699,15.84374,-16.60824,-2.73703,-2.55639
23.48,-4.30715,-1.87021,0.68224,-2.26416,0.16429,0.00104,4.50789,2.35781,0.88765,-0.33332,0.00303,-0.06905,-0.22328,-6.6515,-1.66946,-4.777,2.31969,-0.12616,0.38615,0.14305,15.29037,7.57212,-1.99152,21.26916,-15.57442,0.57395,1.06577,-4.00814,-8.64632,0.74321,15.93457,-16.60077,-2.84215,-2.60019
23.5,-4.04884,-2.03721,0.72529,-2.24975,0.13751,-0.00121,4.58225,2.45386,0.86501,-0.25625,-0.16294,-0.01383,-0.26073,-6.65843,-1.67853,-4.77975,2.31412,-0.12412,0.38191,0.14362,14.94133,7.64394,-1.9803,21.10705,-15.57629,0.52166,1.04294,-3.88455,-8.70696,0.7751,16.02783,-16.5895,-2.93551,-2.64103
23.52,-3.70149,-2.16025,0.73036,-2.2299,0.11283,-0.00303,4.68747,2.51292,0.8626,-0.18037,-0.37061,0.04359,-0.29977,-6.68204,-1.69251,-4.78665,2.30012,-0.12041,0.37728,0.14553,14.70867,7.68444,-1.96968,20.99607,-15.57455,0.48555,1.02672,-3.73509,-8.74578,0.79991,16.12236,-16.57509,-3.00657,-2.67516
23.54,-3.35901,-2.18461,0.70192,-2.20743,0.08911,-0.00465,4.78274,2.50167,0.85647,-0.14474,-0.55496,0.09426,-0.32782,-6.71039,-1.7074,-4.7946,2.28312,-0.11559,0.37256,0.14752,14.52151,7.71471,-1.96053,20.90367,-15.57125,0.45722,1.01247,-3.57015,-8.77778,0.82008,16.21895,-16.55842,-3.06706,-2.70701
23.56,-3.12424,-2.15831,0.68996,-2.18475,0.06515,-0.0063,4.81158,2.46071,0.85108,-0.16249,-0.67452,0.12895,-0.33868,-6.73483,-1.72042,-4.80148,2.26742,-0.11043,0.36793,0.14869,14.32154,7.75709,-1.95392,20.80251,-15.56813,0.43019,0.99711,-3.39957,-8.81152,0.83702,16.31881,-16.53999,-3.12725,-2.74031
23.58,-3.00302,-2.13826,0.71733,-2.16105,0.04038,-0.00808,4.7633,2.43017,0.86319,-0.22314,-0.77115,0.1591,-0.33333,-6.76228,-1.73539,-4.80963,2.25031,-0.10603,0.36328,0.15,14.12246,7.80709,-1.94684,20.7022,-15.56629,0.41043,0.98376,-3.22818,-8.83933,0.84976,16.41747,-16.52043,-3.18378,-2.77319
23.6,-2.92711,-2.2169,0.79586,-2.13899,0.01698,-0.00974,4.67924,2.46325,0.9003,-0.27679,-0.81462,0.17268,-0.31709,-6.78492,-1.74701,-4.81648,2.23488,-0.10042,0.35916,0.15,13.94369,7.86048,-1.94418,20.6033,-15.56137,0.38719,0.96734,-3.0388,-8.87179,0.86062,16.5239,-16.49853,-3.2362,-2.80668
23.62,-2.78556,-2.36388,0.87908,-2.12145,-0.00271,-0.01101,4.63559,2.52905,0.93901,-0.28883,-0.7508,0.15452,-0.30689,-6.79288,-1.74853,-4.8189,2.2253,-0.09118,0.35626,0.14684,13.80274,7.91597,-1.95242,20.5026,-15.54801,0.34641,0.94128,-2.81206,-8.92037,0.87184,16.64983,-16.47258,-3.28624,-2.84299
23.64,-2.61063,-2.49752,0.94415,-2.1067,-0.02103,-0.01222,4.61593,2.5807,0.96814,-0.28977,-0.65167,0.12496,-0.30202,-6.7969,-1.74733,-4.82066,2.21767,-0.08168,0.35403,0.14267,13.67889,7.97799,-1.96394,20.40255,-15.53144,0.3028,0.91286,-2.57168,-8.97299,0.8819,16.78267,-16.44419,-3.33151,-2.87918
23.66,-2.43126,-2.61157,0.99465,-2.09325,-0.04015,-0.01367,4.60271,2.61823,0.98922,-0.29207,-0.57428,0.10042,-0.29771,-6.80509,-1.74918,-4.82463,2.20919,-0.07465,0.35203,0.13918,13.54819,8.05299,-1.97281,20.30161,-15.51633,0.26778,0.8878,-2.33855,-9.01912,0.88936,16.91262,-16.41455,-3.37174,-2.91341
23.68,-2.23306,-2.70451,1.0278,-2.08104,-0.06005,-0.01536,4.60292,2.64002,1.00345,-0.29206,-0.5051,0.07713,-0.29658,-6.81533,-1.75196,-4.8301,2.20145,-0.06908,0.35069,0.13569,13.41182,8.14595,-1.98264,20.1929,-15.50055,0.23456,0.86333,-2.10975,-9.05623,0.89318,17.04553,-16.38242,-3.41215,-2.94819
23.7,-2.03038,-2.78329,1.04507,-2.07263,-0.07836,-0.017,4.61337,2.64578,1.00715,-0.29044,-0.44693,0.05601,-0.29713,-6.82534,-1.75532,-4.836,2.19376,-0.06514,0.34957,0.13268,13.28491,8.24209,-1.989,20.09483,-15.48523,0.21208,0.843,-1.87997,-9.09819,0.89846,17.17468,-16.34917,-3.43686,-2.97668
23.72,-1.84198,-2.85942,1.04975,-2.07064,-0.09258,-0.01827,4.62938,2.63717,0.99569,-0.28781,-0.4041,0.0387,-0.29704,-6.83302,-1.75953,-4.84115,2.18494,-0.0632,0.34801,0.13069,13.18246,8.32411,-1.98483,20.03031,-15.47312,0.21417,0.83259,-1.64116,-9.16029,0.91173,17.29175,-16.31666,-3.42609,-2.99024
23.74,-1.65541,-2.93293,1.04541,-2.07203,-0.10505,-0.01948,4.64927,2.61989,0.97802,-0.2846,-0.37223,0.02471,-0.29742,-6.84009,-1.76385,-4.8463,2.17629,-0.06267,0.34676,0.12919,13.08942,8.40989,-1.97727,19.97672,-15.46154,0.22821,0.82715,-1.40433,-9.22522,0.9272,17.40371,-16.28267,-3.39877,-2.99674
23.76,-1.46168,-3.00626,1.03596,-2.07388,-0.11803,-0.02092,4.67061,2.60015,0.96162,-0.28138,-0.35111,0.01479,-0.29868,-6.84864,-1.76819,-4.85215,2.16843,-0.06332,0.3463,0.12775,12.99087,8.51494,-1.97112,19.91543,-15.44912,0.24585,0.82364,-1.17639,-9.27686,0.93976,17.51755,-16.24536,-3.36988,-3.00218
23.78,-1.26694,-3.08669,1.02352,-2.07628,-0.13135,-0.02256,4.69213,2.57882,0.94412,-0.27801,-0.33831,0.00864,-0.30015,-6.8578,-1.77308,-4.85803,2.16051,-0.0652,0.34612,0.12595,12.88771,8.63337,-1.95954,19.85684,-15.43994,0.27972,0.82789,-0.94326,-9.31794,0.95265,17.63439,-16.20504,-3.32909,-3.00187
23.8,-1.0689,-3.16949,1.00953,-2.08,-0.14321,-0.02416,4.70983,2.55895,0.92989,-0.27566,-0.3317,0.00541,-0.30143,-6.86616,-1.77548,-4.86349,2.15348,-0.06809,0.34666,0.12487,12.79368,8.75946,-1.95569,19.79312,-15.42526,0.30811,0.82928,-0.73066,-9.35451,0.96375,17.74638,-16.16167,-3.28617,-3.00038
23.82,-0.86503,-3.24701,0.99531,-2.08603,-0.15173,-0.02546,4.71974,2.54357,0.92443,-0.27564,-0.33004,0.00423,-0.30234,-6.87204,-1.77158,-4.86809,2.14855,-0.07158,0.34855,0.12597,12.72573,8.89256,-1.97884,19.70888,-15.39302,0.29889,0.8125,-0.5659,-9.39124,0.969,17.84793,-16.115,-3.25587,-3.00459
23.84,-0.65972,-3.32961,0.98249,-2.09264,-0.15895,-0.02668,4.72384,2.53193,0.92279,-0.27701,-0.33107,0.00516,-0.30278,-6.87654,-1.76457,-4.8717,2.14415,-0.07592,0.35081,0.12756,12.66248,9.02868,-2.00972,19.61581,-15.35696,0.28613,0.79373,-0.41746,-9.42387,0.97263,17.94654,-16.06542,-3.22243,-3.00688
23.86,-0.45614,-3.42426,0.97214,-2.09833,-0.16675,-0.02802,4.72439,2.5232,0.92136,-0.27883,-0.33318,0.00806,-0.30293,-6.88054,-1.75703,-4.87424,2.13907,-0.08109,0.35273,0.12832,12.59193,9.16632,-2.03494,19.5243,-15.32673,0.29354,0.7845,-0.25783,-9.4476,0.97765,18.05024,-16.01284,-3.17548,-3.00218
23.88,-0.25821,-3.52479,0.96463,-2.1039,-0.17467,-0.02939,4.72127,2.51728,0.92255,-0.28106,-0.33601,0.01165,-0.30313,-6.88216,-1.74678,-4.87513,2.13377,-0.08597,0.35457,0.12918,12.5311,9.31724,-2.07172,19.41924,-15.29222,0.29314,0.77238,-0.08588,-9.46102,0.98128,18.16472,-15.95638,-3.12534,-2.99536
23.9,-0.06303,-3.63825,0.96028,-2.10819,-0.18249,-0.03071,4.71238,2.5153,0.92321,-0.28473,-0.33817,0.01628,-0.3026,-6.88433,-1.73668,-4.87535,2.1281,-0.0917,0.35584,0.12929,12.45498,9.4378,-2.09086,19.33327,-15.27229,0.33478,0.77875,0.07119,-9.47642,0.98881,18.26758,-15.89933,-3.05584,-2.97843
23.92,0.13486,-3.77325,0.95889,-2.10993,-0.1902,-0.03195,4.69596,2.51855,0.91885,-0.29117,-0.3383,0.02271,-0.30037,-6.89101,-1.73082,-4.87632,2.12174,-0.09975,0.35597,0.12748,12.336,9.47358,-2.05478,19.31463,-15.28772,0.4814,0.83059,0.18658,-9.51021,1.00802,18.33338,-15.84471,-2.94599,-2.94132
23.94,0.32291,-3.9186,0.96015,-2.11072,-0.19807,-0.03313,4.67513,2.52457,0.91354,-0.29877,-0.33761,0.02875,-0.29773,-6.89815,-1.72587,-4.87697,2.11528,-0.10751,0.35548,0.12522,12.19965,9.47929,-2.00219,19.31666,-15.31302,0.66861,0.90053,0.28535,-9.54534,1.03171,18.38691,-15.78892,-2.81901,-2.89476
23.96,0.49115,-4.06465,0.96362,-2.11193,-0.2065,-0.03432,4.65273,2.53118,0.90995,-0.30631,-0.33709,0.03285,-0.29566,-6.90277,-1.71965,-4.87659,2.10904,-0.11297,0.35477,0.12354,12.07224,9.4979,-1.96206,19.30618,-15.33121,0.84521,0.96693,0.39466,-9.56906,1.05494,18.45048,-15.72987,-2.69248,-2.84714
23.98,0.64524,-4.21075,0.96839,-2.11385,-0.21553,-0.03551,4.62887,2.53899,0.90515,-0.31497,-0.33629,0.03557,-0.29346,-6.90692,-1.71459,-4.87618,2.1028,-0.11699,0.3537,0.12194,11.94593,9.50677,-1.91748,19.30479,-15.34966,1.03534,1.03968,0.51873,-9.59623,1.08386,18.51745,-15.66867,-2.55638,-2.79457
24,0.76879,-4.35859,0.97492,-2.11553,-0.22489,-0.03666,4.60407,2.54614,0.90254,-0.32205,-0.33609,0.03638,-0.29221,-6.90919,-1.70942,-4.87532,2.09769,-0.11881,0.35251,0.12093,11.81462,9.52843,-1.88054,19.28768,-15.3646,1.21847,1.11108,0.61812,-9.59996,1.10857,18.58144,-15.60729,-2.42681,-2.74233
24.02,0.84361,-4.51015,0.98392,-2.11593,-0.23425,-0.03771,4.57863,2.55044,0.90685,-0.32423,-0.33764,0.0347,-0.29326,-6.9078,-1.70237,-4.87328,2.09492,-0.11746,0.35141,0.12119,11.67977,9.59032,-1.86773,19.22625,-15.3725,1.36605,1.17019,0.65214,-9.54884,1.11646,18.63881,-15.54882,-2.32421,-2.69764
24.04,0.88861,-4.65819,0.99369,-2.11632,-0.24377,-0.03871,4.55379,2.55372,0.91283,-0.32432,-0.34045,0.03174,-0.2953,-6.905,-1.69608,-4.87118,2.09352,-0.11408,0.3503,0.12199,11.54767,9.66504,-1.86125,19.15196,-15.37901,1.50158,1.22563,0.66213,-9.47635,1.11974,18.6921,-15.49321,-2.23106,-2.65518
24.06,0.92086,-4.79594,1.00272,-2.11785,-0.25355,-0.0397,4.53054,2.55746,0.91669,-0.32449,-0.34438,0.02853,-0.29733,-6.9026,-1.69247,-4.86988,2.09261,-0.10947,0.34907,0.12284,11.42355,9.73266,-1.84918,19.08749,-15.38626,1.63971,1.28243,0.68711,-9.4114,1.12813,18.74697,-15.43932,-2.13549,-2.61188
24.08,0.93968,-4.92341,1.0108,-2.12023,-0.26313,-0.04064,4.5083,2.56104,0.92138,-0.32382,-0.35039,0.02535,-0.29984,-6.90112,-1.69141,-4.86942,2.0923,-0.10344,0.34758,0.12392,11.30528,9.79595,-1.83526,19.02451,-15.39321,1.77183,1.33686,0.72143,-9.35309,1.13809,18.80513,-15.38808,-2.04689,-2.57197
24.1,0.94176,-5.03489,1.01797,-2.12239,-0.27251,-0.04155,4.48855,2.56464,0.92371,-0.32176,-0.35915,0.02267,-0.3028,-6.89854,-1.69121,-4.86918,2.093,-0.09537,0.34623,0.12518,11.18842,9.86435,-1.82226,18.96186,-15.40036,1.898,1.38947,0.74234,-9.2879,1.14702,18.85393,-15.34078,-1.95912,-2.53164
24.12,0.92628,-5.1253,1.0241,-2.12346,-0.28187,-0.04247,4.4728,2.56862,0.91968,-0.3184,-0.3712,0.02108,-0.30591,-6.89228,-1.68954,-4.86836,2.09511,-0.08486,0.34544,0.12671,11.06698,9.94915,-1.8135,18.89789,-15.40811,2.01817,1.44077,0.72747,-9.2011,1.15223,18.88077,-15.29815,-1.8656,-2.48688
24.14,0.90002,-5.19428,1.02786,-2.12362,-0.29034,-0.04333,4.45881,2.57211,0.91419,-0.31418,-0.38778,0.02118,-0.30954,-6.88509,-1.68773,-4.86744,2.09777,-0.07209,0.34467,0.12843,10.94388,10.03676,-1.80674,18.83454,-15.416,2.13062,1.489,0.70242,-9.11375,1.15521,18.89857,-15.25939,-1.77462,-2.44306
24.16,0.87239,-5.24242,1.0275,-2.12324,-0.29729,-0.04407,4.44475,2.57429,0.91085,-0.3101,-0.40958,0.0236,-0.31375,-6.87924,-1.68662,-4.86683,2.10009,-0.05757,0.34343,0.13027,10.81996,10.11452,-1.79933,18.77415,-15.4237,2.23473,1.53295,0.69235,-9.046,1.1579,18.91916,-15.22392,-1.69309,-2.40486
24.18,0.85344,-5.27356,1.0213,-2.12285,-0.30302,-0.04476,4.43095,2.57481,0.90928,-0.30785,-0.437,0.02907,-0.31821,-6.87338,-1.68379,-4.86598,2.10202,-0.04226,0.34183,0.13299,10.68646,10.19039,-1.79487,18.70831,-15.43125,2.32492,1.57037,0.69081,-8.99271,1.15736,18.94109,-15.19274,-1.62577,-2.37438
24.2,0.82171,-5.27004,1.00806,-2.11908,-0.30619,-0.04526,4.41817,2.5705,0.908,-0.30531,-0.47149,0.03756,-0.32384,-6.8679,-1.68124,-4.86441,2.10319,-0.02414,0.34033,0.13493,10.56179,10.25477,-1.78904,18.65627,-15.4387,2.41442,1.60684,0.69512,-8.95521,1.15718,18.95711,-15.16404,-1.55508,-2.34303
24.22,0.75242,-5.21346,0.98727,-2.10818,-0.30556,-0.04542,4.40793,2.55889,0.90391,-0.2994,-0.51101,0.04799,-0.33105,-6.86345,-1.68198,-4.86201,2.10333,-0.00133,0.33936,0.13345,10.46454,10.28971,-1.7742,18.64366,-15.44546,2.52141,1.64955,0.70393,-8.93958,1.16291,18.95959,-15.13476,-1.46082,-2.30113
24.24,0.67754,-5.12611,0.95554,-2.09371,-0.30238,-0.04543,4.40161,2.54008,0.89977,-0.29385,-0.55673,0.06189,-0.33961,-6.85888,-1.68221,-4.85845,2.10237,0.02291,0.33881,0.13125,10.37923,10.3141,-1.75818,18.64528,-15.45095,2.62791,1.69138,0.71849,-8.93936,1.16899,18.95682,-15.10646,-1.36327,-2.25833
24.26,0.6263,-5.02911,0.91019,-2.07887,-0.29793,-0.04547,4.40106,2.51472,0.8968,-0.29099,-0.60649,0.07956,-0.34887,-6.85354,-1.67924,-4.85383,2.10035,0.04554,0.33852,0.13014,10.29156,10.33891,-1.74581,18.64143,-15.45555,2.72026,1.72669,0.74231,-8.95228,1.17183,18.95642,-15.08118,-1.27947,-2.22298
24.28,0.59839,-4.92706,0.85263,-2.06288,-0.29297,-0.04561,4.41035,2.48597,0.88869,-0.28703,-0.64497,0.09724,-0.35649,-6.84736,-1.67482,-4.84938,2.09783,0.06557,0.33839,0.1271,10.19315,10.34016,-1.72822,18.64471,-15.45958,2.81079,1.759,0.77143,-8.98998,1.17604,18.95324,-15.0585,-1.20393,-2.19316
24.3,0.58454,-4.82471,0.7821,-2.04592,-0.28559,-0.04558,4.42807,2.45015,0.88791,-0.28404,-0.69582,0.12,-0.36786,-6.84151,-1.66848,-4.84325,2.0938,0.08479,0.33965,0.12695,10.13109,10.36623,-1.72047,18.64307,-15.46228,2.88448,1.78666,0.80444,-9.0176,1.17643,18.95201,-15.03652,-1.13062,-2.16341
24.32,0.56004,-4.72915,0.70531,-2.02812,-0.27347,-0.04498,4.44245,2.40795,0.91314,-0.28762,-0.79425,0.15399,-0.38897,-6.83859,-1.65999,-4.83357,2.08665,0.10511,0.34356,0.13578,10.16266,10.48016,-1.74237,18.6202,-15.46339,2.92095,1.807,0.84483,-8.99193,1.16674,18.96125,-15.01222,-1.05165,-2.12684
24.34,0.53572,-4.67486,0.63547,-2.01027,-0.25983,-0.04422,4.45748,2.38044,0.95266,-0.28907,-0.90241,0.18966,-0.41006,-6.83757,-1.65139,-4.82468,2.07855,0.12222,0.34904,0.14627,10.22995,10.61585,-1.77243,18.59059,-15.46421,2.943,1.82392,0.88273,-8.95311,1.15512,18.97254,-14.98762,-0.97333,-2.08929
24.36,0.53654,-4.67953,0.57513,-1.9932,-0.24746,-0.0436,4.48505,2.37659,0.99186,-0.27843,-0.98662,0.21978,-0.4247,-6.83732,-1.64452,-4.81933,2.07146,0.13308,0.35508,0.1531,10.28618,10.72078,-1.7941,18.56644,-15.46528,2.96793,1.84009,0.91212,-8.93329,1.14822,18.97996,-14.96444,-0.90088,-2.05553
24.38,0.55553,-4.73361,0.52539,-1.97605,-0.23547,-0.04294,4.52284,2.39581,1.03758,-0.25118,-1.07964,0.2459,-0.43735,-6.84067,-1.64123,-4.81585,2.06439,0.13919,0.36138,0.15926,10.35726,10.82999,-1.8178,18.54066,-15.46629,2.98737,1.85505,0.94487,-8.91135,1.1457,18.99001,-14.93886,-0.82298,-2.01848
24.4,0.59566,-4.84797,0.48437,-1.96203,-0.2254,-0.04237,4.57858,2.42742,1.08161,-0.21676,-1.14496,0.26589,-0.44305,-6.84129,-1.63782,-4.8157,2.05976,0.14011,0.36837,0.16238,10.41697,10.90009,-1.83236,18.51881,-15.46755,3.01154,1.87029,0.9433,-8.90349,1.14462,18.99059,-14.91765,-0.75985,-1.98896
24.42,0.63802,-5.02693,0.45672,-1.95496,-0.2189,-0.04204,4.64408,2.45641,1.11427,-0.19954,-1.11485,0.27829,-0.4361,-6.83048,-1.62876,-4.82053,2.05997,0.13567,0.3769,0.15953,10.43264,10.87075,-1.82255,18.5113,-15.469,3.05341,1.88725,0.86319,-8.93638,1.14175,18.96686,-14.91042,-0.73817,-1.98177
24.44,0.65974,-5.22553,0.44352,-1.95139,-0.21472,-0.0418,4.70475,2.48195,1.14251,-0.19304,-1.05298,0.28278,-0.42595,-6.8161,-1.61875,-4.82679,2.06218,0.12761,0.38519,0.15441,10.43505,10.80454,-1.80416,18.5091,-15.47033,3.10107,1.90529,0.74819,-8.98097,1.14033,18.9331,-14.90815,-0.73024,-1.98134
24.46,0.65964,-5.41074,0.43894,-1.94842,-0.21176,-0.04153,4.75788,2.50405,1.17031,-0.18591,-1.01229,0.28023,-0.41944,-6.8039,-1.61162,-4.83182,2.06433,0.11762,0.39189,0.14976,10.44588,10.74749,-1.78857,18.50611,-15.47142,3.14568,1.92381,0.63624,-9.01809,1.14325,18.90178,-14.90346,-0.71491,-1.97597
24.48,0.64716,-5.58729,0.44009,-1.94719,-0.20945,-0.04117,4.80569,2.51831,1.19414,-0.18394,-0.97685,0.27481,-0.41532,-6.78836,-1.60412,-4.836,2.06693,0.10778,0.39825,0.1456,10.45854,10.6717,-1.76991,18.5067,-15.47205,3.19016,1.94239,0.51321,-9.06708,1.14942,18.86924,-14.90068,-0.70619,-1.97396
24.5,0.59698,-5.72943,0.44063,-1.94717,-0.21003,-0.04108,4.84518,2.52069,1.21581,-0.18595,-0.94806,0.26245,-0.4141,-6.77595,-1.5986,-4.83797,2.07037,0.09571,0.40209,0.14097,10.46225,10.61828,-1.75367,18.50338,-15.47307,3.23281,1.9625,0.38952,-9.09121,1.1556,18.83435,-14.89668,-0.69063,-1.96551
24.52,0.47403,-5.81134,0.43622,-1.94733,-0.21605,-0.04168,4.87069,2.50975,1.24109,-0.18959,-0.92938,0.23706,-0.41559,-6.77547,-1.59853,-4.83667,2.075,0.07844,0.40094,0.1346,10.44886,10.63677,-1.74683,18.48926,-15.47527,3.27127,1.98576,0.28333,-9.04704,1.15871,18.79817,-14.88655,-0.64997,-1.93789
24.54,0.31415,-5.85955,0.42889,-1.94814,-0.22454,-0.04259,4.88603,2.49129,1.26772,-0.19595,-0.91633,0.20935,-0.41849,-6.7782,-1.59995,-4.83351,2.08025,0.06118,0.39805,0.12848,10.42649,10.68146,-1.74282,18.47064,-15.47785,3.3056,2.00977,0.18378,-8.97698,1.1604,18.76122,-14.87532,-0.60413,-1.90443
24.56,0.14842,-5.89573,0.41968,-1.9496,-0.23284,-0.0435,4.89543,2.4705,1.2946,-0.20442,-0.90945,0.18785,-0.42235,-6.77753,-1.60009,-4.82963,2.08555,0.04803,0.39591,0.12417,10.40618,10.71656,-1.73706,18.4537,-15.48003,3.33507,2.03235,0.08627,-8.91622,1.16293,18.72519,-14.86667,-0.5675,-1.87514
24.58,-0.03861,-5.9186,0.40807,-1.95094,-0.24139,-0.0445,4.89871,2.44827,1.33012,-0.21458,-0.90719,0.17008,-0.42681,-6.77665,-1.60015,-4.82564,2.09147,0.03776,0.39362,0.12034,10.39377,10.74974,-1.73064,18.44353,-15.48132,3.35936,2.05383,0.00223,-8.85798,1.16694,18.6929,-14.85881,-0.53422,-1.84641
24.6,-0.22346,-5.92309,0.39366,-1.95316,-0.25023,-0.04566,4.8942,2.42716,1.35863,-0.22469,-0.90726,0.15676,-0.43062,-6.77501,-1.59996,-4.82078,2.09701,0.02984,0.39166,0.11844,10.36708,10.79373,-1.7253,18.4211,-15.48368,3.37658,2.07381,-0.08503,-8.78838,1.16841,18.65581,-14.85395,-0.50841,-1.81943
24.62,-0.37675,-5.90337,0.37599,-1.95757,-0.25932,-0.047,4.8805,2.40905,1.3579,-0.23275,-0.90819,0.149,-0.43268,-6.77137,-1.59912,-4.81352,2.10086,0.02388,0.39074,0.12031,10.30126,10.86239,-1.7234,18.36351,-15.48947,3.38402,2.09168,-0.19665,-8.69383,1.16299,18.60327,-14.85473,-0.49516,-1.79592
24.64,-0.51989,-5.86942,0.35656,-1.9626,-0.26803,-0.04842,4.86178,2.39358,1.34829,-0.23972,-0.90968,0.14451,-0.43374,-6.76734,-1.59824,-4.80582,2.10422,0.01961,0.39002,0.12356,10.22265,10.93795,-1.72243,18.29398,-15.49633,3.38433,2.1077,-0.31075,-8.59108,1.15547,18.54562,-14.85878,-0.48981,-1.77462
24.66,-0.66854,-5.8325,0.33745,-1.96696,-0.27566,-0.04977,4.84212,2.38095,1.34718,-0.24645,-0.9117,0.14187,-0.43445,-6.76368,-1.59753,-4.79911,2.10799,0.01704,0.38908,0.12627,10.15461,11.00268,-1.72022,18.2323,-15.50225,3.37949,2.12191,-0.41031,-8.49784,1.15008,18.49139,-14.86429,-0.48944,-1.75528
24.68,-0.81539,-5.79459,0.32015,-1.97091,-0.28235,-0.05107,4.82217,2.37215,1.34818,-0.25237,-0.91353,0.14066,-0.43455,-6.76049,-1.59698,-4.7915,2.11165,0.01582,0.38818,0.12858,10.09196,11.06504,-1.71946,18.16973,-15.50816,3.36667,2.13387,-0.50338,-8.41137,1.14587,18.43538,-14.87147,-0.49348,-1.73742
24.7,-0.94922,-5.75011,0.30522,-1.97421,-0.28736,-0.05218,4.80295,2.36745,1.34995,-0.25637,-0.91484,0.14013,-0.43407,-6.75738,-1.5968,-4.78657,2.11518,0.01527,0.38693,0.13093,10.02548,11.11447,-1.7155,18.10985,-15.51367,3.35299,2.14474,-0.58935,-8.32952,1.14136,18.38153,-14.88119,-0.50486,-1.72252
24.72,-1.06009,-5.69242,0.29301,-1.97666,-0.28995,-0.05298,4.78528,2.36667,1.35165,-0.25742,-0.91549,0.13958,-0.43309,-6.75359,-1.59704,-4.78881,2.11867,0.01475,0.38487,0.13397,9.94594,11.13655,-1.70223,18.05892,-15.51816,3.34748,2.15598,-0.66613,-8.24963,1.13431,18.33637,-14.89497,-0.5291,-1.71346
24.74,-1.15411,-5.63048,0.28536,-1.97797,-0.29071,-0.05352,4.76995,2.37006,1.35362,-0.25633,-0.91534,0.13867,-0.43169,-6.74994,-1.5977,-4.79356,2.12187,0.0145,0.38253,0.1367,9.86163,11.14575,-1.68587,18.01047,-15.52239,3.34212,2.16643,-0.73847,-8.17728,1.12681,18.29248,-14.91084,-0.5594,-1.70698
24.76,-1.23926,-5.57207,0.2836,-1.9779,-0.29026,-0.05385,4.75755,2.37738,1.35723,-0.25405,-0.91441,0.13706,-0.43004,-6.74698,-1.59871,-4.79713,2.1247,0.01469,0.38032,0.13832,9.78181,11.15264,-1.67105,17.96121,-15.52673,3.33072,2.17521,-0.80875,-8.11752,1.12046,18.24533,-14.92731,-0.59083,-1.70087
24.78,-1.31565,-5.51396,0.28744,-1.97683,-0.28878,-0.05396,4.74787,2.38743,1.35908,-0.25055,-0.91272,0.13446,-0.42816,-6.7438,-1.59964,-4.80143,2.12727,0.01476,0.37807,0.13983,9.70208,11.1521,-1.65484,17.91298,-15.53103,3.31762,2.18309,-0.878,-8.06395,1.11165,18.20008,-14.9466,-0.6316,-1.69928
24.8,-1.37278,-5.45472,0.29606,-1.9732,-0.28563,-0.05375,4.74135,2.40015,1.36443,-0.24579,-0.91033,0.1306,-0.42626,-6.74168,-1.60169,-4.80481,2.12936,0.01518,0.37593,0.13945,9.62238,11.15216,-1.63958,17.86284,-15.5356,3.29964,2.18974,-0.94763,-8.0271,1.10706,18.14672,-14.96361,-0.66268,-1.69259
24.82,-1.40094,-5.39387,0.30833,-1.96531,-0.28004,-0.05312,4.73831,2.41592,1.38088,-0.23999,-0.90762,0.12556,-0.42473,-6.74206,-1.60636,-4.80497,2.13071,0.0166,0.37411,0.1353,9.54545,11.16168,-1.62813,17.80897,-15.54056,3.27296,2.19483,-1.01925,-8.02149,1.11564,18.07231,-14.97181,-0.65872,-1.66801
24.84,-1.41128,-5.3304,0.32317,-1.95495,-0.27331,-0.05224,4.73782,2.43197,1.40008,-0.23366,-0.90443,0.11926,-0.42336,-6.74327,-1.61211,-4.80412,2.13172,0.01808,0.37246,0.12956,9.46791,11.17445,-1.61748,17.75266,-15.5458,3.24181,2.19877,-1.09715,-8.02849,1.12784,17.98834,-14.97802,-0.64446,-1.63809
24.86,-1.41434,-5.26541,0.33948,-1.94375,-0.26666,-0.05127,4.739,2.44615,1.41563,-0.22746,-0.90089,0.11199,-0.42207,-6.74394,-1.61762,-4.80376,2.13267,0.01893,0.37088,0.12421,9.38837,11.18552,-1.60545,17.6955,-15.55122,3.20956,2.20191,-1.18237,-8.03293,1.13671,17.90478,-14.98728,-0.63887,-1.6125
24.88,-1.41013,-5.20229,0.35608,-1.93169,-0.25997,-0.05023,4.7413,2.45946,1.43249,-0.22235,-0.89827,0.10521,-0.42144,-6.74402,-1.62351,-4.80311,2.13339,0.01941,0.3695,0.11982,9.31091,11.19418,-1.59182,17.64124,-15.55641,3.17774,2.20487,-1.27607,-8.04272,1.14793,17.81448,-14.99558,-0.62692,-1.58388
24.9,-1.38505,-5.14116,0.37095,-1.91832,-0.25424,-0.04924,4.74553,2.46777,1.44391,-0.21664,-0.89428,0.09743,-0.42038,-6.74555,-1.62869,-4.80285,2.13399,0.01972,0.36824,0.11398,9.2214,11.21265,-1.58022,17.57694,-15.5627,3.1407,2.20578,-1.37995,-8.038,1.15438,17.72649,-15.00809,-0.62791,-1.56172
24.92,-1.32289,-5.08356,0.38226,-1.90316,-0.25073,-0.0485,4.7528,2.46674,1.44121,-0.20816,-0.88607,0.08684,-0.41752,-6.75092,-1.63168,-4.80388,2.13461,0.02008,0.367,0.10385,9.10256,11.25542,-1.57489,17.4871,-15.57156,3.09193,2.20241,-1.49324,-7.9941,1.14702,17.65379,-15.03101,-0.66665,-1.55825
24.94,-1.23369,-5.04086,0.39059,-1.88724,-0.2491,-0.04798,4.76155,2.46143,1.43366,-0.1992,-0.8771,0.07717,-0.41434,-6.75858,-1.63309,-4.80554,2.13484,0.02053,0.36598,0.09282,8.9674,11.31113,-1.57244,17.38627,-15.58135,3.03961,2.19727,-1.61707,-7.92986,1.13526,17.58474,-15.05714,-0.71744,-1.56114
24.96,-1.12609,-5.02281,0.39658,-1.87153,-0.24911,-0.04767,4.77039,2.45601,1.42821,-0.1916,-0.87015,0.07128,-0.41198,-6.76719,-1.63325,-4.80746,2.13436,0.02105,0.36532,0.08378,8.82695,11.36976,-1.57001,17.28691,-15.59087,2.99102,2.19252,-1.75214,-7.86027,1.12582,17.51116,-15.0812,-0.76064,-1.5611
24.98,-0.99294,-5.03216,0.39989,-1.85579,-0.25116,-0.04763,4.77963,2.44972,1.42272,-0.18453,-0.8643,0.06855,-0.41,-6.77778,-1.63155,-4.8099,2.13312,0.02173,0.36498,0.07571,8.67289,11.43772,-1.56943,17.18262,-15.60074,2.94508,2.18776,-1.90168,-7.77706,1.11556,17.43511,-15.10468,-0.80197,-1.56103
25,-0.85968,-5.04163,0.40325,-1.84006,-0.25323,-0.0476,4.7888,2.44343,1.41706,-0.17749,-0.85837,0.06582,-0.40799,-6.78839,-1.62981,-4.81232,2.13188,0.02242,0.36463,0.06757,8.51331,11.51061,-1.5703,17.07489,-15.61092,2.903,2.18327,-2.05621,-7.68894,1.1032,17.35796,-15.12704,-0.84018,-1.56077
