T,J7p,J8p,J9p,J10p,J11p,J12p,J13p,J14p,J15p,J16p,J17p,J18p,J19p,J20p,J21p,J22p,J23p,J24p,J25p,J26p,J27p,J28p,J29p,J30p,J31p,J32p,J33p,J34p,J35p,J36p,J37p,J38p,J39p,J40p,J7n,J8n,J9n,J10n,J11n,J12n,J13n,J14n,J15n,J16n,J17n,J18n,J19n,J20n,J21n,J22n,J23n,J24n,J25n,J26n,J27n,J28n,J29n,J30n,J31n,J32n,J33n,J34n,J35n,J36n,J37n,J38n,J39n,J40n
0,0.88816,0.99963,0.99988,0.69819,1.00009,0.97421,0.98739,0.8662,0.93421,0.60959,0.98643,0.99754,0.93182,0.98237,0.77998,0.99228,0.80714,0.9902,0.99985,1.00005,0.9674,0.99951,0.998,0.65665,0.98917,0.72729,0.72719,0.96154,0.96526,0.99835,0.71442,0.98743,0.8653,0.92193,1.00326,0.96584,0.92771,0.94788,0.95529,0.99005,0.51358,0.75944,0.96338,0.66005,0.97812,0.97806,0.91273,0.47346,0.85457,0.97111,0.83713,0.97439,0.99305,0.99916,0.72286,0.91915,0.99275,0.78298,0.99806,0.8532,0.93266,0.74451,0.98942,0.99492,0.82597,0.9971,0.70916,0.74001
0.02,0.89011,0.99963,0.99992,0.6982,1.00009,0.97422,0.98703,0.86379,0.93181,0.60675,0.98648,0.9976,0.93579,0.9825,0.7816,0.99322,0.80589,0.9906,0.99985,0.99838,0.96706,0.99935,0.99871,0.65677,0.98907,0.7266,0.7277,0.96131,0.96442,0.99852,0.71499,0.98741,0.86513,0.92211,1.00187,0.96578,0.92652,0.94788,0.95519,0.99004,0.51053,0.76373,0.96123,0.65759,0.97805,0.97822,0.91729,0.47443,0.85364,0.97265,0.83607,0.97381,0.99308,0.99998,0.72418,0.92147,0.99428,0.78307,0.99801,0.85368,0.93225,0.74529,0.9898,0.9952,0.82638,0.99709,0.70942,0.73979
0.04,0.89204,0.99964,0.99995,0.6982,1.00009,0.97423,0.98667,0.86136,0.92938,0.60392,0.98653,0.99765,0.93963,0.98262,0.78322,0.99409,0.80464,0.99098,0.99984,0.99341,0.96672,0.99916,0.99927,0.6569,0.98898,0.7259,0.72821,0.96108,0.96358,0.99868,0.71555,0.98739,0.86496,0.9223,1.00048,0.96573,0.92533,0.94789,0.95509,0.99003,0.50748,0.76802,0.95902,0.65514,0.97798,0.97838,0.92171,0.47539,0.85271,0.97415,0.835,0.97323,0.99312,0.99757,0.72551,0.92376,0.99563,0.78317,0.99796,0.85415,0.93183,0.74607,0.99016,0.99546,0.8268,0.99708,0.70968,0.73958
0.06,0.89395,0.99964,0.99998,0.69821,1.00008,0.97425,0.9863,0.85892,0.9269,0.60107,0.98658,0.9977,0.94335,0.98275,0.78484,0.99491,0.80339,0.99135,0.99984,0.98512,0.96638,0.99895,0.99968,0.65703,0.98888,0.72521,0.72872,0.96086,0.96273,0.99883,0.71611,0.98738,0.86479,0.92248,0.99908,0.96567,0.92413,0.94789,0.95499,0.99002,0.50442,0.77233,0.95676,0.65268,0.97791,0.97854,0.92601,0.47636,0.85178,0.9756,0.83394,0.97265,0.99315,0.99193,0.72683,0.92602,0.9968,0.78326,0.99791,0.85463,0.93142,0.74685,0.99052,0.99572,0.82721,0.99707,0.70994,0.73937
0.08,0.89585,0.99965,1,0.69822,1.00008,0.97426,0.98593,0.85645,0.92438,0.5982,0.98662,0.99775,0.94697,0.98288,0.78648,0.99567,0.80213,0.99172,0.99983,0.97345,0.96603,0.99872,0.99993,0.65716,0.98878,0.72452,0.72922,0.96063,0.96186,0.99898,0.71666,0.98736,0.86462,0.92266,0.99767,0.96562,0.92291,0.94789,0.95489,0.99002,0.50135,0.77668,0.95443,0.6502,0.97784,0.9787,0.9302,0.47732,0.85084,0.97703,0.83287,0.97206,0.99318,0.98302,0.72814,0.92824,0.9978,0.78336,0.99786,0.8551,0.931,0.74763,0.99087,0.99598,0.82762,0.99706,0.7102,0.73915
0.1,0.89773,0.99965,1.00001,0.69823,1.00008,0.97428,0.98555,0.85398,0.92183,0.59539,0.98667,0.9978,0.95041,0.98301,0.78808,0.99636,0.80087,0.99208,0.99982,0.95874,0.96569,0.99847,1.00004,0.65728,0.98869,0.72382,0.72973,0.9604,0.96099,0.99911,0.71723,0.98735,0.86445,0.92284,0.99625,0.96556,0.9217,0.9479,0.9548,0.99001,0.49828,0.78099,0.95205,0.64776,0.97777,0.97885,0.93421,0.47829,0.84992,0.97837,0.83179,0.97146,0.99322,0.9711,0.72947,0.93043,0.99861,0.78346,0.9978,0.85557,0.93058,0.74842,0.99122,0.99622,0.82803,0.99705,0.71046,0.73894
0.12,0.89959,0.99966,1.00001,0.69823,1.00008,0.97429,0.98517,0.85143,0.9192,0.59242,0.98672,0.99785,0.95384,0.98313,0.78977,0.99701,0.79961,0.99243,0.99982,0.9401,0.96534,0.99819,0.99999,0.65741,0.98859,0.72313,0.73024,0.96017,0.96011,0.99924,0.71778,0.98733,0.86428,0.92302,0.99483,0.96551,0.92046,0.9479,0.9547,0.99,0.49517,0.78544,0.94958,0.64519,0.9777,0.97901,0.93823,0.47924,0.84895,0.97974,0.83071,0.97085,0.99325,0.95544,0.73076,0.93258,0.99925,0.78355,0.99775,0.85604,0.93016,0.74918,0.99156,0.99646,0.82844,0.99704,0.71072,0.73873
0.14,0.90143,0.99966,1.00001,0.69824,1.00008,0.9743,0.98478,0.84893,0.91656,0.5896,0.98677,0.9979,0.95706,0.98326,0.79138,0.99758,0.79834,0.99278,0.99981,0.91874,0.96499,0.99789,0.99979,0.65754,0.98849,0.72243,0.73075,0.95994,0.95922,0.99936,0.71834,0.98732,0.86411,0.9232,0.9934,0.96545,0.91922,0.94791,0.9546,0.98999,0.49208,0.7898,0.94708,0.64275,0.97763,0.97916,0.94201,0.48021,0.84802,0.98101,0.82963,0.97024,0.99328,0.93706,0.73208,0.9347,0.9997,0.78365,0.9977,0.85651,0.92974,0.74996,0.99189,0.99669,0.82885,0.99703,0.71098,0.73852
0.16,0.90326,0.99967,1,0.69825,1.00008,0.97432,0.98439,0.84647,0.91393,0.58687,0.98682,0.99795,0.96004,0.98339,0.79288,0.99807,0.79706,0.99309,0.99981,0.89526,0.96463,0.99757,0.99945,0.65767,0.98839,0.72175,0.73126,0.9597,0.95832,0.99946,0.71891,0.9873,0.86395,0.92338,0.99197,0.9654,0.91801,0.94792,0.95451,0.98998,0.48904,0.79406,0.94457,0.64039,0.97755,0.97932,0.94552,0.48119,0.84715,0.98218,0.82854,0.96965,0.99332,0.9165,0.73341,0.93679,0.99997,0.78374,0.99765,0.85697,0.92932,0.75077,0.99222,0.99689,0.82927,0.99703,0.71123,0.73831
0.18,0.90507,0.99967,0.99998,0.69824,1.00007,0.97433,0.98397,0.84355,0.91098,0.58327,0.98684,0.99799,0.96356,0.9835,0.79499,0.99862,0.7958,0.99346,0.9998,0.86181,0.9643,0.99722,0.9989,0.65779,0.98828,0.72102,0.73179,0.9595,0.95741,0.99959,0.71942,0.98728,0.86376,0.92358,0.99053,0.96535,0.91661,0.94791,0.95439,0.98997,0.48568,0.79909,0.94173,0.63727,0.97752,0.97946,0.94969,0.48204,0.84593,0.98364,0.82747,0.96895,0.99334,0.88682,0.73462,0.93883,1.00007,0.78384,0.99759,0.85746,0.92887,0.75144,0.99253,0.99717,0.82965,0.99701,0.71151,0.73808
0.2,0.90687,0.99968,0.99995,0.69829,1.00007,0.97434,0.98362,0.84156,0.90859,0.58165,0.98693,0.99804,0.96564,0.98364,0.79584,0.99888,0.79449,0.99372,0.99979,0.83996,0.9639,0.99685,0.99834,0.65793,0.9882,0.72038,0.73226,0.95922,0.95648,0.99963,0.72005,0.98727,0.86362,0.92373,0.98907,0.96528,0.91559,0.94794,0.95432,0.98996,0.48298,0.80251,0.9394,0.63587,0.97738,0.97964,0.95217,0.48319,0.84544,0.98438,0.82635,0.96843,0.99339,0.86723,0.73608,0.94087,1,0.78394,0.99754,0.8579,0.92849,0.75239,0.99285,0.99727,0.83011,0.99701,0.71174,0.7379
0.22,0.90866,0.99969,0.99995,0.69845,1.00008,0.97436,0.9835,0.84208,0.90778,0.5842,0.98724,0.99814,0.96384,0.98389,0.79312,0.99848,0.793,0.99353,0.99978,0.86231,0.96333,0.99644,0.9982,0.65807,0.98821,0.71998,0.7325,0.95872,0.95552,0.99944,0.72097,0.98728,0.86356,0.92376,0.98761,0.96515,0.91557,0.94804,0.95446,0.98995,0.48205,0.80161,0.93862,0.63808,0.97693,0.97995,0.95003,0.48506,0.84701,0.98325,0.82508,0.96882,0.99348,0.88726,0.73815,0.94292,0.99996,0.78405,0.99754,0.85816,0.92828,0.75404,0.99316,0.99685,0.83079,0.99701,0.71182,0.73787
0.24,0.91046,0.9997,0.99996,0.69869,1.00008,0.97437,0.98346,0.84357,0.90759,0.589,0.9876,0.99824,0.96068,0.98417,0.78916,0.99774,0.79147,0.99325,0.99975,0.89583,0.96268,0.99601,0.99821,0.65825,0.98824,0.71967,0.73267,0.95813,0.95455,0.9991,0.722,0.98729,0.86354,0.92374,0.98611,0.96499,0.91594,0.94819,0.95464,0.98994,0.4818,0.79905,0.93843,0.64223,0.97638,0.9803,0.94628,0.48724,0.84929,0.98137,0.82377,0.96935,0.99361,0.917,0.74049,0.94495,0.99996,0.78418,0.99756,0.85837,0.92815,0.75598,0.99347,0.9962,0.83155,0.99702,0.71185,0.73789
0.26,0.91226,0.99972,0.99997,0.69894,1.00008,0.97439,0.98339,0.84468,0.90715,0.59354,0.98791,0.99833,0.95823,0.98443,0.78585,0.99704,0.78996,0.99313,0.99973,0.91861,0.96204,0.99555,0.99814,0.65842,0.98826,0.71932,0.73288,0.95755,0.95355,0.99876,0.72298,0.9873,0.8635,0.92375,0.98459,0.96483,0.91615,0.94835,0.95477,0.98993,0.48127,0.79714,0.93801,0.64616,0.97589,0.9806,0.94338,0.48935,0.8512,0.9798,0.82249,0.96958,0.99373,0.93694,0.74276,0.94695,0.99995,0.7843,0.99757,0.85861,0.92797,0.75784,0.99378,0.9956,0.83227,0.99703,0.71191,0.73788
0.28,0.91389,0.99973,0.99997,0.699,1.00008,0.9744,0.98331,0.84555,0.90657,0.59463,0.98828,0.99844,0.95478,0.98466,0.78229,0.99613,0.78837,0.99249,0.99972,0.94279,0.96147,0.99507,0.99812,0.6585,0.98829,0.71898,0.73306,0.95706,0.95258,0.99832,0.72395,0.98731,0.86348,0.92373,0.9832,0.96471,0.91629,0.94839,0.95501,0.98992,0.48064,0.79565,0.93744,0.6471,0.97529,0.98097,0.93933,0.49115,0.85324,0.97791,0.82113,0.97075,0.99378,0.95773,0.74473,0.94888,0.99994,0.78437,0.99759,0.85883,0.92782,0.75943,0.99406,0.99488,0.83298,0.99703,0.71195,0.7379
0.3,0.91584,0.99974,0.99998,0.69947,1.00008,0.97442,0.98328,0.84711,0.90644,0.60348,0.98853,0.99851,0.95282,0.98497,0.77898,0.99527,0.78695,0.9929,0.99966,0.95743,0.9607,0.99456,0.99803,0.65882,0.98831,0.71863,0.73327,0.95636,0.95154,0.99791,0.72497,0.98733,0.86343,0.92375,0.9815,0.9645,0.91666,0.94868,0.95504,0.9899,0.48037,0.79295,0.93731,0.65476,0.97488,0.98123,0.93703,0.49364,0.85514,0.97627,0.81992,0.97001,0.994,0.97002,0.74738,0.95084,0.99991,0.78461,0.9976,0.85907,0.92764,0.76163,0.99436,0.99425,0.83372,0.99704,0.71202,0.73788
0.32,0.9187,0.99978,0.99999,0.70095,1.00008,0.97443,0.98335,0.85048,0.90732,0.63146,0.98849,0.99847,0.95573,0.98551,0.77677,0.99502,0.78587,0.99586,0.99949,0.9533,0.95944,0.99398,0.99775,0.65934,0.98834,0.71814,0.73361,0.95517,0.95025,0.99775,0.72611,0.98736,0.86331,0.92386,0.97896,0.96405,0.91756,0.9496,0.95453,0.9899,0.48089,0.7871,0.93817,0.67898,0.97495,0.9811,0.94044,0.49792,0.85639,0.97579,0.819,0.96352,0.99465,0.96658,0.75165,0.95288,0.99982,0.785,0.99761,0.85939,0.92736,0.76534,0.99472,0.994,0.83457,0.99706,0.71221,0.73775
0.34,0.92184,0.99981,1,0.70283,1.00006,0.97444,0.98346,0.85444,0.90864,0.66575,0.98832,0.99841,0.96007,0.98611,0.77482,0.99494,0.78499,0.99853,0.99921,0.94258,0.95794,0.99335,0.99735,0.66017,0.98836,0.71764,0.73397,0.95376,0.94891,0.99769,0.7273,0.98739,0.86316,0.924,0.9761,0.9635,0.91867,0.95077,0.9538,0.98989,0.48177,0.7802,0.93946,0.70866,0.97523,0.98089,0.94555,0.50286,0.8575,0.97566,0.81825,0.95404,0.99543,0.95755,0.75657,0.95494,0.99967,0.78562,0.99762,0.85973,0.92705,0.76963,0.99507,0.99392,0.83544,0.99708,0.71243,0.73758
0.36,0.92478,0.99985,1.00001,0.70456,1.00004,0.97445,0.98356,0.85798,0.90981,0.69579,0.98817,0.99838,0.96344,0.98667,0.77267,0.99476,0.78415,0.99973,0.9989,0.93448,0.95648,0.9927,0.99692,0.66113,0.98837,0.71718,0.7343,0.9524,0.94763,0.99761,0.72845,0.98742,0.86302,0.92413,0.97334,0.96299,0.91968,0.95183,0.95313,0.98988,0.48251,0.77399,0.94059,0.73467,0.97546,0.98078,0.94955,0.50748,0.85873,0.97532,0.81753,0.94476,0.9961,0.95064,0.76126,0.95692,0.99947,0.78634,0.99763,0.86003,0.92678,0.77369,0.99539,0.9938,0.83628,0.9971,0.71265,0.73743
0.38,0.92765,0.99988,1.00001,0.70614,1.00003,0.97446,0.98364,0.86186,0.91074,0.72202,0.98817,0.99827,0.96699,0.98721,0.77088,0.99468,0.78279,0.99983,0.99859,0.92406,0.95514,0.99202,0.99668,0.66094,0.98841,0.71657,0.73473,0.95111,0.94603,0.99742,0.72965,0.98745,0.8629,0.92425,0.97058,0.96246,0.92071,0.95279,0.95258,0.98987,0.48313,0.76714,0.94149,0.75739,0.97547,0.98038,0.95378,0.51205,0.85974,0.97519,0.81637,0.93418,0.99663,0.94167,0.76544,0.95886,0.99935,0.7862,0.99765,0.86044,0.92642,0.77743,0.99576,0.99352,0.83716,0.99711,0.71283,0.7373
0.4,0.93054,0.9999,1.00001,0.70812,1,0.97447,0.98376,0.86502,0.91227,0.75344,0.98784,0.99831,0.97003,0.98777,0.76842,0.9944,0.78252,0.9988,0.9981,0.91479,0.95343,0.9913,0.99593,0.66321,0.98841,0.71627,0.73494,0.94958,0.94506,0.99747,0.73075,0.98749,0.86274,0.9244,0.96772,0.96196,0.92171,0.95398,0.95171,0.98987,0.4841,0.76154,0.94297,0.78463,0.97599,0.98055,0.95745,0.51682,0.86114,0.97469,0.81614,0.92294,0.99732,0.93362,0.77064,0.96077,0.99895,0.7879,0.99765,0.86063,0.92624,0.7818,0.99599,0.99359,0.83797,0.99713,0.71309,0.73711
0.42,0.93365,0.99993,1,0.71125,0.99991,0.97448,0.98397,0.86621,0.91499,0.79634,0.98655,0.99881,0.97188,0.98836,0.7641,0.99353,0.78557,0.99695,0.99707,0.91254,0.95053,0.99056,0.99331,0.67213,0.98826,0.71681,0.73456,0.94726,0.94576,0.99815,0.73168,0.98757,0.86241,0.92469,0.96455,0.96152,0.92259,0.95584,0.94988,0.98986,0.48571,0.75943,0.94558,0.82183,0.97795,0.98237,0.95969,0.52198,0.86358,0.97318,0.81874,0.91228,0.99833,0.93166,0.77911,0.96263,0.99727,0.79457,0.99757,0.86028,0.92656,0.78816,0.99583,0.9946,0.83864,0.99718,0.71359,0.73678
0.44,0.93672,0.99994,0.99999,0.71474,0.99978,0.97449,0.98422,0.86667,0.91834,0.84037,0.98485,0.99933,0.97331,0.98896,0.75911,0.99234,0.78962,0.99437,0.99561,0.91243,0.94721,0.98978,0.98926,0.68329,0.98808,0.71767,0.73395,0.94469,0.94711,0.99888,0.73248,0.98767,0.86203,0.92501,0.96132,0.96112,0.92344,0.95788,0.9477,0.98985,0.4877,0.75859,0.94877,0.86004,0.98026,0.98458,0.96142,0.52733,0.86639,0.97121,0.8222,0.9014,0.99922,0.93156,0.78831,0.96447,0.9942,0.8029,0.99747,0.85971,0.92707,0.79498,0.99551,0.9958,0.83923,0.99724,0.71415,0.7364
0.46,0.9396,0.99996,0.99998,0.71796,0.99964,0.9745,0.98447,0.86741,0.92145,0.87764,0.98325,0.99966,0.97481,0.98954,0.75442,0.99113,0.79291,0.99092,0.99399,0.9112,0.94408,0.98895,0.98484,0.69319,0.98794,0.71841,0.73342,0.94226,0.94822,0.99937,0.73327,0.98776,0.86171,0.92529,0.95818,0.96073,0.92426,0.95971,0.94569,0.98985,0.48966,0.75727,0.9517,0.89243,0.98221,0.98638,0.96325,0.53259,0.86901,0.96929,0.82501,0.88973,0.99977,0.93049,0.79656,0.96628,0.99051,0.81026,0.99739,0.85921,0.92751,0.80118,0.99524,0.9967,0.83981,0.99729,0.71465,0.73606
0.48,0.94283,0.99998,0.99996,0.72159,0.99943,0.97451,0.98464,0.86839,0.9238,0.90767,0.98134,0.99992,0.97655,0.99009,0.7499,0.99006,0.79723,0.98645,0.992,0.91023,0.94023,0.98815,0.97898,0.70307,0.9877,0.71905,0.73298,0.93932,0.94906,0.99978,0.73434,0.98787,0.86127,0.92567,0.95454,0.96023,0.9252,0.96174,0.94334,0.98984,0.49099,0.75553,0.95389,0.91856,0.9843,0.98834,0.96538,0.53769,0.87152,0.96766,0.82869,0.87685,1.00007,0.92965,0.80618,0.96794,0.9853,0.81758,0.99725,0.85879,0.92789,0.80837,0.99503,0.99764,0.84059,0.99736,0.71531,0.73562
0.5,0.94513,0.99999,0.99994,0.72442,0.99925,0.97452,0.98499,0.8687,0.92792,0.93825,0.97981,1.00001,0.97754,0.99065,0.74496,0.98835,0.79963,0.98172,0.98995,0.90936,0.93753,0.98721,0.97349,0.71296,0.98765,0.71995,0.73232,0.93721,0.95056,0.99997,0.7348,0.98794,0.86104,0.92586,0.95187,0.95995,0.92591,0.96329,0.94151,0.98983,0.49374,0.75498,0.95769,0.94524,0.98581,0.98968,0.9666,0.54305,0.87427,0.96513,0.83073,0.86481,1.00009,0.92888,0.81261,0.96975,0.98021,0.82489,0.99723,0.85818,0.92844,0.81334,0.99463,0.99822,0.84093,0.99739,0.71565,0.73539
0.52,0.94518,0.99998,0.99994,0.72501,0.99924,0.97452,0.98576,0.86724,0.93459,0.97139,0.97913,1.00002,0.97673,0.99128,0.7388,0.98468,0.79606,0.97756,0.98819,0.90776,0.93835,0.98592,0.97152,0.72333,0.98818,0.72159,0.73107,0.93767,0.95374,0.99995,0.73349,0.98788,0.86141,0.92553,0.95181,0.96029,0.92573,0.96361,0.94139,0.98983,0.5,0.75759,0.96372,0.97427,0.98643,0.98984,0.96561,0.54922,0.87766,0.96001,0.82769,0.85508,0.99993,0.92748,0.81069,0.97206,0.97835,0.83252,0.99753,0.85708,0.92948,0.81227,0.99372,0.99815,0.83997,0.99736,0.7151,0.73578
0.54,0.94436,0.99996,0.99995,0.72482,0.99929,0.97452,0.98669,0.86514,0.94279,0.99351,0.97904,1,0.97517,0.99192,0.73229,0.97977,0.79059,0.97386,0.98659,0.90629,0.94044,0.98446,0.97092,0.73347,0.98888,0.72345,0.72963,0.93903,0.95743,0.99986,0.73159,0.98778,0.86197,0.92502,0.95278,0.96085,0.92539,0.96351,0.94186,0.98983,0.50765,0.76133,0.97087,0.99389,0.98652,0.98947,0.96369,0.55559,0.88123,0.95361,0.82302,0.84692,0.99969,0.92619,0.80567,0.97444,0.97777,0.83996,0.99791,0.85582,0.93067,0.80906,0.99253,0.99785,0.83858,0.9973,0.71425,0.73639
0.56,0.94386,0.99994,0.99995,0.725,0.9993,0.97452,0.98754,0.86339,0.95085,0.99999,0.97903,0.99998,0.97386,0.99251,0.72609,0.97464,0.78624,0.96996,0.98488,0.90509,0.94196,0.983,0.96967,0.74297,0.98946,0.72515,0.72832,0.93994,0.96067,0.99979,0.73003,0.9877,0.86243,0.9246,0.95336,0.9613,0.92534,0.9636,0.94202,0.98983,0.51482,0.76443,0.97757,1.00004,0.98653,0.98915,0.96209,0.56174,0.8846,0.94727,0.81931,0.8387,0.99934,0.92514,0.80192,0.97663,0.97659,0.84689,0.9982,0.85467,0.93174,0.80687,0.99134,0.99765,0.83743,0.99726,0.71355,0.73688
0.58,0.94364,0.99992,0.99997,0.72512,0.99934,0.97452,0.98826,0.86127,0.95392,0.99229,0.97754,1.00001,0.97272,0.99311,0.71956,0.96856,0.78045,0.96352,0.98244,0.90248,0.94332,0.9814,0.96827,0.7543,0.99011,0.72711,0.72682,0.94096,0.96388,0.9997,0.72811,0.98762,0.86294,0.92413,0.95361,0.96175,0.92438,0.96367,0.94234,0.98983,0.52115,0.76819,0.98002,0.99399,0.98781,0.98962,0.9607,0.56815,0.88813,0.9401,0.81438,0.82582,0.9987,0.92285,0.79849,0.97881,0.97524,0.85513,0.99852,0.85333,0.93296,0.8044,0.99003,0.99743,0.83603,0.99721,0.71277,0.73743
0.6,0.94263,0.99989,0.99996,0.72516,0.99935,0.97452,0.98917,0.85975,0.96545,0.96926,0.97921,0.99992,0.97093,0.99363,0.7138,0.9625,0.77707,0.96172,0.9813,0.90275,0.94522,0.97987,0.96748,0.76128,0.9906,0.72857,0.7257,0.94195,0.96691,0.99958,0.72678,0.98753,0.86338,0.92373,0.95477,0.96226,0.92525,0.96369,0.94249,0.98983,0.52924,0.77088,0.98856,0.97477,0.98636,0.98834,0.95853,0.57391,0.89122,0.93322,0.8115,0.82234,0.99836,0.92309,0.79358,0.98071,0.97449,0.86018,0.99875,0.85232,0.93388,0.80195,0.98865,0.99716,0.83505,0.99716,0.71209,0.73791
0.62,0.93945,0.99985,0.99971,0.72522,0.9993,0.97452,0.99065,0.86026,0.99198,0.9235,0.98844,0.99837,0.96768,0.99401,0.70996,0.95767,0.78076,0.97327,0.98408,0.91116,0.94845,0.97853,0.96812,0.75664,0.99066,0.7286,0.72566,0.94274,0.96945,0.99944,0.72723,0.98741,0.8636,0.92354,0.95834,0.96294,0.93124,0.96373,0.94194,0.98983,0.54304,0.76998,1.00003,0.9361,0.97502,0.98075,0.95462,0.57828,0.89327,0.9279,0.81465,0.84565,0.99914,0.93045,0.78493,0.98225,0.9751,0.85682,0.99878,0.85231,0.93391,0.79996,0.98737,0.99685,0.83539,0.99709,0.71177,0.73813
0.64,0.9354,0.9998,0.99911,0.72522,0.99922,0.97452,0.99216,0.86139,0.99946,0.8553,0.99632,0.99387,0.96359,0.99432,0.70691,0.95345,0.78695,0.98592,0.98782,0.92173,0.95202,0.97734,0.96934,0.74775,0.99059,0.72813,0.726,0.94348,0.97186,0.99926,0.72829,0.9873,0.86374,0.92343,0.96272,0.96367,0.93861,0.96373,0.94123,0.98983,0.55816,0.76797,0.97872,0.87816,0.95549,0.96856,0.94973,0.58195,0.89489,0.92332,0.81992,0.87543,0.99988,0.93966,0.77478,0.98352,0.97627,0.85037,0.99874,0.85263,0.93364,0.79809,0.98604,0.9965,0.83616,0.99702,0.71156,0.73826
0.66,0.93167,0.99975,0.99831,0.72523,0.99916,0.97452,0.99342,0.86214,0.98391,0.77012,0.99956,0.98766,0.95941,0.99464,0.70368,0.94896,0.79205,0.99348,0.99054,0.93033,0.95517,0.97615,0.97026,0.74078,0.99057,0.7279,0.72615,0.9442,0.97424,0.99908,0.72906,0.98719,0.8639,0.92329,0.96658,0.96437,0.94477,0.96373,0.94066,0.98983,0.57156,0.76665,0.9286,0.80556,0.93384,0.95558,0.94477,0.58569,0.8966,0.91854,0.82427,0.89818,1.00011,0.94708,0.76533,0.98471,0.97715,0.84529,0.99874,0.85279,0.93351,0.79626,0.98459,0.99615,0.83672,0.99696,0.7113,0.73842
0.68,0.92741,0.9997,0.99717,0.7253,0.99906,0.97453,0.99482,0.86327,0.93657,0.64734,0.99913,0.97743,0.95563,0.99501,0.6998,0.94265,0.79655,0.99851,0.99317,0.93936,0.95867,0.97438,0.97126,0.73313,0.99057,0.72761,0.72634,0.9451,0.97628,0.99885,0.72988,0.98703,0.8641,0.92311,0.97082,0.96507,0.95101,0.96377,0.93978,0.98983,0.58795,0.76465,0.82668,0.70075,0.90407,0.93717,0.94032,0.59035,0.89864,0.91194,0.8281,0.92093,0.99994,0.95481,0.75421,0.98636,0.9781,0.83971,0.99874,0.85298,0.93336,0.7939,0.98324,0.99574,0.83733,0.99687,0.71099,0.73863
0.7,0.92376,0.99964,0.99588,0.72524,0.99903,0.97453,0.9956,0.86377,0.88893,0.54176,0.99564,0.96831,0.95027,0.99521,0.69749,0.93971,0.80264,0.99993,0.99512,0.94644,0.9612,0.9738,0.97217,0.72559,0.9905,0.72732,0.72656,0.94557,0.97869,0.99865,0.73072,0.98698,0.86421,0.92303,0.97431,0.96574,0.95638,0.96373,0.9395,0.98983,0.59791,0.76376,0.73628,0.61052,0.87628,0.92216,0.93405,0.59288,0.89986,0.9089,0.83329,0.93797,0.99942,0.96082,0.74568,0.98687,0.97896,0.83418,0.99871,0.85318,0.93318,0.79266,0.98148,0.99541,0.83794,0.99684,0.71083,0.73872
0.72,0.92211,0.99958,0.99479,0.72474,0.99919,0.97453,0.99495,0.86223,0.91802,0.5485,0.99417,0.97035,0.93925,0.99496,0.69931,0.94689,0.81293,0.99976,0.99594,0.94906,0.96131,0.97641,0.97264,0.71934,0.99024,0.72712,0.72675,0.94486,0.98207,0.99856,0.73144,0.98723,0.86405,0.92318,0.97585,0.96634,0.96008,0.96347,0.94096,0.98983,0.58958,0.76649,0.79072,0.61628,0.8679,0.92544,0.92126,0.58971,0.8989,0.91636,0.84206,0.9443,0.99906,0.96303,0.74528,0.98446,0.97941,0.82959,0.99859,0.85332,0.93302,0.79454,0.97869,0.99527,0.83847,0.99698,0.71107,0.73855
0.74,0.92127,0.99952,0.99378,0.72413,0.9994,0.97453,0.99372,0.86006,0.96175,0.59615,0.99411,0.97603,0.92567,0.99453,0.70267,0.9567,0.82433,0.99949,0.99645,0.95025,0.96058,0.97999,0.97302,0.71345,0.98992,0.72693,0.72696,0.9437,0.98554,0.99854,0.73215,0.98759,0.8638,0.92342,0.97662,0.96689,0.96307,0.96313,0.94298,0.98983,0.57494,0.77032,0.87811,0.65701,0.86755,0.9348,0.90569,0.58443,0.89714,0.92684,0.85178,0.94749,0.99877,0.96403,0.74781,0.98056,0.97977,0.82525,0.99843,0.85345,0.93285,0.79753,0.97529,0.99524,0.83899,0.99719,0.71146,0.73827
0.76,0.92018,0.99947,0.99265,0.72362,0.99955,0.97453,0.99268,0.85828,0.98386,0.62293,0.99347,0.97953,0.91257,0.99417,0.70529,0.96402,0.83451,0.9989,0.99707,0.95206,0.96022,0.98288,0.9735,0.70751,0.98962,0.72673,0.72717,0.94272,0.98851,0.99852,0.73286,0.98789,0.86359,0.92362,0.97762,0.96742,0.96601,0.96286,0.94467,0.98983,0.56353,0.77345,0.92849,0.6799,0.86422,0.94078,0.8908,0.58009,0.89575,0.93494,0.86045,0.95199,0.99833,0.96555,0.74903,0.9768,0.98022,0.82086,0.99829,0.85359,0.93268,0.8,0.9718,0.9952,0.83951,0.99737,0.71178,0.73803
0.78,0.91851,0.99939,0.99109,0.72289,0.9997,0.97453,0.99131,0.85601,0.99766,0.65229,0.9921,0.98311,0.89334,0.99377,0.70815,0.97162,0.84557,0.99813,0.99751,0.95386,0.9599,0.98535,0.97376,0.70048,0.98929,0.72651,0.72739,0.94175,0.99104,0.99838,0.73359,0.98818,0.86339,0.92381,0.97913,0.96809,0.96954,0.96246,0.94649,0.98983,0.54947,0.77745,0.96962,0.70498,0.8574,0.94709,0.86913,0.57559,0.89423,0.94368,0.86987,0.95591,0.99795,0.96705,0.75009,0.97301,0.98047,0.81567,0.99812,0.85374,0.9325,0.80244,0.96824,0.99498,0.84004,0.99753,0.71209,0.73781
0.8,0.91821,0.99934,0.99018,0.7226,0.99981,0.97453,0.99021,0.85456,0.99977,0.68194,0.99257,0.98636,0.88304,0.99336,0.7109,0.97709,0.85406,0.99715,0.99807,0.95521,0.95929,0.98817,0.97441,0.69566,0.989,0.72635,0.72757,0.94065,0.99349,0.9985,0.73428,0.98852,0.86315,0.92405,0.9794,0.96844,0.97137,0.9623,0.94809,0.98983,0.53889,0.77998,0.99154,0.73031,0.85968,0.95309,0.85759,0.57091,0.89277,0.95026,0.8771,0.95966,0.99735,0.96817,0.75216,0.96789,0.98107,0.8121,0.99797,0.85385,0.93236,0.80516,0.96402,0.99516,0.84055,0.99771,0.71245,0.73753
0.82,0.92164,0.99941,0.99138,0.72362,0.99987,0.97454,0.99035,0.85568,0.99743,0.70624,0.99701,0.98872,0.90283,0.9929,0.71289,0.97825,0.85669,0.99536,0.99902,0.95609,0.95799,0.99183,0.97626,0.69731,0.98881,0.72637,0.72761,0.93931,0.99609,0.99922,0.7347,0.989,0.86281,0.92441,0.97628,0.96786,0.96891,0.96286,0.94903,0.98982,0.54015,0.77802,0.99727,0.75106,0.88517,0.95766,0.87979,0.56595,0.89171,0.9517,0.87934,0.96479,0.99584,0.96891,0.75641,0.95937,0.9828,0.81331,0.99787,0.85384,0.93232,0.80838,0.95814,0.99641,0.84085,0.99797,0.71296,0.7371
0.84,0.92626,0.99952,0.99317,0.72509,0.99991,0.97455,0.99088,0.85764,0.99462,0.72977,0.99977,0.99081,0.92914,0.99243,0.71471,0.97809,0.85697,0.99317,0.99972,0.95654,0.9564,0.99513,0.97838,0.70119,0.98866,0.72644,0.72761,0.93786,0.99815,0.99982,0.73512,0.98952,0.86245,0.92481,0.97193,0.96695,0.96471,0.96366,0.94975,0.98981,0.5453,0.77459,0.99939,0.77114,0.91501,0.96189,0.90966,0.56094,0.89073,0.9515,0.87957,0.96951,0.99378,0.96928,0.7615,0.94865,0.98475,0.81619,0.99779,0.85378,0.93232,0.81182,0.95135,0.99776,0.84116,0.99824,0.71352,0.73663
0.86,0.93007,0.99959,0.99446,0.72632,0.99995,0.97456,0.99122,0.85914,0.98986,0.75202,0.99931,0.99271,0.94751,0.99197,0.71666,0.97853,0.85787,0.99091,1,0.95691,0.95494,0.99745,0.98015,0.70389,0.98849,0.72648,0.72764,0.93644,0.99941,1.00005,0.73564,0.98999,0.8621,0.92519,0.96819,0.9662,0.96112,0.96432,0.95056,0.98981,0.54858,0.77195,1.00005,0.79013,0.93716,0.96594,0.93083,0.55615,0.88969,0.95205,0.88034,0.97333,0.99163,0.96959,0.76606,0.93747,0.98636,0.81819,0.9977,0.85376,0.9323,0.81513,0.9444,0.99868,0.84155,0.99847,0.71405,0.73619
0.88,0.93426,0.99967,0.99572,0.7277,0.99998,0.97457,0.99156,0.86088,0.98324,0.77519,0.99558,0.99445,0.96552,0.99139,0.71849,0.979,0.86058,0.98658,0.99991,0.95831,0.9533,0.99912,0.98225,0.70723,0.98833,0.72657,0.72764,0.93499,1,0.99998,0.73569,0.9905,0.86171,0.92561,0.96391,0.96533,0.95696,0.96505,0.95139,0.9898,0.55201,0.76888,0.99848,0.8099,0.95821,0.96991,0.95203,0.55025,0.88871,0.95264,0.88264,0.97897,0.98822,0.97075,0.77101,0.92421,0.98824,0.82066,0.99761,0.8537,0.9323,0.81843,0.93637,0.99942,0.84158,0.99871,0.71464,0.73569
0.9,0.93763,0.99973,0.99672,0.72887,1.00001,0.97458,0.99196,0.86231,0.97691,0.79319,0.99005,0.99582,0.97697,0.99101,0.72052,0.97908,0.85904,0.98546,0.99966,0.95755,0.95189,0.99987,0.98352,0.7097,0.98816,0.72657,0.72769,0.93354,0.99988,0.99964,0.73676,0.99091,0.86141,0.92594,0.96034,0.96462,0.95302,0.96567,0.95208,0.98979,0.55606,0.76635,0.99561,0.82525,0.97219,0.97329,0.96591,0.54659,0.88761,0.95273,0.88134,0.98017,0.98637,0.97012,0.77517,0.91158,0.98936,0.82249,0.99752,0.8537,0.93226,0.82167,0.9291,0.99983,0.84236,0.99889,0.7151,0.7353
0.92,0.93873,0.99975,0.9973,0.72928,1.00003,0.97458,0.99246,0.86267,0.97453,0.79917,0.98813,0.99666,0.97805,0.99129,0.72318,0.97838,0.84524,0.9939,1.00003,0.94982,0.95123,1.00001,0.98266,0.70937,0.98794,0.72631,0.7279,0.93206,0.99954,0.99939,0.74048,0.99106,0.86132,0.92604,0.95914,0.96444,0.9504,0.96589,0.95264,0.98979,0.56123,0.76571,0.99431,0.83034,0.97554,0.97551,0.96724,0.54932,0.88618,0.95186,0.86959,0.96808,0.99021,0.96367,0.7771,0.90377,0.98861,0.82224,0.99739,0.85388,0.93209,0.82491,0.92471,0.99995,0.84507,0.99895,0.71523,0.73518
0.94,0.93909,0.99975,0.99772,0.72948,1.00004,0.97458,0.99299,0.86272,0.97403,0.80099,0.98785,0.99729,0.97611,0.99179,0.72604,0.97731,0.82632,0.99954,0.99945,0.93903,0.95084,0.99997,0.98103,0.70808,0.98771,0.72597,0.72816,0.93059,0.9992,0.99919,0.7452,0.99113,0.86132,0.92605,0.95874,0.96446,0.94826,0.96599,0.95304,0.98979,0.56685,0.76561,0.99403,0.83189,0.97598,0.97732,0.96485,0.55433,0.88463,0.95053,0.85347,0.94708,0.99476,0.95453,0.77821,0.89778,0.98716,0.82129,0.99726,0.85411,0.93187,0.82805,0.92167,1,0.84851,0.99898,0.71523,0.73517
0.96,0.93978,0.99975,0.99811,0.72981,1.00005,0.97458,0.99345,0.86296,0.9726,0.80476,0.98665,0.99792,0.97564,0.99217,0.72881,0.97638,0.80909,0.99912,0.99799,0.92905,0.95034,0.99977,0.97975,0.70717,0.9875,0.72568,0.72839,0.92914,0.99872,0.9989,0.74953,0.99122,0.86129,0.92609,0.95798,0.96442,0.94599,0.96617,0.95338,0.98979,0.57198,0.76519,0.99319,0.8351,0.9778,0.97924,0.96427,0.55818,0.88313,0.94939,0.83879,0.92547,0.99744,0.94598,0.77964,0.89073,0.986,0.82061,0.99714,0.85431,0.93169,0.8311,0.91827,1.00004,0.85166,0.99902,0.71528,0.73512
0.98,0.9405,0.99976,0.99858,0.72999,1.00007,0.97458,0.99399,0.86304,0.9713,0.80808,0.98574,0.99842,0.9749,0.99257,0.73168,0.97537,0.78819,0.99224,0.99515,0.91536,0.94975,0.99938,0.97816,0.70657,0.98724,0.72535,0.72865,0.92748,0.99783,0.99863,0.7534,0.99136,0.86121,0.92618,0.95718,0.96423,0.9429,0.96626,0.95423,0.98979,0.57811,0.76505,0.9924,0.83793,0.97908,0.9809,0.96336,0.56235,0.88156,0.94815,0.82098,0.89396,0.99941,0.93412,0.7813,0.88288,0.98455,0.82017,0.99699,0.85453,0.93147,0.83452,0.91318,1.00004,0.85447,0.99908,0.7154,0.73501
1,0.94098,0.99975,0.99877,0.73044,1.00007,0.97458,0.99435,0.86337,0.9701,0.81121,0.98458,0.99891,0.97385,0.99295,0.73437,0.97441,0.77121,0.98355,0.99209,0.90631,0.94941,0.99894,0.97688,0.70507,0.98706,0.72508,0.72886,0.92622,0.99754,0.99822,0.75829,0.99137,0.86126,0.92614,0.95664,0.9644,0.9415,0.9665,0.95399,0.98979,0.58225,0.76447,0.99164,0.8406,0.98061,0.98275,0.96207,0.56642,0.88009,0.947,0.8065,0.86934,1.00006,0.92621,0.78226,0.87653,0.98337,0.81906,0.99688,0.85472,0.9313,0.83706,0.91171,1,0.85801,0.99908,0.71533,0.73506
1.02,0.94091,0.99964,0.99828,0.73152,0.99995,0.97458,0.99414,0.86444,0.96856,0.81556,0.98202,0.99949,0.97304,0.99318,0.73683,0.97383,0.76926,0.98766,0.99177,0.9141,0.94967,0.9988,0.97691,0.70109,0.98712,0.72498,0.72892,0.92604,0.99904,0.99718,0.76634,0.99102,0.86168,0.9257,0.95672,0.96566,0.94498,0.96706,0.9507,0.98979,0.57982,0.76257,0.99065,0.84431,0.98359,0.98541,0.96109,0.56896,0.87874,0.9463,0.80483,0.88017,1.00008,0.93302,0.78154,0.87474,0.9834,0.81612,0.99692,0.85478,0.93125,0.83743,0.92045,0.99979,0.86383,0.99894,0.71469,0.73558
1.04,0.94063,0.99949,0.99739,0.7329,0.99967,0.97459,0.99377,0.86576,0.96704,0.81978,0.97896,0.99989,0.97195,0.99341,0.73902,0.97333,0.77249,0.99441,0.99249,0.92675,0.95016,0.99879,0.97731,0.69621,0.98727,0.72494,0.72893,0.92629,0.99999,0.99574,0.77515,0.99052,0.86223,0.92513,0.95704,0.96722,0.94995,0.96777,0.94613,0.98979,0.57555,0.76022,0.98965,0.8479,0.98659,0.98803,0.95977,0.57147,0.87754,0.9457,0.80759,0.90158,1.00003,0.94399,0.78013,0.87463,0.98377,0.8125,0.99701,0.85481,0.93124,0.83692,0.93195,0.99931,0.87016,0.99871,0.71386,0.73625
1.06,0.9405,0.99934,0.99652,0.73425,0.99929,0.97459,0.99353,0.86696,0.96556,0.82347,0.97595,1.00003,0.97072,0.99368,0.74114,0.97275,0.77308,0.99766,0.99272,0.93589,0.95056,0.9987,0.97746,0.6918,0.98737,0.72487,0.72897,0.92639,0.99977,0.99422,0.78302,0.99008,0.8627,0.92464,0.95718,0.96849,0.95386,0.96846,0.94194,0.98979,0.57281,0.75808,0.98865,0.85105,0.98907,0.99022,0.95828,0.57448,0.87638,0.94501,0.8081,0.91588,1,0.95185,0.77901,0.87353,0.9839,0.80923,0.99706,0.85486,0.93121,0.83671,0.94095,0.99868,0.8758,0.99851,0.71314,0.73684
1.08,0.94014,0.99911,0.99537,0.73516,0.99879,0.97459,0.99301,0.86814,0.96374,0.82889,0.97219,0.99992,0.97034,0.99377,0.74421,0.9723,0.77451,0.99964,0.99292,0.94573,0.95093,0.99869,0.97794,0.68685,0.98751,0.72482,0.729,0.92629,0.99837,0.9919,0.79232,0.98958,0.86325,0.92405,0.95758,0.97016,0.95819,0.96892,0.93746,0.98979,0.56713,0.75598,0.98737,0.85566,0.99164,0.99255,0.95782,0.57549,0.87468,0.94448,0.80931,0.93094,0.99997,0.96022,0.77796,0.87341,0.98435,0.80555,0.99715,0.85489,0.93118,0.83692,0.95042,0.99758,0.88243,0.99827,0.7123,0.73752
1.1,0.94018,0.99897,0.99434,0.73702,0.99815,0.97459,0.993,0.86943,0.96248,0.83093,0.96925,0.99967,0.96818,0.99421,0.74516,0.97157,0.77571,0.99983,0.99343,0.95325,0.9514,0.99854,0.97782,0.68272,0.98758,0.72475,0.72904,0.92672,0.99632,0.99047,0.79839,0.98914,0.86365,0.92362,0.95754,0.97102,0.96147,0.96985,0.93282,0.98979,0.56704,0.75367,0.98648,0.8574,0.99331,0.99397,0.95521,0.58056,0.87415,0.94362,0.81033,0.94303,0.99989,0.96654,0.77659,0.87165,0.98424,0.80248,0.99719,0.85494,0.93115,0.83606,0.95753,0.99683,0.88673,0.99804,0.71168,0.73803
1.12,0.94158,0.9992,0.99409,0.74168,0.9974,0.97459,0.99442,0.87089,0.96322,0.82112,0.96923,0.99976,0.95965,0.99553,0.74096,0.97029,0.77311,0.99941,0.99457,0.95517,0.95215,0.99784,0.97578,0.68126,0.98745,0.72461,0.72915,0.92855,0.99562,0.99255,0.79584,0.9889,0.86361,0.92364,0.95596,0.96952,0.96219,0.97213,0.928,0.98979,0.58311,0.75105,0.987,0.84905,0.99332,0.99355,0.94505,0.59693,0.87647,0.94211,0.80812,0.94829,0.99961,0.96814,0.77442,0.86435,0.98235,0.80139,0.99711,0.85503,0.93106,0.83233,0.95936,0.9979,0.88492,0.99792,0.71175,0.73801
1.14,0.94331,0.99949,0.99416,0.7472,0.99654,0.97459,0.99607,0.87247,0.96447,0.80805,0.9703,0.99993,0.94802,0.99693,0.73457,0.96865,0.77051,0.99894,0.99582,0.95548,0.95298,0.99679,0.97299,0.68069,0.98726,0.72446,0.72927,0.93085,0.99554,0.99528,0.79012,0.98873,0.86342,0.92381,0.95399,0.96719,0.962,0.97473,0.92314,0.98979,0.60428,0.7482,0.98788,0.83791,0.99274,0.99245,0.93143,0.61681,0.87998,0.94021,0.8059,0.95169,0.99912,0.96839,0.77197,0.85512,0.97974,0.80096,0.997,0.85514,0.93096,0.8275,0.95957,0.99913,0.88086,0.99783,0.71205,0.73781
1.16,0.94471,0.99968,0.99412,0.7521,0.9956,0.97459,0.99728,0.87404,0.96522,0.79781,0.97088,1,0.93687,0.99797,0.7288,0.96695,0.76915,0.99818,0.99679,0.95659,0.95374,0.9957,0.97043,0.67966,0.9871,0.72432,0.72938,0.93285,0.99513,0.997,0.78574,0.98852,0.8633,0.9239,0.95236,0.96524,0.9621,0.97694,0.9183,0.98979,0.62228,0.74536,0.98841,0.82918,0.99242,0.99164,0.91853,0.63433,0.88313,0.93826,0.80474,0.95571,0.99854,0.96932,0.76971,0.84672,0.97732,0.8002,0.99691,0.85523,0.93087,0.82318,0.96055,0.99973,0.87774,0.99772,0.71223,0.7377
1.18,0.94673,0.99986,0.9939,0.75777,0.9943,0.97459,0.9983,0.87536,0.96697,0.77904,0.97137,1.00003,0.92065,0.99882,0.72479,0.9659,0.76247,0.99714,0.99776,0.95744,0.9546,0.99423,0.96744,0.6788,0.98691,0.72416,0.7295,0.935,0.99477,0.99862,0.78147,0.98829,0.86316,0.92402,0.94996,0.96283,0.96273,0.97938,0.91222,0.98979,0.64079,0.74298,0.9896,0.81317,0.99213,0.99063,0.89997,0.65216,0.8853,0.93706,0.79904,0.95969,0.9977,0.97003,0.76709,0.83673,0.97444,0.79955,0.9968,0.85534,0.93077,0.8184,0.96138,1.00004,0.87469,0.99759,0.71244,0.73756
1.2,0.94747,0.99995,0.99413,0.76198,0.99342,0.97459,0.99906,0.87723,0.96676,0.7765,0.97229,1.00001,0.91091,0.99942,0.71679,0.96333,0.76694,0.99613,0.99838,0.95836,0.95525,0.99297,0.96485,0.67782,0.98676,0.72404,0.7296,0.93686,0.99443,0.99936,0.77607,0.98814,0.86302,0.92414,0.94907,0.961,0.96207,0.98112,0.90833,0.98979,0.65812,0.73959,0.98946,0.81101,0.99158,0.98972,0.88892,0.66886,0.88962,0.93416,0.80285,0.9628,0.99695,0.97079,0.76511,0.82887,0.97193,0.79882,0.99671,0.85542,0.93069,0.81415,0.96212,0.99996,0.87082,0.99751,0.71266,0.73743
1.22,0.94465,0.99994,0.99553,0.76206,0.99402,0.97459,0.99951,0.88042,0.96063,0.81856,0.97415,1,0.92458,0.99975,0.69816,0.95578,0.79956,0.99564,0.99834,0.95989,0.95528,0.99282,0.96374,0.67631,0.98673,0.72403,0.72961,0.93786,0.99405,0.99899,0.76825,0.98821,0.86294,0.9242,0.95243,0.96118,0.95765,0.98115,0.91094,0.98978,0.67213,0.73378,0.98513,0.84686,0.99036,0.98954,0.90445,0.68294,0.89951,0.92584,0.83067,0.9641,0.997,0.97205,0.765,0.828,0.97085,0.79769,0.99668,0.85543,0.93068,0.81184,0.9629,1.00003,0.8652,0.99754,0.71277,0.73735
1.24,0.9404,0.9999,0.99704,0.76066,0.99509,0.97459,0.99979,0.88412,0.95169,0.86956,0.97633,1,0.94375,0.99992,0.67632,0.94581,0.83931,0.99539,0.9981,0.9615,0.9551,0.9931,0.96324,0.67465,0.98673,0.72405,0.7296,0.93857,0.99367,0.99804,0.75931,0.98837,0.86288,0.92427,0.95729,0.96202,0.95162,0.98058,0.91584,0.98978,0.68494,0.72698,0.97824,0.89028,0.98878,0.98954,0.92646,0.69582,0.9108,0.91523,0.86454,0.96474,0.99732,0.97337,0.76555,0.82964,0.97036,0.79645,0.99668,0.85542,0.93069,0.81015,0.96367,0.99998,0.85875,0.99763,0.71287,0.73726
1.26,0.93661,0.99987,0.99809,0.7599,0.99585,0.97459,0.99994,0.88762,0.94315,0.90732,0.97822,1,0.95709,0.99995,0.65696,0.93611,0.87142,0.99498,0.99798,0.96299,0.95503,0.99319,0.96256,0.67306,0.98671,0.72406,0.72959,0.93942,0.99323,0.9971,0.75073,0.98849,0.86279,0.92436,0.96144,0.96253,0.9461,0.98027,0.91959,0.98978,0.69775,0.72052,0.97118,0.92238,0.98724,0.9894,0.94204,0.70855,0.92052,0.90522,0.89187,0.96572,0.99746,0.97459,0.76579,0.83019,0.96969,0.79527,0.99667,0.85541,0.93069,0.80813,0.96451,0.99976,0.85254,0.9977,0.713,0.73716
1.28,0.93283,0.99984,0.99905,0.75928,0.99656,0.97459,0.99994,0.89068,0.93316,0.93835,0.98014,1,0.97041,0.99981,0.63712,0.92365,0.89785,0.99468,0.9977,0.96455,0.95493,0.99324,0.96138,0.67145,0.98669,0.72406,0.72959,0.94022,0.99298,0.99594,0.74154,0.98859,0.86276,0.92438,0.9654,0.96312,0.93915,0.98001,0.92324,0.98978,0.71111,0.7148,0.96244,0.94868,0.98549,0.98947,0.9579,0.72236,0.93017,0.89269,0.91433,0.9664,0.99776,0.97587,0.76607,0.83049,0.96854,0.79407,0.99666,0.85541,0.9307,0.80619,0.96498,0.99938,0.84585,0.99775,0.71304,0.73713
1.3,0.92831,0.9998,0.99953,0.75801,0.99728,0.97459,0.99982,0.89457,0.92342,0.96517,0.98184,0.99998,0.97922,0.99959,0.6193,0.91402,0.92659,0.99416,0.99767,0.96589,0.95482,0.99347,0.96135,0.66983,0.98669,0.72409,0.72958,0.94103,0.99231,0.99449,0.73299,0.98874,0.86262,0.92453,0.96994,0.96369,0.9339,0.97948,0.9273,0.98978,0.72218,0.70752,0.95353,0.97133,0.98377,0.98915,0.96868,0.73275,0.93855,0.88321,0.93872,0.96753,0.99779,0.97696,0.76641,0.83189,0.96852,0.79286,0.99666,0.85539,0.93071,0.80422,0.96617,0.9988,0.83961,0.99783,0.71326,0.73697
1.32,0.92204,0.99978,0.99946,0.75514,0.99808,0.97459,0.99969,0.90084,0.9164,0.98703,0.98294,0.99984,0.98045,0.99951,0.60556,0.91512,0.96058,0.99284,0.99834,0.96688,0.95471,0.99412,0.9645,0.66817,0.98673,0.72419,0.72953,0.94197,0.9902,0.99264,0.72671,0.989,0.86212,0.92502,0.97592,0.96405,0.93483,0.97826,0.93231,0.98978,0.72847,0.69562,0.94693,0.98964,0.98257,0.98764,0.97021,0.73539,0.9448,0.8843,0.96746,0.97013,0.997,0.97777,0.76676,0.83598,0.9716,0.79161,0.99668,0.85532,0.93075,0.80189,0.9695,0.99795,0.835,0.99797,0.71402,0.73638
1.34,0.91489,0.99975,0.99919,0.75166,0.99879,0.97459,0.99959,0.90764,0.91041,0.99869,0.98388,0.99952,0.9795,0.99953,0.59382,0.92015,0.98635,0.9911,0.99907,0.96767,0.95458,0.99488,0.96853,0.6665,0.98678,0.7243,0.72947,0.94292,0.98734,0.99048,0.72128,0.9893,0.86151,0.92563,0.98233,0.96435,0.93787,0.97674,0.93749,0.98978,0.73262,0.68249,0.94117,0.99914,0.98146,0.98557,0.96904,0.7348,0.94999,0.88922,0.98907,0.97305,0.99575,0.9784,0.76714,0.84097,0.97549,0.79036,0.99672,0.85524,0.9308,0.79951,0.97325,0.99684,0.83102,0.99812,0.71495,0.73567
1.36,0.90783,0.99973,0.99897,0.74854,0.99932,0.97459,0.99945,0.91373,0.90387,0.99849,0.98492,0.99911,0.97953,0.99952,0.58223,0.92345,0.99847,0.98934,0.99954,0.96835,0.95446,0.9955,0.97176,0.66485,0.98682,0.7244,0.72942,0.94383,0.98451,0.9882,0.71549,0.98956,0.86097,0.92615,0.98828,0.96466,0.93985,0.97534,0.94216,0.98978,0.73728,0.67055,0.93479,0.99846,0.98017,0.98356,0.96907,0.73523,0.95497,0.89249,0.99897,0.9756,0.99448,0.97895,0.76751,0.84531,0.97858,0.78913,0.99674,0.85518,0.93084,0.7972,0.97636,0.99559,0.82675,0.99826,0.71576,0.73505
1.38,0.89995,0.99969,0.99871,0.74497,0.99976,0.97459,0.99923,0.92032,0.89575,0.98667,0.98567,0.99857,0.97963,0.99945,0.5681,0.92604,0.99853,0.98729,0.99986,0.96963,0.95433,0.99618,0.9753,0.66309,0.98688,0.72455,0.72933,0.94483,0.98074,0.985,0.7091,0.98986,0.86032,0.92679,0.99455,0.96509,0.94197,0.97369,0.94734,0.98978,0.74354,0.65736,0.92672,0.98777,0.97918,0.98144,0.9692,0.73753,0.96083,0.89507,0.9985,0.97816,0.99302,0.97998,0.76792,0.8503,0.9819,0.78781,0.99678,0.85508,0.93091,0.79462,0.97984,0.99374,0.82204,0.99841,0.71674,0.73429
1.4,0.89279,0.99968,0.9984,0.74215,0.99996,0.97459,0.99914,0.92532,0.89058,0.96387,0.98685,0.99786,0.97917,0.99952,0.56049,0.93072,0.98615,0.98526,1.00001,0.96978,0.95424,0.99664,0.97788,0.66155,0.9869,0.72459,0.72932,0.94563,0.97791,0.98295,0.704,0.99008,0.85988,0.92721,0.99993,0.96523,0.94419,0.97236,0.95095,0.98978,0.74581,0.64718,0.92152,0.96767,0.9775,0.97904,0.96862,0.73516,0.96388,0.89976,0.98731,0.98038,0.99134,0.9801,0.7682,0.85391,0.98429,0.78666,0.99679,0.85505,0.93092,0.79252,0.98207,0.9925,0.81828,0.99851,0.71741,0.73379
1.42,0.88843,0.99974,0.99805,0.74174,0.99995,0.97459,0.99942,0.92682,0.8942,0.93282,0.98933,0.99681,0.97614,0.99984,0.56919,0.94057,0.95944,0.98369,1,0.96502,0.95419,0.99663,0.978,0.66056,0.9868,0.72425,0.72957,0.94585,0.97889,0.98508,0.70238,0.99003,0.86004,0.92702,1.00307,0.96454,0.94637,0.97216,0.95063,0.98978,0.73825,0.64408,0.92517,0.9405,0.9735,0.97593,0.96488,0.72078,0.96039,0.90979,0.96378,0.98192,0.98937,0.97625,0.76833,0.85385,0.9844,0.78591,0.99673,0.85528,0.93072,0.79194,0.98133,0.99379,0.81708,0.99849,0.71716,0.73401
1.44,0.88512,0.99981,0.99766,0.74208,0.99986,0.97459,0.99974,0.92689,0.90082,0.89388,0.99188,0.99551,0.97257,0.99995,0.58451,0.95129,0.91824,0.98229,0.99978,0.95891,0.95421,0.99645,0.97738,0.65979,0.98665,0.72381,0.72988,0.9459,0.98113,0.98834,0.7021,0.9899,0.86042,0.92662,1.00539,0.96356,0.94857,0.97232,0.94893,0.98978,0.72648,0.64394,0.93178,0.90655,0.96843,0.97249,0.96053,0.70114,0.954,0.92101,0.92778,0.98319,0.98719,0.97124,0.76828,0.85241,0.98384,0.78533,0.99664,0.85558,0.93046,0.79181,0.97951,0.99567,0.81687,0.99842,0.7166,0.73449
1.46,0.88127,0.99986,0.99725,0.74195,0.99979,0.97459,0.9999,0.92731,0.90576,0.84584,0.99387,0.9941,0.9701,0.99975,0.59762,0.95996,0.86409,0.98075,0.9994,0.95429,0.95425,0.99633,0.97722,0.65894,0.98652,0.72345,0.73015,0.94607,0.98266,0.99064,0.7012,0.98981,0.86069,0.92632,1.00803,0.96274,0.95064,0.97226,0.94788,0.98978,0.71591,0.64308,0.93664,0.86479,0.96351,0.96907,0.95753,0.68289,0.94833,0.93041,0.88065,0.98446,0.98492,0.96741,0.76816,0.85149,0.98369,0.7847,0.99656,0.85583,0.93024,0.79135,0.97815,0.99692,0.8162,0.99838,0.71618,0.73485
1.48,0.87718,0.99992,0.99674,0.74233,0.99971,0.97459,0.99996,0.92896,0.91115,0.78522,0.99587,0.99208,0.96229,0.99929,0.60972,0.96905,0.79042,0.97896,0.99871,0.94299,0.95408,0.99628,0.9766,0.65798,0.98637,0.72295,0.7305,0.94604,0.98426,0.99293,0.70034,0.98972,0.86099,0.92599,1.01075,0.96175,0.95297,0.97244,0.94665,0.98978,0.70685,0.63964,0.94189,0.81218,0.9572,0.96456,0.94819,0.66486,0.94293,0.94068,0.81669,0.98583,0.98196,0.9579,0.76867,0.85105,0.98311,0.78398,0.99647,0.85616,0.92995,0.79144,0.97661,0.99808,0.81557,0.99834,0.71574,0.73524
1.5,0.87371,0.99995,0.99634,0.74186,0.99961,0.9746,0.9999,0.92774,0.91584,0.72415,0.99703,0.99071,0.96496,0.99844,0.62633,0.97494,0.71534,0.97756,0.99811,0.94416,0.95436,0.99604,0.97671,0.65731,0.98626,0.7227,0.73069,0.9464,0.98579,0.99466,0.69972,0.9896,0.86129,0.92567,1.01301,0.96101,0.95463,0.97222,0.94543,0.98978,0.69319,0.64219,0.9464,0.75925,0.95247,0.96167,0.95136,0.6437,0.93528,0.94764,0.75161,0.98681,0.97985,0.95889,0.76783,0.84926,0.98322,0.78348,0.9964,0.85633,0.92979,0.79048,0.97501,0.99887,0.8151,0.99828,0.71528,0.73562
1.52,0.87163,0.99995,0.99635,0.73867,0.99955,0.9746,0.99933,0.91809,0.91837,0.68212,0.99675,0.99194,0.99077,0.99673,0.65567,0.97428,0.67172,0.97745,0.99841,0.97761,0.95585,0.99529,0.97931,0.65748,0.98627,0.72318,0.73036,0.9479,0.98699,0.99533,0.69935,0.98941,0.86155,0.92544,1.01434,0.96109,0.95456,0.97067,0.94461,0.98978,0.66599,0.66186,0.9488,0.72283,0.95369,0.96426,0.98354,0.61367,0.92116,0.94684,0.71383,0.98689,0.98088,0.98628,0.76322,0.84385,0.9856,0.7836,0.99641,0.85601,0.93006,0.78642,0.97366,0.99915,0.81483,0.99818,0.71489,0.73589
1.54,0.87022,0.99993,0.99652,0.73462,0.99948,0.9746,0.99791,0.90467,0.92021,0.64817,0.99595,0.99384,0.9996,0.99417,0.69042,0.97139,0.64163,0.97779,0.99894,0.99869,0.95775,0.99428,0.98238,0.65792,0.98632,0.7239,0.72986,0.94977,0.98812,0.99571,0.69917,0.98919,0.86181,0.92522,1.01523,0.96144,0.95388,0.96864,0.94387,0.98978,0.63321,0.68825,0.95053,0.69344,0.9569,0.96849,0.99997,0.58015,0.90355,0.94341,0.68778,0.98666,0.98288,1.00004,0.7572,0.83703,0.98835,0.78393,0.99643,0.85552,0.93047,0.78125,0.97229,0.9993,0.8147,0.99807,0.71449,0.73615
1.56,0.86863,0.99992,0.99661,0.73104,0.99941,0.9746,0.99592,0.89216,0.92225,0.6082,0.99535,0.99514,0.98473,0.99114,0.72355,0.96957,0.60313,0.9779,0.99926,0.99659,0.95941,0.99329,0.98476,0.6582,0.98634,0.72448,0.72946,0.95141,0.98923,0.9962,0.69894,0.98898,0.86209,0.92499,1.01623,0.96167,0.95349,0.96681,0.9431,0.98978,0.60215,0.71204,0.95244,0.65885,0.959,0.97158,0.99106,0.54781,0.88598,0.94127,0.65445,0.98658,0.98423,0.99228,0.75175,0.83081,0.99044,0.78414,0.99645,0.85513,0.9308,0.77656,0.97085,0.99948,0.81453,0.99796,0.71407,0.73642
1.58,0.86649,0.99991,0.99672,0.72705,0.99932,0.9746,0.99277,0.87712,0.92464,0.56192,0.99457,0.9965,0.94147,0.98668,0.76461,0.96713,0.5593,0.97814,0.9996,0.96891,0.96108,0.99211,0.98764,0.65865,0.98638,0.72518,0.72898,0.95311,0.99022,0.99659,0.6986,0.98874,0.86233,0.92478,1.01755,0.96191,0.95303,0.96471,0.94218,0.98978,0.56454,0.73978,0.95467,0.6188,0.96151,0.97509,0.95399,0.50754,0.86329,0.93846,0.61654,0.98642,0.986,0.95828,0.7461,0.82381,0.99288,0.78448,0.99647,0.85465,0.9312,0.77158,0.96946,0.99961,0.81427,0.99783,0.71371,0.73666
1.6,0.86559,0.99989,0.99683,0.72367,0.99926,0.9746,0.98987,0.86413,0.92604,0.52518,0.99389,0.99738,0.88927,0.98317,0.79456,0.96516,0.52509,0.9782,0.99975,0.9351,0.96271,0.99103,0.98908,0.65881,0.9864,0.72568,0.72863,0.95469,0.99128,0.99705,0.69852,0.98857,0.86263,0.92452,1.0181,0.96218,0.95255,0.96288,0.9416,0.98978,0.53563,0.76312,0.95596,0.58702,0.96345,0.97758,0.90604,0.47952,0.84618,0.93622,0.58695,0.98637,0.98693,0.92067,0.74039,0.81777,0.99406,0.7846,0.99648,0.85431,0.93149,0.76682,0.96787,0.99975,0.81422,0.99774,0.71325,0.73697
1.62,0.86819,0.99988,0.99691,0.72213,0.9993,0.9746,0.98989,0.85982,0.92484,0.51772,0.99386,0.99736,0.8819,0.98458,0.78774,0.96545,0.51781,0.9776,0.99951,0.95351,0.96429,0.99052,0.98694,0.65811,0.98636,0.72556,0.72873,0.95598,0.99263,0.9978,0.69916,0.98856,0.86312,0.92409,1.0165,0.96242,0.95221,0.96204,0.94196,0.98978,0.53584,0.77075,0.95486,0.58057,0.96355,0.97752,0.89915,0.49048,0.85011,0.93654,0.58065,0.98679,0.98549,0.94094,0.73469,0.81498,0.9923,0.78408,0.99646,0.85439,0.93141,0.76281,0.96561,0.99993,0.81469,0.99774,0.7125,0.73747
1.64,0.87194,0.99987,0.99698,0.72126,0.99937,0.97461,0.99102,0.85872,0.92267,0.522,0.99402,0.99705,0.89399,0.98754,0.76802,0.96633,0.52192,0.9768,0.999,0.98137,0.9658,0.99021,0.98319,0.65712,0.98631,0.72522,0.72897,0.95715,0.99395,0.99851,0.70005,0.98862,0.86366,0.92361,1.01414,0.96269,0.95188,0.96156,0.94266,0.98977,0.54662,0.77268,0.95283,0.58427,0.9631,0.97661,0.91044,0.5149,0.86136,0.93755,0.5842,0.98732,0.98313,0.9728,0.72903,0.81335,0.98907,0.78333,0.99643,0.85462,0.93121,0.75914,0.96311,1.00003,0.81535,0.99777,0.71167,0.73804
1.66,0.87498,0.99985,0.99706,0.72013,0.99942,0.97462,0.99163,0.85627,0.92094,0.52091,0.99408,0.99685,0.89827,0.98952,0.75457,0.96684,0.52113,0.97611,0.99847,0.99404,0.96725,0.9898,0.97977,0.65626,0.98627,0.72499,0.72915,0.95829,0.99507,0.99905,0.7008,0.98865,0.86417,0.92316,1.01219,0.96295,0.95153,0.96093,0.9432,0.98977,0.5527,0.777,0.95122,0.58333,0.96291,0.97605,0.91442,0.53239,0.86892,0.93813,0.58352,0.98777,0.98108,0.98866,0.72345,0.81121,0.98602,0.78268,0.99641,0.85477,0.93106,0.75544,0.96068,1.00002,0.8159,0.99779,0.7109,0.73856
1.68,0.87855,0.99983,0.99713,0.71875,0.99947,0.97462,0.99215,0.85308,0.91902,0.52035,0.99415,0.99671,0.89748,0.99145,0.74094,0.96766,0.51985,0.9753,0.99772,0.99991,0.96887,0.98936,0.97569,0.6554,0.98622,0.72474,0.72934,0.95964,0.99621,0.99952,0.70165,0.98867,0.86473,0.92266,1.00985,0.96318,0.9512,0.96016,0.94373,0.98976,0.55798,0.78258,0.94941,0.58284,0.96273,0.97564,0.91369,0.5509,0.87648,0.93907,0.58241,0.98827,0.9786,0.99833,0.71696,0.80888,0.98227,0.78204,0.99637,0.85495,0.93091,0.75096,0.95783,0.9999,0.81654,0.99779,0.71003,0.73916
1.7,0.88116,0.99982,0.99721,0.71807,0.99952,0.97463,0.99302,0.85217,0.91723,0.52136,0.99427,0.99635,0.91101,0.99321,0.72548,0.96799,0.52201,0.97464,0.99698,0.99756,0.97002,0.98903,0.97159,0.65446,0.98618,0.72449,0.72952,0.96049,0.99698,0.99979,0.70233,0.98874,0.86518,0.92226,1.0081,0.96349,0.95083,0.95977,0.94435,0.98976,0.5672,0.78417,0.94771,0.58372,0.96239,0.97469,0.92622,0.56929,0.88493,0.93944,0.58428,0.98867,0.97641,0.99972,0.71223,0.80718,0.97842,0.78133,0.99635,0.85512,0.93075,0.7481,0.95556,0.99971,0.81704,0.99783,0.70934,0.73962
1.72,0.8809,0.99978,0.99731,0.71926,0.9996,0.97463,0.99462,0.85711,0.91608,0.52348,0.99451,0.9954,0.95376,0.99463,0.70674,0.9668,0.53097,0.97451,0.99669,0.99186,0.96994,0.989,0.96856,0.65331,0.9862,0.72428,0.72965,0.95997,0.9971,0.99985,0.70257,0.98895,0.8653,0.9222,1.00828,0.96401,0.95033,0.96045,0.94522,0.98976,0.58545,0.77552,0.94662,0.58556,0.96168,0.97223,0.96494,0.58559,0.89498,0.93808,0.59203,0.98875,0.9756,0.9966,0.71258,0.80707,0.97552,0.78047,0.99636,0.85526,0.93065,0.74987,0.9552,0.99964,0.81721,0.99794,0.70916,0.7397
1.74,0.8797,0.99973,0.99742,0.72113,0.99967,0.97463,0.99624,0.86405,0.91511,0.52679,0.99479,0.99411,0.98788,0.99586,0.68704,0.96506,0.54272,0.97454,0.99657,0.98435,0.96941,0.9891,0.96586,0.65208,0.98623,0.72408,0.72977,0.95896,0.997,0.99986,0.70262,0.98921,0.86529,0.92225,1.00909,0.96459,0.94979,0.96148,0.94616,0.98976,0.60666,0.76327,0.9457,0.58841,0.96083,0.96911,0.99346,0.6013,0.9053,0.9361,0.6022,0.98873,0.97526,0.99137,0.71475,0.80755,0.97291,0.77955,0.99638,0.85539,0.93055,0.75324,0.95552,0.99963,0.81725,0.99808,0.70917,0.73963
1.76,0.87894,0.99969,0.99752,0.72263,0.99974,0.97463,0.99746,0.86969,0.91403,0.52973,0.99503,0.99282,0.99974,0.99691,0.66906,0.96353,0.55283,0.97448,0.99636,0.97379,0.9691,0.98912,0.96293,0.65091,0.98625,0.72388,0.72989,0.9582,0.997,0.99989,0.70267,0.98943,0.86533,0.92225,1.00959,0.96513,0.94931,0.96231,0.94702,0.98976,0.62532,0.7532,0.94467,0.59096,0.96008,0.96618,0.9999,0.61643,0.91448,0.93438,0.61094,0.98876,0.97471,0.98329,0.71603,0.80769,0.97006,0.77867,0.99639,0.85553,0.93045,0.75573,0.95551,0.99959,0.81729,0.99819,0.7091,0.73963
1.78,0.87811,0.99964,0.99764,0.72438,0.99981,0.97463,0.99855,0.87615,0.91298,0.5323,0.99532,0.99119,0.99249,0.99792,0.64877,0.96195,0.56407,0.97447,0.99613,0.95884,0.96873,0.98922,0.95932,0.64962,0.98628,0.72368,0.73002,0.95727,0.99698,0.99992,0.70301,0.98969,0.8654,0.92224,1.01014,0.96572,0.94866,0.96327,0.94804,0.98976,0.64592,0.74155,0.94365,0.59318,0.95911,0.96268,0.98588,0.63331,0.92454,0.93262,0.62066,0.98877,0.97408,0.97119,0.71755,0.80815,0.96651,0.7777,0.99641,0.85567,0.93034,0.75875,0.95558,0.99954,0.81754,0.99832,0.709,0.73964
1.8,0.87722,0.99959,0.9977,0.72574,0.99985,0.97463,0.99919,0.88097,0.91193,0.53573,0.99549,0.98981,0.97146,0.99853,0.63455,0.96024,0.57313,0.97441,0.99599,0.94556,0.96837,0.9892,0.95691,0.64856,0.98629,0.72348,0.73014,0.95655,0.99696,0.99993,0.70278,0.98988,0.86539,0.92229,1.01073,0.96621,0.94833,0.96401,0.9487,0.98976,0.66173,0.73276,0.94264,0.59615,0.95854,0.95983,0.95917,0.64544,0.9314,0.93072,0.6285,0.98881,0.97373,0.96007,0.719,0.80806,0.96413,0.7769,0.99642,0.8558,0.93025,0.76104,0.95564,0.99953,0.81737,0.99841,0.70902,0.73959
1.82,0.87623,0.99957,0.9976,0.72588,0.99982,0.97463,0.99929,0.8812,0.91082,0.54135,0.9953,0.98959,0.96784,0.99852,0.63586,0.95828,0.57575,0.97416,0.99608,0.9447,0.96815,0.98885,0.9582,0.64806,0.9862,0.72327,0.73023,0.95662,0.99699,0.99986,0.70049,0.98989,0.86518,0.92248,1.01138,0.96645,0.9489,0.96408,0.94834,0.98976,0.6647,0.73234,0.94157,0.60101,0.95918,0.95939,0.95481,0.64535,0.93077,0.92856,0.63077,0.98895,0.97397,0.95935,0.71989,0.80629,0.9654,0.77653,0.99636,0.85594,0.93017,0.76082,0.95554,0.99963,0.81568,0.99842,0.70934,0.73936
1.84,0.87527,0.99956,0.99742,0.72559,0.99978,0.97463,0.99924,0.87986,0.90972,0.54768,0.99498,0.9898,0.97268,0.9983,0.64286,0.95618,0.57619,0.97387,0.99628,0.94865,0.96796,0.98838,0.96075,0.6478,0.98609,0.72308,0.73031,0.95691,0.99704,0.99974,0.69777,0.98984,0.86489,0.92274,1.012,0.96658,0.94978,0.96393,0.9476,0.98976,0.66332,0.73479,0.94051,0.60649,0.96023,0.95982,0.96065,0.6408,0.92741,0.92628,0.63115,0.98912,0.97448,0.96268,0.72065,0.80391,0.96793,0.77633,0.99629,0.85608,0.9301,0.75989,0.95539,0.99976,0.81366,0.9984,0.70978,0.73907
1.86,0.87441,0.99954,0.99728,0.72547,0.99974,0.97463,0.99927,0.87922,0.90865,0.55352,0.99472,0.98982,0.97337,0.99818,0.64743,0.95412,0.57763,0.97361,0.99643,0.95012,0.96776,0.98795,0.9626,0.64747,0.98598,0.72288,0.73039,0.95708,0.99709,0.99962,0.69554,0.98981,0.86464,0.92296,1.01256,0.96673,0.9505,0.96386,0.94703,0.98976,0.66403,0.73596,0.93946,0.61154,0.96105,0.95985,0.96149,0.63825,0.9252,0.92405,0.6324,0.98927,0.97489,0.96391,0.72144,0.80179,0.96974,0.77608,0.99622,0.85621,0.93003,0.75936,0.95523,0.99984,0.81201,0.99838,0.71016,0.73881
1.88,0.87297,0.99951,0.99712,0.72548,0.99969,0.97463,0.99928,0.8787,0.90743,0.55987,0.99441,0.98982,0.9749,0.99804,0.65153,0.9518,0.57912,0.97329,0.99655,0.95267,0.96752,0.98752,0.9647,0.64698,0.98588,0.72266,0.73048,0.95736,0.99709,0.99944,0.69181,0.9898,0.86438,0.9232,1.01349,0.96699,0.95127,0.96386,0.94644,0.98976,0.66437,0.73692,0.93827,0.61703,0.96199,0.95986,0.96336,0.6357,0.92319,0.92156,0.63368,0.98945,0.97522,0.96606,0.7224,0.79969,0.97178,0.77571,0.99616,0.85636,0.92996,0.75846,0.95522,0.99993,0.80924,0.99838,0.71057,0.73853
1.9,0.87279,0.99951,0.99696,0.72513,0.99964,0.97463,0.99928,0.87754,0.90649,0.56516,0.99415,0.98995,0.97658,0.99785,0.65806,0.94986,0.57995,0.97307,0.99674,0.95395,0.96737,0.98704,0.9664,0.64689,0.98576,0.7225,0.73056,0.95742,0.99719,0.99933,0.69128,0.98975,0.86413,0.92341,1.0136,0.967,0.952,0.96368,0.94579,0.98975,0.66439,0.73902,0.93736,0.6216,0.96274,0.96012,0.96543,0.63212,0.91997,0.91949,0.6344,0.98957,0.97575,0.96712,0.72296,0.79737,0.97344,0.77564,0.99609,0.85646,0.92989,0.75825,0.95489,0.99997,0.80885,0.99835,0.71095,0.73828
1.92,0.87589,0.99957,0.99685,0.72382,0.99958,0.97464,0.99928,0.87482,0.90626,0.56774,0.99409,0.99038,0.9768,0.99752,0.6704,0.94922,0.57947,0.97315,0.99711,0.95056,0.96753,0.98646,0.96687,0.64782,0.98555,0.72251,0.73064,0.95716,0.99753,0.99949,0.69792,0.98955,0.86391,0.92357,1.0116,0.96639,0.95249,0.96296,0.94504,0.98975,0.66459,0.74395,0.93713,0.62384,0.96291,0.961,0.96569,0.62631,0.9138,0.91882,0.63398,0.98952,0.97678,0.96429,0.72234,0.7946,0.9739,0.77634,0.99595,0.85646,0.92983,0.75911,0.95372,0.99991,0.81377,0.99825,0.71129,0.73809
1.94,0.88024,0.99966,0.99674,0.72218,0.99951,0.97465,0.99928,0.87151,0.90634,0.56922,0.99409,0.9909,0.97701,0.99711,0.68517,0.94901,0.5784,0.97334,0.99751,0.94558,0.96778,0.98583,0.96696,0.64914,0.98532,0.72259,0.7307,0.95661,0.99794,0.9997,0.70793,0.98931,0.86372,0.92371,1.00872,0.96552,0.95293,0.96207,0.94424,0.98975,0.66458,0.74994,0.93721,0.62512,0.9629,0.96207,0.96595,0.61967,0.90626,0.9186,0.63306,0.98942,0.97796,0.9601,0.72135,0.79162,0.97398,0.77733,0.9958,0.85641,0.92978,0.76084,0.95222,0.99979,0.82118,0.99813,0.71159,0.73793
1.96,0.88409,0.99973,0.99663,0.72075,0.99944,0.97465,0.99928,0.86853,0.90634,0.57099,0.99406,0.99133,0.97736,0.99672,0.6989,0.94854,0.5776,0.97347,0.99784,0.94116,0.96797,0.9852,0.96722,0.65028,0.9851,0.72263,0.73077,0.95599,0.99827,0.99983,0.71739,0.98912,0.86353,0.92384,1.00611,0.9647,0.95344,0.96128,0.94346,0.98974,0.66463,0.75527,0.93721,0.62665,0.96297,0.96297,0.96639,0.61366,0.89912,0.9181,0.63237,0.98934,0.97899,0.95635,0.72061,0.78873,0.97423,0.77819,0.99566,0.85638,0.92973,0.7628,0.95083,0.99967,0.82815,0.99804,0.71188,0.73777
1.98,0.88726,0.99977,0.99655,0.71903,0.99936,0.97466,0.99929,0.86494,0.90607,0.57363,0.99404,0.99189,0.97738,0.9962,0.71452,0.94833,0.57668,0.97363,0.99821,0.93631,0.96824,0.98454,0.96755,0.65142,0.98485,0.72268,0.73084,0.95621,0.99857,0.99995,0.72204,0.98879,0.86326,0.92403,1.0039,0.96408,0.95378,0.96032,0.94261,0.98974,0.66468,0.76168,0.93694,0.62893,0.96303,0.96416,0.96641,0.60602,0.89084,0.91788,0.63157,0.98926,0.98018,0.95221,0.71952,0.7857,0.97455,0.77905,0.9955,0.85634,0.92967,0.7621,0.94946,0.99948,0.83158,0.99786,0.71229,0.73755
2,0.89192,0.99985,0.99638,0.71785,0.99929,0.97466,0.99929,0.86241,0.90643,0.57421,0.99402,0.99217,0.97799,0.99587,0.72745,0.94769,0.57591,0.97376,0.99844,0.93141,0.96836,0.98391,0.96762,0.65265,0.98466,0.72273,0.73089,0.9546,0.99887,1.00001,0.73678,0.98874,0.86316,0.9241,1.00057,0.96298,0.95443,0.95965,0.94191,0.98973,0.66474,0.76618,0.9373,0.62944,0.96308,0.96475,0.96716,0.60151,0.88387,0.9172,0.63091,0.98918,0.981,0.94801,0.71905,0.78287,0.97462,0.77997,0.99538,0.85631,0.92962,0.76709,0.94792,0.99933,0.84238,0.99783,0.71244,0.73747
2.02,0.90043,0.99997,0.99599,0.71823,0.99927,0.97467,0.99929,0.86313,0.90851,0.56904,0.994,0.99163,0.98013,0.9962,0.73178,0.94567,0.57563,0.97381,0.99839,0.92674,0.96801,0.98337,0.96689,0.65406,0.98464,0.72271,0.73091,0.94755,0.99921,0.99999,0.77819,0.98957,0.86355,0.92384,0.99418,0.96048,0.95597,0.95986,0.9417,0.98973,0.66485,0.76489,0.93933,0.62496,0.96316,0.9636,0.96982,0.60604,0.88151,0.91508,0.63066,0.98915,0.98083,0.94399,0.72042,0.78047,0.97391,0.78103,0.99536,0.85632,0.92961,0.78738,0.94586,0.99941,0.87234,0.99826,0.71185,0.73778
2.04,0.90992,1.00004,0.99549,0.71917,0.99927,0.97467,0.9993,0.86497,0.91118,0.56186,0.99397,0.99079,0.98266,0.99673,0.73296,0.94314,0.57554,0.97383,0.99824,0.92219,0.96751,0.98288,0.96591,0.65554,0.98467,0.72269,0.7309,0.93787,0.9995,0.99992,0.82401,0.99064,0.8641,0.92346,0.98656,0.95743,0.95778,0.96039,0.94167,0.98973,0.66501,0.76162,0.94191,0.61875,0.96325,0.96183,0.973,0.61374,0.88086,0.91245,0.63059,0.98914,0.98031,0.94005,0.72243,0.77833,0.97296,0.78214,0.99538,0.85634,0.92962,0.8118,0.94365,0.99954,0.90469,0.99877,0.711,0.73822
2.06,0.91826,1.00003,0.99501,0.71985,0.99925,0.97468,0.9993,0.86626,0.9135,0.55576,0.99394,0.99007,0.9848,0.99713,0.73545,0.94081,0.57544,0.97386,0.99814,0.91765,0.96707,0.98239,0.96512,0.65696,0.98468,0.72269,0.73089,0.92852,0.99972,0.99987,0.86056,0.99151,0.86456,0.92314,0.97936,0.95459,0.9594,0.96077,0.94153,0.98972,0.66519,0.75933,0.94415,0.61347,0.96333,0.96036,0.97572,0.61989,0.8795,0.91003,0.6305,0.98912,0.97996,0.93611,0.72413,0.7762,0.9722,0.78321,0.99539,0.85634,0.92962,0.83238,0.94154,0.99962,0.92967,0.99914,0.7103,0.73859
2.08,0.92666,0.99994,0.99448,0.72052,0.99925,0.97468,0.9993,0.86768,0.91593,0.54857,0.99391,0.9892,0.98686,0.99751,0.73857,0.9383,0.575,0.97389,0.99801,0.91174,0.96664,0.98174,0.96389,0.65847,0.98468,0.7226,0.73093,0.91804,0.9999,0.99974,0.89604,0.99246,0.86507,0.92279,0.97155,0.95121,0.96104,0.96115,0.94148,0.98972,0.66517,0.75679,0.94648,0.60726,0.9634,0.95862,0.97836,0.62612,0.87779,0.90745,0.63012,0.98911,0.97954,0.93096,0.72583,0.77341,0.971,0.78435,0.99538,0.8564,0.92959,0.85263,0.93896,0.99976,0.95288,0.99949,0.7095,0.739
2.1,0.93393,0.99981,0.99394,0.72135,0.99923,0.97468,0.99932,0.86907,0.91817,0.54305,0.99387,0.98849,0.98874,0.99789,0.73964,0.9359,0.57532,0.97392,0.9979,0.90835,0.96616,0.98143,0.96351,0.65981,0.98472,0.72269,0.73086,0.90731,0.99998,0.99973,0.92181,0.99315,0.86551,0.92249,0.96426,0.94855,0.96262,0.96161,0.94131,0.98972,0.66559,0.75432,0.94861,0.60248,0.9635,0.9572,0.98082,0.63279,0.8772,0.905,0.63039,0.98909,0.97917,0.928,0.72768,0.77205,0.97063,0.78535,0.99541,0.85634,0.92965,0.87084,0.93724,0.99976,0.96879,0.9997,0.70882,0.73936
2.12,0.93887,0.99979,0.99343,0.7225,0.99917,0.97469,0.99936,0.87018,0.91992,0.54285,0.9938,0.98837,0.99043,0.99826,0.73568,0.93397,0.57769,0.97396,0.99786,0.91252,0.96558,0.98201,0.96559,0.6607,0.98489,0.72325,0.73046,0.89768,0.99995,1.00001,0.93241,0.99323,0.86571,0.92233,0.95898,0.94823,0.96401,0.96224,0.94075,0.98972,0.66708,0.75232,0.95026,0.60231,0.96371,0.95696,0.98307,0.63998,0.87938,0.90304,0.63245,0.98907,0.97905,0.93164,0.72988,0.77453,0.97266,0.78602,0.99552,0.85596,0.92998,0.88536,0.9379,0.99933,0.975,0.99972,0.70852,0.73954
2.14,0.94293,0.99982,0.99292,0.72378,0.9991,0.97469,0.99942,0.87121,0.92148,0.54445,0.99371,0.98844,0.99193,0.99862,0.72981,0.93221,0.58082,0.97399,0.99785,0.91914,0.96496,0.98291,0.96843,0.66141,0.9851,0.72397,0.72994,0.88823,0.99987,1.00001,0.93788,0.99309,0.86583,0.92221,0.95443,0.94877,0.96533,0.96294,0.94008,0.98971,0.66902,0.75047,0.95172,0.60369,0.96394,0.95711,0.98512,0.64749,0.88258,0.90126,0.63515,0.98905,0.979,0.9374,0.73218,0.77845,0.9754,0.78655,0.99566,0.85547,0.93041,0.89816,0.9395,0.99842,0.9781,0.99969,0.70833,0.73967
2.16,0.94709,0.99983,0.99239,0.72498,0.99903,0.97469,0.99947,0.87221,0.92306,0.54518,0.99364,0.98843,0.99327,0.99893,0.72493,0.93039,0.58356,0.97402,0.99782,0.92424,0.96437,0.98366,0.97079,0.66216,0.9853,0.72462,0.72948,0.87824,0.99978,0.99966,0.94449,0.99306,0.86599,0.92208,0.94953,0.94894,0.96663,0.96359,0.9395,0.98971,0.67083,0.74867,0.9532,0.60432,0.96415,0.95708,0.98697,0.65474,0.88523,0.89942,0.63753,0.98903,0.97892,0.94183,0.73438,0.78175,0.97766,0.78711,0.99579,0.85503,0.93079,0.91036,0.94076,0.99733,0.98175,0.99968,0.70809,0.73983
2.18,0.95141,0.99984,0.9918,0.72628,0.99894,0.9747,0.99951,0.87348,0.9248,0.54606,0.99355,0.98841,0.99472,0.9992,0.71963,0.92831,0.58639,0.97406,0.99779,0.92978,0.9637,0.98433,0.97309,0.66308,0.98548,0.72528,0.72902,0.86691,0.99972,0.99893,0.953,0.99301,0.86615,0.92194,0.94417,0.94902,0.968,0.9643,0.93873,0.98971,0.67233,0.74638,0.95482,0.60508,0.96439,0.95704,0.98904,0.66203,0.88809,0.89733,0.63998,0.98901,0.97883,0.9466,0.73682,0.78476,0.97983,0.7878,0.9959,0.85458,0.93117,0.92272,0.94157,0.99588,0.98623,0.99966,0.70784,0.73999
2.2,0.95473,0.99986,0.99128,0.72739,0.99889,0.9747,0.99957,0.87416,0.92611,0.54706,0.99348,0.98844,0.99556,0.99942,0.71491,0.92675,0.58921,0.97409,0.99777,0.93445,0.96318,0.98518,0.97538,0.6636,0.98569,0.72596,0.72853,0.85727,0.99952,0.99787,0.95551,0.99295,0.86628,0.92183,0.93982,0.94948,0.96912,0.96489,0.93831,0.98971,0.67454,0.74516,0.95603,0.60595,0.96457,0.95711,0.99028,0.66906,0.89063,0.89577,0.64241,0.98899,0.97877,0.95061,0.7387,0.78862,0.98198,0.78819,0.99604,0.85412,0.93157,0.93214,0.9435,0.99419,0.9875,0.99965,0.70764,0.74013
2.22,0.95593,0.99992,0.99103,0.72793,0.99896,0.9747,0.99967,0.87315,0.92627,0.54796,0.99347,0.98857,0.99507,0.99959,0.71201,0.92672,0.59174,0.9741,0.99778,0.93656,0.96304,0.98643,0.97786,0.66303,0.98601,0.7267,0.72798,0.85322,0.99882,0.9967,0.94278,0.99299,0.86636,0.92175,0.9382,0.95083,0.96967,0.96518,0.93891,0.98971,0.67872,0.74697,0.95618,0.60673,0.9646,0.95736,0.98955,0.67544,0.89218,0.89574,0.6446,0.98899,0.9788,0.95242,0.73922,0.79446,0.98427,0.78777,0.99624,0.85361,0.93202,0.93583,0.94821,0.99251,0.98081,0.99966,0.70751,0.74021
2.24,0.95633,0.99998,0.99087,0.72828,0.99907,0.9747,0.99977,0.87156,0.92602,0.54892,0.99348,0.98875,0.99404,0.99973,0.70977,0.92723,0.59424,0.97411,0.99781,0.93792,0.96307,0.98779,0.98023,0.66207,0.98636,0.72747,0.7274,0.85137,0.99754,0.99536,0.92154,0.99304,0.86641,0.9217,0.93766,0.95249,0.96999,0.96536,0.93986,0.98971,0.68355,0.74984,0.95595,0.60756,0.96457,0.95771,0.98807,0.68156,0.89337,0.89625,0.64677,0.98898,0.97887,0.95358,0.73912,0.80102,0.98643,0.78705,0.99646,0.85308,0.93249,0.93746,0.9537,0.99073,0.96863,0.99967,0.70743,0.74027
2.26,0.95707,1.00002,0.99067,0.72873,0.99916,0.9747,0.99984,0.87029,0.92598,0.54985,0.99348,0.9889,0.99321,0.99983,0.70735,0.92745,0.59681,0.97413,0.99782,0.93965,0.96306,0.98901,0.98232,0.66131,0.98668,0.7282,0.72685,0.84853,0.99597,0.99378,0.90084,0.99307,0.86647,0.92164,0.93665,0.95393,0.9704,0.9656,0.94062,0.98971,0.68797,0.75213,0.95591,0.60836,0.96457,0.95801,0.98689,0.6877,0.89466,0.89647,0.64899,0.98897,0.97893,0.95506,0.73915,0.8071,0.98831,0.78647,0.99665,0.85258,0.93294,0.93991,0.95846,0.98873,0.95592,0.99968,0.70734,0.74034
2.28,0.95783,1.00004,0.99044,0.72915,0.99925,0.9747,0.9999,0.86876,0.92586,0.55087,0.99348,0.98906,0.99218,0.99991,0.70438,0.92786,0.59914,0.97414,0.99783,0.9412,0.96287,0.99018,0.98482,0.66047,0.98703,0.72901,0.72625,0.84546,0.994,0.99182,0.87633,0.99313,0.86656,0.92156,0.93557,0.95557,0.97086,0.96582,0.94147,0.98971,0.69268,0.75487,0.9558,0.60924,0.96456,0.95833,0.98546,0.69387,0.89623,0.89689,0.651,0.98897,0.97897,0.95638,0.73981,0.81319,0.99049,0.78585,0.99687,0.85202,0.93343,0.94247,0.96301,0.98637,0.94014,0.9997,0.7072,0.74044
2.3,0.95834,1.00004,0.99029,0.72957,0.99932,0.9747,0.99993,0.86759,0.9258,0.55168,0.99348,0.98921,0.99125,0.99995,0.70277,0.92799,0.60191,0.97415,0.99787,0.94283,0.9631,0.99128,0.98613,0.65969,0.98731,0.72968,0.72575,0.84333,0.99158,0.98998,0.85021,0.99314,0.86658,0.92154,0.93487,0.9568,0.97115,0.96604,0.9422,0.98971,0.69683,0.75695,0.95574,0.60994,0.96456,0.95863,0.98418,0.69972,0.89708,0.89702,0.6534,0.98896,0.97906,0.95776,0.73901,0.81914,0.99162,0.78526,0.99703,0.85156,0.93384,0.94421,0.96738,0.98423,0.92269,0.9997,0.70718,0.74046
2.32,0.95836,1.00004,0.99031,0.73007,0.99935,0.9747,0.99995,0.8677,0.92599,0.55192,0.99347,0.98928,0.99099,0.99996,0.7046,0.92723,0.60594,0.97417,0.99794,0.945,0.96434,0.99227,0.98456,0.65912,0.98734,0.72993,0.72556,0.84312,0.98878,0.98902,0.82651,0.99296,0.86637,0.9217,0.93484,0.95679,0.97111,0.9663,0.94253,0.98971,0.69946,0.75677,0.95591,0.61015,0.96458,0.95877,0.98383,0.70492,0.89611,0.89626,0.65689,0.98895,0.97931,0.9596,0.73449,0.82474,0.99026,0.78484,0.99705,0.85138,0.93399,0.94438,0.97145,0.98313,0.90643,0.99965,0.7075,0.74027
2.34,0.95813,1.00004,0.99042,0.73059,0.99937,0.9747,0.99995,0.86818,0.92625,0.55193,0.99346,0.98935,0.99091,0.99995,0.7078,0.92616,0.61037,0.97418,0.99804,0.9472,0.96596,0.99319,0.98176,0.65866,0.9873,0.73005,0.72549,0.84382,0.98553,0.98844,0.80293,0.99273,0.86608,0.92193,0.93515,0.9564,0.97091,0.96657,0.94272,0.98971,0.70153,0.7559,0.95616,0.61016,0.96461,0.9589,0.98372,0.7098,0.89442,0.89518,0.66073,0.98894,0.97962,0.96146,0.72843,0.83019,0.98781,0.78449,0.99702,0.85131,0.93405,0.94382,0.9753,0.98247,0.88993,0.99958,0.70796,0.74001
2.36,0.95799,1.00004,0.9905,0.7311,0.9994,0.9747,0.99996,0.86845,0.92649,0.55201,0.99346,0.98943,0.9907,0.99991,0.71046,0.9252,0.61457,0.9742,0.99813,0.94921,0.96739,0.99405,0.97933,0.65814,0.9873,0.73023,0.72535,0.84418,0.98186,0.98767,0.77766,0.99254,0.86582,0.92213,0.93536,0.95623,0.97074,0.96684,0.94297,0.98971,0.70379,0.75542,0.95638,0.61023,0.96463,0.95907,0.98343,0.71474,0.893,0.89424,0.66436,0.98893,0.97992,0.96315,0.72289,0.83554,0.98562,0.7841,0.99703,0.85118,0.93416,0.94352,0.97888,0.98161,0.87196,0.99952,0.70835,0.73978
2.38,0.95796,1.00004,0.99051,0.73159,0.99942,0.9747,0.99996,0.86889,0.92665,0.55224,0.99344,0.98945,0.99068,0.99985,0.71284,0.92432,0.61885,0.97421,0.9982,0.95162,0.96869,0.99487,0.97659,0.65752,0.98725,0.73039,0.72525,0.84427,0.97789,0.98678,0.74726,0.99227,0.86556,0.92231,0.9354,0.95587,0.97073,0.96709,0.94327,0.98971,0.70629,0.75462,0.95653,0.61043,0.96466,0.95911,0.98341,0.71978,0.89173,0.89336,0.66806,0.98892,0.98015,0.96517,0.7177,0.84096,0.9831,0.78363,0.997,0.85107,0.93424,0.94345,0.98209,0.98061,0.85001,0.99942,0.70875,0.73957
2.4,0.95763,1.00004,0.99069,0.73212,0.99944,0.9747,0.99995,0.86905,0.927,0.55209,0.99344,0.98959,0.99029,0.99978,0.71617,0.92319,0.62297,0.97424,0.99831,0.95311,0.97025,0.9956,0.97371,0.65727,0.9873,0.73057,0.72511,0.84513,0.97327,0.98617,0.72353,0.99214,0.8653,0.92254,0.93586,0.9558,0.97035,0.96737,0.94343,0.98971,0.7081,0.75434,0.95685,0.6103,0.96467,0.9594,0.9829,0.72438,0.88995,0.89223,0.67163,0.9889,0.98052,0.96643,0.71127,0.846,0.98042,0.78345,0.99702,0.85095,0.93436,0.94275,0.9852,0.97994,0.83267,0.99938,0.70916,0.7393
2.42,0.95649,1.00004,0.99139,0.73278,0.99943,0.9747,0.99995,0.86839,0.92786,0.55104,0.99346,0.99011,0.98882,0.9997,0.72173,0.92148,0.62682,0.97435,0.99853,0.95211,0.97251,0.99609,0.97112,0.65706,0.9876,0.73088,0.72482,0.84767,0.96732,0.98648,0.72277,0.99245,0.86498,0.92294,0.93744,0.95659,0.96889,0.96771,0.94331,0.98971,0.70826,0.75552,0.95764,0.60939,0.96463,0.96045,0.98094,0.72818,0.88696,0.89055,0.67496,0.98884,0.98131,0.96559,0.70153,0.8496,0.97797,0.78329,0.9972,0.85073,0.93459,0.94064,0.98845,0.98028,0.83211,0.99949,0.70964,0.73883
2.44,0.95503,1.00003,0.99222,0.73348,0.9994,0.9747,0.99996,0.86741,0.9289,0.54959,0.99349,0.99073,0.98682,0.99962,0.72825,0.91952,0.63048,0.97449,0.99877,0.95022,0.97491,0.99652,0.96851,0.65746,0.98801,0.73121,0.7245,0.85093,0.96048,0.98705,0.73049,0.99288,0.86467,0.92338,0.93943,0.95767,0.96703,0.96806,0.94306,0.98971,0.70774,0.75727,0.95859,0.60813,0.96455,0.96171,0.97831,0.73154,0.88343,0.88861,0.67813,0.98876,0.98221,0.964,0.69052,0.85297,0.97547,0.78359,0.99744,0.8505,0.93485,0.93785,0.99142,0.98091,0.83777,0.99962,0.71012,0.73832
2.46,0.95368,1.00002,0.99291,0.73413,0.99938,0.9747,0.99996,0.86653,0.92983,0.54822,0.99351,0.99125,0.98485,0.99953,0.73444,0.91762,0.63407,0.97462,0.99897,0.94878,0.97707,0.99699,0.96573,0.6582,0.98839,0.73151,0.72421,0.85393,0.95323,0.98738,0.7341,0.99322,0.8644,0.92376,0.94122,0.95862,0.96536,0.9684,0.94285,0.98971,0.70744,0.75885,0.95944,0.60696,0.96448,0.96281,0.97578,0.73489,0.88005,0.88674,0.68123,0.98869,0.98299,0.96279,0.67999,0.85676,0.97279,0.78414,0.99764,0.85029,0.93508,0.93519,0.99387,0.98128,0.84041,0.99972,0.71055,0.73787
2.48,0.95231,1,0.99369,0.73491,0.99937,0.9747,0.99996,0.86584,0.93084,0.54721,0.99352,0.99186,0.9828,0.9994,0.74058,0.91576,0.6382,0.97473,0.99919,0.94701,0.97929,0.99725,0.96279,0.65619,0.98866,0.7319,0.72387,0.85647,0.94497,0.98815,0.73865,0.99365,0.86398,0.9243,0.94301,0.95948,0.96333,0.96879,0.9427,0.98971,0.70747,0.76007,0.96035,0.60607,0.96445,0.9641,0.97317,0.73892,0.87668,0.88492,0.68481,0.98862,0.98392,0.9613,0.66841,0.85895,0.96992,0.78263,0.99779,0.85002,0.93536,0.93288,0.99601,0.98215,0.84374,0.99983,0.71118,0.73724
2.5,0.95086,0.99997,0.99422,0.73543,0.99934,0.9747,0.99996,0.86467,0.9317,0.54541,0.99358,0.99227,0.98037,0.99931,0.74714,0.91371,0.64109,0.97488,0.99932,0.94562,0.9811,0.99783,0.9599,0.66024,0.98917,0.73211,0.72362,0.86005,0.93684,0.98807,0.7431,0.9939,0.86385,0.92451,0.94486,0.96057,0.96182,0.96905,0.9424,0.98971,0.70669,0.76216,0.96113,0.60452,0.96431,0.96497,0.97012,0.7414,0.87306,0.88292,0.68731,0.98853,0.98452,0.96012,0.65833,0.86427,0.96709,0.78567,0.99806,0.84988,0.93556,0.92952,0.99756,0.98206,0.84698,0.99989,0.71139,0.73698
2.52,0.94921,0.99989,0.99415,0.73522,0.99927,0.9747,0.99996,0.86211,0.93219,0.54123,0.99362,0.99217,0.97723,0.99937,0.75494,0.91113,0.64072,0.97513,0.99925,0.94592,0.98216,0.99903,0.95705,0.6788,0.99021,0.73186,0.72361,0.86621,0.93074,0.98531,0.74536,0.99367,0.86453,0.9238,0.94693,0.96218,0.96201,0.96895,0.94169,0.98971,0.7035,0.7667,0.96157,0.60091,0.96419,0.96477,0.96622,0.73972,0.86871,0.88041,0.68699,0.98837,0.98422,0.96038,0.65213,0.87768,0.96427,0.79955,0.99857,0.85005,0.93557,0.92343,0.99843,0.979,0.84863,0.99984,0.71034,0.73782
2.54,0.9475,0.99978,0.99388,0.73474,0.99918,0.9747,0.99995,0.85906,0.93252,0.53632,0.99373,0.99189,0.97359,0.99948,0.76309,0.90836,0.63911,0.97543,0.99911,0.94662,0.98288,0.99986,0.95436,0.7028,0.99143,0.73143,0.72369,0.87324,0.92524,0.98125,0.74726,0.99327,0.86548,0.92277,0.94903,0.96399,0.96279,0.96871,0.94083,0.98971,0.69956,0.77209,0.96187,0.59666,0.9639,0.96415,0.96176,0.73652,0.86415,0.87773,0.6856,0.9882,0.9836,0.96097,0.64784,0.89323,0.96159,0.81738,0.99911,0.85035,0.9355,0.916,0.99903,0.9746,0.85001,0.99974,0.70887,0.73903
2.56,0.94583,0.99964,0.99371,0.73439,0.99909,0.9747,0.99993,0.85626,0.93288,0.53193,0.99389,0.99167,0.96981,0.99955,0.77092,0.90569,0.63802,0.9757,0.999,0.94692,0.98361,0.99999,0.95172,0.72433,0.99252,0.73107,0.72373,0.87967,0.91899,0.97736,0.74929,0.99293,0.86629,0.9219,0.95103,0.96568,0.96326,0.96853,0.94005,0.98971,0.69619,0.777,0.96219,0.59286,0.96345,0.96368,0.95718,0.73405,0.85972,0.87515,0.68465,0.98803,0.98313,0.96123,0.64329,0.90664,0.95894,0.83326,0.99951,0.8506,0.93547,0.9087,0.99952,0.97048,0.85149,0.99964,0.70763,0.74004
2.58,0.9439,0.99949,0.99349,0.73403,0.99899,0.9747,0.99989,0.85311,0.93342,0.52659,0.99371,0.99152,0.96574,0.99962,0.77998,0.90268,0.63708,0.97599,0.99887,0.94806,0.98477,0.99954,0.94793,0.7409,0.99335,0.73076,0.72376,0.88582,0.91295,0.97245,0.75168,0.9926,0.86719,0.92092,0.95331,0.96722,0.96385,0.96835,0.93918,0.98971,0.69169,0.78252,0.96267,0.58824,0.96396,0.96337,0.9523,0.73134,0.85456,0.87226,0.68384,0.98785,0.9826,0.96219,0.63585,0.91874,0.95513,0.84539,0.99976,0.85081,0.93544,0.90123,0.99983,0.96538,0.85323,0.99954,0.70623,0.74118
2.6,0.94244,0.99927,0.99331,0.73362,0.99891,0.9747,0.99986,0.85051,0.93354,0.52296,0.99424,0.99117,0.96145,0.99969,0.78675,0.90022,0.63555,0.97624,0.99874,0.94761,0.98492,0.99836,0.94633,0.76636,0.99451,0.73032,0.72383,0.89224,0.90602,0.96824,0.75311,0.99218,0.86795,0.92008,0.95499,0.96898,0.96434,0.96813,0.93845,0.98971,0.68928,0.78704,0.96278,0.58511,0.96248,0.96263,0.94719,0.72873,0.85068,0.8699,0.68252,0.98769,0.98209,0.96181,0.63482,0.93127,0.95351,0.86384,1,0.85112,0.93539,0.89289,0.99999,0.96107,0.85427,0.99939,0.70505,0.74215
2.62,0.9423,0.9989,0.99326,0.73313,0.99887,0.9747,0.9999,0.84959,0.93252,0.52461,0.99654,0.99023,0.95692,0.99973,0.7869,0.89943,0.63247,0.9764,0.99864,0.94201,0.98231,0.99579,0.95123,0.81429,0.99649,0.72946,0.72397,0.89942,0.89611,0.96727,0.75205,0.99151,0.86824,0.91972,0.95515,0.97148,0.96447,0.96788,0.93815,0.98971,0.69335,0.78865,0.96187,0.58653,0.9546,0.96068,0.94183,0.72669,0.8506,0.86914,0.67985,0.98759,0.98172,0.95707,0.65123,0.94592,0.95845,0.89792,1.00002,0.85171,0.93527,0.88285,0.99993,0.96008,0.85349,0.99914,0.70458,0.74256
2.64,0.94269,0.9984,0.99324,0.73258,0.99885,0.9747,0.99995,0.84928,0.93108,0.52799,0.99859,0.98903,0.95221,0.99977,0.78463,0.89924,0.62886,0.97652,0.99855,0.93443,0.97836,0.99173,0.95791,0.86359,0.99823,0.72848,0.72414,0.90673,0.88505,0.96756,0.75,0.99074,0.86839,0.91952,0.9547,0.97407,0.9645,0.9676,0.938,0.98971,0.69945,0.78918,0.96057,0.58945,0.94363,0.95827,0.93631,0.72482,0.8519,0.86896,0.67673,0.98751,0.98139,0.9506,0.67333,0.95965,0.96512,0.9317,0.99925,0.85239,0.93514,0.87177,0.9995,0.96038,0.85201,0.99881,0.70435,0.7428
2.66,0.9429,0.99786,0.99321,0.73204,0.99883,0.9747,0.99996,0.84872,0.92984,0.53037,0.99961,0.98792,0.94734,0.99981,0.78347,0.89878,0.62563,0.97665,0.99846,0.92763,0.97462,0.98663,0.96308,0.9021,0.99928,0.72759,0.72429,0.9136,0.87412,0.96738,0.74834,0.98999,0.86861,0.91924,0.95446,0.97636,0.96459,0.96733,0.93778,0.98971,0.70424,0.79015,0.95945,0.59151,0.93308,0.95609,0.93063,0.72292,0.85256,0.86852,0.67393,0.98742,0.98105,0.94475,0.69188,0.9708,0.9702,0.95671,0.99785,0.853,0.93502,0.86045,0.99875,0.9602,0.8508,0.99847,0.70401,0.74312
2.68,0.94285,0.99714,0.99318,0.73156,0.9988,0.9747,0.99995,0.84802,0.92846,0.53353,0.99989,0.98651,0.94171,0.99984,0.7823,0.89831,0.62166,0.97679,0.99835,0.91869,0.97039,0.97955,0.96863,0.93654,0.99992,0.72652,0.72448,0.92023,0.861,0.9667,0.74689,0.98913,0.86882,0.91897,0.95452,0.9789,0.96468,0.96708,0.93754,0.98971,0.71027,0.79137,0.95819,0.59425,0.91966,0.95338,0.9241,0.7207,0.85324,0.86808,0.6705,0.98733,0.98068,0.93701,0.71067,0.98108,0.97559,0.97735,0.9953,0.85373,0.93486,0.84862,0.99748,0.95951,0.84974,0.99804,0.70368,0.74343
2.7,0.94346,0.99656,0.99317,0.73096,0.99878,0.9747,0.99992,0.84777,0.92725,0.5355,0.99946,0.9855,0.93695,0.99986,0.78059,0.89799,0.61907,0.9769,0.99826,0.9126,0.96593,0.97276,0.97271,0.96063,0.99996,0.72582,0.72458,0.9266,0.8508,0.96738,0.74477,0.98839,0.869,0.91872,0.95381,0.98063,0.9647,0.96677,0.93738,0.98971,0.71415,0.7918,0.95708,0.59595,0.90871,0.95148,0.91862,0.71921,0.85421,0.86777,0.66825,0.98725,0.98036,0.93171,0.72855,0.98774,0.97948,0.99,0.99295,0.85421,0.93478,0.8363,0.99624,0.9602,0.8482,0.99764,0.70339,0.74371
2.72,0.94593,0.99663,0.99319,0.73001,0.99879,0.9747,0.99994,0.84865,0.9266,0.53352,0.99945,0.98593,0.93534,0.99986,0.77795,0.89793,0.62062,0.97694,0.9982,0.91692,0.96175,0.97044,0.97344,0.97241,0.99998,0.72613,0.72446,0.9328,0.8498,0.97128,0.74094,0.98805,0.86914,0.91854,0.95093,0.98043,0.96465,0.96627,0.93746,0.98971,0.71132,0.79028,0.95648,0.59423,0.90854,0.95228,0.91676,0.71961,0.85572,0.86772,0.66959,0.98723,0.98017,0.93547,0.74376,0.98953,0.98016,0.99517,0.99361,0.854,0.93488,0.82329,0.99611,0.96418,0.84541,0.99745,0.70318,0.74392
2.74,0.94893,0.99694,0.99325,0.72896,0.9988,0.9747,0.99996,0.84997,0.92616,0.53031,0.99965,0.9868,0.93488,0.99984,0.77488,0.898,0.62355,0.97694,0.99817,0.92423,0.95749,0.96995,0.97308,0.97982,0.99993,0.72681,0.72424,0.93869,0.85251,0.97608,0.73645,0.98786,0.86926,0.91839,0.94728,0.97951,0.9645,0.96572,0.93759,0.9897,0.70636,0.788,0.95607,0.59146,0.91209,0.95394,0.91624,0.72076,0.85747,0.86778,0.67213,0.98723,0.98005,0.94182,0.75803,0.98988,0.97983,0.99781,0.99523,0.85353,0.93505,0.80988,0.99646,0.96914,0.84214,0.99735,0.70299,0.7441
2.76,0.95148,0.99715,0.99332,0.72798,0.99881,0.9747,0.99996,0.85108,0.92566,0.52782,0.99972,0.98741,0.93383,0.99983,0.77207,0.89799,0.62574,0.97696,0.99813,0.92934,0.95294,0.9686,0.97319,0.98669,0.99979,0.72734,0.72406,0.94423,0.85391,0.98002,0.7323,0.9876,0.86939,0.91822,0.94407,0.97888,0.96431,0.9652,0.93764,0.9897,0.70264,0.78606,0.95562,0.5893,0.91377,0.95509,0.91503,0.72164,0.85907,0.86777,0.67403,0.98722,0.97991,0.94623,0.77208,0.9908,0.97993,0.99954,0.9962,0.85317,0.93521,0.79618,0.99664,0.97329,0.8391,0.9972,0.70277,0.74429
2.78,0.9544,0.99731,0.99327,0.72689,0.99885,0.97471,0.99994,0.85221,0.92496,0.52469,0.99981,0.98818,0.93301,0.99982,0.76898,0.89809,0.62835,0.97698,0.99806,0.93627,0.94804,0.96713,0.97341,0.99306,0.99954,0.72783,0.72392,0.9499,0.85365,0.98348,0.72774,0.98732,0.86948,0.91808,0.94026,0.97834,0.96445,0.96462,0.93794,0.9897,0.69767,0.78409,0.95497,0.5866,0.91601,0.95659,0.91409,0.72223,0.86082,0.86787,0.67628,0.98721,0.9797,0.95217,0.78605,0.99173,0.98013,0.99995,0.99719,0.85283,0.93531,0.78088,0.99661,0.97699,0.83576,0.99704,0.70264,0.74445
2.8,0.95649,0.99758,0.99347,0.72601,0.99882,0.97471,0.99992,0.85337,0.92474,0.52253,0.99986,0.98866,0.93199,0.99979,0.76641,0.89798,0.6304,0.97699,0.99805,0.93963,0.94325,0.96627,0.97319,0.99585,0.99922,0.72847,0.72366,0.95447,0.85771,0.98702,0.72378,0.98712,0.86967,0.91787,0.93744,0.97742,0.9639,0.96415,0.93774,0.9897,0.69466,0.78206,0.95476,0.58473,0.91789,0.95754,0.91291,0.7236,0.86227,0.86776,0.67806,0.9872,0.97964,0.95504,0.79868,0.99225,0.97993,0.99935,0.99798,0.8524,0.93552,0.76748,0.9971,0.98088,0.83285,0.99692,0.70234,0.74469
2.82,0.95639,0.99807,0.9944,0.72574,0.9986,0.97471,0.99994,0.85461,0.92585,0.5235,0.99986,0.98828,0.92989,0.99973,0.76558,0.89719,0.63054,0.97699,0.99816,0.93228,0.93912,0.96692,0.97148,0.99364,0.99902,0.72952,0.72299,0.95671,0.87231,0.99107,0.72187,0.98713,0.87016,0.91743,0.93757,0.97552,0.96127,0.964,0.93599,0.9897,0.69803,0.77989,0.95579,0.58557,0.91807,0.95679,0.91052,0.72697,0.86274,0.86701,0.67818,0.9872,0.98002,0.94875,0.80884,0.99186,0.97831,0.99989,0.99834,0.85167,0.93606,0.76054,0.9986,0.98549,0.83145,0.99693,0.70157,0.7452
2.84,0.95552,0.99858,0.99547,0.72569,0.99829,0.97471,0.99996,0.85584,0.92743,0.52545,0.99986,0.98761,0.92755,0.99963,0.76527,0.89618,0.6301,0.977,0.99831,0.92086,0.93525,0.96808,0.96939,0.98829,0.99884,0.73068,0.72221,0.95811,0.88983,0.9946,0.72061,0.98723,0.87076,0.9169,0.93876,0.97318,0.95784,0.96398,0.93374,0.9897,0.70339,0.77774,0.95724,0.58725,0.91778,0.95549,0.90784,0.73108,0.86292,0.86605,0.6778,0.98719,0.98053,0.9389,0.81784,0.99114,0.97632,0.99979,0.9986,0.85087,0.93668,0.75603,0.99973,0.98976,0.83052,0.99699,0.70062,0.7458
2.86,0.95499,0.99898,0.99632,0.72555,0.998,0.97471,0.99996,0.85699,0.92876,0.52682,0.99985,0.98708,0.92539,0.99953,0.7646,0.8953,0.63,0.977,0.99843,0.91102,0.93115,0.96881,0.96774,0.98284,0.99861,0.73172,0.72154,0.95984,0.9045,0.99712,0.71896,0.98729,0.87132,0.91639,0.93948,0.97097,0.95471,0.9639,0.93176,0.9897,0.70756,0.77572,0.95846,0.58844,0.91764,0.95447,0.90538,0.73479,0.8633,0.86521,0.67771,0.98719,0.98094,0.93033,0.82687,0.99066,0.97473,0.99868,0.99889,0.85015,0.93722,0.75032,1.00001,0.9931,0.82931,0.99702,0.69973,0.74637
2.88,0.95454,0.99935,0.99718,0.72538,0.99762,0.97471,0.99993,0.85847,0.93016,0.52868,0.99986,0.98645,0.92272,0.99941,0.76443,0.89426,0.62965,0.977,0.99858,0.89774,0.92662,0.97032,0.96443,0.97677,0.9984,0.73305,0.72064,0.96153,0.91828,0.99903,0.71766,0.98735,0.87184,0.91593,0.94008,0.96837,0.95097,0.96381,0.92933,0.9897,0.71262,0.77313,0.95973,0.59005,0.91789,0.95327,0.90232,0.7386,0.86339,0.86422,0.67741,0.98719,0.98147,0.91869,0.83626,0.98962,0.97153,0.9968,0.9991,0.84922,0.93794,0.74452,0.99956,0.99606,0.82836,0.99706,0.69891,0.74689
2.9,0.95368,0.99959,0.99777,0.72533,0.99734,0.97471,0.9999,0.85925,0.93146,0.52979,0.99984,0.98591,0.92096,0.99928,0.76337,0.89351,0.62964,0.97701,0.99866,0.88871,0.92268,0.97029,0.96437,0.96774,0.99809,0.7338,0.72019,0.96301,0.93133,0.99985,0.71576,0.98744,0.87246,0.91536,0.94121,0.96623,0.94797,0.96378,0.92766,0.9897,0.71624,0.77175,0.96091,0.59101,0.91719,0.95225,0.90032,0.74228,0.86399,0.86351,0.6774,0.98718,0.98178,0.91072,0.84401,0.98964,0.97147,0.99324,0.99936,0.8487,0.93829,0.73933,0.99835,0.99784,0.82695,0.9971,0.69792,0.74754
2.92,0.95206,0.99964,0.99786,0.72563,0.99742,0.97471,0.99991,0.85803,0.93249,0.52841,0.99972,0.98575,0.92193,0.99915,0.75955,0.89348,0.63085,0.97706,0.99856,0.8951,0.92059,0.96568,0.97298,0.95131,0.99747,0.73297,0.72099,0.96414,0.94351,0.99995,0.71224,0.98756,0.87336,0.91448,0.94333,0.96569,0.94745,0.96395,0.92813,0.9897,0.7153,0.77391,0.96184,0.58982,0.91371,0.95196,0.90142,0.7457,0.86614,0.86348,0.67845,0.98715,0.98141,0.91636,0.84795,0.99259,0.97973,0.98536,0.99972,0.84927,0.93766,0.73522,0.99632,0.99814,0.82436,0.99718,0.69647,0.74854
2.94,0.94998,0.99964,0.99779,0.72605,0.99764,0.97471,0.99993,0.85611,0.93339,0.5263,0.99949,0.98571,0.92384,0.99901,0.75488,0.89378,0.63239,0.97711,0.99839,0.90611,0.91921,0.95896,0.98282,0.9288,0.99664,0.73156,0.72225,0.9651,0.95469,0.99993,0.70801,0.9877,0.87436,0.91348,0.94597,0.96573,0.94786,0.96417,0.92946,0.9897,0.71292,0.77727,0.96264,0.58799,0.9092,0.95188,0.9036,0.74892,0.86875,0.86377,0.67978,0.98712,0.98081,0.92604,0.85051,0.99578,0.98874,0.97291,0.99999,0.85026,0.93665,0.73168,0.99342,0.99809,0.82123,0.99726,0.69486,0.74967
2.96,0.94794,0.99966,0.99779,0.72637,0.99781,0.97471,0.99994,0.85457,0.93428,0.52466,0.99922,0.98561,0.92528,0.99886,0.75075,0.89402,0.63367,0.97717,0.99825,0.91411,0.91744,0.95259,0.98965,0.90396,0.99575,0.73037,0.72334,0.9661,0.96452,0.99997,0.70392,0.98783,0.87529,0.91255,0.94849,0.9655,0.94788,0.96434,0.93053,0.9897,0.71134,0.77996,0.96344,0.58657,0.90516,0.95168,0.90525,0.75203,0.87105,0.864,0.68089,0.98708,0.98034,0.93303,0.85372,0.99784,0.99451,0.95788,1.00009,0.85108,0.93578,0.72791,0.98975,0.99826,0.81821,0.99733,0.69335,0.75071
2.98,0.94631,0.99968,0.99782,0.72686,0.99788,0.97471,0.99995,0.85271,0.93541,0.52243,0.99881,0.98554,0.92681,0.99867,0.74614,0.89388,0.63536,0.97721,0.99807,0.92304,0.91581,0.94541,0.99472,0.87276,0.99477,0.72933,0.72432,0.96712,0.97337,0.99995,0.70046,0.98798,0.87632,0.91152,0.95047,0.96527,0.94771,0.9646,0.931,0.9897,0.7092,0.78321,0.96445,0.58465,0.9004,0.95155,0.90699,0.75584,0.87361,0.86386,0.68236,0.98705,0.97974,0.94078,0.85662,0.99928,0.99822,0.93779,1.00004,0.8518,0.93499,0.72396,0.98513,0.99816,0.81565,0.99741,0.69169,0.75186
3,0.94364,0.99969,0.99773,0.72704,0.99816,0.97471,0.99995,0.85132,0.93598,0.52122,0.99844,0.98543,0.92832,0.99855,0.74239,0.89461,0.63628,0.97727,0.99795,0.92997,0.91404,0.93806,0.99833,0.84263,0.99361,0.72787,0.72561,0.96803,0.98059,1.00003,0.69538,0.98809,0.87716,0.91065,0.95361,0.96519,0.94819,0.9647,0.93287,0.9897,0.70782,0.78564,0.96495,0.5836,0.89666,0.95135,0.90872,0.75809,0.87569,0.86455,0.68315,0.98701,0.97932,0.94677,0.85969,0.99995,0.99999,0.91753,0.99982,0.85281,0.93395,0.72036,0.97996,0.9985,0.81188,0.99748,0.69031,0.75283
3.02,0.93788,0.99967,0.99737,0.72634,0.9989,0.97471,0.99995,0.85148,0.93497,0.52319,0.99838,0.98511,0.92969,0.99865,0.74122,0.89761,0.635,0.97739,0.998,0.93148,0.91143,0.93105,1.00003,0.8262,0.99201,0.7252,0.72782,0.96861,0.98561,0.99982,0.68643,0.98808,0.87751,0.91029,0.96006,0.96542,0.95004,0.96433,0.93836,0.9897,0.70911,0.78537,0.96406,0.5853,0.89613,0.95077,0.91028,0.75618,0.87633,0.86741,0.68205,0.98693,0.97951,0.94807,0.86412,0.99997,0.99902,0.90621,0.99933,0.85464,0.93215,0.71804,0.97521,0.99968,0.80523,0.99747,0.68974,0.75323
3.04,0.93079,0.99963,0.99685,0.72533,0.99956,0.97471,0.99994,0.85213,0.93339,0.52616,0.99845,0.98476,0.93099,0.99883,0.74092,0.9014,0.63294,0.97753,0.99812,0.93137,0.90869,0.92427,0.99874,0.81515,0.99015,0.72216,0.73031,0.96911,0.98963,0.9982,0.67565,0.98803,0.87768,0.9101,0.96747,0.96579,0.95249,0.96378,0.94483,0.9897,0.71117,0.78423,0.96265,0.58787,0.89681,0.95012,0.91178,0.75272,0.8765,0.87103,0.68026,0.98684,0.97989,0.94797,0.86862,0.99949,0.99435,0.89852,0.99854,0.8567,0.9301,0.71601,0.9703,1,0.7972,0.99744,0.68946,0.75343
3.06,0.92399,0.9996,0.99631,0.72446,0.99994,0.97471,0.99993,0.85251,0.93208,0.52854,0.99847,0.98447,0.93225,0.99896,0.74018,0.90476,0.63122,0.97766,0.9982,0.93208,0.90617,0.91746,0.99454,0.80109,0.98821,0.71942,0.73257,0.96972,0.99317,0.99547,0.66507,0.98802,0.87793,0.90983,0.97409,0.9661,0.95472,0.96331,0.95035,0.9897,0.71271,0.78356,0.96147,0.58993,0.89702,0.94958,0.91321,0.74991,0.87691,0.87425,0.67877,0.98675,0.98017,0.94858,0.87263,0.99859,0.98636,0.88863,0.99754,0.85854,0.92823,0.7135,0.96462,0.99921,0.7893,0.99744,0.68904,0.75374
3.08,0.91606,0.99957,0.99586,0.72358,1.00009,0.97472,0.99991,0.85303,0.93063,0.53141,0.99846,0.98399,0.93376,0.99908,0.73959,0.90804,0.62952,0.97779,0.9983,0.93257,0.90273,0.90778,0.98665,0.78542,0.98573,0.71605,0.73533,0.97001,0.99571,0.99121,0.65582,0.98794,0.87817,0.90957,0.98131,0.96642,0.95647,0.96284,0.95591,0.9897,0.71484,0.78266,0.96016,0.59241,0.89685,0.9487,0.91495,0.74717,0.87723,0.87741,0.6773,0.98666,0.98049,0.949,0.87794,0.99669,0.97374,0.87751,0.99607,0.86078,0.92591,0.71229,0.95912,0.99722,0.78236,0.9974,0.68865,0.75402
3.1,0.90926,0.99954,0.99508,0.72265,1.00002,0.97472,0.9999,0.85341,0.9293,0.53351,0.99855,0.98388,0.9347,0.99922,0.73891,0.91148,0.6276,0.97791,0.99838,0.93306,0.90105,0.9033,0.9775,0.77319,0.98381,0.71388,0.73715,0.97089,0.99803,0.98612,0.64311,0.98798,0.8784,0.90933,0.98711,0.96673,0.95915,0.96233,0.96072,0.98969,0.71598,0.78199,0.95895,0.59423,0.89775,0.9485,0.91603,0.7439,0.8776,0.88075,0.67563,0.98657,0.98076,0.94942,0.88045,0.99558,0.96019,0.86875,0.9948,0.86221,0.92437,0.70856,0.95183,0.9944,0.7728,0.99742,0.68827,0.75429
3.12,0.90673,0.9995,0.99332,0.72157,0.99984,0.97472,0.99992,0.85321,0.9285,0.53297,0.99891,0.98489,0.93389,0.99939,0.73771,0.9154,0.62516,0.978,0.9984,0.93405,0.90454,0.91437,0.97184,0.77022,0.98407,0.7153,0.73613,0.97367,0.99986,0.98209,0.6192,0.98832,0.87866,0.90909,0.98918,0.96708,0.96432,0.96173,0.96405,0.98969,0.71382,0.78234,0.95822,0.59376,0.90143,0.95036,0.9151,0.73932,0.87826,0.88457,0.67352,0.98651,0.98085,0.95028,0.87518,0.99806,0.95207,0.86663,0.99498,0.86127,0.92524,0.69628,0.93966,0.99197,0.75473,0.9976,0.68785,0.75456
3.14,0.9058,0.99947,0.99091,0.72045,0.99959,0.97472,0.99994,0.85289,0.92787,0.53166,0.99928,0.98621,0.93254,0.99955,0.7364,0.9194,0.62254,0.97808,0.99841,0.93506,0.90969,0.92962,0.96839,0.77109,0.98509,0.71791,0.73416,0.9768,0.9995,0.97832,0.59139,0.98875,0.87891,0.90885,0.98994,0.9674,0.96992,0.96111,0.96678,0.98969,0.71071,0.7829,0.95765,0.59263,0.906,0.95282,0.91355,0.73427,0.87898,0.88849,0.67125,0.98646,0.98088,0.95114,0.867,0.9999,0.9472,0.86725,0.99566,0.85954,0.9269,0.68134,0.92435,0.98961,0.7336,0.99784,0.68744,0.75482
3.16,0.90416,0.99944,0.98839,0.7194,0.99925,0.97472,0.99995,0.8527,0.92716,0.53089,0.99953,0.98727,0.93155,0.99967,0.7352,0.92316,0.62005,0.97816,0.99842,0.93598,0.91382,0.94113,0.96431,0.77022,0.9857,0.71984,0.73272,0.97935,0.99676,0.9738,0.56544,0.98915,0.87917,0.90861,0.99125,0.96766,0.97461,0.96052,0.96952,0.98969,0.70831,0.78323,0.957,0.59196,0.90992,0.95484,0.91242,0.72952,0.87964,0.89221,0.6691,0.9864,0.98093,0.95193,0.86008,0.99976,0.94149,0.86662,0.99605,0.85826,0.9281,0.6681,0.90812,0.98669,0.71376,0.99805,0.68701,0.75509
3.18,0.90229,0.99937,0.98525,0.71811,0.99875,0.97472,0.99996,0.85221,0.92642,0.52938,0.99974,0.9885,0.93,0.99979,0.7338,0.92715,0.61725,0.97825,0.99845,0.93716,0.91833,0.95266,0.95591,0.7696,0.98648,0.72232,0.73088,0.98243,0.99181,0.9688,0.53255,0.98948,0.87941,0.90837,0.99273,0.9682,0.97933,0.9598,0.97251,0.98969,0.70472,0.78408,0.95631,0.59065,0.91425,0.95723,0.91064,0.72404,0.8804,0.89617,0.66668,0.98634,0.98102,0.95294,0.85211,0.99782,0.92988,0.86618,0.99653,0.85659,0.92963,0.65051,0.89065,0.98338,0.68849,0.99822,0.68662,0.75535
3.2,0.90129,0.99938,0.98235,0.7173,0.99834,0.97472,0.99996,0.85231,0.9258,0.52917,0.99985,0.98932,0.92947,0.99985,0.73279,0.93041,0.61505,0.97831,0.99845,0.93778,0.92214,0.96187,0.95636,0.76924,0.98704,0.72395,0.72966,0.98404,0.9841,0.96377,0.51102,0.98994,0.87968,0.90812,0.99351,0.96816,0.98289,0.95934,0.9745,0.98969,0.70327,0.78392,0.95574,0.59047,0.91771,0.95886,0.91003,0.71986,0.88095,0.89944,0.66478,0.9863,0.98101,0.95346,0.84503,0.99454,0.93049,0.86592,0.99687,0.85549,0.93064,0.64058,0.87045,0.97997,0.67186,0.99844,0.68617,0.75562
3.22,0.90213,0.99957,0.98109,0.71783,0.99841,0.97472,0.99995,0.85409,0.92538,0.53328,0.99987,0.98903,0.9319,0.99986,0.73288,0.93197,0.6146,0.97826,0.99836,0.93706,0.92366,0.96613,0.97905,0.76893,0.98685,0.72272,0.73052,0.98199,0.97166,0.95924,0.52314,0.99068,0.88007,0.90778,0.99286,0.96639,0.98425,0.95964,0.97419,0.98969,0.70863,0.7808,0.95536,0.59403,0.91853,0.95828,0.91282,0.71953,0.88091,0.90102,0.66438,0.98633,0.98069,0.95285,0.84211,0.99233,0.96243,0.8657,0.99676,0.85631,0.92993,0.65314,0.84426,0.97685,0.68123,0.99879,0.68552,0.756
3.24,0.90383,0.99978,0.98047,0.71883,0.99866,0.97472,0.9999,0.85644,0.92511,0.53862,0.99987,0.98837,0.9353,0.99984,0.73334,0.93289,0.61477,0.9782,0.99824,0.93575,0.92457,0.96914,0.9965,0.76866,0.98645,0.72065,0.732,0.97835,0.95499,0.95488,0.54759,0.9915,0.88049,0.90743,0.99152,0.96396,0.98488,0.9602,0.97299,0.98969,0.71599,0.7767,0.9551,0.59864,0.91858,0.95697,0.91673,0.72057,0.88065,0.90194,0.66453,0.98638,0.98028,0.95173,0.84033,0.99044,0.98985,0.8655,0.99651,0.85771,0.9287,0.67338,0.81455,0.97381,0.70007,0.99913,0.68482,0.75639
3.26,0.90527,0.99991,0.97955,0.71958,0.99882,0.97472,0.99982,0.85846,0.92484,0.54301,0.99988,0.98791,0.93815,0.99984,0.73363,0.93402,0.61464,0.97814,0.99814,0.93454,0.9259,0.97274,0.99985,0.76813,0.98618,0.71912,0.73308,0.97509,0.93548,0.95011,0.5667,0.99224,0.88088,0.90709,0.99037,0.96181,0.98578,0.96063,0.97216,0.98969,0.72192,0.77314,0.95485,0.60244,0.91915,0.95606,0.92,0.72097,0.8805,0.90309,0.66442,0.98642,0.97995,0.95069,0.83771,0.98776,0.9996,0.86512,0.99635,0.85874,0.9278,0.68966,0.78374,0.97046,0.71473,0.99941,0.68417,0.75676
3.28,0.90616,1.00001,0.97849,0.72048,0.99895,0.97472,0.99967,0.86065,0.92427,0.5488,0.99988,0.98727,0.941,0.99983,0.73395,0.93541,0.61456,0.97806,0.99798,0.93395,0.92665,0.97509,0.99042,0.76875,0.98575,0.71695,0.73462,0.97172,0.90924,0.94502,0.58209,0.99292,0.88133,0.90669,0.98965,0.95928,0.98675,0.96113,0.9714,0.98969,0.72948,0.76928,0.95433,0.60745,0.91905,0.95484,0.92329,0.72145,0.88032,0.9045,0.66435,0.98647,0.97943,0.95018,0.8362,0.98572,0.99512,0.86556,0.99608,0.86018,0.92651,0.70497,0.7461,0.96684,0.7265,0.99964,0.68341,0.75719
3.3,0.90833,1.00004,0.97782,0.72119,0.99914,0.97472,0.99955,0.86258,0.92435,0.55195,0.9999,0.98686,0.94389,0.99982,0.73429,0.9361,0.61452,0.97804,0.99793,0.93192,0.92838,0.97907,0.97317,0.76695,0.98558,0.71588,0.73538,0.96743,0.88609,0.94004,0.6066,0.99364,0.88166,0.90642,0.98788,0.95718,0.98734,0.96152,0.97023,0.98969,0.73397,0.76586,0.9544,0.61018,0.92012,0.95405,0.92663,0.72209,0.88014,0.9052,0.66432,0.98648,0.97926,0.94845,0.83267,0.98164,0.97991,0.86427,0.99597,0.86089,0.92587,0.72273,0.7152,0.96327,0.74517,0.99983,0.68286,0.75749
3.32,0.91388,1.00004,0.97821,0.7212,0.99943,0.97472,0.99967,0.86375,0.92626,0.54726,0.9999,0.98722,0.94665,0.9998,0.7345,0.93499,0.6145,0.97798,0.99819,0.92561,0.93306,0.9871,0.97054,0.75802,0.9862,0.71818,0.73371,0.96111,0.88188,0.93503,0.65329,0.99452,0.88171,0.90647,0.9832,0.95664,0.987,0.96152,0.96816,0.98969,0.72942,0.7638,0.95617,0.60612,0.92477,0.95474,0.92984,0.72298,0.88002,0.90408,0.6643,0.98653,0.98013,0.94301,0.82271,0.96996,0.97741,0.85782,0.99636,0.85936,0.92728,0.74598,0.70976,0.95965,0.78046,1,0.68279,0.75744
3.34,0.9204,1.00004,0.97896,0.72101,0.99971,0.97472,0.99982,0.86463,0.92877,0.53993,0.99975,0.98782,0.94944,0.99979,0.73471,0.93321,0.61449,0.97801,0.99853,0.91753,0.93848,0.99412,0.97435,0.74643,0.98707,0.72159,0.73124,0.95346,0.88538,0.93032,0.70469,0.99538,0.88162,0.90666,0.97743,0.95663,0.98632,0.96142,0.96563,0.98969,0.72177,0.76223,0.95847,0.59978,0.93036,0.9559,0.93308,0.72398,0.87991,0.90227,0.66429,0.9865,0.98132,0.936,0.81036,0.9524,0.98102,0.84941,0.99689,0.85708,0.92933,0.77054,0.71428,0.95623,0.81878,1.00008,0.68293,0.75723
3.36,0.92606,1.00004,0.97948,0.72095,0.9999,0.97472,0.9999,0.86561,0.93091,0.53398,0.99947,0.98828,0.95219,0.99977,0.73495,0.93174,0.61442,0.97817,0.9988,0.90997,0.94316,0.99814,0.97494,0.73594,0.98779,0.7244,0.7292,0.94556,0.88571,0.9257,0.74826,0.99612,0.88155,0.90682,0.97212,0.95636,0.98584,0.96138,0.96318,0.98969,0.71565,0.7605,0.96042,0.59464,0.93511,0.95678,0.93628,0.72486,0.87978,0.90079,0.66423,0.98639,0.98231,0.92942,0.79889,0.93291,0.98157,0.84176,0.99731,0.85518,0.93102,0.79271,0.71471,0.95286,0.85074,1.00007,0.68304,0.75705
3.38,0.93196,1.00004,0.98026,0.72073,1.00002,0.97472,0.99995,0.86673,0.93321,0.527,0.999,0.9888,0.95459,0.99975,0.73509,0.9301,0.61458,0.97765,0.99905,0.90103,0.94813,0.99996,0.97639,0.72432,0.9885,0.72752,0.72696,0.93669,0.88459,0.91884,0.79082,0.9969,0.88165,0.90681,0.96629,0.95615,0.98509,0.96127,0.96064,0.98969,0.70859,0.75849,0.96248,0.58859,0.94029,0.95782,0.9391,0.72605,0.8797,0.89913,0.66437,0.98675,0.98331,0.92158,0.7858,0.90809,0.98292,0.83325,0.99771,0.85305,0.93286,0.81454,0.71326,0.94782,0.88136,0.99993,0.68287,0.75706
3.4,0.93695,1.00004,0.98055,0.72078,1.00009,0.97472,0.99996,0.86746,0.93521,0.52141,0.99849,0.98921,0.95746,0.99974,0.73542,0.92862,0.61427,0.97852,0.99927,0.8936,0.95213,0.99938,0.97753,0.71379,0.98923,0.73025,0.72497,0.92776,0.88829,0.91628,0.82594,0.99742,0.88138,0.90718,0.96107,0.95596,0.9848,0.96129,0.95795,0.98969,0.70251,0.7572,0.96427,0.58376,0.9443,0.95863,0.94247,0.72661,0.87952,0.89765,0.6641,0.98614,0.98428,0.91504,0.77448,0.88297,0.98397,0.8255,0.99809,0.85117,0.93447,0.83396,0.71806,0.94593,0.90603,0.99975,0.68333,0.75666
3.42,0.9398,1.00004,0.97935,0.72159,1.00008,0.97472,0.99995,0.86716,0.93646,0.52044,0.99834,0.98926,0.9618,0.99976,0.73636,0.92778,0.61261,0.98325,0.99945,0.89142,0.95377,0.99806,0.97652,0.70739,0.98996,0.73162,0.72388,0.92001,0.90292,0.92616,0.84872,0.99741,0.88001,0.90864,0.95796,0.95562,0.98597,0.96174,0.95503,0.98969,0.70004,0.75772,0.96537,0.58292,0.94532,0.95872,0.9476,0.72541,0.879,0.8968,0.66266,0.98233,0.98519,0.91312,0.76961,0.86651,0.98304,0.82078,0.99845,0.85021,0.93534,0.84903,0.73749,0.9532,0.92168,0.99975,0.68561,0.75505
3.44,0.9419,1.00004,0.97759,0.72265,1.00001,0.97473,0.99994,0.86647,0.9374,0.52102,0.99834,0.98919,0.96635,0.99979,0.73748,0.92715,0.61048,0.98837,0.99961,0.89131,0.95463,0.99656,0.97503,0.70241,0.99069,0.73257,0.72308,0.91262,0.92036,0.93929,0.8664,0.99722,0.87828,0.91043,0.95561,0.95529,0.98754,0.96233,0.95198,0.98969,0.69876,0.75895,0.9662,0.58343,0.94536,0.95859,0.95302,0.72355,0.87839,0.89618,0.66082,0.97685,0.98604,0.91302,0.76699,0.85325,0.98166,0.8171,0.99879,0.84956,0.93599,0.86212,0.76165,0.96273,0.93357,0.99982,0.68848,0.75307
3.46,0.94424,1.00003,0.97605,0.72358,0.99986,0.97473,0.99993,0.86594,0.93839,0.52092,0.99826,0.98918,0.97032,0.99982,0.73846,0.92646,0.60859,0.99205,0.99973,0.89049,0.95584,0.99435,0.97375,0.69675,0.99138,0.73371,0.72214,0.90469,0.93444,0.94936,0.88383,0.99712,0.87676,0.91198,0.95292,0.95499,0.98879,0.96284,0.94888,0.98969,0.69697,0.75989,0.96707,0.58334,0.94585,0.95858,0.9578,0.72197,0.87785,0.89548,0.65919,0.97151,0.98685,0.91229,0.76327,0.83751,0.98045,0.8129,0.99909,0.84876,0.93674,0.87494,0.78218,0.96992,0.94503,0.99986,0.69096,0.75134
3.48,0.94668,1.00003,0.97428,0.72456,0.99962,0.97473,0.99992,0.86548,0.93971,0.52062,0.99819,0.98914,0.97444,0.99984,0.73967,0.92558,0.60654,0.99553,0.99986,0.88862,0.957,0.99143,0.9725,0.69076,0.99205,0.73488,0.72119,0.89572,0.94768,0.95936,0.90279,0.99699,0.87496,0.9138,0.95003,0.95454,0.9901,0.96337,0.94549,0.98969,0.69492,0.76072,0.96822,0.58308,0.94631,0.95849,0.9628,0.72047,0.87718,0.89461,0.65741,0.96439,0.98777,0.91064,0.75962,0.81995,0.97928,0.80845,0.99935,0.84794,0.9375,0.88812,0.80264,0.97693,0.95714,0.9999,0.6939,0.74931
3.5,0.94859,1.00003,0.97269,0.72551,0.99934,0.97473,0.99991,0.86479,0.94025,0.52115,0.99814,0.98915,0.97757,0.99987,0.74047,0.92514,0.60471,0.99738,0.99992,0.88939,0.95803,0.98859,0.97087,0.68569,0.99268,0.73588,0.72035,0.88811,0.95901,0.96734,0.91403,0.99688,0.87363,0.91511,0.9477,0.9544,0.99118,0.96388,0.94241,0.98969,0.69372,0.76195,0.96868,0.58354,0.9466,0.9585,0.96665,0.71862,0.87674,0.89417,0.65583,0.95888,0.98837,0.91133,0.75631,0.805,0.97774,0.80469,0.99956,0.84724,0.93816,0.89832,0.82136,0.98239,0.96409,0.99993,0.69603,0.74783
3.52,0.94938,1.00003,0.97193,0.72633,0.99913,0.97473,0.99991,0.86356,0.9387,0.52352,0.99812,0.98932,0.97866,0.9999,0.74006,0.92583,0.60362,0.99698,0.99989,0.89721,0.95892,0.98714,0.96826,0.6829,0.99325,0.73651,0.71977,0.88481,0.96751,0.97168,0.90908,0.99688,0.87387,0.91487,0.94672,0.9551,0.99166,0.96432,0.94039,0.98969,0.69459,0.76414,0.96733,0.58559,0.94673,0.95885,0.96799,0.71599,0.87697,0.89486,0.65488,0.96022,0.98811,0.91822,0.75337,0.79786,0.97524,0.80261,0.99973,0.84679,0.93862,0.90249,0.83645,0.9853,0.96106,0.99993,0.69566,0.7481
3.54,0.9497,1.00004,0.97142,0.72711,0.99895,0.97473,0.99993,0.86211,0.93632,0.52668,0.99812,0.98955,0.97904,0.99993,0.73924,0.92696,0.60278,0.99574,0.99983,0.90705,0.95972,0.98636,0.96515,0.68108,0.99378,0.73697,0.71931,0.88329,0.97457,0.97479,0.89733,0.99691,0.87459,0.91415,0.94633,0.9561,0.99197,0.96474,0.93878,0.98969,0.6963,0.76671,0.96525,0.58832,0.94674,0.9593,0.96847,0.71302,0.87742,0.89599,0.65415,0.96384,0.98753,0.92686,0.75073,0.79414,0.97222,0.80125,0.99986,0.84647,0.93898,0.90436,0.84996,0.98734,0.9537,0.99992,0.69449,0.74891
3.56,0.95018,1.00004,0.97075,0.7279,0.99872,0.97473,0.99994,0.86074,0.93427,0.52951,0.99811,0.98974,0.97971,0.99995,0.73863,0.9279,0.60182,0.99476,0.99977,0.91516,0.96053,0.98526,0.96207,0.67884,0.99427,0.7375,0.71881,0.88105,0.98084,0.97801,0.88771,0.99692,0.87501,0.91372,0.94572,0.95695,0.99237,0.96516,0.93697,0.98969,0.69766,0.76912,0.96343,0.59076,0.94679,0.95969,0.96929,0.71019,0.87776,0.89693,0.65332,0.96623,0.9871,0.93394,0.74796,0.78897,0.96922,0.79958,0.99996,0.8461,0.93937,0.90706,0.86308,0.98941,0.94754,0.99992,0.69381,0.7494
3.58,0.95083,1.00003,0.97022,0.72872,0.99847,0.97473,0.99994,0.85936,0.93221,0.53224,0.9981,0.98995,0.98047,0.99996,0.73793,0.92877,0.60085,0.99355,0.9997,0.92392,0.96136,0.98393,0.95886,0.67646,0.99481,0.73807,0.71826,0.87827,0.98665,0.98149,0.87923,0.99696,0.87573,0.91299,0.9449,0.95778,0.99267,0.96559,0.93502,0.98969,0.69892,0.77155,0.96158,0.59313,0.94685,0.96012,0.97025,0.7073,0.87814,0.8978,0.65249,0.96878,0.98662,0.94155,0.74512,0.78297,0.96606,0.79781,1.00004,0.84569,0.93981,0.91032,0.87661,0.9916,0.94204,0.99991,0.69264,0.75022
3.6,0.95102,1.00002,0.96944,0.72947,0.99824,0.97473,0.99995,0.85796,0.92988,0.5353,0.9981,0.99014,0.98082,0.99996,0.73732,0.92987,0.59996,0.99221,0.99962,0.93064,0.96213,0.98312,0.95543,0.67458,0.9952,0.73851,0.71784,0.87699,0.99061,0.98356,0.86529,0.99695,0.87596,0.91275,0.94466,0.9587,0.99311,0.96599,0.93339,0.98969,0.70056,0.77402,0.95948,0.59578,0.94689,0.9605,0.97069,0.70442,0.87848,0.8989,0.65171,0.97124,0.98615,0.94735,0.74243,0.77936,0.96266,0.7964,1.00008,0.84538,0.94013,0.9118,0.88715,0.99287,0.93283,0.99991,0.69227,0.75048
3.62,0.95011,0.99999,0.9678,0.73007,0.99812,0.97473,0.99996,0.85653,0.92701,0.53907,0.9981,0.99026,0.98028,0.99996,0.73705,0.93148,0.59918,0.99102,0.99957,0.93229,0.9628,0.98357,0.95164,0.67364,0.99527,0.73861,0.71774,0.87942,0.99212,0.98251,0.8368,0.99683,0.87465,0.91408,0.94581,0.95986,0.99396,0.9663,0.93256,0.98969,0.70294,0.77653,0.95686,0.59903,0.94687,0.96075,0.97,0.70159,0.87862,0.90052,0.65104,0.97318,0.98582,0.94877,0.74005,0.78136,0.95886,0.7957,1.00008,0.84531,0.94022,0.90899,0.89158,0.99223,0.91353,0.99995,0.6944,0.74899
3.64,0.94873,0.99995,0.96585,0.7306,0.99804,0.97473,0.99996,0.85511,0.92389,0.54312,0.9981,0.99036,0.97932,0.99994,0.73688,0.93329,0.59847,0.98978,0.99952,0.9323,0.96343,0.98454,0.94764,0.6732,0.99523,0.73858,0.71776,0.88325,0.99278,0.98024,0.79969,0.99666,0.87283,0.91589,0.94752,0.96107,0.99487,0.96658,0.93207,0.98969,0.70566,0.77903,0.95397,0.60254,0.94686,0.96096,0.96881,0.69879,0.87872,0.90235,0.65042,0.97499,0.98553,0.94877,0.73781,0.78571,0.95483,0.79537,1.00008,0.84533,0.9402,0.90441,0.89364,0.99083,0.88764,0.99998,0.69732,0.74694
3.66,0.94752,0.99989,0.96401,0.73116,0.99795,0.97473,0.99995,0.8537,0.92083,0.54703,0.9981,0.99047,0.97849,0.99993,0.73665,0.93499,0.59774,0.98844,0.99946,0.93309,0.96406,0.98528,0.94359,0.67265,0.99523,0.73861,0.71772,0.88638,0.99366,0.9785,0.76202,0.99652,0.87128,0.91742,0.94901,0.96221,0.99564,0.96687,0.93145,0.98969,0.70826,0.78148,0.95112,0.60592,0.94688,0.96119,0.96778,0.69599,0.87884,0.90407,0.64979,0.97676,0.98522,0.94945,0.73552,0.7891,0.95072,0.79496,1.00008,0.84531,0.94023,0.90052,0.89646,0.98973,0.86071,1.00001,0.6998,0.7452
3.68,0.94638,0.99982,0.96192,0.73174,0.99784,0.97473,0.99994,0.85214,0.91751,0.55093,0.99812,0.99059,0.97779,0.9999,0.73648,0.93663,0.59694,0.98694,0.99939,0.93378,0.96471,0.9859,0.93901,0.67161,0.99525,0.73864,0.71768,0.88952,0.99475,0.97626,0.71922,0.99634,0.86953,0.91911,0.95038,0.96345,0.99642,0.96717,0.93072,0.98969,0.71071,0.78422,0.94798,0.60929,0.94674,0.96143,0.96691,0.693,0.87893,0.90574,0.6491,0.97856,0.9849,0.95004,0.73314,0.79197,0.94605,0.79418,1.00008,0.84528,0.94026,0.89649,0.9002,0.98829,0.8295,1.00004,0.70256,0.74327
3.7,0.94494,0.99975,0.96014,0.73226,0.99777,0.97473,0.99992,0.8509,0.91453,0.55483,0.99809,0.99068,0.97668,0.99987,0.73621,0.93836,0.5963,0.98557,0.99933,0.93422,0.9653,0.98683,0.93506,0.67171,0.99522,0.73864,0.71768,0.89281,0.99509,0.97452,0.67572,0.99621,0.86803,0.92053,0.95209,0.96443,0.99701,0.96744,0.93028,0.98969,0.71348,0.78637,0.94514,0.61267,0.94694,0.96162,0.96554,0.69039,0.87908,0.90752,0.64855,0.98006,0.9846,0.95042,0.73093,0.79637,0.942,0.79426,1.00008,0.84529,0.94026,0.89212,0.90145,0.98717,0.79726,1.00006,0.70491,0.74163
3.72,0.94279,0.99972,0.95928,0.73267,0.99781,0.97473,0.99989,0.85052,0.91255,0.55891,0.99788,0.99073,0.97441,0.99985,0.73563,0.94041,0.59598,0.98476,0.99928,0.93469,0.96574,0.98841,0.93316,0.67481,0.99511,0.73856,0.71775,0.89641,0.99353,0.97484,0.63742,0.99621,0.86731,0.92123,0.95459,0.96479,0.99728,0.96765,0.93057,0.98969,0.71729,0.78703,0.94324,0.6162,0.94818,0.96171,0.96276,0.68873,0.8794,0.90962,0.64827,0.98089,0.98432,0.95082,0.72925,0.8041,0.94005,0.79658,1.00007,0.84534,0.9402,0.88716,0.89603,0.98737,0.76851,1.00006,0.70604,0.74082
3.74,0.94031,0.99971,0.95881,0.73303,0.9979,0.97473,0.99983,0.8505,0.91101,0.56295,0.99759,0.99075,0.97163,0.99983,0.73495,0.94252,0.59583,0.98417,0.99922,0.93491,0.96614,0.99017,0.9321,0.67904,0.99497,0.73845,0.71786,0.90005,0.99093,0.97581,0.6009,0.99626,0.86687,0.92165,0.95739,0.9649,0.99741,0.96784,0.93113,0.98969,0.72136,0.78707,0.94176,0.61969,0.94972,0.96176,0.95937,0.68749,0.87978,0.9118,0.64814,0.98146,0.98408,0.95101,0.72773,0.81313,0.93895,0.79973,1.00006,0.84542,0.94012,0.88193,0.88805,0.988,0.74084,1.00005,0.70672,0.74033
3.76,0.93791,0.99969,0.95823,0.73341,0.99797,0.97473,0.99976,0.85037,0.90934,0.56682,0.99733,0.99078,0.96895,0.99981,0.73432,0.94451,0.59565,0.98347,0.99917,0.93502,0.96658,0.9917,0.93071,0.68275,0.99485,0.73836,0.71795,0.90348,0.98844,0.97644,0.56224,0.99629,0.86634,0.92216,0.96003,0.9651,0.99758,0.96803,0.93156,0.98969,0.72514,0.7873,0.94014,0.62305,0.95103,0.96183,0.95615,0.68611,0.88012,0.91387,0.64798,0.98212,0.98384,0.9511,0.72606,0.82146,0.93751,0.8025,1.00005,0.84548,0.94005,0.8768,0.88121,0.98841,0.71131,1.00005,0.70755,0.73974
3.78,0.93544,0.99967,0.95732,0.73381,0.99804,0.97473,0.99967,0.85,0.90725,0.57132,0.997,0.99082,0.96587,0.99978,0.73365,0.94665,0.59525,0.98268,0.99909,0.93599,0.96693,0.993,0.92896,0.68633,0.99469,0.73826,0.71805,0.9073,0.98506,0.97711,0.51493,0.99631,0.86564,0.92282,0.96267,0.96539,0.99782,0.96823,0.93203,0.98969,0.72946,0.78793,0.93811,0.62694,0.95259,0.9619,0.95246,0.68444,0.88049,0.91611,0.64764,0.98284,0.98351,0.95193,0.72468,0.82903,0.9357,0.80516,1.00003,0.84555,0.93997,0.87085,0.87274,0.98884,0.67488,1.00004,0.70863,0.73897
3.8,0.93291,0.99967,0.95719,0.73415,0.9981,0.97473,0.99959,0.8502,0.90609,0.57448,0.99676,0.99084,0.96318,0.99976,0.73305,0.94836,0.59535,0.98212,0.99906,0.93516,0.96743,0.99442,0.92817,0.69039,0.99459,0.73817,0.71814,0.91013,0.98237,0.97786,0.48138,0.99636,0.86534,0.9231,0.96531,0.96542,0.99785,0.96841,0.93246,0.98969,0.73264,0.78758,0.93697,0.62967,0.95366,0.96194,0.94924,0.68349,0.88081,0.91791,0.64772,0.98333,0.98336,0.95122,0.72275,0.83792,0.93488,0.80818,1.00001,0.84562,0.9399,0.86628,0.86649,0.98932,0.64889,1.00004,0.70909,0.73864
3.82,0.93038,0.99972,0.95913,0.7343,0.99813,0.97473,0.99959,0.85193,0.90743,0.57385,0.99685,0.99082,0.96189,0.99978,0.73274,0.94904,0.59669,0.98199,0.99912,0.92901,0.96836,0.99613,0.92943,0.69545,0.99463,0.73812,0.71818,0.91044,0.98276,0.97851,0.4901,0.99653,0.86615,0.92231,0.96788,0.96478,0.99732,0.96848,0.93267,0.98969,0.73261,0.78458,0.93827,0.62913,0.95326,0.96189,0.94771,0.68422,0.88098,0.91863,0.64888,0.98344,0.98364,0.94594,0.71902,0.84996,0.93619,0.81194,1.00002,0.84566,0.93987,0.86576,0.86736,0.98973,0.65566,1.00001,0.70784,0.73956
3.84,0.92781,0.99979,0.96175,0.73441,0.99815,0.97473,0.99962,0.85418,0.90966,0.57192,0.99704,0.99077,0.96115,0.9998,0.73249,0.94929,0.59852,0.98214,0.99922,0.92067,0.96941,0.99769,0.93169,0.70093,0.99474,0.73808,0.71819,0.9098,0.98427,0.97923,0.51447,0.99671,0.86733,0.92115,0.97043,0.96388,0.99648,0.96854,0.93281,0.98969,0.73147,0.78066,0.94045,0.62746,0.9524,0.96181,0.94683,0.68568,0.88112,0.91889,0.65047,0.98331,0.98409,0.93873,0.71477,0.86289,0.93853,0.816,1.00003,0.84568,0.93986,0.86681,0.87087,0.99019,0.67453,0.99997,0.706,0.74091
3.86,0.92519,0.99984,0.96395,0.73456,0.99818,0.97473,0.99964,0.85613,0.91147,0.57066,0.99717,0.99073,0.96022,0.99982,0.73219,0.94965,0.60016,0.98231,0.99931,0.913,0.97034,0.99881,0.93372,0.7062,0.99483,0.73804,0.71821,0.90954,0.98532,0.98002,0.53157,0.99687,0.8683,0.9202,0.97296,0.96308,0.99567,0.96862,0.93297,0.98969,0.73087,0.77724,0.9422,0.62637,0.95182,0.96173,0.94573,0.68691,0.88128,0.91928,0.65189,0.98316,0.98447,0.93206,0.71089,0.87481,0.94061,0.8199,1.00004,0.84571,0.93984,0.86724,0.87335,0.99069,0.68773,0.99994,0.70449,0.74201
3.88,0.92249,0.99989,0.96616,0.7346,0.99821,0.97473,0.99966,0.85825,0.91327,0.56904,0.99736,0.99071,0.95896,0.99983,0.73203,0.95035,0.60165,0.9819,0.99937,0.904,0.97144,0.99954,0.93467,0.71129,0.99486,0.73798,0.71826,0.90951,0.98595,0.98036,0.54745,0.99708,0.86946,0.91904,0.9755,0.96226,0.99473,0.96864,0.93318,0.98969,0.73012,0.77351,0.94394,0.62497,0.9509,0.96168,0.94424,0.68768,0.88137,0.92001,0.65317,0.98351,0.98479,0.92418,0.70621,0.88565,0.9416,0.82366,1.00005,0.84575,0.9398,0.86729,0.87488,0.9909,0.69996,0.99987,0.70267,0.74335
3.9,0.91983,0.99993,0.96829,0.73488,0.99822,0.97473,0.99967,0.86008,0.9152,0.56788,0.99743,0.99065,0.95847,0.99986,0.73155,0.95025,0.60354,0.98272,0.99946,0.89619,0.97216,0.99996,0.93799,0.71671,0.99503,0.73796,0.71825,0.90877,0.98757,0.98157,0.5683,0.99717,0.87028,0.91821,0.97794,0.96138,0.99371,0.96878,0.93327,0.98969,0.72944,0.77029,0.94578,0.62396,0.95057,0.96156,0.94366,0.6896,0.88163,0.91991,0.65482,0.98281,0.98524,0.91732,0.70305,0.89727,0.94501,0.82765,1.00006,0.84577,0.93982,0.86849,0.87894,0.99165,0.71596,0.99984,0.70138,0.7443
3.92,0.91728,0.99997,0.97028,0.73577,0.99818,0.97473,0.99968,0.86113,0.91743,0.56814,0.99711,0.99049,0.96017,0.99991,0.73043,0.948,0.60658,0.98693,0.99962,0.89299,0.97199,0.99987,0.94697,0.72299,0.99559,0.73801,0.71804,0.90623,0.99131,0.98507,0.59967,0.99696,0.87013,0.91836,0.98023,0.96047,0.99264,0.96923,0.93303,0.98969,0.72905,0.76843,0.94791,0.62418,0.95209,0.96121,0.94568,0.69434,0.88225,0.91753,0.65745,0.97858,0.98609,0.9145,0.70383,0.91167,0.95416,0.83227,1.00009,0.84573,0.93998,0.87255,0.88916,0.99378,0.73991,0.99991,0.70162,0.74413
3.94,0.91481,1,0.97215,0.73692,0.99813,0.97473,0.99969,0.86186,0.91971,0.56894,0.99664,0.99028,0.96255,0.99995,0.72892,0.94488,0.60999,0.99136,0.99976,0.89156,0.97143,0.99896,0.9572,0.72958,0.99625,0.73809,0.71777,0.90295,0.99501,0.98886,0.63413,0.99661,0.86962,0.91886,0.9824,0.95949,0.99153,0.9698,0.93265,0.98969,0.7288,0.76714,0.95006,0.62488,0.95416,0.9608,0.94849,0.70018,0.88307,0.91426,0.66039,0.97264,0.98701,0.91324,0.70626,0.92596,0.96442,0.83711,1.00005,0.84567,0.94019,0.8776,0.90114,0.99596,0.76603,0.99999,0.70242,0.74355
3.96,0.91232,1.00002,0.97389,0.73799,0.99808,0.97473,0.99969,0.86264,0.92182,0.56959,0.99622,0.99011,0.96441,0.99996,0.72741,0.9421,0.61311,0.99442,0.99986,0.88944,0.97097,0.9973,0.96568,0.73589,0.9968,0.73817,0.71753,0.89998,0.99749,0.99177,0.66484,0.99631,0.86924,0.91924,0.98454,0.95848,0.99038,0.97033,0.93234,0.98969,0.7286,0.76576,0.95204,0.62544,0.95586,0.96044,0.95071,0.70551,0.88389,0.91137,0.6631,0.96698,0.9878,0.91137,0.70823,0.93838,0.97274,0.84172,0.99995,0.84562,0.94038,0.88203,0.91144,0.99751,0.78912,1.00004,0.70302,0.74312
3.98,0.90947,1.00004,0.97596,0.73889,0.99804,0.97473,0.99971,0.8638,0.92437,0.56978,0.9957,0.98988,0.96675,0.99994,0.72669,0.93905,0.61661,0.99732,0.99996,0.88652,0.9708,0.99465,0.9729,0.7422,0.99732,0.73822,0.71729,0.89678,0.99917,0.99451,0.69604,0.99599,0.86901,0.91947,0.98693,0.95762,0.98886,0.97077,0.93202,0.98969,0.72788,0.76371,0.95442,0.6256,0.9578,0.95997,0.95351,0.71054,0.88428,0.90822,0.66612,0.95907,0.98881,0.90879,0.70895,0.95049,0.97966,0.84633,0.99979,0.84558,0.94056,0.88664,0.92148,0.99881,0.81238,1.00008,0.70338,0.74285
4,0.9073,1.00004,0.97717,0.7402,0.99798,0.97473,0.9997,0.86411,0.92592,0.57112,0.99527,0.98974,0.96813,0.9999,0.72421,0.93615,0.61942,0.99858,0.99999,0.88574,0.96993,0.99165,0.98004,0.74847,0.99779,0.73834,0.71702,0.89375,0.99995,0.99636,0.72281,0.99564,0.86838,0.92007,0.98872,0.95641,0.98789,0.97141,0.93168,0.98969,0.72832,0.76315,0.95585,0.62676,0.95929,0.9597,0.95515,0.71634,0.88562,0.90526,0.66856,0.95379,0.98931,0.90809,0.7126,0.95988,0.98626,0.85089,0.99956,0.8455,0.94077,0.89085,0.9307,0.99953,0.83214,1.00009,0.70437,0.74216
4.02,0.90701,1.00002,0.97614,0.74258,0.99793,0.97473,0.99962,0.86198,0.92484,0.57511,0.99521,0.9899,0.96672,0.99979,0.71719,0.9341,0.61992,0.99753,0.99993,0.89009,0.96705,0.98959,0.98835,0.75371,0.99822,0.73867,0.71662,0.89156,0.99992,0.99685,0.7396,0.99528,0.86662,0.92166,0.98895,0.95411,0.98872,0.97256,0.93129,0.98969,0.73153,0.76693,0.95485,0.63021,0.95946,0.96001,0.95346,0.7237,0.8894,0.90317,0.66899,0.95834,0.98843,0.91194,0.72424,0.9649,0.99347,0.8547,0.99926,0.84526,0.94109,0.8938,0.93863,0.99969,0.84443,1.00008,0.7071,0.74033
4.04,0.90747,0.99995,0.97428,0.74536,0.99786,0.97473,0.9995,0.85903,0.92276,0.58029,0.99529,0.99015,0.96433,0.99961,0.7085,0.93229,0.61982,0.995,0.99976,0.89642,0.96328,0.98799,0.99472,0.7591,0.99859,0.73907,0.71618,0.8896,0.99922,0.997,0.75296,0.99489,0.86447,0.92355,0.98858,0.95142,0.9901,0.97388,0.93089,0.98969,0.73595,0.77214,0.95292,0.6347,0.95922,0.96052,0.95062,0.73178,0.89405,0.90133,0.6689,0.96568,0.98699,0.91753,0.73833,0.96824,0.99822,0.8586,0.99891,0.84498,0.94143,0.89639,0.94577,0.99973,0.85415,1.00005,0.71043,0.73811
4.06,0.90764,0.99983,0.9728,0.74794,0.9978,0.97473,0.99936,0.85656,0.92109,0.58514,0.99529,0.99034,0.96241,0.99938,0.70057,0.93031,0.62024,0.99238,0.99955,0.9019,0.95975,0.98606,0.99835,0.76496,0.9989,0.73941,0.71579,0.88747,0.99788,0.99735,0.76729,0.9945,0.86253,0.92524,0.98844,0.9489,0.99111,0.97507,0.9305,0.98969,0.74001,0.77649,0.95136,0.63889,0.95921,0.96092,0.94832,0.73956,0.89824,0.89934,0.66926,0.97094,0.98574,0.92234,0.7506,0.97182,1,0.86284,0.99852,0.84474,0.94174,0.89914,0.95244,0.99983,0.86451,1,0.71339,0.73613
4.08,0.90759,0.99964,0.97099,0.75059,0.99773,0.97473,0.99925,0.85344,0.91949,0.58895,0.99534,0.99057,0.96004,0.99912,0.69312,0.92833,0.61961,0.9888,0.99929,0.9064,0.9557,0.98347,1.00004,0.7682,0.99925,0.73987,0.71526,0.88546,0.99563,0.99744,0.78116,0.99405,0.86034,0.9271,0.98848,0.94589,0.99223,0.97627,0.93007,0.98968,0.74304,0.78194,0.94985,0.64219,0.95904,0.96139,0.94552,0.74646,0.90214,0.89735,0.66872,0.9763,0.98437,0.92629,0.76371,0.97595,0.99862,0.86517,0.99792,0.84441,0.94214,0.90168,0.95935,0.99985,0.87447,0.99992,0.71671,0.73392
4.1,0.90817,0.99946,0.96952,0.75316,0.99768,0.97473,0.99903,0.85142,0.91746,0.59511,0.99533,0.99075,0.95819,0.99871,0.6846,0.92634,0.62103,0.98501,0.99895,0.91279,0.95205,0.98202,0.99955,0.77669,0.9994,0.7401,0.71501,0.8832,0.99331,0.99792,0.79401,0.99368,0.85855,0.9286,0.988,0.94365,0.99306,0.9774,0.92974,0.98968,0.74842,0.78546,0.94793,0.64752,0.95909,0.96175,0.94333,0.75503,0.90656,0.89537,0.66995,0.98063,0.98292,0.93188,0.77471,0.97798,0.99641,0.87127,0.99758,0.84425,0.94234,0.90447,0.96436,0.99996,0.88362,0.99984,0.7194,0.73212
4.12,0.91028,0.99946,0.9694,0.75542,0.99766,0.97473,0.99846,0.85258,0.91447,0.60751,0.99504,0.99076,0.95811,0.99794,0.67302,0.92429,0.62806,0.98274,0.99857,0.92453,0.95009,0.98381,0.99962,0.79911,0.99911,0.7397,0.7155,0.88037,0.9928,0.99923,0.80527,0.99348,0.858,0.92907,0.98626,0.9437,0.99313,0.97839,0.92962,0.98968,0.75964,0.78344,0.94509,0.65825,0.96003,0.96178,0.94324,0.76788,0.91247,0.89332,0.67603,0.98278,0.98145,0.94208,0.78035,0.97543,0.99987,0.88724,0.99818,0.84453,0.94196,0.90787,0.9653,0.99999,0.89158,0.99979,0.72022,0.73155
4.14,0.91295,0.99954,0.96969,0.75759,0.99766,0.97473,0.99759,0.85492,0.91105,0.62198,0.99468,0.99072,0.95866,0.99685,0.66066,0.92222,0.63709,0.98095,0.99813,0.93695,0.94877,0.9867,0.9928,0.82497,0.99857,0.73906,0.71626,0.87722,0.99302,1.00001,0.81578,0.99338,0.85789,0.9292,0.984,0.94465,0.99297,0.97931,0.92962,0.98968,0.77287,0.77936,0.94179,0.67077,0.96117,0.96169,0.94389,0.78207,0.91868,0.89128,0.68385,0.9843,0.97993,0.95276,0.78404,0.97068,0.99691,0.90536,0.99892,0.84499,0.94137,0.91153,0.96489,0.99933,0.89896,0.99977,0.72039,0.7314
4.16,0.91532,0.99959,0.96977,0.7598,0.99766,0.97473,0.9966,0.85679,0.90777,0.63508,0.99437,0.99069,0.95895,0.99559,0.64926,0.92015,0.64515,0.97877,0.99765,0.94718,0.94718,0.98893,0.98097,0.84707,0.99806,0.73849,0.71691,0.87406,0.99284,0.99993,0.82628,0.99326,0.85757,0.92949,0.98195,0.9453,0.99293,0.98023,0.92962,0.98968,0.78485,0.77608,0.93861,0.68211,0.9621,0.96164,0.94423,0.79514,0.9243,0.88923,0.69083,0.98597,0.97838,0.96144,0.78839,0.96633,0.9871,0.92055,0.99938,0.84539,0.94086,0.91509,0.96524,0.99809,0.90627,0.99973,0.72086,0.73105
4.18,0.91768,0.9996,0.96994,0.76203,0.99763,0.97473,0.99549,0.85826,0.90428,0.64827,0.99391,0.99071,0.95911,0.99415,0.63677,0.91793,0.65278,0.97638,0.99705,0.95823,0.94527,0.9906,0.96098,0.86803,0.99726,0.73806,0.71753,0.87135,0.99295,0.99897,0.83592,0.99303,0.85725,0.92977,0.97987,0.94548,0.99283,0.98114,0.92942,0.98968,0.79602,0.7735,0.93519,0.69353,0.96339,0.96167,0.94441,0.80751,0.93034,0.88705,0.69743,0.9876,0.9766,0.97068,0.79346,0.96255,0.96815,0.93465,0.99981,0.8457,0.94038,0.91805,0.96504,0.99596,0.91293,0.99967,0.72133,0.73072
4.2,0.92008,0.9997,0.97,0.76416,0.99767,0.97473,0.99404,0.86081,0.90094,0.66115,0.9937,0.99063,0.95969,0.99236,0.62693,0.91594,0.66155,0.97427,0.99652,0.96508,0.94414,0.99298,0.93813,0.88741,0.99671,0.7373,0.71827,0.86745,0.99264,0.99751,0.84646,0.99305,0.85705,0.92997,0.97771,0.94682,0.9928,0.98199,0.92965,0.98968,0.80839,0.76899,0.93189,0.70468,0.96398,0.9615,0.94511,0.82047,0.93499,0.88509,0.70502,0.98889,0.97513,0.9763,0.79639,0.95608,0.94515,0.94735,0.99997,0.84624,0.9398,0.92216,0.96559,0.99366,0.92014,0.99967,0.72163,0.73047
4.22,0.92253,0.99993,0.96983,0.76603,0.99787,0.97473,0.99189,0.86609,0.89835,0.67242,0.99428,0.99033,0.96122,0.98998,0.62429,0.91467,0.67285,0.97301,0.99636,0.96272,0.94493,0.99668,0.92617,0.90613,0.99731,0.73554,0.71937,0.86092,0.99058,0.99691,0.85891,0.99363,0.85699,0.93012,0.97546,0.95108,0.99289,0.98272,0.93094,0.98968,0.82358,0.75964,0.92932,0.71444,0.96236,0.96089,0.94692,0.83499,0.93623,0.88385,0.71481,0.9896,0.97469,0.97437,0.79435,0.94175,0.93281,0.95923,0.99979,0.84748,0.93894,0.92869,0.96894,0.9928,0.92856,0.99983,0.72172,0.73029
4.24,0.92499,1.00004,0.96952,0.7678,0.99813,0.97473,0.98915,0.87227,0.89594,0.68347,0.99504,0.98993,0.96313,0.98709,0.62407,0.91364,0.68511,0.97216,0.99633,0.95705,0.94651,0.99929,0.91848,0.92275,0.99813,0.73346,0.72058,0.85292,0.98775,0.99675,0.87206,0.99441,0.85705,0.93019,0.97315,0.95617,0.99306,0.9834,0.93264,0.98968,0.83952,0.74857,0.92691,0.72401,0.96002,0.96008,0.94919,0.84977,0.93633,0.88285,0.72543,0.99006,0.97463,0.9697,0.79017,0.92225,0.9248,0.96935,0.99933,0.84893,0.93798,0.93609,0.97276,0.99258,0.93733,0.99999,0.72164,0.7302
4.26,0.92738,0.99997,0.96916,0.76961,0.99835,0.97473,0.9861,0.87783,0.89333,0.69476,0.99562,0.98955,0.96485,0.9839,0.62262,0.91245,0.69675,0.97114,0.99623,0.95284,0.94782,1.00001,0.90791,0.93691,0.99865,0.73161,0.7217,0.8449,0.98508,0.99637,0.8847,0.99509,0.85711,0.93026,0.97085,0.96049,0.99326,0.98408,0.93416,0.98968,0.8543,0.73849,0.9243,0.73378,0.95808,0.95931,0.95124,0.86359,0.93701,0.88169,0.73551,0.99059,0.97437,0.9662,0.78664,0.90186,0.91371,0.97756,0.99884,0.85022,0.93709,0.94294,0.97578,0.99206,0.9456,1.00007,0.72154,0.73013
4.28,0.92976,0.99971,0.96926,0.77143,0.99854,0.97473,0.98285,0.88342,0.89097,0.70423,0.99633,0.98925,0.96638,0.98046,0.6217,0.91141,0.70776,0.96992,0.99617,0.94726,0.94873,0.99902,0.8961,0.95333,0.99925,0.7294,0.72299,0.83839,0.98096,0.99589,0.89423,0.99557,0.85694,0.93049,0.9685,0.96486,0.99321,0.98476,0.93555,0.98968,0.86768,0.72827,0.92191,0.74199,0.95545,0.9587,0.95306,0.87637,0.93744,0.88068,0.74504,0.99119,0.9742,0.96151,0.78416,0.87758,0.90122,0.9864,0.99792,0.85175,0.93606,0.94808,0.97965,0.99142,0.95173,1.00009,0.72179,0.72984
4.3,0.93207,0.99932,0.96838,0.77319,0.99876,0.97473,0.97878,0.88877,0.88807,0.71678,0.9967,0.98874,0.96828,0.9764,0.62028,0.91011,0.71959,0.96915,0.99607,0.94304,0.95056,0.99655,0.88662,0.9607,0.99946,0.72786,0.72397,0.82781,0.97885,0.9957,0.90821,0.99634,0.85727,0.93035,0.96617,0.96864,0.99367,0.9854,0.93725,0.98968,0.88199,0.71838,0.91898,0.75286,0.95394,0.9577,0.95533,0.8894,0.9381,0.87942,0.75529,0.99155,0.97394,0.95794,0.77902,0.8532,0.89113,0.99003,0.99742,0.85282,0.93527,0.95574,0.98136,0.99118,0.96052,1.00004,0.72131,0.73001
4.32,0.93396,0.99895,0.96442,0.77477,0.99907,0.97473,0.9728,0.89367,0.88356,0.73789,0.99622,0.98761,0.97102,0.97105,0.61691,0.90795,0.73405,0.96955,0.99581,0.94403,0.95498,0.99393,0.88342,0.94663,0.9988,0.72831,0.72403,0.80501,0.98347,0.99618,0.93445,0.99785,0.859,0.92915,0.96422,0.97112,0.99548,0.98596,0.93983,0.98968,0.89947,0.7092,0.91437,0.77115,0.95587,0.95548,0.95864,0.90398,0.93965,0.87733,0.76783,0.99137,0.97325,0.95878,0.76592,0.83475,0.88772,0.9829,0.99866,0.8525,0.93522,0.96955,0.97739,0.99181,0.97617,0.99952,0.71873,0.73146
4.34,0.93585,0.99859,0.95917,0.7763,0.99936,0.97473,0.9655,0.89829,0.87843,0.76111,0.99538,0.98623,0.974,0.96483,0.613,0.9055,0.74901,0.9704,0.9955,0.9468,0.95997,0.99115,0.88319,0.92117,0.99735,0.72945,0.72378,0.77648,0.98932,0.99691,0.95929,0.99909,0.8612,0.92755,0.96224,0.97315,0.99731,0.98649,0.94264,0.98968,0.9168,0.70048,0.90909,0.79127,0.95893,0.95285,0.96227,0.91822,0.94144,0.87497,0.78079,0.99096,0.97246,0.96112,0.74988,0.81843,0.88748,0.96841,0.99977,0.85172,0.93543,0.98245,0.97073,0.9928,0.98935,0.99821,0.71542,0.73338
4.36,0.93789,0.99814,0.95427,0.7779,0.9996,0.97473,0.9577,0.90274,0.87349,0.78186,0.99461,0.98495,0.97671,0.95824,0.60936,0.90319,0.76292,0.97104,0.99522,0.94886,0.96414,0.98764,0.88188,0.89699,0.99572,0.73025,0.72367,0.74869,0.99321,0.99749,0.9766,0.99975,0.86311,0.92613,0.96005,0.97525,0.99853,0.98704,0.9452,0.98968,0.93186,0.69197,0.90397,0.80926,0.96136,0.95046,0.96558,0.93092,0.94309,0.87275,0.79284,0.99064,0.97176,0.96286,0.73521,0.80025,0.88608,0.95349,1.00009,0.85116,0.93551,0.99115,0.96454,0.99362,0.99674,0.99643,0.71251,0.73507
4.38,0.93911,0.9976,0.9482,0.7793,0.9998,0.97473,0.94875,0.9077,0.86819,0.80221,0.9938,0.98326,0.97913,0.95076,0.60582,0.90065,0.7774,0.97169,0.99482,0.95016,0.96887,0.98303,0.87959,0.86395,0.99341,0.73117,0.72354,0.71653,0.99646,0.99789,0.99101,0.99998,0.86522,0.92461,0.95872,0.97733,0.99951,0.98751,0.94793,0.98968,0.94592,0.68239,0.89843,0.82692,0.96372,0.94737,0.96858,0.943,0.94469,0.87031,0.8054,0.99031,0.9708,0.96395,0.71699,0.779,0.88363,0.93194,0.99977,0.85053,0.93562,0.99726,0.95712,0.99422,1.00002,0.99331,0.70927,0.73687
4.4,0.94192,0.99707,0.94343,0.78108,0.99993,0.97473,0.93958,0.91125,0.86323,0.82104,0.99282,0.98219,0.98174,0.94328,0.60203,0.89845,0.78966,0.97239,0.99463,0.95333,0.97189,0.97914,0.87992,0.83619,0.99108,0.732,0.72339,0.6873,0.99852,0.99851,0.99707,0.9998,0.867,0.92317,0.95558,0.9791,0.99991,0.9881,0.95021,0.98968,0.95762,0.67544,0.89321,0.84325,0.96625,0.94544,0.97183,0.95318,0.94638,0.86821,0.81603,0.98994,0.97033,0.96661,0.70426,0.76251,0.88398,0.91312,0.99896,0.84995,0.93574,0.9997,0.94971,0.99518,0.99876,0.99104,0.70651,0.73856
4.42,0.94923,0.99666,0.94354,0.78396,0.99998,0.97473,0.93161,0.91124,0.85946,0.83736,0.99153,0.9831,0.98501,0.93705,0.59726,0.89733,0.79635,0.97314,0.99502,0.96126,0.97082,0.9786,0.88701,0.83773,0.99015,0.73246,0.72322,0.67164,0.9994,0.99951,0.99591,0.99998,0.86774,0.92216,0.94691,0.98033,0.99991,0.98903,0.95127,0.98968,0.96604,0.67545,0.88922,0.85743,0.96921,0.94708,0.97598,0.96045,0.94849,0.86714,0.82183,0.98953,0.97127,0.97317,0.70886,0.76027,0.89155,0.91417,0.99854,0.84963,0.93588,0.99993,0.94448,0.997,0.99933,0.99345,0.70537,0.73973
4.44,0.95738,0.9963,0.94536,0.78722,1,0.97473,0.92395,0.90995,0.85614,0.85227,0.99003,0.98465,0.98818,0.9312,0.59234,0.8966,0.8012,0.97391,0.99558,0.96989,0.96825,0.97948,0.89616,0.84922,0.98974,0.73282,0.72303,0.6609,0.99985,1.00004,0.99156,0.9997,0.86815,0.92127,0.93621,0.98132,0.99978,0.99003,0.95194,0.98968,0.97288,0.67798,0.88569,0.87038,0.97221,0.94991,0.98009,0.96644,0.95064,0.86645,0.82604,0.9891,0.97268,0.98019,0.71949,0.76388,0.90129,0.92201,0.99834,0.84938,0.93603,0.9997,0.93992,0.99859,1.00002,0.99663,0.70473,0.74077
4.46,0.96407,0.9959,0.94635,0.79027,1.00003,0.97473,0.91561,0.90925,0.85262,0.86648,0.9885,0.98582,0.99084,0.92482,0.5878,0.8957,0.80693,0.97465,0.99603,0.9767,0.96629,0.9798,0.90367,0.85573,0.98905,0.73322,0.72286,0.64765,1.00003,0.99993,0.98751,0.99896,0.86875,0.92029,0.9264,0.98235,0.9997,0.99092,0.95281,0.98968,0.97914,0.67935,0.88193,0.88273,0.97493,0.95208,0.98362,0.97216,0.9526,0.86559,0.83101,0.98867,0.97383,0.98557,0.72717,0.76523,0.90923,0.92642,0.99799,0.8491,0.93617,0.999,0.93481,0.99952,0.99968,0.99842,0.70379,0.74191
4.48,0.97095,0.99544,0.94747,0.79341,1.00006,0.97473,0.90631,0.90848,0.84875,0.88105,0.98668,0.98703,0.99336,0.91784,0.58226,0.89475,0.81195,0.97543,0.99647,0.9833,0.96423,0.97976,0.91206,0.86264,0.98832,0.73366,0.72264,0.63353,0.99987,0.99908,0.98298,0.99757,0.86919,0.91938,0.91502,0.98343,0.99959,0.99181,0.95354,0.98968,0.98488,0.68085,0.87779,0.8954,0.97776,0.95436,0.9871,0.97758,0.95496,0.86469,0.83537,0.98819,0.975,0.9906,0.7349,0.76505,0.91807,0.93106,0.9976,0.8488,0.93634,0.99777,0.92905,1.00002,0.99872,0.99967,0.70309,0.74295
4.5,0.97592,0.99505,0.94869,0.79641,1.00008,0.97473,0.89791,0.90755,0.84559,0.89252,0.9851,0.98815,0.99516,0.91144,0.57887,0.89397,0.81777,0.97608,0.99689,0.98788,0.9618,0.98079,0.91823,0.87058,0.98777,0.73398,0.72251,0.6218,0.9995,0.998,0.97576,0.99593,0.86987,0.91835,0.90574,0.98428,0.99945,0.99261,0.95445,0.98968,0.98908,0.68266,0.87439,0.90538,0.97994,0.95653,0.98969,0.98186,0.95638,0.86395,0.84042,0.98779,0.97615,0.99391,0.74358,0.76933,0.92454,0.93634,0.9973,0.84857,0.93644,0.9964,0.92432,0.99997,0.99644,1.00008,0.70203,0.74414
4.52,0.97713,0.99487,0.94985,0.79889,1.00009,0.97474,0.89292,0.90648,0.84443,0.89744,0.98455,0.98901,0.99583,0.90716,0.58145,0.89359,0.8264,0.97636,0.99726,0.98917,0.95881,0.98425,0.91838,0.87961,0.98763,0.73401,0.72264,0.61636,0.99928,0.99819,0.96127,0.99512,0.87127,0.91694,0.9033,0.98463,0.99929,0.99325,0.956,0.98968,0.99119,0.68475,0.87314,0.90966,0.98064,0.95822,0.99068,0.9844,0.9553,0.86359,0.84791,0.98761,0.97723,0.99481,0.75373,0.78439,0.92469,0.94229,0.99722,0.84855,0.93634,0.99565,0.92239,1,0.9903,1.00007,0.6998,0.74575
4.54,0.97711,0.9948,0.95106,0.80123,1.00009,0.97474,0.88924,0.90529,0.84401,0.90008,0.98439,0.98978,0.99615,0.9037,0.58618,0.89336,0.83565,0.97651,0.99762,0.98949,0.95544,0.98817,0.91665,0.88915,0.98768,0.73393,0.72286,0.61335,0.99921,0.9988,0.94074,0.99467,0.87291,0.91539,0.90334,0.98479,0.99912,0.99382,0.9577,0.98968,0.99257,0.68706,0.87268,0.91195,0.98084,0.95977,0.99117,0.98628,0.95329,0.86337,0.85594,0.98751,0.97829,0.99503,0.76449,0.80287,0.92289,0.94847,0.99725,0.84861,0.93616,0.99521,0.92178,1.00004,0.97969,1.00003,0.6972,0.74751
4.56,0.97763,0.99469,0.95222,0.80365,1.00006,0.97474,0.88481,0.90417,0.84323,0.9037,0.98405,0.99054,0.9966,0.89973,0.58991,0.89304,0.84417,0.97672,0.99794,0.99024,0.95209,0.9912,0.91599,0.89783,0.98766,0.7339,0.72302,0.60894,0.99908,0.99915,0.91817,0.99405,0.87441,0.9139,0.90228,0.98501,0.99892,0.99439,0.95925,0.98968,0.99405,0.68922,0.87184,0.9151,0.98127,0.96132,0.99185,0.98824,0.95169,0.86306,0.86334,0.98738,0.9793,0.99554,0.77461,0.81867,0.92219,0.95402,0.99723,0.84862,0.93604,0.99454,0.92079,1.00001,0.9666,0.99992,0.69478,0.74919
4.58,0.97825,0.99453,0.95343,0.80594,1.00001,0.97474,0.88043,0.90288,0.84255,0.90707,0.98369,0.99133,0.997,0.89577,0.59393,0.89283,0.85287,0.97693,0.99826,0.99089,0.94845,0.9939,0.91447,0.90687,0.98762,0.73384,0.72325,0.6058,0.9988,0.99943,0.88741,0.99316,0.87597,0.91233,0.90099,0.98531,0.9987,0.99491,0.96092,0.98968,0.99533,0.6917,0.8711,0.91804,0.98169,0.96296,0.99249,0.99002,0.94995,0.86287,0.8709,0.98724,0.98036,0.99597,0.78493,0.83456,0.9206,0.95969,0.99721,0.84867,0.93585,0.99403,0.91883,0.99993,0.94735,0.9997,0.69226,0.75095
4.6,0.97834,0.99448,0.95449,0.80845,0.99995,0.97474,0.87604,0.90191,0.84183,0.91026,0.98345,0.99194,0.99735,0.89179,0.59794,0.8924,0.86069,0.97709,0.99851,0.99145,0.94499,0.99601,0.91425,0.9141,0.98765,0.73383,0.72336,0.60047,0.99886,0.99972,0.86179,0.99284,0.87744,0.91086,0.9008,0.9854,0.99849,0.99544,0.9623,0.98968,0.99644,0.69356,0.87032,0.92082,0.98198,0.96427,0.99305,0.99163,0.94819,0.86247,0.87769,0.98713,0.98124,0.99634,0.79419,0.84902,0.92037,0.96414,0.99723,0.84867,0.93576,0.99312,0.91919,0.99977,0.93049,0.99961,0.68986,0.75259
4.62,0.97723,0.99472,0.95529,0.8116,0.99991,0.97474,0.87133,0.90194,0.84078,0.91353,0.98341,0.99219,0.99766,0.88757,0.60131,0.89127,0.86649,0.97713,0.99864,0.99203,0.94219,0.99735,0.91803,0.91752,0.98779,0.734,0.72312,0.58823,0.9996,0.99998,0.86273,0.99417,0.87872,0.90965,0.9031,0.98494,0.99831,0.99607,0.96292,0.98968,0.99745,0.69351,0.86919,0.92367,0.98203,0.9648,0.99356,0.99315,0.9467,0.8614,0.88274,0.9871,0.9817,0.99671,0.80134,0.85983,0.92433,0.96621,0.99731,0.84855,0.93595,0.99081,0.92542,0.99941,0.93112,0.99995,0.68775,0.75393
4.64,0.97559,0.99505,0.95592,0.81496,0.99989,0.97474,0.86656,0.90229,0.83966,0.91669,0.98345,0.99229,0.99794,0.8833,0.60458,0.8899,0.87152,0.97712,0.99872,0.99255,0.93971,0.99835,0.92305,0.91938,0.98799,0.73423,0.72277,0.57345,1.00002,1.00006,0.87358,0.99584,0.87991,0.90857,0.9064,0.98427,0.99817,0.9967,0.96328,0.98968,0.99829,0.69284,0.86798,0.92643,0.98198,0.96503,0.99402,0.99451,0.94524,0.8601,0.8871,0.98711,0.982,0.99704,0.80744,0.8695,0.92957,0.96734,0.99742,0.84839,0.93624,0.98763,0.93351,0.99883,0.93832,1.00008,0.68579,0.75513
4.66,0.97415,0.9953,0.95652,0.81819,0.99986,0.97474,0.86174,0.90244,0.83859,0.91982,0.98346,0.99245,0.9982,0.87901,0.60794,0.88863,0.87667,0.97713,0.99881,0.99305,0.93713,0.99915,0.92735,0.92163,0.98817,0.73443,0.72247,0.5596,0.99982,0.99995,0.87995,0.99702,0.88108,0.90747,0.90918,0.98372,0.99802,0.99725,0.96376,0.98968,0.99896,0.69254,0.86681,0.92916,0.98197,0.96538,0.99448,0.99571,0.94373,0.85891,0.89159,0.98711,0.98236,0.99735,0.81353,0.87933,0.93404,0.96868,0.99752,0.84825,0.93648,0.98428,0.9403,0.99815,0.94251,0.99989,0.68383,0.75634
4.68,0.97254,0.99563,0.95753,0.8215,0.99982,0.97474,0.85667,0.90281,0.83748,0.9228,0.9835,0.99264,0.99845,0.87441,0.61135,0.88732,0.88202,0.97714,0.9989,0.99356,0.93389,0.99966,0.93138,0.92498,0.98833,0.73463,0.72215,0.54521,0.99911,0.99953,0.88505,0.99813,0.88246,0.90615,0.91217,0.98298,0.99777,0.99776,0.96422,0.98968,0.99948,0.69184,0.86561,0.93175,0.98192,0.96578,0.99491,0.99681,0.94219,0.85767,0.89624,0.9871,0.98272,0.99766,0.82088,0.88818,0.9382,0.97067,0.99761,0.84811,0.93673,0.98044,0.94652,0.99705,0.94583,0.99932,0.68152,0.75779
4.7,0.97103,0.99581,0.95764,0.82465,0.99979,0.97474,0.85184,0.90281,0.8364,0.92593,0.98344,0.99273,0.99868,0.87019,0.61466,0.88603,0.88649,0.97713,0.99898,0.99401,0.93196,0.99996,0.93593,0.92556,0.98854,0.73485,0.72185,0.53065,0.99768,0.99916,0.89441,0.99882,0.88337,0.9053,0.91489,0.98256,0.99774,0.9982,0.96465,0.98968,0.99982,0.69184,0.86444,0.93448,0.98199,0.96597,0.99534,0.99767,0.94068,0.85646,0.90012,0.9871,0.98305,0.99793,0.82511,0.89765,0.94289,0.97102,0.99773,0.84796,0.93698,0.97619,0.95319,0.99631,0.95184,0.99862,0.67999,0.75872
4.72,0.97014,0.99556,0.9553,0.82724,0.99976,0.97474,0.84784,0.90174,0.83546,0.92956,0.98351,0.9927,0.99886,0.86718,0.61771,0.88481,0.88891,0.97708,0.99906,0.99432,0.93385,0.99993,0.9415,0.91901,0.98883,0.73509,0.72159,0.51656,0.99481,0.99961,0.91289,0.99891,0.883,0.90574,0.91645,0.98315,0.99831,0.99853,0.96506,0.98968,0.99998,0.69389,0.86342,0.93765,0.98191,0.96592,0.99569,0.99819,0.93928,0.85532,0.90223,0.98714,0.98338,0.99811,0.82098,0.90958,0.94859,0.96711,0.99788,0.84779,0.93718,0.97176,0.96128,0.99723,0.9634,0.99849,0.68061,0.75823
4.74,0.9694,0.99515,0.95195,0.82968,0.99972,0.97474,0.84411,0.90029,0.83456,0.9333,0.9834,0.99257,0.99905,0.8646,0.62064,0.88364,0.89058,0.97701,0.99913,0.99458,0.93703,0.99934,0.94741,0.90918,0.98916,0.73534,0.72135,0.50242,0.99043,1.00001,0.93281,0.99882,0.88216,0.90666,0.91772,0.98406,0.99897,0.9988,0.96546,0.98968,1.00004,0.69667,0.86243,0.94092,0.98203,0.96563,0.99605,0.99858,0.93793,0.85422,0.90369,0.98718,0.98369,0.99826,0.81378,0.92158,0.9546,0.96112,0.99805,0.84761,0.93737,0.967,0.96916,0.99842,0.97523,0.99862,0.68202,0.75723
4.76,0.96851,0.9948,0.94892,0.83222,0.99968,0.97474,0.84018,0.89899,0.83364,0.93685,0.98307,0.9924,0.99925,0.86176,0.62363,0.88248,0.89258,0.97695,0.9992,0.99486,0.93945,0.99824,0.95291,0.90012,0.98949,0.7356,0.72109,0.48804,0.98507,1.00005,0.9487,0.99881,0.88153,0.90735,0.91924,0.98478,0.99942,0.99906,0.96586,0.98968,1.00001,0.69914,0.86143,0.94402,0.98242,0.96525,0.99646,0.99896,0.93654,0.85313,0.90543,0.98722,0.98399,0.99842,0.80805,0.93224,0.96014,0.95546,0.99822,0.84744,0.93757,0.96186,0.97578,0.99912,0.98399,0.99864,0.68307,0.75647
4.78,0.96787,0.99442,0.94581,0.83459,0.99965,0.97474,0.83625,0.89773,0.8327,0.94032,0.98399,0.99257,0.9993,0.85897,0.62672,0.88112,0.89448,0.9769,0.99928,0.99512,0.9422,0.99649,0.95753,0.89111,0.98972,0.73584,0.72086,0.47316,0.9778,0.99977,0.96335,0.99883,0.8809,0.90807,0.9203,0.98553,0.99975,0.99927,0.96622,0.98968,0.99989,0.70153,0.86041,0.94704,0.98134,0.96564,0.99656,0.99927,0.93509,0.85186,0.90708,0.98726,0.98433,0.99856,0.80132,0.94268,0.96474,0.94974,0.99834,0.84727,0.93776,0.95623,0.98215,0.99973,0.99127,0.99861,0.68413,0.75568
4.8,0.96672,0.99402,0.94235,0.83724,0.9996,0.97474,0.83226,0.89627,0.8318,0.9437,0.9823,0.99201,0.99958,0.85611,0.62961,0.88017,0.89638,0.97683,0.99933,0.99538,0.94444,0.99442,0.96311,0.87982,0.99014,0.7361,0.72058,0.45881,0.97073,0.99938,0.97441,0.99873,0.88016,0.90884,0.9222,0.98626,0.99997,0.99948,0.96667,0.98968,0.99967,0.7043,0.85943,0.95,0.98328,0.96442,0.99721,0.99953,0.93374,0.85097,0.90873,0.98731,0.98459,0.9987,0.79563,0.95133,0.97024,0.94242,0.99854,0.84708,0.93798,0.95052,0.98668,0.99995,0.99594,0.99874,0.68536,0.75483
4.82,0.96399,0.99367,0.93826,0.84077,0.99952,0.97474,0.82803,0.89428,0.831,0.94701,0.97139,0.98898,1.00007,0.85299,0.63191,0.88045,0.89842,0.97671,0.99935,0.99567,0.94493,0.99277,0.97149,0.86363,0.99101,0.73644,0.72018,0.44603,0.9679,0.9997,0.98044,0.99829,0.87928,0.90968,0.92652,0.98687,1.00005,0.99969,0.96739,0.98968,0.99936,0.70806,0.85855,0.95289,0.99212,0.95817,0.99895,0.99975,0.93265,0.85123,0.91051,0.98738,0.98465,0.99885,0.79436,0.95672,0.97832,0.93172,0.99893,0.84684,0.9383,0.9452,0.98817,0.99979,0.998,0.9992,0.68682,0.75391
4.84,0.9606,0.99332,0.9338,0.84454,0.99943,0.97474,0.82374,0.89208,0.83024,0.95021,0.95377,0.98447,0.99958,0.84978,0.634,0.88112,0.90049,0.97657,0.99934,0.99596,0.94495,0.99124,0.97962,0.84432,0.99199,0.73682,0.71973,0.43394,0.96669,1.00001,0.98472,0.99762,0.87831,0.91056,0.93161,0.98745,0.99994,0.99986,0.96819,0.98968,0.99894,0.71218,0.85772,0.9557,0.99858,0.94958,0.99998,0.99991,0.93166,0.85186,0.91231,0.98747,0.98465,0.999,0.7943,0.96094,0.98588,0.91868,0.99932,0.84658,0.93865,0.93998,0.98876,0.99933,0.99914,0.99965,0.68843,0.75293
4.86,0.95738,0.99295,0.92931,0.84813,0.99933,0.97474,0.81946,0.88998,0.82947,0.95329,0.93491,0.97988,0.99813,0.84657,0.63622,0.88156,0.90255,0.97644,0.99935,0.99623,0.94529,0.9894,0.98596,0.82452,0.99286,0.73715,0.71932,0.42156,0.96451,1.00006,0.98884,0.99693,0.87736,0.91142,0.93621,0.98803,0.99965,0.99994,0.96892,0.98968,0.99843,0.71611,0.85688,0.95839,0.99986,0.94138,0.99985,1.00001,0.9306,0.85227,0.9141,0.98756,0.98468,0.99914,0.7934,0.96531,0.99147,0.90505,0.99962,0.84634,0.93898,0.93445,0.98976,0.99883,0.99986,0.99992,0.68998,0.75197
4.88,0.95382,0.99256,0.92455,0.85192,0.99922,0.97474,0.81489,0.88771,0.82865,0.95639,0.90936,0.9739,0.99539,0.84327,0.63837,0.88224,0.90444,0.97631,0.99935,0.99649,0.94521,0.98737,0.99159,0.80438,0.99368,0.73753,0.71888,0.40808,0.96284,0.99988,0.99239,0.99614,0.87644,0.91226,0.94104,0.98861,0.99914,0.99996,0.96973,0.98968,0.99779,0.72034,0.85598,0.96111,0.99632,0.93125,0.99855,1.00004,0.92957,0.8529,0.91575,0.98764,0.98469,0.99927,0.79362,0.96944,0.99602,0.89096,0.99984,0.84607,0.93932,0.92823,0.99047,0.99792,1,1.00006,0.6915,0.75103
4.9,0.95042,0.9922,0.91989,0.85531,0.99912,0.97474,0.81077,0.8857,0.82795,0.95915,0.8864,0.96868,0.99221,0.84006,0.64062,0.8825,0.90663,0.97617,0.99936,0.99674,0.9459,0.98531,0.99513,0.78078,0.99445,0.73789,0.71844,0.39669,0.96039,0.99967,0.99501,0.99524,0.87545,0.91313,0.94542,0.98913,0.99848,0.99991,0.97036,0.98968,0.99712,0.72407,0.85521,0.96352,0.98983,0.92275,0.99655,1,0.92849,0.85315,0.91765,0.98773,0.98473,0.99938,0.79181,0.97309,0.99848,0.87419,0.99999,0.84581,0.93967,0.92281,0.99145,0.99736,0.99962,1.00008,0.6931,0.75005
4.92,0.94788,0.99193,0.91569,0.85756,0.9991,0.97474,0.80803,0.88443,0.8276,0.96119,0.88143,0.96748,0.99053,0.8371,0.64324,0.88148,0.90971,0.97609,0.99939,0.99695,0.94871,0.98335,0.99655,0.74951,0.99535,0.73772,0.71835,0.3912,0.95483,1.00002,0.9966,0.99426,0.87427,0.91415,0.94856,0.98951,0.99775,0.99984,0.97052,0.98968,0.99664,0.7264,0.85483,0.96531,0.98811,0.92085,0.99538,0.99992,0.92723,0.85219,0.92034,0.98778,0.98487,0.99947,0.7842,0.97611,0.99929,0.85165,1.00008,0.84594,0.93974,0.92014,0.99338,0.99844,0.99902,0.99996,0.695,0.74891
4.94,0.94564,0.99169,0.91171,0.8594,0.9991,0.97474,0.8058,0.88347,0.82738,0.96295,0.88369,0.96792,0.98961,0.83424,0.64597,0.88003,0.91305,0.976,0.99943,0.99715,0.95219,0.98143,0.99716,0.71359,0.99615,0.73762,0.71821,0.38794,0.94804,0.99993,0.99771,0.9932,0.87305,0.91519,0.95126,0.98982,0.99696,0.99977,0.97051,0.98968,0.99622,0.72818,0.85459,0.96686,0.9889,0.92153,0.99472,0.99979,0.92591,0.85084,0.92325,0.98784,0.98506,0.99956,0.7743,0.97877,0.99958,0.82535,1.00006,0.84601,0.93985,0.91855,0.99529,0.99952,0.99831,0.99972,0.69696,0.74774
4.96,0.94321,0.99144,0.90765,0.8614,0.99909,0.97474,0.8033,0.88241,0.82709,0.96478,0.88323,0.96777,0.98837,0.83133,0.64863,0.87879,0.91615,0.97587,0.99946,0.99734,0.95526,0.97935,0.99773,0.6765,0.99677,0.73786,0.71785,0.38365,0.94146,0.99935,0.99868,0.99207,0.87188,0.91618,0.9541,0.99015,0.99604,0.99967,0.97057,0.98968,0.99573,0.73012,0.85427,0.96846,0.98874,0.9213,0.99382,0.99961,0.92461,0.84969,0.92596,0.98792,0.98525,0.99964,0.76508,0.98132,0.99981,0.79784,0.99996,0.84584,0.94013,0.91642,0.99674,0.99996,0.99732,0.99935,0.69883,0.74662
4.98,0.94059,0.99116,0.90282,0.86348,0.99908,0.97474,0.80082,0.88113,0.82684,0.96654,0.88019,0.9669,0.98633,0.82827,0.65142,0.87744,0.91934,0.97592,0.99948,0.99753,0.9581,0.97707,0.99896,0.63691,0.99772,0.73662,0.71843,0.37933,0.9334,0.99801,0.99939,0.99073,0.87054,0.9173,0.95708,0.9905,0.99483,0.99954,0.97066,0.98968,0.99521,0.73247,0.854,0.97001,0.98767,0.91992,0.99229,0.99938,0.92325,0.84843,0.92873,0.98789,0.98532,0.99971,0.75607,0.98379,1.00007,0.76812,0.99959,0.84672,0.93967,0.91427,0.99808,0.99997,0.99612,0.99881,0.70097,0.74534
5,0.93831,0.99093,0.89939,0.86528,0.99908,0.97474,0.7984,0.88037,0.82655,0.96824,0.88418,0.9679,0.98599,0.82548,0.65401,0.87621,0.92225,0.9756,0.99954,0.99771,0.96123,0.97491,0.99854,0.5951,0.99784,0.73834,0.71715,0.37559,0.92694,0.99665,0.99985,0.98955,0.86953,0.91813,0.9596,0.99078,0.9939,0.99941,0.97065,0.98968,0.99468,0.73385,0.85367,0.9715,0.98907,0.92151,0.99203,0.99912,0.92197,0.84728,0.93127,0.98809,0.98565,0.99978,0.74556,0.98589,1.00003,0.73643,0.99953,0.8455,0.94068,0.91239,0.99886,0.99963,0.99475,0.99825,0.70255,0.74439
5.02,0.93704,0.99082,0.9001,0.86647,0.99911,0.97474,0.796,0.881,0.82603,0.96991,0.90568,0.97362,0.99026,0.82341,0.65604,0.87544,0.92445,0.97415,0.99971,0.99774,0.96528,0.9732,0.98909,0.55016,0.99517,0.74947,0.70991,0.37259,0.92632,0.99713,1.00007,0.98905,0.8695,0.91813,0.96097,0.99091,0.9941,0.99931,0.97044,0.98968,0.99413,0.73271,0.85311,0.97297,0.99546,0.93078,0.99519,0.9989,0.92097,0.84657,0.93319,0.98896,0.98668,0.99979,0.73099,0.98738,0.99406,0.70204,1.00007,0.83747,0.94623,0.91087,0.99892,0.99977,0.99314,0.998,0.70261,0.74439
5.04,0.93616,0.99076,0.9023,0.86739,0.99916,0.97474,0.79367,0.88214,0.82547,0.97152,0.93016,0.98018,0.99487,0.82164,0.65785,0.87482,0.92639,0.97228,0.99987,0.99779,0.9694,0.97169,0.96349,0.50342,0.98998,0.76318,0.70109,0.37015,0.92785,0.99811,1.00006,0.98882,0.86981,0.91784,0.96191,0.99098,0.9947,0.99923,0.97013,0.98968,0.99357,0.73062,0.85249,0.97439,0.99958,0.9419,0.99825,0.9987,0.92008,0.84599,0.93488,0.99,0.98791,0.9998,0.71479,0.98859,0.97061,0.66598,0.99846,0.82719,0.9527,0.90963,0.99876,0.99999,0.99137,0.99788,0.70212,0.74473
5.06,0.93508,0.99068,0.90375,0.86838,0.9992,0.97474,0.79134,0.88304,0.82495,0.97308,0.94847,0.98513,0.99764,0.81976,0.65975,0.87412,0.92841,0.97057,0.99997,0.99792,0.97304,0.97004,0.92909,0.45547,0.9842,0.77467,0.69373,0.36767,0.92845,0.99868,0.99983,0.98845,0.86996,0.91768,0.96305,0.99107,0.99508,0.99914,0.96985,0.98968,0.99299,0.72898,0.85192,0.97576,0.99939,0.9508,0.99967,0.99847,0.91914,0.84534,0.93664,0.99087,0.98896,0.99985,0.69916,0.98982,0.93584,0.62873,0.99507,0.81825,0.95787,0.90835,0.9987,1.00004,0.98943,0.99768,0.70189,0.7449
5.08,0.93402,0.99058,0.90543,0.86953,0.99924,0.97474,0.78881,0.88397,0.82433,0.97464,0.96598,0.98988,0.99954,0.81772,0.66174,0.87345,0.9304,0.9686,1.00002,0.99769,0.97686,0.96826,0.87758,0.39915,0.97506,0.78957,0.68418,0.36433,0.92883,0.99921,0.9993,0.9881,0.87014,0.9175,0.96416,0.99118,0.9955,0.99902,0.96961,0.98968,0.99234,0.72726,0.85124,0.97713,0.99487,0.95998,0.99999,0.9982,0.91814,0.84472,0.93838,0.99181,0.99006,0.99977,0.681,0.99103,0.88147,0.58467,0.98814,0.80617,0.96424,0.90663,0.99865,1,0.98702,0.99748,0.7016,0.74511
5.1,0.933,0.99053,0.90695,0.8703,0.99929,0.97474,0.78665,0.88492,0.82391,0.97606,0.97728,0.99307,1.00007,0.81605,0.66349,0.87274,0.9323,0.96692,1.00003,0.99818,0.97963,0.96668,0.82277,0.35365,0.96824,0.79765,0.67911,0.36287,0.93014,0.9996,0.99872,0.98777,0.87033,0.91731,0.96522,0.99124,0.99588,0.99894,0.96926,0.98968,0.99177,0.7255,0.85078,0.97838,0.98802,0.96674,0.99924,0.99796,0.91727,0.84406,0.94004,0.99254,0.99095,0.99992,0.66654,0.99201,0.82222,0.54886,0.98227,0.79939,0.96745,0.90588,0.9985,0.99986,0.98502,0.9973,0.7013,0.74533
5.12,0.93197,0.99061,0.90759,0.87013,0.99937,0.97474,0.78558,0.88585,0.82409,0.97715,0.97917,0.99385,1.00007,0.81534,0.6647,0.87185,0.9341,0.96625,1.00001,0.99987,0.9801,0.96556,0.79677,0.34484,0.97335,0.7863,0.68668,0.36648,0.93375,0.99978,0.99861,0.98745,0.87044,0.91715,0.96627,0.99115,0.99603,0.99896,0.96863,0.98968,0.99148,0.72378,0.85097,0.97935,0.9864,0.9685,0.99901,0.99785,0.91667,0.84324,0.94161,0.99282,0.99136,0.99978,0.66395,0.99266,0.7938,0.54191,0.98671,0.80887,0.96262,0.90774,0.99803,0.99972,0.9847,0.99711,0.70113,0.74551
5.14,0.93097,0.99073,0.90806,0.86958,0.99947,0.97474,0.78488,0.88678,0.82446,0.97813,0.97836,0.99395,1.00008,0.815,0.66564,0.87091,0.9358,0.96596,1,0.99948,0.97979,0.9647,0.78137,0.34962,0.98148,0.76796,0.69886,0.37193,0.93804,0.99991,0.99873,0.98715,0.87054,0.91699,0.96729,0.99101,0.99614,0.99902,0.96789,0.98968,0.99129,0.72207,0.85138,0.98022,0.98712,0.96873,0.99914,0.9978,0.9162,0.84237,0.94309,0.99293,0.9916,0.99718,0.66567,0.99313,0.77691,0.54568,0.99316,0.82351,0.9543,0.91053,0.99736,0.99956,0.98504,0.99694,0.70096,0.7457
5.16,0.92996,0.99083,0.90869,0.86917,0.99955,0.97474,0.78397,0.88767,0.82471,0.97915,0.97889,0.99436,1.00008,0.8145,0.66662,0.87,0.93746,0.96553,0.99998,0.99696,0.97985,0.96379,0.75847,0.34794,0.98683,0.75274,0.70907,0.37648,0.94167,1,0.99874,0.98684,0.87065,0.91682,0.96831,0.99089,0.99628,0.99906,0.96719,0.98968,0.99103,0.72042,0.85166,0.98111,0.98665,0.96971,0.99909,0.99773,0.9157,0.84152,0.94455,0.99311,0.99188,0.99283,0.66537,0.99361,0.75169,0.54436,0.99674,0.83506,0.94685,0.91284,0.99669,0.99935,0.9851,0.99675,0.70078,0.74589
5.18,0.92888,0.99095,0.90902,0.86888,0.99962,0.97474,0.78323,0.88871,0.82507,0.98008,0.97903,0.99467,1.00008,0.81397,0.66795,0.86907,0.93929,0.96493,0.99995,0.9908,0.97987,0.9625,0.73861,0.34743,0.99146,0.73628,0.7202,0.38118,0.94595,1.00005,0.99874,0.98649,0.87076,0.91666,0.96938,0.99075,0.99636,0.99909,0.96647,0.98968,0.99082,0.71849,0.85205,0.98194,0.98653,0.97044,0.99907,0.99764,0.91503,0.84066,0.94615,0.99334,0.99228,0.98439,0.66525,0.99425,0.72974,0.54395,0.99912,0.84696,0.93828,0.91519,0.99578,0.99912,0.98509,0.99654,0.70062,0.74607
5.2,0.92793,0.99103,0.90989,0.86827,0.99969,0.97474,0.78222,0.88942,0.82527,0.98109,0.97928,0.99501,1.00008,0.81359,0.66851,0.86815,0.94069,0.96476,0.99994,0.98561,0.97977,0.96202,0.71278,0.34774,0.9952,0.72014,0.73113,0.38597,0.94871,1.00006,0.99883,0.98623,0.87088,0.91649,0.97031,0.99065,0.99656,0.99915,0.96576,0.98968,0.99053,0.71717,0.85227,0.98283,0.9863,0.97125,0.99908,0.99758,0.91475,0.83981,0.94737,0.99341,0.99239,0.97791,0.66581,0.99447,0.70112,0.5442,1.00008,0.85806,0.92943,0.91757,0.99512,0.99884,0.98537,0.99638,0.70043,0.74626
5.22,0.92728,0.99098,0.91238,0.86682,0.99975,0.97474,0.78026,0.88921,0.8249,0.98241,0.98069,0.99564,1.00008,0.8135,0.6669,0.86723,0.94098,0.96569,1,0.99117,0.97953,0.96377,0.66441,0.34676,0.99783,0.70611,0.74058,0.39054,0.94724,1.00002,0.9991,0.98617,0.87102,0.91635,0.97094,0.99071,0.9971,0.99928,0.96513,0.98968,0.98997,0.71755,0.85186,0.984,0.98495,0.97284,0.99904,0.99757,0.91556,0.83897,0.94762,0.99304,0.99172,0.98487,0.6671,0.99362,0.64729,0.54342,0.99953,0.86727,0.92144,0.91982,0.99548,0.99848,0.98627,0.99635,0.7002,0.74642
5.24,0.9268,0.99089,0.91536,0.86508,0.9998,0.97474,0.77802,0.88867,0.82437,0.98377,0.9822,0.99628,1.00008,0.81355,0.66455,0.86634,0.94085,0.96701,1.00003,0.99738,0.97919,0.96625,0.60622,0.34617,0.99944,0.6929,0.74945,0.39516,0.94434,0.99991,0.9994,0.98621,0.87119,0.91621,0.97141,0.99082,0.99769,0.99942,0.96453,0.98968,0.9893,0.71855,0.85128,0.9852,0.98339,0.97448,0.99904,0.99758,0.91674,0.83815,0.94751,0.9925,0.99072,0.99347,0.66894,0.99226,0.58223,0.54296,0.99747,0.87558,0.91367,0.92207,0.99614,0.99803,0.98739,0.99637,0.69993,0.74658
5.26,0.92629,0.99082,0.91799,0.86352,0.99985,0.97474,0.77597,0.88829,0.82397,0.98501,0.98341,0.9968,1.00008,0.81356,0.66262,0.86546,0.9409,0.96809,1.00002,0.99972,0.97888,0.96829,0.5484,0.34555,0.99998,0.67976,0.75831,0.39976,0.9422,0.99974,0.99963,0.98621,0.87136,0.91606,0.9719,0.99091,0.99817,0.99953,0.96392,0.98968,0.98867,0.71926,0.85084,0.9863,0.98202,0.97589,0.99906,0.99758,0.91771,0.83734,0.94755,0.99203,0.98985,0.99776,0.67058,0.991,0.5173,0.54247,0.99395,0.8835,0.90567,0.92428,0.99659,0.99752,0.98838,0.99637,0.69966,0.74675
5.28,0.92554,0.99075,0.92081,0.86172,0.99989,0.97474,0.77361,0.88787,0.82336,0.98631,0.98516,0.99743,1.00007,0.81352,0.66038,0.86446,0.94098,0.96931,0.99996,0.99959,0.97859,0.97036,0.47806,0.34477,0.99943,0.66345,0.76948,0.40428,0.93933,0.99955,0.9998,0.98618,0.87149,0.91595,0.97263,0.99099,0.99863,0.99965,0.96324,0.98968,0.98793,0.72004,0.85017,0.98746,0.97986,0.97773,0.99892,0.99757,0.91882,0.83642,0.94762,0.99148,0.98878,0.99999,0.67212,0.98959,0.43804,0.54185,0.98866,0.89289,0.89525,0.92644,0.99713,0.99708,0.98926,0.99635,0.69946,0.74687
5.3,0.92533,0.99066,0.92323,0.86035,0.99992,0.97474,0.7718,0.88746,0.82313,0.98735,0.98576,0.99773,1.00008,0.8136,0.6586,0.8637,0.9409,0.97028,0.99987,0.99726,0.97825,0.97232,0.41957,0.34426,0.99798,0.65359,0.77604,0.4089,0.93745,0.99917,0.99995,0.98623,0.8717,0.91576,0.97282,0.99109,0.99897,0.99972,0.96271,0.98968,0.98735,0.72081,0.84992,0.98838,0.97906,0.97864,0.99911,0.99759,0.91971,0.83572,0.94755,0.99102,0.98791,0.9996,0.67394,0.9881,0.37191,0.54145,0.98257,0.89833,0.88896,0.92861,0.99746,0.99632,0.99028,0.99638,0.69912,0.74709
5.32,0.92665,0.99048,0.92465,0.86028,0.99993,0.97474,0.77166,0.88709,0.82405,0.98782,0.9829,0.99711,0.9997,0.81406,0.65833,0.8636,0.94048,0.97056,0.99986,0.99667,0.97778,0.97401,0.40798,0.3443,0.99646,0.66244,0.76912,0.41394,0.93894,0.99805,1.00008,0.98645,0.8722,0.91529,0.97155,0.9913,0.99916,0.99973,0.96267,0.98968,0.9873,0.72149,0.85093,0.9888,0.98261,0.97678,0.99993,0.99766,0.91984,0.83563,0.94719,0.99088,0.98777,0.99935,0.67633,0.98669,0.35879,0.54148,0.97768,0.89346,0.89559,0.93096,0.9972,0.99446,0.99164,0.99652,0.69833,0.74762
5.34,0.9285,0.99028,0.92568,0.86065,0.99992,0.97474,0.77209,0.88675,0.82534,0.98807,0.97855,0.99607,0.99818,0.81463,0.65851,0.86373,0.93991,0.97062,0.99987,0.99702,0.97727,0.97559,0.4135,0.34455,0.99494,0.67768,0.75768,0.41904,0.94146,0.9962,1.00008,0.98673,0.87278,0.91475,0.96975,0.99152,0.99928,0.99971,0.9628,0.98968,0.98745,0.72213,0.85235,0.98902,0.98695,0.97394,0.99987,0.99775,0.91975,0.83575,0.94669,0.99085,0.98788,0.9995,0.67896,0.98525,0.36504,0.54168,0.97331,0.88473,0.90625,0.9333,0.99674,0.99184,0.99304,0.99669,0.69741,0.74824
5.36,0.93004,0.9901,0.9268,0.86081,0.99992,0.97474,0.77224,0.88641,0.82643,0.9884,0.97464,0.99515,0.99596,0.81512,0.65842,0.86374,0.93941,0.97079,0.99987,0.9969,0.97677,0.97712,0.41088,0.34471,0.99299,0.68941,0.74881,0.42398,0.94339,0.994,0.99995,0.98698,0.87329,0.91426,0.96822,0.99172,0.9994,0.9997,0.96283,0.98968,0.98749,0.72276,0.85355,0.98931,0.99002,0.97159,0.99887,0.99782,0.91979,0.83575,0.94625,0.99077,0.98788,0.99945,0.68147,0.98375,0.36208,0.5418,0.96817,0.87771,0.91424,0.93555,0.99635,0.98901,0.99423,0.99684,0.69658,0.74879
5.38,0.93171,0.98985,0.92821,0.86102,0.99991,0.97474,0.77246,0.88598,0.82764,0.98877,0.96899,0.99372,0.99188,0.81572,0.65858,0.86385,0.93889,0.97094,0.99987,0.99687,0.97627,0.97873,0.40949,0.34488,0.99039,0.70288,0.7387,0.4293,0.94557,0.99091,0.99968,0.98725,0.8739,0.91368,0.96653,0.99199,0.99955,0.99969,0.96293,0.98968,0.98756,0.72355,0.85487,0.98965,0.99344,0.9682,0.99633,0.99791,0.91971,0.83586,0.9458,0.99069,0.98787,0.99944,0.68397,0.98202,0.3605,0.54194,0.96178,0.86933,0.92305,0.93793,0.99587,0.98531,0.99538,0.99699,0.6956,0.74945
5.4,0.9332,0.98974,0.92891,0.86121,0.99991,0.97474,0.77271,0.88575,0.82868,0.98898,0.96555,0.99292,0.98883,0.81614,0.65833,0.86378,0.93834,0.97106,0.99987,0.99689,0.97575,0.97999,0.40971,0.34506,0.98834,0.71388,0.73053,0.4338,0.94734,0.98805,0.99931,0.98748,0.87433,0.91327,0.96501,0.9921,0.99961,0.99968,0.96292,0.98968,0.98764,0.72398,0.85601,0.98983,0.99505,0.96639,0.99416,0.99797,0.91984,0.8358,0.94532,0.99063,0.98793,0.99945,0.6865,0.98056,0.36075,0.54208,0.957,0.86221,0.92992,0.93992,0.99546,0.98203,0.99631,0.99713,0.6949,0.7499
5.42,0.93409,0.99007,0.92766,0.86127,0.99993,0.97474,0.77265,0.88604,0.82915,0.98888,0.97013,0.99443,0.99214,0.81588,0.65691,0.86321,0.93785,0.97114,0.9999,0.9968,0.97518,0.98039,0.41012,0.3452,0.98836,0.7167,0.7283,0.43585,0.94824,0.98723,0.99899,0.9876,0.8743,0.91334,0.96409,0.99175,0.99949,0.99967,0.96253,0.98968,0.98763,0.72343,0.85652,0.98975,0.99283,0.96985,0.9965,0.99793,0.92054,0.83527,0.94489,0.99059,0.98813,0.99941,0.68921,0.98008,0.36122,0.54219,0.95705,0.86035,0.93175,0.94082,0.99523,0.98112,0.99688,0.9972,0.69495,0.74983
5.44,0.9348,0.99054,0.92571,0.86129,0.99996,0.97474,0.77268,0.88653,0.82944,0.9886,0.97668,0.99634,0.99632,0.81548,0.65505,0.86245,0.93729,0.97121,0.99992,0.99674,0.97461,0.9805,0.41164,0.34533,0.98934,0.71699,0.72801,0.43715,0.94868,0.98733,0.99868,0.98768,0.87409,0.91359,0.96335,0.99123,0.99928,0.99967,0.962,0.98968,0.98763,0.72252,0.85685,0.98949,0.9885,0.97465,0.99906,0.99787,0.92146,0.83458,0.9444,0.99056,0.98838,0.99938,0.69192,0.97995,0.36293,0.54229,0.9593,0.86016,0.932,0.94138,0.99512,0.98123,0.99733,0.99725,0.6953,0.74954
5.46,0.93559,0.99092,0.92413,0.86131,0.99999,0.97474,0.77283,0.88693,0.82983,0.98834,0.98133,0.9976,0.99853,0.81522,0.65334,0.86174,0.93669,0.97128,0.99994,0.99668,0.97405,0.98075,0.41269,0.34546,0.99003,0.71855,0.72689,0.43892,0.94902,0.98714,0.99828,0.98778,0.87393,0.91379,0.96251,0.99078,0.99909,0.99967,0.96152,0.98968,0.98768,0.72178,0.85727,0.98926,0.98431,0.97824,0.99996,0.99784,0.92231,0.83392,0.94388,0.99052,0.98858,0.99935,0.69454,0.97963,0.36413,0.5424,0.96093,0.85912,0.93291,0.94215,0.99504,0.98102,0.99779,0.9973,0.69556,0.74932
5.48,0.93637,0.99134,0.92221,0.86142,1.00001,0.97474,0.77227,0.88733,0.83017,0.98833,0.98613,0.99877,0.99989,0.81457,0.65191,0.86116,0.9364,0.97133,0.99996,0.99659,0.97341,0.98092,0.41405,0.34559,0.99003,0.71979,0.72547,0.44007,0.95059,0.98637,0.9979,0.98789,0.87389,0.91387,0.96169,0.99027,0.99883,0.99967,0.96107,0.98968,0.9875,0.72105,0.85764,0.98926,0.97854,0.98219,0.99977,0.99774,0.92301,0.83339,0.94362,0.99049,0.98887,0.99931,0.69746,0.97942,0.36567,0.5425,0.96093,0.85829,0.93406,0.94265,0.99462,0.98016,0.99816,0.99736,0.69563,0.74922
5.5,0.93711,0.99169,0.92077,0.86132,1.00003,0.97474,0.77327,0.8878,0.83056,0.98772,0.98941,0.99938,1.00003,0.81477,0.64977,0.86028,0.9354,0.97143,0.99997,0.99654,0.97292,0.9812,0.41493,0.34574,0.99157,0.72102,0.72514,0.44238,0.94957,0.98701,0.99737,0.98795,0.87356,0.91423,0.96089,0.98982,0.99862,0.99967,0.96053,0.98968,0.98782,0.72018,0.85807,0.98871,0.97336,0.98484,0.99862,0.99777,0.92405,0.83258,0.94275,0.99044,0.98898,0.99929,0.69971,0.97906,0.36666,0.54261,0.96462,0.85746,0.93433,0.94364,0.9949,0.98087,0.99857,0.9974,0.69615,0.74882
5.52,0.93787,0.99185,0.92086,0.86069,1.00005,0.97474,0.77793,0.8883,0.83114,0.9856,0.98981,0.99932,0.99996,0.81678,0.64594,0.85836,0.93286,0.97166,0.99994,0.99659,0.97279,0.98171,0.41335,0.3459,0.99617,0.7227,0.72771,0.44772,0.94034,0.9912,0.99644,0.98787,0.87242,0.91534,0.96008,0.98961,0.99863,0.99971,0.95981,0.98968,0.98927,0.71924,0.8587,0.98683,0.97263,0.98452,0.99829,0.99806,0.92592,0.83083,0.94053,0.99032,0.98857,0.99931,0.70028,0.9784,0.36488,0.54274,0.9768,0.85633,0.93224,0.94592,0.99695,0.98564,0.9991,0.99736,0.69797,0.74757
5.54,0.93858,0.99195,0.92148,0.85983,1.00007,0.97474,0.78418,0.88891,0.83178,0.98255,0.98936,0.99902,0.99998,0.81973,0.64142,0.85617,0.92944,0.97195,0.99988,0.99666,0.97281,0.98235,0.41147,0.34611,0.9994,0.72442,0.73128,0.45431,0.9274,0.9954,0.99522,0.98775,0.87101,0.9167,0.9593,0.98947,0.99872,0.99975,0.959,0.98968,0.99109,0.71812,0.8594,0.98412,0.97344,0.9832,0.99838,0.99846,0.92811,0.82883,0.93755,0.99017,0.98796,0.99934,0.70016,0.97753,0.36274,0.54291,0.98849,0.85516,0.9293,0.94867,0.99881,0.99079,0.99956,0.99729,0.70022,0.74603
5.56,0.93928,0.99208,0.92185,0.85904,1.00008,0.97474,0.78999,0.88956,0.8324,0.97939,0.98933,0.99881,0.99994,0.82257,0.63715,0.85423,0.92601,0.97221,0.99981,0.9967,0.97279,0.98301,0.41002,0.3463,0.9999,0.72616,0.73418,0.46053,0.91532,0.99795,0.99388,0.98766,0.86975,0.91789,0.95854,0.98929,0.99878,0.99979,0.9582,0.98968,0.99265,0.71691,0.86008,0.98133,0.9735,0.98235,0.99823,0.99881,0.93015,0.82706,0.93455,0.99004,0.98742,0.99936,0.70025,0.97661,0.3611,0.54306,0.99551,0.85398,0.92688,0.95121,0.99973,0.99431,0.99985,0.99724,0.70221,0.74467
5.58,0.94009,0.9922,0.9222,0.85839,1.00009,0.97474,0.79412,0.88983,0.83297,0.97686,0.98922,0.99854,0.99993,0.82392,0.63329,0.85163,0.92385,0.97245,0.99974,0.99683,0.97267,0.98327,0.40676,0.34642,0.99788,0.72767,0.73818,0.46565,0.89931,0.99968,0.99253,0.98751,0.86833,0.91923,0.95763,0.98913,0.99883,0.99981,0.95747,0.98968,0.99368,0.71639,0.8607,0.97909,0.97369,0.98134,0.9982,0.99896,0.93199,0.82469,0.93266,0.98991,0.98688,0.99942,0.70079,0.97623,0.35741,0.54315,0.9995,0.85295,0.9235,0.95327,0.99999,0.99739,0.99999,0.99715,0.70445,0.74313
5.6,0.94063,0.99233,0.92273,0.85737,1.0001,0.97474,0.80188,0.89088,0.83365,0.97199,0.98904,0.99825,0.99988,0.82855,0.62855,0.85032,0.91858,0.97275,0.99964,0.99678,0.9728,0.98436,0.4079,0.3468,0.99392,0.72966,0.74018,0.47325,0.88774,1.00007,0.99064,0.98748,0.86716,0.92031,0.95704,0.98895,0.9989,0.99985,0.95656,0.98968,0.99543,0.71443,0.86144,0.9748,0.97401,0.98031,0.99803,0.9994,0.93424,0.8235,0.92807,0.98975,0.98625,0.99939,0.70024,0.9746,0.3587,0.54345,0.99989,0.85157,0.92178,0.95626,0.99964,0.99891,1,0.99713,0.70627,0.74189
5.62,0.94052,0.99247,0.92373,0.85547,1.00009,0.97474,0.81882,0.89415,0.83471,0.95976,0.98884,0.99803,0.9996,0.84146,0.6213,0.85257,0.90419,0.9732,0.99949,0.99619,0.97358,0.98749,0.41471,0.34682,0.99044,0.73326,0.73607,0.48727,0.89288,1.00006,0.9873,0.98783,0.86685,0.9206,0.95715,0.98875,0.99904,0.99991,0.95519,0.98968,0.99834,0.7083,0.8626,0.96406,0.97436,0.9796,0.99725,1.00003,0.93762,0.82555,0.91554,0.9895,0.9854,0.99912,0.69668,0.96922,0.36641,0.54347,0.99868,0.84907,0.92528,0.96157,0.99985,0.99878,0.99965,0.99733,0.70676,0.74155
5.64,0.94012,0.99262,0.92487,0.85317,1.00006,0.97474,0.8383,0.89809,0.83587,0.94224,0.98858,0.99782,0.99909,0.8569,0.61333,0.85615,0.88502,0.9737,0.9993,0.99534,0.97458,0.9909,0.42684,0.34731,0.98732,0.73729,0.73002,0.50352,0.90344,0.99994,0.98291,0.9883,0.8668,0.92064,0.95761,0.98854,0.99918,0.99995,0.95362,0.98968,0.99996,0.70085,0.86386,0.94872,0.9748,0.97891,0.99613,0.99946,0.94129,0.8288,0.89884,0.98921,0.98443,0.99868,0.69206,0.96179,0.38014,0.54386,0.99704,0.84624,0.93035,0.96738,1.00001,0.99812,0.9987,0.99759,0.70683,0.7415
5.66,0.93977,0.99276,0.92585,0.85096,1.00001,0.97474,0.8553,0.90155,0.83693,0.92336,0.98834,0.99757,0.99847,0.87038,0.60595,0.85915,0.86597,0.97417,0.99908,0.99451,0.97543,0.99353,0.44082,0.34827,0.98351,0.74092,0.72512,0.51845,0.91088,0.9998,0.97817,0.9887,0.86661,0.92082,0.95799,0.98832,0.9993,0.99996,0.95212,0.98968,0.99959,0.69425,0.86501,0.93224,0.97519,0.97816,0.99495,0.99763,0.94462,0.83155,0.88228,0.98895,0.98346,0.99822,0.68802,0.95435,0.39595,0.54461,0.9946,0.84366,0.93435,0.97237,0.9999,0.99768,0.99728,0.99781,0.70713,0.74129
5.68,0.93975,0.99289,0.92718,0.84909,0.99995,0.97474,0.87125,0.90532,0.8382,0.901,0.98807,0.99736,0.99767,0.8827,0.59808,0.86179,0.84503,0.97468,0.99885,0.99363,0.97639,0.99575,0.43705,0.34631,0.9776,0.74532,0.71943,0.53308,0.91867,0.99949,0.97281,0.98909,0.86652,0.9209,0.95801,0.98813,0.99944,0.99995,0.95054,0.98968,0.99747,0.687,0.86639,0.91275,0.97563,0.97751,0.99357,0.99469,0.94812,0.83397,0.86409,0.98865,0.98252,0.9977,0.68336,0.9461,0.39169,0.54307,0.9902,0.84049,0.93889,0.97692,0.99954,0.99696,0.99533,0.99802,0.70727,0.74121
5.7,0.93897,0.99305,0.92781,0.84639,0.99986,0.97474,0.88711,0.9084,0.83903,0.87666,0.98787,0.99706,0.99671,0.89597,0.59141,0.86541,0.8225,0.97509,0.99855,0.99257,0.97713,0.99752,0.46992,0.35057,0.97487,0.74821,0.71504,0.54818,0.92606,0.99925,0.96679,0.98952,0.86628,0.92114,0.95888,0.98788,0.99951,0.99991,0.94901,0.98968,0.9933,0.68101,0.8673,0.89158,0.97596,0.97663,0.99203,0.98993,0.95104,0.83729,0.84453,0.9884,0.9814,0.99705,0.67965,0.93709,0.42883,0.54643,0.98799,0.83839,0.94231,0.98126,0.99895,0.99648,0.99282,0.99824,0.70764,0.74092
5.72,0.93608,0.99329,0.92645,0.84158,0.99978,0.97474,0.90351,0.90978,0.83871,0.85315,0.98786,0.99648,0.99565,0.91181,0.5876,0.87121,0.79914,0.97523,0.99808,0.99121,0.97729,0.99885,0.59991,0.37126,0.98246,0.74672,0.71462,0.56436,0.93142,0.99956,0.96006,0.99006,0.86551,0.92194,0.96199,0.9875,0.99937,0.99974,0.94764,0.98968,0.98637,0.67831,0.86694,0.87114,0.97597,0.97503,0.99041,0.98164,0.95268,0.84265,0.82425,0.98832,0.97975,0.99618,0.67887,0.92705,0.57515,0.56274,0.99386,0.83947,0.94264,0.98547,0.99834,0.99711,0.98973,0.9985,0.70883,0.74
5.74,0.93232,0.99355,0.92436,0.8359,0.99969,0.97474,0.91924,0.9105,0.83794,0.82893,0.98793,0.99577,0.99444,0.92756,0.58501,0.87784,0.77448,0.97527,0.99748,0.98961,0.97724,0.99967,0.73657,0.39765,0.9911,0.74374,0.7155,0.58084,0.93647,0.99989,0.95268,0.99063,0.86457,0.92291,0.96592,0.98707,0.99912,0.99938,0.94635,0.98968,0.97656,0.67691,0.86611,0.8501,0.97586,0.97315,0.98864,0.9698,0.95379,0.8488,0.80287,0.98829,0.97787,0.99511,0.67911,0.91638,0.72748,0.58349,0.99897,0.84164,0.94196,0.98927,0.99762,0.99795,0.98606,0.99876,0.71028,0.73887
5.76,0.92883,0.99379,0.92259,0.83052,0.99958,0.97474,0.93328,0.91139,0.83733,0.8025,0.98796,0.99505,0.99307,0.94127,0.58214,0.88396,0.74853,0.97535,0.99683,0.98787,0.97728,1,0.83295,0.42106,0.99603,0.74151,0.71575,0.59673,0.94167,1.00003,0.94478,0.99116,0.86372,0.92378,0.96942,0.98666,0.99888,0.99889,0.94506,0.98968,0.9644,0.67515,0.86545,0.82717,0.97581,0.97135,0.9867,0.95563,0.95501,0.85452,0.78037,0.98824,0.976,0.9939,0.67892,0.90538,0.8333,0.60184,1.00007,0.84323,0.94177,0.99244,0.99669,0.99851,0.9819,0.999,0.71158,0.73784
5.78,0.92524,0.99403,0.92074,0.82531,0.99945,0.97474,0.94619,0.91277,0.83686,0.77258,0.98799,0.9942,0.99163,0.9536,0.57819,0.88958,0.72005,0.97545,0.99608,0.98627,0.97734,0.9998,0.91735,0.44308,0.99931,0.73893,0.7161,0.61242,0.94562,1.00006,0.93584,0.99166,0.86282,0.92469,0.97291,0.98624,0.99861,0.99829,0.94349,0.98968,0.94943,0.67243,0.86494,0.80122,0.97576,0.96933,0.9847,0.93868,0.95667,0.8598,0.75569,0.98818,0.97396,0.99277,0.67859,0.89157,0.92361,0.61906,0.99779,0.84508,0.9415,0.99508,0.99586,0.99911,0.97695,0.9992,0.71296,0.73677
5.8,0.92139,0.99427,0.91881,0.81944,0.99935,0.97474,0.95739,0.91297,0.83602,0.74461,0.98805,0.99343,0.9899,0.96455,0.57684,0.89596,0.69262,0.97549,0.99532,0.98395,0.97731,0.9993,0.96188,0.46773,0.99998,0.73672,0.71656,0.62768,0.95138,0.99999,0.92717,0.9922,0.86197,0.92555,0.97651,0.9858,0.99831,0.99745,0.94249,0.98968,0.9324,0.67204,0.86403,0.77697,0.97566,0.96754,0.98236,0.91881,0.95723,0.86584,0.73193,0.98816,0.97201,0.99108,0.67878,0.88157,0.96904,0.63827,0.99343,0.84664,0.94113,0.99713,0.99441,0.9994,0.97196,0.9994,0.71425,0.73576
5.82,0.91718,0.9945,0.91685,0.81195,0.9994,0.97474,0.96655,0.91002,0.83416,0.72584,0.98812,0.99301,0.98746,0.97414,0.58212,0.90442,0.67094,0.97536,0.99465,0.97935,0.977,0.99947,0.96381,0.50014,0.99997,0.7359,0.71708,0.64227,0.96184,1.00006,0.92071,0.99283,0.86132,0.92625,0.98032,0.98537,0.99797,0.99614,0.94297,0.98968,0.91454,0.67784,0.862,0.7607,0.97555,0.9666,0.97915,0.89587,0.95502,0.87393,0.71316,0.98824,0.97037,0.98761,0.68034,0.88447,0.97092,0.66344,0.99322,0.84722,0.94073,0.99859,0.99088,0.99907,0.96813,0.99961,0.71524,0.73493
5.84,0.91273,0.99473,0.91485,0.8038,0.9995,0.97474,0.97431,0.90583,0.83197,0.71079,0.98823,0.99273,0.98461,0.98223,0.59008,0.91331,0.65137,0.97518,0.99402,0.97343,0.97659,0.99981,0.95378,0.53398,0.99996,0.73552,0.71767,0.65642,0.97248,1.00001,0.91499,0.99348,0.86073,0.92689,0.98419,0.98493,0.99759,0.99443,0.94404,0.98968,0.89539,0.68601,0.85961,0.74767,0.97537,0.96597,0.97547,0.87001,0.95162,0.88253,0.69621,0.98834,0.96889,0.983,0.68235,0.89188,0.96101,0.68959,0.99471,0.84749,0.94027,0.99952,0.98567,0.99841,0.96468,0.99979,0.71613,0.73416
5.86,0.90824,0.99495,0.91287,0.79589,0.99957,0.97474,0.98109,0.90212,0.82999,0.69361,0.98836,0.99237,0.98161,0.98876,0.59707,0.9214,0.63011,0.97505,0.99335,0.96734,0.97625,0.99995,0.94929,0.56464,0.99992,0.73495,0.71821,0.67028,0.98078,0.99984,0.90857,0.99408,0.86011,0.92756,0.98795,0.98447,0.9972,0.99248,0.94491,0.98968,0.87416,0.69316,0.85744,0.73279,0.97516,0.9652,0.97167,0.84155,0.94857,0.89046,0.67781,0.98842,0.96736,0.97813,0.68403,0.89697,0.9565,0.71315,0.99532,0.84789,0.93985,0.99992,0.97981,0.9978,0.96074,0.99993,0.71707,0.73337
5.88,0.90351,0.99515,0.91068,0.78769,0.99962,0.97474,0.9871,0.8982,0.82762,0.67464,0.98833,0.99199,0.97802,0.99395,0.60369,0.92926,0.60726,0.97482,0.99248,0.95963,0.9758,1.00001,0.94292,0.59813,0.99982,0.73426,0.71887,0.68415,0.98784,0.9994,0.90201,0.99467,0.85947,0.92823,0.99177,0.98406,0.99673,0.99017,0.94547,0.98968,0.84974,0.70064,0.85485,0.71636,0.9752,0.96436,0.96719,0.8091,0.94564,0.89828,0.65803,0.98856,0.96544,0.97183,0.68624,0.90233,0.95005,0.73873,0.99602,0.84838,0.93933,0.9998,0.97264,0.99677,0.95665,1.00002,0.71802,0.73256
5.9,0.89893,0.99539,0.90888,0.77975,0.99972,0.97474,0.99147,0.89421,0.82597,0.65898,0.98862,0.99169,0.97481,0.99732,0.61197,0.9365,0.58659,0.97478,0.99195,0.95322,0.97555,0.99997,0.93617,0.62306,0.99967,0.73395,0.71928,0.69709,0.99307,0.99912,0.8953,0.9952,0.85888,0.92886,0.99533,0.98353,0.99633,0.98766,0.94678,0.98968,0.82622,0.70818,0.85304,0.7028,0.97473,0.96373,0.96325,0.77636,0.94191,0.90562,0.64015,0.98859,0.96428,0.96651,0.68744,0.9077,0.94314,0.75766,0.99675,0.84859,0.93901,0.99918,0.96481,0.99623,0.95241,1.00008,0.71891,0.73181
5.92,0.89479,0.99577,0.90798,0.77274,0.99992,0.97474,0.99389,0.89041,0.82628,0.65266,0.98979,0.99163,0.97345,0.99902,0.62423,0.9429,0.57218,0.97527,0.99241,0.952,0.97592,0.99984,0.93266,0.62629,0.99948,0.73469,0.7189,0.70807,0.99634,0.9997,0.88833,0.99571,0.85841,0.92937,0.99846,0.98265,0.99612,0.98523,0.95006,0.98968,0.80956,0.71531,0.85338,0.69733,0.97266,0.96361,0.96159,0.74857,0.93626,0.9122,0.62768,0.98829,0.96529,0.96549,0.68565,0.91268,0.93953,0.7601,0.99737,0.84807,0.93931,0.99825,0.95745,0.99745,0.94795,1.00009,0.7196,0.7312
5.94,0.89091,0.99619,0.90754,0.76605,1.00006,0.97474,0.99555,0.88661,0.82735,0.65004,0.99116,0.99168,0.9728,0.99982,0.63827,0.94872,0.56049,0.97593,0.99321,0.95304,0.97649,0.99961,0.92956,0.62225,0.99923,0.7358,0.71826,0.71825,0.99846,1.00006,0.88118,0.99616,0.85799,0.92983,1.0013,0.98161,0.99602,0.98273,0.95391,0.98968,0.79548,0.72238,0.85456,0.69506,0.96999,0.96371,0.9608,0.72233,0.92962,0.91829,0.61756,0.98788,0.96706,0.96637,0.68286,0.91747,0.93632,0.75705,0.99796,0.84729,0.93981,0.99703,0.94999,0.99884,0.94331,1.00006,0.72024,0.73064
5.96,0.88697,0.99657,0.90703,0.75919,1.00009,0.97474,0.99708,0.88277,0.82816,0.64564,0.99227,0.99168,0.97182,0.99991,0.65184,0.95421,0.54762,0.9765,0.99381,0.95347,0.97695,0.99931,0.92623,0.622,0.99893,0.73671,0.71778,0.72855,0.9997,0.99987,0.87377,0.99657,0.85752,0.93032,1.0041,0.98059,0.9959,0.97997,0.95725,0.98968,0.77941,0.72946,0.85544,0.69125,0.96756,0.96371,0.95961,0.6936,0.92304,0.92415,0.60643,0.98752,0.96842,0.96672,0.68058,0.92196,0.93287,0.75685,0.99848,0.84665,0.94019,0.99543,0.94177,0.99961,0.93845,1,0.72093,0.73005
5.98,0.8822,0.99691,0.90589,0.75207,1.00002,0.97474,0.9983,0.87858,0.82862,0.64164,0.99349,0.99167,0.97074,0.99919,0.66616,0.95989,0.53321,0.97709,0.99442,0.95218,0.97746,0.99883,0.92195,0.61981,0.99858,0.73778,0.71717,0.73852,1,0.99926,0.86623,0.99708,0.85714,0.93077,1.0074,0.97961,0.99562,0.97693,0.96075,0.98968,0.76244,0.73712,0.85595,0.68779,0.96453,0.96368,0.9583,0.66194,0.91593,0.93033,0.59397,0.98713,0.96985,0.96565,0.678,0.92725,0.92842,0.7552,0.99891,0.84589,0.94066,0.99351,0.93221,0.99999,0.93346,0.99987,0.72151,0.7295
6,0.87905,0.99728,0.90619,0.74543,0.99986,0.97474,0.99912,0.87495,0.82997,0.63755,0.9943,0.99171,0.97001,0.9979,0.68012,0.96416,0.52211,0.97764,0.995,0.95491,0.97789,0.99847,0.91972,0.61986,0.99818,0.73859,0.71675,0.74844,0.99944,0.99797,0.8583,0.9973,0.8566,0.93128,1.00952,0.97844,0.99569,0.97391,0.96367,0.98968,0.74632,0.74371,0.85743,0.68424,0.96231,0.96377,0.95743,0.63299,0.90886,0.93509,0.58437,0.98676,0.97122,0.96793,0.67579,0.93041,0.9261,0.75524,0.99929,0.84532,0.94099,0.99121,0.92374,0.99996,0.92815,0.9998,0.72231,0.72888
6.02,0.88053,0.99775,0.91034,0.74,0.99974,0.97474,0.99958,0.87302,0.8335,0.6324,0.99411,0.99187,0.97014,0.99671,0.69246,0.96556,0.51994,0.97807,0.99546,0.96765,0.97809,0.99873,0.92372,0.62792,0.99767,0.73859,0.71694,0.75888,0.99895,0.99503,0.8493,0.99675,0.85555,0.93203,1.00853,0.97679,0.99666,0.97132,0.9652,0.98968,0.73289,0.7472,0.86128,0.67979,0.96283,0.96412,0.95757,0.61346,0.90248,0.93668,0.58249,0.98646,0.97238,0.97838,0.67473,0.92812,0.93026,0.76133,0.99962,0.84532,0.94084,0.98836,0.91985,0.99903,0.92207,0.99997,0.72385,0.72796
6.04,0.88369,0.99821,0.91575,0.73507,0.99964,0.97474,0.99984,0.87172,0.83784,0.62696,0.99359,0.99208,0.97062,0.9956,0.70417,0.96592,0.52119,0.97846,0.99589,0.98082,0.97821,0.99916,0.92965,0.63829,0.99708,0.73832,0.71733,0.76922,0.99864,0.9903,0.83992,0.99584,0.85435,0.93284,1.00638,0.97492,0.99776,0.96887,0.96626,0.98968,0.72054,0.74955,0.866,0.67509,0.96428,0.96457,0.95816,0.5979,0.89634,0.93709,0.58357,0.98619,0.97347,0.98873,0.67412,0.92374,0.93641,0.76917,0.99987,0.84551,0.94054,0.98506,0.91775,0.99675,0.91567,1.00008,0.72561,0.72697
6.06,0.88605,0.99861,0.92037,0.72996,0.99951,0.97474,0.99996,0.87012,0.84179,0.62148,0.99322,0.99227,0.97095,0.99419,0.71618,0.9667,0.52085,0.97885,0.9963,0.98953,0.97835,0.99944,0.93425,0.64739,0.99645,0.73818,0.71762,0.77916,0.99812,0.9845,0.83052,0.99501,0.85326,0.93359,1.00475,0.97306,0.99856,0.96625,0.96749,0.98968,0.70725,0.75243,0.87029,0.67034,0.96524,0.96499,0.95856,0.58035,0.88995,0.93797,0.58327,0.98591,0.97454,0.99506,0.67339,0.92018,0.94117,0.77602,1.00002,0.84561,0.94031,0.98142,0.91468,0.99344,0.90921,1.00006,0.72721,0.72605
6.08,0.8884,0.99896,0.925,0.72449,0.99935,0.97474,0.99991,0.86852,0.84554,0.61658,0.99278,0.99244,0.97125,0.99243,0.72963,0.96763,0.52076,0.97927,0.99672,0.99628,0.97857,0.99966,0.93951,0.65641,0.99571,0.73802,0.71793,0.78933,0.99757,0.97641,0.81985,0.99395,0.852,0.93445,1.00309,0.97108,0.9992,0.96333,0.96879,0.98968,0.69376,0.75529,0.87433,0.6661,0.96635,0.96535,0.95893,0.56089,0.88268,0.93903,0.5832,0.9856,0.97568,0.99916,0.67225,0.91656,0.94656,0.7828,1.00009,0.84573,0.94007,0.97718,0.91185,0.98839,0.9018,0.9999,0.72905,0.725
6.1,0.89108,0.99925,0.92949,0.71982,0.99922,0.97474,0.9997,0.86703,0.84973,0.61028,0.99237,0.99266,0.97169,0.99088,0.74041,0.96799,0.52092,0.9796,0.99704,0.99923,0.9786,0.99985,0.94337,0.66581,0.995,0.73783,0.71824,0.7984,0.99693,0.96875,0.81106,0.99304,0.85104,0.93508,1.00118,0.96912,0.99966,0.96076,0.96975,0.98968,0.68009,0.75796,0.87883,0.66065,0.96733,0.96583,0.95945,0.54532,0.87677,0.93945,0.58334,0.98535,0.97658,1.00007,0.67207,0.91233,0.9505,0.78985,1.00006,0.84586,0.93982,0.97293,0.90887,0.98334,0.89565,0.99967,0.73044,0.72421
6.12,0.89427,0.99947,0.93353,0.71722,0.99919,0.97474,0.99932,0.86569,0.85522,0.59978,0.99217,0.99304,0.97225,0.99037,0.74354,0.96703,0.52082,0.97969,0.99715,0.9996,0.97813,0.99998,0.94334,0.67644,0.99456,0.73767,0.71849,0.80493,0.9959,0.96649,0.80773,0.99289,0.85092,0.93516,0.99884,0.96735,0.99993,0.95929,0.9699,0.98968,0.66567,0.76034,0.88471,0.65156,0.96779,0.96668,0.96014,0.54038,0.87505,0.93835,0.58326,0.98529,0.9769,0.99999,0.67454,0.90686,0.95048,0.79779,1.00001,0.84597,0.93963,0.96959,0.90453,0.98182,0.89331,0.99963,0.73061,0.72412
6.14,0.89768,0.99965,0.93742,0.71543,0.99922,0.97474,0.99878,0.86444,0.86101,0.58778,0.99202,0.99346,0.97295,0.99029,0.74379,0.96553,0.52085,0.97968,0.99719,0.99954,0.97747,1,0.94208,0.68723,0.99422,0.7375,0.71872,0.81053,0.99469,0.96643,0.80674,0.99301,0.85112,0.93501,0.99629,0.96563,1.00005,0.95827,0.96975,0.98968,0.65108,0.76257,0.89087,0.64118,0.96811,0.96762,0.96098,0.5396,0.87491,0.93663,0.58328,0.98529,0.977,1.00001,0.67792,0.90077,0.94919,0.80583,0.99995,0.84609,0.93945,0.96651,0.90001,0.98178,0.89262,0.99966,0.73032,0.7243
6.16,0.90091,0.99979,0.94122,0.7133,0.99921,0.97474,0.99808,0.86314,0.86636,0.57647,0.99185,0.99384,0.97367,0.99,0.74536,0.96426,0.52086,0.97972,0.99725,0.99966,0.97691,0.9999,0.94144,0.69737,0.99381,0.73733,0.71896,0.81645,0.99345,0.96536,0.80502,0.993,0.8512,0.93494,0.99381,0.96384,1.00001,0.95704,0.96977,0.98968,0.63637,0.76488,0.89651,0.63139,0.9685,0.96847,0.96186,0.53687,0.87404,0.93521,0.58328,0.98527,0.97719,0.99996,0.68078,0.89484,0.94854,0.81336,0.99987,0.84621,0.93926,0.96305,0.89578,0.98105,0.89141,0.99966,0.73021,0.72439
6.18,0.90419,0.99991,0.94488,0.71105,0.99923,0.97474,0.99715,0.86187,0.87225,0.56396,0.99167,0.99426,0.97401,0.98974,0.74688,0.96281,0.52085,0.97975,0.99733,0.99974,0.97626,0.99965,0.94055,0.70876,0.99337,0.73717,0.71921,0.82215,0.99159,0.96414,0.80179,0.99299,0.85116,0.93497,0.99123,0.96191,0.99982,0.95572,0.96965,0.98968,0.62023,0.76712,0.90267,0.62057,0.9689,0.96945,0.96227,0.53448,0.8732,0.93358,0.58327,0.98524,0.97743,0.9999,0.68399,0.88805,0.94763,0.82179,0.99976,0.84633,0.93907,0.95949,0.88999,0.98022,0.88913,0.99966,0.73027,0.72435
6.2,0.90724,0.99998,0.94844,0.70922,0.99922,0.97474,0.99621,0.86052,0.87677,0.55316,0.99152,0.99455,0.97513,0.98951,0.74783,0.96157,0.52085,0.97976,0.99736,0.99979,0.97571,0.99935,0.93988,0.71707,0.993,0.737,0.71943,0.82781,0.9906,0.96378,0.80229,0.99305,0.85145,0.93473,0.98877,0.96015,0.99948,0.95464,0.96974,0.98968,0.6062,0.76951,0.90738,0.61123,0.96922,0.97016,0.96364,0.53231,0.87268,0.93219,0.58328,0.98523,0.97751,0.99986,0.68666,0.88244,0.94694,0.82792,0.99966,0.84645,0.93889,0.95573,0.88711,0.97997,0.88948,0.99968,0.72984,0.72464
6.22,0.9098,1.00001,0.95203,0.7083,0.99911,0.97474,0.99564,0.85888,0.87781,0.54766,0.99147,0.99455,0.97827,0.98921,0.74783,0.96114,0.52085,0.97974,0.99725,0.99985,0.97553,0.99925,0.93983,0.71745,0.99281,0.73681,0.71961,0.83383,0.99254,0.965,0.81212,0.99326,0.85259,0.93382,0.98666,0.959,0.99896,0.95409,0.97044,0.98968,0.59838,0.7724,0.90846,0.60647,0.96933,0.97013,0.9675,0.52957,0.87267,0.93171,0.58328,0.98525,0.97719,0.99981,0.68757,0.88085,0.94689,0.8282,0.9996,0.84658,0.93875,0.95148,0.89286,0.9808,0.8964,0.99973,0.72818,0.72577
6.24,0.91212,1.00003,0.9555,0.70778,0.99896,0.97474,0.99523,0.85714,0.8776,0.54413,0.99146,0.99443,0.98186,0.98891,0.74736,0.96097,0.52085,0.97969,0.99708,0.99988,0.97545,0.99924,0.94008,0.71489,0.99269,0.73661,0.71977,0.8398,0.99504,0.967,0.82523,0.99353,0.85405,0.93263,0.9847,0.95804,0.99826,0.95378,0.97134,0.98968,0.59304,0.77546,0.90823,0.60341,0.96935,0.96985,0.97198,0.52691,0.87294,0.93152,0.58328,0.98529,0.9767,0.99976,0.68794,0.88068,0.94715,0.82631,0.99956,0.84672,0.93862,0.94699,0.90128,0.98216,0.90554,0.99981,0.72605,0.72723
6.26,0.91445,1.00004,0.95879,0.70711,0.99882,0.97474,0.99472,0.85544,0.87792,0.53978,0.99143,0.99435,0.98483,0.98862,0.74714,0.96066,0.52085,0.97965,0.99694,0.99992,0.97531,0.99918,0.94039,0.71356,0.99254,0.73642,0.71994,0.84557,0.99672,0.96875,0.83651,0.99376,0.85536,0.93156,0.98271,0.95692,0.99742,0.95338,0.97213,0.98968,0.5867,0.77844,0.90856,0.59965,0.96941,0.96968,0.97575,0.52425,0.87306,0.93119,0.58328,0.98532,0.97629,0.99971,0.68862,0.87981,0.94746,0.82533,0.99952,0.84686,0.93849,0.94238,0.90792,0.98334,0.91334,0.99986,0.72413,0.72854
6.28,0.91702,1.00004,0.96214,0.70632,0.99867,0.97474,0.99411,0.85369,0.8784,0.53489,0.99141,0.99429,0.98763,0.9883,0.74667,0.96041,0.52085,0.9796,0.99678,0.99996,0.97522,0.99913,0.93986,0.71266,0.99238,0.73623,0.7201,0.85149,0.99821,0.96988,0.84678,0.99402,0.85668,0.93047,0.98046,0.95601,0.99635,0.9529,0.97292,0.98968,0.57948,0.78151,0.90906,0.59542,0.96946,0.96953,0.97937,0.52149,0.87332,0.9309,0.58328,0.98535,0.97585,0.99964,0.68904,0.87915,0.94692,0.82467,0.99946,0.84699,0.93836,0.93736,0.91517,0.9841,0.92036,0.99992,0.72219,0.72987
6.3,0.91891,1.00003,0.96498,0.70586,0.99851,0.97474,0.99368,0.852,0.87825,0.53157,0.99139,0.99419,0.99009,0.98801,0.74662,0.96011,0.52085,0.97956,0.99663,0.99997,0.97504,0.99908,0.94115,0.71017,0.99225,0.73603,0.72027,0.8568,0.99912,0.97227,0.85868,0.99422,0.85803,0.92932,0.97877,0.95467,0.99524,0.95262,0.97372,0.98968,0.57455,0.78446,0.9089,0.59255,0.96951,0.96928,0.98262,0.51893,0.87334,0.93058,0.58328,0.98538,0.97543,0.99961,0.68988,0.87838,0.94824,0.82283,0.99942,0.84713,0.93822,0.93258,0.92105,0.98568,0.92841,0.99995,0.72018,0.73125
6.32,0.91912,0.99997,0.96679,0.7062,0.99833,0.97474,0.99376,0.85047,0.87652,0.53211,0.99135,0.994,0.9921,0.98775,0.74809,0.95966,0.52085,0.97953,0.99652,0.99994,0.97461,0.99897,0.94724,0.70375,0.99218,0.73582,0.72045,0.86064,0.99936,0.97805,0.87489,0.99423,0.85942,0.9281,0.97858,0.95203,0.99444,0.95283,0.97451,0.98968,0.57546,0.78712,0.90712,0.59301,0.96958,0.96884,0.98535,0.51667,0.87253,0.93008,0.58328,0.98541,0.97513,0.99967,0.69191,0.87689,0.95443,0.81809,0.99939,0.84728,0.93808,0.92895,0.92308,0.98944,0.93919,0.99996,0.7181,0.73272
6.34,0.91869,0.99983,0.96821,0.70686,0.99815,0.97474,0.99404,0.849,0.87421,0.53419,0.99131,0.99377,0.99382,0.98752,0.74996,0.95917,0.52085,0.9795,0.99642,0.99988,0.97408,0.99884,0.95459,0.69576,0.99212,0.73559,0.72063,0.86396,0.99946,0.98406,0.89167,0.99417,0.86083,0.92684,0.97897,0.94886,0.99375,0.95323,0.97528,0.98968,0.57864,0.78966,0.90472,0.59481,0.96966,0.96833,0.98775,0.51465,0.87149,0.92954,0.58328,0.98543,0.97487,0.99977,0.69439,0.87525,0.96181,0.81217,0.99937,0.84744,0.93794,0.92571,0.92395,0.99317,0.9501,0.99994,0.71598,0.73423
6.36,0.91851,0.99963,0.96973,0.70736,0.99797,0.97474,0.99422,0.84752,0.87223,0.53559,0.99128,0.99357,0.99534,0.98728,0.7515,0.9587,0.52085,0.97947,0.99632,0.99981,0.97358,0.99872,0.9607,0.68848,0.99205,0.73536,0.72082,0.86746,0.9996,0.98858,0.9064,0.99414,0.86221,0.92559,0.97913,0.94585,0.99295,0.95353,0.97602,0.98968,0.58079,0.79224,0.90265,0.59603,0.96974,0.96786,0.98995,0.51267,0.87064,0.92902,0.58328,0.98545,0.97461,0.99985,0.69671,0.87372,0.96787,0.80676,0.99935,0.8476,0.93779,0.92215,0.92543,0.9958,0.95939,0.99994,0.71388,0.73572
6.38,0.91846,0.99936,0.97128,0.70792,0.99775,0.97474,0.99441,0.84595,0.86982,0.53694,0.99124,0.99332,0.99673,0.98697,0.75365,0.95821,0.52085,0.97944,0.9962,0.99979,0.97313,0.99857,0.96651,0.68046,0.99201,0.73517,0.72098,0.87085,0.9997,0.99303,0.92095,0.99411,0.86362,0.92429,0.97918,0.94259,0.99206,0.95386,0.97685,0.98968,0.58299,0.79496,0.90013,0.5972,0.96982,0.96729,0.99207,0.51004,0.86944,0.92849,0.58328,0.98547,0.97428,0.99987,0.69875,0.87197,0.97355,0.80079,0.99933,0.84773,0.93766,0.91858,0.92658,0.99813,0.96827,0.99993,0.71173,0.73724
6.4,0.91801,0.99904,0.97257,0.70842,0.99758,0.97474,0.99462,0.84455,0.86813,0.53873,0.9912,0.99314,0.99772,0.98683,0.75465,0.95773,0.52085,0.97941,0.99613,0.9996,0.97252,0.99845,0.97183,0.67339,0.99191,0.7349,0.72121,0.87424,0.99981,0.99544,0.93276,0.99406,0.86497,0.92304,0.97958,0.93945,0.99126,0.95416,0.97745,0.98968,0.58555,0.79736,0.89837,0.59874,0.96989,0.9669,0.99366,0.50881,0.86888,0.92796,0.58328,0.9855,0.97408,0.99999,0.70146,0.87062,0.97865,0.79552,0.99929,0.84793,0.93748,0.91489,0.92806,0.99919,0.9752,0.99992,0.70967,0.73871
6.42,0.91663,0.99875,0.97327,0.70865,0.99757,0.97474,0.99487,0.84365,0.86865,0.54152,0.99119,0.9932,0.99817,0.98711,0.75226,0.95727,0.52085,0.97938,0.99618,0.99869,0.97152,0.9984,0.97661,0.66959,0.9917,0.73444,0.72159,0.8778,0.99996,0.99465,0.93983,0.99396,0.86617,0.92193,0.9808,0.93685,0.9908,0.9543,0.97747,0.98968,0.58862,0.79891,0.89892,0.60115,0.96992,0.96703,0.99442,0.51121,0.87021,0.92746,0.58328,0.98552,0.97423,1.00004,0.70586,0.87009,0.98312,0.79267,0.99921,0.84825,0.93718,0.91087,0.93089,0.99887,0.97919,0.9999,0.70781,0.74001
6.44,0.91485,0.99844,0.97374,0.70882,0.99763,0.97474,0.99514,0.84294,0.86995,0.54464,0.99118,0.99334,0.99843,0.98756,0.74872,0.95682,0.52085,0.97935,0.99628,0.99682,0.97034,0.9984,0.98085,0.66691,0.99143,0.73389,0.72205,0.88136,1.00003,0.99252,0.94502,0.99383,0.8673,0.92086,0.98236,0.93445,0.99048,0.9544,0.97728,0.98968,0.59193,0.80014,0.90027,0.60385,0.96993,0.96733,0.99488,0.51503,0.87218,0.92697,0.58328,0.98554,0.97449,0.99941,0.71091,0.87003,0.98699,0.79067,0.99911,0.84863,0.93681,0.90669,0.93401,0.99788,0.98203,0.99988,0.70605,0.74124
6.46,0.91322,0.99809,0.9743,0.70903,0.99765,0.97474,0.99538,0.84215,0.87089,0.54747,0.99117,0.99343,0.99872,0.98794,0.74577,0.95637,0.52085,0.97932,0.99635,0.99441,0.9692,0.99839,0.98455,0.66371,0.99117,0.73335,0.7225,0.88486,0.99999,0.99071,0.9504,0.99371,0.86844,0.91978,0.98377,0.93193,0.99009,0.95453,0.9772,0.98968,0.59506,0.8015,0.90126,0.6063,0.96996,0.96755,0.99542,0.5183,0.87382,0.92648,0.58328,0.98556,0.97467,0.99816,0.71564,0.86995,0.99026,0.78828,0.999,0.84901,0.93645,0.90243,0.9368,0.99696,0.98488,0.99985,0.70428,0.7425
6.48,0.91162,0.99767,0.97488,0.70919,0.99769,0.97474,0.99565,0.84132,0.87181,0.55088,0.99116,0.99353,0.99903,0.98826,0.74262,0.95592,0.52084,0.97931,0.99645,0.99147,0.96807,0.9983,0.98842,0.66038,0.99094,0.73293,0.72287,0.88825,0.99985,0.98879,0.95644,0.99359,0.86965,0.91862,0.98513,0.92913,0.98967,0.95462,0.97706,0.98968,0.59848,0.80292,0.90222,0.60925,0.96998,0.96778,0.996,0.52107,0.87556,0.92599,0.58327,0.98557,0.97495,0.99635,0.72019,0.86904,0.99352,0.78578,0.9989,0.84931,0.93616,0.89814,0.9399,0.99592,0.98796,0.99982,0.70238,0.74383
6.5,0.90981,0.99731,0.97536,0.70944,0.99771,0.97474,0.99586,0.84061,0.87295,0.55312,0.99115,0.99364,0.99919,0.98872,0.73966,0.95544,0.52087,0.97924,0.99649,0.98738,0.96681,0.99839,0.99072,0.65758,0.99063,0.73226,0.72341,0.89171,0.99965,0.98608,0.95991,0.99347,0.87068,0.91761,0.98665,0.92686,0.98932,0.95477,0.97699,0.98968,0.60129,0.80415,0.9034,0.61119,0.97,0.96802,0.99633,0.52519,0.87719,0.92547,0.58329,0.98562,0.97505,0.99356,0.72516,0.86999,0.99536,0.78367,0.99877,0.84977,0.93572,0.8936,0.94227,0.99437,0.98965,0.99979,0.70074,0.74498
6.52,0.90757,0.99718,0.97565,0.71,0.99767,0.97474,0.99594,0.8401,0.87455,0.55213,0.99114,0.99374,0.99907,0.98955,0.73735,0.95493,0.52083,0.97915,0.99633,0.98066,0.96523,0.99888,0.98988,0.65598,0.99013,0.7309,0.72446,0.89539,0.9996,0.98153,0.95771,0.99334,0.87124,0.91705,0.9885,0.92609,0.9891,0.9551,0.97713,0.98968,0.60241,0.80501,0.90507,0.61033,0.97002,0.96825,0.99609,0.5327,0.87846,0.92492,0.58326,0.98569,0.97461,0.98861,0.73119,0.87579,0.9947,0.78248,0.99853,0.85072,0.93488,0.88858,0.94276,0.99163,0.98859,0.99975,0.69985,0.74562
6.54,0.90512,0.99716,0.97585,0.71066,0.9976,0.97474,0.99597,0.83971,0.87632,0.54995,0.99113,0.99384,0.99882,0.99048,0.73529,0.95439,0.52085,0.97899,0.99609,0.97181,0.9635,0.9994,0.98787,0.65489,0.98955,0.72931,0.72567,0.89912,0.99962,0.9756,0.95308,0.9932,0.87164,0.91665,0.99049,0.92592,0.98894,0.95549,0.97736,0.98968,0.60291,0.80568,0.90691,0.60845,0.97005,0.96848,0.99561,0.54143,0.87959,0.92434,0.58327,0.98581,0.97398,0.98172,0.73756,0.88326,0.99307,0.78166,0.99825,0.85181,0.9339,0.88329,0.9426,0.98787,0.98627,0.99972,0.69922,0.74609
6.56,0.9027,0.99709,0.9761,0.71126,0.99755,0.97474,0.99603,0.83929,0.87797,0.5483,0.99112,0.99394,0.99861,0.99131,0.73323,0.95384,0.52093,0.97875,0.99588,0.96197,0.96178,0.99973,0.98637,0.65356,0.989,0.72785,0.72678,0.90274,0.99961,0.9693,0.9492,0.99307,0.87213,0.91615,0.99241,0.92552,0.98875,0.95585,0.97756,0.98968,0.60366,0.8064,0.90862,0.60702,0.97007,0.96871,0.99521,0.54947,0.88072,0.92374,0.58335,0.98598,0.97343,0.97376,0.74365,0.88977,0.99182,0.78066,0.99797,0.85282,0.933,0.87793,0.94272,0.98371,0.98426,0.99968,0.69844,0.74665
6.58,0.90031,0.99699,0.97633,0.7119,0.9975,0.97474,0.99609,0.83877,0.87976,0.54669,0.9911,0.99405,0.99837,0.99212,0.73071,0.95338,0.52064,0.97892,0.99566,0.94923,0.95999,0.99993,0.98421,0.65228,0.98837,0.72628,0.728,0.90625,0.99959,0.96186,0.94576,0.99294,0.87255,0.91572,0.99427,0.92496,0.98857,0.95622,0.97771,0.98968,0.60454,0.80729,0.91047,0.60563,0.9701,0.96896,0.99478,0.55764,0.88209,0.92325,0.58309,0.98586,0.97286,0.96317,0.7498,0.89581,0.98996,0.7797,0.99763,0.8539,0.932,0.87252,0.94287,0.97866,0.98243,0.99964,0.69777,0.74714
6.6,0.89775,0.99698,0.97657,0.71249,0.99742,0.97474,0.99613,0.83849,0.88125,0.54471,0.99109,0.99413,0.9981,0.99287,0.72923,0.95271,0.52113,0.97825,0.99542,0.93777,0.95822,1.00001,0.98283,0.651,0.98786,0.72489,0.72905,0.90981,0.99959,0.95441,0.94031,0.99279,0.87306,0.9152,0.99624,0.92486,0.98838,0.95657,0.97797,0.98968,0.605,0.80777,0.912,0.60391,0.97013,0.96916,0.9943,0.56556,0.8829,0.92253,0.58352,0.98633,0.97227,0.95346,0.75568,0.90266,0.98875,0.77873,0.99735,0.85485,0.93114,0.8668,0.94285,0.97348,0.97946,0.9996,0.69695,0.74773
6.62,0.89474,0.99715,0.97686,0.71294,0.99724,0.97474,0.99608,0.83888,0.88188,0.54192,0.99109,0.99416,0.9978,0.99354,0.73055,0.95142,0.52402,0.9749,0.99514,0.93453,0.95661,0.99988,0.98433,0.64947,0.98775,0.7241,0.7296,0.91363,0.99965,0.94847,0.92954,0.99262,0.87395,0.9143,0.99849,0.92586,0.98814,0.95683,0.97857,0.98968,0.6043,0.8071,0.91265,0.6015,0.97013,0.96923,0.99379,0.57292,0.88218,0.92115,0.58602,0.98852,0.97158,0.95069,0.76083,0.91128,0.99006,0.77759,0.99729,0.85538,0.93069,0.86039,0.94225,0.9693,0.97334,0.99954,0.69552,0.74874
6.64,0.89157,0.99738,0.97717,0.71334,0.99701,0.97474,0.996,0.83951,0.88221,0.53879,0.99109,0.99418,0.99746,0.99415,0.73292,0.94991,0.52766,0.97037,0.99486,0.93447,0.95505,0.99943,0.98662,0.64792,0.9878,0.72351,0.72999,0.91747,0.99972,0.94322,0.91575,0.99243,0.87492,0.91332,1.00082,0.92729,0.98789,0.95706,0.97926,0.98968,0.60321,0.80602,0.91298,0.5988,0.97012,0.96926,0.99323,0.57995,0.88089,0.91955,0.58917,0.99097,0.97088,0.95063,0.76573,0.92036,0.99203,0.77642,0.99731,0.85578,0.93037,0.85365,0.94156,0.96555,0.96514,0.99948,0.69395,0.74985
6.66,0.88845,0.99758,0.97748,0.71377,0.9968,0.97474,0.99594,0.84003,0.88266,0.53584,0.9911,0.9942,0.99709,0.99473,0.73482,0.94849,0.5308,0.96612,0.99458,0.93288,0.95341,0.99867,0.98833,0.64641,0.98778,0.72283,0.73045,0.92116,0.99976,0.93753,0.90189,0.99223,0.87581,0.91241,1.00306,0.92851,0.98763,0.95731,0.97988,0.98968,0.60239,0.80514,0.91345,0.59624,0.97012,0.96932,0.99264,0.58683,0.87984,0.91805,0.59189,0.99287,0.97022,0.94927,0.77068,0.92869,0.99345,0.77529,0.99731,0.85625,0.92999,0.84687,0.9411,0.96146,0.95658,0.99941,0.69252,0.75086
6.68,0.8851,0.99777,0.97773,0.71415,0.99656,0.97474,0.99585,0.84058,0.88317,0.5327,0.9911,0.9942,0.99676,0.99534,0.73672,0.94694,0.53451,0.96069,0.99422,0.93144,0.95178,0.99766,0.99006,0.64475,0.98775,0.72217,0.7309,0.92487,0.99986,0.93009,0.88631,0.99209,0.87688,0.91131,1.00541,0.92974,0.98741,0.95754,0.98056,0.98968,0.60116,0.8042,0.91397,0.59352,0.97012,0.96933,0.99211,0.59453,0.8788,0.91642,0.59509,0.99483,0.96936,0.94804,0.7755,0.93618,0.99484,0.77404,0.99728,0.85669,0.92962,0.83975,0.93977,0.95607,0.94664,0.99936,0.69077,0.75209
6.7,0.88208,0.99796,0.9781,0.71463,0.99635,0.97474,0.99581,0.8411,0.88348,0.52985,0.9911,0.99425,0.99628,0.99578,0.73888,0.94557,0.53721,0.95656,0.99401,0.93045,0.95007,0.99619,0.99157,0.6434,0.98779,0.7215,0.73135,0.92829,0.99982,0.9258,0.87053,0.99182,0.87757,0.91058,1.00748,0.93101,0.9871,0.95781,0.98111,0.98968,0.6007,0.80331,0.91428,0.59107,0.97011,0.96943,0.99137,0.60031,0.87762,0.91497,0.59743,0.99604,0.96888,0.94718,0.7804,0.94414,0.996,0.77302,0.99731,0.85714,0.92925,0.83286,0.94024,0.95293,0.93631,0.99926,0.68964,0.75291
6.72,0.88,0.99814,0.97875,0.71534,0.99625,0.97474,0.99594,0.84152,0.88334,0.52787,0.99111,0.99441,0.99538,0.99582,0.74164,0.94482,0.53677,0.95742,0.99429,0.92983,0.94824,0.99374,0.99246,0.64286,0.98801,0.72067,0.73188,0.9312,0.99926,0.93053,0.85696,0.99116,0.87714,0.91094,1.00888,0.93224,0.98652,0.95822,0.98138,0.98968,0.60249,0.80258,0.91415,0.58935,0.97008,0.96981,0.99001,0.60075,0.8761,0.9142,0.59704,0.99581,0.96952,0.94665,0.78549,0.95368,0.99666,0.77261,0.99743,0.8577,0.9288,0.82674,0.94554,0.95638,0.92725,0.999,0.69034,0.7525
6.74,0.87832,0.99831,0.97949,0.71615,0.99619,0.97474,0.99613,0.84189,0.88302,0.52623,0.99113,0.99461,0.99423,0.99571,0.7446,0.94428,0.53534,0.95993,0.99471,0.92959,0.94632,0.9904,0.99323,0.64263,0.98831,0.71983,0.73242,0.93384,0.99793,0.93838,0.84392,0.99034,0.87633,0.91168,1.01,0.93349,0.98583,0.95868,0.98153,0.98968,0.60508,0.80194,0.91381,0.58793,0.97004,0.97028,0.98834,0.59937,0.87446,0.91363,0.59581,0.99507,0.97053,0.94644,0.79068,0.96302,0.99721,0.77243,0.9976,0.85826,0.92835,0.821,0.95225,0.96208,0.91841,0.99863,0.69167,0.75168
6.76,0.87652,0.99848,0.98017,0.71693,0.99612,0.97474,0.99629,0.84225,0.88277,0.52448,0.99115,0.99478,0.99306,0.99568,0.74739,0.9436,0.53452,0.96153,0.99504,0.92922,0.94436,0.98651,0.99406,0.6423,0.98859,0.71901,0.73294,0.93644,0.9962,0.94454,0.82992,0.98957,0.87571,0.91222,1.01118,0.93475,0.98518,0.95913,0.98171,0.98968,0.6073,0.80133,0.91356,0.58642,0.97001,0.9707,0.98668,0.59897,0.87292,0.91293,0.5951,0.99456,0.97132,0.94612,0.79584,0.97103,0.99778,0.77219,0.99775,0.85881,0.92792,0.81512,0.95785,0.96649,0.90879,0.99826,0.69268,0.75108
6.78,0.87434,0.99863,0.98087,0.71763,0.996,0.97474,0.99644,0.84276,0.88256,0.5225,0.99117,0.99497,0.99165,0.9956,0.75066,0.94304,0.53306,0.96347,0.99541,0.92875,0.94253,0.98192,0.99456,0.64184,0.98879,0.71811,0.73352,0.93933,0.99402,0.94977,0.81442,0.98869,0.875,0.91284,1.0126,0.93588,0.98448,0.95952,0.98199,0.98968,0.60948,0.80046,0.91334,0.58471,0.96997,0.97116,0.98473,0.59788,0.8711,0.91234,0.59384,0.99388,0.97224,0.94571,0.8005,0.97811,0.99811,0.77184,0.99786,0.85941,0.92743,0.80834,0.96297,0.97022,0.89801,0.99781,0.69382,0.75038
6.8,0.87303,0.99879,0.98151,0.71852,0.99599,0.97474,0.99661,0.84295,0.88222,0.52108,0.99118,0.99512,0.99036,0.9956,0.75297,0.9423,0.53268,0.965,0.99569,0.92855,0.94029,0.97668,0.99555,0.64166,0.98916,0.71737,0.73399,0.94141,0.99098,0.95654,0.80057,0.98791,0.87438,0.91339,1.01345,0.93724,0.98381,0.96003,0.98202,0.98968,0.61193,0.80012,0.913,0.58348,0.96994,0.97153,0.98298,0.59782,0.86982,0.91157,0.59351,0.99331,0.97294,0.94554,0.80602,0.98419,0.99873,0.77171,0.99805,0.8599,0.92704,0.80327,0.96833,0.97497,0.88827,0.99737,0.69483,0.74977
6.82,0.87401,0.99902,0.982,0.71994,0.99621,0.97474,0.9968,0.84226,0.88162,0.52095,0.99118,0.99515,0.98974,0.99583,0.75265,0.94098,0.53554,0.9651,0.9957,0.92894,0.93694,0.97074,0.99759,0.64276,0.99,0.71706,0.7341,0.94148,0.98628,0.96675,0.79231,0.98751,0.87412,0.91361,1.01282,0.93918,0.98328,0.96083,0.98149,0.98968,0.61475,0.80132,0.91238,0.58337,0.96994,0.97159,0.98215,0.60095,0.86999,0.91021,0.59599,0.99328,0.97297,0.94588,0.81398,0.98931,0.99976,0.77253,0.99847,0.86011,0.92694,0.80311,0.97447,0.98199,0.88242,0.99715,0.69525,0.74952
6.84,0.87586,0.99924,0.98243,0.72156,0.99652,0.97474,0.997,0.84126,0.88089,0.52142,0.99118,0.99513,0.98936,0.99614,0.75132,0.93947,0.53949,0.96478,0.99563,0.9296,0.93311,0.96422,0.99924,0.64405,0.99097,0.71691,0.7341,0.94081,0.98012,0.97682,0.7863,0.98726,0.87395,0.91376,1.01162,0.94132,0.9828,0.96173,0.98068,0.98968,0.61786,0.80303,0.91163,0.58377,0.96995,0.97155,0.98165,0.60518,0.87073,0.90865,0.5994,0.9934,0.9728,0.94645,0.82261,0.99339,1.00003,0.7735,0.99891,0.86021,0.92695,0.80477,0.98036,0.98865,0.87814,0.997,0.69552,0.74936
6.86,0.87734,0.99943,0.98288,0.72309,0.99679,0.97474,0.99719,0.84042,0.88019,0.52172,0.99118,0.99513,0.98885,0.9964,0.75038,0.93803,0.54288,0.96468,0.99561,0.93016,0.92938,0.95714,0.99996,0.64487,0.99181,0.71667,0.73415,0.94047,0.97313,0.98458,0.77919,0.98693,0.87372,0.91396,1.01065,0.94333,0.98229,0.96257,0.97991,0.98968,0.62095,0.80446,0.91091,0.58403,0.96995,0.97155,0.98097,0.60893,0.87126,0.90718,0.60233,0.99344,0.97274,0.94694,0.83059,0.99646,0.99934,0.77412,0.99926,0.86037,0.9269,0.8056,0.98528,0.99349,0.87306,0.99681,0.69589,0.74913
6.88,0.87867,0.99959,0.98335,0.7246,0.99698,0.97474,0.99735,0.83947,0.87959,0.52155,0.99117,0.99514,0.98835,0.99664,0.74977,0.9365,0.54642,0.96451,0.99555,0.93061,0.92538,0.94871,0.99992,0.64723,0.99264,0.71648,0.73418,0.94011,0.96479,0.99102,0.77159,0.9866,0.87357,0.91408,1.00977,0.94527,0.98173,0.96339,0.97937,0.98968,0.62348,0.8061,0.91028,0.58389,0.96996,0.97157,0.98031,0.6124,0.8716,0.90562,0.60539,0.9935,0.97259,0.94732,0.83874,0.99872,0.99772,0.7759,0.99955,0.8605,0.92688,0.80646,0.98963,0.99712,0.86761,0.99661,0.69613,0.74899
6.9,0.88048,0.99973,0.98374,0.72618,0.99733,0.97474,0.99757,0.83869,0.87875,0.52253,0.99117,0.99512,0.98784,0.99692,0.74821,0.93509,0.54986,0.96436,0.99554,0.93135,0.92156,0.94119,0.99907,0.64649,0.9934,0.71623,0.73424,0.93962,0.95587,0.99547,0.76524,0.98631,0.87327,0.91435,1.00856,0.94728,0.98126,0.96424,0.97827,0.98968,0.62724,0.80743,0.90943,0.58473,0.96996,0.97152,0.97965,0.61668,0.87246,0.90418,0.60837,0.99356,0.97257,0.94795,0.84612,0.99975,0.99514,0.77534,0.99977,0.86066,0.92683,0.80765,0.99305,0.9992,0.86304,0.99643,0.69662,0.74869
6.92,0.88331,0.99986,0.98391,0.72794,0.99808,0.97474,0.99795,0.83842,0.87737,0.52619,0.99117,0.99503,0.98733,0.99732,0.74428,0.93403,0.55288,0.96437,0.99571,0.93292,0.91849,0.93763,0.9972,0.63642,0.994,0.7157,0.73448,0.93885,0.94784,0.99798,0.76205,0.98605,0.8726,0.91496,1.00664,0.94951,0.98106,0.96518,0.97557,0.98968,0.63405,0.80789,0.908,0.5879,0.96997,0.9713,0.97897,0.623,0.87464,0.9031,0.61098,0.99355,0.97301,0.9493,0.85182,0.99997,0.99116,0.76776,0.99991,0.86101,0.92663,0.80948,0.99533,0.99997,0.86074,0.99627,0.69769,0.74799
6.94,0.88656,0.99996,0.984,0.72976,0.99883,0.97474,0.99837,0.83836,0.87576,0.53101,0.99117,0.9949,0.98679,0.99773,0.73946,0.93311,0.55576,0.96441,0.99594,0.93473,0.91571,0.93577,0.99436,0.62313,0.99454,0.71512,0.73475,0.93798,0.93981,0.9994,0.76015,0.98583,0.87176,0.91574,1.00439,0.95175,0.98094,0.96614,0.9721,0.98968,0.64205,0.808,0.90633,0.59207,0.96997,0.971,0.97828,0.63003,0.8773,0.90217,0.61347,0.99354,0.97358,0.95086,0.8568,1.00002,0.98606,0.75771,1.00001,0.8614,0.9264,0.81154,0.99705,0.99995,0.85936,0.99613,0.69902,0.74712
6.96,0.8896,1.00002,0.98414,0.73151,0.99936,0.97474,0.99871,0.83825,0.87421,0.53546,0.99116,0.99478,0.98622,0.99809,0.73508,0.93215,0.55863,0.96443,0.99612,0.93634,0.91278,0.93325,0.99083,0.61144,0.99507,0.71461,0.73497,0.93721,0.93082,1.00003,0.7576,0.98561,0.87095,0.91648,1.00224,0.95388,0.98077,0.96705,0.96873,0.98968,0.64956,0.80819,0.90472,0.59592,0.96998,0.97071,0.97753,0.63659,0.8797,0.9012,0.61596,0.99353,0.97407,0.95224,0.86184,1.00002,0.98025,0.74885,1.00007,0.86173,0.92621,0.81335,0.99842,0.99926,0.85751,0.99599,0.70032,0.74627
6.98,0.89249,1.00004,0.98421,0.73339,0.99976,0.97474,0.99899,0.83794,0.87276,0.53914,0.99116,0.99471,0.98577,0.99843,0.73068,0.93103,0.56174,0.96445,0.99633,0.93821,0.9095,0.92985,0.98493,0.59771,0.99558,0.71389,0.73534,0.93618,0.92138,0.99974,0.75529,0.98531,0.87034,0.91702,1.00015,0.95614,0.98068,0.96802,0.96501,0.98968,0.65634,0.80871,0.90321,0.5991,0.96999,0.97052,0.97695,0.64338,0.88211,0.90007,0.61865,0.99352,0.97461,0.95383,0.86732,0.99991,0.97113,0.73841,1.00009,0.86221,0.92591,0.81573,0.99935,0.99755,0.85584,0.9958,0.70129,0.74566
7,0.89564,1.00003,0.98441,0.73502,1,0.97474,0.99929,0.83809,0.87103,0.54463,0.99116,0.99453,0.98502,0.99872,0.7262,0.93026,0.5643,0.96449,0.9965,0.93953,0.90691,0.92858,0.98136,0.58701,0.99603,0.7136,0.73541,0.93564,0.91122,0.99899,0.75274,0.98519,0.86927,0.91801,0.99782,0.95797,0.98043,0.96885,0.96128,0.98968,0.66469,0.80845,0.9014,0.60384,0.96998,0.97009,0.976,0.64971,0.88454,0.89929,0.62087,0.99351,0.97507,0.95496,0.87148,0.99984,0.96581,0.73026,1.00007,0.8624,0.92584,0.81696,0.99989,0.99599,0.85399,0.99572,0.70297,0.74453
7.02,0.89967,1.00002,0.98496,0.73595,1.00009,0.97474,0.99963,0.83941,0.86853,0.55472,0.9912,0.99405,0.98335,0.99891,0.72172,0.93045,0.56529,0.96453,0.99658,0.93941,0.90632,0.93286,0.98729,0.58524,0.99637,0.7145,0.73471,0.93661,0.89921,0.99962,0.74903,0.98557,0.8669,0.92027,0.99477,0.9587,0.97971,0.96932,0.95795,0.98968,0.67707,0.80619,0.89878,0.61258,0.9699,0.96897,0.97387,0.65439,0.88697,0.89948,0.62172,0.99349,0.9753,0.95486,0.87241,1.00001,0.97472,0.72891,1.00004,0.86181,0.92644,0.81475,0.99999,0.99725,0.8513,0.99597,0.70668,0.74193
7.04,0.90388,1.00001,0.98563,0.73664,1.00008,0.97474,0.99987,0.84118,0.86574,0.56646,0.99125,0.99345,0.9813,0.99908,0.7172,0.93099,0.56578,0.96459,0.99663,0.93877,0.90648,0.93901,0.99426,0.58702,0.99666,0.71583,0.73371,0.93805,0.8864,1.00007,0.74504,0.98613,0.86406,0.92291,0.99148,0.95903,0.97882,0.96966,0.95474,0.98968,0.69077,0.80316,0.89586,0.62273,0.9698,0.96759,0.97128,0.65868,0.8894,0.90003,0.62214,0.99347,0.97544,0.95431,0.87215,0.9999,0.98589,0.73027,0.99998,0.86093,0.92727,0.81139,0.99957,0.99889,0.8484,0.99632,0.71106,0.73886
7.06,0.90776,1,0.98622,0.73745,0.99998,0.97474,0.99996,0.84275,0.86308,0.57727,0.99129,0.99288,0.97934,0.99924,0.71273,0.93137,0.56657,0.96465,0.99669,0.93833,0.90628,0.94401,0.99793,0.58774,0.99695,0.71697,0.73284,0.93919,0.87335,0.99985,0.74124,0.9866,0.86147,0.92526,0.98834,0.95953,0.97798,0.97006,0.95138,0.98968,0.7035,0.80047,0.89305,0.63208,0.96971,0.96631,0.96883,0.66329,0.89179,0.90041,0.62283,0.99345,0.97561,0.95393,0.87246,0.99946,0.99261,0.73082,0.99991,0.86017,0.928,0.80869,0.99869,0.99964,0.84563,0.99661,0.71501,0.7361
7.08,0.91207,0.99998,0.98681,0.73822,0.99977,0.97474,0.9999,0.84425,0.86024,0.5879,0.99134,0.99223,0.97696,0.99936,0.70829,0.93177,0.56701,0.96466,0.99677,0.93799,0.90616,0.94886,0.99989,0.58605,0.99725,0.71808,0.73199,0.94061,0.85735,0.99879,0.73703,0.98707,0.85855,0.92783,0.98475,0.96006,0.97712,0.97045,0.94748,0.98967,0.71595,0.79788,0.89005,0.64128,0.9696,0.9649,0.96589,0.66707,0.89416,0.90081,0.6232,0.99344,0.97583,0.95365,0.87266,0.99869,0.99758,0.72952,0.99981,0.85943,0.92871,0.80526,0.99706,1.00004,0.84256,0.99689,0.71939,0.73305
7.1,0.9153,0.99997,0.98739,0.73901,0.99953,0.97474,0.99969,0.84597,0.85763,0.59888,0.99138,0.99164,0.97507,0.99952,0.70386,0.9322,0.5681,0.96479,0.99681,0.93734,0.90608,0.95371,0.99974,0.59022,0.99748,0.71936,0.73104,0.94152,0.84529,0.99787,0.73351,0.98755,0.85614,0.92993,0.98197,0.96044,0.97622,0.97084,0.94441,0.98967,0.72849,0.79492,0.88728,0.65078,0.96953,0.96362,0.96357,0.67244,0.8965,0.90125,0.62415,0.99339,0.97593,0.95309,0.87278,0.99754,0.99976,0.7327,0.99972,0.85858,0.9295,0.803,0.9955,0.99995,0.83998,0.99717,0.72299,0.73052
7.12,0.91578,0.99997,0.98801,0.73994,0.99949,0.97474,0.99931,0.84819,0.85564,0.61062,0.9913,0.99126,0.975,0.99974,0.69942,0.93275,0.57082,0.96527,0.99672,0.93572,0.90573,0.95893,0.99905,0.60979,0.99754,0.72106,0.7298,0.94096,0.84654,0.99933,0.73202,0.98805,0.85529,0.93077,0.98155,0.96053,0.97523,0.97129,0.94393,0.98967,0.74141,0.79108,0.88516,0.66094,0.96968,0.96283,0.96348,0.68192,0.89884,0.90181,0.62651,0.99321,0.97568,0.9517,0.87333,0.99579,1.00006,0.74759,0.99969,0.85743,0.93053,0.80439,0.99567,0.99997,0.83889,0.99746,0.72424,0.7295
7.14,0.91527,0.99997,0.98861,0.7409,0.99953,0.97474,0.99875,0.85059,0.85392,0.6226,0.99122,0.99096,0.97555,0.9999,0.69499,0.93332,0.57427,0.96588,0.99659,0.93382,0.90544,0.96391,0.99831,0.63429,0.99753,0.72291,0.72847,0.93989,0.85256,1.00006,0.73126,0.98856,0.85498,0.93118,0.982,0.96049,0.97423,0.97175,0.94441,0.98967,0.7543,0.78691,0.88332,0.6713,0.96987,0.9622,0.96415,0.69291,0.90117,0.90238,0.62949,0.99297,0.97531,0.95007,0.87379,0.99354,0.99999,0.76614,0.99969,0.85619,0.93162,0.807,0.99647,0.99874,0.83833,0.99773,0.72469,0.72901
7.16,0.91517,0.99997,0.98917,0.74183,0.99953,0.97474,0.99802,0.85287,0.85214,0.63419,0.99116,0.99062,0.97578,0.99996,0.69058,0.93383,0.57754,0.96642,0.99647,0.93216,0.90526,0.96829,0.99706,0.6554,0.99754,0.72464,0.72723,0.93906,0.85623,0.99933,0.73015,0.98905,0.85441,0.93178,0.98208,0.96051,0.97325,0.9722,0.94444,0.98967,0.7667,0.78293,0.88142,0.68134,0.96998,0.9615,0.96444,0.70318,0.90346,0.90289,0.63232,0.99275,0.975,0.94865,0.87407,0.991,0.99954,0.78204,0.99969,0.85501,0.93264,0.80899,0.99693,0.99662,0.83753,0.99799,0.72552,0.72827
7.18,0.91523,0.99997,0.98984,0.7428,0.99954,0.97474,0.99711,0.8552,0.85,0.64571,0.99099,0.99026,0.97613,0.99993,0.68623,0.93455,0.58005,0.96694,0.99635,0.9298,0.9045,0.9734,0.99593,0.67691,0.9976,0.72659,0.72582,0.93817,0.86031,0.99705,0.72906,0.98953,0.85388,0.93237,0.98203,0.96054,0.97203,0.97267,0.94454,0.98967,0.77896,0.77887,0.87913,0.69131,0.97033,0.96075,0.96487,0.71236,0.90571,0.90362,0.63448,0.99253,0.97467,0.94662,0.87523,0.98722,0.99895,0.79814,0.99966,0.85368,0.93378,0.8111,0.9974,0.993,0.83673,0.99824,0.72631,0.72755
7.2,0.91473,0.99997,0.99024,0.7437,0.99956,0.97474,0.99606,0.85743,0.84865,0.6569,0.99106,0.98995,0.97638,0.99979,0.68185,0.93481,0.58432,0.96753,0.99623,0.92878,0.90495,0.97614,0.99373,0.69677,0.99756,0.72811,0.72474,0.93725,0.86449,0.99393,0.72812,0.98999,0.85341,0.93287,0.98247,0.96052,0.97126,0.97309,0.94472,0.98967,0.79059,0.77496,0.87768,0.701,0.97019,0.96012,0.96517,0.72368,0.90797,0.9039,0.63819,0.99228,0.97435,0.94575,0.87454,0.98472,0.99756,0.81292,0.99968,0.85264,0.93466,0.81326,0.99785,0.98892,0.83604,0.99847,0.72698,0.72694
7.22,0.913,0.99997,0.98997,0.74433,0.99957,0.97474,0.99496,0.85934,0.84939,0.66744,0.99181,0.98978,0.97616,0.99935,0.67722,0.93385,0.59298,0.96829,0.99612,0.93177,0.90863,0.97314,0.98712,0.71237,0.99726,0.72837,0.72463,0.93643,0.86786,0.99243,0.72742,0.9904,0.85299,0.93328,0.98396,0.9604,0.97177,0.97339,0.94487,0.98967,0.80083,0.77159,0.87848,0.71012,0.9686,0.95978,0.96491,0.74032,0.91034,0.90292,0.64567,0.99194,0.97408,0.94832,0.86871,0.98743,0.99245,0.82446,0.99981,0.85246,0.93474,0.81514,0.99819,0.9871,0.83553,0.99866,0.7276,0.72644
7.24,0.91071,0.99998,0.98945,0.7449,0.99958,0.97474,0.99376,0.86116,0.85093,0.67766,0.99273,0.98968,0.97583,0.99852,0.67259,0.93242,0.60333,0.96911,0.99603,0.93601,0.9134,0.96775,0.9765,0.72646,0.99684,0.7282,0.72486,0.93559,0.8712,0.99163,0.72685,0.99079,0.85263,0.93361,0.9859,0.96025,0.97276,0.97366,0.94505,0.98967,0.81055,0.76838,0.88012,0.71897,0.96646,0.95957,0.9645,0.75857,0.91269,0.90147,0.65463,0.99157,0.97383,0.95195,0.8608,0.99135,0.98303,0.83482,0.99994,0.85258,0.93456,0.81707,0.9985,0.98616,0.83511,0.99884,0.72813,0.72603
7.26,0.90861,0.99998,0.98902,0.74552,0.9996,0.97474,0.9924,0.86303,0.85211,0.68778,0.99349,0.98955,0.97555,0.9974,0.66808,0.93116,0.61294,0.96987,0.99594,0.93944,0.91753,0.96312,0.9642,0.7406,0.99646,0.72827,0.7249,0.93472,0.87452,0.99037,0.72622,0.99117,0.85226,0.93395,0.98765,0.96013,0.97353,0.97395,0.94522,0.98967,0.82025,0.76507,0.88139,0.72773,0.96454,0.95931,0.96416,0.77533,0.91497,0.9002,0.66295,0.99122,0.97359,0.95488,0.85355,0.99394,0.9713,0.84517,1.00002,0.85253,0.93453,0.81904,0.99878,0.98467,0.83464,0.999,0.72867,0.72561
7.28,0.90659,0.99999,0.98862,0.74603,0.99961,0.97474,0.99097,0.86481,0.85325,0.69776,0.99429,0.98941,0.97525,0.996,0.66327,0.92998,0.62165,0.9707,0.99582,0.94315,0.92154,0.9575,0.94677,0.75483,0.99598,0.72818,0.72507,0.93398,0.87781,0.98906,0.72563,0.99158,0.85183,0.93435,0.9893,0.95992,0.97421,0.97419,0.94542,0.98967,0.82924,0.76192,0.88261,0.73638,0.96231,0.95903,0.96379,0.7911,0.91738,0.89901,0.67049,0.99081,0.97327,0.95804,0.84618,0.99633,0.95395,0.85551,1.00008,0.85259,0.93439,0.82069,0.99904,0.98318,0.83421,0.99916,0.72929,0.72512
7.3,0.90419,0.99999,0.98806,0.74675,0.99962,0.97474,0.98927,0.86671,0.85463,0.70751,0.99491,0.9893,0.97497,0.99415,0.65918,0.9285,0.63226,0.97137,0.99576,0.94628,0.92575,0.95237,0.93139,0.76744,0.99561,0.72831,0.72505,0.93294,0.88099,0.98783,0.72497,0.9919,0.85153,0.93463,0.99123,0.95989,0.97515,0.97452,0.94555,0.98967,0.83888,0.75853,0.88408,0.74483,0.96045,0.95881,0.96345,0.8075,0.91942,0.89753,0.67967,0.99047,0.97312,0.96068,0.83801,0.9979,0.93822,0.86462,1.00009,0.85251,0.9344,0.82299,0.99926,0.98178,0.83372,0.99929,0.72973,0.72477
7.32,0.90094,0.99997,0.98708,0.74808,0.99961,0.97474,0.9869,0.86905,0.85658,0.71673,0.99512,0.98924,0.97462,0.99148,0.65689,0.9263,0.64778,0.97157,0.99587,0.94762,0.9305,0.95,0.93056,0.77659,0.99572,0.72923,0.72436,0.93111,0.88395,0.98674,0.72405,0.99204,0.85154,0.93461,0.99378,0.96034,0.9767,0.97513,0.94543,0.98967,0.85064,0.75434,0.88616,0.75281,0.95978,0.95869,0.96302,0.82614,0.92055,0.89533,0.69311,0.99037,0.97341,0.96182,0.82824,0.99846,0.93736,0.8712,1.00009,0.85187,0.93496,0.82694,0.99944,0.98058,0.83305,0.99934,0.72971,0.72479
7.34,0.89729,0.99995,0.9859,0.74962,0.9996,0.97474,0.9841,0.8715,0.85871,0.72577,0.99518,0.98921,0.97432,0.98812,0.65531,0.92381,0.66482,0.97164,0.99604,0.94847,0.93534,0.94863,0.93521,0.78439,0.99598,0.73038,0.72347,0.92894,0.88677,0.98576,0.72305,0.9921,0.85168,0.93448,0.99658,0.96097,0.97843,0.97583,0.94525,0.98967,0.86278,0.74995,0.88842,0.76065,0.95959,0.95863,0.96265,0.84481,0.92133,0.89284,0.70785,0.99034,0.97386,0.96253,0.81765,0.99874,0.94215,0.87678,1.00008,0.85108,0.93567,0.83152,0.99959,0.97949,0.83231,0.99936,0.72951,0.72495
7.36,0.89371,0.99993,0.98476,0.75106,0.99959,0.97474,0.98112,0.87383,0.86067,0.73481,0.99527,0.98918,0.9741,0.98432,0.65348,0.92141,0.68056,0.97179,0.99618,0.94963,0.93985,0.94688,0.93732,0.79263,0.99614,0.73136,0.72272,0.92684,0.88957,0.98466,0.72209,0.9922,0.85177,0.9344,0.99925,0.96153,0.97998,0.97648,0.94511,0.98967,0.87406,0.74575,0.8905,0.76848,0.95926,0.95858,0.96238,0.86189,0.92223,0.89047,0.72149,0.99026,0.97422,0.9635,0.8071,0.99905,0.94432,0.88264,1.00006,0.8504,0.93628,0.83582,0.99972,0.97828,0.83161,0.9994,0.72938,0.72505
7.38,0.89013,0.9999,0.98351,0.7525,0.99957,0.97474,0.97789,0.87629,0.86289,0.74314,0.99549,0.98909,0.97343,0.97984,0.6514,0.91887,0.6962,0.97185,0.99632,0.9504,0.94443,0.94448,0.93927,0.80049,0.99638,0.73258,0.72178,0.92488,0.89248,0.98359,0.72109,0.9923,0.85184,0.93433,1.00186,0.96201,0.98154,0.97712,0.9449,0.98967,0.88484,0.74129,0.89286,0.7757,0.95854,0.9584,0.96156,0.87848,0.92325,0.88796,0.73503,0.99022,0.9746,0.96415,0.79566,0.9994,0.94632,0.88821,1.00004,0.84955,0.93702,0.83972,0.99983,0.97711,0.83088,0.99943,0.72928,0.72514
7.4,0.8863,0.99986,0.9823,0.75398,0.99956,0.97474,0.97434,0.87844,0.86457,0.75248,0.99543,0.98914,0.97369,0.9751,0.65001,0.91647,0.71127,0.97205,0.99647,0.9518,0.94839,0.94365,0.9427,0.80833,0.99649,0.73337,0.72118,0.92245,0.89501,0.98238,0.72016,0.99238,0.85197,0.93422,1.00457,0.9627,0.98295,0.97776,0.94483,0.98967,0.89531,0.73739,0.89462,0.7838,0.95875,0.95848,0.96188,0.89318,0.92394,0.88561,0.74808,0.99012,0.97499,0.96533,0.78509,0.9995,0.94982,0.89374,1.00002,0.849,0.9375,0.84443,0.99991,0.97581,0.83019,0.99946,0.72909,0.72528
7.42,0.88185,0.99978,0.98138,0.7555,0.99959,0.97474,0.97036,0.87981,0.86471,0.76478,0.99457,0.98956,0.97661,0.97076,0.65038,0.91462,0.72517,0.97267,0.9966,0.95497,0.95108,0.94684,0.94881,0.81713,0.99628,0.73293,0.72155,0.91884,0.8967,0.9807,0.71948,0.99244,0.85224,0.934,1.00763,0.96393,0.98394,0.97842,0.94518,0.98967,0.9057,0.73489,0.89477,0.79446,0.9615,0.95932,0.96546,0.90471,0.92375,0.88381,0.76013,0.98979,0.97535,0.96797,0.77753,0.99906,0.95602,0.8999,1.00005,0.8493,0.93721,0.85119,0.99995,0.97401,0.82969,0.99948,0.72869,0.72555
7.44,0.87716,0.99967,0.98054,0.75704,0.99963,0.97474,0.96604,0.88085,0.86431,0.77785,0.99332,0.99009,0.98017,0.96644,0.65141,0.91296,0.73849,0.97341,0.99673,0.95863,0.95325,0.95146,0.95576,0.82579,0.99595,0.73206,0.72225,0.91468,0.89802,0.97885,0.71885,0.99249,0.85257,0.93375,1.01076,0.96536,0.98481,0.97907,0.94568,0.98967,0.91565,0.73298,0.89434,0.80579,0.96498,0.9604,0.96986,0.91477,0.92325,0.88219,0.77167,0.98938,0.97571,0.97101,0.77116,0.99813,0.96298,0.90593,1.00008,0.84991,0.93665,0.85859,0.99997,0.97204,0.82923,0.9995,0.72821,0.72586
7.46,0.87254,0.99955,0.97961,0.75855,0.99967,0.97474,0.96148,0.88198,0.86416,0.79006,0.99214,0.99054,0.98299,0.96168,0.6521,0.9112,0.75153,0.97407,0.99686,0.96188,0.95552,0.95528,0.96172,0.83391,0.99564,0.7314,0.72281,0.91062,0.8994,0.97703,0.71817,0.99255,0.85287,0.93352,1.01376,0.96666,0.98572,0.97971,0.94611,0.98967,0.92495,0.73092,0.89419,0.81638,0.96785,0.96132,0.97341,0.92456,0.92291,0.88047,0.78297,0.989,0.97608,0.97369,0.76425,0.99707,0.96888,0.91154,1.00009,0.85037,0.93621,0.86547,0.99999,0.97014,0.82873,0.99952,0.72778,0.72615
7.48,0.86743,0.9994,0.97873,0.76014,0.9997,0.97474,0.95648,0.88335,0.86398,0.80198,0.99068,0.99105,0.986,0.95642,0.65297,0.90939,0.76453,0.97475,0.99698,0.96496,0.95795,0.95869,0.96737,0.84307,0.99538,0.73071,0.72336,0.9065,0.90111,0.97478,0.71763,0.99257,0.8532,0.93325,1.01697,0.96794,0.98654,0.98037,0.94652,0.98967,0.93396,0.72839,0.894,0.82672,0.97096,0.96238,0.97725,0.93405,0.92249,0.87872,0.79424,0.98861,0.97641,0.9762,0.75654,0.99588,0.97437,0.91783,1.00008,0.85085,0.93577,0.87212,1.00001,0.96779,0.82833,0.99953,0.72729,0.72648
7.5,0.86306,0.99924,0.97772,0.76156,0.99973,0.97474,0.95151,0.88412,0.86373,0.81365,0.9894,0.99143,0.98812,0.95136,0.65362,0.90767,0.77649,0.9754,0.99712,0.96811,0.95977,0.96278,0.97248,0.84946,0.99496,0.72996,0.72399,0.90211,0.90206,0.97321,0.71677,0.99268,0.85347,0.93305,1.01964,0.96923,0.98743,0.98095,0.94701,0.98967,0.94189,0.72698,0.89374,0.83685,0.97337,0.96317,0.98002,0.94213,0.92217,0.87706,0.80461,0.98821,0.97681,0.97876,0.75053,0.99411,0.97926,0.92218,1.00006,0.85136,0.93526,0.87887,1.00001,0.96616,0.8277,0.99956,0.7269,0.72672
7.52,0.86071,0.99903,0.97628,0.76259,0.99978,0.97474,0.94722,0.88323,0.86349,0.82521,0.98902,0.99142,0.98823,0.94732,0.65352,0.90616,0.78659,0.97597,0.99732,0.97168,0.9602,0.9685,0.97702,0.84902,0.99407,0.72911,0.72481,0.89713,0.90087,0.97364,0.71525,0.993,0.85354,0.93305,1.02104,0.97064,0.98861,0.98136,0.94771,0.98967,0.94804,0.72861,0.89349,0.84688,0.97404,0.96316,0.98016,0.94791,0.92221,0.8756,0.81336,0.98786,0.97739,0.98162,0.74911,0.99087,0.9835,0.92188,0.99993,0.85195,0.93459,0.88614,1,0.9666,0.82658,0.99966,0.72681,0.72672
7.54,0.85924,0.9988,0.97469,0.76344,0.99983,0.97474,0.94314,0.88176,0.8632,0.83641,0.98897,0.99129,0.98774,0.94369,0.65317,0.90476,0.79575,0.9765,0.99753,0.97519,0.96008,0.97438,0.981,0.846,0.99293,0.72823,0.7257,0.89188,0.89895,0.97485,0.71334,0.9934,0.85353,0.93312,1.02191,0.97202,0.98981,0.9817,0.94847,0.98967,0.95335,0.73133,0.89318,0.85661,0.97414,0.96287,0.97952,0.95267,0.92239,0.87425,0.82131,0.98752,0.97802,0.98439,0.7495,0.98636,0.98712,0.91983,0.99964,0.85256,0.93387,0.89337,0.99999,0.96786,0.82517,0.99977,0.72682,0.72664
7.56,0.85755,0.99856,0.97311,0.76434,0.99987,0.97474,0.93878,0.88058,0.8629,0.84711,0.98875,0.99121,0.98761,0.93974,0.65292,0.90331,0.80487,0.97703,0.99772,0.97833,0.9602,0.97937,0.9845,0.84401,0.99181,0.72739,0.72653,0.88665,0.89744,0.97577,0.71142,0.99376,0.85355,0.93316,1.0229,0.9733,0.9909,0.98206,0.94918,0.98967,0.95853,0.73348,0.89286,0.86589,0.97451,0.96273,0.97935,0.95744,0.92251,0.87285,0.82923,0.98717,0.97861,0.98683,0.7491,0.98129,0.99022,0.91847,0.99925,0.85314,0.9332,0.90018,0.99996,0.96882,0.82375,0.99986,0.72678,0.72659
7.58,0.85503,0.99823,0.97139,0.76538,0.99992,0.97474,0.93401,0.87921,0.8627,0.85802,0.98856,0.99112,0.98712,0.93538,0.65278,0.90177,0.81438,0.97761,0.99791,0.98155,0.96035,0.98394,0.98826,0.84252,0.99049,0.72639,0.72751,0.88092,0.89548,0.97631,0.71026,0.99406,0.85359,0.93318,1.02436,0.97483,0.99199,0.98247,0.94994,0.98967,0.96366,0.73598,0.89265,0.87537,0.97483,0.96253,0.9787,0.96224,0.92258,0.87138,0.83748,0.98678,0.97922,0.98928,0.74858,0.97524,0.99339,0.91745,0.9987,0.85382,0.93241,0.90722,0.99992,0.96939,0.8229,0.99992,0.72673,0.72655
7.6,0.85442,0.99801,0.96983,0.76609,0.99995,0.97474,0.92972,0.87809,0.86229,0.86735,0.98839,0.99104,0.98722,0.9316,0.65233,0.9004,0.8223,0.97805,0.99809,0.98398,0.96031,0.98782,0.99037,0.83936,0.98926,0.72572,0.7282,0.87584,0.89426,0.97777,0.70738,0.99446,0.85359,0.93326,1.02471,0.97575,0.99289,0.98274,0.9506,0.98967,0.96784,0.73802,0.89222,0.88348,0.97511,0.96237,0.97884,0.96606,0.9228,0.87007,0.84435,0.98648,0.97979,0.9911,0.74873,0.96857,0.99508,0.91529,0.99811,0.85428,0.93184,0.91311,0.99989,0.97091,0.82077,1,0.72673,0.72647
7.62,0.85882,0.99816,0.96869,0.76596,0.99997,0.97474,0.927,0.87777,0.86129,0.87333,0.98822,0.99103,0.98916,0.92954,0.65105,0.89952,0.82643,0.97813,0.99823,0.98482,0.95986,0.99082,0.98919,0.83191,0.98859,0.72602,0.7281,0.8728,0.8954,0.98144,0.69997,0.99513,0.85349,0.93346,1.02216,0.97513,0.99351,0.98269,0.951,0.98967,0.9703,0.7386,0.89116,0.88868,0.97539,0.96234,0.98138,0.968,0.92343,0.86923,0.84794,0.98642,0.98027,0.99172,0.75024,0.96199,0.99414,0.91017,0.99775,0.85407,0.93193,0.91648,0.99992,0.9748,0.81529,1.00007,0.72688,0.72622
7.64,0.865,0.99843,0.9678,0.76552,0.99998,0.97474,0.92492,0.87774,0.86008,0.878,0.98806,0.99104,0.99144,0.92818,0.64946,0.89881,0.8292,0.97809,0.99836,0.98513,0.95923,0.9933,0.98659,0.82269,0.98811,0.72665,0.72771,0.87057,0.8973,0.9855,0.69069,0.99585,0.85336,0.9337,1.01846,0.97392,0.99396,0.98252,0.95129,0.98967,0.97208,0.73865,0.88987,0.89275,0.97565,0.96235,0.98444,0.96925,0.9242,0.86855,0.85034,0.98645,0.98072,0.99194,0.75236,0.9551,0.992,0.90378,0.99749,0.85364,0.93224,0.91888,0.99996,0.9792,0.8084,1.00008,0.72707,0.72592
7.66,0.87026,0.99863,0.96691,0.76521,0.99999,0.97474,0.92254,0.87762,0.85896,0.88304,0.98789,0.99104,0.9932,0.92648,0.64801,0.898,0.83259,0.9781,0.99849,0.98567,0.95867,0.99541,0.98435,0.81417,0.98752,0.72709,0.72748,0.86801,0.8988,0.98875,0.68193,0.99646,0.85326,0.9339,1.01521,0.97293,0.99439,0.9824,0.9516,0.98967,0.97403,0.73888,0.88869,0.89712,0.97591,0.96236,0.98688,0.97075,0.92492,0.86778,0.85329,0.98644,0.98118,0.99233,0.7542,0.94752,0.99008,0.89783,0.99715,0.85334,0.93243,0.92158,0.99998,0.98283,0.80189,1.00002,0.7272,0.72567
7.68,0.87534,0.99881,0.96542,0.76492,1.00001,0.97474,0.91997,0.87732,0.85781,0.88828,0.98772,0.99102,0.99495,0.92474,0.6466,0.89727,0.83572,0.97811,0.99862,0.98619,0.95811,0.99717,0.98213,0.80452,0.98689,0.72767,0.72715,0.86511,0.90044,0.9917,0.67357,0.99705,0.85308,0.93419,1.01196,0.97199,0.99506,0.98229,0.95201,0.98967,0.97602,0.73942,0.88747,0.90168,0.97618,0.96232,0.98937,0.97223,0.9256,0.86709,0.856,0.98644,0.98162,0.99271,0.75604,0.93915,0.98814,0.89106,0.99678,0.85294,0.9327,0.92455,1,0.98624,0.79565,0.99988,0.72747,0.72532
7.7,0.88083,0.99901,0.96519,0.76452,1.00001,0.97474,0.91783,0.87746,0.85667,0.8925,0.98756,0.99105,0.9962,0.9232,0.64503,0.89641,0.839,0.9781,0.99874,0.9866,0.9575,0.99843,0.97896,0.79621,0.98637,0.72805,0.72694,0.86304,0.90194,0.99412,0.66374,0.99756,0.85307,0.93431,1.00832,0.97076,0.99516,0.98213,0.9522,0.98967,0.97759,0.73916,0.88625,0.90536,0.97643,0.96237,0.99124,0.97349,0.92636,0.86626,0.85885,0.98644,0.98207,0.99301,0.758,0.93071,0.98528,0.88518,0.99647,0.85268,0.93287,0.92662,1.00001,0.98916,0.78829,0.99968,0.72748,0.72516
7.72,0.88739,0.99929,0.96848,0.76386,1,0.97474,0.91678,0.87872,0.85561,0.89448,0.9874,0.99118,0.99659,0.92212,0.64302,0.89512,0.843,0.9781,0.99886,0.9868,0.95684,0.99922,0.97314,0.79272,0.98611,0.72778,0.72715,0.8632,0.90292,0.99589,0.649,0.99797,0.85356,0.934,1.00381,0.96881,0.99361,0.98187,0.95179,0.98967,0.97833,0.73688,0.88513,0.90708,0.97668,0.96265,0.99184,0.97436,0.92733,0.86505,0.86232,0.98644,0.98257,0.99315,0.76011,0.92306,0.97988,0.88271,0.9963,0.85287,0.9327,0.92646,1.00001,0.99142,0.77723,0.99944,0.72678,0.72555
7.74,0.89414,0.99956,0.97274,0.76312,0.99997,0.97475,0.91618,0.88039,0.85457,0.89558,0.98725,0.99135,0.99673,0.92122,0.64087,0.89369,0.84716,0.9781,0.99899,0.98693,0.95614,0.99971,0.96571,0.79085,0.98596,0.72731,0.72749,0.86417,0.90376,0.99727,0.63286,0.99832,0.85421,0.93352,0.99894,0.96656,0.99115,0.98158,0.95116,0.98967,0.97875,0.73382,0.88402,0.90804,0.97691,0.96301,0.99206,0.97506,0.92837,0.86369,0.86594,0.98644,0.98306,0.99324,0.76233,0.91565,0.97277,0.88138,0.99621,0.85319,0.93242,0.92549,1.00001,0.99331,0.76507,0.99917,0.72582,0.72614
7.76,0.90038,0.99975,0.97615,0.76245,0.99995,0.97475,0.91536,0.88187,0.85351,0.89706,0.98709,0.9915,0.99697,0.92022,0.63883,0.89231,0.85119,0.97809,0.9991,0.98713,0.95543,0.99997,0.95812,0.78812,0.98578,0.72696,0.72774,0.86472,0.90464,0.99838,0.61778,0.99864,0.85479,0.93311,0.99422,0.9644,0.98871,0.98131,0.95064,0.98967,0.97931,0.73111,0.88289,0.90932,0.97715,0.96333,0.99244,0.97582,0.92935,0.86238,0.86943,0.98645,0.98353,0.99338,0.76453,0.90772,0.96533,0.87944,0.9961,0.85343,0.93222,0.92495,1.00001,0.99497,0.75366,0.99885,0.72497,0.72665
7.78,0.90704,0.99991,0.97961,0.76161,0.99992,0.97475,0.91459,0.8833,0.85247,0.89853,0.98693,0.99166,0.99719,0.9193,0.63664,0.89094,0.85507,0.97809,0.99921,0.98716,0.95477,0.99998,0.94835,0.78574,0.98554,0.72649,0.72808,0.86554,0.90559,0.99929,0.59826,0.99895,0.85536,0.93271,0.98893,0.96188,0.98572,0.98097,0.95008,0.98967,0.97983,0.72849,0.88177,0.9106,0.97739,0.96367,0.9928,0.97652,0.9304,0.86108,0.87281,0.98645,0.98404,0.9934,0.76656,0.89886,0.95555,0.87774,0.99594,0.85376,0.93194,0.92412,1,0.99654,0.73883,0.99844,0.72413,0.72713
7.8,0.9123,0.99999,0.98246,0.76112,0.99989,0.97475,0.9138,0.88491,0.85139,0.89979,0.98678,0.9918,0.99738,0.91822,0.63474,0.88949,0.85914,0.97809,0.9993,0.98751,0.954,0.99978,0.94055,0.78301,0.98544,0.72621,0.72827,0.86596,0.90638,0.99975,0.58697,0.99916,0.85598,0.93224,0.98455,0.95986,0.98276,0.98077,0.94953,0.98967,0.98036,0.72552,0.88062,0.91171,0.97762,0.96397,0.9931,0.9773,0.93131,0.85971,0.87634,0.98645,0.98445,0.99365,0.76892,0.89104,0.94762,0.87579,0.99588,0.85394,0.93178,0.92369,0.99999,0.99755,0.73022,0.99809,0.72321,0.72771
7.82,0.91422,1,0.98413,0.76157,0.99987,0.97475,0.91286,0.88698,0.85026,0.90061,0.98665,0.99189,0.99758,0.9167,0.63367,0.88787,0.86379,0.97807,0.99933,0.98885,0.9529,0.99958,0.94101,0.77887,0.98572,0.72657,0.72797,0.86509,0.90637,0.9998,0.59833,0.9992,0.85672,0.9316,0.98291,0.95953,0.98079,0.98095,0.94909,0.98967,0.98096,0.7217,0.87941,0.91241,0.9778,0.96415,0.99342,0.97839,0.93181,0.85818,0.88039,0.98646,0.98459,0.99459,0.77221,0.8865,0.94809,0.87283,0.99606,0.8537,0.93203,0.92457,0.99999,0.99771,0.73889,0.99801,0.72212,0.72849
7.84,0.91492,0.99999,0.98535,0.76239,0.99984,0.97475,0.91187,0.88919,0.84911,0.90127,0.98653,0.99195,0.99774,0.91501,0.63289,0.88616,0.86859,0.97805,0.99934,0.99039,0.95168,0.99941,0.94442,0.77432,0.98614,0.72713,0.72751,0.8638,0.90628,0.99976,0.61825,0.99918,0.8575,0.93089,0.9823,0.9598,0.97919,0.98128,0.94867,0.98967,0.9816,0.71759,0.87817,0.91299,0.97797,0.96429,0.99369,0.97955,0.93218,0.85658,0.88456,0.98648,0.98464,0.99564,0.77579,0.8834,0.95157,0.86957,0.99633,0.85331,0.9324,0.92586,0.99999,0.99758,0.75401,0.99806,0.72097,0.72935
7.86,0.91613,0.99999,0.98662,0.76307,0.99982,0.97475,0.91085,0.89128,0.84794,0.90207,0.98641,0.99202,0.99789,0.91335,0.63198,0.88448,0.87318,0.97802,0.99936,0.99164,0.95051,0.99918,0.94636,0.76995,0.98648,0.72757,0.72715,0.8627,0.90649,0.99975,0.6347,0.99917,0.85825,0.93022,0.98124,0.95977,0.9774,0.98156,0.94824,0.98967,0.98223,0.71369,0.87692,0.91368,0.97815,0.96444,0.99395,0.98065,0.93262,0.855,0.88855,0.9865,0.98473,0.99646,0.77917,0.87978,0.95354,0.86643,0.99654,0.85301,0.9327,0.92695,0.99999,0.99757,0.76646,0.99807,0.71985,0.73017
7.88,0.91749,0.99999,0.98811,0.76362,0.99979,0.97475,0.91002,0.89348,0.84684,0.90254,0.98628,0.99209,0.9981,0.91175,0.63109,0.88277,0.8778,0.97801,0.99938,0.99305,0.94927,0.99884,0.94849,0.76538,0.98687,0.72811,0.7267,0.86159,0.90562,0.99976,0.6472,0.99921,0.85904,0.92951,0.98005,0.95983,0.97508,0.98177,0.94778,0.98967,0.98274,0.70956,0.87574,0.9141,0.97833,0.96459,0.9943,0.98167,0.93304,0.8534,0.89257,0.98651,0.98481,0.99735,0.78264,0.87517,0.95569,0.86314,0.99677,0.85264,0.93306,0.92804,1,0.9976,0.77588,0.998,0.71867,0.73103
7.9,0.91821,0.99999,0.98888,0.76453,0.99976,0.97475,0.90876,0.89542,0.84559,0.90365,0.98617,0.99216,0.99817,0.90994,0.63022,0.88106,0.88214,0.97798,0.99939,0.99391,0.94809,0.99864,0.95084,0.76097,0.98718,0.72851,0.72638,0.8604,0.90694,0.99972,0.66859,0.99915,0.85974,0.92884,0.9794,0.95986,0.97376,0.98214,0.94738,0.98967,0.98348,0.70591,0.87438,0.91506,0.97849,0.96474,0.99443,0.98278,0.93345,0.8518,0.89634,0.98653,0.98489,0.99787,0.78591,0.8728,0.95806,0.85996,0.99695,0.85237,0.93333,0.92918,0.99998,0.99748,0.79193,0.99812,0.71761,0.73183
7.92,0.91762,1,0.98788,0.76637,0.99974,0.97475,0.90628,0.89672,0.84385,0.90654,0.98611,0.99225,0.99788,0.90755,0.62932,0.8794,0.88576,0.97792,0.99941,0.99346,0.9471,0.99895,0.95291,0.75711,0.98723,0.7284,0.72645,0.85888,0.91456,0.99947,0.71241,0.9988,0.86022,0.92831,0.97992,0.95967,0.97545,0.98285,0.94712,0.98967,0.98489,0.70345,0.87251,0.91758,0.97858,0.96492,0.99394,0.98418,0.93387,0.85025,0.89949,0.98657,0.98497,0.9976,0.78859,0.8766,0.96013,0.85717,0.99698,0.85244,0.93327,0.93063,0.99976,0.99692,0.82449,0.99866,0.7169,0.73247
7.94,0.91642,1,0.98615,0.76857,0.99973,0.97475,0.90333,0.89776,0.84196,0.91001,0.98606,0.99233,0.99744,0.90493,0.62843,0.87774,0.88912,0.97786,0.99943,0.99255,0.94618,0.99935,0.95515,0.75345,0.9872,0.72815,0.72665,0.85734,0.92378,0.99907,0.76044,0.99826,0.8606,0.92782,0.98099,0.95943,0.97808,0.98369,0.9469,0.98967,0.98646,0.70149,0.87046,0.9206,0.97864,0.96511,0.99319,0.98563,0.93429,0.8487,0.90241,0.98661,0.98505,0.99704,0.79106,0.88249,0.96237,0.85451,0.99697,0.85261,0.93311,0.93207,0.99916,0.99613,0.85957,0.99922,0.71632,0.73306
7.96,0.91542,1.00001,0.98468,0.7706,0.99971,0.97475,0.90057,0.89885,0.84016,0.91313,0.98601,0.99241,0.99704,0.90237,0.62756,0.87606,0.89252,0.97779,0.99944,0.99183,0.94522,0.99961,0.95741,0.74969,0.98722,0.72799,0.72676,0.85596,0.93142,0.99865,0.80045,0.9977,0.86102,0.92732,0.98186,0.9592,0.98007,0.98445,0.94665,0.98967,0.98784,0.6994,0.86852,0.92332,0.97872,0.96528,0.99255,0.98695,0.9347,0.84714,0.90538,0.98665,0.98513,0.99658,0.79359,0.88714,0.96462,0.85178,0.99698,0.85272,0.93301,0.93335,0.99834,0.99541,0.88818,0.99961,0.71569,0.73365
7.98,0.91467,1.00001,0.9829,0.77263,0.99969,0.97475,0.89765,0.90016,0.83818,0.9162,0.98596,0.9925,0.99652,0.89975,0.62663,0.87438,0.89588,0.97773,0.99945,0.9909,0.94423,0.99983,0.959,0.74573,0.98719,0.72773,0.72696,0.85387,0.9396,0.99796,0.83958,0.99701,0.86148,0.92677,0.98252,0.95901,0.98226,0.98519,0.94643,0.98967,0.98919,0.69692,0.86637,0.92599,0.97879,0.96548,0.99174,0.98823,0.93514,0.84558,0.9083,0.9867,0.9852,0.99597,0.79617,0.89235,0.96619,0.8489,0.99696,0.8529,0.93285,0.93525,0.99708,0.99432,0.91544,0.9999,0.71499,0.73431
8,0.91325,1.00002,0.98138,0.77473,0.99967,0.97475,0.89482,0.90095,0.83651,0.91936,0.9859,0.99257,0.99612,0.8971,0.62582,0.87266,0.89911,0.97767,0.99947,0.99021,0.9433,0.99994,0.96181,0.74216,0.98724,0.72765,0.72703,0.85325,0.94579,0.99758,0.87035,0.9963,0.86182,0.92633,0.98375,0.95874,0.98394,0.98594,0.94616,0.98967,0.99041,0.69539,0.86456,0.92875,0.97886,0.96563,0.99112,0.98944,0.93552,0.84399,0.91111,0.98674,0.98529,0.99552,0.79855,0.8966,0.96897,0.8463,0.99699,0.85296,0.9328,0.9358,0.99582,0.99375,0.9362,1.00005,0.71448,0.73483
8.02,0.91021,1.00003,0.98095,0.77697,0.99964,0.97475,0.89244,0.90038,0.83579,0.92279,0.98583,0.99257,0.99617,0.89449,0.62527,0.87082,0.90218,0.97761,0.9995,0.99034,0.94255,0.99996,0.96782,0.73957,0.98756,0.72807,0.72668,0.85659,0.94747,0.99842,0.88759,0.99582,0.86179,0.92627,0.98632,0.95821,0.98439,0.98672,0.94572,0.98967,0.99138,0.69649,0.86377,0.93175,0.97896,0.96562,0.99119,0.99055,0.93577,0.84229,0.91378,0.98678,0.98543,0.9956,0.80044,0.8976,0.97481,0.84441,0.99718,0.85267,0.93308,0.93277,0.99543,0.99503,0.94747,1.00008,0.71453,0.7349
8.04,0.90644,1.00004,0.98092,0.77926,0.9996,0.97475,0.89017,0.89932,0.83539,0.92628,0.98574,0.99254,0.99637,0.89188,0.62486,0.86895,0.90511,0.97754,0.99953,0.99079,0.94187,0.99997,0.97432,0.73739,0.98796,0.72867,0.7262,0.86136,0.94758,0.99932,0.89959,0.9954,0.86164,0.92633,0.98942,0.95761,0.98442,0.9875,0.94521,0.98967,0.99223,0.69852,0.86333,0.93478,0.97907,0.96557,0.99151,0.99159,0.93596,0.84055,0.91634,0.98683,0.98558,0.9959,0.80215,0.89777,0.98099,0.84282,0.9974,0.85225,0.93347,0.92826,0.9954,0.99662,0.95513,1.00009,0.71475,0.73483
8.06,0.90285,1.00004,0.98074,0.78152,0.99956,0.97475,0.88781,0.89852,0.83483,0.9296,0.98567,0.99253,0.9965,0.88923,0.62443,0.86709,0.908,0.97748,0.99955,0.99119,0.94114,0.99998,0.97965,0.73506,0.98832,0.7292,0.72578,0.86548,0.94828,0.99979,0.91186,0.9949,0.86158,0.92631,0.99229,0.95705,0.98461,0.98824,0.94474,0.98967,0.99307,0.70005,0.86273,0.93768,0.97918,0.96554,0.9917,0.99257,0.93617,0.83884,0.91885,0.98687,0.98572,0.99617,0.80395,0.89855,0.98591,0.84112,0.9976,0.85189,0.93381,0.92417,0.99522,0.99768,0.96277,1.00005,0.71485,0.73486
8.08,0.8994,1.00004,0.98037,0.7838,0.99951,0.97475,0.88543,0.89752,0.8343,0.93298,0.98559,0.9925,0.99663,0.88647,0.62383,0.86512,0.911,0.97743,0.99958,0.99117,0.94044,0.99998,0.98455,0.73254,0.98865,0.72972,0.72536,0.8692,0.94949,1.00006,0.92647,0.99442,0.86138,0.9264,0.99498,0.95641,0.98498,0.98897,0.94424,0.98967,0.99386,0.70193,0.86216,0.94064,0.97929,0.96548,0.9919,0.99352,0.93645,0.83702,0.92146,0.98691,0.98588,0.99615,0.80566,0.89835,0.99026,0.83927,0.99779,0.85153,0.93415,0.92034,0.99492,0.99876,0.97155,0.99999,0.71514,0.73475
8.1,0.89531,1.00004,0.9805,0.78603,0.99947,0.97475,0.88305,0.8968,0.83378,0.93601,0.98551,0.9925,0.99679,0.88387,0.62361,0.86335,0.91362,0.97735,0.9996,0.99204,0.93969,1,0.98855,0.73047,0.98903,0.73027,0.72492,0.87387,0.94925,1.00003,0.93298,0.99385,0.86143,0.92628,0.99807,0.95592,0.98485,0.98967,0.94376,0.98967,0.99459,0.70329,0.86159,0.94328,0.97939,0.96547,0.99215,0.99434,0.93655,0.8354,0.92375,0.98696,0.986,0.99672,0.80749,0.90003,0.99362,0.83776,0.99799,0.85115,0.93451,0.9153,0.99498,0.99924,0.97533,0.99988,0.71507,0.73489
8.12,0.88958,1.00004,0.98193,0.7881,0.99943,0.97475,0.8807,0.89698,0.83317,0.93819,0.98544,0.99258,0.997,0.88177,0.62439,0.86221,0.91531,0.97722,0.9996,0.99516,0.93877,0.99999,0.99165,0.72953,0.98955,0.73091,0.72438,0.8811,0.94544,1.00006,0.91978,0.99297,0.86216,0.92552,1.00226,0.95589,0.98335,0.99029,0.94336,0.98967,0.99526,0.70296,0.86092,0.94519,0.97948,0.96566,0.99249,0.99496,0.93618,0.83435,0.92522,0.98705,0.98599,0.99858,0.80969,0.90642,0.99606,0.83707,0.99825,0.85071,0.93494,0.907,0.9959,0.99876,0.96758,0.99965,0.71397,0.73579
8.14,0.88313,1.00004,0.98375,0.79012,0.9994,0.97475,0.87835,0.89746,0.83255,0.94006,0.98537,0.99269,0.99724,0.87985,0.62555,0.86128,0.91667,0.97706,0.99959,0.99795,0.93779,0.99977,0.99403,0.72905,0.99009,0.73156,0.72384,0.88898,0.93997,0.99979,0.89716,0.99194,0.86312,0.92454,1.00676,0.95602,0.98125,0.99088,0.94299,0.98967,0.99588,0.70205,0.86024,0.94682,0.97958,0.9659,0.99288,0.99549,0.93564,0.8335,0.92641,0.98715,0.98594,0.99985,0.81199,0.91444,0.99776,0.83672,0.99851,0.85026,0.93538,0.8972,0.99702,0.99766,0.95359,0.99931,0.7125,0.73695
8.16,0.87685,1.00004,0.98526,0.79216,0.99936,0.97475,0.87596,0.8978,0.83194,0.94201,0.98529,0.99279,0.99746,0.87781,0.62655,0.86025,0.91817,0.97689,0.99959,0.99942,0.93684,0.99934,0.99592,0.7284,0.99057,0.73214,0.72335,0.89605,0.93492,0.99929,0.87648,0.99092,0.86396,0.92366,1.01097,0.95607,0.97932,0.99146,0.94259,0.98967,0.99646,0.7014,0.85958,0.94852,0.97969,0.96611,0.99323,0.99601,0.93518,0.83255,0.92772,0.98726,0.98592,1.00005,0.81421,0.9216,0.99895,0.83624,0.99874,0.84985,0.93577,0.88767,0.99786,0.99655,0.94023,0.99889,0.71121,0.73799
8.18,0.87,1.00004,0.98679,0.79419,0.99932,0.97475,0.87353,0.89813,0.83129,0.94399,0.98525,0.99289,0.99767,0.87578,0.62754,0.85924,0.91962,0.9768,0.99957,1.00005,0.93584,0.99882,0.99801,0.72758,0.99115,0.73296,0.72268,0.90358,0.92979,0.99849,0.85137,0.9897,0.86484,0.92273,1.01537,0.95614,0.97714,0.99202,0.94221,0.98967,0.997,0.70079,0.85886,0.95025,0.97973,0.96634,0.99358,0.9965,0.93471,0.83163,0.92898,0.98732,0.98583,0.99911,0.81649,0.92729,0.99991,0.83564,0.99899,0.84928,0.93631,0.87666,0.99854,0.99515,0.92348,0.99833,0.70987,0.73907
8.2,0.86371,1.00004,0.98813,0.7962,0.99928,0.97475,0.87114,0.89856,0.83073,0.94574,0.98512,0.99298,0.99787,0.87375,0.62862,0.85822,0.92106,0.97656,0.99958,0.99974,0.9349,0.99779,0.99859,0.72721,0.99149,0.7333,0.72238,0.9096,0.92382,0.99738,0.82716,0.98867,0.86569,0.92184,1.01925,0.95621,0.97503,0.99256,0.94181,0.98967,0.99749,0.69995,0.85826,0.95179,0.97991,0.96655,0.99391,0.99696,0.9342,0.83069,0.93024,0.98748,0.98589,0.99782,0.81863,0.93538,1.00004,0.83537,0.99913,0.84904,0.93655,0.86715,0.99916,0.99347,0.90688,0.9978,0.70855,0.74011
8.22,0.85947,1.00004,0.98907,0.79825,0.99924,0.97475,0.86883,0.89925,0.83047,0.94708,0.9847,0.99304,0.99803,0.87169,0.6299,0.85712,0.92259,0.97587,0.99967,1.00002,0.93413,0.99486,0.9956,0.72797,0.99116,0.73226,0.72317,0.91196,0.91595,0.996,0.81321,0.9884,0.86644,0.92111,1.02177,0.95633,0.97342,0.99309,0.94138,0.98967,0.99791,0.69864,0.85797,0.95295,0.98045,0.96666,0.99418,0.99738,0.9336,0.82969,0.93157,0.98792,0.98639,0.99881,0.82037,0.94971,0.99876,0.83593,0.99899,0.84977,0.93592,0.86323,0.99969,0.99157,0.89716,0.99765,0.70739,0.74095
8.24,0.85597,1.00004,0.98986,0.80027,0.99919,0.97475,0.86657,0.90004,0.83031,0.94821,0.98418,0.99308,0.99817,0.86964,0.63124,0.85599,0.92412,0.97503,0.99976,0.9998,0.9334,0.98995,0.98857,0.72916,0.99058,0.73075,0.72433,0.91305,0.90708,0.99434,0.80262,0.98841,0.86716,0.92044,1.02382,0.95644,0.97198,0.99359,0.94094,0.98967,0.99829,0.69713,0.8578,0.95395,0.98111,0.96676,0.99443,0.99777,0.93297,0.82866,0.9329,0.98844,0.98703,0.99986,0.82196,0.96408,0.99364,0.8368,0.99874,0.85082,0.93499,0.86139,0.99998,0.98943,0.88972,0.99765,0.70627,0.74173
8.26,0.85207,1.00004,0.99065,0.80226,0.99914,0.97475,0.8643,0.90078,0.8301,0.94939,0.9837,0.99313,0.99832,0.86757,0.63251,0.85486,0.92561,0.97425,0.99983,0.99907,0.93265,0.98403,0.98019,0.73014,0.99012,0.72949,0.72529,0.91467,0.89819,0.99244,0.78998,0.98828,0.86788,0.91975,1.02604,0.95651,0.97044,0.99407,0.94051,0.98967,0.99863,0.69572,0.85757,0.95497,0.98168,0.96687,0.99468,0.99813,0.93237,0.82763,0.9342,0.9889,0.98758,1.00008,0.82363,0.9751,0.9864,0.83752,0.99853,0.85169,0.93421,0.85861,0.99997,0.98711,0.88076,0.99758,0.70515,0.74253
8.28,0.84803,1.00004,0.9915,0.80437,0.9991,0.97475,0.86184,0.90154,0.82989,0.95067,0.98315,0.99317,0.99846,0.86541,0.63398,0.85378,0.92714,0.9734,0.9999,0.99725,0.93191,0.97587,0.96762,0.73118,0.98956,0.72805,0.7264,0.91641,0.88823,0.98999,0.77627,0.98816,0.86865,0.91901,1.02829,0.95677,0.96867,0.99456,0.94006,0.98967,0.99895,0.69428,0.85734,0.9561,0.98232,0.96696,0.99494,0.99847,0.93167,0.82664,0.93554,0.98938,0.98819,0.9996,0.82523,0.98499,0.97462,0.83828,0.99826,0.85268,0.93331,0.85555,0.99966,0.98424,0.87097,0.99751,0.70394,0.74339
8.3,0.84433,1.00004,0.9921,0.80623,0.99905,0.97475,0.85975,0.90228,0.82972,0.95164,0.98272,0.99323,0.99858,0.86342,0.63505,0.85257,0.92853,0.97263,0.99995,0.99592,0.93113,0.96788,0.95559,0.7322,0.98912,0.72688,0.72729,0.91755,0.87911,0.98786,0.76475,0.98811,0.8693,0.91838,1.03032,0.95663,0.9673,0.99497,0.93963,0.98967,0.99919,0.69286,0.85715,0.95694,0.98281,0.96709,0.99515,0.99875,0.93116,0.82554,0.93675,0.98981,0.98865,0.99898,0.8269,0.99127,0.96281,0.83902,0.99803,0.85349,0.93258,0.85352,0.99913,0.98183,0.86268,0.99749,0.70293,0.7441
8.32,0.84136,1.00004,0.99216,0.80744,0.99901,0.97475,0.85865,0.90298,0.82959,0.95186,0.98267,0.99335,0.99863,0.86186,0.63501,0.85096,0.92965,0.9721,0.99995,0.99825,0.9302,0.96464,0.95378,0.73293,0.98912,0.72657,0.72752,0.91734,0.8734,0.98736,0.75922,0.9882,0.86961,0.91809,1.03191,0.95538,0.96718,0.99523,0.93927,0.98967,0.9993,0.69152,0.85701,0.95714,0.98288,0.96737,0.99525,0.99895,0.93118,0.82408,0.93773,0.99009,0.98871,0.99994,0.82889,0.99316,0.96101,0.83956,0.99803,0.8537,0.93239,0.85389,0.99869,0.98126,0.85869,0.99754,0.70244,0.74443
8.34,0.83874,1.00001,0.99201,0.80841,0.99896,0.97475,0.85796,0.90366,0.8295,0.95178,0.98274,0.99349,0.99866,0.86048,0.63455,0.84922,0.93063,0.97167,0.99994,0.99994,0.92922,0.96329,0.95573,0.73364,0.98927,0.72655,0.72753,0.91657,0.86898,0.98754,0.75623,0.98837,0.86979,0.91793,1.03329,0.95371,0.96751,0.99543,0.93892,0.98967,0.99937,0.69019,0.85691,0.95706,0.98279,0.96769,0.99531,0.99911,0.93139,0.82249,0.93858,0.99032,0.98863,0.99968,0.83094,0.99386,0.96295,0.84008,0.99811,0.85371,0.93239,0.85526,0.9983,0.98146,0.85653,0.99763,0.70216,0.74462
8.36,0.83598,0.99997,0.99198,0.80946,0.99892,0.97475,0.85712,0.90436,0.82942,0.95178,0.98276,0.99362,0.9987,0.85905,0.63429,0.84754,0.9316,0.9712,0.99994,0.99982,0.92827,0.96097,0.95584,0.73446,0.98935,0.72639,0.72764,0.91606,0.86392,0.98746,0.7521,0.9885,0.87002,0.91772,1.03472,0.95221,0.96759,0.99565,0.93855,0.98967,0.99944,0.68886,0.85682,0.95707,0.98277,0.96798,0.99538,0.99926,0.93152,0.82097,0.93943,0.99056,0.98863,0.99804,0.8329,0.99495,0.96306,0.84068,0.99815,0.85382,0.9323,0.85618,0.99779,0.98137,0.85353,0.99771,0.70179,0.74486
8.38,0.83299,0.99991,0.99187,0.8106,0.99888,0.97475,0.8561,0.90504,0.82923,0.95198,0.98277,0.99375,0.99875,0.85745,0.63402,0.84578,0.9328,0.97065,0.99994,0.99776,0.92724,0.95855,0.9563,0.73492,0.98943,0.72624,0.72775,0.91551,0.85835,0.98714,0.7478,0.98864,0.87027,0.91748,1.03626,0.95061,0.96784,0.99588,0.93825,0.98967,0.99953,0.68755,0.85661,0.95724,0.98276,0.96828,0.99547,0.99941,0.93165,0.81938,0.94048,0.99084,0.98858,0.99406,0.83501,0.99594,0.96352,0.84101,0.99819,0.85392,0.93221,0.85713,0.99718,0.98101,0.85041,0.99778,0.70139,0.74513
8.4,0.8305,0.99984,0.99186,0.8115,0.99883,0.97475,0.85556,0.90573,0.82928,0.95172,0.98282,0.99388,0.99877,0.85623,0.63367,0.84413,0.93348,0.97029,0.99994,0.99541,0.92635,0.95665,0.95697,0.73608,0.98955,0.72616,0.72779,0.91489,0.85392,0.98749,0.74434,0.98879,0.87046,0.91732,1.03751,0.94906,0.96786,0.99605,0.9378,0.98967,0.99957,0.6862,0.85667,0.95701,0.9827,0.96858,0.99551,0.99952,0.93182,0.81788,0.94107,0.99101,0.98858,0.99057,0.8368,0.99662,0.96419,0.84186,0.99825,0.85398,0.93217,0.85822,0.99664,0.9814,0.84789,0.99786,0.7011,0.74532
8.42,0.82939,0.99976,0.99221,0.81188,0.99872,0.97475,0.85631,0.90645,0.83003,0.95021,0.98293,0.99401,0.99872,0.85609,0.6332,0.8428,0.93264,0.97048,0.99996,0.99771,0.92586,0.95597,0.95729,0.73947,0.98973,0.72621,0.72771,0.9142,0.8525,0.98946,0.74257,0.98894,0.87048,0.91733,1.03807,0.94781,0.96705,0.99613,0.93691,0.98967,0.99951,0.6848,0.85749,0.95569,0.98257,0.96888,0.99541,0.99953,0.93204,0.81668,0.94033,0.99092,0.9888,0.99398,0.83778,0.99685,0.9645,0.84434,0.99834,0.85394,0.93224,0.85941,0.99646,0.98363,0.8466,0.99794,0.70106,0.74531
8.44,0.82879,0.99969,0.99266,0.81203,0.99858,0.97475,0.85753,0.90719,0.83102,0.94822,0.98308,0.99414,0.99864,0.85634,0.63269,0.84158,0.93128,0.97087,0.99998,0.99979,0.92552,0.95579,0.95773,0.74348,0.98994,0.72633,0.72756,0.91345,0.85229,0.99179,0.74159,0.98911,0.87044,0.91741,1.03836,0.94663,0.96599,0.99615,0.93587,0.98967,0.99941,0.68337,0.85857,0.95395,0.98241,0.96918,0.99527,0.99951,0.93228,0.81558,0.93915,0.99073,0.98908,0.99794,0.83846,0.99691,0.96494,0.84727,0.99844,0.85387,0.93237,0.8607,0.99644,0.98633,0.84588,0.99803,0.70113,0.74522
8.46,0.82796,0.9996,0.99302,0.81227,0.99845,0.97475,0.85852,0.90793,0.83188,0.94643,0.98321,0.99427,0.99857,0.85639,0.6322,0.8403,0.93021,0.97114,0.99999,0.99997,0.92512,0.9553,0.95815,0.74699,0.99014,0.72641,0.72744,0.91272,0.85153,0.9936,0.74027,0.98927,0.87042,0.91746,1.03878,0.9454,0.96507,0.9962,0.93492,0.98967,0.99931,0.68192,0.85951,0.95239,0.98225,0.96947,0.99514,0.99951,0.93251,0.81442,0.93822,0.99059,0.98931,0.9996,0.83925,0.99707,0.96535,0.84982,0.99854,0.85381,0.93246,0.86195,0.99634,0.98852,0.84492,0.99811,0.70116,0.74516
8.48,0.82713,0.9995,0.99346,0.81255,0.9983,0.97475,0.85959,0.90861,0.8328,0.94447,0.98334,0.99439,0.99849,0.85656,0.63167,0.83901,0.92885,0.9715,1.00001,0.99839,0.92468,0.95523,0.95849,0.75126,0.99032,0.72652,0.7273,0.91199,0.85079,0.99528,0.73893,0.98943,0.87041,0.91751,1.03919,0.94416,0.96395,0.99625,0.93384,0.98967,0.9992,0.6806,0.86052,0.95067,0.98211,0.96977,0.995,0.99949,0.93276,0.81326,0.93703,0.99041,0.98959,0.99998,0.84012,0.99709,0.96569,0.85292,0.99862,0.85373,0.93258,0.86318,0.99624,0.99062,0.84394,0.99819,0.70117,0.74511
8.5,0.82642,0.99939,0.99375,0.81269,0.99818,0.97475,0.86057,0.90941,0.83364,0.94268,0.98349,0.99451,0.99843,0.85656,0.63123,0.83775,0.92795,0.97172,1.00001,0.99636,0.92436,0.95438,0.95901,0.75399,0.99055,0.72658,0.7272,0.91124,0.85029,0.99662,0.73778,0.98958,0.87037,0.91757,1.03954,0.94291,0.96315,0.99628,0.93296,0.98967,0.9991,0.67904,0.86143,0.94911,0.98194,0.97006,0.99489,0.99949,0.93297,0.81213,0.93625,0.99029,0.98978,0.9992,0.84074,0.99735,0.96621,0.85491,0.99873,0.85369,0.93266,0.86444,0.99618,0.99241,0.8431,0.99827,0.70124,0.74503
8.52,0.82591,0.99927,0.99368,0.81248,0.99813,0.97475,0.86122,0.91058,0.83417,0.94152,0.9837,0.99465,0.99835,0.85604,0.63108,0.83657,0.92849,0.97152,1.00001,0.99825,0.92438,0.951,0.95964,0.75251,0.99091,0.72647,0.72723,0.9105,0.85005,0.99752,0.73688,0.98965,0.87022,0.9177,1.03978,0.94162,0.96335,0.99624,0.93263,0.98967,0.99902,0.67675,0.86201,0.94809,0.98169,0.97037,0.99475,0.99954,0.93304,0.81106,0.93672,0.9904,0.98972,0.99995,0.84072,0.99823,0.96683,0.85382,0.99889,0.85377,0.93263,0.86567,0.99615,0.99366,0.84245,0.9983,0.70147,0.74488
8.54,0.82552,0.99914,0.99348,0.81214,0.99811,0.97475,0.86175,0.91186,0.8346,0.9406,0.98393,0.99477,0.9983,0.85534,0.63102,0.83541,0.92953,0.97117,1.00001,0.99991,0.92451,0.94666,0.96049,0.74944,0.99132,0.7263,0.72731,0.90974,0.85004,0.9982,0.73614,0.98969,0.87003,0.91785,1.03998,0.94032,0.96389,0.99618,0.93252,0.98967,0.99896,0.67424,0.86248,0.94729,0.98141,0.97067,0.99466,0.99959,0.93307,0.81001,0.93762,0.99057,0.98957,0.99972,0.84046,0.99909,0.96767,0.8516,0.99906,0.85388,0.93257,0.86691,0.99614,0.99469,0.84191,0.99832,0.70177,0.74471
8.56,0.82507,0.999,0.99333,0.81186,0.99808,0.97475,0.86231,0.91304,0.83507,0.93961,0.98414,0.99489,0.99829,0.85471,0.63093,0.83421,0.93034,0.9709,1,0.99989,0.92457,0.94266,0.96148,0.74699,0.99169,0.72616,0.72737,0.90897,0.85001,0.9988,0.73535,0.98975,0.86987,0.91798,1.0402,0.93903,0.96428,0.99612,0.93232,0.98967,0.99889,0.6719,0.86299,0.94643,0.98116,0.97095,0.99463,0.99964,0.93312,0.80894,0.93833,0.99071,0.98947,0.99826,0.84033,0.99961,0.96864,0.84982,0.99921,0.85398,0.93252,0.86817,0.99614,0.99566,0.84133,0.99835,0.70202,0.74457
8.58,0.82464,0.99884,0.9932,0.81157,0.99804,0.97475,0.86298,0.91434,0.83556,0.93837,0.98438,0.99504,0.99806,0.85412,0.63082,0.83308,0.9311,0.97059,0.99999,0.99841,0.9247,0.93799,0.96149,0.74487,0.99206,0.72601,0.72743,0.90826,0.84963,0.99932,0.73449,0.9898,0.86967,0.91814,1.04041,0.93762,0.96463,0.99607,0.93205,0.98967,0.99881,0.66933,0.86352,0.94534,0.98085,0.97134,0.99424,0.99968,0.93316,0.80792,0.939,0.99086,0.98934,0.99513,0.84009,0.99995,0.96865,0.84828,0.99935,0.85408,0.93247,0.86932,0.99609,0.99662,0.8407,0.99838,0.70233,0.74438
8.6,0.82419,0.99869,0.993,0.81126,0.99803,0.97475,0.86338,0.91541,0.83598,0.9377,0.98455,0.99511,0.99827,0.85339,0.63075,0.83182,0.93208,0.97033,0.99999,0.99604,0.92473,0.93403,0.96347,0.74168,0.99243,0.72586,0.72749,0.90741,0.85003,0.99963,0.73381,0.98986,0.86955,0.91824,1.04062,0.93642,0.96513,0.99601,0.93198,0.98967,0.99875,0.66721,0.86398,0.94475,0.98064,0.9715,0.9946,0.99973,0.9332,0.80679,0.93985,0.99099,0.98925,0.99147,0.84002,1.00003,0.97059,0.84595,0.99948,0.85418,0.93242,0.87068,0.99614,0.99728,0.84021,0.99841,0.70253,0.74427
8.62,0.82364,0.99861,0.99268,0.81092,0.9981,0.97475,0.86313,0.91586,0.83627,0.9385,0.98452,0.9949,0.99943,0.85227,0.63079,0.83015,0.93357,0.97026,0.99999,0.99542,0.92448,0.93271,0.97095,0.73566,0.99283,0.72578,0.72749,0.90615,0.85243,0.99968,0.73359,0.98995,0.86963,0.91814,1.04089,0.93579,0.96594,0.99594,0.93244,0.98967,0.99878,0.66631,0.8643,0.94545,0.98068,0.971,0.99685,0.99979,0.93318,0.8053,0.94115,0.99103,0.98928,0.99059,0.84051,1.00001,0.9778,0.84156,0.99961,0.85424,0.93242,0.87268,0.99646,0.99739,0.84004,0.99845,0.70241,0.74438
8.64,0.82308,0.99856,0.99229,0.81056,0.9982,0.97475,0.86261,0.91608,0.83649,0.93987,0.98442,0.99461,1.00006,0.851,0.63085,0.82837,0.93523,0.97025,0.99999,0.99556,0.92413,0.93231,0.979,0.72857,0.99324,0.7257,0.72748,0.90474,0.85556,0.99966,0.73356,0.99004,0.86978,0.91798,1.04116,0.9354,0.96686,0.99587,0.9331,0.98967,0.99885,0.66587,0.86453,0.94665,0.98081,0.97028,0.99887,0.99986,0.93315,0.8037,0.9426,0.99103,0.98935,0.99078,0.84119,1,0.98531,0.83637,0.99973,0.85429,0.93243,0.87488,0.99685,0.99733,0.84002,0.99849,0.70217,0.74456
8.66,0.82253,0.9985,0.99193,0.8102,0.99828,0.97475,0.86219,0.91639,0.83669,0.94099,0.98435,0.99435,0.99983,0.84981,0.6309,0.82666,0.93677,0.97022,1,0.99531,0.92383,0.93145,0.98494,0.722,0.99362,0.72558,0.7275,0.90339,0.85834,0.99967,0.73345,0.99013,0.86989,0.91786,1.04142,0.93494,0.9677,0.9958,0.93366,0.98967,0.9989,0.66524,0.86476,0.94763,0.98089,0.96968,0.99982,0.99991,0.93313,0.80217,0.94395,0.99105,0.9894,0.99043,0.84177,0.99998,0.99059,0.83154,0.99983,0.85438,0.93241,0.87694,0.99718,0.99736,0.83994,0.99854,0.70199,0.74471
8.68,0.82191,0.99842,0.99153,0.80984,0.99836,0.97475,0.86187,0.91676,0.83707,0.942,0.98427,0.99404,0.99869,0.84852,0.63098,0.8248,0.93838,0.97018,1,0.99513,0.92353,0.93068,0.99082,0.71464,0.99402,0.72561,0.72741,0.90199,0.86104,0.99967,0.7333,0.99023,0.87002,0.91771,1.04172,0.9343,0.96859,0.99573,0.93425,0.98967,0.99894,0.66451,0.86517,0.94851,0.98099,0.96895,1,0.99996,0.93309,0.80051,0.94535,0.99106,0.98945,0.99017,0.84236,0.99995,0.99543,0.82613,0.99991,0.85436,0.93248,0.87906,0.99748,0.99736,0.83983,0.99858,0.70179,0.74487
8.7,0.82145,0.99839,0.99116,0.8095,0.99844,0.97475,0.86128,0.91696,0.83708,0.94335,0.9842,0.99381,0.99709,0.8474,0.63098,0.8232,0.93983,0.97015,1,0.99503,0.92321,0.92997,0.99401,0.70846,0.99435,0.72534,0.72754,0.90064,0.864,0.99968,0.73328,0.99031,0.87014,0.91758,1.04194,0.93409,0.96938,0.99566,0.93482,0.98967,0.99902,0.66412,0.86518,0.94969,0.98108,0.96841,0.99944,0.99999,0.93309,0.79908,0.94662,0.99108,0.98951,0.99003,0.84298,0.99992,0.99775,0.82157,0.99998,0.85454,0.93238,0.88106,0.9978,0.99738,0.83981,0.99862,0.70159,0.74502
8.72,0.82143,0.9985,0.99092,0.80917,0.9985,0.97475,0.86001,0.91676,0.8361,0.94551,0.98414,0.99383,0.99655,0.84676,0.63079,0.82229,0.94085,0.9701,1.00001,0.99478,0.9229,0.92883,0.99276,0.70592,0.99455,0.72415,0.72833,0.89953,0.86748,0.99974,0.73351,0.99036,0.87026,0.91749,1.04195,0.93493,0.96988,0.99559,0.93527,0.98967,0.99916,0.66451,0.86411,0.95158,0.98115,0.96846,0.99918,1,0.93318,0.79827,0.94751,0.9911,0.98956,0.98968,0.84359,0.99986,0.99688,0.81969,1.00001,0.85535,0.93173,0.88269,0.99815,0.99753,0.83999,0.99864,0.7014,0.74512
8.74,0.82158,0.99866,0.99072,0.80887,0.99856,0.97475,0.85846,0.9164,0.83475,0.94794,0.98409,0.99394,0.99652,0.84631,0.63052,0.82168,0.9417,0.97006,1.00001,0.99462,0.92257,0.92777,0.98974,0.70473,0.9947,0.72269,0.72932,0.89848,0.8712,0.99981,0.73387,0.99039,0.87038,0.91741,1.04188,0.93618,0.9703,0.99553,0.93569,0.98967,0.99932,0.66524,0.86264,0.95371,0.98121,0.96872,0.99916,1.00001,0.93331,0.79772,0.94825,0.99113,0.98962,0.98947,0.84422,0.99979,0.99459,0.81881,1.00003,0.85633,0.93092,0.88422,0.9985,0.99772,0.84025,0.99866,0.70122,0.74521
8.76,0.82166,0.99879,0.99049,0.80857,0.99862,0.97475,0.85703,0.9161,0.83357,0.95018,0.98404,0.99401,0.99622,0.8458,0.63028,0.82098,0.94259,0.97002,1.00001,0.99455,0.92223,0.92691,0.9873,0.70298,0.99487,0.72144,0.73017,0.89738,0.8748,0.99986,0.73419,0.99043,0.8705,0.91733,1.04184,0.93726,0.97077,0.99547,0.93614,0.98967,0.99945,0.66583,0.86135,0.95566,0.98127,0.96887,0.99901,1.00002,0.93342,0.7971,0.94903,0.99114,0.98968,0.98937,0.84486,0.99973,0.9926,0.81752,1.00005,0.85718,0.93022,0.88578,0.99881,0.99788,0.84048,0.99867,0.70103,0.74531
8.78,0.82171,0.99891,0.99029,0.80821,0.99867,0.97475,0.85558,0.91583,0.83235,0.95241,0.98399,0.99408,0.99595,0.8452,0.63006,0.82004,0.94359,0.96994,1.00001,0.99396,0.92196,0.92505,0.9837,0.70091,0.99507,0.71983,0.73126,0.8963,0.87811,0.99992,0.73445,0.99047,0.87062,0.91724,1.04182,0.93821,0.97115,0.99539,0.93651,0.98967,0.99957,0.66636,0.86003,0.95762,0.98134,0.96904,0.99887,1.00003,0.93353,0.79627,0.9499,0.99118,0.9897,0.98856,0.84538,0.99957,0.98952,0.81598,1.00007,0.85826,0.92932,0.88731,0.99906,0.99804,0.84067,0.99869,0.70083,0.7454
8.8,0.82186,0.99905,0.99002,0.80798,0.99873,0.97475,0.8541,0.91547,0.8311,0.95455,0.98394,0.99416,0.99575,0.84483,0.62977,0.81968,0.94431,0.96995,1.00002,0.99444,0.92154,0.92524,0.98113,0.69982,0.99517,0.71888,0.7319,0.89519,0.88193,0.99996,0.73486,0.9905,0.87074,0.91716,1.04175,0.93949,0.97168,0.99534,0.93704,0.98967,0.99968,0.6671,0.85866,0.95949,0.9814,0.96923,0.99876,1.00003,0.93366,0.79595,0.95053,0.99118,0.9898,0.98922,0.84617,0.99959,0.98724,0.81518,1.00007,0.85889,0.92879,0.88886,0.99932,0.99818,0.84098,0.99871,0.70066,0.7455
8.82,0.82225,0.99927,0.98953,0.80811,0.99886,0.97475,0.85261,0.91485,0.82986,0.9565,0.98389,0.99424,0.99545,0.84502,0.6294,0.82085,0.94437,0.97021,1.00003,0.99745,0.92071,0.93102,0.98318,0.70121,0.99503,0.71991,0.73118,0.89399,0.8869,0.99998,0.7357,0.99054,0.87082,0.91709,1.04156,0.94158,0.97259,0.99537,0.93803,0.98967,0.99977,0.66832,0.8573,0.9612,0.98145,0.96942,0.99859,1.00003,0.93384,0.79698,0.95058,0.99105,0.99013,0.99358,0.84772,0.99996,0.98907,0.8162,1.00006,0.85821,0.92939,0.89052,0.9996,0.99829,0.84159,0.99872,0.70053,0.74558
8.84,0.82274,0.99948,0.98895,0.80837,0.99899,0.97475,0.85112,0.91414,0.82858,0.95835,0.98385,0.99433,0.99521,0.84544,0.62895,0.82258,0.94416,0.97057,1.00003,0.99964,0.91973,0.93844,0.98643,0.70353,0.99478,0.72159,0.73001,0.89275,0.89231,1,0.7367,0.99057,0.87088,0.91703,1.04133,0.94394,0.97364,0.99542,0.93917,0.98967,0.99985,0.66973,0.8559,0.96282,0.98151,0.96963,0.99845,1.00002,0.93405,0.79853,0.9504,0.99088,0.99053,0.99756,0.84955,0.99993,0.99187,0.81792,1.00004,0.85708,0.93035,0.8922,0.99983,0.99837,0.84232,0.99874,0.70042,0.74565
8.86,0.82317,0.99965,0.98839,0.80856,0.99911,0.97475,0.84964,0.91348,0.82729,0.96016,0.9838,0.99443,0.99504,0.84578,0.62848,0.82404,0.94403,0.97088,1.00003,1,0.91881,0.94459,0.98869,0.70537,0.99458,0.72292,0.72908,0.89152,0.89746,1.00002,0.73761,0.99061,0.87096,0.91696,1.04112,0.94611,0.9746,0.99546,0.94023,0.98967,0.99992,0.67104,0.85449,0.96441,0.98156,0.96986,0.99835,1.00002,0.93427,0.79983,0.95029,0.99072,0.99088,0.99951,0.85123,0.99939,0.99374,0.81929,1.00001,0.85618,0.93112,0.89385,0.99996,0.99846,0.84298,0.99876,0.7003,0.74573
8.88,0.82364,0.99979,0.98783,0.80878,0.99923,0.97475,0.84804,0.91277,0.82608,0.96203,0.98375,0.99448,0.99446,0.84604,0.62821,0.82551,0.94405,0.9712,1.00002,0.99866,0.91789,0.95061,0.99111,0.70742,0.99439,0.72445,0.72801,0.89031,0.90199,1.00004,0.73856,0.99063,0.87103,0.9169,1.04089,0.94831,0.97553,0.99551,0.94127,0.98967,0.99997,0.67244,0.85316,0.96605,0.98162,0.96999,0.998,1.00002,0.9344,0.80115,0.95031,0.99056,0.99127,1.00004,0.85291,0.99832,0.99565,0.8208,0.99998,0.85514,0.932,0.89546,1.00001,0.99857,0.84367,0.99877,0.70019,0.7458
8.9,0.82405,0.9999,0.98721,0.80897,0.99934,0.97475,0.84668,0.91213,0.82469,0.96364,0.98372,0.99462,0.9947,0.84652,0.62754,0.82708,0.9437,0.97151,1,0.99627,0.91692,0.95629,0.99283,0.70923,0.99413,0.72572,0.72714,0.88902,0.90755,1.00005,0.73947,0.99068,0.8711,0.91683,1.04069,0.95036,0.9765,0.99555,0.94236,0.98967,1,0.6737,0.85163,0.96747,0.98166,0.97031,0.99815,1.00001,0.93471,0.80254,0.95,0.9904,0.99156,0.99916,0.85464,0.99674,0.99693,0.82214,0.99994,0.85428,0.93271,0.89714,0.99997,0.99862,0.84434,0.99879,0.70007,0.74588
8.92,0.82418,0.99997,0.9865,0.80904,0.99945,0.97475,0.84603,0.91169,0.82279,0.96467,0.98377,0.99498,0.99716,0.84754,0.62572,0.82874,0.94235,0.9718,1,0.99568,0.91589,0.96113,0.99297,0.71016,0.9937,0.7261,0.72697,0.88759,0.91586,1.00003,0.74021,0.99079,0.87121,0.91676,1.04063,0.95202,0.97757,0.99556,0.94354,0.98967,1.00002,0.67458,0.84954,0.96837,0.9816,0.97119,0.99947,0.99998,0.93556,0.80404,0.94882,0.99025,0.99158,0.99886,0.85647,0.99487,0.99703,0.82283,0.99985,0.85402,0.93285,0.89899,0.9997,0.99854,0.84488,0.99883,0.69991,0.74595
8.94,0.82427,1.00001,0.98574,0.80908,0.99956,0.97475,0.84563,0.91132,0.82071,0.96547,0.98384,0.9954,0.99921,0.84875,0.62353,0.83048,0.94061,0.97207,1.00001,0.99594,0.91482,0.96566,0.99267,0.71083,0.9932,0.7262,0.72702,0.88608,0.92477,1.00001,0.74093,0.99091,0.87132,0.9167,1.04059,0.95354,0.97865,0.99557,0.94476,0.98967,1.00002,0.6753,0.84725,0.96907,0.98152,0.97222,1.00005,0.99995,0.93658,0.80559,0.9473,0.99011,0.9915,0.99899,0.85835,0.9926,0.99682,0.82332,0.99972,0.85395,0.93281,0.9009,0.99907,0.99842,0.8454,0.99889,0.69974,0.74603
8.96,0.82441,1.00003,0.98499,0.80914,0.99965,0.97475,0.84512,0.91093,0.81871,0.96634,0.98389,0.99575,1,0.84986,0.62158,0.83218,0.93904,0.97233,1.00001,0.99578,0.91376,0.97,0.99265,0.71161,0.99272,0.72645,0.72695,0.88459,0.93276,0.99999,0.74168,0.99103,0.87142,0.91663,1.04052,0.95507,0.97967,0.99558,0.94593,0.98967,1.00003,0.67607,0.84505,0.96984,0.98145,0.97311,0.99958,0.99991,0.93749,0.80712,0.94592,0.98997,0.99147,0.99891,0.86018,0.98984,0.9968,0.8239,0.99957,0.85378,0.93286,0.90277,0.99817,0.99831,0.84595,0.99894,0.69957,0.7461
8.98,0.82439,1.00004,0.98416,0.80917,0.99974,0.97475,0.84461,0.91048,0.81663,0.96727,0.98396,0.99616,0.99976,0.85103,0.61939,0.83386,0.93736,0.97268,1.00001,0.99569,0.91266,0.97378,0.99233,0.71242,0.99217,0.72663,0.72695,0.88312,0.94036,0.99995,0.74229,0.99113,0.87154,0.91655,1.04053,0.95664,0.98074,0.99559,0.94713,0.98967,1.00003,0.67694,0.84274,0.97065,0.98136,0.97418,0.99766,0.99986,0.93851,0.80863,0.94446,0.98978,0.99141,0.99887,0.86205,0.98689,0.99657,0.82449,0.99939,0.85366,0.93286,0.90457,0.99694,0.99817,0.8464,0.99898,0.69938,0.7462
9,0.82471,1.00003,0.98342,0.80926,0.99982,0.97475,0.84413,0.91017,0.81465,0.968,0.98401,0.99642,0.99897,0.8521,0.61762,0.83557,0.93574,0.97283,1.00001,0.99567,0.91162,0.9778,0.99251,0.7131,0.9917,0.72688,0.72687,0.88154,0.94752,0.99993,0.74323,0.99127,0.87161,0.91651,1.04037,0.95803,0.98165,0.99561,0.94824,0.98967,1.00004,0.67756,0.84055,0.97129,0.98131,0.97488,0.99589,0.9998,0.93932,0.81016,0.94305,0.9897,0.99138,0.99885,0.86381,0.98304,0.9967,0.82499,0.99921,0.85348,0.93293,0.90647,0.99541,0.99809,0.84708,0.99904,0.69926,0.74624
9.02,0.82595,1.00001,0.98298,0.80953,0.99987,0.97475,0.84369,0.9102,0.81306,0.96824,0.98398,0.99628,0.99988,0.85288,0.61705,0.83739,0.93445,0.97241,1.00001,0.99559,0.91071,0.98289,0.99426,0.71351,0.9915,0.72745,0.72649,0.87973,0.9545,0.99997,0.74461,0.99152,0.8716,0.91655,1.03977,0.95902,0.98218,0.99566,0.9491,0.98967,1.00004,0.6775,0.83879,0.9715,0.98134,0.9745,0.99801,0.99976,0.93958,0.8118,0.94191,0.98993,0.99143,0.99881,0.86532,0.97678,0.99792,0.8253,0.99913,0.85309,0.93324,0.90862,0.99349,0.99822,0.84809,0.99914,0.69929,0.74619
9.04,0.82753,0.99999,0.98264,0.80988,0.99991,0.97475,0.84326,0.91036,0.81159,0.96831,0.98393,0.996,0.99981,0.85357,0.61692,0.83923,0.93325,0.97178,1.00001,0.99555,0.90987,0.98766,0.99613,0.7138,0.99139,0.7281,0.72603,0.87781,0.96088,1.00001,0.7464,0.9918,0.87152,0.91665,1.03899,0.95985,0.98256,0.99573,0.94987,0.98967,1.00004,0.67718,0.83715,0.97156,0.9814,0.97375,0.99985,0.99972,0.93964,0.81346,0.94087,0.99026,0.99149,0.99879,0.8667,0.96889,0.99906,0.82551,0.99909,0.85265,0.93361,0.91085,0.99126,0.99841,0.84939,0.99925,0.69941,0.74608
9.06,0.82896,0.99996,0.98225,0.81019,0.99995,0.97475,0.8428,0.91047,0.81004,0.96848,0.98389,0.99578,0.99842,0.85428,0.61662,0.84102,0.932,0.97126,1.00001,0.9955,0.90902,0.99145,0.99744,0.71413,0.99124,0.72868,0.72563,0.87592,0.96659,1.00003,0.74828,0.99205,0.87144,0.91675,1.03828,0.96075,0.983,0.9958,0.95065,0.98967,1.00004,0.67697,0.83543,0.97172,0.98145,0.97319,0.99994,0.99967,0.93978,0.81507,0.93978,0.99053,0.99155,0.99876,0.86809,0.9604,0.9997,0.82576,0.99903,0.85225,0.93393,0.91302,0.9888,0.99855,0.85076,0.99934,0.69954,0.74597
9.08,0.83032,0.99992,0.98183,0.81049,0.99999,0.97475,0.84245,0.91057,0.80852,0.96854,0.98385,0.99552,0.99533,0.85506,0.61619,0.84292,0.93067,0.97063,1,0.99544,0.90806,0.99482,0.9987,0.7145,0.99109,0.72937,0.72515,0.87403,0.9728,1.00006,0.74893,0.99233,0.87148,0.91673,1.0376,0.96161,0.98347,0.99586,0.95148,0.98967,1.00003,0.67677,0.83375,0.97177,0.9815,0.97253,0.99852,0.99961,0.93998,0.81679,0.93862,0.99085,0.99161,0.99873,0.86964,0.94985,1.00005,0.82603,0.99896,0.85178,0.93432,0.91513,0.98548,0.99872,0.85123,0.99945,0.69948,0.74599
9.1,0.83189,0.99988,0.98149,0.81084,1.00001,0.97475,0.84188,0.91071,0.80696,0.96879,0.98381,0.99529,0.99163,0.85566,0.61612,0.84455,0.92951,0.97017,1,0.9954,0.90733,0.99697,0.99929,0.71476,0.99096,0.72987,0.72481,0.87206,0.97654,1.00006,0.75224,0.99254,0.87126,0.91696,1.03681,0.96247,0.98382,0.99592,0.95219,0.98967,1.00003,0.6765,0.832,0.97199,0.98155,0.97195,0.99615,0.99957,0.94001,0.81826,0.93761,0.99107,0.99166,0.99871,0.87081,0.94023,1.00002,0.82622,0.99891,0.85143,0.9346,0.91728,0.98306,0.99882,0.85363,0.99952,0.69983,0.74573
9.12,0.83398,0.99982,0.98142,0.81133,1.00003,0.97475,0.84063,0.91094,0.80519,0.96961,0.98379,0.99518,0.99054,0.85573,0.61698,0.84549,0.92883,0.97028,1,0.99539,0.90718,0.99766,0.99892,0.71485,0.99088,0.72985,0.72487,0.86984,0.97515,1.00006,0.76254,0.99252,0.87026,0.91791,1.03575,0.96346,0.9839,0.99602,0.9526,0.98967,1.00001,0.67605,0.83003,0.97271,0.98157,0.97168,0.99539,0.99956,0.93962,0.81912,0.93702,0.99102,0.99165,0.99871,0.87104,0.93622,1.00007,0.82629,0.99888,0.85144,0.93455,0.91966,0.984,0.99874,0.86109,0.99951,0.70141,0.74464
9.14,0.83625,0.99975,0.98143,0.81187,1.00004,0.97475,0.83915,0.91119,0.80338,0.97059,0.98378,0.99511,0.99052,0.85563,0.61817,0.84617,0.92833,0.97057,1,0.9954,0.90727,0.99793,0.99805,0.71482,0.99083,0.72965,0.72507,0.86756,0.97168,1.00004,0.77516,0.99243,0.86901,0.9191,1.03459,0.96444,0.98389,0.99612,0.9529,0.98967,0.99998,0.67554,0.82801,0.97357,0.98159,0.9715,0.99538,0.99957,0.93907,0.81973,0.93658,0.99088,0.99162,0.99871,0.8709,0.93439,0.99992,0.82626,0.99885,0.85158,0.93438,0.92205,0.98614,0.99858,0.87017,0.99948,0.70338,0.74328
9.16,0.8384,0.99967,0.98138,0.81237,1.00005,0.97475,0.8378,0.91143,0.80161,0.97147,0.98377,0.99502,0.98996,0.85562,0.61918,0.84694,0.92774,0.97076,1,0.9954,0.90728,0.99833,0.99721,0.71479,0.99078,0.72954,0.7252,0.86533,0.96886,1.00001,0.78642,0.99238,0.8679,0.92013,1.03347,0.96538,0.98394,0.99622,0.95325,0.98967,0.99994,0.67509,0.82602,0.97434,0.9816,0.97128,0.99498,0.99957,0.9386,0.82043,0.93606,0.99078,0.9916,0.99871,0.87089,0.93151,0.9996,0.82624,0.99883,0.85166,0.93428,0.92433,0.98768,0.99842,0.87822,0.99946,0.70511,0.74209
9.18,0.84065,0.99957,0.98143,0.81294,1.00006,0.97475,0.83629,0.9117,0.7997,0.9724,0.98375,0.99492,0.98941,0.85552,0.62036,0.84779,0.92718,0.97098,1,0.99542,0.90719,0.9987,0.99609,0.71499,0.99066,0.72941,0.72536,0.86286,0.96638,1,0.7971,0.99228,0.86663,0.9213,1.03228,0.96642,0.98389,0.99633,0.95362,0.98967,0.99989,0.67454,0.82389,0.97517,0.98162,0.97104,0.99458,0.99958,0.93806,0.8212,0.93557,0.99067,0.99157,0.99872,0.87103,0.9284,0.99904,0.82639,0.99878,0.85175,0.93415,0.9268,0.9889,0.99836,0.88581,0.99943,0.70709,0.74073
9.2,0.84266,0.99949,0.9813,0.81337,1.00006,0.97475,0.83506,0.9119,0.79805,0.97319,0.98374,0.99485,0.98915,0.85558,0.62125,0.84841,0.92658,0.9712,1,0.9954,0.90735,0.99894,0.9949,0.71467,0.9907,0.72926,0.7255,0.86084,0.96225,0.99992,0.80852,0.99228,0.86563,0.92223,1.03121,0.96721,0.98403,0.99641,0.9539,0.98967,0.99983,0.67416,0.82204,0.97586,0.98163,0.97086,0.99439,0.99957,0.93764,0.82176,0.93505,0.99056,0.99155,0.99871,0.87078,0.92615,0.99834,0.82615,0.9988,0.85185,0.93404,0.92876,0.99072,0.99805,0.89387,0.99943,0.70865,0.73965
9.22,0.84412,0.99947,0.98061,0.81343,1.00007,0.97475,0.83446,0.91182,0.79693,0.97367,0.98372,0.99482,0.98924,0.85612,0.62137,0.84855,0.92583,0.97135,1,0.99529,0.90815,0.99895,0.99414,0.71289,0.99118,0.7291,0.72553,0.86003,0.95346,0.99946,0.82285,0.99251,0.86543,0.92244,1.03043,0.9674,0.98474,0.99642,0.954,0.98967,0.9998,0.67431,0.82079,0.97628,0.98165,0.9708,0.99446,0.99953,0.93759,0.82189,0.9344,0.99049,0.9916,0.99865,0.8695,0.92607,0.99784,0.82484,0.99901,0.85196,0.93402,0.92954,0.9938,0.99691,0.90389,0.99951,0.70896,0.73942
9.24,0.84531,0.99947,0.97973,0.81334,1.00007,0.97475,0.83417,0.91167,0.79611,0.97398,0.98371,0.99482,0.98965,0.85683,0.62117,0.84845,0.92503,0.97148,1,0.99515,0.90917,0.99887,0.99348,0.71059,0.99181,0.72892,0.72554,0.85973,0.94198,0.99846,0.83732,0.99284,0.8655,0.9224,1.02978,0.96735,0.98561,0.9964,0.95401,0.98967,0.99979,0.67461,0.81987,0.97656,0.98167,0.9708,0.99475,0.99947,0.93768,0.8218,0.9337,0.99042,0.99166,0.99858,0.86784,0.92681,0.99739,0.82315,0.99925,0.85208,0.93401,0.92983,0.99663,0.9951,0.91389,0.99961,0.70884,0.73946
9.26,0.84654,0.99947,0.97894,0.8133,1.00007,0.97475,0.83384,0.91157,0.79527,0.9743,0.98371,0.99482,0.99007,0.85745,0.62107,0.8484,0.92425,0.97162,1,0.99502,0.91007,0.99885,0.9927,0.70853,0.99235,0.72874,0.72557,0.85929,0.93039,0.99712,0.85021,0.99314,0.86544,0.92249,1.02911,0.96737,0.98634,0.99639,0.95404,0.98967,0.99977,0.6748,0.81892,0.97683,0.98167,0.9708,0.99506,0.99941,0.93773,0.82175,0.93301,0.99034,0.9917,0.99851,0.86638,0.92702,0.99684,0.82162,0.99945,0.85221,0.93398,0.93025,0.99847,0.9931,0.92269,0.9997,0.70893,0.73935
9.28,0.84809,0.99945,0.97799,0.81334,1.00007,0.97475,0.83307,0.91137,0.79392,0.97493,0.98367,0.99478,0.98986,0.85806,0.6212,0.84858,0.92349,0.97177,0.99999,0.99488,0.91106,0.99875,0.99192,0.70633,0.99285,0.7286,0.72556,0.85846,0.91642,0.99538,0.86526,0.99335,0.86542,0.92253,1.02826,0.96755,0.9872,0.9964,0.95418,0.98967,0.99972,0.6752,0.8174,0.97739,0.98172,0.97071,0.99491,0.99936,0.93767,0.82192,0.93236,0.99027,0.99179,0.99843,0.86474,0.92794,0.99626,0.82,0.99961,0.8523,0.93399,0.93103,0.99967,0.99075,0.93281,0.99976,0.70897,0.73931
9.3,0.84891,0.99947,0.97731,0.81316,1.00007,0.97475,0.83331,0.91138,0.79371,0.97484,0.98371,0.99482,0.99096,0.85876,0.62073,0.84824,0.92262,0.9719,0.99999,0.99475,0.91188,0.99879,0.99104,0.70438,0.9934,0.72836,0.72563,0.85855,0.90372,0.99314,0.87434,0.99374,0.86539,0.9226,1.02781,0.96734,0.98777,0.99637,0.95406,0.98967,0.99974,0.67518,0.81717,0.97731,0.98167,0.9708,0.99569,0.99929,0.93788,0.82161,0.9316,0.9902,0.99178,0.99836,0.86337,0.92757,0.9956,0.81855,0.99977,0.85247,0.93394,0.93094,1.00001,0.98795,0.93883,0.99986,0.70902,0.73922
9.32,0.84765,0.99961,0.9774,0.81246,1.00005,0.97475,0.83611,0.91191,0.79656,0.97287,0.98398,0.99508,0.99506,0.85949,0.61888,0.8465,0.92169,0.97197,1.00001,0.99469,0.9122,0.99922,0.9901,0.70243,0.99411,0.72781,0.72588,0.86101,0.89765,0.99014,0.86829,0.99471,0.86526,0.92287,1.0285,0.96604,0.9877,0.99624,0.95324,0.98967,0.99988,0.67413,0.82037,0.97557,0.98134,0.97143,0.99836,0.99921,0.93874,0.82003,0.93079,0.99016,0.99152,0.99832,0.86283,0.92312,0.99486,0.81711,0.99993,0.85285,0.93373,0.9286,0.99997,0.98441,0.93483,1.00003,0.70922,0.73891
9.34,0.84569,0.99975,0.97781,0.81153,1.00001,0.97475,0.83991,0.91267,0.80054,0.97003,0.98434,0.9954,0.99849,0.86034,0.61641,0.84424,0.92059,0.97203,1.00002,0.99463,0.91232,0.99963,0.98901,0.70094,0.99481,0.72716,0.72621,0.86433,0.89427,0.98653,0.85656,0.99573,0.86511,0.92317,1.02958,0.96434,0.98735,0.99606,0.95216,0.98967,1,0.67264,0.82483,0.97308,0.9809,0.97223,0.99996,0.99912,0.93988,0.81798,0.92982,0.99013,0.99116,0.99829,0.86262,0.91718,0.994,0.81601,1.00004,0.8533,0.93347,0.92533,0.99989,0.98034,0.92698,1.00009,0.70944,0.73856
9.36,0.84411,0.99986,0.97814,0.81067,0.99997,0.97475,0.84329,0.91336,0.80397,0.96738,0.98465,0.99567,0.99992,0.86121,0.6141,0.84221,0.91941,0.9721,1.00003,0.99456,0.91251,0.99987,0.98778,0.69975,0.99541,0.72654,0.72651,0.86724,0.88981,0.98255,0.8472,0.99654,0.86498,0.92343,1.03044,0.96281,0.98707,0.99589,0.95117,0.98967,1.00004,0.67126,0.82867,0.97075,0.98052,0.97291,0.99972,0.99902,0.94094,0.81615,0.92879,0.99009,0.99082,0.99825,0.8623,0.91182,0.99299,0.81512,1.00009,0.85372,0.93322,0.92237,0.99973,0.97599,0.92064,1.00001,0.70964,0.73825
9.38,0.84219,0.99995,0.97817,0.80994,0.99993,0.97475,0.84626,0.91387,0.80731,0.96485,0.98498,0.99598,0.99974,0.86169,0.61232,0.84008,0.91888,0.97214,1.00003,0.99455,0.91284,1,0.98706,0.69625,0.99614,0.72595,0.72677,0.87004,0.8839,0.97732,0.83653,0.99746,0.86482,0.92376,1.03147,0.96104,0.98703,0.99574,0.95022,0.98967,1.00001,0.67027,0.8324,0.96852,0.98009,0.9737,0.99762,0.99897,0.94175,0.81422,0.92833,0.99007,0.99052,0.99824,0.86174,0.90561,0.9924,0.81254,1.00006,0.85412,0.93301,0.91945,0.99944,0.97044,0.91335,0.99973,0.70989,0.73787
9.4,0.84079,1,0.97887,0.80889,0.99987,0.97475,0.85023,0.91482,0.81104,0.96149,0.98527,0.9962,0.99819,0.86307,0.60933,0.83803,0.91688,0.97225,1.00002,0.99441,0.9128,1,0.98507,0.69777,0.9965,0.72529,0.72715,0.87317,0.88145,0.97309,0.82623,0.99791,0.86472,0.92396,1.03221,0.9596,0.98641,0.99553,0.94909,0.98967,0.99989,0.66837,0.83654,0.96558,0.97971,0.97428,0.99446,0.99879,0.94311,0.81238,0.92659,0.99001,0.99011,0.99816,0.86181,0.90033,0.9907,0.81366,1.00001,0.85457,0.9327,0.91608,0.99929,0.96605,0.90624,0.99948,0.71005,0.73763
9.42,0.84094,1.00001,0.98132,0.80701,0.99977,0.97475,0.85644,0.91688,0.81551,0.95634,0.98545,0.99618,0.99747,0.86649,0.60305,0.83607,0.91115,0.97259,1,0.99403,0.912,0.99997,0.97857,0.71187,0.99593,0.7244,0.72789,0.87715,0.88832,0.97324,0.819,0.99733,0.86478,0.92378,1.03213,0.95929,0.98401,0.99514,0.94751,0.98967,0.9995,0.66427,0.8415,0.96106,0.97947,0.97421,0.99325,0.9983,0.94592,0.81061,0.92159,0.98983,0.98937,0.99794,0.86317,0.8981,0.98492,0.82408,1.00008,0.85518,0.93209,0.91162,0.99967,0.9662,0.90121,0.99978,0.70995,0.73784
9.44,0.84165,1,0.98416,0.80483,0.99964,0.97475,0.8635,0.91936,0.82032,0.95002,0.9856,0.99607,0.99728,0.87083,0.59569,0.83427,0.90358,0.97301,0.99993,0.99349,0.91078,0.99996,0.96913,0.73053,0.99495,0.72344,0.72876,0.88136,0.89822,0.97503,0.81262,0.99623,0.8649,0.92347,1.03175,0.95937,0.98074,0.99466,0.94574,0.98967,0.99874,0.65929,0.84682,0.95553,0.97927,0.97394,0.99294,0.99755,0.94918,0.809,0.915,0.9896,0.98851,0.99762,0.8652,0.89717,0.97607,0.8378,1.00006,0.85583,0.93138,0.90669,0.99997,0.96804,0.89675,1.00005,0.70977,0.7382
9.46,0.84218,1.00001,0.9865,0.80281,0.9995,0.97475,0.87009,0.92165,0.82495,0.94348,0.98576,0.99602,0.99676,0.87493,0.58898,0.83259,0.8962,0.97338,0.99985,0.99292,0.9096,0.99993,0.95926,0.74704,0.99409,0.72254,0.72955,0.88528,0.9061,0.97604,0.8058,0.99521,0.86498,0.92324,1.03147,0.95929,0.97757,0.9942,0.94404,0.98967,0.99769,0.65466,0.85192,0.94981,0.97905,0.97379,0.99211,0.9967,0.95209,0.80748,0.90857,0.9894,0.98769,0.99727,0.86715,0.89586,0.96646,0.84985,0.99993,0.85644,0.93073,0.9019,0.99999,0.9691,0.89196,1.00008,0.70964,0.73848
9.48,0.84241,1.00001,0.98883,0.80067,0.99932,0.97475,0.87599,0.92373,0.82931,0.93735,0.98593,0.99592,0.9963,0.87789,0.58214,0.83003,0.88972,0.97375,0.99972,0.99264,0.90901,0.99986,0.94644,0.76064,0.99301,0.72153,0.73044,0.88952,0.91443,0.977,0.79806,0.99394,0.86511,0.92294,1.03135,0.95915,0.97385,0.99369,0.94222,0.98967,0.99646,0.65043,0.8567,0.94445,0.97882,0.97354,0.99139,0.996,0.95501,0.80519,0.90294,0.98919,0.98671,0.9971,0.8681,0.89341,0.95361,0.85972,0.99966,0.85712,0.93,0.8965,0.99977,0.97011,0.88649,0.9999,0.70944,0.73883
9.5,0.84337,1.00001,0.99069,0.79868,0.99915,0.97475,0.88299,0.92624,0.8341,0.92897,0.98607,0.99588,0.99577,0.88323,0.57562,0.8293,0.88013,0.97417,0.99959,0.99165,0.90708,0.99987,0.93494,0.77956,0.99205,0.72073,0.73115,0.89296,0.92148,0.97838,0.79219,0.99265,0.86516,0.92274,1.03083,0.95922,0.97035,0.9932,0.94052,0.98967,0.99461,0.64527,0.86194,0.93714,0.97863,0.97344,0.9906,0.99453,0.95774,0.80453,0.89459,0.98894,0.98595,0.99647,0.87121,0.89375,0.94188,0.87332,0.99935,0.85766,0.92941,0.89192,0.99935,0.97155,0.88233,0.99955,0.70937,0.73907
9.52,0.84644,0.99999,0.99169,0.79715,0.999,0.97475,0.89317,0.92989,0.84026,0.91402,0.9861,0.99604,0.99493,0.89452,0.56971,0.83373,0.8616,0.97448,0.99957,0.98837,0.90122,1,0.93213,0.8126,0.99179,0.72053,0.73136,0.89438,0.92509,0.98048,0.79183,0.99171,0.86494,0.92282,1.02917,0.95985,0.96824,0.9928,0.93922,0.98967,0.99109,0.63771,0.86863,0.9241,0.97859,0.97386,0.98934,0.99054,0.96017,0.8085,0.87849,0.98877,0.98584,0.99425,0.8802,0.90061,0.93898,0.89673,0.99925,0.85779,0.92924,0.88999,0.99904,0.97378,0.88207,0.99922,0.70971,0.73896
9.54,0.85014,0.99996,0.99238,0.79577,0.99886,0.97475,0.90392,0.93386,0.84673,0.89544,0.9861,0.99626,0.99394,0.90738,0.56422,0.83987,0.83849,0.97488,0.9996,0.98357,0.89379,0.99992,0.93251,0.84736,0.99176,0.72054,0.73138,0.89506,0.92765,0.98284,0.79346,0.99087,0.86463,0.923,1.02713,0.96065,0.96666,0.99244,0.93807,0.98967,0.98616,0.62934,0.87561,0.90792,0.97859,0.97444,0.98792,0.98428,0.96239,0.81403,0.85841,0.98853,0.98599,0.9908,0.89079,0.90994,0.93937,0.92076,0.99924,0.85779,0.92921,0.88904,0.99879,0.9763,0.88323,0.99887,0.71019,0.73875
9.56,0.85334,0.99994,0.99312,0.79431,0.99871,0.97475,0.91346,0.93752,0.85275,0.87656,0.98611,0.99644,0.9929,0.91855,0.55889,0.84501,0.8155,0.97541,0.99961,0.97853,0.88688,0.99957,0.93124,0.87613,0.99162,0.72045,0.73149,0.89605,0.93063,0.98491,0.79406,0.98993,0.86437,0.92313,1.02532,0.96132,0.96484,0.99206,0.93683,0.98967,0.98058,0.62153,0.88207,0.89149,0.97856,0.97492,0.98646,0.97707,0.96451,0.81868,0.83845,0.98821,0.98606,0.98699,0.89989,0.91811,0.93806,0.94001,0.99918,0.85785,0.92913,0.88767,0.99844,0.97855,0.88365,0.99844,0.71058,0.7386
9.58,0.85717,0.99989,0.99395,0.79285,0.99854,0.97475,0.9233,0.94115,0.85916,0.85412,0.98612,0.99665,0.9918,0.92882,0.55252,0.85048,0.78945,0.97524,0.99959,0.9725,0.87917,0.99913,0.93052,0.9045,0.99149,0.72036,0.73161,0.89713,0.93349,0.98679,0.7952,0.98884,0.86406,0.9233,1.02312,0.9622,0.96258,0.99166,0.93557,0.98967,0.97341,0.61362,0.8889,0.87198,0.97856,0.97548,0.98494,0.96866,0.96699,0.82364,0.81585,0.98831,0.98596,0.98227,0.90928,0.9241,0.93732,0.95821,0.99913,0.8579,0.92903,0.88614,0.99806,0.98063,0.88447,0.99789,0.71105,0.73841
9.6,0.85973,0.99987,0.99441,0.79144,0.99838,0.97475,0.93118,0.9446,0.86448,0.83369,0.98614,0.9968,0.99056,0.93914,0.54858,0.8554,0.76422,0.9765,0.99965,0.96615,0.87211,0.998,0.92958,0.92512,0.99141,0.72034,0.73165,0.89783,0.93616,0.98873,0.79566,0.98798,0.86384,0.92341,1.02162,0.96264,0.96125,0.99126,0.93437,0.98967,0.96646,0.60601,0.89453,0.85424,0.97853,0.97591,0.98325,0.95812,0.9685,0.82812,0.79397,0.98752,0.98628,0.97717,0.91723,0.9339,0.93634,0.97075,0.9991,0.85792,0.92899,0.88514,0.99767,0.9828,0.8848,0.99741,0.71139,0.73828
9.62,0.85885,0.99991,0.99397,0.79011,0.99824,0.97475,0.93491,0.94756,0.86699,0.82342,0.98621,0.99682,0.98884,0.95014,0.55106,0.85859,0.74542,0.98141,0.99984,0.96071,0.86761,0.994,0.92612,0.93261,0.99141,0.72036,0.73162,0.89766,0.93869,0.99073,0.79371,0.98783,0.86391,0.92335,1.02214,0.96181,0.96254,0.99088,0.93338,0.98967,0.96273,0.59935,0.89717,0.84532,0.97844,0.97596,0.98096,0.94393,0.96755,0.83103,0.77768,0.98393,0.98767,0.97273,0.922,0.9528,0.93275,0.97511,0.9991,0.85791,0.92902,0.88538,0.99725,0.9851,0.88341,0.99733,0.7113,0.73834
9.64,0.8567,0.99997,0.99315,0.78883,0.9981,0.97475,0.93716,0.95037,0.86851,0.81716,0.98629,0.99679,0.98692,0.96057,0.55594,0.86124,0.72891,0.98681,0.99999,0.95545,0.86407,0.98647,0.92245,0.93572,0.99147,0.72044,0.7315,0.89714,0.94105,0.99269,0.79099,0.98797,0.86406,0.92324,1.0234,0.9605,0.96474,0.99051,0.93246,0.98967,0.96033,0.59296,0.89877,0.83989,0.97832,0.97587,0.97845,0.92667,0.96566,0.83346,0.76337,0.97871,0.98936,0.96837,0.92559,0.9711,0.92894,0.97689,0.99912,0.85785,0.92911,0.88612,0.99681,0.98742,0.88148,0.99741,0.71106,0.73847
9.66,0.85507,1,0.99248,0.78754,0.99795,0.97475,0.93991,0.95317,0.87047,0.80905,0.98636,0.99678,0.98501,0.96955,0.55977,0.8641,0.71078,0.99087,1.00003,0.94967,0.86012,0.97697,0.91954,0.94027,0.99155,0.72056,0.73138,0.89679,0.94336,0.99444,0.78862,0.98797,0.86416,0.92317,1.02434,0.9594,0.96642,0.99012,0.93148,0.98967,0.95724,0.58646,0.90082,0.83285,0.97822,0.97585,0.97599,0.90767,0.96416,0.83609,0.74766,0.9734,0.99077,0.96354,0.92945,0.9839,0.92591,0.97943,0.99915,0.85778,0.92922,0.88662,0.99635,0.98956,0.87979,0.99741,0.71091,0.73856
9.68,0.85363,1.00003,0.99168,0.7862,0.99781,0.97475,0.94299,0.95573,0.87243,0.7995,0.98643,0.99678,0.98238,0.97749,0.56367,0.86696,0.69052,0.99427,0.99997,0.94307,0.85555,0.9639,0.9133,0.94586,0.99147,0.72045,0.73143,0.89639,0.9458,0.99569,0.7862,0.988,0.86431,0.92306,1.02516,0.95824,0.96826,0.98972,0.93057,0.98967,0.95355,0.58042,0.90287,0.82456,0.97811,0.97585,0.97264,0.88608,0.96261,0.83873,0.73011,0.9673,0.99207,0.95796,0.93373,0.99355,0.91938,0.98248,0.99912,0.85785,0.92917,0.88719,0.99582,0.99115,0.87807,0.99743,0.71068,0.73869
9.7,0.85145,1.00004,0.99094,0.78495,0.99765,0.97475,0.94483,0.95852,0.87407,0.79361,0.9865,0.99675,0.98083,0.98407,0.56809,0.86958,0.6738,0.99685,0.9998,0.93728,0.8524,0.94993,0.91373,0.94787,0.99171,0.7208,0.73111,0.896,0.94786,0.99725,0.78366,0.98803,0.86438,0.923,1.02639,0.95705,0.96984,0.98933,0.92952,0.98967,0.95121,0.57374,0.90457,0.81946,0.97801,0.97576,0.9707,0.86288,0.96083,0.84114,0.71563,0.96067,0.99336,0.95304,0.93656,0.99847,0.91983,0.98356,0.99922,0.85761,0.92944,0.88773,0.99533,0.99329,0.87625,0.99745,0.71057,0.73875
9.72,0.84748,1.00004,0.9906,0.7839,0.99741,0.97475,0.94401,0.9621,0.87544,0.7966,0.98654,0.99662,0.98284,0.98912,0.57338,0.87175,0.66724,0.99852,0.99947,0.93445,0.853,0.9406,0.93202,0.94113,0.99281,0.72254,0.72968,0.89585,0.94854,0.99936,0.78077,0.98799,0.86414,0.92318,1.0286,0.95589,0.97055,0.98901,0.92809,0.98967,0.95226,0.56495,0.906,0.82205,0.97795,0.97542,0.97322,0.83965,0.95867,0.84315,0.70995,0.95407,0.99472,0.95062,0.93602,0.9998,0.93887,0.97991,0.9996,0.85644,0.93062,0.88794,0.99516,0.99669,0.87419,0.99742,0.71093,0.73855
9.74,0.84276,1.00003,0.99036,0.78294,0.99714,0.97475,0.942,0.96577,0.87646,0.8034,0.98658,0.99647,0.98584,0.99309,0.57915,0.87369,0.66491,0.99953,0.99896,0.93283,0.85507,0.93294,0.95322,0.93029,0.9941,0.72472,0.72789,0.89572,0.94899,1.00005,0.77781,0.98794,0.86384,0.92341,1.03116,0.95474,0.97103,0.9887,0.92652,0.98967,0.95476,0.55567,0.90705,0.82795,0.97791,0.975,0.97705,0.81547,0.95627,0.84494,0.70794,0.94718,0.99598,0.94923,0.93416,1.00001,0.96045,0.97377,0.99993,0.85496,0.93209,0.88813,0.99504,0.99915,0.87207,0.99739,0.7114,0.73828
9.76,0.83831,1.00001,0.99004,0.78196,0.99688,0.97475,0.94035,0.9691,0.87741,0.80878,0.98661,0.99633,0.98805,0.99618,0.58476,0.87567,0.66092,0.99992,0.99831,0.93063,0.85652,0.92364,0.96856,0.92044,0.99514,0.72661,0.72633,0.89552,0.94987,0.99906,0.77498,0.98789,0.8636,0.92358,1.03352,0.95358,0.97165,0.98839,0.925,0.98967,0.95672,0.54699,0.90803,0.83262,0.97786,0.97463,0.97992,0.78932,0.9539,0.84678,0.70448,0.93978,0.99704,0.94734,0.93284,0.99942,0.97552,0.96797,1.00007,0.85367,0.93336,0.8884,0.99482,1.00002,0.87005,0.99737,0.71176,0.73808
9.78,0.83366,0.99998,0.9898,0.78088,0.99659,0.97475,0.93927,0.97247,0.87928,0.81247,0.98665,0.99616,0.99031,0.9984,0.59064,0.87777,0.65576,0.99967,0.99747,0.92828,0.8578,0.9136,0.98124,0.90937,0.99614,0.72883,0.72453,0.89554,0.94939,0.99602,0.77157,0.98784,0.86321,0.92389,1.03591,0.95229,0.97211,0.98803,0.92344,0.98967,0.95798,0.53789,0.90997,0.83582,0.9778,0.97418,0.98291,0.76069,0.95138,0.84873,0.70001,0.93141,0.99799,0.94532,0.93165,0.99792,0.98734,0.96123,1.00006,0.85214,0.93482,0.88837,0.99494,0.99941,0.86759,0.99734,0.71237,0.73772
9.8,0.82906,0.99994,0.98941,0.78003,0.9963,0.97475,0.93665,0.97527,0.87912,0.82036,0.98669,0.99605,0.99208,0.9996,0.59621,0.87955,0.65396,0.9989,0.99657,0.92649,0.8597,0.904,0.9906,0.89788,0.99695,0.73047,0.72316,0.89511,0.95162,0.99237,0.76932,0.9878,0.86313,0.92392,1.03823,0.95125,0.97282,0.98776,0.92187,0.98967,0.96089,0.53007,0.9098,0.84267,0.97775,0.97387,0.98532,0.7322,0.94895,0.85039,0.69845,0.92374,0.99869,0.94377,0.92985,0.99576,0.99526,0.95405,0.99991,0.85101,0.93592,0.88898,0.99434,0.99781,0.86598,0.99732,0.71249,0.73768
9.82,0.82497,0.99992,0.98858,0.7798,0.99599,0.97475,0.93006,0.977,0.87359,0.83759,0.9867,0.99606,0.99282,0.99996,0.60092,0.88047,0.6605,0.9981,0.99583,0.92564,0.8631,0.89606,0.99653,0.8873,0.99745,0.73044,0.72303,0.89346,0.96098,0.9924,0.77039,0.98779,0.86402,0.92311,1.04024,0.9508,0.97428,0.98768,0.92027,0.98967,0.96753,0.52509,0.90408,0.85763,0.97773,0.97391,0.98634,0.70714,0.94687,0.85125,0.70411,0.91839,0.99911,0.94304,0.92655,0.99354,0.99928,0.94729,0.99973,0.85103,0.93603,0.89124,0.99122,0.99783,0.86675,0.99731,0.71113,0.73862
9.84,0.82098,0.99991,0.98756,0.7798,0.99567,0.97475,0.92145,0.97827,0.86577,0.85778,0.98673,0.99614,0.99327,0.99976,0.60524,0.88111,0.67015,0.99736,0.99516,0.92541,0.867,0.88892,0.99954,0.87683,0.99783,0.72981,0.72335,0.89132,0.97142,0.99373,0.77266,0.9878,0.86521,0.92203,1.04217,0.95061,0.97596,0.98768,0.91867,0.98967,0.97488,0.52133,0.89589,0.87517,0.97768,0.97411,0.98697,0.68317,0.94495,0.85185,0.71247,0.91432,0.99941,0.94284,0.92263,0.99123,0.99992,0.94046,0.99953,0.85147,0.93578,0.89412,0.98629,0.99846,0.86838,0.99731,0.70929,0.73989
9.86,0.81682,0.9999,0.98656,0.7797,0.99535,0.97475,0.91307,0.97961,0.85861,0.87541,0.98676,0.9962,0.99384,0.99903,0.60964,0.88194,0.67818,0.99647,0.99443,0.92514,0.87049,0.88111,0.99985,0.86596,0.9982,0.72944,0.72347,0.88934,0.97934,0.99425,0.77438,0.9878,0.86622,0.9211,1.04413,0.95037,0.97748,0.98765,0.91708,0.98967,0.98083,0.51732,0.88832,0.89049,0.97765,0.97427,0.98778,0.65747,0.94296,0.85263,0.71942,0.91001,0.99965,0.9426,0.91897,0.9884,0.99744,0.93328,0.99928,0.85173,0.93567,0.89673,0.98098,0.99869,0.86961,0.99732,0.70773,0.74096
9.88,0.81276,0.99988,0.98557,0.77957,0.99497,0.97475,0.90462,0.98123,0.85183,0.89032,0.98671,0.99619,0.9943,0.99771,0.61472,0.8825,0.68652,0.99487,0.9934,0.92391,0.87441,0.87267,0.99698,0.85283,0.9986,0.72913,0.72353,0.88752,0.98635,0.99537,0.7761,0.98778,0.8674,0.92001,1.04601,0.94989,0.97889,0.9876,0.91531,0.98967,0.98579,0.51231,0.88109,0.90346,0.97771,0.97426,0.98844,0.62963,0.94065,0.85315,0.72664,0.90333,0.99989,0.94154,0.9147,0.98504,0.99075,0.92447,0.9989,0.85194,0.93563,0.89908,0.9744,0.99916,0.87084,0.9973,0.7059,0.74223
9.9,0.80845,0.99988,0.98441,0.77956,0.99467,0.97475,0.89453,0.98202,0.84308,0.9081,0.9869,0.99635,0.99487,0.99604,0.61838,0.88355,0.69459,0.9944,0.99287,0.92476,0.87742,0.8651,0.9928,0.84322,0.9988,0.72855,0.72384,0.8852,0.9916,0.99543,0.77806,0.98782,0.86828,0.91918,1.04796,0.94994,0.98043,0.9876,0.91388,0.98967,0.99053,0.50984,0.87168,0.91894,0.97744,0.97468,0.98927,0.6038,0.93897,0.85413,0.73364,0.90154,0.99998,0.94228,0.91131,0.98176,0.98345,0.91793,0.99865,0.85234,0.93538,0.90201,0.96735,0.99919,0.87225,0.99733,0.70452,0.74318
9.92,0.80297,0.99995,0.98282,0.77992,0.99459,0.97475,0.88092,0.98084,0.83,0.93193,0.98694,0.99678,0.99556,0.99457,0.61809,0.88594,0.70122,0.99721,0.99388,0.93128,0.87766,0.85911,0.99313,0.84495,0.99861,0.72731,0.72482,0.88146,0.99464,0.99198,0.7806,0.98798,0.86829,0.91921,1.05039,0.95144,0.98235,0.98772,0.91352,0.98967,0.9952,0.51355,0.85745,0.93972,0.97737,0.97586,0.99028,0.58489,0.93911,0.85637,0.73938,0.91355,0.9998,0.9479,0.91103,0.97901,0.98398,0.91911,0.99888,0.85319,0.93459,0.90657,0.96165,0.99762,0.87407,0.99742,0.70451,0.74316
9.94,0.79729,1.00001,0.98101,0.78038,0.99459,0.97475,0.86514,0.97875,0.81445,0.95494,0.98732,0.99735,0.99634,0.99316,0.61636,0.8888,0.70754,0.99948,0.99528,0.93933,0.87705,0.85434,0.99525,0.85067,0.99823,0.72583,0.72603,0.87721,0.99679,0.98586,0.78331,0.98821,0.86798,0.91952,1.05283,0.95343,0.98433,0.98787,0.91352,0.98967,0.99851,0.51989,0.84033,0.95983,0.97681,0.97748,0.99145,0.56877,0.9399,0.85906,0.74486,0.92901,0.99936,0.95478,0.91173,0.97673,0.98759,0.923,0.99925,0.8542,0.93361,0.91155,0.95614,0.99424,0.87601,0.99755,0.70498,0.74279
9.96,0.79192,1.00004,0.97919,0.78074,0.99455,0.97475,0.84892,0.97688,0.79876,0.97265,0.98804,0.99787,0.99712,0.99147,0.61531,0.89143,0.714,0.9999,0.9963,0.94595,0.87699,0.84964,0.9964,0.85429,0.99787,0.72451,0.72711,0.8732,0.9985,0.97908,0.7858,0.98843,0.86782,0.91971,1.05508,0.95513,0.98611,0.98799,0.91333,0.98967,0.99994,0.52543,0.82284,0.97539,0.97567,0.97909,0.99267,0.55108,0.94038,0.86155,0.75045,0.94093,0.99886,0.9604,0.91179,0.97441,0.98966,0.92545,0.9995,0.8551,0.93273,0.91604,0.9498,0.99009,0.87778,0.99767,0.70523,0.74258
9.98,0.78507,1.00004,0.97726,0.78134,0.99453,0.97475,0.83209,0.97534,0.78384,0.98485,0.98673,0.99806,0.99733,0.98949,0.61411,0.89387,0.72008,0.99873,0.99727,0.95281,0.87626,0.84161,0.99722,0.85878,0.99755,0.72295,0.72834,0.86864,0.99951,0.9707,0.7888,0.98856,0.86766,0.91988,1.05788,0.95688,0.98781,0.98819,0.91324,0.98967,0.99966,0.52985,0.80603,0.98616,0.97768,0.97968,0.99301,0.53213,0.94093,0.86386,0.75571,0.95297,0.99816,0.96617,0.91263,0.97027,0.9912,0.92847,0.99968,0.85616,0.93173,0.92092,0.94359,0.98464,0.87992,0.99773,0.70549,0.74238
10,0.78103,1.00002,0.97526,0.78146,0.99448,0.97475,0.81343,0.97263,0.76509,0.9951,0.98953,0.99878,0.99842,0.98762,0.61293,0.89674,0.72664,0.99637,0.99803,0.95834,0.8767,0.84056,0.99846,0.86222,0.99701,0.72182,0.72932,0.86493,1.00001,0.96093,0.79075,0.98889,0.86742,0.92015,1.05948,0.95855,0.98939,0.98823,0.91302,0.98967,0.99756,0.53744,0.78469,0.99534,0.97314,0.98223,0.99487,0.5155,0.94147,0.86658,0.7614,0.9621,0.9974,0.97077,0.91212,0.96972,0.99374,0.93078,0.99989,0.85692,0.93092,0.92474,0.93607,0.97801,0.88131,0.99791,0.70586,0.74207
10.02,0.78544,0.99999,0.97324,0.78015,0.99432,0.97475,0.79071,0.96655,0.73461,0.99982,0.99887,1,1.00007,0.9864,0.61171,0.90073,0.7346,0.995,0.99846,0.96091,0.88078,0.85875,0.99991,0.86221,0.99578,0.72197,0.72955,0.86395,0.99951,0.94987,0.78968,0.98972,0.86709,0.92054,1.05772,0.95991,0.99082,0.98779,0.91231,0.98967,0.99284,0.55366,0.74957,0.99996,0.9414,0.98954,0.9992,0.50526,0.94203,0.87039,0.7683,0.96567,0.99684,0.97289,0.90738,0.97884,0.99768,0.93077,1.00009,0.85682,0.93073,0.92572,0.92443,0.97028,0.88054,0.99834,0.70637,0.74162
10.04,0.79262,0.99994,0.97117,0.77837,0.99413,0.97475,0.76584,0.95854,0.69898,0.98842,0.99686,0.99902,0.99727,0.98547,0.61062,0.90504,0.743,0.99416,0.99876,0.96252,0.88591,0.88194,0.99954,0.86105,0.99408,0.72255,0.72952,0.8639,0.99736,0.93774,0.78762,0.99072,0.86669,0.92102,1.0548,0.96119,0.99212,0.9872,0.91145,0.98967,0.98536,0.5737,0.70791,0.99079,0.88417,0.99585,0.99952,0.49759,0.94252,0.87452,0.77558,0.96754,0.99635,0.97421,0.90111,0.98871,0.99992,0.93,0.99993,0.85643,0.93076,0.92576,0.91082,0.96161,0.87908,0.9988,0.707,0.74106
10.06,0.79815,0.99988,0.96901,0.77686,0.99395,0.97475,0.74053,0.95043,0.66421,0.96188,0.98275,0.99591,0.99054,0.98435,0.60976,0.90905,0.75104,0.9929,0.99906,0.96446,0.89029,0.90027,0.99719,0.8603,0.99229,0.7229,0.72961,0.86337,0.99384,0.92472,0.78609,0.9916,0.86628,0.9215,1.05247,0.96247,0.99334,0.98669,0.91067,0.98967,0.97565,0.59282,0.66676,0.96856,0.81892,0.99907,0.99539,0.48866,0.94291,0.87839,0.78255,0.97002,0.99578,0.9758,0.89549,0.99477,0.9996,0.9295,0.99943,0.85619,0.93068,0.92629,0.89708,0.95214,0.87799,0.99918,0.70764,0.74051
10.08,0.80471,0.9998,0.96677,0.77508,0.99376,0.97475,0.7114,0.94111,0.62087,0.91582,0.9507,0.98941,0.97672,0.98318,0.60767,0.91315,0.75881,0.99141,0.99934,0.96651,0.89514,0.91816,0.99257,0.86016,0.98997,0.72336,0.72968,0.86308,0.988,0.9076,0.78408,0.99236,0.866,0.92183,1.04962,0.96376,0.99445,0.98606,0.9098,0.98967,0.96225,0.61371,0.61486,0.92959,0.72163,1.00005,0.98463,0.47962,0.94385,0.88237,0.78928,0.97256,0.99509,0.97746,0.88894,0.9987,0.99674,0.9294,0.99846,0.85589,0.93062,0.92658,0.88005,0.93949,0.87655,0.99945,0.70807,0.74012
10.1,0.80954,0.99971,0.96446,0.77375,0.99359,0.97475,0.68603,0.93171,0.58845,0.86144,0.91832,0.98315,0.96451,0.98207,0.60817,0.91685,0.76691,0.99025,0.99951,0.96796,0.89901,0.93329,0.98655,0.85841,0.98794,0.72371,0.72974,0.86251,0.98242,0.89551,0.78292,0.99328,0.86545,0.92246,1.04747,0.96495,0.99546,0.9856,0.90906,0.98967,0.9489,0.6339,0.57566,0.88338,0.64082,0.9989,0.97433,0.4712,0.94363,0.88599,0.7963,0.97432,0.99456,0.97864,0.88344,1.00002,0.99197,0.92822,0.99739,0.85565,0.93057,0.92714,0.86658,0.93046,0.87573,0.99974,0.70892,0.73938
10.12,0.80919,0.99961,0.9621,0.77378,0.9935,0.97475,0.67507,0.9241,0.59547,0.82663,0.92695,0.98518,0.97214,0.98106,0.61608,0.91986,0.7758,0.99016,0.9995,0.96807,0.90016,0.94343,0.9816,0.8526,0.9875,0.72367,0.72983,0.86094,0.98214,0.90008,0.78338,0.99469,0.86405,0.92401,1.04763,0.966,0.99636,0.98561,0.90871,0.98967,0.9427,0.64968,0.58417,0.85374,0.66144,0.9994,0.98083,0.46376,0.94003,0.88894,0.80401,0.97445,0.99462,0.97873,0.88177,0.99953,0.98767,0.92431,0.99714,0.85567,0.9305,0.92866,0.86597,0.93389,0.87606,1.00003,0.71107,0.73757
10.14,0.80711,0.99952,0.95968,0.7743,0.99345,0.97475,0.66943,0.91696,0.6154,0.79997,0.94845,0.98971,0.98418,0.98011,0.62672,0.92246,0.78495,0.99051,0.99941,0.96767,0.90042,0.95174,0.97703,0.84498,0.98769,0.72351,0.7299,0.85906,0.98402,0.91106,0.7849,0.99608,0.86239,0.92581,1.04856,0.96696,0.99716,0.98579,0.90848,0.98967,0.93941,0.66412,0.60827,0.83102,0.71564,1.00007,0.99063,0.45689,0.93509,0.89151,0.81195,0.97394,0.99489,0.9784,0.88139,0.99806,0.98351,0.91913,0.99725,0.85578,0.93044,0.93046,0.87027,0.94206,0.87714,1.00007,0.7136,0.73545
10.16,0.80582,0.99941,0.95718,0.7746,0.99338,0.97475,0.66109,0.9091,0.62774,0.76546,0.96131,0.99247,0.99107,0.97912,0.63617,0.925,0.79383,0.99064,0.99936,0.96753,0.90112,0.95976,0.9715,0.83781,0.98761,0.72341,0.72998,0.85731,0.98497,0.91938,0.7866,0.99718,0.86091,0.9274,1.04914,0.96792,0.99786,0.9859,0.90817,0.98967,0.93444,0.67965,0.62312,0.80159,0.7509,1.00003,0.99576,0.44981,0.93063,0.89403,0.81965,0.97375,0.99504,0.97829,0.88034,0.99546,0.97833,0.91422,0.9972,0.85585,0.93037,0.93211,0.87252,0.94822,0.87835,0.99984,0.71585,0.73355
10.18,0.80458,0.99928,0.95458,0.77483,0.99333,0.97475,0.65317,0.90072,0.64532,0.72833,0.97254,0.99485,0.99647,0.97804,0.64652,0.92821,0.8021,0.99086,0.99928,0.96725,0.90168,0.96735,0.96469,0.83104,0.98742,0.72333,0.73006,0.85555,0.98553,0.92441,0.78554,0.99819,0.85912,0.92928,1.04968,0.96894,0.99847,0.98598,0.90794,0.98967,0.92959,0.69584,0.6442,0.76991,0.78448,0.99952,0.99914,0.44228,0.92564,0.89723,0.82683,0.97341,0.99525,0.97806,0.87952,0.9916,0.97178,0.90957,0.99709,0.8559,0.93031,0.93373,0.87386,0.95191,0.87759,0.99928,0.71855,0.73131
10.2,0.80276,0.99916,0.95198,0.77535,0.99324,0.97475,0.64545,0.89262,0.65447,0.69201,0.98324,0.99701,0.99929,0.97708,0.65607,0.92983,0.81111,0.99098,0.99923,0.96713,0.90231,0.97337,0.95913,0.82255,0.98763,0.72315,0.73015,0.8537,0.98727,0.93621,0.79038,0.99884,0.8579,0.93056,1.05048,0.96978,0.99896,0.98616,0.90759,0.98967,0.92476,0.71118,0.65514,0.73891,0.82072,0.99837,1.00004,0.43566,0.92096,0.89886,0.83464,0.97324,0.99538,0.97797,0.87857,0.98723,0.96632,0.90368,0.99721,0.85602,0.93024,0.9354,0.87818,0.96051,0.88104,0.99859,0.72038,0.72976
10.22,0.79977,0.9991,0.94946,0.7765,0.99307,0.97475,0.63663,0.88557,0.63685,0.6587,0.99302,0.99885,1,0.97646,0.66245,0.92728,0.82251,0.99063,0.99929,0.96761,0.90344,0.97703,0.95842,0.80951,0.98871,0.72274,0.73029,0.85156,0.99125,0.9623,0.81115,0.99895,0.85826,0.93028,1.05177,0.9702,0.99935,0.98656,0.90687,0.98967,0.91911,0.72431,0.63406,0.71046,0.86193,0.99618,0.99958,0.43149,0.91779,0.8963,0.84453,0.97376,0.99523,0.97836,0.87686,0.98384,0.96562,0.89456,0.99782,0.8563,0.93012,0.9373,0.889,0.97896,0.89572,0.99845,0.71983,0.73009
10.24,0.79621,0.99906,0.94697,0.77792,0.99287,0.97475,0.62788,0.87899,0.61006,0.62734,0.99884,0.99988,1.00003,0.97598,0.66777,0.9231,0.83433,0.99016,0.99937,0.96826,0.90467,0.97974,0.95963,0.79441,0.99011,0.72222,0.73045,0.84934,0.99521,0.98488,0.83594,0.99892,0.85923,0.92942,1.05329,0.97046,0.99964,0.98705,0.90603,0.98967,0.91337,0.73638,0.60182,0.68367,0.90071,0.99283,0.99865,0.42825,0.91512,0.89215,0.8548,0.97446,0.99501,0.97887,0.87499,0.98085,0.96682,0.8839,0.99852,0.85666,0.92999,0.93922,0.90189,0.99367,0.91294,0.99849,0.71838,0.73113
10.26,0.79287,0.99901,0.94442,0.77923,0.99268,0.97475,0.61921,0.87207,0.58742,0.59378,0.9997,0.99995,0.99951,0.97543,0.6736,0.91957,0.84524,0.98975,0.99943,0.96881,0.90579,0.98256,0.95996,0.77967,0.99129,0.72173,0.7306,0.84721,0.9978,0.99658,0.85656,0.99899,0.85999,0.92878,1.05469,0.97077,0.99985,0.98749,0.90524,0.98967,0.90756,0.74893,0.57441,0.65499,0.93131,0.98874,0.99705,0.42456,0.91218,0.88866,0.86427,0.97503,0.99483,0.97932,0.87323,0.97724,0.96715,0.8734,0.99905,0.85698,0.92986,0.94103,0.91301,0.99961,0.92698,0.99838,0.71724,0.73191
10.28,0.78947,0.99895,0.94162,0.78052,0.99249,0.97475,0.6095,0.86429,0.56037,0.55536,0.99534,0.99898,0.99837,0.97488,0.6798,0.91583,0.85649,0.98924,0.99951,0.9694,0.90707,0.98521,0.96038,0.76353,0.99229,0.72131,0.73073,0.84473,0.99937,0.99996,0.87706,0.9989,0.8605,0.92831,1.05609,0.97117,1,0.98792,0.90443,0.98967,0.90092,0.76284,0.5415,0.62214,0.95903,0.98303,0.99478,0.4209,0.90902,0.88499,0.87404,0.97573,0.99457,0.9798,0.87121,0.97325,0.96755,0.8618,0.99943,0.85727,0.92975,0.94308,0.92314,0.99819,0.94061,0.99852,0.71648,0.73247
10.3,0.78597,0.99892,0.93918,0.7819,0.99229,0.97475,0.60162,0.85787,0.53806,0.52339,0.98803,0.99746,0.99683,0.97434,0.68504,0.9119,0.866,0.9889,0.99955,0.96991,0.90804,0.98744,0.96104,0.74837,0.9935,0.72072,0.73093,0.84293,1.00002,0.99493,0.89438,0.99911,0.86163,0.92734,1.05751,0.97133,1.00005,0.98837,0.90362,0.98967,0.89542,0.77418,0.51422,0.59481,0.97569,0.9778,0.99221,0.41738,0.90633,0.88116,0.88231,0.97617,0.99445,0.9802,0.86967,0.96932,0.96821,0.85082,0.9998,0.85766,0.92959,0.94453,0.93373,0.99018,0.95182,0.99819,0.71476,0.73363
10.32,0.78259,0.999,0.93775,0.78356,0.9921,0.97475,0.59895,0.85546,0.53341,0.51205,0.98635,0.99713,0.99535,0.9738,0.6879,0.90792,0.87179,0.9889,0.99946,0.97038,0.90817,0.98908,0.96187,0.73742,0.99523,0.71974,0.73127,0.84284,0.99922,0.98823,0.90649,0.99984,0.86454,0.92498,1.05886,0.97083,1.00005,0.9889,0.90287,0.98967,0.89353,0.77842,0.50852,0.58511,0.97823,0.97685,0.98997,0.41385,0.90485,0.87729,0.88734,0.97617,0.99475,0.98058,0.86947,0.96601,0.96902,0.84284,1.00008,0.85832,0.92931,0.94461,0.94576,0.98223,0.95945,0.99589,0.71033,0.73643
10.34,0.77911,0.99912,0.93676,0.7853,0.99191,0.97475,0.59822,0.85462,0.53463,0.50877,0.98738,0.99738,0.9939,0.97328,0.68974,0.90381,0.87612,0.98913,0.9993,0.97073,0.90798,0.99045,0.96286,0.72797,0.99687,0.71859,0.73169,0.84349,0.99637,0.98129,0.91611,0.99987,0.86797,0.92212,1.06023,0.97007,1.00004,0.98944,0.9021,0.98967,0.89301,0.77988,0.51001,0.58231,0.97671,0.97756,0.98786,0.41045,0.9039,0.87334,0.8911,0.97588,0.99519,0.98086,0.86977,0.9629,0.97,0.83593,0.99993,0.85909,0.92896,0.94408,0.95739,0.97464,0.96536,0.99168,0.705,0.73979
10.36,0.77549,0.99921,0.93563,0.78698,0.99171,0.97475,0.59661,0.85311,0.53292,0.50182,0.98711,0.99735,0.99212,0.97275,0.69199,0.8997,0.88079,0.9894,0.99915,0.97096,0.90791,0.9918,0.9638,0.71763,0.99809,0.7175,0.73209,0.84395,0.99163,0.97173,0.92527,0.99905,0.87098,0.91954,1.06164,0.96942,1.00001,0.98995,0.90129,0.98967,0.89187,0.78253,0.50792,0.57636,0.97712,0.97748,0.98538,0.40709,0.90273,0.8694,0.89517,0.97551,0.99556,0.98104,0.86988,0.95946,0.97091,0.82833,0.99936,0.85982,0.92862,0.94371,0.96731,0.96464,0.97084,0.98678,0.70027,0.74277
10.38,0.77241,0.9993,0.93414,0.78875,0.99155,0.97475,0.59496,0.8514,0.53188,0.4947,0.98708,0.99737,0.99003,0.97216,0.69452,0.89516,0.88611,0.98907,0.99902,0.97187,0.90793,0.993,0.96467,0.70665,0.99905,0.71646,0.73243,0.84378,0.9849,0.95841,0.93671,0.99722,0.87453,0.91637,1.06281,0.96876,0.99996,0.99048,0.90065,0.98967,0.89069,0.7855,0.50664,0.57028,0.97717,0.97755,0.98254,0.40328,0.90141,0.86508,0.89979,0.97595,0.99584,0.98177,0.86985,0.95601,0.97176,0.82023,0.99828,0.86051,0.92835,0.94385,0.97596,0.95119,0.97744,0.98004,0.69458,0.7464
10.4,0.76813,0.99939,0.9335,0.79033,0.99129,0.97475,0.59384,0.85044,0.53105,0.48969,0.98721,0.99742,0.988,0.9717,0.69622,0.89126,0.8895,0.98998,0.99879,0.97137,0.9077,0.99417,0.96564,0.69693,0.99964,0.71527,0.73292,0.8451,0.97624,0.94794,0.94145,0.99492,0.87698,0.9142,1.06441,0.96804,0.99993,0.99094,0.89965,0.98967,0.8899,0.78717,0.50563,0.56599,0.97696,0.9777,0.97985,0.4004,0.90052,0.86138,0.90275,0.97471,0.99629,0.98137,0.87022,0.9522,0.97271,0.81304,0.99687,0.8613,0.92793,0.94277,0.98327,0.94085,0.98008,0.97326,0.69061,0.74886
10.42,0.76026,0.99949,0.93496,0.79133,0.99078,0.97475,0.59373,0.85113,0.52877,0.48845,0.98714,0.99739,0.98657,0.97162,0.69621,0.88941,0.88821,0.99406,0.9982,0.96626,0.90684,0.99544,0.96696,0.6903,0.99989,0.71368,0.73386,0.8504,0.96526,0.95046,0.9292,0.99365,0.87629,0.91515,1.06729,0.96723,0.99999,0.99123,0.89767,0.98967,0.88981,0.78597,0.50282,0.56493,0.97708,0.97761,0.97799,0.39985,0.90053,0.85964,0.90163,0.96775,0.99718,0.97726,0.87159,0.94741,0.97398,0.80811,0.99554,0.86234,0.92715,0.9383,0.98942,0.94333,0.97314,0.96987,0.69173,0.74779
10.44,0.7511,0.99958,0.93726,0.79213,0.99015,0.97475,0.59408,0.85251,0.52664,0.48909,0.98717,0.99737,0.98539,0.97168,0.69533,0.88831,0.88512,0.99764,0.99738,0.95915,0.90574,0.9966,0.96833,0.68514,0.99998,0.71195,0.73496,0.85702,0.95242,0.95772,0.90868,0.99287,0.87452,0.91714,1.07051,0.96637,1.00004,0.99145,0.8953,0.98967,0.89007,0.78357,0.50021,0.56548,0.97704,0.97754,0.97647,0.40025,0.90099,0.8586,0.89893,0.95791,0.99807,0.97144,0.87332,0.94214,0.9753,0.80428,0.99419,0.86348,0.92623,0.93237,0.99411,0.95051,0.96081,0.96786,0.69461,0.74552
10.46,0.7425,0.99965,0.93923,0.79301,0.98955,0.97475,0.59422,0.85358,0.5249,0.48893,0.98718,0.99735,0.98402,0.9717,0.69461,0.88684,0.88281,0.99939,0.99651,0.9526,0.90475,0.99757,0.96958,0.6795,0.99995,0.7103,0.73598,0.86282,0.93804,0.9624,0.88956,0.99179,0.87328,0.91858,1.07342,0.96554,1.00005,0.9917,0.89305,0.98967,0.89017,0.78169,0.49807,0.56534,0.97702,0.97748,0.97472,0.40036,0.90136,0.85722,0.89692,0.94844,0.99873,0.96599,0.87485,0.93676,0.9765,0.80008,0.99261,0.86456,0.92536,0.92684,0.99736,0.95518,0.94874,0.96516,0.69659,0.74387
10.48,0.73287,0.99973,0.9408,0.79392,0.98894,0.97475,0.59444,0.85465,0.52144,0.48885,0.98714,0.99732,0.98254,0.97163,0.69485,0.88542,0.88043,0.99987,0.99528,0.94357,0.90369,0.99839,0.97106,0.67268,0.99974,0.70855,0.73704,0.86873,0.91895,0.96703,0.8669,0.99041,0.87184,0.92025,1.07656,0.96459,1.00002,0.99195,0.89084,0.98967,0.89033,0.77983,0.49382,0.56527,0.97707,0.97739,0.97284,0.39993,0.90124,0.85588,0.89485,0.9351,0.99936,0.95839,0.87648,0.93104,0.97791,0.79498,0.99057,0.86569,0.92446,0.92083,0.99952,0.95984,0.93391,0.96184,0.69891,0.74196
10.5,0.72468,0.99979,0.94328,0.79472,0.98826,0.97475,0.59458,0.85586,0.52145,0.48893,0.9872,0.99731,0.98119,0.97177,0.69292,0.88406,0.8777,0.9992,0.99439,0.93768,0.90272,0.99902,0.97198,0.66859,0.9995,0.70697,0.73805,0.87431,0.9039,0.97183,0.84387,0.98959,0.87054,0.92166,1.07913,0.96386,0.99992,0.99217,0.8884,0.98967,0.89042,0.77771,0.49384,0.56534,0.97699,0.97735,0.97114,0.40079,0.90224,0.85461,0.89248,0.92616,0.99966,0.95338,0.87795,0.92527,0.97879,0.79193,0.989,0.86671,0.92361,0.91481,1.00001,0.96474,0.91838,0.95989,0.70096,0.74032
10.52,0.72102,0.9998,0.94801,0.7953,0.98738,0.97475,0.59435,0.85738,0.53141,0.48887,0.98747,0.99734,0.98026,0.97247,0.68503,0.88262,0.87447,0.99983,0.995,0.94312,0.90213,0.99949,0.97146,0.67116,0.99955,0.70577,0.73892,0.87905,0.90659,0.97628,0.82619,0.99042,0.86996,0.92216,1.08025,0.96373,0.99953,0.99232,0.8853,0.98967,0.89026,0.77504,0.50607,0.56529,0.97657,0.97746,0.96998,0.40526,0.90633,0.85327,0.88967,0.93414,0.99947,0.95801,0.87885,0.91952,0.97829,0.79385,0.98931,0.86748,0.92286,0.90941,0.99999,0.96935,0.90621,0.96185,0.70189,0.73974
10.54,0.71905,0.99979,0.95334,0.79579,0.98641,0.97475,0.59401,0.859,0.54457,0.48888,0.98782,0.99739,0.9795,0.97334,0.67519,0.88124,0.87094,0.99957,0.99602,0.95178,0.90164,0.99979,0.97039,0.67654,0.9997,0.70477,0.73972,0.88343,0.9154,0.98068,0.80995,0.99177,0.86957,0.9224,1.08085,0.96385,0.99872,0.99245,0.88198,0.98967,0.89002,0.7722,0.52219,0.5653,0.97603,0.97761,0.96904,0.41089,0.91137,0.85197,0.8866,0.94674,0.99901,0.96531,0.87958,0.91388,0.97727,0.79787,0.99028,0.86812,0.92217,0.90419,0.99972,0.97399,0.89487,0.96511,0.7025,0.73946
10.56,0.71642,0.99979,0.95803,0.79634,0.98546,0.97475,0.59373,0.86051,0.55577,0.48888,0.98812,0.99743,0.97864,0.97409,0.66657,0.87988,0.86751,0.99819,0.99672,0.95804,0.90107,0.99996,0.96953,0.68105,0.99978,0.70375,0.74051,0.88774,0.9208,0.98468,0.79213,0.99273,0.86908,0.92277,1.08164,0.96388,0.99763,0.99259,0.87879,0.98967,0.88981,0.76954,0.53589,0.5653,0.97555,0.97773,0.96796,0.41576,0.91573,0.8507,0.88362,0.95562,0.99859,0.97052,0.88043,0.90821,0.97645,0.80123,0.99091,0.86878,0.9215,0.89879,0.9994,0.9783,0.88229,0.96753,0.70327,0.73903
10.58,0.71323,0.99979,0.96255,0.79682,0.98435,0.97475,0.59344,0.86226,0.5681,0.48887,0.98845,0.99748,0.97779,0.97497,0.65729,0.87829,0.86384,0.9953,0.99746,0.96483,0.90061,1.00001,0.96874,0.68384,0.99986,0.70241,0.74152,0.89244,0.92739,0.98767,0.77187,0.99385,0.86859,0.92311,1.08258,0.96379,0.9962,0.99272,0.87513,0.98967,0.88961,0.76643,0.55092,0.56529,0.975,0.97787,0.96692,0.42148,0.92035,0.84922,0.88043,0.96496,0.998,0.9761,0.8811,0.90101,0.9757,0.80331,0.99157,0.86962,0.92062,0.89263,0.99881,0.9816,0.86781,0.97039,0.70404,0.73863
10.6,0.71156,0.99978,0.96678,0.7974,0.98347,0.97475,0.59313,0.86349,0.57835,0.48888,0.98871,0.99752,0.97689,0.97559,0.64927,0.87716,0.8605,0.9919,0.99799,0.96984,0.89994,0.99994,0.96764,0.69062,0.99992,0.70176,0.74204,0.89601,0.93229,0.99131,0.75504,0.99457,0.86817,0.92343,1.08307,0.96402,0.99445,0.99287,0.87228,0.98967,0.88938,0.76426,0.56339,0.56529,0.97457,0.97799,0.9658,0.42562,0.9243,0.84817,0.87753,0.97176,0.99745,0.98015,0.88208,0.89649,0.97464,0.80836,0.99223,0.87004,0.92017,0.88772,0.99823,0.98578,0.85566,0.97232,0.7047,0.73826
10.62,0.71393,0.99969,0.97071,0.79831,0.98332,0.97475,0.59279,0.86325,0.58305,0.48887,0.98875,0.99753,0.97584,0.97554,0.64471,0.87729,0.85812,0.991,0.99811,0.97062,0.89865,1,0.96561,0.70844,0.99996,0.70306,0.74117,0.8968,0.93158,0.99643,0.74938,0.99434,0.86786,0.92376,1.08238,0.96511,0.9924,0.9931,0.8718,0.98967,0.88914,0.76468,0.5691,0.56529,0.9745,0.97804,0.96451,0.42531,0.92652,0.84829,0.87546,0.97319,0.99731,0.98077,0.88396,0.90012,0.97267,0.82155,0.99292,0.86921,0.92093,0.88661,0.99832,0.99215,0.85156,0.9717,0.70518,0.73787
10.64,0.71771,0.99957,0.9743,0.79931,0.98345,0.97475,0.59244,0.86249,0.58563,0.48887,0.98872,0.99754,0.9747,0.97525,0.6414,0.8779,0.85616,0.99108,0.9981,0.97013,0.89714,0.99999,0.96324,0.72923,0.99998,0.70503,0.73982,0.89656,0.92929,0.99957,0.74808,0.99378,0.86763,0.92407,1.08125,0.96648,0.99009,0.99335,0.87221,0.98967,0.88889,0.76604,0.57224,0.56529,0.97456,0.97807,0.96312,0.42337,0.92812,0.84885,0.87376,0.97308,0.99732,0.98038,0.88612,0.90645,0.97037,0.83685,0.99356,0.86796,0.92209,0.88695,0.9986,0.99713,0.85061,0.9702,0.70553,0.7375
10.66,0.72067,0.99944,0.97756,0.80024,0.98346,0.97475,0.5921,0.86197,0.58877,0.48887,0.98872,0.99756,0.97354,0.97505,0.63769,0.8783,0.85408,0.99066,0.99815,0.97027,0.89573,0.99989,0.96106,0.74715,0.99998,0.70662,0.73872,0.89678,0.92792,0.99991,0.74474,0.99335,0.86739,0.92437,1.08036,0.96767,0.98756,0.99358,0.87224,0.98967,0.88865,0.76696,0.57605,0.56529,0.97455,0.9781,0.9617,0.42206,0.9299,0.84923,0.87195,0.97372,0.99726,0.98049,0.88811,0.91122,0.96823,0.84994,0.99409,0.86693,0.92303,0.88663,0.99876,0.99955,0.84818,0.96908,0.70591,0.73715
10.68,0.72433,0.99928,0.98113,0.80125,0.98343,0.97475,0.59175,0.86142,0.59353,0.48887,0.98872,0.99757,0.97248,0.97492,0.63337,0.87862,0.85156,0.9903,0.99821,0.97026,0.89425,0.99967,0.9582,0.7669,0.99995,0.70849,0.73748,0.89701,0.92578,0.99735,0.74157,0.9929,0.86706,0.92475,1.07924,0.96891,0.98421,0.99383,0.87216,0.98967,0.8884,0.76792,0.58182,0.56529,0.97456,0.97815,0.96041,0.42117,0.93196,0.84953,0.86976,0.97425,0.99718,0.98048,0.89016,0.91646,0.9654,0.86423,0.99496,0.86573,0.92409,0.8863,0.99898,0.99983,0.84587,0.96796,0.70642,0.7367
10.7,0.72678,0.99912,0.98336,0.80213,0.98355,0.97475,0.59141,0.8608,0.59447,0.48887,0.98871,0.99758,0.9711,0.9746,0.63067,0.87926,0.85002,0.99007,0.99821,0.97023,0.89285,0.99939,0.9565,0.78162,0.99994,0.70995,0.73643,0.89699,0.92472,0.99329,0.73902,0.99234,0.86693,0.92495,1.07848,0.97007,0.98172,0.99404,0.87252,0.98967,0.88815,0.76902,0.58296,0.56529,0.97457,0.97817,0.95874,0.41907,0.93323,0.85012,0.86843,0.97458,0.99717,0.98046,0.89207,0.92094,0.96371,0.8748,0.99504,0.86478,0.92498,0.88634,0.99908,0.99825,0.84401,0.96654,0.70664,0.73646
10.72,0.72558,0.99899,0.98274,0.80264,0.98392,0.97475,0.59113,0.8601,0.58472,0.48887,0.98873,0.99756,0.96881,0.97373,0.63238,0.88038,0.85122,0.98995,0.99809,0.97045,0.89156,0.99922,0.9584,0.78411,0.99995,0.7101,0.73598,0.89654,0.92731,0.99276,0.737,0.99155,0.8673,0.92467,1.07885,0.9709,0.98245,0.99416,0.87371,0.98967,0.88795,0.77026,0.57113,0.56529,0.97455,0.9781,0.95597,0.41336,0.93243,0.85116,0.86947,0.97475,0.99733,0.98064,0.8938,0.92306,0.96561,0.87657,0.99275,0.86468,0.92536,0.88697,0.99882,0.998,0.84253,0.96459,0.70605,0.73679
10.74,0.7231,0.99886,0.98099,0.80302,0.98441,0.97475,0.59085,0.85934,0.57137,0.48887,0.98875,0.99752,0.9661,0.97267,0.63562,0.88183,0.85339,0.98993,0.99792,0.9707,0.8904,0.9991,0.96148,0.78213,0.99949,0.70984,0.73572,0.89586,0.93091,0.99383,0.73547,0.99061,0.86786,0.92422,1.07961,0.97166,0.98436,0.99425,0.87533,0.98967,0.88775,0.7716,0.55491,0.56529,0.97451,0.978,0.95272,0.40657,0.93089,0.85253,0.87135,0.97478,0.99753,0.98083,0.89534,0.92448,0.96864,0.87517,0.98896,0.86486,0.92558,0.88793,0.99841,0.99851,0.84142,0.96231,0.70518,0.73733
10.76,0.7212,0.99872,0.97964,0.80346,0.98488,0.97475,0.59055,0.85861,0.55951,0.48887,0.98876,0.99749,0.96343,0.97175,0.63798,0.88331,0.85506,0.98986,0.99777,0.97094,0.8893,0.99893,0.96383,0.78186,0.99865,0.70979,0.73538,0.89526,0.93379,0.99418,0.73377,0.98966,0.86833,0.92384,1.08019,0.97248,0.98569,0.99435,0.87684,0.98967,0.88753,0.77289,0.54045,0.56529,0.97449,0.97791,0.94954,0.40067,0.92976,0.8539,0.8728,0.97487,0.99769,0.98102,0.89678,0.92621,0.97094,0.87497,0.98509,0.86489,0.92587,0.88876,0.99802,0.99866,0.84018,0.96007,0.70444,0.73777
10.78,0.71933,0.9986,0.97844,0.80391,0.98521,0.97475,0.59032,0.85785,0.54591,0.48887,0.98878,0.99746,0.96063,0.97049,0.64121,0.88407,0.85694,0.98983,0.99758,0.97111,0.88765,0.99876,0.96636,0.78304,0.99723,0.70966,0.73504,0.89473,0.93724,0.99444,0.73195,0.98871,0.86882,0.92345,1.08076,0.97311,0.9868,0.99445,0.87796,0.98967,0.88737,0.77421,0.52383,0.56529,0.97445,0.97782,0.94621,0.39278,0.92821,0.85462,0.87443,0.97491,0.99789,0.98117,0.89891,0.92789,0.9734,0.87582,0.98006,0.86497,0.92616,0.8895,0.99749,0.99878,0.83884,0.95784,0.70367,0.73823
10.8,0.71705,0.9984,0.9765,0.8043,0.98582,0.97475,0.58994,0.85711,0.53603,0.48887,0.9888,0.99743,0.95775,0.96983,0.64301,0.88632,0.85857,0.98974,0.99744,0.97143,0.88716,0.99858,0.96861,0.78013,0.99564,0.70958,0.73473,0.894,0.93955,0.99519,0.73043,0.98761,0.86932,0.92306,1.08145,0.97408,0.98843,0.99454,0.87996,0.98967,0.8871,0.77552,0.51173,0.56529,0.97443,0.97774,0.94282,0.3887,0.92734,0.85673,0.87585,0.97505,0.99801,0.98142,0.89954,0.92945,0.97557,0.87373,0.97527,0.86502,0.92642,0.8905,0.99709,0.99909,0.83773,0.95532,0.7029,0.73869
10.82,0.71401,0.99797,0.97264,0.80454,0.98709,0.97475,0.58917,0.85662,0.52504,0.48887,0.98877,0.99743,0.95474,0.97095,0.64048,0.89277,0.85937,0.9894,0.99751,0.97216,0.88995,0.99842,0.9696,0.76642,0.99496,0.70973,0.73447,0.89282,0.9388,0.9968,0.72964,0.98617,0.86981,0.92271,1.08235,0.97593,0.99121,0.99459,0.8843,0.98967,0.88654,0.77637,0.49824,0.56529,0.97447,0.97771,0.93928,0.39563,0.92856,0.86281,0.87655,0.97551,0.99795,0.982,0.89593,0.93081,0.97652,0.86389,0.97339,0.86492,0.92663,0.89211,0.99723,0.99967,0.83715,0.95209,0.70211,0.7391
10.84,0.71059,0.9974,0.96771,0.80472,0.98854,0.97475,0.58825,0.85612,0.52015,0.48887,0.98874,0.99743,0.95173,0.97264,0.63645,0.90038,0.8599,0.98898,0.99764,0.97301,0.89381,0.99826,0.9704,0.7481,0.99464,0.70994,0.73424,0.89144,0.93689,0.99836,0.72913,0.98455,0.87031,0.92237,1.08335,0.97803,0.994,0.99463,0.8894,0.98967,0.88587,0.77725,0.49224,0.56528,0.97452,0.97771,0.93575,0.40636,0.93049,0.87005,0.877,0.97607,0.99782,0.98268,0.89076,0.93209,0.97728,0.85063,0.9725,0.86479,0.92682,0.89396,0.99755,1.00002,0.83678,0.94853,0.70133,0.7395
10.86,0.70729,0.99681,0.9628,0.80494,0.98981,0.97475,0.58737,0.8555,0.5213,0.48887,0.98872,0.99742,0.94875,0.97401,0.63308,0.90694,0.86051,0.98859,0.99774,0.97378,0.89703,0.99808,0.97155,0.73128,0.99408,0.71012,0.734,0.89011,0.93541,0.99933,0.7285,0.9829,0.87079,0.92204,1.08431,0.9799,0.9961,0.99468,0.89401,0.98967,0.88524,0.77835,0.49366,0.56528,0.97455,0.97771,0.93227,0.4152,0.9321,0.87635,0.87754,0.97658,0.99772,0.98328,0.88628,0.93341,0.97837,0.83835,0.971,0.86467,0.92703,0.89572,0.99778,0.99997,0.83632,0.94498,0.70057,0.73988
10.88,0.70402,0.99617,0.95726,0.80509,0.99101,0.97475,0.58656,0.8554,0.48564,0.48887,0.98867,0.99742,0.94492,0.97538,0.62993,0.91402,0.86129,0.98819,0.99783,0.97459,0.90056,0.99791,0.97162,0.71281,0.99363,0.71031,0.73377,0.88887,0.93431,0.99992,0.72789,0.98109,0.87133,0.92164,1.08524,0.98167,0.99784,0.99472,0.89856,0.98967,0.88465,0.77851,0.4497,0.56528,0.97465,0.97769,0.92783,0.42426,0.93359,0.88321,0.87822,0.97708,0.99762,0.98392,0.88118,0.93458,0.97844,0.82478,0.96983,0.86455,0.92722,0.89734,0.99795,0.99953,0.83587,0.94112,0.69971,0.74034
10.9,0.70058,0.99542,0.95177,0.80537,0.99216,0.97475,0.58558,0.85422,0.52639,0.48886,0.98869,0.99742,0.94259,0.97676,0.62605,0.91961,0.86166,0.98776,0.99795,0.97531,0.90354,0.99769,0.97372,0.69513,0.99299,0.71049,0.73352,0.88738,0.93204,1.00006,0.72726,0.97937,0.87174,0.92138,1.08621,0.98346,0.999,0.99478,0.90311,0.98967,0.88394,0.78058,0.49991,0.56528,0.97461,0.9777,0.92512,0.43349,0.93541,0.8887,0.87854,0.9776,0.99749,0.98449,0.87672,0.93602,0.98043,0.8117,0.96818,0.86443,0.92744,0.89925,0.99826,0.99879,0.83541,0.93754,0.69906,0.74065
10.92,0.69671,0.99447,0.94753,0.80609,0.99327,0.97475,0.58412,0.84976,0.75045,0.48886,0.98894,0.99745,0.94474,0.97815,0.62011,0.92166,0.86094,0.98728,0.99816,0.9758,0.90485,0.99734,0.98137,0.68154,0.99158,0.71067,0.73314,0.88517,0.92674,0.99993,0.72682,0.97793,0.87174,0.92151,1.08728,0.98543,0.99958,0.99494,0.90771,0.98967,0.88287,0.78835,0.76789,0.56528,0.97418,0.97779,0.92761,0.44305,0.93817,0.89072,0.87791,0.97817,0.99725,0.98487,0.87469,0.93817,0.98746,0.8016,0.96466,0.86431,0.92775,0.90204,0.99888,0.99808,0.83508,0.93456,0.69907,0.74049
10.94,0.6927,0.99339,0.94363,0.80693,0.99431,0.97475,0.58249,0.84415,0.9333,0.48887,0.98927,0.99749,0.94837,0.9795,0.61361,0.92243,0.85982,0.98678,0.99837,0.97622,0.90564,0.99691,0.98898,0.66943,0.98983,0.71085,0.73275,0.88271,0.92,0.99966,0.7263,0.97669,0.87159,0.92177,1.08838,0.98734,0.9999,0.99512,0.91225,0.98967,0.88168,0.79807,0.96256,0.56528,0.9736,0.9779,0.93184,0.45252,0.94116,0.89148,0.87694,0.97875,0.99696,0.98519,0.87347,0.94054,0.99397,0.79255,0.96047,0.8642,0.92808,0.90507,0.99945,0.99733,0.83471,0.93202,0.69929,0.74019
10.96,0.68877,0.99225,0.93934,0.80767,0.99524,0.97475,0.58095,0.83909,0.99778,0.48887,0.98955,0.99752,0.95115,0.98075,0.60772,0.92365,0.85888,0.98628,0.99855,0.97666,0.90666,0.99647,0.99398,0.65664,0.98811,0.71101,0.73239,0.88038,0.91351,0.99919,0.72562,0.97547,0.87153,0.92194,1.08944,0.98906,1.00005,0.99528,0.91659,0.98967,0.88056,0.80674,0.99681,0.56528,0.97311,0.97799,0.93507,0.46151,0.94383,0.89269,0.87612,0.9793,0.9967,0.98554,0.87187,0.9428,0.99773,0.78297,0.95647,0.8641,0.92838,0.90786,0.9998,0.99637,0.8342,0.92953,0.69939,0.73999
10.98,0.68459,0.9909,0.93487,0.8086,0.99615,0.97475,0.5793,0.83327,0.9632,0.48887,0.98987,0.99756,0.95413,0.9822,0.60076,0.92533,0.85786,0.98572,0.99877,0.97709,0.90769,0.99602,0.99806,0.64181,0.98587,0.71124,0.73193,0.87778,0.90686,0.99862,0.72575,0.9735,0.87141,0.92223,1.09054,0.99081,0.99999,0.99547,0.92111,0.98967,0.87934,0.81667,0.88121,0.56528,0.97252,0.97812,0.93856,0.47224,0.94694,0.89436,0.87523,0.97991,0.99633,0.98588,0.87023,0.9449,0.99992,0.77182,0.95143,0.86394,0.92876,0.91089,0.99998,0.99536,0.8343,0.92558,0.69959,0.73965
11,0.68083,0.98972,0.93045,0.80915,0.99686,0.97475,0.57786,0.82854,0.85448,0.48887,0.99011,0.99758,0.95678,0.98311,0.5961,0.92577,0.85698,0.98527,0.99888,0.97752,0.90856,0.9955,0.99955,0.63102,0.98424,0.71133,0.73167,0.87562,0.89949,0.99778,0.72422,0.97302,0.87138,0.92231,1.09152,0.99212,0.99974,0.99559,0.92489,0.98967,0.87828,0.82468,0.67382,0.56528,0.97207,0.97818,0.94167,0.47906,0.949,0.8948,0.87447,0.98037,0.99614,0.98621,0.86883,0.94717,0.99992,0.76368,0.94785,0.86389,0.92898,0.91335,0.99999,0.99406,0.83317,0.92462,0.69964,0.73956
11.02,0.67824,0.98929,0.9262,0.80868,0.99723,0.97475,0.57701,0.82735,0.82808,0.48887,0.99013,0.99752,0.95842,0.98265,0.59749,0.92277,0.85597,0.98518,0.99867,0.97801,0.90908,0.99463,0.99892,0.63148,0.98478,0.71092,0.73206,0.87481,0.89053,0.99625,0.71747,0.97687,0.87167,0.92172,1.09219,0.99256,0.99934,0.99549,0.92702,0.98967,0.87765,0.82669,0.627,0.56528,0.97202,0.97799,0.9436,0.47558,0.94839,0.89181,0.87359,0.98047,0.9965,0.98658,0.86799,0.95055,1.00007,0.76403,0.94903,0.86415,0.92865,0.91426,0.99976,0.99191,0.82821,0.93238,0.69918,0.74024
11.04,0.6761,0.98915,0.92205,0.80783,0.99747,0.97475,0.57638,0.82741,0.84412,0.48887,0.99009,0.99743,0.95974,0.98166,0.60119,0.91852,0.85524,0.98521,0.99834,0.97849,0.90947,0.99367,0.99692,0.63627,0.98608,0.71038,0.73266,0.87447,0.8808,0.99415,0.70901,0.98167,0.87205,0.92092,1.09273,0.99269,0.99881,0.99531,0.92846,0.98967,0.87719,0.82659,0.65536,0.56529,0.97211,0.97773,0.94517,0.46817,0.94675,0.88763,0.87296,0.98043,0.99701,0.98695,0.86736,0.9539,0.99947,0.76764,0.9519,0.8645,0.92815,0.91463,0.99925,0.9892,0.82197,0.94235,0.69856,0.74118
11.06,0.67379,0.98891,0.91777,0.80712,0.99774,0.97475,0.57566,0.82689,0.83947,0.48887,0.99007,0.99736,0.96115,0.98087,0.60401,0.91495,0.8548,0.9852,0.99803,0.97893,0.90994,0.99277,0.99487,0.63922,0.98701,0.70997,0.73311,0.87391,0.87105,0.99175,0.70158,0.98528,0.87238,0.92024,1.09332,0.99293,0.99813,0.99516,0.93008,0.98967,0.87666,0.82746,0.64712,0.56529,0.97213,0.97752,0.94684,0.46235,0.9455,0.88412,0.87258,0.98045,0.99739,0.98729,0.86658,0.9567,0.99831,0.76987,0.95398,0.86477,0.92778,0.91526,0.99849,0.98629,0.81648,0.95013,0.69804,0.74196
11.08,0.67127,0.98854,0.91302,0.80652,0.99805,0.97475,0.57488,0.82634,0.83861,0.48887,0.99005,0.99727,0.96265,0.98015,0.60622,0.91025,0.85256,0.98516,0.99765,0.97949,0.91026,0.99121,0.9914,0.64168,0.98783,0.70927,0.73378,0.87336,0.85987,0.98865,0.6924,0.98902,0.87277,0.91943,1.09395,0.99327,0.99723,0.99503,0.93211,0.98967,0.87608,0.82838,0.64559,0.56529,0.97218,0.97724,0.94861,0.45714,0.94451,0.87955,0.87063,0.98048,0.99782,0.98773,0.86605,0.961,0.99587,0.77172,0.95584,0.86522,0.92722,0.91586,0.99735,0.98271,0.80967,0.95856,0.69742,0.74289
11.1,0.66927,0.98848,0.90896,0.80561,0.99819,0.97475,0.57429,0.82619,0.84049,0.48887,0.99004,0.99721,0.96382,0.97909,0.61029,0.90738,0.85414,0.98519,0.99733,0.97979,0.91088,0.99083,0.98869,0.64604,0.98893,0.70913,0.73405,0.87291,0.85048,0.98569,0.68609,0.99147,0.87305,0.91883,1.09444,0.99332,0.99635,0.99483,0.93309,0.98967,0.87564,0.82863,0.64892,0.56529,0.9722,0.97707,0.95001,0.44964,0.94267,0.87678,0.872,0.98045,0.99812,0.98795,0.86503,0.96197,0.99374,0.77501,0.95836,0.86531,0.92699,0.91635,0.9962,0.97941,0.80498,0.96438,0.69697,0.74359
11.12,0.66856,0.98925,0.90683,0.80387,0.99794,0.97475,0.57415,0.82675,0.8393,0.48887,0.99003,0.99726,0.9642,0.97722,0.61906,0.9101,0.86587,0.98534,0.99731,0.97935,0.91235,0.99384,0.99107,0.65522,0.99077,0.71075,0.7331,0.87247,0.84677,0.98406,0.68915,0.99147,0.87299,0.91889,1.09462,0.99259,0.99585,0.99444,0.9314,0.98967,0.87554,0.82769,0.64682,0.56529,0.97223,0.97723,0.95045,0.43663,0.93866,0.8794,0.88219,0.9803,0.99813,0.98762,0.86258,0.95334,0.99562,0.78191,0.96269,0.86426,0.92779,0.91683,0.9957,0.97762,0.80726,0.96438,0.69707,0.74352
11.14,0.66836,0.99027,0.90554,0.80183,0.9975,0.97475,0.57421,0.82769,0.83968,0.48887,0.99004,0.99735,0.96429,0.97494,0.62979,0.91473,0.88059,0.98555,0.9974,0.97864,0.9141,0.99702,0.99436,0.66589,0.99264,0.7129,0.73176,0.87214,0.84544,0.98309,0.6951,0.99065,0.87282,0.91917,1.09467,0.99153,0.99553,0.99396,0.92865,0.98967,0.87558,0.82611,0.64749,0.56529,0.97221,0.97749,0.95056,0.42131,0.93365,0.88391,0.89499,0.98008,0.99805,0.98707,0.8596,0.93996,0.99798,0.78991,0.9673,0.86286,0.9289,0.91719,0.99552,0.97658,0.81168,0.96239,0.69734,0.7432
11.16,0.66796,0.9911,0.90396,0.79995,0.99711,0.97475,0.57421,0.82852,0.83973,0.48887,0.99007,0.99742,0.96453,0.97272,0.63981,0.91842,0.893,0.98574,0.99744,0.97804,0.9157,0.99883,0.99632,0.67526,0.99414,0.71468,0.73068,0.87186,0.84332,0.98194,0.69924,0.99017,0.87272,0.91933,1.09477,0.99057,0.99513,0.99351,0.92633,0.98967,0.87558,0.82471,0.64758,0.56529,0.97214,0.97769,0.95085,0.4069,0.92888,0.88753,0.90579,0.97988,0.99802,0.98661,0.8568,0.92726,0.99917,0.79691,0.97117,0.86169,0.9298,0.9175,0.99522,0.97534,0.81475,0.96125,0.6975,0.74302
11.18,0.66747,0.99199,0.9019,0.79791,0.99668,0.97475,0.5741,0.82912,0.8396,0.48887,0.98996,0.9975,0.96467,0.97031,0.65035,0.9218,0.90465,0.98587,0.99748,0.97741,0.91727,0.99987,0.99838,0.68636,0.99578,0.71696,0.72928,0.87118,0.8398,0.9799,0.70519,0.98978,0.87254,0.91955,1.09489,0.98942,0.99459,0.993,0.92394,0.98967,0.8755,0.82369,0.64735,0.56529,0.97235,0.97793,0.95102,0.39165,0.92377,0.89086,0.91594,0.97974,0.99798,0.98612,0.85402,0.91163,1,0.80518,0.97569,0.86018,0.93095,0.91823,0.9947,0.97315,0.81915,0.96033,0.69779,0.74276
11.2,0.66726,0.99268,0.901,0.79612,0.9962,0.97475,0.57425,0.83026,0.83969,0.48887,0.99016,0.99756,0.96495,0.96795,0.66069,0.92601,0.91643,0.98615,0.99754,0.97676,0.91893,0.99996,0.99911,0.69377,0.99663,0.71833,0.72845,0.87134,0.83974,0.97979,0.70797,0.98893,0.87249,0.91969,1.09494,0.98844,0.99435,0.99254,0.92134,0.98967,0.87561,0.82176,0.6475,0.56529,0.97198,0.97811,0.95135,0.37714,0.91867,0.89504,0.9262,0.97945,0.99792,0.98562,0.85102,0.89711,1.00006,0.81069,0.97819,0.85927,0.93164,0.91806,0.99469,0.97305,0.82121,0.95836,0.69787,0.74259
11.22,0.66784,0.99282,0.90324,0.79508,0.99562,0.97475,0.57516,0.83286,0.83962,0.48887,0.99122,0.99755,0.96569,0.96599,0.66982,0.93226,0.92918,0.98683,0.99763,0.97613,0.92087,0.99976,0.99744,0.69107,0.99583,0.71699,0.72926,0.87387,0.84859,0.98482,0.70142,0.98693,0.87283,0.91955,1.09479,0.98823,0.99494,0.99226,0.91843,0.98967,0.87628,0.81736,0.64738,0.56528,0.96986,0.9781,0.95223,0.3654,0.9141,0.90131,0.93731,0.97869,0.99784,0.98512,0.84743,0.89045,0.9997,0.80869,0.97583,0.86016,0.93097,0.91531,0.99595,0.97845,0.81636,0.9538,0.69733,0.74276
11.24,0.66867,0.99279,0.90654,0.7943,0.99498,0.97475,0.57631,0.83595,0.83957,0.48886,0.99248,0.99753,0.96656,0.96416,0.67856,0.93897,0.9414,0.98763,0.99773,0.97548,0.92287,0.99958,0.99342,0.68474,0.99425,0.71471,0.73064,0.87717,0.86037,0.99053,0.69149,0.98427,0.8733,0.91931,1.09459,0.98828,0.99578,0.99205,0.91535,0.98967,0.87714,0.81211,0.64729,0.56528,0.96705,0.97802,0.95327,0.35463,0.90965,0.90814,0.94799,0.97776,0.99773,0.98462,0.84364,0.88652,0.99735,0.80398,0.97144,0.86166,0.92983,0.91159,0.99741,0.98486,0.809,0.94792,0.69657,0.74304
11.26,0.66928,0.99284,0.90921,0.79341,0.99432,0.97475,0.57731,0.83873,0.83953,0.48886,0.99351,0.99751,0.96734,0.96222,0.68753,0.94492,0.95205,0.98832,0.99783,0.97483,0.92476,0.99927,0.98883,0.67998,0.99278,0.71289,0.73174,0.88002,0.87029,0.99439,0.68289,0.98162,0.8737,0.91911,1.09444,0.9882,0.9964,0.99181,0.91231,0.98967,0.87787,0.80736,0.64723,0.56528,0.96449,0.97796,0.95421,0.3434,0.90504,0.9143,0.95731,0.97692,0.99763,0.98411,0.83997,0.88109,0.99386,0.80043,0.96764,0.86286,0.92892,0.90829,0.99842,0.9895,0.8026,0.94225,0.69592,0.74327
11.28,0.67031,0.99288,0.91226,0.79248,0.99357,0.97475,0.57848,0.84169,0.83947,0.48886,0.99458,0.99749,0.96817,0.96011,0.69721,0.95101,0.96242,0.98908,0.99792,0.97416,0.92683,0.99887,0.98156,0.67531,0.99113,0.71094,0.73293,0.88306,0.87999,0.99741,0.67436,0.97863,0.87412,0.91892,1.09419,0.98814,0.99707,0.99155,0.90899,0.98967,0.87874,0.80229,0.64712,0.56528,0.96145,0.97792,0.95521,0.33143,0.9,0.92072,0.9664,0.97593,0.99753,0.98358,0.83584,0.87565,0.98762,0.79695,0.96357,0.86414,0.92792,0.90464,0.99919,0.99352,0.79624,0.93599,0.69526,0.74348
11.3,0.67056,0.99289,0.91464,0.79168,0.99288,0.97475,0.57934,0.84432,0.83944,0.48886,0.99536,0.99747,0.9689,0.95824,0.70558,0.956,0.97017,0.98967,0.99801,0.97351,0.92847,0.99845,0.9754,0.66953,0.98913,0.70904,0.73407,0.88577,0.88958,0.99922,0.66457,0.97561,0.87454,0.91869,1.09412,0.98812,0.99755,0.99133,0.90608,0.98967,0.87937,0.79776,0.64706,0.56528,0.95897,0.97784,0.95609,0.32102,0.89559,0.92607,0.9732,0.97515,0.99742,0.98307,0.83249,0.87069,0.982,0.79263,0.95883,0.86537,0.92697,0.90129,0.99972,0.99641,0.78892,0.92983,0.69457,0.74375
11.32,0.66836,0.99286,0.91493,0.79118,0.99251,0.97475,0.57924,0.84606,0.83947,0.48886,0.9955,0.99742,0.9694,0.95712,0.71027,0.95863,0.97353,0.98972,0.99813,0.97296,0.92897,0.99804,0.97784,0.66068,0.98645,0.70749,0.73492,0.88746,0.89947,0.99989,0.65115,0.97301,0.87504,0.91831,1.09467,0.98818,0.99761,0.99119,0.90451,0.98967,0.8793,0.79476,0.64711,0.56528,0.95849,0.9777,0.95668,0.31484,0.8931,0.92895,0.97616,0.97507,0.99728,0.98264,0.83146,0.86633,0.98426,0.78601,0.95273,0.86638,0.92626,0.89916,0.99999,0.99796,0.77885,0.9246,0.69377,0.74418
11.34,0.66541,0.99279,0.91458,0.7908,0.99224,0.97475,0.57882,0.84746,0.83952,0.48886,0.99544,0.99737,0.96979,0.95629,0.71351,0.96044,0.97542,0.98962,0.99824,0.97245,0.92905,0.99764,0.98265,0.65092,0.98333,0.70603,0.73569,0.88881,0.90894,1.00007,0.63657,0.97057,0.87553,0.9179,1.09539,0.98827,0.99754,0.99108,0.90342,0.98967,0.87899,0.79235,0.6472,0.56528,0.95871,0.97754,0.95716,0.3103,0.89137,0.93094,0.97782,0.97521,0.99714,0.98223,0.83128,0.86248,0.9886,0.77868,0.9459,0.86732,0.92561,0.89742,0.99995,0.99898,0.76787,0.91976,0.69296,0.74466
11.36,0.66293,0.99275,0.91458,0.79036,0.9919,0.97475,0.57855,0.84894,0.83956,0.48886,0.99547,0.99732,0.9702,0.95532,0.71737,0.96249,0.97775,0.98962,0.99833,0.97192,0.92933,0.99719,0.98566,0.642,0.98011,0.70455,0.7365,0.89028,0.91754,0.9998,0.62286,0.96801,0.87599,0.91754,1.09599,0.98834,0.99754,0.99095,0.90208,0.98967,0.87879,0.78978,0.64727,0.56528,0.9586,0.97739,0.95765,0.30502,0.88931,0.93322,0.97988,0.9752,0.99701,0.98181,0.83071,0.85844,0.99121,0.77196,0.93907,0.86826,0.92492,0.8955,0.99961,0.9997,0.7575,0.91475,0.69223,0.74507
11.38,0.65983,0.99267,0.91435,0.78996,0.99158,0.97475,0.57829,0.85066,0.8396,0.48887,0.99549,0.99726,0.97071,0.95432,0.72152,0.96469,0.98014,0.98949,0.99848,0.97138,0.9296,0.99663,0.98923,0.63017,0.97585,0.70294,0.73734,0.89184,0.92729,0.99915,0.60556,0.96474,0.87661,0.91702,1.09673,0.98845,0.9975,0.99084,0.9008,0.98967,0.8786,0.78678,0.64734,0.56529,0.95854,0.97721,0.95827,0.2996,0.88707,0.93569,0.98199,0.97539,0.99681,0.98138,0.83013,0.85381,0.99418,0.76304,0.93031,0.86929,0.92421,0.89343,0.99882,1.00001,0.74438,0.90843,0.69121,0.74566
11.4,0.65782,0.99265,0.91444,0.78951,0.99125,0.97475,0.57793,0.85178,0.83964,0.48887,0.99549,0.99722,0.97098,0.95343,0.72477,0.96625,0.98181,0.9896,0.99851,0.97085,0.92977,0.99619,0.9912,0.62397,0.97286,0.70163,0.73808,0.89311,0.93336,0.9979,0.59474,0.96271,0.87688,0.91682,1.09721,0.98848,0.99751,0.99071,0.89948,0.98967,0.87834,0.78483,0.64741,0.56529,0.95854,0.97709,0.95859,0.29483,0.88532,0.93746,0.98347,0.97523,0.99675,0.98096,0.82979,0.85041,0.99572,0.75834,0.92431,0.87012,0.92358,0.89172,0.99808,0.99995,0.73615,0.90454,0.69076,0.74589
11.42,0.65897,0.99282,0.91542,0.7889,0.99082,0.97475,0.5773,0.85131,0.83965,0.48887,0.9955,0.99723,0.97056,0.95277,0.72594,0.96636,0.98193,0.99047,0.99825,0.97033,0.92983,0.99613,0.98944,0.63323,0.97434,0.70117,0.73857,0.89367,0.93022,0.99503,0.60321,0.96436,0.87611,0.9176,1.09693,0.98823,0.9977,0.99053,0.89782,0.98967,0.87787,0.78565,0.64744,0.56529,0.95851,0.97715,0.95808,0.29129,0.88468,0.93758,0.98358,0.974,0.99713,0.98054,0.82966,0.84993,0.99434,0.76535,0.92726,0.87041,0.92316,0.89095,0.99849,0.99903,0.74259,0.90769,0.69203,0.745
11.44,0.66127,0.99304,0.91674,0.78824,0.99036,0.97475,0.57661,0.85025,0.83966,0.48887,0.9955,0.99727,0.96989,0.95222,0.72623,0.96592,0.98153,0.99152,0.99784,0.96982,0.92978,0.99625,0.98608,0.64816,0.97734,0.70103,0.73896,0.89396,0.92377,0.99055,0.61827,0.96727,0.87498,0.91869,1.09639,0.98789,0.99795,0.99033,0.8961,0.98967,0.87736,0.7875,0.64746,0.56529,0.9585,0.97726,0.95727,0.28841,0.88453,0.93708,0.98322,0.97238,0.99762,0.98013,0.82976,0.85082,0.99157,0.7766,0.93336,0.8705,0.92283,0.89055,0.99916,0.99688,0.75403,0.91331,0.69386,0.74376
11.46,0.66311,0.99322,0.91798,0.78759,0.98992,0.97475,0.57602,0.84947,0.83967,0.48887,0.9955,0.9973,0.96933,0.95165,0.72685,0.96575,0.98146,0.99238,0.99746,0.96932,0.92972,0.99633,0.98304,0.66066,0.97955,0.70073,0.73941,0.89438,0.91893,0.98512,0.6299,0.96949,0.87405,0.91958,1.09595,0.98761,0.99816,0.99014,0.89444,0.98967,0.87692,0.78885,0.64748,0.56529,0.9585,0.97733,0.9566,0.28535,0.88419,0.93689,0.98316,0.97093,0.998,0.97973,0.82989,0.85142,0.98894,0.78599,0.9379,0.87069,0.92244,0.88998,0.99952,0.99381,0.76283,0.91765,0.69536,0.74273
11.48,0.66466,0.99345,0.91886,0.78696,0.98941,0.97475,0.5751,0.84862,0.83969,0.48887,0.99551,0.99733,0.96873,0.95097,0.72767,0.96544,0.98093,0.99331,0.99699,0.96873,0.9299,0.99622,0.97964,0.6712,0.98146,0.70048,0.73981,0.89478,0.91245,0.97732,0.6421,0.97166,0.87293,0.92067,1.09557,0.98725,0.99831,0.98995,0.89253,0.98967,0.87624,0.79034,0.6475,0.56529,0.95847,0.97744,0.95588,0.28179,0.88375,0.93654,0.98268,0.96924,0.99839,0.97925,0.8295,0.85065,0.9859,0.79388,0.9419,0.87085,0.9221,0.88943,0.99985,0.98897,0.77204,0.92192,0.69716,0.74147
11.5,0.66704,0.99359,0.92051,0.7863,0.98902,0.97475,0.57485,0.84778,0.8397,0.48887,0.9955,0.99735,0.96815,0.95052,0.72792,0.96532,0.98127,0.99401,0.99657,0.96831,0.92956,0.99653,0.97559,0.68625,0.98393,0.70023,0.74027,0.89515,0.90804,0.97054,0.654,0.97395,0.87212,0.9214,1.09499,0.98701,0.99858,0.98975,0.89111,0.98967,0.87606,0.79179,0.64752,0.56529,0.95849,0.9775,0.95518,0.27941,0.88361,0.9364,0.98299,0.96785,0.99869,0.97892,0.83022,0.85301,0.98218,0.80511,0.94718,0.871,0.92171,0.88892,0.99996,0.98454,0.78099,0.92649,0.69846,0.74062
11.52,0.67154,0.99349,0.92441,0.7855,0.989,0.97475,0.57649,0.84715,0.83969,0.48887,0.99543,0.99733,0.96765,0.95063,0.72668,0.96578,0.98386,0.99417,0.99636,0.96841,0.92773,0.99778,0.97042,0.71367,0.98769,0.69974,0.74109,0.89552,0.911,0.9707,0.66445,0.97657,0.87225,0.92107,1.09388,0.98718,0.99913,0.9895,0.89106,0.98967,0.87727,0.79288,0.6475,0.56529,0.95875,0.97741,0.95458,0.28,0.88428,0.93692,0.98528,0.96751,0.99882,0.979,0.834,0.86376,0.9773,0.82541,0.95551,0.87131,0.921,0.8884,0.99989,0.98465,0.78883,0.93178,0.69826,0.74101
11.54,0.67676,0.99331,0.9289,0.78468,0.98914,0.97475,0.57879,0.84656,0.83967,0.48887,0.99534,0.99728,0.9672,0.95097,0.72494,0.96646,0.98705,0.99415,0.99623,0.96867,0.92535,0.99897,0.96447,0.74366,0.99137,0.6993,0.74194,0.89587,0.91623,0.97342,0.67435,0.97917,0.8727,0.92037,1.09257,0.98747,0.99961,0.98925,0.89155,0.98967,0.87897,0.7939,0.64746,0.56529,0.95906,0.97728,0.95404,0.28179,0.88523,0.93769,0.98811,0.96755,0.9989,0.97921,0.83879,0.8769,0.97156,0.8474,0.96415,0.87159,0.92026,0.88791,0.99968,0.98644,0.79623,0.93712,0.69753,0.74181
11.56,0.68148,0.99317,0.93281,0.78391,0.98921,0.97475,0.58077,0.84594,0.83965,0.48887,0.99527,0.99724,0.96675,0.95123,0.72353,0.96708,0.98967,0.99422,0.99608,0.96883,0.92321,0.99965,0.95828,0.76946,0.99419,0.69898,0.74265,0.89623,0.92016,0.97488,0.68393,0.98147,0.873,0.91985,1.09135,0.98769,0.99989,0.98901,0.89182,0.98967,0.88042,0.79497,0.64744,0.56529,0.95928,0.97717,0.95351,0.28315,0.88599,0.9384,0.99045,0.96742,0.99898,0.97934,0.84298,0.88797,0.96548,0.86608,0.97128,0.87179,0.91964,0.88741,0.99944,0.9874,0.80338,0.94194,0.69705,0.74242
11.58,0.6867,0.993,0.9372,0.78296,0.98926,0.97475,0.58283,0.84534,0.83963,0.48887,0.99513,0.9972,0.96614,0.9514,0.72166,0.96746,0.99163,0.99429,0.99583,0.96911,0.9209,0.99999,0.95071,0.79762,0.99668,0.69807,0.74388,0.89659,0.92438,0.97641,0.69497,0.98405,0.8733,0.91929,1.08999,0.98796,1.00004,0.98871,0.89198,0.98967,0.88193,0.79601,0.64741,0.56528,0.95973,0.97706,0.95278,0.28406,0.887,0.93884,0.9922,0.96726,0.99911,0.97957,0.84737,0.89937,0.95793,0.88618,0.97833,0.87236,0.91858,0.8869,0.99911,0.98839,0.81158,0.94744,0.69657,0.74307
11.6,0.69093,0.99288,0.94039,0.78237,0.9894,0.97475,0.58484,0.84471,0.83962,0.48887,0.99513,0.99717,0.96588,0.9518,0.72067,0.96839,0.99417,0.99429,0.99579,0.96918,0.91872,0.99994,0.94448,0.81737,0.99817,0.69836,0.74407,0.89694,0.92825,0.97823,0.70241,0.98566,0.87368,0.91871,1.08886,0.98814,1.00003,0.98852,0.89249,0.98967,0.8834,0.79709,0.64738,0.56528,0.95973,0.97695,0.95246,0.28616,0.88753,0.93991,0.99449,0.96726,0.99913,0.97962,0.8514,0.90903,0.95163,0.90007,0.98326,0.87218,0.91841,0.88641,0.99872,0.98956,0.8171,0.95096,0.69596,0.74372
11.62,0.69241,0.99298,0.94057,0.78284,0.98976,0.97475,0.58664,0.84402,0.83961,0.48887,0.99553,0.99713,0.96659,0.95279,0.72204,0.97061,0.99767,0.99415,0.99629,0.96859,0.91711,0.99976,0.94329,0.81741,0.99853,0.70217,0.74128,0.89735,0.93099,0.98014,0.70009,0.98495,0.8742,0.9182,1.08846,0.98799,1.00003,0.98867,0.89383,0.98967,0.88471,0.79828,0.64736,0.56528,0.9584,0.97685,0.95331,0.29142,0.88679,0.94248,0.99769,0.96757,0.99887,0.97914,0.85431,0.91464,0.95042,0.9001,0.9846,0.86978,0.92083,0.88583,0.9984,0.99076,0.81538,0.94941,0.69511,0.74431
11.64,0.6929,0.99314,0.93965,0.78368,0.9902,0.97475,0.58835,0.84331,0.8396,0.48887,0.99603,0.99711,0.96763,0.95398,0.72436,0.97327,0.99977,0.99392,0.99693,0.96778,0.91568,0.99952,0.94415,0.81059,0.99856,0.70711,0.73751,0.89773,0.93336,0.98222,0.69434,0.9834,0.87479,0.9177,1.08832,0.98774,1.00004,0.98893,0.89549,0.98967,0.88594,0.79951,0.64735,0.56528,0.95659,0.97678,0.95456,0.29777,0.88554,0.94563,0.99972,0.96803,0.99844,0.97849,0.85685,0.91893,0.95129,0.89532,0.98474,0.86662,0.92406,0.88528,0.99808,0.99205,0.81112,0.94604,0.69416,0.74489
11.66,0.6938,0.99326,0.93917,0.78431,0.9906,0.97475,0.59004,0.84259,0.8396,0.48887,0.99644,0.99708,0.96849,0.95503,0.72637,0.97565,0.99978,0.99371,0.99745,0.96708,0.91416,0.99917,0.94426,0.80691,0.99871,0.71136,0.73432,0.89808,0.93578,0.98419,0.69036,0.98222,0.87534,0.91719,1.08808,0.98755,1.00005,0.98914,0.897,0.98967,0.88716,0.80075,0.64734,0.56528,0.95501,0.9767,0.95559,0.30346,0.88445,0.9485,0.99994,0.96847,0.99801,0.97792,0.85949,0.92361,0.95141,0.89274,0.98532,0.86386,0.92676,0.88478,0.99773,0.99325,0.80816,0.94351,0.69327,0.74547
11.68,0.69491,0.99342,0.93893,0.78508,0.99099,0.97475,0.59199,0.84192,0.83959,0.48887,0.99687,0.99704,0.96941,0.95618,0.72786,0.97764,0.99787,0.99358,0.99789,0.96626,0.91253,0.99872,0.94359,0.80301,0.99893,0.71625,0.73069,0.89863,0.93847,0.98567,0.68531,0.98078,0.87593,0.91665,1.08778,0.98729,1.00005,0.98937,0.89849,0.98967,0.88857,0.8019,0.64733,0.56528,0.95316,0.97659,0.9567,0.3097,0.88364,0.95094,0.9985,0.96872,0.99756,0.97726,0.86226,0.92824,0.95072,0.88999,0.98625,0.86065,0.92979,0.88399,0.99728,0.99413,0.80441,0.94047,0.69232,0.74608
11.7,0.69531,0.99351,0.93792,0.78567,0.99139,0.97475,0.59335,0.84113,0.83959,0.48887,0.9972,0.99703,0.97023,0.95715,0.73069,0.9802,0.99405,0.99324,0.99837,0.96561,0.91115,0.99823,0.94502,0.79769,0.99891,0.72004,0.7278,0.89876,0.94034,0.98781,0.68153,0.97953,0.87645,0.91618,1.08767,0.98714,1.00005,0.98956,0.90004,0.98967,0.88955,0.80325,0.64732,0.56528,0.95167,0.97656,0.95769,0.31498,0.8821,0.95416,0.99543,0.96937,0.99696,0.97673,0.86459,0.93228,0.95218,0.88623,0.98616,0.85812,0.93217,0.88381,0.99695,0.99537,0.80159,0.93786,0.69148,0.74662
11.72,0.69412,0.99343,0.93498,0.78568,0.99179,0.97475,0.59311,0.84003,0.83959,0.48887,0.99726,0.99711,0.97073,0.95759,0.73706,0.9842,0.98875,0.99233,0.99892,0.96551,0.9103,0.99783,0.95164,0.79057,0.99819,0.72049,0.72716,0.89773,0.94034,0.99161,0.68264,0.97918,0.87674,0.91587,1.08799,0.98727,0.99999,0.98956,0.90163,0.98967,0.88938,0.80514,0.64733,0.56528,0.95138,0.97677,0.95829,0.31743,0.87862,0.95937,0.99106,0.97103,0.99605,0.97665,0.86599,0.93511,0.95886,0.88118,0.98333,0.85782,0.93269,0.88528,0.99695,0.99743,0.80241,0.93714,0.691,0.74696
11.74,0.69223,0.99328,0.93119,0.78552,0.9922,0.97475,0.59229,0.8388,0.8396,0.48887,0.99724,0.99721,0.97112,0.95786,0.74481,0.98824,0.98189,0.99113,0.9994,0.96559,0.90972,0.99745,0.95956,0.78208,0.99692,0.71982,0.72728,0.89628,0.93955,0.99514,0.68511,0.97911,0.87695,0.91564,1.08851,0.98751,0.99979,0.98951,0.90327,0.98967,0.88878,0.80724,0.64734,0.56529,0.9515,0.97708,0.95876,0.3189,0.87435,0.96498,0.98536,0.97301,0.99491,0.97671,0.86695,0.93748,0.96675,0.87513,0.97908,0.85827,0.93259,0.88734,0.99709,0.99907,0.80425,0.93698,0.69065,0.74723
11.76,0.69057,0.99315,0.92766,0.78546,0.9926,0.97475,0.59173,0.83763,0.83961,0.48887,0.99725,0.9973,0.97155,0.9582,0.75198,0.99148,0.97333,0.98995,0.99973,0.96558,0.90908,0.997,0.966,0.77371,0.99556,0.7197,0.72704,0.89501,0.939,0.99754,0.68663,0.97888,0.87721,0.91536,1.08895,0.98772,0.99949,0.98949,0.90491,0.98967,0.88838,0.80925,0.64736,0.56529,0.95142,0.97733,0.95928,0.3208,0.87037,0.96985,0.97819,0.97475,0.99369,0.97671,0.86799,0.94005,0.97305,0.86913,0.97504,0.85835,0.93279,0.88911,0.99719,0.99988,0.80539,0.93652,0.69024,0.74754
11.78,0.6892,0.99306,0.92398,0.78534,0.99296,0.97475,0.59116,0.83644,0.83961,0.48887,0.99726,0.99739,0.97202,0.95856,0.75939,0.99429,0.96308,0.98868,0.99994,0.96561,0.90815,0.99657,0.97222,0.76608,0.99374,0.71945,0.72685,0.89371,0.93892,0.99927,0.68931,0.97872,0.87744,0.9151,1.08932,0.98786,0.99907,0.98945,0.90639,0.98967,0.88797,0.81128,0.64737,0.56529,0.95137,0.97761,0.95985,0.32279,0.86622,0.97449,0.96957,0.97646,0.99233,0.97673,0.86949,0.94228,0.97901,0.86364,0.9701,0.85851,0.93294,0.8909,0.9972,0.99998,0.80738,0.93618,0.68985,0.74784
11.8,0.68709,0.99287,0.92015,0.78529,0.99338,0.97475,0.59048,0.83524,0.83962,0.48887,0.99727,0.99747,0.97236,0.95884,0.76681,0.99648,0.9514,0.98731,1.00003,0.96558,0.90787,0.996,0.97744,0.75631,0.99197,0.71917,0.72675,0.89235,0.93769,0.99997,0.69003,0.97851,0.87769,0.91484,1.08988,0.98815,0.99852,0.98944,0.90815,0.98967,0.88748,0.81332,0.64738,0.56529,0.95136,0.97785,0.96026,0.32432,0.86205,0.97861,0.95971,0.97814,0.99084,0.97671,0.86994,0.94497,0.98389,0.85658,0.96563,0.8587,0.93303,0.89274,0.99742,0.99945,0.80791,0.93576,0.68945,0.74814
11.82,0.6829,0.99237,0.91642,0.78551,0.99398,0.97475,0.58955,0.83399,0.83962,0.48887,0.99728,0.99751,0.97239,0.95895,0.77363,0.99794,0.93838,0.98589,0.99999,0.96568,0.90943,0.99507,0.98106,0.7403,0.99126,0.71914,0.72665,0.89087,0.93315,1.00006,0.68444,0.97798,0.87799,0.91453,1.09098,0.9889,0.99789,0.98951,0.9108,0.98967,0.88682,0.81545,0.64738,0.56529,0.95131,0.97797,0.9603,0.32493,0.85818,0.98186,0.9487,0.97972,0.98925,0.97679,0.86743,0.94888,0.98718,0.84494,0.96387,0.85873,0.93311,0.89472,0.99811,0.99906,0.80375,0.93466,0.68895,0.74848
11.84,0.67801,0.99174,0.91256,0.7858,0.99462,0.97475,0.58855,0.83273,0.83962,0.48887,0.99728,0.99753,0.97229,0.95897,0.78041,0.99899,0.92421,0.98437,0.99983,0.96567,0.91158,0.9939,0.98398,0.72187,0.99094,0.71909,0.72663,0.88935,0.92726,1.00006,0.67692,0.97742,0.8783,0.91422,1.09225,0.98975,0.99713,0.9896,0.91367,0.98967,0.88609,0.81758,0.64738,0.56529,0.95129,0.97804,0.96018,0.32509,0.85432,0.98472,0.93671,0.98127,0.98756,0.97678,0.86388,0.95314,0.98977,0.83145,0.9631,0.85876,0.93312,0.89672,0.99883,0.99884,0.79815,0.93351,0.68844,0.74883
11.86,0.67353,0.99117,0.90855,0.78604,0.99518,0.97475,0.58762,0.83151,0.83962,0.48887,0.99729,0.99756,0.97225,0.95903,0.78738,0.99971,0.90874,0.98278,0.99956,0.9655,0.91336,0.99264,0.98673,0.70422,0.99041,0.71898,0.72662,0.88787,0.92185,1.00002,0.67056,0.97696,0.8786,0.91392,1.09338,0.99048,0.99625,0.98967,0.9163,0.98967,0.88542,0.81965,0.64738,0.56529,0.95126,0.97813,0.96013,0.32539,0.85032,0.98742,0.92358,0.98276,0.98575,0.97664,0.86086,0.9571,0.99212,0.81843,0.96184,0.85883,0.93313,0.89863,0.99932,0.99847,0.7934,0.93257,0.68795,0.74917
11.88,0.66838,0.99045,0.90476,0.78635,0.99578,0.97475,0.58647,0.83013,0.83962,0.48887,0.9973,0.9976,0.97222,0.95912,0.79404,1.00004,0.8902,0.98113,0.99914,0.9662,0.91544,0.99141,0.98958,0.68363,0.98985,0.71907,0.72645,0.8862,0.91552,0.9999,0.66242,0.97608,0.87894,0.9136,1.09466,0.99133,0.99533,0.98976,0.91922,0.98967,0.88458,0.82198,0.64738,0.56529,0.95122,0.97823,0.9601,0.32592,0.84648,0.98974,0.90784,0.98415,0.98372,0.97721,0.85727,0.9605,0.99446,0.80315,0.96051,0.85877,0.93327,0.90075,0.99972,0.99798,0.7873,0.93077,0.68739,0.74953
11.9,0.66439,0.98996,0.90028,0.78653,0.99622,0.97475,0.58578,0.82906,0.83962,0.48887,0.9973,0.99762,0.97213,0.95912,0.80145,1.00003,0.87376,0.97932,0.99866,0.96508,0.91696,0.98972,0.99136,0.66718,0.98946,0.71879,0.72661,0.88487,0.91018,0.9998,0.65749,0.97605,0.87919,0.91332,1.09564,0.99186,0.99415,0.98982,0.92145,0.98967,0.88408,0.8238,0.64738,0.56529,0.9512,0.97829,0.95999,0.32589,0.84218,0.99203,0.89386,0.98557,0.9818,0.9763,0.85457,0.9646,0.99584,0.79087,0.95959,0.85896,0.93314,0.90242,0.99992,0.99771,0.78361,0.93071,0.68698,0.74985
11.92,0.66364,0.99024,0.89363,0.78631,0.99631,0.97475,0.58645,0.82886,0.83961,0.48887,0.99729,0.99761,0.97189,0.95885,0.81116,0.9994,0.86676,0.9775,0.99831,0.95843,0.91705,0.98655,0.99102,0.6628,0.98928,0.71727,0.72775,0.88468,0.90856,0.99992,0.66057,0.97836,0.87924,0.91309,1.09582,0.99156,0.9922,0.98975,0.92192,0.98967,0.88457,0.82413,0.64737,0.56529,0.95124,0.97826,0.95969,0.32441,0.83651,0.99457,0.88791,0.98686,0.98055,0.97085,0.85441,0.97095,0.99559,0.78759,0.95916,0.85997,0.93221,0.90265,0.99995,0.99805,0.78592,0.93545,0.68689,0.7501
11.94,0.66414,0.99079,0.88619,0.78596,0.99627,0.97475,0.58758,0.82898,0.83961,0.48887,0.99728,0.99759,0.97158,0.95849,0.82163,0.99799,0.86357,0.97544,0.998,0.94904,0.91656,0.98253,0.9899,0.66362,0.9893,0.71541,0.72918,0.8848,0.90821,1.00004,0.66725,0.98133,0.8792,0.91291,1.0957,0.99094,0.98978,0.98965,0.92172,0.98967,0.88539,0.82394,0.64736,0.56529,0.95129,0.9782,0.95932,0.3224,0.83034,0.99676,0.88519,0.98819,0.97951,0.96301,0.85528,0.97728,0.99471,0.7882,0.95921,0.8612,0.93103,0.9025,0.99996,0.99859,0.79092,0.94164,0.68695,0.75031
11.96,0.66422,0.9912,0.87901,0.78569,0.99628,0.97475,0.58845,0.82893,0.83961,0.48887,0.99727,0.99757,0.97129,0.95818,0.83174,0.99592,0.85864,0.97309,0.99761,0.93991,0.91623,0.9784,0.98911,0.66306,0.98936,0.71383,0.73041,0.88463,0.90719,1.00007,0.67327,0.98374,0.87918,0.91273,1.09568,0.99044,0.98723,0.98956,0.92178,0.98967,0.88602,0.82402,0.64736,0.56529,0.95134,0.97816,0.95897,0.32067,0.82434,0.99833,0.88099,0.98956,0.97826,0.95528,0.85587,0.98239,0.99408,0.78779,0.95934,0.86225,0.93002,0.90271,0.99998,0.99898,0.79542,0.94678,0.68698,0.7505
11.98,0.66367,0.99159,0.87057,0.78534,0.99633,0.97475,0.5895,0.82895,0.8396,0.48887,0.99726,0.99755,0.97102,0.95783,0.84271,0.99285,0.85311,0.97178,0.99726,0.92941,0.91636,0.97291,0.98819,0.65829,0.98889,0.71173,0.73196,0.88509,0.90647,1.00003,0.67494,0.98605,0.87927,0.91243,1.09581,0.98995,0.98397,0.98945,0.92203,0.98967,0.88678,0.82398,0.64735,0.56529,0.95139,0.97809,0.95865,0.31874,0.81779,0.99949,0.87629,0.99026,0.97723,0.94628,0.85564,0.98762,0.99333,0.78421,0.95825,0.86363,0.92873,0.90214,0.99999,0.99926,0.79668,0.95183,0.68685,0.75084
12,0.66473,0.99206,0.86395,0.78512,0.99627,0.97475,0.5903,0.82891,0.8396,0.48887,0.99725,0.99754,0.97069,0.95753,0.85233,0.98965,0.84951,0.96802,0.99673,0.91886,0.91539,0.96876,0.98725,0.66347,0.98955,0.71061,0.73293,0.88434,0.90546,0.99988,0.68621,0.98821,0.87911,0.9124,1.09555,0.98933,0.98125,0.98939,0.92172,0.98967,0.88735,0.82405,0.64735,0.56529,0.95143,0.97807,0.95824,0.31709,0.812,1.00001,0.87322,0.99207,0.97572,0.93716,0.85735,0.99069,0.99256,0.78809,0.95979,0.86435,0.92793,0.90307,1,0.9996,0.80507,0.95669,0.68711,0.75087
12.02,0.66999,0.99271,0.86297,0.78532,0.99592,0.97475,0.59027,0.8286,0.83961,0.48887,0.99726,0.99758,0.97019,0.95738,0.8582,0.98808,0.85065,0.95547,0.99555,0.91005,0.9113,0.96992,0.98666,0.69464,0.99296,0.71238,0.73214,0.87997,0.90315,0.9993,0.72281,0.99,0.87832,0.9131,1.09427,0.9884,0.98083,0.98945,0.91991,0.98967,0.88733,0.82457,0.64736,0.56529,0.95141,0.97817,0.95764,0.31627,0.80845,1.00011,0.87419,0.99632,0.9726,0.92948,0.86433,0.9899,0.99206,0.81134,0.9681,0.8632,0.92858,0.90834,1.00001,0.99998,0.83214,0.96085,0.6884,0.75009
12.04,0.67674,0.99339,0.86416,0.78566,0.99544,0.97475,0.58998,0.82823,0.83962,0.48887,0.99726,0.99763,0.96962,0.95729,0.86252,0.98721,0.85361,0.93765,0.99398,0.90189,0.906,0.97292,0.98612,0.73293,0.99637,0.71514,0.73077,0.87429,0.90053,0.99813,0.76518,0.99165,0.8773,0.91406,1.09257,0.98733,0.98134,0.98955,0.91753,0.98967,0.88712,0.82521,0.64738,0.56529,0.95138,0.97832,0.95695,0.31576,0.80583,1.00013,0.87672,0.99926,0.96881,0.92234,0.87291,0.98762,0.99161,0.83956,0.97741,0.86138,0.92973,0.91484,1,0.99999,0.86299,0.96483,0.69009,0.74901
12.06,0.68271,0.994,0.86451,0.78593,0.99499,0.97475,0.58982,0.82788,0.83963,0.48887,0.99727,0.99767,0.96908,0.95718,0.86733,0.98592,0.85557,0.91944,0.99235,0.89327,0.90115,0.97497,0.98551,0.76466,0.99846,0.7174,0.72969,0.86917,0.89816,0.9966,0.80014,0.99323,0.87637,0.9149,1.09103,0.98629,0.98148,0.98963,0.9154,0.98967,0.88701,0.82579,0.6474,0.56529,0.95136,0.97844,0.9563,0.31517,0.8029,1.00012,0.87838,0.99989,0.96515,0.91475,0.88031,0.98583,0.99109,0.86262,0.98434,0.85989,0.93061,0.92037,0.99997,0.99961,0.88796,0.96879,0.69161,0.74807
12.08,0.6888,0.99465,0.86425,0.78624,0.99449,0.97475,0.58961,0.82753,0.83964,0.48887,0.99727,0.99771,0.96852,0.95703,0.87325,0.98458,0.85827,0.89454,0.99022,0.88234,0.89577,0.97691,0.98499,0.7961,0.9997,0.71984,0.7285,0.86341,0.89512,0.99437,0.83472,0.99439,0.87545,0.91574,1.08943,0.98509,0.98137,0.98973,0.91307,0.98967,0.88686,0.82638,0.64742,0.56529,0.95133,0.97858,0.95562,0.31432,0.79928,1.00007,0.88068,0.9982,0.96066,0.90508,0.88805,0.98396,0.99064,0.88511,0.99027,0.85826,0.93159,0.92625,0.99991,0.99875,0.9121,0.97184,0.6931,0.74711
12.1,0.69477,0.99514,0.86573,0.78649,0.99402,0.97475,0.58945,0.82719,0.83965,0.48887,0.99728,0.99775,0.96797,0.95698,0.87654,0.9834,0.8598,0.87529,0.98845,0.87546,0.89086,0.97921,0.98427,0.8234,0.99997,0.72211,0.72742,0.85839,0.89334,0.99213,0.8627,0.99587,0.87445,0.9166,1.08782,0.98407,0.982,0.98981,0.91095,0.98967,0.88674,0.82695,0.64744,0.56529,0.9513,0.97869,0.95497,0.31405,0.79727,0.99999,0.88198,0.99548,0.95713,0.89897,0.89473,0.98148,0.99002,0.90427,0.99459,0.85673,0.93248,0.9311,0.99986,0.99769,0.9311,0.97594,0.69472,0.74614
12.12,0.70055,0.99531,0.87173,0.78648,0.9937,0.97475,0.58946,0.82679,0.83966,0.48887,0.99728,0.99775,0.96744,0.95726,0.87301,0.9823,0.85723,0.88107,0.98842,0.88055,0.88766,0.98225,0.98298,0.84371,0.99952,0.72381,0.72677,0.85587,0.89503,0.99124,0.8795,0.99818,0.87316,0.91749,1.08622,0.98371,0.98444,0.98981,0.90955,0.98967,0.88675,0.82763,0.64745,0.56529,0.9513,0.9787,0.95433,0.31561,0.79943,0.9999,0.87979,0.9964,0.95706,0.9035,0.8989,0.97767,0.98889,0.91827,0.99726,0.85558,0.93301,0.93344,0.99991,0.99724,0.94221,0.98331,0.69679,0.74512
12.14,0.70611,0.99536,0.87912,0.78642,0.99344,0.97475,0.58952,0.82643,0.83967,0.48887,0.99728,0.99774,0.96695,0.95764,0.86691,0.98141,0.85344,0.89508,0.989,0.88985,0.88512,0.98537,0.98145,0.8606,0.99858,0.72531,0.72626,0.85428,0.89803,0.99091,0.89183,0.99966,0.87181,0.91837,1.08465,0.9836,0.98727,0.98979,0.90842,0.98967,0.88679,0.82824,0.64747,0.56529,0.95131,0.97868,0.95374,0.31769,0.80316,0.9998,0.87657,0.99826,0.95821,0.91173,0.9021,0.97298,0.98753,0.9297,0.99891,0.85456,0.93342,0.93488,0.99997,0.99707,0.9502,0.99002,0.69896,0.74411
12.16,0.71146,0.99546,0.88541,0.78642,0.99315,0.97475,0.58957,0.82613,0.83968,0.48887,0.99728,0.99774,0.96647,0.95793,0.86193,0.9806,0.85047,0.90448,0.98927,0.89699,0.88237,0.98801,0.97994,0.87661,0.99715,0.72683,0.7257,0.85235,0.90049,0.99033,0.90423,0.99997,0.87054,0.91921,1.0831,0.98338,0.98951,0.98979,0.90718,0.98967,0.88683,0.82874,0.64748,0.56529,0.9513,0.97867,0.95317,0.31929,0.80619,0.99971,0.87404,0.99916,0.95875,0.91803,0.90547,0.96821,0.98617,0.94032,0.99985,0.85352,0.93388,0.9366,1,0.99676,0.95804,0.99456,0.70096,0.74315
12.18,0.71779,0.99558,0.89246,0.78629,0.99281,0.97475,0.58959,0.82548,0.83969,0.48887,0.99727,0.99774,0.96581,0.95839,0.85716,0.97891,0.84625,0.91425,0.98964,0.90365,0.87895,0.99061,0.97834,0.89519,0.99467,0.72864,0.72507,0.84994,0.90252,0.98959,0.91891,0.99898,0.86896,0.92023,1.08123,0.98311,0.99184,0.98974,0.90579,0.98967,0.88684,0.82983,0.64751,0.56529,0.95132,0.97867,0.95238,0.32185,0.80908,0.99948,0.87045,0.99974,0.95949,0.92388,0.90954,0.96252,0.98472,0.95234,1.00002,0.85228,0.93439,0.93871,1.00001,0.99636,0.96705,0.99839,0.70345,0.74198
12.2,0.72185,0.99562,0.89773,0.7864,0.99257,0.97475,0.58967,0.82557,0.83969,0.48887,0.99728,0.99773,0.96554,0.95852,0.85154,0.97898,0.84415,0.92349,0.98993,0.91137,0.87702,0.99253,0.97675,0.90491,0.99295,0.72978,0.72464,0.84874,0.90564,0.98926,0.92578,0.99772,0.86801,0.92085,1.08,0.98302,0.99343,0.98978,0.90477,0.98967,0.8869,0.82968,0.64751,0.56528,0.95129,0.97865,0.95205,0.32258,0.81248,0.99949,0.86866,0.99991,0.96007,0.93064,0.91176,0.95741,0.98325,0.95847,0.99964,0.85149,0.93474,0.93973,1,0.99618,0.97114,0.9996,0.70494,0.74125
12.22,0.71996,0.99545,0.89826,0.78727,0.99257,0.97475,0.58994,0.82775,0.83965,0.48886,0.99731,0.99772,0.96637,0.95764,0.8433,0.98424,0.8487,0.93155,0.98991,0.92217,0.87917,0.99322,0.97484,0.89404,0.99491,0.72914,0.72471,0.85076,0.91161,0.99003,0.91425,0.99912,0.8689,0.92035,1.08057,0.98341,0.99358,0.99004,0.9048,0.98967,0.88709,0.82601,0.64743,0.56528,0.95113,0.9786,0.95305,0.31771,0.81743,1.00005,0.87253,0.99969,0.96004,0.94003,0.90927,0.95533,0.98147,0.95161,1.00005,0.85193,0.93468,0.938,0.99987,0.9966,0.96423,0.99817,0.70355,0.74184
12.24,0.71583,0.99519,0.89719,0.78837,0.99267,0.97475,0.59025,0.83063,0.83959,0.48886,0.99736,0.99769,0.96758,0.95642,0.83452,0.98994,0.85524,0.93881,0.98979,0.93313,0.88281,0.99354,0.973,0.87407,0.99751,0.72782,0.72499,0.85396,0.91834,0.99113,0.89402,0.99998,0.87041,0.91945,1.08181,0.98397,0.99327,0.99037,0.90519,0.98967,0.88731,0.82114,0.64733,0.56528,0.95091,0.97853,0.9545,0.31101,0.82269,0.99998,0.8781,0.99915,0.95979,0.94948,0.90495,0.95432,0.97975,0.93865,0.9997,0.85284,0.93445,0.93517,0.99956,0.99718,0.95159,0.99372,0.70117,0.74287
12.26,0.71262,0.99497,0.89686,0.78933,0.99272,0.97475,0.59048,0.83313,0.83954,0.48886,0.9974,0.99768,0.96858,0.9554,0.8267,0.99372,0.86045,0.94524,0.98968,0.94234,0.88572,0.99403,0.97138,0.85641,0.99896,0.72677,0.7252,0.85656,0.92424,0.99197,0.8755,0.99935,0.8716,0.91877,1.08276,0.98443,0.99317,0.99065,0.90539,0.98967,0.88749,0.8169,0.64724,0.56528,0.9507,0.97848,0.9557,0.30542,0.82734,0.99925,0.88254,0.99836,0.95956,0.95735,0.90136,0.95269,0.97821,0.92688,0.99843,0.85356,0.93428,0.9328,0.99912,0.99761,0.93959,0.98824,0.69929,0.74366
12.28,0.70964,0.99472,0.8965,0.79042,0.9928,0.97475,0.59094,0.83577,0.83948,0.48886,0.99743,0.99765,0.96963,0.95413,0.81636,0.99736,0.86665,0.95368,0.98974,0.95304,0.88863,0.9944,0.96824,0.83831,0.99976,0.72585,0.72533,0.85927,0.93057,0.99297,0.85584,0.99741,0.87294,0.91793,1.08363,0.98493,0.99307,0.99097,0.90572,0.98967,0.88781,0.81242,0.64713,0.56528,0.95055,0.97839,0.95696,0.29856,0.83345,0.99735,0.88781,0.99676,0.95968,0.96636,0.89765,0.95139,0.97521,0.91457,0.99636,0.85419,0.93418,0.93027,0.99845,0.9981,0.9265,0.98065,0.69715,0.74462
12.3,0.70563,0.9945,0.89581,0.7913,0.99283,0.97475,0.59096,0.83823,0.83944,0.48886,0.99749,0.99764,0.97061,0.95323,0.81125,0.99872,0.87098,0.95681,0.98941,0.95876,0.89173,0.99488,0.9681,0.81525,0.99996,0.72451,0.72567,0.86196,0.9355,0.99356,0.83177,0.99412,0.87408,0.9173,1.08478,0.98536,0.99286,0.99122,0.90587,0.98967,0.88783,0.80822,0.64706,0.56528,0.95026,0.97837,0.95814,0.29376,0.83645,0.99584,0.8915,0.99597,0.95903,0.97112,0.89357,0.94964,0.97508,0.89859,0.99281,0.8551,0.9339,0.92768,0.99777,0.99838,0.91007,0.9711,0.69531,0.74534
12.32,0.69907,0.99439,0.89463,0.79155,0.99272,0.97475,0.58975,0.84014,0.83945,0.48886,0.99762,0.99769,0.97135,0.95359,0.82123,0.9966,0.86999,0.94524,0.98789,0.95226,0.89518,0.99576,0.97624,0.7804,0.99883,0.72211,0.72654,0.86445,0.93701,0.99315,0.79843,0.98976,0.87456,0.91735,1.08663,0.98557,0.99251,0.99129,0.90541,0.98967,0.88695,0.80495,0.64709,0.56528,0.94957,0.97851,0.95904,0.2957,0.83058,0.99792,0.89065,0.99836,0.95603,0.96571,0.88887,0.94606,0.98278,0.87393,0.98584,0.85673,0.9332,0.92522,0.99753,0.99819,0.88675,0.96029,0.69455,0.74528
12.34,0.69152,0.99432,0.89318,0.79159,0.99257,0.97475,0.5881,0.84185,0.83949,0.48886,0.99778,0.99776,0.97201,0.95434,0.8365,0.99136,0.86718,0.9264,0.98584,0.94067,0.89871,0.99665,0.98531,0.73863,0.99572,0.71932,0.72761,0.86687,0.93736,0.99232,0.75919,0.98427,0.87482,0.91763,1.0887,0.98571,0.99206,0.9913,0.90477,0.98967,0.88576,0.80201,0.64715,0.56528,0.94874,0.97872,0.95985,0.2997,0.82151,0.9998,0.88826,0.99987,0.95212,0.95593,0.88388,0.9419,0.99092,0.84373,0.97549,0.85861,0.93233,0.92276,0.99747,0.99779,0.85867,0.94793,0.69412,0.74497
12.36,0.68446,0.99423,0.89185,0.79172,0.99244,0.97475,0.58665,0.84359,0.83951,0.48886,0.99791,0.99781,0.97269,0.95483,0.84913,0.98549,0.86523,0.90877,0.98391,0.93072,0.90202,0.99737,0.99139,0.6963,0.99101,0.71674,0.72858,0.86925,0.93822,0.99159,0.71885,0.97773,0.87518,0.91779,1.09058,0.98588,0.99164,0.99134,0.90423,0.98967,0.88472,0.79903,0.64719,0.56528,0.94799,0.97889,0.96066,0.30238,0.81393,1.00011,0.8866,0.99947,0.94856,0.94741,0.87901,0.93798,0.99587,0.81257,0.96327,0.86032,0.93153,0.92028,0.99733,0.99742,0.82923,0.93414,0.69354,0.74478
12.38,0.67654,0.99413,0.89041,0.79187,0.99228,0.97475,0.58517,0.84555,0.83954,0.48886,0.99806,0.99787,0.97342,0.9556,0.86392,0.97645,0.8631,0.88507,0.98153,0.91756,0.90573,0.9981,0.99625,0.6451,0.98371,0.71392,0.72961,0.87184,0.93911,0.99105,0.67052,0.96913,0.87557,0.91798,1.09262,0.98606,0.99118,0.99138,0.90359,0.98967,0.88364,0.79564,0.64725,0.56528,0.94713,0.97909,0.96155,0.30654,0.80497,0.99909,0.88479,0.99699,0.94427,0.93603,0.87333,0.9332,0.99913,0.77429,0.94671,0.86218,0.93068,0.91752,0.99717,0.99714,0.79337,0.91694,0.69291,0.74456
12.4,0.66998,0.99406,0.88913,0.79193,0.99216,0.97475,0.58366,0.84696,0.83957,0.48887,0.99817,0.99792,0.97398,0.9559,0.87597,0.96828,0.86083,0.86621,0.97961,0.90726,0.90845,0.99856,0.99885,0.60167,0.97634,0.71151,0.73056,0.8739,0.93965,0.98993,0.6286,0.9614,0.87584,0.91817,1.09427,0.98619,0.99077,0.9914,0.9031,0.98967,0.88254,0.79321,0.64729,0.56529,0.94645,0.97925,0.96224,0.30816,0.79762,0.99733,0.88286,0.99385,0.94091,0.92704,0.86902,0.92966,1.00007,0.74142,0.93131,0.86377,0.92989,0.91527,0.99707,0.99655,0.76185,0.90204,0.69247,0.74434
12.42,0.66757,0.99408,0.88835,0.79174,0.99213,0.97475,0.58209,0.84687,0.83958,0.48887,0.99819,0.99793,0.97412,0.95475,0.8786,0.96906,0.85866,0.86972,0.9795,0.90939,0.90851,0.99848,0.99959,0.59039,0.97407,0.71025,0.73131,0.8746,0.93944,0.98683,0.61409,0.95937,0.87581,0.91832,1.09486,0.98616,0.99051,0.99135,0.903,0.98967,0.88139,0.79337,0.64731,0.56529,0.94633,0.97927,0.9624,0.30194,0.796,0.99753,0.88101,0.9945,0.94073,0.92891,0.86892,0.93029,0.99989,0.73283,0.92672,0.86459,0.92927,0.91449,0.99711,0.99481,0.75086,0.89818,0.69252,0.74417
12.44,0.66668,0.99411,0.88777,0.79147,0.99215,0.97475,0.58052,0.84622,0.83959,0.48887,0.99818,0.99792,0.97409,0.95311,0.87808,0.97277,0.8564,0.88056,0.98005,0.91547,0.90763,0.99823,0.99989,0.59117,0.97394,0.70942,0.73198,0.8748,0.93892,0.98265,0.61009,0.95963,0.87567,0.91846,1.09508,0.98609,0.99032,0.99127,0.90306,0.98967,0.88024,0.79448,0.64733,0.56529,0.9464,0.97925,0.96237,0.29314,0.79632,0.99837,0.87909,0.99633,0.94168,0.93422,0.87032,0.93231,0.99954,0.73343,0.92647,0.86513,0.92872,0.91427,0.9972,0.99232,0.74783,0.89868,0.69275,0.74401
12.46,0.66512,0.99413,0.88714,0.79124,0.99215,0.97475,0.579,0.84584,0.8396,0.48887,0.99818,0.99792,0.97413,0.95171,0.87902,0.97483,0.85413,0.88742,0.9803,0.91935,0.9072,0.99806,1.00004,0.58643,0.97283,0.70843,0.73265,0.87522,0.9386,0.97848,0.60132,0.95884,0.87558,0.9186,1.09546,0.98606,0.9901,0.9912,0.90307,0.98967,0.87913,0.79515,0.64735,0.56529,0.94637,0.97925,0.96242,0.2857,0.79575,0.99879,0.87716,0.99732,0.94212,0.93759,0.87101,0.93353,0.99889,0.72981,0.92424,0.86577,0.92816,0.9138,0.99726,0.98971,0.74116,0.89719,0.69289,0.74385
12.48,0.66339,0.99419,0.88633,0.79097,0.99213,0.97475,0.57721,0.84541,0.83961,0.48887,0.99818,0.99792,0.97418,0.9501,0.88006,0.97738,0.85185,0.8952,0.98054,0.92402,0.90669,0.9978,0.99993,0.58149,0.97156,0.70728,0.73345,0.87566,0.93801,0.97272,0.59167,0.95802,0.87547,0.91877,1.09588,0.98595,0.98983,0.99113,0.90297,0.98967,0.87781,0.79589,0.64737,0.56529,0.94637,0.97925,0.96248,0.27724,0.79511,0.99925,0.87521,0.99828,0.94253,0.94163,0.87183,0.9353,0.9978,0.72605,0.92172,0.86651,0.92749,0.91331,0.99736,0.98598,0.73381,0.89565,0.69306,0.74366
12.5,0.6624,0.99417,0.88593,0.79078,0.99217,0.97475,0.57599,0.84494,0.83962,0.48887,0.99818,0.99792,0.97417,0.94874,0.88005,0.97932,0.84957,0.90208,0.98095,0.92771,0.90612,0.99765,0.99973,0.57985,0.97109,0.70656,0.73398,0.87594,0.9379,0.96866,0.58618,0.9578,0.87538,0.91888,1.09612,0.98598,0.98969,0.99107,0.90313,0.98967,0.8769,0.7967,0.64738,0.56529,0.94637,0.97925,0.96247,0.27014,0.79511,0.99954,0.87328,0.99896,0.94326,0.94482,0.87272,0.93626,0.99697,0.72479,0.92079,0.86698,0.92704,0.91299,0.99738,0.98328,0.72963,0.89524,0.69321,0.74353
12.52,0.66307,0.99394,0.88663,0.79079,0.99237,0.97475,0.57641,0.8445,0.83962,0.48887,0.99819,0.99793,0.97406,0.94823,0.87789,0.97924,0.84721,0.90553,0.98176,0.92806,0.90566,0.99792,0.99988,0.58462,0.97239,0.70698,0.73378,0.87596,0.93925,0.97132,0.59013,0.95873,0.87534,0.91887,1.09596,0.9864,0.98993,0.99107,0.90397,0.98967,0.87721,0.79746,0.64738,0.56529,0.94634,0.97926,0.96233,0.26749,0.79644,0.99953,0.87126,0.99924,0.94469,0.94512,0.87344,0.93449,0.99756,0.72843,0.92337,0.8667,0.92722,0.91296,0.99715,0.98506,0.73264,0.89699,0.69328,0.74355
12.54,0.66444,0.99363,0.88774,0.79089,0.99264,0.97475,0.57739,0.84403,0.83962,0.48887,0.99819,0.99793,0.9739,0.94801,0.87475,0.97862,0.84488,0.9081,0.98271,0.92748,0.90517,0.99828,1.00003,0.59221,0.97435,0.70781,0.73332,0.87585,0.94105,0.97597,0.5979,0.96016,0.87531,0.91881,1.09563,0.98693,0.9903,0.9911,0.90507,0.98967,0.87794,0.79827,0.64738,0.56529,0.94631,0.97926,0.96213,0.26636,0.79836,0.99944,0.86928,0.99942,0.94637,0.94462,0.8742,0.93189,0.99852,0.73422,0.92729,0.86617,0.9276,0.91309,0.99681,0.9881,0.73856,0.89968,0.69332,0.74362
12.56,0.66549,0.99335,0.88864,0.79099,0.99288,0.97475,0.57809,0.84357,0.83962,0.48887,0.9982,0.99793,0.97376,0.94766,0.87205,0.97829,0.84262,0.911,0.98352,0.92741,0.90469,0.99854,1.00002,0.59827,0.97588,0.70842,0.733,0.87578,0.94257,0.97923,0.60365,0.96129,0.87528,0.91877,1.09537,0.9874,0.9906,0.99113,0.90606,0.98967,0.87845,0.79906,0.64737,0.56529,0.94627,0.97926,0.96197,0.26458,0.80002,0.99939,0.86736,0.99959,0.94785,0.94456,0.87495,0.92978,0.9991,0.73884,0.93038,0.86578,0.92787,0.91317,0.99651,0.99019,0.74293,0.90183,0.69338,0.74366
12.58,0.66657,0.99305,0.88962,0.79093,0.9931,0.97475,0.5789,0.8431,0.83961,0.48887,0.9982,0.99793,0.97359,0.94726,0.8693,0.97782,0.83989,0.91408,0.98448,0.92708,0.90421,0.99886,0.99987,0.60545,0.97767,0.70921,0.73257,0.87576,0.94427,0.98268,0.61064,0.96264,0.87524,0.91873,1.09511,0.98788,0.99093,0.99111,0.907,0.98967,0.87905,0.79987,0.64737,0.56529,0.94625,0.97928,0.96177,0.26253,0.80169,0.99932,0.86503,0.99974,0.94959,0.94427,0.87568,0.92695,0.99957,0.7443,0.93401,0.86526,0.92823,0.91319,0.99616,0.99234,0.74824,0.9044,0.69344,0.74371
12.6,0.66774,0.99276,0.89051,0.79122,0.99336,0.97475,0.57961,0.84265,0.83961,0.48887,0.99821,0.99793,0.97348,0.94705,0.86649,0.97747,0.83809,0.91638,0.98512,0.92703,0.90372,0.99902,0.9996,0.61068,0.97891,0.70971,0.73232,0.8756,0.94563,0.98541,0.61569,0.96359,0.87522,0.91869,1.09482,0.98833,0.99122,0.9912,0.90807,0.98967,0.87957,0.80064,0.64737,0.56529,0.9462,0.97927,0.96163,0.26142,0.80341,0.99926,0.8635,0.99982,0.95078,0.94424,0.87644,0.9253,0.99988,0.74827,0.93658,0.86494,0.92844,0.91337,0.99586,0.99398,0.75207,0.90621,0.69347,0.74375
12.62,0.66902,0.99251,0.89108,0.79247,0.99367,0.97475,0.57995,0.84228,0.83961,0.48887,0.99822,0.99791,0.97354,0.94727,0.86373,0.97761,0.83915,0.91675,0.9849,0.92801,0.90317,0.99881,0.99929,0.60973,0.97861,0.70922,0.73266,0.87509,0.94602,0.98633,0.61422,0.96329,0.87525,0.91867,1.0945,0.98869,0.9914,0.99155,0.90943,0.98967,0.87982,0.80128,0.64736,0.56529,0.94609,0.97921,0.9617,0.26254,0.80509,0.99928,0.8644,0.99983,0.95038,0.94508,0.87728,0.92741,1.00002,0.74755,0.93596,0.86526,0.92815,0.91395,0.99577,0.99452,0.75096,0.90564,0.69343,0.74377
12.64,0.67036,0.99228,0.89153,0.79407,0.99401,0.97475,0.58017,0.84192,0.8396,0.48887,0.99825,0.99788,0.97366,0.94766,0.86096,0.97789,0.84112,0.91641,0.9844,0.92929,0.9026,0.99843,0.99894,0.60677,0.9778,0.70842,0.7332,0.87444,0.94608,0.98679,0.61073,0.96258,0.8753,0.91867,1.09417,0.98901,0.99154,0.99199,0.91089,0.98967,0.87998,0.80189,0.64735,0.56529,0.94595,0.97912,0.96184,0.26456,0.80678,0.99933,0.86608,0.99982,0.94945,0.94618,0.87814,0.93069,1.00007,0.7453,0.9343,0.86578,0.9277,0.91467,0.99575,0.99479,0.74831,0.90429,0.69335,0.74377
12.66,0.67164,0.99205,0.89202,0.79551,0.99432,0.97475,0.58045,0.84155,0.8396,0.48887,0.99827,0.99786,0.97374,0.94798,0.85822,0.97808,0.84251,0.91643,0.98404,0.9304,0.90204,0.9981,0.99852,0.60486,0.97725,0.70779,0.73362,0.87386,0.94629,0.98751,0.60835,0.96209,0.87533,0.91866,1.09386,0.98935,0.9917,0.99238,0.9123,0.98967,0.88019,0.80254,0.64735,0.56529,0.94583,0.97905,0.96195,0.26619,0.80844,0.99936,0.86726,0.99982,0.94879,0.94714,0.87897,0.93326,1.00003,0.74385,0.93317,0.86618,0.92735,0.91531,0.99571,0.9952,0.7465,0.90335,0.69329,0.74378
12.68,0.67306,0.99179,0.89257,0.79693,0.99462,0.97475,0.58074,0.84123,0.8396,0.48887,0.99829,0.99783,0.97384,0.94829,0.85537,0.97835,0.84453,0.91624,0.98358,0.93153,0.90146,0.99767,0.99794,0.60246,0.97656,0.70703,0.73414,0.87324,0.94653,0.98798,0.60525,0.96148,0.87538,0.91865,1.0935,0.9897,0.99187,0.99275,0.91368,0.98967,0.8804,0.80309,0.64734,0.56529,0.94569,0.97897,0.96207,0.2678,0.81016,0.9994,0.86898,0.99981,0.94795,0.94811,0.87984,0.93616,0.99989,0.74202,0.93175,0.86667,0.92691,0.916,0.99565,0.99547,0.74414,0.9022,0.69322,0.7438
12.7,0.67417,0.99157,0.89296,0.79848,0.99493,0.97475,0.58096,0.84079,0.83959,0.48887,0.99831,0.99781,0.97393,0.94864,0.85276,0.97851,0.84544,0.91636,0.98325,0.93271,0.90093,0.99728,0.99749,0.60053,0.97601,0.70647,0.73451,0.87267,0.94661,0.98878,0.60307,0.96099,0.87541,0.91865,1.09322,0.98998,0.99199,0.99314,0.9151,0.98967,0.88056,0.80383,0.64733,0.56529,0.94557,0.9789,0.96217,0.26962,0.81174,0.99942,0.86976,0.99982,0.94736,0.94912,0.88064,0.93851,0.99972,0.74056,0.93064,0.86703,0.9266,0.91662,0.99563,0.99592,0.74249,0.90126,0.69317,0.7438
12.72,0.67448,0.99145,0.89302,0.80031,0.99526,0.97475,0.58105,0.84004,0.83959,0.48887,0.99832,0.9978,0.97395,0.94907,0.85095,0.97814,0.84305,0.91717,0.98337,0.9337,0.90054,0.99716,0.9976,0.60047,0.97602,0.70657,0.73444,0.87229,0.94634,0.99059,0.60406,0.96094,0.87538,0.91869,1.09314,0.99013,0.99201,0.9936,0.91666,0.98967,0.88063,0.80511,0.64733,0.56529,0.94548,0.97886,0.9622,0.27185,0.81284,0.99937,0.86773,0.99984,0.94756,0.94997,0.88121,0.93915,0.99976,0.74051,0.93066,0.86697,0.92666,0.91703,0.99569,0.9969,0.74324,0.90116,0.69321,0.74375
12.74,0.67446,0.99137,0.89292,0.80225,0.99558,0.97475,0.58106,0.83918,0.83959,0.48887,0.99833,0.99779,0.97396,0.94953,0.84935,0.97769,0.83952,0.91834,0.98363,0.93475,0.9002,0.99714,0.9979,0.60094,0.9762,0.70688,0.73422,0.87198,0.94593,0.99251,0.60603,0.96102,0.87533,0.91874,1.09315,0.99023,0.99198,0.99407,0.91823,0.98967,0.88063,0.80659,0.64733,0.56529,0.94541,0.97882,0.96221,0.27423,0.8138,0.9993,0.86472,0.99987,0.94804,0.95087,0.88171,0.93928,0.99987,0.74087,0.93103,0.86677,0.92685,0.91737,0.99579,0.99788,0.74474,0.90131,0.69329,0.74369
12.76,0.67453,0.99129,0.89285,0.80411,0.99589,0.97475,0.58108,0.83837,0.83959,0.48887,0.99834,0.99778,0.97397,0.94995,0.84755,0.97746,0.83651,0.91957,0.98383,0.93594,0.89983,0.99707,0.99809,0.60114,0.9763,0.70707,0.73407,0.87164,0.94559,0.99406,0.60747,0.96104,0.8753,0.91878,1.09313,0.99034,0.99196,0.9945,0.91976,0.98967,0.88065,0.80798,0.64732,0.56529,0.94532,0.97879,0.96223,0.27647,0.81488,0.99926,0.86215,0.99989,0.9484,0.95189,0.88224,0.93969,0.99993,0.74102,0.93123,0.86664,0.92697,0.91774,0.99587,0.99861,0.74584,0.90135,0.69335,0.74365
12.78,0.67486,0.99117,0.89297,0.80608,0.9962,0.97475,0.5812,0.83754,0.83958,0.48887,0.99835,0.99777,0.974,0.95045,0.84616,0.97648,0.83329,0.91988,0.98399,0.93645,0.89948,0.99703,0.99831,0.60141,0.97641,0.70733,0.73389,0.87127,0.94521,0.99558,0.60914,0.96105,0.87525,0.91883,1.09305,0.99048,0.992,0.99494,0.92135,0.98967,0.88074,0.8094,0.64732,0.56529,0.94524,0.97876,0.96226,0.27904,0.81572,0.99909,0.85941,0.99989,0.9487,0.95233,0.88276,0.93992,0.99999,0.74123,0.93144,0.86648,0.92713,0.91814,0.99595,0.99925,0.74711,0.90137,0.69342,0.74359
12.8,0.67457,0.99112,0.89265,0.80784,0.99647,0.97475,0.5811,0.83672,0.83958,0.48887,0.99837,0.99775,0.97399,0.95081,0.84402,0.97697,0.83015,0.92207,0.98426,0.93829,0.89911,0.99694,0.99848,0.60168,0.97654,0.70752,0.73376,0.87097,0.94487,0.99666,0.6106,0.9611,0.87522,0.91887,1.09312,0.99054,0.9919,0.99531,0.92277,0.98967,0.88067,0.8108,0.64731,0.56529,0.94516,0.97872,0.96225,0.28094,0.817,0.99918,0.85674,0.99991,0.94919,0.9539,0.88329,0.94039,1.00002,0.74143,0.9317,0.86636,0.92724,0.91845,0.99603,0.99963,0.74821,0.90148,0.69347,0.74354
12.82,0.67255,0.99126,0.89108,0.80899,0.99665,0.97475,0.58042,0.83592,0.83958,0.48887,0.99839,0.99773,0.97387,0.95077,0.83927,0.98172,0.82741,0.92992,0.98483,0.94421,0.89869,0.99669,0.99848,0.60189,0.97671,0.70747,0.73382,0.87087,0.94469,0.99701,0.61129,0.96125,0.87522,0.91886,1.09363,0.99038,0.9914,0.99555,0.92374,0.98967,0.88017,0.81216,0.64732,0.56529,0.94504,0.97864,0.9621,0.28072,0.81985,0.99984,0.8544,0.99976,0.95025,0.95893,0.88391,0.94167,1.00002,0.74159,0.93206,0.86639,0.92718,0.91857,0.99607,0.99974,0.74873,0.90176,0.69347,0.74356
12.84,0.66993,0.99145,0.88906,0.80992,0.9968,0.97475,0.57953,0.83514,0.83958,0.48887,0.9984,0.99771,0.97372,0.9506,0.83387,0.98699,0.82482,0.9389,0.98548,0.95093,0.89826,0.99639,0.99843,0.60208,0.97689,0.70735,0.73395,0.87084,0.94457,0.99713,0.61173,0.96143,0.87524,0.91883,1.09428,0.99013,0.99074,0.99574,0.92455,0.98967,0.87951,0.81348,0.64732,0.56529,0.94492,0.97856,0.96192,0.27987,0.82308,1.00013,0.8522,0.99914,0.95145,0.9646,0.88453,0.94317,1.00001,0.74174,0.93243,0.86646,0.92708,0.9186,0.99609,0.99977,0.74907,0.9021,0.69345,0.74359
12.86,0.66763,0.99162,0.88727,0.81095,0.99695,0.97475,0.57874,0.83438,0.83958,0.48887,0.99842,0.99768,0.97359,0.95053,0.82912,0.99076,0.82223,0.94617,0.98604,0.95641,0.89784,0.99611,0.99841,0.60224,0.97705,0.70727,0.73404,0.87077,0.94441,0.99734,0.61226,0.96159,0.87524,0.91881,1.09485,0.98992,0.99015,0.99594,0.92541,0.98967,0.87894,0.81478,0.64732,0.56529,0.9448,0.97849,0.96176,0.27947,0.8259,0.99988,0.85,0.99821,0.9525,0.96917,0.88512,0.94451,1.00001,0.74186,0.93276,0.86652,0.927,0.91867,0.99613,0.99983,0.74947,0.90239,0.69343,0.74362
12.88,0.66505,0.99181,0.88525,0.81202,0.99711,0.97475,0.57791,0.8335,0.83959,0.48887,0.99844,0.99766,0.97343,0.95032,0.82307,0.99461,0.81917,0.9547,0.98675,0.96291,0.89737,0.99578,0.99837,0.60258,0.97729,0.70719,0.73415,0.8707,0.94427,0.99753,0.61294,0.96179,0.87525,0.91878,1.09548,0.98967,0.98946,0.99615,0.92632,0.98967,0.87832,0.81628,0.64732,0.56529,0.94467,0.97841,0.96156,0.27839,0.82949,0.99894,0.84738,0.99651,0.95384,0.97453,0.8858,0.94596,1,0.74212,0.93325,0.86657,0.92691,0.91875,0.99616,0.99987,0.74999,0.90278,0.69342,0.74365
12.9,0.66289,0.99194,0.88357,0.81292,0.99724,0.97475,0.57713,0.83288,0.83958,0.48887,0.99846,0.99763,0.97332,0.95035,0.8196,0.99649,0.8171,0.95951,0.98714,0.96654,0.89701,0.99549,0.99836,0.60253,0.97737,0.70708,0.73425,0.87066,0.94412,0.99771,0.61324,0.9619,0.87526,0.91876,1.096,0.98949,0.98887,0.99632,0.92709,0.98967,0.87775,0.81734,0.64732,0.56529,0.94455,0.97834,0.96143,0.27854,0.83154,0.99799,0.84562,0.9952,0.95458,0.97749,0.88631,0.94719,1,0.74208,0.9334,0.86664,0.92682,0.91879,0.99619,0.99991,0.75021,0.90298,0.69341,0.74367
12.92,0.66205,0.99192,0.88299,0.81344,0.99732,0.97475,0.57654,0.83297,0.83956,0.48887,0.99847,0.99763,0.97338,0.95112,0.82378,0.99499,0.8178,0.95507,0.98665,0.96292,0.89696,0.99534,0.99843,0.60135,0.97697,0.70692,0.73433,0.87068,0.94396,0.99794,0.61248,0.96174,0.87527,0.91877,1.0962,0.98952,0.98867,0.99642,0.92753,0.98967,0.87731,0.81717,0.64727,0.56529,0.94446,0.97832,0.96151,0.2826,0.82907,0.99879,0.84621,0.99642,0.95364,0.97454,0.88638,0.9478,1.00001,0.74118,0.9326,0.86675,0.92676,0.91876,0.99622,0.99996,0.74964,0.90269,0.69339,0.74366
12.94,0.66167,0.99183,0.88277,0.81379,0.99737,0.97475,0.57602,0.83334,0.83952,0.48886,0.99848,0.99763,0.97351,0.95211,0.83052,0.99176,0.81952,0.94694,0.98582,0.95643,0.89703,0.99525,0.99853,0.59977,0.97641,0.70672,0.7344,0.87074,0.94381,0.99817,0.61133,0.96149,0.87528,0.91878,1.09629,0.98964,0.98859,0.99649,0.92784,0.98967,0.87692,0.81654,0.64721,0.56528,0.94439,0.97831,0.96166,0.28783,0.82507,0.99973,0.84768,0.99809,0.95209,0.96919,0.88628,0.9482,1.00003,0.73998,0.93145,0.86687,0.92669,0.91871,0.99626,1,0.74877,0.90221,0.69338,0.74365
12.96,0.66108,0.99177,0.88238,0.81421,0.99743,0.97475,0.5755,0.8336,0.83949,0.48886,0.99849,0.99762,0.97361,0.95295,0.83584,0.98874,0.82079,0.94009,0.98513,0.95098,0.89706,0.99512,0.99861,0.5984,0.97592,0.70654,0.73448,0.87079,0.94367,0.99837,0.61038,0.96128,0.87528,0.91879,1.09643,0.98972,0.98845,0.99656,0.92821,0.98967,0.87654,0.8161,0.64716,0.56528,0.9443,0.9783,0.96178,0.29225,0.8219,1.00008,0.84877,0.99902,0.9508,0.96464,0.88624,0.94868,1.00004,0.73894,0.93046,0.86699,0.92663,0.91865,0.99629,1.00002,0.74805,0.90182,0.69337,0.74364
12.98,0.66048,0.99172,0.88202,0.81467,0.99749,0.97475,0.57483,0.83381,0.83946,0.48886,0.99851,0.99762,0.97368,0.95396,0.84244,0.98447,0.82197,0.93181,0.9844,0.9442,0.89703,0.99499,0.99869,0.5969,0.97541,0.70636,0.73455,0.87079,0.94348,0.9986,0.60934,0.96107,0.87529,0.9188,1.09658,0.98979,0.98832,0.99664,0.92855,0.98967,0.87604,0.81576,0.6471,0.56528,0.94421,0.9783,0.96187,0.29769,0.81795,1.00006,0.84977,0.99968,0.94945,0.95892,0.88627,0.9492,1.00005,0.7378,0.92943,0.8671,0.92657,0.91865,0.99633,1.00004,0.74725,0.90142,0.69336,0.74363
13,0.66,0.99162,0.88168,0.81501,0.99755,0.97475,0.5745,0.83419,0.83943,0.48886,0.99851,0.99761,0.97383,0.95463,0.84708,0.98082,0.82356,0.92421,0.98362,0.93843,0.89714,0.99489,0.99878,0.59556,0.97489,0.70616,0.73464,0.8709,0.94339,0.99873,0.6084,0.96085,0.8753,0.91881,1.09669,0.98991,0.9882,0.9967,0.92894,0.98967,0.8758,0.8151,0.64705,0.56528,0.94415,0.97827,0.96205,0.30127,0.81516,0.99974,0.85112,0.9999,0.94803,0.95402,0.88612,0.94959,1.00006,0.73677,0.92837,0.86723,0.9265,0.91853,0.99635,1.00004,0.74654,0.90099,0.69335,0.74361
13.02,0.65972,0.9914,0.8813,0.81503,0.99763,0.97475,0.57512,0.83504,0.83943,0.48885,0.99851,0.99756,0.97411,0.95427,0.84547,0.98126,0.82614,0.92067,0.98281,0.93727,0.89761,0.99486,0.99892,0.59477,0.97436,0.70593,0.73477,0.87131,0.94354,0.99859,0.60789,0.96061,0.87528,0.91885,1.09676,0.99019,0.98806,0.99671,0.92943,0.98967,0.87625,0.81366,0.64704,0.56528,0.94416,0.97812,0.96239,0.29933,0.81613,0.99979,0.85332,0.9999,0.94656,0.95302,0.88546,0.9497,1.00007,0.73618,0.9273,0.86738,0.92638,0.91809,0.99631,1.00004,0.74615,0.90054,0.69337,0.74357
13.04,0.65955,0.99113,0.88093,0.81496,0.99772,0.97475,0.57606,0.83606,0.83943,0.48886,0.99851,0.9975,0.97446,0.95356,0.8418,0.98299,0.82905,0.91848,0.98196,0.93767,0.8982,0.99486,0.99905,0.59415,0.97382,0.70568,0.73492,0.87182,0.9438,0.99834,0.60749,0.96036,0.87526,0.91889,1.0968,0.99053,0.98793,0.9967,0.92997,0.98967,0.87695,0.81192,0.64705,0.56528,0.9442,0.97795,0.96282,0.29551,0.81834,0.99996,0.8558,0.99987,0.94504,0.95337,0.88462,0.94969,1.00006,0.7357,0.92622,0.86754,0.92625,0.91754,0.99626,1.00002,0.74585,0.90007,0.69341,0.74353
13.06,0.65934,0.99088,0.88055,0.81495,0.9978,0.97475,0.57683,0.83699,0.83943,0.48886,0.9985,0.99746,0.9748,0.95302,0.83917,0.98399,0.83171,0.91566,0.9811,0.93737,0.89872,0.99485,0.99916,0.59343,0.97327,0.70544,0.73507,0.87227,0.94403,0.99811,0.60701,0.96011,0.87525,0.91892,1.09685,0.99083,0.98779,0.99669,0.93051,0.98967,0.87752,0.81033,0.64705,0.56528,0.94423,0.9778,0.96324,0.29263,0.81991,1.00003,0.85807,0.9998,0.94352,0.95312,0.88387,0.94973,1.00005,0.73515,0.92513,0.86769,0.92613,0.91705,0.99621,0.99999,0.74548,0.8996,0.69343,0.74349
13.08,0.65909,0.99062,0.88018,0.81485,0.99787,0.97475,0.57772,0.83796,0.83943,0.48885,0.9985,0.99738,0.97504,0.95241,0.83623,0.98528,0.83467,0.9124,0.9802,0.93692,0.89928,0.99484,0.99931,0.5928,0.97272,0.7052,0.73521,0.87278,0.94417,0.99793,0.60666,0.95988,0.87522,0.91897,1.09691,0.99113,0.98765,0.99668,0.93092,0.98967,0.87818,0.80868,0.64704,0.56528,0.94425,0.97759,0.96354,0.28942,0.82167,1.0001,0.86059,0.99966,0.94193,0.95273,0.88305,0.94978,1.00002,0.73467,0.92403,0.86784,0.92601,0.91649,0.99618,0.99996,0.74522,0.89916,0.69348,0.74343
13.1,0.65895,0.99035,0.87979,0.81493,0.99798,0.97475,0.57842,0.83887,0.83943,0.48886,0.99849,0.99735,0.9755,0.95184,0.83344,0.98618,0.837,0.91032,0.97933,0.93719,0.89977,0.99484,0.99935,0.59203,0.97217,0.70496,0.73536,0.87318,0.94452,0.99757,0.60606,0.95961,0.87522,0.91899,1.09694,0.99144,0.98751,0.99669,0.93162,0.98967,0.8787,0.80712,0.64705,0.56528,0.94429,0.9775,0.9641,0.28639,0.82333,1.00012,0.86257,0.99956,0.94042,0.95296,0.88233,0.94979,1,0.73408,0.92293,0.868,0.92589,0.91606,0.9961,0.99988,0.74476,0.89865,0.69348,0.74341
13.12,0.65905,0.99006,0.87931,0.81547,0.9982,0.97475,0.57855,0.83969,0.83946,0.48886,0.99849,0.99745,0.97662,0.95146,0.8315,0.98593,0.83772,0.91142,0.97857,0.93927,0.90009,0.99486,0.9991,0.59078,0.97163,0.70469,0.73552,0.87327,0.94537,0.99656,0.60466,0.9592,0.8753,0.91891,1.09692,0.99176,0.98734,0.99679,0.9331,0.98967,0.87879,0.80572,0.64709,0.56528,0.94432,0.9778,0.96547,0.28439,0.82449,1.00012,0.86319,0.99962,0.93912,0.95473,0.88187,0.94972,1.00006,0.73313,0.92186,0.86817,0.92575,0.91597,0.99592,0.9996,0.7437,0.89787,0.69334,0.74349
13.14,0.65928,0.98976,0.87882,0.81622,0.99844,0.97475,0.57846,0.84043,0.83949,0.48886,0.99849,0.99759,0.9779,0.95113,0.82977,0.98531,0.83779,0.91369,0.97787,0.94195,0.90032,0.99489,0.99866,0.58938,0.9711,0.70442,0.73568,0.87323,0.94643,0.99514,0.603,0.95874,0.87541,0.91881,1.09686,0.99207,0.98716,0.99692,0.93483,0.98967,0.87873,0.80445,0.64715,0.56528,0.94435,0.97821,0.96705,0.28263,0.82552,1.0001,0.86325,0.99972,0.93791,0.95702,0.88153,0.9496,1.00005,0.73207,0.92081,0.86835,0.92561,0.91601,0.99567,0.99907,0.74244,0.89701,0.69316,0.74361
13.16,0.65948,0.98947,0.87839,0.81695,0.99865,0.97475,0.57845,0.84115,0.83952,0.48887,0.99848,0.9977,0.97902,0.95077,0.82799,0.98483,0.83806,0.91534,0.97714,0.94418,0.90057,0.99492,0.99823,0.58807,0.97057,0.70414,0.73585,0.87323,0.94744,0.99368,0.6015,0.95831,0.87551,0.91872,1.09682,0.99237,0.98699,0.99704,0.93641,0.98967,0.87872,0.80322,0.6472,0.56528,0.94438,0.97855,0.96844,0.28074,0.82658,1.00008,0.86347,0.99978,0.93667,0.95891,0.88116,0.94949,0.99997,0.73107,0.91977,0.86852,0.92547,0.916,0.99543,0.99844,0.74129,0.8962,0.69301,0.74372
13.18,0.65955,0.98914,0.87773,0.81737,0.99886,0.97475,0.57854,0.84211,0.83955,0.48887,0.99848,0.99784,0.98028,0.95041,0.826,0.98445,0.83875,0.91731,0.97632,0.94686,0.90093,0.99492,0.99771,0.58667,0.96999,0.70388,0.73601,0.87331,0.94822,0.99168,0.59981,0.95783,0.87561,0.91862,1.0968,0.9927,0.98675,0.99711,0.93804,0.98967,0.87878,0.80156,0.64725,0.56529,0.94442,0.97897,0.97001,0.27885,0.82775,1.00006,0.86406,0.99984,0.93528,0.96117,0.88064,0.94946,0.9998,0.73,0.91863,0.86869,0.92534,0.91592,0.99524,0.99747,0.74001,0.89529,0.69284,0.74383
13.2,0.65991,0.98887,0.87751,0.81846,0.99904,0.97475,0.57837,0.84254,0.83957,0.48887,0.99847,0.99792,0.98119,0.95006,0.8245,0.98374,0.83842,0.91881,0.97568,0.94861,0.90103,0.99498,0.99712,0.58542,0.9695,0.7036,0.73618,0.8732,0.94948,0.99014,0.59844,0.95745,0.87571,0.91853,1.09671,0.99296,0.98667,0.99729,0.93955,0.98967,0.87866,0.80083,0.6473,0.56529,0.94444,0.97923,0.97115,0.27704,0.82864,1.00002,0.86378,0.99988,0.9342,0.96265,0.88048,0.94924,0.99957,0.72905,0.91766,0.86887,0.9252,0.91604,0.99492,0.99666,0.73897,0.89458,0.69268,0.74393
13.22,0.66106,0.9888,0.87866,0.82152,0.99917,0.97475,0.57747,0.84145,0.83957,0.48887,0.99848,0.99785,0.98123,0.94975,0.82453,0.98203,0.83514,0.91871,0.97552,0.94769,0.90043,0.9952,0.99651,0.58462,0.96925,0.7033,0.73638,0.87261,0.95214,0.99063,0.59801,0.95737,0.87577,0.91847,1.09644,0.99303,0.9871,0.99776,0.94077,0.98967,0.878,0.8027,0.6473,0.56529,0.94442,0.97902,0.97119,0.27537,0.82863,0.99987,0.86099,0.99987,0.93395,0.96187,0.88136,0.9484,0.99927,0.72843,0.91717,0.86906,0.92503,0.91668,0.99419,0.99692,0.73864,0.89443,0.69259,0.744
13.24,0.66248,0.98879,0.8802,0.8252,0.99929,0.97475,0.57633,0.83983,0.83958,0.48887,0.99848,0.99773,0.98093,0.94944,0.82499,0.97992,0.83086,0.91811,0.97556,0.94587,0.89959,0.99545,0.99586,0.58398,0.96909,0.703,0.73659,0.87185,0.95517,0.99178,0.59792,0.9574,0.87581,0.91842,1.0961,0.99303,0.98766,0.99827,0.94186,0.98967,0.87715,0.80548,0.64731,0.56529,0.94439,0.97864,0.97082,0.27378,0.82835,0.99962,0.85735,0.99986,0.93402,0.96033,0.8826,0.94736,0.99891,0.72795,0.91686,0.86925,0.92485,0.91751,0.99327,0.99751,0.73857,0.89448,0.69251,0.74406
13.26,0.66373,0.98875,0.88144,0.82846,0.9994,0.97475,0.57534,0.83848,0.83957,0.48887,0.99849,0.99763,0.98075,0.94912,0.8251,0.97795,0.82715,0.91779,0.97553,0.94451,0.89887,0.99567,0.99516,0.58326,0.9689,0.70271,0.7368,0.87118,0.95783,0.99254,0.59768,0.95738,0.87586,0.91836,1.0958,0.99307,0.98811,0.99867,0.94296,0.98967,0.87642,0.80779,0.64729,0.56529,0.94435,0.97833,0.9706,0.27214,0.82829,0.99934,0.85418,0.99986,0.93396,0.95919,0.88365,0.94645,0.9985,0.7274,0.91648,0.86944,0.92467,0.91823,0.99239,0.9979,0.73839,0.89446,0.69243,0.74413
13.28,0.66514,0.98871,0.88314,0.83221,0.99951,0.97475,0.57414,0.83695,0.83957,0.48887,0.99849,0.99754,0.9807,0.94882,0.82586,0.97543,0.82262,0.91732,0.97544,0.9428,0.89807,0.99593,0.99433,0.58253,0.96867,0.70239,0.73701,0.87043,0.96074,0.99337,0.59739,0.95734,0.87592,0.9183,1.09545,0.99311,0.98872,0.99906,0.94423,0.98967,0.87553,0.81039,0.6473,0.56529,0.94432,0.97805,0.97053,0.27055,0.82784,0.9989,0.85032,0.99984,0.93381,0.95774,0.8848,0.94532,0.99797,0.72684,0.91603,0.86964,0.92449,0.91903,0.99132,0.9983,0.73817,0.89437,0.69234,0.7442
13.3,0.6663,0.9887,0.88397,0.83503,0.99958,0.97475,0.57333,0.83566,0.8396,0.48887,0.99849,0.99741,0.98031,0.94849,0.82538,0.97368,0.81946,0.91699,0.97551,0.94154,0.89737,0.99609,0.99362,0.5819,0.96854,0.70212,0.73721,0.86981,0.96297,0.99408,0.59731,0.95739,0.87596,0.91825,1.09517,0.99312,0.98901,0.99931,0.94507,0.98967,0.87493,0.8126,0.64735,0.56529,0.9443,0.97765,0.97004,0.26887,0.82812,0.99856,0.84763,0.99984,0.93393,0.95667,0.8858,0.94456,0.99748,0.72636,0.91579,0.86981,0.92432,0.9197,0.99042,0.99862,0.73811,0.89446,0.69228,0.74425
13.32,0.66657,0.98872,0.88208,0.83523,0.99957,0.97475,0.57354,0.83511,0.83951,0.48887,0.99851,0.99717,0.97909,0.94812,0.82122,0.97445,0.82035,0.91732,0.97601,0.94199,0.89697,0.996,0.99343,0.58128,0.96864,0.70189,0.73738,0.86951,0.96361,0.99452,0.59746,0.95764,0.87595,0.91825,1.09511,0.9931,0.98834,0.99933,0.94488,0.98967,0.87509,0.81354,0.64719,0.56529,0.94416,0.97696,0.96853,0.26694,0.83059,0.99871,0.84839,0.99984,0.93477,0.95705,0.88636,0.94498,0.99735,0.72589,0.91598,0.86995,0.92417,0.92001,0.99015,0.99881,0.73822,0.89493,0.6923,0.74425
13.34,0.66662,0.98876,0.87933,0.83447,0.99952,0.97475,0.57417,0.83484,0.83965,0.48887,0.99853,0.99689,0.97749,0.94773,0.81585,0.97608,0.82274,0.91778,0.97665,0.94291,0.8967,0.99582,0.99341,0.58084,0.96886,0.70171,0.73754,0.86936,0.96364,0.99484,0.59787,0.95799,0.87591,0.91827,1.09509,0.99306,0.98734,0.99926,0.94427,0.98967,0.87555,0.814,0.64743,0.56529,0.94405,0.97615,0.96655,0.26493,0.83375,0.99902,0.85042,0.99986,0.93585,0.95783,0.88675,0.94577,0.99734,0.72555,0.91641,0.87007,0.92404,0.92017,0.99014,0.99895,0.73853,0.89559,0.69236,0.74423
13.36,0.66688,0.9888,0.87709,0.83411,0.99947,0.97475,0.57466,0.83446,0.8396,0.48887,0.99853,0.99662,0.97598,0.94735,0.81116,0.97727,0.82452,0.91805,0.9772,0.94351,0.89638,0.99569,0.99328,0.58047,0.96904,0.70153,0.73769,0.86916,0.96387,0.99514,0.59829,0.9583,0.87587,0.91829,1.09503,0.99303,0.98651,0.99923,0.9438,0.98967,0.87592,0.81464,0.64734,0.56529,0.944,0.9754,0.96468,0.26294,0.8365,0.99923,0.85194,0.99986,0.93677,0.95834,0.88719,0.94637,0.99725,0.72526,0.91675,0.87018,0.92391,0.92038,0.99004,0.99907,0.73886,0.89617,0.69241,0.74421
13.38,0.66666,0.98881,0.87417,0.83395,0.99945,0.97475,0.57491,0.83393,0.83922,0.48887,0.99859,0.99629,0.97449,0.94696,0.80608,0.97844,0.82588,0.9188,0.97784,0.94448,0.89598,0.99552,0.99328,0.57938,0.96912,0.70127,0.7379,0.86886,0.96443,0.99566,0.5981,0.95856,0.87588,0.91827,1.09508,0.99302,0.98539,0.99922,0.94355,0.98967,0.8761,0.81555,0.64668,0.56529,0.94359,0.97453,0.96286,0.26099,0.83948,0.99941,0.8531,0.99988,0.93786,0.95916,0.88775,0.94708,0.99725,0.72443,0.91692,0.87035,0.92373,0.9207,0.98979,0.99928,0.73871,0.89666,0.69241,0.74423
13.4,0.6674,0.98888,0.87241,0.83311,0.99937,0.97475,0.57579,0.83383,0.84041,0.48887,0.99854,0.99604,0.97272,0.94656,0.80159,0.97975,0.82847,0.91862,0.9783,0.94479,0.8958,0.9954,0.99304,0.57991,0.96947,0.7012,0.73798,0.86882,0.96415,0.99567,0.59934,0.95898,0.87579,0.91834,1.0949,0.99295,0.9847,0.99914,0.94273,0.98967,0.87675,0.81571,0.64878,0.56529,0.94398,0.97386,0.9607,0.25893,0.8421,0.9996,0.85531,0.99987,0.93865,0.95942,0.88801,0.94758,0.99708,0.72484,0.9176,0.8704,0.92366,0.92073,0.98992,0.99928,0.73965,0.89746,0.69254,0.74415
13.42,0.67083,0.98907,0.87403,0.83074,0.99914,0.97475,0.57813,0.83465,0.83848,0.48886,0.99818,0.99601,0.97011,0.94614,0.79907,0.98125,0.83382,0.91564,0.97813,0.94326,0.89609,0.99537,0.99203,0.58409,0.97012,0.70151,0.7378,0.86935,0.96164,0.99407,0.60372,0.95942,0.87557,0.91857,1.09406,0.99277,0.98534,0.99892,0.9405,0.98967,0.87848,0.81432,0.64537,0.56528,0.94638,0.97379,0.95754,0.25675,0.84356,0.99979,0.85986,0.99979,0.93837,0.95813,0.88761,0.9477,0.99634,0.72803,0.91889,0.87019,0.92382,0.92018,0.99096,0.99861,0.74299,0.8983,0.6929,0.74389
13.44,0.67522,0.98932,0.87687,0.82768,0.99881,0.97475,0.5811,0.83594,0.8393,0.48887,0.99763,0.99608,0.96717,0.94569,0.79714,0.98282,0.84028,0.91169,0.97782,0.94101,0.8966,0.99541,0.99064,0.58998,0.97109,0.70204,0.73748,0.87017,0.95815,0.99156,0.60967,0.96011,0.87526,0.91889,1.09295,0.99252,0.98642,0.99858,0.93764,0.98967,0.88066,0.81212,0.64682,0.56529,0.94954,0.97395,0.954,0.25446,0.84468,0.99994,0.86537,0.99963,0.93783,0.95621,0.88688,0.94754,0.99529,0.73252,0.9208,0.86986,0.92409,0.91932,0.99227,0.99741,0.7475,0.89959,0.69341,0.74352
13.46,0.67915,0.98956,0.87918,0.82482,0.99846,0.97475,0.58386,0.83717,0.84391,0.48886,0.99705,0.99611,0.9643,0.94522,0.79487,0.98427,0.84623,0.90819,0.97764,0.93896,0.89708,0.99546,0.98926,0.59552,0.97215,0.70254,0.73718,0.87094,0.95491,0.98912,0.61532,0.96094,0.87492,0.91922,1.09195,0.99229,0.98729,0.99822,0.93494,0.98967,0.88268,0.81002,0.65499,0.56528,0.95238,0.97405,0.95058,0.25211,0.846,1.00005,0.87043,0.99943,0.93753,0.95447,0.88622,0.94731,0.9942,0.73675,0.92289,0.86954,0.92434,0.91849,0.99336,0.9961,0.75179,0.90117,0.69395,0.74315
13.48,0.68297,0.98973,0.8812,0.82232,0.99809,0.97475,0.58625,0.83775,0.82777,0.48883,0.99653,0.99609,0.96076,0.94484,0.79289,0.98565,0.8515,0.90403,0.97714,0.93717,0.8973,0.99532,0.98793,0.59905,0.97218,0.70273,0.73704,0.87134,0.95159,0.98566,0.6189,0.96064,0.87483,0.91935,1.09096,0.99211,0.98803,0.99788,0.93236,0.98967,0.88443,0.80904,0.62647,0.56526,0.95462,0.97399,0.94637,0.25015,0.84714,1.00011,0.87492,0.99913,0.93668,0.95294,0.8859,0.94791,0.99312,0.73943,0.92295,0.86942,0.92447,0.91806,0.99435,0.99413,0.75451,0.9006,0.6941,0.74299
13.5,0.68723,0.99004,0.88405,0.81891,0.9976,0.97475,0.58952,0.83976,0.85423,0.48892,0.99565,0.9962,0.95826,0.94429,0.79046,0.98701,0.85808,0.90093,0.9773,0.93463,0.89809,0.99561,0.98614,0.60704,0.97434,0.70362,0.73655,0.87256,0.9479,0.98314,0.62713,0.96274,0.87423,0.91989,1.08984,0.99178,0.98904,0.99736,0.92922,0.98967,0.88679,0.80559,0.67338,0.56533,0.95798,0.97429,0.94342,0.2474,0.84854,1.00013,0.88052,0.99886,0.93694,0.95077,0.88476,0.9467,0.99162,0.74551,0.92727,0.86886,0.92488,0.91673,0.99532,0.99262,0.76074,0.90459,0.69508,0.74237
13.52,0.69203,0.99068,0.88883,0.8131,0.9968,0.97475,0.59513,0.84574,0.96317,0.48876,0.99355,0.99669,0.95866,0.94322,0.78682,0.98842,0.86805,0.90016,0.97911,0.92947,0.90036,0.99696,0.98302,0.62686,0.98164,0.70647,0.73511,0.87616,0.94309,0.98448,0.6467,0.97078,0.87212,0.9216,1.08856,0.99107,0.99067,0.99636,0.92458,0.98967,0.89082,0.79532,0.88114,0.56519,0.96439,0.97559,0.94389,0.24198,0.85064,1.00009,0.889,0.99879,0.94004,0.94633,0.88147,0.94027,0.98892,0.76053,0.94229,0.86703,0.92609,0.91275,0.99641,0.99343,0.7755,0.92017,0.69845,0.74039
13.54,0.6973,0.99142,0.89429,0.80637,0.99579,0.97475,0.60155,0.85295,0.99774,0.48889,0.99058,0.99725,0.96034,0.94199,0.78268,0.98979,0.87892,0.90075,0.98147,0.92345,0.90317,0.99834,0.97916,0.65034,0.98911,0.71,0.73336,0.88045,0.93792,0.98704,0.67028,0.97963,0.86949,0.92367,1.08712,0.99017,0.99241,0.995,0.91929,0.98967,0.89536,0.7828,0.99686,0.5653,0.97115,0.97718,0.94588,0.23586,0.85302,1,0.89825,0.99884,0.94417,0.94114,0.87728,0.93143,0.98546,0.77824,0.95877,0.86475,0.92757,0.90777,0.99738,0.99493,0.79319,0.93806,0.70262,0.73797
13.56,0.7026,0.99209,0.8993,0.80003,0.99473,0.97475,0.60745,0.85925,0.93289,0.48915,0.98741,0.99769,0.96167,0.94089,0.77868,0.99103,0.88872,0.90144,0.98352,0.918,0.90572,0.99923,0.97528,0.67112,0.99417,0.71315,0.73179,0.88424,0.93293,0.98887,0.69151,0.98625,0.86711,0.92549,1.08564,0.98929,0.99388,0.99353,0.91416,0.98967,0.89949,0.77175,0.9622,0.56552,0.97666,0.97853,0.94745,0.23036,0.85531,0.99985,0.90658,0.99891,0.94784,0.93641,0.87335,0.92299,0.98189,0.79382,0.97125,0.86269,0.92888,0.9032,0.99814,0.99597,0.80901,0.95228,0.70634,0.73582
13.58,0.70663,0.99269,0.90411,0.79342,0.99343,0.97475,0.61363,0.86593,0.74973,0.48798,0.98318,0.99817,0.96189,0.93948,0.77517,0.99227,0.89832,0.89918,0.98509,0.91022,0.9081,0.99979,0.97035,0.69176,0.99775,0.71654,0.73005,0.88842,0.92619,0.99048,0.71017,0.99156,0.86451,0.92752,1.0845,0.98843,0.99517,0.99181,0.9084,0.98967,0.90376,0.75991,0.76705,0.56453,0.9823,0.98005,0.94771,0.22338,0.85731,0.99963,0.91473,0.99869,0.95073,0.92963,0.86958,0.91394,0.97724,0.8092,0.98177,0.86046,0.93032,0.89792,0.99894,0.99684,0.82283,0.9646,0.71038,0.73341
13.6,0.71326,0.99337,0.90911,0.78706,0.99222,0.97475,0.61933,0.87177,0.52395,0.49025,0.97959,0.99848,0.96467,0.93864,0.77057,0.99329,0.90736,0.90325,0.98738,0.90647,0.91085,1.00001,0.96642,0.71158,0.99963,0.71956,0.72862,0.8917,0.92254,0.99234,0.73304,0.99577,0.86221,0.92913,1.08257,0.98736,0.99638,0.98998,0.90335,0.98967,0.90765,0.74947,0.49691,0.56647,0.98601,0.98114,0.95102,0.21929,0.85992,0.99938,0.92241,0.99906,0.95504,0.92635,0.86509,0.90413,0.97346,0.82387,0.98981,0.85844,0.9315,0.89362,0.99926,0.9978,0.83964,0.97565,0.71389,0.73149
13.62,0.72685,0.99426,0.91468,0.78161,0.99158,0.97475,0.62321,0.87469,0.47694,0.49855,0.9794,0.99848,0.97308,0.93945,0.76302,0.99388,0.91506,0.92414,0.99141,0.91528,0.91461,0.99986,0.96687,0.72981,0.99993,0.72154,0.72805,0.89296,0.92779,0.99484,0.76566,0.99884,0.86087,0.92959,1.07846,0.98582,0.99756,0.98827,0.90078,0.98967,0.91026,0.74419,0.43895,0.57357,0.98619,0.98113,0.96114,0.22326,0.86418,0.9992,0.92894,0.9999,0.96314,0.93405,0.85871,0.89325,0.9739,0.83727,0.99522,0.85711,0.93196,0.89192,0.99877,0.99895,0.86334,0.98586,0.71592,0.73094
13.64,0.7426,0.99517,0.92032,0.77648,0.99116,0.97475,0.62672,0.87697,0.5055,0.51083,0.9805,0.99836,0.98219,0.94085,0.75446,0.99434,0.92233,0.94704,0.99514,0.92746,0.91864,0.9993,0.96869,0.7471,0.99887,0.72312,0.7278,0.89328,0.93602,0.99706,0.80027,0.99998,0.85989,0.92962,1.07339,0.98401,0.99855,0.98655,0.89914,0.98967,0.9126,0.74006,0.47421,0.58407,0.98515,0.98072,0.97241,0.23018,0.86898,0.99904,0.93511,0.99807,0.97157,0.94461,0.85155,0.88167,0.97564,0.84989,0.99855,0.85605,0.93216,0.89148,0.99769,0.99975,0.88806,0.99352,0.71739,0.73089
13.66,0.75679,0.99597,0.92561,0.77122,0.99062,0.97475,0.6306,0.8799,0.49762,0.52319,0.98103,0.9983,0.98898,0.94199,0.7465,0.99486,0.92952,0.96371,0.99762,0.93674,0.92236,0.99838,0.96957,0.76376,0.99653,0.72481,0.72743,0.89371,0.9426,0.99856,0.83091,0.99916,0.85881,0.92983,1.06852,0.98217,0.99927,0.98468,0.89707,0.98967,0.91517,0.73473,0.46449,0.59464,0.98462,0.98049,0.98114,0.23583,0.87341,0.99884,0.9412,0.9938,0.97828,0.95257,0.84462,0.86982,0.97649,0.86197,1.00001,0.8549,0.93247,0.8909,0.99651,1.00003,0.90948,0.9981,0.71901,0.73064
13.68,0.77061,0.99669,0.93092,0.76567,0.99002,0.97475,0.63339,0.8812,0.49518,0.52662,0.98141,0.99823,0.99368,0.94303,0.73847,0.99521,0.93557,0.97883,0.99937,0.94682,0.92625,0.99691,0.97153,0.78084,0.99244,0.72678,0.72696,0.89547,0.94813,0.99966,0.85738,0.9959,0.85745,0.93015,1.06349,0.98027,0.99977,0.98258,0.89482,0.98967,0.917,0.73235,0.46149,0.59757,0.98423,0.98027,0.98755,0.24104,0.87784,0.99869,0.94633,0.98592,0.98477,0.96114,0.83701,0.8561,0.97836,0.87424,0.99948,0.85356,0.93285,0.88848,0.99526,0.99982,0.92753,1.00008,0.72104,0.73026
13.7,0.78444,0.99737,0.93569,0.76071,0.98958,0.97475,0.63845,0.88562,0.50056,0.54935,0.98236,0.99813,0.99783,0.94437,0.73057,0.99582,0.94288,0.98801,0.99998,0.95402,0.92958,0.9954,0.97159,0.79514,0.98805,0.72807,0.72678,0.89427,0.95531,1.00002,0.88514,0.99193,0.85674,0.93012,1.05813,0.97815,1.00001,0.9806,0.89315,0.98967,0.92028,0.72422,0.46812,0.617,0.98321,0.97992,0.99385,0.24777,0.88217,0.99838,0.95251,0.9773,0.98913,0.96718,0.83018,0.84459,0.97841,0.88442,0.99745,0.85267,0.933,0.89014,0.99323,0.99929,0.94588,0.9993,0.7221,0.73029
13.72,0.79891,0.99809,0.93924,0.75735,0.98947,0.97475,0.6485,0.89827,0.50645,0.61826,0.9847,0.99793,1,0.94644,0.7232,0.9971,0.9537,0.98986,1.00003,0.95444,0.93153,0.99479,0.96548,0.80361,0.98649,0.72758,0.72733,0.88447,0.96657,1.00002,0.9193,0.99212,0.85779,0.92923,1.05214,0.97546,1.00005,0.97921,0.89276,0.98967,0.92668,0.70051,0.47538,0.67591,0.98046,0.97927,0.99958,0.25829,0.88617,0.99756,0.96166,0.97487,0.99015,0.96753,0.82604,0.84037,0.97255,0.89041,0.99654,0.85301,0.93255,0.90291,0.98881,0.99931,0.96729,0.99937,0.72053,0.73136
13.74,0.8131,0.99871,0.94235,0.75459,0.98953,0.97475,0.66088,0.91293,0.5183,0.69764,0.9873,0.99768,0.99495,0.94873,0.71598,0.99833,0.96458,0.98975,1.00003,0.95274,0.93299,0.99461,0.95656,0.80975,0.98622,0.72644,0.72816,0.87109,0.97746,0.99991,0.94949,0.99386,0.85948,0.928,1.04585,0.97251,0.99997,0.97803,0.89299,0.98967,0.93431,0.67212,0.48997,0.74371,0.97683,0.97847,0.9983,0.2701,0.89005,0.99637,0.97083,0.97503,0.99015,0.96611,0.82287,0.83918,0.96377,0.89473,0.99637,0.85379,0.93187,0.91833,0.9824,0.99956,0.98441,0.99988,0.71801,0.73284
13.76,0.82639,0.99919,0.94558,0.75155,0.98955,0.97475,0.67272,0.92535,0.52927,0.76259,0.98939,0.99743,0.98377,0.95082,0.70875,0.99917,0.97348,0.99049,1.00003,0.95213,0.93463,0.99426,0.94812,0.81652,0.98532,0.72562,0.72885,0.8588,0.98557,0.99982,0.97134,0.99473,0.86083,0.92693,1.03955,0.96957,0.99977,0.97669,0.89305,0.98967,0.94133,0.6471,0.50344,0.79915,0.9734,0.97773,0.99031,0.28099,0.89391,0.99507,0.97832,0.97398,0.99059,0.9656,0.81924,0.8369,0.95532,0.89947,0.99581,0.85435,0.93131,0.93071,0.97525,0.99968,0.99474,1.00003,0.71597,0.73412
13.78,0.84044,0.99962,0.94855,0.74849,0.98944,0.97475,0.68109,0.93671,0.53443,0.81548,0.99166,0.99717,0.96043,0.95305,0.7017,0.99975,0.98132,0.99125,1.00002,0.95106,0.93631,0.99369,0.93721,0.82413,0.98438,0.72467,0.72963,0.84451,0.99252,0.9997,0.98886,0.99576,0.86233,0.92577,1.0324,0.96592,0.99946,0.97532,0.89266,0.98967,0.94613,0.62327,0.50977,0.84424,0.96893,0.97697,0.97079,0.29278,0.89765,0.99356,0.98488,0.97281,0.99109,0.9647,0.81542,0.83325,0.94421,0.90478,0.99519,0.855,0.93066,0.94326,0.9658,0.99979,0.99986,1.00009,0.7137,0.7355
13.8,0.85141,0.99983,0.95167,0.74557,0.98963,0.97475,0.69661,0.94779,0.55177,0.87152,0.99305,0.99689,0.94231,0.9549,0.69455,1.00005,0.98757,0.99145,1.00002,0.95036,0.93774,0.99367,0.92848,0.82913,0.9838,0.72384,0.73028,0.83188,0.99647,0.99954,0.99665,0.99651,0.86366,0.9247,1.02641,0.96327,0.99902,0.97397,0.89336,0.98967,0.95464,0.59884,0.531,0.89195,0.96567,0.97615,0.95474,0.30274,0.9014,0.99183,0.99009,0.9725,0.99119,0.96412,0.81212,0.83316,0.93521,0.90824,0.9948,0.85556,0.93013,0.95289,0.95709,0.99989,0.99899,1.00001,0.71167,0.73676
13.82,0.85541,0.99978,0.95551,0.7429,0.99056,0.97475,0.72998,0.95946,0.59913,0.93674,0.99244,0.99659,0.96251,0.95576,0.68676,1.00005,0.99206,0.99047,1.00003,0.95127,0.93859,0.995,0.92869,0.82777,0.98387,0.72351,0.73049,0.82577,0.99733,0.99941,0.99698,0.99648,0.86437,0.92404,1.02414,0.96398,0.99826,0.97271,0.89683,0.98967,0.97106,0.57146,0.58861,0.94732,0.96715,0.97532,0.9726,0.3074,0.90544,0.98987,0.9938,0.974,0.99038,0.96488,0.81011,0.84185,0.93542,0.9073,0.99484,0.85579,0.92996,0.95711,0.95442,0.99994,0.99881,1.00002,0.71058,0.73754
13.84,0.85686,0.99963,0.95939,0.74034,0.99171,0.97475,0.76779,0.97003,0.65422,0.98257,0.99114,0.99625,0.98635,0.95629,0.67895,0.99976,0.9954,0.98889,0.99998,0.95261,0.93922,0.99661,0.9322,0.82398,0.98427,0.72332,0.73055,0.82222,0.99743,0.99926,0.99524,0.99625,0.86491,0.9235,1.0233,0.96584,0.99724,0.97148,0.90129,0.98967,0.98602,0.54452,0.65485,0.98592,0.97003,0.97441,0.9923,0.31027,0.90945,0.98771,0.99652,0.97619,0.98912,0.966,0.8086,0.85365,0.93905,0.90467,0.99511,0.85591,0.92991,0.95944,0.9541,0.99999,0.99955,1.00005,0.70976,0.73817
13.86,0.85934,0.9995,0.96292,0.73771,0.99267,0.97475,0.80027,0.97865,0.70095,0.99962,0.99018,0.99589,0.99692,0.95697,0.67145,0.99919,0.99784,0.98749,0.99988,0.9537,0.93997,0.99777,0.93433,0.82128,0.98454,0.72307,0.73068,0.81778,0.99783,0.99909,0.99418,0.99612,0.86554,0.92288,1.02186,0.96709,0.99606,0.97019,0.90521,0.98967,0.99509,0.52021,0.71023,0.99983,0.97194,0.97346,0.99936,0.31402,0.91327,0.98538,0.99848,0.97793,0.98802,0.96691,0.80681,0.86367,0.94125,0.9028,0.99529,0.85608,0.9298,0.96223,0.95264,1.00002,0.9998,1.00007,0.70878,0.73889
13.88,0.86223,0.99933,0.96662,0.73514,0.99357,0.97475,0.82967,0.98662,0.74445,0.99012,0.98867,0.9956,0.99991,0.9576,0.6633,0.99826,0.99946,0.98579,0.99971,0.95485,0.94063,0.99865,0.93565,0.81837,0.98477,0.7228,0.73082,0.81161,0.99818,0.99895,0.9937,0.99598,0.86611,0.92233,1.02014,0.96853,0.99452,0.96891,0.90898,0.98967,0.99949,0.49451,0.76096,0.99086,0.97465,0.97273,0.99813,0.31748,0.91737,0.98265,0.99971,0.97983,0.98668,0.96787,0.80521,0.87289,0.94261,0.90077,0.99545,0.85626,0.92968,0.96589,0.95123,1.00003,0.99988,1.00008,0.7079,0.73955
13.9,0.8636,0.99917,0.96953,0.73246,0.99448,0.97475,0.85906,0.99151,0.78594,0.95724,0.98793,0.99511,0.99483,0.95825,0.65672,0.9972,0.99999,0.98432,0.99952,0.95595,0.94139,0.99941,0.93931,0.81532,0.98512,0.7226,0.7309,0.80954,0.9984,0.99869,0.99096,0.99578,0.86676,0.92168,1.01931,0.96975,0.99306,0.96754,0.91302,0.98967,0.99926,0.47597,0.8084,0.96185,0.97585,0.97149,0.9892,0.32106,0.92064,0.98014,1.00004,0.98132,0.98556,0.96879,0.80332,0.88335,0.94636,0.89863,0.99568,0.8564,0.92961,0.96707,0.95029,1.00004,1.00001,1.00009,0.70689,0.7403
13.92,0.86139,0.9991,0.97047,0.7294,0.99549,0.97475,0.89061,0.99233,0.82657,0.92185,0.98985,0.99389,0.99048,0.95905,0.65409,0.99652,0.99998,0.98395,0.99948,0.9569,0.94259,0.99995,0.9484,0.81229,0.98569,0.72255,0.73086,0.81849,0.99848,0.99798,0.97958,0.99548,0.86771,0.92074,1.02064,0.97023,0.99253,0.96595,0.91779,0.98967,0.99207,0.47248,0.8537,0.93092,0.97256,0.96859,0.98314,0.32549,0.92193,0.97871,0.99997,0.98168,0.98534,0.96958,0.80035,0.8967,0.9556,0.89652,0.99604,0.85643,0.92965,0.9618,0.94989,0.99997,0.99774,1.00009,0.70541,0.74139
13.94,0.85772,0.99906,0.97083,0.72624,0.99646,0.97475,0.91976,0.99185,0.86362,0.88462,0.9923,0.9923,0.98732,0.95987,0.65298,0.99602,0.99988,0.98394,0.99949,0.9578,0.94388,0.99991,0.95859,0.80925,0.98633,0.72257,0.73076,0.83108,0.99847,0.99696,0.95906,0.99512,0.86874,0.9197,1.0228,0.97048,0.99233,0.96427,0.92271,0.98967,0.97617,0.47455,0.89363,0.8985,0.96747,0.96505,0.97897,0.33007,0.92248,0.97771,0.99984,0.98169,0.98541,0.97032,0.79707,0.91053,0.96579,0.89439,0.99644,0.85642,0.92973,0.95346,0.94995,0.99972,0.98924,1.00007,0.7038,0.74259
13.96,0.85468,0.99901,0.97153,0.72313,0.99727,0.97475,0.94366,0.99186,0.89537,0.83613,0.99408,0.99074,0.9824,0.96065,0.65127,0.99538,0.99965,0.98372,0.99948,0.95869,0.94506,0.99924,0.96685,0.80633,0.98691,0.72254,0.7307,0.84139,0.99847,0.99587,0.93482,0.99477,0.86972,0.91871,1.02456,0.97081,0.99191,0.96259,0.92728,0.98967,0.95271,0.47449,0.92635,0.85636,0.96293,0.96173,0.97267,0.33452,0.92332,0.97647,0.99959,0.98189,0.98533,0.97106,0.79401,0.92286,0.97387,0.89233,0.99679,0.85644,0.92978,0.94575,0.94993,0.99936,0.97637,1.00004,0.70226,0.74372
13.98,0.85148,0.99894,0.97184,0.71993,0.99804,0.97475,0.96392,0.99228,0.92524,0.77568,0.99585,0.98864,0.97668,0.96146,0.64918,0.99467,0.99932,0.98364,0.99948,0.95963,0.94641,0.99796,0.97458,0.80268,0.98752,0.72255,0.7306,0.85205,0.99858,0.99444,0.90169,0.9944,0.87074,0.91767,1.02638,0.97124,0.99172,0.96082,0.93203,0.98967,0.92011,0.47273,0.95522,0.80391,0.95728,0.95749,0.96554,0.33907,0.92434,0.97517,0.99926,0.98197,0.98534,0.97183,0.79046,0.93422,0.98123,0.88976,0.99716,0.85643,0.92986,0.93686,0.94942,0.99878,0.95645,0.99999,0.70065,0.74492
14,0.8482,0.99891,0.97282,0.71687,0.9986,0.97475,0.97893,0.99153,0.94614,0.71755,0.99701,0.98714,0.97116,0.96222,0.64827,0.99402,0.99888,0.98337,0.99946,0.96044,0.9474,0.996,0.98085,0.80051,0.98804,0.72251,0.73055,0.86178,0.99844,0.99315,0.86798,0.99402,0.87167,0.91671,1.0282,0.97139,0.99109,0.9591,0.93603,0.98967,0.88152,0.47588,0.9737,0.75352,0.95255,0.95458,0.95881,0.34344,0.92479,0.97402,0.99883,0.98222,0.98521,0.9725,0.78778,0.94499,0.98699,0.88823,0.99745,0.85646,0.9299,0.92785,0.95006,0.99819,0.93462,0.99992,0.69917,0.74602
14.02,0.84507,0.99901,0.97565,0.71424,0.99887,0.97475,0.98832,0.98746,0.95402,0.68306,0.99716,0.98794,0.96707,0.96287,0.65026,0.99358,0.99826,0.98251,0.99935,0.96093,0.94748,0.99324,0.98489,0.80256,0.98826,0.72229,0.73067,0.86887,0.99765,0.9929,0.85032,0.99363,0.8724,0.91596,1.02991,0.97076,0.9891,0.95758,0.93814,0.98967,0.84381,0.49154,0.9801,0.72365,0.95189,0.95612,0.95389,0.34717,0.92382,0.97326,0.99824,0.98299,0.98466,0.9729,0.78758,0.95527,0.99056,0.88968,0.99757,0.85661,0.9298,0.92068,0.95332,0.99807,0.92276,0.99983,0.69801,0.74687
14.04,0.84195,0.99915,0.97895,0.71175,0.99905,0.97475,0.99454,0.98092,0.95769,0.65937,0.997,0.98946,0.96378,0.96349,0.6534,0.99323,0.9975,0.98142,0.99919,0.9613,0.94721,0.98967,0.98807,0.80612,0.9884,0.72202,0.73084,0.87511,0.99629,0.993,0.8388,0.99323,0.87302,0.91531,1.03159,0.96986,0.98634,0.95614,0.93962,0.98967,0.80436,0.5133,0.98294,0.70314,0.95261,0.95912,0.94996,0.35076,0.92228,0.97267,0.99753,0.98392,0.98393,0.97321,0.7883,0.9647,0.99324,0.89218,0.99765,0.85679,0.92967,0.91393,0.95759,0.99812,0.91491,0.99973,0.69702,0.7476
14.06,0.83884,0.99925,0.98177,0.7092,0.99924,0.97475,0.9985,0.97389,0.96266,0.62957,0.99699,0.99052,0.95989,0.96414,0.65603,0.9928,0.99661,0.98041,0.99903,0.96173,0.94709,0.98537,0.99105,0.80894,0.9886,0.72179,0.73097,0.88147,0.99476,0.99288,0.82342,0.99282,0.87364,0.91465,1.03324,0.96913,0.98353,0.95463,0.94139,0.98967,0.75893,0.53396,0.98661,0.67734,0.95263,0.96128,0.94534,0.35451,0.92098,0.97196,0.99671,0.98474,0.98324,0.97357,0.78862,0.97298,0.9956,0.89417,0.99776,0.85695,0.92956,0.90656,0.9614,0.99806,0.90428,0.99961,0.69602,0.74834
14.08,0.83539,0.99938,0.98428,0.7066,0.9994,0.97475,0.99996,0.96591,0.96785,0.59581,0.99694,0.99168,0.95566,0.9647,0.65874,0.99243,0.99555,0.97934,0.99888,0.96211,0.94701,0.98042,0.99359,0.81182,0.98869,0.72148,0.73116,0.88787,0.99342,0.99301,0.80717,0.99239,0.87444,0.91382,1.03503,0.96814,0.9806,0.95307,0.94299,0.98967,0.70757,0.5553,0.99019,0.64812,0.95285,0.96371,0.94035,0.35781,0.91964,0.97136,0.99574,0.98555,0.98264,0.97388,0.78884,0.98004,0.99746,0.89619,0.99781,0.85715,0.9294,0.89863,0.96415,0.99812,0.89292,0.99946,0.69473,0.74928
14.1,0.8326,0.99945,0.98692,0.70413,0.99956,0.97475,0.99895,0.95599,0.97091,0.5697,0.9969,0.99262,0.95179,0.96541,0.66157,0.99194,0.99442,0.97824,0.99866,0.96257,0.94676,0.97453,0.99565,0.81488,0.98898,0.72131,0.73123,0.89347,0.99072,0.99272,0.79267,0.99197,0.87485,0.91337,1.03645,0.96758,0.97695,0.95157,0.94473,0.98967,0.65529,0.57982,0.99216,0.62553,0.95304,0.96573,0.93582,0.36196,0.91823,0.97056,0.99472,0.98635,0.98177,0.97425,0.78951,0.98623,0.99879,0.89833,0.99796,0.85727,0.92934,0.89123,0.96873,0.99798,0.88267,0.99932,0.69407,0.74979
14.12,0.83153,0.99935,0.99003,0.70187,0.99974,0.97475,0.99634,0.94235,0.96974,0.56405,0.99699,0.99294,0.94873,0.96652,0.66434,0.991,0.99347,0.9771,0.9982,0.96331,0.94622,0.96699,0.99728,0.81807,0.98983,0.72153,0.73096,0.89748,0.98316,0.99093,0.78237,0.99166,0.87416,0.91399,1.037,0.96841,0.97165,0.95018,0.94711,0.98967,0.60809,0.61099,0.99142,0.62065,0.95263,0.96645,0.93225,0.36855,0.91685,0.96909,0.99386,0.98713,0.98015,0.97485,0.79095,0.99182,0.99963,0.90056,0.99839,0.85712,0.92956,0.88564,0.97768,0.99708,0.87533,0.9992,0.69518,0.74909
14.14,0.8312,0.99918,0.99294,0.69977,0.9999,0.97475,0.99259,0.92592,0.9668,0.56713,0.99709,0.9931,0.94618,0.96775,0.66718,0.98988,0.99252,0.97593,0.99759,0.96411,0.94551,0.95826,0.99849,0.82138,0.99084,0.72189,0.73057,0.9008,0.97131,0.98843,0.77422,0.99139,0.87308,0.91498,1.03716,0.96964,0.96529,0.94887,0.9496,0.98967,0.56256,0.64595,0.98949,0.62331,0.95218,0.9668,0.92928,0.37597,0.91542,0.96739,0.99301,0.98788,0.9782,0.97551,0.79284,0.99605,1.00002,0.90287,0.99886,0.85688,0.92989,0.88083,0.98635,0.99572,0.8695,0.99909,0.69692,0.74797
14.16,0.83065,0.99904,0.99524,0.69765,1,0.97475,0.98735,0.90822,0.96458,0.56659,0.99716,0.99334,0.94351,0.9689,0.67005,0.9888,0.99142,0.97476,0.99695,0.96486,0.94481,0.9488,0.99935,0.82465,0.9917,0.72219,0.73023,0.90427,0.9578,0.98602,0.76501,0.99109,0.87219,0.91578,1.03744,0.9706,0.95864,0.94753,0.95192,0.98967,0.51322,0.68137,0.98797,0.62284,0.95187,0.96733,0.92619,0.38293,0.91398,0.96579,0.99202,0.9886,0.97632,0.97612,0.79466,0.99871,1.00001,0.90514,0.99921,0.85667,0.93017,0.87559,0.9924,0.99434,0.86287,0.99896,0.69834,0.74707
14.18,0.82959,0.99884,0.99719,0.69525,1.00007,0.97475,0.98015,0.88706,0.96207,0.56509,0.99732,0.99354,0.93988,0.97004,0.67283,0.98751,0.99047,0.97345,0.99616,0.96566,0.94433,0.93747,0.9999,0.82774,0.99256,0.72246,0.72992,0.90793,0.94012,0.98278,0.75505,0.99077,0.87121,0.91666,1.03797,0.97182,0.95092,0.94601,0.95434,0.98967,0.45719,0.72154,0.98618,0.62154,0.95109,0.9678,0.92199,0.38995,0.91257,0.96393,0.99116,0.98936,0.97416,0.97678,0.7959,0.99997,0.99951,0.90728,0.99952,0.85649,0.93043,0.86984,0.99699,0.9924,0.85567,0.99883,0.69991,0.74607
14.2,0.82978,0.99871,0.99849,0.69348,1.00009,0.97475,0.97295,0.86709,0.95955,0.56749,0.99729,0.99376,0.93817,0.97115,0.6758,0.98644,0.98901,0.97235,0.99543,0.96634,0.94335,0.92707,1.00004,0.83109,0.99333,0.72284,0.72952,0.91088,0.92236,0.9804,0.74659,0.99049,0.87033,0.91745,1.03787,0.97254,0.94352,0.94486,0.95641,0.98967,0.40836,0.75785,0.98433,0.62362,0.95124,0.9683,0.92002,0.39693,0.91106,0.96243,0.98986,0.98996,0.9723,0.97733,0.79842,0.99974,0.99879,0.9096,0.99975,0.85624,0.93076,0.86504,0.99928,0.99092,0.84953,0.9987,0.7013,0.74517
14.22,0.8331,0.99883,0.99913,0.69327,1.00009,0.97475,0.96905,0.85528,0.95765,0.57816,0.99666,0.99405,0.94209,0.9722,0.67943,0.98621,0.98592,0.97185,0.99511,0.96665,0.94093,0.92111,1.00004,0.83556,0.99401,0.72346,0.72893,0.91224,0.91185,0.98129,0.74195,0.9903,0.86987,0.91787,1.0362,0.97186,0.93841,0.94473,0.95771,0.98967,0.38385,0.77872,0.98291,0.63285,0.95407,0.96897,0.92455,0.40355,0.90921,0.96211,0.98711,0.99022,0.9715,0.97758,0.80447,0.99912,0.99863,0.91268,0.99991,0.85582,0.93124,0.86277,0.99987,0.99148,0.84615,0.99861,0.70202,0.74469
14.24,0.83762,0.99903,0.99951,0.69371,1.00008,0.97475,0.96668,0.84677,0.9559,0.59221,0.99574,0.99435,0.94771,0.97323,0.68323,0.98627,0.98188,0.97159,0.99495,0.96684,0.93794,0.91728,1.00004,0.84017,0.99461,0.72418,0.72826,0.91295,0.90423,0.98329,0.73892,0.99014,0.86954,0.91819,1.03387,0.97066,0.93423,0.94502,0.95869,0.98967,0.36955,0.79353,0.98156,0.64501,0.95766,0.96967,0.93106,0.41012,0.90726,0.9622,0.98352,0.99036,0.97111,0.97773,0.81165,0.99856,0.99877,0.91585,1.00002,0.85533,0.93179,0.86157,1.00001,0.99271,0.84394,0.99854,0.70254,0.74432
14.26,0.84161,0.99918,0.9998,0.69393,1.00005,0.97475,0.96353,0.8365,0.95405,0.60454,0.99485,0.99464,0.95208,0.97424,0.68686,0.98619,0.97769,0.97124,0.99472,0.96709,0.93515,0.91279,1.00004,0.84436,0.99517,0.72487,0.72762,0.91389,0.89485,0.9847,0.73519,0.98997,0.86914,0.91857,1.03178,0.96966,0.92951,0.94516,0.95972,0.98967,0.35097,0.81118,0.98011,0.65568,0.96063,0.97035,0.93616,0.41674,0.90539,0.96208,0.97982,0.99054,0.97055,0.97793,0.81806,0.99776,0.99881,0.91871,1.00007,0.85486,0.93231,0.85995,0.9999,0.99356,0.84121,0.99846,0.70317,0.74389
14.28,0.84525,0.99931,0.99998,0.69386,1.00001,0.97475,0.95964,0.82472,0.95196,0.6166,0.99373,0.99491,0.95696,0.9752,0.69102,0.98615,0.97274,0.9708,0.99444,0.9673,0.93212,0.90589,1.00004,0.8496,0.99583,0.72552,0.72698,0.91503,0.88387,0.98602,0.73119,0.98977,0.86877,0.91891,1.02982,0.96873,0.92396,0.94511,0.96106,0.98967,0.32882,0.83112,0.97846,0.66611,0.9639,0.97101,0.94188,0.42305,0.90324,0.96203,0.97546,0.99076,0.96988,0.97811,0.82476,0.99624,0.99871,0.92228,1.00008,0.85442,0.93284,0.85798,0.99944,0.99434,0.83829,0.99836,0.70375,0.74349
14.3,0.84971,0.99946,1.00001,0.69454,0.99998,0.97475,0.95733,0.81612,0.95033,0.62936,0.99276,0.99519,0.9606,0.97622,0.69418,0.98609,0.96785,0.9706,0.99429,0.96757,0.92929,0.90426,1.00003,0.85254,0.99616,0.72625,0.72635,0.91561,0.8759,0.98758,0.72806,0.98965,0.86838,0.91929,1.02737,0.96747,0.91999,0.94555,0.96163,0.98967,0.31597,0.8455,0.97714,0.67716,0.9664,0.97169,0.94619,0.42983,0.90159,0.96194,0.97116,0.99086,0.96953,0.97832,0.83078,0.99583,0.99897,0.92427,1.00006,0.85392,0.93335,0.85697,0.99889,0.99524,0.83599,0.9983,0.70437,0.74306
14.32,0.85631,0.99966,1.00001,0.69706,1.00004,0.97475,0.9591,0.81571,0.94994,0.64318,0.9926,0.99549,0.96071,0.97746,0.69438,0.98584,0.96441,0.971,0.99446,0.96803,0.92728,0.91649,0.99971,0.84911,0.9957,0.72731,0.72572,0.91489,0.87624,0.98944,0.72679,0.98976,0.86786,0.91981,1.02362,0.96546,0.92037,0.94716,0.96023,0.98967,0.32582,0.84618,0.97683,0.68912,0.96677,0.97244,0.94631,0.43826,0.90149,0.9616,0.96813,0.99066,0.96993,0.97869,0.83493,0.99843,0.99979,0.92194,1.00009,0.85319,0.93386,0.85822,0.99892,0.99628,0.83506,0.99836,0.70518,0.74246
14.34,0.86353,0.99984,1,0.70031,1.00009,0.97475,0.96248,0.81885,0.95006,0.65752,0.99271,0.99578,0.95984,0.97873,0.69356,0.98556,0.96143,0.97162,0.99476,0.96855,0.92553,0.93251,0.99861,0.84336,0.99488,0.72843,0.72513,0.91362,0.88001,0.9914,0.72642,0.98997,0.86732,0.92036,1.01935,0.96306,0.92254,0.94921,0.95802,0.98967,0.34494,0.84094,0.97693,0.70153,0.9665,0.97319,0.94528,0.44707,0.90191,0.96121,0.96552,0.99034,0.97064,0.97911,0.83844,1.00001,1.00004,0.91803,1.00005,0.85242,0.93434,0.86042,0.99919,0.99732,0.83479,0.99846,0.70603,0.74183
14.36,0.87013,0.99996,0.99998,0.70323,1.00009,0.97475,0.96511,0.82073,0.94998,0.67138,0.99267,0.99606,0.95967,0.9799,0.6933,0.98531,0.95801,0.97212,0.99499,0.96901,0.92363,0.94508,0.99695,0.83868,0.99417,0.72944,0.72457,0.91256,0.88238,0.99315,0.7257,0.99013,0.8668,0.92088,1.01529,0.96072,0.92401,0.95102,0.9561,0.98967,0.36022,0.8378,0.97686,0.71354,0.96661,0.97392,0.94508,0.45539,0.90205,0.96087,0.96252,0.99008,0.97121,0.97948,0.84217,0.99932,0.99948,0.91483,0.99994,0.85173,0.93479,0.86222,0.99935,0.99819,0.83426,0.99854,0.70684,0.74123
14.38,0.87699,1.00003,0.99996,0.70607,1.00007,0.97475,0.96727,0.82123,0.94978,0.68433,0.99276,0.99635,0.95846,0.98117,0.69267,0.98498,0.9545,0.97266,0.99521,0.96955,0.92168,0.95608,0.99473,0.83347,0.99336,0.73078,0.72379,0.91162,0.88411,0.9944,0.72465,0.99029,0.86622,0.92145,1.01088,0.95837,0.92495,0.95275,0.95421,0.98967,0.37305,0.83696,0.9767,0.72475,0.96638,0.97467,0.94366,0.46457,0.90237,0.96043,0.95945,0.98979,0.97175,0.97992,0.84589,0.99681,0.99823,0.91124,0.99976,0.8508,0.93542,0.8638,0.99945,0.99876,0.83349,0.99861,0.70773,0.74057
14.4,0.88297,1.00004,0.99989,0.70926,1.00001,0.97475,0.97045,0.82535,0.94994,0.69849,0.99264,0.99659,0.95912,0.98216,0.69255,0.98479,0.95092,0.97317,0.99547,0.96995,0.91983,0.96704,0.99156,0.82855,0.99251,0.73145,0.72349,0.91026,0.88777,0.9961,0.72465,0.99048,0.86575,0.92192,1.00687,0.95573,0.92738,0.95466,0.95194,0.98967,0.39253,0.83005,0.97683,0.73702,0.96668,0.97533,0.94444,0.47189,0.90244,0.96016,0.95632,0.98952,0.9724,0.98024,0.84937,0.99179,0.99599,0.90784,0.9995,0.85033,0.93566,0.86606,0.99964,0.99944,0.83349,0.9987,0.70845,0.74002
14.42,0.88659,0.99998,0.99959,0.71299,0.99985,0.97475,0.97579,0.83817,0.9509,0.71577,0.99178,0.99676,0.96525,0.98242,0.69413,0.98501,0.94712,0.97349,0.99582,0.96992,0.91819,0.9789,0.98613,0.82555,0.99169,0.73016,0.72456,0.90819,0.89631,0.99862,0.72573,0.99077,0.86558,0.92213,1.00437,0.95253,0.93315,0.95686,0.94881,0.98967,0.42699,0.80832,0.97761,0.75198,0.96866,0.97579,0.95171,0.47387,0.90162,0.96046,0.95299,0.98933,0.97328,0.98021,0.85236,0.98183,0.99161,0.90576,0.99921,0.85123,0.9348,0.86943,0.99994,1.00004,0.83429,0.99883,0.70872,0.73978
14.44,0.88948,0.99983,0.99895,0.71707,0.9996,0.97475,0.98145,0.85371,0.95218,0.734,0.99062,0.99689,0.97242,0.98245,0.69624,0.98534,0.94325,0.97378,0.99619,0.96976,0.91665,0.9887,0.97894,0.82293,0.99085,0.7282,0.72611,0.90563,0.90611,0.99999,0.72811,0.9911,0.86551,0.92224,1.00233,0.94899,0.94004,0.95921,0.94528,0.98967,0.46665,0.78147,0.97864,0.76778,0.97107,0.97615,0.96033,0.4741,0.90051,0.96092,0.94961,0.98917,0.97425,0.98008,0.85513,0.96681,0.98526,0.90395,0.99886,0.85258,0.93355,0.87348,0.99999,0.9994,0.83603,0.99897,0.70882,0.73964
14.46,0.89274,0.9996,0.99809,0.72114,0.99929,0.97475,0.98608,0.86715,0.95334,0.75114,0.98955,0.99702,0.97798,0.98262,0.69806,0.9856,0.9393,0.9741,0.99653,0.96968,0.91503,0.99517,0.97099,0.81987,0.98998,0.72662,0.72738,0.90301,0.91437,0.99976,0.73096,0.9914,0.86539,0.9224,0.99996,0.9454,0.94611,0.96149,0.94184,0.98967,0.50262,0.75775,0.97956,0.78263,0.9731,0.97653,0.96715,0.47533,0.89956,0.96126,0.94615,0.98899,0.97516,0.98002,0.85798,0.94851,0.97785,0.90181,0.99846,0.85366,0.93251,0.87752,0.99977,0.99759,0.83812,0.99909,0.70901,0.73945
14.48,0.89554,0.99928,0.99709,0.72455,0.99885,0.97475,0.98988,0.87984,0.95437,0.76697,0.98826,0.99718,0.98352,0.98267,0.70008,0.98596,0.93487,0.97434,0.99685,0.96951,0.91344,0.99921,0.95928,0.81768,0.98898,0.72471,0.72891,0.90134,0.9237,0.99784,0.7294,0.99171,0.86529,0.92255,0.9979,0.94178,0.95139,0.96336,0.93795,0.98967,0.53581,0.73483,0.98037,0.79635,0.97533,0.97699,0.97408,0.47573,0.8985,0.96177,0.94228,0.98885,0.97605,0.97988,0.86073,0.92323,0.96648,0.90029,0.99796,0.85496,0.93126,0.88003,0.99917,0.99415,0.83698,0.99922,0.70916,0.73928
14.5,0.89897,0.99886,0.99556,0.72933,0.99841,0.97475,0.99347,0.89266,0.95565,0.78422,0.98718,0.99727,0.98745,0.98289,0.70184,0.98611,0.93104,0.97472,0.99717,0.96951,0.91178,1,0.95131,0.81376,0.98815,0.72332,0.73004,0.89751,0.93004,0.995,0.73714,0.99199,0.86518,0.9227,0.99531,0.93782,0.95754,0.96591,0.93462,0.98967,0.57214,0.71111,0.98137,0.81131,0.97702,0.97725,0.97913,0.4774,0.89757,0.96197,0.93894,0.98862,0.97694,0.97988,0.86354,0.89986,0.95853,0.89754,0.99751,0.85591,0.93033,0.88559,0.99851,0.99027,0.84264,0.99932,0.70934,0.73911
14.52,0.90452,0.99823,0.99262,0.73799,0.99822,0.97475,0.99693,0.9064,0.95784,0.80443,0.98695,0.99718,0.98847,0.98366,0.70282,0.98565,0.92904,0.97552,0.99748,0.97005,0.90983,0.99988,0.95895,0.80446,0.9879,0.72361,0.72987,0.88722,0.92811,0.99384,0.76992,0.99216,0.86494,0.92293,0.99096,0.93292,0.96607,0.97033,0.93325,0.98967,0.61673,0.68491,0.98305,0.82884,0.97736,0.97697,0.98047,0.48328,0.89705,0.96134,0.93719,0.98814,0.97786,0.98031,0.86677,0.89384,0.96614,0.89101,0.99737,0.85571,0.93046,0.89946,0.99874,0.98882,0.86641,0.99939,0.70971,0.73884
14.54,0.91052,0.99744,0.98848,0.74788,0.99812,0.97475,0.99921,0.9197,0.96017,0.82558,0.98702,0.99701,0.98866,0.98457,0.70352,0.98496,0.92781,0.97644,0.99778,0.97076,0.90783,0.99991,0.97036,0.79317,0.98788,0.72443,0.7293,0.87416,0.92368,0.99354,0.80828,0.99231,0.86468,0.92316,0.98606,0.92763,0.97446,0.97504,0.93257,0.98967,0.66253,0.65861,0.98479,0.8472,0.97725,0.9765,0.98072,0.4904,0.89668,0.96039,0.93612,0.98755,0.97878,0.98088,0.87001,0.89498,0.97725,0.88303,0.99736,0.85516,0.93094,0.91498,0.99917,0.98844,0.8937,0.99944,0.7101,0.73857
14.56,0.91591,0.99654,0.98375,0.75696,0.99796,0.97475,0.99996,0.93159,0.96217,0.84535,0.98696,0.99688,0.98925,0.98536,0.70435,0.98434,0.92632,0.97727,0.99805,0.97137,0.90589,0.99985,0.97792,0.78266,0.98775,0.72493,0.72897,0.86178,0.92093,0.99281,0.83943,0.99248,0.86449,0.92334,0.98144,0.92238,0.98125,0.97904,0.93152,0.98967,0.70394,0.63413,0.98625,0.86437,0.97735,0.97613,0.9815,0.4967,0.89625,0.95956,0.93482,0.98701,0.97968,0.98137,0.87308,0.89311,0.98433,0.87554,0.99728,0.85482,0.93121,0.92785,0.99939,0.98755,0.91534,0.9995,0.71041,0.73836
14.58,0.92174,0.99538,0.97778,0.76654,0.99782,0.97475,0.99927,0.94333,0.96485,0.86131,0.9869,0.99673,0.98966,0.98622,0.70524,0.98377,0.92432,0.97815,0.99832,0.97204,0.90363,0.99974,0.98564,0.77073,0.98764,0.72571,0.72843,0.84745,0.91539,0.9919,0.86999,0.99262,0.86409,0.9237,0.97619,0.91631,0.98737,0.98292,0.93063,0.98967,0.74247,0.60883,0.98816,0.87823,0.97743,0.9757,0.98205,0.50374,0.89577,0.9588,0.93308,0.98641,0.98055,0.9819,0.87658,0.88996,0.99119,0.86699,0.99722,0.85428,0.93165,0.94082,0.99972,0.98647,0.93595,0.99954,0.71101,0.73794
14.6,0.92624,0.99436,0.97176,0.7751,0.99766,0.97475,0.99708,0.95252,0.966,0.88194,0.98689,0.99659,0.99023,0.9869,0.70588,0.983,0.92352,0.97892,0.99856,0.97261,0.90197,0.99979,0.99025,0.7605,0.98753,0.72605,0.72821,0.83481,0.91487,0.99151,0.89455,0.9928,0.86408,0.92371,0.97195,0.91136,0.99177,0.98607,0.92958,0.98967,0.7793,0.58798,0.98894,0.89617,0.97744,0.97534,0.98281,0.50943,0.89544,0.95777,0.93238,0.98586,0.9814,0.98236,0.87908,0.89118,0.99498,0.85961,0.99716,0.85405,0.93184,0.95077,0.99975,0.98601,0.95193,0.9996,0.71102,0.73792
14.62,0.92768,0.99405,0.96775,0.7808,0.99736,0.97475,0.99314,0.9572,0.96301,0.9137,0.98691,0.99653,0.99125,0.98711,0.70616,0.98173,0.92597,0.97941,0.99877,0.97288,0.90203,1.00001,0.98943,0.75625,0.98736,0.72497,0.72896,0.82883,0.92857,0.99235,0.90905,0.9931,0.8653,0.9226,0.97055,0.90996,0.99398,0.98801,0.92781,0.98967,0.8151,0.57692,0.98686,0.92382,0.97741,0.97515,0.98418,0.51117,0.89529,0.95612,0.93452,0.9855,0.98221,0.98257,0.87899,0.90263,0.99434,0.85654,0.99706,0.85479,0.93121,0.95504,0.99868,0.987,0.96104,0.99969,0.70915,0.73922
14.64,0.92793,0.99405,0.96452,0.78549,0.99703,0.97475,0.98737,0.96027,0.95828,0.94433,0.98697,0.99649,0.99239,0.98716,0.70613,0.98021,0.92951,0.9798,0.99897,0.97307,0.90274,0.99964,0.98682,0.75407,0.98716,0.72344,0.73003,0.82537,0.94533,0.99362,0.91972,0.99342,0.86687,0.92116,0.9703,0.90996,0.99544,0.9895,0.92586,0.98967,0.84844,0.56947,0.98338,0.95055,0.97733,0.97505,0.98575,0.51158,0.8953,0.95417,0.93761,0.9852,0.983,0.98272,0.87793,0.91706,0.9922,0.85496,0.99695,0.85583,0.93033,0.95738,0.99592,0.98854,0.96754,0.99978,0.70673,0.7409
14.66,0.92857,0.99394,0.96069,0.79055,0.9967,0.97475,0.97993,0.96376,0.95404,0.96707,0.98701,0.99644,0.99346,0.98728,0.70605,0.97872,0.93238,0.98023,0.99915,0.9733,0.90317,0.99867,0.98499,0.75084,0.98698,0.72217,0.73093,0.82088,0.95821,0.99462,0.93045,0.99372,0.86816,0.91995,0.96968,0.90942,0.99684,0.99101,0.92404,0.98967,0.87818,0.5608,0.98011,0.97047,0.97728,0.97493,0.98723,0.5126,0.89535,0.95229,0.94011,0.98487,0.98376,0.98291,0.87728,0.92866,0.99064,0.85261,0.99683,0.85669,0.92959,0.9603,0.99225,0.98978,0.97387,0.99985,0.70472,0.7423
14.68,0.92986,0.99372,0.9564,0.79583,0.99629,0.97475,0.97073,0.96739,0.94962,0.98361,0.98704,0.99636,0.99414,0.98739,0.70675,0.9772,0.93555,0.98068,0.99932,0.97349,0.9035,0.99697,0.98244,0.74783,0.98679,0.72069,0.73196,0.81537,0.96937,0.99543,0.94237,0.99404,0.86989,0.9183,0.9684,0.90843,0.99805,0.99246,0.92183,0.98967,0.90478,0.55149,0.97657,0.98506,0.97722,0.9747,0.9882,0.5136,0.89497,0.9504,0.94287,0.98452,0.98453,0.98305,0.87677,0.94024,0.98841,0.85043,0.99672,0.85768,0.92873,0.96369,0.98741,0.99082,0.98059,0.99992,0.70199,0.7442
14.7,0.92948,0.99378,0.95276,0.80031,0.996,0.97475,0.95986,0.96994,0.9445,0.99501,0.9871,0.99637,0.99539,0.98748,0.70578,0.97554,0.93818,0.98105,0.99946,0.97375,0.90419,0.99483,0.98044,0.74485,0.98659,0.71952,0.73279,0.81247,0.97936,0.99644,0.94885,0.9943,0.87077,0.91747,0.96878,0.90873,0.99883,0.9936,0.92034,0.98967,0.92798,0.54475,0.97232,0.99526,0.97713,0.97473,0.99002,0.51434,0.89549,0.94836,0.94517,0.98422,0.98523,0.98326,0.87572,0.94982,0.98662,0.84826,0.9966,0.85847,0.92804,0.9654,0.98096,0.99215,0.98407,0.99997,0.70061,0.74515
14.72,0.9247,0.99454,0.95118,0.80298,0.99612,0.97475,0.94748,0.97021,0.93833,0.99999,0.98714,0.99663,0.99789,0.98751,0.69997,0.97359,0.93911,0.98122,0.99956,0.97425,0.9057,0.99331,0.98105,0.74125,0.98635,0.7193,0.73297,0.81623,0.9884,0.99781,0.94345,0.99446,0.86913,0.9191,0.97342,0.9122,0.9991,0.99424,0.92093,0.98967,0.94769,0.54401,0.96701,0.99999,0.97708,0.97544,0.99395,0.51459,0.89856,0.94602,0.94599,0.98408,0.98574,0.98365,0.87338,0.95506,0.98717,0.84564,0.99645,0.85862,0.92789,0.96318,0.97194,0.9941,0.98118,1,0.70318,0.74328
14.74,0.91799,0.99548,0.95044,0.8049,0.99637,0.97475,0.93356,0.96964,0.93133,0.99562,0.98721,0.99698,0.99964,0.98752,0.69261,0.97149,0.93958,0.98133,0.99963,0.97481,0.90752,0.99193,0.98241,0.73765,0.98608,0.7194,0.73293,0.8225,0.99505,0.99899,0.93285,0.99458,0.86663,0.92153,0.9796,0.91679,0.99921,0.99467,0.92227,0.98967,0.96412,0.54556,0.9608,0.99671,0.97697,0.9764,0.99734,0.51467,0.90241,0.94352,0.9464,0.98399,0.9862,0.98409,0.8705,0.95911,0.98838,0.84301,0.99629,0.85855,0.92792,0.95926,0.96072,0.99599,0.97525,1.00001,0.7071,0.74047
14.76,0.91182,0.99624,0.94927,0.80711,0.99656,0.97475,0.91803,0.96948,0.9241,0.98191,0.98732,0.99727,1.00007,0.98755,0.68623,0.96936,0.94034,0.98149,0.99971,0.97532,0.90918,0.99017,0.98332,0.73415,0.98583,0.71934,0.733,0.82755,0.99882,0.9997,0.92372,0.9947,0.86455,0.9235,0.98497,0.92072,0.99937,0.99516,0.92325,0.98967,0.97744,0.54598,0.95417,0.98537,0.9768,0.97726,0.99923,0.5149,0.90571,0.94103,0.94707,0.98386,0.98669,0.98449,0.86783,0.96357,0.98918,0.84046,0.99613,0.85859,0.92787,0.95591,0.94819,0.99745,0.96992,1.00003,0.71031,0.73817
14.78,0.90547,0.99694,0.94823,0.80946,0.99674,0.97475,0.90042,0.96915,0.91685,0.9582,0.9872,0.99752,0.99923,0.98753,0.67905,0.96707,0.94074,0.98157,0.99977,0.97586,0.91086,0.98861,0.9844,0.7301,0.98554,0.71931,0.73306,0.83252,1,1.00004,0.91422,0.99486,0.86224,0.92566,0.9902,0.92467,0.9995,0.99565,0.92424,0.98967,0.98791,0.54686,0.94735,0.96545,0.97699,0.97801,1.00005,0.51475,0.9094,0.93839,0.94741,0.9838,0.9871,0.98491,0.86508,0.96699,0.99013,0.83749,0.99595,0.85861,0.92782,0.95244,0.93218,0.99859,0.96421,1.00005,0.71385,0.73563
14.8,0.89834,0.99758,0.94709,0.81134,0.99694,0.97475,0.8822,0.96898,0.90846,0.92621,0.98757,0.99783,0.99772,0.9876,0.67338,0.96486,0.94177,0.98178,0.99984,0.97636,0.91252,0.9862,0.98526,0.72712,0.98532,0.71932,0.73308,0.83796,0.99869,0.99999,0.90234,0.99492,0.86015,0.92755,0.99579,0.92853,0.99963,0.99602,0.92538,0.98967,0.99484,0.5473,0.93928,0.9384,0.97643,0.97896,0.99971,0.51539,0.9123,0.93588,0.94831,0.98362,0.98763,0.9853,0.86229,0.97158,0.99087,0.8353,0.99581,0.8586,0.9278,0.94841,0.91806,0.9994,0.95686,1.00005,0.717,0.73338
14.82,0.88978,0.9981,0.94535,0.81208,0.99719,0.97475,0.86549,0.96956,0.8971,0.89023,0.98922,0.99831,0.99779,0.98792,0.672,0.96316,0.94459,0.98243,0.99993,0.97672,0.9141,0.98112,0.98526,0.72718,0.98526,0.71929,0.73312,0.84443,0.99793,0.99954,0.88527,0.99472,0.85889,0.92865,1.00211,0.93197,0.99978,0.99617,0.92676,0.98967,0.99845,0.54578,0.92807,0.90786,0.9737,0.98054,0.99973,0.51817,0.91299,0.93396,0.95078,0.98306,0.98853,0.98558,0.85958,0.97916,0.99087,0.83534,0.99577,0.85862,0.92777,0.94332,0.91369,0.99989,0.94597,1.00003,0.7189,0.73206
14.84,0.88034,0.99855,0.94349,0.81239,0.99744,0.97475,0.84897,0.97031,0.88437,0.84958,0.99115,0.99878,0.99855,0.98833,0.67214,0.96158,0.94796,0.98318,1,0.97704,0.91566,0.9742,0.9851,0.72833,0.98528,0.71931,0.73312,0.85116,0.9979,0.99871,0.86502,0.9944,0.8579,0.92948,1.00865,0.93529,0.99991,0.99622,0.92827,0.98967,0.99994,0.54375,0.9152,0.87329,0.97,0.98224,0.99997,0.52176,0.91292,0.93221,0.95373,0.98239,0.98953,0.98584,0.85687,0.98652,0.99073,0.83619,0.99578,0.85861,0.92777,0.93764,0.91354,1.00004,0.93265,0.99999,0.72036,0.73106
14.86,0.87079,0.99895,0.94173,0.81292,0.99768,0.97475,0.831,0.97094,0.87137,0.80185,0.99273,0.99914,0.99898,0.9887,0.67162,0.95985,0.95096,0.98383,1.00003,0.9774,0.91721,0.96669,0.98513,0.72894,0.98529,0.71936,0.7331,0.85742,0.99758,0.99755,0.84446,0.99412,0.85683,0.93039,1.01487,0.93858,0.99999,0.99632,0.92972,0.98967,0.99959,0.54207,0.90176,0.83262,0.96646,0.98371,1.00004,0.52502,0.91318,0.93029,0.95635,0.98179,0.99041,0.98611,0.85412,0.992,0.99076,0.83663,0.99579,0.85858,0.92779,0.93201,0.9119,0.99988,0.91878,0.99994,0.72196,0.72996
14.88,0.86069,0.99928,0.9396,0.81333,0.9979,0.97475,0.81145,0.97168,0.85657,0.74455,0.99418,0.99949,0.99912,0.98904,0.6709,0.95827,0.95382,0.9846,1.00002,0.9777,0.91877,0.9585,0.98467,0.72971,0.98518,0.71921,0.73323,0.86425,0.99679,0.99569,0.82011,0.99385,0.85555,0.93147,1.02106,0.9417,1.00004,0.9964,0.93111,0.98967,0.99724,0.54004,0.88615,0.78375,0.96265,0.98539,1.00005,0.52806,0.91355,0.92856,0.95885,0.98104,0.99129,0.98634,0.85132,0.99596,0.99036,0.8372,0.99571,0.85868,0.92767,0.92542,0.90824,0.99929,0.90198,0.99988,0.72386,0.72865
14.9,0.85052,0.99956,0.93812,0.81388,0.99812,0.97475,0.79247,0.97221,0.84387,0.688,0.99546,0.99968,0.99971,0.98944,0.671,0.9563,0.95684,0.98511,0.99997,0.97809,0.92025,0.94846,0.98521,0.73046,0.98536,0.71947,0.73304,0.86954,0.99714,0.99421,0.79878,0.99352,0.85476,0.93211,1.02691,0.94487,1.00005,0.9965,0.93259,0.98967,0.99328,0.53861,0.87254,0.73548,0.95865,0.98649,0.99992,0.53168,0.9135,0.92641,0.9615,0.98053,0.99209,0.98665,0.84859,0.99877,0.99082,0.83775,0.99583,0.8585,0.92784,0.91997,0.90978,0.99868,0.887,0.9998,0.72502,0.72788
14.92,0.84069,0.99981,0.93865,0.8149,0.99836,0.97475,0.77653,0.97215,0.83311,0.64722,0.9967,0.99963,0.99972,0.99,0.67299,0.95315,0.96035,0.98489,0.9999,0.97883,0.92169,0.93445,0.98806,0.73021,0.98625,0.72085,0.73195,0.87072,0.99946,0.99499,0.79048,0.99302,0.85533,0.93153,1.03226,0.9485,1.00005,0.99669,0.93428,0.98967,0.98884,0.53877,0.86086,0.70065,0.9539,0.98618,0.99755,0.53692,0.91249,0.923,0.96457,0.98075,0.9927,0.98721,0.84588,1.00003,0.99322,0.83757,0.99639,0.85758,0.92874,0.91872,0.92401,0.99901,0.88112,0.99967,0.72418,0.72857
14.94,0.831,0.99997,0.93984,0.81607,0.9986,0.97475,0.7618,0.97186,0.82613,0.61307,0.99771,0.99948,0.99568,0.99061,0.67576,0.9495,0.96392,0.98442,0.99982,0.97964,0.92304,0.91771,0.99141,0.73003,0.9874,0.72263,0.73054,0.87054,0.99975,0.99643,0.78709,0.99245,0.85639,0.93053,1.03726,0.95211,1.00004,0.99689,0.93602,0.98967,0.98394,0.53956,0.85322,0.67147,0.9491,0.98534,0.99045,0.54263,0.91108,0.91911,0.96771,0.98122,0.99325,0.98784,0.84331,0.99863,0.99588,0.83744,0.99708,0.85638,0.92991,0.91892,0.94119,0.99956,0.8787,0.99949,0.72262,0.7298
14.96,0.82107,1.00004,0.94063,0.81717,0.99882,0.97475,0.74601,0.97164,0.8214,0.57401,0.99845,0.99936,0.98833,0.99115,0.67821,0.94594,0.96722,0.98408,0.99971,0.98035,0.92434,0.8999,0.99405,0.73024,0.98844,0.72422,0.72927,0.87109,0.99729,0.99736,0.78134,0.9919,0.85718,0.92974,1.04212,0.95545,1.00003,0.99708,0.93771,0.98967,0.97792,0.54015,0.84801,0.63808,0.9446,0.98472,0.98028,0.54793,0.90984,0.91536,0.9706,0.98155,0.9938,0.98837,0.84079,0.99466,0.99778,0.83759,0.99767,0.8553,0.93096,0.91833,0.95455,0.99983,0.8746,0.99929,0.72144,0.73075
14.98,0.80969,1.00001,0.94178,0.81824,0.99902,0.97475,0.72864,0.97156,0.79849,0.52885,0.99931,0.99923,0.97599,0.99175,0.68068,0.94206,0.97043,0.98366,0.99959,0.98124,0.92595,0.87877,0.99579,0.72869,0.9892,0.72584,0.72803,0.87116,0.99222,0.99819,0.77547,0.99126,0.85813,0.92881,1.0474,0.95905,0.99999,0.99726,0.9394,0.98967,0.97045,0.54038,0.82254,0.59947,0.9371,0.98412,0.9647,0.55387,0.90857,0.91133,0.97343,0.98195,0.99431,0.98905,0.83761,0.9875,0.99887,0.83646,0.99807,0.85419,0.93198,0.91826,0.96632,1,0.87039,0.99904,0.72003,0.73188
15,0.80061,0.99991,0.94235,0.81941,0.9992,0.97475,0.71348,0.97115,0.81343,0.49301,0.99946,0.99905,0.96235,0.9922,0.68326,0.93837,0.97336,0.98332,0.99943,0.98174,0.92684,0.859,0.99797,0.73084,0.99043,0.72748,0.72668,0.8719,0.98422,0.99889,0.77089,0.99073,0.85887,0.92807,1.05141,0.96177,0.99997,0.99744,0.94102,0.98967,0.96328,0.54149,0.8392,0.56883,0.93523,0.98331,0.94826,0.55847,0.90725,0.90752,0.97601,0.98226,0.99483,0.98943,0.83581,0.97896,0.9999,0.83803,0.99867,0.85308,0.93308,0.91745,0.97666,1.00004,0.86711,0.99881,0.71892,0.73276
15.02,0.79851,0.99988,0.94095,0.82078,0.99936,0.97475,0.70498,0.96979,0.91677,0.48586,0.99758,0.99872,0.95621,0.99229,0.6862,0.9355,0.9759,0.98329,0.99921,0.98105,0.9259,0.8473,1.00003,0.74264,0.99289,0.72912,0.72504,0.8748,0.97269,0.99942,0.76888,0.99059,0.85889,0.92803,1.05231,0.96243,1.00002,0.99765,0.94256,0.98967,0.95901,0.54514,0.94728,0.56271,0.94979,0.98201,0.941,0.5595,0.90573,0.90459,0.97825,0.98229,0.99542,0.98891,0.83771,0.97322,0.99893,0.84665,0.99963,0.85195,0.93441,0.91427,0.98555,0.99994,0.86566,0.99875,0.71889,0.7328
15.04,0.79907,0.99988,0.93898,0.82224,0.99949,0.97475,0.6992,0.96808,0.98942,0.48997,0.99259,0.9983,0.95321,0.99226,0.68917,0.93291,0.97818,0.98335,0.99894,0.97997,0.92422,0.83897,0.99778,0.75775,0.99531,0.73074,0.72332,0.87837,0.95774,0.99979,0.76808,0.99058,0.8587,0.92821,1.05207,0.96235,1.00005,0.99787,0.94402,0.98967,0.95601,0.54967,1.00002,0.56623,0.96679,0.98048,0.93748,0.55919,0.9042,0.90197,0.98026,0.98224,0.99601,0.98809,0.84102,0.96887,0.99232,0.85762,1.00008,0.85083,0.93579,0.91021,0.99242,0.99971,0.86508,0.99874,0.71918,0.73259
15.06,0.79847,0.99987,0.93742,0.82365,0.99961,0.97475,0.69221,0.96653,0.99686,0.48884,0.98621,0.99785,0.94842,0.99228,0.69195,0.93015,0.98033,0.98336,0.99865,0.97911,0.92281,0.82906,0.99156,0.77108,0.99705,0.73232,0.7217,0.88158,0.94009,1.00001,0.76667,0.99051,0.85862,0.92828,1.05233,0.96261,1.00005,0.99807,0.94544,0.98967,0.95229,0.55371,0.96644,0.56527,0.97843,0.97903,0.93189,0.55939,0.90275,0.89918,0.98215,0.98223,0.99654,0.98743,0.84375,0.96342,0.98142,0.86724,0.99988,0.84973,0.93709,0.90643,0.99699,0.99935,0.86407,0.99871,0.71929,0.73251
15.08,0.79769,0.99985,0.93505,0.82507,0.99974,0.97475,0.68454,0.96469,0.94188,0.48857,0.97639,0.99729,0.94331,0.99234,0.69559,0.92717,0.98266,0.98337,0.9983,0.97795,0.92159,0.81691,0.97869,0.78314,0.99858,0.73411,0.71984,0.88466,0.91719,1.00006,0.76561,0.99045,0.85847,0.92841,1.05266,0.96287,0.99999,0.99826,0.94705,0.98967,0.94807,0.55843,0.83723,0.56503,0.98873,0.9773,0.92595,0.55999,0.90085,0.89619,0.98422,0.98221,0.99706,0.98654,0.84607,0.9564,0.96191,0.87588,0.99892,0.84848,0.93856,0.90267,0.99963,0.99883,0.86331,0.99868,0.71953,0.73235
15.1,0.7979,0.99985,0.93415,0.8265,0.99981,0.97475,0.67873,0.96326,0.85077,0.48908,0.96676,0.99681,0.93917,0.99229,0.69746,0.92457,0.98424,0.98341,0.99795,0.97723,0.91976,0.80956,0.9669,0.7973,0.99934,0.73544,0.71848,0.88805,0.8958,0.99997,0.76407,0.9904,0.85843,0.92845,1.05257,0.96296,0.99996,0.99844,0.94819,0.98967,0.94479,0.56204,0.6672,0.56547,0.99452,0.97593,0.92117,0.55947,0.89987,0.8936,0.98562,0.98218,0.99749,0.98598,0.84948,0.95197,0.9451,0.88595,0.99773,0.84755,0.93964,0.89839,0.99993,0.99824,0.8622,0.99866,0.71959,0.73231
15.12,0.80027,0.99986,0.9375,0.82794,0.9998,0.97475,0.6776,0.96318,0.83058,0.48877,0.96494,0.99674,0.93741,0.99195,0.69446,0.92312,0.98405,0.98348,0.99772,0.97804,0.91635,0.81504,0.97223,0.81778,0.99928,0.73553,0.71846,0.89232,0.88714,0.99982,0.7607,0.99032,0.85876,0.92815,1.05156,0.96272,1.00005,0.99861,0.94804,0.98967,0.94415,0.56225,0.63141,0.5652,0.99531,0.97573,0.91915,0.5559,0.90144,0.89216,0.98545,0.98211,0.99775,0.98661,0.85566,0.95528,0.95262,0.90036,0.99786,0.84748,0.93965,0.89279,0.99961,0.99774,0.85976,0.99862,0.71908,0.73266
15.14,0.80351,0.99988,0.9422,0.82938,0.99976,0.97475,0.67833,0.96357,0.84289,0.48887,0.96605,0.99683,0.93674,0.99149,0.68968,0.9221,0.98323,0.98358,0.99751,0.97928,0.91228,0.82541,0.98235,0.83904,0.99893,0.73517,0.71894,0.8968,0.88374,0.99963,0.75679,0.99024,0.85922,0.92774,1.05015,0.96234,0.99997,0.99877,0.94744,0.98967,0.94457,0.56127,0.65317,0.56528,0.99484,0.97598,0.91838,0.55129,0.90393,0.89115,0.98472,0.98203,0.99795,0.98756,0.86269,0.96135,0.96728,0.91507,0.99848,0.84774,0.93927,0.88661,0.99943,0.99726,0.85693,0.99859,0.7184,0.73315
15.16,0.80625,0.9999,0.94607,0.83083,0.99974,0.97475,0.67817,0.96374,0.83936,0.48889,0.96572,0.99685,0.93551,0.99109,0.68572,0.92084,0.98272,0.98366,0.99726,0.98022,0.90844,0.83346,0.98851,0.85752,0.99867,0.73499,0.7192,0.90097,0.87786,0.99936,0.75319,0.99017,0.85963,0.92738,1.04894,0.96205,0.99972,0.99892,0.94707,0.98967,0.94448,0.56083,0.64692,0.5653,0.99498,0.97604,0.91696,0.54731,0.90598,0.88991,0.98427,0.98195,0.99817,0.98828,0.86902,0.96588,0.9766,0.92762,0.99882,0.84786,0.93907,0.88057,0.99904,0.99669,0.85432,0.99855,0.71779,0.73358
15.18,0.80936,0.99992,0.94986,0.83226,0.9997,0.97475,0.6783,0.9639,0.83872,0.48885,0.96568,0.99684,0.93464,0.99059,0.68189,0.9197,0.98203,0.98375,0.99705,0.9814,0.90426,0.84071,0.99316,0.87763,0.99839,0.73488,0.71942,0.9054,0.8712,0.99905,0.74915,0.99008,0.86002,0.92704,1.04756,0.96163,0.99929,0.99907,0.94658,0.98967,0.94455,0.56044,0.64579,0.56527,0.995,0.97602,0.91596,0.54246,0.90795,0.88879,0.98366,0.98187,0.99835,0.98917,0.87561,0.96979,0.98404,0.94099,0.99911,0.84794,0.9389,0.87385,0.9985,0.9961,0.85139,0.99851,0.7172,0.73399
15.2,0.81183,0.99993,0.95371,0.8337,0.99968,0.97475,0.67823,0.96421,0.84029,0.48888,0.96579,0.99693,0.93319,0.99024,0.67742,0.91839,0.98154,0.98383,0.99675,0.98213,0.90041,0.85016,0.99736,0.89117,0.99796,0.73453,0.71985,0.90909,0.86713,0.99865,0.74582,0.99002,0.86046,0.92664,1.04643,0.96145,0.99865,0.9992,0.94624,0.98967,0.94451,0.55965,0.64858,0.5653,0.99495,0.97628,0.9143,0.53915,0.91024,0.8875,0.98322,0.98179,0.99857,0.98972,0.8814,0.97467,0.99148,0.94977,0.99945,0.84818,0.93856,0.86797,0.99812,0.99541,0.84896,0.99848,0.71653,0.73447
15.22,0.8124,0.9999,0.95772,0.83516,0.99969,0.97475,0.6771,0.96488,0.83926,0.48887,0.96558,0.99725,0.92974,0.99038,0.67154,0.91643,0.9818,0.98389,0.99617,0.98148,0.8978,0.86387,1.00002,0.89022,0.99718,0.73362,0.72078,0.9109,0.86933,0.99803,0.74451,0.98999,0.86107,0.92608,1.04618,0.96203,0.99772,0.99932,0.94638,0.98967,0.94386,0.55795,0.64675,0.56529,0.99504,0.97719,0.91034,0.54046,0.91322,0.88558,0.98345,0.98173,0.99893,0.98923,0.88519,0.98121,0.99839,0.94916,0.99984,0.84882,0.93782,0.86501,0.99833,0.99443,0.84801,0.99847,0.71561,0.73513
15.24,0.81233,0.99985,0.96167,0.83662,0.99971,0.97475,0.6757,0.96568,0.83965,0.48887,0.96543,0.99763,0.92555,0.99068,0.66512,0.91427,0.98229,0.98395,0.99545,0.98039,0.89563,0.879,0.99762,0.88389,0.99612,0.73248,0.7219,0.91204,0.87399,0.99726,0.74399,0.98999,0.86174,0.92548,1.04621,0.96286,0.99651,0.99943,0.9467,0.98967,0.94306,0.55591,0.64743,0.56529,0.9951,0.97834,0.90556,0.54337,0.91646,0.88346,0.98389,0.98167,0.99929,0.9884,0.88825,0.98759,0.99977,0.94507,1.00006,0.84962,0.93693,0.86309,0.99874,0.9933,0.84763,0.99847,0.71461,0.73584
15.26,0.81257,0.99981,0.96531,0.83808,0.99973,0.97475,0.67443,0.96638,0.84004,0.48887,0.96529,0.99796,0.92161,0.9909,0.65904,0.91221,0.98266,0.98401,0.99472,0.97953,0.89324,0.89274,0.99033,0.87966,0.995,0.73146,0.72292,0.91348,0.87735,0.99643,0.74318,0.98997,0.86235,0.92492,1.0461,0.96356,0.99511,0.99954,0.94698,0.98967,0.94233,0.5541,0.64813,0.56529,0.99516,0.97936,0.90107,0.54551,0.91949,0.88145,0.98422,0.98162,0.99956,0.98776,0.89154,0.9925,0.99505,0.94232,1.00006,0.85033,0.93612,0.86065,0.999,0.99214,0.84704,0.99846,0.71367,0.7365
15.28,0.81275,0.99976,0.96905,0.83952,0.99974,0.97475,0.67314,0.96719,0.83876,0.48887,0.96512,0.99825,0.91733,0.99113,0.65287,0.90996,0.98303,0.98409,0.9939,0.97838,0.8907,0.90435,0.97617,0.87645,0.9936,0.73036,0.72402,0.91488,0.88131,0.99533,0.74204,0.98996,0.86305,0.92427,1.04602,0.96427,0.99331,0.99963,0.9471,0.98967,0.94158,0.552,0.64586,0.56529,0.99523,0.98032,0.8962,0.54776,0.92253,0.87927,0.98455,0.98154,0.99979,0.98687,0.89495,0.99585,0.98272,0.94021,0.99982,0.85109,0.93523,0.85824,0.99928,0.99069,0.84621,0.99845,0.7126,0.73726
15.3,0.81289,0.9997,0.97203,0.841,0.99977,0.97475,0.67182,0.96778,0.84092,0.48887,0.96498,0.99855,0.91328,0.99138,0.64696,0.90797,0.98346,0.98412,0.99309,0.97768,0.88853,0.91808,0.96091,0.86954,0.99229,0.72938,0.72499,0.91617,0.88437,0.99442,0.7418,0.98994,0.86358,0.92378,1.04595,0.965,0.9916,0.99971,0.94759,0.98967,0.94081,0.55046,0.64968,0.56529,0.99529,0.98139,0.89161,0.55016,0.92543,0.87734,0.98493,0.98152,0.99995,0.98633,0.89778,0.99869,0.96808,0.93566,0.99943,0.85177,0.93445,0.85597,0.99946,0.98953,0.84604,0.99844,0.71179,0.73784
15.32,0.81311,0.99964,0.97336,0.84263,0.99986,0.97475,0.67046,0.96779,0.85164,0.48887,0.96486,0.99891,0.91016,0.99162,0.64173,0.90683,0.98395,0.98401,0.9925,0.97845,0.88725,0.93797,0.95838,0.85295,0.99165,0.72878,0.72555,0.91735,0.88442,0.9945,0.74368,0.9899,0.8636,0.92375,1.04585,0.96571,0.99074,0.99978,0.949,0.98967,0.94001,0.55043,0.66875,0.56529,0.99534,0.98276,0.88807,0.55255,0.92796,0.87624,0.98536,0.98162,1.00003,0.98693,0.89942,0.99995,0.96559,0.92454,0.99919,0.85218,0.934,0.85387,0.99947,0.98963,0.84741,0.99842,0.71176,0.73787
15.34,0.8133,0.99957,0.9741,0.8443,0.99996,0.97475,0.66907,0.96759,0.86504,0.48887,0.96477,0.99925,0.90738,0.99186,0.63678,0.90596,0.98448,0.98384,0.99197,0.97969,0.88637,0.95696,0.96103,0.83148,0.99128,0.72832,0.72595,0.91845,0.88352,0.99489,0.74647,0.98985,0.86346,0.92388,1.04576,0.96642,0.99023,0.99985,0.95077,0.98967,0.9392,0.55097,0.69279,0.56529,0.99538,0.9842,0.88493,0.55504,0.93033,0.87541,0.98584,0.98178,1.00007,0.98787,0.90053,0.99652,0.9682,0.90987,0.99904,0.8525,0.93368,0.85189,0.99942,0.99013,0.84944,0.9984,0.71198,0.73772
15.36,0.81347,0.9995,0.97508,0.84593,1.00002,0.97475,0.66769,0.96746,0.87654,0.48887,0.96468,0.99951,0.90445,0.9921,0.63181,0.90492,0.98501,0.98369,0.99139,0.98066,0.88536,0.97148,0.96112,0.81072,0.99079,0.7278,0.72641,0.91958,0.88307,0.99507,0.74892,0.98981,0.8634,0.92392,1.04568,0.96714,0.98953,0.9999,0.95237,0.98967,0.93838,0.5513,0.7136,0.56529,0.99541,0.98551,0.88162,0.5575,0.9327,0.87441,0.9863,0.98192,1.0001,0.98861,0.90181,0.98876,0.96829,0.89542,0.99884,0.85286,0.9333,0.84983,0.99939,0.99035,0.85122,0.99838,0.71206,0.73768
15.38,0.81373,0.99942,0.97605,0.84764,1.00006,0.97475,0.66628,0.96741,0.88741,0.48887,0.96453,0.99973,0.90113,0.99234,0.62666,0.90404,0.98544,0.98357,0.99078,0.98166,0.88414,0.98414,0.96193,0.78721,0.99016,0.72723,0.72693,0.92067,0.88264,0.99548,0.75095,0.98977,0.86327,0.92404,1.04556,0.96779,0.98879,0.99993,0.9538,0.98967,0.93755,0.55142,0.73348,0.56529,0.99547,0.98682,0.87788,0.55993,0.93512,0.87356,0.98669,0.98203,1.00011,0.98937,0.90332,0.97494,0.96908,0.87879,0.99855,0.85325,0.93288,0.84779,0.99936,0.99089,0.8527,0.99836,0.71227,0.73754
15.4,0.81382,0.99933,0.97684,0.84918,1.00009,0.97475,0.66493,0.96715,0.89862,0.48887,0.9645,0.99988,0.89859,0.99257,0.62206,0.90288,0.98605,0.98338,0.99018,0.98264,0.88343,0.9917,0.96252,0.76479,0.98985,0.72681,0.72728,0.92178,0.8819,0.99548,0.75412,0.98971,0.86327,0.92403,1.04552,0.96855,0.98816,0.99995,0.95559,0.98967,0.93674,0.55211,0.75419,0.56529,0.99548,0.98797,0.87503,0.56239,0.93727,0.87244,0.98723,0.9822,1.0001,0.9901,0.90419,0.95972,0.96966,0.86271,0.9984,0.85353,0.93259,0.8457,0.99932,0.99089,0.85499,0.99833,0.71227,0.73755
15.42,0.81346,0.99917,0.97736,0.85035,1.00008,0.97475,0.66369,0.96626,0.9108,0.48887,0.96485,0.99995,0.8982,0.99281,0.6188,0.90092,0.98716,0.98304,0.98967,0.98354,0.88394,0.99362,0.96098,0.74891,0.99049,0.72675,0.7272,0.92312,0.88035,0.99404,0.75923,0.98954,0.86367,0.92359,1.04569,0.9697,0.98774,0.99996,0.95826,0.98967,0.936,0.5544,0.77701,0.56529,0.99534,0.98874,0.87459,0.5649,0.93878,0.87057,0.98821,0.98252,1.00007,0.99077,0.90356,0.95408,0.96815,0.85121,0.9987,0.85358,0.93266,0.84315,0.99922,0.98906,0.8587,0.99825,0.71166,0.73807
15.44,0.81293,0.99898,0.9777,0.85133,1,0.97475,0.66251,0.96515,0.92286,0.48887,0.9653,1,0.89868,0.99304,0.61605,0.89863,0.98838,0.98263,0.98918,0.98441,0.88498,0.99406,0.95909,0.73546,0.99142,0.72684,0.72696,0.92445,0.87852,0.99189,0.76554,0.98935,0.8642,0.92302,1.04593,0.97094,0.98744,0.99996,0.96119,0.98967,0.93529,0.55725,0.79999,0.56529,0.99516,0.98938,0.87512,0.56744,0.94004,0.86838,0.9893,0.98288,1.00004,0.99141,0.90228,0.95259,0.96629,0.84141,0.9991,0.85351,0.93286,0.84056,0.99909,0.98645,0.86326,0.99815,0.71084,0.73873
15.46,0.81246,0.99879,0.97807,0.85234,0.99985,0.97475,0.66132,0.96416,0.93375,0.48887,0.96567,1.00002,0.89879,0.99327,0.6131,0.89641,0.98945,0.98226,0.98865,0.98524,0.88584,0.99505,0.95756,0.72071,0.99213,0.72688,0.72678,0.92567,0.87688,0.98981,0.77181,0.98918,0.86466,0.92253,1.04615,0.97207,0.98713,0.99996,0.96387,0.98967,0.93458,0.55979,0.82113,0.56529,0.995,0.99005,0.87526,0.56997,0.94139,0.86627,0.99026,0.98321,0.99999,0.99202,0.9012,0.94896,0.96477,0.8306,0.99937,0.85349,0.933,0.83815,0.99897,0.98403,0.86777,0.99806,0.71014,0.73931
15.48,0.81205,0.99855,0.97861,0.85361,0.99963,0.97475,0.66002,0.963,0.94393,0.48887,0.96618,1.00003,0.89873,0.9935,0.61013,0.89438,0.99056,0.98182,0.98813,0.98613,0.88642,0.99592,0.95515,0.70355,0.99295,0.72685,0.72662,0.92728,0.87484,0.98688,0.77557,0.98895,0.86517,0.92196,1.04634,0.97333,0.98665,0.99994,0.96646,0.98967,0.93379,0.5627,0.84133,0.56528,0.99478,0.9907,0.87519,0.57244,0.94274,0.86434,0.99125,0.98358,0.99993,0.99267,0.90047,0.94534,0.96237,0.81794,0.99965,0.85351,0.93313,0.83492,0.99881,0.98073,0.87047,0.99794,0.70935,0.73998
15.5,0.81149,0.99836,0.97875,0.85427,0.99932,0.97475,0.65899,0.96209,0.95318,0.48887,0.96641,1.00002,0.89929,0.99372,0.60737,0.89181,0.99146,0.98149,0.98757,0.98682,0.8877,0.99653,0.95427,0.69097,0.99351,0.72699,0.7264,0.92806,0.87358,0.98482,0.78449,0.98883,0.8656,0.92151,1.04659,0.97426,0.98652,0.99993,0.96899,0.98967,0.93316,0.56497,0.86016,0.56528,0.99468,0.9913,0.87581,0.57501,0.94399,0.8619,0.99206,0.98386,0.99985,0.99316,0.89885,0.9425,0.96149,0.80861,0.9998,0.85341,0.93331,0.83334,0.99871,0.97846,0.87685,0.99788,0.7087,0.74049
15.52,0.81045,0.99836,0.97784,0.85333,0.99892,0.97475,0.65854,0.96187,0.96087,0.48887,0.96581,0.99999,0.9009,0.99399,0.60485,0.88762,0.99193,0.98144,0.98686,0.98704,0.89069,0.99688,0.95822,0.69187,0.99336,0.72762,0.72599,0.92654,0.87442,0.98624,0.8071,0.98904,0.86575,0.92146,1.04706,0.97425,0.98733,0.99995,0.97156,0.98967,0.93289,0.56552,0.87623,0.56528,0.99494,0.99182,0.87763,0.57805,0.94512,0.85795,0.99247,0.9839,0.99974,0.99332,0.89495,0.94069,0.96542,0.80928,0.99976,0.85298,0.93364,0.83642,0.99878,0.98001,0.89287,0.99799,0.70846,0.74055
15.54,0.8093,0.99843,0.9765,0.85177,0.99844,0.97475,0.6584,0.96195,0.96783,0.48887,0.96492,0.99995,0.90315,0.99426,0.60255,0.88283,0.99223,0.98151,0.9861,0.98708,0.89431,0.99707,0.96334,0.69768,0.99298,0.72839,0.72552,0.92417,0.87612,0.98868,0.8329,0.98936,0.8658,0.92154,1.04758,0.97392,0.98844,0.99996,0.97403,0.98967,0.93281,0.56532,0.89124,0.56529,0.99531,0.9923,0.88016,0.58116,0.94615,0.85346,0.99275,0.98385,0.99959,0.99335,0.89007,0.93965,0.97046,0.81359,0.99965,0.85245,0.93402,0.84112,0.99891,0.98274,0.91085,0.99815,0.70838,0.74046
15.56,0.80828,0.99847,0.97533,0.85047,0.99789,0.97475,0.65821,0.96196,0.97438,0.48887,0.9642,0.99989,0.90534,0.9945,0.60028,0.87831,0.99258,0.98154,0.98534,0.98718,0.89761,0.9973,0.96725,0.70099,0.99269,0.72906,0.72511,0.92215,0.87755,0.9904,0.85477,0.98962,0.8659,0.92156,1.04804,0.97375,0.98934,0.99996,0.97632,0.98967,0.93269,0.56531,0.9059,0.56529,0.9956,0.99278,0.88263,0.58411,0.94715,0.84924,0.99306,0.98382,0.99944,0.99342,0.88545,0.9384,0.97426,0.81605,0.99957,0.85199,0.93436,0.84501,0.99902,0.98472,0.92578,0.99829,0.70823,0.74044
15.58,0.80687,0.99852,0.97406,0.84924,0.99717,0.97475,0.65763,0.96168,0.97934,0.48887,0.96331,0.99983,0.90647,0.99479,0.59756,0.87318,0.99299,0.98148,0.9845,0.98736,0.90074,0.99759,0.97211,0.70537,0.9924,0.7299,0.72458,0.92008,0.87842,0.9921,0.87613,0.98988,0.86602,0.92157,1.04867,0.97351,0.99026,0.99995,0.97879,0.98967,0.93233,0.56599,0.91745,0.56529,0.99594,0.99321,0.88391,0.58754,0.94835,0.84447,0.99343,0.98387,0.99925,0.99355,0.88092,0.93661,0.97891,0.81929,0.99947,0.85141,0.93479,0.8489,0.99908,0.9867,0.94,0.99842,0.70804,0.74043
15.6,0.80623,0.99855,0.9728,0.84772,0.99657,0.97475,0.65795,0.96207,0.98522,0.48887,0.96262,0.99973,0.90982,0.99498,0.59584,0.86891,0.99322,0.98165,0.98378,0.98733,0.90419,0.99768,0.97463,0.70859,0.99205,0.73041,0.72428,0.91785,0.88063,0.99362,0.89448,0.99015,0.86606,0.92164,1.04895,0.97334,0.99111,0.99994,0.98055,0.98967,0.93253,0.56502,0.93191,0.56529,0.99619,0.99372,0.88769,0.58993,0.94911,0.84052,0.99363,0.98373,0.99907,0.99352,0.87572,0.93604,0.98128,0.82166,0.99935,0.85105,0.93502,0.85298,0.99924,0.98854,0.95189,0.99854,0.70799,0.74034
15.62,0.808,0.99854,0.97173,0.84559,0.99649,0.97475,0.66062,0.96415,0.99364,0.48886,0.963,0.99957,0.91929,0.99495,0.59687,0.86743,0.99303,0.98248,0.98344,0.98671,0.90854,0.99725,0.97084,0.70745,0.99163,0.72993,0.7247,0.91527,0.88621,0.9948,0.90876,0.99043,0.86589,0.92185,1.04816,0.97339,0.99179,0.99989,0.98075,0.98967,0.93415,0.5598,0.95538,0.56528,0.99606,0.99436,0.89843,0.58958,0.94866,0.83915,0.99346,0.98301,0.99898,0.99308,0.86886,0.93865,0.9777,0.82082,0.99918,0.85139,0.93468,0.85756,0.99956,0.99001,0.96086,0.99868,0.70824,0.7401
15.64,0.81049,0.99851,0.97071,0.8432,0.99664,0.97475,0.66418,0.9668,0.99899,0.48887,0.96354,0.99935,0.93011,0.99484,0.59887,0.86691,0.99266,0.98352,0.98326,0.98586,0.91311,0.99656,0.9645,0.70501,0.99116,0.72911,0.72536,0.91258,0.89289,0.99582,0.92052,0.99071,0.86563,0.92212,1.04704,0.97353,0.9924,0.99981,0.98036,0.98967,0.93629,0.55302,0.97591,0.56529,0.99585,0.99506,0.91077,0.58818,0.94778,0.83868,0.99313,0.98208,0.99893,0.99247,0.86129,0.94235,0.97159,0.81902,0.99899,0.85195,0.93415,0.86219,0.99985,0.99134,0.96802,0.9988,0.70864,0.73978
15.66,0.81246,0.99849,0.96965,0.84092,0.99669,0.97475,0.66736,0.9691,1.00006,0.48888,0.96373,0.99908,0.9391,0.99476,0.60037,0.86591,0.99234,0.9844,0.98301,0.98509,0.91735,0.99591,0.959,0.70315,0.99071,0.72848,0.72589,0.90999,0.89888,0.99675,0.9312,0.99096,0.8654,0.92238,1.04615,0.97365,0.99299,0.9997,0.98019,0.98967,0.93819,0.54699,0.98901,0.56529,0.99578,0.99572,0.9211,0.58719,0.94711,0.83776,0.99284,0.98124,0.99886,0.99192,0.85388,0.9454,0.96619,0.81764,0.9988,0.85239,0.93372,0.86651,0.99998,0.99258,0.9743,0.99891,0.709,0.73948
15.68,0.81514,0.99848,0.96849,0.83858,0.99669,0.97475,0.67033,0.97123,0.99651,0.48883,0.96499,0.99887,0.94851,0.9947,0.60216,0.86506,0.99212,0.98534,0.98272,0.98427,0.92179,0.99517,0.95173,0.7014,0.99018,0.72771,0.72652,0.90685,0.90458,0.99759,0.94457,0.99129,0.86523,0.92258,1.04491,0.97367,0.99361,0.99957,0.9802,0.98967,0.93994,0.54128,0.99821,0.56526,0.99529,0.99616,0.932,0.58649,0.94632,0.83697,0.99265,0.9803,0.99878,0.99131,0.84569,0.94852,0.95895,0.81634,0.99856,0.85292,0.93321,0.87156,1.00001,0.99378,0.98179,0.99905,0.70926,0.73924
15.7,0.81652,0.99843,0.96752,0.83631,0.99687,0.97475,0.6739,0.97358,0.99145,0.48892,0.96415,0.99839,0.95552,0.99457,0.60359,0.86414,0.99163,0.98614,0.98256,0.98345,0.92553,0.99437,0.94621,0.69915,0.98977,0.72713,0.727,0.90472,0.91052,0.99825,0.94978,0.99146,0.86491,0.9229,1.04427,0.97392,0.99409,0.99941,0.9797,0.98967,0.94202,0.53482,1.00007,0.56533,0.99562,0.99693,0.94019,0.58492,0.94568,0.83612,0.9922,0.97946,0.99873,0.99071,0.83844,0.95152,0.95338,0.81468,0.99836,0.85331,0.93282,0.87489,0.99991,0.99476,0.98456,0.99912,0.70976,0.73887
15.72,0.8139,0.99825,0.96702,0.83417,0.99745,0.97475,0.67906,0.9765,0.99528,0.48921,0.95628,0.99693,0.95722,0.99425,0.60386,0.86276,0.99037,0.98657,0.9827,0.98269,0.92773,0.99374,0.94782,0.69455,0.98974,0.72717,0.72699,0.90557,0.91781,0.99865,0.93395,0.99116,0.86413,0.92357,1.04549,0.97475,0.99433,0.99924,0.97789,0.98967,0.94498,0.52652,0.99906,0.56558,0.99805,0.99844,0.9422,0.58112,0.94556,0.83486,0.99107,0.97899,0.99877,0.99014,0.83401,0.95368,0.95501,0.81127,0.99835,0.85329,0.93283,0.87358,0.99959,0.99541,0.97588,0.99899,0.71096,0.7381
15.74,0.80998,0.99801,0.96676,0.83213,0.99811,0.97475,0.68473,0.9795,0.99937,0.48966,0.9452,0.99458,0.95728,0.99385,0.60372,0.86129,0.98871,0.98686,0.98297,0.98196,0.92927,0.99307,0.9517,0.68965,0.98985,0.72739,0.72682,0.90745,0.92499,0.99895,0.90693,0.99068,0.8632,0.92433,1.04727,0.97579,0.99446,0.99905,0.97545,0.98967,0.94817,0.51766,0.9933,0.56597,0.9997,0.99961,0.94226,0.57645,0.94562,0.83351,0.98959,0.97865,0.99885,0.98959,0.83083,0.95581,0.95892,0.80763,0.9984,0.85314,0.93297,0.87061,0.99905,0.99592,0.95972,0.99879,0.71238,0.7372
15.76,0.8068,0.99777,0.96644,0.83012,0.99863,0.97475,0.69001,0.98217,1.00011,0.49015,0.93484,0.99189,0.95816,0.99347,0.60375,0.85988,0.98707,0.9872,0.9832,0.98122,0.93094,0.99228,0.9543,0.68571,0.98989,0.72751,0.72674,0.90881,0.93129,0.99923,0.88108,0.99028,0.86236,0.92502,1.0487,0.97671,0.9946,0.99885,0.97314,0.98967,0.95109,0.50937,0.98569,0.56638,0.99986,1.00008,0.9433,0.57218,0.94561,0.83222,0.98813,0.97827,0.99891,0.98904,0.8273,0.95815,0.96153,0.8047,0.99842,0.85305,0.93304,0.86843,0.99836,0.99643,0.94325,0.99861,0.71366,0.73639
15.78,0.80284,0.99752,0.96587,0.82774,0.99906,0.97475,0.69564,0.98474,0.99815,0.4902,0.9202,0.98828,0.9587,0.99307,0.60389,0.85838,0.9853,0.98759,0.98335,0.98033,0.93314,0.99184,0.95727,0.67809,0.98995,0.72769,0.72661,0.91032,0.93918,0.99948,0.84747,0.98985,0.86139,0.92581,1.05044,0.97762,0.99486,0.99859,0.97074,0.98967,0.95413,0.50099,0.97174,0.56643,0.9984,0.99994,0.94393,0.56772,0.94555,0.83085,0.98656,0.9778,0.99895,0.98836,0.82254,0.95937,0.96448,0.79903,0.99845,0.85293,0.93314,0.86596,0.99716,0.99694,0.92083,0.9984,0.71513,0.73545
15.8,0.80006,0.99725,0.96588,0.82616,0.99944,0.97475,0.70053,0.98699,0.9951,0.49118,0.91091,0.98476,0.95955,0.99266,0.60368,0.85702,0.98338,0.98782,0.98369,0.97973,0.93405,0.99054,0.9598,0.67788,0.99,0.7278,0.72654,0.91173,0.94298,0.99966,0.81721,0.98941,0.86066,0.9264,1.05165,0.97853,0.99485,0.99839,0.96806,0.98967,0.95671,0.49322,0.96012,0.56726,0.99666,0.99931,0.94494,0.56338,0.94564,0.8296,0.98485,0.97753,0.99904,0.9879,0.82053,0.96268,0.96699,0.79886,0.99847,0.85286,0.9332,0.86363,0.99643,0.99734,0.89996,0.99818,0.71624,0.73476
15.82,0.80114,0.99693,0.96749,0.82676,0.99977,0.97475,0.70338,0.98876,0.99735,0.49487,0.92113,0.98317,0.96151,0.99231,0.60268,0.85602,0.98127,0.98761,0.98458,0.98,0.93152,0.98632,0.96074,0.699,0.99002,0.72767,0.72663,0.91257,0.93592,0.99975,0.80985,0.98904,0.86062,0.9264,1.05118,0.97955,0.99411,0.99847,0.96487,0.98967,0.95819,0.48677,0.96833,0.57042,0.99854,0.9989,0.94726,0.5597,0.94609,0.82868,0.98298,0.97779,0.99926,0.98811,0.82607,0.97136,0.96792,0.81457,0.99848,0.85295,0.93312,0.86221,0.9977,0.99757,0.89481,0.99799,0.71629,0.73475
15.84,0.80343,0.99659,0.9696,0.82818,0.99999,0.97475,0.70549,0.99029,0.99973,0.49944,0.93651,0.98233,0.96379,0.99197,0.60131,0.85517,0.97902,0.98723,0.98561,0.98057,0.92765,0.98012,0.96131,0.72617,0.99003,0.72745,0.72679,0.91328,0.92431,0.99981,0.81043,0.98868,0.86083,0.9262,1.05019,0.98054,0.99302,0.99864,0.96137,0.98967,0.95927,0.48091,0.98074,0.57433,0.99991,0.99867,0.94996,0.55618,0.9467,0.82791,0.981,0.97823,0.9995,0.98855,0.83417,0.98041,0.96847,0.83461,0.99848,0.8531,0.93299,0.86099,0.99911,0.99772,0.89521,0.9978,0.71598,0.73499
15.86,0.80504,0.99626,0.97136,0.82923,1.00009,0.97475,0.70789,0.99173,1.0001,0.50346,0.94749,0.98108,0.96591,0.99161,0.60003,0.85429,0.9767,0.98694,0.9865,0.98098,0.92433,0.97352,0.96212,0.74854,0.99003,0.72724,0.72694,0.91407,0.91412,0.99987,0.80694,0.98831,0.86091,0.9261,1.04948,0.98143,0.99201,0.99875,0.95784,0.98967,0.96049,0.47505,0.98823,0.57777,0.99949,0.99829,0.95249,0.55252,0.94727,0.82711,0.97895,0.97856,0.99967,0.98886,0.8408,0.98711,0.96927,0.85095,0.99849,0.85324,0.93287,0.85964,0.99978,0.99788,0.89276,0.9976,0.71585,0.7351
15.88,0.80712,0.99579,0.97325,0.83025,1.00006,0.97475,0.71046,0.99315,0.99901,0.50799,0.95898,0.9798,0.96765,0.99126,0.59908,0.85322,0.97402,0.98658,0.98748,0.98146,0.92068,0.96542,0.96262,0.77247,0.99006,0.72714,0.72701,0.91479,0.90179,0.99994,0.80472,0.98789,0.86103,0.92597,1.04856,0.98261,0.99081,0.99886,0.95385,0.98967,0.96179,0.46885,0.99444,0.58164,0.99735,0.99787,0.95458,0.54902,0.94769,0.82614,0.97658,0.97897,0.99984,0.98922,0.84779,0.99273,0.96976,0.86824,0.9985,0.85331,0.93282,0.8584,1.00001,0.99811,0.89119,0.99736,0.71567,0.73526
15.9,0.80848,0.99557,0.97481,0.83152,0.99993,0.97475,0.71243,0.99424,0.99662,0.5116,0.9672,0.97869,0.97004,0.99087,0.59737,0.85258,0.97171,0.98632,0.98823,0.98185,0.9172,0.95714,0.96365,0.79149,0.99005,0.72682,0.72724,0.91561,0.89072,0.99995,0.80191,0.98756,0.86114,0.92586,1.04795,0.98312,0.98972,0.99899,0.95032,0.98967,0.96276,0.46382,0.99811,0.58473,0.99432,0.99748,0.95746,0.54521,0.94844,0.82555,0.97456,0.97926,0.99994,0.98952,0.85415,0.99645,0.97077,0.88184,0.9985,0.85353,0.93262,0.85696,0.99977,0.99817,0.88922,0.99718,0.7155,0.73539
15.92,0.80766,0.99612,0.97554,0.83331,0.99983,0.97475,0.71307,0.99473,0.99446,0.51263,0.96877,0.97787,0.97437,0.99037,0.59375,0.85311,0.9708,0.98641,0.98838,0.98192,0.91458,0.95104,0.96601,0.79938,0.98988,0.72571,0.72806,0.91674,0.88652,0.99983,0.79538,0.98752,0.86116,0.92583,1.04831,0.98179,0.98918,0.99916,0.94842,0.98967,0.96308,0.46141,0.99945,0.58561,0.99356,0.99718,0.96271,0.54038,0.95002,0.82603,0.97376,0.97916,0.99996,0.98957,0.85877,0.99822,0.97306,0.88743,0.99841,0.85429,0.93196,0.85496,0.99958,0.99777,0.88459,0.99715,0.71547,0.73543
15.94,0.80609,0.99688,0.97598,0.83533,0.99975,0.97475,0.71311,0.995,0.99232,0.5127,0.96834,0.97724,0.9789,0.98983,0.58942,0.85405,0.97042,0.98661,0.98832,0.98189,0.91227,0.94564,0.9688,0.8031,0.98968,0.72439,0.72902,0.91798,0.88453,0.99958,0.78796,0.98758,0.86116,0.92582,1.04901,0.9797,0.98885,0.99933,0.94716,0.98967,0.9631,0.46006,0.99999,0.58567,0.99377,0.99695,0.96829,0.53526,0.9519,0.82689,0.97342,0.97893,0.99995,0.98954,0.8627,0.99924,0.97576,0.89005,0.99832,0.85518,0.93117,0.85275,0.99947,0.99715,0.87932,0.99719,0.71548,0.73544
15.96,0.80482,0.99746,0.97651,0.83722,0.99963,0.97475,0.71332,0.99533,0.98965,0.5131,0.96883,0.97654,0.98262,0.98929,0.58543,0.85478,0.96979,0.98675,0.98835,0.98191,0.90988,0.93948,0.97135,0.80791,0.98955,0.72329,0.72983,0.91916,0.88133,0.9993,0.78091,0.98759,0.86117,0.9258,1.04957,0.97784,0.98843,0.99948,0.94562,0.98967,0.9632,0.45835,1.00004,0.58601,0.99352,0.99668,0.97295,0.53033,0.95361,0.82755,0.97286,0.97878,0.99995,0.98956,0.86668,0.99987,0.97819,0.89344,0.99825,0.85593,0.9305,0.8506,0.99928,0.99657,0.87429,0.9972,0.71547,0.73546
15.98,0.80371,0.99799,0.97718,0.8392,0.99948,0.97475,0.71392,0.99573,0.9861,0.51392,0.96938,0.97573,0.98656,0.98869,0.58156,0.85562,0.96915,0.98694,0.98842,0.98191,0.90695,0.93268,0.9734,0.81567,0.9892,0.7217,0.73101,0.92031,0.87854,0.9989,0.77342,0.98761,0.86119,0.92576,1.05006,0.97587,0.98788,0.99961,0.94386,0.98967,0.9635,0.4562,0.99939,0.58671,0.99324,0.99636,0.97797,0.52494,0.95525,0.82833,0.9723,0.97856,0.99996,0.98956,0.87141,1.00001,0.98013,0.89888,0.99807,0.857,0.92953,0.84847,0.99909,0.99584,0.86892,0.9972,0.71543,0.73551
16,0.80207,0.99848,0.97747,0.84102,0.99937,0.97475,0.71358,0.9959,0.98335,0.51371,0.96929,0.97517,0.98904,0.98818,0.57737,0.8563,0.96864,0.98704,0.98836,0.98193,0.90515,0.92653,0.97625,0.81617,0.98929,0.72105,0.73146,0.92152,0.87538,0.99851,0.76622,0.98765,0.86117,0.92578,1.05078,0.97371,0.98764,0.99971,0.94267,0.98967,0.96333,0.45527,0.99852,0.58653,0.99329,0.99613,0.98123,0.5204,0.95701,0.82895,0.97186,0.97845,0.99995,0.98957,0.87423,0.9997,0.98279,0.89923,0.99812,0.85745,0.92915,0.84621,0.99885,0.99519,0.86374,0.99723,0.71547,0.73549
16.02,0.79906,0.99893,0.97681,0.84241,0.99938,0.97475,0.71057,0.99552,0.98419,0.50999,0.96779,0.97511,0.9886,0.98791,0.57227,0.85645,0.96821,0.98685,0.98799,0.98198,0.90653,0.92289,0.98123,0.79672,0.99062,0.7231,0.72976,0.92291,0.87068,0.99838,0.76001,0.98774,0.86099,0.92594,1.05207,0.97128,0.98818,0.99977,0.94282,0.98967,0.96184,0.45735,0.99881,0.58335,0.99404,0.99611,0.98064,0.51807,0.95912,0.82908,0.97148,0.97867,0.99991,0.98961,0.87207,0.99934,0.98733,0.88555,0.99876,0.85606,0.93056,0.84356,0.99845,0.99498,0.85926,0.99728,0.71574,0.7353
16.04,0.79554,0.99931,0.97577,0.84363,0.99945,0.97475,0.70664,0.99488,0.98616,0.50537,0.96564,0.97534,0.98711,0.98775,0.56693,0.85642,0.96792,0.98657,0.98749,0.98206,0.90905,0.92016,0.98625,0.76852,0.99225,0.72606,0.72735,0.92435,0.86547,0.99834,0.75419,0.98785,0.86076,0.92614,1.05357,0.96868,0.98901,0.99982,0.94356,0.98967,0.95986,0.46067,0.99941,0.5794,0.99501,0.9962,0.97869,0.51668,0.9613,0.82906,0.97122,0.97899,0.99984,0.98967,0.86804,0.999,0.99172,0.8654,0.99942,0.85404,0.93254,0.84077,0.99795,0.99491,0.85504,0.99734,0.71609,0.73505
16.06,0.79227,0.99961,0.97487,0.84488,0.9995,0.97475,0.70325,0.9943,0.98734,0.50175,0.96376,0.97556,0.98605,0.98756,0.56186,0.85646,0.96766,0.98633,0.98705,0.98213,0.91099,0.91678,0.99016,0.74269,0.99355,0.72853,0.72533,0.92572,0.86032,0.99823,0.74822,0.98795,0.86056,0.92632,1.05494,0.96604,0.98968,0.99987,0.94411,0.98967,0.95812,0.46353,0.99969,0.57631,0.99577,0.99629,0.97732,0.51503,0.96334,0.82909,0.97099,0.97925,0.99977,0.98972,0.86485,0.99848,0.99492,0.84669,0.99981,0.85235,0.93418,0.83806,0.9974,0.99474,0.85071,0.9974,0.71639,0.73484
16.08,0.78868,0.99984,0.97397,0.84628,0.99952,0.97475,0.69921,0.99373,0.98917,0.49559,0.96154,0.97528,0.98486,0.98728,0.55646,0.85656,0.96699,0.98606,0.98657,0.98218,0.91304,0.91395,0.99377,0.71337,0.99478,0.7313,0.72309,0.92718,0.85529,0.99821,0.74156,0.98807,0.86032,0.92654,1.05641,0.96307,0.99032,0.99991,0.94437,0.98967,0.95602,0.4662,0.99999,0.57103,0.99656,0.99618,0.97579,0.51265,0.96546,0.82919,0.97041,0.97954,0.99968,0.98976,0.86141,0.99798,0.99759,0.82519,1.00004,0.85044,0.93598,0.83513,0.99681,0.99471,0.84587,0.99746,0.71675,0.73459
16.1,0.78557,0.99997,0.97293,0.84734,0.99961,0.97475,0.6962,0.99298,0.98971,0.49431,0.95973,0.97608,0.98355,0.98721,0.55186,0.85648,0.96719,0.98583,0.9861,0.98228,0.91506,0.91003,0.99608,0.68507,0.99585,0.73364,0.72116,0.92843,0.84961,0.99802,0.73624,0.98814,0.86015,0.92668,1.05767,0.96045,0.99102,0.99993,0.94532,0.98967,0.95443,0.46965,1.00004,0.56994,0.99713,0.99649,0.97412,0.512,0.96724,0.82911,0.97058,0.97979,0.99959,0.98983,0.85793,0.99719,0.99904,0.80423,1.00008,0.84881,0.93752,0.83257,0.99609,0.99442,0.84198,0.99751,0.717,0.73441
16.12,0.78393,1.00001,0.97157,0.84746,0.99981,0.97475,0.69667,0.99173,0.98646,0.50834,0.95936,0.97969,0.98207,0.98768,0.54925,0.85582,0.96979,0.98569,0.98566,0.98254,0.91691,0.90241,0.99667,0.6647,0.99668,0.73459,0.72025,0.92916,0.84195,0.99728,0.73467,0.98809,0.86023,0.92661,1.05833,0.95915,0.99188,0.99993,0.94817,0.98967,0.95468,0.47503,0.99949,0.58194,0.99724,0.99783,0.97225,0.51604,0.96824,0.8285,0.97287,0.97993,0.99951,0.99003,0.85466,0.99535,0.99935,0.78901,0.99998,0.84815,0.93824,0.83105,0.99502,0.99333,0.84083,0.99748,0.71688,0.7345
16.14,0.78283,1.00003,0.97005,0.84725,0.99999,0.97475,0.6982,0.9902,0.98115,0.52675,0.9595,0.98386,0.98051,0.98833,0.54743,0.85497,0.97305,0.9856,0.98522,0.98285,0.91869,0.89337,0.99674,0.64691,0.99737,0.73507,0.71968,0.92969,0.83358,0.99619,0.73451,0.988,0.86038,0.92647,1.05877,0.95833,0.99277,0.99993,0.95155,0.98967,0.95548,0.48124,0.99764,0.59768,0.9972,0.99909,0.97029,0.52173,0.96893,0.82773,0.97574,0.98003,0.99941,0.99026,0.85146,0.9927,0.99939,0.77566,0.99976,0.84781,0.93869,0.82996,0.99374,0.99182,0.84072,0.99743,0.71665,0.73466
16.16,0.7815,1.00004,0.96856,0.84722,1.00008,0.97475,0.69902,0.98865,0.97587,0.54172,0.95941,0.98716,0.97902,0.98887,0.54536,0.85428,0.97574,0.98549,0.98478,0.98313,0.92041,0.88473,0.99702,0.62751,0.99798,0.73575,0.71897,0.93028,0.82549,0.99505,0.73371,0.98793,0.86049,0.92637,1.0593,0.95725,0.99357,0.99993,0.95447,0.98967,0.95592,0.48719,0.99506,0.61048,0.99723,0.99978,0.96844,0.52654,0.96971,0.8271,0.9781,0.98015,0.99931,0.99047,0.84829,0.98975,0.99952,0.76103,0.99943,0.84733,0.93925,0.82872,0.9924,0.99034,0.84013,0.99739,0.71649,0.73479
16.18,0.78005,1.00004,0.96696,0.84706,1.00009,0.97475,0.70069,0.9869,0.96978,0.56063,0.95928,0.99032,0.97688,0.98944,0.5429,0.8533,0.97854,0.98535,0.9843,0.98345,0.92241,0.87457,0.99733,0.60571,0.99858,0.7365,0.71818,0.93097,0.81607,0.99373,0.73293,0.98784,0.86063,0.92624,1.05987,0.95624,0.99436,0.99992,0.95766,0.98967,0.95679,0.49353,0.99144,0.62665,0.99726,1.0001,0.9658,0.53174,0.97063,0.8262,0.98058,0.98029,0.9992,0.99071,0.84452,0.98582,0.99966,0.7445,0.99891,0.8468,0.93987,0.82725,0.99072,0.98868,0.83956,0.99734,0.71628,0.73494
16.2,0.77897,1.00004,0.96546,0.84708,1.00004,0.97475,0.70091,0.98517,0.96286,0.57183,0.95935,0.99273,0.97592,0.98995,0.54146,0.85285,0.98081,0.98528,0.98387,0.98368,0.92374,0.86625,0.99744,0.58832,0.99895,0.73698,0.71765,0.93139,0.80874,0.99227,0.73243,0.98778,0.86073,0.92615,1.06029,0.95518,0.99504,0.99992,0.96011,0.98967,0.9569,0.49955,0.98675,0.63623,0.99724,1,0.96461,0.53643,0.97116,0.8258,0.98258,0.98036,0.99909,0.99088,0.84195,0.98227,0.9997,0.73125,0.99844,0.84646,0.94028,0.82635,0.98933,0.98691,0.8392,0.9973,0.71613,0.73505
16.22,0.77876,1.00002,0.96424,0.84769,1.00002,0.97475,0.69641,0.98373,0.95506,0.55987,0.95983,0.99399,0.97858,0.99027,0.54274,0.85405,0.98195,0.9854,0.98363,0.98367,0.92332,0.86413,0.99714,0.58345,0.99894,0.73684,0.71779,0.93111,0.80753,0.99068,0.73227,0.98782,0.86074,0.92614,1.06037,0.95381,0.99555,0.99994,0.96068,0.98967,0.95454,0.50432,0.98091,0.626,0.9971,0.99977,0.9679,0.53947,0.97069,0.82689,0.98359,0.98024,0.99903,0.99087,0.84278,0.98132,0.99957,0.72754,0.99846,0.84656,0.94018,0.82694,0.98909,0.98504,0.83908,0.99732,0.71611,0.73506
16.24,0.77892,0.99998,0.96316,0.84849,1.00003,0.97475,0.69045,0.98239,0.94648,0.54031,0.9605,0.99485,0.98217,0.99053,0.545,0.85577,0.98268,0.98558,0.98344,0.98358,0.92224,0.86438,0.99661,0.58364,0.99879,0.73644,0.71819,0.93057,0.80875,0.989,0.73237,0.98789,0.86071,0.92617,1.06031,0.95237,0.99597,0.99995,0.96058,0.98967,0.95133,0.50865,0.97398,0.60927,0.9969,0.99952,0.97238,0.54195,0.96984,0.82846,0.98424,0.98005,0.99898,0.9908,0.84485,0.98143,0.99932,0.72768,0.99867,0.84684,0.93986,0.82809,0.98933,0.98311,0.83915,0.99736,0.71615,0.73503
16.26,0.77895,0.99993,0.96205,0.8492,1.00002,0.97475,0.68537,0.98094,0.93742,0.52496,0.9611,0.99572,0.98488,0.99081,0.54675,0.85715,0.98351,0.98574,0.98322,0.98352,0.92144,0.86366,0.99612,0.58174,0.9987,0.73616,0.71848,0.93015,0.80911,0.98723,0.73241,0.98794,0.8607,0.92618,1.06029,0.95097,0.99638,0.99995,0.96075,0.98967,0.94853,0.51322,0.96622,0.59615,0.99671,0.99917,0.97581,0.54462,0.96919,0.82972,0.98497,0.97988,0.99892,0.99076,0.84635,0.98111,0.99906,0.72623,0.99878,0.84704,0.93964,0.82898,0.9894,0.98112,0.83918,0.99739,0.71617,0.73501
16.28,0.77885,0.99986,0.96066,0.84989,1.00001,0.97475,0.67908,0.97935,0.92645,0.50442,0.96162,0.99667,0.98779,0.99111,0.54888,0.8589,0.98457,0.98588,0.98302,0.98347,0.92066,0.86239,0.99568,0.57903,0.9986,0.73588,0.71876,0.92972,0.80844,0.98494,0.73222,0.988,0.8607,0.92619,1.06034,0.94943,0.99685,0.99996,0.96106,0.98967,0.94499,0.5181,0.95634,0.57859,0.99654,0.99862,0.97958,0.54757,0.96838,0.83132,0.98591,0.97973,0.99886,0.99072,0.84781,0.98053,0.99881,0.72416,0.99889,0.84724,0.93941,0.82989,0.98927,0.97858,0.83904,0.99743,0.71617,0.735
16.3,0.7791,0.99978,0.95984,0.85067,1.00001,0.97475,0.67483,0.97793,0.91732,0.49203,0.96233,0.99716,0.98979,0.99134,0.55046,0.85999,0.98499,0.98607,0.98278,0.98337,0.91969,0.86288,0.99497,0.57914,0.99847,0.73553,0.71911,0.92925,0.81048,0.98338,0.73257,0.98805,0.86067,0.92622,1.06024,0.94809,0.99711,0.99996,0.96093,0.98967,0.94256,0.52234,0.9478,0.56799,0.99629,0.99826,0.98222,0.54977,0.96778,0.83232,0.98629,0.97953,0.9988,0.99065,0.84962,0.98075,0.99838,0.72424,0.99903,0.84748,0.93914,0.83087,0.98967,0.97688,0.8393,0.99745,0.71622,0.73496
16.32,0.78028,0.99973,0.96065,0.85165,1.00005,0.97475,0.67664,0.97706,0.91544,0.5047,0.96351,0.99667,0.98976,0.99136,0.55024,0.85927,0.98373,0.98638,0.9825,0.98322,0.91826,0.86745,0.99356,0.58591,0.99827,0.73503,0.71955,0.92876,0.81929,0.98414,0.73423,0.98802,0.8606,0.9263,1.05977,0.94732,0.99685,0.99996,0.95968,0.98967,0.9436,0.52491,0.94601,0.57882,0.99587,0.99863,0.98218,0.55,0.96787,0.83166,0.98517,0.97919,0.99872,0.99054,0.85223,0.9828,0.99744,0.72942,0.99922,0.84783,0.9388,0.83189,0.99131,0.97771,0.84051,0.99744,0.71633,0.73487
16.34,0.7818,0.9997,0.96201,0.85271,1.00009,0.97475,0.68061,0.97642,0.9163,0.52579,0.96486,0.99571,0.98908,0.99131,0.54943,0.85787,0.98178,0.98674,0.98218,0.98301,0.91666,0.87362,0.99168,0.59519,0.99803,0.73448,0.72004,0.92824,0.83039,0.98576,0.73644,0.98797,0.86049,0.92641,1.05918,0.94676,0.99639,0.99995,0.95799,0.98967,0.94586,0.52676,0.94683,0.59686,0.99534,0.99917,0.98128,0.54953,0.96817,0.83037,0.98344,0.97879,0.99862,0.99038,0.85511,0.98543,0.99608,0.7365,0.9994,0.84822,0.93841,0.83295,0.99322,0.97948,0.84212,0.99741,0.71648,0.73474
16.36,0.78313,0.99965,0.96307,0.85372,1.0001,0.97475,0.68366,0.97569,0.9159,0.54284,0.96609,0.99486,0.98873,0.9913,0.5489,0.85671,0.98007,0.98707,0.98184,0.98277,0.91516,0.879,0.98971,0.6031,0.99778,0.73397,0.7205,0.92773,0.84002,0.98701,0.73846,0.98793,0.86039,0.92652,1.05865,0.94611,0.996,0.99994,0.95649,0.98967,0.94758,0.52886,0.94645,0.61144,0.99482,0.99952,0.98081,0.54943,0.96838,0.82932,0.98193,0.97842,0.99852,0.9902,0.85776,0.98759,0.99456,0.74251,0.99956,0.84858,0.93804,0.834,0.99473,0.98087,0.8436,0.99739,0.71665,0.73461
16.38,0.78459,0.9996,0.96423,0.8548,1.00008,0.97475,0.68636,0.97481,0.9156,0.55864,0.96731,0.99391,0.98822,0.99127,0.54835,0.85579,0.97807,0.9874,0.98163,0.98276,0.91344,0.88391,0.98749,0.61161,0.99752,0.7334,0.72099,0.92723,0.84955,0.98787,0.74018,0.98786,0.86035,0.92656,1.05807,0.94542,0.99555,0.99992,0.9548,0.98967,0.94908,0.53135,0.94617,0.62495,0.99427,0.99979,0.98014,0.54908,0.96858,0.82848,0.98016,0.97804,0.99846,0.99019,0.86072,0.98945,0.99276,0.74898,0.9997,0.84897,0.93765,0.83502,0.99608,0.98183,0.84485,0.99735,0.7167,0.73456
16.4,0.78584,0.99956,0.96527,0.85573,1.00005,0.97475,0.6902,0.97427,0.91569,0.57778,0.96858,0.99278,0.98786,0.99127,0.54771,0.85422,0.97628,0.98773,0.98113,0.98226,0.9121,0.88979,0.98509,0.61914,0.99724,0.73293,0.72143,0.9267,0.85892,0.9895,0.74261,0.98786,0.86016,0.92675,1.05757,0.94485,0.99512,0.9999,0.95333,0.98967,0.95119,0.5329,0.94625,0.64131,0.99365,0.99999,0.97966,0.54908,0.96883,0.82704,0.97858,0.97764,0.9983,0.98982,0.86301,0.99152,0.99072,0.75469,0.99982,0.84931,0.93731,0.83609,0.99724,0.98368,0.84663,0.99735,0.71698,0.73434
16.42,0.78642,0.99954,0.96588,0.85622,1.00003,0.97475,0.69722,0.9746,0.91645,0.60698,0.96942,0.99152,0.98796,0.99141,0.54675,0.85075,0.97554,0.98806,0.97968,0.98017,0.91185,0.898,0.98248,0.62351,0.99689,0.7327,0.72171,0.92607,0.86778,0.993,0.74696,0.98809,0.8595,0.92736,1.05733,0.94461,0.99485,0.99989,0.95275,0.98967,0.95497,0.53197,0.94698,0.66627,0.99322,1.0001,0.9798,0.55048,0.96919,0.82389,0.97793,0.97724,0.99783,0.98824,0.86342,0.99412,0.98845,0.758,0.99993,0.84946,0.93709,0.83736,0.99818,0.98779,0.8498,0.99748,0.71798,0.73361
16.44,0.78679,0.99953,0.96636,0.85655,1.00002,0.97475,0.70516,0.97525,0.91745,0.63785,0.97038,0.99006,0.98827,0.99158,0.54575,0.84665,0.97514,0.98839,0.97788,0.97744,0.912,0.90681,0.97975,0.62686,0.99651,0.73257,0.72192,0.92542,0.87639,0.99624,0.75195,0.98839,0.85869,0.92809,1.05718,0.94449,0.99464,0.99988,0.95243,0.98967,0.9591,0.53012,0.94793,0.69265,0.9927,1.00009,0.98021,0.55222,0.96957,0.82016,0.97758,0.97683,0.99718,0.98615,0.86316,0.99646,0.986,0.76053,1.00001,0.84956,0.93692,0.83865,0.99893,0.99189,0.85342,0.99764,0.71919,0.73273
16.46,0.78725,0.99951,0.96688,0.85695,1.00001,0.97475,0.71219,0.97574,0.91812,0.66462,0.97162,0.98847,0.98858,0.99173,0.54489,0.84293,0.97457,0.98871,0.97624,0.97495,0.91198,0.91482,0.97694,0.63064,0.99613,0.7324,0.72215,0.9248,0.88475,0.99828,0.75654,0.98863,0.85799,0.92873,1.057,0.94432,0.9944,0.99986,0.95196,0.98967,0.96265,0.52873,0.94856,0.71552,0.99199,0.99997,0.98061,0.55366,0.96989,0.8168,0.97707,0.97642,0.99656,0.9842,0.8632,0.99814,0.98343,0.76339,1.00006,0.84967,0.93673,0.83988,0.99949,0.99482,0.85675,0.99777,0.72024,0.73197
16.48,0.78773,0.9995,0.96748,0.85737,0.99999,0.97475,0.72061,0.97627,0.91973,0.69711,0.97143,0.98702,0.98849,0.99192,0.54348,0.83842,0.97401,0.98903,0.97411,0.97165,0.91193,0.92258,0.97324,0.63449,0.99568,0.7322,0.72243,0.92407,0.89273,0.99973,0.76133,0.98895,0.85711,0.92952,1.0568,0.94416,0.99411,0.99985,0.95161,0.98967,0.96673,0.52719,0.95008,0.74326,0.99209,0.99976,0.9805,0.55565,0.97042,0.81273,0.97658,0.97601,0.99569,0.98159,0.86328,0.9993,0.97997,0.7663,1.00009,0.84982,0.93651,0.84131,0.99984,0.99751,0.86021,0.99795,0.72155,0.73102
16.5,0.78812,0.99949,0.96785,0.85771,0.99997,0.97475,0.72614,0.97676,0.91945,0.71524,0.97408,0.98489,0.98924,0.99201,0.54324,0.83529,0.97349,0.98935,0.97273,0.96946,0.91204,0.92988,0.97084,0.63788,0.99529,0.73209,0.7226,0.92356,0.90047,1.00006,0.76567,0.98911,0.85656,0.93,1.05664,0.94399,0.99393,0.99984,0.95106,0.98967,0.96931,0.52576,0.94982,0.75873,0.99041,0.99934,0.98149,0.5566,0.9705,0.80991,0.97612,0.97557,0.9951,0.97984,0.8631,0.99992,0.97771,0.76885,1.00008,0.84989,0.93637,0.8423,1,0.99877,0.86335,0.99803,0.72236,0.73043
16.52,0.78841,0.99947,0.96762,0.8579,0.99991,0.97475,0.72335,0.97706,0.91335,0.69488,0.98368,0.98056,0.99215,0.99182,0.54617,0.83634,0.973,0.98971,0.97376,0.9711,0.91249,0.93679,0.97291,0.64036,0.99514,0.73225,0.7225,0.92369,0.90892,0.99995,0.76907,0.98879,0.85694,0.92965,1.05652,0.94385,0.99404,0.99983,0.94988,0.98967,0.96802,0.52488,0.94401,0.74135,0.9817,0.99812,0.98542,0.55464,0.96941,0.81086,0.97569,0.97508,0.99554,0.98116,0.86235,0.99999,0.97967,0.77073,1.00007,0.84978,0.93646,0.84205,0.99995,0.99815,0.86579,0.99786,0.7218,0.73086
16.54,0.78861,0.99946,0.96715,0.85801,0.99983,0.97475,0.71776,0.97731,0.90504,0.66006,0.99255,0.97496,0.99516,0.99152,0.55035,0.83885,0.97256,0.99009,0.97556,0.97391,0.91307,0.94318,0.97631,0.6424,0.99507,0.73249,0.7223,0.92405,0.91687,0.99931,0.77196,0.98829,0.85765,0.92897,1.05644,0.94369,0.99427,0.99983,0.94848,0.98967,0.96536,0.52416,0.93594,0.71162,0.96689,0.99604,0.98969,0.55163,0.96782,0.81311,0.9753,0.97455,0.99629,0.98338,0.86135,0.99956,0.98284,0.77226,1.00007,0.84961,0.93661,0.84135,0.99965,0.99659,0.86787,0.99759,0.72074,0.73168
16.56,0.78879,0.99944,0.96674,0.85815,0.99975,0.97475,0.71368,0.97758,0.89762,0.63135,0.9975,0.9692,0.99722,0.99127,0.55406,0.84063,0.97211,0.99045,0.97691,0.97595,0.91359,0.94909,0.97875,0.64455,0.99496,0.73267,0.72216,0.9243,0.92395,0.9985,0.77483,0.98787,0.85823,0.92842,1.05637,0.9435,0.99446,0.99982,0.94717,0.98967,0.96338,0.52336,0.92859,0.68709,0.95021,0.99349,0.99283,0.54908,0.9664,0.81472,0.97491,0.97402,0.99682,0.98498,0.86047,0.99865,0.98509,0.77388,1.00006,0.84949,0.93673,0.84086,0.99915,0.99516,0.86994,0.99735,0.71987,0.73234
16.58,0.78924,0.99944,0.9665,0.85832,0.99964,0.97475,0.7084,0.97787,0.88849,0.59561,0.99986,0.96197,0.99888,0.99101,0.55754,0.84256,0.97158,0.99079,0.9784,0.97831,0.91415,0.95553,0.9816,0.64699,0.99487,0.73295,0.72194,0.92456,0.93294,0.99703,0.77861,0.9874,0.85873,0.92794,1.05619,0.94346,0.99457,0.99982,0.94578,0.98967,0.96075,0.52253,0.9194,0.65655,0.92714,0.98986,0.99572,0.54655,0.96504,0.81647,0.97444,0.97352,0.99738,0.98681,0.8595,0.99699,0.98767,0.77572,1.00005,0.84929,0.9369,0.84036,0.99814,0.99296,0.87265,0.99708,0.71914,0.73292
16.6,0.78911,0.99941,0.96587,0.8584,0.99953,0.97475,0.70482,0.9781,0.88153,0.56711,0.99925,0.95577,0.9997,0.99072,0.5619,0.84452,0.97122,0.99117,0.97965,0.98001,0.91463,0.95983,0.98348,0.64873,0.99476,0.73304,0.72186,0.92487,0.937,0.99578,0.78034,0.98697,0.85947,0.92724,1.05624,0.9431,0.99486,0.99981,0.94445,0.98967,0.95893,0.52184,0.91228,0.63219,0.90558,0.98647,0.9975,0.5437,0.96332,0.81823,0.97413,0.97294,0.99782,0.98812,0.85867,0.99543,0.98932,0.77703,1.00004,0.84922,0.93696,0.83975,0.99753,0.99128,0.87388,0.99683,0.71802,0.73375
16.62,0.78737,0.9993,0.9641,0.85825,0.99943,0.97475,0.70682,0.97821,0.88203,0.56698,0.99878,0.95449,0.99982,0.99036,0.56843,0.84619,0.97125,0.99166,0.98013,0.97989,0.91489,0.95926,0.98272,0.64843,0.99457,0.73256,0.72217,0.92527,0.92798,0.99662,0.77639,0.98674,0.8609,0.92596,1.05695,0.94189,0.99561,0.99982,0.94333,0.98967,0.95995,0.5215,0.9128,0.63208,0.90013,0.98574,0.99783,0.54025,0.96069,0.81974,0.97415,0.97215,0.99798,0.98803,0.85822,0.99566,0.98866,0.7768,1.00001,0.84956,0.93672,0.83896,0.99875,0.9924,0.87105,0.99669,0.71586,0.73527
16.64,0.78506,0.99914,0.9619,0.85798,0.99933,0.97475,0.71062,0.97827,0.88513,0.57612,0.99885,0.95506,0.9998,0.98996,0.57587,0.84784,0.97148,0.99219,0.98039,0.97919,0.91506,0.95691,0.9811,0.64747,0.99437,0.73189,0.72261,0.92572,0.91328,0.9979,0.77035,0.98658,0.86256,0.92447,1.05788,0.94035,0.99643,0.99983,0.94229,0.98967,0.96186,0.52133,0.91597,0.63989,0.90079,0.98606,0.99778,0.5365,0.95764,0.82125,0.97436,0.97127,0.99806,0.98749,0.85792,0.99653,0.98721,0.77608,0.99998,0.85003,0.93636,0.83807,0.99981,0.99422,0.86672,0.9966,0.71336,0.73703
16.66,0.78304,0.99899,0.95987,0.85774,0.99922,0.97475,0.71351,0.97835,0.88698,0.58057,0.99863,0.95476,0.99984,0.98956,0.58298,0.84951,0.97168,0.99268,0.98075,0.97877,0.91525,0.95535,0.97989,0.64696,0.99417,0.73132,0.72298,0.92616,0.90019,0.99866,0.76529,0.98639,0.86405,0.92311,1.05869,0.93891,0.9971,0.99984,0.94121,0.98967,0.9633,0.52111,0.91787,0.64369,0.89851,0.98589,0.99791,0.53285,0.95465,0.82276,0.97453,0.97041,0.99818,0.98717,0.85759,0.99705,0.98613,0.7757,0.99995,0.85043,0.93607,0.83719,1,0.99543,0.86307,0.99648,0.71107,0.73863
16.68,0.78081,0.99883,0.95752,0.85763,0.99909,0.97475,0.71657,0.97847,0.8889,0.58631,0.99842,0.95449,0.99987,0.98917,0.59048,0.85114,0.97161,0.99315,0.98108,0.9783,0.91553,0.95368,0.97832,0.64582,0.99394,0.73068,0.72339,0.92654,0.88425,0.99938,0.75969,0.98618,0.86574,0.92154,1.05957,0.93755,0.99777,0.99984,0.94003,0.98967,0.96479,0.52075,0.91981,0.6486,0.89649,0.98573,0.99801,0.5292,0.95144,0.82424,0.97447,0.96955,0.99829,0.98681,0.85711,0.99754,0.9847,0.77484,0.9999,0.85087,0.93574,0.83641,0.99946,0.99672,0.85903,0.99635,0.70847,0.74046
16.7,0.77885,0.99863,0.95559,0.8572,0.99898,0.97475,0.7197,0.97847,0.89128,0.59162,0.99831,0.95464,0.99989,0.98875,0.59769,0.8528,0.97217,0.99362,0.98142,0.97776,0.9156,0.95168,0.97715,0.64583,0.99377,0.73013,0.72376,0.92705,0.86985,0.99974,0.75455,0.98603,0.86706,0.9203,1.06033,0.93589,0.99824,0.99986,0.93908,0.98967,0.96629,0.52074,0.92223,0.65314,0.89547,0.98582,0.99806,0.52545,0.9483,0.82575,0.97496,0.96864,0.99839,0.98639,0.85697,0.99807,0.98362,0.77485,0.99986,0.85125,0.93544,0.83539,0.99838,0.99754,0.85531,0.99625,0.70643,0.7419
16.72,0.77786,0.99831,0.95498,0.85595,0.99893,0.97475,0.72259,0.97823,0.89424,0.59384,0.99832,0.95546,0.99991,0.9883,0.60357,0.85448,0.97402,0.99411,0.9818,0.97716,0.91511,0.94954,0.97757,0.64914,0.99382,0.72992,0.72395,0.92783,0.86467,0.99969,0.75136,0.98604,0.86732,0.92006,1.06072,0.93348,0.99838,0.99989,0.93864,0.98967,0.96766,0.52145,0.92521,0.65503,0.89555,0.98629,0.99811,0.52144,0.94569,0.82728,0.97659,0.96763,0.99851,0.98593,0.85783,0.99855,0.98401,0.77733,0.99987,0.85139,0.93529,0.8338,0.99787,0.99741,0.853,0.99626,0.70603,0.74217
16.74,0.77717,0.99792,0.95488,0.85436,0.99891,0.97475,0.7255,0.97786,0.89759,0.59536,0.99842,0.95666,0.99991,0.98783,0.6091,0.85619,0.97645,0.9946,0.98218,0.97651,0.91443,0.94706,0.97843,0.6536,0.99393,0.72982,0.7241,0.92873,0.86232,0.9995,0.74876,0.98613,0.86721,0.92018,1.06099,0.93074,0.9984,0.99993,0.93847,0.98967,0.96901,0.52255,0.92856,0.65634,0.8965,0.98696,0.99813,0.51734,0.94321,0.82884,0.97873,0.96659,0.99862,0.98542,0.85902,0.99902,0.9848,0.78069,0.9999,0.85147,0.93517,0.83195,0.99762,0.99697,0.8511,0.99632,0.7062,0.74203
16.76,0.77633,0.99751,0.95458,0.85287,0.99889,0.97475,0.72841,0.9775,0.90077,0.59711,0.99849,0.95771,0.99992,0.98735,0.61493,0.85792,0.97867,0.99505,0.98257,0.97587,0.91386,0.94446,0.97899,0.65749,0.99401,0.72965,0.72428,0.92959,0.85814,0.99935,0.74583,0.98618,0.86726,0.92013,1.06131,0.92809,0.99847,0.99995,0.93827,0.98967,0.97035,0.52361,0.93173,0.65783,0.89721,0.98755,0.99816,0.51327,0.94055,0.83042,0.98069,0.96556,0.99874,0.98492,0.86001,0.9994,0.98531,0.78361,0.99991,0.85158,0.93502,0.83016,0.99715,0.99668,0.84897,0.99635,0.70611,0.74209
16.78,0.77551,0.99705,0.95413,0.85157,0.99881,0.97475,0.73122,0.97733,0.90364,0.59954,0.99852,0.95861,0.99993,0.98686,0.62061,0.85944,0.97999,0.99551,0.98291,0.9752,0.91317,0.94254,0.97988,0.66135,0.99411,0.72954,0.72442,0.93035,0.85564,0.99914,0.74295,0.98624,0.86733,0.92009,1.06163,0.9253,0.99856,0.99996,0.93764,0.98967,0.97161,0.52412,0.93456,0.65991,0.89748,0.98805,0.99821,0.50909,0.93794,0.83182,0.98186,0.96444,0.99883,0.9844,0.86118,0.99963,0.98611,0.78651,0.99993,0.85166,0.93491,0.82856,0.99686,0.99627,0.84688,0.99639,0.70601,0.74214
16.8,0.77473,0.99658,0.9541,0.84979,0.99885,0.97475,0.73418,0.97673,0.90707,0.60025,0.99865,0.95986,0.99993,0.98638,0.62668,0.86137,0.98299,0.99589,0.98333,0.97455,0.91266,0.93898,0.98018,0.66553,0.99417,0.72933,0.72463,0.93133,0.85029,0.99897,0.7401,0.98629,0.86729,0.92013,1.06192,0.9226,0.99857,0.99996,0.93799,0.98967,0.97292,0.52586,0.93792,0.66051,0.89878,0.98873,0.9982,0.5051,0.93511,0.83359,0.98452,0.96344,0.99895,0.98389,0.86205,0.9999,0.98639,0.78963,0.99995,0.8518,0.93474,0.82648,0.99618,0.99596,0.8448,0.99642,0.70607,0.7421
16.82,0.77385,0.99616,0.95536,0.84679,0.99919,0.97475,0.73765,0.97492,0.91197,0.59636,0.999,0.96206,0.99989,0.98593,0.63389,0.86432,0.98949,0.99611,0.98406,0.97396,0.91272,0.93068,0.97853,0.67006,0.99411,0.72876,0.72505,0.93285,0.83573,0.99912,0.73715,0.98626,0.86702,0.92035,1.06226,0.92032,0.9983,0.99992,0.94091,0.98967,0.97443,0.53105,0.94269,0.65719,0.90254,0.98991,0.99806,0.5014,0.93171,0.83629,0.99029,0.96284,0.99914,0.98342,0.86194,0.99995,0.98488,0.79303,0.99993,0.85219,0.9344,0.82318,0.99408,0.99623,0.84264,0.9964,0.70649,0.74184
16.84,0.77301,0.99575,0.95697,0.84332,0.99955,0.97475,0.74123,0.9726,0.91729,0.59069,0.99936,0.96451,0.99983,0.98551,0.64153,0.86766,0.99535,0.99629,0.98484,0.97338,0.91295,0.92001,0.97622,0.6749,0.99401,0.72809,0.72553,0.93456,0.81732,0.99931,0.73423,0.98621,0.86666,0.92063,1.06258,0.91819,0.99791,0.99981,0.94468,0.98967,0.97595,0.53753,0.94777,0.65234,0.90717,0.99119,0.99786,0.49794,0.92805,0.83936,0.99556,0.96235,0.99933,0.98297,0.86155,0.99897,0.98276,0.79664,0.99991,0.85265,0.93401,0.81939,0.99095,0.99659,0.84051,0.99637,0.70704,0.74152
16.86,0.77223,0.99531,0.95824,0.84005,0.9998,0.97475,0.74465,0.97042,0.92218,0.58575,0.99961,0.96671,0.99976,0.98509,0.6491,0.8708,0.99867,0.99648,0.98553,0.9728,0.91306,0.9095,0.97428,0.67971,0.99393,0.72749,0.72597,0.93616,0.79967,0.9994,0.73133,0.98617,0.86638,0.92086,1.06288,0.91596,0.99757,0.99966,0.94793,0.98967,0.97736,0.54345,0.95238,0.64812,0.91131,0.99229,0.99766,0.49455,0.92438,0.84226,0.99863,0.96178,0.99948,0.98251,0.86137,0.99708,0.98095,0.80023,0.9999,0.85307,0.93366,0.81578,0.98752,0.99678,0.83839,0.99635,0.70749,0.74125
16.88,0.77111,0.99483,0.96009,0.83672,0.99997,0.97475,0.74837,0.968,0.92704,0.58092,0.99978,0.969,0.99969,0.98456,0.65679,0.87374,0.99997,0.99663,0.98641,0.97219,0.91336,0.89822,0.97138,0.68385,0.99385,0.7268,0.72647,0.93775,0.78035,0.99969,0.72817,0.98613,0.86595,0.9212,1.0633,0.91362,0.99703,0.99944,0.95109,0.98967,0.97887,0.54989,0.95688,0.64399,0.91525,0.9934,0.99748,0.49033,0.9206,0.84499,0.99996,0.96134,0.99965,0.98202,0.86086,0.99418,0.97822,0.80332,0.99988,0.85354,0.93325,0.81208,0.98334,0.9974,0.83608,0.99632,0.70814,0.74085
16.9,0.77071,0.99438,0.96076,0.83337,1.00007,0.97475,0.75141,0.96573,0.9316,0.57536,0.99989,0.97094,0.99959,0.98424,0.66458,0.8771,0.9992,0.99686,0.98683,0.97161,0.9133,0.88603,0.97006,0.68933,0.99376,0.72627,0.72687,0.93933,0.76109,0.99957,0.72551,0.98609,0.8658,0.92131,1.06345,0.91148,0.99681,0.99917,0.95431,0.98967,0.98007,0.55578,0.96104,0.63924,0.9195,0.9943,0.99724,0.48784,0.91673,0.84811,0.99953,0.96061,0.99973,0.98156,0.86096,0.99022,0.97695,0.8074,0.99986,0.8539,0.93293,0.80834,0.9788,0.99714,0.83412,0.99629,0.70838,0.74073
16.92,0.77237,0.99404,0.95814,0.83013,1.00009,0.97475,0.75264,0.96413,0.93554,0.56819,0.9999,0.97213,0.99943,0.98454,0.67253,0.88128,0.99479,0.99723,0.98615,0.97123,0.91216,0.87312,0.97368,0.69846,0.99366,0.72621,0.72694,0.94084,0.7446,0.99746,0.72417,0.98604,0.86643,0.92072,1.06282,0.90988,0.9976,0.99885,0.95768,0.98967,0.98054,0.55984,0.96456,0.63311,0.92444,0.99484,0.99686,0.4902,0.91272,0.852,0.99603,0.9594,0.99961,0.98126,0.86289,0.98522,0.98039,0.81417,0.99984,0.85395,0.93287,0.80469,0.97464,0.99359,0.83314,0.99626,0.70741,0.74141
16.94,0.77474,0.99374,0.9542,0.82689,1.00001,0.97475,0.75321,0.9628,0.93919,0.56033,0.99978,0.97302,0.99922,0.98505,0.68053,0.88585,0.98569,0.99767,0.98497,0.97088,0.91066,0.85934,0.97853,0.70875,0.99357,0.7263,0.7269,0.94233,0.7287,0.9922,0.72335,0.98599,0.86733,0.91989,1.06192,0.90853,0.99855,0.99848,0.96102,0.98967,0.98076,0.56321,0.96777,0.62639,0.92959,0.99523,0.99641,0.49427,0.90865,0.85629,0.98852,0.95781,0.99936,0.98098,0.86541,0.97912,0.98489,0.82178,0.99981,0.85388,0.9329,0.801,0.97042,0.98683,0.83254,0.99623,0.70601,0.74237
16.96,0.77673,0.99341,0.9507,0.82362,0.99983,0.97475,0.75406,0.96135,0.94279,0.55276,0.99952,0.97398,0.99899,0.98545,0.68855,0.89031,0.97275,0.99808,0.98387,0.97045,0.90934,0.84487,0.98218,0.71825,0.99347,0.72631,0.72692,0.9438,0.71176,0.98528,0.72233,0.98594,0.86809,0.91917,1.06116,0.90709,0.99917,0.99806,0.96416,0.98967,0.98109,0.56681,0.97087,0.61992,0.93445,0.99564,0.99594,0.49749,0.90452,0.86049,0.9777,0.95611,0.99909,0.98064,0.86757,0.97197,0.98818,0.82879,0.99979,0.85388,0.93289,0.79727,0.96572,0.97896,0.83179,0.9962,0.70482,0.74319
16.98,0.77891,0.99304,0.94694,0.82038,0.99953,0.97475,0.75496,0.95965,0.94638,0.54473,0.99914,0.9751,0.99876,0.98588,0.69712,0.89396,0.95489,0.99825,0.98317,0.97028,0.90785,0.82978,0.98594,0.72776,0.99337,0.72638,0.7269,0.94524,0.6942,0.97529,0.72116,0.98589,0.8689,0.91841,1.06031,0.90544,0.99964,0.99759,0.96731,0.98967,0.98143,0.571,0.9739,0.61306,0.93894,0.9961,0.99548,0.50099,0.90005,0.86394,0.96266,0.95539,0.9989,0.9805,0.86998,0.96383,0.99145,0.83577,0.99976,0.85383,0.9329,0.79354,0.96064,0.96832,0.83093,0.99617,0.70355,0.74407
17,0.78082,0.99276,0.94302,0.81704,0.99918,0.97475,0.7556,0.95847,0.94961,0.53736,0.99857,0.97577,0.99844,0.98628,0.70475,0.89909,0.93423,0.99881,0.98142,0.96959,0.90662,0.8139,0.98868,0.73701,0.99328,0.72636,0.72693,0.94669,0.67681,0.96422,0.7204,0.98585,0.86967,0.91768,1.05956,0.90426,0.99994,0.99706,0.97002,0.98967,0.98167,0.57386,0.97656,0.60675,0.94371,0.99637,0.9949,0.50424,0.89603,0.86882,0.9452,0.95251,0.99839,0.97994,0.87194,0.9546,0.99374,0.84254,0.99974,0.85384,0.93287,0.7897,0.95542,0.95701,0.83037,0.99614,0.70234,0.74491
17.02,0.78195,0.99277,0.93907,0.81339,0.99887,0.97475,0.75566,0.95872,0.95223,0.53192,0.99763,0.97526,0.99792,0.98658,0.70983,0.90828,0.91503,0.99985,0.97627,0.9672,0.90606,0.79619,0.98931,0.74611,0.99317,0.72602,0.72721,0.94819,0.65973,0.95652,0.72076,0.98584,0.8703,0.91708,1.05912,0.9043,1.00005,0.99641,0.97187,0.98967,0.98169,0.57326,0.97867,0.6021,0.94951,0.99617,0.994,0.5067,0.89334,0.87764,0.92892,0.94251,0.99657,0.97802,0.87282,0.9436,0.99424,0.84918,0.99971,0.85408,0.93265,0.78564,0.95012,0.94931,0.83063,0.99614,0.70135,0.74559
17.04,0.78278,0.99289,0.93506,0.80964,0.99859,0.97475,0.75548,0.95952,0.95453,0.52725,0.99635,0.97432,0.99727,0.98683,0.71385,0.91838,0.8957,0.99949,0.96923,0.96419,0.90581,0.77777,0.98935,0.75483,0.99307,0.72559,0.72754,0.94969,0.6431,0.95,0.7215,0.98584,0.87088,0.91653,1.05879,0.90481,0.99999,0.99569,0.97334,0.98967,0.98163,0.5713,0.98049,0.59811,0.95534,0.99578,0.99292,0.50881,0.89119,0.88748,0.91251,0.92907,0.99351,0.97557,0.8732,0.93148,0.99427,0.85551,0.99968,0.85437,0.93238,0.78147,0.94481,0.94288,0.83118,0.99614,0.70042,0.74622
17.06,0.78368,0.99296,0.93103,0.80593,0.99825,0.97475,0.75543,0.9601,0.95681,0.52231,0.99487,0.97358,0.99657,0.98707,0.71823,0.92719,0.87361,0.9977,0.96222,0.96145,0.90554,0.75917,0.98971,0.76316,0.99298,0.72525,0.72782,0.95117,0.62629,0.94219,0.72202,0.98585,0.87149,0.91595,1.05843,0.90513,0.99978,0.9949,0.97486,0.98967,0.98161,0.5699,0.98226,0.59388,0.96057,0.99547,0.99182,0.51088,0.88884,0.89622,0.89373,0.9161,0.98999,0.97333,0.87363,0.91861,0.99456,0.86153,0.99965,0.8546,0.93215,0.77727,0.93931,0.93525,0.83156,0.99614,0.69947,0.74688
17.08,0.7849,0.99302,0.92624,0.80215,0.99782,0.97475,0.75527,0.96055,0.9593,0.51683,0.99298,0.97275,0.99573,0.98742,0.72329,0.93599,0.8475,0.99376,0.95316,0.95796,0.90477,0.73689,0.98983,0.77278,0.99282,0.72473,0.72823,0.95259,0.60642,0.93319,0.72276,0.98583,0.8721,0.91536,1.05795,0.90536,0.99934,0.99404,0.97659,0.98967,0.98155,0.56878,0.98415,0.5892,0.96586,0.99511,0.99053,0.51382,0.88612,0.9051,0.87151,0.89917,0.98497,0.97046,0.87482,0.90247,0.99466,0.86846,0.99961,0.85495,0.93181,0.77312,0.93264,0.92653,0.8321,0.99613,0.69849,0.74754
17.1,0.78535,0.99314,0.92267,0.79843,0.99751,0.97475,0.75529,0.96137,0.96114,0.5126,0.99111,0.97196,0.99495,0.98753,0.72676,0.94354,0.82406,0.9898,0.94571,0.95556,0.9051,0.72001,0.99028,0.77919,0.99281,0.72454,0.72837,0.95406,0.59192,0.9256,0.72311,0.98587,0.87267,0.9148,1.05776,0.90588,0.9989,0.99313,0.97766,0.98967,0.98155,0.56675,0.9855,0.58558,0.97009,0.99476,0.98937,0.51481,0.88424,0.91286,0.85155,0.8863,0.98053,0.96846,0.87431,0.88978,0.99501,0.87306,0.9996,0.85508,0.9317,0.76873,0.92766,0.91925,0.83236,0.99615,0.69758,0.74818
17.12,0.78392,0.9934,0.92293,0.79484,0.99765,0.97475,0.75584,0.96305,0.96139,0.51163,0.99003,0.97145,0.99454,0.98704,0.72594,0.94854,0.81242,0.99108,0.9458,0.9569,0.9084,0.72036,0.99174,0.77734,0.99319,0.72531,0.72772,0.95572,0.59341,0.92243,0.7223,0.98609,0.87316,0.91426,1.05834,0.90704,0.99893,0.9922,0.9772,0.98967,0.98176,0.56258,0.98569,0.58476,0.97222,0.99453,0.98878,0.5106,0.88469,0.9181,0.84163,0.89021,0.98059,0.96958,0.86908,0.89004,0.99613,0.87173,0.99972,0.85456,0.93223,0.76365,0.92818,0.91622,0.83177,0.99629,0.6968,0.74879
17.14,0.7817,0.99372,0.92456,0.79132,0.99794,0.97475,0.75658,0.96502,0.96107,0.51195,0.98926,0.97101,0.99428,0.9863,0.72353,0.95264,0.80581,0.9938,0.94842,0.95939,0.91269,0.72706,0.99335,0.77239,0.9937,0.72641,0.72679,0.9574,0.60068,0.92136,0.72108,0.98637,0.8736,0.91375,1.05921,0.90847,0.99915,0.99123,0.97613,0.98967,0.98204,0.55759,0.98545,0.58503,0.97362,0.99433,0.98841,0.50439,0.88599,0.92245,0.836,0.89933,0.98217,0.97164,0.86199,0.89512,0.9973,0.86818,0.99985,0.8538,0.93299,0.75834,0.93068,0.9152,0.83087,0.99647,0.69609,0.74936
17.16,0.77974,0.99401,0.92553,0.78779,0.99815,0.97475,0.75724,0.9668,0.96101,0.51173,0.98829,0.97054,0.99396,0.98564,0.7219,0.95687,0.79695,0.99532,0.94961,0.96113,0.91639,0.73085,0.99465,0.76876,0.99413,0.72735,0.72601,0.95899,0.60515,0.91964,0.72004,0.98662,0.87404,0.91324,1.05999,0.90979,0.99926,0.9902,0.97529,0.98967,0.98228,0.55301,0.98541,0.58484,0.97528,0.99412,0.98795,0.49898,0.88687,0.92703,0.82845,0.9051,0.98288,0.97307,0.85559,0.89797,0.99817,0.86557,0.99994,0.85317,0.93363,0.75315,0.9322,0.91355,0.8301,0.99662,0.69537,0.74994
17.18,0.77812,0.99428,0.92663,0.78408,0.99833,0.97475,0.75788,0.96852,0.96091,0.51134,0.98727,0.97004,0.99357,0.98499,0.72001,0.96088,0.78651,0.99716,0.95176,0.96348,0.92015,0.73457,0.99593,0.76528,0.99456,0.72835,0.72517,0.96068,0.6102,0.91656,0.71901,0.98689,0.87455,0.91265,1.06062,0.911,0.99939,0.98906,0.9745,0.98967,0.98252,0.54852,0.98534,0.5845,0.97688,0.99388,0.98739,0.49379,0.88789,0.93143,0.81955,0.91327,0.98415,0.975,0.84877,0.90075,0.99895,0.86307,1.00001,0.85248,0.93431,0.74746,0.93392,0.91062,0.82935,0.99679,0.69455,0.7506
17.2,0.7756,0.99459,0.92774,0.78072,0.99857,0.97475,0.75859,0.97029,0.96079,0.5116,0.98631,0.9696,0.99333,0.98421,0.71833,0.96459,0.78004,0.9979,0.95249,0.96473,0.92374,0.7398,0.99686,0.76067,0.99497,0.72929,0.72438,0.96208,0.6153,0.91669,0.71786,0.9871,0.87492,0.91223,1.06159,0.91246,0.9995,0.98798,0.97343,0.98967,0.98278,0.54381,0.98525,0.58473,0.97828,0.99368,0.98706,0.4876,0.88879,0.93558,0.81403,0.9172,0.98458,0.97601,0.84195,0.90463,0.99944,0.85973,1.00006,0.85183,0.93494,0.74261,0.93564,0.91074,0.8285,0.99691,0.69396,0.75106
17.22,0.77059,0.99502,0.92855,0.77825,0.9989,0.97475,0.75943,0.97223,0.96068,0.51344,0.98547,0.96931,0.99358,0.98308,0.71755,0.9681,0.78394,0.99596,0.94827,0.9625,0.92685,0.74778,0.99716,0.75349,0.99533,0.72998,0.7238,0.96275,0.61906,0.92529,0.71639,0.98711,0.87489,0.91233,1.06349,0.91453,0.99958,0.98716,0.97169,0.98967,0.98309,0.53855,0.98517,0.5863,0.97945,0.99355,0.98741,0.47888,0.88921,0.93957,0.81735,0.90775,0.98208,0.9742,0.8358,0.91045,0.99958,0.85454,1.00008,0.85135,0.93541,0.74024,0.9369,0.91895,0.82742,0.99691,0.69401,0.75095
17.24,0.76467,0.99548,0.92932,0.77614,0.99923,0.97475,0.76033,0.97418,0.96058,0.51588,0.9847,0.96909,0.99397,0.9818,0.71704,0.97132,0.7917,0.99208,0.94235,0.9591,0.92976,0.7569,0.99729,0.7452,0.99567,0.7306,0.72328,0.96316,0.6227,0.93616,0.71481,0.98705,0.87472,0.91261,1.06569,0.9168,0.99965,0.98643,0.96963,0.98967,0.98341,0.53314,0.9851,0.58839,0.98045,0.99344,0.98797,0.4692,0.88948,0.94332,0.82397,0.89342,0.97845,0.9714,0.8298,0.917,0.99964,0.84852,1.00009,0.85092,0.93583,0.73879,0.93812,0.9294,0.82626,0.99688,0.69428,0.75064
17.26,0.75918,0.9959,0.93009,0.77388,0.99949,0.97475,0.76118,0.97601,0.96052,0.518,0.98391,0.96884,0.99425,0.98054,0.71642,0.97434,0.79742,0.988,0.93721,0.95629,0.93264,0.76524,0.99749,0.73738,0.996,0.73125,0.72273,0.96367,0.62645,0.94483,0.71331,0.98702,0.87462,0.9128,1.06767,0.91892,0.99971,0.98564,0.96766,0.98967,0.98372,0.52795,0.98505,0.5902,0.98144,0.99332,0.98836,0.46,0.88982,0.94691,0.82885,0.88112,0.9752,0.96907,0.82364,0.92287,0.99972,0.84281,1.00008,0.85047,0.93627,0.73692,0.93936,0.93782,0.82515,0.99686,0.69445,0.75043
17.28,0.75308,0.9963,0.93098,0.77149,0.99972,0.97475,0.76212,0.97786,0.96027,0.52034,0.98296,0.96858,0.99469,0.97914,0.71568,0.97747,0.80391,0.9815,0.93034,0.95253,0.93565,0.77386,0.99765,0.72873,0.99633,0.73193,0.72217,0.9642,0.63006,0.95375,0.71165,0.98698,0.87449,0.91303,1.06982,0.92109,0.99978,0.98478,0.96547,0.98967,0.98406,0.52255,0.98487,0.5922,0.98255,0.9932,0.98899,0.44994,0.89021,0.95073,0.83438,0.86428,0.97071,0.96594,0.81694,0.92882,0.99978,0.83649,1.00004,0.85,0.93672,0.73499,0.94056,0.94657,0.82393,0.99684,0.69465,0.75017
17.3,0.74787,0.99667,0.93157,0.76947,0.99988,0.97475,0.76287,0.97946,0.96043,0.52232,0.98227,0.96836,0.9948,0.97789,0.7153,0.97984,0.80938,0.97682,0.92592,0.95014,0.93814,0.78164,0.99784,0.72123,0.99662,0.73253,0.72167,0.96464,0.63379,0.96068,0.71029,0.98694,0.87438,0.91322,1.07161,0.92313,0.99982,0.98403,0.96347,0.98967,0.98433,0.51776,0.98498,0.59389,0.98331,0.99309,0.98916,0.44125,0.89042,0.9537,0.83904,0.85342,0.96776,0.96393,0.81116,0.93408,0.99985,0.83098,0.99999,0.84959,0.93712,0.73339,0.94178,0.95346,0.82292,0.99681,0.69483,0.74996
17.32,0.74545,0.99698,0.93138,0.76834,0.99995,0.97475,0.76311,0.98055,0.96177,0.52311,0.98241,0.96824,0.99392,0.97721,0.71576,0.98054,0.81134,0.98125,0.92979,0.95237,0.93946,0.7872,0.99817,0.71748,0.99683,0.73293,0.72132,0.96491,0.63796,0.96351,0.7098,0.98693,0.87435,0.91326,1.07243,0.92486,0.99981,0.9836,0.96223,0.98967,0.98441,0.51444,0.98596,0.59457,0.98316,0.99304,0.9879,0.4366,0.89017,0.95459,0.84071,0.8637,0.97035,0.96581,0.80803,0.93777,0.99995,0.82822,0.99994,0.8493,0.93739,0.73238,0.94314,0.95629,0.82256,0.99681,0.69487,0.74991
17.34,0.74406,0.99725,0.93088,0.76758,1,0.97475,0.76317,0.98143,0.96348,0.52353,0.98283,0.96816,0.99262,0.97675,0.7166,0.98069,0.81223,0.98762,0.93618,0.95601,0.94032,0.79194,0.99849,0.71506,0.99702,0.73325,0.72104,0.9651,0.6422,0.96501,0.70961,0.98692,0.87435,0.91327,1.0729,0.92647,0.99977,0.98332,0.96125,0.98967,0.98443,0.51171,0.98719,0.59493,0.98269,0.993,0.98607,0.43346,0.88972,0.95478,0.84147,0.88006,0.97453,0.96884,0.80596,0.94086,1.00003,0.82644,0.99989,0.84908,0.93761,0.73168,0.94452,0.9578,0.82242,0.9968,0.69489,0.7499
17.36,0.74224,0.99751,0.9305,0.76669,1.00004,0.97475,0.76331,0.98235,0.96493,0.52414,0.98309,0.96806,0.99143,0.9762,0.71734,0.98114,0.81358,0.99168,0.94093,0.95874,0.94134,0.79691,0.99877,0.71203,0.99721,0.7336,0.72074,0.96531,0.64631,0.96699,0.70928,0.98691,0.87433,0.91329,1.07351,0.92807,0.99974,0.98298,0.96012,0.98967,0.98448,0.50879,0.98821,0.59545,0.9824,0.99295,0.98443,0.42971,0.88932,0.95535,0.84262,0.89211,0.97756,0.9711,0.80347,0.94406,1.00006,0.8242,0.99983,0.84884,0.93785,0.7309,0.94585,0.9598,0.82218,0.9968,0.69492,0.74988
17.38,0.74016,0.99778,0.93022,0.76563,1.00007,0.97475,0.76346,0.98331,0.96653,0.52466,0.98348,0.96797,0.98989,0.97557,0.71776,0.98138,0.8151,0.99542,0.94626,0.96186,0.94249,0.80209,0.99904,0.70888,0.99741,0.73399,0.72041,0.96557,0.65065,0.96913,0.70896,0.9869,0.87431,0.91331,1.0742,0.9298,0.99972,0.98256,0.95898,0.98967,0.98453,0.5057,0.9893,0.59589,0.98194,0.9929,0.98236,0.42552,0.8891,0.95566,0.84391,0.90551,0.98086,0.97367,0.80059,0.94734,1.00006,0.82188,0.99975,0.84857,0.93812,0.7299,0.94724,0.96198,0.82194,0.99679,0.69494,0.74986
17.4,0.73886,0.99798,0.92965,0.76503,1.00009,0.97475,0.76354,0.98409,0.96783,0.52528,0.98365,0.96787,0.9887,0.97513,0.71894,0.9819,0.81599,0.99759,0.95039,0.96423,0.94323,0.80645,0.99925,0.70626,0.99756,0.73427,0.72016,0.9657,0.65449,0.97047,0.70869,0.98689,0.8743,0.91333,1.07462,0.93119,0.99968,0.98233,0.95789,0.98967,0.98456,0.50316,0.99017,0.59643,0.98174,0.99285,0.98078,0.4226,0.88846,0.95634,0.84468,0.9155,0.98335,0.97561,0.79873,0.95006,1.00003,0.81994,0.99968,0.84837,0.93831,0.72941,0.94846,0.96334,0.82174,0.99678,0.69497,0.74984
17.42,0.73944,0.99805,0.9283,0.76558,1.00009,0.97475,0.76351,0.98441,0.96839,0.52622,0.9831,0.96774,0.9889,0.97516,0.72222,0.98336,0.81529,0.99781,0.95121,0.96453,0.94295,0.80888,0.99939,0.7048,0.99762,0.73431,0.72013,0.96549,0.65677,0.97002,0.70846,0.98686,0.87427,0.91336,1.07443,0.93163,0.99956,0.98255,0.95704,0.98967,0.98455,0.50207,0.99055,0.59723,0.98239,0.99279,0.98104,0.42279,0.8867,0.95825,0.84408,0.91671,0.98383,0.97585,0.79943,0.95155,0.99999,0.81886,0.99965,0.84834,0.93834,0.73022,0.94918,0.96289,0.82157,0.99677,0.69501,0.7498
17.44,0.74079,0.99807,0.92665,0.7666,1.00009,0.97475,0.76342,0.98459,0.96867,0.52727,0.98231,0.9676,0.98957,0.97538,0.72624,0.98503,0.81401,0.99754,0.95103,0.96417,0.94228,0.81055,0.99948,0.70383,0.99764,0.73424,0.72018,0.96514,0.65862,0.96884,0.70826,0.98683,0.87424,0.9134,1.07399,0.93176,0.99939,0.98294,0.95624,0.98967,0.98452,0.50149,0.99072,0.59813,0.98327,0.99272,0.98192,0.42424,0.88452,0.96049,0.84299,0.91522,0.98372,0.97556,0.80111,0.95257,0.99995,0.81815,0.99964,0.84839,0.9383,0.73152,0.94977,0.96169,0.82142,0.99675,0.69506,0.74976
17.46,0.74182,0.99812,0.92513,0.76744,1.00009,0.97475,0.76337,0.98485,0.969,0.52831,0.98166,0.96746,0.99,0.97552,0.72989,0.98647,0.81308,0.99751,0.95135,0.96412,0.94179,0.81254,0.99957,0.70261,0.99767,0.73421,0.7202,0.96485,0.6608,0.96798,0.70806,0.9868,0.87421,0.91343,1.07365,0.9321,0.99922,0.98326,0.95534,0.98967,0.9845,0.50061,0.99094,0.59902,0.98397,0.99266,0.9825,0.42514,0.88254,0.96247,0.8422,0.91508,0.98391,0.97552,0.80234,0.95378,0.9999,0.81725,0.99962,0.84841,0.93828,0.73261,0.95046,0.96081,0.82127,0.99673,0.69511,0.74972
17.48,0.74275,0.99813,0.92352,0.76816,1.00008,0.97475,0.76326,0.98502,0.96962,0.52918,0.98081,0.96734,0.99045,0.97564,0.73382,0.9879,0.81176,0.99742,0.95153,0.96404,0.94128,0.81453,0.9997,0.70152,0.99772,0.73422,0.72019,0.96457,0.66236,0.96708,0.70782,0.98677,0.87417,0.91347,1.07334,0.93217,0.99901,0.98354,0.95472,0.98967,0.98446,0.50005,0.99134,0.59976,0.98484,0.9926,0.9831,0.42596,0.88039,0.96449,0.84107,0.91463,0.98402,0.97545,0.80361,0.95497,0.9998,0.81644,0.9996,0.8484,0.93829,0.73364,0.95094,0.95989,0.82109,0.99671,0.69516,0.74967
17.5,0.74404,0.9982,0.92199,0.76922,1.00005,0.97475,0.76327,0.98534,0.96958,0.53043,0.98026,0.96717,0.99093,0.97583,0.73738,0.9892,0.8111,0.99732,0.95174,0.96387,0.94071,0.81635,0.99971,0.70027,0.99772,0.73413,0.72027,0.96422,0.6651,0.96606,0.70766,0.98674,0.87415,0.9135,1.07291,0.93272,0.9988,0.98393,0.95351,0.98967,0.98446,0.49894,0.99132,0.60083,0.98538,0.99251,0.98375,0.42725,0.87844,0.96638,0.84051,0.91411,0.98414,0.97531,0.80499,0.95606,0.99979,0.81551,0.9996,0.84847,0.93823,0.73491,0.9518,0.95886,0.82098,0.99669,0.6952,0.74964
17.52,0.74621,0.99846,0.92075,0.77113,0.99995,0.97475,0.76358,0.98614,0.96769,0.53269,0.98067,0.96683,0.99143,0.97616,0.7398,0.99025,0.81255,0.99731,0.95234,0.96361,0.94012,0.81779,0.99933,0.69841,0.99761,0.73377,0.72058,0.96373,0.67113,0.9649,0.70771,0.98672,0.87417,0.91349,1.07218,0.93462,0.99862,0.98465,0.95055,0.98967,0.98458,0.49622,0.99008,0.60276,0.98498,0.99235,0.98443,0.42945,0.87711,0.96795,0.84174,0.91407,0.98449,0.9751,0.80644,0.95692,1.00001,0.81413,0.99966,0.84872,0.93798,0.7367,0.95367,0.95769,0.82102,0.99668,0.69516,0.74966
17.54,0.7487,0.99876,0.91962,0.77335,0.99973,0.97475,0.76402,0.98706,0.96508,0.53533,0.98138,0.96644,0.99194,0.97655,0.7418,0.99119,0.81467,0.9973,0.95298,0.96328,0.93949,0.81912,0.99859,0.69637,0.99745,0.73332,0.72098,0.96318,0.6783,0.96365,0.70785,0.98671,0.87421,0.91346,1.07133,0.93696,0.99844,0.98545,0.94688,0.98967,0.98473,0.49297,0.98831,0.60501,0.98425,0.99216,0.98513,0.43208,0.87601,0.96939,0.84355,0.91401,0.98487,0.97483,0.80796,0.95771,1.00004,0.81262,0.99973,0.84903,0.93766,0.7387,0.95587,0.95644,0.82112,0.99668,0.69511,0.74969
17.56,0.75098,0.999,0.91844,0.7754,0.99944,0.97475,0.76442,0.98788,0.96276,0.53779,0.98193,0.96606,0.99242,0.97691,0.74394,0.9921,0.81642,0.99729,0.95358,0.96298,0.93887,0.82058,0.99775,0.69443,0.99731,0.73292,0.72134,0.96265,0.68489,0.96243,0.70795,0.9867,0.87424,0.91344,1.07055,0.93904,0.99824,0.98618,0.94341,0.98967,0.98487,0.49001,0.98667,0.60712,0.98368,0.99197,0.98578,0.43455,0.87483,0.97082,0.84504,0.91394,0.98521,0.97459,0.80943,0.95856,0.99982,0.81118,0.99979,0.84931,0.93738,0.74059,0.95786,0.95521,0.82119,0.99667,0.69506,0.74971
17.58,0.75348,0.99922,0.91716,0.77758,0.99905,0.97475,0.76474,0.98869,0.96,0.54022,0.98252,0.96571,0.99293,0.97726,0.74636,0.99301,0.81836,0.99728,0.95423,0.96266,0.93824,0.82169,0.99658,0.69235,0.99714,0.73248,0.72173,0.96211,0.69127,0.9611,0.70804,0.98669,0.87427,0.91342,1.06969,0.9411,0.99802,0.98693,0.93969,0.98967,0.98498,0.48705,0.98467,0.6092,0.98304,0.99179,0.98649,0.43688,0.87349,0.97231,0.84669,0.91391,0.98559,0.97432,0.81094,0.95921,0.9993,0.80964,0.99985,0.84962,0.93707,0.7425,0.95977,0.95387,0.82126,0.99666,0.69501,0.74973
17.6,0.75557,0.99942,0.91611,0.77953,0.9986,0.97475,0.76524,0.98948,0.95775,0.54279,0.98308,0.96529,0.99332,0.97765,0.74809,0.99375,0.82004,0.99726,0.95477,0.96237,0.93763,0.82347,0.9954,0.69052,0.997,0.7321,0.72206,0.96157,0.69812,0.95993,0.70818,0.98668,0.8743,0.9134,1.06895,0.9432,0.99783,0.98759,0.93598,0.98967,0.98515,0.48405,0.98298,0.6114,0.98241,0.99158,0.98704,0.43957,0.87253,0.97355,0.84813,0.91378,0.9859,0.97409,0.81237,0.96024,0.99864,0.80828,0.9999,0.84988,0.9368,0.7444,0.96179,0.95271,0.82136,0.99665,0.69496,0.74976
17.62,0.75652,0.9996,0.91573,0.78078,0.99812,0.97475,0.76625,0.99028,0.9573,0.54575,0.98351,0.96473,0.99342,0.97816,0.748,0.99412,0.82093,0.99727,0.95516,0.96232,0.93713,0.82732,0.99484,0.68936,0.99696,0.73192,0.72218,0.96103,0.70644,0.95926,0.70847,0.98666,0.87434,0.91337,1.06862,0.94538,0.99776,0.988,0.93256,0.98967,0.9855,0.48092,0.98264,0.61393,0.98191,0.99129,0.98718,0.44308,0.87258,0.97419,0.84889,0.91387,0.98612,0.97405,0.81354,0.96244,0.99829,0.80742,0.99991,0.85,0.9367,0.74627,0.9642,0.95203,0.82157,0.99664,0.6949,0.74979
17.64,0.75707,0.99975,0.91559,0.78178,0.9976,0.97475,0.76742,0.99107,0.95749,0.54882,0.98391,0.9641,0.99341,0.97871,0.74721,0.99435,0.82154,0.99726,0.95542,0.9623,0.93667,0.83176,0.9945,0.68847,0.99694,0.73182,0.72224,0.96049,0.71508,0.95879,0.70881,0.98665,0.87438,0.91334,1.06843,0.94755,0.99773,0.98833,0.92924,0.98967,0.9859,0.47778,0.98278,0.61655,0.98144,0.99098,0.98717,0.44692,0.87302,0.97461,0.84941,0.91381,0.98626,0.97403,0.81461,0.96493,0.99808,0.80675,0.99991,0.85008,0.93666,0.74811,0.96666,0.95157,0.82183,0.99664,0.69483,0.74983
17.66,0.75778,0.99987,0.91532,0.78287,0.99702,0.97475,0.76847,0.9918,0.95738,0.55177,0.9843,0.96351,0.99345,0.97923,0.74673,0.99465,0.82225,0.9972,0.95562,0.96218,0.93618,0.83572,0.99402,0.68749,0.99691,0.73168,0.72233,0.95995,0.72318,0.95826,0.70912,0.98663,0.87442,0.91331,1.06817,0.94963,0.99768,0.98868,0.92583,0.98967,0.98625,0.47476,0.9827,0.61907,0.98095,0.99067,0.98723,0.45062,0.87329,0.97513,0.85001,0.91349,0.98638,0.97393,0.81572,0.96712,0.99776,0.80602,0.99992,0.85017,0.93659,0.74993,0.96891,0.95104,0.82206,0.99663,0.69476,0.74986
17.68,0.75857,0.99996,0.91513,0.78407,0.99632,0.97475,0.76968,0.99256,0.95726,0.55496,0.98473,0.96285,0.9935,0.97974,0.74626,0.99491,0.82311,0.99739,0.95626,0.96241,0.93569,0.8402,0.99355,0.68636,0.99689,0.73155,0.72241,0.95938,0.73212,0.95756,0.70946,0.98662,0.87448,0.91327,1.06789,0.95183,0.99765,0.98906,0.92196,0.98967,0.98666,0.4715,0.98261,0.6218,0.98041,0.99033,0.9873,0.45421,0.87355,0.9756,0.85074,0.91446,0.98674,0.97412,0.81685,0.96952,0.99744,0.80518,0.99993,0.85027,0.93652,0.75186,0.97135,0.95035,0.82231,0.99662,0.69467,0.7499
17.7,0.7591,1.00001,0.91485,0.78497,0.99571,0.97475,0.7706,0.99316,0.95732,0.55764,0.98507,0.96231,0.99351,0.98027,0.7456,0.99518,0.82356,0.99707,0.95599,0.96195,0.93523,0.84361,0.99309,0.6856,0.99686,0.73142,0.72249,0.95887,0.73901,0.95725,0.70975,0.9866,0.8745,0.91326,1.0677,0.95366,0.99759,0.98934,0.91887,0.98967,0.98696,0.46882,0.98265,0.62409,0.97998,0.99004,0.9873,0.45805,0.87391,0.9761,0.85112,0.91283,0.98659,0.97374,0.81789,0.97132,0.99711,0.80462,0.99994,0.85035,0.93646,0.75353,0.97318,0.95004,0.82252,0.99661,0.69464,0.74991
17.72,0.75898,1.00003,0.91425,0.78512,0.99555,0.97475,0.77072,0.99342,0.9577,0.559,0.98516,0.96209,0.99342,0.98089,0.74477,0.99558,0.82299,0.9947,0.95283,0.95927,0.93487,0.84416,0.99261,0.68575,0.9968,0.73131,0.72258,0.95856,0.74052,0.95794,0.70988,0.98655,0.87443,0.91333,1.06774,0.95458,0.99748,0.98939,0.91808,0.98967,0.987,0.46765,0.98294,0.62525,0.97986,0.98993,0.98719,0.46256,0.87437,0.97685,0.85064,0.90268,0.98478,0.97154,0.81869,0.97161,0.99677,0.80473,0.99995,0.85043,0.93639,0.75456,0.97358,0.95072,0.82262,0.99658,0.69475,0.74984
17.74,0.75862,1.00004,0.91356,0.78499,0.99557,0.97475,0.77053,0.99355,0.95823,0.55984,0.98516,0.96199,0.99329,0.98154,0.74376,0.99597,0.822,0.99076,0.94865,0.95582,0.93456,0.84368,0.99215,0.68628,0.99674,0.73121,0.72268,0.95832,0.74008,0.95899,0.70996,0.9865,0.87433,0.91343,1.06787,0.95518,0.99734,0.98935,0.91816,0.98967,0.98694,0.46704,0.98335,0.62598,0.97986,0.98988,0.98701,0.46728,0.87493,0.97761,0.8498,0.88922,0.98231,0.96868,0.8194,0.97135,0.99643,0.80512,0.99997,0.8505,0.93631,0.75534,0.97346,0.95177,0.82267,0.99654,0.69491,0.74973
17.76,0.75837,1.00004,0.91292,0.78498,0.99551,0.97475,0.77046,0.99374,0.95868,0.56087,0.9852,0.96185,0.99318,0.98215,0.74273,0.99631,0.82116,0.98653,0.94499,0.95276,0.93423,0.84362,0.99165,0.68666,0.99668,0.7311,0.72277,0.95806,0.74048,0.95987,0.71006,0.98644,0.87425,0.91351,1.06796,0.95592,0.99721,0.98934,0.91786,0.98967,0.98691,0.46619,0.98369,0.62685,0.97981,0.9898,0.98684,0.47183,0.8755,0.97827,0.84908,0.87709,0.98009,0.96613,0.82012,0.97132,0.99606,0.80541,0.99998,0.85058,0.93624,0.7562,0.97356,0.95264,0.82275,0.99651,0.69504,0.74963
17.78,0.75809,1.00004,0.91223,0.78498,0.99543,0.97475,0.7705,0.99393,0.95919,0.56211,0.98524,0.96167,0.99308,0.98278,0.74207,0.99676,0.82047,0.97993,0.94004,0.94869,0.93387,0.84377,0.99116,0.68692,0.99662,0.73099,0.72286,0.95776,0.74106,0.96074,0.71015,0.98639,0.87416,0.9136,1.06806,0.95666,0.99707,0.98934,0.91751,0.98967,0.98693,0.46529,0.98407,0.62791,0.97975,0.9897,0.98671,0.47654,0.87586,0.9792,0.84849,0.86056,0.977,0.96271,0.82093,0.9714,0.99569,0.8056,0.99999,0.85065,0.93616,0.75717,0.97372,0.95352,0.82282,0.99648,0.69519,0.74953
17.8,0.75783,1.00004,0.9116,0.78489,0.99542,0.97475,0.77023,0.99407,0.9596,0.56279,0.98525,0.96159,0.99294,0.98335,0.74064,0.99693,0.81936,0.97545,0.93713,0.9462,0.9336,0.84324,0.99063,0.68753,0.99655,0.73089,0.72295,0.95755,0.7408,0.96167,0.71026,0.98634,0.87408,0.91368,1.06816,0.95729,0.99693,0.98931,0.91747,0.98967,0.98684,0.46463,0.98437,0.62849,0.97973,0.98966,0.9865,0.48092,0.87665,0.97957,0.84755,0.85038,0.97514,0.96062,0.82154,0.97113,0.99528,0.80606,1.00001,0.85073,0.93609,0.75786,0.97365,0.95444,0.82289,0.99645,0.69532,0.74944
17.82,0.75768,1.00003,0.91114,0.78461,0.99554,0.97475,0.76911,0.99409,0.95969,0.56199,0.98522,0.96176,0.99264,0.98381,0.73701,0.99632,0.81723,0.98039,0.94086,0.94886,0.93354,0.84104,0.98997,0.68895,0.99649,0.7308,0.72303,0.95754,0.73858,0.96271,0.7104,0.98631,0.87403,0.91372,1.06821,0.95773,0.99683,0.98923,0.91803,0.98967,0.98647,0.46452,0.98444,0.62781,0.97978,0.98975,0.98609,0.48445,0.87864,0.9783,0.84573,0.86162,0.97751,0.96286,0.82166,0.96997,0.99476,0.80711,1.00002,0.85079,0.93603,0.75789,0.97307,0.95549,0.823,0.99643,0.6954,0.74939
17.84,0.75756,1.00003,0.91073,0.78424,0.99571,0.97475,0.76769,0.99407,0.95968,0.56065,0.98517,0.96203,0.99229,0.98422,0.73266,0.99535,0.81466,0.98726,0.94656,0.95308,0.93358,0.83817,0.98926,0.69071,0.99642,0.73072,0.72309,0.95761,0.73557,0.96377,0.71056,0.98629,0.87399,0.91376,1.06825,0.95807,0.99674,0.98911,0.91887,0.98967,0.98599,0.46463,0.98443,0.62667,0.97985,0.98989,0.9856,0.48764,0.88103,0.97642,0.84354,0.87907,0.98104,0.9664,0.82158,0.96844,0.9942,0.80842,1.00003,0.85084,0.93598,0.75765,0.97227,0.95655,0.82312,0.99642,0.69545,0.74936
17.86,0.75744,1.00002,0.91031,0.78391,0.99585,0.97475,0.76642,0.99406,0.95971,0.55959,0.98512,0.96225,0.99196,0.98463,0.72873,0.99446,0.81225,0.99165,0.9509,0.95628,0.93357,0.8356,0.98856,0.69235,0.99635,0.73064,0.72316,0.95765,0.73295,0.96476,0.71072,0.98627,0.87396,0.91379,1.0683,0.95845,0.99665,0.98901,0.91957,0.98967,0.98556,0.46465,0.98445,0.62576,0.97991,0.99001,0.98515,0.49093,0.88317,0.9748,0.84148,0.89203,0.98365,0.96907,0.82159,0.96705,0.99364,0.80963,1.00004,0.8509,0.93592,0.75751,0.97157,0.95755,0.82324,0.9964,0.69551,0.74932
17.88,0.75728,1.00002,0.90986,0.7836,0.996,0.97475,0.76503,0.99406,0.95974,0.55836,0.98507,0.96249,0.99157,0.98507,0.72453,0.99333,0.80988,0.99559,0.95573,0.95989,0.93356,0.83286,0.98775,0.69385,0.99628,0.73054,0.72324,0.95767,0.73002,0.96593,0.71086,0.98624,0.8739,0.91384,1.06835,0.95885,0.99655,0.98891,0.92032,0.98967,0.98508,0.46465,0.98447,0.62471,0.97997,0.99014,0.98463,0.49437,0.88545,0.97285,0.83947,0.90623,0.98644,0.97205,0.82162,0.96554,0.99297,0.81075,1.00005,0.85096,0.93586,0.75746,0.97078,0.95873,0.82334,0.99639,0.6956,0.74926
17.9,0.75719,1.00001,0.90946,0.78321,0.99614,0.97475,0.76381,0.99404,0.95976,0.55736,0.98503,0.9627,0.99128,0.98544,0.72078,0.99237,0.80728,0.99785,0.95942,0.96266,0.93359,0.83028,0.98711,0.69568,0.99621,0.73048,0.7233,0.95776,0.72754,0.96669,0.71103,0.98623,0.87388,0.91385,1.06838,0.95917,0.99646,0.98879,0.92102,0.98967,0.98466,0.46474,0.98449,0.62386,0.98003,0.99025,0.98423,0.49738,0.88747,0.97126,0.83725,0.91693,0.98849,0.97433,0.82155,0.96411,0.99244,0.81211,1.00006,0.85101,0.93582,0.75716,0.97011,0.9595,0.82347,0.99638,0.69563,0.74925
17.92,0.75732,1.00001,0.90919,0.78268,0.99623,0.97475,0.76306,0.99398,0.95976,0.55715,0.98498,0.96282,0.99129,0.98569,0.71842,0.99223,0.80403,0.99819,0.96004,0.96311,0.93373,0.82826,0.98694,0.69843,0.99616,0.73047,0.7233,0.95806,0.72668,0.96626,0.71126,0.98623,0.87397,0.91377,1.06834,0.95928,0.9964,0.98862,0.92153,0.98967,0.98439,0.46504,0.98449,0.62367,0.98009,0.99031,0.98424,0.49944,0.88874,0.97103,0.83448,0.91891,0.98883,0.9747,0.82125,0.96298,0.99229,0.81415,1.00006,0.85101,0.93581,0.75619,0.96987,0.95906,0.82364,0.99638,0.69549,0.74934
17.94,0.7575,1,0.90897,0.78206,0.99632,0.97475,0.76249,0.9939,0.95977,0.55719,0.98494,0.9629,0.9914,0.98589,0.71653,0.99237,0.80056,0.99807,0.95971,0.96284,0.93391,0.82647,0.98698,0.70148,0.99612,0.73049,0.72329,0.95844,0.72633,0.96544,0.71152,0.98625,0.87409,0.91365,1.06827,0.95932,0.99635,0.98842,0.92198,0.98967,0.98419,0.46543,0.9845,0.62371,0.98014,0.99035,0.98439,0.50105,0.88976,0.97126,0.83152,0.91822,0.98865,0.97448,0.82085,0.96196,0.99233,0.81641,1.00007,0.851,0.93582,0.75496,0.96977,0.95824,0.82383,0.99639,0.69531,0.74948
17.96,0.75762,1,0.90871,0.78147,0.99641,0.97475,0.76186,0.99382,0.9598,0.55712,0.9849,0.96299,0.99146,0.9861,0.71443,0.99238,0.79722,0.99818,0.95985,0.96293,0.93407,0.82465,0.98697,0.70432,0.99607,0.7305,0.72328,0.95878,0.72569,0.96487,0.71176,0.98626,0.87418,0.91355,1.06823,0.95939,0.99629,0.98823,0.92244,0.98967,0.98397,0.46578,0.98452,0.62365,0.9802,0.9904,0.98448,0.50276,0.89088,0.97127,0.82868,0.91883,0.98873,0.97454,0.82048,0.96092,0.99232,0.81851,1.00007,0.85099,0.93583,0.75385,0.9696,0.95766,0.824,0.9964,0.69515,0.74958
17.98,0.75793,1,0.9085,0.78095,0.9965,0.97475,0.76108,0.99374,0.95973,0.55701,0.98485,0.96311,0.99153,0.98636,0.71232,0.99239,0.79352,0.99825,0.95991,0.96294,0.93423,0.82243,0.98676,0.70735,0.99602,0.73048,0.72329,0.95912,0.72525,0.96397,0.712,0.98628,0.87431,0.91342,1.06812,0.95948,0.99624,0.98806,0.92296,0.98967,0.98369,0.46616,0.98447,0.62355,0.98026,0.99046,0.98456,0.50487,0.89201,0.97129,0.82552,0.91926,0.98876,0.97456,0.82014,0.95964,0.99215,0.82075,1.00007,0.85101,0.93582,0.75271,0.96948,0.95675,0.82419,0.99641,0.69495,0.74973
18,0.75785,1,0.90821,0.78026,0.99657,0.97475,0.76068,0.99367,0.95986,0.55705,0.98481,0.96315,0.99161,0.9865,0.71038,0.99246,0.79043,0.99826,0.95989,0.96291,0.93441,0.82107,0.98702,0.71004,0.99599,0.73054,0.72325,0.95947,0.72452,0.96364,0.71225,0.98628,0.87438,0.91335,1.06815,0.95951,0.99617,0.98783,0.92333,0.98967,0.98354,0.46649,0.98457,0.62359,0.98031,0.99048,0.98468,0.50605,0.89304,0.9714,0.82289,0.91936,0.98875,0.97453,0.81972,0.95885,0.99236,0.82274,1.00008,0.85097,0.93585,0.75156,0.96928,0.95642,0.82436,0.99641,0.69484,0.74981
18.02,0.75663,1,0.90769,0.77916,0.99657,0.97475,0.76126,0.99364,0.96055,0.55751,0.98482,0.96302,0.99174,0.98634,0.70876,0.9926,0.7893,0.99824,0.95992,0.96292,0.93467,0.82229,0.98852,0.71172,0.99604,0.73079,0.72305,0.95978,0.72285,0.96512,0.71246,0.98622,0.87428,0.91346,1.06858,0.95941,0.99605,0.98747,0.92332,0.98967,0.98375,0.46663,0.98507,0.62398,0.9803,0.99042,0.98485,0.5047,0.89391,0.97162,0.82192,0.91921,0.98876,0.97454,0.81914,0.95956,0.99361,0.82397,1.00007,0.85079,0.93602,0.7505,0.96882,0.95792,0.82452,0.99637,0.69499,0.74969
18.04,0.75502,1.00001,0.90709,0.7779,0.99654,0.97475,0.76222,0.99362,0.96143,0.55812,0.98484,0.96282,0.99188,0.98606,0.70731,0.99278,0.78879,0.99817,0.95989,0.96289,0.93497,0.82435,0.99033,0.71309,0.99612,0.73112,0.72279,0.96011,0.72086,0.96713,0.71268,0.98614,0.87413,0.91362,1.06915,0.95926,0.99591,0.98704,0.92316,0.98967,0.98409,0.46672,0.98571,0.6245,0.98027,0.99031,0.98505,0.50244,0.89468,0.97193,0.82149,0.91877,0.98875,0.97452,0.81847,0.96075,0.99505,0.82498,1.00007,0.85056,0.93622,0.74941,0.96827,0.95994,0.82468,0.99632,0.69524,0.74951
18.06,0.7536,1.00001,0.90651,0.77668,0.99652,0.97475,0.76302,0.9936,0.96222,0.55863,0.98485,0.96265,0.99201,0.98584,0.70582,0.99296,0.7879,0.99811,0.95987,0.96288,0.93526,0.82589,0.99178,0.71464,0.99618,0.73141,0.72256,0.96044,0.71901,0.96875,0.7129,0.98607,0.874,0.91375,1.06964,0.95913,0.99577,0.98662,0.92307,0.98967,0.98438,0.46683,0.98629,0.62494,0.98026,0.99022,0.98523,0.50063,0.89547,0.97222,0.82073,0.91843,0.98874,0.9745,0.81781,0.96163,0.99616,0.82613,1.00006,0.85036,0.93641,0.74828,0.96775,0.96159,0.82484,0.99628,0.69544,0.74936
18.08,0.7521,1.00001,0.90597,0.77556,0.9965,0.97475,0.76376,0.99357,0.96296,0.55924,0.9849,0.96249,0.99216,0.9856,0.70419,0.99308,0.78742,0.99806,0.9599,0.96289,0.9355,0.82796,0.99326,0.71597,0.99627,0.73173,0.7223,0.96071,0.71718,0.97064,0.71309,0.986,0.87386,0.91391,1.07016,0.95899,0.99564,0.98624,0.92295,0.98967,0.98464,0.46694,0.98682,0.62546,0.9802,0.99014,0.98542,0.49864,0.89633,0.97242,0.82032,0.91817,0.98876,0.97452,0.81727,0.9628,0.99724,0.82711,1.00005,0.85014,0.93661,0.74735,0.96724,0.96352,0.82498,0.99623,0.69567,0.74919
18.1,0.75067,1.00002,0.90532,0.77421,0.99649,0.97475,0.7647,0.99355,0.9638,0.55969,0.98486,0.96228,0.99228,0.98537,0.7029,0.99332,0.78622,0.99798,0.95982,0.96281,0.93586,0.82912,0.99439,0.71769,0.99631,0.73201,0.72209,0.96111,0.71518,0.97197,0.71334,0.98593,0.87375,0.91402,1.07066,0.95887,0.99547,0.98576,0.92287,0.98967,0.98497,0.46704,0.98742,0.62585,0.98025,0.99003,0.98559,0.4968,0.89701,0.97282,0.8193,0.91765,0.98871,0.97445,0.81647,0.96346,0.998,0.82837,1.00004,0.84995,0.93678,0.74599,0.96668,0.96489,0.82517,0.99619,0.69585,0.74906
18.12,0.74935,1.00002,0.90442,0.7722,0.99649,0.97475,0.76615,0.99355,0.965,0.55969,0.98455,0.96195,0.99232,0.98521,0.70242,0.99379,0.78293,0.99789,0.95959,0.96269,0.93657,0.82754,0.99474,0.72036,0.99622,0.73216,0.72204,0.96186,0.71296,0.97171,0.71374,0.98591,0.87376,0.91399,1.07111,0.95888,0.99525,0.98504,0.9229,0.98967,0.98547,0.46707,0.98826,0.62584,0.98064,0.98985,0.98565,0.4955,0.89726,0.97361,0.81649,0.91716,0.98858,0.97435,0.81482,0.96257,0.99823,0.83034,1.00006,0.84984,0.93682,0.74337,0.96606,0.96462,0.82546,0.99618,0.69583,0.74909
18.14,0.74814,1.00001,0.9034,0.76996,0.99651,0.97475,0.76776,0.99355,0.96624,0.55953,0.98415,0.96157,0.99234,0.98507,0.70229,0.99435,0.77885,0.99774,0.95922,0.96244,0.93739,0.82505,0.99486,0.72343,0.99608,0.73227,0.72204,0.96273,0.71057,0.97092,0.7142,0.98591,0.87381,0.91392,1.07152,0.95891,0.99499,0.98421,0.92297,0.98967,0.98601,0.46707,0.98911,0.62571,0.98114,0.98965,0.98568,0.4944,0.89733,0.9746,0.81302,0.91634,0.98838,0.97415,0.81293,0.96115,0.99831,0.8326,1.00007,0.84976,0.93682,0.74031,0.96538,0.96381,0.82581,0.99618,0.69575,0.74917
18.16,0.74698,1.00001,0.9024,0.76786,0.99652,0.97475,0.76923,0.99354,0.96733,0.55941,0.98381,0.96123,0.99238,0.98493,0.70205,0.99488,0.77504,0.99754,0.9588,0.96212,0.93811,0.82299,0.99512,0.72642,0.99597,0.7324,0.72202,0.96353,0.70809,0.97041,0.71466,0.98589,0.87383,0.91387,1.07192,0.9589,0.99472,0.98342,0.92305,0.98967,0.98651,0.46711,0.98984,0.6256,0.98155,0.98947,0.98574,0.49327,0.89746,0.97555,0.80977,0.91523,0.98815,0.97388,0.81123,0.95996,0.99847,0.83479,1.00008,0.84967,0.93684,0.73745,0.96467,0.96328,0.82615,0.99617,0.69571,0.74923
18.18,0.74536,1.00001,0.90149,0.76557,0.99652,0.97475,0.77093,0.99354,0.96882,0.55937,0.98336,0.96082,0.99238,0.98475,0.70161,0.99524,0.77136,0.99765,0.95882,0.96232,0.93901,0.82076,0.99524,0.72893,0.99583,0.73254,0.722,0.96435,0.70614,0.96975,0.715,0.98589,0.87389,0.91379,1.07247,0.959,0.99448,0.98254,0.92303,0.98967,0.98707,0.46709,0.99082,0.62557,0.98208,0.98925,0.98573,0.49185,0.89769,0.9762,0.80662,0.91586,0.98817,0.97405,0.80912,0.95866,0.99855,0.83663,1.00008,0.84958,0.93685,0.73444,0.96411,0.96261,0.8264,0.99617,0.69562,0.74931
18.2,0.74473,1.00001,0.90038,0.76363,0.99655,0.97475,0.77219,0.99353,0.96943,0.55919,0.98311,0.96052,0.99247,0.98465,0.70168,0.99589,0.76719,0.99708,0.95792,0.96143,0.93955,0.81867,0.99556,0.73242,0.99573,0.73265,0.72198,0.96511,0.70315,0.96922,0.7156,0.98587,0.87389,0.91377,1.07268,0.9589,0.99418,0.98178,0.92321,0.98967,0.98748,0.46715,0.99122,0.62541,0.98237,0.98909,0.98586,0.49107,0.89766,0.97745,0.80307,0.91288,0.98767,0.97332,0.80781,0.95744,0.99874,0.83919,1.00009,0.8495,0.93687,0.73163,0.96325,0.96207,0.82684,0.99615,0.69562,0.74934
18.22,0.74677,1.00003,0.8985,0.76258,0.99673,0.97475,0.77196,0.99344,0.96772,0.55808,0.9834,0.96053,0.99275,0.9848,0.70298,0.99724,0.76133,0.99353,0.95416,0.95716,0.93923,0.81683,0.99656,0.7391,0.99573,0.73276,0.72189,0.96579,0.69612,0.96935,0.71703,0.98576,0.87372,0.91391,1.07199,0.95822,0.99365,0.98136,0.92417,0.98967,0.9874,0.46758,0.9901,0.62447,0.98204,0.9891,0.98625,0.49227,0.89697,0.98023,0.79807,0.89838,0.98554,0.9698,0.80858,0.95635,0.99929,0.84407,1.00009,0.84943,0.93694,0.72909,0.9612,0.9622,0.82789,0.99608,0.69589,0.74918
18.24,0.74981,1.00004,0.89646,0.76192,0.99693,0.97475,0.77132,0.99333,0.96504,0.55698,0.9839,0.96064,0.99314,0.98503,0.70479,0.99851,0.75509,0.98713,0.94927,0.95151,0.93855,0.81526,0.99756,0.74656,0.99578,0.73283,0.7218,0.96637,0.68817,0.96961,0.71869,0.98562,0.8735,0.91411,1.07095,0.95736,0.99305,0.98109,0.92528,0.98967,0.98719,0.46807,0.98828,0.62352,0.98144,0.98916,0.98679,0.49405,0.89601,0.98333,0.79275,0.87871,0.98268,0.96509,0.81021,0.95542,0.99975,0.84951,1.00009,0.84937,0.93701,0.72684,0.95885,0.96247,0.82911,0.996,0.69625,0.74896
18.26,0.75241,1.00004,0.89461,0.76115,0.99708,0.97475,0.771,0.99324,0.96263,0.55617,0.98433,0.96069,0.99353,0.98519,0.70643,0.99935,0.7493,0.97975,0.94479,0.9463,0.93796,0.81382,0.99827,0.75314,0.9958,0.73288,0.72174,0.96692,0.68127,0.96969,0.72014,0.98551,0.8733,0.91427,1.07006,0.9566,0.9925,0.98078,0.92618,0.98967,0.98709,0.46845,0.98658,0.62284,0.98092,0.98918,0.98734,0.4954,0.89515,0.98593,0.78781,0.86013,0.97997,0.9607,0.81159,0.95455,0.99998,0.85429,1.00009,0.84934,0.93706,0.72471,0.95677,0.96255,0.83018,0.99593,0.69656,0.74877
18.28,0.75485,1.00004,0.89205,0.76007,0.99734,0.97475,0.77007,0.99308,0.9604,0.55391,0.98463,0.96083,0.99368,0.98545,0.70789,0.99989,0.74168,0.96887,0.93925,0.93979,0.93765,0.81116,0.9991,0.76124,0.99582,0.73308,0.72156,0.96777,0.67098,0.97018,0.72201,0.98536,0.8731,0.91445,1.06921,0.95568,0.99171,0.98034,0.92765,0.98967,0.98679,0.46917,0.98496,0.62091,0.98054,0.98926,0.98755,0.4975,0.89437,0.98844,0.78131,0.83647,0.9765,0.95518,0.81233,0.95294,1.00006,0.86015,1.00008,0.8492,0.9372,0.7214,0.95363,0.96305,0.83155,0.99583,0.69689,0.74858
18.3,0.75784,1.00003,0.89095,0.75975,0.99738,0.97475,0.77037,0.99308,0.95733,0.55489,0.98523,0.96079,0.9943,0.98553,0.70981,1.00008,0.73767,0.95953,0.9351,0.93486,0.93667,0.8112,0.99934,0.76612,0.99587,0.73296,0.72162,0.96796,0.66738,0.96994,0.72305,0.98528,0.87289,0.91463,1.06815,0.95504,0.99136,0.9802,0.92792,0.98967,0.98688,0.4692,0.98266,0.62174,0.97976,0.98924,0.98843,0.49813,0.89335,0.99054,0.77789,0.81817,0.97383,0.95097,0.8146,0.95297,1.00001,0.86367,1.00008,0.84928,0.93715,0.72063,0.95251,0.9628,0.83232,0.99578,0.69722,0.74837
18.32,0.76179,1.00004,0.89361,0.76144,0.99689,0.97475,0.7735,0.99348,0.95178,0.56303,0.98643,0.96033,0.99613,0.98514,0.71314,1.00002,0.74324,0.96059,0.93561,0.93553,0.93395,0.81788,0.99815,0.76202,0.99594,0.73198,0.72231,0.96641,0.68201,0.96693,0.72162,0.98541,0.87276,0.91477,1.06674,0.95516,0.99219,0.9809,0.92506,0.98967,0.9879,0.46739,0.97832,0.6287,0.97812,0.98899,0.99114,0.49498,0.89157,0.9921,0.78264,0.82017,0.97416,0.95154,0.82075,0.95697,0.99995,0.86071,1.00008,0.84997,0.9366,0.7267,0.95699,0.95974,0.83127,0.99586,0.69743,0.74822
18.34,0.76627,1.00004,0.89777,0.76387,0.9961,0.97475,0.77795,0.99401,0.94513,0.57463,0.98787,0.95967,0.9979,0.98455,0.71689,0.99981,0.75251,0.96533,0.9378,0.93815,0.93049,0.82718,0.99548,0.75472,0.99604,0.73066,0.72324,0.96414,0.70296,0.96308,0.71937,0.9856,0.87263,0.91493,1.0651,0.95558,0.99344,0.98187,0.92084,0.98967,0.98928,0.4649,0.97285,0.63862,0.97595,0.98863,0.99395,0.49026,0.88957,0.99335,0.79054,0.82935,0.97557,0.95378,0.82826,0.96237,0.99869,0.85543,1.00007,0.85088,0.93586,0.73524,0.9632,0.95586,0.82961,0.99598,0.69765,0.74804
18.36,0.77065,1.00004,0.90139,0.76597,0.99532,0.97475,0.78214,0.99447,0.93868,0.58552,0.9892,0.95903,0.99902,0.984,0.72031,0.99945,0.76037,0.96827,0.93927,0.93986,0.92724,0.83549,0.99233,0.74893,0.99614,0.72947,0.72407,0.96209,0.72064,0.95983,0.71756,0.98576,0.87245,0.91511,1.06347,0.95591,0.99445,0.98269,0.91695,0.98967,0.99051,0.46269,0.96732,0.64793,0.97373,0.98828,0.99599,0.48597,0.88773,0.99447,0.79725,0.83524,0.97651,0.95524,0.83501,0.96699,0.99656,0.85123,1.00006,0.8517,0.93519,0.74258,0.96821,0.95261,0.82828,0.99608,0.69792,0.74783
18.38,0.77423,1.00004,0.90401,0.76808,0.99462,0.97475,0.78466,0.99487,0.93064,0.59184,0.9901,0.95865,0.99983,0.98359,0.72444,0.99873,0.76632,0.97084,0.94046,0.9415,0.92399,0.84174,0.98781,0.74241,0.99619,0.72835,0.72486,0.96008,0.7363,0.95434,0.71541,0.98593,0.87244,0.91515,1.06212,0.95604,0.99514,0.98351,0.91368,0.98967,0.99122,0.46069,0.96016,0.65333,0.97209,0.98807,0.99787,0.48277,0.8855,0.99583,0.80233,0.84052,0.97726,0.95663,0.84146,0.97034,0.99302,0.84648,1.00006,0.85248,0.93456,0.74952,0.97246,0.94715,0.8267,0.99619,0.69795,0.74778
18.4,0.77942,1.00004,0.90884,0.77028,0.99346,0.97475,0.79087,0.99536,0.92468,0.60821,0.99168,0.95769,1.00006,0.98282,0.72723,0.99833,0.77663,0.97447,0.94254,0.94362,0.92033,0.8522,0.98317,0.73643,0.99634,0.72701,0.72579,0.95764,0.75593,0.9529,0.71376,0.98608,0.8721,0.91549,1.06011,0.95665,0.99632,0.98433,0.90852,0.98967,0.99288,0.45819,0.95471,0.66732,0.96888,0.98754,0.99886,0.4769,0.88398,0.99636,0.81112,0.84824,0.97857,0.95844,0.84843,0.97568,0.98906,0.84212,1.00004,0.8534,0.9338,0.75756,0.97752,0.94573,0.82548,0.99629,0.69849,0.74739
18.42,0.78927,1.00002,0.91911,0.77274,0.99088,0.97475,0.80625,0.99614,0.92522,0.6488,0.99493,0.9548,1.00004,0.98104,0.72615,0.99929,0.79822,0.98067,0.947,0.94703,0.91578,0.87333,0.98111,0.73284,0.99673,0.72518,0.72702,0.95426,0.78505,0.96306,0.71365,0.98611,0.87087,0.91668,1.05617,0.95854,0.99836,0.98523,0.89806,0.98967,0.99631,0.45394,0.95521,0.702,0.96039,0.98592,0.99869,0.46362,0.88457,0.99484,0.82953,0.86231,0.98131,0.96132,0.85666,0.98531,0.98723,0.83949,0.99997,0.85465,0.9328,0.76812,0.98439,0.95583,0.8254,0.99631,0.70045,0.74605
18.44,0.80036,0.99996,0.93068,0.77523,0.98732,0.97475,0.82448,0.99692,0.92844,0.69626,0.99772,0.95127,0.99991,0.9788,0.72371,1.00002,0.82246,0.9867,0.95201,0.9507,0.91078,0.89635,0.98001,0.72998,0.99718,0.72313,0.72838,0.95038,0.81599,0.97521,0.71407,0.98612,0.86931,0.91815,1.05152,0.96082,0.99976,0.98612,0.88508,0.98967,0.99902,0.44937,0.95817,0.74253,0.94906,0.98387,0.99811,0.44754,0.88589,0.99212,0.85019,0.87754,0.9843,0.9644,0.86521,0.99363,0.98623,0.8374,0.99984,0.85604,0.93169,0.77952,0.9907,0.96824,0.82571,0.99631,0.70291,0.74437
18.46,0.81023,0.99986,0.94055,0.77758,0.98352,0.97475,0.84053,0.99754,0.93083,0.73719,0.99925,0.94811,0.99976,0.97664,0.72194,1.00002,0.8432,0.99109,0.95625,0.95383,0.90578,0.91544,0.97835,0.72681,0.99754,0.72115,0.7297,0.94651,0.84292,0.98377,0.71427,0.98614,0.86789,0.91948,1.04716,0.96281,1.00003,0.98693,0.87245,0.98967,1.00001,0.44535,0.96034,0.77747,0.93775,0.98199,0.99767,0.43269,0.88685,0.98944,0.86785,0.89025,0.98674,0.96702,0.87325,0.99825,0.98472,0.83507,0.99969,0.85738,0.9306,0.79018,0.99516,0.97731,0.82585,0.99633,0.70513,0.74285
18.48,0.82099,0.99971,0.94975,0.78044,0.97893,0.97475,0.85507,0.99826,0.93143,0.77244,0.99991,0.94377,0.99953,0.97421,0.72,0.99934,0.86418,0.99547,0.96116,0.95787,0.90059,0.93342,0.97666,0.72329,0.99796,0.71923,0.73097,0.9425,0.86815,0.99072,0.71439,0.98614,0.86643,0.92081,1.04216,0.96488,0.99931,0.98789,0.85824,0.98967,0.99961,0.44012,0.96088,0.80755,0.92285,0.97933,0.99709,0.4165,0.88789,0.98592,0.88571,0.90571,0.98943,0.97038,0.88113,1.00002,0.98317,0.8325,0.99945,0.85866,0.92956,0.80058,0.99822,0.98509,0.82595,0.99632,0.7074,0.7413
18.5,0.82942,0.99954,0.95833,0.7822,0.97432,0.97475,0.87104,0.99858,0.93619,0.812,0.99961,0.94145,0.99928,0.97194,0.71807,0.99825,0.88139,0.99724,0.96423,0.95979,0.89534,0.94828,0.97512,0.72068,0.9982,0.71716,0.73238,0.93827,0.89099,0.99577,0.71479,0.98619,0.86497,0.92215,1.03805,0.96673,0.99755,0.98846,0.84482,0.98967,0.99751,0.43755,0.96513,0.84128,0.91138,0.97788,0.99652,0.40189,0.88893,0.98265,0.90034,0.91369,0.99104,0.97197,0.88866,0.9988,0.98174,0.83057,0.99927,0.86004,0.92839,0.81088,0.99978,0.99126,0.82624,0.99636,0.70966,0.73975
18.52,0.83189,0.9994,0.96629,0.781,0.97096,0.97475,0.89099,0.99799,0.95092,0.86284,0.99973,0.94525,0.99915,0.97045,0.71668,0.99785,0.89086,0.99462,0.96258,0.95589,0.88995,0.95862,0.97386,0.72023,0.99806,0.71454,0.73426,0.93366,0.91058,0.99886,0.7158,0.98645,0.86351,0.92351,1.03681,0.96796,0.99467,0.98808,0.83544,0.98967,0.99193,0.44219,0.97763,0.88457,0.91383,0.98024,0.99626,0.39252,0.88968,0.98163,0.90839,0.90238,0.99019,0.96874,0.89593,0.99591,0.98056,0.83024,0.99938,0.86178,0.92681,0.82141,0.99991,0.99576,0.82699,0.99652,0.71191,0.73816
18.54,0.83225,0.99927,0.97347,0.77867,0.96807,0.97475,0.91092,0.99687,0.96668,0.91024,0.99991,0.95095,0.99906,0.96924,0.71531,0.99775,0.8977,0.98868,0.95925,0.94964,0.88457,0.96693,0.97275,0.72073,0.99777,0.71181,0.73626,0.92885,0.92799,1.00005,0.71707,0.98677,0.86206,0.92485,1.03663,0.969,0.99067,0.9873,0.82757,0.98967,0.98219,0.44964,0.9894,0.92485,0.92109,0.98368,0.99607,0.38506,0.89041,0.9814,0.9142,0.88305,0.9884,0.96352,0.90278,0.99186,0.97952,0.83061,0.99957,0.86357,0.92513,0.8317,0.99875,0.99863,0.82792,0.99671,0.71411,0.73658
18.56,0.8335,0.99911,0.9797,0.77678,0.9648,0.97475,0.92809,0.99576,0.97823,0.94599,0.99988,0.95544,0.99893,0.9679,0.71379,0.99748,0.90525,0.98227,0.95666,0.94418,0.87919,0.97454,0.97151,0.72092,0.99754,0.70925,0.73812,0.924,0.94361,0.99945,0.71822,0.98705,0.86065,0.92615,1.036,0.9701,0.98563,0.98666,0.81892,0.98967,0.96933,0.45607,0.99629,0.95514,0.92589,0.98628,0.99582,0.37683,0.89123,0.98077,0.92062,0.86615,0.98697,0.95891,0.90925,0.98622,0.97834,0.83075,0.99969,0.86524,0.92354,0.84146,0.9963,0.99993,0.82876,0.99688,0.71625,0.73505
18.58,0.83504,0.99895,0.98535,0.77517,0.96095,0.97475,0.9438,0.9945,0.98779,0.97303,0.99973,0.95983,0.99883,0.96637,0.71282,0.99723,0.9128,0.97329,0.95356,0.93777,0.87284,0.98164,0.97037,0.7206,0.99728,0.70613,0.74038,0.91852,0.95741,0.99656,0.71937,0.98736,0.85902,0.92761,1.03521,0.97116,0.97919,0.9861,0.80895,0.98967,0.95253,0.46253,0.99978,0.97794,0.93069,0.98872,0.99563,0.36768,0.89175,0.98022,0.92703,0.8457,0.9852,0.95346,0.91643,0.97849,0.97725,0.83052,0.9998,0.86725,0.92161,0.85176,0.99253,0.9996,0.82961,0.99706,0.7187,0.73331
18.6,0.83544,0.99877,0.98965,0.77269,0.95804,0.97475,0.95712,0.99287,0.99427,0.99068,0.9994,0.96417,0.99868,0.96521,0.71075,0.99699,0.91898,0.96418,0.95086,0.93192,0.86819,0.98659,0.96898,0.72156,0.99698,0.70413,0.74186,0.91385,0.96904,0.99316,0.72057,0.9876,0.85781,0.92868,1.035,0.97221,0.97238,0.98522,0.8016,0.98967,0.93286,0.47011,0.99952,0.99266,0.93607,0.99101,0.99533,0.36081,0.89285,0.97969,0.93227,0.8271,0.98363,0.94844,0.92139,0.97088,0.97592,0.83122,0.9999,0.86853,0.92033,0.86003,0.98758,0.99819,0.83049,0.9972,0.7205,0.73203
18.62,0.83329,0.99857,0.99221,0.76812,0.95803,0.97475,0.9674,0.99051,0.99763,0.99904,0.99876,0.96841,0.99834,0.96506,0.70564,0.99665,0.92243,0.95947,0.94973,0.9287,0.86849,0.98843,0.96657,0.72587,0.9966,0.70523,0.74117,0.91177,0.97853,0.99421,0.7218,0.98761,0.85786,0.92865,1.0361,0.97323,0.96706,0.98352,0.80157,0.98967,0.91264,0.48003,0.99701,0.99941,0.94227,0.99312,0.99472,0.35989,0.89556,0.97896,0.93519,0.81806,0.98295,0.94568,0.92108,0.96735,0.97361,0.83438,1,0.86783,0.92093,0.86355,0.98161,0.99868,0.8314,0.9972,0.72043,0.73207
18.64,0.83003,0.99836,0.99407,0.76269,0.95916,0.97475,0.97588,0.98756,0.99945,0.9989,0.99779,0.97247,0.9979,0.96529,0.69951,0.99629,0.92485,0.95663,0.94922,0.92651,0.87067,0.98926,0.96386,0.73135,0.99617,0.70745,0.73969,0.91071,0.9861,0.99652,0.72308,0.98754,0.85833,0.92824,1.03775,0.97424,0.96225,0.9814,0.8044,0.98967,0.89092,0.4912,0.99304,0.99885,0.94869,0.99498,0.99396,0.36127,0.8988,0.97823,0.93725,0.81276,0.98265,0.94378,0.91877,0.96562,0.97097,0.8384,1.00006,0.8664,0.9222,0.86532,0.97468,0.99959,0.83234,0.99716,0.71973,0.73255
18.66,0.8272,0.99814,0.99579,0.75761,0.95978,0.97475,0.98319,0.98436,1.00013,0.9905,0.99657,0.97615,0.99745,0.96535,0.69393,0.99593,0.92773,0.95312,0.9486,0.924,0.87205,0.99044,0.96135,0.73618,0.99575,0.70915,0.73858,0.9092,0.99199,0.99773,0.72436,0.98751,0.85857,0.92804,1.03915,0.97525,0.95669,0.97931,0.80599,0.98967,0.86636,0.50225,0.98715,0.99119,0.95445,0.99652,0.99322,0.3616,0.90172,0.97752,0.93969,0.80633,0.98228,0.94162,0.91729,0.96293,0.96851,0.84194,1.00009,0.8653,0.92315,0.86779,0.9667,0.99992,0.83328,0.99715,0.71937,0.73279
18.68,0.82447,0.99792,0.99728,0.75248,0.96033,0.97475,0.98934,0.98068,0.99952,0.97281,0.99499,0.97986,0.99694,0.96542,0.68825,0.9955,0.93021,0.94745,0.94715,0.92041,0.87317,0.99155,0.9579,0.74121,0.99522,0.71088,0.73746,0.90751,0.99655,0.99899,0.72555,0.98744,0.85898,0.92768,1.04049,0.97614,0.95049,0.97711,0.80736,0.98967,0.83847,0.51403,0.97916,0.97553,0.96018,0.99789,0.9924,0.36202,0.90467,0.97669,0.94179,0.79624,0.9814,0.93851,0.91608,0.96014,0.96511,0.84561,1.00008,0.86418,0.92411,0.87053,0.95685,1.00003,0.83415,0.99711,0.71876,0.73322
18.7,0.8212,0.99763,0.99831,0.74718,0.96128,0.97475,0.99379,0.97682,0.99785,0.94925,0.99332,0.9827,0.99641,0.96555,0.68271,0.99517,0.93314,0.9464,0.94757,0.91921,0.87525,0.99241,0.95605,0.74594,0.99484,0.7128,0.73617,0.90644,0.99893,0.99951,0.72693,0.98745,0.85913,0.92756,1.04207,0.97722,0.94476,0.97472,0.80981,0.98967,0.81031,0.52558,0.97041,0.95485,0.96499,0.99877,0.99156,0.36279,0.90753,0.97607,0.94427,0.79441,0.98166,0.93747,0.91377,0.95776,0.96327,0.84906,1.00004,0.86292,0.9252,0.87222,0.94759,0.9999,0.83516,0.99711,0.71853,0.73336
18.72,0.81672,0.99715,0.99885,0.74159,0.96305,0.97475,0.99649,0.97333,0.99603,0.9286,0.9921,0.98391,0.99593,0.96573,0.67746,0.9951,0.93767,0.9582,0.95318,0.92478,0.87943,0.99304,0.95929,0.74994,0.99493,0.7151,0.73453,0.90684,0.99958,0.99879,0.72884,0.9877,0.85845,0.92823,1.04418,0.97885,0.94088,0.97209,0.81436,0.98967,0.78606,0.5355,0.96334,0.93681,0.96793,0.9991,0.99083,0.36387,0.91022,0.97595,0.9481,0.81566,0.98498,0.94229,0.90897,0.95591,0.96649,0.85196,1.00005,0.86141,0.92659,0.87159,0.94298,1.00004,0.83657,0.99726,0.71956,0.73257
18.74,0.81169,0.99656,0.99919,0.73586,0.96515,0.97475,0.99826,0.96987,0.99412,0.90882,0.99104,0.98455,0.99544,0.96596,0.67245,0.99517,0.9425,0.97199,0.96007,0.93232,0.88443,0.99349,0.96394,0.75356,0.9952,0.71754,0.73275,0.90785,0.99983,0.99713,0.73094,0.98802,0.85749,0.92914,1.0465,0.98062,0.93778,0.96927,0.81983,0.98967,0.76306,0.54495,0.95691,0.91957,0.97023,0.99926,0.9901,0.36522,0.91276,0.97608,0.95219,0.84293,0.98884,0.94879,0.90296,0.9545,0.97105,0.85459,1.00008,0.85979,0.92807,0.86997,0.94013,0.99977,0.83811,0.99744,0.72097,0.73148
18.76,0.8068,0.99595,0.99951,0.73019,0.96705,0.97475,0.99943,0.96607,0.99165,0.88469,0.98978,0.98538,0.99491,0.96617,0.66756,0.99522,0.94687,0.98152,0.96558,0.93833,0.88897,0.99394,0.96744,0.75712,0.99537,0.71985,0.73109,0.90861,1.00001,0.99534,0.73295,0.9883,0.85669,0.9299,1.0487,0.98222,0.93422,0.96637,0.82486,0.98967,0.73789,0.55491,0.94936,0.89856,0.97268,0.99945,0.98932,0.36651,0.91523,0.97617,0.95588,0.86435,0.99173,0.95393,0.89721,0.95302,0.97445,0.85717,1.00008,0.85825,0.92946,0.86875,0.93615,0.99915,0.83957,0.99759,0.72217,0.73056
18.78,0.80188,0.99529,0.99976,0.72428,0.96881,0.97475,0.99995,0.96199,0.98862,0.85645,0.98847,0.98631,0.99437,0.96636,0.66192,0.9951,0.95132,0.99005,0.97136,0.94495,0.89331,0.99454,0.97162,0.76148,0.99557,0.72242,0.72924,0.90928,1.00001,0.99244,0.73494,0.98861,0.85578,0.93076,1.05086,0.98376,0.93042,0.96322,0.82957,0.98967,0.71019,0.56522,0.94088,0.87401,0.97497,0.99964,0.98853,0.36764,0.91806,0.97595,0.95965,0.88707,0.99449,0.95956,0.89144,0.95089,0.97845,0.86032,1.00009,0.85652,0.93099,0.86767,0.93267,0.99785,0.84103,0.99776,0.72352,0.72951
18.8,0.79674,0.99456,0.9999,0.71877,0.97077,0.97475,0.99978,0.95789,0.9856,0.82952,0.98708,0.98685,0.99377,0.96661,0.65803,0.99536,0.95515,0.9949,0.9756,0.94982,0.89795,0.99476,0.97417,0.76402,0.99574,0.72447,0.72776,0.91027,0.99983,0.99021,0.73698,0.98886,0.855,0.93147,1.05307,0.98526,0.92704,0.96017,0.83492,0.98967,0.68463,0.57526,0.9329,0.85062,0.97716,0.99973,0.98768,0.36913,0.91999,0.97644,0.96288,0.90345,0.9963,0.96367,0.88497,0.9501,0.98085,0.86216,1.00009,0.85513,0.9322,0.86605,0.9283,0.9967,0.84252,0.9979,0.72466,0.72865
18.82,0.7912,0.99375,0.99997,0.71437,0.97326,0.97475,0.99935,0.95396,0.98328,0.81113,0.98548,0.98647,0.9931,0.967,0.65864,0.99651,0.95777,0.99571,0.97668,0.95058,0.90339,0.99395,0.97235,0.76158,0.99578,0.72503,0.72735,0.91195,0.99907,0.9919,0.7391,0.98893,0.85469,0.93167,1.05538,0.98673,0.92469,0.95766,0.84183,0.98967,0.66659,0.58462,0.92705,0.83465,0.97943,0.99967,0.98673,0.37142,0.91969,0.97869,0.96509,0.9067,0.99673,0.96431,0.87694,0.95298,0.97914,0.86039,1.00009,0.85475,0.93254,0.86325,0.92069,0.99757,0.84407,0.99793,0.72512,0.72841
18.84,0.78546,0.99288,1,0.71042,0.97586,0.97475,0.99881,0.95009,0.98132,0.79651,0.98379,0.98573,0.99236,0.96744,0.661,0.99778,0.95987,0.99538,0.97667,0.94985,0.90899,0.99267,0.96897,0.75735,0.99578,0.72506,0.72732,0.91392,0.99755,0.99447,0.74125,0.98895,0.85451,0.93172,1.05772,0.98814,0.92282,0.95536,0.84923,0.98967,0.65179,0.5936,0.92221,0.82197,0.98158,0.99952,0.98571,0.37406,0.91851,0.98146,0.96687,0.90535,0.99673,0.96369,0.86814,0.957,0.97591,0.85733,1.00009,0.85473,0.93256,0.8599,0.91175,0.99879,0.84564,0.99794,0.72538,0.72834
18.86,0.77969,0.99197,1.00001,0.70631,0.97824,0.97475,0.99803,0.94605,0.97907,0.77949,0.98204,0.98517,0.99157,0.96786,0.6627,0.99869,0.96202,0.99542,0.97704,0.94958,0.91423,0.99151,0.96626,0.75399,0.9958,0.72534,0.72711,0.91575,0.9955,0.9961,0.74338,0.989,0.85425,0.93187,1.06001,0.98945,0.92076,0.9529,0.85618,0.98967,0.63537,0.60276,0.91681,0.80721,0.98356,0.9994,0.98462,0.37662,0.91767,0.98382,0.96868,0.90551,0.99687,0.96347,0.85937,0.96025,0.9733,0.8549,1.00009,0.85454,0.93273,0.85671,0.90297,0.99944,0.84719,0.99797,0.72576,0.72817
18.88,0.77382,0.99094,1,0.70191,0.98049,0.97475,0.99693,0.94145,0.97638,0.76047,0.98002,0.98445,0.99088,0.96823,0.6639,0.99933,0.96451,0.99603,0.97788,0.95019,0.91958,0.99012,0.96287,0.75018,0.99582,0.72559,0.72692,0.9175,0.99262,0.99771,0.7455,0.98898,0.85407,0.93192,1.06227,0.99076,0.91842,0.9502,0.86295,0.98967,0.61679,0.61298,0.91049,0.79072,0.98561,0.99923,0.98368,0.37887,0.91707,0.98588,0.97077,0.90807,0.99718,0.96398,0.84982,0.96367,0.97001,0.85214,1.00008,0.85437,0.93288,0.8536,0.89311,0.99991,0.84873,0.99796,0.72603,0.72811
18.9,0.76794,0.99,0.99998,0.69818,0.98266,0.97475,0.99594,0.9376,0.97436,0.74467,0.97829,0.98394,0.98986,0.96871,0.66653,0.99985,0.96601,0.99522,0.97751,0.94868,0.92427,0.98882,0.96012,0.74683,0.99581,0.72577,0.72679,0.91943,0.98944,0.99865,0.74762,0.98911,0.85377,0.93212,1.06448,0.99183,0.91669,0.94787,0.86971,0.98967,0.60249,0.62135,0.90585,0.77702,0.98718,0.99911,0.98232,0.38179,0.91575,0.98817,0.97203,0.90473,0.99705,0.96271,0.84092,0.96655,0.9673,0.8497,1.00008,0.85424,0.93299,0.85011,0.88389,1.00004,0.85028,0.99803,0.72647,0.72786
18.92,0.76189,0.9894,0.99997,0.69616,0.98481,0.97475,0.99575,0.93621,0.97436,0.7382,0.97771,0.98417,0.98774,0.9695,0.67313,1.00008,0.96505,0.98849,0.97343,0.94048,0.92748,0.98794,0.95999,0.74518,0.99575,0.72593,0.7267,0.92174,0.98721,0.99859,0.74977,0.98963,0.8531,0.93278,1.0667,0.99244,0.91657,0.94659,0.87663,0.98967,0.59983,0.62433,0.90584,0.77142,0.98767,0.99917,0.97951,0.38665,0.91242,0.99115,0.97123,0.88251,0.9954,0.95576,0.83451,0.96835,0.96717,0.8485,1.00009,0.85414,0.93307,0.84579,0.87803,1.00004,0.85184,0.99829,0.72745,0.72704
18.94,0.75591,0.98895,0.99998,0.69483,0.98686,0.97475,0.9959,0.93577,0.97517,0.73556,0.97753,0.98465,0.98508,0.97039,0.68112,0.99964,0.96316,0.97582,0.96769,0.92937,0.93012,0.98728,0.96068,0.7441,0.99564,0.72603,0.72665,0.92419,0.98525,0.99824,0.75193,0.99028,0.8523,0.9336,1.06884,0.99288,0.91709,0.94573,0.88349,0.98967,0.60185,0.62527,0.90771,0.76913,0.98782,0.99928,0.97608,0.39213,0.90835,0.99394,0.96963,0.85119,0.99277,0.94625,0.82904,0.96963,0.96786,0.84772,1.00009,0.85407,0.93311,0.84107,0.87318,1,0.8534,0.9986,0.7286,0.72604
18.96,0.74999,0.98844,0.99999,0.69322,0.98873,0.97475,0.9959,0.9349,0.97566,0.73114,0.97712,0.98501,0.98246,0.97119,0.68827,0.99856,0.96165,0.96142,0.96247,0.91916,0.9329,0.98658,0.96093,0.74282,0.99553,0.72613,0.72661,0.92656,0.98282,0.99803,0.75404,0.99085,0.85157,0.93433,1.07089,0.99336,0.91734,0.9447,0.89008,0.98967,0.60193,0.62713,0.90884,0.7653,0.98816,0.99936,0.97275,0.39716,0.90466,0.99607,0.96836,0.82176,0.99012,0.93742,0.82308,0.9709,0.9681,0.84678,1.00009,0.854,0.93314,0.83638,0.86749,0.99997,0.85494,0.99886,0.72966,0.72514
18.98,0.74309,0.98781,0.99999,0.69144,0.99049,0.97475,0.99586,0.934,0.97595,0.7268,0.9769,0.98535,0.97904,0.97207,0.69688,0.99658,0.96006,0.93782,0.95497,0.90505,0.93579,0.98538,0.96142,0.74122,0.99553,0.72631,0.72648,0.9288,0.9806,0.99771,0.75621,0.99137,0.8508,0.93509,1.07323,0.9939,0.9175,0.94354,0.89657,0.98967,0.60134,0.62904,0.90949,0.76154,0.98834,0.99944,0.96847,0.4027,0.90018,0.99794,0.96702,0.77974,0.98601,0.9251,0.81661,0.97297,0.96858,0.84562,1.00009,0.85388,0.93324,0.83181,0.86254,0.99991,0.85651,0.99908,0.73078,0.7242
19,0.73809,0.98743,1,0.69019,0.99206,0.97475,0.996,0.93336,0.97682,0.72306,0.97638,0.98578,0.97654,0.97279,0.70301,0.99447,0.95835,0.92168,0.95058,0.89622,0.93814,0.98527,0.96162,0.74044,0.99527,0.72632,0.72653,0.9312,0.97753,0.99749,0.75831,0.99197,0.85008,0.93581,1.07487,0.99422,0.91801,0.94272,0.90268,0.98967,0.60322,0.6304,0.91153,0.7583,0.98874,0.99953,0.96537,0.40731,0.89695,0.999,0.96558,0.75353,0.98346,0.91735,0.81117,0.97315,0.96878,0.84505,1.00008,0.85387,0.93321,0.82675,0.85599,0.99986,0.85803,0.99932,0.73181,0.7233
19.02,0.73825,0.98767,1.00001,0.69022,0.99339,0.97475,0.99653,0.93324,0.97908,0.71997,0.97473,0.98632,0.97744,0.97304,0.70142,0.99412,0.9563,0.94087,0.95698,0.90591,0.93927,0.98797,0.96085,0.74168,0.99423,0.72592,0.72704,0.93419,0.97186,0.99782,0.75984,0.99277,0.84953,0.9364,1.07482,0.99402,0.91931,0.94274,0.90823,0.98967,0.61073,0.63067,0.91684,0.75562,0.98996,0.99964,0.96649,0.40893,0.89779,0.99912,0.96385,0.78488,0.98714,0.92586,0.80849,0.96828,0.96802,0.84595,0.99996,0.85415,0.93279,0.82022,0.84466,0.99994,0.85914,0.99959,0.7326,0.72257
19.04,0.74047,0.98815,1.00001,0.69077,0.99457,0.97475,0.99716,0.93334,0.98173,0.71736,0.97272,0.98693,0.97948,0.97316,0.69725,0.99446,0.95421,0.96614,0.96609,0.92075,0.93991,0.99131,0.95977,0.74376,0.99278,0.72535,0.72771,0.93726,0.96465,0.99823,0.76141,0.99361,0.84905,0.93694,1.0741,0.99361,0.92093,0.9431,0.91342,0.98967,0.62042,0.63045,0.92322,0.75336,0.99131,0.99975,0.969,0.40969,0.89998,0.999,0.96208,0.83096,0.99198,0.9388,0.80695,0.96077,0.96696,0.84747,0.99959,0.85453,0.93224,0.81324,0.83125,1,0.86027,0.99982,0.7333,0.72189
19.06,0.74192,0.98852,1,0.69109,0.99563,0.97475,0.99767,0.93332,0.98398,0.71456,0.97093,0.98753,0.98089,0.97337,0.69447,0.99443,0.95226,0.98125,0.97265,0.93158,0.94074,0.99381,0.95884,0.74555,0.99134,0.72487,0.7283,0.9401,0.95709,0.99849,0.76321,0.99439,0.84853,0.9375,1.07361,0.99328,0.9224,0.94331,0.91846,0.98967,0.62894,0.63049,0.92879,0.75094,0.99239,0.99984,0.97076,0.41107,0.90143,0.99901,0.96045,0.86367,0.99507,0.94816,0.80492,0.95343,0.96604,0.84877,0.99907,0.85486,0.93176,0.80649,0.81807,1.00003,0.86157,0.99998,0.73403,0.72118
19.08,0.74259,0.98886,0.99998,0.69139,0.99664,0.97475,0.99815,0.9334,0.98613,0.7117,0.9685,0.98799,0.98239,0.97344,0.69092,0.99461,0.94935,0.99318,0.9793,0.94321,0.94164,0.99575,0.95783,0.74695,0.98963,0.72435,0.72893,0.94327,0.94873,0.99896,0.7639,0.99503,0.848,0.93806,1.07339,0.99297,0.92383,0.9435,0.92368,0.98967,0.6377,0.63032,0.93427,0.74846,0.99369,0.99991,0.97266,0.41151,0.90328,0.99894,0.95798,0.89713,0.9977,0.95808,0.80271,0.9461,0.96504,0.84979,0.99829,0.85521,0.93124,0.79863,0.80431,1.00003,0.86207,1.00006,0.7348,0.72048
19.1,0.74541,0.98931,0.99995,0.69187,0.9974,0.97475,0.99856,0.93332,0.98812,0.70898,0.96708,0.9887,0.98377,0.97378,0.68837,0.99454,0.94837,0.99852,0.98414,0.95181,0.94228,0.99766,0.95686,0.74929,0.98802,0.72386,0.72952,0.94556,0.93956,0.99897,0.76696,0.99581,0.84753,0.9386,1.07245,0.99253,0.92537,0.94382,0.92801,0.98967,0.64613,0.6305,0.93953,0.7461,0.99437,0.99999,0.9744,0.4137,0.90461,0.99897,0.95716,0.92103,0.99916,0.96533,0.80111,0.93619,0.96408,0.85149,0.99744,0.85555,0.93075,0.79271,0.78993,1.00003,0.86427,1.00008,0.73546,0.7198
19.12,0.7533,0.99003,0.9999,0.69268,0.99777,0.97475,0.99887,0.93266,0.98987,0.70664,0.96906,0.9901,0.98481,0.97486,0.68937,0.99345,0.95273,0.99925,0.98558,0.95348,0.94232,0.9995,0.95619,0.75438,0.9871,0.72344,0.72996,0.94581,0.92884,0.99745,0.77566,0.99705,0.84722,0.93914,1.06975,0.99179,0.92706,0.94435,0.93029,0.98967,0.65323,0.63189,0.9443,0.74407,0.99341,1.00009,0.97572,0.42076,0.90409,0.99933,0.96084,0.92668,0.99949,0.96673,0.80102,0.91928,0.96341,0.85518,0.99691,0.85583,0.93039,0.79205,0.77389,0.99986,0.87053,0.99988,0.7359,0.71911
19.14,0.76312,0.99083,0.99983,0.69367,0.99801,0.97475,0.99913,0.93182,0.99146,0.70438,0.97197,0.99161,0.9857,0.97618,0.69142,0.99196,0.95875,0.9993,0.98607,0.95308,0.94213,0.99997,0.95556,0.76025,0.98644,0.72305,0.73035,0.94521,0.9174,0.99441,0.78659,0.99819,0.84699,0.93965,1.06625,0.99089,0.92887,0.94499,0.93182,0.98967,0.65998,0.63365,0.94883,0.74212,0.99178,1.00009,0.97686,0.42957,0.90303,0.99969,0.96592,0.92714,0.99959,0.96639,0.80149,0.89804,0.96279,0.85943,0.99651,0.85609,0.93007,0.79361,0.75746,0.99877,0.87834,0.99928,0.73623,0.71846
19.16,0.77201,0.99155,0.99974,0.69461,0.99828,0.97475,0.99936,0.93109,0.99292,0.70198,0.97411,0.99287,0.98653,0.97736,0.69284,0.99059,0.96365,0.99957,0.98697,0.95369,0.94207,0.9989,0.95483,0.76543,0.98564,0.72265,0.73076,0.94485,0.90568,0.99087,0.7967,0.99898,0.84674,0.94015,1.06296,0.99001,0.93066,0.9456,0.93365,0.98967,0.66684,0.6352,0.95317,0.74004,0.9904,0.99998,0.97793,0.43761,0.90229,0.99991,0.97005,0.93005,0.99975,0.96691,0.80165,0.87603,0.96205,0.86317,0.99601,0.85637,0.92973,0.79456,0.74124,0.99704,0.88553,0.9984,0.73658,0.71783
19.18,0.78007,0.99225,0.99966,0.69544,0.99853,0.97475,0.99954,0.93024,0.99428,0.69999,0.97693,0.9942,0.98768,0.97846,0.69481,0.98858,0.96798,0.99975,0.9878,0.95412,0.94189,0.99604,0.95438,0.77158,0.98475,0.72226,0.73117,0.94512,0.89016,0.98579,0.80456,0.99962,0.8464,0.94077,1.05986,0.98906,0.93214,0.94613,0.93548,0.98967,0.67348,0.63697,0.95743,0.73831,0.98831,0.99972,0.97944,0.44518,0.90126,1.00008,0.97369,0.93255,0.99988,0.96726,0.8021,0.84925,0.96161,0.8676,0.99543,0.85663,0.92939,0.79387,0.72051,0.9942,0.89108,0.99692,0.73706,0.71703
19.2,0.78975,0.99292,0.99951,0.69654,0.99874,0.97475,0.9997,0.92957,0.99543,0.69715,0.9783,0.9951,0.98806,0.9797,0.69596,0.98748,0.9729,0.99984,0.98848,0.95438,0.9419,0.99235,0.95337,0.77573,0.98405,0.72184,0.73157,0.94388,0.88032,0.98094,0.81675,0.99988,0.84628,0.94111,1.05598,0.98808,0.93423,0.94683,0.93707,0.98967,0.68026,0.63837,0.96125,0.73585,0.98717,0.99943,0.97993,0.45393,0.90066,1.00012,0.97783,0.93445,0.99997,0.96748,0.80208,0.82519,0.9606,0.87058,0.99497,0.85691,0.92906,0.79706,0.70774,0.99126,0.89964,0.99563,0.73723,0.7166
19.22,0.80369,0.99349,0.99919,0.69838,0.99888,0.97475,0.99983,0.92941,0.99624,0.69179,0.97555,0.99511,0.98626,0.98133,0.6943,0.98944,0.97908,0.99989,0.98905,0.9547,0.94255,0.99054,0.95034,0.77428,0.98383,0.7213,0.73197,0.93844,0.88804,0.97917,0.84086,0.99983,0.84674,0.94067,1.05007,0.98717,0.93784,0.94799,0.93823,0.98967,0.68765,0.63872,0.96409,0.73121,0.98937,0.99942,0.97759,0.46578,0.90153,1.00003,0.983,0.93595,1.00003,0.96775,0.80043,0.81512,0.95756,0.86954,0.99481,0.85728,0.92873,0.81047,0.71774,0.99015,0.91632,0.99598,0.73659,0.71716
19.24,0.81869,0.99404,0.99871,0.70047,0.999,0.97475,0.99992,0.92943,0.99691,0.68557,0.97114,0.99482,0.98349,0.98305,0.69183,0.99212,0.98509,0.99992,0.98952,0.9549,0.94339,0.98968,0.94668,0.77086,0.98381,0.72073,0.73235,0.93114,0.90188,0.97891,0.86686,0.99964,0.84742,0.93994,1.04325,0.98623,0.94195,0.94931,0.9392,0.98967,0.69515,0.63867,0.96662,0.72582,0.99227,0.99953,0.97405,0.47859,0.90281,0.99966,0.98802,0.93702,1.00006,0.96792,0.79831,0.81056,0.95386,0.86708,0.9948,0.85766,0.92841,0.82689,0.73609,0.98999,0.93388,0.99687,0.73562,0.71809
19.26,0.83228,0.99457,0.99816,0.70242,0.99912,0.97475,0.99996,0.9294,0.99757,0.67977,0.96724,0.99466,0.98098,0.98459,0.68993,0.99405,0.98991,0.99993,0.99,0.95514,0.94409,0.9883,0.94343,0.76834,0.98372,0.7202,0.73272,0.9243,0.91254,0.97831,0.88848,0.99945,0.848,0.93934,1.03661,0.98524,0.9457,0.95052,0.94025,0.98967,0.70246,0.63874,0.96925,0.7208,0.9943,0.99958,0.97088,0.4906,0.9038,0.99914,0.99202,0.93824,1.00009,0.96812,0.79652,0.80354,0.95057,0.86527,0.99474,0.85802,0.9281,0.84087,0.75067,0.98961,0.94804,0.99745,0.73479,0.71886
19.28,0.84602,0.99504,0.99755,0.70447,0.99923,0.97475,0.99995,0.92925,0.99806,0.67343,0.96251,0.99449,0.97789,0.98615,0.68728,0.99581,0.99362,0.99993,0.99048,0.95537,0.94498,0.98659,0.93884,0.76567,0.98356,0.71956,0.73316,0.91663,0.92099,0.97601,0.91055,0.99924,0.84855,0.93876,1.0294,0.98429,0.94914,0.95178,0.94126,0.98967,0.70975,0.63904,0.97137,0.71531,0.99623,0.99964,0.96704,0.50319,0.90517,0.99839,0.99508,0.93941,1.00011,0.96831,0.79422,0.79522,0.94588,0.86335,0.99463,0.85845,0.92773,0.85515,0.76254,0.98813,0.96197,0.99793,0.73401,0.7196
19.3,0.8581,0.99556,0.99674,0.70636,0.99933,0.97475,0.99989,0.92936,0.99866,0.66786,0.95831,0.99427,0.9752,0.98748,0.68598,0.99722,0.99681,0.99991,0.99093,0.95563,0.94551,0.98562,0.93658,0.76285,0.98358,0.71913,0.73345,0.90929,0.93333,0.9776,0.92635,0.9989,0.84922,0.93804,1.02258,0.98314,0.95296,0.95293,0.94227,0.98967,0.71682,0.6388,0.97417,0.71049,0.99753,0.9997,0.96373,0.51434,0.90584,0.99746,0.99766,0.9406,1.00011,0.96852,0.79284,0.79067,0.94356,0.86131,0.99465,0.85873,0.92749,0.86764,0.78053,0.98915,0.97148,0.99852,0.73304,0.72051
19.32,0.8667,0.99624,0.99547,0.7079,0.99943,0.97475,0.99979,0.93032,0.99947,0.66464,0.95678,0.99406,0.97442,0.98834,0.68864,0.99818,0.99931,0.99987,0.99136,0.95604,0.94498,0.98673,0.94156,0.75981,0.98405,0.71935,0.73326,0.90379,0.95409,0.98809,0.93041,0.99819,0.85018,0.93699,1.01742,0.98149,0.95783,0.95385,0.94337,0.98967,0.72366,0.63681,0.97881,0.7077,0.99793,0.99975,0.96278,0.52179,0.90447,0.99654,0.99961,0.94205,1.0001,0.96886,0.79421,0.79587,0.94866,0.85911,0.99497,0.85858,0.92765,0.87633,0.81305,0.99553,0.97384,0.99928,0.73168,0.72182
19.34,0.87394,0.99692,0.99386,0.70927,0.99953,0.97475,0.99965,0.93149,1.00001,0.66231,0.95616,0.99381,0.97431,0.98901,0.69267,0.9989,0.99997,0.9998,0.99176,0.95649,0.94408,0.98852,0.94856,0.75678,0.98468,0.71978,0.73291,0.89898,0.97357,0.99687,0.93042,0.99717,0.85125,0.93581,1.01286,0.97957,0.96284,0.95467,0.94446,0.98967,0.73024,0.63436,0.9836,0.70568,0.99807,0.99981,0.96264,0.52783,0.90238,0.99556,0.99995,0.94355,1.00009,0.96924,0.79655,0.80462,0.95576,0.85693,0.99539,0.8583,0.92795,0.88349,0.84799,0.9997,0.97385,0.99984,0.73013,0.72331
19.36,0.88137,0.99752,0.99208,0.71065,0.99962,0.97475,0.99947,0.93244,1.00012,0.65963,0.95509,0.99357,0.97388,0.98972,0.69608,0.99946,0.99856,0.99971,0.99214,0.95691,0.94337,0.98982,0.95395,0.7539,0.98522,0.72007,0.73266,0.89386,0.98682,0.99997,0.93191,0.99602,0.85227,0.93467,1.00796,0.97761,0.96735,0.95549,0.94548,0.98967,0.73667,0.63235,0.98753,0.70336,0.99831,0.99986,0.96212,0.5343,0.9006,0.99443,0.99853,0.94497,1.00006,0.96959,0.79838,0.81128,0.96118,0.85483,0.99574,0.8581,0.92816,0.89069,0.87704,0.99945,0.97471,1.00007,0.72864,0.72472
19.38,0.889,0.99803,0.99003,0.71229,0.99971,0.97475,0.99923,0.93385,0.99986,0.65661,0.95399,0.99334,0.97344,0.99047,0.69959,0.99987,0.99518,0.99959,0.99255,0.95735,0.94259,0.99128,0.95991,0.75002,0.98578,0.72053,0.73228,0.88765,0.99582,0.99848,0.93474,0.99452,0.85324,0.93352,1.00266,0.97568,0.97166,0.95645,0.94671,0.98967,0.74367,0.62938,0.99096,0.70074,0.99854,0.99991,0.96158,0.54134,0.89875,0.99307,0.9954,0.94646,1.00002,0.96995,0.80034,0.81912,0.9671,0.85202,0.9961,0.85779,0.92847,0.89892,0.90422,0.99513,0.97633,1,0.72723,0.72614
19.4,0.89525,0.99854,0.98782,0.71335,0.99977,0.97475,0.999,0.93433,0.9992,0.65449,0.95318,0.99307,0.9732,0.99103,0.70324,1.00004,0.98961,0.99946,0.99289,0.95776,0.9418,0.99232,0.96423,0.7484,0.98629,0.72068,0.73213,0.88358,0.9997,0.99275,0.93383,0.99311,0.85434,0.93233,0.99811,0.9734,0.97554,0.95707,0.94749,0.98967,0.74919,0.62834,0.99388,0.69891,0.99869,0.99995,0.96128,0.54671,0.89683,0.99186,0.9904,0.94778,0.99998,0.97029,0.80232,0.82502,0.97133,0.85084,0.99642,0.85769,0.92859,0.90401,0.9265,0.98748,0.97581,0.99969,0.72563,0.7276
19.42,0.89858,0.99911,0.98551,0.71281,0.99974,0.97475,0.99892,0.93234,0.99816,0.65461,0.95291,0.99275,0.97327,0.99116,0.70722,1.00008,0.9813,0.99937,0.99308,0.95808,0.94135,0.99216,0.96451,0.75112,0.98663,0.71994,0.7326,0.88565,0.99968,0.98605,0.92285,0.9926,0.85585,0.93102,0.99561,0.97014,0.97898,0.95676,0.94703,0.98967,0.75091,0.63257,0.99621,0.69902,0.99874,1,0.96137,0.54798,0.89473,0.99136,0.98301,0.9486,0.99995,0.97056,0.80343,0.82412,0.97161,0.85282,0.99663,0.85819,0.9282,0.90144,0.94197,0.97981,0.96941,0.99953,0.72341,0.7292
19.44,0.90075,0.99957,0.98312,0.7117,0.99967,0.97475,0.9989,0.92935,0.99673,0.65563,0.95292,0.99239,0.97351,0.99112,0.71124,1.00008,0.9703,0.99929,0.99323,0.95837,0.94085,0.9917,0.9635,0.75641,0.98692,0.71887,0.7333,0.88995,0.99739,0.97867,0.90683,0.99243,0.85746,0.92967,0.99393,0.96643,0.982,0.95611,0.94614,0.98967,0.75123,0.63884,0.99801,0.6999,0.99874,1.00004,0.96167,0.54764,0.89259,0.99117,0.97331,0.94926,0.99993,0.97079,0.80465,0.82149,0.97062,0.85665,0.9968,0.8589,0.92762,0.89593,0.95421,0.97186,0.95966,0.99948,0.72102,0.73083
19.46,0.90335,0.99986,0.98062,0.71086,0.99962,0.97475,0.99886,0.92668,0.99491,0.65629,0.95284,0.99203,0.97372,0.99116,0.71505,1.00009,0.95701,0.99919,0.9934,0.95867,0.94018,0.99149,0.96308,0.76174,0.98722,0.71791,0.73392,0.89317,0.99282,0.96937,0.89162,0.99208,0.85895,0.92837,0.9919,0.96275,0.98473,0.95561,0.94545,0.98967,0.75219,0.64437,0.99925,0.70047,0.99875,1.00007,0.96192,0.54798,0.89055,0.99086,0.96165,0.95001,0.9999,0.97104,0.80629,0.82028,0.9702,0.86051,0.99698,0.85955,0.92709,0.89164,0.96527,0.96222,0.95006,0.99936,0.7188,0.7324
19.48,0.90609,1.00003,0.97737,0.70997,0.99955,0.97475,0.99881,0.92422,0.99271,0.6568,0.95264,0.99171,0.9738,0.9912,0.71985,1.00008,0.94068,0.9991,0.99353,0.95895,0.9403,0.99077,0.96266,0.76188,0.98753,0.71712,0.73442,0.89642,0.98493,0.95616,0.87401,0.99179,0.8607,0.92685,0.98971,0.95835,0.98772,0.95509,0.94467,0.98967,0.75313,0.64943,0.99994,0.70091,0.99879,1.00009,0.96202,0.54846,0.88797,0.99045,0.94736,0.95067,0.99987,0.97128,0.80601,0.81634,0.9698,0.86061,0.99716,0.86007,0.92667,0.88714,0.97593,0.94896,0.93861,0.99925,0.71618,0.73421
19.5,0.90818,1.00003,0.97518,0.70905,0.99949,0.97475,0.99878,0.92095,0.99011,0.65777,0.95274,0.99126,0.97414,0.99119,0.72264,1.00008,0.92313,0.99898,0.99372,0.95926,0.93878,0.99102,0.96194,0.77305,0.98781,0.7159,0.73523,0.8999,0.97733,0.94652,0.85675,0.99145,0.86193,0.92574,0.988,0.95479,0.98945,0.95454,0.94398,0.98967,0.75376,0.65609,1.00007,0.70176,0.99877,1.0001,0.96243,0.54834,0.88647,0.99029,0.93204,0.95146,0.99983,0.97153,0.80966,0.81773,0.96909,0.86866,0.99732,0.86088,0.926,0.88215,0.9825,0.93947,0.92711,0.99911,0.71432,0.73553
19.52,0.90893,1.00002,0.97652,0.70813,0.99945,0.97475,0.99875,0.91549,0.98699,0.66033,0.95366,0.9904,0.9754,0.99101,0.71983,1.00009,0.90721,0.99877,0.99405,0.95968,0.93235,0.99364,0.96017,0.81316,0.988,0.71328,0.737,0.90385,0.97713,0.952,0.84402,0.9909,0.86166,0.92587,0.98738,0.95428,0.98842,0.95399,0.94354,0.98967,0.75422,0.66706,0.99961,0.70397,0.9986,1.0001,0.96397,0.54652,0.88798,0.9908,0.91816,0.95274,0.99976,0.97188,0.82427,0.83295,0.96735,0.89713,0.99743,0.8626,0.9245,0.87623,0.98264,0.94484,0.91848,0.99888,0.71472,0.73537
19.54,0.9091,1.00003,0.97902,0.7072,0.99942,0.97475,0.99875,0.90909,0.98346,0.66321,0.95485,0.98937,0.97683,0.99077,0.71499,1.00007,0.8916,0.99851,0.99442,0.96011,0.92382,0.99647,0.95817,0.85787,0.98817,0.71028,0.73904,0.90786,0.9799,0.96211,0.83289,0.99029,0.86089,0.92643,0.98724,0.95486,0.98627,0.95343,0.94322,0.98967,0.75436,0.67968,0.99856,0.70646,0.99836,1.00005,0.96573,0.54422,0.89058,0.99151,0.90458,0.95414,0.99966,0.97223,0.84179,0.85257,0.96538,0.92786,0.99752,0.86457,0.92276,0.86995,0.98053,0.95489,0.91084,0.99861,0.71588,0.73472
19.56,0.90947,1.00003,0.98084,0.70631,0.99939,0.97475,0.99874,0.90295,0.97957,0.66558,0.95588,0.98836,0.97796,0.99059,0.71108,1.00003,0.87433,0.99824,0.99475,0.96051,0.91582,0.99834,0.95656,0.89252,0.98834,0.70762,0.74085,0.91154,0.98126,0.9689,0.82079,0.9897,0.8604,0.92675,0.98693,0.95488,0.98451,0.9529,0.94292,0.98967,0.75443,0.69157,0.99694,0.70852,0.99814,0.99995,0.96712,0.54244,0.89268,0.99205,0.88955,0.95542,0.99956,0.97256,0.85659,0.86938,0.96378,0.95064,0.99762,0.86629,0.92121,0.86393,0.9794,0.96174,0.90245,0.99833,0.71662,0.73434
19.58,0.91007,1.00004,0.98273,0.70523,0.99933,0.97475,0.9987,0.89595,0.97491,0.66943,0.95703,0.98724,0.97972,0.99026,0.70725,0.99992,0.85386,0.99792,0.99508,0.96099,0.90661,0.99938,0.95337,0.92489,0.98851,0.70419,0.74318,0.91598,0.98259,0.9758,0.80624,0.98902,0.85971,0.92722,0.98644,0.95513,0.98246,0.95224,0.9423,0.98967,0.75535,0.70491,0.99452,0.71185,0.99786,0.9998,0.96931,0.53933,0.89471,0.99281,0.87176,0.95681,0.99944,0.97295,0.87195,0.88299,0.96059,0.97062,0.99771,0.86849,0.91918,0.85631,0.97822,0.96885,0.89227,0.99798,0.71766,0.73377
19.6,0.91005,1.00004,0.98444,0.70455,0.99934,0.97475,0.99874,0.88995,0.97064,0.67025,0.95791,0.98619,0.98015,0.99021,0.70287,0.99986,0.83661,0.99763,0.99539,0.96131,0.89825,1.00001,0.95336,0.94827,0.98869,0.70225,0.7445,0.91861,0.98442,0.98123,0.79612,0.98846,0.85931,0.92748,0.98645,0.95517,0.98039,0.95183,0.94236,0.98967,0.75444,0.71617,0.99198,0.71256,0.99764,0.99961,0.96984,0.53885,0.89703,0.99309,0.85677,0.95795,0.99932,0.97322,0.88453,0.901,0.96058,0.98377,0.99781,0.86973,0.91803,0.8516,0.97645,0.97457,0.88512,0.99768,0.71827,0.73347
19.62,0.90868,1.00002,0.98566,0.70505,0.99953,0.97475,0.99902,0.88744,0.96846,0.66261,0.95829,0.98549,0.97655,0.99096,0.69709,1.00003,0.83185,0.99753,0.99558,0.96124,0.89343,0.99854,0.96185,0.95928,0.98883,0.70469,0.74281,0.91649,0.98694,0.98352,0.79913,0.98828,0.85982,0.92701,0.98759,0.95424,0.97876,0.95213,0.94437,0.98967,0.74874,0.72085,0.99059,0.70594,0.99754,0.99947,0.96539,0.54608,0.90006,0.99206,0.85265,0.95832,0.99923,0.97316,0.89128,0.92983,0.96901,0.98935,0.99788,0.86817,0.91951,0.8554,0.97371,0.97703,0.88725,0.99758,0.7175,0.73403
19.64,0.90667,1,0.98673,0.70595,0.99973,0.97475,0.99933,0.88622,0.96714,0.65178,0.95835,0.98492,0.97116,0.99194,0.69093,1.00008,0.83174,0.9975,0.99575,0.961,0.89004,0.9927,0.97208,0.96613,0.989,0.70861,0.7401,0.91256,0.98963,0.98502,0.80699,0.98825,0.86063,0.92629,0.98923,0.95306,0.97724,0.95268,0.94699,0.98967,0.74107,0.7231,0.98972,0.69657,0.99752,0.99935,0.95881,0.55584,0.90328,0.99042,0.85255,0.95843,0.99915,0.97296,0.89582,0.95691,0.97888,0.99253,0.99797,0.86565,0.92185,0.86223,0.9703,0.97868,0.89279,0.99757,0.71627,0.73488
19.66,0.90481,0.99997,0.98778,0.70663,0.99987,0.97475,0.99955,0.88444,0.96544,0.64224,0.95835,0.98429,0.96621,0.99273,0.68524,0.99996,0.82915,0.99742,0.99595,0.96083,0.88616,0.98339,0.9798,0.97319,0.98923,0.71173,0.73794,0.90936,0.99188,0.98682,0.8124,0.98816,0.86131,0.92568,0.99074,0.95204,0.97561,0.95309,0.94918,0.98967,0.73399,0.7264,0.98856,0.68831,0.99752,0.99919,0.95286,0.56412,0.90623,0.9889,0.8503,0.95872,0.99905,0.97282,0.9008,0.97605,0.98605,0.99548,0.99809,0.86362,0.9237,0.86754,0.9669,0.98065,0.89659,0.99751,0.71525,0.7356
19.68,0.90338,0.99992,0.98888,0.70748,0.99999,0.97475,0.99972,0.88241,0.96341,0.63242,0.95918,0.98357,0.9598,0.99356,0.6786,0.99968,0.82805,0.99739,0.99607,0.96071,0.88094,0.96896,0.98616,0.98077,0.98919,0.71534,0.73549,0.90617,0.99383,0.98825,0.81815,0.98805,0.86196,0.9251,0.99187,0.95078,0.97376,0.9536,0.95162,0.98967,0.72749,0.73012,0.98714,0.67981,0.99729,0.99901,0.94524,0.57316,0.90964,0.98728,0.84935,0.95884,0.99899,0.97273,0.90719,0.99056,0.99164,0.9981,0.99807,0.86125,0.92578,0.87264,0.96335,0.98226,0.90061,0.99746,0.71427,0.73629
19.7,0.9009,0.99988,0.98971,0.70808,1.00006,0.97475,0.99986,0.88118,0.96214,0.62208,0.95825,0.98306,0.9547,0.99424,0.67399,0.99919,0.82491,0.9973,0.99632,0.9604,0.87872,0.95304,0.99179,0.98428,0.98967,0.71825,0.73343,0.90227,0.99559,0.98994,0.82424,0.98801,0.86275,0.92439,0.99381,0.94991,0.97226,0.95396,0.95356,0.98967,0.7191,0.73239,0.98623,0.67085,0.99755,0.99887,0.93923,0.581,0.91199,0.98538,0.84662,0.95915,0.99884,0.97247,0.90981,0.99772,0.99617,0.99904,0.99831,0.85932,0.92751,0.87863,0.95944,0.98418,0.90486,0.99743,0.71307,0.73713
19.72,0.89501,0.9999,0.99001,0.70782,1.00007,0.97475,0.99996,0.88192,0.96303,0.61076,0.95201,0.98289,0.95574,0.99458,0.67507,0.99839,0.8146,0.9968,0.997,0.96002,0.88474,0.94347,0.99692,0.97922,0.99168,0.71885,0.73269,0.89742,0.99715,0.9923,0.82858,0.98798,0.86386,0.92339,0.9983,0.95023,0.9717,0.9538,0.95405,0.98967,0.70527,0.73102,0.98687,0.66106,0.99889,0.99883,0.94044,0.58502,0.91143,0.98299,0.83767,0.96081,0.99839,0.97215,0.90257,0.99953,0.99947,0.99763,0.99921,0.85892,0.92813,0.88573,0.95502,0.98695,0.90786,0.99742,0.71137,0.73831
19.74,0.88797,0.99993,0.99007,0.70731,1.00007,0.97475,0.99986,0.88342,0.96464,0.59908,0.94336,0.98299,0.95849,0.99481,0.67815,0.99726,0.80167,0.99623,0.9977,0.95937,0.89347,0.93672,0.99968,0.96964,0.99386,0.71871,0.73237,0.89172,0.99841,0.99463,0.83341,0.98803,0.86509,0.92226,1.0034,0.95096,0.97158,0.9535,0.95408,0.98967,0.68942,0.72826,0.988,0.65095,0.99981,0.99886,0.94369,0.58784,0.90987,0.98027,0.82644,0.96251,0.99777,0.97162,0.89123,0.99999,0.99982,0.99404,0.99988,0.85901,0.9284,0.89359,0.95022,0.9898,0.9112,0.99744,0.70947,0.73962
19.76,0.8816,0.99995,0.9902,0.70697,1.00007,0.97475,0.99957,0.88452,0.96578,0.58766,0.93522,0.98314,0.95991,0.99508,0.68024,0.9959,0.78951,0.99581,0.99823,0.95852,0.9005,0.92816,0.99981,0.96069,0.99546,0.71895,0.73185,0.88586,0.9993,0.99651,0.83908,0.98811,0.86627,0.92119,1.00781,0.95148,0.97134,0.9533,0.95435,0.98967,0.67443,0.72625,0.98879,0.64107,0.99987,0.9989,0.94536,0.59124,0.9088,0.97747,0.8159,0.96365,0.99715,0.97092,0.88126,0.99982,0.99729,0.99002,1.00009,0.85885,0.92883,0.90118,0.94526,0.99226,0.9151,0.99749,0.70766,0.74087
19.78,0.87312,0.99997,0.9905,0.70641,1.00008,0.97475,0.99901,0.88586,0.96738,0.57447,0.92536,0.98261,0.9632,0.99534,0.68271,0.99416,0.77664,0.99454,0.99883,0.95892,0.90782,0.91745,0.99677,0.94877,0.99715,0.71907,0.73132,0.88125,0.99984,0.99778,0.84016,0.98793,0.86745,0.92007,1.01339,0.95204,0.97075,0.95295,0.9545,0.98967,0.65686,0.72376,0.98988,0.62966,0.9991,0.99875,0.94926,0.59448,0.90753,0.97426,0.80474,0.96672,0.99623,0.97125,0.87003,0.99859,0.99034,0.98403,0.99985,0.85877,0.92926,0.90682,0.93998,0.99405,0.91584,0.99739,0.70581,0.74216
19.8,0.86824,0.99999,0.99037,0.70626,1.00008,0.97475,0.99842,0.88685,0.96813,0.56448,0.91686,0.98352,0.963,0.99559,0.68488,0.9924,0.76349,0.99493,0.9991,0.95671,0.91436,0.91063,0.99314,0.93824,0.99797,0.71924,0.73093,0.8734,1.00003,0.99911,0.85037,0.98829,0.86861,0.91901,1.01647,0.95263,0.97099,0.95287,0.95478,0.98967,0.64323,0.72194,0.99037,0.62102,0.99784,0.999,0.94903,0.59769,0.90641,0.9713,0.79334,0.96583,0.99567,0.96942,0.85915,0.99732,0.98401,0.9783,0.99944,0.85866,0.92959,0.91582,0.93463,0.99621,0.9228,0.99759,0.704,0.74338
19.82,0.87429,1,0.98909,0.70729,1.00009,0.97475,0.99835,0.88646,0.96635,0.56378,0.91399,0.98812,0.95144,0.99584,0.68585,0.99132,0.75064,0.9989,0.9987,0.94609,0.91906,0.91517,0.99624,0.93629,0.99711,0.71972,0.73086,0.85628,0.99989,1.00007,0.88431,0.99004,0.86973,0.91811,1.01264,0.95314,0.97339,0.95349,0.95561,0.98967,0.64165,0.72266,0.98919,0.62041,0.9973,0.99992,0.93541,0.6011,0.90591,0.96959,0.7822,0.95195,0.99646,0.96052,0.85078,0.9982,0.98937,0.97721,0.99986,0.85834,0.92965,0.93306,0.92935,0.99899,0.94535,0.99849,0.70224,0.74442
19.84,0.8839,1.00001,0.98726,0.70876,1.0001,0.97475,0.99849,0.88572,0.96363,0.56654,0.91333,0.99291,0.9339,0.99609,0.68641,0.9905,0.73768,0.9996,0.99791,0.93113,0.92301,0.92375,0.99946,0.93758,0.99536,0.72027,0.73091,0.83449,0.99947,0.99864,0.92038,0.99208,0.87081,0.91729,1.00624,0.95368,0.97643,0.95437,0.95656,0.98967,0.64465,0.72403,0.9873,0.6228,0.99717,0.99997,0.91511,0.6045,0.90562,0.96833,0.77097,0.93037,0.99754,0.94777,0.84336,0.99944,0.99617,0.97794,1.00008,0.85797,0.92961,0.951,0.9241,1.00004,0.96794,0.99936,0.70054,0.74536
19.86,0.89144,1.00002,0.98551,0.71006,1.00009,0.97475,0.99854,0.88527,0.96127,0.56778,0.91186,0.9961,0.91671,0.99633,0.68708,0.98949,0.72442,0.99616,0.99716,0.91649,0.92692,0.9301,1.00001,0.93764,0.99367,0.72079,0.73088,0.81293,0.99879,0.995,0.94689,0.9937,0.87186,0.91646,1.00091,0.95425,0.97898,0.95514,0.95742,0.98967,0.6458,0.72486,0.9856,0.62387,0.99687,0.99897,0.89549,0.60786,0.90528,0.9668,0.75947,0.90862,0.99826,0.9351,0.83565,0.99993,0.99912,0.97797,0.99984,0.85762,0.92963,0.96513,0.91872,0.99902,0.98303,0.99985,0.69888,0.7463
19.88,0.89898,1.00003,0.98363,0.7112,1.00008,0.97475,0.99855,0.88428,0.95871,0.56875,0.90933,0.99855,0.89416,0.99656,0.68817,0.98844,0.71013,0.98736,0.99608,0.89797,0.93168,0.93633,0.99853,0.93649,0.99144,0.72125,0.73094,0.78986,0.99769,0.98802,0.96984,0.99521,0.87308,0.91546,0.9953,0.95463,0.98139,0.95582,0.95837,0.98967,0.64587,0.72668,0.9837,0.62471,0.99632,0.9967,0.87005,0.61123,0.90471,0.96526,0.74709,0.87934,0.99898,0.91888,0.82572,1,1.00003,0.97732,0.99911,0.85731,0.92958,0.97695,0.91242,0.99549,0.99413,1.00008,0.69691,0.74743
19.9,0.90657,1.00004,0.98156,0.71277,1.00007,0.97475,0.9987,0.8843,0.95608,0.57112,0.90955,0.9997,0.87522,0.99679,0.68824,0.9874,0.69711,0.97746,0.99523,0.88224,0.93421,0.94274,0.99553,0.93869,0.98924,0.72188,0.73084,0.76495,0.99663,0.98086,0.98438,0.99644,0.87391,0.91483,0.98931,0.9554,0.98376,0.95673,0.95913,0.98967,0.64931,0.72664,0.9817,0.62676,0.99637,0.99384,0.84886,0.6146,0.90468,0.96378,0.73581,0.85485,0.99938,0.90499,0.82018,0.9996,0.99872,0.97855,0.99809,0.85689,0.92966,0.98648,0.90754,0.99121,0.99907,1.00002,0.69558,0.74814
19.92,0.91389,1.00004,0.97914,0.71538,1.00006,0.97475,0.99915,0.88722,0.95373,0.5762,0.91669,0.99993,0.87396,0.99698,0.68574,0.98643,0.68794,0.97743,0.99553,0.8795,0.93095,0.94944,0.99424,0.94874,0.98816,0.723,0.73022,0.73741,0.99648,0.98047,0.99016,0.99732,0.87366,0.91526,0.9832,0.95723,0.98616,0.95824,0.95931,0.98967,0.66068,0.72125,0.97987,0.63115,0.99781,0.99242,0.84746,0.61761,0.90597,0.96241,0.72788,0.85479,0.99925,0.90256,0.82729,0.99858,0.9979,0.98402,0.99752,0.85613,0.93017,0.99374,0.90688,0.99097,0.99998,0.99979,0.69599,0.74766
19.94,0.92112,1,0.97652,0.71839,1.00006,0.97475,0.99958,0.89108,0.95137,0.58256,0.92601,1,0.87917,0.99718,0.6822,0.98547,0.68041,0.98127,0.99621,0.88159,0.92541,0.95597,0.99375,0.96055,0.98748,0.72428,0.72944,0.70811,0.99671,0.98281,0.9932,0.998,0.87301,0.91605,0.97676,0.95939,0.98842,0.95996,0.9593,0.98967,0.67501,0.71406,0.97798,0.63666,0.99918,0.99162,0.85327,0.62071,0.90779,0.96109,0.72135,0.86373,0.99891,0.90442,0.83867,0.99685,0.99758,0.98996,0.99713,0.85526,0.93082,0.99824,0.90789,0.99242,0.99994,0.99942,0.69704,0.74676
19.96,0.92801,0.99994,0.97385,0.72121,1.00006,0.97475,0.99983,0.89438,0.94888,0.58844,0.93373,1.00003,0.88152,0.99738,0.67905,0.98445,0.67222,0.98332,0.99668,0.8816,0.92078,0.96181,0.99275,0.9698,0.98657,0.72547,0.72874,0.67802,0.9968,0.98393,0.99602,0.99859,0.87254,0.91667,0.97023,0.96132,0.9904,0.96153,0.95941,0.98967,0.68772,0.70786,0.97596,0.64175,0.99981,0.99038,0.85589,0.624,0.90941,0.95971,0.71426,0.86876,0.99861,0.90442,0.8476,0.99457,0.99687,0.99411,0.99659,0.85445,0.9314,0.99992,0.90825,0.9931,0.99928,0.9989,0.69779,0.74606
19.98,0.93444,0.99983,0.97065,0.72404,1.00006,0.97475,0.99995,0.89784,0.94648,0.59373,0.94109,0.99998,0.88322,0.99751,0.67633,0.98343,0.66286,0.9847,0.99706,0.88102,0.91566,0.96786,0.99177,0.97783,0.98557,0.72675,0.728,0.64347,0.99678,0.9847,0.99866,0.99914,0.87205,0.91732,0.96373,0.96323,0.99243,0.96309,0.95941,0.98967,0.69995,0.70132,0.97398,0.64632,0.9999,0.98916,0.85779,0.62617,0.91079,0.95835,0.70616,0.87225,0.99834,0.90391,0.85687,0.99128,0.99615,0.99717,0.99596,0.85358,0.93201,0.99869,0.90817,0.99356,0.99735,0.99813,0.69856,0.74532
20,0.94085,0.99969,0.96811,0.72691,1.00006,0.97475,0.99993,0.90105,0.94373,0.60039,0.94835,0.99987,0.8877,0.99777,0.6725,0.98232,0.65606,0.98783,0.99762,0.88282,0.91055,0.97222,0.99085,0.98499,0.98481,0.72788,0.72731,0.61362,0.99705,0.98665,0.99931,0.99945,0.8715,0.91798,0.95678,0.96513,0.9938,0.96463,0.95957,0.98967,0.71306,0.69521,0.97167,0.65208,0.9994,0.98789,0.8628,0.6307,0.91274,0.95689,0.70027,0.88064,0.99784,0.90551,0.86558,0.98818,0.99545,0.99921,0.99547,0.8528,0.93257,0.99526,0.90938,0.9947,0.9963,0.99744,0.69944,0.74457
20.02,0.94769,0.99951,0.96788,0.72978,1.00004,0.97475,0.9997,0.90339,0.93999,0.6106,0.95557,0.99966,0.89847,0.99833,0.66594,0.98103,0.65618,0.99409,0.99855,0.89017,0.90642,0.97308,0.98984,0.99113,0.98473,0.7286,0.72682,0.60123,0.99797,0.99097,0.99617,0.99943,0.87083,0.91862,0.9488,0.96704,0.99392,0.96615,0.96029,0.98967,0.72807,0.69071,0.96846,0.66092,0.99821,0.98634,0.8749,0.64137,0.91604,0.95521,0.70037,0.90037,0.99669,0.91201,0.87226,0.98748,0.99466,1.00002,0.99542,0.8523,0.93297,0.99325,0.91389,0.9971,0.99922,0.9975,0.70051,0.74383
20.04,0.95434,0.99928,0.9685,0.73267,1,0.97475,0.99923,0.9055,0.93584,0.62198,0.96246,0.99935,0.91097,0.99891,0.65835,0.97962,0.65894,0.99867,0.99936,0.8993,0.90245,0.97274,0.9889,0.99585,0.98492,0.72918,0.72639,0.59524,0.99889,0.99512,0.98737,0.9993,0.8701,0.91925,0.94034,0.96892,0.9936,0.96765,0.96116,0.98967,0.74364,0.68665,0.96482,0.67077,0.99625,0.98469,0.88899,0.65423,0.91983,0.95342,0.70277,0.92202,0.99503,0.92006,0.87837,0.98776,0.99391,0.99935,0.99555,0.8519,0.93332,0.99217,0.91941,0.99907,0.99966,0.99781,0.70166,0.7431
20.06,0.96041,0.99902,0.96873,0.73556,0.99997,0.97475,0.99853,0.90771,0.93174,0.63254,0.96864,0.99897,0.92145,0.99933,0.65128,0.97818,0.66052,0.99993,0.99982,0.90699,0.89823,0.97294,0.98793,0.99881,0.985,0.72982,0.72594,0.58598,0.99947,0.99778,0.9762,0.99923,0.86943,0.91986,0.9319,0.97071,0.99349,0.96912,0.96193,0.98967,0.75838,0.68236,0.96116,0.67991,0.99362,0.98299,0.90088,0.66596,0.92331,0.95162,0.70413,0.93916,0.99323,0.92681,0.88457,0.98759,0.99312,0.99715,0.9956,0.85146,0.93368,0.99035,0.92409,0.99993,0.9966,0.99796,0.70271,0.7424
20.08,0.96618,0.9987,0.96897,0.7384,0.99992,0.97475,0.99761,0.90976,0.92726,0.64329,0.97446,0.99847,0.93237,0.99963,0.64449,0.97677,0.66208,0.99816,1.00003,0.91522,0.89399,0.97318,0.98664,1.00003,0.98507,0.73048,0.72547,0.57755,0.99989,0.99954,0.95906,0.99909,0.86861,0.92059,0.92306,0.97257,0.99336,0.97053,0.96279,0.98967,0.77256,0.67835,0.95709,0.68921,0.99016,0.98109,0.91336,0.67685,0.92662,0.94986,0.70548,0.9558,0.99093,0.934,0.89051,0.9874,0.99205,0.99362,0.99564,0.851,0.93406,0.98855,0.92932,0.99989,0.98924,0.99822,0.70401,0.74156
20.1,0.97128,0.99839,0.96938,0.74129,0.99988,0.97475,0.99643,0.91201,0.92311,0.65346,0.97934,0.99794,0.94075,0.99986,0.63711,0.97514,0.66426,0.99419,0.99995,0.92175,0.88966,0.97304,0.98592,0.99956,0.9852,0.73106,0.72505,0.56864,1.00002,1.00006,0.94205,0.99903,0.86809,0.92106,0.91443,0.97412,0.99314,0.97194,0.96346,0.98967,0.78672,0.67393,0.95325,0.69802,0.98624,0.9793,0.923,0.68941,0.93018,0.94787,0.70737,0.96747,0.98875,0.93966,0.89631,0.98751,0.99143,0.98807,0.99573,0.8506,0.9344,0.9865,0.93323,0.99904,0.98041,0.99831,0.70482,0.74102
20.12,0.9753,0.99822,0.96999,0.74437,0.99987,0.97475,0.9949,0.91484,0.92018,0.66219,0.98293,0.99752,0.94348,0.99996,0.62833,0.97297,0.66741,0.99236,0.99986,0.92406,0.88489,0.9723,0.98682,0.99617,0.98544,0.73146,0.72473,0.5574,1.00002,1.00002,0.93703,0.99926,0.86847,0.9208,0.90695,0.97489,0.99281,0.97341,0.96358,0.98967,0.80134,0.66835,0.95051,0.70558,0.98257,0.97799,0.92615,0.70616,0.93434,0.94528,0.7101,0.97098,0.9878,0.94167,0.90239,0.98812,0.9922,0.97854,0.99588,0.85033,0.93466,0.98371,0.93339,0.99845,0.97763,0.99789,0.70422,0.74132
20.14,0.97884,0.9981,0.97074,0.74749,0.99987,0.97475,0.99305,0.91783,0.9177,0.67033,0.98589,0.99714,0.94439,0.99978,0.61907,0.97054,0.6711,0.99172,0.9998,0.92496,0.88006,0.97117,0.98827,0.98903,0.98574,0.73177,0.72445,0.5453,1.00001,0.99993,0.93726,0.99952,0.86916,0.92029,0.89974,0.97541,0.99238,0.97486,0.96352,0.98967,0.81575,0.66237,0.94817,0.71263,0.97888,0.97686,0.92721,0.72414,0.93865,0.94241,0.71329,0.97206,0.98731,0.94244,0.90824,0.98899,0.99339,0.96514,0.99607,0.85011,0.93489,0.98046,0.93244,0.9981,0.97776,0.99724,0.70314,0.74191
20.16,0.98222,0.99793,0.97144,0.75055,0.99987,0.97475,0.99094,0.92069,0.91499,0.6785,0.98863,0.99669,0.94613,0.99933,0.61019,0.9681,0.67457,0.99036,0.99969,0.92641,0.87528,0.97009,0.98939,0.97868,0.98601,0.73212,0.72416,0.533,1,0.99974,0.9358,0.9997,0.86969,0.9199,0.89214,0.97609,0.99196,0.97625,0.96355,0.98967,0.82945,0.65661,0.94558,0.7197,0.97471,0.9756,0.92923,0.74083,0.94272,0.93957,0.7163,0.97416,0.98656,0.9437,0.91373,0.98978,0.99431,0.94911,0.99624,0.84987,0.93512,0.9769,0.93216,0.99755,0.97693,0.99662,0.70231,0.74235
20.18,0.98516,0.99782,0.97204,0.75372,0.99987,0.97475,0.98851,0.92344,0.91206,0.68699,0.99126,0.99621,0.94773,0.99861,0.60153,0.96551,0.67788,0.98896,0.99957,0.92813,0.86967,0.96939,0.99043,0.96492,0.98626,0.73249,0.72385,0.5223,0.99997,0.99941,0.93083,0.99985,0.8703,0.91945,0.88481,0.97652,0.9916,0.97765,0.96356,0.98967,0.84282,0.65103,0.94277,0.72705,0.96977,0.9743,0.93109,0.75699,0.9466,0.93662,0.71917,0.9761,0.98585,0.94518,0.91984,0.99027,0.99513,0.93005,0.9964,0.84961,0.93537,0.9736,0.93107,0.9968,0.97409,0.99587,0.70134,0.74288
20.2,0.98807,0.99759,0.97286,0.75663,0.99987,0.97475,0.98588,0.92631,0.90959,0.69435,0.99315,0.99573,0.94911,0.99758,0.59273,0.96287,0.68157,0.98775,0.99944,0.92897,0.86554,0.96776,0.99159,0.94752,0.98655,0.73279,0.72359,0.50755,0.99998,0.99921,0.93447,0.99993,0.8708,0.91909,0.87669,0.97738,0.99107,0.9789,0.96356,0.98967,0.85527,0.64514,0.94038,0.73343,0.96541,0.97305,0.93269,0.77299,0.95047,0.93365,0.72236,0.97762,0.98513,0.94591,0.92412,0.99134,0.99602,0.90764,0.99658,0.8494,0.93558,0.96876,0.93154,0.99639,0.97618,0.99516,0.70056,0.74329
20.22,0.99128,0.99697,0.97432,0.75887,0.99986,0.97475,0.9832,0.92964,0.90832,0.69918,0.99388,0.99531,0.95054,0.99621,0.5831,0.96037,0.68612,0.98685,0.99925,0.92704,0.86567,0.96351,0.99304,0.92579,0.98693,0.733,0.72338,0.48115,1.00002,0.99943,0.95813,0.99996,0.87091,0.91902,0.8663,0.97944,0.99008,0.97984,0.96366,0.98967,0.86635,0.63822,0.93915,0.73761,0.96349,0.97199,0.93436,0.78903,0.9546,0.93086,0.7263,0.97866,0.98421,0.94425,0.92398,0.99375,0.99708,0.88112,0.99681,0.84926,0.93575,0.95929,0.93532,0.99683,0.98879,0.99471,0.70038,0.74337
20.24,0.99414,0.99612,0.97594,0.76085,0.99986,0.97475,0.98039,0.93305,0.90756,0.70293,0.9942,0.99491,0.95179,0.99449,0.57346,0.95784,0.691,0.98618,0.99903,0.92436,0.86744,0.95794,0.99449,0.90014,0.98734,0.73313,0.72321,0.44998,0.99979,0.99977,0.98125,0.99998,0.87088,0.91907,0.85503,0.98179,0.98887,0.98066,0.96376,0.98967,0.87661,0.63107,0.93841,0.74086,0.96258,0.97101,0.93582,0.80476,0.95863,0.92808,0.73052,0.97941,0.98324,0.94193,0.92218,0.99616,0.99807,0.85106,0.99705,0.84916,0.93588,0.94687,0.94071,0.99761,0.99824,0.99441,0.70043,0.74331
20.26,0.99637,0.99526,0.97741,0.76291,0.99985,0.97475,0.97735,0.93624,0.9066,0.70699,0.99467,0.99447,0.95294,0.99247,0.56429,0.95518,0.6957,0.98538,0.99879,0.92248,0.86853,0.9525,0.99571,0.87116,0.98772,0.73327,0.72305,0.42013,0.99921,0.99996,0.99406,0.99998,0.8709,0.91908,0.84396,0.98382,0.98769,0.98149,0.96384,0.98967,0.88651,0.62426,0.93747,0.74438,0.96119,0.96996,0.93716,0.81976,0.96236,0.92519,0.7346,0.98026,0.98228,0.9403,0.92104,0.99787,0.99883,0.81814,0.99727,0.84907,0.93601,0.9338,0.94584,0.99821,0.99982,0.99406,0.70039,0.7433
20.28,0.99812,0.99428,0.97892,0.7651,0.99984,0.97475,0.97392,0.93961,0.90551,0.71158,0.99514,0.99402,0.95462,0.99011,0.5544,0.95253,0.70029,0.98459,0.9985,0.9184,0.86931,0.9467,0.99682,0.83658,0.98811,0.73354,0.7228,0.38804,0.99889,1.00002,0.99986,0.99998,0.87102,0.91902,0.83224,0.98579,0.98637,0.98236,0.964,0.98967,0.89646,0.61699,0.9364,0.74835,0.95971,0.96891,0.93914,0.83425,0.96626,0.92235,0.73857,0.98105,0.98121,0.93676,0.92022,0.99908,0.99942,0.77982,0.99749,0.84888,0.93621,0.91859,0.94781,0.99846,0.99468,0.99347,0.70021,0.74338
20.3,0.99925,0.99324,0.98021,0.76696,0.99984,0.97475,0.97066,0.9424,0.90479,0.71476,0.99547,0.99355,0.95519,0.98747,0.54652,0.94964,0.70506,0.98375,0.99824,0.91858,0.8711,0.94032,0.99771,0.80237,0.98849,0.73352,0.72275,0.35722,0.99685,1.00004,0.99807,0.99998,0.87086,0.91917,0.82105,0.98758,0.98513,0.98308,0.964,0.98967,0.90495,0.61088,0.93569,0.7511,0.95861,0.96782,0.93981,0.84796,0.96927,0.91926,0.74271,0.98187,0.98028,0.93691,0.91832,0.99982,0.99981,0.74267,0.9977,0.84889,0.93625,0.90294,0.95596,0.99923,0.98315,0.99348,0.70045,0.7432
20.32,0.9998,0.99223,0.98108,0.76797,0.99987,0.97475,0.96835,0.94389,0.90505,0.71432,0.99556,0.99303,0.95222,0.9846,0.54368,0.94603,0.71047,0.98263,0.99813,0.93106,0.87538,0.93328,0.99828,0.77777,0.98886,0.7328,0.7232,0.33204,0.98407,0.99829,0.99099,0.99998,0.87025,0.91967,0.81192,0.98909,0.98426,0.98346,0.96357,0.98967,0.91048,0.6076,0.93595,0.75073,0.95829,0.96664,0.93633,0.86074,0.97034,0.91546,0.74739,0.98289,0.97992,0.94771,0.91362,1.00002,0.99998,0.71631,0.9979,0.8494,0.93589,0.88942,0.9768,1.00001,0.9685,0.99434,0.70143,0.74262
20.34,1.00002,0.99121,0.98173,0.76866,0.99991,0.97475,0.96638,0.94485,0.90566,0.71257,0.99554,0.99247,0.94809,0.98148,0.54269,0.94213,0.71601,0.98142,0.99807,0.94602,0.8805,0.9256,0.99872,0.75685,0.98922,0.73179,0.72385,0.30891,0.95442,0.99235,0.97972,0.99986,0.86928,0.92042,0.80348,0.99043,0.98357,0.98373,0.96296,0.98967,0.91492,0.60546,0.93654,0.74921,0.95837,0.96541,0.93151,0.87276,0.97071,0.9114,0.75219,0.98392,0.97972,0.96046,0.90772,0.99962,1.00006,0.69408,0.99809,0.8501,0.93537,0.87649,0.99351,0.9978,0.95063,0.99575,0.70295,0.74176
20.36,0.99997,0.99012,0.9824,0.7695,0.99994,0.97475,0.96414,0.94596,0.90607,0.71145,0.99555,0.99189,0.94468,0.97809,0.54091,0.93825,0.72132,0.98023,0.99797,0.95741,0.885,0.91753,0.99913,0.73287,0.98958,0.73087,0.72444,0.28473,0.91433,0.98329,0.96363,0.99957,0.86834,0.92123,0.79457,0.9917,0.98284,0.98404,0.96239,0.98967,0.91966,0.60297,0.93695,0.74824,0.95831,0.96416,0.92755,0.88421,0.97137,0.9074,0.75679,0.98487,0.97939,0.97,0.90225,0.9986,1.00005,0.66879,0.99827,0.85074,0.93489,0.86244,0.99977,0.99271,0.92832,0.99709,0.70443,0.74082
20.38,0.99961,0.98886,0.98333,0.77031,0.99997,0.97475,0.96187,0.94735,0.90667,0.71007,0.99561,0.99132,0.93949,0.97425,0.53894,0.93393,0.72698,0.97887,0.99794,0.96875,0.88989,0.90937,0.99942,0.70637,0.98994,0.7301,0.72492,0.25778,0.86068,0.97079,0.94148,0.99963,0.86806,0.92135,0.78544,0.99297,0.98176,0.98434,0.96194,0.98967,0.92419,0.59983,0.93753,0.74705,0.95811,0.96295,0.92155,0.89557,0.97209,0.903,0.76169,0.98589,0.97929,0.97927,0.89602,0.99705,0.99998,0.64103,0.99845,0.85127,0.9345,0.84619,0.99744,0.9847,0.90014,0.99689,0.70486,0.74068
20.4,0.999,0.98777,0.98362,0.77111,1,0.97475,0.95954,0.948,0.90694,0.70898,0.99556,0.99066,0.93738,0.97046,0.53782,0.93009,0.73181,0.97774,0.99776,0.97662,0.89391,0.9001,0.99972,0.6831,0.99027,0.72896,0.72568,0.23601,0.79332,0.95388,0.9182,0.99837,0.86617,0.92288,0.77664,0.99393,0.98141,0.98464,0.96121,0.98967,0.92858,0.59836,0.9378,0.7461,0.95829,0.96157,0.91911,0.90543,0.9725,0.89912,0.76588,0.98669,0.97874,0.9855,0.89063,0.99472,0.99978,0.6168,0.9986,0.85206,0.9339,0.83264,0.98619,0.97311,0.87211,0.99913,0.70781,0.7389
20.42,0.99824,0.98731,0.98224,0.77191,1.00005,0.97475,0.9571,0.94682,0.90634,0.70846,0.99525,0.98974,0.94454,0.96751,0.53859,0.92791,0.7344,0.97735,0.99711,0.97838,0.89553,0.88806,1.00002,0.66973,0.99051,0.72679,0.72715,0.22907,0.71135,0.93048,0.90294,0.98366,0.8611,0.92863,0.76877,0.99431,0.98301,0.98493,0.95975,0.98967,0.9329,0.60104,0.93722,0.74565,0.95933,0.9597,0.92739,0.91239,0.97222,0.89693,0.76813,0.98696,0.97677,0.98687,0.88839,0.99093,0.9991,0.60294,0.99871,0.85355,0.9327,0.82824,0.9656,0.95635,0.85429,0.9947,0.71556,0.73209
20.44,0.99732,0.9871,0.98014,0.77271,1.00009,0.97475,0.95456,0.94488,0.90538,0.70837,0.99482,0.98871,0.95413,0.96481,0.54014,0.92635,0.73623,0.97724,0.99618,0.97835,0.89636,0.8746,0.99994,0.66063,0.99071,0.72427,0.72889,0.22779,0.6162,0.90123,0.89113,0.94351,0.85406,0.93536,0.76126,0.99448,0.9852,0.98522,0.95798,0.98967,0.93714,0.60539,0.93628,0.74558,0.96072,0.95764,0.93856,0.91826,0.97165,0.89537,0.76971,0.98703,0.97421,0.98685,0.88723,0.98583,0.99781,0.59354,0.9988,0.85527,0.93128,0.82742,0.93594,0.93474,0.84073,0.95831,0.72604,0.72387
20.46,0.99618,0.98678,0.97825,0.77351,1.00009,0.97475,0.9519,0.94321,0.90451,0.70846,0.99441,0.98768,0.96154,0.9618,0.54134,0.92447,0.73844,0.977,0.99523,0.97919,0.89757,0.86094,0.99945,0.64959,0.9909,0.72193,0.73049,0.22394,0.51029,0.86796,0.8765,0.88776,0.84679,0.94088,0.75349,0.99472,0.98697,0.98551,0.95632,0.98967,0.94131,0.60909,0.93542,0.74565,0.96197,0.95563,0.9473,0.92433,0.97121,0.8935,0.77162,0.98719,0.97179,0.98749,0.88551,0.97986,0.99613,0.58214,0.99889,0.85685,0.92995,0.82496,0.89818,0.90966,0.82414,0.89738,0.73651,0.71689
20.48,0.99485,0.98642,0.97625,0.77427,1.00008,0.97475,0.94942,0.94165,0.90397,0.70693,0.99404,0.98653,0.9687,0.95877,0.54263,0.92256,0.74043,0.97675,0.99412,0.9798,0.89869,0.84561,0.99857,0.63741,0.99119,0.71944,0.7322,0.22012,0.37636,0.82702,0.86043,0.80418,0.84318,0.94752,0.74561,0.99499,0.98864,0.98578,0.95456,0.98967,0.94496,0.61253,0.93488,0.74433,0.96305,0.95343,0.95584,0.92998,0.97073,0.89161,0.77335,0.98736,0.96914,0.98796,0.8839,0.97236,0.99396,0.56959,0.99901,0.85853,0.92854,0.82251,0.84554,0.8783,0.80615,0.79882,0.74159,0.70817
20.5,0.99335,0.98619,0.97403,0.77513,1.00004,0.97475,0.94632,0.93962,0.90263,0.70889,0.99351,0.98548,0.97488,0.95549,0.5439,0.92081,0.74267,0.97658,0.99296,0.9804,0.89976,0.83141,0.99725,0.62814,0.99127,0.71718,0.73376,0.21752,0.26163,0.787,0.84587,0.71475,0.83118,0.95141,0.73782,0.99516,0.99028,0.98608,0.95284,0.98967,0.94925,0.61697,0.93356,0.74602,0.96448,0.95144,0.96333,0.93561,0.97026,0.88988,0.77529,0.98747,0.9665,0.98842,0.88235,0.96474,0.99125,0.56007,0.99904,0.86003,0.92723,0.82083,0.79731,0.8473,0.79003,0.68893,0.75792,0.70289
20.52,0.99174,0.98621,0.9715,0.77625,0.99998,0.97475,0.94145,0.93647,0.89907,0.72029,0.99258,0.98482,0.97941,0.95158,0.54489,0.91933,0.74579,0.97654,0.99192,0.98143,0.90109,0.82221,0.99545,0.62599,0.99079,0.71569,0.73489,0.21683,0.23933,0.76213,0.8359,0.66726,0.79219,0.94745,0.73035,0.99514,0.99193,0.98647,0.9513,0.98967,0.95543,0.62378,0.93004,0.7559,0.96682,0.95023,0.96892,0.94179,0.96989,0.88842,0.77799,0.98749,0.96423,0.98919,0.8804,0.95951,0.98795,0.55787,0.99884,0.86102,0.92628,0.82039,0.78767,0.82789,0.77908,0.62947,0.80603,0.70827
20.54,0.99001,0.98635,0.96875,0.77747,0.99991,0.97475,0.93576,0.9328,0.89464,0.73479,0.99143,0.98431,0.98322,0.94735,0.54583,0.918,0.74918,0.97657,0.99089,0.98248,0.90235,0.81485,0.99316,0.62685,0.99009,0.71447,0.73586,0.21719,0.25244,0.74315,0.82811,0.6368,0.7394,0.94083,0.72298,0.99504,0.99347,0.98689,0.94982,0.98967,0.96184,0.6316,0.92561,0.76846,0.96941,0.94929,0.9737,0.94787,0.96954,0.88711,0.78093,0.98747,0.96205,0.98998,0.87852,0.95517,0.98404,0.55874,0.99851,0.86182,0.92546,0.82062,0.79335,0.81303,0.77056,0.59103,0.86175,0.71695
20.56,0.98809,0.98644,0.96598,0.77866,0.99982,0.97475,0.93015,0.92924,0.89053,0.74739,0.99029,0.98371,0.9867,0.94303,0.54682,0.9166,0.75242,0.97659,0.98977,0.98346,0.90347,0.80644,0.99043,0.62646,0.98947,0.71313,0.73689,0.21711,0.24874,0.72011,0.81922,0.59572,0.68758,0.93566,0.71546,0.99497,0.99481,0.9873,0.94833,0.98967,0.96743,0.63907,0.92147,0.77938,0.97172,0.94819,0.97816,0.95349,0.96916,0.88574,0.78374,0.98746,0.95976,0.99071,0.87681,0.95005,0.97961,0.55834,0.99821,0.8627,0.92459,0.82057,0.79175,0.79494,0.7609,0.53888,0.90864,0.72349
20.58,0.986,0.98652,0.96282,0.77976,0.99971,0.97475,0.92403,0.92551,0.88614,0.7599,0.98901,0.98312,0.99,0.93847,0.54771,0.91516,0.75556,0.97653,0.98852,0.98442,0.90518,0.79754,0.98726,0.62572,0.98877,0.71173,0.73798,0.21707,0.24795,0.69553,0.80929,0.54941,0.62283,0.92757,0.70789,0.99492,0.9961,0.98767,0.94661,0.98967,0.97282,0.64679,0.91701,0.79023,0.97407,0.94713,0.9825,0.95888,0.96883,0.88433,0.78646,0.9875,0.95727,0.99142,0.87418,0.94446,0.97467,0.55758,0.99785,0.86362,0.92366,0.82055,0.7914,0.77557,0.75014,0.47972,0.95909,0.73336
20.6,0.98376,0.98665,0.96009,0.78106,0.9996,0.97475,0.91811,0.92176,0.88191,0.77236,0.98776,0.98252,0.99239,0.93385,0.54881,0.91377,0.75896,0.97666,0.98737,0.98537,0.90568,0.78964,0.98361,0.62638,0.98814,0.71053,0.73892,0.21712,0.24955,0.67321,0.80138,0.51326,0.56782,0.92416,0.7003,0.99482,0.99703,0.98809,0.94531,0.98967,0.97738,0.65445,0.91268,0.80103,0.97612,0.94603,0.98574,0.96382,0.96841,0.88298,0.78941,0.98741,0.95503,0.99211,0.8734,0.93936,0.96915,0.55827,0.99751,0.8644,0.92286,0.82058,0.7921,0.75793,0.74161,0.4333,0.99641,0.7374
20.62,0.98127,0.98686,0.95882,0.78291,0.99959,0.97475,0.91336,0.91813,0.87848,0.78455,0.98683,0.98179,0.99336,0.92941,0.55043,0.91266,0.76279,0.97734,0.98662,0.98634,0.90265,0.78416,0.97922,0.6299,0.98784,0.70978,0.73947,0.2171,0.24857,0.65642,0.79919,0.50556,0.5577,0.93531,0.69238,0.99466,0.99741,0.98869,0.94518,0.98967,0.98064,0.66178,0.90915,0.8116,0.97755,0.94473,0.9871,0.96812,0.96779,0.88189,0.79273,0.98697,0.95359,0.99281,0.87807,0.93576,0.96267,0.56188,0.99734,0.86489,0.92239,0.82056,0.79167,0.74464,0.73925,0.42339,1.0028,0.72392
20.64,0.97865,0.98712,0.95812,0.78493,0.99962,0.97475,0.909,0.91453,0.87531,0.79653,0.986,0.98103,0.99386,0.92497,0.55226,0.91156,0.7669,0.9782,0.98602,0.98729,0.89837,0.77981,0.97432,0.63474,0.98765,0.70923,0.73986,0.2171,0.24886,0.64258,0.79914,0.5099,0.56373,0.94985,0.68451,0.99446,0.99761,0.98933,0.94548,0.98967,0.98334,0.66895,0.90586,0.82199,0.97872,0.9434,0.98781,0.97204,0.96709,0.88082,0.79629,0.98637,0.95246,0.99349,0.88437,0.93285,0.9556,0.56685,0.99723,0.86525,0.92205,0.82056,0.7918,0.73367,0.7392,0.42898,0.99901,0.70503
20.66,0.97592,0.98736,0.95719,0.78685,0.99963,0.97475,0.90434,0.91089,0.87199,0.80808,0.9851,0.9803,0.99452,0.92032,0.55406,0.91032,0.77103,0.97896,0.98534,0.98819,0.89472,0.77503,0.96906,0.63909,0.98741,0.70861,0.74032,0.21711,0.24891,0.62757,0.79799,0.50875,0.56196,0.96072,0.67677,0.99427,0.99785,0.98992,0.9456,0.98967,0.98594,0.67615,0.9024,0.83201,0.97993,0.94211,0.98875,0.97575,0.9664,0.87962,0.79987,0.98583,0.95118,0.99413,0.88952,0.92962,0.94814,0.57132,0.99709,0.86565,0.92166,0.82057,0.79182,0.72175,0.73797,0.4275,1.00013,0.68954
20.68,0.97262,0.98759,0.95606,0.78887,0.99964,0.97475,0.89931,0.90681,0.86846,0.81957,0.98408,0.97943,0.99516,0.91551,0.55566,0.90958,0.77437,0.97969,0.9846,0.98909,0.89028,0.76963,0.96253,0.64287,0.98716,0.70791,0.74082,0.2171,0.24879,0.6097,0.79748,0.50842,0.56162,0.97079,0.66791,0.99409,0.99813,0.99052,0.94569,0.98967,0.98844,0.68412,0.89871,0.84198,0.98122,0.94061,0.98968,0.97922,0.96577,0.87891,0.80277,0.98528,0.94982,0.99475,0.8955,0.92592,0.93902,0.57522,0.99694,0.8661,0.92123,0.82056,0.79177,0.70754,0.73742,0.42708,1.00034,0.67363
20.7,0.97002,0.98785,0.95545,0.79069,0.99965,0.97475,0.89485,0.90343,0.86532,0.83009,0.98327,0.97879,0.99564,0.91067,0.55773,0.90779,0.77925,0.98048,0.98398,0.98991,0.887,0.7656,0.95716,0.64805,0.98695,0.70742,0.74118,0.2171,0.24887,0.59758,0.79607,0.50898,0.56233,0.97909,0.66121,0.99387,0.99828,0.99105,0.94592,0.98967,0.9904,0.69064,0.89542,0.85111,0.98218,0.9395,0.99039,0.98234,0.96497,0.87717,0.807,0.98467,0.94867,0.99531,0.89974,0.92312,0.9316,0.58055,0.99682,0.86642,0.92092,0.82056,0.7918,0.69789,0.7359,0.42779,0.99989,0.65881
20.72,0.96984,0.98821,0.95624,0.79198,0.99971,0.97475,0.89201,0.90217,0.86321,0.83897,0.9831,0.97869,0.99586,0.90589,0.56116,0.90281,0.78864,0.98143,0.98359,0.99055,0.88732,0.76524,0.95632,0.65646,0.98685,0.70748,0.74116,0.2171,0.24884,0.60136,0.79205,0.50865,0.56188,0.98492,0.66076,0.99356,0.99809,0.99141,0.94661,0.98967,0.99154,0.69307,0.89319,0.85883,0.98239,0.93932,0.99073,0.98511,0.96361,0.87237,0.81515,0.98391,0.94797,0.99575,0.89933,0.92287,0.93044,0.58923,0.99676,0.86638,0.92094,0.82056,0.79179,0.70091,0.73159,0.42737,1.00018,0.64691
20.74,0.97055,0.9886,0.95752,0.79303,0.99976,0.97475,0.88986,0.9017,0.86154,0.84695,0.98317,0.97884,0.99597,0.90114,0.56504,0.8966,0.79926,0.9824,0.98333,0.99114,0.88896,0.76626,0.95727,0.66614,0.98681,0.70775,0.74099,0.2171,0.24884,0.61108,0.7869,0.50874,0.56202,0.98952,0.66255,0.99321,0.99777,0.9917,0.9474,0.98967,0.99234,0.69396,0.89143,0.86576,0.9823,0.93959,0.99089,0.98756,0.96206,0.86645,0.82435,0.98309,0.94751,0.99613,0.89722,0.92358,0.93175,0.59923,0.99673,0.86621,0.92108,0.82056,0.79179,0.70864,0.72607,0.42749,1.00009,0.63607
20.76,0.97082,0.98898,0.95851,0.79412,0.9998,0.97475,0.88743,0.90089,0.85972,0.85477,0.98314,0.97897,0.99611,0.8963,0.56865,0.89085,0.80873,0.98331,0.98305,0.99172,0.89009,0.76661,0.9575,0.67521,0.98674,0.70791,0.7409,0.2171,0.24885,0.61798,0.78188,0.50876,0.56204,0.99333,0.66325,0.99286,0.9975,0.992,0.94802,0.98967,0.9932,0.69552,0.8895,0.87255,0.98234,0.9398,0.99111,0.98979,0.9606,0.86099,0.83257,0.98227,0.94699,0.99651,0.89575,0.92383,0.93206,0.60862,0.99669,0.86611,0.92116,0.82056,0.79179,0.71413,0.7207,0.42752,1.00008,0.62537
20.78,0.97121,0.98933,0.95971,0.79551,0.99987,0.97475,0.88469,0.9,0.85762,0.86341,0.98309,0.97873,0.9963,0.89093,0.57274,0.88435,0.81895,0.98425,0.98263,0.99228,0.8908,0.76717,0.95736,0.68359,0.98667,0.70813,0.74076,0.2171,0.24884,0.62506,0.77818,0.50872,0.56198,0.99649,0.66425,0.99252,0.99715,0.99238,0.94911,0.98967,0.99409,0.69721,0.88727,0.88005,0.9824,0.9394,0.99139,0.99195,0.95893,0.85488,0.84144,0.98139,0.94623,0.99687,0.89481,0.92421,0.93187,0.61732,0.99665,0.86596,0.92129,0.82056,0.79179,0.71975,0.71675,0.42746,1.00011,0.61417
20.8,0.97157,0.98971,0.96054,0.79622,0.99988,0.97475,0.88266,0.89944,0.85616,0.86958,0.98313,0.97929,0.99637,0.88633,0.57602,0.87865,0.82723,0.98506,0.98251,0.99283,0.89266,0.76761,0.95837,0.69333,0.9866,0.70826,0.74068,0.2171,0.24885,0.63291,0.77127,0.50875,0.56201,0.99835,0.66518,0.99213,0.99689,0.99256,0.94926,0.98967,0.9947,0.69828,0.88571,0.88542,0.98235,0.94035,0.9915,0.99356,0.95757,0.84955,0.84863,0.98058,0.94602,0.99721,0.89233,0.92452,0.93326,0.62743,0.99661,0.86588,0.92135,0.82056,0.79179,0.72599,0.70939,0.42749,1.00009,0.60515
20.82,0.97154,0.99021,0.96029,0.79499,0.99971,0.97475,0.88249,0.89959,0.85637,0.86965,0.98339,0.98198,0.9961,0.88413,0.57692,0.87583,0.83048,0.98558,0.98322,0.99344,0.8974,0.76751,0.96222,0.70655,0.98651,0.70807,0.74084,0.2171,0.24885,0.64148,0.75526,0.50874,0.562,0.99894,0.66509,0.99159,0.99697,0.99224,0.94662,0.98967,0.99475,0.69799,0.88594,0.88548,0.98205,0.94508,0.9911,0.99426,0.9572,0.84693,0.85145,0.98005,0.9473,0.99759,0.88576,0.92445,0.93858,0.64122,0.99655,0.866,0.92121,0.82056,0.79179,0.73279,0.69239,0.42748,1.0001,0.60138
20.84,0.97147,0.99073,0.95966,0.79312,0.99939,0.97475,0.88301,0.90004,0.85721,0.86754,0.98373,0.98513,0.99572,0.88283,0.57693,0.87403,0.83202,0.98599,0.9842,0.99404,0.90306,0.76723,0.96682,0.72084,0.98641,0.70778,0.74106,0.2171,0.24885,0.65058,0.73533,0.50873,0.562,0.9992,0.66491,0.99101,0.99716,0.99173,0.94295,0.98967,0.9946,0.69714,0.88683,0.88364,0.98165,0.9508,0.99052,0.99465,0.95719,0.84525,0.85279,0.97962,0.94909,0.99794,0.87744,0.92426,0.945,0.65616,0.99649,0.86619,0.92102,0.82056,0.79179,0.74001,0.67137,0.42748,1.0001,0.59943
20.86,0.97148,0.9912,0.95919,0.79162,0.99906,0.97475,0.88319,0.90034,0.85775,0.8665,0.98401,0.98763,0.99542,0.88108,0.57732,0.87174,0.83433,0.98642,0.98502,0.99459,0.90803,0.76696,0.9706,0.73417,0.98632,0.70754,0.74125,0.2171,0.24885,0.65933,0.71639,0.50874,0.562,0.99951,0.66494,0.99045,0.9973,0.99131,0.93974,0.98967,0.99454,0.69657,0.8874,0.88274,0.9813,0.95553,0.99006,0.99515,0.95703,0.84314,0.85479,0.97915,0.95059,0.99826,0.86968,0.92407,0.95031,0.67014,0.99643,0.86634,0.92086,0.82056,0.79179,0.74695,0.6515,0.42748,1.0001,0.59658
20.88,0.97124,0.99175,0.95878,0.78974,0.99858,0.97475,0.88351,0.90072,0.85836,0.86506,0.98435,0.99023,0.99492,0.87939,0.57786,0.86936,0.8366,0.98691,0.98587,0.99517,0.91323,0.76703,0.97469,0.74724,0.98621,0.70726,0.74147,0.2171,0.24885,0.66792,0.69599,0.50873,0.562,0.99972,0.66433,0.98974,0.99742,0.99077,0.93589,0.98967,0.99445,0.69584,0.88805,0.88149,0.98089,0.96069,0.98933,0.99561,0.95681,0.84093,0.85677,0.9786,0.95217,0.99859,0.86109,0.92412,0.95614,0.68392,0.99637,0.86652,0.92067,0.82056,0.79179,0.75375,0.6302,0.42748,1.0001,0.59421
20.9,0.9715,0.99209,0.95813,0.7885,0.99816,0.97475,0.8837,0.90099,0.85895,0.86391,0.9846,0.99204,0.99475,0.87777,0.57786,0.86738,0.83849,0.98723,0.98664,0.9956,0.91777,0.76635,0.9776,0.76011,0.98613,0.70704,0.74164,0.2171,0.24885,0.67658,0.67573,0.50873,0.562,0.9999,0.66498,0.98928,0.9976,0.99041,0.93286,0.98967,0.99439,0.69533,0.88868,0.8805,0.98058,0.96448,0.98909,0.99603,0.95681,0.83911,0.85841,0.97823,0.95363,0.99882,0.85312,0.92365,0.96033,0.69753,0.99632,0.86666,0.92052,0.82056,0.79179,0.7606,0.60916,0.42748,1.0001,0.59135
20.92,0.97312,0.9919,0.95688,0.78922,0.99813,0.97475,0.88335,0.90082,0.85935,0.86415,0.98461,0.99223,0.99559,0.8762,0.57656,0.86639,0.83964,0.98716,0.98717,0.99572,0.92054,0.7636,0.97768,0.77271,0.98611,0.70702,0.74164,0.2171,0.24885,0.68543,0.65836,0.50873,0.562,1.00004,0.66922,0.98955,0.99793,0.99062,0.93267,0.98967,0.9945,0.69564,0.88911,0.8807,0.98057,0.96489,0.99032,0.99641,0.95735,0.8382,0.85941,0.97832,0.95463,0.99888,0.84803,0.92173,0.96045,0.71092,0.9963,0.86668,0.92052,0.82056,0.79179,0.76759,0.59119,0.42748,1.0001,0.58655
20.94,0.97515,0.9915,0.95536,0.79059,0.99825,0.97475,0.88285,0.90054,0.8597,0.86477,0.98453,0.99192,0.99663,0.87468,0.57476,0.86579,0.84049,0.98692,0.98762,0.99573,0.92276,0.76009,0.97684,0.78503,0.98611,0.70705,0.74158,0.2171,0.24885,0.69429,0.64156,0.50873,0.562,0.99993,0.67467,0.99007,0.9983,0.99102,0.93344,0.98967,0.99465,0.69618,0.88948,0.88124,0.98066,0.96422,0.99191,0.99675,0.9581,0.83764,0.86015,0.97859,0.95551,0.99889,0.84384,0.91926,0.95923,0.72407,0.99631,0.86666,0.92057,0.82056,0.79179,0.77459,0.57387,0.42748,1.0001,0.58132
20.96,0.97688,0.99119,0.95392,0.79165,0.99829,0.97475,0.88242,0.90034,0.86005,0.86521,0.9845,0.99186,0.9974,0.87311,0.57323,0.86495,0.84155,0.98675,0.98811,0.99579,0.92523,0.75693,0.97647,0.79696,0.98611,0.70705,0.74156,0.2171,0.24885,0.70296,0.62378,0.50873,0.562,0.99959,0.67946,0.99046,0.9986,0.99132,0.93372,0.98967,0.99477,0.69656,0.88985,0.88163,0.9807,0.9641,0.99313,0.99709,0.95873,0.83687,0.86106,0.97878,0.95647,0.99892,0.83903,0.91702,0.95869,0.73685,0.9963,0.86666,0.92059,0.82056,0.79179,0.78143,0.55559,0.42748,1.0001,0.57654
20.98,0.97865,0.99085,0.9525,0.79276,0.99835,0.97475,0.88201,0.90003,0.86052,0.86557,0.98446,0.99171,0.99818,0.87163,0.57153,0.86437,0.84224,0.9866,0.98855,0.99584,0.92747,0.75357,0.97589,0.8087,0.98609,0.70707,0.74152,0.2171,0.24885,0.71154,0.60586,0.50873,0.562,0.99893,0.68454,0.99087,0.99887,0.99163,0.93419,0.98967,0.99489,0.69717,0.89034,0.88193,0.98075,0.96377,0.99445,0.99739,0.95943,0.83634,0.86166,0.97895,0.95731,0.99894,0.83453,0.91463,0.95786,0.7495,0.99629,0.86665,0.92063,0.82056,0.79179,0.78818,0.53723,0.42748,1.0001,0.57137
21,0.98024,0.9905,0.95091,0.79392,0.9984,0.97475,0.8815,0.89992,0.86072,0.86624,0.98442,0.99163,0.99868,0.86993,0.57008,0.86333,0.84362,0.98636,0.98905,0.99588,0.92993,0.7504,0.97549,0.81976,0.98611,0.70706,0.7415,0.2171,0.24885,0.71993,0.58723,0.50873,0.562,0.99817,0.68923,0.99127,0.99914,0.99195,0.93452,0.98967,0.99504,0.69737,0.89055,0.88252,0.98081,0.96361,0.99534,0.99772,0.96002,0.83538,0.86287,0.97921,0.95831,0.99896,0.82945,0.91235,0.95728,0.76149,0.9963,0.86665,0.92065,0.82056,0.79179,0.79479,0.5182,0.42748,1.0001,0.56714
21.02,0.98133,0.99019,0.94898,0.79509,0.99836,0.97475,0.88078,0.90043,0.86022,0.86766,0.98438,0.99192,0.99868,0.86768,0.56944,0.86093,0.84699,0.98591,0.98979,0.99589,0.93318,0.74782,0.97585,0.82969,0.9862,0.70696,0.74156,0.2171,0.24885,0.72821,0.56699,0.50873,0.562,0.99777,0.69257,0.99161,0.99941,0.99226,0.93422,0.98967,0.99524,0.6964,0.89002,0.88375,0.98085,0.96422,0.99535,0.99811,0.96028,0.83318,0.86579,0.9797,0.9598,0.99897,0.82246,0.91049,0.95781,0.7723,0.99636,0.86672,0.92059,0.82056,0.79179,0.8013,0.49759,0.42748,1.0001,0.56533
21.04,0.98227,0.98988,0.94688,0.7963,0.99829,0.97475,0.87994,0.90115,0.85944,0.8694,0.98435,0.9923,0.99852,0.86518,0.56906,0.85803,0.85103,0.98537,0.99059,0.99588,0.9366,0.7455,0.97641,0.83902,0.98633,0.70683,0.74165,0.2171,0.24885,0.73627,0.54597,0.50873,0.562,0.99755,0.69551,0.99195,0.99965,0.99258,0.93377,0.98967,0.99546,0.69502,0.8892,0.88526,0.98089,0.96504,0.99505,0.9985,0.96044,0.83052,0.8693,0.98026,0.96142,0.99896,0.81477,0.9088,0.95861,0.7825,0.99644,0.8668,0.92052,0.82056,0.79179,0.80763,0.47624,0.42748,1.0001,0.56438
21.06,0.98326,0.98955,0.94479,0.79747,0.99824,0.97475,0.87912,0.90176,0.85876,0.87103,0.98432,0.99262,0.99843,0.86275,0.56855,0.8553,0.85469,0.98487,0.9913,0.99588,0.93979,0.74314,0.97684,0.84818,0.98644,0.70673,0.74171,0.2171,0.24885,0.74412,0.52466,0.50873,0.562,0.99723,0.69867,0.9923,0.99983,0.99289,0.93341,0.98967,0.99568,0.69385,0.88848,0.88668,0.98093,0.96575,0.99488,0.99883,0.96064,0.82803,0.87248,0.98078,0.96291,0.99896,0.80725,0.90708,0.95922,0.79257,0.99651,0.86687,0.92046,0.82056,0.79179,0.81379,0.45466,0.42748,1.0001,0.56307
21.08,0.98417,0.98926,0.94266,0.79871,0.99818,0.97475,0.87844,0.9024,0.85818,0.87246,0.98427,0.99293,0.99836,0.86037,0.56808,0.85262,0.85832,0.98432,0.99203,0.99587,0.94301,0.74032,0.97738,0.85726,0.98655,0.70658,0.74181,0.2171,0.24885,0.7524,0.50257,0.50873,0.562,0.99686,0.70164,0.99258,0.99995,0.9932,0.93296,0.98967,0.99586,0.69263,0.88786,0.88793,0.98099,0.96643,0.99475,0.99912,0.96084,0.82559,0.87563,0.98132,0.96445,0.99896,0.79928,0.905,0.96001,0.80263,0.99658,0.86696,0.92037,0.82056,0.79179,0.82028,0.43236,0.42748,1.0001,0.56169
21.1,0.98512,0.98886,0.94047,0.79982,0.99813,0.97475,0.87743,0.90304,0.85732,0.87434,0.98427,0.99328,0.99818,0.85776,0.5676,0.84964,0.86203,0.98383,0.99267,0.99587,0.94596,0.7385,0.97773,0.8656,0.98667,0.70651,0.74185,0.2171,0.24885,0.75939,0.48054,0.50873,0.562,0.99657,0.70486,0.99297,1.00003,0.99348,0.93267,0.98967,0.99611,0.6914,0.88695,0.88956,0.98099,0.9672,0.99444,0.99939,0.96103,0.82288,0.87886,0.98179,0.96585,0.99896,0.79165,0.90367,0.96052,0.81191,0.99665,0.867,0.92034,0.82056,0.79179,0.82575,0.41017,0.42748,1.0001,0.56067
21.12,0.9863,0.98817,0.93814,0.80059,0.99816,0.97475,0.87555,0.9036,0.85574,0.87741,0.98442,0.99372,0.99768,0.85462,0.56702,0.84598,0.86599,0.98351,0.99314,0.99589,0.94832,0.73951,0.97744,0.87254,0.98679,0.70664,0.74174,0.2171,0.24885,0.76319,0.45936,0.50874,0.562,0.99651,0.70895,0.99359,1.00005,0.99367,0.93285,0.98967,0.99656,0.69032,0.88526,0.89223,0.9808,0.96821,0.9936,0.99964,0.96126,0.81956,0.8823,0.98209,0.9669,0.99897,0.78528,0.90441,0.9601,0.81969,0.99672,0.86692,0.92043,0.82056,0.79179,0.82872,0.38889,0.42748,1.0001,0.56046
21.14,0.9875,0.98735,0.93577,0.80125,0.99821,0.97475,0.87332,0.90416,0.85388,0.88087,0.98463,0.99419,0.99701,0.85125,0.56644,0.842,0.86999,0.98325,0.99356,0.99593,0.95043,0.74155,0.97697,0.87886,0.98692,0.70685,0.74157,0.2171,0.24885,0.76582,0.43842,0.50874,0.56201,0.99655,0.71327,0.99428,1.00002,0.99383,0.93321,0.98967,0.99705,0.68924,0.88328,0.89524,0.98054,0.96929,0.9925,0.99985,0.9615,0.81596,0.88577,0.98233,0.96783,0.99899,0.77938,0.90591,0.95942,0.8268,0.9968,0.86679,0.92058,0.82056,0.79179,0.83078,0.36789,0.42749,1.0001,0.56058
21.16,0.9886,0.98654,0.93338,0.80198,0.99825,0.97475,0.87122,0.90474,0.85215,0.88405,0.98481,0.99462,0.99634,0.84792,0.56587,0.8381,0.87382,0.98296,0.99398,0.99596,0.95256,0.74307,0.97664,0.8852,0.98705,0.70704,0.74142,0.2171,0.24885,0.76895,0.417,0.50875,0.56201,0.99654,0.71741,0.9949,0.99992,0.994,0.93349,0.98967,0.99747,0.68812,0.88143,0.898,0.98032,0.9703,0.99145,0.99997,0.96173,0.81244,0.8891,0.98259,0.9688,0.999,0.77322,0.90702,0.95894,0.83397,0.99688,0.86667,0.92071,0.82056,0.79179,0.83322,0.34645,0.4275,1.0001,0.56055
21.18,0.98969,0.98574,0.93079,0.80263,0.99829,0.97475,0.86912,0.90524,0.85031,0.88736,0.985,0.99505,0.99548,0.84459,0.56526,0.83412,0.87786,0.98266,0.99438,0.99598,0.95477,0.74473,0.97605,0.89144,0.98717,0.70717,0.7413,0.2171,0.24885,0.77206,0.3942,0.50876,0.56201,0.99654,0.7217,0.99546,0.99976,0.99416,0.93376,0.98967,0.99786,0.68716,0.87946,0.90088,0.98006,0.97136,0.99015,1.00003,0.96197,0.80886,0.89262,0.98286,0.96974,0.99901,0.76658,0.90823,0.95809,0.84108,0.99695,0.86658,0.92081,0.82056,0.79179,0.83565,0.32369,0.42751,1.00009,0.56055
21.2,0.99066,0.98483,0.9285,0.8034,0.99834,0.97475,0.86688,0.9059,0.84861,0.89036,0.98516,0.99542,0.99477,0.84109,0.56475,0.8301,0.88131,0.98238,0.99477,0.99603,0.95661,0.74636,0.97595,0.89725,0.9873,0.70742,0.7411,0.2171,0.24885,0.77487,0.37323,0.50876,0.56202,0.99654,0.72568,0.99605,0.99957,0.99433,0.93408,0.98967,0.99824,0.68587,0.87763,0.90349,0.97985,0.97228,0.98911,1.00002,0.96218,0.80525,0.89562,0.9831,0.97068,0.99904,0.76084,0.90943,0.95794,0.84773,0.99703,0.86642,0.92099,0.82056,0.79179,0.83785,0.30279,0.42751,1.00009,0.56056
21.22,0.99137,0.98367,0.92712,0.80448,0.9984,0.97475,0.86435,0.90699,0.84736,0.89255,0.98522,0.99562,0.99473,0.83718,0.5644,0.8261,0.88316,0.98216,0.99516,0.99614,0.95763,0.74728,0.9773,0.90233,0.98749,0.70801,0.74067,0.2171,0.24885,0.7772,0.35782,0.50876,0.56201,0.99653,0.72874,0.99671,0.99944,0.99458,0.93454,0.98967,0.99862,0.68376,0.8763,0.9054,0.97978,0.97278,0.98906,0.99992,0.96232,0.80167,0.89723,0.98329,0.97163,0.99909,0.75759,0.91009,0.95989,0.85358,0.99714,0.86604,0.92136,0.82056,0.79179,0.83966,0.28745,0.42751,1.00009,0.56051
21.24,0.99199,0.98239,0.92611,0.80567,0.99847,0.97475,0.8617,0.90825,0.84627,0.89445,0.98524,0.99577,0.99494,0.83308,0.56418,0.82208,0.88449,0.98196,0.99554,0.99628,0.95833,0.74821,0.97909,0.90702,0.98769,0.7087,0.74016,0.2171,0.24885,0.77927,0.34457,0.50875,0.56201,0.99651,0.73148,0.99735,0.99933,0.99485,0.93505,0.98967,0.99897,0.68131,0.87512,0.90705,0.97975,0.97314,0.98936,0.99972,0.96241,0.79808,0.89839,0.98346,0.97257,0.99916,0.75531,0.91076,0.96248,0.85902,0.99725,0.86559,0.9218,0.82056,0.79179,0.84128,0.27428,0.4275,1.0001,0.56045
21.26,0.99262,0.98111,0.92497,0.80682,0.99853,0.97475,0.85909,0.90944,0.84512,0.89642,0.98528,0.99593,0.99503,0.829,0.56397,0.81801,0.88612,0.98174,0.9959,0.99641,0.95916,0.74942,0.98056,0.91168,0.98789,0.70933,0.7397,0.2171,0.24885,0.78144,0.33025,0.50874,0.56201,0.99649,0.73437,0.99791,0.99919,0.9951,0.93552,0.98967,0.99926,0.67898,0.87388,0.90877,0.9797,0.97357,0.98949,0.99944,0.96249,0.79446,0.8998,0.98365,0.9735,0.99922,0.75259,0.91164,0.96464,0.86445,0.99736,0.86519,0.92219,0.82056,0.79179,0.84296,0.26007,0.42749,1.0001,0.56039
21.28,0.99322,0.97976,0.92361,0.80793,0.99861,0.97475,0.85634,0.91053,0.84391,0.89852,0.98532,0.99609,0.99514,0.82481,0.56347,0.81385,0.88742,0.98157,0.99625,0.99653,0.95999,0.74948,0.9821,0.91634,0.98808,0.71002,0.73919,0.2171,0.24885,0.78358,0.31518,0.50874,0.562,0.99647,0.73719,0.99842,0.99902,0.99533,0.93607,0.98967,0.99951,0.67685,0.87258,0.91059,0.97965,0.97398,0.98966,0.99905,0.96269,0.79076,0.90094,0.98379,0.9744,0.99928,0.74979,0.91169,0.96691,0.86992,0.99747,0.86474,0.92263,0.82056,0.79179,0.84463,0.24512,0.42748,1.0001,0.56033
21.3,0.99379,0.97839,0.92275,0.80915,0.99866,0.97475,0.8538,0.91185,0.84283,0.90023,0.98535,0.99624,0.99526,0.82069,0.56359,0.80973,0.88923,0.98128,0.99659,0.99667,0.96072,0.75185,0.98344,0.92058,0.98827,0.7106,0.73876,0.2171,0.24885,0.7857,0.30178,0.50873,0.562,0.99646,0.74004,0.99884,0.99891,0.99558,0.93645,0.98967,0.9997,0.67426,0.87141,0.91208,0.9796,0.97439,0.98983,0.99858,0.96264,0.78712,0.90251,0.98403,0.97531,0.99935,0.74732,0.91339,0.9689,0.87492,0.99758,0.86436,0.923,0.82056,0.79179,0.84628,0.23184,0.42748,1.0001,0.56028
21.32,0.99437,0.9771,0.92326,0.81069,0.99865,0.97475,0.85189,0.9138,0.84207,0.90095,0.9854,0.99643,0.99533,0.81682,0.56548,0.80592,0.89257,0.98062,0.99697,0.99668,0.96122,0.76097,0.98416,0.92396,0.98846,0.71089,0.73856,0.2171,0.24885,0.78786,0.29278,0.50873,0.562,0.99646,0.74305,0.99918,0.99898,0.99589,0.93635,0.98967,0.99981,0.6704,0.87058,0.91271,0.97954,0.9749,0.98994,0.99807,0.96189,0.78374,0.90542,0.98456,0.97638,0.99935,0.7456,0.91988,0.96998,0.87894,0.99768,0.86417,0.92317,0.82056,0.79179,0.84796,0.22293,0.42748,1.0001,0.56027
21.34,0.99493,0.97581,0.92424,0.81234,0.99861,0.97475,0.85023,0.91595,0.84143,0.90131,0.98545,0.99662,0.9954,0.81305,0.56799,0.80216,0.89636,0.97983,0.99733,0.99672,0.96163,0.77204,0.98473,0.92698,0.98864,0.71105,0.73844,0.2171,0.24885,0.79,0.28551,0.50873,0.562,0.99646,0.74609,0.99946,0.99911,0.99621,0.93608,0.98967,0.99989,0.66613,0.8699,0.91302,0.97947,0.97542,0.99005,0.9975,0.96087,0.78042,0.90872,0.98518,0.97744,0.99937,0.74417,0.92757,0.97083,0.88254,0.99778,0.86407,0.92327,0.82056,0.79179,0.84962,0.21574,0.42748,1.0001,0.56028
21.36,0.99546,0.97448,0.92497,0.81391,0.99859,0.97475,0.84846,0.91795,0.84075,0.90185,0.9855,0.9968,0.99547,0.80921,0.57018,0.79825,0.89984,0.9791,0.99766,0.99684,0.9621,0.78156,0.9854,0.93006,0.98882,0.71125,0.7383,0.2171,0.24885,0.79211,0.27735,0.50873,0.562,0.99646,0.74908,0.9997,0.99919,0.99651,0.9359,0.98967,0.99996,0.66213,0.86915,0.9135,0.97941,0.97592,0.99015,0.99685,0.95998,0.77698,0.91175,0.98573,0.97842,0.99942,0.74253,0.93403,0.97184,0.88624,0.99788,0.86393,0.92339,0.82056,0.79179,0.85127,0.20767,0.42748,1.0001,0.56028
21.38,0.99597,0.97305,0.92586,0.81557,0.99856,0.97475,0.84658,0.92004,0.84003,0.9023,0.98555,0.99699,0.99555,0.8052,0.57262,0.79457,0.90333,0.97826,0.99802,0.99657,0.96248,0.79229,0.98586,0.9331,0.98902,0.71154,0.73809,0.2171,0.24885,0.79428,0.26934,0.50874,0.562,0.99646,0.75214,0.99989,0.9993,0.9968,0.93567,0.98967,1.00001,0.65794,0.86838,0.91388,0.97934,0.97644,0.99026,0.9961,0.95898,0.77375,0.91479,0.98633,0.97956,0.9993,0.7412,0.94109,0.97254,0.8899,0.99798,0.86375,0.92357,0.82056,0.79179,0.85295,0.19976,0.42748,1.0001,0.56028
21.4,0.99643,0.97174,0.9265,0.81706,0.99853,0.97475,0.84497,0.92192,0.8394,0.90286,0.9856,0.99715,0.99561,0.80148,0.57473,0.79035,0.90673,0.97757,0.99825,0.99708,0.96302,0.80036,0.98667,0.93596,0.98918,0.71162,0.73804,0.2171,0.24885,0.7963,0.26132,0.50874,0.562,0.99646,0.75504,1.00001,0.99937,0.99706,0.9355,0.98967,1.00003,0.65413,0.8677,0.91437,0.97927,0.97691,0.99036,0.99535,0.95811,0.77004,0.91775,0.98681,0.98031,0.99953,0.73929,0.94625,0.97376,0.89338,0.99806,0.8637,0.92361,0.82056,0.79179,0.85452,0.19183,0.42748,1.0001,0.56028
21.42,0.99679,0.97079,0.92631,0.81811,0.99853,0.97475,0.84404,0.92328,0.83898,0.90388,0.98566,0.99728,0.99559,0.79848,0.57568,0.78419,0.90994,0.97734,0.99814,0.99926,0.96403,0.80118,0.98843,0.93858,0.98923,0.7111,0.73841,0.2171,0.24885,0.79794,0.25253,0.50874,0.562,0.99646,0.75748,1.00007,0.99935,0.99723,0.93547,0.98967,1.00004,0.65135,0.86724,0.91526,0.97919,0.97728,0.99032,0.9947,0.95771,0.76465,0.92054,0.98696,0.97995,1.00007,0.73563,0.94677,0.97647,0.89658,0.99809,0.86403,0.9233,0.82056,0.79179,0.85579,0.18316,0.42748,1.0001,0.56028
21.44,0.99712,0.97,0.92585,0.81898,0.99853,0.97475,0.84337,0.92444,0.83866,0.90502,0.98573,0.99739,0.99555,0.79582,0.57629,0.77746,0.91304,0.97728,0.99791,1.00003,0.96518,0.79953,0.99036,0.94106,0.98924,0.71038,0.73892,0.2171,0.24885,0.79942,0.24372,0.50873,0.562,0.99646,0.75977,1.00011,0.9993,0.99737,0.93551,0.98967,1.00004,0.64898,0.86689,0.91625,0.9791,0.9776,0.99027,0.99409,0.95746,0.75878,0.92324,0.98701,0.97922,0.99885,0.73137,0.94573,0.97949,0.89962,0.99809,0.8645,0.92286,0.82056,0.79179,0.85695,0.17446,0.42748,1.0001,0.56028
21.46,0.99744,0.96913,0.92552,0.81991,0.99854,0.97475,0.84261,0.92565,0.8383,0.90606,0.98579,0.9975,0.99556,0.79308,0.57712,0.77114,0.91607,0.97714,0.99776,0.99898,0.96623,0.79906,0.99197,0.94351,0.98927,0.70977,0.73935,0.2171,0.24885,0.80096,0.23506,0.50873,0.562,0.99646,0.76217,1.00013,0.99926,0.99752,0.93555,0.98967,1.00003,0.6465,0.8665,0.91716,0.97901,0.97793,0.99027,0.99343,0.95712,0.75328,0.92588,0.9871,0.97872,0.99616,0.72741,0.94543,0.98209,0.90264,0.99811,0.8649,0.92249,0.82056,0.79179,0.85814,0.16592,0.42748,1.0001,0.56028
21.48,0.99772,0.9682,0.92519,0.82094,0.99853,0.97475,0.84176,0.92698,0.83791,0.90722,0.98587,0.99763,0.99543,0.78993,0.57774,0.76354,0.91922,0.977,0.99749,0.99537,0.96733,0.79841,0.99351,0.94594,0.98929,0.70908,0.73984,0.2171,0.24885,0.80253,0.22547,0.50873,0.562,0.99646,0.76438,1.00013,0.99922,0.99768,0.93547,0.98967,1.00003,0.64375,0.86608,0.91817,0.97891,0.97833,0.99008,0.99264,0.95686,0.74668,0.92863,0.98719,0.9779,0.99051,0.72314,0.94502,0.98462,0.90567,0.99812,0.86535,0.92207,0.82056,0.79179,0.85936,0.15647,0.42748,1.0001,0.56027
21.5,0.99802,0.96741,0.92477,0.8217,0.99855,0.97475,0.84113,0.92797,0.83759,0.90815,0.98592,0.9977,0.99556,0.78763,0.57866,0.75816,0.92194,0.9769,0.9974,0.99196,0.9683,0.79752,0.99481,0.94823,0.98933,0.7085,0.74025,0.2171,0.24885,0.80399,0.21766,0.50873,0.562,0.99646,0.7669,1.00012,0.99917,0.99779,0.93564,0.98967,1.00002,0.6417,0.86574,0.91898,0.97883,0.97855,0.99027,0.99203,0.95647,0.74203,0.931,0.98726,0.97764,0.9859,0.71927,0.94445,0.98682,0.90853,0.99814,0.86572,0.92172,0.82056,0.79179,0.86049,0.14877,0.42748,1.0001,0.56027
21.52,0.99841,0.967,0.92415,0.82178,0.99867,0.97475,0.84105,0.92804,0.83749,0.90838,0.98595,0.99758,0.99644,0.78782,0.58081,0.75991,0.92362,0.97687,0.99791,0.99547,0.96894,0.79642,0.99573,0.95028,0.98946,0.70827,0.74038,0.2171,0.24885,0.80515,0.21481,0.50874,0.562,0.99646,0.77041,1.00011,0.99909,0.9978,0.93651,0.98967,1.00002,0.64157,0.86563,0.91918,0.9788,0.97818,0.99161,0.99208,0.95557,0.74354,0.93247,0.98727,0.9792,0.99066,0.71669,0.94375,0.98845,0.91111,0.99821,0.86587,0.92161,0.82056,0.79179,0.86139,0.14597,0.42748,1.0001,0.56029
21.54,0.99879,0.96675,0.92344,0.8216,0.99881,0.97475,0.84117,0.92777,0.83746,0.90838,0.98596,0.9974,0.99741,0.78886,0.58324,0.76392,0.92493,0.97688,0.99851,0.99906,0.96946,0.79516,0.99649,0.95219,0.98961,0.70816,0.74042,0.2171,0.24885,0.8062,0.21379,0.50875,0.56201,0.99647,0.77421,1.0001,0.999,0.99778,0.93761,0.98967,1.00002,0.64211,0.86559,0.91918,0.97878,0.97763,0.99315,0.99236,0.95454,0.74701,0.93361,0.98727,0.98122,0.99632,0.71455,0.94294,0.98983,0.91353,0.99828,0.86594,0.92157,0.82056,0.79179,0.8622,0.14497,0.42749,1.0001,0.56031
21.56,0.9991,0.96643,0.92277,0.82154,0.99892,0.97475,0.84118,0.92769,0.83737,0.90851,0.98597,0.99725,0.99812,0.78939,0.58535,0.7665,0.9264,0.97686,0.99893,1.00003,0.97003,0.79405,0.9972,0.95409,0.98975,0.708,0.7405,0.2171,0.24885,0.80731,0.21195,0.50875,0.56201,0.99647,0.7778,1.00009,0.99891,0.99777,0.93858,0.98967,1.00002,0.64229,0.8655,0.9193,0.97876,0.97719,0.99433,0.9925,0.95364,0.74925,0.93489,0.98728,0.98282,0.99893,0.71219,0.94223,0.99117,0.91594,0.99835,0.86604,0.92151,0.82056,0.79179,0.86306,0.14316,0.4275,1.0001,0.56032
21.58,0.99938,0.9661,0.92207,0.82147,0.99904,0.97475,0.84131,0.92747,0.83739,0.90853,0.98599,0.99705,0.99886,0.79041,0.5883,0.7706,0.9278,0.9769,0.99936,0.99897,0.97059,0.79251,0.99787,0.95603,0.98989,0.70781,0.7406,0.2171,0.24885,0.80836,0.21006,0.50876,0.56202,0.99648,0.78159,1.00007,0.99881,0.99776,0.93962,0.98967,1.00002,0.64274,0.86551,0.91932,0.97874,0.9766,0.99569,0.99276,0.95238,0.75281,0.93612,0.98726,0.98473,1.00007,0.70983,0.94123,0.9925,0.91843,0.99842,0.86617,0.92142,0.82056,0.79179,0.86388,0.1413,0.42751,1.00009,0.56034
21.6,0.99959,0.96583,0.9214,0.82136,0.99915,0.97475,0.84122,0.92745,0.8372,0.90873,0.986,0.99693,0.99922,0.79062,0.58963,0.77206,0.92921,0.97683,0.99958,0.99703,0.97112,0.79182,0.99836,0.95773,0.99002,0.70772,0.74063,0.2171,0.24885,0.80949,0.20871,0.50877,0.56202,0.99648,0.78498,1.00006,0.99871,0.99774,0.94053,0.98967,1.00002,0.64279,0.86531,0.91949,0.97872,0.97626,0.99641,0.99281,0.95181,0.75407,0.93735,0.98731,0.98589,0.9995,0.70756,0.94079,0.99352,0.92062,0.99848,0.86623,0.9214,0.82056,0.79179,0.86476,0.13997,0.42752,1.00009,0.56035
21.62,0.99971,0.96566,0.92077,0.82115,0.9992,0.97475,0.84048,0.92802,0.83645,0.90947,0.98601,0.99708,0.99885,0.78831,0.58622,0.76539,0.93076,0.97643,0.99942,0.99896,0.97162,0.79386,0.99854,0.95887,0.99008,0.70792,0.74047,0.2171,0.24885,0.81096,0.2084,0.50877,0.56202,0.99648,0.78724,1.00005,0.99862,0.99771,0.94107,0.98967,1.00001,0.6416,0.8645,0.92013,0.97871,0.97669,0.99566,0.99221,0.95328,0.74828,0.9387,0.98757,0.98503,1.00007,0.70543,0.9421,0.99391,0.9221,0.99851,0.8661,0.92153,0.82056,0.79179,0.86589,0.13966,0.42752,1.00009,0.56036
21.64,0.99979,0.96555,0.92018,0.82091,0.99925,0.97475,0.83951,0.92879,0.8355,0.91039,0.98602,0.99731,0.99808,0.78516,0.58123,0.75588,0.93232,0.97592,0.99908,1.00004,0.97209,0.79669,0.99863,0.9598,0.99013,0.70822,0.74024,0.2171,0.24885,0.81251,0.20857,0.50877,0.56202,0.99648,0.7891,1.00004,0.99853,0.99767,0.94147,0.98967,0.99999,0.63999,0.86346,0.92093,0.9787,0.97737,0.99427,0.99136,0.95539,0.74005,0.94006,0.98789,0.98344,0.99895,0.70338,0.94392,0.9941,0.92331,0.99853,0.8659,0.92173,0.82056,0.79179,0.86709,0.13982,0.42752,1.00009,0.56035
21.66,0.99987,0.96541,0.91959,0.82069,0.99929,0.97475,0.83863,0.92948,0.83464,0.91122,0.98603,0.99749,0.99734,0.78241,0.57713,0.74766,0.93383,0.97547,0.99876,0.99904,0.97256,0.79893,0.99876,0.96081,0.99018,0.70846,0.74005,0.2171,0.24885,0.81397,0.20853,0.50877,0.56202,0.99648,0.79112,1.00003,0.99843,0.99764,0.94193,0.98967,0.99997,0.63857,0.86252,0.92166,0.97869,0.97791,0.99304,0.99059,0.95711,0.73297,0.94138,0.98817,0.98216,0.99627,0.70131,0.94535,0.9944,0.92462,0.99856,0.86575,0.92189,0.82056,0.79179,0.86822,0.13978,0.42752,1.00009,0.56035
21.68,0.99993,0.96527,0.9189,0.82043,0.99934,0.97475,0.83776,0.93012,0.83376,0.91205,0.98603,0.99769,0.99633,0.77944,0.57257,0.73848,0.93538,0.97494,0.99833,0.99581,0.97305,0.802,0.99885,0.96181,0.99023,0.70877,0.73982,0.2171,0.24885,0.81558,0.20851,0.50877,0.56202,0.99648,0.79319,1.00002,0.99832,0.9976,0.9424,0.98967,0.99994,0.63722,0.86156,0.92238,0.97869,0.9785,0.99145,0.98972,0.959,0.72508,0.94273,0.98849,0.98059,0.99113,0.69912,0.94729,0.9946,0.92593,0.99858,0.86555,0.92209,0.82056,0.79179,0.86946,0.13977,0.42752,1.00009,0.56035
21.7,0.99998,0.96516,0.91844,0.82026,0.99938,0.97475,0.83683,0.93089,0.83286,0.91291,0.98604,0.99785,0.99541,0.77669,0.5687,0.73018,0.9368,0.97453,0.99794,0.99159,0.97347,0.80353,0.99898,0.96273,0.99028,0.70895,0.73967,0.2171,0.24885,0.81689,0.20853,0.50877,0.56202,0.99648,0.79505,1.00001,0.99824,0.99757,0.9428,0.98967,0.99991,0.63562,0.86059,0.92313,0.97866,0.97902,0.99006,0.98889,0.96058,0.71797,0.94397,0.98873,0.97931,0.98541,0.69718,0.94825,0.99492,0.92715,0.9986,0.86543,0.92221,0.82056,0.79179,0.87048,0.13979,0.42752,1.00009,0.56035
21.72,1,0.96514,0.91861,0.82032,0.9994,0.97475,0.83576,0.93192,0.83196,0.91386,0.9861,0.99793,0.99525,0.77482,0.56706,0.72534,0.93793,0.97449,0.99791,0.99058,0.97377,0.80035,0.99925,0.96357,0.99033,0.70871,0.73983,0.2171,0.24885,0.81734,0.20852,0.50876,0.56202,0.99648,0.7965,1.00001,0.99827,0.99758,0.94305,0.98967,0.99986,0.63345,0.8596,0.92395,0.97858,0.97927,0.98982,0.98831,0.96125,0.71383,0.94496,0.98876,0.9792,0.98412,0.69581,0.94624,0.99558,0.92825,0.99863,0.86558,0.92208,0.82056,0.79179,0.87083,0.13978,0.42752,1.00009,0.56034
21.74,1.00002,0.96515,0.91904,0.82047,0.99942,0.97475,0.83463,0.93306,0.83105,0.9148,0.98617,0.99798,0.99535,0.77322,0.56614,0.72163,0.93894,0.97457,0.99799,0.9909,0.97401,0.79561,0.99951,0.96433,0.99038,0.70835,0.74008,0.2171,0.24885,0.8175,0.20852,0.50876,0.56201,0.99647,0.79774,1.00001,0.99834,0.99761,0.94322,0.98967,0.99981,0.63104,0.85861,0.92478,0.97848,0.97945,0.98997,0.98781,0.96162,0.71066,0.94584,0.98871,0.97947,0.98452,0.6947,0.94323,0.9963,0.92926,0.99865,0.86582,0.92186,0.82056,0.79179,0.87095,0.13978,0.42751,1.00009,0.56032
21.76,1.00003,0.96515,0.91936,0.82059,0.99944,0.97475,0.83355,0.93415,0.83015,0.91569,0.98624,0.99805,0.99532,0.7715,0.56488,0.71736,0.93996,0.97458,0.99802,0.99055,0.97427,0.79173,0.99971,0.96509,0.99043,0.70805,0.74028,0.2171,0.24885,0.81782,0.20852,0.50875,0.56201,0.99647,0.79905,1.00001,0.9984,0.99762,0.94343,0.98967,0.99975,0.62873,0.85763,0.92555,0.97839,0.97966,0.98992,0.98725,0.96213,0.70702,0.94673,0.9887,0.97955,0.98407,0.69353,0.94073,0.9969,0.93027,0.99867,0.86601,0.92169,0.82056,0.79179,0.8712,0.13978,0.4275,1.0001,0.56031
21.78,1.00004,0.96516,0.91963,0.82069,0.99946,0.97475,0.83239,0.93521,0.8292,0.9168,0.9863,0.99811,0.99532,0.76972,0.56362,0.71293,0.94108,0.97462,0.99805,0.99031,0.97457,0.78692,0.99986,0.96595,0.99049,0.7077,0.74052,0.2171,0.24885,0.81804,0.20852,0.50874,0.56201,0.99647,0.80047,1.00002,0.99844,0.99764,0.94364,0.98967,0.99968,0.62648,0.85658,0.92652,0.9783,0.97986,0.98992,0.98667,0.96263,0.70325,0.94771,0.98868,0.97966,0.98377,0.69211,0.93758,0.99749,0.93142,0.9987,0.86624,0.92148,0.82056,0.79179,0.87137,0.13978,0.42749,1.0001,0.5603
21.8,1.00003,0.96516,0.92006,0.82084,0.99948,0.97475,0.83134,0.93632,0.82835,0.91744,0.98636,0.99817,0.99533,0.76811,0.56258,0.7091,0.94196,0.97464,0.9981,0.99021,0.97475,0.78356,0.99996,0.96655,0.99052,0.70744,0.74071,0.2171,0.24885,0.81838,0.20853,0.50874,0.562,0.99646,0.80159,1.00002,0.99851,0.99766,0.94382,0.98967,0.99961,0.62409,0.85565,0.92708,0.97821,0.98007,0.98994,0.98613,0.96305,0.69999,0.94847,0.98867,0.97982,0.98365,0.69128,0.93536,0.99797,0.93223,0.99872,0.86641,0.92133,0.82056,0.79179,0.87163,0.13978,0.42749,1.0001,0.56029
21.82,1.00003,0.96516,0.92082,0.82108,0.99948,0.97475,0.83076,0.93761,0.82783,0.91663,0.9864,0.99826,0.99533,0.76689,0.56173,0.70631,0.94214,0.97468,0.99812,0.9899,0.97463,0.78474,1.00001,0.96657,0.99048,0.70746,0.7407,0.2171,0.24885,0.81926,0.20852,0.50874,0.562,0.99646,0.80206,1.00002,0.99863,0.9977,0.94388,0.98967,0.99957,0.62133,0.85508,0.92637,0.97816,0.98034,0.98993,0.98572,0.96338,0.69762,0.94864,0.98864,0.97988,0.98325,0.69182,0.93614,0.9983,0.93226,0.9987,0.8664,0.92133,0.82056,0.79179,0.87231,0.13977,0.42749,1.0001,0.56029
21.84,1.00003,0.96515,0.92173,0.82137,0.99948,0.97475,0.83028,0.93894,0.82741,0.91536,0.98642,0.99834,0.99534,0.76583,0.56113,0.70417,0.94212,0.9747,0.99815,0.98973,0.97438,0.78747,1.00003,0.96634,0.99042,0.70756,0.74064,0.2171,0.24885,0.82025,0.20853,0.50875,0.56201,0.99647,0.80223,1.00001,0.99876,0.99774,0.94391,0.98967,0.99954,0.61846,0.85462,0.92527,0.97813,0.98064,0.98994,0.98536,0.96363,0.69581,0.94862,0.98864,0.97999,0.98303,0.693,0.93794,0.99857,0.93194,0.99867,0.86633,0.92139,0.82056,0.79179,0.87307,0.13979,0.4275,1.0001,0.56031
21.86,1.00003,0.96514,0.92258,0.82165,0.99949,0.97475,0.82968,0.94021,0.82691,0.91439,0.98645,0.99842,0.99534,0.76469,0.56058,0.70201,0.94223,0.97468,0.9982,0.98969,0.97416,0.78944,1.00004,0.96617,0.99037,0.70762,0.7406,0.2171,0.24885,0.82109,0.20852,0.50876,0.56201,0.99647,0.80245,1.00001,0.99888,0.99778,0.94396,0.98967,0.99949,0.61569,0.85407,0.92442,0.97808,0.98091,0.98996,0.98496,0.96384,0.69397,0.94872,0.98865,0.98016,0.98299,0.69404,0.93923,0.99882,0.93172,0.99865,0.86629,0.92142,0.82056,0.79179,0.87372,0.13978,0.42751,1.00009,0.56032
21.88,1.00003,0.96516,0.92335,0.82187,0.99949,0.97475,0.82939,0.94154,0.82654,0.913,0.98648,0.9985,0.99534,0.76357,0.55937,0.69877,0.94215,0.97485,0.99815,0.9889,0.97407,0.79151,1.00002,0.96621,0.99032,0.70771,0.74055,0.2171,0.24885,0.82231,0.20849,0.50876,0.56202,0.99648,0.803,1.00002,0.99899,0.99781,0.94398,0.98967,0.99947,0.61277,0.85367,0.92321,0.97804,0.98121,0.98995,0.98457,0.96432,0.69122,0.94864,0.98854,0.98001,0.98199,0.69443,0.94059,0.99907,0.93176,0.99862,0.86623,0.92147,0.82056,0.79179,0.87467,0.13975,0.42752,1.00009,0.56033
21.9,1.00003,0.96512,0.92431,0.82223,0.9995,0.97475,0.82848,0.94271,0.82592,0.91236,0.98651,0.99857,0.99536,0.76243,0.55956,0.69779,0.94244,0.97462,0.9983,0.98962,0.97367,0.79373,0.99999,0.96577,0.99026,0.70776,0.74053,0.2171,0.24885,0.82276,0.20861,0.50877,0.56202,0.99648,0.80281,1.00001,0.99911,0.99787,0.94405,0.98967,0.99939,0.61021,0.85299,0.92265,0.978,0.98147,0.98999,0.98417,0.96425,0.69039,0.9489,0.98868,0.9805,0.98289,0.69631,0.94202,0.99925,0.93117,0.9986,0.8662,0.92148,0.82056,0.79179,0.87501,0.13986,0.42752,1.00009,0.56034
21.92,1.00004,0.96486,0.92574,0.82298,0.99952,0.97475,0.82572,0.94344,0.82448,0.914,0.98656,0.99862,0.99548,0.7614,0.56385,0.70384,0.94379,0.97323,0.99896,0.99435,0.97237,0.7959,0.99997,0.96405,0.99016,0.70762,0.74064,0.2171,0.24885,0.82116,0.20842,0.50876,0.56202,0.99648,0.80062,0.99999,0.99929,0.99797,0.94428,0.98967,0.99914,0.60858,0.8514,0.92408,0.97793,0.98164,0.99016,0.9838,0.96254,0.69552,0.95007,0.98948,0.98294,0.9891,0.70214,0.94342,0.99931,0.92889,0.99855,0.86629,0.92139,0.82056,0.79179,0.87378,0.13968,0.42752,1.00009,0.56033
21.94,1.00002,0.96454,0.92735,0.82386,0.99954,0.97475,0.82231,0.944,0.82279,0.91638,0.98661,0.99866,0.99563,0.76033,0.56955,0.7119,0.9455,0.97137,0.99955,0.99828,0.97071,0.79818,0.99997,0.9618,0.99005,0.70744,0.74079,0.2171,0.24885,0.81874,0.20851,0.50876,0.56201,0.99647,0.79769,0.99997,0.99946,0.99809,0.94456,0.98967,0.99878,0.60734,0.84954,0.92616,0.97786,0.98178,0.99038,0.98342,0.96024,0.70237,0.95157,0.99047,0.98573,0.99492,0.70934,0.94487,0.99932,0.92592,0.9985,0.86641,0.92125,0.82056,0.79179,0.8719,0.13977,0.42751,1.00009,0.56032
21.96,0.99998,0.96426,0.92887,0.82466,0.99956,0.97475,0.8192,0.94461,0.82126,0.91837,0.98665,0.9987,0.99576,0.75911,0.57446,0.71828,0.94705,0.96967,0.99987,0.99985,0.96916,0.80047,0.99996,0.95972,0.98994,0.70728,0.74092,0.2171,0.24885,0.81659,0.20895,0.50875,0.56201,0.99647,0.7951,0.99995,0.99961,0.9982,0.94481,0.98967,0.99839,0.60598,0.84785,0.92789,0.97779,0.98193,0.99057,0.98297,0.95822,0.70781,0.95293,0.99131,0.98792,0.99812,0.71579,0.94632,0.99936,0.9232,0.99844,0.86651,0.92114,0.82056,0.79179,0.87024,0.1402,0.4275,1.0001,0.56031
21.98,0.99991,0.96392,0.93032,0.82554,0.99958,0.97475,0.81587,0.94532,0.81946,0.92043,0.9867,0.99874,0.99589,0.75852,0.58037,0.72717,0.94845,0.96784,1.00003,0.99949,0.96754,0.8025,0.99995,0.95757,0.98984,0.70711,0.74106,0.2171,0.24885,0.81478,0.20741,0.50874,0.562,0.99646,0.79243,0.99992,0.99973,0.99832,0.94507,0.98967,0.99793,0.60439,0.84588,0.92968,0.97772,0.98209,0.99077,0.98276,0.95576,0.71539,0.95415,0.99214,0.99047,1.00003,0.72231,0.9476,0.99938,0.92041,0.99839,0.86662,0.92102,0.82056,0.79179,0.86885,0.13868,0.42749,1.0001,0.56029
22,0.99982,0.96369,0.93191,0.82629,0.99961,0.97475,0.81278,0.94578,0.81815,0.92242,0.98675,0.99878,0.99602,0.75669,0.5847,0.73123,0.95014,0.96602,0.99999,0.99819,0.96587,0.80501,0.99993,0.95527,0.98971,0.70695,0.74119,0.2171,0.24885,0.81203,0.21003,0.50874,0.562,0.99646,0.78972,0.99989,0.99984,0.99841,0.94532,0.98967,0.99746,0.60338,0.84443,0.93142,0.97766,0.98222,0.99097,0.98208,0.95392,0.71887,0.95564,0.99291,0.99182,0.99993,0.72876,0.94916,0.99943,0.91745,0.99833,0.86673,0.92091,0.82056,0.79179,0.86672,0.14127,0.42748,1.0001,0.56028
22.02,0.99969,0.96375,0.9339,0.82672,0.99963,0.97475,0.81022,0.94552,0.81817,0.92446,0.98679,0.99879,0.99617,0.75072,0.58403,0.72046,0.95287,0.96427,1.00003,1,0.96419,0.8092,0.99987,0.95274,0.9895,0.70686,0.74129,0.2171,0.24885,0.8068,0.22411,0.50874,0.562,0.99646,0.78693,0.9999,0.99995,0.99846,0.94558,0.98967,0.99703,0.60395,0.84444,0.9332,0.97759,0.98228,0.9912,0.97979,0.95421,0.70966,0.95803,0.99359,0.99019,0.99952,0.73503,0.95175,0.99958,0.91422,0.99823,0.86678,0.92083,0.82056,0.79179,0.86267,0.15513,0.42748,1.0001,0.56028
22.04,0.99954,0.96393,0.93599,0.82702,0.99965,0.97475,0.808,0.94502,0.81869,0.92635,0.98683,0.9988,0.99633,0.74352,0.58168,0.70469,0.95576,0.96258,0.9998,0.99781,0.9625,0.81377,0.99975,0.95007,0.98927,0.70679,0.74138,0.2171,0.24885,0.80057,0.24215,0.50874,0.562,0.99646,0.78414,0.99992,1.00002,0.9985,0.94584,0.98967,0.99663,0.60507,0.84503,0.93485,0.97753,0.98233,0.99144,0.9769,0.9552,0.69624,0.96055,0.9942,0.98731,0.99415,0.74114,0.95452,0.99974,0.91084,0.99811,0.86683,0.92075,0.82056,0.79179,0.85784,0.17291,0.42748,1.0001,0.56029
22.06,0.99937,0.96405,0.93795,0.82735,0.99967,0.97475,0.80584,0.94466,0.81904,0.92807,0.98688,0.99882,0.99646,0.73722,0.58023,0.69164,0.95826,0.9609,0.99938,0.99191,0.9608,0.81781,0.99963,0.94738,0.98904,0.70669,0.74149,0.2171,0.24885,0.79473,0.25805,0.50874,0.562,0.99646,0.78141,0.99993,1.00005,0.99854,0.94608,0.98967,0.99623,0.60587,0.84541,0.93635,0.97747,0.98241,0.99165,0.97424,0.95581,0.68518,0.96274,0.99477,0.98482,0.98583,0.74706,0.95693,0.99986,0.90747,0.99799,0.86689,0.92065,0.82056,0.79179,0.8533,0.1886,0.42748,1.0001,0.56028
22.08,0.99914,0.96418,0.94004,0.82784,0.99969,0.97475,0.80264,0.94416,0.81916,0.93065,0.98692,0.99882,0.99666,0.72885,0.57835,0.67452,0.96148,0.95877,0.99852,0.97881,0.95884,0.82293,0.9995,0.94449,0.9888,0.70667,0.74153,0.2171,0.24885,0.78852,0.27413,0.50874,0.562,0.99646,0.7783,0.99994,1.00004,0.9986,0.94638,0.98967,0.99559,0.60699,0.84554,0.9386,0.9774,0.98239,0.99195,0.97055,0.9566,0.67074,0.96556,0.99542,0.98128,0.96976,0.75363,0.95993,0.99994,0.90386,0.99786,0.8669,0.92061,0.82056,0.79179,0.84848,0.20449,0.42748,1.0001,0.56027
22.1,0.99895,0.96431,0.94178,0.82795,0.9997,0.97475,0.80166,0.9439,0.81987,0.93134,0.98696,0.99886,0.99672,0.72426,0.57691,0.66366,0.96302,0.95748,0.9978,0.96778,0.95731,0.82586,0.99929,0.94181,0.98858,0.7065,0.74171,0.2171,0.24885,0.78259,0.29028,0.50874,0.562,0.99647,0.77599,0.99995,0.99999,0.99861,0.94655,0.98967,0.99539,0.60757,0.84632,0.9392,0.97735,0.98255,0.99205,0.96844,0.95721,0.66162,0.96691,0.99579,0.97887,0.95699,0.7586,0.96161,1.00002,0.90054,0.99775,0.86702,0.92046,0.82056,0.79179,0.84386,0.22046,0.42748,1.0001,0.56031
22.12,0.99893,0.96442,0.94262,0.82705,0.99969,0.97475,0.80667,0.94438,0.8221,0.92686,0.98694,0.99904,0.99644,0.73078,0.57753,0.67317,0.96016,0.95864,0.99846,0.97848,0.95708,0.82177,0.99878,0.93996,0.98845,0.70587,0.74231,0.2171,0.24885,0.77794,0.30582,0.50874,0.562,0.99645,0.77583,0.99996,0.99996,0.9985,0.94636,0.98967,0.99639,0.60651,0.84878,0.9353,0.97737,0.98326,0.99161,0.97141,0.95695,0.66961,0.96441,0.99546,0.98104,0.96937,0.75936,0.95925,1.00006,0.89827,0.99767,0.86742,0.91995,0.82056,0.79179,0.84024,0.23584,0.42748,1.0001,0.56025
22.14,0.99899,0.96451,0.94313,0.82579,0.99966,0.97475,0.81381,0.94511,0.82487,0.92025,0.98691,0.99923,0.99601,0.74105,0.57854,0.68908,0.95547,0.96065,0.99929,0.99153,0.95731,0.81559,0.99803,0.93837,0.98834,0.70509,0.74303,0.2171,0.24885,0.77365,0.32133,0.50874,0.562,0.99646,0.7765,0.99997,0.99993,0.99835,0.94605,0.98967,0.99762,0.60487,0.85183,0.92952,0.97742,0.98412,0.99095,0.97587,0.95653,0.68303,0.9603,0.99484,0.9844,0.98534,0.7586,0.95561,0.99991,0.89632,0.99762,0.86792,0.91932,0.82056,0.79179,0.83689,0.25122,0.42748,1.0001,0.56029
22.16,0.99902,0.9646,0.94377,0.82469,0.99964,0.97475,0.81987,0.94574,0.82734,0.9143,0.98689,0.99938,0.99562,0.74933,0.57904,0.70119,0.95132,0.96223,0.99972,0.9976,0.95733,0.81094,0.99721,0.93658,0.98822,0.70441,0.74367,0.2171,0.24885,0.76908,0.3367,0.50874,0.562,0.9965,0.77685,0.99997,0.99989,0.99821,0.94581,0.98967,0.99848,0.60347,0.85454,0.92434,0.97745,0.98483,0.99037,0.97925,0.95631,0.69328,0.95666,0.99432,0.98676,0.99381,0.75856,0.95281,0.99961,0.89414,0.99755,0.86835,0.91876,0.82056,0.79179,0.83332,0.26646,0.42748,1.0001,0.56042
22.18,0.99903,0.96473,0.94448,0.82358,0.99962,0.97475,0.82572,0.9463,0.82992,0.90811,0.98686,0.99955,0.99519,0.75779,0.58088,0.715,0.94713,0.96379,1,1.00005,0.95737,0.80331,0.99606,0.93496,0.9881,0.70362,0.74441,0.2171,0.24885,0.76466,0.35159,0.50874,0.562,0.99637,0.77698,0.99998,0.99985,0.99806,0.94551,0.98967,0.99914,0.6022,0.85737,0.91895,0.97749,0.98572,0.98973,0.98249,0.95554,0.70501,0.953,0.99377,0.98945,0.99919,0.75841,0.94811,0.99902,0.89216,0.99748,0.86885,0.91811,0.82056,0.79179,0.82987,0.28126,0.42748,1.0001,0.55998
22.2,0.99909,0.96478,0.94494,0.8224,0.9996,0.97475,0.83218,0.94704,0.83235,0.90122,0.98684,0.99964,0.99477,0.76634,0.58006,0.72609,0.94197,0.96546,1.00002,0.99837,0.95747,0.80115,0.99513,0.93299,0.98798,0.70301,0.74497,0.2171,0.24885,0.75989,0.36694,0.50874,0.562,0.9966,0.77776,0.99999,0.99982,0.99789,0.94529,0.98967,0.99967,0.60053,0.86002,0.91295,0.97752,0.98624,0.98911,0.98553,0.95589,0.71447,0.94849,0.99313,0.99111,0.99997,0.75811,0.94675,0.99848,0.88977,0.99741,0.86924,0.91763,0.82056,0.79179,0.82614,0.29653,0.42748,1.0001,0.56076
22.22,0.99927,0.96458,0.94478,0.82111,0.99961,0.97475,0.83986,0.94823,0.83414,0.89327,0.98687,0.99956,0.99443,0.77434,0.5718,0.72865,0.93474,0.9673,1.00003,0.99765,0.95757,0.81529,0.99549,0.93003,0.98783,0.70291,0.74494,0.2171,0.24885,0.75417,0.38351,0.50874,0.562,0.99765,0.7801,0.99997,0.99983,0.9977,0.94539,0.98967,1,0.59785,0.86198,0.90603,0.97748,0.98575,0.98863,0.98816,0.95932,0.71666,0.94217,0.99238,0.99034,0.99975,0.75779,0.95543,0.99869,0.88621,0.99733,0.86931,0.91765,0.82056,0.79179,0.82167,0.31303,0.42748,1.0001,0.56481
22.24,0.99947,0.9643,0.94439,0.81975,0.99963,0.97475,0.84797,0.94956,0.8358,0.88455,0.9869,0.99939,0.99412,0.78233,0.5611,0.72868,0.92624,0.96918,0.99995,0.99787,0.9577,0.83403,0.9962,0.92665,0.98768,0.70299,0.74471,0.2171,0.24885,0.74806,0.4005,0.50873,0.562,0.99875,0.78305,0.99995,0.99985,0.9975,0.94558,0.98967,0.99997,0.59481,0.86378,0.89844,0.97744,0.9849,0.98817,0.99057,0.96364,0.71668,0.93475,0.99154,0.98868,0.99983,0.75736,0.96619,0.9991,0.88214,0.99724,0.86925,0.91786,0.82056,0.79179,0.81688,0.32998,0.42748,1.0001,0.57024
22.26,0.99963,0.96407,0.94412,0.81843,0.99964,0.97475,0.85563,0.95079,0.83758,0.87567,0.98692,0.99925,0.99377,0.7902,0.55182,0.73009,0.91763,0.97095,0.99981,0.9976,0.95782,0.84918,0.99663,0.92333,0.98753,0.703,0.74457,0.2171,0.24885,0.74199,0.41711,0.50873,0.562,0.99945,0.7857,0.99993,0.99987,0.99729,0.9457,0.98967,0.99957,0.59199,0.86572,0.89071,0.97741,0.98422,0.98768,0.99271,0.96726,0.71789,0.92724,0.99069,0.98736,0.99974,0.75698,0.97417,0.99933,0.87818,0.99716,0.86925,0.91798,0.82056,0.79179,0.81212,0.34656,0.42748,1.0001,0.57526
22.28,0.99976,0.96377,0.94378,0.81709,0.99965,0.97475,0.86302,0.95209,0.83904,0.86654,0.98696,0.99907,0.99344,0.79765,0.54254,0.73072,0.90846,0.97277,0.99956,0.99745,0.95795,0.86513,0.99731,0.92007,0.98737,0.70297,0.74443,0.2171,0.24885,0.736,0.4329,0.50873,0.562,0.99986,0.7884,0.9999,0.99989,0.99707,0.94593,0.98967,0.9988,0.58898,0.86731,0.88278,0.97734,0.98339,0.98721,0.99451,0.97076,0.71842,0.91926,0.98973,0.98579,0.99968,0.75655,0.98177,0.99965,0.87431,0.99706,0.86927,0.9181,0.82056,0.79179,0.80742,0.36236,0.42748,1.0001,0.58001
22.3,0.99987,0.96359,0.94353,0.81575,0.99966,0.97475,0.87047,0.95321,0.8411,0.85682,0.98696,0.99891,0.99306,0.80555,0.53327,0.73231,0.89878,0.97432,0.99926,0.99729,0.95805,0.87826,0.99746,0.91635,0.98722,0.70306,0.74424,0.2171,0.24885,0.72952,0.44983,0.50873,0.562,1.00004,0.79111,0.99989,0.99991,0.99684,0.94595,0.98967,0.99762,0.58636,0.86954,0.87433,0.97735,0.98273,0.98667,0.99617,0.97413,0.71979,0.91082,0.98886,0.98426,0.99961,0.75623,0.9873,0.99971,0.86992,0.99698,0.86921,0.91826,0.82056,0.79179,0.80233,0.37932,0.42748,1.0001,0.58596
22.32,0.99994,0.96376,0.94362,0.81443,0.99961,0.97475,0.87822,0.95388,0.84477,0.8461,0.9868,0.9989,0.99265,0.8147,0.52411,0.73693,0.8887,0.97522,0.99904,0.99687,0.95807,0.88439,0.99608,0.91156,0.98715,0.70344,0.74397,0.2171,0.24885,0.72194,0.46985,0.50873,0.56199,0.99968,0.79367,0.9999,0.9999,0.9966,0.94532,0.98967,0.99591,0.5848,0.87351,0.86502,0.97758,0.9827,0.98611,0.99776,0.97733,0.72375,0.90205,0.98832,0.98326,0.99944,0.75616,0.98962,0.99904,0.8643,0.99693,0.86897,0.9185,0.82056,0.79179,0.79638,0.39942,0.42748,1.00011,0.59475
22.34,1,0.96404,0.94381,0.8131,0.99953,0.97475,0.88594,0.95436,0.849,0.83474,0.9866,0.99894,0.99217,0.82419,0.51509,0.74257,0.87816,0.97588,0.99883,0.9964,0.95805,0.88839,0.99367,0.90622,0.98709,0.70393,0.74365,0.2171,0.24885,0.71381,0.49083,0.50873,0.56201,0.99839,0.79623,0.99993,0.99989,0.99636,0.94447,0.98967,0.99369,0.58367,0.87805,0.85515,0.97788,0.98288,0.98544,0.99899,0.98034,0.72859,0.89288,0.98792,0.98241,0.99922,0.75623,0.99104,0.99752,0.85809,0.9969,0.86866,0.91877,0.82056,0.79179,0.78998,0.42052,0.42748,1.0001,0.60495
22.36,1.00003,0.96425,0.94396,0.81177,0.99947,0.97475,0.89333,0.95489,0.85292,0.82311,0.98642,0.99896,0.99162,0.83324,0.50639,0.74778,0.86717,0.97661,0.99857,0.99592,0.95803,0.89332,0.99113,0.90091,0.98702,0.70435,0.74337,0.2171,0.24885,0.70568,0.51089,0.50873,0.562,0.99629,0.79881,0.99995,0.99988,0.9961,0.94375,0.98967,0.99102,0.58243,0.88226,0.84506,0.97814,0.98296,0.98469,0.99973,0.9831,0.73307,0.88333,0.98745,0.98147,0.99898,0.75629,0.99268,0.99567,0.85194,0.99686,0.86839,0.91902,0.82056,0.79179,0.78357,0.44075,0.42748,1.0001,0.615
22.38,1.00004,0.96451,0.9441,0.81045,0.99939,0.97475,0.90043,0.95555,0.85668,0.81099,0.98622,0.99898,0.9914,0.84182,0.49745,0.7524,0.85548,0.97741,0.99828,0.99541,0.95808,0.89778,0.98805,0.8955,0.98696,0.70484,0.74304,0.2171,0.24885,0.69778,0.53015,0.50874,0.56198,0.9934,0.80128,0.99997,0.99987,0.99585,0.94289,0.98967,0.98791,0.58085,0.88626,0.83454,0.97842,0.98303,0.98439,1.00003,0.98578,0.73705,0.87316,0.98692,0.98044,0.99872,0.75611,0.99405,0.99321,0.84572,0.99682,0.86807,0.91931,0.82056,0.79179,0.77734,0.46023,0.42748,1.00012,0.62518
22.4,1.00002,0.9647,0.94427,0.80909,0.99933,0.97475,0.90741,0.95588,0.86076,0.79864,0.98604,0.99902,0.99044,0.85074,0.48967,0.75835,0.84384,0.97798,0.99802,0.99484,0.95797,0.90236,0.98449,0.88973,0.98688,0.70521,0.7428,0.2171,0.24885,0.68897,0.55013,0.50874,0.56208,0.98943,0.80393,0.99998,0.99986,0.99557,0.94225,0.98967,0.98426,0.58008,0.8906,0.82382,0.97867,0.98318,0.98309,0.99987,0.98798,0.74219,0.86306,0.98652,0.97956,0.9984,0.75647,0.99534,0.99021,0.83913,0.99678,0.86784,0.91952,0.82056,0.79179,0.77039,0.48046,0.42748,1.00005,0.63629
22.42,0.99996,0.96469,0.94443,0.80758,0.99933,0.97475,0.91448,0.95531,0.86569,0.78624,0.98594,0.9991,0.98693,0.86086,0.48449,0.76776,0.83311,0.97804,0.99788,0.99414,0.95742,0.90795,0.98076,0.88329,0.98673,0.70521,0.74282,0.2171,0.24885,0.67773,0.57227,0.50874,0.56191,0.98387,0.80713,0.99998,0.99985,0.99526,0.9423,0.98967,0.9799,0.58143,0.8958,0.81307,0.9788,0.98352,0.97846,0.99906,0.98936,0.75034,0.85374,0.98648,0.97912,0.998,0.75825,0.99673,0.98691,0.83181,0.99669,0.86784,0.9195,0.82056,0.79179,0.76151,0.50297,0.42748,1.00016,0.64918
22.44,0.99986,0.96461,0.94461,0.80601,0.99936,0.97475,0.92136,0.9544,0.87086,0.77372,0.98587,0.99919,0.9819,0.87112,0.48036,0.77829,0.82267,0.9779,0.9978,0.99336,0.9567,0.91359,0.97666,0.87645,0.98657,0.70509,0.74293,0.2171,0.24885,0.66551,0.59487,0.50874,0.56202,0.97681,0.81049,0.99997,0.99984,0.99492,0.9426,0.98967,0.97495,0.58358,0.90123,0.80221,0.9789,0.98393,0.97203,0.99749,0.99042,0.7595,0.84467,0.98658,0.97887,0.99754,0.76056,0.99791,0.98317,0.82408,0.99659,0.86792,0.9194,0.82056,0.79179,0.75184,0.526,0.42749,1.00009,0.6631
22.46,0.99972,0.96456,0.94481,0.80446,0.99938,0.97475,0.92787,0.95363,0.87577,0.76087,0.98579,0.99927,0.97675,0.88072,0.47595,0.78799,0.81177,0.97785,0.99769,0.99256,0.95604,0.91886,0.97214,0.86952,0.98641,0.70501,0.74302,0.2171,0.24885,0.65353,0.61644,0.50874,0.56235,0.96863,0.81372,0.99997,0.99983,0.99458,0.94277,0.98967,0.96953,0.58539,0.90634,0.79107,0.97901,0.98429,0.96563,0.99525,0.99151,0.76798,0.83521,0.98662,0.97853,0.99704,0.76262,0.99881,0.97894,0.8163,0.99649,0.86797,0.91933,0.82056,0.79179,0.74235,0.54806,0.42748,0.99988,0.67722
22.48,0.99953,0.9645,0.94491,0.80291,0.9994,0.97475,0.9343,0.95287,0.88066,0.74699,0.98571,0.99935,0.97012,0.89017,0.47119,0.79753,0.79985,0.97777,0.99758,0.99168,0.9554,0.92427,0.96721,0.86237,0.98624,0.70497,0.74307,0.2171,0.24885,0.64083,0.63734,0.50874,0.56106,0.95922,0.81711,0.99997,0.99982,0.99422,0.94296,0.98967,0.96336,0.58716,0.9114,0.77903,0.97913,0.98469,0.95756,0.99223,0.99263,0.77634,0.82487,0.98667,0.97816,0.99649,0.76464,0.99949,0.97422,0.80831,0.99639,0.86799,0.91928,0.82056,0.79179,0.73228,0.56952,0.42748,1.0007,0.69176
22.5,0.99932,0.96446,0.94521,0.80135,0.99942,0.97475,0.94003,0.95199,0.88536,0.73428,0.98563,0.99942,0.96425,0.89888,0.46758,0.80702,0.78922,0.97771,0.99749,0.99081,0.95467,0.92897,0.96194,0.85505,0.9861,0.70482,0.7432,0.2171,0.24885,0.62884,0.65801,0.50875,0.5634,0.94853,0.82014,0.99996,0.9998,0.99385,0.94319,0.98967,0.9571,0.5892,0.91621,0.76802,0.97923,0.98501,0.95051,0.98864,0.99343,0.78471,0.81565,0.98671,0.97789,0.99591,0.76687,0.99987,0.9691,0.80017,0.9963,0.86809,0.91917,0.82056,0.79179,0.72276,0.59083,0.4275,0.99922,0.70682
22.52,0.99916,0.96449,0.94596,0.79978,0.99944,0.97475,0.94453,0.95087,0.88978,0.72528,0.98557,0.99944,0.96281,0.90624,0.46661,0.81644,0.78268,0.97772,0.99747,0.99004,0.95384,0.93188,0.95642,0.84774,0.98605,0.70433,0.74354,0.2171,0.24884,0.61901,0.67881,0.50871,0.57394,0.93602,0.82225,0.99997,0.99973,0.99347,0.94344,0.98967,0.9516,0.5918,0.92071,0.76022,0.97931,0.98512,0.9488,0.98491,0.99365,0.79307,0.80998,0.98671,0.97784,0.9954,0.76939,0.99999,0.96364,0.79209,0.99627,0.86841,0.91887,0.82056,0.79179,0.71494,0.61235,0.42745,0.99247,0.72304
22.54,0.99901,0.96456,0.9469,0.79821,0.99947,0.97475,0.94846,0.94964,0.89397,0.71781,0.98552,0.99944,0.96298,0.91298,0.46671,0.82576,0.77774,0.97774,0.99748,0.98931,0.95293,0.93425,0.95062,0.84026,0.98604,0.70373,0.74396,0.2171,0.24885,0.61014,0.69924,0.50877,0.58817,0.92223,0.82399,0.99997,0.99965,0.99308,0.94373,0.98967,0.94632,0.59464,0.92494,0.75375,0.97938,0.98515,0.949,0.98089,0.99362,0.80137,0.80569,0.98669,0.97789,0.9949,0.77212,1.00003,0.95784,0.78386,0.99626,0.86879,0.91851,0.82056,0.79179,0.70789,0.63359,0.42753,0.98312,0.73966
22.56,0.99883,0.96463,0.94779,0.79664,0.99949,0.97475,0.95235,0.94844,0.89805,0.70969,0.98546,0.99946,0.96236,0.9196,0.4664,0.83479,0.77202,0.97775,0.99749,0.98853,0.95201,0.93691,0.94446,0.83252,0.98601,0.7032,0.74432,0.2171,0.24884,0.60097,0.71887,0.50875,0.60157,0.90749,0.82584,0.99998,0.99955,0.99267,0.94402,0.98967,0.94062,0.59736,0.92902,0.74671,0.97946,0.98521,0.94827,0.97629,0.99369,0.80946,0.80073,0.98668,0.97789,0.99436,0.77484,0.99999,0.95161,0.77539,0.99624,0.86912,0.91819,0.82056,0.79179,0.70059,0.65409,0.4275,0.97405,0.75632
22.58,0.99862,0.96462,0.94852,0.79505,0.99951,0.97475,0.95638,0.94718,0.90247,0.70052,0.9854,0.99947,0.96192,0.92605,0.46578,0.84359,0.76603,0.97777,0.99748,0.9877,0.95121,0.93903,0.93773,0.82489,0.98598,0.70257,0.74477,0.2171,0.24884,0.59035,0.73791,0.5086,0.61032,0.88945,0.8279,0.99998,0.99947,0.99225,0.94425,0.98967,0.93413,0.60023,0.93341,0.73877,0.97953,0.98529,0.94774,0.97112,0.99382,0.81739,0.79554,0.98667,0.97788,0.99378,0.77715,0.9999,0.94474,0.76706,0.99623,0.86952,0.9178,0.82056,0.79179,0.69214,0.67408,0.4273,0.96798,0.77553
22.6,0.99846,0.96479,0.94958,0.79349,0.99954,0.97475,0.95956,0.946,0.90588,0.69359,0.98535,0.99948,0.9615,0.93196,0.46607,0.85213,0.76079,0.97779,0.9975,0.98689,0.95011,0.94199,0.9311,0.81651,0.98596,0.70214,0.74506,0.2171,0.24886,0.58273,0.75615,0.5091,0.62871,0.8744,0.82943,0.99999,0.99933,0.99183,0.94459,0.98967,0.92854,0.60287,0.93676,0.73277,0.9796,0.98532,0.94724,0.9657,0.99376,0.82514,0.791,0.98666,0.97793,0.99321,0.78028,0.99968,0.93791,0.75795,0.99621,0.8698,0.91754,0.82056,0.7918,0.68607,0.69334,0.42796,0.95482,0.79079
22.62,0.99845,0.96541,0.95157,0.79209,0.9996,0.97475,0.96092,0.94513,0.9068,0.69267,0.98531,0.99947,0.96077,0.93703,0.46857,0.86054,0.75728,0.97782,0.99758,0.98621,0.94813,0.94734,0.92548,0.8061,0.98594,0.70227,0.74494,0.2171,0.24882,0.5831,0.77366,0.50827,0.67329,0.87149,0.82954,1.00003,0.99903,0.99144,0.94525,0.98967,0.92601,0.60482,0.93766,0.73197,0.97966,0.98526,0.94638,0.96047,0.99322,0.83282,0.78795,0.98664,0.97817,0.99273,0.78581,0.99897,0.93209,0.7467,0.9962,0.86972,0.91766,0.82056,0.79178,0.68636,0.71193,0.42688,0.92047,0.79366
22.64,0.99849,0.9662,0.95382,0.79071,0.99966,0.97475,0.96162,0.94437,0.9068,0.69408,0.98527,0.99944,0.96001,0.94166,0.47201,0.86867,0.75454,0.97785,0.99768,0.98557,0.94581,0.95321,0.92017,0.79482,0.98593,0.7026,0.74465,0.21711,0.24888,0.58664,0.79033,0.5087,0.72314,0.87319,0.82913,1.00008,0.99862,0.99105,0.94602,0.98967,0.92468,0.60652,0.93766,0.7332,0.97972,0.98515,0.94549,0.95517,0.99244,0.8403,0.78558,0.98662,0.97848,0.99226,0.79205,0.99767,0.92656,0.73456,0.99619,0.8695,0.9179,0.82057,0.79181,0.68918,0.72974,0.42743,0.87719,0.79198
22.66,0.99851,0.96691,0.95585,0.7893,0.99971,0.97475,0.9626,0.94356,0.90719,0.69447,0.98522,0.99943,0.95924,0.94619,0.4751,0.87647,0.75151,0.97788,0.99776,0.98489,0.94362,0.95838,0.91444,0.78362,0.98591,0.70285,0.74443,0.2171,0.24885,0.58894,0.80625,0.51058,0.76457,0.8727,0.82898,1.0001,0.99818,0.99064,0.94672,0.98967,0.92277,0.60831,0.93804,0.73353,0.97977,0.98506,0.94457,0.94943,0.99172,0.84752,0.78295,0.98659,0.97875,0.99176,0.79773,0.996,0.92057,0.72256,0.99618,0.86934,0.9181,0.82056,0.7918,0.69101,0.74685,0.42986,0.83635,0.79247
22.68,0.99854,0.96757,0.95799,0.78798,0.99976,0.97475,0.96354,0.94271,0.90767,0.69481,0.98518,0.99941,0.95858,0.95063,0.4781,0.88442,0.7482,0.97791,0.99786,0.9842,0.94119,0.96336,0.90845,0.7716,0.98588,0.70305,0.74424,0.21709,0.24872,0.59036,0.82234,0.50382,0.80681,0.87258,0.82871,1.00012,0.99764,0.99025,0.94744,0.98967,0.92088,0.61021,0.93851,0.73382,0.97983,0.98499,0.9438,0.9432,0.99099,0.85495,0.78008,0.98657,0.97905,0.99126,0.80382,0.99382,0.91427,0.70973,0.99616,0.86922,0.91826,0.82056,0.79174,0.69215,0.76429,0.42115,0.7888,0.79259
22.7,0.99855,0.96836,0.95981,0.78647,0.99981,0.97475,0.96439,0.94196,0.90775,0.69575,0.98514,0.99939,0.95765,0.95465,0.48161,0.89133,0.74554,0.97795,0.99793,0.98347,0.93906,0.96793,0.90256,0.76022,0.98589,0.70342,0.74395,0.21713,0.24918,0.59437,0.83608,0.51543,0.8387,0.87283,0.82859,1.00013,0.99711,0.9898,0.94815,0.98967,0.91915,0.61185,0.93859,0.73464,0.97988,0.98486,0.9427,0.93699,0.99011,0.86145,0.77778,0.98655,0.97928,0.99072,0.80898,0.99124,0.90806,0.69765,0.99616,0.86899,0.91852,0.82058,0.79194,0.69534,0.77928,0.4361,0.74779,0.79234
22.72,0.99851,0.96951,0.96085,0.78446,0.99985,0.97475,0.96514,0.94153,0.90695,0.69785,0.98512,0.99933,0.95573,0.95792,0.48636,0.89576,0.74479,0.97798,0.99796,0.98283,0.93789,0.97191,0.89709,0.75136,0.98596,0.70421,0.7434,0.21707,0.2484,0.60416,0.84496,0.57426,0.85001,0.87249,0.82892,1.00012,0.99679,0.98918,0.94882,0.98967,0.91758,0.6128,0.93781,0.73646,0.97991,0.98458,0.94044,0.93147,0.98887,0.86565,0.77712,0.98653,0.97936,0.99024,0.81176,0.98842,0.90227,0.68827,0.99621,0.86848,0.919,0.82055,0.7916,0.70313,0.78903,0.51151,0.73192,0.79268
22.74,0.99846,0.97077,0.96159,0.78225,0.99989,0.97475,0.96582,0.94121,0.90576,0.70045,0.98511,0.99926,0.95351,0.96087,0.49163,0.89937,0.74463,0.97802,0.99796,0.98211,0.93709,0.9755,0.89181,0.7434,0.98606,0.70516,0.74275,0.2171,0.24883,0.61636,0.85199,0.64519,0.85468,0.87245,0.82944,1.00007,0.99654,0.98848,0.94948,0.98967,0.91612,0.6135,0.93665,0.73871,0.97992,0.98424,0.93784,0.9261,0.98744,0.86909,0.77699,0.9865,0.97937,0.9897,0.81363,0.98534,0.89666,0.67987,0.99627,0.86787,0.91956,0.82056,0.79179,0.71284,0.79679,0.60164,0.72514,0.79272
22.76,0.9984,0.97194,0.96241,0.78012,0.99993,0.97475,0.96654,0.94083,0.90474,0.70276,0.98509,0.99919,0.95151,0.96383,0.49672,0.90333,0.74404,0.97805,0.99797,0.98126,0.93614,0.97883,0.88634,0.7349,0.98615,0.70603,0.74215,0.21722,0.25052,0.62753,0.85953,0.70367,0.86205,0.8726,0.82992,0.99999,0.99625,0.98778,0.95014,0.98967,0.91457,0.61434,0.93564,0.74071,0.97994,0.98392,0.9355,0.9203,0.98599,0.87288,0.77647,0.98648,0.9794,0.98907,0.81581,0.9819,0.89084,0.67092,0.99633,0.86732,0.92008,0.82064,0.79252,0.72171,0.80515,0.67511,0.71413,0.79257
22.78,0.99837,0.97314,0.96339,0.77805,0.99996,0.97475,0.96718,0.9405,0.90371,0.70532,0.98507,0.99911,0.94882,0.96656,0.50218,0.90685,0.74418,0.97809,0.998,0.98099,0.93502,0.98218,0.8803,0.72591,0.98623,0.70693,0.74153,0.2168,0.24431,0.63735,0.86706,0.75524,0.86958,0.87156,0.83017,0.99988,0.99588,0.98709,0.95081,0.98967,0.91313,0.61505,0.93463,0.74293,0.97997,0.9836,0.93236,0.9145,0.98438,0.87626,0.7766,0.98645,0.97949,0.98886,0.81835,0.97776,0.88439,0.66147,0.99638,0.86673,0.92062,0.82037,0.78983,0.72951,0.81355,0.73908,0.70248,0.7936
22.8,0.99828,0.97422,0.96393,0.77577,0.99998,0.97475,0.96794,0.94008,0.90259,0.70743,0.98507,0.99903,0.94735,0.96935,0.5072,0.91088,0.74292,0.97812,0.99798,0.97946,0.93435,0.98472,0.87513,0.71781,0.98634,0.7078,0.74093,0.21752,0.25514,0.6501,0.87364,0.8074,0.87476,0.87295,0.83096,0.99973,0.99567,0.98631,0.95143,0.98967,0.91141,0.61598,0.93352,0.74476,0.97998,0.98326,0.93064,0.90813,0.98285,0.88017,0.7755,0.98643,0.97943,0.9877,0.81987,0.97403,0.87886,0.65298,0.99645,0.86617,0.92113,0.82084,0.79451,0.73963,0.82091,0.80271,0.69422,0.79222
22.82,0.998,0.97505,0.96336,0.77299,1,0.97475,0.96901,0.9394,0.90133,0.70825,0.9851,0.99894,0.94976,0.97248,0.51074,0.91656,0.73748,0.97809,0.99781,0.97394,0.93477,0.98573,0.8725,0.71206,0.98649,0.70851,0.74043,0.22137,0.30868,0.66942,0.87848,0.86612,0.87528,0.88128,0.83319,0.9996,0.9959,0.98532,0.95187,0.98967,0.90893,0.61744,0.93228,0.74547,0.97993,0.98286,0.93345,0.90032,0.98173,0.8857,0.77079,0.98645,0.9789,0.98341,0.81892,0.97238,0.87603,0.64697,0.99654,0.86572,0.92156,0.82332,0.81739,0.75494,0.82637,0.87243,0.69337,0.7839
22.84,0.99763,0.97576,0.96234,0.77,1.00002,0.97475,0.97019,0.93862,0.89997,0.7086,0.98515,0.99883,0.95329,0.97559,0.51377,0.92262,0.73051,0.97805,0.9976,0.96618,0.93565,0.9862,0.8709,0.70732,0.98667,0.70918,0.73996,0.22637,0.37635,0.69115,0.88253,0.91724,0.87381,0.89147,0.83596,0.99947,0.99627,0.98423,0.95227,0.98967,0.90611,0.61914,0.93093,0.74577,0.97986,0.98245,0.93757,0.89177,0.98077,0.89167,0.76476,0.98648,0.97823,0.9772,0.81694,0.97157,0.87432,0.64202,0.99665,0.86528,0.92197,0.82651,0.84554,0.77211,0.83095,0.93038,0.69575,0.77343
22.86,0.99726,0.97648,0.9615,0.76709,1.00003,0.97475,0.97131,0.93785,0.89862,0.70911,0.9852,0.99873,0.95599,0.97844,0.51704,0.92822,0.72419,0.97802,0.9974,0.95838,0.93634,0.98688,0.8689,0.70214,0.98683,0.70988,0.73946,0.23084,0.43521,0.71136,0.88677,0.95423,0.87327,0.89998,0.83849,0.99932,0.99657,0.98313,0.95272,0.98967,0.90333,0.6208,0.92959,0.74621,0.97981,0.98205,0.94074,0.88308,0.9797,0.89724,0.75928,0.9865,0.97765,0.97081,0.81536,0.97035,0.87216,0.63662,0.99675,0.86483,0.9224,0.82936,0.86923,0.78805,0.83575,0.96908,0.69662,0.76446
22.88,0.99688,0.9773,0.96067,0.76418,1.00004,0.97475,0.97232,0.9372,0.89736,0.70984,0.98525,0.99861,0.95938,0.98114,0.52045,0.93355,0.71758,0.97797,0.99715,0.94904,0.93692,0.98759,0.86649,0.69658,0.98699,0.71051,0.73902,0.23524,0.48491,0.72888,0.89115,0.98282,0.87244,0.90936,0.84096,0.99914,0.99684,0.982,0.95304,0.98967,0.90073,0.62221,0.92833,0.74685,0.97974,0.98158,0.94473,0.87399,0.97857,0.90261,0.75355,0.98653,0.9769,0.96301,0.81402,0.96902,0.86958,0.63081,0.99684,0.86442,0.92278,0.83215,0.88857,0.80183,0.84075,0.99412,0.69795,0.75425
22.9,0.99643,0.97786,0.95969,0.7612,1.00006,0.97475,0.97352,0.93627,0.89586,0.70999,0.98528,0.99851,0.96134,0.98365,0.52355,0.93891,0.71097,0.97796,0.99699,0.93993,0.93783,0.98807,0.86515,0.69195,0.98717,0.71128,0.73847,0.24001,0.54775,0.75046,0.89482,0.99564,0.87179,0.91631,0.84363,0.99899,0.99715,0.9808,0.95361,0.98967,0.89756,0.62421,0.92684,0.74698,0.9797,0.98124,0.94705,0.86459,0.97752,0.90808,0.74782,0.98654,0.97644,0.9553,0.81191,0.96809,0.86813,0.626,0.99695,0.86392,0.92325,0.83516,0.912,0.81876,0.84495,1.00009,0.69899,0.74647
22.92,0.99587,0.97779,0.95849,0.75809,1.00008,0.97475,0.97521,0.93452,0.89381,0.70866,0.98525,0.99854,0.95938,0.98593,0.52581,0.94459,0.70487,0.97801,0.99714,0.93413,0.93945,0.98815,0.86627,0.68952,0.98742,0.71242,0.73764,0.24562,0.64317,0.78266,0.89714,0.99726,0.8722,0.91707,0.8467,0.99901,0.9975,0.97952,0.9548,0.98967,0.89286,0.62794,0.92478,0.74583,0.97974,0.98133,0.94474,0.85506,0.97674,0.91396,0.74254,0.9865,0.97686,0.95034,0.80806,0.96792,0.86934,0.62347,0.9971,0.86317,0.92396,0.83867,0.94483,0.84391,0.8476,0.99981,0.69832,0.74561
22.94,0.99523,0.97747,0.95714,0.75493,1.00009,0.97475,0.97702,0.93247,0.89152,0.70675,0.98519,0.9986,0.95596,0.98803,0.52779,0.9502,0.69885,0.97809,0.99738,0.92942,0.94136,0.98802,0.86845,0.68809,0.98771,0.71369,0.73669,0.25154,0.73855,0.81648,0.89881,0.9968,0.87288,0.91578,0.84996,0.99909,0.99787,0.97817,0.95622,0.98967,0.88751,0.63228,0.92246,0.74417,0.97982,0.98156,0.94071,0.84525,0.97606,0.91986,0.73733,0.98645,0.97758,0.94629,0.80342,0.96818,0.87169,0.62199,0.99726,0.86234,0.92476,0.84235,0.97306,0.87016,0.84953,0.99995,0.69725,0.74707
22.96,0.99456,0.97727,0.95579,0.75177,1.00009,0.97475,0.97869,0.93055,0.88926,0.70509,0.98514,0.99864,0.95308,0.98997,0.52998,0.95542,0.69271,0.97816,0.99757,0.92387,0.94313,0.98793,0.87031,0.68636,0.98798,0.71492,0.73579,0.25724,0.81432,0.84574,0.90059,0.99728,0.8734,0.91549,0.85315,0.99914,0.9982,0.97679,0.95753,0.98967,0.8823,0.63632,0.92018,0.74273,0.97988,0.98169,0.93733,0.83506,0.9753,0.92545,0.732,0.9864,0.97813,0.9415,0.79898,0.96836,0.87368,0.62019,0.99742,0.86153,0.92552,0.84586,0.99039,0.89269,0.85157,0.9998,0.69641,0.7474
22.98,0.99388,0.97706,0.95454,0.74859,1.00008,0.97475,0.98032,0.92846,0.88712,0.70345,0.98509,0.9987,0.9501,0.99172,0.53191,0.9604,0.68642,0.97823,0.99777,0.9182,0.94476,0.98808,0.87153,0.68396,0.98823,0.71609,0.73493,0.26314,0.87943,0.87298,0.90293,0.99752,0.874,0.91496,0.85617,0.99919,0.99847,0.97536,0.95872,0.98967,0.87684,0.64068,0.918,0.74131,0.97995,0.98192,0.93385,0.82465,0.97462,0.9309,0.72656,0.98635,0.97875,0.93658,0.7948,0.96808,0.875,0.6177,0.99755,0.86076,0.92625,0.84947,0.99915,0.91347,0.85428,0.9997,0.69544,0.748
23,0.99307,0.9768,0.95301,0.74543,1.00004,0.97475,0.98185,0.92659,0.88464,0.70162,0.98503,0.99872,0.94667,0.99333,0.53432,0.96501,0.6803,0.97831,0.99793,0.91253,0.94666,0.98768,0.87419,0.68319,0.98852,0.7174,0.73397,0.26863,0.92817,0.89724,0.90399,0.99775,0.87451,0.91442,0.85954,0.99925,0.99878,0.97391,0.96015,0.98967,0.87144,0.64457,0.91547,0.73973,0.98002,0.982,0.92985,0.81376,0.97376,0.93605,0.72126,0.9863,0.97929,0.93165,0.78978,0.96885,0.87785,0.6169,0.99772,0.85988,0.92706,0.85281,0.99873,0.93176,0.85551,0.99958,0.69462,0.7486
23.02,0.99196,0.97641,0.95065,0.74233,0.99995,0.97475,0.98319,0.92534,0.88121,0.69931,0.98507,0.9986,0.94229,0.99485,0.53829,0.96915,0.67464,0.9784,0.998,0.90675,0.94926,0.98584,0.88095,0.68664,0.98894,0.71909,0.73274,0.27298,0.95885,0.91768,0.9011,0.99839,0.87473,0.91437,0.86384,0.99934,0.99918,0.97244,0.96225,0.98967,0.86639,0.64714,0.91196,0.73773,0.97997,0.98155,0.92478,0.80178,0.97233,0.94079,0.71636,0.98623,0.97951,0.9266,0.78267,0.97219,0.88508,0.62048,0.99794,0.85875,0.92809,0.85543,0.99202,0.94696,0.85217,0.9991,0.69426,0.74866
23.04,0.99066,0.97599,0.94796,0.73927,0.9998,0.97475,0.98441,0.92435,0.87744,0.69687,0.98508,0.99843,0.93742,0.99618,0.54276,0.97294,0.66918,0.9785,0.99805,0.90101,0.95207,0.98324,0.88876,0.69168,0.9894,0.72093,0.73141,0.27693,0.9796,0.93546,0.89703,0.99896,0.87486,0.91438,0.86844,0.99943,0.99953,0.97096,0.96451,0.98967,0.8615,0.64917,0.90807,0.73561,0.97996,0.98096,0.91916,0.7893,0.97068,0.94524,0.71163,0.98616,0.97965,0.92156,0.77466,0.97628,0.89342,0.62572,0.99818,0.85753,0.92919,0.8578,0.98078,0.95996,0.84748,0.99843,0.69405,0.74865
23.06,0.98932,0.97562,0.94538,0.73622,0.99961,0.97475,0.98559,0.9233,0.87381,0.69457,0.98504,0.99829,0.9326,0.9973,0.54697,0.97649,0.66359,0.9786,0.99811,0.8951,0.95466,0.98069,0.89544,0.69597,0.98983,0.72269,0.73013,0.28103,0.99343,0.95115,0.89381,0.99937,0.87502,0.91435,0.87283,0.9995,0.99978,0.96945,0.96657,0.98967,0.85652,0.65132,0.9043,0.73362,0.98001,0.98048,0.91362,0.77669,0.96911,0.94952,0.70679,0.98609,0.97984,0.91636,0.76689,0.97971,0.90052,0.63018,0.99839,0.85634,0.93025,0.86024,0.96413,0.97119,0.84379,0.99766,0.69379,0.74869
23.08,0.98786,0.97507,0.94251,0.73296,0.99936,0.97475,0.98684,0.92195,0.86986,0.69182,0.98527,0.99808,0.92712,0.99827,0.55159,0.97993,0.6578,0.97866,0.99815,0.88854,0.95723,0.97815,0.90323,0.70017,0.99024,0.72447,0.72885,0.28513,0.99976,0.96509,0.88869,0.99972,0.87524,0.9143,0.8773,0.9996,0.99996,0.9678,0.96874,0.98967,0.85091,0.65405,0.90017,0.73124,0.97971,0.97975,0.90735,0.76289,0.96735,0.95381,0.70178,0.98604,0.97998,0.91057,0.75886,0.98266,0.90877,0.63456,0.99859,0.85513,0.93131,0.86267,0.94107,0.98087,0.83794,0.99655,0.69344,0.74875
23.1,0.98636,0.97488,0.93998,0.73013,0.9991,0.97475,0.98779,0.92125,0.86635,0.68997,0.98493,0.99799,0.92241,0.99894,0.55559,0.98281,0.65237,0.97881,0.99821,0.8829,0.9597,0.97485,0.90838,0.70485,0.99068,0.72622,0.72757,0.28917,0.9984,0.97583,0.88721,0.99988,0.87531,0.91433,0.88159,0.99963,1.00004,0.96633,0.97052,0.98967,0.84642,0.65547,0.8965,0.72964,0.98015,0.97948,0.90198,0.75041,0.9658,0.95752,0.69708,0.98594,0.98021,0.90558,0.75078,0.98595,0.91421,0.63944,0.99879,0.85394,0.93236,0.86505,0.91627,0.98802,0.83626,0.99563,0.69332,0.7487
23.12,0.98498,0.97567,0.93872,0.72852,0.99896,0.97475,0.98803,0.92237,0.86426,0.69048,0.98288,0.99831,0.9204,0.99928,0.55785,0.98476,0.64773,0.97909,0.99836,0.87963,0.96194,0.96946,0.90618,0.71029,0.99117,0.72793,0.72625,0.29262,0.99406,0.98298,0.8953,0.99987,0.87506,0.91459,0.88528,0.99949,1.00005,0.96549,0.97136,0.98967,0.84525,0.65321,0.8943,0.73007,0.98264,0.98055,0.89969,0.74229,0.96492,0.96012,0.69306,0.98574,0.9807,0.90268,0.74309,0.99022,0.91188,0.64512,0.999,0.85276,0.93343,0.86708,0.89781,0.99252,0.84549,0.99572,0.69373,0.74842
23.14,0.9836,0.9768,0.93787,0.72735,0.99887,0.97475,0.98802,0.9241,0.8627,0.69192,0.98004,0.99873,0.91942,0.9995,0.55941,0.98633,0.64351,0.97946,0.99852,0.87753,0.9641,0.96286,0.90157,0.71615,0.99167,0.7296,0.72495,0.29613,0.98886,0.98822,0.90671,0.9998,0.87466,0.91494,0.8888,0.99925,1.00005,0.96487,0.97187,0.98967,0.84531,0.64968,0.89265,0.73133,0.98559,0.98204,0.89857,0.73586,0.96431,0.96227,0.68941,0.98546,0.98127,0.90081,0.73538,0.99407,0.90701,0.65125,0.9992,0.85162,0.93448,0.86912,0.88233,0.9956,0.85866,0.99617,0.69437,0.74802
23.16,0.9821,0.97776,0.93677,0.72596,0.99875,0.97475,0.98812,0.92548,0.86091,0.69305,0.97735,0.99903,0.91798,0.99969,0.56119,0.98791,0.63923,0.97985,0.99867,0.87522,0.96621,0.9561,0.89832,0.72185,0.99215,0.73124,0.72367,0.29994,0.98131,0.99261,0.9164,0.99975,0.87431,0.91527,0.89241,0.99902,1.00004,0.96412,0.9725,0.98967,0.84481,0.64684,0.89075,0.7323,0.98797,0.98325,0.89694,0.72863,0.9636,0.9645,0.6857,0.98517,0.98181,0.89876,0.72746,0.99681,0.90357,0.65722,0.99938,0.85048,0.93551,0.87133,0.8641,0.99793,0.86999,0.99642,0.69494,0.74764
23.18,0.98062,0.97866,0.93588,0.72464,0.99862,0.97475,0.98822,0.92707,0.859,0.69371,0.97429,0.99931,0.91636,0.99984,0.56344,0.98945,0.63425,0.97996,0.9988,0.87137,0.96822,0.94811,0.8935,0.72707,0.9926,0.73305,0.72228,0.30228,0.9703,0.99641,0.92362,0.99967,0.87403,0.91552,0.89582,0.99877,1.00002,0.96341,0.97318,0.98967,0.84431,0.64357,0.88873,0.73287,0.99027,0.98451,0.8951,0.72081,0.9627,0.96675,0.68139,0.98508,0.9823,0.89534,0.71962,0.99884,0.89846,0.66269,0.99954,0.84922,0.93663,0.87268,0.84166,0.99955,0.87853,0.99674,0.69539,0.74737
23.2,0.97893,0.97971,0.93463,0.72326,0.99852,0.97475,0.98826,0.92833,0.85742,0.69555,0.97128,0.99954,0.91534,0.99992,0.56456,0.99073,0.63073,0.98066,0.99894,0.8709,0.97025,0.94076,0.8912,0.73323,0.99308,0.7345,0.72114,0.30769,0.96127,0.99827,0.93506,0.99961,0.87357,0.91596,0.89954,0.99843,0.99998,0.96266,0.97366,0.98967,0.84409,0.64096,0.88706,0.73447,0.99218,0.98564,0.89394,0.71434,0.96226,0.96868,0.67834,0.98453,0.98288,0.89491,0.71127,0.99978,0.89601,0.66916,0.99968,0.8482,0.93754,0.87579,0.82526,1.00001,0.89228,0.99697,0.69613,0.74687
23.22,0.97673,0.98113,0.93236,0.72165,0.99853,0.97475,0.98819,0.92859,0.85668,0.70056,0.96917,0.99966,0.91578,0.99994,0.56272,0.99152,0.63146,0.98276,0.99912,0.87998,0.97244,0.93689,0.89647,0.74173,0.9937,0.73502,0.72064,0.32128,0.96323,0.99809,0.95576,0.99962,0.87264,0.91692,0.90412,0.9979,0.99987,0.96178,0.97363,0.98967,0.84444,0.64041,0.88627,0.7388,0.99335,0.98636,0.89444,0.71175,0.96299,0.96991,0.67898,0.98277,0.98361,0.90299,0.70184,0.99999,0.90162,0.67811,0.99985,0.84784,0.93793,0.88347,0.82872,0.99998,0.91808,0.99694,0.69763,0.74577
23.24,0.97424,0.98265,0.92966,0.71996,0.99857,0.97475,0.98807,0.92852,0.85628,0.70664,0.96727,0.99976,0.91679,0.99994,0.55978,0.99215,0.63364,0.98526,0.9993,0.89175,0.97463,0.93432,0.90422,0.75107,0.99433,0.73519,0.72038,0.33781,0.96905,0.99713,0.97528,0.99965,0.87152,0.91807,0.909,0.99723,0.99968,0.96084,0.97341,0.98967,0.84502,0.64057,0.88584,0.74407,0.99429,0.98699,0.89559,0.71051,0.96416,0.97091,0.68086,0.98038,0.98443,0.91341,0.69181,1.00003,0.90981,0.68797,0.99997,0.84772,0.93814,0.89257,0.83931,0.99977,0.94424,0.99683,0.69941,0.74446
23.26,0.97168,0.98406,0.92704,0.71828,0.9986,0.97475,0.98799,0.92858,0.85571,0.71206,0.96507,0.99984,0.91752,0.99995,0.55735,0.99284,0.63501,0.9874,0.99946,0.90125,0.97672,0.93107,0.91063,0.75991,0.9949,0.73551,0.72002,0.35291,0.97262,0.99638,0.98832,0.99967,0.87048,0.91912,0.91372,0.9965,0.99943,0.95989,0.97328,0.98967,0.84544,0.64045,0.88524,0.74877,0.99525,0.98766,0.89641,0.70841,0.96512,0.97203,0.68205,0.97804,0.98521,0.92177,0.68171,0.99997,0.91657,0.69732,1.00005,0.84749,0.93842,0.90066,0.84612,0.99954,0.96396,0.99676,0.70106,0.74326
23.28,0.96912,0.98537,0.9246,0.71672,0.99863,0.97475,0.98785,0.92873,0.85519,0.71785,0.96318,0.99991,0.91835,0.99996,0.55495,0.99337,0.63702,0.98919,0.99957,0.91183,0.97863,0.92761,0.91634,0.76816,0.99549,0.73586,0.71964,0.36723,0.97673,0.99566,0.99665,0.99969,0.86943,0.92017,0.9182,0.99571,0.99915,0.95901,0.97312,0.98967,0.84614,0.64013,0.88468,0.75379,0.99599,0.98822,0.89736,0.70737,0.96605,0.9729,0.68379,0.97579,0.98584,0.93104,0.67194,0.99978,0.92256,0.70608,1.00009,0.84725,0.93873,0.90813,0.85434,0.99928,0.97961,0.99668,0.70272,0.74204
23.3,0.96614,0.98671,0.92154,0.71488,0.99866,0.97475,0.98782,0.92861,0.85464,0.72298,0.96054,0.99997,0.91908,0.99996,0.55226,0.99413,0.63801,0.99126,0.99972,0.91944,0.98065,0.92471,0.9234,0.77737,0.99595,0.73608,0.71937,0.38327,0.97969,0.99438,1.00002,0.99971,0.86836,0.92124,0.92313,0.99477,0.99873,0.95795,0.97297,0.98967,0.84629,0.64038,0.88409,0.75823,0.99688,0.98894,0.89819,0.70439,0.96709,0.9742,0.68465,0.9728,0.98674,0.93766,0.66088,0.99953,0.92993,0.71589,1.00008,0.8471,0.93894,0.91624,0.86057,0.99875,0.99087,0.99659,0.7044,0.74081
23.32,0.96217,0.98816,0.91686,0.71225,0.99867,0.97475,0.98813,0.92774,0.85398,0.72604,0.95551,1.00003,0.91937,0.99992,0.54903,0.99547,0.63584,0.99404,0.99992,0.91942,0.98311,0.92337,0.93375,0.78903,0.99608,0.73604,0.71938,0.40401,0.97996,0.99137,0.99843,0.99974,0.86725,0.92233,0.92929,0.9936,0.99797,0.95643,0.9729,0.98967,0.84476,0.64218,0.88339,0.76088,0.99822,0.99012,0.89852,0.69575,0.96832,0.97664,0.68277,0.96779,0.98835,0.93764,0.64641,0.9994,0.94065,0.72834,1.00007,0.84712,0.93893,0.92631,0.86116,0.99731,0.99763,0.99644,0.70613,0.73954
23.34,0.95764,0.98959,0.91146,0.70934,0.99869,0.97475,0.98854,0.92661,0.85326,0.72845,0.94941,1.00001,0.91956,0.99979,0.54556,0.99684,0.63257,0.99652,1.00002,0.91691,0.98557,0.9226,0.9446,0.8014,0.9961,0.7359,0.71951,0.42601,0.97922,0.98707,0.99201,0.99978,0.86614,0.92342,0.93585,0.99225,0.9969,0.95471,0.97284,0.98967,0.84267,0.64451,0.88262,0.76297,0.99927,0.99139,0.89873,0.68491,0.96964,0.97936,0.67994,0.96166,0.99008,0.93546,0.63049,0.99931,0.95175,0.74163,1.00007,0.84722,0.93883,0.93646,0.85957,0.99495,1.00002,0.99627,0.70786,0.73827
23.36,0.95302,0.99091,0.90619,0.70658,0.9987,0.97475,0.98889,0.92565,0.85252,0.73122,0.9434,0.99993,0.9198,0.99958,0.54223,0.99791,0.62975,0.99824,1,0.91566,0.98775,0.92146,0.95391,0.81301,0.99618,0.73582,0.71957,0.44657,0.97864,0.98248,0.98095,0.99981,0.86504,0.92448,0.94209,0.9908,0.99569,0.95306,0.97277,0.98967,0.84089,0.64651,0.88183,0.76537,0.99981,0.99248,0.89901,0.67475,0.97088,0.98178,0.6775,0.95543,0.99157,0.93438,0.61486,0.99917,0.96113,0.75416,1.00006,0.84728,0.93878,0.94543,0.85832,0.99221,0.99816,0.99612,0.70955,0.73702
23.38,0.94813,0.99213,0.90058,0.70368,0.99871,0.97475,0.98928,0.92443,0.85196,0.73368,0.93647,0.99976,0.91997,0.99929,0.53892,0.99872,0.62708,0.99941,0.99986,0.91388,0.98981,0.92081,0.96264,0.82403,0.99623,0.7357,0.71967,0.4682,0.9794,0.97611,0.96375,0.99984,0.86384,0.92563,0.94826,0.98923,0.99423,0.95129,0.97273,0.98967,0.83882,0.649,0.88123,0.7675,0.9999,0.99358,0.8992,0.6648,0.9721,0.98392,0.67518,0.94827,0.99299,0.93282,0.59841,0.99908,0.96978,0.76613,1.00005,0.84736,0.9387,0.95429,0.85993,0.98819,0.99146,0.99592,0.7114,0.73566
23.4,0.94298,0.99328,0.89512,0.70099,0.99873,0.97475,0.98958,0.92366,0.85101,0.73655,0.9303,0.99954,0.92031,0.99888,0.53557,0.99943,0.62383,0.99989,0.99961,0.91252,0.99159,0.91921,0.97012,0.83541,0.99631,0.73562,0.71973,0.48667,0.97709,0.97104,0.94499,0.99986,0.86285,0.92656,0.95437,0.98751,0.99265,0.94963,0.97263,0.98967,0.83719,0.65057,0.88022,0.76999,0.99959,0.99448,0.89959,0.65348,0.97331,0.98624,0.67238,0.94142,0.99422,0.93164,0.58243,0.99886,0.97702,0.77854,1.00004,0.84742,0.93865,0.96135,0.85508,0.98487,0.98202,0.9958,0.7129,0.73456
23.42,0.93757,0.99442,0.89031,0.69884,0.99878,0.97475,0.98965,0.92416,0.84895,0.74092,0.9267,0.99936,0.92073,0.99818,0.53234,0.99999,0.61883,0.99991,0.99931,0.91311,0.99299,0.9149,0.97579,0.84804,0.99651,0.73569,0.7196,0.49768,0.96431,0.97278,0.93405,0.99983,0.86248,0.92689,0.9604,0.98553,0.99115,0.94829,0.97233,0.98967,0.8368,0.64956,0.878,0.77378,0.99926,0.99504,0.90006,0.63833,0.97447,0.98918,0.66805,0.93663,0.99517,0.93215,0.56847,0.99816,0.98236,0.79242,1.00001,0.84737,0.93876,0.96534,0.83064,0.98602,0.97594,0.99596,0.71347,0.73416
23.44,0.93193,0.99545,0.88581,0.69696,0.99885,0.97475,0.98963,0.92512,0.84648,0.74566,0.92437,0.9992,0.92139,0.99725,0.52905,1.00003,0.61336,0.99975,0.99896,0.9142,0.99418,0.90942,0.98054,0.86076,0.99672,0.73578,0.71942,0.50567,0.94405,0.97648,0.92674,0.99979,0.86235,0.92701,0.96631,0.9834,0.98965,0.94709,0.97198,0.98967,0.83691,0.64758,0.87535,0.77788,0.99898,0.99546,0.90081,0.6218,0.97562,0.99199,0.66331,0.93266,0.99597,0.9331,0.55524,0.99706,0.98671,0.80651,0.99997,0.8473,0.93889,0.96812,0.79689,0.98843,0.97171,0.99618,0.71367,0.73403
23.46,0.92609,0.99635,0.88119,0.69503,0.99891,0.97475,0.98964,0.92591,0.84421,0.75004,0.92187,0.99901,0.92224,0.99619,0.52571,0.99952,0.60832,0.99941,0.99854,0.91497,0.99527,0.90415,0.98486,0.87264,0.99691,0.73584,0.71929,0.51446,0.92245,0.97871,0.9171,0.99977,0.86212,0.92722,0.9721,0.9812,0.98802,0.94587,0.97166,0.98967,0.83686,0.64596,0.8729,0.78168,0.99865,0.99587,0.90178,0.60587,0.97678,0.99427,0.65895,0.92823,0.99671,0.93378,0.54158,0.9958,0.99053,0.81979,0.99992,0.84726,0.939,0.97107,0.76463,0.98986,0.96596,0.99634,0.71402,0.73378
23.48,0.91975,0.99725,0.87573,0.69271,0.99897,0.97475,0.98971,0.92653,0.84176,0.75491,0.91729,0.99872,0.92187,0.99478,0.52284,0.99838,0.60199,0.9988,0.99797,0.91598,0.99632,0.89919,0.98879,0.88413,0.99713,0.736,0.71906,0.52511,0.89422,0.98222,0.90572,0.9997,0.86184,0.92745,0.97801,0.97854,0.98599,0.94437,0.97128,0.98967,0.83646,0.64469,0.87025,0.7859,0.99791,0.99642,0.90136,0.58739,0.97776,0.99631,0.65347,0.92298,0.99747,0.93465,0.52679,0.99446,0.99382,0.83275,0.99986,0.84715,0.93918,0.97449,0.72586,0.99205,0.95897,0.99663,0.71445,0.7335
23.5,0.91375,0.99785,0.87185,0.69129,0.99902,0.97475,0.98962,0.92758,0.83954,0.75875,0.91712,0.99861,0.92399,0.99355,0.51908,0.9969,0.59823,0.99826,0.99752,0.91665,0.99711,0.89289,0.99182,0.89491,0.99726,0.73595,0.71903,0.5309,0.86736,0.98314,0.89752,0.9997,0.86172,0.92757,0.98331,0.97642,0.98448,0.94344,0.97101,0.98967,0.83696,0.64251,0.86785,0.78923,0.99788,0.9966,0.90377,0.5731,0.97903,0.99772,0.65022,0.91933,0.99794,0.93524,0.51395,0.99255,0.99619,0.84504,0.99981,0.84718,0.9392,0.97626,0.69129,0.99262,0.95382,0.99664,0.71463,0.73335
23.52,0.90886,0.99791,0.8725,0.69225,0.99901,0.97475,0.98913,0.92987,0.83807,0.75958,0.92974,0.99908,0.93352,0.99332,0.51294,0.99578,0.60106,0.99834,0.99763,0.91622,0.9975,0.88292,0.99371,0.9046,0.99714,0.73529,0.71956,0.52473,0.85554,0.97659,0.89772,0.99986,0.86199,0.92747,0.98744,0.97616,0.98474,0.94407,0.97108,0.98967,0.83961,0.63775,0.86625,0.78995,0.99955,0.99572,0.91468,0.57051,0.98103,0.99841,0.65267,0.91984,0.99784,0.93487,0.5069,0.98908,0.99755,0.85621,0.99985,0.84765,0.93879,0.97437,0.67662,0.9885,0.95395,0.99581,0.71422,0.73348
23.54,0.90455,0.99779,0.87483,0.69413,0.99898,0.97475,0.98845,0.9325,0.83687,0.75945,0.94484,0.99958,0.94443,0.99353,0.50602,0.99489,0.60667,0.99869,0.99794,0.91548,0.99775,0.87127,0.9951,0.91365,0.99693,0.73442,0.72029,0.51366,0.84982,0.96558,0.90172,0.99997,0.86242,0.92725,0.99094,0.97664,0.98565,0.94529,0.97126,0.98967,0.84315,0.63222,0.86495,0.78983,0.99972,0.99432,0.92726,0.57283,0.98321,0.99883,0.65752,0.92216,0.9975,0.93422,0.50199,0.98445,0.99846,0.86676,0.99992,0.84826,0.93821,0.97081,0.66962,0.9812,0.95647,0.99456,0.71357,0.73374
23.56,0.90008,0.99774,0.87639,0.69564,0.99895,0.97475,0.9878,0.93482,0.83558,0.75986,0.95607,0.99985,0.95301,0.9936,0.4996,0.99384,0.61145,0.99892,0.99817,0.91495,0.99804,0.85986,0.99641,0.92233,0.99675,0.73365,0.72093,0.50432,0.84138,0.95433,0.90447,0.99998,0.86279,0.92706,0.99445,0.97682,0.98624,0.94625,0.9714,0.98967,0.84634,0.62731,0.86354,0.79019,0.99809,0.99303,0.93725,0.57361,0.98515,0.99921,0.66166,0.92391,0.99723,0.93376,0.49597,0.97936,0.99921,0.877,0.99997,0.8488,0.9377,0.96766,0.65939,0.97343,0.95819,0.99333,0.71301,0.73396
23.58,0.89434,0.99774,0.87792,0.69697,0.99893,0.97475,0.98724,0.93752,0.83411,0.7598,0.96835,1.00002,0.96282,0.99339,0.49336,0.99217,0.61417,0.99901,0.99831,0.91411,0.9983,0.847,0.99756,0.93056,0.99656,0.73285,0.72159,0.49635,0.83041,0.94151,0.90529,0.99989,0.8631,0.92694,0.99879,0.97682,0.98682,0.9471,0.97151,0.98967,0.84905,0.62152,0.86195,0.79014,0.99376,0.99124,0.94881,0.57131,0.98695,0.99965,0.66402,0.92454,0.99705,0.93303,0.49028,0.97307,0.99975,0.88683,1.00001,0.84936,0.93718,0.96487,0.64628,0.96433,0.9587,0.99192,0.71253,0.7341
23.6,0.89111,0.99759,0.87986,0.69887,0.9989,0.97475,0.98641,0.93937,0.83305,0.76053,0.97517,1.00002,0.96831,0.99387,0.48693,0.99161,0.62178,0.99937,0.99862,0.91385,0.99854,0.83538,0.99838,0.93826,0.99635,0.73205,0.72224,0.48416,0.82598,0.92574,0.91072,0.99972,0.86357,0.92666,1.00115,0.97737,0.98754,0.9483,0.97171,0.98967,0.85291,0.61751,0.86078,0.79077,0.98965,0.98996,0.95538,0.57673,0.98872,0.99975,0.6706,0.92779,0.99659,0.9328,0.48437,0.96693,1,0.89619,1.00004,0.84991,0.93666,0.96042,0.64103,0.95289,0.96207,0.9904,0.71182,0.73444
23.62,0.89494,0.99702,0.88253,0.70209,0.99882,0.97475,0.98492,0.93889,0.83323,0.76325,0.9701,1.00003,0.96329,0.99583,0.47985,0.99403,0.64151,0.99992,0.99928,0.91521,0.99883,0.82864,0.99878,0.94553,0.99615,0.73128,0.72285,0.46087,0.83683,0.90599,0.92738,0.9995,0.86442,0.92597,0.99834,0.97926,0.98851,0.95031,0.97216,0.98967,0.85938,0.61856,0.86098,0.79313,0.99285,0.99089,0.94937,0.60092,0.99055,0.99915,0.68768,0.93772,0.99525,0.93399,0.47678,0.96319,1.00006,0.90515,1.00006,0.85045,0.93618,0.95135,0.65392,0.93829,0.97208,0.989,0.71051,0.73526
23.64,0.90124,0.99622,0.88553,0.70584,0.99872,0.97475,0.98306,0.93759,0.83377,0.76685,0.96017,0.99994,0.95413,0.99783,0.47271,0.99687,0.66532,0.99932,0.9998,0.91718,0.99909,0.82372,0.99903,0.95227,0.99593,0.73053,0.72343,0.43297,0.85379,0.88223,0.94576,0.99922,0.86541,0.9251,0.99355,0.98154,0.98955,0.95261,0.97269,0.98967,0.86686,0.62137,0.86157,0.79625,0.997,0.99241,0.93857,0.63168,0.99228,0.99773,0.70829,0.94901,0.99334,0.9357,0.46898,0.96039,1.00006,0.91362,1.00008,0.85097,0.93571,0.93956,0.67447,0.92047,0.98243,0.98756,0.70899,0.73629
23.66,0.90622,0.99542,0.88833,0.70937,0.99862,0.97475,0.98118,0.93669,0.83403,0.77029,0.95186,0.99978,0.94657,0.99907,0.46593,0.99863,0.6865,0.99758,1.00001,0.91888,0.99931,0.81796,0.99929,0.95852,0.99571,0.72979,0.724,0.40665,0.86805,0.85601,0.95994,0.99887,0.86633,0.92432,0.9896,0.98346,0.9905,0.95473,0.97316,0.98967,0.87382,0.62331,0.86186,0.79923,0.99892,0.99345,0.92974,0.65856,0.99379,0.99597,0.72663,0.95815,0.99135,0.93718,0.46157,0.95702,1.00002,0.92163,1.00009,0.85148,0.93525,0.92756,0.69216,0.90055,0.98967,0.98598,0.70756,0.73721
23.68,0.91113,0.99449,0.89115,0.7128,0.99852,0.97475,0.97944,0.93563,0.83481,0.77256,0.93951,0.99946,0.93541,0.99975,0.45886,0.99961,0.70623,0.99437,0.99996,0.92039,0.99953,0.81155,0.99953,0.96462,0.99548,0.72893,0.72466,0.37792,0.87786,0.82975,0.97284,0.99847,0.86727,0.92351,0.98554,0.9854,0.99142,0.95675,0.97368,0.98967,0.87982,0.62558,0.8627,0.8012,0.99992,0.99473,0.91684,0.68242,0.99523,0.99401,0.74372,0.96708,0.98889,0.93849,0.45259,0.95318,0.99992,0.92965,1.00009,0.85208,0.93472,0.91356,0.70459,0.88041,0.99534,0.98438,0.7061,0.73816
23.7,0.91634,0.99356,0.89387,0.7165,0.99842,0.97475,0.97703,0.93468,0.83458,0.7774,0.93163,0.99922,0.92871,0.99994,0.45285,1.00009,0.72781,0.99047,0.99968,0.92244,0.99965,0.80667,0.99967,0.96968,0.99526,0.72834,0.72513,0.35141,0.89583,0.79514,0.98225,0.99798,0.86819,0.92268,0.98106,0.98707,0.99228,0.95888,0.97412,0.98967,0.88749,0.62761,0.86246,0.8054,0.99969,0.99539,0.90917,0.71092,0.99633,0.99073,0.76241,0.97399,0.98648,0.94027,0.44665,0.95019,0.99983,0.93645,1.00008,0.85248,0.93434,0.89987,0.728,0.85362,0.99853,0.98257,0.70467,0.73914
23.72,0.92192,0.9929,0.89628,0.72082,0.99837,0.97475,0.97282,0.93426,0.83151,0.78885,0.94125,0.99954,0.93845,0.99893,0.44923,0.99866,0.75402,0.98789,0.99941,0.92534,0.9996,0.80617,0.99963,0.97284,0.99503,0.72853,0.72505,0.33346,0.93154,0.73795,0.98701,0.99727,0.86895,0.92212,0.97603,0.98812,0.993,0.96131,0.97433,0.98967,0.89942,0.62851,0.85911,0.81533,0.99989,0.99446,0.92034,0.7507,0.99694,0.98374,0.78513,0.97745,0.98499,0.94278,0.44935,0.94989,0.99986,0.94081,1.00006,0.85235,0.93441,0.8902,0.77786,0.80895,0.9996,0.98021,0.70347,0.73978
23.74,0.92764,0.99232,0.89857,0.72536,0.99834,0.97475,0.96756,0.93397,0.82736,0.80244,0.955,0.99988,0.95206,0.99591,0.44655,0.99358,0.78102,0.98586,0.99917,0.92877,0.99947,0.80719,0.99951,0.97532,0.99481,0.72899,0.72477,0.31846,0.96467,0.6662,0.99022,0.99643,0.86966,0.92154,0.97059,0.98897,0.99367,0.9638,0.97448,0.98967,0.91227,0.6291,0.85457,0.82711,0.99833,0.99283,0.93614,0.79204,0.99736,0.97326,0.80853,0.97976,0.98383,0.94573,0.45513,0.95051,0.99994,0.9443,1.00004,0.85204,0.93463,0.88188,0.83128,0.75239,0.99998,0.97759,0.70235,0.74046
23.76,0.93304,0.99165,0.90088,0.72976,0.9983,0.97475,0.96218,0.93361,0.82362,0.81457,0.96466,1.00001,0.96177,0.99121,0.44361,0.98544,0.80562,0.98329,0.99884,0.93217,0.99936,0.80722,0.9994,0.97794,0.9946,0.72931,0.72458,0.30189,0.98551,0.59044,0.9933,0.9955,0.87048,0.92072,0.96518,0.98988,0.99431,0.96614,0.97466,0.98967,0.92359,0.62987,0.85046,0.83764,0.99542,0.99134,0.94757,0.82784,0.99779,0.96105,0.82988,0.98229,0.98246,0.94866,0.45943,0.95053,0.99999,0.94805,1.00001,0.85181,0.93478,0.87246,0.87382,0.69221,0.99993,0.97488,0.70106,0.74141
23.78,0.93812,0.991,0.9032,0.73423,0.99826,0.97475,0.9564,0.93328,0.81996,0.82609,0.97443,1.00001,0.97178,0.98471,0.44024,0.97403,0.82863,0.98026,0.99841,0.93427,0.99924,0.80852,0.99935,0.98027,0.9943,0.7297,0.72437,0.28462,0.99745,0.50274,0.99585,0.99438,0.87108,0.92076,0.95981,0.99069,0.99493,0.96845,0.97483,0.98967,0.9341,0.63057,0.84642,0.84764,0.99018,0.98956,0.95956,0.86026,0.99825,0.94654,0.84985,0.98485,0.9809,0.95046,0.46396,0.95133,1,0.95145,0.99997,0.85155,0.93495,0.86237,0.91126,0.62212,0.99935,0.9718,0.70011,0.74137
23.8,0.94327,0.99026,0.90536,0.73854,0.99822,0.97475,0.94996,0.93294,0.81575,0.83819,0.98116,0.99986,0.97859,0.9762,0.43808,0.95895,0.85074,0.97782,0.99806,0.93887,0.9991,0.80756,0.99913,0.98265,0.99417,0.73002,0.72417,0.26911,0.99973,0.41405,0.99762,0.99337,0.87194,0.91922,0.95404,0.99155,0.99549,0.9706,0.975,0.98967,0.94418,0.6313,0.84178,0.85815,0.98448,0.98777,0.96791,0.88997,0.99852,0.9293,0.86905,0.98664,0.97968,0.9544,0.46869,0.95074,1.00005,0.95501,0.99994,0.85133,0.93511,0.85309,0.94138,0.55091,0.99839,0.96915,0.69874,0.74314
23.82,0.94882,0.98925,0.90727,0.74242,0.99817,0.97475,0.94254,0.93249,0.81034,0.85207,0.98244,0.99969,0.97919,0.96516,0.4388,0.93928,0.87292,0.9774,0.998,0.9501,0.99896,0.79957,0.99824,0.98548,0.99447,0.73009,0.72405,0.25772,0.99387,0.34025,0.99866,0.99242,0.875,0.9111,0.94742,0.99259,0.99595,0.97248,0.97522,0.98967,0.9541,0.63225,0.83577,0.87021,0.98312,0.98654,0.96865,0.91754,0.99843,0.90846,0.88832,0.98692,0.97949,0.9639,0.47314,0.94575,0.99997,0.95937,1,0.85128,0.93521,0.84616,0.96327,0.49144,0.99735,0.96672,0.69383,0.75233
23.84,0.95432,0.98812,0.90902,0.74611,0.99811,0.97475,0.93438,0.93203,0.80438,0.86609,0.98218,0.9995,0.97803,0.9518,0.44069,0.91545,0.89362,0.97781,0.99806,0.9621,0.9988,0.78905,0.99673,0.9882,0.99493,0.73008,0.72395,0.24825,0.98123,0.27144,0.99931,0.99177,0.87803,0.90121,0.94037,0.99364,0.99636,0.97422,0.97544,0.98967,0.96328,0.63321,0.82913,0.88239,0.98341,0.98545,0.96721,0.94146,0.99819,0.88462,0.90633,0.98665,0.97969,0.97387,0.47771,0.93898,0.99938,0.96377,1.00005,0.85129,0.93529,0.8403,0.97942,0.43585,0.99629,0.96513,0.68889,0.76313
23.86,0.95941,0.98698,0.91076,0.74983,0.99807,0.97475,0.92583,0.9316,0.79857,0.87897,0.98267,0.99925,0.97789,0.93658,0.44213,0.88834,0.91204,0.97782,0.99807,0.97148,0.99863,0.77958,0.995,0.99056,0.9953,0.73009,0.72385,0.23808,0.96172,0.19665,0.99978,0.99132,0.88005,0.89304,0.93334,0.99457,0.99675,0.97593,0.97563,0.98967,0.97131,0.63411,0.82263,0.89358,0.98287,0.98422,0.96703,0.96096,0.998,0.85863,0.92237,0.98664,0.97971,0.98146,0.48228,0.9327,0.9984,0.96776,1.00008,0.85128,0.93537,0.83394,0.99093,0.37529,0.99503,0.96402,0.68555,0.7718
23.88,0.96419,0.98576,0.91272,0.75371,0.998,0.97475,0.91649,0.93105,0.79252,0.89176,0.983,0.99895,0.97693,0.91823,0.44333,0.85502,0.92995,0.97793,0.99809,0.98038,0.99845,0.76899,0.99265,0.99275,0.99564,0.73016,0.72371,0.22676,0.93235,0.10944,1.00007,0.98909,0.88601,0.87774,0.92621,0.99545,0.99717,0.97764,0.97591,0.98967,0.97854,0.63527,0.81583,0.90471,0.98249,0.98291,0.96585,0.9773,0.99783,0.82777,0.93799,0.98656,0.97978,0.9884,0.48661,0.92548,0.9968,0.97167,1.00009,0.85123,0.93548,0.82676,0.99822,0.30453,0.99317,0.95872,0.67549,0.78746
23.9,0.96873,0.98453,0.91414,0.75716,0.99797,0.97475,0.90715,0.93076,0.78662,0.90282,0.98326,0.99864,0.97717,0.89998,0.44531,0.82303,0.94355,0.97803,0.9981,0.98648,0.99825,0.75954,0.99035,0.99453,0.99602,0.7301,0.72365,0.21808,0.90292,0.03953,1.00009,0.99062,0.88381,0.87571,0.91886,0.99623,0.99745,0.97913,0.976,0.98967,0.98441,0.63589,0.80918,0.91434,0.9822,0.98169,0.96615,0.98812,0.99755,0.79893,0.94987,0.98649,0.97983,0.99292,0.49136,0.91887,0.99507,0.97508,1.00007,0.85127,0.93553,0.82119,1.00001,0.24771,0.99206,0.96234,0.67923,0.78948
23.92,0.97311,0.98343,0.91413,0.75955,0.99807,0.97475,0.89894,0.93113,0.78135,0.91061,0.9837,0.99839,0.9812,0.88705,0.44933,0.80445,0.95001,0.97783,0.99809,0.9884,0.99799,0.75363,0.98932,0.99575,0.99647,0.72968,0.72383,0.2164,0.8922,0.02593,1.00004,0.99857,0.85683,0.91134,0.91111,0.99684,0.99745,0.98012,0.9756,0.98967,0.98861,0.63511,0.80321,0.92113,0.98168,0.98082,0.97116,0.99333,0.99692,0.78245,0.95552,0.98663,0.97981,0.99428,0.49718,0.91467,0.99425,0.97761,1.00002,0.85156,0.93539,0.82011,0.99982,0.23664,0.99352,0.98477,0.72196,0.75205
23.94,0.9772,0.98235,0.91361,0.76152,0.99822,0.97475,0.89103,0.93176,0.7763,0.91707,0.9841,0.99818,0.98583,0.87613,0.45416,0.79124,0.95397,0.9776,0.99808,0.98913,0.99768,0.74929,0.9888,0.99672,0.99692,0.72913,0.72408,0.21737,0.88979,0.03383,0.9996,0.99835,0.81731,0.95004,0.90316,0.99738,0.99735,0.98093,0.975,0.98967,0.99191,0.63378,0.79747,0.92676,0.98119,0.98009,0.97703,0.99642,0.9961,0.77082,0.95898,0.98679,0.97974,0.99478,0.50338,0.91154,0.99383,0.97978,0.99992,0.85194,0.93519,0.82073,0.99973,0.24307,0.99562,0.99915,0.77584,0.70477
23.96,0.98092,0.98119,0.91334,0.76367,0.99834,0.97475,0.88258,0.9323,0.77112,0.92363,0.9845,0.99792,0.98933,0.8635,0.45865,0.7748,0.95858,0.97744,0.99805,0.99033,0.99737,0.74465,0.98804,0.99762,0.99733,0.72866,0.72428,0.2171,0.88345,0.03163,0.99888,0.98784,0.77901,0.97443,0.89515,0.99788,0.99729,0.98179,0.97449,0.98967,0.99473,0.63264,0.79158,0.93248,0.98071,0.97925,0.98161,0.99874,0.99527,0.75646,0.96302,0.9869,0.97966,0.99559,0.50937,0.90818,0.99321,0.98194,0.99978,0.85226,0.93502,0.82056,0.99941,0.24128,0.99705,0.99734,0.82084,0.66738
23.98,0.98439,0.98004,0.913,0.76585,0.99846,0.97475,0.87354,0.93273,0.7656,0.93033,0.98492,0.99767,0.99265,0.84969,0.46362,0.75706,0.96338,0.97709,0.99808,0.99137,0.99703,0.73781,0.98709,0.99836,0.9977,0.72811,0.72455,0.21703,0.87633,0.03113,0.99791,0.9678,0.73322,0.99214,0.88681,0.99832,0.99722,0.98265,0.97395,0.98967,0.997,0.63175,0.78528,0.93832,0.98017,0.97846,0.9861,0.99992,0.99428,0.74107,0.96724,0.98713,0.97977,0.99628,0.51528,0.90315,0.99242,0.98396,0.99961,0.85265,0.93481,0.82052,0.99893,0.24087,0.99815,0.98188,0.86771,0.62894
24,0.98736,0.97878,0.91268,0.76783,0.99857,0.97475,0.86493,0.93344,0.76068,0.93569,0.98527,0.99738,0.99499,0.83723,0.46798,0.7418,0.9666,0.9771,0.99799,0.9923,0.99667,0.73581,0.98661,0.99898,0.99807,0.72769,0.72471,0.21716,0.87261,0.0321,0.9963,0.93563,0.68916,0.9992,0.87876,0.99873,0.99716,0.98341,0.97341,0.98967,0.99854,0.63023,0.77965,0.943,0.97972,0.97757,0.98944,0.99992,0.99335,0.72793,0.97006,0.98713,0.97945,0.99688,0.52131,0.90167,0.99202,0.98585,0.99937,0.85293,0.93468,0.8206,0.99862,0.24167,0.99917,0.95013,0.90731,0.59936
24.02,0.98967,0.97724,0.91252,0.76942,0.99868,0.97475,0.85798,0.9349,0.75749,0.93834,0.98547,0.99697,0.99592,0.82906,0.47033,0.73309,0.96669,0.97806,0.99751,0.99327,0.99625,0.7474,0.98738,0.99947,0.99848,0.72777,0.72447,0.21708,0.87556,0.03151,0.99331,0.88372,0.66171,1.00002,0.87174,0.99915,0.99713,0.98401,0.9729,0.98967,0.99937,0.62713,0.77598,0.94531,0.97944,0.97638,0.99082,0.99944,0.99282,0.72046,0.97014,0.98647,0.97796,0.99748,0.52777,0.91018,0.99267,0.9877,0.99902,0.85288,0.93487,0.82055,0.99887,0.24118,0.99993,0.89277,0.92976,0.58807
24.04,0.99162,0.97556,0.91241,0.77081,0.99877,0.97475,0.85166,0.93663,0.75495,0.93994,0.98561,0.9965,0.99645,0.82273,0.47194,0.7273,0.96551,0.97934,0.99681,0.99415,0.99581,0.76329,0.98858,0.99983,0.99886,0.72799,0.72413,0.21711,0.88184,0.03169,0.98882,0.81332,0.64015,0.99998,0.86509,0.99951,0.9971,0.98453,0.9724,0.98967,0.99983,0.62344,0.77306,0.94671,0.97926,0.97508,0.99162,0.99883,0.99246,0.7155,0.9691,0.98555,0.97594,0.99801,0.5343,0.92151,0.99365,0.98943,0.99857,0.85273,0.93515,0.82057,0.99931,0.24133,0.99986,0.80984,0.94636,0.58249
24.06,0.9934,0.97387,0.9123,0.77226,0.99886,0.97475,0.84489,0.9382,0.75208,0.94192,0.98574,0.99602,0.99707,0.81546,0.47385,0.72015,0.96483,0.98045,0.99611,0.99496,0.99535,0.77632,0.98951,1.00003,0.99917,0.7281,0.72387,0.21711,0.88693,0.03171,0.98342,0.73065,0.61507,0.99938,0.8582,0.99978,0.99708,0.98506,0.9719,0.98967,1.00003,0.62005,0.76977,0.94844,0.97908,0.97379,0.9926,0.99787,0.99201,0.7094,0.96851,0.9847,0.97405,0.99847,0.54062,0.9305,0.9944,0.991,0.99807,0.85265,0.93536,0.82057,0.9996,0.24135,0.99883,0.70869,0.96464,0.57466
24.08,0.99502,0.97209,0.91208,0.77382,0.99896,0.97475,0.83771,0.93977,0.74922,0.94403,0.986,0.99549,0.99764,0.80765,0.47602,0.71267,0.96436,0.98145,0.99537,0.99575,0.99483,0.79043,0.9905,1.00009,0.99946,0.72837,0.72346,0.21709,0.89015,0.03165,0.97765,0.61962,0.58678,0.99807,0.85098,0.99998,0.99703,0.98562,0.97133,0.98967,0.99994,0.61664,0.76646,0.95029,0.97873,0.97245,0.99353,0.99657,0.99149,0.70302,0.9681,0.98389,0.97214,0.9989,0.54736,0.93988,0.99518,0.99251,0.99743,0.85246,0.93568,0.82056,0.99975,0.24129,0.9971,0.56927,0.98405,0.5667
24.1,0.99631,0.9703,0.9121,0.7751,0.99904,0.97475,0.83113,0.94134,0.74646,0.94555,0.98598,0.99495,0.99808,0.80099,0.4775,0.70627,0.96315,0.98266,0.99446,0.9964,0.99436,0.80213,0.99132,1.00002,0.99964,0.72834,0.72333,0.21712,0.89776,0.03171,0.96908,0.52021,0.56468,0.99667,0.84431,1.00009,0.99704,0.98607,0.9709,0.98967,0.9996,0.61321,0.76328,0.95162,0.97875,0.9711,0.99427,0.99524,0.99114,0.69759,0.96703,0.98286,0.96992,0.99922,0.55312,0.94737,0.99582,0.99377,0.99686,0.85248,0.93579,0.82058,0.99997,0.24135,0.99381,0.44224,0.99841,0.561
24.12,0.99715,0.96858,0.91278,0.77572,0.99905,0.97475,0.82627,0.94293,0.74391,0.94567,0.98517,0.99439,0.99836,0.79724,0.47727,0.70212,0.96013,0.98435,0.99322,0.99679,0.99409,0.80735,0.99174,0.99986,0.99969,0.72741,0.72398,0.21708,0.91403,0.03163,0.95394,0.5007,0.56015,0.99631,0.83922,1.00013,0.99718,0.98629,0.97083,0.98967,0.9992,0.60972,0.76033,0.95172,0.97984,0.96977,0.99476,0.99442,0.99119,0.69406,0.96438,0.9813,0.96706,0.9994,0.55623,0.95061,0.99613,0.99468,0.99669,0.85312,0.93527,0.82055,0.99978,0.24128,0.98671,0.41713,1.00127,0.55976
24.14,0.9978,0.96686,0.91369,0.77606,0.99904,0.97475,0.8221,0.94449,0.74143,0.94527,0.98405,0.99383,0.99856,0.79472,0.47634,0.69902,0.95623,0.98615,0.99173,0.99708,0.99391,0.81042,0.99201,0.99966,0.99969,0.72618,0.72489,0.2171,0.93262,0.03174,0.93282,0.51212,0.5628,0.99652,0.83472,1.0001,0.99736,0.98641,0.97091,0.98967,0.99875,0.60626,0.75747,0.95137,0.98126,0.96845,0.99513,0.99383,0.99142,0.69143,0.96096,0.97945,0.96381,0.99953,0.55839,0.95249,0.99633,0.99542,0.99668,0.85397,0.93453,0.82056,0.99818,0.24137,0.97523,0.43183,0.9996,0.56048
24.16,0.9984,0.96508,0.91447,0.7765,0.99903,0.97475,0.81755,0.94599,0.73888,0.94515,0.98306,0.99324,0.99878,0.79167,0.4757,0.69553,0.95251,0.98775,0.99015,0.99739,0.99368,0.8143,0.9923,0.99938,0.99971,0.72511,0.72567,0.21721,0.94838,0.0317,0.90841,0.50878,0.56205,0.99646,0.8299,1.00001,0.99752,0.98656,0.97094,0.98967,0.99817,0.60289,0.75451,0.95127,0.98243,0.96711,0.99552,0.99308,0.99157,0.68848,0.95771,0.97761,0.96052,0.99965,0.56099,0.95484,0.99655,0.99615,0.99659,0.8547,0.9339,0.82063,0.9952,0.24134,0.96064,0.42754,1.00007,0.56029
24.18,0.99891,0.96323,0.91533,0.77705,0.99904,0.97475,0.81286,0.94762,0.73646,0.94479,0.98189,0.99257,0.99897,0.78843,0.47518,0.69171,0.94858,0.98926,0.98846,0.99769,0.99345,0.81865,0.99273,0.99903,0.99972,0.72393,0.72653,0.21684,0.95902,0.03142,0.88429,0.50803,0.56153,0.99641,0.82504,0.99985,0.99768,0.98675,0.9709,0.98967,0.99747,0.59922,0.75171,0.95096,0.98373,0.96563,0.9959,0.99225,0.9917,0.68524,0.95427,0.97569,0.95714,0.99977,0.56353,0.95743,0.99685,0.99682,0.99652,0.85549,0.93321,0.8204,0.99196,0.24111,0.94533,0.42657,1.0004,0.56011
24.2,0.99931,0.9614,0.91607,0.77731,0.99902,0.97475,0.80848,0.94893,0.73373,0.94483,0.98093,0.99199,0.99914,0.78577,0.47423,0.68863,0.94445,0.99071,0.98652,0.99793,0.99323,0.82143,0.99284,0.99862,0.99974,0.7229,0.72728,0.21744,0.97415,0.03234,0.84725,0.50936,0.56289,0.99655,0.82031,0.99963,0.99782,0.98684,0.97103,0.98967,0.99672,0.59625,0.74855,0.95099,0.98472,0.96436,0.99624,0.99153,0.99192,0.68264,0.95066,0.97364,0.95341,0.99985,0.56593,0.95906,0.99694,0.9974,0.99644,0.8562,0.93259,0.82078,0.98465,0.24186,0.92068,0.42829,0.99954,0.56057
24.22,0.99961,0.95963,0.91642,0.7768,0.99892,0.97475,0.80483,0.94941,0.73011,0.94612,0.9808,0.99171,0.99928,0.78465,0.4724,0.68844,0.94023,0.99196,0.98444,0.99803,0.99301,0.82003,0.99198,0.99819,0.99978,0.72231,0.72769,0.22104,0.99521,0.03083,0.76885,0.50849,0.56101,0.99636,0.8158,0.99937,0.99789,0.98666,0.97159,0.98967,0.99603,0.59517,0.74434,0.95211,0.98485,0.96378,0.99652,0.99122,0.99235,0.68248,0.94697,0.97166,0.94951,0.99988,0.56824,0.95824,0.99631,0.99788,0.99628,0.85659,0.93226,0.8231,0.96036,0.24063,0.86564,0.42717,1.00072,0.55993
24.24,0.99982,0.9579,0.91665,0.776,0.99879,0.97475,0.80151,0.94958,0.72616,0.94779,0.98091,0.99155,0.99939,0.78404,0.47014,0.68883,0.93586,0.99316,0.98205,0.99809,0.9928,0.81722,0.99075,0.99772,0.99981,0.72188,0.72798,0.22552,0.99859,0.03162,0.66019,0.50876,0.56182,0.99644,0.81142,0.99907,0.99793,0.98639,0.97231,0.98967,0.99535,0.59477,0.73974,0.95358,0.98474,0.96343,0.99677,0.99105,0.99287,0.68281,0.94315,0.96952,0.94519,0.9999,0.57044,0.95658,0.99538,0.9983,0.99609,0.85689,0.93202,0.82597,0.91746,0.24127,0.78563,0.42751,1.00022,0.56021
24.26,0.99996,0.95612,0.91697,0.77533,0.99867,0.97475,0.79803,0.94988,0.72237,0.94925,0.98088,0.99133,0.9995,0.78303,0.46798,0.6882,0.93135,0.99434,0.97934,0.99817,0.99259,0.81534,0.98971,0.9972,0.99984,0.72137,0.72832,0.22933,0.98191,0.03502,0.54223,0.5088,0.56595,0.99686,0.80699,0.99871,0.99799,0.98615,0.97295,0.98967,0.99459,0.59407,0.73533,0.95485,0.98477,0.96296,0.99702,0.99077,0.99335,0.68228,0.93921,0.96716,0.94045,0.99992,0.57265,0.95546,0.99456,0.99868,0.99591,0.85723,0.93174,0.8284,0.86545,0.24404,0.69594,0.42756,0.9976,0.56167
24.28,1.00003,0.9542,0.91715,0.77464,0.99854,0.97475,0.79438,0.9502,0.71838,0.95072,0.98101,0.99114,0.9996,0.78273,0.46628,0.6906,0.92656,0.99508,0.97734,0.99822,0.99236,0.81209,0.9881,0.9966,0.99987,0.72087,0.72866,0.23418,0.93967,0.02281,0.38722,0.5087,0.55178,0.99534,0.80235,0.99828,0.99802,0.98591,0.97357,0.98967,0.99375,0.59334,0.73067,0.95614,0.98464,0.96257,0.99726,0.99068,0.99372,0.68431,0.93503,0.96547,0.93701,0.99994,0.57495,0.95351,0.99326,0.99902,0.99572,0.85756,0.93146,0.83148,0.7901,0.2341,0.57529,0.42743,1.00648,0.55674
24.3,1.00002,0.95249,0.91759,0.77394,0.99839,0.97475,0.79106,0.95042,0.71462,0.95219,0.98083,0.99088,0.99969,0.78113,0.46362,0.68707,0.92192,0.99636,0.97335,0.99831,0.99215,0.81131,0.9874,0.99601,0.99989,0.72039,0.72898,0.23708,0.89073,0.04384,0.25047,0.50876,0.57531,0.99771,0.79808,0.99786,0.9981,0.98566,0.97424,0.98967,0.99293,0.59284,0.72627,0.95742,0.98481,0.96202,0.99748,0.99022,0.99428,0.68132,0.93098,0.96215,0.93034,0.99996,0.57703,0.95303,0.99268,0.99929,0.99552,0.85788,0.9312,0.83331,0.72126,0.25121,0.46708,0.42751,0.99158,0.56505
24.32,0.99997,0.9514,0.9188,0.77327,0.99821,0.97475,0.78865,0.95038,0.71197,0.95359,0.98005,0.99053,0.99973,0.77505,0.45801,0.66425,0.91792,0.99869,0.96213,0.9985,0.99198,0.81802,0.98955,0.99552,0.99992,0.71992,0.72929,0.23418,0.88546,0.15019,0.22446,0.50874,0.69765,0.99551,0.79478,0.99757,0.9983,0.98542,0.97503,0.98967,0.9923,0.59294,0.72316,0.95865,0.98558,0.9613,0.99758,0.98839,0.99539,0.66211,0.9275,0.95317,0.91245,1.00001,0.57867,0.95705,0.99443,0.99947,0.99529,0.85821,0.93094,0.83148,0.71437,0.33762,0.44635,0.42749,0.90004,0.61802
24.34,0.99989,0.95055,0.92027,0.77262,0.99801,0.97475,0.78656,0.95025,0.70952,0.95497,0.97887,0.99006,0.99976,0.76765,0.45166,0.63459,0.9142,0.99989,0.94645,0.99871,0.99184,0.827,0.99229,0.99506,0.99994,0.71945,0.72958,0.22933,0.89787,0.27952,0.23993,0.50875,0.82368,0.95414,0.79188,0.99734,0.99854,0.98519,0.97585,0.98967,0.99175,0.59324,0.7203,0.95986,0.98667,0.96034,0.99767,0.98598,0.99654,0.63729,0.92425,0.94138,0.88883,1.00004,0.58009,0.96226,0.99654,0.9996,0.99506,0.85852,0.9307,0.8284,0.73072,0.44238,0.45868,0.4275,0.76774,0.69908
24.36,0.99978,0.94959,0.9216,0.77197,0.9978,0.97475,0.78428,0.9502,0.70671,0.95632,0.97759,0.9895,0.9998,0.7612,0.44614,0.60829,0.91031,0.99955,0.9303,0.99888,0.99168,0.83452,0.99427,0.99455,0.99996,0.71898,0.72988,0.22552,0.90173,0.38731,0.23548,0.50876,0.90679,0.88273,0.78885,0.99707,0.99874,0.98495,0.97664,0.98967,0.99112,0.59335,0.71699,0.96104,0.98777,0.9592,0.99779,0.98373,0.99742,0.61542,0.92086,0.92982,0.86555,1.00007,0.58156,0.96646,0.99793,0.99973,0.99483,0.85883,0.93046,0.82597,0.73588,0.52938,0.45514,0.42751,0.63761,0.78242
24.38,0.99962,0.94859,0.92294,0.77127,0.99759,0.97475,0.78212,0.94998,0.70489,0.95771,0.97726,0.98947,0.9998,0.75258,0.43953,0.57359,0.90594,0.99738,0.90775,0.99908,0.99151,0.84261,0.99614,0.99403,0.99997,0.7185,0.73018,0.22104,0.9068,0.48233,0.23461,0.50876,0.97114,0.76051,0.7855,0.99677,0.99893,0.9847,0.97741,0.98967,0.99051,0.59385,0.71486,0.96226,0.98804,0.95914,0.99779,0.98052,0.99834,0.58674,0.91706,0.91441,0.83422,1.00008,0.5832,0.9708,0.99907,0.99983,0.99456,0.85915,0.93021,0.8231,0.74276,0.60576,0.45445,0.42751,0.47182,0.89228
24.4,0.99946,0.94771,0.92428,0.77068,0.99736,0.97475,0.77977,0.95007,0.7011,0.95894,0.97483,0.9883,0.99988,0.74785,0.43535,0.55179,0.9024,0.99483,0.89103,0.99918,0.99138,0.8495,0.99745,0.99347,0.99998,0.71805,0.73048,0.21744,0.913,0.58154,0.23647,0.50876,0.99863,0.63398,0.78286,0.9965,0.99911,0.98448,0.97819,0.98967,0.98982,0.59363,0.71041,0.96334,0.9899,0.95683,0.99801,0.97866,0.99883,0.56881,0.91397,0.90318,0.81161,1.00008,0.58442,0.97433,0.99971,0.99991,0.99434,0.85945,0.92997,0.82078,0.75131,0.68511,0.45593,0.42752,0.32878,0.98956
24.42,0.99942,0.94712,0.9256,0.77039,0.99711,0.97475,0.77658,0.95125,0.69089,0.95971,0.96479,0.98296,1.00006,0.75493,0.43791,0.57216,0.90136,0.99605,0.89963,0.99907,0.99137,0.85323,0.99794,0.99279,0.99998,0.71767,0.73074,0.21684,0.91885,0.69985,0.23532,0.50876,1.00134,0.60907,0.78221,0.99632,0.99927,0.98437,0.97898,0.98967,0.98886,0.59092,0.69838,0.96402,0.99536,0.94684,0.9988,0.98142,0.99854,0.58556,0.91307,0.90817,0.82317,1.00008,0.58456,0.97619,0.99989,0.99998,0.99428,0.8597,0.92975,0.8204,0.75951,0.77898,0.45501,0.42752,0.3026,1.00757
24.44,0.99942,0.94665,0.9269,0.77023,0.99684,0.97475,0.77322,0.95269,0.67859,0.96034,0.9503,0.97506,1.00002,0.7658,0.44281,0.60555,0.90124,0.99808,0.91579,0.99885,0.9914,0.85582,0.9982,0.99205,0.99998,0.71732,0.731,0.21721,0.92518,0.80565,0.23567,0.50876,0.99979,0.62407,0.78225,0.99617,0.99942,0.98431,0.97977,0.98967,0.98781,0.58757,0.68383,0.96457,0.99915,0.93317,0.99951,0.98535,0.99791,0.61315,0.91296,0.91828,0.84527,1.00006,0.58426,0.97745,0.99996,1.00001,0.99426,0.85994,0.92953,0.82063,0.76856,0.86178,0.45529,0.42752,0.31831,0.99676
24.46,0.9994,0.94613,0.92818,0.77002,0.99657,0.97475,0.77008,0.95386,0.66753,0.96105,0.93575,0.96702,0.99976,0.7744,0.44652,0.63067,0.90067,0.99909,0.92675,0.99867,0.99142,0.85873,0.99852,0.99131,0.99998,0.71695,0.73127,0.2171,0.93085,0.88395,0.23572,0.50876,1.00027,0.61971,0.78192,0.996,0.99954,0.98424,0.98053,0.98967,0.98679,0.58485,0.67071,0.96519,0.99989,0.92011,0.99988,0.98818,0.99736,0.63402,0.91247,0.92525,0.86055,1.00004,0.5841,0.97883,1.00003,1.00002,0.99423,0.86018,0.92931,0.82056,0.77684,0.92177,0.45533,0.42752,0.31372,0.99992
24.48,0.9994,0.94561,0.92951,0.76977,0.99628,0.97475,0.76619,0.95554,0.65382,0.96166,0.91484,0.95542,0.99914,0.78403,0.45117,0.65906,0.90023,0.99978,0.93898,0.99844,0.99141,0.86229,0.99884,0.99045,0.99998,0.71661,0.73151,0.21708,0.93717,0.94871,0.23559,0.50876,1.00036,0.61891,0.78185,0.99583,0.99966,0.98414,0.9813,0.98967,0.98548,0.58089,0.65437,0.96572,0.99746,0.90217,1.00005,0.99105,0.99662,0.65776,0.91209,0.93315,0.87795,0.99999,0.58414,0.98049,1.00006,0.99999,0.99418,0.86041,0.92911,0.82055,0.78629,0.96946,0.45523,0.42752,0.31288,1.00049
24.5,0.99937,0.9451,0.93069,0.76964,0.99599,0.97475,0.76373,0.95619,0.64447,0.96242,0.90028,0.94713,0.99858,0.79191,0.45465,0.68106,0.89974,0.99993,0.94774,0.99825,0.99146,0.86415,0.99902,0.98972,0.99998,0.71622,0.7318,0.21712,0.94145,0.98054,0.23567,0.50876,1.00016,0.6207,0.7814,0.99566,0.99976,0.98409,0.98201,0.98967,0.98463,0.57935,0.64319,0.9664,0.99406,0.88983,0.99998,0.99314,0.99601,0.67625,0.91165,0.93925,0.89073,0.99994,0.5837,0.98133,1.00006,0.99995,0.99417,0.86067,0.92886,0.82058,0.79284,0.99101,0.45529,0.42752,0.31476,0.9992
24.52,0.99923,0.94458,0.93148,0.76987,0.99574,0.97475,0.76568,0.95379,0.64934,0.96364,0.91274,0.95362,0.99907,0.79447,0.45405,0.6849,0.89881,0.99992,0.94801,0.99825,0.99165,0.86145,0.99892,0.98946,0.99998,0.71568,0.73227,0.2171,0.94044,0.98271,0.23565,0.50876,1.00028,0.61958,0.77953,0.99548,0.99981,0.98418,0.98261,0.98967,0.98531,0.58502,0.64901,0.96746,0.99705,0.89947,1.00005,0.99377,0.99612,0.67949,0.91085,0.94021,0.89112,0.99995,0.58189,0.9801,1.00007,0.99992,0.99421,0.86103,0.92848,0.82056,0.79129,0.99235,0.45527,0.42752,0.31359,1.00001
24.54,0.99905,0.94405,0.93212,0.77021,0.9955,0.97475,0.76904,0.95027,0.65864,0.965,0.93196,0.96383,0.99968,0.79536,0.45213,0.68308,0.89779,0.99992,0.94569,0.99832,0.99189,0.85708,0.9987,0.98936,0.99998,0.71509,0.73278,0.2171,0.93757,0.97719,0.23564,0.50877,1.00025,0.61993,0.77726,0.9953,0.99985,0.98431,0.98316,0.98967,0.98644,0.59318,0.66011,0.96866,0.99971,0.91509,0.99994,0.99398,0.99646,0.67795,0.90996,0.93967,0.88771,0.99996,0.57963,0.97805,1.00005,0.99991,0.99429,0.86141,0.92805,0.82056,0.78691,0.98889,0.45527,0.42752,0.31395,0.99975
24.56,0.99888,0.9435,0.93281,0.77048,0.99524,0.97475,0.77151,0.94725,0.66513,0.96627,0.94485,0.97059,0.99996,0.79707,0.45088,0.68407,0.89682,0.99992,0.94465,0.99835,0.99209,0.85355,0.99852,0.98918,0.99998,0.71454,0.73326,0.21711,0.93561,0.97539,0.23565,0.50877,1.00024,0.61998,0.77528,0.99511,0.99989,0.98441,0.98373,0.98967,0.98726,0.60006,0.66785,0.96977,0.99972,0.92582,0.99966,0.99438,0.99667,0.67879,0.90911,0.93988,0.88618,0.99997,0.57767,0.97634,1.00003,0.9999,0.99435,0.86178,0.92765,0.82057,0.78394,0.98773,0.45528,0.42752,0.314,0.99972
24.58,0.99866,0.94303,0.93353,0.77086,0.99498,0.97475,0.77488,0.9436,0.67428,0.96748,0.95986,0.97866,1.00008,0.79862,0.44948,0.68454,0.8958,0.99992,0.94335,0.99839,0.99233,0.84933,0.9983,0.989,0.99998,0.71393,0.73379,0.2171,0.9332,0.97203,0.23565,0.50877,1.00026,0.61985,0.77285,0.99494,0.99993,0.98454,0.98425,0.98967,0.98833,0.60822,0.67872,0.97084,0.99709,0.93927,0.99906,0.99473,0.9969,0.67919,0.90823,0.93997,0.88429,0.99998,0.57525,0.97425,0.99999,0.99988,0.99441,0.86218,0.92721,0.82056,0.78033,0.98552,0.45527,0.42752,0.31387,0.99981
24.6,0.9985,0.94238,0.93416,0.77103,0.99469,0.97475,0.7767,0.9407,0.67883,0.96878,0.96764,0.9826,1.00001,0.8,0.44807,0.68448,0.89484,0.99992,0.94178,0.99843,0.99249,0.846,0.9981,0.98885,0.99997,0.71343,0.73422,0.2171,0.93114,0.96939,0.23565,0.50877,1.00025,0.61994,0.77122,0.99471,0.99996,0.98461,0.98483,0.98967,0.9889,0.61461,0.68412,0.97198,0.99411,0.94618,0.99854,0.99503,0.99713,0.67913,0.90739,0.93988,0.88201,0.99999,0.57366,0.97256,0.99993,0.99986,0.99448,0.86251,0.92685,0.82056,0.77728,0.98377,0.45527,0.42753,0.31396,0.99975
24.62,0.99858,0.94122,0.93464,0.77058,0.99429,0.97475,0.77383,0.94058,0.6692,0.97029,0.95856,0.97659,1.00007,0.80168,0.44706,0.68525,0.89399,0.99992,0.94057,0.99839,0.9924,0.84582,0.99798,0.9887,0.99997,0.71322,0.73434,0.2171,0.93076,0.97189,0.23565,0.50877,1.00025,0.61991,0.772,0.99429,0.99998,0.98444,0.98559,0.98967,0.988,0.61489,0.67269,0.9733,0.99747,0.93574,0.99896,0.99539,0.99728,0.67979,0.90665,0.93966,0.88026,0.99998,0.57458,0.97246,0.9999,0.99984,0.99459,0.86265,0.92675,0.82056,0.77672,0.98544,0.45527,0.42753,0.31393,0.99977
24.64,0.99873,0.93987,0.93506,0.76994,0.99384,0.97475,0.76938,0.94133,0.65473,0.97186,0.94168,0.9656,1.00001,0.80317,0.44604,0.68549,0.89319,0.99993,0.9391,0.99836,0.99222,0.84665,0.9979,0.98856,0.99996,0.71311,0.73434,0.2171,0.93084,0.97538,0.23565,0.50877,1.00025,0.61991,0.77359,0.99378,0.99999,0.9842,0.98639,0.98967,0.98656,0.61323,0.65545,0.97469,0.99988,0.91787,0.99953,0.9957,0.99744,0.67999,0.90596,0.93929,0.87813,0.99997,0.57634,0.97289,0.99987,0.99983,0.99472,0.86272,0.92674,0.82056,0.77682,0.98772,0.45527,0.42753,0.31393,0.99977
24.66,0.99884,0.93859,0.93548,0.7694,0.99339,0.97475,0.76572,0.9416,0.6426,0.97336,0.92622,0.95521,0.99983,0.80449,0.44492,0.68524,0.89239,0.99993,0.93739,0.99837,0.99209,0.84695,0.9978,0.98842,0.99996,0.71296,0.7344,0.2171,0.93062,0.97798,0.23565,0.50877,1.00025,0.61992,0.77476,0.99328,1.00001,0.984,0.98712,0.98967,0.98532,0.61265,0.64095,0.97601,0.9992,0.90186,0.99983,0.99596,0.9976,0.67978,0.90526,0.93895,0.87567,0.99997,0.57765,0.97304,0.99984,0.99981,0.99484,0.86282,0.92669,0.82056,0.77651,0.9894,0.45527,0.42753,0.31394,0.99976
24.68,0.99896,0.93725,0.93597,0.76878,0.99289,0.97475,0.76157,0.9422,0.62841,0.97476,0.90582,0.94138,0.99946,0.80676,0.44421,0.68769,0.8915,0.99993,0.93692,0.9982,0.99193,0.84744,0.99769,0.98827,0.99995,0.71281,0.73445,0.2171,0.93067,0.98094,0.23565,0.50877,1.00025,0.61991,0.77614,0.99275,1.00002,0.98377,0.98791,0.98967,0.98386,0.61133,0.62393,0.97724,0.99549,0.88143,1.00002,0.9964,0.99771,0.68185,0.90449,0.93871,0.87499,0.99993,0.5792,0.97329,0.9998,0.99979,0.99497,0.86292,0.92665,0.82056,0.77657,0.99126,0.45527,0.42753,0.31393,0.99977
24.7,0.99905,0.93595,0.93631,0.76828,0.99246,0.97475,0.75794,0.94232,0.61661,0.97626,0.88773,0.92897,0.99902,0.80708,0.44272,0.6847,0.89079,0.99993,0.93387,0.99839,0.9918,0.84783,0.9976,0.98812,0.99994,0.71267,0.7345,0.2171,0.93032,0.98303,0.23565,0.50877,1.00025,0.61991,0.77726,0.99221,1.00003,0.98358,0.98853,0.98967,0.98254,0.61106,0.60972,0.97857,0.99027,0.86367,1.00004,0.99646,0.99792,0.67933,0.90387,0.93824,0.87063,0.99998,0.58045,0.97349,0.99977,0.99977,0.99507,0.86301,0.92661,0.82056,0.77606,0.99255,0.45527,0.42753,0.31393,0.99977
24.72,0.99906,0.93476,0.93627,0.76818,0.9923,0.97475,0.75624,0.94085,0.61334,0.97808,0.88443,0.92656,0.99883,0.80149,0.43876,0.66433,0.89059,0.99992,0.92216,0.99941,0.99178,0.84757,0.99757,0.98797,0.99993,0.71255,0.7346,0.2171,0.92866,0.983,0.23565,0.50877,1.00025,0.61991,0.77735,0.99172,1.00003,0.98355,0.98876,0.98967,0.98191,0.61428,0.60578,0.98017,0.98916,0.86027,1.00002,0.99535,0.99844,0.66217,0.9037,0.93708,0.85412,1.00005,0.58062,0.97336,0.99976,0.99975,0.99512,0.86309,0.92652,0.82056,0.77362,0.99253,0.45527,0.42753,0.31393,0.99977
24.74,0.99905,0.93362,0.9361,0.76822,0.99224,0.97475,0.75512,0.93886,0.61287,0.97994,0.8862,0.92757,0.99872,0.79394,0.43417,0.63787,0.89057,0.99988,0.90663,1.00002,0.9918,0.8472,0.99757,0.98782,0.99993,0.71243,0.73472,0.2171,0.92659,0.98231,0.23565,0.50877,1.00025,0.61991,0.77717,0.99123,1.00002,0.98356,0.98884,0.98967,0.98149,0.61862,0.60521,0.98182,0.98976,0.8617,1,0.99364,0.99896,0.64003,0.90368,0.9357,0.8327,0.99946,0.58045,0.97317,0.99975,0.99973,0.99515,0.86317,0.92643,0.82056,0.77061,0.99211,0.45527,0.42753,0.31393,0.99977
24.76,0.99904,0.93245,0.93599,0.76821,0.99214,0.97475,0.7537,0.93712,0.61101,0.98166,0.88546,0.92683,0.99855,0.78755,0.43022,0.61464,0.89045,0.99984,0.89205,0.99993,0.9918,0.84698,0.99755,0.98766,0.99993,0.71231,0.73483,0.2171,0.92477,0.98199,0.23565,0.50877,1.00025,0.61991,0.77716,0.99072,1.00002,0.98355,0.98898,0.98967,0.98095,0.62239,0.60297,0.98333,0.98951,0.86066,0.99997,0.99201,0.99934,0.6207,0.90357,0.93448,0.81297,0.99838,0.58045,0.97306,0.99975,0.9997,0.99518,0.86325,0.92634,0.82056,0.76796,0.99191,0.45527,0.42753,0.31393,0.99977
24.78,0.99903,0.9312,0.93585,0.76815,0.99202,0.97475,0.75237,0.93518,0.60942,0.98336,0.88524,0.92667,0.99841,0.77924,0.42541,0.58363,0.89039,0.99977,0.87229,0.999,0.9918,0.8464,0.99754,0.98751,0.99993,0.71219,0.73494,0.2171,0.92255,0.98139,0.23565,0.50877,1.00025,0.61991,0.77696,0.99017,1.00002,0.98353,0.98913,0.98967,0.98044,0.62654,0.60105,0.98484,0.98943,0.86043,0.99993,0.98966,0.99971,0.59502,0.90352,0.93294,0.7867,0.99621,0.58042,0.97276,0.99974,0.99968,0.99523,0.86332,0.92624,0.82056,0.76478,0.99154,0.45527,0.42753,0.31393,0.99977
24.8,0.99904,0.93012,0.93574,0.76822,0.99195,0.97475,0.751,0.93343,0.60801,0.98488,0.88528,0.92622,0.99821,0.7741,0.4224,0.56491,0.89025,0.99971,0.85905,0.99802,0.99181,0.84651,0.99752,0.98733,0.99992,0.71206,0.73505,0.2171,0.92097,0.98117,0.23565,0.50877,1.00025,0.61991,0.77707,0.98968,1.00002,0.98356,0.98923,0.98967,0.9799,0.63027,0.59934,0.98618,0.98945,0.8598,0.99988,0.98809,0.99989,0.5796,0.9034,0.93195,0.76934,0.99449,0.58036,0.97282,0.99973,0.99965,0.99524,0.86341,0.92615,0.82056,0.76251,0.99141,0.45527,0.42753,0.31393,0.99977
24.82,0.99912,0.92953,0.93576,0.76863,0.99197,0.97475,0.74934,0.93237,0.60642,0.98602,0.88483,0.92396,0.99783,0.77922,0.42462,0.58691,0.88984,0.99976,0.87006,0.99906,0.99182,0.84872,0.99751,0.98705,0.99993,0.71189,0.73515,0.2171,0.92134,0.98223,0.23565,0.50876,1.00025,0.6199,0.77808,0.98941,1.00002,0.98372,0.9892,0.98967,0.97925,0.6325,0.59742,0.9872,0.9893,0.85663,0.99975,0.98966,0.99976,0.59773,0.90304,0.93273,0.78376,0.99632,0.58029,0.97394,0.99973,0.99961,0.99517,0.86352,0.92606,0.82056,0.76305,0.99206,0.45527,0.42752,0.31392,0.99978
24.84,0.99922,0.92912,0.9358,0.76918,0.99203,0.97475,0.74763,0.93153,0.60495,0.98701,0.88454,0.92133,0.99737,0.78749,0.42859,0.62079,0.88934,0.99982,0.88784,0.99996,0.99183,0.85158,0.9975,0.98674,0.99994,0.71171,0.73525,0.2171,0.92237,0.98364,0.23565,0.50875,1.00025,0.61989,0.77939,0.98922,1.00002,0.98392,0.98912,0.98967,0.97857,0.63427,0.59565,0.98807,0.9892,0.85295,0.99956,0.992,0.99948,0.6258,0.90261,0.93405,0.80733,0.99852,0.5802,0.97537,0.99973,0.99955,0.99506,0.86364,0.92598,0.82056,0.76452,0.99292,0.45527,0.42751,0.31392,0.99978
24.86,0.99931,0.92861,0.93583,0.76966,0.99207,0.97475,0.74595,0.93058,0.60343,0.988,0.88422,0.91892,0.9969,0.79372,0.43158,0.64609,0.88888,0.99986,0.90032,0.99999,0.99183,0.85401,0.99749,0.98644,0.99995,0.71153,0.73536,0.2171,0.92305,0.98481,0.23565,0.50875,1.00025,0.61988,0.78055,0.98898,1.00002,0.9841,0.98907,0.98967,0.97789,0.63627,0.59381,0.98896,0.98909,0.84961,0.99935,0.99359,0.99922,0.64689,0.9022,0.93501,0.82412,0.99956,0.58013,0.97657,0.99972,0.9995,0.99497,0.86375,0.92589,0.82056,0.7655,0.99362,0.45527,0.4275,0.31391,0.99979
24.88,0.99939,0.92814,0.93588,0.77017,0.99213,0.97475,0.7442,0.92962,0.60192,0.98898,0.88383,0.91603,0.99634,0.80163,0.43563,0.67719,0.88842,0.9999,0.91571,0.99916,0.99184,0.85682,0.99748,0.98612,0.99995,0.71134,0.73546,0.2171,0.9239,0.986,0.23565,0.50874,1.00025,0.61987,0.78175,0.98876,1.00002,0.98429,0.98899,0.98967,0.97718,0.63827,0.59198,0.98983,0.98895,0.8456,0.99907,0.99538,0.9988,0.67299,0.90181,0.93637,0.84516,1.00008,0.58003,0.97792,0.99972,0.99944,0.99486,0.86387,0.9258,0.82056,0.76672,0.99433,0.45527,0.42748,0.3139,0.9998
24.9,0.99947,0.92763,0.93588,0.77064,0.99215,0.97475,0.74259,0.9287,0.60045,0.98984,0.88364,0.914,0.99584,0.80658,0.43809,0.69648,0.88792,0.99992,0.92438,0.99815,0.99185,0.85895,0.99746,0.98583,0.99996,0.71118,0.73556,0.2171,0.92456,0.98708,0.23565,0.50873,1.00025,0.61986,0.78293,0.98853,1.00002,0.98447,0.98896,0.98967,0.97651,0.64019,0.5902,0.9906,0.98889,0.8428,0.99881,0.99637,0.99852,0.68928,0.90137,0.93703,0.85721,0.99992,0.57999,0.97893,0.99971,0.99938,0.99479,0.86398,0.92571,0.82056,0.76766,0.99496,0.45527,0.42748,0.3139,0.99981
24.92,0.99953,0.92698,0.93571,0.77096,0.99206,0.97475,0.74117,0.92796,0.59836,0.9905,0.88305,0.91379,0.99554,0.80226,0.4352,0.68139,0.88733,0.99988,0.91447,0.99911,0.99183,0.85915,0.99745,0.98565,0.99995,0.71108,0.73567,0.2171,0.92453,0.98792,0.23565,0.50874,1.00025,0.61987,0.78402,0.98821,1.00001,0.98458,0.98908,0.98967,0.97592,0.64173,0.58768,0.9912,0.98868,0.84251,0.99864,0.99551,0.99885,0.67653,0.90085,0.93548,0.84344,1.00008,0.58013,0.97903,0.99971,0.99934,0.99488,0.86405,0.92562,0.82056,0.76763,0.99543,0.45527,0.42749,0.3139,0.9998
24.94,0.99959,0.92627,0.93548,0.77122,0.99194,0.97475,0.73993,0.92723,0.59641,0.99108,0.88276,0.91462,0.99535,0.795,0.43072,0.65482,0.88668,0.99978,0.89761,0.99996,0.99181,0.85867,0.99743,0.98551,0.99994,0.71101,0.73578,0.2171,0.9243,0.98866,0.23565,0.50875,1.00025,0.61989,0.78506,0.98788,1.00001,0.98468,0.98925,0.98967,0.9754,0.64324,0.58532,0.99171,0.98858,0.84365,0.99853,0.99389,0.9993,0.6542,0.90029,0.93322,0.82045,0.99963,0.58033,0.9788,0.9997,0.99932,0.99502,0.86409,0.92553,0.82056,0.76729,0.99585,0.45527,0.4275,0.31391,0.99979
24.96,0.99965,0.92559,0.93529,0.7715,0.99183,0.97475,0.73876,0.92641,0.59487,0.99166,0.88293,0.91547,0.99515,0.78945,0.42729,0.6342,0.88605,0.99967,0.88353,1,0.9918,0.8585,0.99741,0.98536,0.99993,0.71092,0.73588,0.2171,0.92416,0.98939,0.23565,0.50876,1.00025,0.6199,0.78611,0.98755,1,0.98478,0.98939,0.98967,0.9749,0.64494,0.58345,0.99223,0.98864,0.84483,0.99842,0.99251,0.99958,0.63697,0.89975,0.93138,0.80159,0.99868,0.5805,0.97872,0.99969,0.99928,0.99513,0.86415,0.92545,0.82056,0.76708,0.99625,0.45527,0.42751,0.31392,0.99978
24.98,0.99971,0.92489,0.93505,0.7718,0.99172,0.97475,0.73695,0.92591,0.59139,0.99223,0.88068,0.91428,0.99472,0.78186,0.42301,0.60595,0.88545,0.99948,0.86378,0.99924,0.99178,0.85837,0.99742,0.98518,0.99992,0.71084,0.73599,0.2171,0.92405,0.99018,0.23565,0.50877,1.00025,0.61992,0.78723,0.98721,0.99999,0.98489,0.98953,0.98967,0.97413,0.64596,0.57923,0.99274,0.98784,0.84319,0.99816,0.99043,0.99986,0.61348,0.89922,0.92892,0.77552,0.99667,0.58068,0.97866,0.99969,0.99925,0.99525,0.8642,0.92535,0.82056,0.76694,0.99668,0.45527,0.42753,0.31393,0.99977
25,0.99975,0.92419,0.93489,0.77204,0.9916,0.97475,0.73648,0.92475,0.59187,0.99274,0.88342,0.91748,0.99479,0.77746,0.42028,0.58854,0.88477,0.99934,0.85101,0.99833,0.99176,0.85798,0.99735,0.98505,0.99991,0.71076,0.73609,0.2171,0.92381,0.99075,0.23565,0.50878,1.00025,0.61993,0.78817,0.98687,0.99999,0.98498,0.98969,0.98967,0.97393,0.64835,0.57982,0.9932,0.98881,0.84761,0.9982,0.98913,0.99999,0.59907,0.89863,0.9275,0.75889,0.995,0.58085,0.97848,0.99967,0.99922,0.99537,0.86426,0.92527,0.82056,0.76658,0.99698,0.45527,0.42754,0.31394,0.99976
25.02,0.99977,0.92353,0.93494,0.7721,0.99144,0.97475,0.73991,0.92152,0.60392,0.99315,0.90011,0.93249,0.9962,0.78336,0.42221,0.60779,0.88392,0.99951,0.86389,0.99923,0.99175,0.85704,0.99706,0.98503,0.9999,0.71069,0.73615,0.2171,0.92318,0.99081,0.23565,0.50878,1.00025,0.61993,0.78861,0.98654,0.99999,0.985,0.98989,0.98967,0.97539,0.65492,0.5944,0.99357,0.99401,0.86867,0.999,0.99086,0.9999,0.61501,0.89789,0.92934,0.77566,0.99665,0.58095,0.97803,0.99954,0.99921,0.99551,0.8643,0.92522,0.82056,0.76569,0.99702,0.45527,0.42754,0.31394,0.99976
25.04,0.99978,0.92287,0.93507,0.77209,0.99127,0.97475,0.7446,0.91757,0.6195,0.99352,0.91952,0.94931,0.99773,0.79242,0.42568,0.6379,0.88299,0.99972,0.88382,0.99999,0.99174,0.85586,0.99667,0.98504,0.99988,0.71063,0.73619,0.2171,0.92242,0.99069,0.23565,0.50878,1.00025,0.61993,0.78886,0.98621,0.99999,0.98499,0.99011,0.98967,0.97734,0.6629,0.6132,0.9939,0.99829,0.89304,0.99971,0.99327,0.99969,0.64006,0.89708,0.9322,0.80196,0.99867,0.58103,0.97746,0.99935,0.99922,0.99566,0.86434,0.92518,0.82056,0.76459,0.99695,0.45527,0.42754,0.31394,0.99976
25.06,0.99979,0.92221,0.93517,0.7721,0.99109,0.97475,0.74852,0.91395,0.63266,0.99387,0.93475,0.96207,0.99873,0.79954,0.42837,0.66091,0.88207,0.99984,0.89837,0.99996,0.99173,0.8548,0.99629,0.98504,0.99986,0.71056,0.73625,0.2171,0.92172,0.99065,0.23565,0.50878,1.00025,0.61993,0.78919,0.98588,1,0.985,0.99032,0.98967,0.97893,0.67011,0.62903,0.99422,0.99985,0.91235,1.00001,0.99493,0.9995,0.6593,0.89628,0.93443,0.82148,0.99963,0.58112,0.97695,0.99915,0.99922,0.99579,0.86439,0.92514,0.82056,0.76359,0.99693,0.45527,0.42754,0.31394,0.99976
25.08,0.99981,0.92153,0.93525,0.77214,0.99094,0.97475,0.75303,0.90972,0.64753,0.99427,0.95023,0.97441,0.99955,0.80771,0.43164,0.6868,0.88123,0.99992,0.91423,0.99921,0.99172,0.85364,0.99589,0.98504,0.99984,0.71051,0.73628,0.2171,0.92098,0.9906,0.23565,0.50878,1.00025,0.61993,0.78955,0.98554,1,0.98502,0.9905,0.98967,0.98069,0.67844,0.64685,0.99458,0.99916,0.93209,0.99999,0.99658,0.99921,0.6811,0.89555,0.93704,0.84311,1.00007,0.58119,0.97639,0.99893,0.99922,0.99594,0.86442,0.92511,0.82056,0.76253,0.9969,0.45527,0.42754,0.31394,0.99976
25.1,0.99982,0.92087,0.9354,0.7721,0.99073,0.97475,0.7565,0.90635,0.65891,0.99455,0.96088,0.98238,0.99993,0.81407,0.4342,0.70693,0.8802,0.99993,0.92592,0.99806,0.99171,0.85262,0.99547,0.98505,0.99982,0.71042,0.73635,0.2171,0.92029,0.99053,0.23565,0.50878,1.00025,0.61993,0.78982,0.9852,1.00001,0.985,0.99074,0.98967,0.98201,0.685,0.66043,0.99483,0.99678,0.94579,0.99971,0.99766,0.99896,0.69815,0.89466,0.939,0.85938,0.99989,0.5813,0.97589,0.99868,0.99922,0.99606,0.86448,0.92505,0.82056,0.76156,0.99687,0.45527,0.42754,0.31394,0.99976
25.12,0.99982,0.92027,0.93573,0.77186,0.9904,0.97475,0.75703,0.90572,0.66099,0.99453,0.96297,0.98387,0.99997,0.815,0.43428,0.71091,0.87862,0.99993,0.92766,0.99781,0.99169,0.85202,0.99508,0.98508,0.9998,0.71023,0.73653,0.2171,0.91979,0.99046,0.23565,0.50877,1.00025,0.61992,0.78983,0.98489,1.00001,0.98491,0.99112,0.98967,0.98221,0.68621,0.66292,0.99481,0.99606,0.94847,0.99964,0.9978,0.99895,0.70153,0.89328,0.93901,0.86182,0.99981,0.58149,0.97559,0.99845,0.99923,0.99614,0.8646,0.9249,0.82056,0.76084,0.99683,0.45527,0.42753,0.31393,0.99976
25.14,0.99982,0.91968,0.93614,0.77154,0.99001,0.97475,0.75651,0.90609,0.6597,0.9944,0.96215,0.98329,0.99994,0.81419,0.43356,0.70987,0.87687,0.99993,0.9264,0.99795,0.99167,0.85157,0.9947,0.98513,0.99979,0.71,0.73674,0.2171,0.91936,0.99038,0.23565,0.50876,1.00025,0.6199,0.78978,0.98459,1.00002,0.9848,0.99154,0.98967,0.98201,0.6855,0.66138,0.9947,0.99636,0.94743,0.9997,0.99768,0.99902,0.70064,0.89175,0.9384,0.86006,0.99986,0.58173,0.97537,0.9982,0.99924,0.99621,0.86475,0.92472,0.82056,0.76023,0.99679,0.45527,0.42752,0.31393,0.99977
25.16,0.99982,0.91908,0.93651,0.77125,0.98963,0.97475,0.75637,0.90605,0.65961,0.99434,0.9623,0.98345,0.99994,0.81424,0.43322,0.71131,0.87521,0.99993,0.92666,0.9979,0.99164,0.85105,0.99428,0.98517,0.99978,0.70979,0.73693,0.2171,0.91891,0.99032,0.23565,0.50876,1.00025,0.61989,0.78979,0.98427,1.00003,0.98469,0.99193,0.98967,0.98196,0.68559,0.66127,0.99464,0.99631,0.94772,0.99969,0.99769,0.99906,0.70186,0.89032,0.93812,0.86043,0.99984,0.58197,0.97511,0.99794,0.99924,0.99628,0.86489,0.92456,0.82056,0.75959,0.99675,0.45527,0.42751,0.31392,0.99978
25.18,0.99981,0.91848,0.93687,0.77097,0.98927,0.97475,0.75662,0.90583,0.66092,0.99422,0.96387,0.9844,0.99995,0.81411,0.43287,0.71223,0.87338,0.99992,0.92646,0.99789,0.99163,0.85052,0.99387,0.98522,0.99976,0.70957,0.73714,0.2171,0.9184,0.99018,0.23565,0.50875,1.00025,0.61988,0.78963,0.98396,1.00004,0.98459,0.9923,0.98967,0.98205,0.68601,0.66284,0.99454,0.99573,0.94946,0.99968,0.99767,0.99909,0.70265,0.88872,0.93767,0.86014,0.99984,0.5821,0.97484,0.99766,0.99925,0.99635,0.86503,0.92438,0.82056,0.75887,0.99668,0.45527,0.4275,0.31391,0.99979
25.2,0.99982,0.91787,0.93728,0.77064,0.98884,0.97475,0.75584,0.90618,0.6586,0.99419,0.9619,0.98328,0.99992,0.81389,0.43233,0.7129,0.87184,0.99992,0.92643,0.9979,0.99159,0.85005,0.99342,0.98526,0.99975,0.70937,0.73732,0.2171,0.91802,0.99021,0.23565,0.50874,1.00025,0.61987,0.78982,0.98364,1.00004,0.98447,0.99271,0.98967,0.98176,0.68533,0.66007,0.99451,0.99644,0.94741,0.99972,0.99763,0.99915,0.70322,0.88739,0.9374,0.8601,0.99984,0.58247,0.97461,0.99735,0.99926,0.99641,0.86516,0.92423,0.82056,0.75833,0.99669,0.45527,0.42749,0.3139,0.9998
25.22,0.99986,0.91727,0.93789,0.77017,0.98823,0.97475,0.75214,0.90815,0.64565,0.99439,0.94832,0.97519,0.99974,0.81377,0.4315,0.71405,0.87126,0.99992,0.92763,0.99786,0.99148,0.84961,0.99289,0.98525,0.99974,0.70928,0.73738,0.2171,0.91801,0.99074,0.23565,0.50874,1.00025,0.61987,0.79104,0.98332,1.00005,0.98429,0.99325,0.98967,0.98035,0.68151,0.6446,0.99469,0.9994,0.93339,0.9999,0.99761,0.99923,0.7042,0.88688,0.93777,0.86179,0.99983,0.58352,0.97439,0.99697,0.99926,0.99646,0.86522,0.92418,0.82056,0.75832,0.99698,0.45527,0.42749,0.3139,0.9998
25.24,0.99992,0.91666,0.93854,0.76964,0.98756,0.97475,0.74745,0.91057,0.62896,0.99469,0.9282,0.96266,0.99941,0.81361,0.4305,0.71506,0.87098,0.99993,0.92906,0.99783,0.99134,0.84924,0.99233,0.98524,0.99973,0.70922,0.7374,0.2171,0.91813,0.99143,0.23565,0.50874,1.00025,0.61987,0.7926,0.983,1.00005,0.9841,0.99382,0.98967,0.9785,0.67677,0.62458,0.99496,0.99941,0.91327,1.00003,0.99759,0.99932,0.70506,0.88663,0.93834,0.86381,0.99982,0.58481,0.9742,0.99657,0.99926,0.9965,0.86526,0.92416,0.82056,0.75849,0.99733,0.45527,0.42749,0.3139,0.9998
25.26,0.99995,0.91605,0.93914,0.76915,0.9869,0.97475,0.74339,0.91255,0.61443,0.99495,0.90859,0.9501,0.99903,0.81348,0.42958,0.7161,0.87052,0.99993,0.93034,0.9978,0.99121,0.8489,0.99177,0.98523,0.99972,0.70915,0.73744,0.2171,0.91817,0.99199,0.23565,0.50874,1.00025,0.61987,0.79396,0.98267,1.00005,0.98391,0.99434,0.98967,0.97685,0.67288,0.6071,0.9952,0.99615,0.89422,1.00004,0.99757,0.9994,0.70594,0.88624,0.93882,0.86561,0.9998,0.58597,0.97403,0.99615,0.99926,0.99654,0.8653,0.92413,0.82056,0.75854,0.99762,0.45527,0.42749,0.3139,0.9998
25.28,0.99999,0.91545,0.93986,0.76862,0.98618,0.97475,0.73829,0.91534,0.59568,0.99515,0.87983,0.93109,0.99845,0.81322,0.42866,0.71712,0.87021,0.99993,0.93164,0.99776,0.99108,0.84831,0.99111,0.98522,0.99971,0.70906,0.73748,0.2171,0.91829,0.99262,0.23565,0.50874,1.00025,0.61987,0.79549,0.98235,1.00004,0.98371,0.99487,0.98967,0.9747,0.66735,0.58442,0.99537,0.98754,0.86668,0.99994,0.99753,0.99947,0.70681,0.88596,0.93924,0.86745,0.99979,0.58724,0.97373,0.99565,0.99925,0.99658,0.86536,0.92409,0.82056,0.75871,0.99793,0.45527,0.42749,0.3139,0.9998
25.3,1.00001,0.91481,0.94032,0.76816,0.98553,0.97475,0.735,0.91649,0.58386,0.99547,0.86109,0.91875,0.99802,0.81325,0.42772,0.7182,0.86967,0.99992,0.93294,0.99773,0.99096,0.84825,0.99061,0.98522,0.9997,0.70902,0.7375,0.2171,0.91828,0.99309,0.23565,0.50874,1.00025,0.61987,0.79675,0.982,1.00003,0.98354,0.99531,0.98967,0.97328,0.66505,0.57009,0.99567,0.98016,0.84936,0.99982,0.99753,0.99955,0.70773,0.8855,0.93983,0.86931,0.99978,0.58833,0.9737,0.99526,0.99925,0.99663,0.86539,0.92407,0.82056,0.7587,0.99816,0.45527,0.42749,0.3139,0.9998
25.32,1.00001,0.91406,0.94001,0.76791,0.98512,0.97475,0.73755,0.91276,0.59477,0.99613,0.88315,0.93442,0.99839,0.81411,0.42682,0.71944,0.86855,0.9999,0.9343,0.99769,0.99089,0.84953,0.99056,0.98531,0.99968,0.70908,0.73745,0.2171,0.91785,0.99317,0.23565,0.50874,1.00025,0.61987,0.79717,0.98159,1.00004,0.98344,0.99558,0.98967,0.97439,0.67246,0.58333,0.99627,0.98871,0.87141,0.99993,0.99767,0.99961,0.70879,0.88453,0.94079,0.87125,0.99977,0.58893,0.97435,0.99522,0.99927,0.99669,0.86535,0.92411,0.82056,0.75809,0.9982,0.45527,0.42749,0.3139,0.9998
25.34,1.00001,0.91326,0.93942,0.76774,0.98481,0.97475,0.74192,0.9073,0.61258,0.99685,0.91415,0.95556,0.99893,0.81529,0.42591,0.72078,0.86718,0.99987,0.93566,0.99764,0.99084,0.85134,0.99069,0.98542,0.99967,0.70919,0.73737,0.2171,0.91728,0.99311,0.23565,0.50874,1.00025,0.61987,0.7973,0.98116,1.00005,0.98338,0.99577,0.98967,0.97624,0.68316,0.60486,0.99693,0.99733,0.90238,1.00003,0.99785,0.99968,0.70994,0.88333,0.9419,0.87319,0.99975,0.58935,0.97525,0.99533,0.9993,0.99676,0.86528,0.92418,0.82056,0.75729,0.99817,0.45527,0.42749,0.3139,0.9998
25.36,1.00002,0.91249,0.93896,0.76754,0.98446,0.97475,0.74513,0.90267,0.62579,0.99744,0.93483,0.96917,0.99926,0.81633,0.42499,0.72213,0.86585,0.99983,0.93697,0.9976,0.99079,0.85297,0.99076,0.98551,0.99965,0.70928,0.73731,0.2171,0.9168,0.99311,0.23565,0.50874,1.00025,0.61987,0.79755,0.98073,1.00005,0.9833,0.99598,0.98967,0.97756,0.69211,0.62078,0.99747,0.99986,0.92354,1.00004,0.998,0.99974,0.71109,0.88217,0.94293,0.87506,0.99973,0.58983,0.97606,0.99539,0.99932,0.99682,0.86522,0.92424,0.82056,0.75661,0.99817,0.45527,0.42749,0.3139,0.9998
25.38,1.00002,0.91169,0.93847,0.76732,0.98402,0.97475,0.74949,0.89697,0.64299,0.998,0.9577,0.98317,0.99963,0.8173,0.42413,0.72322,0.86481,0.99978,0.93838,0.99755,0.99072,0.85432,0.99075,0.98563,0.99963,0.70936,0.73725,0.2171,0.91622,0.99311,0.23565,0.50874,1.00025,0.61987,0.79786,0.98028,1.00005,0.98322,0.99623,0.98967,0.97931,0.70298,0.64142,0.998,0.9977,0.94722,0.99996,0.99814,0.99979,0.71202,0.88127,0.94397,0.8771,0.99972,0.59044,0.97672,0.99537,0.99934,0.99689,0.86517,0.92428,0.82056,0.75581,0.99817,0.45527,0.42749,0.3139,0.9998
25.4,1.00002,0.91092,0.93799,0.76716,0.9838,0.97475,0.75187,0.89271,0.65293,0.99845,0.96896,0.98965,0.99978,0.81849,0.42317,0.72487,0.86307,0.99971,0.93954,0.9975,0.99069,0.85631,0.99095,0.9857,0.99962,0.70947,0.73716,0.2171,0.9158,0.99308,0.23565,0.50874,1.00025,0.61987,0.79798,0.97986,1.00005,0.98315,0.99636,0.98967,0.98024,0.71101,0.6533,0.99842,0.99346,0.95951,0.99987,0.9983,0.99985,0.71342,0.87976,0.94498,0.87877,0.9997,0.59073,0.97768,0.99553,0.99936,0.99694,0.86509,0.92436,0.82056,0.75521,0.99816,0.45527,0.42749,0.3139,0.9998
25.42,1.00002,0.91029,0.93764,0.76714,0.98415,0.97475,0.74814,0.89339,0.64109,0.99871,0.95619,0.98324,0.99951,0.82028,0.42189,0.72804,0.85936,0.99964,0.94002,0.99745,0.99076,0.86013,0.99176,0.98563,0.99963,0.7097,0.73699,0.2171,0.91582,0.99298,0.23565,0.50874,1.00025,0.61987,0.79761,0.9795,1.00005,0.98315,0.99616,0.98967,0.97878,0.70973,0.63914,0.99867,0.99807,0.94733,1,0.99853,0.99992,0.71613,0.87654,0.94589,0.87946,0.99968,0.59013,0.97949,0.99615,0.99934,0.99691,0.86494,0.92451,0.82056,0.75524,0.99811,0.45527,0.42749,0.3139,0.9998
25.44,1.00001,0.9097,0.93732,0.76718,0.9847,0.97475,0.74239,0.89568,0.6218,0.99891,0.93096,0.96926,0.99893,0.82227,0.42052,0.73173,0.8549,0.99957,0.94026,0.99739,0.99086,0.86447,0.99273,0.9855,0.99964,0.70997,0.73678,0.2171,0.91599,0.99284,0.23565,0.50874,1.00025,0.61987,0.79705,0.97917,1.00005,0.98316,0.99584,0.98967,0.97643,0.70541,0.61597,0.99886,0.99964,0.92369,1.00003,0.99877,0.99998,0.71929,0.87266,0.94676,0.8798,0.99966,0.58923,0.98148,0.99686,0.99931,0.99685,0.86477,0.92468,0.82056,0.75548,0.99804,0.45527,0.42749,0.3139,0.9998
25.46,1,0.90909,0.93699,0.76719,0.98514,0.97475,0.73768,0.89712,0.60609,0.99911,0.9069,0.95535,0.99831,0.82413,0.41923,0.73513,0.85074,0.99948,0.94061,0.99734,0.99094,0.86835,0.99352,0.9854,0.99966,0.71021,0.7366,0.2171,0.91609,0.99273,0.23565,0.50874,1.00025,0.61987,0.7966,0.97882,1.00004,0.98317,0.99556,0.98967,0.97444,0.7027,0.59702,0.99905,0.99576,0.90207,0.99991,0.99898,1.00003,0.7222,0.86905,0.94763,0.88031,0.99964,0.5885,0.98319,0.99742,0.99929,0.9968,0.86461,0.92484,0.82056,0.75562,0.99799,0.45527,0.42749,0.3139,0.9998
25.48,1,0.90847,0.93665,0.76722,0.98562,0.97475,0.73217,0.89894,0.58732,0.9993,0.87417,0.93571,0.99744,0.82609,0.41787,0.73861,0.84627,0.99938,0.94095,0.99728,0.99103,0.87274,0.99439,0.98528,0.99967,0.71049,0.73638,0.2171,0.9162,0.99258,0.23565,0.50874,1.00025,0.61987,0.79607,0.97847,1.00004,0.98318,0.99525,0.98967,0.97204,0.69923,0.57429,0.99924,0.98544,0.87326,0.99959,0.99918,1.00007,0.72519,0.86517,0.94852,0.8808,0.99961,0.58763,0.98506,0.99801,0.99927,0.99675,0.86443,0.92502,0.82056,0.75578,0.99792,0.45527,0.42749,0.3139,0.9998
25.5,0.99999,0.90787,0.93634,0.76723,0.98604,0.97475,0.7277,0.90032,0.57201,0.99943,0.8445,0.91747,0.99659,0.82786,0.41665,0.74197,0.84212,0.99928,0.94124,0.99723,0.9911,0.87604,0.995,0.98519,0.99968,0.7107,0.73622,0.2171,0.91633,0.99249,0.23565,0.50874,1.00025,0.61987,0.79565,0.97812,1.00003,0.98318,0.99496,0.98967,0.97002,0.69661,0.55568,0.99937,0.97273,0.84759,0.9992,0.99934,1.0001,0.72807,0.86156,0.94933,0.88123,0.99959,0.58699,0.98642,0.99839,0.99925,0.99671,0.86429,0.92516,0.82056,0.75596,0.99787,0.45527,0.42749,0.3139,0.9998
25.52,0.99999,0.90724,0.93611,0.76719,0.98629,0.97475,0.72673,0.90007,0.56911,0.99946,0.83908,0.91416,0.99631,0.82917,0.41584,0.74503,0.83904,0.9992,0.94147,0.9972,0.99109,0.87633,0.99497,0.98519,0.99969,0.71073,0.73621,0.2171,0.91645,0.99256,0.23565,0.50875,1.00025,0.61988,0.79556,0.97775,1.00002,0.98317,0.99479,0.98967,0.96958,0.69709,0.55215,0.9994,0.97015,0.84302,0.99906,0.99945,1.00012,0.73071,0.85889,0.94998,0.88156,0.99958,0.58708,0.98653,0.99838,0.99925,0.99668,0.86427,0.92517,0.82056,0.75613,0.99791,0.45527,0.4275,0.31391,0.99979
25.54,0.99999,0.90662,0.93592,0.76713,0.98649,0.97475,0.72693,0.89934,0.57036,0.99945,0.84215,0.91613,0.99625,0.83029,0.41517,0.74792,0.83637,0.99912,0.94165,0.99717,0.99106,0.8756,0.99473,0.98522,0.99969,0.71069,0.73625,0.2171,0.91659,0.99269,0.23565,0.50875,1.00025,0.61989,0.79559,0.97739,1.00002,0.98314,0.99465,0.98967,0.96967,0.69848,0.55367,0.99939,0.97162,0.84574,0.99903,0.99954,1.00013,0.73319,0.85657,0.95054,0.88182,0.99957,0.58742,0.98624,0.99823,0.99925,0.99666,0.8643,0.92513,0.82056,0.75633,0.99797,0.45527,0.4275,0.31392,0.99979
25.56,0.99999,0.90602,0.93571,0.76708,0.9867,0.97475,0.7266,0.89885,0.56971,0.99946,0.84116,0.9156,0.99609,0.83147,0.41446,0.75079,0.83354,0.99903,0.94185,0.99715,0.99103,0.87538,0.9946,0.98523,0.9997,0.71068,0.73627,0.2171,0.91675,0.9928,0.23565,0.50876,1.00025,0.6199,0.79558,0.97705,1.00001,0.98312,0.99449,0.98967,0.96952,0.69941,0.55288,0.9994,0.97114,0.84501,0.99894,0.99962,1.00014,0.73566,0.85411,0.95113,0.88212,0.99956,0.58764,0.98615,0.99814,0.99926,0.99664,0.86431,0.92512,0.82056,0.75655,0.99802,0.45527,0.42751,0.31392,0.99978
25.58,0.99999,0.90531,0.9355,0.76703,0.98693,0.97475,0.72618,0.89829,0.56887,0.99947,0.84045,0.91513,0.99591,0.83277,0.41369,0.75403,0.83041,0.99893,0.94208,0.99712,0.99101,0.87499,0.99442,0.98525,0.9997,0.71068,0.73629,0.2171,0.91681,0.99287,0.23565,0.50877,1.00025,0.61991,0.79552,0.97663,1.00001,0.98311,0.99432,0.98967,0.96933,0.70047,0.55186,0.99941,0.9708,0.84435,0.99884,0.99971,1.00015,0.73846,0.8514,0.95177,0.88244,0.99954,0.58786,0.98599,0.99803,0.99926,0.99661,0.86431,0.9251,0.82056,0.75663,0.99806,0.45527,0.42752,0.31393,0.99977
25.6,0.99999,0.90482,0.93531,0.76697,0.9871,0.97475,0.72626,0.89775,0.56949,0.99947,0.84136,0.91591,0.99582,0.83372,0.41307,0.75632,0.82795,0.99886,0.94221,0.9971,0.99098,0.87469,0.99427,0.98526,0.99971,0.71064,0.73632,0.2171,0.91707,0.99303,0.23565,0.50877,1.00025,0.61991,0.79559,0.97634,1,0.98308,0.99419,0.98967,0.96936,0.7015,0.55262,0.99941,0.97124,0.84544,0.9988,0.99976,1.00015,0.74044,0.84925,0.95223,0.88263,0.99954,0.58815,0.98587,0.99792,0.99926,0.99659,0.86433,0.92507,0.82056,0.75699,0.99813,0.45527,0.42753,0.31393,0.99977
25.62,1,0.905,0.9352,0.7669,0.98711,0.97475,0.72747,0.89734,0.57334,0.99944,0.84482,0.91902,0.99596,0.83397,0.41287,0.7567,0.82722,0.99881,0.9425,0.99707,0.99093,0.87492,0.99421,0.98526,0.99972,0.71052,0.7364,0.2171,0.91788,0.9934,0.23565,0.50877,1.00025,0.61991,0.79605,0.97645,1,0.98306,0.99418,0.98967,0.96992,0.70227,0.5573,0.99937,0.97288,0.84975,0.99887,0.99978,1.00015,0.74076,0.84862,0.95252,0.88306,0.99952,0.58858,0.98596,0.99788,0.99926,0.99655,0.86441,0.92501,0.82056,0.75813,0.99831,0.45527,0.42752,0.31393,0.99977
25.64,1.00001,0.9054,0.93511,0.76682,0.98706,0.97475,0.72914,0.89697,0.5785,0.99939,0.84962,0.92316,0.99618,0.83384,0.41279,0.75603,0.82718,0.9988,0.94265,0.99705,0.99088,0.87527,0.99417,0.98525,0.99973,0.71036,0.7365,0.2171,0.91887,0.99383,0.23565,0.50876,1.00025,0.61989,0.79664,0.97668,1,0.98303,0.99422,0.98967,0.97068,0.70297,0.56358,0.99933,0.9751,0.85551,0.99899,0.99977,1.00015,0.74019,0.84858,0.95258,0.88327,0.99951,0.58907,0.9861,0.99786,0.99926,0.99651,0.86451,0.92492,0.82056,0.75953,0.99851,0.45527,0.42751,0.31392,0.99978
25.66,1.00001,0.90567,0.93502,0.76675,0.98704,0.97475,0.73056,0.8966,0.58292,0.99935,0.85365,0.92662,0.99636,0.83374,0.4126,0.75541,0.82685,0.99881,0.94258,0.99703,0.99083,0.87554,0.99412,0.98524,0.99974,0.71023,0.73658,0.2171,0.91974,0.9942,0.23565,0.50875,1.00025,0.61988,0.79715,0.97684,0.99999,0.983,0.99423,0.98967,0.97132,0.70368,0.56895,0.99929,0.97692,0.86037,0.99908,0.99976,1.00015,0.73965,0.8483,0.95252,0.88317,0.99951,0.58952,0.98621,0.99782,0.99926,0.99646,0.8646,0.92485,0.82056,0.76077,0.99867,0.45527,0.4275,0.31391,0.99979
25.68,1.00002,0.90604,0.9349,0.76666,0.98702,0.97475,0.73218,0.89616,0.58785,0.99931,0.85809,0.93044,0.99655,0.83422,0.41265,0.75653,0.82641,0.99866,0.94364,0.99698,0.99077,0.87585,0.99407,0.98523,0.99975,0.71006,0.73668,0.2171,0.92072,0.99462,0.23565,0.50874,1.00025,0.61987,0.79775,0.97706,0.99999,0.98296,0.99425,0.98967,0.97204,0.70452,0.57494,0.99925,0.97887,0.86575,0.99918,0.99979,1.00015,0.74061,0.84792,0.95333,0.88472,0.99948,0.59002,0.98634,0.9978,0.99926,0.99642,0.86471,0.92477,0.82056,0.76217,0.99885,0.45527,0.42749,0.3139,0.9998
25.7,1.00002,0.90627,0.93484,0.7666,0.98698,0.97475,0.73347,0.89586,0.59196,0.99927,0.86189,0.93354,0.99671,0.83342,0.41224,0.75385,0.82637,0.99884,0.94238,0.99701,0.99073,0.87612,0.99402,0.98524,0.99976,0.70995,0.73675,0.2171,0.92152,0.99493,0.23565,0.50873,1.00025,0.61986,0.79818,0.97719,0.99999,0.98294,0.99428,0.98967,0.97261,0.70507,0.57992,0.99921,0.9805,0.87016,0.99926,0.99975,1.00015,0.73831,0.84789,0.95233,0.88288,0.9995,0.59043,0.98645,0.99776,0.99926,0.99638,0.86478,0.92471,0.82056,0.7633,0.99899,0.45527,0.42748,0.3139,0.99981
25.72,1.00002,0.906,0.93497,0.76664,0.98693,0.97475,0.73359,0.89613,0.59297,0.99926,0.86227,0.93386,0.99674,0.82892,0.41045,0.74005,0.82732,0.99965,0.93393,0.99731,0.99071,0.87624,0.99394,0.98532,0.99977,0.71,0.7367,0.2171,0.92174,0.99496,0.23565,0.50873,1.00025,0.61985,0.79805,0.97703,0.99999,0.98296,0.99432,0.98967,0.97267,0.70457,0.58115,0.9992,0.98066,0.87061,0.99927,0.99943,1.00014,0.72642,0.84871,0.94579,0.87072,0.99962,0.59052,0.9865,0.9977,0.99928,0.99632,0.86475,0.92475,0.82056,0.76362,0.999,0.45527,0.42748,0.31389,0.99981
25.74,1.00002,0.90558,0.93516,0.76672,0.98688,0.97475,0.73339,0.89653,0.5932,0.99926,0.8622,0.93362,0.99675,0.82308,0.40825,0.72199,0.82864,0.99991,0.92231,0.99768,0.99071,0.87632,0.99385,0.98544,0.99978,0.7101,0.73661,0.2171,0.92179,0.99491,0.23565,0.50873,1.00025,0.61986,0.79774,0.97679,1,0.98299,0.99436,0.98967,0.97258,0.70381,0.58143,0.9992,0.98063,0.87027,0.99928,0.99887,1.00009,0.71097,0.84985,0.93683,0.85433,0.99976,0.59052,0.98653,0.99764,0.9993,0.99626,0.86469,0.92483,0.82056,0.76369,0.99898,0.45527,0.42748,0.3139,0.99981
25.76,1.00002,0.90525,0.93531,0.76678,0.98683,0.97475,0.73344,0.89678,0.59417,0.99925,0.86334,0.9342,0.99679,0.8179,0.40634,0.70567,0.82974,0.99943,0.91142,0.99797,0.99071,0.87641,0.99377,0.98554,0.99979,0.71017,0.73654,0.2171,0.92194,0.99491,0.23565,0.50873,1.00025,0.61985,0.79754,0.9766,1,0.98301,0.99439,0.98967,0.9726,0.70334,0.5826,0.99919,0.9811,0.87111,0.9993,0.99822,1.00003,0.69708,0.85081,0.92846,0.83925,0.99986,0.59058,0.98657,0.99759,0.99932,0.9962,0.86464,0.92489,0.82056,0.7639,0.99898,0.45527,0.42748,0.31389,0.99981
25.78,1.00001,0.90484,0.93548,0.76684,0.98676,0.97475,0.73311,0.8974,0.59366,0.99924,0.86056,0.93256,0.99673,0.81194,0.40417,0.68659,0.83103,0.99807,0.89805,0.99829,0.99071,0.87653,0.99367,0.98565,0.9998,0.71026,0.73646,0.2171,0.922,0.99487,0.23565,0.50873,1.00025,0.61985,0.79723,0.97636,1.00001,0.98303,0.99445,0.98967,0.97245,0.70216,0.58198,0.99918,0.97993,0.86876,0.99927,0.99732,0.99993,0.68092,0.85193,0.91823,0.82104,0.99996,0.59059,0.98661,0.99752,0.99934,0.99614,0.86458,0.92496,0.82056,0.76399,0.99896,0.45527,0.42747,0.31389,0.99981
25.8,1.00001,0.90456,0.93564,0.76692,0.98674,0.97475,0.73344,0.8973,0.59591,0.99924,0.86545,0.93522,0.99686,0.80704,0.40251,0.67082,0.832,0.9964,0.8869,0.99852,0.9907,0.87659,0.9936,0.98574,0.99981,0.71033,0.7364,0.2171,0.9222,0.99489,0.23565,0.50873,1.00025,0.61985,0.79711,0.97619,1.00001,0.98306,0.99447,0.98967,0.9726,0.70235,0.5847,0.99918,0.98198,0.87255,0.99933,0.99646,0.99984,0.66763,0.85277,0.9097,0.80607,1.00001,0.59067,0.98664,0.99747,0.99936,0.99608,0.86453,0.92501,0.82056,0.76427,0.99897,0.45527,0.42747,0.31389,0.99981
25.82,1.00002,0.90472,0.93577,0.76702,0.98685,0.97475,0.73594,0.89492,0.60695,0.99926,0.8928,0.95039,0.99754,0.80567,0.40229,0.66689,0.83192,0.99606,0.88501,0.99851,0.99067,0.87644,0.99361,0.98576,0.99982,0.71032,0.73642,0.2171,0.92278,0.99511,0.23565,0.50873,1.00025,0.61986,0.79759,0.97628,1.00002,0.9831,0.99438,0.98967,0.97369,0.70685,0.59806,0.9992,0.99189,0.89464,0.99963,0.9962,0.99982,0.66433,0.8527,0.90822,0.80355,1.00001,0.59089,0.98658,0.99748,0.99937,0.99606,0.86454,0.92499,0.82056,0.7651,0.99906,0.45527,0.42748,0.3139,0.99981
25.84,1.00002,0.905,0.93591,0.76714,0.98702,0.97475,0.73905,0.89181,0.62037,0.99929,0.92256,0.96649,0.99826,0.8055,0.40257,0.66702,0.83153,0.99629,0.88641,0.99843,0.99064,0.87624,0.99366,0.98576,0.99982,0.71028,0.73646,0.2171,0.92349,0.99538,0.23565,0.50873,1.00025,0.61986,0.79829,0.97645,1.00002,0.98315,0.99425,0.98967,0.97503,0.7127,0.61426,0.99923,0.99874,0.91927,0.99989,0.99616,0.99984,0.66444,0.85236,0.90923,0.80542,0.99999,0.59118,0.9865,0.99751,0.99937,0.99604,0.86457,0.92496,0.82056,0.76612,0.99917,0.45527,0.42748,0.3139,0.99981
25.86,1.00003,0.9052,0.93605,0.76726,0.98716,0.97475,0.74166,0.88914,0.63173,0.99931,0.94413,0.97774,0.99878,0.80471,0.40263,0.66509,0.83134,0.99625,0.88622,0.99839,0.99061,0.8761,0.99369,0.98577,0.99982,0.71025,0.73648,0.2171,0.92415,0.99562,0.23565,0.50874,1.00025,0.61986,0.7989,0.97657,1.00002,0.98319,0.99414,0.98967,0.97613,0.71767,0.62792,0.99925,0.99977,0.93769,1.00001,0.99601,0.99984,0.66281,0.85219,0.90902,0.80517,0.99998,0.59147,0.98644,0.99753,0.99937,0.99602,0.86459,0.92494,0.82056,0.76708,0.99926,0.45527,0.42748,0.3139,0.9998
25.88,1.00003,0.9055,0.93614,0.76734,0.98732,0.97475,0.74505,0.88574,0.64574,0.99933,0.9665,0.98874,0.99932,0.80413,0.40267,0.66379,0.83091,0.99625,0.88625,0.99832,0.99059,0.87579,0.99372,0.98577,0.99983,0.71021,0.73652,0.2171,0.92474,0.99585,0.23565,0.50874,1.00025,0.61987,0.79945,0.97674,1.00003,0.98323,0.99402,0.98967,0.97753,0.72398,0.64471,0.99927,0.99464,0.9577,1.00004,0.99589,0.99985,0.66172,0.85183,0.90903,0.80521,0.99996,0.59161,0.98632,0.99755,0.99937,0.99601,0.86461,0.9249,0.82056,0.76792,0.99935,0.45527,0.42748,0.3139,0.9998
25.9,1.00004,0.90564,0.93635,0.7675,0.98745,0.97475,0.74697,0.88359,0.65437,0.99936,0.97724,0.99359,0.99958,0.80346,0.40287,0.6623,0.83089,0.9963,0.88672,0.99828,0.99054,0.87582,0.99376,0.98578,0.99983,0.71019,0.73654,0.2171,0.92551,0.99608,0.23565,0.50874,1.00025,0.61987,0.80017,0.97682,1.00003,0.98329,0.99392,0.98967,0.97831,0.72795,0.65502,0.9993,0.98806,0.9679,0.99998,0.99576,0.99986,0.66047,0.85181,0.90926,0.80584,0.99995,0.59208,0.98633,0.99758,0.99937,0.99598,0.86463,0.92489,0.82056,0.76903,0.99943,0.45527,0.42749,0.3139,0.9998
25.92,1.00004,0.90524,0.93686,0.76785,0.98746,0.97475,0.74443,0.88527,0.64748,0.99944,0.96674,0.98883,0.99933,0.80196,0.40334,0.65835,0.83203,0.99624,0.88699,0.99832,0.99038,0.87681,0.99387,0.98582,0.99984,0.71024,0.73648,0.2171,0.92685,0.9964,0.23565,0.50874,1.00025,0.61987,0.80141,0.97659,1.00004,0.98342,0.9939,0.98967,0.97728,0.72485,0.64679,0.99938,0.99453,0.95786,1.00004,0.99545,0.99989,0.65716,0.8528,0.909,0.80619,0.99996,0.59351,0.98672,0.99766,0.99938,0.99591,0.86459,0.92494,0.82056,0.77098,0.99955,0.45527,0.42749,0.3139,0.9998
25.94,1.00003,0.90469,0.93749,0.76827,0.98745,0.97475,0.74047,0.88824,0.63531,0.99951,0.94478,0.97798,0.99881,0.8004,0.40395,0.65423,0.83357,0.99623,0.8877,0.99838,0.99018,0.87811,0.99399,0.98589,0.99985,0.71032,0.7364,0.2171,0.92833,0.99668,0.23565,0.50874,1.00025,0.61986,0.80281,0.97627,1.00005,0.98358,0.99391,0.98967,0.97563,0.71935,0.63221,0.99945,0.99973,0.93811,1.00002,0.99512,0.99992,0.65371,0.85413,0.90896,0.80714,0.99998,0.59524,0.98724,0.99774,0.99939,0.99583,0.86454,0.925,0.82057,0.77314,0.99964,0.45528,0.42748,0.3139,0.9998
25.96,1.00002,0.90426,0.93805,0.76865,0.98746,0.97475,0.73734,0.89053,0.62583,0.99957,0.92378,0.967,0.9983,0.79906,0.40456,0.6508,0.83492,0.99628,0.88865,0.99843,0.99,0.87923,0.99409,0.98597,0.99986,0.71037,0.73634,0.2171,0.92968,0.99694,0.23564,0.50873,1.00025,0.61986,0.80408,0.97601,1.00005,0.98372,0.9939,0.98967,0.97429,0.71508,0.62083,0.99951,0.99891,0.92008,0.9999,0.99483,0.99995,0.65083,0.85531,0.90915,0.80841,0.99999,0.59678,0.98768,0.9978,0.99941,0.99577,0.86451,0.92506,0.82056,0.77512,0.99972,0.45527,0.42748,0.3139,0.9998
25.98,0.99999,0.90364,0.93865,0.76904,0.98741,0.97475,0.73327,0.89299,0.6142,0.99967,0.89429,0.95094,0.9976,0.79687,0.40499,0.64476,0.83627,0.99603,0.8879,0.9985,0.98979,0.88049,0.99424,0.98595,0.99988,0.71046,0.73625,0.2171,0.93126,0.99735,0.23565,0.50873,1.00025,0.61986,0.80557,0.97564,1.00005,0.98387,0.99394,0.98967,0.97252,0.71049,0.60682,0.99961,0.99234,0.89546,0.99966,0.99433,0.99997,0.64578,0.85648,0.90806,0.80741,1.00001,0.59852,0.98817,0.99791,0.99941,0.99567,0.86445,0.92513,0.82056,0.77745,0.99983,0.45527,0.42748,0.3139,0.99981
26,0.99997,0.90336,0.93919,0.76944,0.98749,0.97475,0.73079,0.89537,0.60539,0.99967,0.86845,0.93659,0.99697,0.79645,0.40578,0.64401,0.83767,0.99638,0.89065,0.99851,0.98963,0.88151,0.99428,0.98614,0.99988,0.71049,0.73621,0.21712,0.9323,0.99732,0.23567,0.50873,1.00025,0.61986,0.80664,0.97548,1.00005,0.98402,0.99388,0.98967,0.97142,0.70601,0.59618,0.99961,0.9832,0.87451,0.99938,0.99423,1.00001,0.64516,0.85769,0.9096,0.81108,1.00001,0.5999,0.98856,0.99793,0.99944,0.99563,0.86443,0.92517,0.82058,0.77899,0.99982,0.45529,0.42748,0.3139,0.99981
26.02,0.99998,0.90409,0.93965,0.76981,0.98798,0.97475,0.73265,0.89704,0.60587,0.99947,0.86749,0.93664,0.99685,0.80073,0.40779,0.65801,0.83954,0.99813,0.90328,0.99833,0.9896,0.88183,0.99401,0.98685,0.99986,0.71038,0.73632,0.21708,0.93236,0.99681,0.2356,0.50873,1.00025,0.61986,0.80648,0.97591,1.00004,0.98416,0.99348,0.98967,0.97225,0.70285,0.59676,0.9994,0.98281,0.87459,0.99933,0.99519,1.00008,0.65687,0.85932,0.91853,0.82813,0.99996,0.60018,0.98868,0.99775,0.99957,0.99576,0.8645,0.92507,0.82055,0.77909,0.99968,0.45524,0.42747,0.3139,0.99981
26.04,0.99999,0.90516,0.94005,0.77018,0.98858,0.97475,0.73626,0.89865,0.60957,0.99907,0.87539,0.94168,0.99695,0.80678,0.41013,0.67688,0.84136,0.9995,0.91803,0.99806,0.98961,0.88192,0.9936,0.98774,0.99984,0.71023,0.73648,0.2171,0.93178,0.99563,0.2357,0.50874,1.00025,0.61986,0.80591,0.97654,1.00004,0.98429,0.99294,0.98967,0.97383,0.69979,0.60122,0.99902,0.9859,0.88186,0.99938,0.99641,1.00013,0.67273,0.8609,0.92923,0.84836,0.99989,0.60008,0.98871,0.99747,0.99972,0.99595,0.8646,0.92494,0.82056,0.77821,0.99927,0.45532,0.42749,0.3139,0.99981
26.06,0.99999,0.90607,0.94043,0.77057,0.98911,0.97475,0.73935,0.90043,0.61193,0.9986,0.87944,0.94436,0.997,0.81203,0.41216,0.69276,0.84293,0.99993,0.92991,0.99781,0.9896,0.88209,0.99324,0.98854,0.99981,0.7101,0.73662,0.2172,0.93117,0.99384,0.23567,0.50872,1.00025,0.61986,0.80557,0.97708,1.00003,0.98444,0.99245,0.98967,0.97515,0.69639,0.60407,0.99857,0.9874,0.88576,0.9994,0.99733,1.00015,0.68613,0.86227,0.93797,0.86501,0.99981,0.60016,0.98877,0.99722,0.99983,0.99611,0.86469,0.92482,0.82063,0.77731,0.99851,0.45529,0.42747,0.3139,0.99981
26.08,1,0.90697,0.941,0.7709,0.98964,0.97475,0.74109,0.90155,0.61353,0.99828,0.88196,0.94677,0.99686,0.81667,0.41506,0.70878,0.84564,0.99952,0.9426,0.99753,0.98959,0.88229,0.99288,0.9892,0.99978,0.70994,0.73677,0.21685,0.93197,0.99483,0.2354,0.50873,1.00025,0.61986,0.80506,0.9776,1.00002,0.98456,0.99193,0.98967,0.97589,0.69425,0.60601,0.99826,0.9883,0.88929,0.99933,0.99805,1.00013,0.69972,0.86461,0.94721,0.88321,0.99971,0.60024,0.98885,0.99696,0.9999,0.99625,0.86479,0.92469,0.8204,0.77849,0.99894,0.45507,0.42747,0.3139,0.99981
26.1,1.00001,0.90796,0.94114,0.77134,0.99015,0.97475,0.74604,0.90398,0.61751,0.99729,0.88948,0.95066,0.99715,0.82289,0.41632,0.72468,0.8459,0.99852,0.95128,0.99726,0.98959,0.88243,0.99246,0.99012,0.99974,0.70984,0.73689,0.21743,0.92957,0.98933,0.23627,0.50877,1.00025,0.61986,0.80479,0.97817,1.00001,0.98472,0.99139,0.98967,0.97793,0.68958,0.61081,0.99734,0.99084,0.89504,0.99947,0.99884,1.00011,0.71326,0.86484,0.95405,0.89598,0.9996,0.60021,0.9889,0.99666,0.99998,0.99645,0.86486,0.92459,0.82077,0.77495,0.99622,0.45577,0.42753,0.3139,0.99981
26.12,1,0.90906,0.9401,0.77215,0.99062,0.97475,0.75894,0.90989,0.6273,0.99375,0.90862,0.95787,0.99845,0.83194,0.41286,0.73743,0.83976,0.99818,0.95141,0.99709,0.98963,0.88203,0.99183,0.99166,0.99965,0.70987,0.73693,0.2209,0.9189,0.93179,0.23487,0.50864,1.00025,0.61985,0.80516,0.9788,1.00004,0.98502,0.99087,0.98967,0.98291,0.6781,0.62259,0.99411,0.99616,0.9059,0.99994,0.99965,1.00015,0.72418,0.85951,0.9557,0.89617,0.99953,0.59991,0.98875,0.9962,1.00002,0.99681,0.86483,0.92456,0.82301,0.75958,0.9573,0.45465,0.42735,0.31389,0.99981
26.14,0.99999,0.91023,0.93861,0.77305,0.99106,0.97475,0.77455,0.91684,0.6392,0.98736,0.92968,0.96562,0.99956,0.84243,0.40788,0.75044,0.83088,0.9982,0.94863,0.99695,0.98968,0.88164,0.99114,0.9933,0.99953,0.70997,0.73693,0.22524,0.90358,0.7949,0.23551,0.50885,1.00025,0.61987,0.80579,0.97946,1.00005,0.98534,0.99036,0.98967,0.98823,0.66435,0.63688,0.98839,0.99954,0.9179,0.99999,1.00003,1.00008,0.73536,0.8518,0.95561,0.89203,0.99947,0.59951,0.9886,0.99568,0.99993,0.99721,0.86477,0.92456,0.82579,0.73839,0.85344,0.45516,0.42763,0.31391,0.9998
26.16,0.99998,0.91137,0.9373,0.77387,0.9915,0.97475,0.78844,0.92301,0.64985,0.97951,0.94612,0.97186,1.00002,0.8525,0.40378,0.76438,0.82273,0.99806,0.94711,0.9968,0.98972,0.88154,0.99051,0.99469,0.99941,0.71007,0.73692,0.22892,0.8881,0.62411,0.23889,0.50878,1.00025,0.61987,0.80636,0.98011,1.00005,0.98564,0.98982,0.98967,0.99225,0.65191,0.64963,0.98143,0.99962,0.9279,0.99951,0.99978,0.99991,0.74741,0.84473,0.95623,0.8898,0.99941,0.59918,0.98857,0.99519,0.9997,0.99756,0.86471,0.92456,0.82814,0.71782,0.719,0.45785,0.42754,0.3139,0.9998
26.18,0.99997,0.91245,0.93599,0.77487,0.99193,0.97475,0.80136,0.92886,0.66064,0.97009,0.96196,0.97858,0.99998,0.85967,0.39954,0.77192,0.81546,0.99783,0.94572,0.99661,0.98977,0.88021,0.98959,0.99585,0.99926,0.71006,0.73699,0.23361,0.87474,0.29587,0.22723,0.5082,1.00026,0.61984,0.80664,0.9807,1.00002,0.98599,0.98926,0.98967,0.99532,0.63986,0.6625,0.97313,0.99642,0.93914,0.99839,0.9992,0.99962,0.75395,0.83841,0.95716,0.88776,0.99932,0.59874,0.98806,0.99447,0.99935,0.9979,0.86471,0.92451,0.83112,0.70062,0.4556,0.44856,0.42679,0.31386,0.99982
26.2,0.99995,0.91366,0.93454,0.7755,0.99233,0.97475,0.8156,0.93485,0.67117,0.95754,0.97286,0.98257,0.99949,0.87214,0.39563,0.7915,0.80513,0.99786,0.94327,0.9965,0.98979,0.88139,0.98916,0.99704,0.9991,0.71027,0.73691,0.23641,0.85249,0.11914,0.24676,0.51005,1.00024,0.61996,0.8076,0.98138,0.99998,0.98621,0.98871,0.98967,0.99789,0.62725,0.67502,0.96211,0.99122,0.94614,0.99699,0.99729,0.99923,0.77105,0.82945,0.95705,0.88418,0.99927,0.59851,0.98851,0.99412,0.99878,0.99821,0.86457,0.92458,0.83289,0.67288,0.31241,0.46413,0.42918,0.31403,0.99974
26.22,0.99986,0.9152,0.9328,0.77515,0.99264,0.97475,0.83296,0.94159,0.68042,0.93884,0.97574,0.98074,0.99923,0.89782,0.39218,0.84122,0.78673,0.99847,0.93828,0.99658,0.98974,0.88989,0.99031,0.99835,0.99892,0.7111,0.7364,0.2336,0.80205,0.5657,0.35208,0.50712,1.00027,0.61975,0.81034,0.98221,0.99989,0.98609,0.98827,0.98967,0.99972,0.61268,0.686,0.94575,0.98923,0.94288,0.99642,0.98912,0.99879,0.81525,0.81349,0.95432,0.87694,0.9993,0.59894,0.99156,0.99503,0.99771,0.99848,0.86404,0.92501,0.83112,0.61316,0.67248,0.54762,0.4254,0.31374,0.99988
26.24,0.99972,0.91687,0.93092,0.7744,0.99292,0.97475,0.85097,0.9482,0.68942,0.91501,0.97637,0.9767,0.99911,0.92476,0.38917,0.89282,0.76442,0.99913,0.93208,0.99674,0.98967,0.90031,0.99182,0.99938,0.99874,0.71213,0.73575,0.22893,0.73399,0.93505,0.47499,0.50841,1.00025,0.61988,0.81376,0.98311,0.99977,0.98583,0.98785,0.98967,0.99986,0.59792,0.69664,0.92496,0.98875,0.93592,0.99616,0.97221,0.99832,0.86286,0.79415,0.95048,0.86808,0.99938,0.59958,0.99478,0.99619,0.99615,0.99873,0.86336,0.92556,0.82815,0.53733,0.95967,0.64392,0.42707,0.3139,0.99979
26.26,0.99955,0.9185,0.92908,0.77378,0.99321,0.97475,0.86744,0.95414,0.69856,0.8884,0.97811,0.97353,0.99885,0.94588,0.38642,0.93091,0.7426,0.99953,0.92626,0.99688,0.9896,0.90891,0.99291,0.99994,0.99853,0.71303,0.73519,0.22524,0.66306,0.99392,0.57222,0.51569,1.00019,0.62027,0.81688,0.98397,0.99963,0.98561,0.98741,0.98967,0.99815,0.58419,0.70742,0.90179,0.98733,0.93064,0.99566,0.94984,0.99782,0.89995,0.77523,0.94709,0.85986,0.99944,0.60012,0.99695,0.99699,0.99427,0.99896,0.86277,0.92603,0.82579,0.46214,0.98891,0.71895,0.43643,0.31451,0.99951
26.28,0.99935,0.91995,0.92716,0.7734,0.99348,0.97475,0.88254,0.96044,0.70677,0.8569,0.9792,0.96932,0.99872,0.96407,0.38225,0.96191,0.71912,0.99983,0.91919,0.99696,0.98954,0.91845,0.99435,1.00009,0.99833,0.71406,0.73453,0.22088,0.57414,0.77874,0.6689,0.49083,1.00042,0.61871,0.81984,0.98473,0.99944,0.98547,0.98698,0.98967,0.99474,0.56906,0.71707,0.8744,0.98637,0.92379,0.99542,0.9198,0.99692,0.93257,0.75488,0.94301,0.84999,0.99948,0.60068,0.99875,0.99798,0.99207,0.99917,0.86209,0.92659,0.823,0.37167,0.78304,0.79216,0.40441,0.31225,1.00064
26.3,0.99907,0.92177,0.92529,0.77241,0.99377,0.97475,0.89776,0.96491,0.7164,0.82398,0.98093,0.96602,0.9983,0.97816,0.3813,0.98281,0.69536,0.99992,0.91376,0.99717,0.98947,0.92535,0.99493,0.99981,0.99808,0.71488,0.73403,0.21748,0.49452,0.40733,0.74044,0.53189,1.00001,0.62153,0.82326,0.98566,0.99923,0.98511,0.9865,0.98967,0.98914,0.55787,0.72836,0.84581,0.98472,0.91853,0.99466,0.88398,0.99669,0.95753,0.7343,0.93977,0.84247,0.99957,0.60124,0.9996,0.99835,0.98933,0.99936,0.86156,0.927,0.8208,0.29327,0.45088,0.84505,0.45725,0.31622,0.9986
26.32,0.99865,0.92454,0.92365,0.76992,0.99413,0.97475,0.91438,0.96554,0.73048,0.7951,0.98485,0.9668,0.99665,0.98772,0.38906,0.99388,0.67327,0.99992,0.91397,0.99771,0.98938,0.92537,0.99317,0.99891,0.99773,0.71498,0.73407,0.21678,0.46082,0.37947,0.7661,0.73519,0.99781,0.63413,0.82769,0.98704,0.99903,0.9842,0.98588,0.98967,0.97997,0.55625,0.74477,0.82075,0.98025,0.91976,0.99194,0.84676,0.9983,0.97378,0.71517,0.93955,0.84275,0.99977,0.60198,0.9996,0.99717,0.98564,0.99959,0.86149,0.92697,0.82036,0.26067,0.42625,0.86366,0.71431,0.33564,0.98945
26.34,0.99808,0.92763,0.92206,0.76679,0.99451,0.97475,0.93033,0.96477,0.74559,0.76719,0.98885,0.9688,0.99394,0.99428,0.40091,0.99915,0.65144,0.99991,0.91615,0.9983,0.98929,0.92323,0.99016,0.99731,0.99733,0.71486,0.73426,0.21721,0.44853,0.49912,0.77809,0.91011,0.99433,0.65106,0.83255,0.98852,0.99881,0.98301,0.98519,0.98967,0.96727,0.55824,0.76228,0.79654,0.97433,0.92294,0.98792,0.80647,0.99973,0.98524,0.69627,0.94033,0.84576,0.99996,0.60269,0.99938,0.99492,0.98117,0.99978,0.86157,0.92681,0.82063,0.24887,0.53224,0.87227,0.92253,0.3612,0.97702
26.36,0.99745,0.93052,0.92039,0.76389,0.99485,0.97475,0.94425,0.96454,0.75939,0.7365,0.99195,0.97007,0.99085,0.99838,0.41201,0.99975,0.62871,0.99991,0.91737,0.99876,0.98922,0.92233,0.98724,0.99509,0.99691,0.71488,0.73436,0.21733,0.43134,0.55201,0.79581,0.9872,0.99055,0.66694,0.83724,0.98986,0.99856,0.98188,0.98451,0.98967,0.95196,0.55882,0.77817,0.76994,0.96828,0.925,0.98365,0.76104,1.00015,0.99356,0.6766,0.94063,0.84746,1.00005,0.6033,0.99928,0.99255,0.97623,0.99992,0.86155,0.92673,0.82071,0.23241,0.57928,0.8849,0.99697,0.38463,0.96523
26.38,0.99677,0.93325,0.91883,0.7612,0.99521,0.97475,0.95687,0.96469,0.77387,0.70139,0.9948,0.97173,0.98661,0.99996,0.42362,0.99474,0.60383,0.9999,0.91876,0.99916,0.98908,0.92037,0.98349,0.99218,0.99642,0.71475,0.73457,0.21642,0.39058,0.58239,0.81125,0.98891,0.98704,0.67708,0.84162,0.99107,0.99831,0.9808,0.98379,0.98967,0.9333,0.55844,0.79471,0.73952,0.96078,0.92768,0.97804,0.70757,0.99982,0.99889,0.65506,0.94104,0.84938,1.00008,0.60439,0.99902,0.98934,0.97063,1.00003,0.86164,0.92655,0.82012,0.19368,0.60636,0.89578,0.9583,0.40371,0.95762
26.4,0.99588,0.9362,0.91698,0.75788,0.99552,0.97475,0.96753,0.96372,0.78606,0.67062,0.99668,0.97283,0.98261,0.99901,0.4375,0.98698,0.58159,0.99989,0.92022,0.99949,0.98907,0.92,0.97996,0.98869,0.99598,0.71487,0.73458,0.21807,0.40249,0.67752,0.82618,0.92772,0.98108,0.69871,0.84663,0.99232,0.99799,0.97943,0.98311,0.98967,0.91236,0.56089,0.80854,0.71288,0.95398,0.92948,0.97293,0.65695,0.99859,1.00013,0.63582,0.94139,0.85141,1.00003,0.60447,0.99897,0.98619,0.96457,1.00008,0.86156,0.92654,0.82119,0.20495,0.69155,0.9062,0.84055,0.43208,0.94117
26.42,0.99456,0.93972,0.91448,0.75301,0.99576,0.97475,0.97589,0.95981,0.79266,0.65572,0.99725,0.97216,0.98155,0.99748,0.45565,0.98579,0.56777,0.99987,0.92179,0.99974,0.9894,0.92489,0.97835,0.98482,0.99578,0.71573,0.73399,0.22558,0.55529,0.87937,0.84474,0.9287,0.96697,0.75101,0.85314,0.99372,0.99752,0.97734,0.98257,0.98967,0.89088,0.5706,0.81598,0.69998,0.95144,0.92839,0.97159,0.62568,0.99583,1.00011,0.62386,0.94212,0.8536,0.99991,0.60177,0.99955,0.98472,0.95834,1.00009,0.86099,0.92704,0.82601,0.35292,0.87562,0.91897,0.84227,0.48654,0.90001
26.44,0.9929,0.94339,0.91163,0.74749,0.99597,0.97475,0.98272,0.95452,0.7973,0.64724,0.99746,0.97094,0.98155,0.9959,0.47678,0.9877,0.55734,0.99984,0.92332,0.99992,0.98985,0.93113,0.97748,0.9805,0.99568,0.71685,0.73321,0.23574,0.72109,0.99422,0.8624,0.95628,0.94666,0.8072,0.86023,0.99507,0.99694,0.97486,0.98208,0.98967,0.86818,0.58329,0.82121,0.69263,0.95039,0.9264,0.9716,0.60193,0.99131,1.00012,0.61484,0.94265,0.85573,0.99971,0.59804,0.99997,0.98393,0.95178,1.00009,0.86025,0.92769,0.83247,0.52341,0.98928,0.9309,0.89238,0.54756,0.85295
26.46,0.99107,0.94684,0.90877,0.74221,0.99618,0.97475,0.98846,0.94956,0.80273,0.63572,0.99783,0.97,0.98098,0.99357,0.49875,0.98816,0.5454,0.99984,0.92462,1.00002,0.99023,0.93623,0.97632,0.9756,0.99553,0.71782,0.73252,0.24525,0.83242,0.97349,0.87804,0.968,0.92448,0.85148,0.86703,0.99623,0.9963,0.97238,0.98156,0.98967,0.8431,0.59482,0.82728,0.68267,0.94846,0.92487,0.97088,0.57324,0.9854,1.0001,0.60452,0.94277,0.85756,0.99945,0.59476,1.00001,0.98286,0.94469,1.00009,0.8596,0.92827,0.83844,0.64867,0.98649,0.94126,0.91474,0.60111,0.81293
26.48,0.98913,0.95018,0.90631,0.73697,0.9964,0.97475,0.99326,0.9439,0.80813,0.62343,0.99807,0.96888,0.98071,0.99074,0.52214,0.98875,0.53216,0.99971,0.92688,1.00005,0.99061,0.94195,0.97468,0.97005,0.99536,0.71888,0.7318,0.25217,0.92787,0.80515,0.89587,0.98013,0.89526,0.89465,0.87343,0.99724,0.99572,0.96983,0.98099,0.98967,0.81422,0.60756,0.83331,0.67202,0.94707,0.92308,0.97054,0.54388,0.978,1.00008,0.59306,0.94493,0.86073,0.9991,0.59148,0.99968,0.98132,0.93697,1.00008,0.8589,0.92886,0.84273,0.77246,0.86139,0.95277,0.93911,0.6592,0.77011
26.5,0.98674,0.95346,0.90281,0.7314,0.99657,0.97475,0.99641,0.93861,0.8129,0.61384,0.99841,0.96792,0.98007,0.98758,0.5474,0.98969,0.52203,0.99983,0.92712,1,0.991,0.94612,0.97417,0.96422,0.99526,0.71983,0.73111,0.26484,0.97254,0.57762,0.90647,0.98895,0.8688,0.92373,0.88051,0.99811,0.99483,0.967,0.98054,0.98967,0.78696,0.61916,0.83862,0.66372,0.94488,0.92154,0.96974,0.51518,0.96894,1.00001,0.5843,0.94288,0.86107,0.9987,0.5879,0.99917,0.98085,0.92912,1.00008,0.85826,0.92944,0.85051,0.84598,0.68199,0.95944,0.95841,0.7037,0.7379
26.52,0.98328,0.95675,0.89645,0.72505,0.9966,0.97475,0.99789,0.93518,0.81655,0.61026,0.99906,0.96761,0.9779,0.98415,0.57555,0.991,0.52001,0.99933,0.92142,0.9999,0.99145,0.94638,0.97675,0.95863,0.99536,0.72047,0.73053,0.29304,0.96795,0.57933,0.89966,0.9921,0.86195,0.92983,0.88957,0.99885,0.99305,0.96363,0.98044,0.98967,0.76868,0.62654,0.84265,0.66063,0.93966,0.92105,0.96705,0.48715,0.95777,0.99985,0.58255,0.92739,0.85308,0.99829,0.58379,0.99913,0.98326,0.92178,1.00008,0.85783,0.92992,0.86732,0.83726,0.68336,0.95518,0.96594,0.71428,0.73064
26.54,0.97912,0.95996,0.88882,0.7184,0.99659,0.97475,0.99876,0.93243,0.81964,0.6094,0.99959,0.96749,0.97519,0.98052,0.60556,0.99245,0.52116,0.99524,0.9134,0.99976,0.99191,0.94531,0.98022,0.95296,0.99553,0.721,0.72999,0.32605,0.94659,0.66896,0.88636,0.99417,0.86253,0.92904,0.89914,0.99942,0.99066,0.95996,0.98048,0.98967,0.75407,0.63238,0.84607,0.65988,0.93334,0.92086,0.96372,0.45985,0.9448,0.99959,0.58355,0.9048,0.84197,0.99786,0.5794,0.99929,0.98643,0.9145,1.00009,0.85747,0.93037,0.88612,0.8009,0.75457,0.94667,0.97123,0.7134,0.73159
26.56,0.9747,0.96302,0.88143,0.71186,0.9966,0.97475,0.99945,0.92936,0.82292,0.6074,0.99985,0.96727,0.97267,0.97647,0.63662,0.99364,0.52085,0.98853,0.90622,0.99955,0.99235,0.94482,0.98295,0.9468,0.99566,0.72159,0.72943,0.35555,0.93072,0.71132,0.87579,0.99619,0.85952,0.93148,0.90811,0.99983,0.98811,0.9562,0.98044,0.98967,0.73729,0.6388,0.84969,0.65816,0.92739,0.9205,0.96064,0.43154,0.93041,0.99928,0.58328,0.88263,0.83213,0.99733,0.57507,0.99936,0.98886,0.90674,1.00009,0.85708,0.93083,0.90206,0.77666,0.78802,0.93979,0.97686,0.71795,0.72864
26.58,0.96957,0.96602,0.87374,0.70507,0.9966,0.97475,0.99987,0.92576,0.82621,0.60518,0.9999,0.9671,0.9695,0.97181,0.67189,0.99495,0.52077,0.97731,0.89771,0.99933,0.99277,0.94444,0.98566,0.94013,0.9958,0.72216,0.72886,0.38598,0.90757,0.75934,0.86228,0.99779,0.85699,0.93341,0.91743,1.00007,0.98522,0.95215,0.98045,0.98967,0.71852,0.64628,0.8533,0.65623,0.92008,0.92024,0.95681,0.40104,0.91305,0.9988,0.58321,0.85451,0.82059,0.99686,0.5708,0.99941,0.99121,0.89847,1.00009,0.8567,0.9313,0.91758,0.74381,0.82571,0.93082,0.98193,0.72172,0.72627
26.6,0.96455,0.96875,0.8657,0.69865,0.99662,0.97475,0.99996,0.92327,0.82928,0.60398,0.99976,0.96686,0.96714,0.9673,0.7033,0.99571,0.52091,0.96567,0.89059,0.99897,0.99319,0.94351,0.98795,0.93346,0.99593,0.72274,0.72833,0.41348,0.88683,0.80277,0.85195,0.99883,0.85528,0.93464,0.92565,1.00013,0.98198,0.94817,0.9804,0.98967,0.70332,0.65138,0.85666,0.65519,0.91453,0.91986,0.95396,0.37323,0.8968,0.99844,0.58333,0.83003,0.81101,0.99614,0.5663,0.99952,0.99314,0.89034,1.00008,0.85631,0.93173,0.93075,0.71616,0.85955,0.92386,0.98582,0.72425,0.72476
26.62,0.9609,0.97106,0.85708,0.69318,0.99671,0.97475,0.99994,0.92407,0.83198,0.60494,0.99978,0.96634,0.96764,0.9639,0.72038,0.99524,0.52083,0.96256,0.88826,0.99803,0.99367,0.94129,0.98949,0.92748,0.99606,0.72337,0.72792,0.43429,0.88747,0.82715,0.85226,0.99931,0.85377,0.93574,0.93118,1.00006,0.97827,0.94467,0.98016,0.98967,0.69827,0.64974,0.85962,0.65603,0.91518,0.91903,0.95457,0.35313,0.88769,0.99867,0.58326,0.82395,0.80789,0.99451,0.56104,0.99974,0.99438,0.88314,1.00007,0.85588,0.93207,0.94013,0.71699,0.8784,0.92408,0.988,0.72646,0.72339
26.64,0.95774,0.97312,0.84819,0.68815,0.99681,0.97475,0.99994,0.926,0.83448,0.60682,0.99986,0.96573,0.96908,0.96099,0.73169,0.99428,0.52085,0.96305,0.88786,0.99665,0.99415,0.93852,0.99073,0.92167,0.99619,0.72401,0.72755,0.45222,0.8944,0.84794,0.85697,0.99958,0.85289,0.93633,0.93571,0.99988,0.97421,0.94137,0.97986,0.98967,0.69731,0.64578,0.86235,0.65765,0.91788,0.91807,0.9563,0.33642,0.88155,0.99907,0.58328,0.8249,0.80735,0.99236,0.55559,0.99993,0.99536,0.87622,1.00006,0.85545,0.93237,0.9478,0.7261,0.89437,0.92726,0.9895,0.72774,0.72265
26.66,0.95419,0.9751,0.83925,0.68301,0.99691,0.97475,0.99991,0.92727,0.83701,0.60824,0.99989,0.96518,0.96999,0.95777,0.74553,0.99346,0.52086,0.96205,0.88688,0.99514,0.99459,0.93601,0.99194,0.91547,0.99632,0.72463,0.72717,0.4703,0.89803,0.86841,0.86062,0.99981,0.85188,0.93702,0.94054,0.9996,0.96992,0.93792,0.97959,0.98967,0.69448,0.64314,0.8651,0.65888,0.91944,0.9172,0.95739,0.31841,0.87395,0.99933,0.58328,0.82296,0.80605,0.99019,0.5503,1.00001,0.99627,0.86889,1.00004,0.85502,0.93268,0.95511,0.73092,0.91,0.92971,0.99109,0.72922,0.72179
26.68,0.95029,0.97731,0.82904,0.67729,0.99701,0.97475,0.99989,0.92908,0.83965,0.6099,0.99991,0.96453,0.97121,0.95393,0.76159,0.99259,0.52084,0.96017,0.88451,0.99261,0.99506,0.93307,0.99322,0.90893,0.99644,0.72529,0.72678,0.49102,0.9022,0.88854,0.85982,0.99994,0.85047,0.93802,0.94559,0.99913,0.96477,0.93398,0.97929,0.98967,0.69174,0.6394,0.86797,0.66031,0.92175,0.91619,0.95887,0.29753,0.86499,0.99956,0.58327,0.81937,0.80289,0.98676,0.54438,1.00002,0.99721,0.86124,1.00002,0.85457,0.933,0.96295,0.73651,0.92522,0.92917,0.99261,0.73125,0.72053
26.7,0.94685,0.97877,0.82073,0.67283,0.99709,0.97475,0.99986,0.93001,0.84195,0.61125,0.99991,0.96404,0.97194,0.95117,0.77219,0.99152,0.52088,0.961,0.88549,0.9913,0.99541,0.9307,0.99404,0.90245,0.99657,0.72588,0.72641,0.50473,0.9067,0.9037,0.86932,0.99998,0.84991,0.93833,0.94982,0.99873,0.9604,0.93084,0.97903,0.98967,0.68973,0.63746,0.87046,0.66149,0.92289,0.91542,0.95976,0.28283,0.859,0.99977,0.5833,0.82096,0.8042,0.98504,0.53971,0.99995,0.99777,0.85373,1,0.85417,0.9333,0.9678,0.74263,0.93659,0.93551,0.9938,0.73205,0.72014
26.72,0.94497,0.9784,0.81832,0.67172,0.99714,0.97475,0.99984,0.92823,0.84347,0.61151,0.9999,0.96401,0.97125,0.9515,0.76864,0.98999,0.52082,0.96817,0.89549,0.9944,0.99552,0.93061,0.99383,0.89657,0.9967,0.72622,0.72609,0.50043,0.9113,0.91075,0.90222,0.99997,0.85152,0.93689,0.95206,0.99884,0.95911,0.93005,0.97889,0.98967,0.68846,0.64116,0.87211,0.66171,0.92054,0.91537,0.95892,0.2846,0.86102,0.99998,0.58325,0.83505,0.81759,0.98917,0.53825,0.99995,0.99763,0.84695,0.99998,0.85393,0.93356,0.9663,0.74895,0.94183,0.95678,0.99446,0.72974,0.72196
26.74,0.94366,0.97734,0.81819,0.6719,0.99717,0.97475,0.99984,0.92552,0.84467,0.61144,0.99983,0.96414,0.97002,0.95305,0.75959,0.98819,0.52085,0.97666,0.90796,0.99776,0.99553,0.93112,0.99323,0.89081,0.99684,0.72649,0.72579,0.4895,0.91603,0.91402,0.9376,0.99995,0.85391,0.93477,0.95359,0.99912,0.95904,0.93018,0.9788,0.98967,0.68782,0.64676,0.87339,0.66165,0.91688,0.91557,0.95744,0.29281,0.86611,1.0001,0.58328,0.85307,0.83451,0.99406,0.53818,0.99997,0.99721,0.84035,0.99994,0.85375,0.93381,0.96239,0.75554,0.94426,0.97795,0.99491,0.72625,0.7246
26.76,0.94199,0.97658,0.81706,0.67154,0.9972,0.97475,0.99982,0.92322,0.84595,0.61155,0.99972,0.96419,0.96896,0.95408,0.75311,0.98638,0.52098,0.98302,0.91815,0.99941,0.99556,0.93106,0.99281,0.88471,0.99696,0.7268,0.72548,0.48159,0.92035,0.91779,0.96298,0.9999,0.8559,0.93295,0.9555,0.9993,0.95843,0.92991,0.97869,0.98967,0.68706,0.65147,0.87478,0.66174,0.91361,0.91565,0.95615,0.29831,0.86974,1.00013,0.58339,0.86801,0.84853,0.99702,0.53774,0.99997,0.99692,0.83341,0.99991,0.85354,0.93405,0.95945,0.76163,0.94704,0.9911,0.99543,0.72333,0.72684
26.78,0.94058,0.9758,0.81566,0.67102,0.99725,0.97475,0.9998,0.92075,0.84741,0.61155,0.99958,0.96426,0.96813,0.95493,0.74648,0.98411,0.52051,0.98861,0.92878,1.00005,0.99567,0.93218,0.99226,0.87864,0.99712,0.72709,0.72517,0.47298,0.92545,0.92557,0.98088,0.99985,0.85801,0.93098,0.95709,0.99947,0.95767,0.92954,0.97855,0.98967,0.68575,0.6565,0.87635,0.66175,0.91082,0.91576,0.95516,0.30287,0.87342,1.00004,0.58299,0.88284,0.8634,0.99915,0.53618,1,0.99652,0.82655,0.99986,0.85335,0.93431,0.95616,0.76896,0.95276,0.99813,0.99588,0.7202,0.72925
26.8,0.93871,0.97487,0.81544,0.67111,0.99726,0.97475,0.9998,0.91831,0.84843,0.61168,0.99932,0.96433,0.96662,0.95638,0.7391,0.98239,0.52131,0.99292,0.93721,0.99957,0.99559,0.93106,0.99186,0.87207,0.9972,0.72741,0.72488,0.46423,0.92856,0.92398,0.99452,0.99976,0.86001,0.92908,0.95915,0.99963,0.95755,0.92961,0.97849,0.98967,0.68568,0.66141,0.87744,0.66186,0.90653,0.91587,0.95335,0.3108,0.8775,0.9999,0.58368,0.89624,0.87541,1,0.53729,0.99997,0.99622,0.81916,0.99983,0.85313,0.93454,0.95271,0.77347,0.9516,0.99973,0.99635,0.71721,0.73155
26.82,0.93539,0.9736,0.81735,0.67259,0.9972,0.97475,0.99985,0.9162,0.84827,0.61221,0.99856,0.96439,0.96314,0.95919,0.73094,0.98266,0.52546,0.99573,0.94062,0.99896,0.99498,0.92264,0.99201,0.86417,0.99703,0.72785,0.72465,0.4553,0.92646,0.8952,0.99986,0.99959,0.86145,0.92767,0.96273,0.99982,0.95859,0.93066,0.97868,0.98967,0.68895,0.66564,0.87727,0.66231,0.89788,0.91596,0.94919,0.3263,0.88196,0.99993,0.58726,0.9068,0.88032,1.00007,0.54537,0.99931,0.99633,0.81032,0.99989,0.85282,0.93472,0.94908,0.77041,0.93023,0.98962,0.99705,0.71505,0.73324
26.84,0.9315,0.9722,0.82046,0.67462,0.99712,0.97475,0.9999,0.91418,0.84769,0.61286,0.99731,0.96444,0.95877,0.96245,0.72226,0.98364,0.53086,0.9977,0.94245,0.99838,0.99412,0.91132,0.99233,0.85566,0.99677,0.72833,0.72446,0.44674,0.92238,0.8492,0.98696,0.99935,0.86276,0.92637,0.96675,0.99997,0.96026,0.93211,0.97895,0.98967,0.69339,0.66964,0.87665,0.66288,0.88735,0.91604,0.94401,0.34473,0.88668,1.00001,0.59193,0.91613,0.88298,0.99998,0.55596,0.99746,0.99657,0.80086,0.99996,0.85249,0.93488,0.9455,0.76453,0.89534,0.96175,0.9977,0.71305,0.73479
26.86,0.92774,0.97089,0.82336,0.67638,0.99704,0.97475,0.99993,0.91215,0.84732,0.61347,0.99581,0.96448,0.95458,0.96534,0.71391,0.98427,0.53572,0.99907,0.94496,0.99753,0.99329,0.90095,0.99256,0.84713,0.99654,0.72879,0.72425,0.439,0.91908,0.80173,0.95668,0.99911,0.86417,0.92495,0.9705,1.00007,0.9618,0.93335,0.97918,0.98967,0.69721,0.67367,0.87626,0.66341,0.87732,0.9161,0.93908,0.36155,0.89116,1.00005,0.59614,0.92508,0.88665,0.99971,0.56527,0.99495,0.99673,0.79142,1.00001,0.85217,0.93505,0.94218,0.75983,0.85874,0.91926,0.99819,0.71089,0.73646
26.88,0.92379,0.96916,0.82475,0.67823,0.99696,0.97475,0.99995,0.90981,0.84682,0.614,0.99371,0.96459,0.94978,0.96812,0.70559,0.9849,0.54028,0.99983,0.94732,0.99652,0.9924,0.88757,0.99282,0.83812,0.99629,0.72926,0.72405,0.42642,0.91581,0.74681,0.90515,0.99861,0.86537,0.92368,0.97428,1.00013,0.96254,0.93464,0.97942,0.98967,0.70129,0.67827,0.87572,0.66387,0.86547,0.91628,0.93347,0.37822,0.89559,1.00008,0.60009,0.93428,0.8901,0.99928,0.57453,0.99076,0.99692,0.78152,1.00005,0.85185,0.93521,0.93664,0.75522,0.8159,0.85685,0.99888,0.70904,0.73796
26.9,0.91982,0.9682,0.8295,0.68002,0.99688,0.97475,0.99996,0.90807,0.84654,0.61471,0.99175,0.96455,0.94546,0.97087,0.69742,0.98567,0.54567,0.99989,0.94947,0.99541,0.99141,0.87802,0.99303,0.82922,0.99605,0.72973,0.72383,0.42384,0.91179,0.68346,0.84237,0.99851,0.86695,0.92212,0.97795,1.00013,0.96501,0.93587,0.97966,0.98967,0.70497,0.68166,0.87541,0.66448,0.85574,0.91622,0.92845,0.39517,0.8999,1.00011,0.60474,0.94127,0.89328,0.99872,0.58417,0.98721,0.99707,0.77178,1.00007,0.85153,0.93539,0.93549,0.74963,0.76604,0.78618,0.99899,0.70659,0.73978
26.92,0.9159,0.96961,0.8427,0.68149,0.99681,0.97475,0.99995,0.90806,0.84668,0.61627,0.99127,0.96405,0.94303,0.97356,0.68971,0.98656,0.55306,0.99981,0.9515,0.9941,0.9903,0.88166,0.99317,0.82132,0.99586,0.73024,0.72354,0.44954,0.90597,0.60942,0.79175,0.99952,0.86975,0.91963,0.98145,1.00012,0.9716,0.93688,0.97987,0.98967,0.70782,0.68167,0.87556,0.66583,0.85349,0.91543,0.92564,0.41226,0.90391,1.00013,0.61114,0.94334,0.89629,0.99798,0.59417,0.98861,0.99717,0.76318,1.00008,0.85117,0.93562,0.94668,0.74163,0.70732,0.73126,0.99727,0.70222,0.74266
26.94,0.91202,0.97177,0.85842,0.68288,0.99673,0.97475,0.99995,0.9087,0.84709,0.61794,0.99139,0.96341,0.94138,0.97617,0.68219,0.98757,0.56117,0.99978,0.95337,0.99269,0.98907,0.88981,0.99324,0.8136,0.99569,0.73075,0.72324,0.48417,0.89935,0.52696,0.74593,0.99998,0.87288,0.91683,0.98479,1.00001,0.97886,0.93783,0.98008,0.98967,0.71017,0.68044,0.87601,0.66728,0.85403,0.91442,0.92372,0.42949,0.9078,1.00012,0.61815,0.94386,0.8991,0.99713,0.60448,0.99153,0.99722,0.75481,1.00009,0.85082,0.93586,0.96042,0.73269,0.64152,0.68254,0.99368,0.69725,0.74587
26.96,0.90813,0.97344,0.87211,0.6843,0.99666,0.97475,0.99993,0.90903,0.84756,0.61931,0.99124,0.96285,0.93946,0.97863,0.67467,0.98853,0.56883,0.99969,0.95525,0.99118,0.98778,0.89574,0.99327,0.80547,0.9955,0.73124,0.72297,0.51303,0.89304,0.43973,0.69136,0.99959,0.87572,0.91419,0.98804,0.99984,0.98459,0.93879,0.98029,0.98967,0.71242,0.67978,0.87651,0.66847,0.85337,0.91356,0.9215,0.44641,0.91164,1.00009,0.62478,0.9453,0.90193,0.99616,0.6146,0.99344,0.99724,0.74602,1.00009,0.85048,0.93608,0.9706,0.7243,0.57156,0.62539,0.98953,0.69265,0.74887
26.98,0.90355,0.97532,0.88477,0.68576,0.99657,0.97475,0.9999,0.90939,0.84727,0.6217,0.99103,0.96215,0.93689,0.98092,0.66731,0.98924,0.57659,0.99965,0.95708,0.98921,0.98649,0.90124,0.99357,0.79752,0.99532,0.73183,0.72261,0.54304,0.88544,0.33157,0.62352,0.99816,0.87888,0.91118,0.99174,0.99956,0.98929,0.93978,0.98053,0.98967,0.71599,0.67908,0.87619,0.67053,0.85236,0.91248,0.91855,0.46273,0.91536,1.00004,0.6315,0.94576,0.9047,0.99484,0.62409,0.99503,0.99745,0.73745,1.00008,0.85007,0.93636,0.97982,0.71435,0.48444,0.55533,0.98323,0.68748,0.75223
27,0.9002,0.97679,0.89797,0.68709,0.99651,0.97475,0.99989,0.90985,0.84862,0.62201,0.99111,0.96171,0.93577,0.98317,0.65994,0.99037,0.58405,0.99946,0.95888,0.98775,0.98496,0.90806,0.99331,0.78876,0.99513,0.7322,0.72242,0.57009,0.87975,0.24423,0.57071,0.99649,0.88138,0.90872,0.99436,0.99926,0.9935,0.94067,0.98069,0.98967,0.71667,0.67818,0.87765,0.6708,0.85274,0.91179,0.91726,0.47953,0.91904,0.99993,0.63795,0.94781,0.90744,0.99382,0.63456,0.99675,0.99727,0.72805,1.00007,0.84981,0.93652,0.98685,0.70701,0.41384,0.50138,0.97776,0.68332,0.75496
27.02,0.90029,0.9771,0.91332,0.68806,0.99652,0.97475,0.99995,0.91051,0.85447,0.61645,0.9919,0.96204,0.93867,0.98556,0.652,0.99252,0.59089,0.99841,0.96076,0.9882,0.98289,0.9183,0.99114,0.77795,0.99496,0.73198,0.72262,0.58952,0.88055,0.24007,0.57263,0.99677,0.88205,0.90798,0.99429,0.99918,0.99729,0.94132,0.98066,0.98967,0.70943,0.67688,0.88391,0.66599,0.85643,0.91231,0.9206,0.49832,0.92296,0.99957,0.64387,0.95462,0.91032,0.99414,0.64776,0.99872,0.99568,0.71651,1.00006,0.84997,0.93636,0.99106,0.70805,0.41046,0.50333,0.97862,0.68222,0.75578
27.04,0.90174,0.97706,0.92826,0.6889,0.99656,0.97475,0.99995,0.91124,0.86176,0.60877,0.9929,0.96264,0.94286,0.98783,0.64416,0.99472,0.59735,0.9963,0.96259,0.98928,0.9805,0.929,0.98797,0.76618,0.99479,0.73153,0.72298,0.60618,0.88346,0.26571,0.59521,0.99771,0.88208,0.90783,0.99316,0.99919,0.99955,0.94187,0.98055,0.98967,0.69918,0.67544,0.89166,0.65934,0.86132,0.91323,0.92544,0.51737,0.92678,0.9989,0.64946,0.96231,0.91316,0.99488,0.66177,0.99987,0.99315,0.70397,1.00004,0.85028,0.93607,0.99409,0.71178,0.43121,0.52634,0.98166,0.68216,0.75594
27.06,0.9027,0.9772,0.94119,0.6898,0.9966,0.97475,0.99987,0.9119,0.86814,0.60202,0.99371,0.96309,0.9462,0.98986,0.63667,0.99642,0.60373,0.99366,0.96434,0.98998,0.97803,0.93808,0.98487,0.75438,0.99461,0.73116,0.72329,0.62314,0.88509,0.27596,0.60756,0.99825,0.88242,0.90739,0.99241,0.99916,1.00001,0.94246,0.98046,0.98967,0.69015,0.67415,0.89838,0.6535,0.86547,0.91394,0.92931,0.53556,0.93038,0.99804,0.65498,0.96855,0.91588,0.99536,0.67504,0.99995,0.99054,0.69146,1.00002,0.85053,0.93582,0.99657,0.71391,0.4395,0.53897,0.98356,0.68159,0.75643
27.08,0.90312,0.97728,0.95389,0.69067,0.99661,0.97475,0.99971,0.91274,0.87455,0.59493,0.99457,0.96361,0.94992,0.9918,0.62819,0.99783,0.61083,0.98988,0.96622,0.99087,0.97544,0.94827,0.9805,0.74249,0.99446,0.73088,0.72352,0.64157,0.8879,0.2931,0.62243,0.9987,0.88267,0.90704,0.99208,0.99914,0.99861,0.94304,0.98044,0.98967,0.68069,0.6725,0.90508,0.64736,0.87007,0.91475,0.93363,0.5544,0.93441,0.99692,0.66112,0.97485,0.91884,0.99596,0.68799,0.99881,0.98668,0.67891,0.99999,0.85073,0.93564,0.99853,0.71756,0.45336,0.55421,0.9853,0.68116,0.75681
27.1,0.90495,0.97741,0.96322,0.69156,0.99667,0.97475,0.99948,0.91321,0.88075,0.58793,0.99522,0.96405,0.95282,0.99335,0.62206,0.99888,0.61619,0.98605,0.96769,0.99144,0.97262,0.95444,0.97748,0.72973,0.99425,0.73037,0.72395,0.6552,0.88873,0.30268,0.63591,0.99921,0.88295,0.90664,0.99062,0.99911,0.99595,0.94362,0.98026,0.98967,0.67107,0.67158,0.91148,0.6413,0.87377,0.91543,0.93703,0.57086,0.93727,0.9956,0.66576,0.97955,0.92117,0.99633,0.70101,0.99733,0.98393,0.66549,0.99996,0.85108,0.93529,0.99946,0.71864,0.4611,0.56806,0.98749,0.6807,0.75725
27.12,0.91038,0.97766,0.96673,0.69256,0.99686,0.97475,0.99918,0.91262,0.88657,0.58146,0.99545,0.96419,0.95358,0.99433,0.62206,0.99955,0.61701,0.98441,0.9681,0.99104,0.96943,0.95124,0.97971,0.71483,0.99386,0.72923,0.725,0.65706,0.88362,0.28346,0.64128,0.99975,0.88344,0.90593,0.98617,0.99904,0.99447,0.94427,0.97972,0.98967,0.6615,0.67274,0.91745,0.63571,0.87514,0.91566,0.93792,0.58199,0.93727,0.9942,0.66647,0.98123,0.92183,0.99607,0.71467,0.99818,0.98597,0.64987,0.99988,0.85187,0.93445,0.99955,0.712,0.44557,0.57358,0.99061,0.67986,0.75802
27.14,0.9169,0.97799,0.96833,0.69357,0.9971,0.97475,0.99881,0.91165,0.89209,0.57525,0.99553,0.96425,0.95361,0.99506,0.62434,0.99994,0.61615,0.98363,0.96816,0.99031,0.96601,0.94447,0.98351,0.69899,0.99342,0.72788,0.72624,0.65463,0.87627,0.25557,0.64481,0.99998,0.88398,0.90515,0.98057,0.99896,0.99369,0.94492,0.97901,0.98967,0.65199,0.67464,0.92305,0.63033,0.87562,0.91574,0.93795,0.59089,0.93621,0.9927,0.66573,0.98198,0.92192,0.99558,0.72825,0.9994,0.98935,0.63333,0.99978,0.8528,0.93344,0.99943,0.70257,0.42301,0.57721,0.99364,0.67895,0.75888
27.16,0.92253,0.97834,0.97065,0.69453,0.9973,0.97475,0.99839,0.91086,0.89737,0.56911,0.99565,0.96435,0.95391,0.99578,0.62566,1.00009,0.61605,0.98237,0.96839,0.98972,0.96247,0.93908,0.98622,0.68319,0.99299,0.72666,0.72736,0.65423,0.86967,0.23187,0.6492,0.99984,0.88448,0.90441,0.97546,0.99886,0.99243,0.94555,0.97836,0.98967,0.6426,0.6762,0.92834,0.62502,0.87633,0.9159,0.9383,0.6003,0.93559,0.99102,0.66564,0.98311,0.9223,0.99519,0.74124,0.9999,0.99169,0.61689,0.99966,0.85364,0.93253,0.99941,0.69421,0.40382,0.58174,0.99591,0.67809,0.75968
27.18,0.92841,0.97844,0.97297,0.69564,0.9975,0.97475,0.99782,0.91003,0.90329,0.56176,0.99588,0.96443,0.95447,0.99655,0.6267,0.99997,0.616,0.98112,0.96855,0.98907,0.95855,0.93292,0.98873,0.66599,0.99248,0.72526,0.72865,0.65336,0.86302,0.20522,0.65399,0.99927,0.88501,0.90362,0.96983,0.99883,0.99099,0.94626,0.97773,0.98967,0.6315,0.67782,0.93421,0.61866,0.87773,0.91603,0.93896,0.61103,0.9351,0.989,0.66559,0.98417,0.92254,0.99474,0.75459,1.00001,0.99377,0.59907,0.9995,0.85459,0.93147,0.99936,0.68587,0.38224,0.58668,0.99787,0.67719,0.76053
27.2,0.9334,0.97908,0.97461,0.69646,0.99771,0.97475,0.99736,0.90917,0.90741,0.5569,0.99584,0.96453,0.95432,0.99702,0.62886,0.99966,0.61541,0.97997,0.96878,0.98841,0.95488,0.9266,0.99121,0.65037,0.99209,0.72418,0.72962,0.65254,0.85546,0.18121,0.65716,0.9985,0.8855,0.90291,0.9648,0.99864,0.98986,0.94678,0.97698,0.98967,0.62366,0.6795,0.93826,0.61446,0.87751,0.91619,0.93879,0.61815,0.93409,0.98721,0.66509,0.98507,0.92292,0.99428,0.76624,0.9997,0.99573,0.58294,0.99936,0.85533,0.93067,0.99931,0.67652,0.36278,0.58995,0.999,0.67636,0.7613
27.22,0.93634,0.98107,0.97507,0.69648,0.99798,0.97475,0.99746,0.9083,0.90705,0.55906,0.99503,0.96475,0.95215,0.99691,0.63364,0.9995,0.6141,0.97903,0.96936,0.9879,0.95229,0.92166,0.99365,0.63994,0.99208,0.724,0.72964,0.65228,0.84537,0.16618,0.65663,0.99827,0.8859,0.9024,0.96172,0.99793,0.98953,0.94679,0.97595,0.98967,0.62529,0.68121,0.93791,0.61633,0.87266,0.91653,0.93625,0.6164,0.93183,0.9865,0.66396,0.98578,0.92385,0.99393,0.77401,0.99919,0.99751,0.5722,0.99936,0.85545,0.93066,0.9993,0.66421,0.35059,0.5894,0.99921,0.67568,0.76186
27.24,0.93849,0.98346,0.97496,0.69621,0.99827,0.97475,0.99775,0.9074,0.90504,0.56377,0.99383,0.96499,0.94925,0.99656,0.6395,0.99943,0.61227,0.97819,0.97002,0.9874,0.95011,0.91683,0.99583,0.63155,0.99221,0.72417,0.7293,0.65234,0.83438,0.1546,0.65441,0.99827,0.88625,0.90197,0.95939,0.99683,0.98961,0.94662,0.97479,0.98967,0.63032,0.68296,0.93594,0.6204,0.86611,0.91691,0.93285,0.61115,0.92903,0.98624,0.66236,0.98638,0.92491,0.99358,0.78029,0.99849,0.9989,0.56357,0.9994,0.85534,0.93094,0.9993,0.651,0.3412,0.58711,0.99921,0.67507,0.76232
27.26,0.94084,0.9855,0.97505,0.69606,0.99852,0.97475,0.99794,0.90651,0.90377,0.56727,0.99271,0.9652,0.94673,0.99629,0.64489,0.99931,0.61046,0.97725,0.97061,0.98686,0.94769,0.91156,0.99751,0.62227,0.99229,0.7242,0.72911,0.65267,0.82384,0.1421,0.65267,0.99815,0.8866,0.90152,0.9568,0.99562,0.98955,0.94653,0.97365,0.98967,0.6337,0.68469,0.93469,0.62343,0.86036,0.91724,0.92992,0.6073,0.92643,0.98579,0.6608,0.98703,0.92587,0.99319,0.78701,0.99751,0.99973,0.55405,0.99943,0.85531,0.93109,0.99932,0.6385,0.33105,0.58531,0.99931,0.67447,0.76281
27.28,0.94357,0.98731,0.97535,0.69596,0.99875,0.97475,0.99813,0.90558,0.90248,0.57091,0.99128,0.9655,0.94347,0.99606,0.65063,0.99915,0.60944,0.97643,0.97128,0.9864,0.94507,0.90665,0.99877,0.61193,0.99232,0.72411,0.72899,0.65112,0.81044,0.12578,0.65207,0.99808,0.88704,0.90097,0.95369,0.99431,0.98933,0.94646,0.97249,0.98967,0.63737,0.68649,0.93342,0.62658,0.85352,0.9177,0.92615,0.60409,0.92363,0.98523,0.65992,0.98756,0.92695,0.99286,0.79398,0.99642,1.00006,0.54344,0.99944,0.85538,0.93119,0.99923,0.62285,0.31781,0.58469,0.99936,0.67371,0.76339
27.3,0.94517,0.98928,0.97509,0.69569,0.99898,0.97475,0.99832,0.90473,0.90081,0.5748,0.99009,0.96562,0.94138,0.99566,0.65598,0.99908,0.60668,0.97531,0.9718,0.98575,0.94281,0.90066,0.9996,0.60401,0.99247,0.72437,0.72864,0.65359,0.80185,0.11815,0.64871,0.99794,0.88729,0.90065,0.95183,0.99256,0.98952,0.94629,0.97126,0.98967,0.64121,0.68813,0.93176,0.62995,0.84817,0.91789,0.92373,0.59865,0.921,0.985,0.65753,0.98827,0.92779,0.99239,0.79978,0.99487,0.99988,0.53535,0.99949,0.8552,0.93148,0.99937,0.61293,0.31161,0.58123,0.99946,0.67329,0.76374
27.32,0.94399,0.99165,0.97335,0.69506,0.9992,0.97475,0.99849,0.90403,0.89856,0.57883,0.99002,0.96523,0.94311,0.99482,0.65988,0.99923,0.59917,0.97337,0.97186,0.98463,0.94154,0.89154,0.99999,0.6025,0.99293,0.72559,0.72766,0.66703,0.80812,0.1335,0.63786,0.99748,0.887,0.90093,0.95321,0.98988,0.99074,0.94588,0.96984,0.98967,0.64468,0.68948,0.92953,0.63343,0.84784,0.91728,0.92572,0.58799,0.91907,0.98552,0.65103,0.9894,0.9279,0.99158,0.80297,0.99211,0.99924,0.5338,0.99964,0.85437,0.93228,0.99987,0.62016,0.32407,0.57005,0.99972,0.67379,0.76344
27.34,0.94168,0.99392,0.97099,0.69426,0.99941,0.97475,0.99865,0.90343,0.89595,0.58302,0.99033,0.96467,0.94603,0.99373,0.66329,0.99946,0.58986,0.97103,0.97178,0.98327,0.94066,0.88102,0.99999,0.60352,0.99348,0.72715,0.72646,0.68405,0.81935,0.15741,0.62407,0.99687,0.88652,0.90142,0.95585,0.98644,0.99223,0.94537,0.96834,0.98967,0.64822,0.69064,0.92692,0.63705,0.84922,0.9164,0.92911,0.57503,0.91737,0.98635,0.64297,0.99064,0.92776,0.99057,0.80513,0.98837,0.99813,0.53484,0.99979,0.8533,0.93326,0.9998,0.63324,0.34347,0.55589,0.99993,0.67461,0.76291
27.36,0.93979,0.99577,0.96884,0.69354,0.99958,0.97475,0.9988,0.90283,0.89341,0.5871,0.99045,0.9642,0.94821,0.99261,0.66694,0.99963,0.58128,0.9687,0.97178,0.98192,0.93959,0.87064,0.99959,0.60346,0.99394,0.72852,0.72538,0.69887,0.8278,0.17733,0.61148,0.99627,0.88614,0.90181,0.95797,0.98267,0.99343,0.9449,0.96686,0.98967,0.65174,0.69179,0.92438,0.64058,0.84975,0.91566,0.93165,0.5628,0.91554,0.98705,0.63555,0.99176,0.92776,0.98956,0.80772,0.98418,0.99652,0.53478,0.9999,0.85236,0.93413,0.99906,0.64318,0.35963,0.54299,1.00005,0.67527,0.7625
27.38,0.93808,0.99727,0.96639,0.69281,0.99974,0.97475,0.99895,0.90201,0.89097,0.59127,0.99062,0.96365,0.95081,0.99141,0.67074,0.99974,0.57237,0.96648,0.97172,0.98064,0.93851,0.85921,0.99889,0.60318,0.99445,0.73003,0.72421,0.7136,0.83692,0.1961,0.59791,0.99554,0.8857,0.90224,0.95984,0.97848,0.99462,0.94443,0.96522,0.98967,0.65523,0.69337,0.92191,0.6442,0.85051,0.91481,0.93467,0.5505,0.91363,0.9876,0.62784,0.99272,0.92767,0.9886,0.81031,0.97906,0.99469,0.5345,0.99999,0.85132,0.93508,0.99763,0.65404,0.37485,0.5291,1.00009,0.67601,0.76203
27.4,0.93564,0.99849,0.96419,0.69206,0.99986,0.97475,0.99908,0.90168,0.88819,0.59519,0.99077,0.96322,0.9527,0.99005,0.67411,0.9999,0.56349,0.96369,0.97174,0.979,0.93752,0.84833,0.99753,0.60393,0.99484,0.73132,0.7232,0.72823,0.84517,0.2185,0.58506,0.99487,0.88533,0.90262,0.96247,0.97365,0.99557,0.94394,0.96378,0.98967,0.65869,0.694,0.91909,0.64759,0.85121,0.91413,0.93688,0.53739,0.91192,0.98847,0.62016,0.99381,0.92771,0.98735,0.81263,0.97375,0.99181,0.53526,1.00004,0.85042,0.93589,0.99548,0.66396,0.393,0.51599,1.00005,0.67666,0.76162
27.42,0.93139,0.99942,0.96298,0.69124,0.99991,0.97475,0.9992,0.90264,0.88457,0.59838,0.9908,0.96312,0.95243,0.98841,0.67658,1.00007,0.55498,0.95927,0.97202,0.97626,0.93678,0.84031,0.99425,0.60677,0.99488,0.73194,0.72274,0.74255,0.8502,0.24864,0.57552,0.99457,0.88515,0.90278,0.96686,0.96785,0.99604,0.94341,0.96298,0.98967,0.66204,0.69216,0.91541,0.65035,0.85133,0.91399,0.93657,0.52246,0.91067,0.99011,0.6128,0.99527,0.92816,0.98522,0.81435,0.96958,0.98588,0.53817,1.00005,0.84999,0.93626,0.99262,0.67009,0.4174,0.50627,1.00001,0.67695,0.76145
27.44,0.92629,0.99994,0.96213,0.69042,0.99994,0.97475,0.99931,0.90409,0.88061,0.6013,0.99081,0.96316,0.95149,0.98659,0.67856,1.00004,0.54664,0.95411,0.97238,0.97301,0.93611,0.8332,0.98893,0.61053,0.99481,0.73234,0.72245,0.75658,0.85443,0.28163,0.56694,0.99441,0.88504,0.90288,0.9719,0.96126,0.99635,0.94287,0.96243,0.98967,0.66534,0.68936,0.91134,0.65288,0.85135,0.91404,0.93547,0.50683,0.90966,0.99189,0.60559,0.99665,0.92875,0.98267,0.81588,0.96573,0.97725,0.54202,1.00004,0.84972,0.93649,0.98903,0.67526,0.44409,0.49754,0.99999,0.67714,0.76134
27.46,0.92136,1.00002,0.96114,0.68963,0.99998,0.97475,0.99941,0.90535,0.87675,0.60431,0.99082,0.96315,0.95091,0.9847,0.68064,0.9998,0.53833,0.94904,0.97271,0.96985,0.93538,0.82536,0.98236,0.61391,0.9948,0.73283,0.72208,0.77005,0.85905,0.3126,0.55771,0.99418,0.8849,0.90301,0.97654,0.95418,0.99669,0.94235,0.96175,0.98967,0.66864,0.68694,0.90736,0.65548,0.85144,0.91403,0.9348,0.49147,0.90859,0.99338,0.5984,0.99772,0.92929,0.98016,0.81756,0.96133,0.96729,0.54547,1.00004,0.84937,0.93679,0.98477,0.68095,0.46912,0.48816,0.99995,0.67739,0.7612
27.48,0.91615,0.99967,0.95993,0.68872,1.00001,0.97475,0.9995,0.90645,0.87265,0.6074,0.99084,0.96308,0.95009,0.9825,0.68328,0.99931,0.52895,0.94296,0.973,0.96596,0.93479,0.81751,0.97391,0.61715,0.99474,0.73334,0.72172,0.78378,0.86323,0.34227,0.54861,0.99396,0.88477,0.90312,0.98123,0.9464,0.99708,0.94175,0.96108,0.98967,0.67193,0.6848,0.90309,0.65815,0.85149,0.91392,0.93383,0.47444,0.90724,0.99479,0.59028,0.99867,0.92977,0.97702,0.81888,0.95675,0.95502,0.54879,1.00003,0.84902,0.93708,0.97956,0.68613,0.49307,0.47893,0.9999,0.67761,0.76108
27.5,0.91089,0.99891,0.95924,0.68806,1.00003,0.97475,0.99959,0.90794,0.86881,0.61023,0.99085,0.96317,0.94959,0.98056,0.68462,0.99866,0.52164,0.93803,0.97339,0.96292,0.93389,0.80947,0.9644,0.62079,0.99476,0.73376,0.72139,0.79573,0.86786,0.37302,0.53925,0.99374,0.88463,0.90325,0.98575,0.93822,0.99729,0.94131,0.96045,0.98967,0.67518,0.68191,0.89908,0.6606,0.85158,0.91406,0.93325,0.46015,0.90655,0.99593,0.58396,0.99923,0.9304,0.97454,0.8209,0.95191,0.94161,0.55253,1.00004,0.84872,0.93733,0.97423,0.69192,0.51787,0.46943,0.99985,0.67785,0.76093
27.52,0.9058,0.9978,0.95984,0.68802,1.00005,0.97475,0.99966,0.91051,0.86585,0.61238,0.99089,0.96364,0.9502,0.97966,0.68282,0.99808,0.52027,0.93728,0.97399,0.96327,0.93213,0.80048,0.95543,0.62554,0.99503,0.734,0.72114,0.80394,0.87404,0.40861,0.52899,0.99351,0.88443,0.90345,0.98994,0.92992,0.99711,0.94129,0.9599,0.98967,0.6784,0.6769,0.89597,0.66247,0.85176,0.91479,0.93396,0.45367,0.90747,0.99666,0.58277,0.99929,0.9314,0.97483,0.82476,0.94633,0.92923,0.5574,1.00006,0.84855,0.93754,0.97011,0.69972,0.54653,0.45905,0.9998,0.67818,0.76072
27.54,0.90077,0.99636,0.96097,0.68824,1.00006,0.97475,0.99973,0.91337,0.8632,0.6143,0.99094,0.96427,0.95115,0.9792,0.67968,0.99751,0.52107,0.93803,0.97468,0.96466,0.93001,0.79129,0.94626,0.63059,0.99536,0.73415,0.72093,0.81058,0.88054,0.44436,0.51842,0.99328,0.88423,0.90367,0.99391,0.92141,0.99675,0.94143,0.95938,0.98967,0.68157,0.67126,0.89318,0.66412,0.85197,0.91577,0.93507,0.45037,0.90909,0.99722,0.58347,0.99923,0.93254,0.97596,0.82928,0.94044,0.91674,0.56259,1.00008,0.84845,0.9377,0.96648,0.70803,0.57528,0.44836,0.99974,0.67853,0.76049
27.56,0.89566,0.99458,0.96188,0.68838,1.00007,0.97475,0.99979,0.91594,0.8604,0.61634,0.99098,0.96484,0.9519,0.97857,0.67695,0.99683,0.52085,0.93806,0.97532,0.96531,0.92798,0.78217,0.93594,0.63531,0.99564,0.73434,0.72071,0.81752,0.88661,0.47742,0.50785,0.99306,0.88404,0.90387,0.99781,0.91243,0.99644,0.94153,0.95883,0.98967,0.68469,0.66615,0.89021,0.66589,0.85217,0.91667,0.93596,0.44595,0.91048,0.99776,0.58327,0.99922,0.93361,0.97649,0.83349,0.93443,0.90283,0.56744,1.00009,0.84832,0.93788,0.96239,0.71587,0.60182,0.43769,0.99968,0.67886,0.76027
27.58,0.88977,0.99228,0.96263,0.68838,1.00008,0.97475,0.99984,0.91889,0.85745,0.61827,0.99102,0.96533,0.95274,0.9777,0.67507,0.99599,0.52078,0.93827,0.97594,0.96693,0.92606,0.77171,0.92418,0.64067,0.99596,0.73455,0.72045,0.82524,0.89276,0.51388,0.49707,0.99281,0.88382,0.90409,1.00212,0.90221,0.99617,0.94152,0.95832,0.98967,0.688,0.66025,0.88708,0.66756,0.85235,0.91743,0.93693,0.43996,0.91144,0.99829,0.58322,0.9992,0.93466,0.9778,0.83738,0.92735,0.88715,0.57295,1.00008,0.84817,0.93808,0.95747,0.72394,0.63105,0.42682,0.9996,0.67922,0.76002
27.6,0.88521,0.99002,0.96379,0.68873,1.00009,0.97475,0.99988,0.921,0.85481,0.62036,0.99107,0.966,0.95349,0.97742,0.67117,0.9953,0.52094,0.93843,0.97659,0.96681,0.92375,0.76341,0.91291,0.64465,0.99619,0.73468,0.72028,0.8306,0.89833,0.54032,0.48633,0.9926,0.88365,0.90427,1.00533,0.89318,0.99573,0.94176,0.95774,0.98967,0.69086,0.65599,0.88427,0.66937,0.85257,0.9185,0.93781,0.438,0.91341,0.99865,0.58336,0.99919,0.93574,0.9777,0.84193,0.92159,0.87225,0.57705,1.00006,0.84808,0.93822,0.9538,0.73132,0.6522,0.416,0.99953,0.67951,0.75983
27.62,0.88436,0.98874,0.96595,0.68997,1.00009,0.97475,0.9999,0.92094,0.85294,0.62309,0.99113,0.96719,0.95391,0.97858,0.66205,0.99513,0.52078,0.93831,0.97744,0.96093,0.92046,0.7617,0.90458,0.64486,0.99617,0.73462,0.72035,0.83028,0.90273,0.54227,0.47587,0.9925,0.88359,0.90432,1.00592,0.88836,0.99482,0.94258,0.95692,0.98967,0.6926,0.6561,0.88228,0.67173,0.85285,0.92038,0.93831,0.44606,0.91799,0.99872,0.58321,0.9992,0.93718,0.9729,0.84819,0.9204,0.86129,0.57726,1.00006,0.84812,0.93816,0.95403,0.73724,0.65377,0.40548,0.9995,0.67962,0.75978
27.64,0.88507,0.9879,0.9684,0.69157,1.00009,0.97475,0.99991,0.92006,0.8514,0.62597,0.9912,0.96853,0.95426,0.98027,0.65113,0.99523,0.52084,0.93807,0.97827,0.95258,0.91674,0.76241,0.8975,0.64368,0.99607,0.73447,0.72051,0.82775,0.90658,0.53531,0.46549,0.99246,0.88356,0.90432,1.00543,0.88528,0.99365,0.94362,0.95602,0.98967,0.69391,0.65788,0.88063,0.67423,0.85315,0.92252,0.93872,0.45803,0.92339,0.99868,0.58327,0.99922,0.93861,0.96598,0.85497,0.92089,0.85202,0.57605,1.00007,0.84822,0.93804,0.95578,0.74246,0.6482,0.39504,0.99949,0.67965,0.75978
27.66,0.88526,0.98684,0.97058,0.69301,1.00009,0.97475,0.99992,0.91949,0.84974,0.6287,0.99126,0.96974,0.95468,0.98168,0.64129,0.99525,0.52109,0.93773,0.97898,0.94488,0.91312,0.76196,0.8896,0.64312,0.99601,0.73436,0.72063,0.82615,0.9104,0.53221,0.45496,0.99239,0.88353,0.90434,1.0053,0.88147,0.99247,0.94456,0.95517,0.98967,0.69537,0.65904,0.87885,0.67659,0.85344,0.92446,0.93921,0.46833,0.92817,0.99867,0.58349,0.99925,0.93982,0.9595,0.86127,0.92058,0.84171,0.57547,1.00007,0.8483,0.93794,0.95686,0.74771,0.64572,0.38447,0.99946,0.67972,0.75976
27.68,0.88467,0.98553,0.9728,0.69442,1.00007,0.97475,0.99993,0.91919,0.84793,0.63171,0.99132,0.97104,0.95496,0.98292,0.63138,0.99509,0.52022,0.93803,0.98012,0.93462,0.90933,0.76173,0.88057,0.64264,0.99595,0.73426,0.72075,0.82478,0.91476,0.5299,0.44413,0.99231,0.88348,0.90437,1.00571,0.87693,0.99111,0.94547,0.95422,0.98967,0.69696,0.65963,0.8769,0.67919,0.85371,0.92656,0.93954,0.47765,0.9329,0.99874,0.58273,0.99923,0.94181,0.95076,0.86758,0.92042,0.82996,0.57497,1.00008,0.84837,0.93785,0.95777,0.75376,0.64387,0.37361,0.99944,0.67979,0.75973
27.7,0.88606,0.98473,0.97476,0.69596,1.00005,0.97475,0.99994,0.91812,0.84646,0.63416,0.99139,0.97212,0.95549,0.98446,0.62166,0.99537,0.52169,0.937,0.98034,0.92725,0.90556,0.76164,0.8734,0.64164,0.99586,0.73412,0.72089,0.82238,0.91767,0.52375,0.43367,0.99226,0.88346,0.90437,1.00474,0.87418,0.98976,0.94646,0.95344,0.98967,0.69821,0.6618,0.87533,0.68131,0.85404,0.92831,0.94016,0.48957,0.93745,0.99862,0.58401,0.99932,0.94219,0.94443,0.87359,0.92035,0.82067,0.57394,1.00008,0.84847,0.93773,0.95934,0.75784,0.63895,0.36313,0.99942,0.67983,0.75972
27.72,0.89245,0.98528,0.97618,0.69776,1.00005,0.97475,0.99994,0.91494,0.84594,0.63493,0.99149,0.97259,0.95678,0.98669,0.61262,0.99669,0.52967,0.93181,0.97782,0.93079,0.90215,0.76121,0.87182,0.63958,0.99568,0.73387,0.72111,0.81773,0.91686,0.509,0.42439,0.99225,0.88348,0.90434,1.00018,0.87606,0.98869,0.94761,0.9532,0.98967,0.69833,0.66815,0.87476,0.68198,0.85451,0.92909,0.94167,0.50769,0.94161,0.99786,0.5909,0.99968,0.93782,0.94747,0.87881,0.92005,0.81862,0.57182,1.00009,0.84865,0.93756,0.96227,0.75669,0.62714,0.35385,0.99942,0.67979,0.75975
27.74,0.90048,0.98634,0.97738,0.69967,1.00004,0.97475,0.99994,0.91092,0.84574,0.63518,0.99161,0.97286,0.95827,0.98903,0.60382,0.99808,0.53984,0.92503,0.97414,0.93777,0.89879,0.76086,0.87238,0.63702,0.99547,0.73357,0.72136,0.81203,0.91469,0.49037,0.41552,0.99226,0.88353,0.9043,0.99415,0.87972,0.98771,0.94881,0.95314,0.98967,0.6982,0.67608,0.87455,0.6822,0.85505,0.92954,0.94343,0.52795,0.94558,0.99666,0.5997,0.9999,0.93165,0.95346,0.88376,0.9198,0.81935,0.56919,1.00009,0.84885,0.93736,0.96566,0.75366,0.61222,0.34498,0.99942,0.67972,0.7598
27.76,0.90738,0.98714,0.9786,0.70152,1.00004,0.97475,0.99994,0.90724,0.84536,0.63576,0.99171,0.97323,0.95958,0.99102,0.59514,0.99901,0.54879,0.91889,0.97081,0.9427,0.8953,0.76055,0.87194,0.63464,0.99527,0.7333,0.72159,0.80666,0.91316,0.47314,0.40636,0.99226,0.88356,0.90426,0.98865,0.88254,0.98666,0.94996,0.953,0.98967,0.69838,0.68326,0.87414,0.6827,0.85555,0.93014,0.94498,0.54669,0.94942,0.99538,0.60744,0.99988,0.92619,0.95765,0.88871,0.91959,0.81879,0.56675,1.00008,0.84904,0.93718,0.96866,0.75153,0.59839,0.33582,0.99942,0.67966,0.75984
27.78,0.91415,0.98791,0.97992,0.70341,1.00004,0.97475,0.99994,0.90316,0.84514,0.63594,0.99181,0.97358,0.96108,0.99283,0.58642,0.99967,0.55806,0.9112,0.96666,0.94805,0.89184,0.76001,0.8717,0.63235,0.99505,0.73301,0.72184,0.80127,0.9114,0.45503,0.39716,0.99226,0.8836,0.90422,0.98297,0.88531,0.98542,0.95113,0.95287,0.98967,0.6977,0.69117,0.8739,0.68285,0.85602,0.93072,0.94675,0.56517,0.95319,0.99382,0.61546,0.9996,0.91953,0.96218,0.89343,0.9192,0.81847,0.56439,1.00007,0.84925,0.93698,0.97149,0.74909,0.58385,0.32664,0.99942,0.67959,0.75989
27.8,0.92081,0.98877,0.98087,0.70523,1.00003,0.97475,0.99994,0.89952,0.84466,0.63684,0.99194,0.9739,0.96218,0.99445,0.57824,1.00002,0.56688,0.90561,0.96333,0.95266,0.88815,0.75993,0.8715,0.62976,0.99485,0.73275,0.72206,0.79549,0.90978,0.43714,0.38792,0.99226,0.88363,0.90418,0.97705,0.88846,0.98447,0.95224,0.95274,0.98967,0.69878,0.69813,0.87339,0.68363,0.85662,0.93125,0.94806,0.5835,0.95665,0.99213,0.6231,0.99925,0.9143,0.96604,0.89827,0.91915,0.81821,0.56173,1.00005,0.84943,0.93681,0.97435,0.74685,0.56948,0.31743,0.99942,0.67954,0.75993
27.82,0.92726,0.9898,0.98102,0.70681,1.00003,0.97475,0.99996,0.89743,0.84345,0.63966,0.992,0.97418,0.96215,0.99588,0.57122,1.00008,0.57429,0.90699,0.96326,0.95502,0.88401,0.76132,0.87125,0.62654,0.99472,0.73264,0.72217,0.78899,0.90879,0.42082,0.3786,0.99223,0.88362,0.90418,0.97096,0.89234,0.98432,0.9532,0.95256,0.98967,0.70435,0.70211,0.87208,0.68608,0.85693,0.9317,0.94802,0.60167,0.95955,0.99054,0.6295,0.99935,0.91419,0.96801,0.90348,0.92013,0.81789,0.55843,1.00003,0.84951,0.93672,0.97733,0.74549,0.55635,0.30814,0.99941,0.67957,0.75993
27.84,0.93351,0.99087,0.98083,0.70832,1.00002,0.97475,0.99994,0.89591,0.84197,0.64325,0.99211,0.97443,0.96175,0.99711,0.56468,0.99996,0.58116,0.91082,0.96432,0.95675,0.87959,0.76313,0.87089,0.62304,0.99462,0.73257,0.72224,0.7821,0.90802,0.40508,0.36923,0.99219,0.88361,0.90417,0.96469,0.89647,0.98452,0.9541,0.95238,0.98967,0.71169,0.70499,0.87048,0.68918,0.85746,0.93212,0.94754,0.61953,0.96221,0.98894,0.63545,0.99958,0.91586,0.96946,0.90878,0.9214,0.81742,0.55483,1.00002,0.84956,0.93666,0.98025,0.74444,0.54369,0.29881,0.99939,0.67958,0.75995
27.86,0.93943,0.99182,0.98075,0.70988,1.00001,0.97475,0.99987,0.89416,0.84057,0.64657,0.99229,0.97469,0.96154,0.9981,0.55805,0.99966,0.58808,0.91349,0.96484,0.95873,0.87511,0.76461,0.87033,0.61963,0.99451,0.73247,0.72233,0.77526,0.90722,0.38921,0.35977,0.99215,0.88359,0.90416,0.95836,0.90032,0.9846,0.95503,0.95221,0.98967,0.71836,0.70828,0.86896,0.69206,0.8583,0.93256,0.9473,0.63681,0.96484,0.9872,0.64143,0.99971,0.91667,0.97109,0.91392,0.92243,0.8167,0.55134,1,0.84962,0.93659,0.98291,0.74335,0.53092,0.2894,0.99938,0.6796,0.75995
27.88,0.9452,0.9928,0.98085,0.71135,1.00001,0.97475,0.99979,0.89213,0.8393,0.64941,0.99212,0.97492,0.96123,0.99891,0.55155,0.9991,0.5955,0.91602,0.9654,0.96068,0.87087,0.76668,0.8709,0.61624,0.9944,0.7324,0.72241,0.76816,0.90606,0.37109,0.35026,0.99212,0.88354,0.90419,0.95179,0.90442,0.9845,0.9559,0.952,0.98967,0.72392,0.7121,0.86759,0.69451,0.85747,0.93294,0.94692,0.65432,0.96736,0.98508,0.64786,0.99981,0.91756,0.9727,0.91857,0.92388,0.81744,0.54786,0.99999,0.84968,0.93653,0.98542,0.74176,0.51631,0.27994,0.99937,0.6797,0.75992
27.9,0.95044,0.99358,0.98048,0.71298,1,0.97475,0.99961,0.89081,0.83768,0.65343,0.99265,0.97522,0.96104,0.99945,0.54514,0.99855,0.60153,0.91928,0.96615,0.96236,0.86583,0.76758,0.86907,0.6127,0.99428,0.73229,0.72251,0.76122,0.90571,0.3572,0.34069,0.99205,0.88364,0.90408,0.9454,0.90781,0.98487,0.95685,0.95187,0.98967,0.73199,0.71457,0.86582,0.69799,0.86009,0.93344,0.9467,0.67009,0.96979,0.98344,0.65308,0.99988,0.91874,0.97408,0.92382,0.9245,0.81506,0.54424,0.99997,0.84975,0.93644,0.98766,0.74127,0.50512,0.27043,0.99934,0.67954,0.76004
27.92,0.95477,0.99392,0.9789,0.71508,1.00001,0.97475,0.99912,0.89137,0.83509,0.66031,0.99499,0.97569,0.96133,0.99974,0.5388,0.99855,0.60413,0.92419,0.9671,0.9636,0.85866,0.7652,0.86035,0.60897,0.99412,0.73208,0.7227,0.75504,0.90765,0.35619,0.33073,0.99218,0.88355,0.90419,0.93977,0.90936,0.98638,0.95807,0.95199,0.98967,0.74633,0.71352,0.86302,0.70395,0.87246,0.93422,0.94704,0.68204,0.97214,0.98343,0.65533,0.9999,0.92024,0.9751,0.93084,0.92284,0.8038,0.54041,0.99993,0.8499,0.93629,0.98946,0.74392,0.5043,0.26054,0.99939,0.67969,0.75992
27.94,0.95868,0.99412,0.97675,0.71733,1.00001,0.97475,0.99828,0.89265,0.83214,0.66833,0.9973,0.97622,0.96176,0.99989,0.53252,0.99877,0.60538,0.92957,0.96819,0.96459,0.85055,0.76161,0.84877,0.60506,0.99394,0.73183,0.72292,0.74907,0.91034,0.35955,0.32078,0.99222,0.8837,0.90405,0.93439,0.91027,0.98823,0.95935,0.95219,0.98967,0.76267,0.71112,0.8598,0.7109,0.88727,0.93512,0.94755,0.69246,0.9744,0.98406,0.6564,0.99978,0.92198,0.97591,0.93818,0.92033,0.7889,0.53642,0.9999,0.85007,0.93611,0.99105,0.74762,0.50701,0.25067,0.99941,0.67942,0.76007
27.96,0.9625,0.99438,0.97473,0.71949,1.00002,0.97475,0.99723,0.8936,0.82934,0.67584,0.99873,0.97672,0.96211,0.99996,0.5263,0.9989,0.60712,0.93437,0.96924,0.96562,0.84259,0.7585,0.838,0.60113,0.99376,0.73159,0.72314,0.74285,0.91257,0.36044,0.31096,0.99208,0.88415,0.9036,0.92879,0.91147,0.98978,0.96057,0.95236,0.98967,0.7775,0.70934,0.85673,0.7174,0.89955,0.93596,0.94797,0.70324,0.97658,0.98443,0.65792,0.99952,0.92365,0.97674,0.9448,0.91814,0.77508,0.53239,0.99986,0.85024,0.93594,0.99255,0.75071,0.50772,0.24094,0.99936,0.67866,0.76056
27.98,0.96617,0.99463,0.97266,0.72169,1.00003,0.97475,0.99596,0.89456,0.82644,0.68272,0.99967,0.97719,0.96248,0.99992,0.52037,0.99897,0.60929,0.9395,0.97015,0.96683,0.83429,0.7555,0.82658,0.5975,0.99358,0.7314,0.72331,0.73672,0.91509,0.36337,0.3,0.99283,0.88295,0.90488,0.92309,0.91262,0.9912,0.9618,0.95254,0.98967,0.79158,0.70754,0.85355,0.72336,0.91246,0.93676,0.94842,0.71408,0.97859,0.98468,0.65979,0.99908,0.92512,0.97772,0.95115,0.91601,0.76045,0.52869,0.99982,0.85037,0.9358,0.99388,0.75422,0.51009,0.23008,0.99961,0.6807,0.75917
28,0.96954,0.99485,0.97029,0.72384,1.00003,0.97475,0.99431,0.89564,0.82359,0.69096,0.99991,0.97773,0.96285,0.99979,0.51411,0.99917,0.61028,0.94354,0.97129,0.96757,0.8259,0.75198,0.81478,0.59314,0.99339,0.73109,0.72359,0.73027,0.91709,0.36309,0.29126,0.99175,0.88517,0.90258,0.91748,0.91369,0.99263,0.96297,0.9527,0.98967,0.80624,0.7055,0.85042,0.73049,0.92248,0.93768,0.94885,0.72388,0.98066,0.9853,0.66064,0.9986,0.92697,0.97832,0.95703,0.91349,0.74539,0.52424,0.99977,0.85058,0.93558,0.99512,0.75702,0.50986,0.22143,0.99923,0.67693,0.76166
28.02,0.97253,0.99507,0.96739,0.72587,1.00003,0.97475,0.99203,0.89696,0.82105,0.70238,0.99988,0.97844,0.96312,0.99962,0.50689,0.99957,0.6082,0.94486,0.97308,0.96706,0.81773,0.74684,0.80265,0.58675,0.9931,0.73039,0.72417,0.72283,0.9176,0.35256,0.2887,0.98335,0.89713,0.88922,0.91219,0.91473,0.99416,0.96408,0.95281,0.98967,0.82263,0.70299,0.84762,0.74039,0.92583,0.9389,0.94917,0.73162,0.98294,0.98682,0.65885,0.99841,0.92989,0.97791,0.96226,0.90977,0.72992,0.51771,0.99969,0.85107,0.93511,0.99636,0.75775,0.50137,0.2189,0.99449,0.6558,0.77577
28.04,0.97527,0.99526,0.96411,0.72783,1.00004,0.97475,0.98922,0.89836,0.81858,0.71497,0.99986,0.97922,0.96339,0.99942,0.4994,0.99991,0.60502,0.94527,0.97502,0.96609,0.80955,0.74127,0.79038,0.57958,0.9928,0.72956,0.72484,0.71505,0.91759,0.33854,0.28854,0.9686,0.91139,0.87104,0.90701,0.91571,0.9956,0.96512,0.95289,0.98967,0.83916,0.70033,0.8449,0.75129,0.9271,0.94024,0.94949,0.73845,0.98521,0.98856,0.65609,0.99835,0.9331,0.97712,0.96706,0.90571,0.71432,0.51041,0.9996,0.85164,0.93457,0.99745,0.75772,0.49006,0.21873,0.98259,0.62855,0.79411
28.06,0.97792,0.99546,0.96074,0.72977,1.00004,0.97475,0.98606,0.89967,0.81602,0.72686,0.99979,0.97996,0.96368,0.99916,0.4922,1.00006,0.60243,0.9461,0.97676,0.96534,0.8012,0.73616,0.77811,0.57271,0.99252,0.72882,0.72545,0.7074,0.91777,0.3261,0.28734,0.95217,0.92303,0.85401,0.90169,0.91669,0.99682,0.96614,0.95296,0.98967,0.85447,0.69784,0.84207,0.76159,0.92939,0.94153,0.94984,0.74547,0.98728,0.99004,0.65385,0.99822,0.93602,0.97652,0.97153,0.90193,0.69875,0.50341,0.99951,0.85216,0.93408,0.99832,0.75799,0.48001,0.21755,0.96705,0.60428,0.81054
28.08,0.98038,0.99566,0.95742,0.73194,1.00004,0.97475,0.98244,0.90119,0.81354,0.73782,0.99971,0.98065,0.96387,0.99883,0.48534,1.00007,0.59933,0.94688,0.97859,0.96447,0.79227,0.7295,0.76325,0.56568,0.99211,0.72795,0.72617,0.69915,0.91814,0.31297,0.28576,0.92744,0.93548,0.83321,0.89636,0.91771,0.9978,0.96727,0.95315,0.98967,0.86925,0.69494,0.83933,0.77109,0.93124,0.94273,0.95006,0.75265,0.98914,0.99151,0.65117,0.9981,0.93916,0.9758,0.97586,0.89696,0.67993,0.49626,0.99937,0.85275,0.93349,0.99904,0.75851,0.46941,0.21599,0.94143,0.57587,0.82983
28.1,0.98274,0.99584,0.95348,0.73358,1.00004,0.97475,0.97849,0.90224,0.8109,0.75018,0.99959,0.98142,0.96426,0.99849,0.47814,0.99993,0.59705,0.94753,0.98007,0.96373,0.78402,0.72582,0.75283,0.55864,0.99197,0.72731,0.72667,0.69172,0.918,0.30007,0.28571,0.90806,0.94443,0.81598,0.8909,0.91861,0.99869,0.96811,0.95307,0.98967,0.88292,0.69292,0.83639,0.7818,0.93337,0.94409,0.95053,0.75908,0.99098,0.99272,0.6492,0.99799,0.94171,0.9752,0.97946,0.89419,0.66676,0.4891,0.99931,0.85319,0.93309,0.9995,0.7583,0.459,0.21594,0.92025,0.55346,0.84526
28.12,0.98507,0.99598,0.94804,0.73377,1.00002,0.97475,0.97445,0.90207,0.80754,0.76656,0.99933,0.98247,0.96528,0.99824,0.47003,0.99976,0.59706,0.94807,0.98072,0.96349,0.77823,0.73077,0.75557,0.55169,0.99253,0.72729,0.72656,0.68739,0.91655,0.28833,0.28794,0.91643,0.94587,0.81234,0.88505,0.91933,0.99952,0.96821,0.9523,0.98967,0.895,0.69326,0.83265,0.796,0.93683,0.94594,0.95174,0.76336,0.99289,0.99352,0.64921,0.9979,0.94285,0.97501,0.98178,0.89791,0.67023,0.48204,0.99951,0.85321,0.93318,0.99969,0.75627,0.44951,0.21814,0.9295,0.54966,0.84846
28.14,0.98726,0.99609,0.94179,0.73343,0.99998,0.97475,0.9702,0.90141,0.80405,0.7838,0.99897,0.98357,0.96648,0.998,0.46168,0.99958,0.59802,0.9485,0.98107,0.96342,0.77322,0.73868,0.76316,0.54478,0.99334,0.72749,0.72621,0.68391,0.91458,0.27704,0.29184,0.93367,0.94469,0.81396,0.87905,0.91992,0.99999,0.96804,0.95124,0.98967,0.90607,0.69452,0.82876,0.81095,0.94052,0.94792,0.95318,0.76709,0.99467,0.99411,0.65004,0.99782,0.94346,0.97494,0.98365,0.9038,0.67982,0.47504,0.99976,0.85307,0.93346,0.99981,0.75351,0.44038,0.222,0.94807,0.55278,0.84704
28.16,0.98925,0.9962,0.93544,0.73333,0.99993,0.97475,0.9656,0.90092,0.80073,0.7996,0.99855,0.98457,0.96754,0.99771,0.45368,0.99936,0.59874,0.94894,0.98151,0.96328,0.76761,0.74506,0.7686,0.53788,0.99401,0.72761,0.72595,0.67967,0.91282,0.2658,0.2959,0.94557,0.9445,0.81365,0.87308,0.92051,1.00001,0.96799,0.95028,0.98967,0.91659,0.69545,0.82504,0.82465,0.94388,0.94976,0.95445,0.7713,0.99619,0.99468,0.65066,0.99774,0.94425,0.97483,0.98561,0.90848,0.68671,0.46805,0.99991,0.85298,0.93367,0.9999,0.75105,0.43129,0.22602,0.96042,0.55327,0.84731
28.18,0.99111,0.99635,0.92868,0.73324,0.99989,0.97475,0.96045,0.90064,0.79671,0.81554,0.99801,0.98563,0.96868,0.99749,0.44628,0.99895,0.5986,0.94947,0.98208,0.96308,0.76261,0.75168,0.7735,0.53045,0.99456,0.72765,0.72577,0.6768,0.91102,0.25278,0.29624,0.95516,0.94518,0.81127,0.86687,0.92136,0.99959,0.96794,0.94942,0.98967,0.92689,0.69599,0.82054,0.83848,0.94739,0.95172,0.95582,0.77419,0.9974,0.99548,0.65054,0.99764,0.94526,0.97467,0.98722,0.91327,0.69292,0.46053,1.00001,0.85296,0.93382,0.99993,0.74857,0.42076,0.22635,0.96999,0.55149,0.8494
28.2,0.99274,0.9964,0.92163,0.73299,0.99982,0.97475,0.95549,0.89981,0.79405,0.82957,0.99747,0.9865,0.96967,0.99705,0.43829,0.99884,0.60048,0.94983,0.98232,0.96304,0.75633,0.75821,0.7803,0.52399,0.9953,0.72792,0.72537,0.67122,0.90914,0.24328,0.30449,0.96739,0.94345,0.81441,0.86087,0.9216,0.99875,0.96781,0.94825,0.98967,0.93562,0.69757,0.81755,0.85066,0.95037,0.95336,0.95701,0.7797,0.99849,0.99567,0.65217,0.99757,0.94568,0.97464,0.9891,0.91793,0.70153,0.45399,1.00008,0.85277,0.93414,0.99993,0.74597,0.41306,0.23453,0.9815,0.55601,0.84664
28.22,0.99394,0.99617,0.91469,0.73255,0.99969,0.97475,0.95165,0.89754,0.7951,0.83991,0.99712,0.98692,0.97023,0.99595,0.42835,0.99947,0.60772,0.94949,0.98161,0.96359,0.74612,0.76429,0.79227,0.52056,0.99652,0.72884,0.72436,0.65769,0.90706,0.24458,0.3352,0.98447,0.93493,0.83191,0.85591,0.92035,0.99756,0.96759,0.9464,0.98967,0.94168,0.7019,0.81873,0.85964,0.95206,0.95416,0.95769,0.79163,0.9995,0.99442,0.65843,0.99764,0.94441,0.97508,0.99178,0.92221,0.71672,0.45052,1.00001,0.85214,0.93496,0.99957,0.74311,0.41411,0.26498,0.99525,0.57719,0.83101
28.24,0.99499,0.9958,0.90751,0.73194,0.99951,0.97475,0.94827,0.89469,0.79757,0.84861,0.99684,0.98718,0.97066,0.99435,0.41815,1,0.61684,0.94902,0.98057,0.96426,0.73441,0.77013,0.8054,0.5181,0.9977,0.72998,0.72314,0.64104,0.90492,0.24934,0.37245,0.9964,0.92325,0.8532,0.85111,0.91845,0.99601,0.96727,0.9442,0.98967,0.94659,0.70728,0.82151,0.86719,0.9533,0.95466,0.95821,0.80588,1.00007,0.99224,0.66632,0.99772,0.94258,0.97563,0.99434,0.92626,0.73342,0.44804,0.99961,0.85135,0.93594,0.99849,0.7402,0.41797,0.30201,1.00003,0.60381,0.81131
28.26,0.99601,0.99546,0.89992,0.73132,0.99931,0.97475,0.94456,0.89209,0.7995,0.85734,0.99651,0.98751,0.97114,0.99259,0.40885,1.00006,0.62493,0.94876,0.97971,0.96474,0.72315,0.77573,0.81672,0.51503,0.99856,0.73098,0.72206,0.62539,0.90284,0.25188,0.40454,0.99998,0.91232,0.87057,0.84596,0.9167,0.99405,0.96696,0.94206,0.98967,0.95156,0.71217,0.82367,0.87478,0.95471,0.95529,0.95878,0.81891,1.00011,0.98996,0.67332,0.99777,0.94109,0.97602,0.99631,0.9301,0.74786,0.44493,0.99893,0.85066,0.93681,0.99685,0.73739,0.42003,0.33401,0.99399,0.62669,0.79457
28.28,0.99675,0.99521,0.89239,0.73102,0.9991,0.97475,0.94038,0.88933,0.80094,0.86709,0.99616,0.98784,0.97163,0.99091,0.3997,0.99984,0.63317,0.94787,0.97854,0.96572,0.71118,0.78233,0.83074,0.51263,0.99929,0.73216,0.7208,0.60911,0.90042,0.25707,0.43956,0.99568,0.89903,0.88903,0.84175,0.91543,0.99181,0.9668,0.94008,0.98967,0.95669,0.71733,0.82528,0.88326,0.9561,0.95593,0.95939,0.82961,0.99963,0.98813,0.68046,0.99793,0.93906,0.97683,0.99791,0.93454,0.76578,0.44251,0.99782,0.84984,0.9378,0.99456,0.73413,0.42422,0.36904,0.97538,0.6523,0.77597
28.3,0.9977,0.9947,0.88387,0.73004,0.9988,0.97475,0.93697,0.88665,0.8037,0.87363,0.99582,0.98812,0.97206,0.9882,0.39161,0.99882,0.64124,0.94825,0.9779,0.9657,0.69963,0.78658,0.83842,0.50903,0.99968,0.73302,0.71987,0.59242,0.89865,0.25761,0.46739,0.98584,0.88785,0.90272,0.83546,0.91295,0.98898,0.96628,0.93754,0.98967,0.96054,0.7223,0.82837,0.88894,0.95738,0.95648,0.95991,0.84438,0.9987,0.98421,0.68745,0.99786,0.93797,0.97681,0.999,0.93736,0.77561,0.43888,0.99669,0.84924,0.93855,0.99163,0.73175,0.42466,0.39695,0.95137,0.67232,0.76152
28.32,0.99905,0.99345,0.87287,0.72724,0.99828,0.97475,0.93575,0.8846,0.80986,0.87233,0.99551,0.98832,0.97216,0.98255,0.3854,0.99374,0.64869,0.95224,0.97893,0.96253,0.69008,0.78449,0.829,0.50189,0.99974,0.73295,0.71989,0.57552,0.89873,0.24396,0.47671,0.98208,0.88544,0.90554,0.82357,0.90723,0.98489,0.96481,0.93367,0.98967,0.96186,0.7261,0.83523,0.88781,0.95846,0.95686,0.96002,0.86883,0.99762,0.97353,0.69389,0.99708,0.93973,0.97422,0.99958,0.93597,0.76355,0.43168,0.99646,0.84929,0.93853,0.9881,0.73187,0.41361,0.40631,0.94322,0.67646,0.75845
28.34,0.9999,0.99176,0.86062,0.72374,0.99758,0.97475,0.93544,0.88264,0.81713,0.86811,0.99522,0.98847,0.97223,0.97452,0.38005,0.98234,0.65588,0.95722,0.98049,0.95815,0.68113,0.78011,0.81305,0.49345,0.99971,0.73256,0.72023,0.55838,0.8995,0.2254,0.47952,0.98169,0.88613,0.90488,0.80927,0.90007,0.97982,0.96292,0.92912,0.98967,0.96218,0.72971,0.8433,0.88415,0.95945,0.95717,0.96011,0.8948,0.99637,0.95692,0.70012,0.99586,0.94245,0.97062,0.99987,0.93305,0.74318,0.42317,0.9966,0.84956,0.93826,0.98396,0.73289,0.39859,0.40914,0.9424,0.67527,0.75918
28.36,0.99999,0.99004,0.84824,0.72055,0.9968,0.97475,0.93478,0.88048,0.82363,0.86521,0.99489,0.98865,0.97244,0.96556,0.37479,0.96663,0.66297,0.96134,0.98174,0.95427,0.67171,0.77681,0.79969,0.48551,0.99972,0.73234,0.7204,0.54112,0.89994,0.20916,0.48492,0.97956,0.88534,0.90587,0.7955,0.89325,0.97424,0.96116,0.92458,0.98967,0.96287,0.73366,0.85047,0.88162,0.9605,0.95751,0.96036,0.91668,0.99484,0.93789,0.70626,0.99462,0.94466,0.96739,0.99994,0.93083,0.72616,0.41517,0.99656,0.84971,0.93812,0.97928,0.73348,0.38543,0.41458,0.93793,0.67664,0.75809
28.38,0.99942,0.98813,0.83501,0.71737,0.99599,0.97475,0.93385,0.8788,0.83044,0.8621,0.9946,0.98882,0.97212,0.95563,0.36938,0.94671,0.67049,0.96562,0.98296,0.94925,0.6621,0.77311,0.78458,0.47755,0.99972,0.73202,0.72066,0.52229,0.90042,0.19141,0.49182,0.97736,0.88475,0.90664,0.78219,0.88612,0.96781,0.95938,0.92028,0.98967,0.96382,0.73672,0.85794,0.87892,0.9614,0.95784,0.95998,0.93538,0.99287,0.91617,0.71277,0.99307,0.94683,0.96319,0.99974,0.92831,0.70696,0.40716,0.99655,0.84994,0.93792,0.9736,0.73413,0.37104,0.42152,0.9334,0.67764,0.75725
28.4,0.99799,0.98603,0.82173,0.71395,0.99489,0.97475,0.93369,0.87613,0.83649,0.85861,0.99422,0.98898,0.97286,0.9432,0.36521,0.91924,0.67682,0.96916,0.98425,0.94576,0.65266,0.76965,0.76998,0.46913,0.99972,0.73184,0.72082,0.50575,0.90099,0.17508,0.49396,0.97598,0.88451,0.907,0.76656,0.87864,0.96094,0.95742,0.91494,0.98967,0.96398,0.74158,0.86454,0.87589,0.96253,0.95817,0.96087,0.95329,0.99106,0.88833,0.71824,0.99155,0.94917,0.96024,0.99932,0.92593,0.68845,0.39869,0.99656,0.85007,0.93779,0.96815,0.73488,0.3578,0.42368,0.93058,0.67806,0.75685
28.42,0.99471,0.98374,0.80951,0.71014,0.99306,0.97475,0.93533,0.87044,0.84046,0.85501,0.99354,0.9892,0.97654,0.92508,0.36353,0.87604,0.68017,0.97108,0.98569,0.94757,0.64371,0.76731,0.76003,0.45973,0.99972,0.73214,0.72059,0.49666,0.90161,0.16423,0.48428,0.97612,0.8844,0.90709,0.74488,0.87088,0.95428,0.95518,0.90681,0.98967,0.96229,0.75185,0.86885,0.87276,0.9644,0.95861,0.96537,0.97195,0.99024,0.84713,0.72115,0.99062,0.95183,0.96177,0.99871,0.92432,0.67586,0.38926,0.99653,0.84986,0.93797,0.96497,0.73572,0.349,0.41393,0.93087,0.67824,0.75675
28.44,0.9894,0.98126,0.79747,0.70609,0.99069,0.97475,0.93768,0.86362,0.84372,0.8511,0.99274,0.98941,0.98081,0.90305,0.36283,0.81994,0.68237,0.97244,0.98715,0.95107,0.63496,0.76536,0.75116,0.44991,0.99973,0.73258,0.72026,0.49018,0.90229,0.15513,0.4699,0.97704,0.88454,0.90686,0.72055,0.86283,0.94744,0.95276,0.89735,0.98967,0.95976,0.76403,0.87237,0.86936,0.96644,0.95903,0.97067,0.98661,0.98988,0.79617,0.72305,0.98991,0.9546,0.96471,0.99792,0.92296,0.66465,0.37941,0.9965,0.84955,0.93823,0.96264,0.73665,0.34162,0.39947,0.93273,0.67799,0.75701
28.46,0.98267,0.97864,0.78483,0.70207,0.98813,0.97475,0.93971,0.85723,0.84724,0.84715,0.99195,0.9896,0.98421,0.87954,0.36182,0.75707,0.68501,0.97393,0.9885,0.95357,0.62599,0.76334,0.74126,0.44023,0.99973,0.73294,0.71999,0.48226,0.90296,0.14518,0.45764,0.9776,0.8846,0.90675,0.69676,0.85464,0.93998,0.9503,0.88795,0.98967,0.95747,0.7753,0.87617,0.86593,0.96828,0.95941,0.97496,0.99557,0.98935,0.74109,0.72534,0.98909,0.95722,0.9668,0.99692,0.92155,0.65216,0.3697,0.99649,0.84929,0.93845,0.95971,0.73754,0.33355,0.38716,0.93387,0.6779,0.75713
28.48,0.97375,0.97572,0.77159,0.69824,0.98517,0.97475,0.94154,0.8501,0.85079,0.84346,0.99103,0.98988,0.98766,0.85041,0.36039,0.67622,0.68792,0.97563,0.98977,0.95648,0.6168,0.76071,0.73202,0.43012,0.99974,0.73338,0.71966,0.47498,0.9036,0.13485,0.44422,0.9783,0.88464,0.90665,0.67089,0.84582,0.93189,0.94791,0.8778,0.98967,0.95532,0.78776,0.87997,0.86272,0.97024,0.95998,0.9794,0.99989,0.98856,0.67217,0.72786,0.98807,0.95976,0.96923,0.99572,0.9197,0.64051,0.35958,0.99643,0.84899,0.93871,0.95693,0.73841,0.32517,0.3737,0.93532,0.67783,0.75724
28.5,0.96412,0.9729,0.75862,0.69393,0.98204,0.97475,0.94383,0.8438,0.85396,0.83908,0.99023,0.98996,0.99014,0.82472,0.36006,0.60277,0.68995,0.97664,0.99098,0.95872,0.6078,0.75945,0.72128,0.42058,0.99974,0.73369,0.71943,0.46687,0.90429,0.12566,0.43172,0.97877,0.88476,0.90647,0.6469,0.83759,0.92373,0.94516,0.86775,0.98967,0.9525,0.79866,0.88337,0.85892,0.97183,0.96014,0.98268,0.99904,0.98838,0.61085,0.72962,0.98743,0.96224,0.97109,0.99435,0.91881,0.62698,0.35003,0.99645,0.84877,0.93889,0.95376,0.73935,0.31771,0.36118,0.93628,0.67763,0.75744
28.52,0.95667,0.97079,0.74669,0.68833,0.97906,0.97475,0.94729,0.8405,0.85666,0.83274,0.98989,0.9895,0.99077,0.81656,0.36272,0.57891,0.68999,0.97592,0.9922,0.959,0.59944,0.76212,0.70587,0.41274,0.99969,0.73363,0.71953,0.45554,0.90503,0.11903,0.42337,0.97878,0.88468,0.90656,0.63016,0.83158,0.91601,0.94149,0.85862,0.98967,0.94795,0.80433,0.88625,0.85341,0.97248,0.95922,0.98354,0.99803,0.98983,0.59112,0.72965,0.98789,0.96483,0.97132,0.99293,0.92069,0.6076,0.3422,0.99669,0.84881,0.93881,0.94917,0.74036,0.31232,0.35283,0.93631,0.67776,0.75734
28.54,0.94991,0.96893,0.73524,0.68224,0.97609,0.97475,0.95106,0.83823,0.85898,0.82567,0.98972,0.98883,0.99085,0.8151,0.36659,0.57433,0.68915,0.97455,0.99333,0.95866,0.59129,0.76613,0.68868,0.40556,0.99961,0.73345,0.71974,0.44324,0.90584,0.11359,0.41626,0.97848,0.88471,0.90655,0.61596,0.82635,0.90844,0.93739,0.84989,0.98967,0.94257,0.80822,0.88871,0.84727,0.97279,0.95786,0.98364,0.99782,0.99169,0.58735,0.72893,0.98872,0.96731,0.97104,0.99141,0.92349,0.58601,0.33502,0.99698,0.84894,0.93865,0.94401,0.74145,0.3079,0.34571,0.93569,0.67771,0.75734
28.56,0.942,0.96685,0.72345,0.67635,0.97293,0.97475,0.95446,0.83541,0.86125,0.81887,0.98947,0.98822,0.99119,0.81039,0.36999,0.56027,0.68862,0.97348,0.99433,0.95859,0.58291,0.76938,0.6719,0.39808,0.99953,0.73333,0.71989,0.43138,0.90663,0.10776,0.40846,0.97805,0.88492,0.90632,0.6003,0.8206,0.90047,0.93332,0.8409,0.98967,0.9373,0.81302,0.89112,0.84137,0.97325,0.95667,0.9841,0.99706,0.99312,0.57578,0.72847,0.98934,0.96962,0.97097,0.98971,0.92575,0.56497,0.32756,0.99722,0.84903,0.93853,0.93885,0.74254,0.30317,0.33793,0.9348,0.67736,0.7576
28.58,0.93339,0.96473,0.71029,0.67031,0.96903,0.97475,0.95795,0.8327,0.86427,0.81131,0.98921,0.98762,0.99147,0.80599,0.37408,0.54729,0.68844,0.97219,0.9954,0.95861,0.57447,0.77306,0.65357,0.39023,0.99944,0.73317,0.72007,0.41871,0.9073,0.1012,0.40059,0.9787,0.88424,0.90714,0.5842,0.81486,0.89141,0.92904,0.83017,0.98967,0.93142,0.81764,0.89431,0.83481,0.97371,0.95551,0.98449,0.99626,0.9946,0.56512,0.72831,0.99004,0.97221,0.97099,0.98786,0.92828,0.54202,0.31973,0.99748,0.84914,0.93838,0.93315,0.74345,0.29784,0.33006,0.93615,0.67851,0.7567
28.6,0.92488,0.96256,0.69936,0.6644,0.96615,0.97475,0.96095,0.82998,0.8656,0.80481,0.98899,0.9869,0.99172,0.80253,0.3774,0.53651,0.68734,0.97113,0.99608,0.95828,0.56599,0.77613,0.63675,0.38319,0.99936,0.73306,0.7202,0.40712,0.90826,0.09637,0.39313,0.97711,0.88535,0.90585,0.56906,0.80905,0.88374,0.92473,0.82247,0.98967,0.92595,0.82224,0.89571,0.82918,0.97409,0.95412,0.98483,0.99557,0.99564,0.55628,0.72736,0.99059,0.97395,0.97073,0.98587,0.93036,0.52101,0.31271,0.99768,0.84921,0.93828,0.92778,0.74476,0.29392,0.32262,0.93287,0.67662,0.75812
28.62,0.91734,0.96023,0.6951,0.65893,0.96664,0.97475,0.96283,0.827,0.86241,0.80156,0.98884,0.98591,0.99201,0.79965,0.3778,0.5258,0.68395,0.97093,0.9959,0.95692,0.55733,0.77704,0.62548,0.3782,0.99936,0.73314,0.72015,0.39883,0.90979,0.09602,0.38645,0.96745,0.89192,0.89773,0.55619,0.8029,0.88073,0.92066,0.82377,0.98967,0.92232,0.82728,0.89235,0.82635,0.97435,0.95225,0.98522,0.99496,0.99576,0.54752,0.72442,0.9907,0.97348,0.96959,0.98369,0.93098,0.50692,0.30774,0.99769,0.84916,0.93832,0.92384,0.74686,0.29363,0.31596,0.91365,0.66518,0.76686
28.64,0.91016,0.95784,0.69337,0.65363,0.96837,0.97475,0.96429,0.82399,0.8575,0.79959,0.98872,0.98477,0.99228,0.7976,0.3772,0.51696,0.67965,0.97101,0.99541,0.95522,0.54863,0.77735,0.61619,0.37406,0.99938,0.73327,0.72004,0.39179,0.91162,0.0974,0.38023,0.95307,0.89988,0.8871,0.54435,0.79666,0.87949,0.91663,0.82839,0.98967,0.91936,0.83234,0.88713,0.82464,0.97456,0.95013,0.98559,0.9945,0.99558,0.5403,0.72069,0.99066,0.97225,0.96818,0.98138,0.93119,0.49533,0.30362,0.99763,0.84907,0.93841,0.92043,0.74939,0.29475,0.30976,0.88641,0.65073,0.77796
28.66,0.90242,0.95539,0.69045,0.64829,0.96951,0.97475,0.96586,0.821,0.85328,0.79716,0.98858,0.98363,0.99255,0.79542,0.37706,0.50807,0.67573,0.97097,0.99507,0.95378,0.53991,0.77806,0.60584,0.3696,0.99939,0.73338,0.71996,0.38425,0.91342,0.09801,0.37388,0.93873,0.90645,0.87762,0.53198,0.79037,0.87741,0.91248,0.83148,0.98967,0.91604,0.83735,0.88264,0.82254,0.97479,0.94804,0.98596,0.99399,0.99554,0.53304,0.7173,0.99068,0.97141,0.96698,0.97893,0.93167,0.48243,0.29917,0.99761,0.84899,0.93847,0.91672,0.75189,0.29525,0.30343,0.8602,0.63827,0.78757
28.68,0.89406,0.9528,0.6876,0.64262,0.97062,0.97475,0.96751,0.81785,0.84896,0.79408,0.98846,0.98248,0.99281,0.79234,0.37693,0.49591,0.67172,0.97087,0.9946,0.95166,0.53074,0.77828,0.59505,0.36478,0.9994,0.73349,0.71987,0.37606,0.91467,0.09856,0.36698,0.91758,0.91448,0.86502,0.51904,0.7838,0.87536,0.90799,0.83451,0.98967,0.9124,0.84261,0.87801,0.81986,0.97499,0.94597,0.98633,0.99325,0.9955,0.52314,0.71383,0.99072,0.97026,0.96521,0.97622,0.93182,0.46898,0.29438,0.99758,0.84891,0.93854,0.91263,0.75364,0.29569,0.29657,0.82269,0.62229,0.79999
28.7,0.88618,0.95029,0.68519,0.63761,0.97201,0.97475,0.9688,0.81491,0.84426,0.79262,0.9883,0.98119,0.99307,0.7912,0.37654,0.49042,0.66763,0.97097,0.99429,0.9508,0.52228,0.77935,0.58536,0.36085,0.99941,0.7336,0.71979,0.3694,0.91706,0.09966,0.36124,0.90358,0.91919,0.85709,0.50717,0.77752,0.87363,0.90394,0.83833,0.98967,0.90943,0.84749,0.87296,0.8186,0.97526,0.94367,0.9867,0.99296,0.99538,0.51867,0.71029,0.99068,0.96954,0.96449,0.97359,0.93254,0.45691,0.29047,0.99756,0.84884,0.93861,0.90924,0.75698,0.29659,0.29086,0.79838,0.61251,0.80762
28.72,0.88004,0.94813,0.68337,0.63437,0.97389,0.97475,0.96925,0.81278,0.83884,0.79557,0.98809,0.97958,0.99334,0.79541,0.37569,0.50362,0.66353,0.97154,0.99463,0.95369,0.51582,0.78298,0.57815,0.35914,0.9994,0.73367,0.71974,0.3667,0.92253,0.10171,0.35847,0.9184,0.91473,0.86468,0.49813,0.77216,0.87232,0.90129,0.84358,0.98967,0.90837,0.85104,0.86708,0.82116,0.9756,0.94086,0.98706,0.99399,0.99513,0.52942,0.70674,0.99039,0.97034,0.9669,0.97151,0.93497,0.44793,0.28877,0.99759,0.84879,0.93864,0.90786,0.76475,0.29826,0.2881,0.82413,0.62178,0.80032
28.74,0.87459,0.94609,0.68192,0.6318,0.97593,0.97475,0.9694,0.81085,0.83308,0.80005,0.98782,0.97779,0.99361,0.80142,0.37463,0.523,0.6594,0.97228,0.99515,0.95769,0.51014,0.78741,0.57215,0.35831,0.99938,0.73372,0.71971,0.36554,0.92884,0.10427,0.3569,0.94014,0.90696,0.87697,0.49024,0.76715,0.87128,0.89917,0.84943,0.98967,0.90802,0.85423,0.86083,0.82505,0.97604,0.93779,0.98745,0.99534,0.99479,0.54523,0.70316,0.99,0.9716,0.97023,0.96964,0.9379,0.44046,0.28794,0.99763,0.84875,0.93867,0.90726,0.77389,0.30034,0.28654,0.86275,0.63727,0.78822
28.76,0.86866,0.94396,0.68032,0.62892,0.97778,0.97475,0.96971,0.80869,0.82749,0.80365,0.98751,0.97599,0.99389,0.80637,0.37367,0.5387,0.65528,0.97291,0.99554,0.96091,0.50413,0.79135,0.56573,0.3571,0.99936,0.73379,0.71967,0.36369,0.93437,0.10671,0.3549,0.95491,0.90067,0.88617,0.4818,0.76195,0.87012,0.89677,0.85483,0.98967,0.90728,0.85781,0.85471,0.82817,0.97652,0.93474,0.98785,0.99633,0.99447,0.55808,0.6996,0.98966,0.97257,0.97289,0.96759,0.94048,0.43248,0.28674,0.99767,0.84871,0.9387,0.9063,0.78207,0.30232,0.28455,0.88982,0.64925,0.77891
28.78,0.86243,0.94169,0.67873,0.62601,0.97964,0.97475,0.9699,0.807,0.8211,0.80783,0.98745,0.97408,0.99408,0.8119,0.37273,0.55617,0.65094,0.97362,0.99598,0.96433,0.49775,0.79552,0.55841,0.35581,0.99935,0.73385,0.71963,0.36186,0.93999,0.10878,0.35242,0.96952,0.89304,0.89653,0.4731,0.75647,0.86896,0.89432,0.86038,0.98967,0.90681,0.86058,0.84768,0.8318,0.97661,0.93155,0.98812,0.99731,0.99414,0.57241,0.69584,0.98926,0.97371,0.97569,0.96536,0.94317,0.42337,0.28546,0.99771,0.84866,0.93873,0.90535,0.7906,0.30399,0.28208,0.9177,0.66319,0.76812
28.8,0.85662,0.93962,0.67716,0.62331,0.9813,0.97475,0.97025,0.80439,0.81603,0.81105,0.98686,0.97217,0.99443,0.81644,0.37174,0.57055,0.64701,0.97419,0.99631,0.96718,0.49224,0.79929,0.55316,0.35489,0.99933,0.73391,0.7196,0.3603,0.94491,0.11165,0.35122,0.97919,0.88674,0.90444,0.46509,0.7515,0.86782,0.89203,0.86543,0.98967,0.90595,0.86488,0.84208,0.83458,0.97749,0.9284,0.98863,0.99802,0.99378,0.58423,0.69243,0.98893,0.97457,0.97801,0.96339,0.94558,0.41684,0.28454,0.99774,0.84862,0.93875,0.90454,0.79824,0.30633,0.28089,0.93717,0.67423,0.75965
28.82,0.85185,0.93817,0.67555,0.62103,0.98249,0.97475,0.97116,0.79859,0.81512,0.81125,0.98455,0.97035,0.99527,0.81798,0.37068,0.57564,0.64414,0.9743,0.99629,0.96852,0.48874,0.80199,0.55299,0.35473,0.99933,0.73392,0.7196,0.35937,0.94832,0.11721,0.35319,0.98076,0.88571,0.90561,0.45861,0.74806,0.86665,0.89007,0.86917,0.98967,0.90371,0.87438,0.84107,0.83476,0.98064,0.92544,0.98985,0.99823,0.99338,0.58843,0.68996,0.98887,0.97451,0.97909,0.96211,0.94728,0.41664,0.28438,0.99775,0.84861,0.93876,0.90406,0.80365,0.31085,0.28285,0.94044,0.67601,0.75838
28.84,0.84758,0.93695,0.67395,0.61894,0.98352,0.97475,0.9722,0.79184,0.81563,0.81047,0.98146,0.96856,0.99617,0.81854,0.36959,0.57775,0.64174,0.97428,0.99617,0.96939,0.48616,0.80428,0.55498,0.35491,0.99932,0.73391,0.71961,0.35862,0.95114,0.12345,0.35641,0.9801,0.88638,0.90468,0.45287,0.74516,0.86548,0.88827,0.87245,0.98967,0.90105,0.88537,0.84164,0.83409,0.98417,0.92256,0.9912,0.99831,0.99296,0.59017,0.68787,0.98888,0.97419,0.97979,0.96116,0.94871,0.41911,0.28456,0.99776,0.84862,0.93875,0.90367,0.8082,0.31591,0.28605,0.93905,0.67485,0.75939
28.86,0.84309,0.93559,0.67236,0.61676,0.98458,0.97475,0.97313,0.78575,0.81537,0.81018,0.97853,0.96671,0.99689,0.81955,0.36854,0.58122,0.63919,0.97435,0.99612,0.97047,0.48333,0.80666,0.55628,0.35494,0.99932,0.73392,0.71961,0.35762,0.95401,0.12895,0.3591,0.98052,0.8862,0.9048,0.44689,0.74194,0.86432,0.88637,0.87587,0.98967,0.89862,0.89522,0.84135,0.83383,0.98697,0.91962,0.99232,0.99844,0.99253,0.59303,0.68567,0.98884,0.97405,0.98065,0.96011,0.95019,0.42073,0.28459,0.99777,0.84861,0.93875,0.90314,0.81292,0.32037,0.28872,0.93992,0.67515,0.75926
28.88,0.83812,0.9343,0.6707,0.61459,0.9856,0.97475,0.97416,0.77801,0.81562,0.80978,0.97472,0.96465,0.99767,0.82059,0.36743,0.58478,0.63629,0.9743,0.99597,0.97148,0.47979,0.80934,0.55644,0.35495,0.99933,0.73391,0.71961,0.35736,0.95714,0.1361,0.36164,0.98077,0.8862,0.90468,0.44034,0.73891,0.86311,0.88448,0.87925,0.98967,0.89581,0.90767,0.84163,0.83348,0.98997,0.91636,0.99357,0.99857,0.99206,0.59597,0.68316,0.98887,0.97366,0.98145,0.95877,0.95184,0.42093,0.2846,0.99775,0.84862,0.93875,0.90301,0.81817,0.32618,0.29126,0.94045,0.67515,0.75939
28.9,0.83408,0.93288,0.66917,0.61242,0.98656,0.97475,0.97495,0.77318,0.81518,0.80936,0.97189,0.96291,0.99812,0.82131,0.36648,0.58733,0.63421,0.97445,0.99599,0.97246,0.47789,0.81125,0.55941,0.35509,0.9993,0.73393,0.71961,0.35561,0.95936,0.13998,0.36474,0.98078,0.88629,0.90449,0.43508,0.73557,0.86198,0.88258,0.88247,0.98967,0.89359,0.91539,0.84114,0.83312,0.99182,0.91366,0.99435,0.99866,0.99164,0.59808,0.68136,0.98878,0.97372,0.98224,0.95805,0.953,0.42462,0.28474,0.9978,0.84861,0.93874,0.90209,0.82196,0.32933,0.29434,0.94048,0.675,0.7596
28.92,0.83261,0.93092,0.66793,0.61008,0.98742,0.97475,0.97509,0.77726,0.81224,0.80907,0.97283,0.96216,0.99791,0.82138,0.36595,0.58772,0.63434,0.97524,0.99653,0.97359,0.48054,0.81111,0.56998,0.3555,0.99918,0.73406,0.71959,0.34926,0.95926,0.13402,0.36916,0.98064,0.88621,0.90459,0.43317,0.73101,0.86107,0.8805,0.88545,0.98967,0.8932,0.90887,0.83788,0.83287,0.99124,0.91248,0.99398,0.99867,0.9914,0.5984,0.68147,0.98831,0.97517,0.98313,0.95906,0.95291,0.43776,0.28514,0.99805,0.84851,0.93876,0.89873,0.82178,0.3245,0.29874,0.94018,0.67514,0.75949
28.94,0.83213,0.92881,0.66682,0.60775,0.98823,0.97475,0.97501,0.78426,0.80857,0.80881,0.975,0.96181,0.99744,0.82117,0.36556,0.5872,0.63528,0.97622,0.99718,0.97468,0.48477,0.81023,0.58301,0.35604,0.99901,0.73423,0.71957,0.34142,0.95838,0.12486,0.37406,0.98032,0.88618,0.90465,0.43256,0.72613,0.86025,0.87842,0.88828,0.98967,0.89344,0.89763,0.83379,0.83265,0.98977,0.91194,0.99319,0.99864,0.99122,0.59797,0.68228,0.9877,0.97699,0.98399,0.96065,0.95238,0.45398,0.28569,0.99835,0.8484,0.93878,0.89453,0.82028,0.31705,0.30361,0.93951,0.67519,0.75942
28.96,0.83122,0.9268,0.66568,0.60547,0.98901,0.97475,0.97504,0.7896,0.80535,0.80859,0.97647,0.96131,0.99706,0.8211,0.3651,0.58714,0.63582,0.97706,0.99769,0.97571,0.4881,0.80971,0.59436,0.35655,0.99885,0.73437,0.71955,0.33447,0.95796,0.11756,0.37865,0.98008,0.88615,0.90471,0.43138,0.72151,0.85942,0.87638,0.8911,0.98967,0.89335,0.88901,0.83021,0.83246,0.98867,0.91118,0.99258,0.99863,0.99101,0.59792,0.68275,0.98715,0.97851,0.9848,0.96188,0.95206,0.46812,0.2862,0.99859,0.8483,0.93879,0.89075,0.81956,0.31113,0.30818,0.93901,0.67525,0.75936
28.98,0.83024,0.92446,0.6644,0.60291,0.9898,0.97475,0.97502,0.79578,0.80146,0.80814,0.97813,0.96064,0.99658,0.82094,0.36469,0.58679,0.63651,0.978,0.99821,0.97691,0.49212,0.80906,0.60693,0.35693,0.99866,0.73455,0.71952,0.32633,0.95706,0.1083,0.38354,0.97976,0.8861,0.90479,0.43012,0.71614,0.85847,0.87406,0.89399,0.98967,0.89341,0.87896,0.82586,0.83206,0.98732,0.91013,0.99183,0.99862,0.99081,0.59763,0.68335,0.98651,0.98018,0.98573,0.96335,0.95166,0.48378,0.28657,0.99883,0.84817,0.93882,0.88628,0.81802,0.30361,0.31306,0.93835,0.67534,0.75926
29,0.82964,0.9227,0.66344,0.60093,0.99049,0.97475,0.97504,0.80069,0.79869,0.80818,0.97954,0.96042,0.99615,0.8209,0.36423,0.58686,0.63707,0.97872,0.99858,0.97769,0.49505,0.80852,0.61707,0.35764,0.99848,0.73466,0.71951,0.32021,0.95697,0.10227,0.38784,0.97959,0.88607,0.90483,0.42934,0.71213,0.85776,0.87227,0.89658,0.98967,0.89334,0.87094,0.82276,0.8321,0.98606,0.9098,0.99117,0.99861,0.99058,0.59769,0.68383,0.986,0.98147,0.98634,0.9644,0.95133,0.49643,0.28727,0.99902,0.84809,0.93882,0.88287,0.81788,0.29871,0.31735,0.93798,0.67538,0.75922
29.02,0.82977,0.92271,0.66348,0.6006,0.99103,0.97475,0.97527,0.80155,0.79929,0.80969,0.98013,0.96143,0.996,0.82132,0.36358,0.58846,0.63693,0.97882,0.99866,0.97742,0.49454,0.80844,0.62025,0.35914,0.99839,0.73457,0.71962,0.32015,0.95934,0.10596,0.39042,0.97987,0.88612,0.90476,0.4295,0.71215,0.85779,0.87196,0.89864,0.98967,0.89269,0.86954,0.82343,0.8334,0.9855,0.91136,0.99094,0.99866,0.99026,0.59901,0.68371,0.98593,0.98177,0.98613,0.96422,0.95128,0.50039,0.28877,0.99911,0.84815,0.93874,0.88283,0.82192,0.30171,0.31992,0.93858,0.6753,0.7593
29.04,0.83024,0.92333,0.6638,0.60087,0.99148,0.97475,0.97554,0.80114,0.80105,0.81168,0.98049,0.96285,0.99594,0.82186,0.3629,0.59051,0.63663,0.97871,0.99865,0.97677,0.49291,0.80851,0.62111,0.36099,0.99833,0.73442,0.71975,0.32221,0.96245,0.11307,0.39239,0.98031,0.88619,0.90465,0.43011,0.71357,0.85803,0.87221,0.90039,0.98967,0.89191,0.87021,0.8254,0.83513,0.98515,0.91357,0.99085,0.99873,0.98992,0.6007,0.68345,0.98601,0.98174,0.98562,0.96363,0.95133,0.50147,0.29061,0.99916,0.84826,0.93863,0.88398,0.82733,0.30748,0.32188,0.93949,0.67518,0.75943
29.06,0.83059,0.92365,0.6639,0.60086,0.99192,0.97475,0.97577,0.80137,0.80226,0.81338,0.98096,0.96402,0.99584,0.82233,0.36227,0.59227,0.63646,0.9787,0.99868,0.97629,0.49184,0.80853,0.62313,0.36275,0.99827,0.73431,0.71987,0.32328,0.96509,0.11866,0.39462,0.98066,0.88625,0.90455,0.43057,0.7143,0.85811,0.8722,0.90215,0.98967,0.89125,0.86984,0.82675,0.83661,0.98469,0.91539,0.99069,0.99878,0.98959,0.60216,0.68331,0.98601,0.98186,0.98525,0.96325,0.95134,0.50399,0.29235,0.99922,0.84834,0.93855,0.88458,0.83203,0.31202,0.32411,0.94023,0.67508,0.75953
29.08,0.83084,0.92408,0.66444,0.60087,0.99246,0.97475,0.97608,0.80146,0.80354,0.81531,0.98144,0.96535,0.99573,0.82285,0.36154,0.59433,0.6361,0.97867,0.99871,0.97576,0.49058,0.80845,0.62479,0.36424,0.99818,0.73417,0.72002,0.3244,0.96759,0.12384,0.39688,0.98104,0.88631,0.90445,0.43089,0.71528,0.8585,0.8722,0.90432,0.98967,0.89035,0.8697,0.82819,0.83828,0.9842,0.91748,0.99052,0.99884,0.9892,0.60386,0.68299,0.98604,0.98199,0.98484,0.96279,0.95129,0.50607,0.29384,0.99929,0.84844,0.93843,0.8852,0.8366,0.31623,0.32636,0.94102,0.67497,0.75964
29.1,0.83136,0.92443,0.6641,0.60099,0.99275,0.97475,0.97623,0.80148,0.80492,0.81686,0.98179,0.96637,0.99565,0.8233,0.36102,0.59586,0.63608,0.97864,0.99872,0.97522,0.48944,0.80863,0.62657,0.36634,0.99814,0.73408,0.72009,0.32595,0.97025,0.13068,0.39894,0.9814,0.88637,0.90435,0.43156,0.71606,0.85825,0.87232,0.90553,0.98967,0.8899,0.86965,0.82973,0.83963,0.98383,0.91908,0.99042,0.99889,0.98892,0.60513,0.68298,0.98606,0.98202,0.98442,0.96237,0.9514,0.50829,0.29593,0.99932,0.8485,0.93837,0.88607,0.84158,0.32178,0.32842,0.94178,0.67487,0.75974
29.12,0.83263,0.92442,0.6615,0.60132,0.99243,0.97475,0.97596,0.80166,0.8064,0.81719,0.98192,0.96663,0.99567,0.82354,0.3611,0.59594,0.63707,0.97867,0.99869,0.97467,0.48886,0.80956,0.62938,0.37002,0.99824,0.73416,0.71995,0.32822,0.9733,0.14116,0.40058,0.9817,0.88641,0.90428,0.4332,0.71606,0.85633,0.87262,0.90421,0.98967,0.8907,0.86936,0.83138,0.83991,0.98369,0.91949,0.99044,0.99892,0.98896,0.60519,0.68383,0.98604,0.98188,0.98398,0.96216,0.95197,0.5118,0.29959,0.99924,0.84844,0.93848,0.88732,0.84746,0.33028,0.33005,0.94242,0.6748,0.75982
29.14,0.83414,0.92431,0.65794,0.60176,0.99187,0.97475,0.97552,0.8018,0.80792,0.81715,0.98192,0.96656,0.99573,0.82371,0.36139,0.59547,0.6384,0.97872,0.99863,0.97412,0.48844,0.81075,0.63234,0.37427,0.99838,0.73431,0.71973,0.33087,0.97639,0.15314,0.40204,0.98199,0.88645,0.90422,0.43516,0.71581,0.85369,0.87302,0.90194,0.98967,0.89195,0.86913,0.83308,0.83988,0.98369,0.91939,0.99053,0.99894,0.98912,0.6048,0.68498,0.986,0.98166,0.98355,0.96201,0.95269,0.51549,0.30382,0.99911,0.84834,0.93865,0.88878,0.85364,0.34001,0.33151,0.94302,0.67473,0.75989
29.16,0.83547,0.92424,0.65461,0.60214,0.9914,0.97475,0.97516,0.80194,0.80935,0.81735,0.98193,0.96655,0.99577,0.82389,0.36158,0.59519,0.63955,0.97875,0.99857,0.97361,0.48798,0.81181,0.63509,0.37823,0.9985,0.73443,0.71955,0.33334,0.97919,0.16442,0.4036,0.98227,0.88649,0.90416,0.43688,0.71563,0.85121,0.87337,0.90009,0.98967,0.89301,0.8689,0.83467,0.84005,0.98368,0.91937,0.99059,0.99896,0.98922,0.60457,0.68598,0.98598,0.98146,0.98314,0.96184,0.95334,0.51893,0.30777,0.999,0.84826,0.93879,0.89014,0.85951,0.34916,0.33307,0.94363,0.67466,0.75996
29.18,0.83706,0.92425,0.65204,0.60256,0.99091,0.97475,0.97481,0.80212,0.81109,0.81726,0.98211,0.96693,0.99579,0.82415,0.36178,0.59518,0.64079,0.97881,0.99852,0.9729,0.48736,0.81291,0.63827,0.38222,0.99862,0.73455,0.71935,0.33588,0.98186,0.17539,0.40506,0.98258,0.88653,0.90408,0.43897,0.71566,0.84929,0.87375,0.89817,0.98967,0.894,0.86861,0.8366,0.83998,0.98348,0.91996,0.99063,0.99898,0.98933,0.60456,0.68705,0.98594,0.98128,0.98259,0.96161,0.954,0.5229,0.31174,0.99887,0.84817,0.93895,0.89153,0.86532,0.35806,0.33453,0.94428,0.67459,0.76004
29.2,0.83814,0.92404,0.64764,0.60292,0.99037,0.97475,0.97437,0.80223,0.81216,0.81769,0.98193,0.96644,0.99587,0.82423,0.36203,0.59447,0.6419,0.97881,0.99846,0.97257,0.48713,0.81397,0.6406,0.38624,0.99874,0.73468,0.71917,0.33832,0.9843,0.18704,0.40669,0.98282,0.88657,0.90403,0.44038,0.71518,0.84599,0.87407,0.89611,0.98967,0.89522,0.86843,0.83779,0.84035,0.98368,0.91919,0.99074,0.99899,0.98946,0.60398,0.68802,0.98594,0.98105,0.98232,0.96152,0.95464,0.52581,0.31576,0.99873,0.84808,0.93909,0.89285,0.87093,0.3675,0.33615,0.94481,0.67453,0.7601
29.22,0.83775,0.92327,0.63821,0.60314,0.98976,0.97475,0.97371,0.80219,0.81142,0.8195,0.98067,0.96331,0.99609,0.82385,0.36242,0.59192,0.64264,0.9786,0.99833,0.97332,0.488,0.81496,0.64059,0.39046,0.99888,0.73479,0.71904,0.34051,0.98652,0.20078,0.40881,0.98291,0.88657,0.90402,0.43986,0.71342,0.83887,0.87427,0.89384,0.98967,0.89705,0.86849,0.83697,0.84192,0.98497,0.91427,0.99108,0.99895,0.98967,0.60187,0.68865,0.98609,0.9806,0.98292,0.96184,0.95523,0.5258,0.31996,0.99854,0.848,0.93919,0.89404,0.8763,0.37864,0.33827,0.94499,0.67452,0.7601
29.24,0.83683,0.92227,0.62686,0.60328,0.98912,0.97475,0.97295,0.80209,0.81,0.82185,0.979,0.95913,0.99635,0.82328,0.36286,0.58867,0.64323,0.97833,0.99819,0.97441,0.48925,0.81589,0.63974,0.39466,0.99902,0.7349,0.71893,0.34256,0.98853,0.21498,0.41111,0.98294,0.88657,0.90404,0.43865,0.71115,0.83022,0.8744,0.89148,0.98967,0.89908,0.86866,0.83539,0.84396,0.98655,0.90783,0.99148,0.99889,0.9899,0.59919,0.68917,0.98628,0.98012,0.98378,0.9623,0.95579,0.52474,0.32414,0.99833,0.84793,0.93928,0.89514,0.88144,0.39015,0.34057,0.94505,0.67453,0.76009
29.26,0.83615,0.92135,0.61628,0.60343,0.98849,0.97475,0.97223,0.80201,0.80886,0.82404,0.97751,0.95535,0.99657,0.82277,0.36327,0.58577,0.64386,0.97812,0.99806,0.9753,0.49031,0.8168,0.63927,0.39872,0.99914,0.735,0.71882,0.34459,0.99035,0.22843,0.41335,0.983,0.88657,0.90404,0.43777,0.70907,0.82207,0.87454,0.8892,0.98967,0.90097,0.86879,0.83412,0.84586,0.98784,0.90208,0.99182,0.99883,0.9901,0.59679,0.68971,0.98643,0.9797,0.98448,0.96269,0.95633,0.52415,0.3282,0.99813,0.84785,0.93937,0.89624,0.8864,0.40104,0.34281,0.94517,0.67453,0.76009
29.28,0.83546,0.92047,0.60501,0.6037,0.98773,0.97475,0.97145,0.80197,0.80783,0.82578,0.97565,0.95059,0.99684,0.82236,0.36374,0.5827,0.64462,0.97778,0.99785,0.97629,0.49146,0.81791,0.63881,0.4033,0.99928,0.73513,0.71868,0.34694,0.99217,0.24331,0.41548,0.98305,0.88656,0.90405,0.43687,0.70708,0.8133,0.87478,0.88652,0.98967,0.90297,0.86886,0.83298,0.84737,0.9893,0.89494,0.99223,0.99878,0.99034,0.59425,0.69037,0.98666,0.97901,0.98525,0.96311,0.95699,0.52357,0.33277,0.99785,0.84776,0.93948,0.89749,0.89175,0.41308,0.34494,0.94528,0.67454,0.76008
29.3,0.83466,0.91945,0.59432,0.60371,0.98717,0.97475,0.97076,0.80183,0.80639,0.82851,0.9743,0.94711,0.997,0.8217,0.36409,0.57974,0.64508,0.97768,0.9978,0.97709,0.4925,0.81857,0.63813,0.40675,0.99936,0.73521,0.7186,0.3486,0.9935,0.255,0.41785,0.98309,0.88656,0.90405,0.43583,0.70477,0.80491,0.87479,0.88459,0.98967,0.90471,0.86908,0.83137,0.84975,0.99027,0.8898,0.99249,0.99871,0.99052,0.59181,0.69076,0.98674,0.97887,0.98587,0.96348,0.95738,0.52273,0.33622,0.99768,0.84771,0.93954,0.89838,0.89594,0.42255,0.34731,0.94539,0.67454,0.76008
29.32,0.83365,0.91805,0.58563,0.60299,0.98726,0.97475,0.97032,0.80145,0.80384,0.83406,0.97468,0.94809,0.99689,0.82056,0.36404,0.57778,0.64467,0.97826,0.99827,0.97734,0.49322,0.81801,0.63694,0.4071,0.99927,0.7351,0.71874,0.34831,0.99388,0.25784,0.42097,0.98314,0.88659,0.90401,0.43451,0.70163,0.79805,0.87414,0.88489,0.98967,0.9058,0.8697,0.82852,0.85456,0.99,0.89125,0.99231,0.99857,0.99049,0.59019,0.69041,0.98633,0.9804,0.98607,0.96374,0.95705,0.52124,0.33657,0.99786,0.84778,0.93943,0.89822,0.8972,0.42485,0.35043,0.94549,0.67449,0.76012
29.34,0.83255,0.91652,0.57775,0.60202,0.98757,0.97475,0.96997,0.80098,0.8009,0.84042,0.97565,0.95058,0.99667,0.81916,0.36385,0.57589,0.64398,0.97906,0.99882,0.97739,0.4938,0.81698,0.63557,0.40634,0.99913,0.73494,0.71895,0.34734,0.99395,0.25765,0.42431,0.98319,0.88662,0.90396,0.43309,0.6982,0.79178,0.87326,0.88595,0.98967,0.90663,0.87047,0.82524,0.86009,0.9893,0.89493,0.99197,0.99839,0.9904,0.58864,0.68982,0.98575,0.98238,0.98611,0.96395,0.95644,0.51952,0.3358,0.99815,0.8479,0.93926,0.89771,0.89744,0.42469,0.35376,0.9456,0.67443,0.76017
29.36,0.83153,0.91507,0.56964,0.60119,0.98776,0.97475,0.96959,0.80057,0.79818,0.8461,0.97632,0.95229,0.9965,0.8178,0.36373,0.57358,0.64348,0.97973,0.9992,0.97751,0.49438,0.81615,0.63435,0.4061,0.999,0.73481,0.71912,0.34672,0.99417,0.25904,0.42744,0.98324,0.88665,0.90392,0.43177,0.69495,0.78528,0.8725,0.88661,0.98967,0.90755,0.87115,0.82219,0.86502,0.98879,0.89748,0.99171,0.99821,0.99034,0.58673,0.68938,0.98526,0.98397,0.9862,0.96416,0.95594,0.518,0.33557,0.99836,0.84799,0.93913,0.89738,0.89818,0.42581,0.3569,0.94571,0.67438,0.76021
29.38,0.83032,0.91345,0.56031,0.60025,0.988,0.97475,0.96916,0.8001,0.79509,0.85235,0.97705,0.95414,0.9963,0.81672,0.36358,0.57273,0.64272,0.98048,0.99956,0.97774,0.49522,0.81536,0.6328,0.40577,0.99884,0.73466,0.71932,0.34592,0.99433,0.25959,0.43094,0.98329,0.88669,0.90387,0.43021,0.69135,0.77777,0.87165,0.88749,0.98967,0.90858,0.87191,0.81872,0.87044,0.98821,0.90025,0.9914,0.99806,0.99026,0.58604,0.68873,0.98468,0.98576,0.98637,0.96446,0.95547,0.51607,0.33524,0.99859,0.84809,0.93897,0.89695,0.89874,0.42626,0.3604,0.9458,0.67432,0.76027
29.4,0.82947,0.9121,0.55352,0.59947,0.98818,0.97475,0.96886,0.79969,0.79266,0.85729,0.97775,0.95595,0.99613,0.81502,0.36348,0.569,0.64243,0.98106,0.99976,0.97769,0.4955,0.81438,0.63188,0.40537,0.99871,0.73454,0.71948,0.34534,0.99453,0.26113,0.43372,0.98334,0.88671,0.90383,0.42912,0.68835,0.77227,0.87093,0.88809,0.98967,0.9093,0.87258,0.81599,0.87474,0.98764,0.90298,0.99114,0.99781,0.99021,0.58296,0.68847,0.98421,0.98702,0.98634,0.96456,0.95488,0.51492,0.33484,0.99877,0.84818,0.93885,0.89664,0.89944,0.42751,0.36318,0.94592,0.67428,0.76031
29.42,0.82975,0.91156,0.55369,0.59913,0.98806,0.97475,0.96887,0.79978,0.79205,0.85866,0.97837,0.95741,0.99606,0.81125,0.36357,0.55588,0.64356,0.98117,0.99975,0.97687,0.49426,0.81291,0.63286,0.40503,0.99868,0.73454,0.71949,0.34556,0.99492,0.26635,0.4345,0.98342,0.88671,0.90384,0.42948,0.68715,0.77241,0.87062,0.8877,0.98967,0.90926,0.87244,0.8153,0.87593,0.98711,0.9052,0.99102,0.9972,0.99026,0.57218,0.68945,0.98412,0.98698,0.9857,0.96412,0.954,0.51614,0.3345,0.9988,0.84818,0.93884,0.89675,0.90083,0.43173,0.36396,0.94609,0.67429,0.7603
29.44,0.8304,0.91131,0.55648,0.59895,0.98787,0.97475,0.96902,0.79987,0.79217,0.85883,0.97892,0.9588,0.99603,0.80689,0.36372,0.53981,0.64514,0.98112,0.99968,0.97577,0.49247,0.81127,0.63444,0.40466,0.99869,0.73458,0.71946,0.34601,0.99534,0.27257,0.43455,0.98351,0.88669,0.90385,0.43031,0.68659,0.77467,0.87045,0.88701,0.98967,0.90892,0.87229,0.81543,0.87608,0.98662,0.90732,0.99098,0.99643,0.99033,0.55898,0.69082,0.98417,0.98651,0.98484,0.96347,0.95301,0.51812,0.33413,0.99879,0.84815,0.93887,0.897,0.90237,0.43676,0.36402,0.94627,0.67432,0.76029
29.46,0.83083,0.91091,0.55809,0.5987,0.98772,0.97475,0.96912,0.79975,0.79206,0.85959,0.97939,0.96018,0.99601,0.803,0.36385,0.52565,0.64646,0.98113,0.99964,0.97482,0.49097,0.80975,0.63565,0.40432,0.99868,0.7346,0.71945,0.34635,0.99571,0.27814,0.43494,0.98358,0.88668,0.90386,0.43087,0.68572,0.77597,0.87023,0.88649,0.98967,0.90869,0.8725,0.81531,0.87674,0.9862,0.90943,0.99095,0.99567,0.9904,0.5474,0.69196,0.98416,0.98625,0.9841,0.96293,0.95209,0.51963,0.33379,0.9988,0.84813,0.93888,0.89718,0.90379,0.44127,0.36441,0.94644,0.67433,0.76028
29.48,0.83144,0.91054,0.5597,0.59842,0.98753,0.97475,0.96917,0.8005,0.7915,0.86021,0.98029,0.96161,0.99585,0.79792,0.36396,0.50737,0.64799,0.98117,0.99959,0.97362,0.4893,0.80802,0.63724,0.40388,0.99868,0.73463,0.71943,0.34671,0.9961,0.28431,0.43534,0.98367,0.88667,0.90387,0.43166,0.68489,0.77727,0.86997,0.88583,0.98967,0.90857,0.87127,0.81468,0.87727,0.98535,0.91164,0.99072,0.99457,0.99045,0.53248,0.69329,0.98412,0.98596,0.98315,0.96232,0.95103,0.52162,0.33335,0.99881,0.84811,0.93889,0.89737,0.90533,0.44625,0.36481,0.94663,0.67436,0.76027
29.5,0.83177,0.9102,0.56189,0.59826,0.9874,0.97475,0.96934,0.79947,0.79204,0.86081,0.98027,0.96284,0.99598,0.79506,0.36412,0.49623,0.64919,0.98112,0.99953,0.97281,0.48783,0.80666,0.63819,0.40363,0.99867,0.73465,0.71942,0.34708,0.99642,0.28941,0.43553,0.98374,0.88666,0.90387,0.43208,0.68413,0.77904,0.86981,0.88538,0.98967,0.90815,0.87295,0.81529,0.8778,0.98537,0.91354,0.99091,0.99391,0.99053,0.5234,0.69432,0.98417,0.98559,0.98252,0.96178,0.95019,0.5228,0.3331,0.99881,0.8481,0.9389,0.89757,0.90664,0.45037,0.365,0.94679,0.67437,0.76026
29.52,0.83117,0.90986,0.56511,0.59837,0.98746,0.97475,0.96987,0.7931,0.7957,0.86176,0.97747,0.96348,0.9969,0.79887,0.36443,0.50708,0.64935,0.98081,0.99943,0.97336,0.48699,0.80648,0.63717,0.40408,0.99866,0.73467,0.71941,0.34749,0.9966,0.29167,0.43537,0.98377,0.88668,0.90385,0.43131,0.6834,0.78164,0.86992,0.88557,0.98967,0.90687,0.88333,0.8194,0.87863,0.98787,0.91454,0.99232,0.99478,0.99068,0.53224,0.69446,0.98442,0.98508,0.98295,0.96147,0.95008,0.52153,0.33354,0.99883,0.84809,0.9389,0.89779,0.9074,0.4522,0.36483,0.94683,0.67434,0.76029
29.54,0.83028,0.90955,0.5688,0.59861,0.98757,0.97475,0.97052,0.78485,0.80035,0.86273,0.97346,0.96395,0.99789,0.80487,0.36478,0.52511,0.64916,0.98041,0.99931,0.97432,0.48636,0.80667,0.6355,0.40469,0.99865,0.73468,0.71941,0.34791,0.99672,0.29282,0.435,0.98377,0.8867,0.90381,0.43016,0.68271,0.78461,0.87014,0.88597,0.98967,0.90531,0.89668,0.82462,0.87947,0.99083,0.91527,0.99395,0.99604,0.99085,0.54695,0.6943,0.98474,0.9845,0.98371,0.96124,0.9502,0.51944,0.33415,0.99884,0.84808,0.9389,0.89801,0.90792,0.45313,0.36446,0.94685,0.6743,0.76034
29.56,0.82954,0.90923,0.5722,0.59878,0.98766,0.97475,0.97108,0.77751,0.80434,0.86364,0.96978,0.96456,0.99859,0.80957,0.36511,0.53894,0.64914,0.98007,0.9992,0.97501,0.48565,0.80664,0.63413,0.40513,0.99863,0.73469,0.71942,0.34829,0.99685,0.29426,0.43469,0.98379,0.88672,0.90377,0.42921,0.682,0.78733,0.8703,0.88627,0.98967,0.90392,0.90846,0.82908,0.88026,0.99303,0.91622,0.99518,0.99692,0.99101,0.55827,0.69428,0.98499,0.98398,0.98425,0.96097,0.95017,0.51773,0.3346,0.99886,0.84807,0.9389,0.89821,0.90851,0.4543,0.36415,0.94688,0.67426,0.76037
29.58,0.82869,0.90892,0.57588,0.59897,0.98775,0.97475,0.97173,0.76896,0.80893,0.86471,0.96517,0.96489,0.99928,0.815,0.36549,0.55481,0.6491,0.9796,0.99903,0.97596,0.48485,0.80684,0.63271,0.40599,0.99863,0.73472,0.71939,0.3488,0.99703,0.29654,0.43452,0.98379,0.88674,0.90374,0.42812,0.68131,0.79028,0.87047,0.88658,0.98967,0.90225,0.92211,0.8342,0.88118,0.99521,0.91675,0.99653,0.9978,0.99119,0.57129,0.69425,0.98535,0.98324,0.98499,0.96068,0.9503,0.51595,0.33545,0.99886,0.84805,0.93892,0.89849,0.90929,0.45614,0.36399,0.94689,0.67423,0.76041
29.6,0.82802,0.90858,0.57905,0.59917,0.98785,0.97475,0.9722,0.76215,0.81235,0.86545,0.96147,0.96572,0.9996,0.81936,0.36575,0.56774,0.64899,0.97938,0.99895,0.97645,0.48431,0.80665,0.63127,0.40599,0.99859,0.73471,0.71943,0.34908,0.99709,0.2969,0.43399,0.98382,0.88676,0.9037,0.42725,0.68057,0.79281,0.87066,0.88693,0.98967,0.90105,0.9329,0.83801,0.88183,0.99659,0.91805,0.99726,0.99842,0.99131,0.58192,0.69415,0.98552,0.98292,0.98537,0.96047,0.95018,0.51416,0.33545,0.99891,0.84806,0.93889,0.89863,0.90957,0.45643,0.36345,0.94694,0.67419,0.76045
29.62,0.82783,0.90819,0.58038,0.59927,0.98794,0.97475,0.9721,0.76076,0.81252,0.86534,0.96124,0.96805,0.99936,0.81956,0.36579,0.56952,0.64901,0.97999,0.99921,0.97553,0.48415,0.8051,0.62966,0.40383,0.99841,0.73458,0.71961,0.34825,0.99691,0.29143,0.43271,0.98386,0.88679,0.90367,0.42701,0.67971,0.79387,0.87075,0.88725,0.98967,0.9013,0.93509,0.83819,0.88173,0.99666,0.92176,0.99669,0.99844,0.99133,0.58339,0.69417,0.98506,0.98401,0.98466,0.96042,0.94922,0.51215,0.3333,0.99909,0.84815,0.93875,0.89819,0.90875,0.45201,0.36217,0.94703,0.67415,0.76048
29.64,0.82785,0.90777,0.58127,0.59941,0.98804,0.97475,0.97182,0.76141,0.81152,0.8649,0.9623,0.97074,0.99879,0.81886,0.36568,0.56882,0.64892,0.98082,0.9995,0.97414,0.48429,0.80315,0.62811,0.40074,0.99817,0.7344,0.71985,0.34728,0.99659,0.2842,0.43103,0.98392,0.88681,0.90365,0.42703,0.67879,0.79458,0.87087,0.88762,0.98967,0.90203,0.93407,0.83708,0.88135,0.9963,0.92608,0.99556,0.99835,0.99127,0.58281,0.69409,0.98441,0.98544,0.98356,0.96047,0.94801,0.51021,0.33022,0.9993,0.84828,0.93856,0.89767,0.90738,0.44617,0.36049,0.94717,0.67412,0.76051
29.66,0.8278,0.90735,0.58256,0.59962,0.98816,0.97475,0.97163,0.76131,0.81097,0.8646,0.96284,0.97302,0.99825,0.81911,0.36553,0.57052,0.64871,0.98146,0.99969,0.97299,0.48446,0.80149,0.62676,0.39789,0.99793,0.73424,0.72007,0.34666,0.99629,0.27825,0.42937,0.98399,0.88683,0.90362,0.42697,0.67787,0.79561,0.87106,0.88803,0.98967,0.90251,0.93423,0.83647,0.88109,0.99611,0.9298,0.99456,0.99838,0.99121,0.58422,0.69391,0.98389,0.98652,0.98266,0.96053,0.94696,0.50852,0.32737,0.99947,0.84839,0.93839,0.89735,0.9061,0.44136,0.35882,0.94732,0.67408,0.76054
29.68,0.82756,0.90696,0.58294,0.59945,0.98821,0.97475,0.97139,0.76041,0.81074,0.86436,0.96304,0.9756,0.9975,0.81707,0.36578,0.56688,0.6492,0.98236,0.99988,0.97156,0.48392,0.79938,0.62446,0.39578,0.99771,0.7341,0.72026,0.34481,0.99612,0.26996,0.42835,0.98398,0.88685,0.90359,0.42667,0.677,0.79591,0.87091,0.88821,0.98967,0.90312,0.93565,0.83621,0.88088,0.99604,0.93408,0.9933,0.9981,0.99132,0.58122,0.69433,0.98312,0.98801,0.98152,0.96033,0.94563,0.50566,0.32526,0.9996,0.84849,0.93824,0.89635,0.90541,0.43465,0.35781,0.94731,0.67404,0.76057
29.7,0.82785,0.90652,0.58518,0.60009,0.98839,0.97475,0.97122,0.76165,0.80959,0.8639,0.96423,0.97738,0.99677,0.81967,0.36522,0.57393,0.64821,0.98273,0.99994,0.97049,0.48493,0.79805,0.62407,0.3919,0.9974,0.7339,0.72052,0.34551,0.9956,0.26615,0.42592,0.98414,0.88686,0.90357,0.42704,0.67605,0.79768,0.87149,0.88885,0.98967,0.90354,0.93369,0.83494,0.88048,0.99559,0.93708,0.99212,0.99846,0.99106,0.58702,0.69347,0.98279,0.98862,0.98067,0.96071,0.94479,0.50516,0.3214,0.99975,0.84863,0.93803,0.89673,0.90337,0.43157,0.35538,0.94765,0.67402,0.7606
29.72,0.82888,0.90587,0.59201,0.60272,0.98898,0.97475,0.97121,0.76859,0.80586,0.86308,0.96789,0.97705,0.99648,0.83387,0.36214,0.60789,0.6432,0.98171,0.99973,0.97081,0.49026,0.79913,0.62961,0.38315,0.99686,0.7335,0.721,0.35315,0.99396,0.27445,0.41938,0.98475,0.88684,0.90355,0.42836,0.67461,0.80309,0.87389,0.89097,0.98967,0.90357,0.92269,0.83078,0.87977,0.99399,0.93653,0.99167,0.99977,0.98952,0.61509,0.68914,0.98368,0.98685,0.98092,0.96267,0.94548,0.51209,0.31267,0.99994,0.84891,0.93765,0.90079,0.89748,0.43828,0.34884,0.94897,0.67406,0.76061
29.74,0.83055,0.9052,0.60074,0.60617,0.98966,0.97475,0.9713,0.77739,0.80125,0.862,0.97216,0.97603,0.99635,0.8519,0.3585,0.65051,0.63663,0.98008,0.9992,0.97149,0.49709,0.801,0.63687,0.3726,0.99618,0.73303,0.72155,0.3633,0.99161,0.28739,0.41144,0.9855,0.8868,0.90356,0.43051,0.67315,0.80997,0.87701,0.89347,0.98967,0.90335,0.90866,0.82562,0.87883,0.99165,0.9348,0.99147,0.99981,0.98745,0.65059,0.68345,0.98499,0.984,0.98146,0.96513,0.94665,0.52116,0.30217,1.00006,0.84923,0.93721,0.9061,0.89004,0.44875,0.3409,0.95063,0.67413,0.76061
29.76,0.83232,0.90461,0.60889,0.60936,0.99024,0.97475,0.9714,0.78492,0.79718,0.86092,0.97569,0.97538,0.99613,0.86766,0.35555,0.68778,0.63066,0.9786,0.99855,0.97186,0.5031,0.80242,0.6428,0.36289,0.99549,0.73261,0.72205,0.37229,0.98916,0.29861,0.40423,0.98617,0.88675,0.90357,0.43279,0.67186,0.81633,0.87986,0.89562,0.98967,0.90311,0.89655,0.82107,0.87789,0.98926,0.93371,0.99114,0.99811,0.98555,0.68192,0.67828,0.98609,0.98137,0.98176,0.96723,0.94755,0.52856,0.2925,1.00009,0.84953,0.93681,0.91071,0.88312,0.45781,0.3337,0.9521,0.67421,0.7606
29.78,0.83235,0.90368,0.61535,0.61205,0.99096,0.97475,0.97125,0.79331,0.79212,0.86031,0.9794,0.97444,0.99591,0.88007,0.35183,0.7178,0.62483,0.97731,0.99766,0.97279,0.50942,0.80415,0.65065,0.3525,0.9947,0.73213,0.72261,0.38091,0.98615,0.3076,0.39622,0.98682,0.88675,0.90353,0.43284,0.66983,0.82135,0.88224,0.89838,0.98967,0.90347,0.88298,0.81538,0.87737,0.98619,0.93215,0.99081,0.99543,0.98283,0.7074,0.67324,0.98698,0.97844,0.9825,0.96939,0.94863,0.53837,0.28216,1.00003,0.84986,0.93637,0.91506,0.87539,0.46508,0.32571,0.95354,0.67422,0.76064
29.8,0.83618,0.90346,0.62548,0.61595,0.99134,0.97475,0.97164,0.79995,0.78883,0.85862,0.98215,0.9739,0.99573,0.89743,0.34997,0.75788,0.61818,0.97531,0.99656,0.97263,0.51535,0.80541,0.65477,0.34292,0.99392,0.73175,0.72307,0.39068,0.98319,0.32201,0.3895,0.98749,0.88666,0.90359,0.43781,0.66936,0.82916,0.88567,0.89984,0.98967,0.9025,0.87216,0.81167,0.8759,0.98345,0.93124,0.99053,0.98929,0.9813,0.74178,0.66748,0.98827,0.97526,0.98237,0.97136,0.94941,0.54353,0.27264,0.99989,0.85013,0.93599,0.91989,0.86834,0.47672,0.319,0.95506,0.67437,0.76057
29.82,0.84944,0.90508,0.64519,0.62302,0.99086,0.97475,0.97344,0.80155,0.79076,0.85417,0.98276,0.97457,0.99562,0.92726,0.35285,0.82519,0.6097,0.97115,0.99529,0.96937,0.51971,0.80532,0.6482,0.33586,0.9933,0.73164,0.72328,0.40323,0.98133,0.35046,0.38616,0.98827,0.88634,0.90392,0.45537,0.6729,0.84415,0.89178,0.898,0.98967,0.89777,0.86954,0.81385,0.87203,0.98278,0.93236,0.99037,0.97007,0.98362,0.80086,0.66014,0.99059,0.97194,0.97977,0.97278,0.94936,0.53532,0.26563,0.99975,0.8502,0.93583,0.92594,0.86415,0.49968,0.31567,0.95684,0.67492,0.76021
29.84,0.86568,0.90742,0.6678,0.63123,0.99001,0.97475,0.97567,0.8015,0.79453,0.8485,0.98269,0.97566,0.99555,0.95543,0.35778,0.88874,0.60038,0.96589,0.99383,0.96472,0.52369,0.80473,0.6378,0.3298,0.99275,0.73162,0.72339,0.41672,0.97985,0.38335,0.38434,0.98906,0.88593,0.90436,0.47762,0.67802,0.86098,0.8987,0.89477,0.98967,0.89152,0.86963,0.81809,0.8671,0.98285,0.93418,0.99026,0.93571,0.98701,0.85901,0.65208,0.99296,0.96846,0.97601,0.97404,0.94899,0.52231,0.25962,0.99958,0.85021,0.93574,0.93224,0.86091,0.52619,0.31386,0.95866,0.67562,0.75974
29.86,0.87977,0.90949,0.68807,0.63884,0.98923,0.97475,0.97759,0.80228,0.79747,0.8431,0.98297,0.97657,0.99545,0.97513,0.36217,0.93392,0.59128,0.96076,0.9922,0.96024,0.52796,0.80431,0.62909,0.32345,0.99214,0.73156,0.72354,0.42944,0.97807,0.41287,0.38221,0.98978,0.88556,0.90476,0.49774,0.68258,0.8757,0.90495,0.89188,0.98967,0.88578,0.86835,0.82139,0.86241,0.98254,0.93571,0.99011,0.89309,0.98954,0.90299,0.6442,0.99481,0.96483,0.97234,0.97537,0.94873,0.51144,0.25332,0.99938,0.85026,0.93562,0.93799,0.85712,0.54996,0.31174,0.96033,0.67626,0.7593
29.88,0.89194,0.91117,0.70813,0.64651,0.98869,0.97475,0.97947,0.80279,0.80029,0.83822,0.98312,0.9773,0.99539,0.99043,0.36669,0.97219,0.58208,0.95449,0.99017,0.95573,0.53169,0.80416,0.61987,0.31609,0.99146,0.73151,0.72369,0.44264,0.97628,0.44294,0.37835,0.99059,0.8852,0.90512,0.51581,0.68629,0.8899,0.91108,0.88991,0.98967,0.87974,0.86751,0.82455,0.85817,0.98236,0.93695,0.99002,0.83245,0.99174,0.94435,0.63624,0.99656,0.96057,0.96861,0.9765,0.94864,0.49992,0.24603,0.99912,0.8503,0.9355,0.94375,0.85342,0.57414,0.30789,0.96227,0.67687,0.75891
29.9,0.90638,0.91373,0.72737,0.65417,0.98749,0.97475,0.98127,0.80342,0.80367,0.83173,0.98335,0.97846,0.99525,0.99753,0.37233,0.98954,0.57264,0.94913,0.98846,0.95033,0.53637,0.80332,0.61048,0.31104,0.99088,0.73146,0.72382,0.45467,0.9744,0.47074,0.37852,0.99114,0.8848,0.90558,0.53827,0.69198,0.90314,0.91704,0.88569,0.98967,0.87353,0.86648,0.82833,0.85253,0.9821,0.93892,0.98982,0.77363,0.994,0.96688,0.62808,0.9977,0.95714,0.96409,0.9779,0.94811,0.48821,0.24101,0.99887,0.85033,0.93539,0.94881,0.84963,0.59647,0.30806,0.96357,0.67756,0.75841
29.92,0.92652,0.91876,0.74493,0.66172,0.98401,0.97475,0.98294,0.80487,0.80871,0.8205,0.98397,0.9806,0.99496,0.99864,0.38022,0.98667,0.56253,0.94901,0.98765,0.94083,0.5438,0.80056,0.6015,0.31194,0.99059,0.73142,0.7239,0.46299,0.97238,0.49237,0.38909,0.99101,0.88428,0.90629,0.57192,0.70322,0.91485,0.92275,0.87401,0.98967,0.86733,0.86409,0.83396,0.84279,0.98136,0.94265,0.98939,0.75647,0.99642,0.96275,0.61933,0.99773,0.95556,0.95607,0.98004,0.94638,0.47701,0.2419,0.99875,0.85035,0.93533,0.95221,0.84565,0.61382,0.3186,0.96326,0.67844,0.75764
29.94,0.94635,0.92441,0.76163,0.66919,0.97937,0.97475,0.98452,0.80648,0.81411,0.80739,0.98466,0.98302,0.99457,0.99872,0.38963,0.9761,0.55227,0.95008,0.98747,0.93017,0.55214,0.7971,0.59257,0.31519,0.99041,0.73139,0.72395,0.47029,0.97022,0.51201,0.4036,0.99063,0.88372,0.90709,0.6088,0.71603,0.92565,0.92823,0.85956,0.98967,0.86106,0.86145,0.83996,0.83141,0.9805,0.94693,0.98883,0.75484,0.9984,0.94905,0.61046,0.99752,0.95522,0.94694,0.98233,0.94418,0.46588,0.24513,0.99866,0.85038,0.93529,0.95511,0.84152,0.62956,0.33307,0.96236,0.67939,0.75676
29.96,0.9622,0.92935,0.77782,0.67656,0.97487,0.97475,0.986,0.80791,0.8189,0.79492,0.98528,0.98512,0.99417,0.9992,0.39935,0.96775,0.54219,0.94965,0.98735,0.92056,0.55993,0.79397,0.58364,0.31751,0.99017,0.73134,0.72403,0.47829,0.96794,0.53219,0.41633,0.99036,0.88318,0.90784,0.64246,0.72739,0.93574,0.93347,0.84638,0.98967,0.85474,0.8591,0.84526,0.82059,0.9797,0.95078,0.98825,0.74441,0.9996,0.93917,0.60174,0.99761,0.95499,0.93864,0.98436,0.94218,0.45476,0.24743,0.99855,0.85041,0.93523,0.9582,0.83725,0.6457,0.34579,0.9617,0.6803,0.75593
29.98,0.97558,0.93481,0.79384,0.68424,0.96831,0.97475,0.98753,0.80963,0.82511,0.78036,0.98597,0.98706,0.99396,0.99938,0.40964,0.95429,0.53076,0.953,0.98572,0.90248,0.56774,0.79058,0.57366,0.31926,0.98996,0.73135,0.72406,0.48489,0.9659,0.55116,0.42809,0.9901,0.88264,0.9086,0.67584,0.7401,0.94532,0.93875,0.82823,0.98967,0.84765,0.85625,0.8521,0.80796,0.97876,0.95442,0.98794,0.73961,1.00012,0.92423,0.59185,0.99691,0.9519,0.92285,0.98629,0.93998,0.44234,0.24916,0.99845,0.85041,0.9352,0.96069,0.8335,0.66087,0.35755,0.96109,0.68121,0.7551
30,0.98582,0.93886,0.80836,0.69109,0.96442,0.97475,0.98871,0.81084,0.82827,0.76854,0.98648,0.98898,0.99327,0.99973,0.42102,0.94462,0.52181,0.94896,0.98733,0.89973,0.57559,0.78753,0.56575,0.32272,0.98971,0.73125,0.72417,0.49402,0.9631,0.57087,0.44239,0.98973,0.88208,0.90935,0.70728,0.74969,0.95364,0.94331,0.81793,0.98967,0.84178,0.85425,0.85556,0.79772,0.97805,0.95818,0.98697,0.72678,0.99996,0.91399,0.5841,0.99774,0.95495,0.92043,0.98811,0.93798,0.4325,0.2526,0.99833,0.85047,0.93511,0.96403,0.82849,0.6766,0.37187,0.96023,0.68216,0.75426
30.02,0.99267,0.93929,0.82014,0.69594,0.97001,0.97475,0.98911,0.81012,0.82288,0.76616,0.98657,0.99105,0.99112,0.99978,0.43424,0.95438,0.52014,0.9185,0.99574,0.94042,0.58297,0.78554,0.56306,0.33059,0.98932,0.73086,0.72451,0.51009,0.95805,0.59389,0.46251,0.98911,0.88144,0.9101,0.73459,0.75071,0.96009,0.94645,0.83283,0.98967,0.8397,0.85544,0.84964,0.79565,0.97792,0.96237,0.98401,0.68409,0.99895,0.92433,0.58267,0.99987,0.97309,0.95571,0.98972,0.93667,0.42916,0.2604,0.99814,0.85074,0.93484,0.96962,0.81971,0.69496,0.39205,0.95876,0.68323,0.75344
30.04,0.99716,0.93851,0.83069,0.69997,0.97784,0.97475,0.98925,0.80898,0.81434,0.76707,0.98647,0.99298,0.98806,0.99766,0.4487,0.96809,0.52112,0.86952,1.00001,0.97863,0.59045,0.78398,0.56275,0.34,0.98889,0.73037,0.72492,0.52844,0.95192,0.61729,0.48474,0.98836,0.88077,0.91083,0.76012,0.74887,0.96562,0.949,0.85499,0.98967,0.83899,0.85732,0.84021,0.79644,0.97806,0.96654,0.97993,0.62875,0.99702,0.93956,0.58351,0.99447,0.98959,0.98706,0.99125,0.93564,0.42877,0.26974,0.99791,0.85108,0.93451,0.97552,0.80948,0.71358,0.4144,0.95705,0.68434,0.75262
30.06,0.9996,0.93835,0.84121,0.70426,0.98331,0.97475,0.9895,0.80837,0.80718,0.76631,0.98641,0.99464,0.98486,0.99374,0.46375,0.97717,0.52084,0.81746,0.99772,0.99606,0.59809,0.7823,0.56182,0.34844,0.98847,0.72993,0.7253,0.54542,0.94587,0.63929,0.50555,0.98766,0.88012,0.91156,0.78521,0.74847,0.97088,0.95165,0.87177,0.98967,0.83762,0.85834,0.83225,0.79578,0.97815,0.97035,0.97579,0.57525,0.99425,0.95036,0.58327,0.98235,0.99775,0.99905,0.99269,0.93452,0.42761,0.27813,0.99769,0.85139,0.9342,0.98049,0.79975,0.73106,0.43537,0.95545,0.68542,0.75181
30.08,0.99989,0.93793,0.85174,0.7089,0.98855,0.97475,0.98973,0.80632,0.79924,0.76619,0.98655,0.99613,0.98128,0.98716,0.48021,0.98598,0.52078,0.74654,0.98833,0.99892,0.60442,0.78024,0.55882,0.35764,0.98802,0.72947,0.72569,0.56164,0.93887,0.66169,0.52543,0.98685,0.87944,0.91232,0.80968,0.74747,0.97586,0.95445,0.88943,0.98967,0.83639,0.86171,0.82337,0.79568,0.97794,0.97409,0.97126,0.5116,0.99046,0.96178,0.58322,0.95978,0.99995,0.99605,0.9938,0.93314,0.42389,0.28728,0.99744,0.85171,0.93388,0.98479,0.78888,0.74882,0.45544,0.95361,0.68656,0.75097
30.1,0.99808,0.93776,0.86104,0.71259,0.99229,0.97475,0.98995,0.80716,0.79174,0.76556,0.98622,0.99729,0.97715,0.97986,0.49641,0.99138,0.5209,0.68411,0.97561,0.98842,0.61327,0.77907,0.56081,0.36548,0.98761,0.72903,0.72607,0.57901,0.93255,0.68144,0.54644,0.98618,0.87882,0.91301,0.83256,0.74708,0.98001,0.95663,0.90365,0.98967,0.83516,0.86033,0.81495,0.79513,0.97841,0.9773,0.96613,0.45505,0.98608,0.96968,0.58332,0.93617,0.99631,0.98138,0.9952,0.93236,0.42636,0.29507,0.9972,0.85201,0.93358,0.98887,0.77936,0.76444,0.47672,0.95212,0.68759,0.7502
30.12,0.99456,0.93843,0.8677,0.71388,0.99372,0.97475,0.99021,0.81592,0.7865,0.76262,0.98447,0.99803,0.97223,0.97627,0.51003,0.99191,0.52083,0.67417,0.97131,0.98668,0.62918,0.7801,0.57489,0.36898,0.98727,0.72864,0.7264,0.5998,0.92909,0.69562,0.57054,0.98601,0.87839,0.91351,0.85315,0.74867,0.98281,0.95737,0.90963,0.98967,0.83371,0.84582,0.80904,0.79259,0.98074,0.97959,0.96011,0.43021,0.98196,0.97052,0.58326,0.93217,0.99447,0.97922,0.9973,0.93305,0.44387,0.29855,0.99701,0.85228,0.93331,0.993,0.77425,0.77564,0.50121,0.95174,0.68829,0.74963
30.14,0.98949,0.93942,0.87342,0.71427,0.99452,0.97475,0.99047,0.82725,0.78195,0.75906,0.98208,0.99858,0.96668,0.97433,0.52283,0.99106,0.52086,0.6854,0.97118,0.99013,0.64719,0.78206,0.59368,0.37116,0.98698,0.72828,0.72671,0.62127,0.92677,0.7075,0.59537,0.98601,0.87803,0.91395,0.8723,0.75103,0.9851,0.9576,0.9132,0.98967,0.83218,0.82685,0.8039,0.78949,0.98352,0.9815,0.95342,0.41732,0.97776,0.96918,0.58328,0.93668,0.99441,0.98354,0.99897,0.93436,0.46727,0.30073,0.99684,0.85253,0.93306,0.99633,0.77087,0.785,0.52651,0.95174,0.68889,0.74914
30.16,0.98271,0.94035,0.87949,0.71511,0.99549,0.97475,0.99074,0.83703,0.77708,0.75582,0.97986,0.99907,0.96077,0.9715,0.53658,0.99082,0.52086,0.68908,0.9694,0.99135,0.66353,0.78372,0.61041,0.37414,0.98669,0.72793,0.727,0.64132,0.924,0.71976,0.61884,0.98592,0.87763,0.91443,0.89096,0.75326,0.9874,0.95809,0.91779,0.98967,0.83061,0.81027,0.79836,0.78669,0.98576,0.9834,0.94639,0.39913,0.97294,0.96881,0.58328,0.93815,0.99359,0.9851,0.99979,0.93547,0.48813,0.30369,0.99666,0.85276,0.93282,0.99851,0.76686,0.79466,0.55052,0.95154,0.68955,0.7486
30.18,0.9739,0.94083,0.88484,0.71576,0.99633,0.97475,0.99095,0.84644,0.77174,0.75237,0.97715,0.99948,0.95398,0.96806,0.55129,0.9907,0.52083,0.68372,0.96588,0.9915,0.68006,0.78481,0.62451,0.37628,0.98629,0.72746,0.7274,0.66212,0.92054,0.73288,0.64172,0.98588,0.87727,0.91486,0.90964,0.7544,0.98932,0.95846,0.92204,0.98967,0.82939,0.79411,0.79228,0.7837,0.98813,0.98532,0.93838,0.37786,0.96746,0.96862,0.58326,0.93601,0.99188,0.9853,0.99989,0.93619,0.50572,0.30583,0.99642,0.85309,0.93249,0.99974,0.76191,0.80497,0.57403,0.95146,0.69014,0.74811
30.2,0.96428,0.94234,0.89106,0.7166,0.99707,0.97475,0.99129,0.85632,0.76744,0.74908,0.97486,0.99973,0.94755,0.96597,0.56503,0.98994,0.5209,0.7017,0.9669,0.99452,0.69556,0.78729,0.64413,0.37984,0.98613,0.72726,0.72758,0.6799,0.91863,0.74293,0.66393,0.98577,0.87684,0.91537,0.92607,0.75803,0.99139,0.95894,0.92607,0.98967,0.82735,0.7769,0.78738,0.78084,0.98987,0.98684,0.93088,0.36531,0.96207,0.96747,0.58332,0.9431,0.99238,0.98932,0.99928,0.93782,0.53022,0.30937,0.99632,0.85323,0.93235,0.9999,0.75919,0.81286,0.59694,0.95121,0.69084,0.74754
30.22,0.95599,0.94641,0.89991,0.71825,0.99774,0.97475,0.99192,0.86737,0.76587,0.7466,0.97478,0.99982,0.9433,0.96761,0.57561,0.98754,0.52079,0.77687,0.97878,0.99988,0.70832,0.79345,0.67702,0.38734,0.98661,0.7278,0.72713,0.69062,0.92127,0.74583,0.68524,0.98539,0.87617,0.91613,0.93812,0.76793,0.99405,0.95987,0.93011,0.98967,0.82337,0.75735,0.78559,0.7787,0.98993,0.98744,0.92594,0.37508,0.95774,0.96398,0.58323,0.97009,0.99751,0.99822,0.99822,0.94184,0.57139,0.31685,0.99662,0.85285,0.93271,0.99955,0.76295,0.81513,0.61902,0.95038,0.69194,0.74667
30.24,0.94806,0.95131,0.9093,0.72011,0.99832,0.97475,0.99266,0.87856,0.76544,0.74426,0.97524,0.99986,0.9399,0.97056,0.58491,0.98416,0.52084,0.8565,0.99049,0.99584,0.72019,0.80082,0.71345,0.39628,0.98732,0.72861,0.72647,0.69874,0.92532,0.74597,0.70582,0.98493,0.87542,0.91697,0.94835,0.78007,0.99643,0.96092,0.93399,0.98967,0.81844,0.73716,0.78509,0.77667,0.9896,0.98777,0.92202,0.39323,0.95383,0.95932,0.58327,0.99191,1.00011,0.99894,0.99675,0.94654,0.61713,0.32576,0.99704,0.8523,0.93325,0.99907,0.76877,0.81524,0.64045,0.94936,0.69314,0.74571
30.26,0.93895,0.95564,0.91783,0.72183,0.99883,0.97475,0.99334,0.88896,0.76458,0.74169,0.97514,0.99991,0.936,0.97274,0.59495,0.9808,0.52108,0.91184,0.99687,0.98201,0.7322,0.80739,0.74573,0.40464,0.9879,0.72928,0.72591,0.70776,0.92835,0.74727,0.72574,0.98449,0.87473,0.91776,0.9589,0.791,0.99814,0.96187,0.93783,0.98967,0.81365,0.71802,0.78411,0.77444,0.98967,0.98828,0.91752,0.40701,0.9495,0.95492,0.58348,0.99964,0.99848,0.98963,0.99477,0.95064,0.6578,0.3341,0.99737,0.85183,0.93371,0.99828,0.77317,0.81626,0.66129,0.94841,0.69427,0.74482
30.28,0.92873,0.95945,0.92598,0.72368,0.99923,0.97475,0.99387,0.8992,0.76331,0.73973,0.97629,0.99993,0.93164,0.97511,0.60567,0.97678,0.52025,0.9588,0.99995,0.95656,0.74354,0.81426,0.77538,0.41227,0.98849,0.73001,0.72532,0.71705,0.93248,0.74889,0.745,0.98405,0.87396,0.91861,0.96952,0.80084,0.99931,0.96289,0.9413,0.98967,0.80971,0.69874,0.78266,0.77275,0.98881,0.98848,0.91252,0.42244,0.94475,0.94987,0.58276,0.99541,0.99229,0.9693,0.99239,0.95482,0.6953,0.34173,0.9977,0.85133,0.93418,0.99719,0.77926,0.81753,0.68156,0.94746,0.69551,0.74384
30.3,0.91897,0.96391,0.93378,0.72531,0.99959,0.97475,0.99464,0.90839,0.76319,0.73648,0.97501,0.99999,0.92813,0.97708,0.61519,0.97297,0.52165,0.9831,0.99919,0.92379,0.75531,0.82042,0.80552,0.42157,0.98908,0.73069,0.72476,0.72475,0.93445,0.7492,0.76336,0.9836,0.87332,0.91933,0.97871,0.81264,0.99994,0.96377,0.94519,0.98967,0.80356,0.68104,0.78252,0.76993,0.98976,0.98923,0.90851,0.43571,0.94044,0.94527,0.58397,0.98246,0.98395,0.94143,0.98939,0.95846,0.73357,0.35103,0.99801,0.85086,0.93464,0.99606,0.78219,0.81777,0.70098,0.94648,0.69654,0.74302
30.32,0.91123,0.96992,0.9415,0.72635,0.99994,0.97475,0.99596,0.91585,0.76564,0.72977,0.96576,1.00001,0.92696,0.97794,0.62144,0.9708,0.52938,0.98621,0.99863,0.89546,0.76855,0.82475,0.83838,0.43524,0.98963,0.73118,0.7243,0.72918,0.93014,0.74653,0.78115,0.98299,0.87308,0.91964,0.98546,0.82912,1,0.96433,0.9504,0.98967,0.79151,0.66632,0.78532,0.76411,0.99496,0.99142,0.90717,0.44155,0.93756,0.94272,0.59066,0.97938,0.98167,0.91668,0.98529,0.96097,0.77555,0.36471,0.99829,0.85052,0.93501,0.99532,0.7758,0.81568,0.71992,0.94516,0.69692,0.74266
30.34,0.90454,0.97604,0.94872,0.72716,1.00009,0.97475,0.99729,0.9224,0.76921,0.72161,0.95171,0.99971,0.92676,0.97844,0.62635,0.96926,0.5392,0.98391,0.99871,0.86832,0.78209,0.82836,0.86997,0.45036,0.99017,0.73161,0.72388,0.73215,0.92346,0.74262,0.79791,0.9824,0.87297,0.91982,0.99095,0.84679,0.99944,0.96477,0.95582,0.98967,0.77681,0.65314,0.78941,0.75704,0.99894,0.9938,0.90694,0.44508,0.93527,0.94092,0.59914,0.98171,0.98196,0.89262,0.98025,0.96303,0.81623,0.37986,0.99856,0.85022,0.93535,0.99478,0.76608,0.81262,0.73788,0.9439,0.6971,0.74245
30.36,0.89735,0.98125,0.95528,0.72804,1.00002,0.97475,0.99829,0.92875,0.77244,0.71382,0.93733,0.99911,0.92617,0.97908,0.6319,0.96742,0.54776,0.98369,0.9984,0.83633,0.79505,0.83209,0.89742,0.46449,0.99069,0.73205,0.72345,0.73565,0.91765,0.73925,0.81378,0.98189,0.87277,0.92008,0.99654,0.8628,0.99831,0.96523,0.96069,0.98967,0.76258,0.64008,0.79308,0.75029,0.99992,0.99565,0.90627,0.44953,0.93265,0.93879,0.60655,0.98192,0.98083,0.86397,0.97456,0.96512,0.85192,0.39404,0.99879,0.84991,0.93569,0.9941,0.75781,0.80997,0.75499,0.94282,0.69742,0.74215
30.38,0.8882,0.98569,0.9622,0.72907,0.99972,0.97475,0.99904,0.93564,0.77491,0.70647,0.91965,0.99823,0.92539,0.9798,0.63766,0.96521,0.55701,0.98505,0.99828,0.79519,0.80714,0.8364,0.92174,0.47876,0.99124,0.73257,0.72297,0.73957,0.91117,0.73572,0.83057,0.98089,0.87268,0.92027,1.00324,0.87748,0.99633,0.96578,0.96543,0.98967,0.74823,0.62556,0.7959,0.74393,0.99831,0.99715,0.90537,0.45464,0.92991,0.93628,0.61456,0.98059,0.98044,0.82678,0.96839,0.96748,0.88391,0.40838,0.99903,0.84956,0.93608,0.99328,0.74877,0.8072,0.77325,0.94072,0.69756,0.74193
30.4,0.88266,0.98986,0.96696,0.72972,0.99923,0.97475,0.9996,0.94044,0.77909,0.69761,0.90193,0.99694,0.9252,0.98023,0.64276,0.96378,0.56508,0.9818,0.9979,0.76437,0.81991,0.83924,0.9428,0.4925,0.99168,0.73291,0.72262,0.74209,0.90486,0.73221,0.84328,0.98092,0.8724,0.92058,1.00708,0.89255,0.99436,0.96612,0.96965,0.98967,0.73231,0.61518,0.80065,0.73625,0.9945,0.99843,0.90516,0.45773,0.92746,0.93466,0.62153,0.98361,0.97918,0.79874,0.96091,0.96901,0.91205,0.42221,0.99921,0.84932,0.93636,0.99272,0.74012,0.80445,0.78718,0.94077,0.69802,0.74158
30.42,0.88768,0.99398,0.96739,0.72928,0.99864,0.97475,0.99993,0.94046,0.78794,0.68423,0.8897,0.99485,0.92665,0.97988,0.64688,0.96448,0.56946,0.96111,0.99617,0.77187,0.83523,0.83799,0.96048,0.50509,0.99192,0.73282,0.72262,0.74242,0.89961,0.72889,0.84744,0.98358,0.87154,0.92124,1.0036,0.90962,0.99416,0.96589,0.97307,0.98967,0.7124,0.61514,0.81067,0.72466,0.99091,0.99952,0.90681,0.45524,0.92546,0.93545,0.62532,0.9947,0.97419,0.80557,0.95046,0.96834,0.93618,0.4349,0.9993,0.84938,0.93636,0.99265,0.73304,0.80184,0.79176,0.94643,0.69938,0.74081
30.44,0.89632,0.99719,0.96618,0.72848,0.99796,0.97475,0.99988,0.93873,0.79815,0.66926,0.87943,0.99208,0.9286,0.97927,0.65022,0.96597,0.57268,0.92368,0.99344,0.79306,0.85073,0.83537,0.97488,0.51709,0.99207,0.73255,0.72277,0.74122,0.89483,0.72571,0.84816,0.98692,0.87047,0.92202,0.99732,0.92614,0.99472,0.96547,0.97605,0.98967,0.69084,0.6189,0.82216,0.7117,0.98739,1.00006,0.90904,0.45088,0.92383,0.93714,0.62811,0.99991,0.96757,0.82485,0.93802,0.96692,0.9564,0.44701,0.99935,0.84957,0.93624,0.99292,0.72667,0.79934,0.79256,0.95378,0.70107,0.7399
30.46,0.90291,0.99916,0.96558,0.7279,0.99714,0.97475,0.99944,0.93779,0.80722,0.65506,0.86763,0.98895,0.93013,0.97882,0.65354,0.96708,0.57647,0.8813,0.99044,0.8069,0.86487,0.83359,0.986,0.52892,0.99224,0.73234,0.72287,0.73989,0.88999,0.72256,0.84991,0.98959,0.86949,0.92274,0.99224,0.94051,0.99499,0.96516,0.97889,0.98967,0.66955,0.62095,0.8323,0.69941,0.98287,1.00002,0.91079,0.44774,0.92221,0.9384,0.63139,0.99644,0.96112,0.8374,0.92479,0.96595,0.97275,0.45898,0.99941,0.84972,0.93616,0.99321,0.72029,0.79686,0.79449,0.9599,0.70263,0.73906
30.48,0.90962,1.00002,0.9655,0.72707,0.99607,0.97475,0.99849,0.93679,0.81699,0.63827,0.85404,0.98455,0.93232,0.97812,0.6586,0.96819,0.58,0.81769,0.98607,0.82207,0.87925,0.83082,0.99403,0.54154,0.99245,0.73221,0.7229,0.74192,0.88349,0.71871,0.85373,0.99177,0.86853,0.92347,0.98681,0.95381,0.99502,0.96472,0.98183,0.98967,0.64472,0.62309,0.84315,0.68487,0.9771,0.99926,0.9133,0.44285,0.91971,0.93968,0.63444,0.98241,0.95256,0.85112,0.90919,0.96441,0.9855,0.47176,0.99949,0.8498,0.93614,0.99276,0.71183,0.79384,0.79871,0.96511,0.70413,0.73821
30.5,0.91624,0.99973,0.96392,0.72667,0.99513,0.97475,0.99744,0.93549,0.82496,0.6257,0.8435,0.98118,0.93323,0.97788,0.65988,0.96941,0.58378,0.76598,0.98261,0.83587,0.89112,0.82972,0.99857,0.55196,0.99256,0.73187,0.72311,0.73665,0.88032,0.71647,0.85249,0.99415,0.86747,0.92419,0.98114,0.96469,0.99568,0.9645,0.98395,0.98967,0.625,0.62587,0.85193,0.67399,0.97226,0.99832,0.91434,0.44118,0.91907,0.94109,0.63772,0.96649,0.9462,0.86355,0.89439,0.9638,0.99396,0.48232,0.99952,0.85004,0.93597,0.99389,0.70775,0.79207,0.79734,0.9712,0.70578,0.73736
30.52,0.92197,0.99874,0.95826,0.72751,0.99493,0.97475,0.99718,0.93342,0.82848,0.62566,0.8403,0.98227,0.93025,0.97897,0.65107,0.97069,0.58825,0.78474,0.98384,0.84365,0.89772,0.83386,1.00002,0.55678,0.9924,0.73095,0.72382,0.71031,0.88636,0.71741,0.83703,0.99709,0.86604,0.92505,0.97598,0.97233,0.99757,0.96495,0.98435,0.98967,0.62069,0.63029,0.8558,0.67396,0.97073,0.99865,0.91093,0.44876,0.92342,0.94259,0.64158,0.97262,0.94842,0.87054,0.8853,0.96609,0.99839,0.48721,0.99947,0.85068,0.93539,0.99801,0.71555,0.79281,0.78032,0.97961,0.708,0.73635
30.54,0.92759,0.99729,0.95048,0.72879,0.99504,0.97475,0.9973,0.93114,0.83032,0.63037,0.84105,0.98497,0.92592,0.98049,0.63866,0.97205,0.59305,0.82534,0.98655,0.85018,0.90246,0.83961,0.99925,0.55954,0.99214,0.72982,0.72471,0.67472,0.89557,0.72021,0.81545,0.99917,0.86454,0.92588,0.97064,0.97842,0.9992,0.96563,0.98414,0.98967,0.62268,0.63509,0.8578,0.67803,0.97109,0.99936,0.90598,0.45958,0.92943,0.94418,0.64574,0.98448,0.95347,0.87641,0.87834,0.96921,1.00003,0.49002,0.99938,0.85146,0.93467,0.99994,0.72765,0.79502,0.7568,0.98733,0.71032,0.73537
30.56,0.93315,0.9952,0.94294,0.72989,0.99501,0.97475,0.99729,0.92917,0.8327,0.63314,0.84133,0.98688,0.92224,0.98176,0.62807,0.97335,0.59787,0.85195,0.98835,0.85742,0.90782,0.84436,0.99632,0.56322,0.99193,0.7288,0.72552,0.64132,0.90307,0.72297,0.79569,0.99996,0.86317,0.92663,0.96507,0.98394,0.99994,0.96621,0.9842,0.98967,0.62249,0.63921,0.8604,0.68043,0.97122,0.99974,0.90178,0.46889,0.93446,0.94573,0.64991,0.99094,0.95692,0.88289,0.87002,0.97171,0.99917,0.49376,0.9993,0.85217,0.93403,0.99851,0.73769,0.79719,0.73549,0.99287,0.71242,0.73448
30.58,0.93784,0.99236,0.9345,0.73089,0.99497,0.97475,0.99709,0.92596,0.83594,0.63484,0.83627,0.98825,0.91772,0.98293,0.61796,0.97454,0.60176,0.87882,0.9902,0.86339,0.91311,0.84962,0.99106,0.56689,0.99168,0.72772,0.72637,0.60441,0.90987,0.72231,0.77223,0.99955,0.86134,0.92773,0.96011,0.98891,0.99997,0.96673,0.98427,0.98967,0.61934,0.64585,0.86394,0.6819,0.96877,0.99994,0.89664,0.47773,0.93917,0.94716,0.65327,0.99605,0.96062,0.88822,0.86129,0.97439,0.99562,0.49749,0.99921,0.85291,0.93333,0.9938,0.74697,0.79666,0.71041,0.99717,0.7152,0.73316
30.6,0.9436,0.9894,0.92583,0.73221,0.99502,0.97475,0.99737,0.92522,0.83689,0.63991,0.84295,0.99063,0.91436,0.98428,0.60657,0.97588,0.60758,0.9024,0.99182,0.871,0.91768,0.85402,0.98408,0.57003,0.99148,0.7267,0.72716,0.56767,0.91791,0.72916,0.75196,0.99819,0.86042,0.92809,0.95366,0.99244,0.9993,0.96741,0.98418,0.98967,0.62389,0.64738,0.86498,0.68629,0.972,1.00011,0.89283,0.4881,0.94435,0.94878,0.65831,0.99899,0.96401,0.89501,0.85329,0.97657,0.98985,0.50069,0.99912,0.85361,0.93269,0.98627,0.75818,0.80205,0.68891,0.99928,0.71659,0.73273
30.62,0.95251,0.98749,0.91807,0.73429,0.99519,0.97475,0.99861,0.9315,0.83227,0.65253,0.88042,0.99503,0.91466,0.98598,0.59251,0.9777,0.61876,0.91875,0.99287,0.88376,0.92115,0.85569,0.97653,0.57252,0.99143,0.72591,0.72771,0.5368,0.92901,0.75546,0.74505,0.99743,0.8622,0.92631,0.94275,0.99417,0.99818,0.96848,0.98383,0.98967,0.64729,0.63433,0.85994,0.69721,0.98775,0.99945,0.89317,0.50179,0.95056,0.95102,0.66799,0.99988,0.96628,0.90634,0.84691,0.97738,0.98305,0.50322,0.99911,0.85415,0.93224,0.97803,0.77414,0.82267,0.68161,0.99974,0.71389,0.73486
30.64,0.96162,0.98604,0.91042,0.73667,0.99542,0.97475,0.99963,0.93978,0.82522,0.6681,0.92087,0.99848,0.91634,0.98777,0.57752,0.97958,0.63165,0.9326,0.99374,0.89735,0.92401,0.85656,0.96834,0.57452,0.99143,0.72519,0.72819,0.50744,0.94046,0.78705,0.74285,0.99706,0.86488,0.92377,0.93011,0.99526,0.99668,0.96968,0.98333,0.98967,0.67699,0.61662,0.85222,0.7107,0.9985,0.99681,0.89507,0.51682,0.95695,0.95337,0.67915,0.99963,0.96826,0.91835,0.84143,0.9778,0.97531,0.50525,0.99911,0.85464,0.93185,0.96872,0.79133,0.84733,0.67929,0.99988,0.70981,0.73786
30.66,0.96922,0.98424,0.90227,0.73891,0.99563,0.97475,0.99996,0.94647,0.81891,0.6822,0.9493,0.9999,0.91752,0.98937,0.56345,0.98127,0.64339,0.94537,0.9946,0.90913,0.92695,0.85793,0.95872,0.57656,0.99141,0.72444,0.72871,0.47634,0.95029,0.81368,0.73845,0.99642,0.86704,0.9216,0.91802,0.9964,0.99469,0.97078,0.98286,0.98967,0.70255,0.60181,0.84526,0.72291,0.99929,0.99269,0.89641,0.53104,0.9627,0.95553,0.6893,0.99834,0.97028,0.92868,0.83559,0.97845,0.96592,0.50733,0.9991,0.85515,0.93142,0.95746,0.80683,0.86799,0.67465,1.00003,0.70646,0.74039
30.68,0.97656,0.98221,0.89334,0.74118,0.99581,0.97475,0.99974,0.95316,0.81336,0.69498,0.97421,0.9996,0.91807,0.99081,0.55001,0.98313,0.65535,0.95791,0.99544,0.92143,0.93024,0.85876,0.94681,0.57925,0.99141,0.72368,0.72922,0.44235,0.95983,0.83863,0.73383,0.99571,0.86951,0.91908,0.90445,0.99744,0.99211,0.97189,0.98246,0.98967,0.72636,0.5865,0.83913,0.73397,0.99032,0.98597,0.89704,0.54462,0.96795,0.95795,0.69966,0.99567,0.97232,0.93939,0.8288,0.97884,0.95399,0.51007,0.9991,0.85567,0.931,0.94363,0.82277,0.88723,0.6698,1.00009,0.70259,0.7433
30.7,0.98202,0.9805,0.88512,0.74342,0.99605,0.97475,0.99887,0.9591,0.80529,0.71015,0.98781,0.99794,0.92022,0.99228,0.53622,0.98441,0.66668,0.96652,0.9961,0.9308,0.93252,0.86046,0.93604,0.5805,0.99138,0.72294,0.72973,0.41225,0.96744,0.86273,0.73076,0.99509,0.87149,0.91702,0.8926,0.99815,0.98941,0.97296,0.98188,0.98967,0.75195,0.57234,0.83014,0.74712,0.97604,0.9793,0.89948,0.55932,0.97307,0.95965,0.70947,0.99271,0.97402,0.94748,0.8239,0.97964,0.943,0.51135,0.99908,0.85617,0.93058,0.93018,0.83631,0.90568,0.66657,1.00007,0.69945,0.74566
30.72,0.98445,0.97976,0.87936,0.74552,0.99645,0.97475,0.99684,0.9634,0.79079,0.73178,0.98922,0.99763,0.92643,0.99381,0.52159,0.98459,0.67609,0.96817,0.99647,0.93337,0.93239,0.86509,0.93156,0.57788,0.99126,0.72224,0.73024,0.39474,0.97157,0.88692,0.73128,0.99471,0.87198,0.91647,0.88665,0.99842,0.98735,0.97395,0.98085,0.98967,0.7822,0.56168,0.81388,0.76585,0.9737,0.97834,0.90656,0.57597,0.97818,0.9599,0.71761,0.992,0.975,0.94969,0.82419,0.98175,0.93839,0.50868,0.99904,0.85664,0.93016,0.92187,0.84408,0.92401,0.66712,1.00003,0.69867,0.74629
30.74,0.98589,0.97943,0.87463,0.74758,0.9969,0.97475,0.99348,0.96715,0.7732,0.75483,0.98744,0.99803,0.93378,0.99528,0.5068,0.98423,0.6849,0.96751,0.99672,0.93392,0.93134,0.87045,0.9297,0.57388,0.99113,0.72156,0.73075,0.38205,0.97459,0.90925,0.73319,0.99446,0.87197,0.91645,0.88286,0.99853,0.98557,0.9749,0.9796,0.98967,0.81266,0.55209,0.79396,0.78583,0.97662,0.9796,0.91498,0.5937,0.98297,0.95941,0.72524,0.99229,0.97569,0.95016,0.82645,0.9841,0.93647,0.5046,0.99898,0.8571,0.92974,0.91563,0.85001,0.94072,0.66912,0.99999,0.6987,0.7463
30.76,0.98759,0.9789,0.86941,0.74967,0.99729,0.97475,0.98908,0.97086,0.75604,0.7756,0.98721,0.99809,0.94007,0.99655,0.49265,0.98392,0.69388,0.96797,0.997,0.93572,0.93069,0.87509,0.92661,0.57053,0.991,0.72086,0.73127,0.36685,0.97788,0.92848,0.7342,0.99413,0.87217,0.91621,0.8781,0.99869,0.9835,0.97585,0.9784,0.98967,0.83986,0.54227,0.77432,0.80384,0.97698,0.97979,0.92221,0.61103,0.98715,0.95899,0.73302,0.99209,0.97648,0.9517,0.82783,0.98603,0.93327,0.50119,0.99893,0.85757,0.92931,0.90793,0.85672,0.95489,0.67019,0.99994,0.69838,0.74658
30.78,0.98929,0.97839,0.8635,0.75173,0.99766,0.97475,0.98344,0.97432,0.73844,0.79666,0.98663,0.9982,0.94642,0.99747,0.47991,0.98445,0.70243,0.9681,0.99728,0.93611,0.93005,0.88063,0.92324,0.56689,0.99087,0.72019,0.73177,0.35173,0.98065,0.94718,0.73643,0.99383,0.87246,0.91588,0.87293,0.99884,0.98106,0.97678,0.97716,0.98967,0.86541,0.53275,0.75401,0.8221,0.97783,0.98016,0.92957,0.62553,0.99054,0.95971,0.74043,0.99203,0.97729,0.95204,0.82919,0.98822,0.92977,0.49749,0.99887,0.85802,0.92889,0.90004,0.86265,0.96838,0.67253,0.99988,0.69791,0.74696
30.8,0.99048,0.97792,0.85899,0.75379,0.99801,0.97475,0.97684,0.97753,0.71928,0.81464,0.98589,0.99835,0.95192,0.99851,0.46594,0.98306,0.71134,0.96837,0.99751,0.93882,0.92919,0.88427,0.92091,0.56358,0.99073,0.71946,0.73231,0.33715,0.98364,0.96002,0.73644,0.99347,0.87243,0.91587,0.86904,0.99898,0.97911,0.97768,0.97587,0.98967,0.88806,0.52351,0.73172,0.8377,0.97887,0.98068,0.93598,0.64506,0.99379,0.95786,0.74815,0.99191,0.97796,0.95435,0.831,0.98958,0.92734,0.49413,0.99881,0.85851,0.92844,0.89221,0.86939,0.97739,0.67254,0.99979,0.69797,0.74697
30.82,0.99072,0.97752,0.85814,0.75598,0.99834,0.97475,0.96972,0.98057,0.69664,0.82655,0.98558,0.99848,0.95565,0.99964,0.44747,0.97591,0.72163,0.96968,0.99766,0.94838,0.92785,0.8823,0.92103,0.56069,0.99055,0.71852,0.73303,0.3226,0.98732,0.96315,0.72948,0.99286,0.8716,0.9166,0.86825,0.99908,0.97874,0.97862,0.97449,0.98967,0.90724,0.51438,0.70516,0.84804,0.9793,0.98114,0.94034,0.67752,0.99722,0.94881,0.75706,0.9913,0.97841,0.96246,0.83376,0.98885,0.92747,0.49119,0.99873,0.85914,0.92784,0.88421,0.8783,0.97954,0.66522,0.99962,0.69929,0.74613
30.84,0.99058,0.97713,0.8588,0.75814,0.99864,0.97475,0.96205,0.98335,0.6724,0.83595,0.98521,0.99863,0.95869,0.99993,0.42894,0.96473,0.73216,0.97117,0.99776,0.95902,0.92633,0.87855,0.92215,0.55836,0.99035,0.71752,0.7338,0.30856,0.99087,0.96322,0.72017,0.99216,0.87045,0.91764,0.86871,0.99918,0.97903,0.97954,0.97307,0.98967,0.92385,0.50555,0.67649,0.8562,0.9798,0.98167,0.94393,0.71312,0.99945,0.93573,0.76619,0.99058,0.97874,0.97133,0.83685,0.98741,0.92863,0.48882,0.99864,0.85981,0.9272,0.87629,0.88787,0.97959,0.65545,0.99939,0.70112,0.74495
30.86,0.99061,0.9767,0.85889,0.76024,0.99891,0.97475,0.95354,0.98593,0.64813,0.84561,0.98484,0.99876,0.96179,0.99918,0.41289,0.95268,0.74226,0.97247,0.99788,0.96746,0.92493,0.87587,0.92272,0.55633,0.99015,0.71657,0.73452,0.2944,0.99381,0.96471,0.71202,0.99148,0.86943,0.91854,0.86862,0.99928,0.97907,0.98041,0.97165,0.98967,0.93876,0.49695,0.64757,0.86459,0.98027,0.98215,0.94759,0.7449,1.00015,0.9225,0.77494,0.9899,0.97911,0.97823,0.83963,0.98635,0.92922,0.48676,0.99854,0.86043,0.92659,0.86812,0.89696,0.98061,0.64693,0.99913,0.70271,0.74392
30.88,0.99063,0.97643,0.85857,0.76262,0.99917,0.97475,0.943,0.98835,0.62029,0.8567,0.98441,0.99891,0.96509,0.99749,0.39646,0.93983,0.75241,0.97391,0.99801,0.97573,0.92323,0.87183,0.92372,0.55181,0.98998,0.7155,0.73534,0.27885,0.99587,0.96587,0.70256,0.9907,0.8684,0.91944,0.86856,0.99934,0.97893,0.98137,0.97004,0.98967,0.95353,0.48829,0.61416,0.87423,0.98082,0.98275,0.95152,0.77418,0.99932,0.90902,0.78374,0.9891,0.97953,0.98481,0.84294,0.98468,0.93027,0.48217,0.99846,0.86115,0.9259,0.85895,0.9044,0.9814,0.63705,0.9988,0.70433,0.74289
30.9,0.99059,0.9758,0.85942,0.76439,0.99936,0.97475,0.93424,0.9904,0.59723,0.86344,0.98414,0.99899,0.96747,0.99466,0.3847,0.92253,0.76183,0.97503,0.99809,0.98166,0.92208,0.87009,0.92405,0.55266,0.98973,0.71469,0.73597,0.2659,0.99802,0.96697,0.69496,0.99001,0.86733,0.92038,0.86868,0.99947,0.9793,0.98208,0.96871,0.98967,0.96342,0.48046,0.5863,0.88008,0.98116,0.98307,0.95437,0.8034,0.99747,0.89158,0.7919,0.98844,0.97978,0.98937,0.84515,0.98394,0.9306,0.48303,0.99834,0.86168,0.92537,0.85115,0.91415,0.98214,0.62913,0.99848,0.70601,0.7418
30.92,0.99044,0.97406,0.86336,0.76448,0.99942,0.97475,0.93238,0.99202,0.5887,0.85959,0.98439,0.99885,0.96788,0.98954,0.38175,0.89167,0.77059,0.97534,0.99806,0.98377,0.92257,0.87532,0.92204,0.56778,0.98929,0.71455,0.7361,0.25975,0.99996,0.96827,0.69291,0.98965,0.86618,0.92143,0.86919,0.99976,0.981,0.98211,0.96822,0.98967,0.96529,0.47381,0.57597,0.87673,0.98085,0.98251,0.95486,0.83742,0.9968,0.86177,0.79949,0.98825,0.9797,0.99095,0.84421,0.98612,0.92851,0.49839,0.99812,0.86177,0.92526,0.8474,0.93093,0.98302,0.627,0.9983,0.70779,0.74058
30.94,0.99026,0.97189,0.86828,0.76396,0.99944,0.97475,0.93346,0.99335,0.5863,0.8516,0.98481,0.99862,0.96751,0.9825,0.38194,0.85245,0.77847,0.97537,0.99798,0.98466,0.92362,0.88275,0.91929,0.5879,0.98876,0.7147,0.73604,0.25642,0.99891,0.96964,0.69306,0.98941,0.865,0.92251,0.8698,1,0.98305,0.98191,0.96806,0.98967,0.96422,0.46798,0.57306,0.8698,0.98032,0.98164,0.95442,0.869,0.99685,0.82544,0.80633,0.98823,0.97943,0.9916,0.84219,0.98902,0.92565,0.51889,0.99784,0.86167,0.92531,0.84536,0.94771,0.98393,0.62715,0.99818,0.70961,0.73933
30.96,0.99014,0.96987,0.8725,0.76373,0.99948,0.97475,0.93351,0.99454,0.58197,0.84529,0.98512,0.99842,0.96742,0.97442,0.38096,0.81184,0.78584,0.97552,0.99789,0.98594,0.92438,0.88892,0.91697,0.60537,0.98825,0.71476,0.73604,0.25213,0.995,0.97115,0.69251,0.9891,0.86386,0.92354,0.8702,1.00011,0.98474,0.98182,0.96777,0.98967,0.96416,0.46234,0.56779,0.86431,0.97991,0.98092,0.95431,0.89509,0.99661,0.78898,0.81272,0.98814,0.97914,0.99253,0.84071,0.99123,0.92322,0.53673,0.99757,0.86163,0.92531,0.84271,0.96085,0.98494,0.62659,0.99802,0.71137,0.73813
30.98,0.98981,0.9675,0.87735,0.76345,0.99952,0.97475,0.93229,0.9959,0.57385,0.83884,0.98552,0.99816,0.96762,0.96157,0.37894,0.7522,0.79592,0.97571,0.99793,0.98749,0.92526,0.89498,0.91407,0.62177,0.98771,0.71466,0.73615,0.24641,0.98652,0.97165,0.69055,0.9888,0.86259,0.92467,0.87127,1.00012,0.98661,0.98171,0.9674,0.98967,0.96538,0.45526,0.55792,0.85871,0.97938,0.98004,0.95454,0.92477,0.99608,0.73688,0.82146,0.98802,0.97926,0.99363,0.83897,0.99321,0.92018,0.55353,0.99727,0.8617,0.92522,0.83916,0.9742,0.98528,0.62455,0.99787,0.7133,0.7368
31,0.9899,0.96554,0.88087,0.76313,0.99954,0.97475,0.93437,0.99653,0.57494,0.83129,0.98577,0.99797,0.96707,0.95382,0.37986,0.71573,0.79988,0.97573,0.99769,0.98807,0.926,0.90125,0.91206,0.64044,0.98719,0.71495,0.73599,0.24431,0.97855,0.97415,0.69214,0.98851,0.86156,0.92557,0.871,1.00004,0.98791,0.98158,0.96727,0.98967,0.96329,0.45169,0.55924,0.85215,0.97904,0.97939,0.95389,0.93832,0.99632,0.70563,0.8249,0.98801,0.97851,0.99405,0.8375,0.99504,0.91807,0.57272,0.99696,0.86151,0.92536,0.83785,0.9816,0.98692,0.6262,0.99771,0.71487,0.73573
31.02,0.99116,0.96494,0.88074,0.76286,0.99948,0.97475,0.94464,0.99554,0.60058,0.82149,0.98555,0.99802,0.96429,0.96597,0.38822,0.7648,0.78681,0.97546,0.99649,0.98637,0.92625,0.90796,0.91297,0.66413,0.9867,0.71628,0.73511,0.25156,0.98242,0.98163,0.70252,0.98821,0.86121,0.92584,0.86673,1,0.98786,0.98147,0.96775,0.98967,0.95145,0.45723,0.59036,0.84365,0.97933,0.97955,0.95057,0.91579,0.99815,0.74778,0.81356,0.98818,0.97505,0.99284,0.837,0.99673,0.91903,0.59715,0.99667,0.86063,0.92609,0.84236,0.97837,0.99169,0.63701,0.99755,0.7154,0.73542
31.04,0.99268,0.96485,0.8793,0.76257,0.9994,0.97475,0.95663,0.99369,0.63374,0.81061,0.98518,0.99814,0.96067,0.98125,0.40048,0.83321,0.76709,0.97502,0.99464,0.98357,0.92634,0.91472,0.9148,0.68937,0.98624,0.71798,0.73398,0.26231,0.98923,0.98912,0.71618,0.98793,0.8611,0.92588,0.86109,0.99999,0.98733,0.98136,0.96845,0.98967,0.9337,0.46641,0.63033,0.8342,0.97982,0.97997,0.94627,0.87361,0.99969,0.80804,0.79646,0.98845,0.97036,0.99079,0.83683,0.99812,0.92094,0.62332,0.99639,0.8595,0.92705,0.84896,0.97085,0.99611,0.65127,0.99739,0.71557,0.73536
31.06,0.99388,0.96455,0.87841,0.76226,0.99932,0.97475,0.96599,0.99191,0.66126,0.80007,0.9849,0.99823,0.95749,0.99035,0.4123,0.87958,0.74993,0.97459,0.99271,0.98101,0.92647,0.921,0.91607,0.7128,0.98576,0.71948,0.73299,0.27136,0.99312,0.99418,0.72819,0.98764,0.86087,0.92604,0.85616,0.99997,0.987,0.98123,0.96902,0.98967,0.91575,0.47429,0.66324,0.82506,0.9802,0.98025,0.94251,0.83293,1.00015,0.85042,0.78158,0.9887,0.96594,0.98888,0.83656,0.99911,0.92228,0.64774,0.99609,0.8585,0.92788,0.85445,0.96471,0.99866,0.66387,0.99722,0.71591,0.73518
31.08,0.99512,0.96413,0.87773,0.76206,0.99922,0.97475,0.97482,0.98996,0.69032,0.78786,0.98454,0.99833,0.95305,0.99694,0.42444,0.9238,0.73008,0.97437,0.99005,0.97815,0.92672,0.92744,0.91781,0.73462,0.98523,0.72109,0.73192,0.2805,0.99674,0.99791,0.7391,0.9873,0.86068,0.92616,0.85052,0.99993,0.98675,0.98115,0.96971,0.98967,0.89398,0.48219,0.6977,0.81447,0.98065,0.9806,0.9373,0.78102,0.99977,0.89284,0.76438,0.98883,0.96033,0.98669,0.83605,0.99977,0.9241,0.67062,0.99575,0.85741,0.92877,0.85993,0.95631,0.99995,0.67534,0.99703,0.71621,0.73503
31.1,0.99601,0.96409,0.87629,0.76164,0.99915,0.97475,0.98164,0.98745,0.71455,0.77808,0.98428,0.9984,0.95058,0.99968,0.43942,0.95237,0.71234,0.97369,0.98786,0.9751,0.92669,0.93291,0.91877,0.75743,0.9848,0.72256,0.73094,0.29012,0.99856,0.99968,0.7523,0.98707,0.86048,0.9263,0.84592,0.99993,0.98621,0.98098,0.97017,0.98967,0.8722,0.49159,0.72619,0.80599,0.98098,0.98086,0.93441,0.72931,0.99835,0.92217,0.74901,0.98922,0.95596,0.98432,0.83612,1.00001,0.9251,0.6947,0.99547,0.85643,0.92958,0.86561,0.94953,0.99981,0.68927,0.99689,0.7165,0.73487
31.12,0.99625,0.96505,0.8728,0.76057,0.99918,0.97475,0.98535,0.98379,0.72654,0.77646,0.98431,0.99841,0.95506,0.99995,0.46092,0.95849,0.70367,0.97151,0.98813,0.97192,0.92581,0.9358,0.91758,0.7833,0.98466,0.72355,0.73027,0.29988,0.99833,1.00005,0.77076,0.98713,0.86022,0.92653,0.8446,1.00001,0.98486,0.98054,0.96999,0.98967,0.85756,0.50414,0.74019,0.80459,0.98094,0.98087,0.93965,0.6997,0.99483,0.92879,0.7415,0.9904,0.95649,0.98181,0.83789,1.00001,0.92386,0.72222,0.99537,0.85576,0.93014,0.8713,0.95059,0.99918,0.70884,0.99693,0.7169,0.73459
31.14,0.99628,0.96636,0.86857,0.75929,0.99924,0.97475,0.98805,0.97925,0.73462,0.77767,0.98445,0.99838,0.96118,0.99964,0.48643,0.95859,0.69811,0.96877,0.98922,0.96867,0.92464,0.93802,0.91554,0.80932,0.98464,0.72437,0.7297,0.31005,0.99739,1.00002,0.79078,0.98731,0.85995,0.92678,0.84446,1.00008,0.98316,0.98002,0.96956,0.98967,0.84511,0.51839,0.74957,0.80563,0.98077,0.98078,0.94687,0.67743,0.98885,0.9289,0.73669,0.99173,0.95865,0.97921,0.8402,0.99995,0.92173,0.75017,0.99536,0.8552,0.93061,0.87713,0.95424,0.99845,0.73022,0.99703,0.71729,0.73429
31.16,0.99639,0.96746,0.86476,0.75815,0.99929,0.97475,0.99075,0.97441,0.74425,0.77738,0.98453,0.99836,0.96555,0.99874,0.5127,0.96128,0.69113,0.96628,0.98986,0.96539,0.92365,0.94076,0.91374,0.83316,0.98458,0.72526,0.72908,0.32016,0.99661,0.99967,0.80907,0.98743,0.85971,0.92701,0.84384,1.00012,0.98159,0.97954,0.96923,0.98967,0.83059,0.53249,0.76074,0.80538,0.98066,0.98069,0.95206,0.65026,0.98111,0.93187,0.73064,0.99281,0.95993,0.97656,0.84213,0.99978,0.91984,0.77608,0.99532,0.85459,0.93112,0.88284,0.95668,0.99735,0.74991,0.9971,0.71766,0.73402
31.18,0.99655,0.96861,0.8601,0.75681,0.99933,0.97475,0.99304,0.96885,0.75376,0.77789,0.98461,0.99839,0.97162,0.99718,0.5427,0.96424,0.68331,0.96304,0.99067,0.96097,0.92241,0.94229,0.91248,0.85489,0.98443,0.72619,0.72844,0.32929,0.9959,0.99893,0.82591,0.98757,0.8594,0.9273,0.84293,1.00013,0.9796,0.97898,0.96896,0.98967,0.81581,0.54764,0.7717,0.80582,0.98056,0.9808,0.95937,0.6207,0.9707,0.93518,0.72387,0.99404,0.96159,0.97294,0.84451,0.99965,0.91851,0.8,0.99522,0.85396,0.93164,0.88791,0.95865,0.99588,0.76817,0.99718,0.71813,0.73368
31.2,0.99655,0.96971,0.85692,0.75585,0.99939,0.97475,0.995,0.96311,0.76208,0.77747,0.98475,0.99829,0.97383,0.99542,0.57148,0.96498,0.67791,0.96093,0.99124,0.95846,0.92158,0.94597,0.90985,0.8763,0.98451,0.72699,0.72788,0.34036,0.99449,0.99804,0.84367,0.98769,0.85922,0.92747,0.8429,1.00012,0.9782,0.97857,0.96849,0.98967,0.80046,0.56242,0.78125,0.80546,0.98039,0.98048,0.96205,0.59551,0.95945,0.93602,0.71919,0.99476,0.96278,0.97087,0.84609,0.99919,0.91575,0.8239,0.99528,0.85341,0.93211,0.89396,0.96199,0.99445,0.78761,0.99725,0.7184,0.73348
31.22,0.99617,0.97054,0.85799,0.75605,0.9995,0.97475,0.9967,0.95814,0.76827,0.77348,0.98493,0.99782,0.96467,0.99437,0.59155,0.96089,0.67825,0.96248,0.99101,0.96196,0.92217,0.95557,0.90323,0.8994,0.98509,0.72756,0.7274,0.35631,0.99094,0.99751,0.86408,0.98776,0.85942,0.9273,0.84506,1.00008,0.97867,0.97865,0.96756,0.98967,0.78374,0.57465,0.78833,0.802,0.98015,0.97892,0.95101,0.58247,0.95098,0.93144,0.71949,0.99424,0.9623,0.97375,0.84497,0.99698,0.90877,0.8502,0.99565,0.85302,0.93249,0.90246,0.96839,0.99365,0.81022,0.99729,0.7181,0.73368
31.24,0.99561,0.97134,0.86069,0.75665,0.99963,0.97475,0.99805,0.95329,0.77348,0.76845,0.98518,0.99713,0.94968,0.99371,0.60854,0.95432,0.68108,0.96521,0.99055,0.96722,0.92313,0.96592,0.895,0.9209,0.98589,0.72799,0.72701,0.37407,0.98555,0.9972,0.88454,0.98783,0.85975,0.92701,0.84804,1.00004,0.97985,0.97891,0.96641,0.98967,0.76634,0.58618,0.79427,0.79764,0.97983,0.97686,0.93336,0.57482,0.94346,0.92426,0.72193,0.99323,0.96134,0.97804,0.84314,0.99245,0.90006,0.8753,0.99617,0.85273,0.93282,0.91162,0.97527,0.99321,0.83322,0.99733,0.71761,0.73402
31.26,0.9951,0.97218,0.86275,0.75703,0.99973,0.97475,0.99904,0.94794,0.77905,0.76401,0.98545,0.99645,0.93544,0.9928,0.62778,0.94837,0.68301,0.96724,0.99021,0.97117,0.92378,0.97408,0.88727,0.93915,0.98663,0.72841,0.72662,0.39094,0.97952,0.99677,0.90291,0.9879,0.86002,0.92678,0.85059,0.99997,0.98074,0.97907,0.96531,0.98967,0.74832,0.5985,0.8006,0.79379,0.97947,0.97495,0.91688,0.5648,0.9346,0.91792,0.7236,0.9924,0.96064,0.98121,0.84188,0.98663,0.89183,0.89728,0.99663,0.85244,0.93313,0.92002,0.98084,0.99262,0.85425,0.99737,0.7172,0.7343
31.28,0.99452,0.97283,0.86423,0.75753,0.99982,0.97475,0.99967,0.9424,0.78439,0.75883,0.9855,0.99562,0.91486,0.99174,0.64812,0.9417,0.68407,0.96947,0.98976,0.97533,0.92501,0.98174,0.87835,0.95637,0.98708,0.72912,0.72606,0.40656,0.972,0.99614,0.919,0.98794,0.86029,0.92654,0.85333,0.99991,0.98137,0.97928,0.96429,0.98967,0.72946,0.61089,0.80666,0.7893,0.97941,0.97278,0.8934,0.55382,0.92486,0.91096,0.72453,0.9914,0.95974,0.9845,0.83947,0.97835,0.88231,0.91886,0.9969,0.85194,0.93359,0.92751,0.98595,0.99176,0.87305,0.9974,0.7168,0.73458
31.3,0.99396,0.97383,0.86729,0.7579,0.99991,0.97475,0.99994,0.93651,0.78979,0.7548,0.98601,0.99483,0.90041,0.99093,0.667,0.93488,0.68741,0.97137,0.98945,0.97864,0.92508,0.98723,0.87083,0.96847,0.98811,0.72921,0.72586,0.42449,0.96408,0.99594,0.93517,0.98804,0.86059,0.92628,0.85583,0.99979,0.98264,0.97944,0.96302,0.98967,0.71033,0.62369,0.81275,0.7858,0.97872,0.97082,0.87707,0.54579,0.91551,0.90397,0.72741,0.99047,0.95911,0.98707,0.83934,0.96972,0.87424,0.93482,0.99749,0.85188,0.93375,0.93578,0.98995,0.99148,0.89242,0.99745,0.71634,0.73489
31.32,0.99356,0.97568,0.87411,0.75775,1.00001,0.97475,0.99988,0.92982,0.79611,0.75432,0.98786,0.99437,0.91147,0.99079,0.68209,0.92893,0.69673,0.97231,0.98959,0.97996,0.92212,0.98974,0.86732,0.97325,0.99071,0.72746,0.7267,0.44873,0.95739,0.99685,0.953,0.98827,0.86099,0.92597,0.85752,0.99949,0.98537,0.97938,0.96099,0.98967,0.69088,0.63786,0.81986,0.78539,0.97596,0.96971,0.88956,0.54443,0.90785,0.89796,0.73549,0.98998,0.9594,0.98808,0.84506,0.96454,0.87047,0.94139,0.9988,0.85309,0.93307,0.94634,0.99254,0.99271,0.91455,0.99757,0.71574,0.73526
31.34,0.99322,0.97781,0.88223,0.75748,1.00008,0.97475,0.99949,0.92275,0.80241,0.75509,0.98996,0.99403,0.92957,0.99095,0.69531,0.92316,0.70793,0.97295,0.98987,0.98067,0.91782,0.99122,0.8658,0.97559,0.99339,0.72511,0.72788,0.47473,0.95121,0.99798,0.969,0.98854,0.86141,0.92564,0.85895,0.999,0.9884,0.97926,0.95871,0.98967,0.67137,0.65243,0.82692,0.78605,0.97236,0.96891,0.91015,0.54601,0.901,0.89221,0.74519,0.98964,0.95996,0.98862,0.85303,0.961,0.86884,0.94468,0.99977,0.85469,0.9321,0.95684,0.99445,0.99436,0.93554,0.99773,0.7151,0.73566
31.36,0.99284,0.97975,0.88949,0.75732,1.0001,0.97475,0.99879,0.91553,0.80829,0.75528,0.99161,0.99362,0.94223,0.991,0.70944,0.91712,0.71774,0.9737,0.99007,0.98162,0.9138,0.99277,0.864,0.97853,0.99537,0.72313,0.72886,0.49893,0.94447,0.99877,0.98132,0.98881,0.8618,0.92533,0.86045,0.99842,0.99089,0.97919,0.95655,0.98967,0.65153,0.66697,0.83349,0.78622,0.96903,0.96798,0.92471,0.54644,0.89355,0.88625,0.75369,0.98921,0.96037,0.98934,0.8601,0.95672,0.8669,0.94889,1.00008,0.85604,0.9313,0.96578,0.99611,0.99562,0.95301,0.99787,0.7145,0.73602
31.38,0.99241,0.98139,0.89633,0.75693,1.00006,0.97475,0.99766,0.90727,0.81523,0.75546,0.99344,0.99314,0.95481,0.99098,0.72526,0.91002,0.72865,0.9745,0.99033,0.98259,0.9106,0.99469,0.85927,0.98199,0.99731,0.72072,0.73004,0.52332,0.93547,0.99934,0.99062,0.989,0.86227,0.92494,0.86212,0.99779,0.99302,0.97903,0.95391,0.98967,0.62877,0.68321,0.84119,0.78638,0.96466,0.9669,0.93936,0.54627,0.88505,0.87933,0.76314,0.98875,0.9609,0.99007,0.86551,0.95036,0.8618,0.95401,0.99979,0.85767,0.93032,0.97392,0.99777,0.99666,0.96785,0.99797,0.71379,0.73647
31.4,0.99208,0.98343,0.90363,0.75698,1.00001,0.97475,0.99651,0.90016,0.81973,0.75597,0.99452,0.99281,0.96498,0.99116,0.73774,0.90459,0.73715,0.97509,0.99049,0.98329,0.90506,0.99523,0.86119,0.98343,0.99831,0.71905,0.73088,0.54599,0.93023,0.99982,0.99675,0.98936,0.86259,0.92471,0.86339,0.99684,0.99504,0.97905,0.95206,0.98967,0.61047,0.6969,0.84617,0.78682,0.96164,0.96617,0.95139,0.54797,0.87824,0.87409,0.7705,0.9884,0.96123,0.99059,0.87438,0.94824,0.86388,0.95621,0.99918,0.85879,0.92963,0.98065,0.99849,0.99774,0.97985,0.99816,0.7133,0.73675
31.42,0.99213,0.98649,0.91229,0.75822,1.00003,0.97475,0.99619,0.89706,0.81773,0.7572,0.99386,0.99297,0.97084,0.99176,0.74184,0.90443,0.73929,0.97536,0.99038,0.98353,0.89321,0.99238,0.87975,0.97966,0.99781,0.71961,0.73067,0.56512,0.93622,1.00007,0.99973,0.99016,0.86249,0.9249,0.86319,0.99494,0.99708,0.97957,0.95257,0.98967,0.60588,0.70281,0.84396,0.78789,0.96353,0.9665,0.95842,0.55397,0.87599,0.87393,0.77237,0.98824,0.961,0.99076,0.89158,0.95785,0.8838,0.95054,0.99954,0.85841,0.92981,0.98565,0.99766,0.99895,0.98891,0.99855,0.71346,0.73652
31.44,0.99227,0.98959,0.9211,0.75988,1.00007,0.97475,0.99623,0.89549,0.81337,0.7587,0.99256,0.99326,0.97526,0.9925,0.74218,0.90621,0.7391,0.97542,0.99016,0.9835,0.87813,0.98707,0.90269,0.97351,0.99664,0.72094,0.73008,0.5826,0.9459,0.99972,0.99972,0.9911,0.86225,0.92525,0.86268,0.99225,0.99867,0.98026,0.95396,0.98967,0.60648,0.70579,0.83913,0.78919,0.96687,0.96717,0.9638,0.56165,0.8758,0.87564,0.7722,0.9882,0.96055,0.99074,0.91049,0.97001,0.9082,0.94174,0.99999,0.85752,0.93029,0.98965,0.9958,0.99978,0.99525,0.99897,0.71383,0.73612
31.46,0.99229,0.99213,0.92911,0.76136,1.00008,0.97475,0.99611,0.89321,0.8101,0.76,0.99153,0.99345,0.97955,0.99314,0.74354,0.90707,0.73978,0.97547,0.98996,0.98351,0.86318,0.98143,0.92123,0.96809,0.9956,0.72191,0.72967,0.59993,0.95334,0.9988,0.99675,0.99192,0.86208,0.92551,0.8626,0.98923,0.99963,0.98087,0.95497,0.98967,0.60479,0.71008,0.8355,0.79031,0.96921,0.96759,0.9691,0.56857,0.87505,0.87647,0.77279,0.98817,0.96014,0.99075,0.92647,0.97876,0.92767,0.9343,1.00009,0.85687,0.93063,0.99302,0.99384,1.00004,0.99894,0.9993,0.71408,0.7358
31.48,0.99263,0.99439,0.9371,0.7628,1.00009,0.97475,0.99597,0.89078,0.80655,0.76164,0.99002,0.9938,0.98406,0.99375,0.74764,0.90808,0.74132,0.97594,0.98986,0.98384,0.84762,0.97451,0.93675,0.95965,0.99421,0.72294,0.72925,0.61834,0.95956,0.99713,0.99062,0.99267,0.86187,0.92582,0.86129,0.98558,1.00004,0.98145,0.95581,0.98967,0.60285,0.71463,0.83155,0.79173,0.97223,0.96839,0.97477,0.57528,0.87278,0.87745,0.77412,0.98788,0.95994,0.99099,0.94068,0.98625,0.94374,0.92311,0.99995,0.85617,0.93097,0.99593,0.99176,0.99977,1,0.99956,0.71441,0.73544
31.5,0.99233,0.9962,0.94391,0.7644,1.00009,0.97475,0.99595,0.88898,0.80292,0.76261,0.98909,0.99384,0.9867,0.99437,0.7453,0.9092,0.74051,0.97551,0.98953,0.98347,0.83014,0.96647,0.95333,0.95543,0.9929,0.724,0.72876,0.63312,0.9673,0.99517,0.98205,0.99349,0.86171,0.92607,0.86243,0.9816,0.99989,0.98208,0.95717,0.98967,0.60262,0.71798,0.82749,0.79257,0.97391,0.96849,0.97815,0.58252,0.87408,0.87854,0.77342,0.98814,0.95928,0.99072,0.95412,0.99213,0.96056,0.91765,0.99963,0.85545,0.93138,0.99773,0.98846,0.99909,0.99847,0.9998,0.71464,0.73514
31.52,0.99002,0.99744,0.94842,0.76655,1.00005,0.97475,0.99621,0.88852,0.79958,0.76158,0.99033,0.99294,0.98541,0.99512,0.72547,0.91023,0.73354,0.9723,0.98847,0.98095,0.80806,0.95781,0.97327,0.96488,0.99254,0.72507,0.72804,0.63866,0.97835,0.99423,0.97308,0.99454,0.86178,0.92613,0.8706,0.97791,0.99948,0.98292,0.95985,0.98967,0.60623,0.71884,0.82376,0.79168,0.97165,0.96644,0.97649,0.59164,0.88494,0.87953,0.76738,0.98999,0.95717,0.98883,0.96789,0.99621,0.98,0.92998,0.99951,0.85472,0.93197,0.99827,0.98174,0.99868,0.99543,1.00001,0.71454,0.73507
31.54,0.98657,0.99838,0.95207,0.76881,0.99991,0.97475,0.99657,0.88868,0.79628,0.75988,0.99208,0.99164,0.98259,0.99584,0.7003,0.91129,0.72415,0.96791,0.98713,0.97748,0.78378,0.94832,0.98891,0.9771,0.99247,0.72613,0.72726,0.64109,0.98823,0.99365,0.9633,0.99559,0.86191,0.92614,0.881,0.97415,0.99895,0.98378,0.96288,0.98967,0.6113,0.71853,0.82006,0.79021,0.96798,0.96362,0.9729,0.60102,0.89838,0.88056,0.75924,0.99211,0.95456,0.98618,0.97956,0.9988,0.99392,0.94684,0.99949,0.854,0.93261,0.99849,0.97216,0.99842,0.99125,1.00009,0.71434,0.73506
31.56,0.98311,0.99913,0.95587,0.77087,0.99972,0.97475,0.99684,0.88862,0.793,0.75855,0.99334,0.99045,0.98041,0.99645,0.67904,0.9123,0.71578,0.96388,0.98589,0.97428,0.75942,0.93798,0.99742,0.98552,0.99225,0.72714,0.72656,0.64524,0.99473,0.99273,0.95151,0.99649,0.862,0.92618,0.88999,0.96997,0.99818,0.98455,0.96551,0.98967,0.61542,0.71864,0.81636,0.78906,0.96492,0.96113,0.97017,0.60962,0.90941,0.88154,0.75199,0.99374,0.95222,0.98367,0.9882,0.99995,0.99969,0.95945,0.99942,0.85331,0.93318,0.99883,0.96144,0.99799,0.98546,1.00002,0.71421,0.73501
31.58,0.97897,0.99966,0.95958,0.77351,0.9994,0.97475,0.99718,0.88836,0.78927,0.75693,0.99477,0.98893,0.97738,0.99715,0.65595,0.91349,0.70672,0.9587,0.98427,0.97011,0.72937,0.92559,0.99996,0.99165,0.99208,0.72842,0.72565,0.64793,0.99884,0.9922,0.93804,0.99731,0.86212,0.92619,0.89946,0.96543,0.99719,0.98551,0.96845,0.98967,0.62073,0.71914,0.81216,0.78765,0.96087,0.95807,0.96641,0.62031,0.92102,0.88271,0.74414,0.99544,0.94922,0.98036,0.99528,0.99962,0.99795,0.96967,0.99935,0.85243,0.93392,0.99902,0.9481,0.99773,0.97819,0.99979,0.71402,0.735
31.6,0.97476,0.99996,0.96283,0.77497,0.9991,0.97475,0.99737,0.88865,0.78646,0.75574,0.99562,0.98775,0.97531,0.99752,0.63746,0.91426,0.6982,0.95489,0.98322,0.96703,0.70699,0.91475,0.99667,0.99696,0.99187,0.72912,0.72517,0.65287,1.00003,0.99081,0.92338,0.99798,0.86219,0.92626,0.908,0.96079,0.9961,0.98603,0.97053,0.98967,0.62378,0.7186,0.80899,0.78662,0.95809,0.95576,0.96386,0.62641,0.93001,0.88345,0.73676,0.99647,0.9473,0.97788,0.99836,0.99813,0.99016,0.98034,0.99928,0.85195,0.93431,0.99933,0.93444,0.99701,0.96972,0.99944,0.71391,0.73492
31.62,0.97165,1.00004,0.96537,0.77315,0.99911,0.97475,0.99716,0.89034,0.78603,0.756,0.99511,0.98784,0.97691,0.99714,0.63036,0.91387,0.69172,0.95609,0.984,0.96838,0.71043,0.91034,0.99413,1.00009,0.99147,0.72811,0.72596,0.66484,0.99954,0.98614,0.90808,0.99846,0.86204,0.92654,0.91377,0.95632,0.99508,0.98538,0.97043,0.98967,0.62043,0.71545,0.80851,0.78684,0.95981,0.95593,0.96583,0.62011,0.93338,0.88307,0.73115,0.99616,0.94871,0.97898,0.99799,0.99726,0.98566,0.9922,0.99912,0.85264,0.93366,0.99982,0.92474,0.99441,0.96044,0.99904,0.71414,0.73458
31.64,0.96884,0.99996,0.96753,0.77015,0.99924,0.97475,0.99679,0.89253,0.78661,0.75669,0.99407,0.98838,0.97958,0.99642,0.62747,0.91303,0.68603,0.95894,0.98538,0.97099,0.72312,0.9087,0.9929,0.99648,0.99101,0.72653,0.72718,0.67886,0.99841,0.97929,0.89191,0.99884,0.86184,0.92688,0.91867,0.95188,0.99409,0.98428,0.96957,0.98967,0.61472,0.71135,0.80916,0.78744,0.96294,0.95698,0.96913,0.60917,0.93474,0.88226,0.72622,0.99537,0.95126,0.98107,0.99632,0.9969,0.9836,0.99908,0.99893,0.85373,0.93268,0.99991,0.91636,0.99023,0.95025,0.9986,0.71445,0.73418
31.66,0.96565,0.99973,0.96968,0.76771,0.99931,0.97475,0.99647,0.89444,0.78688,0.75711,0.99322,0.98871,0.98156,0.99577,0.62326,0.91236,0.68012,0.96086,0.98642,0.97266,0.7313,0.90606,0.99067,0.98644,0.99057,0.72529,0.72814,0.69145,0.9964,0.97202,0.87423,0.99917,0.86169,0.92716,0.92391,0.94719,0.99298,0.98337,0.96906,0.98967,0.60996,0.70776,0.80946,0.78781,0.96524,0.95763,0.9716,0.60016,0.93671,0.8816,0.7211,0.99478,0.95321,0.98239,0.99493,0.99628,0.97999,0.9995,0.99874,0.85457,0.93189,0.99951,0.90655,0.98552,0.93876,0.99806,0.71467,0.73385
31.68,0.96235,0.99929,0.97202,0.76512,0.99938,0.97475,0.99616,0.89646,0.78652,0.75782,0.99219,0.98901,0.98361,0.99508,0.6167,0.91183,0.67313,0.9631,0.98745,0.97534,0.73985,0.90201,0.98768,0.96742,0.9901,0.72371,0.72936,0.70421,0.99359,0.96233,0.85502,0.99946,0.86141,0.92757,0.92903,0.94187,0.9916,0.98236,0.96853,0.98967,0.60554,0.70394,0.80906,0.78842,0.96775,0.95823,0.9742,0.59118,0.93975,0.88108,0.71505,0.99402,0.95518,0.98451,0.99322,0.99524,0.97532,0.9931,0.99852,0.85565,0.93089,0.99862,0.89624,0.97898,0.92594,0.99742,0.7151,0.73335
31.7,0.95894,0.9988,0.97367,0.76254,0.99947,0.97475,0.99574,0.89831,0.7877,0.75804,0.99119,0.98946,0.98542,0.99422,0.61609,0.9109,0.66844,0.96492,0.98852,0.97606,0.74936,0.90143,0.98602,0.94664,0.98964,0.72269,0.73017,0.71639,0.99018,0.95391,0.83503,0.99967,0.8614,0.92773,0.93401,0.93728,0.99053,0.98134,0.96782,0.98967,0.59976,0.70044,0.8104,0.78861,0.96992,0.95912,0.97651,0.58069,0.94002,0.88019,0.71099,0.99334,0.95726,0.98507,0.99098,0.99508,0.97278,0.9829,0.9983,0.85634,0.93022,0.99728,0.88594,0.97313,0.91232,0.99676,0.71512,0.73317
31.72,0.95548,0.99854,0.97374,0.76037,0.99959,0.97475,0.99504,0.89956,0.79284,0.75678,0.9906,0.99023,0.98668,0.99303,0.63158,0.90887,0.67004,0.96535,0.98963,0.97088,0.75937,0.91007,0.98812,0.94178,0.98922,0.72348,0.7297,0.72683,0.98622,0.9527,0.81504,0.9998,0.86222,0.92708,0.93881,0.93519,0.99048,0.98046,0.96681,0.98967,0.59073,0.69806,0.81619,0.78752,0.97112,0.96069,0.97813,0.56733,0.93281,0.87822,0.71238,0.99318,0.95947,0.98098,0.98821,0.9972,0.97599,0.98027,0.99809,0.8558,0.9306,0.99572,0.87555,0.97228,0.89845,0.99614,0.71388,0.73394
31.74,0.95192,0.99839,0.9732,0.75826,0.99971,0.97475,0.99418,0.90062,0.79938,0.75501,0.99014,0.99109,0.98772,0.99161,0.65351,0.90646,0.67398,0.96538,0.99074,0.96289,0.76999,0.92134,0.99136,0.94334,0.98883,0.72484,0.72883,0.73674,0.98187,0.95426,0.79463,0.99989,0.86329,0.92618,0.94351,0.9341,0.99085,0.97959,0.96561,0.98967,0.58032,0.69603,0.82353,0.78598,0.97202,0.96247,0.97949,0.55247,0.92222,0.87589,0.71579,0.99316,0.96174,0.97452,0.9848,0.99915,0.9811,0.98112,0.99788,0.85488,0.93132,0.99388,0.86535,0.97338,0.88406,0.99554,0.71224,0.73502
31.76,0.94816,0.99818,0.97289,0.75608,0.9998,0.97475,0.99331,0.90177,0.80517,0.75346,0.98961,0.99184,0.98873,0.99011,0.67299,0.90427,0.67687,0.96561,0.99177,0.95531,0.78015,0.93031,0.99366,0.94146,0.98842,0.72588,0.72818,0.74672,0.97697,0.95464,0.77296,0.99995,0.86419,0.92543,0.94823,0.93258,0.99105,0.97867,0.96446,0.98967,0.5704,0.69384,0.83,0.78465,0.97299,0.96406,0.98081,0.53791,0.91249,0.87378,0.71829,0.99307,0.9639,0.96826,0.98103,0.99994,0.98487,0.98009,0.99766,0.85417,0.93185,0.99164,0.85484,0.97364,0.86859,0.9949,0.71086,0.7359
31.78,0.94447,0.99793,0.97273,0.75396,0.99989,0.97475,0.99236,0.9029,0.8109,0.75194,0.98897,0.99265,0.98997,0.98848,0.69483,0.90164,0.67968,0.96581,0.99274,0.94613,0.78978,0.93988,0.99548,0.94152,0.98795,0.72714,0.72739,0.75616,0.97062,0.95463,0.74943,0.99998,0.86531,0.92448,0.95265,0.93082,0.99115,0.97776,0.96332,0.98967,0.56014,0.69166,0.83639,0.78333,0.97413,0.96581,0.98246,0.52307,0.90125,0.87126,0.72072,0.99299,0.96601,0.96056,0.97698,0.99985,0.98801,0.98012,0.9974,0.85331,0.9325,0.98915,0.84227,0.97364,0.85159,0.99409,0.70913,0.73702
31.8,0.94021,0.99777,0.97212,0.75176,0.99996,0.97475,0.99136,0.90399,0.81677,0.75021,0.98858,0.99326,0.99056,0.98672,0.71486,0.89977,0.6831,0.96596,0.99365,0.93743,0.79988,0.94713,0.99733,0.9391,0.98761,0.72809,0.72679,0.76601,0.96558,0.95609,0.72678,0.99998,0.86603,0.92388,0.95751,0.92976,0.99154,0.97679,0.96207,0.98967,0.54996,0.68957,0.8429,0.78182,0.9748,0.96716,0.98325,0.50791,0.89065,0.86947,0.72368,0.99293,0.96804,0.95316,0.97219,0.99901,0.99142,0.97878,0.99721,0.85266,0.93299,0.98614,0.83293,0.97466,0.83506,0.99351,0.70802,0.73772
31.82,0.93431,0.99786,0.97027,0.74927,1.00003,0.97475,0.99038,0.905,0.82303,0.74816,0.98894,0.99339,0.98941,0.98478,0.7277,0.90011,0.68806,0.96593,0.99449,0.93242,0.81127,0.94859,0.99928,0.92737,0.98762,0.72791,0.7269,0.77756,0.9659,0.96068,0.70716,0.99998,0.86551,0.92437,0.96387,0.93038,0.99265,0.97567,0.96052,0.98967,0.54043,0.68761,0.84981,0.78005,0.97417,0.96746,0.98172,0.49211,0.88373,0.8698,0.72798,0.99295,0.97001,0.94887,0.96609,0.99874,0.99566,0.97208,0.99721,0.85278,0.9329,0.98204,0.8335,0.97784,0.82061,0.99366,0.70883,0.73715
31.84,0.92767,0.99805,0.9679,0.74671,1.00007,0.97475,0.98937,0.90597,0.8293,0.74589,0.98956,0.99336,0.98756,0.98273,0.73776,0.90128,0.69343,0.96587,0.99526,0.9288,0.82292,0.94841,1.00004,0.91141,0.98778,0.72742,0.72721,0.78936,0.96822,0.96624,0.68932,0.99998,0.86458,0.92521,0.97056,0.93167,0.99391,0.9745,0.95886,0.98967,0.53109,0.68573,0.85669,0.77808,0.97309,0.96738,0.97928,0.47616,0.87824,0.87091,0.73263,0.99297,0.97188,0.94576,0.95899,0.99878,0.99869,0.9625,0.9973,0.85311,0.93265,0.97717,0.83777,0.98165,0.80739,0.99408,0.71026,0.73615
31.86,0.92108,0.9982,0.96572,0.7442,1.00009,0.97475,0.98832,0.90696,0.83526,0.74359,0.99002,0.99339,0.98597,0.98059,0.74866,0.90211,0.69825,0.96589,0.99597,0.92456,0.83398,0.94927,0.99948,0.8957,0.98791,0.72716,0.72736,0.80047,0.96962,0.97092,0.67091,0.99998,0.86388,0.92585,0.9768,0.93267,0.99493,0.97333,0.95727,0.98967,0.52161,0.68381,0.8632,0.77609,0.97224,0.96746,0.97721,0.46031,0.87221,0.87171,0.73681,0.99296,0.97366,0.9421,0.95137,0.99861,0.99995,0.95266,0.99738,0.8533,0.93253,0.9719,0.84037,0.98479,0.79366,0.99435,0.71133,0.7354
31.88,0.91356,0.99833,0.96319,0.74156,1.00009,0.97475,0.98716,0.90794,0.84174,0.7417,0.99058,0.99346,0.98385,0.97807,0.76267,0.90272,0.70435,0.96564,0.99667,0.91921,0.84458,0.94899,0.99707,0.87797,0.98788,0.72659,0.72775,0.8118,0.9709,0.97513,0.64719,0.99997,0.863,0.92665,0.98348,0.9336,0.99596,0.97207,0.95536,0.98967,0.51158,0.68192,0.87023,0.77445,0.97116,0.96761,0.9745,0.4425,0.86438,0.87229,0.74209,0.99306,0.97556,0.93747,0.9432,0.99867,0.99954,0.94121,0.99736,0.85369,0.93221,0.96578,0.8428,0.98756,0.77587,0.99466,0.71268,0.73445
31.9,0.90696,0.99848,0.96104,0.73915,1.00007,0.97475,0.98607,0.9089,0.84683,0.73894,0.99096,0.99342,0.98235,0.97596,0.76989,0.90399,0.70777,0.96595,0.9972,0.91621,0.85512,0.9506,0.99483,0.85944,0.9882,0.72655,0.72771,0.82186,0.97274,0.97943,0.63352,0.99995,0.86239,0.92718,0.989,0.93479,0.99672,0.9709,0.954,0.98967,0.50253,0.68004,0.87572,0.77206,0.9704,0.96753,0.9726,0.42809,0.8603,0.87351,0.74505,0.99294,0.97705,0.93486,0.93412,0.99832,0.99829,0.92892,0.99754,0.85371,0.93224,0.95968,0.84636,0.99031,0.76557,0.99494,0.71361,0.73382
31.92,0.90383,0.99871,0.96033,0.73737,1.00007,0.97475,0.98529,0.90995,0.84832,0.73347,0.99081,0.99312,0.98315,0.97531,0.75813,0.9069,0.70357,0.96782,0.99737,0.9199,0.86626,0.95781,0.99739,0.84185,0.98949,0.72815,0.72636,0.82906,0.97569,0.98437,0.64882,0.99994,0.86269,0.92685,0.99152,0.93659,0.99695,0.97002,0.95427,0.98967,0.49613,0.67798,0.87733,0.76732,0.9707,0.96685,0.97361,0.42373,0.86693,0.87631,0.74141,0.99215,0.97755,0.93806,0.92338,0.99621,0.99968,0.917,0.99822,0.85261,0.93334,0.95487,0.85222,0.99336,0.7771,0.9951,0.71316,0.73421
31.94,0.90195,0.99895,0.96011,0.73584,1.00009,0.97475,0.98462,0.91097,0.84854,0.72713,0.99048,0.99271,0.98466,0.97521,0.73991,0.91039,0.69666,0.97017,0.99743,0.92581,0.87716,0.96601,0.99972,0.82412,0.991,0.73028,0.72459,0.83518,0.97893,0.98889,0.67401,0.99992,0.86326,0.92625,0.993,0.93858,0.99702,0.96926,0.95512,0.98967,0.49084,0.67599,0.87756,0.76182,0.97135,0.96595,0.97553,0.4231,0.87705,0.87969,0.73543,0.99107,0.97773,0.94318,0.9116,0.9924,0.99978,0.90477,0.99893,0.85115,0.93478,0.9505,0.85893,0.99598,0.79598,0.99524,0.71228,0.73492
31.96,0.89943,0.99914,0.95961,0.73422,1.00009,0.97475,0.9839,0.91193,0.84935,0.72132,0.99024,0.99237,0.98574,0.97486,0.72532,0.91353,0.69103,0.97219,0.99755,0.93036,0.88734,0.97254,0.99996,0.80535,0.99223,0.7321,0.72306,0.84154,0.9817,0.99242,0.69377,0.99991,0.86368,0.92581,0.99495,0.94038,0.99718,0.96844,0.95569,0.98967,0.48515,0.6741,0.87843,0.75679,0.97183,0.96519,0.97692,0.42078,0.88502,0.88274,0.73056,0.99004,0.97808,0.94711,0.8993,0.98793,0.99794,0.89164,0.99941,0.84988,0.936,0.94564,0.86498,0.99784,0.81069,0.9954,0.71164,0.73545
31.98,0.89698,0.99935,0.95927,0.73245,1.00009,0.97475,0.98307,0.91317,0.85008,0.71444,0.98998,0.9919,0.98694,0.9745,0.70952,0.91665,0.68481,0.97419,0.99762,0.93537,0.89778,0.97896,0.99845,0.78395,0.99352,0.73417,0.72134,0.84804,0.98448,0.9957,0.71326,0.9999,0.86422,0.92524,0.99682,0.94244,0.99728,0.96754,0.9563,0.98967,0.47882,0.67165,0.87922,0.75083,0.97232,0.96418,0.97847,0.41841,0.8935,0.88579,0.72516,0.98894,0.9783,0.9514,0.88521,0.98176,0.9937,0.87646,0.9998,0.84844,0.93738,0.94033,0.87135,0.99929,0.82511,0.9955,0.71081,0.73613
32,0.89461,0.99948,0.95874,0.73106,1.00009,0.97475,0.98244,0.91378,0.85066,0.70942,0.98969,0.99163,0.98793,0.97429,0.6957,0.91977,0.67902,0.97612,0.99776,0.93943,0.90636,0.98372,0.99577,0.76546,0.99446,0.73585,0.71994,0.85365,0.98672,0.99749,0.73344,0.99987,0.86457,0.92485,0.99859,0.94391,0.99743,0.96682,0.95696,0.98967,0.47398,0.67044,0.87984,0.74648,0.97285,0.96361,0.97976,0.41702,0.90079,0.88885,0.72015,0.98776,0.97872,0.95488,0.87235,0.97558,0.98851,0.8632,0.99999,0.84726,0.93849,0.93544,0.87681,0.99986,0.83993,0.9957,0.71028,0.73659
32.02,0.89228,0.99946,0.95738,0.73069,1.00009,0.97475,0.98233,0.91286,0.85114,0.71004,0.98937,0.99199,0.98838,0.97437,0.68739,0.923,0.67526,0.97798,0.99811,0.94106,0.91097,0.98561,0.99476,0.75717,0.99462,0.73635,0.71953,0.85729,0.98795,0.99722,0.75522,0.99981,0.86431,0.92504,1.00031,0.94373,0.99781,0.96662,0.9577,0.98967,0.47315,0.67226,0.88035,0.74702,0.97343,0.96438,0.98035,0.41758,0.90512,0.89204,0.7169,0.98653,0.97986,0.95626,0.86489,0.97259,0.98675,0.85721,1.00002,0.8469,0.93881,0.93212,0.87993,0.99979,0.8558,0.99612,0.71067,0.73636
32.04,0.88997,0.9994,0.95581,0.7307,1.00008,0.97475,0.98241,0.91127,0.8515,0.71263,0.98903,0.99255,0.98863,0.97459,0.68117,0.92617,0.6721,0.97975,0.99849,0.94181,0.91413,0.9866,0.99457,0.75294,0.99455,0.73646,0.71946,0.86018,0.98882,0.99622,0.77682,0.99971,0.86385,0.92542,1.00197,0.943,0.99819,0.96663,0.95847,0.98967,0.47381,0.6754,0.88074,0.74926,0.97403,0.96558,0.98069,0.41899,0.90832,0.89519,0.71416,0.98524,0.98117,0.9569,0.85953,0.97086,0.98641,0.85414,1.00001,0.84683,0.93887,0.92939,0.88223,0.99948,0.87136,0.9966,0.71138,0.73591
32.06,0.88755,0.99936,0.9544,0.73052,1.00007,0.97475,0.9824,0.90984,0.85191,0.71428,0.9887,0.99298,0.98892,0.97473,0.67462,0.92918,0.66862,0.9814,0.9988,0.94279,0.91779,0.98789,0.99395,0.74689,0.99459,0.73676,0.71922,0.86339,0.98977,0.99554,0.79649,0.9996,0.86349,0.92571,1.00369,0.94256,0.9985,0.96654,0.95918,0.98967,0.47372,0.6782,0.88118,0.75069,0.97459,0.96654,0.98107,0.41992,0.91166,0.8982,0.71115,0.98393,0.9823,0.95772,0.85309,0.96844,0.98536,0.84975,1.00001,0.84662,0.93905,0.92627,0.88479,0.99923,0.88538,0.99701,0.71193,0.73557
32.08,0.88542,0.9993,0.95254,0.73039,1.00004,0.97475,0.98244,0.90894,0.85228,0.71609,0.98832,0.99345,0.98943,0.97495,0.6658,0.93251,0.66507,0.98317,0.99911,0.94447,0.92156,0.98921,0.99323,0.74016,0.99461,0.73704,0.71901,0.86642,0.99077,0.99442,0.81797,0.99946,0.8631,0.92602,1.00519,0.94193,0.99887,0.96647,0.96006,0.98967,0.47397,0.67995,0.88157,0.75226,0.97523,0.96759,0.98174,0.42137,0.91612,0.90156,0.70807,0.9824,0.98357,0.95915,0.84613,0.96573,0.98416,0.84485,1.00002,0.84642,0.93922,0.92322,0.88759,0.99877,0.90049,0.99741,0.71253,0.7352
32.1,0.88263,0.99926,0.9515,0.73027,1.00003,0.97475,0.98242,0.90674,0.85274,0.718,0.98803,0.99385,0.98942,0.97503,0.66241,0.93497,0.66185,0.9845,0.99931,0.94445,0.92455,0.99009,0.9929,0.73567,0.99462,0.73725,0.71884,0.86955,0.99148,0.99382,0.83295,0.99932,0.86272,0.92632,1.00711,0.94156,0.99904,0.96641,0.96057,0.98967,0.47386,0.68423,0.88206,0.75392,0.9757,0.96851,0.98173,0.42191,0.91781,0.90405,0.70528,0.98115,0.9845,0.95913,0.84038,0.96375,0.98361,0.84157,1.00002,0.84627,0.93935,0.91997,0.88965,0.9985,0.91088,0.99777,0.71311,0.73484
32.12,0.87775,0.9993,0.95283,0.73007,1.00004,0.97475,0.98222,0.90092,0.85341,0.71985,0.98801,0.99404,0.98793,0.97464,0.67355,0.93521,0.65912,0.98471,0.99932,0.93961,0.92586,0.99024,0.99345,0.73635,0.99471,0.73739,0.71873,0.87321,0.99146,0.9951,0.83264,0.99921,0.86242,0.92655,1.01038,0.94199,0.99881,0.96631,0.96007,0.98967,0.47236,0.69546,0.88278,0.75552,0.97572,0.96894,0.97977,0.41935,0.91221,0.9043,0.70292,0.98094,0.98452,0.95502,0.83778,0.96339,0.98453,0.84206,1.00003,0.84617,0.93944,0.91602,0.88959,0.99906,0.91067,0.99799,0.71356,0.73457
32.14,0.87215,0.99937,0.95499,0.72988,1.00007,0.97475,0.98196,0.89357,0.8542,0.72172,0.9881,0.99417,0.98578,0.97411,0.69035,0.93464,0.65678,0.98458,0.99926,0.93278,0.92652,0.99004,0.99435,0.73923,0.99481,0.73748,0.71865,0.87698,0.99122,0.99674,0.82686,0.99911,0.86215,0.92676,1.01401,0.9427,0.99838,0.9662,0.9592,0.98967,0.47044,0.70939,0.88362,0.75714,0.97558,0.96924,0.97697,0.41588,0.90358,0.90371,0.7009,0.98107,0.98426,0.94919,0.83647,0.96387,0.98604,0.84417,1.00004,0.8461,0.9395,0.9118,0.88891,0.99966,0.90667,0.99818,0.71398,0.73433
32.16,0.86686,0.99943,0.95673,0.72969,1.00008,0.97475,0.98173,0.88666,0.85499,0.7235,0.98814,0.99433,0.98376,0.97368,0.70493,0.93441,0.65449,0.98468,0.99924,0.92663,0.92748,0.98992,0.99506,0.74118,0.99491,0.73759,0.71856,0.88062,0.99115,0.99789,0.82352,0.99898,0.86187,0.92696,1.01732,0.9433,0.99797,0.9661,0.95849,0.98967,0.4687,0.72229,0.88446,0.75868,0.97552,0.96962,0.97439,0.41303,0.89594,0.90348,0.69891,0.98097,0.98416,0.94389,0.83453,0.96414,0.98726,0.84559,1.00005,0.84603,0.93958,0.90758,0.8887,0.99995,0.90436,0.99839,0.71441,0.73408
32.18,0.86081,0.99947,0.9584,0.72949,1.00009,0.97475,0.9815,0.8792,0.85552,0.72563,0.98818,0.99446,0.98143,0.9731,0.72024,0.93428,0.65124,0.98447,0.99919,0.91936,0.92833,0.9901,0.99564,0.7429,0.99499,0.73771,0.71847,0.88422,0.99077,0.99875,0.82014,0.9989,0.86156,0.92721,1.02098,0.94381,0.99753,0.966,0.95778,0.98967,0.46702,0.73601,0.88503,0.76052,0.97545,0.96994,0.97144,0.40929,0.88776,0.90335,0.6961,0.98117,0.98392,0.93759,0.83277,0.96373,0.98829,0.84684,1.00006,0.84595,0.93965,0.90322,0.88759,1.00004,0.902,0.99852,0.71487,0.73379
32.2,0.85589,0.99953,0.9603,0.72931,1.00009,0.97475,0.98124,0.87191,0.85661,0.72702,0.98823,0.99463,0.97921,0.97277,0.73613,0.93376,0.65003,0.98481,0.99918,0.91313,0.92923,0.98958,0.99639,0.7456,0.99511,0.7378,0.71837,0.88775,0.991,0.9995,0.81542,0.99871,0.86131,0.92737,1.02386,0.94457,0.99696,0.9659,0.95697,0.98967,0.4651,0.74922,0.88619,0.76173,0.97537,0.97033,0.96867,0.40719,0.87913,0.90282,0.69505,0.98084,0.98389,0.93218,0.83091,0.96492,0.98965,0.84881,1.00007,0.84588,0.93972,0.89878,0.88827,0.99991,0.89871,0.99877,0.71525,0.73359
32.22,0.85435,0.99964,0.96272,0.72912,1.00009,0.97475,0.98089,0.86567,0.85929,0.72628,0.98826,0.99492,0.97763,0.97315,0.75283,0.93227,0.65461,0.98689,0.99934,0.91083,0.93054,0.98708,0.99756,0.7499,0.9953,0.73788,0.71827,0.89124,0.99272,1.00004,0.80819,0.99818,0.86126,0.92727,1.02475,0.94589,0.99614,0.9658,0.956,0.98967,0.46251,0.76038,0.88904,0.76109,0.97532,0.97104,0.96672,0.40962,0.8699,0.90132,0.69902,0.97862,0.98462,0.93016,0.82817,0.96999,0.99188,0.85194,1.00008,0.84582,0.9398,0.89423,0.89342,0.9992,0.89364,0.99929,0.71533,0.73371
32.24,0.85416,0.99974,0.96528,0.72895,1.00008,0.97475,0.9805,0.85983,0.86249,0.72482,0.98828,0.99523,0.97635,0.97379,0.7697,0.93042,0.66115,0.98925,0.99952,0.91003,0.93187,0.98343,0.99863,0.75517,0.99553,0.73795,0.71817,0.89464,0.99476,0.99982,0.79971,0.99742,0.86127,0.92709,1.02486,0.94745,0.99512,0.96572,0.95494,0.98967,0.4597,0.77073,0.89242,0.75982,0.97529,0.97179,0.96513,0.4138,0.86041,0.89945,0.70468,0.97571,0.98554,0.92947,0.82531,0.976,0.9941,0.85575,1.00009,0.84578,0.93988,0.88962,0.90026,0.99776,0.88766,0.99974,0.71531,0.73393
32.26,0.8535,0.99983,0.96762,0.72881,1.00006,0.97475,0.98013,0.8538,0.86536,0.72375,0.9883,0.99549,0.975,0.97434,0.78617,0.92876,0.66658,0.99108,0.99965,0.90871,0.93311,0.97976,0.99933,0.76025,0.99576,0.73802,0.71806,0.89796,0.99637,0.99892,0.79171,0.99662,0.86123,0.92696,1.02523,0.94892,0.99404,0.96564,0.95391,0.98967,0.45702,0.78131,0.89546,0.75889,0.97525,0.97245,0.96348,0.41734,0.85101,0.89778,0.70938,0.97307,0.98628,0.92832,0.82262,0.98084,0.99581,0.85944,1.00009,0.84572,0.93996,0.88496,0.90643,0.99586,0.88199,0.99999,0.71537,0.73408
32.28,0.85216,0.99989,0.97,0.72853,1.00004,0.97475,0.97973,0.84678,0.86838,0.7224,0.98833,0.99585,0.97303,0.97476,0.80663,0.9268,0.67262,0.99319,0.99979,0.90655,0.93462,0.97583,0.99985,0.76394,0.9959,0.73809,0.71798,0.90141,0.9974,0.99669,0.78269,0.99564,0.86126,0.92676,1.02599,0.9502,0.9928,0.96549,0.95285,0.98967,0.45413,0.79351,0.89863,0.75773,0.97521,0.97335,0.96108,0.42011,0.83916,0.89582,0.71461,0.96947,0.98722,0.92642,0.81927,0.98503,0.99744,0.8621,1.00008,0.84567,0.94003,0.87993,0.91101,0.99249,0.87556,1.00009,0.71532,0.73433
32.3,0.85258,0.99996,0.97211,0.72853,1,0.97475,0.97937,0.84158,0.87112,0.72144,0.98835,0.996,0.97229,0.97548,0.81956,0.92533,0.67769,0.99427,0.99985,0.90648,0.93551,0.97102,1.00002,0.77064,0.99621,0.73815,0.71785,0.9044,0.99877,0.99507,0.77513,0.99466,0.86117,0.92669,1.02576,0.95185,0.99155,0.96549,0.95179,0.98967,0.45163,0.80247,0.9015,0.75689,0.97517,0.97375,0.96018,0.42487,0.83157,0.89436,0.719,0.9673,0.98773,0.92636,0.81725,0.9891,0.99839,0.86692,1.00006,0.84563,0.94013,0.87539,0.9186,0.99035,0.87015,1.00002,0.71547,0.73441
32.32,0.85755,1.00003,0.97354,0.72927,0.99995,0.97475,0.97917,0.84189,0.87308,0.72177,0.98834,0.99557,0.97539,0.97694,0.81079,0.92539,0.67977,0.99299,0.99977,0.91213,0.93495,0.96442,1.00001,0.78465,0.99699,0.73822,0.71755,0.90639,1.00003,0.99771,0.77231,0.994,0.86062,0.92707,1.0229,0.95456,0.99062,0.96588,0.95072,0.98967,0.45016,0.80194,0.90354,0.75718,0.97519,0.97265,0.96396,0.43469,0.83672,0.89442,0.7208,0.96984,0.98708,0.9313,0.81853,0.99328,0.9983,0.87696,0.9999,0.84558,0.94037,0.8723,0.93415,0.99395,0.86813,0.99991,0.71629,0.73395
32.34,0.8641,1.00004,0.97475,0.73029,0.9999,0.97475,0.97902,0.84414,0.87473,0.72251,0.98833,0.99492,0.97937,0.97862,0.79423,0.92599,0.68085,0.99062,0.99959,0.91948,0.93373,0.95657,0.99995,0.80109,0.99782,0.73827,0.71721,0.90794,0.99838,0.99984,0.77122,0.99346,0.85995,0.92758,1.01901,0.95753,0.98976,0.96642,0.94965,0.98967,0.44914,0.79807,0.90526,0.75782,0.97521,0.97103,0.96887,0.44634,0.84637,0.89502,0.72173,0.97378,0.98597,0.9377,0.82124,0.99665,0.99789,0.88863,0.99954,0.84555,0.94063,0.86982,0.95036,0.99781,0.86734,0.99979,0.7173,0.73334
32.36,0.86974,0.99998,0.97606,0.73119,0.99984,0.97475,0.97886,0.84535,0.87645,0.72303,0.98832,0.99435,0.98232,0.98013,0.7814,0.92635,0.68234,0.98846,0.99942,0.92549,0.93266,0.94826,0.9999,0.81596,0.99844,0.7383,0.71692,0.90961,0.99399,0.99992,0.76936,0.99283,0.85938,0.92799,1.01553,0.96019,0.98879,0.96688,0.94857,0.98967,0.44801,0.79599,0.90705,0.75827,0.97523,0.96968,0.97257,0.45702,0.85375,0.89537,0.72302,0.97674,0.98503,0.9429,0.82359,0.99881,0.99766,0.89909,0.99906,0.84553,0.94086,0.86712,0.96303,0.99954,0.866,0.99961,0.71815,0.73285
32.38,0.87541,0.99985,0.97718,0.73205,0.99977,0.97475,0.97864,0.84719,0.8784,0.72367,0.9883,0.9936,0.98596,0.98159,0.76902,0.92666,0.68403,0.98583,0.99921,0.93215,0.93218,0.93895,0.99978,0.82904,0.99902,0.73843,0.71651,0.91151,0.98566,0.99805,0.76734,0.99214,0.85863,0.92856,1.01191,0.96302,0.98788,0.96733,0.94747,0.98967,0.44647,0.79281,0.90906,0.75882,0.97526,0.96794,0.9772,0.46764,0.8608,0.89569,0.72449,0.97978,0.98403,0.94864,0.82463,0.9999,0.99715,0.90818,0.99833,0.84543,0.94117,0.86399,0.97515,0.99998,0.86455,0.99938,0.71928,0.73217
32.4,0.88098,0.99968,0.97852,0.73304,0.99969,0.97475,0.97856,0.84817,0.87976,0.72416,0.9883,0.99309,0.9877,0.98303,0.75447,0.9272,0.68503,0.98316,0.99896,0.93712,0.9303,0.92939,0.99976,0.84453,0.99939,0.73834,0.71633,0.9128,0.9766,0.9954,0.76605,0.99153,0.85822,0.92883,1.00822,0.9653,0.98672,0.96784,0.94638,0.98967,0.44588,0.79111,0.91046,0.75925,0.97526,0.96679,0.97946,0.47845,0.86898,0.89622,0.72536,0.98241,0.98295,0.9529,0.82867,0.99989,0.9971,0.91882,0.99762,0.8455,0.94131,0.86182,0.98301,0.99918,0.86362,0.99915,0.71989,0.73184
32.42,0.88628,0.99959,0.98053,0.73439,0.99961,0.97475,0.97883,0.84603,0.87976,0.72412,0.98838,0.99344,0.98449,0.98448,0.7355,0.92821,0.68432,0.9812,0.99867,0.93759,0.92442,0.92038,1.00001,0.86729,0.99948,0.73763,0.71678,0.91255,0.97447,0.99636,0.76658,0.99115,0.85885,0.92818,1.00458,0.96627,0.98482,0.96853,0.94532,0.98967,0.44782,0.79482,0.91047,0.75922,0.97512,0.96756,0.97531,0.48975,0.87947,0.89724,0.72474,0.9841,0.98182,0.9533,0.84063,0.99903,0.99829,0.93416,0.99736,0.846,0.94096,0.86224,0.98444,0.99953,0.864,0.99899,0.71895,0.73263
32.44,0.8914,0.99954,0.98267,0.73585,0.99952,0.97475,0.97924,0.84299,0.87918,0.72393,0.98849,0.99404,0.97898,0.9859,0.715,0.92942,0.68294,0.97942,0.99834,0.93662,0.9168,0.91157,0.99994,0.89042,0.9995,0.73669,0.71747,0.91172,0.97523,0.99814,0.76777,0.99087,0.85982,0.92722,1.00094,0.96676,0.98253,0.96926,0.94429,0.98967,0.4507,0.80005,0.90986,0.75905,0.97494,0.96895,0.96838,0.50109,0.89058,0.89845,0.72354,0.98549,0.98063,0.95247,0.85485,0.99751,0.99943,0.94929,0.99732,0.84667,0.94043,0.86364,0.98395,0.99999,0.86486,0.99887,0.7175,0.73377
32.46,0.89632,0.99946,0.98458,0.73722,0.99942,0.97475,0.97959,0.84054,0.87876,0.72383,0.98858,0.99449,0.97396,0.98721,0.69598,0.93052,0.68186,0.97745,0.99798,0.93642,0.90962,0.90229,0.99946,0.90987,0.99954,0.73585,0.71805,0.91116,0.9746,0.99901,0.76854,0.99055,0.86058,0.92644,0.99731,0.96745,0.98021,0.96995,0.94325,0.98967,0.45315,0.80427,0.90943,0.75897,0.97479,0.97,0.96221,0.51207,0.90065,0.89955,0.72261,0.98689,0.97943,0.9523,0.86711,0.99532,0.99996,0.96154,0.99721,0.84726,0.93997,0.86458,0.98436,1.00003,0.86541,0.99873,0.71635,0.7347
32.48,0.90163,0.99937,0.9864,0.73874,0.99931,0.97475,0.97993,0.83726,0.87874,0.72365,0.98869,0.99497,0.96702,0.98855,0.67678,0.93166,0.68073,0.97524,0.99755,0.93579,0.90172,0.89092,0.99868,0.92975,0.99961,0.73501,0.71861,0.91055,0.97414,0.99981,0.76986,0.99018,0.86153,0.92547,0.99325,0.96819,0.97771,0.9707,0.94212,0.98967,0.45559,0.80988,0.90942,0.75881,0.97462,0.97116,0.95383,0.5237,0.91057,0.90071,0.72163,0.98831,0.9781,0.95176,0.87945,0.9919,1.00005,0.97346,0.99695,0.84785,0.93953,0.86558,0.98466,0.99969,0.86636,0.99856,0.71491,0.73586
32.5,0.90575,0.99931,0.98811,0.73996,0.99921,0.97475,0.9803,0.83539,0.87777,0.7236,0.98877,0.99539,0.96175,0.98965,0.65912,0.93272,0.67957,0.97334,0.99716,0.93569,0.89404,0.88277,0.99726,0.9432,0.99959,0.73413,0.71928,0.9099,0.97406,1.00001,0.77018,0.98993,0.86217,0.92481,0.98998,0.96868,0.97507,0.9713,0.94116,0.98967,0.45824,0.81307,0.9084,0.75877,0.97448,0.97219,0.94755,0.53359,0.91945,0.90177,0.72063,0.98942,0.97693,0.95167,0.89045,0.98903,0.99963,0.98105,0.99705,0.84847,0.93901,0.86665,0.9847,0.99935,0.86659,0.99844,0.71394,0.73663
32.52,0.90686,0.99932,0.9897,0.7404,0.99916,0.97475,0.98072,0.8378,0.8741,0.72396,0.98878,0.99562,0.96392,0.99024,0.64462,0.93354,0.67844,0.97242,0.99693,0.93739,0.88782,0.88429,0.99427,0.94483,0.9992,0.73313,0.72026,0.90922,0.97408,0.99931,0.76742,0.99003,0.86182,0.92518,0.98908,0.9686,0.97229,0.97151,0.94069,0.98967,0.4613,0.80895,0.9046,0.75908,0.97445,0.97277,0.95013,0.53914,0.92656,0.9026,0.71965,0.98992,0.97627,0.95313,0.89869,0.98959,0.99792,0.98193,0.99801,0.84916,0.93823,0.86776,0.98469,0.99997,0.86461,0.99848,0.71448,0.73619
32.54,0.90691,0.99936,0.99115,0.74052,0.99913,0.97475,0.98116,0.84162,0.86942,0.72445,0.98877,0.9958,0.96834,0.99065,0.63163,0.93426,0.67733,0.97191,0.99677,0.93962,0.88212,0.88964,0.98963,0.9423,0.9985,0.73211,0.72134,0.90854,0.97445,0.99697,0.76363,0.99025,0.86114,0.92588,0.98904,0.9683,0.9694,0.97157,0.9404,0.98967,0.46452,0.8024,0.89972,0.75951,0.97447,0.97324,0.95541,0.54301,0.93278,0.90333,0.71869,0.99019,0.97583,0.95503,0.90577,0.99147,0.9945,0.98055,0.999,0.84987,0.93737,0.86887,0.98446,0.99972,0.86188,0.99859,0.7155,0.73536
32.56,0.90746,0.99939,0.99248,0.74076,0.99909,0.97475,0.98158,0.84469,0.8652,0.72486,0.98877,0.99601,0.97134,0.9911,0.61873,0.93499,0.67625,0.97123,0.99658,0.94155,0.87611,0.8935,0.98403,0.94138,0.99772,0.73114,0.72235,0.9079,0.97484,0.99387,0.76038,0.9904,0.86065,0.92639,0.98859,0.96809,0.96641,0.97169,0.94003,0.98967,0.46759,0.79713,0.89529,0.75986,0.97447,0.97377,0.95903,0.54747,0.93881,0.90408,0.71775,0.99054,0.97531,0.95668,0.9128,0.99274,0.98981,0.98005,0.9996,0.85055,0.93657,0.8699,0.98421,0.99853,0.85952,0.99866,0.71625,0.73476
32.58,0.90791,0.99941,0.99381,0.74114,0.99904,0.97475,0.98203,0.84801,0.86046,0.72535,0.98877,0.99619,0.97475,0.99161,0.60457,0.93585,0.67498,0.97042,0.99634,0.94346,0.86923,0.89592,0.9768,0.94162,0.99664,0.73001,0.72351,0.90703,0.97454,0.98866,0.75668,0.99059,0.86001,0.92704,0.98822,0.96788,0.96299,0.97187,0.93962,0.98967,0.4709,0.7914,0.89028,0.76028,0.97447,0.97425,0.96318,0.55252,0.94525,0.90495,0.71665,0.99095,0.97465,0.9583,0.9203,0.9935,0.9833,0.98018,0.99999,0.85133,0.93564,0.87128,0.9844,0.99585,0.85685,0.99875,0.71721,0.73398
32.6,0.90832,0.99944,0.9948,0.74113,0.99901,0.97475,0.98241,0.85104,0.85637,0.72573,0.98877,0.99639,0.97734,0.99194,0.5942,0.9364,0.67412,0.96997,0.99622,0.94545,0.86391,0.902,0.9691,0.93843,0.99558,0.72921,0.72437,0.90665,0.97572,0.98407,0.7536,0.99073,0.85959,0.92748,0.98788,0.96764,0.96006,0.97187,0.93935,0.98967,0.47376,0.78612,0.88594,0.76061,0.97447,0.97478,0.96636,0.55587,0.94983,0.90551,0.71591,0.99117,0.97432,0.95998,0.92575,0.99524,0.97604,0.97841,1.00009,0.85188,0.93495,0.87189,0.98362,0.99318,0.85462,0.99881,0.71785,0.73346
32.62,0.90894,0.99947,0.99517,0.74036,0.99902,0.97475,0.98259,0.85305,0.85462,0.72564,0.98876,0.99667,0.97767,0.99187,0.59286,0.93614,0.67434,0.97042,0.99642,0.9477,0.86288,0.91639,0.96292,0.92569,0.99518,0.72936,0.72435,0.90744,0.9805,0.98549,0.75234,0.99069,0.85984,0.92724,0.98737,0.96737,0.95887,0.97149,0.93942,0.98967,0.47514,0.78263,0.88408,0.76054,0.97449,0.97555,0.96676,0.55517,0.95041,0.90524,0.7161,0.99095,0.97488,0.96188,0.92677,0.99842,0.97005,0.97109,1.00007,0.85178,0.93497,0.87063,0.98004,0.99403,0.85371,0.99879,0.71747,0.73375
32.64,0.90955,0.9995,0.99532,0.73918,0.99905,0.97475,0.98272,0.85476,0.85365,0.72549,0.98875,0.99696,0.97733,0.99164,0.59503,0.93556,0.675,0.97122,0.99674,0.94998,0.86363,0.93263,0.95732,0.90781,0.99503,0.72986,0.72402,0.90875,0.98589,0.98879,0.75181,0.9906,0.86031,0.92678,0.98687,0.9671,0.95836,0.97092,0.93963,0.98967,0.47611,0.77964,0.88304,0.7604,0.97451,0.97635,0.96635,0.55281,0.94947,0.90466,0.71667,0.99055,0.97574,0.9638,0.92603,1.00001,0.96453,0.96027,1.00006,0.85144,0.93524,0.86853,0.97491,0.99592,0.85332,0.99875,0.71676,0.7343
32.66,0.91012,0.99953,0.99556,0.73804,0.99906,0.97475,0.98289,0.85659,0.85227,0.72549,0.98874,0.99721,0.97731,0.99147,0.59582,0.93513,0.67552,0.97187,0.99699,0.9521,0.86376,0.94602,0.95103,0.89033,0.99476,0.7302,0.72382,0.90994,0.98999,0.99092,0.75103,0.99053,0.86068,0.92642,0.98639,0.96686,0.95754,0.97036,0.93979,0.98967,0.47742,0.77643,0.88156,0.76041,0.97453,0.97709,0.96632,0.5511,0.94912,0.90422,0.71712,0.99022,0.97644,0.96558,0.9259,0.99919,0.95825,0.94924,1.00004,0.8512,0.93539,0.86659,0.96979,0.99707,0.85275,0.99872,0.71621,0.73472
32.68,0.91081,0.99957,0.99581,0.73746,0.99908,0.97475,0.98298,0.85842,0.85102,0.72497,0.98872,0.99751,0.97728,0.99134,0.59573,0.93469,0.67581,0.97246,0.99724,0.95449,0.86316,0.95769,0.9431,0.86952,0.99447,0.73053,0.72364,0.91063,0.99339,0.99278,0.74978,0.99047,0.86106,0.92604,0.98581,0.96646,0.95662,0.97007,0.93993,0.98967,0.47811,0.77322,0.88023,0.75995,0.97455,0.97795,0.96628,0.54975,0.94916,0.90377,0.71737,0.9899,0.97717,0.96758,0.9265,0.99626,0.95023,0.93564,1,0.85098,0.93554,0.86546,0.96421,0.99801,0.85184,0.99869,0.71563,0.73517
32.7,0.91125,0.99957,0.99596,0.73567,0.9991,0.97475,0.98322,0.86015,0.8497,0.7255,0.98871,0.99769,0.97711,0.99108,0.59831,0.93418,0.67665,0.97321,0.99748,0.95618,0.86445,0.96877,0.93758,0.84993,0.99425,0.73096,0.72337,0.91241,0.99622,0.99481,0.7498,0.99037,0.86146,0.92566,0.98544,0.96638,0.95608,0.96917,0.94013,0.98967,0.47996,0.77017,0.87881,0.76041,0.97457,0.97853,0.96607,0.54725,0.94802,0.90325,0.7181,0.98949,0.97788,0.96898,0.92521,0.99069,0.94458,0.9225,0.99996,0.85067,0.93576,0.86247,0.95779,0.99893,0.85186,0.99865,0.71503,0.73563
32.72,0.91105,0.99948,0.99588,0.73032,0.99914,0.97475,0.9839,0.86163,0.8479,0.72922,0.98871,0.99763,0.97653,0.99054,0.6074,0.93355,0.67908,0.97433,0.99767,0.95608,0.87071,0.97994,0.94019,0.83871,0.99418,0.7317,0.72288,0.91741,0.99845,0.99724,0.7522,0.99014,0.86191,0.92526,0.98561,0.96732,0.95637,0.96644,0.94049,0.98967,0.48518,0.76755,0.87687,0.76364,0.97457,0.97834,0.96536,0.54196,0.94398,0.90262,0.7202,0.98885,0.97846,0.9689,0.91874,0.98062,0.94726,0.91484,0.99995,0.85016,0.93615,0.85377,0.95002,0.9998,0.8536,0.99854,0.71435,0.7361
32.74,0.91059,0.99933,0.9957,0.7238,0.99919,0.97475,0.98471,0.86303,0.84601,0.73391,0.98871,0.99748,0.97585,0.98985,0.6193,0.93285,0.682,0.97556,0.99784,0.95532,0.87852,0.98906,0.94545,0.83061,0.99417,0.73253,0.72233,0.92322,0.99974,0.99905,0.75602,0.98987,0.86237,0.92486,0.986,0.96854,0.95704,0.96296,0.94091,0.98967,0.49152,0.76507,0.87483,0.7677,0.97457,0.97788,0.96452,0.53552,0.93855,0.90191,0.72273,0.98811,0.979,0.96826,0.91003,0.96605,0.95262,0.90927,0.99994,0.84958,0.93659,0.84297,0.94127,1.00002,0.85637,0.99841,0.71365,0.73657
32.76,0.91019,0.9992,0.99554,0.71798,0.99923,0.97475,0.98542,0.86449,0.84419,0.73792,0.98871,0.99737,0.97532,0.9892,0.63028,0.93217,0.68455,0.97669,0.99801,0.95483,0.88517,0.99521,0.94903,0.82094,0.99411,0.73327,0.72185,0.92817,1,0.99991,0.75978,0.98964,0.86279,0.92449,0.98633,0.96954,0.9576,0.95972,0.94129,0.98967,0.49723,0.76247,0.87288,0.77117,0.97458,0.97754,0.96387,0.52953,0.93342,0.90121,0.72494,0.98739,0.97955,0.96786,0.90204,0.94833,0.95624,0.90256,0.99993,0.84907,0.93698,0.83311,0.9321,0.99955,0.85909,0.9983,0.713,0.73701
32.78,0.90997,0.99901,0.99546,0.71121,0.99927,0.97475,0.98615,0.8658,0.84216,0.74269,0.98872,0.99726,0.97429,0.98853,0.64133,0.93152,0.68763,0.97786,0.99818,0.95443,0.89237,0.99908,0.95364,0.80968,0.99414,0.73421,0.72121,0.93389,0.99919,0.99993,0.76093,0.9893,0.86333,0.92401,0.98651,0.97081,0.9579,0.95582,0.94171,0.98967,0.5032,0.76014,0.87068,0.77531,0.97456,0.97722,0.96261,0.52347,0.92815,0.90057,0.72761,0.98661,0.98009,0.96752,0.89272,0.92471,0.96086,0.89468,0.99994,0.84841,0.93748,0.82089,0.92166,0.9981,0.85992,0.99812,0.71218,0.73758
32.8,0.90937,0.99889,0.99519,0.70603,0.99931,0.97475,0.98683,0.86738,0.84054,0.74603,0.9887,0.99711,0.97423,0.98782,0.65341,0.93076,0.68971,0.97889,0.99833,0.95368,0.89823,1.00001,0.9563,0.80184,0.994,0.73476,0.72087,0.93769,0.99755,0.99936,0.76779,0.98919,0.86364,0.92375,0.98702,0.97153,0.9588,0.95273,0.94206,0.98967,0.50881,0.75732,0.86893,0.7782,0.9746,0.97677,0.96254,0.51727,0.92227,0.89979,0.72941,0.98588,0.98061,0.9669,0.88457,0.90169,0.96352,0.88916,0.99991,0.84802,0.93775,0.81223,0.91172,0.9967,0.86487,0.99807,0.7117,0.73788
32.82,0.90736,0.99901,0.99441,0.70572,0.99932,0.97475,0.98734,0.86979,0.83999,0.74519,0.98853,0.99685,0.97707,0.98702,0.66784,0.92977,0.68867,0.97963,0.99847,0.95227,0.90028,0.99978,0.95346,0.80392,0.99333,0.73423,0.72141,0.93656,0.99603,0.99982,0.78899,0.98965,0.86324,0.92417,0.98867,0.97079,0.96127,0.95254,0.9422,0.98967,0.51311,0.75302,0.86834,0.77747,0.97487,0.97605,0.96603,0.51042,0.91509,0.8988,0.72851,0.98533,0.98108,0.96572,0.88159,0.89109,0.96069,0.89063,0.99975,0.8484,0.93732,0.81485,0.90504,0.99776,0.88005,0.9983,0.71232,0.73739
32.84,0.90502,0.9992,0.99336,0.70709,0.99933,0.97475,0.9878,0.87244,0.8399,0.74293,0.98833,0.99654,0.98059,0.9862,0.68323,0.92864,0.68666,0.98026,0.99859,0.9505,0.90121,0.99953,0.94859,0.80951,0.99243,0.73331,0.72225,0.93362,0.99454,1.00005,0.81431,0.99034,0.86261,0.92481,0.99057,0.96948,0.96419,0.95337,0.94227,0.98967,0.51706,0.74825,0.86824,0.77551,0.9752,0.9752,0.97039,0.5036,0.90726,0.89766,0.72677,0.98485,0.98152,0.96423,0.88022,0.88546,0.95579,0.89456,0.99948,0.84904,0.93665,0.82149,0.89948,0.99917,0.89793,0.99863,0.71327,0.73664
32.86,0.90305,0.99935,0.99234,0.70765,0.99934,0.97475,0.98827,0.8749,0.83969,0.74137,0.98817,0.99624,0.98334,0.9854,0.69832,0.92748,0.68528,0.9809,0.99871,0.94874,0.90282,0.99898,0.94442,0.81307,0.99158,0.73258,0.72295,0.93142,0.99258,0.99968,0.8361,0.99095,0.86214,0.9253,0.99213,0.96839,0.96674,0.9537,0.94236,0.98967,0.52119,0.74382,0.86801,0.77416,0.97547,0.97438,0.97385,0.49707,0.89942,0.89651,0.72558,0.98434,0.98196,0.96276,0.8778,0.87703,0.95157,0.89706,0.99916,0.84955,0.93609,0.82628,0.89301,0.9998,0.91305,0.99891,0.71399,0.73605
32.88,0.89993,0.99947,0.99118,0.70833,0.99935,0.97475,0.9887,0.8775,0.83911,0.73955,0.98791,0.99592,0.98635,0.98436,0.71533,0.92662,0.6831,0.9816,0.99883,0.94733,0.90371,0.99827,0.94005,0.81824,0.99061,0.73181,0.72369,0.92936,0.99048,0.9987,0.85567,0.99136,0.86145,0.92597,0.99457,0.96736,0.96935,0.95411,0.94252,0.98967,0.52504,0.7391,0.86738,0.77259,0.97589,0.97355,0.9777,0.48878,0.8904,0.89565,0.72368,0.98377,0.98242,0.96157,0.87645,0.8687,0.94711,0.90068,0.99876,0.85008,0.9355,0.83064,0.88677,1.00004,0.92638,0.99908,0.71504,0.73527
32.9,0.89908,0.99961,0.99004,0.7092,0.99935,0.97475,0.98919,0.87982,0.83939,0.73793,0.98784,0.99559,0.98835,0.98377,0.72933,0.92511,0.68235,0.98213,0.99893,0.94512,0.90575,0.99745,0.93512,0.82077,0.98969,0.73102,0.72441,0.92643,0.98793,0.99734,0.87652,0.99217,0.86115,0.92633,0.99522,0.966,0.97164,0.95463,0.94251,0.98967,0.52944,0.73487,0.86769,0.77119,0.976,0.97269,0.98031,0.48415,0.88284,0.89414,0.72303,0.98332,0.98282,0.9597,0.8733,0.86073,0.94206,0.90244,0.99832,0.85063,0.93492,0.83664,0.87987,0.99983,0.94026,0.99939,0.71549,0.73484
32.92,0.90462,0.99979,0.98919,0.71003,0.99931,0.97475,0.98976,0.88113,0.84205,0.73703,0.98836,0.99521,0.98803,0.98438,0.73446,0.92172,0.68578,0.98227,0.999,0.93993,0.91139,0.99645,0.92886,0.8148,0.98906,0.73018,0.72507,0.92153,0.98394,0.99654,0.902,0.99404,0.86203,0.92578,0.99089,0.96387,0.97322,0.95512,0.94206,0.98967,0.53462,0.73248,0.87056,0.7704,0.97516,0.97176,0.97989,0.48896,0.88005,0.89077,0.72601,0.9832,0.9831,0.95529,0.86419,0.85237,0.9356,0.89827,0.998,0.85121,0.93439,0.84618,0.87009,0.99959,0.95664,0.99992,0.71415,0.73548
32.94,0.91219,0.99993,0.98843,0.71102,0.99925,0.97475,0.99038,0.8822,0.84549,0.73642,0.98904,0.99482,0.98694,0.98547,0.73602,0.91759,0.69066,0.98226,0.99905,0.93379,0.9179,0.99536,0.92208,0.806,0.98853,0.72934,0.72569,0.91564,0.97921,0.99596,0.92621,0.99593,0.8633,0.92493,0.98465,0.96137,0.97454,0.95571,0.94146,0.98967,0.54051,0.73051,0.87428,0.76987,0.974,0.97079,0.97847,0.49761,0.87919,0.88671,0.73023,0.98321,0.98333,0.95005,0.85288,0.84433,0.92855,0.8921,0.99772,0.8518,0.93389,0.85691,0.85954,0.99939,0.9714,1.00008,0.71222,0.73649
32.96,0.91848,1.00001,0.9876,0.71201,0.99919,0.97475,0.99101,0.88352,0.84844,0.73579,0.9896,0.99442,0.98623,0.98636,0.73888,0.91372,0.69484,0.9823,0.99911,0.92828,0.92354,0.99414,0.91552,0.7986,0.98794,0.72853,0.72631,0.90993,0.9743,0.99518,0.94593,0.99732,0.86436,0.92424,0.97916,0.95894,0.97589,0.95629,0.94094,0.98967,0.54654,0.72808,0.87746,0.76933,0.97301,0.96983,0.97755,0.50492,0.87762,0.88292,0.73385,0.98317,0.98356,0.94532,0.84234,0.83612,0.9217,0.88688,0.99739,0.85236,0.93339,0.8666,0.84943,0.99909,0.98252,0.99979,0.7106,0.73731
32.98,0.92461,1.00004,0.98667,0.71274,0.99912,0.97475,0.99139,0.88423,0.85174,0.73458,0.99025,0.99398,0.98528,0.98699,0.74324,0.90952,0.69895,0.98238,0.99917,0.92001,0.92966,0.99258,0.90677,0.78972,0.98726,0.72758,0.72702,0.90395,0.96732,0.99425,0.96422,0.99857,0.86555,0.92346,0.97351,0.95635,0.97732,0.95672,0.94032,0.98967,0.55032,0.72678,0.88099,0.76828,0.9718,0.96881,0.97633,0.51014,0.87522,0.87884,0.73741,0.9831,0.98385,0.93816,0.83002,0.82657,0.91251,0.88057,0.997,0.85301,0.9328,0.87608,0.83609,0.99869,0.99167,0.99893,0.70877,0.73822
33,0.93081,1.00002,0.9859,0.71404,0.99907,0.97475,0.99224,0.88612,0.85441,0.73471,0.99071,0.99357,0.98456,0.98819,0.74363,0.90557,0.70349,0.98235,0.99921,0.91656,0.93438,0.9913,0.90171,0.78281,0.98677,0.72691,0.72752,0.89777,0.96297,0.99357,0.97624,0.99924,0.86654,0.92277,0.96745,0.95382,0.97843,0.95747,0.93988,0.98967,0.55892,0.72328,0.88385,0.76839,0.9709,0.96786,0.9754,0.52052,0.875,0.87503,0.74135,0.98313,0.98401,0.93516,0.8198,0.81925,0.90716,0.87564,0.99671,0.85346,0.93239,0.88523,0.82825,0.99839,0.99661,0.99794,0.70724,0.73903
33.02,0.93712,0.99996,0.98569,0.7168,0.99909,0.97475,0.99413,0.89132,0.85535,0.73821,0.99066,0.99322,0.9847,0.99066,0.73402,0.90256,0.70864,0.98203,0.99916,0.92797,0.93577,0.99112,0.90807,0.78228,0.98679,0.72704,0.72741,0.89157,0.96788,0.99362,0.97994,0.99921,0.86691,0.9224,0.96089,0.95171,0.97873,0.95906,0.94,0.98967,0.5797,0.71361,0.88485,0.77143,0.97099,0.96706,0.97559,0.54319,0.88029,0.87214,0.7458,0.9834,0.98381,0.94504,0.81666,0.81827,0.91387,0.87527,0.99672,0.85338,0.93249,0.89378,0.83713,0.99841,0.99785,0.998,0.70666,0.73946
33.04,0.94334,0.99987,0.98567,0.72012,0.99912,0.97475,0.9961,0.89752,0.85565,0.74306,0.99044,0.9929,0.98512,0.9933,0.72072,0.8999,0.7142,0.9816,0.99909,0.94286,0.93596,0.9914,0.91796,0.78406,0.987,0.72745,0.72707,0.88523,0.97529,0.99401,0.98098,0.99895,0.86708,0.92213,0.95395,0.94972,0.97875,0.96093,0.94031,0.98967,0.60471,0.70193,0.88517,0.77563,0.97143,0.96635,0.97613,0.57027,0.8875,0.8696,0.75062,0.98377,0.98349,0.95779,0.81623,0.81981,0.92426,0.87654,0.99685,0.8531,0.93276,0.90196,0.85142,0.99859,0.99816,0.99844,0.70639,0.73977
33.06,0.94915,0.99975,0.98554,0.72321,0.99915,0.97475,0.99757,0.90301,0.85619,0.74739,0.9903,0.99257,0.98541,0.99536,0.70933,0.89711,0.71967,0.98123,0.99903,0.95393,0.93662,0.9915,0.92553,0.78489,0.98712,0.72771,0.72686,0.87873,0.98057,0.99431,0.9828,0.99879,0.86734,0.92182,0.94701,0.94762,0.97893,0.96263,0.94052,0.98967,0.62726,0.69145,0.88575,0.77938,0.97171,0.96563,0.9765,0.59478,0.89361,0.86694,0.75536,0.98408,0.98323,0.96711,0.81472,0.82034,0.93214,0.87713,0.99692,0.85292,0.93294,0.9098,0.86247,0.99872,0.99867,0.99867,0.706,0.74013
33.08,0.9547,0.9996,0.98552,0.72617,0.99918,0.97475,0.99862,0.90851,0.85696,0.75107,0.99016,0.99216,0.98568,0.99694,0.69802,0.8939,0.72441,0.9808,0.99895,0.96522,0.93764,0.99149,0.9334,0.78514,0.98728,0.72805,0.72656,0.87188,0.98546,0.99435,0.98552,0.99857,0.86762,0.92148,0.93987,0.94543,0.97896,0.96423,0.94081,0.98967,0.64756,0.68081,0.88656,0.78257,0.97197,0.96474,0.97684,0.61687,0.89958,0.86388,0.75947,0.98442,0.98292,0.97642,0.81235,0.82029,0.94029,0.87731,0.99702,0.85268,0.93318,0.91748,0.8737,0.99874,0.99932,0.99892,0.70555,0.74053
33.1,0.95984,0.99943,0.98531,0.72949,0.99919,0.97475,0.99949,0.91375,0.85708,0.75634,0.98996,0.9919,0.98607,0.9984,0.68624,0.89155,0.73062,0.98044,0.99889,0.97313,0.93757,0.9918,0.94026,0.78723,0.9874,0.72828,0.72638,0.8652,0.98963,0.99495,0.98559,0.99835,0.8678,0.92123,0.93273,0.94336,0.97924,0.966,0.94097,0.98967,0.67154,0.6705,0.8867,0.78714,0.97234,0.96419,0.97734,0.64285,0.90571,0.86165,0.76485,0.98471,0.98267,0.98277,0.81252,0.82205,0.94733,0.8788,0.99708,0.85252,0.93333,0.92446,0.8844,0.999,0.99933,0.99915,0.70528,0.74081
33.12,0.9644,0.99927,0.98453,0.73363,0.99916,0.97475,0.99996,0.91854,0.85565,0.7653,0.98966,0.99214,0.98668,0.99966,0.67368,0.89177,0.74035,0.98033,0.9989,0.97454,0.93496,0.99282,0.94463,0.79324,0.98734,0.72816,0.72652,0.85951,0.99272,0.99682,0.9785,0.9982,0.86768,0.9213,0.92589,0.94162,0.98028,0.96814,0.94069,0.98967,0.70448,0.66095,0.88517,0.79491,0.97291,0.96469,0.97814,0.67829,0.91214,0.86186,0.77328,0.9848,0.9827,0.98388,0.81849,0.82798,0.95178,0.88308,0.99705,0.85261,0.93321,0.93003,0.89342,0.99968,0.99739,0.99928,0.70546,0.74074
33.14,0.96858,0.99911,0.98352,0.73812,0.99912,0.97475,0.99938,0.92304,0.85356,0.77567,0.98929,0.99252,0.98741,0.9999,0.66088,0.89285,0.75141,0.98029,0.99892,0.97408,0.93116,0.99404,0.9482,0.80099,0.98724,0.72791,0.72678,0.85406,0.9952,0.99856,0.96634,0.99805,0.86746,0.92146,0.91911,0.94003,0.98153,0.97039,0.94028,0.98967,0.73939,0.65184,0.88294,0.8039,0.97356,0.96553,0.97908,0.71585,0.91858,0.86289,0.78287,0.98483,0.98279,0.98352,0.82684,0.8355,0.95539,0.88856,0.99699,0.85278,0.933,0.93508,0.90186,1.00003,0.99262,0.99939,0.7058,0.74056
33.16,0.97254,0.99893,0.98259,0.74245,0.99908,0.97475,0.99775,0.92737,0.85171,0.78532,0.98895,0.9928,0.98809,0.99898,0.64856,0.89343,0.76181,0.9802,0.99893,0.9746,0.92763,0.99505,0.95187,0.80811,0.98715,0.7277,0.72699,0.84824,0.99718,0.99955,0.95351,0.99789,0.86732,0.92154,0.91217,0.9384,0.98262,0.9725,0.93996,0.98967,0.77073,0.64295,0.88096,0.81226,0.97416,0.96613,0.97997,0.74963,0.92464,0.86344,0.79188,0.9849,0.98282,0.98392,0.83422,0.84219,0.95909,0.89358,0.99694,0.85292,0.93283,0.94016,0.90998,0.99988,0.98649,0.99949,0.70602,0.74046
33.18,0.97629,0.9987,0.98158,0.74666,0.99903,0.97475,0.99512,0.93207,0.85,0.79394,0.98858,0.9932,0.98864,0.99698,0.63614,0.8945,0.77099,0.98015,0.99897,0.97468,0.92464,0.99593,0.95571,0.81379,0.98709,0.72755,0.72717,0.84276,0.9987,1.00004,0.9384,0.99772,0.86705,0.92176,0.90501,0.9365,0.98373,0.97448,0.93951,0.98967,0.79944,0.63314,0.87913,0.81975,0.97479,0.96703,0.9807,0.78049,0.93064,0.86445,0.79984,0.98493,0.98298,0.98399,0.84019,0.84846,0.96293,0.89756,0.9969,0.85302,0.93268,0.94467,0.91812,0.99919,0.97839,0.99959,0.70645,0.74021
33.2,0.97962,0.99853,0.9806,0.75115,0.99901,0.97475,0.99117,0.93556,0.84783,0.80436,0.98824,0.99336,0.98942,0.99363,0.62463,0.89473,0.78232,0.98005,0.99894,0.97517,0.91996,0.99684,0.95863,0.82245,0.98695,0.72725,0.72745,0.83629,0.99957,0.99997,0.92047,0.99756,0.86703,0.92173,0.89805,0.93513,0.98475,0.97652,0.9393,0.98967,0.82808,0.62573,0.8768,0.82878,0.97535,0.96739,0.98173,0.81152,0.93607,0.86467,0.80967,0.98502,0.98288,0.98438,0.84912,0.85548,0.96583,0.90361,0.99682,0.85323,0.93245,0.94967,0.92506,0.99822,0.96799,0.99968,0.70647,0.74024
33.22,0.98242,0.99854,0.97982,0.75644,0.99906,0.97475,0.98505,0.9362,0.84445,0.81939,0.98804,0.99278,0.99079,0.98801,0.61492,0.89251,0.79947,0.97975,0.99871,0.97721,0.91077,0.99786,0.95939,0.83869,0.9866,0.72655,0.72798,0.82722,0.9999,0.99983,0.89873,0.9974,0.86779,0.92098,0.89167,0.93523,0.98552,0.97882,0.93972,0.98967,0.85885,0.62436,0.87315,0.84182,0.97567,0.9661,0.98356,0.84531,0.94056,0.86257,0.82454,0.98524,0.98199,0.98597,0.86522,0.8646,0.96658,0.91483,0.99661,0.85371,0.93202,0.95614,0.92952,0.99777,0.95458,0.99975,0.70529,0.74111
33.24,0.98488,0.99863,0.97909,0.76199,0.99913,0.97475,0.97689,0.93577,0.84059,0.83556,0.98789,0.99194,0.99226,0.98017,0.6061,0.88936,0.81797,0.97939,0.99838,0.9796,0.89928,0.99875,0.95941,0.85686,0.98616,0.7257,0.72861,0.81691,1.00002,0.99977,0.87395,0.99725,0.86881,0.91998,0.88555,0.93588,0.98621,0.98112,0.94038,0.98967,0.88793,0.62527,0.86899,0.85586,0.97592,0.96426,0.98556,0.87738,0.94456,0.85959,0.84059,0.98551,0.98079,0.9878,0.88305,0.87413,0.9666,0.92719,0.99634,0.85429,0.9315,0.96276,0.93306,0.99762,0.93857,0.99981,0.70369,0.74226
33.26,0.98718,0.99867,0.97831,0.76734,0.99919,0.97475,0.96727,0.93578,0.83694,0.85021,0.9877,0.99121,0.9935,0.97068,0.5973,0.88652,0.83456,0.97906,0.99806,0.98166,0.88794,0.99937,0.95981,0.87278,0.98576,0.72493,0.72919,0.80667,0.99999,0.99967,0.84744,0.9971,0.8697,0.9191,0.87928,0.93628,0.98691,0.98323,0.94095,0.98967,0.91295,0.62525,0.86503,0.86859,0.97621,0.96271,0.9873,0.90491,0.94847,0.85692,0.855,0.98576,0.9797,0.98937,0.89854,0.8828,0.967,0.9378,0.99608,0.85482,0.93103,0.96865,0.93684,0.99737,0.92081,0.99987,0.7023,0.74327
33.28,0.9894,0.99873,0.97752,0.77284,0.99924,0.97475,0.95552,0.93597,0.83302,0.86431,0.98754,0.99025,0.99471,0.95892,0.58775,0.88395,0.85095,0.9787,0.99768,0.98358,0.87603,0.99982,0.95998,0.8879,0.98533,0.72412,0.7298,0.79657,0.9998,0.99941,0.81446,0.99689,0.87063,0.91817,0.8726,0.93671,0.9876,0.98527,0.94142,0.98967,0.93556,0.62485,0.86075,0.88084,0.97647,0.96072,0.98902,0.9297,0.95262,0.85451,0.86923,0.98602,0.97849,0.99081,0.91289,0.89201,0.96716,0.94767,0.99581,0.85537,0.93053,0.97383,0.94055,0.99679,0.89804,0.99993,0.70083,0.74434
33.3,0.99119,0.99878,0.97673,0.77799,0.99931,0.97475,0.94294,0.93556,0.82945,0.87775,0.98734,0.9896,0.9957,0.94605,0.58036,0.88048,0.86568,0.97838,0.99731,0.98555,0.86299,0.99999,0.96047,0.90228,0.98492,0.72335,0.73037,0.78509,0.99947,0.99948,0.78726,0.9968,0.87152,0.91728,0.86662,0.93718,0.98825,0.98707,0.94213,0.98967,0.95361,0.62573,0.85685,0.89252,0.97677,0.95941,0.99048,0.94962,0.95576,0.85126,0.88203,0.98625,0.97738,0.99225,0.92666,0.89929,0.96765,0.95682,0.99554,0.85589,0.93005,0.97901,0.94393,0.99694,0.87882,0.99995,0.69941,0.74536
33.32,0.99225,0.99883,0.97593,0.7823,0.99945,0.97475,0.93162,0.93364,0.82699,0.89069,0.98704,0.99003,0.99633,0.93401,0.57821,0.87456,0.8775,0.97818,0.99706,0.98777,0.84798,1.00001,0.96206,0.9158,0.98456,0.72272,0.73086,0.77021,0.9991,1.00005,0.78327,0.99703,0.87229,0.91652,0.86274,0.93758,0.98889,0.9885,0.94351,0.98967,0.96603,0.62981,0.85416,0.90378,0.97723,0.96029,0.99144,0.96366,0.95666,0.84575,0.89231,0.98639,0.97664,0.99384,0.94038,0.90176,0.96921,0.96517,0.9953,0.85632,0.92965,0.98472,0.94659,0.9987,0.87597,0.99989,0.69818,0.74623
33.34,0.99305,0.99888,0.97512,0.78624,0.99959,0.97475,0.92051,0.93114,0.82495,0.90282,0.98669,0.99081,0.99683,0.92191,0.57804,0.86762,0.88793,0.97802,0.99686,0.98992,0.83176,1.00001,0.96396,0.92841,0.98421,0.72215,0.73131,0.7537,0.99866,0.99947,0.78843,0.99736,0.87301,0.91582,0.85961,0.93799,0.98949,0.98973,0.94508,0.98967,0.9756,0.63508,0.85192,0.91434,0.97774,0.96188,0.99222,0.97452,0.95673,0.83933,0.90138,0.9865,0.97606,0.99532,0.95298,0.90265,0.97107,0.97268,0.99508,0.8567,0.92927,0.98983,0.94904,0.99992,0.87965,0.99977,0.69703,0.74703
33.36,0.99391,0.99893,0.97432,0.79026,0.9997,0.97475,0.90817,0.92893,0.82276,0.91401,0.98637,0.99139,0.99733,0.90844,0.57706,0.86099,0.89805,0.97784,0.99663,0.99178,0.81517,1.00001,0.96565,0.9399,0.98386,0.72157,0.73177,0.73727,0.99809,0.99769,0.7898,0.99763,0.87374,0.91511,0.85605,0.9384,0.99007,0.99092,0.9465,0.98967,0.98383,0.6397,0.84951,0.92409,0.9782,0.96309,0.99301,0.98367,0.95714,0.83323,0.91019,0.98662,0.97544,0.99655,0.96381,0.90435,0.97271,0.97923,0.99484,0.85709,0.92889,0.99377,0.95161,0.99991,0.88063,0.99964,0.69587,0.74783
33.38,0.99465,0.99898,0.97341,0.79456,0.99981,0.97475,0.89399,0.92631,0.82031,0.9256,0.98601,0.99199,0.9978,0.89289,0.57577,0.85378,0.90859,0.97765,0.99633,0.99359,0.7966,1,0.96732,0.95067,0.98348,0.72092,0.73228,0.71971,0.99756,0.99458,0.78956,0.99787,0.87455,0.91428,0.85274,0.93882,0.9907,0.99212,0.94807,0.98967,0.99076,0.64513,0.84681,0.93419,0.97871,0.96438,0.9938,0.9912,0.95768,0.82665,0.91937,0.98675,0.97461,0.99768,0.97381,0.9056,0.97432,0.98503,0.99458,0.85753,0.92847,0.99682,0.95361,0.99884,0.88046,0.99951,0.69455,0.74876
33.4,0.99542,0.99902,0.97269,0.79811,0.99988,0.97475,0.88127,0.92431,0.81845,0.93423,0.9857,0.99256,0.99818,0.87874,0.57556,0.84707,0.91659,0.9775,0.99619,0.99495,0.77969,0.99998,0.969,0.95984,0.98315,0.72043,0.73267,0.70263,0.99665,0.99024,0.79479,0.99815,0.87515,0.9137,0.84903,0.9392,0.99118,0.99305,0.9493,0.98967,0.9951,0.64924,0.84475,0.94173,0.97913,0.96561,0.99444,0.99578,0.95777,0.82054,0.92634,0.98686,0.97424,0.99847,0.98121,0.90735,0.97594,0.98962,0.99435,0.85786,0.92815,0.99876,0.95656,0.99671,0.88418,0.99932,0.69358,0.74942
33.42,0.99638,0.99905,0.97256,0.79974,0.9999,0.97475,0.87443,0.9243,0.81824,0.93666,0.98554,0.99298,0.99841,0.87075,0.57792,0.84226,0.91914,0.97745,0.99653,0.99559,0.76933,0.99989,0.97056,0.96678,0.98292,0.72032,0.73276,0.68807,0.99437,0.9849,0.81258,0.99851,0.87519,0.91378,0.8439,0.93948,0.99126,0.99346,0.94957,0.98967,0.99681,0.64927,0.84453,0.94385,0.97935,0.96653,0.99484,0.99756,0.95678,0.81619,0.92856,0.98689,0.97516,0.99881,0.98502,0.911,0.97744,0.99282,0.99419,0.85793,0.92807,0.99967,0.96223,0.99368,0.89672,0.99899,0.69353,0.74933
33.44,0.99728,0.99908,0.97262,0.80062,0.99989,0.97475,0.86998,0.92497,0.81861,0.93697,0.98544,0.99336,0.99858,0.86526,0.58127,0.83812,0.91973,0.97744,0.99702,0.99598,0.76145,0.99974,0.97215,0.97258,0.98274,0.72038,0.73274,0.67435,0.99098,0.97861,0.83419,0.99887,0.87501,0.9141,0.83835,0.93973,0.99122,0.99367,0.94951,0.98967,0.99771,0.64789,0.84493,0.94412,0.97949,0.96738,0.99515,0.99849,0.95538,0.81245,0.92907,0.9869,0.97652,0.99901,0.98758,0.91507,0.97894,0.99524,0.99406,0.8579,0.92808,0.99994,0.96833,0.9898,0.91174,0.99856,0.69381,0.74897
33.46,0.99802,0.9991,0.97258,0.8018,0.9999,0.97475,0.86431,0.92531,0.81864,0.93826,0.98531,0.99374,0.99875,0.85849,0.58412,0.83363,0.92116,0.97741,0.99739,0.99643,0.75226,0.99954,0.97376,0.97799,0.98254,0.72037,0.73276,0.65994,0.98717,0.9714,0.85241,0.99915,0.87493,0.9143,0.83303,0.94,0.99125,0.99396,0.94959,0.98967,0.99862,0.6472,0.84497,0.94524,0.97966,0.96824,0.99547,0.99932,0.95417,0.80842,0.93033,0.98692,0.97761,0.99924,0.99022,0.9187,0.98046,0.99722,0.99392,0.8579,0.92807,0.99967,0.97345,0.98511,0.92418,0.99812,0.69395,0.74874
33.48,0.99869,0.99913,0.97261,0.80313,0.9999,0.97475,0.85834,0.92571,0.81901,0.93939,0.98517,0.99411,0.99893,0.85117,0.58738,0.82884,0.92264,0.97739,0.99778,0.99689,0.74251,0.99925,0.97495,0.98296,0.98232,0.72032,0.73282,0.6445,0.98229,0.9617,0.87028,0.99943,0.87484,0.91454,0.82723,0.94024,0.99123,0.99427,0.94968,0.98967,0.99933,0.64636,0.84538,0.94624,0.97985,0.96912,0.99581,0.99985,0.95278,0.80412,0.93161,0.98693,0.97879,0.99945,0.99263,0.9227,0.98158,0.99872,0.99376,0.85793,0.92802,0.99877,0.97849,0.97855,0.93615,0.99749,0.69408,0.74848
33.5,0.99916,0.99916,0.97254,0.80398,0.9999,0.97475,0.85327,0.92614,0.81881,0.94032,0.98506,0.99445,0.99906,0.84516,0.59003,0.82468,0.92356,0.97735,0.99809,0.99722,0.73411,0.99897,0.97686,0.98693,0.98216,0.7204,0.73278,0.63057,0.97738,0.95407,0.8864,0.99959,0.87472,0.91477,0.8222,0.94052,0.99128,0.99447,0.94969,0.98967,0.99973,0.64548,0.84515,0.94704,0.97999,0.96992,0.99607,1.00003,0.95164,0.8004,0.93242,0.98696,0.9798,0.99959,0.9944,0.92584,0.98335,0.99959,0.99365,0.85788,0.92805,0.99746,0.98246,0.97324,0.9467,0.99705,0.69429,0.74822
33.52,0.99938,0.9992,0.97211,0.80367,0.9999,0.97475,0.85029,0.92643,0.8169,0.94113,0.98502,0.99472,0.9991,0.84247,0.59072,0.8223,0.92341,0.97726,0.99823,0.99726,0.72906,0.99891,0.98071,0.98964,0.98217,0.72082,0.73248,0.6211,0.97439,0.95559,0.89931,0.99949,0.87451,0.91493,0.81934,0.9409,0.99155,0.99439,0.94957,0.98967,0.99989,0.64488,0.84305,0.94776,0.98003,0.97055,0.99615,1.00003,0.95134,0.79828,0.93228,0.98702,0.98026,0.9996,0.99534,0.92649,0.98687,0.99994,0.99366,0.8576,0.9283,0.99631,0.98449,0.97431,0.95495,0.99734,0.69462,0.74804
33.54,0.99952,0.99924,0.97156,0.80291,0.99989,0.97475,0.84823,0.92673,0.81439,0.94182,0.98502,0.99496,0.99911,0.84118,0.59071,0.82059,0.92278,0.97714,0.99832,0.99719,0.72547,0.99891,0.98479,0.99172,0.98224,0.72136,0.73208,0.61341,0.97209,0.96032,0.91071,0.99929,0.87426,0.91507,0.81734,0.94132,0.99189,0.99422,0.94939,0.98967,0.99997,0.64427,0.84026,0.94835,0.98004,0.97112,0.99616,1.00002,0.95134,0.79675,0.93173,0.9871,0.98056,0.99958,0.99595,0.9264,0.99047,1.00002,0.99371,0.85724,0.92863,0.99522,0.9859,0.9776,0.96206,0.99784,0.69502,0.74787
33.56,0.99965,0.99928,0.97106,0.80238,0.99988,0.97475,0.84572,0.92704,0.81212,0.94258,0.985,0.9952,0.99913,0.83923,0.59099,0.81851,0.92238,0.97703,0.99843,0.99718,0.72123,0.99887,0.98809,0.99364,0.98229,0.72183,0.73174,0.60485,0.96924,0.96331,0.92156,0.9991,0.87404,0.91522,0.81502,0.94171,0.99219,0.9941,0.94923,0.98967,1.00002,0.64362,0.83775,0.94902,0.98006,0.97171,0.99621,0.99998,0.95122,0.79491,0.93138,0.98717,0.98095,0.99957,0.9966,0.92679,0.99325,0.99989,0.99374,0.85692,0.92892,0.99387,0.98748,0.97965,0.96864,0.99819,0.69538,0.7477
33.58,0.99979,0.99932,0.97053,0.80173,0.99987,0.97475,0.8433,0.9273,0.80988,0.94317,0.98498,0.99543,0.99914,0.83742,0.59143,0.81664,0.92185,0.97694,0.99852,0.99714,0.71675,0.99889,0.99126,0.99552,0.98234,0.72235,0.73136,0.59586,0.96637,0.9666,0.93254,0.99887,0.87379,0.91539,0.81231,0.94212,0.9925,0.99394,0.94906,0.98967,1.00004,0.6431,0.83526,0.94953,0.9801,0.97231,0.99624,0.99993,0.95103,0.79324,0.93092,0.98723,0.98126,0.99955,0.99723,0.9266,0.99577,0.99947,0.99378,0.85657,0.92924,0.99228,0.98891,0.98189,0.97507,0.99855,0.69578,0.74751
33.6,0.99986,0.99935,0.97004,0.80123,0.99986,0.97475,0.84084,0.92767,0.80741,0.94409,0.98498,0.99565,0.99917,0.83558,0.59136,0.81446,0.92149,0.97681,0.99863,0.99715,0.71302,0.99881,0.99354,0.99667,0.98238,0.7228,0.73104,0.58796,0.96339,0.96959,0.94089,0.99865,0.87359,0.91552,0.8106,0.94251,0.99278,0.99382,0.94892,0.98967,1.00002,0.64233,0.8325,0.95034,0.98009,0.97285,0.99629,0.99986,0.95106,0.79131,0.93061,0.98732,0.98166,0.99956,0.9977,0.92741,0.99743,0.99899,0.99381,0.85627,0.9295,0.99075,0.99024,0.9839,0.97977,0.99884,0.69611,0.74736
33.62,0.99982,0.99939,0.96971,0.80127,0.99986,0.97475,0.83793,0.92834,0.8044,0.94608,0.98505,0.99583,0.99921,0.83325,0.59013,0.81134,0.92181,0.97656,0.99882,0.99715,0.71089,0.99834,0.99434,0.99668,0.9824,0.72296,0.73093,0.58257,0.95991,0.97131,0.9442,0.99852,0.87351,0.91558,0.81147,0.94288,0.99296,0.99383,0.9489,0.98967,0.99995,0.64094,0.82915,0.95208,0.98,0.97331,0.99637,0.99974,0.95159,0.78854,0.93089,0.98748,0.98241,0.99956,0.99794,0.93143,0.99797,0.99898,0.99382,0.85615,0.92959,0.98964,0.99163,0.98505,0.98159,0.99898,0.69624,0.7473
33.64,0.99974,0.99942,0.96944,0.80147,0.99986,0.97475,0.83496,0.92913,0.80117,0.94835,0.98515,0.99598,0.99925,0.83083,0.58841,0.80787,0.92232,0.97627,0.99902,0.99722,0.7095,0.99765,0.99472,0.99626,0.9824,0.72305,0.73088,0.57832,0.95629,0.97278,0.94565,0.99843,0.87347,0.91561,0.81332,0.94323,0.99311,0.99388,0.94893,0.98967,0.99983,0.6393,0.82554,0.95407,0.97987,0.97371,0.99647,0.99958,0.95234,0.78547,0.93133,0.98767,0.98322,0.99959,0.9981,0.93625,0.99822,0.99918,0.99382,0.85609,0.92963,0.98872,0.99291,0.98602,0.98237,0.99907,0.69629,0.74727
33.66,0.99967,0.99945,0.96915,0.8016,0.99986,0.97475,0.83206,0.92987,0.79802,0.95035,0.98523,0.99614,0.9993,0.82847,0.58687,0.80448,0.9227,0.97599,0.99919,0.99737,0.70786,0.99696,0.99528,0.996,0.98242,0.72319,0.7308,0.57365,0.9526,0.97437,0.94777,0.99831,0.87343,0.91564,0.81469,0.94356,0.99326,0.99391,0.94896,0.98967,0.99966,0.63775,0.82201,0.95582,0.97977,0.97412,0.99656,0.99939,0.953,0.78247,0.93167,0.98784,0.98391,0.99965,0.99827,0.94027,0.99857,0.99929,0.99384,0.856,0.9297,0.98767,0.99406,0.98706,0.9835,0.99918,0.69637,0.74723
33.68,0.99959,0.99948,0.96882,0.80171,0.99986,0.97475,0.82886,0.93055,0.79475,0.95264,0.98533,0.99631,0.99934,0.82599,0.58551,0.80121,0.92323,0.97573,0.99938,0.99708,0.70586,0.99599,0.99569,0.99584,0.98241,0.72327,0.73076,0.56844,0.94836,0.97572,0.95028,0.99818,0.87335,0.9157,0.8162,0.94399,0.99344,0.99394,0.94892,0.98967,0.99943,0.63632,0.81834,0.95783,0.97964,0.97458,0.99665,0.99917,0.95358,0.77959,0.93213,0.98801,0.98481,0.99953,0.99847,0.94503,0.99882,0.99935,0.99383,0.85594,0.92974,0.98646,0.99521,0.98794,0.98482,0.99929,0.69648,0.74716
33.7,0.9995,0.9995,0.96858,0.80191,0.99986,0.97475,0.82617,0.93138,0.79163,0.95429,0.9854,0.99644,0.99938,0.82366,0.58369,0.79754,0.9235,0.97543,0.99947,0.99767,0.70475,0.99527,0.99623,0.99534,0.98246,0.72344,0.73064,0.56452,0.94481,0.97734,0.95146,0.99809,0.87334,0.9157,0.81764,0.94422,0.99356,0.99398,0.94902,0.98967,0.99919,0.63459,0.81482,0.95926,0.97955,0.97492,0.99674,0.99893,0.95435,0.77636,0.93237,0.98819,0.98528,0.99976,0.99857,0.94808,0.99912,0.99952,0.99386,0.85583,0.92983,0.98551,0.99604,0.98898,0.98544,0.99936,0.6965,0.74716
33.72,0.99943,0.99947,0.96861,0.80235,0.99989,0.97475,0.82497,0.93258,0.78893,0.95415,0.98538,0.99645,0.99942,0.82171,0.58054,0.79255,0.92302,0.97501,0.99931,0.99978,0.706,0.99566,0.99719,0.99392,0.98268,0.72387,0.73031,0.56399,0.9436,0.9798,0.94948,0.99813,0.87347,0.91555,0.81861,0.94387,0.99355,0.99409,0.94949,0.98967,0.99907,0.63205,0.81178,0.95915,0.97956,0.97496,0.99682,0.99871,0.95568,0.77197,0.93194,0.98845,0.98447,0.99988,0.99845,0.94648,0.9996,0.99985,0.99402,0.85554,0.93011,0.98538,0.9963,0.99055,0.98441,0.99933,0.69629,0.74733
33.74,0.99937,0.99943,0.96874,0.80287,0.99992,0.97475,0.82431,0.93391,0.7864,0.95341,0.98535,0.99643,0.99945,0.81993,0.57699,0.78717,0.92227,0.97456,0.99903,0.99948,0.70811,0.99637,0.99812,0.99191,0.98295,0.72439,0.7299,0.56473,0.94328,0.98237,0.94619,0.99822,0.87366,0.91535,0.81949,0.94333,0.99348,0.99421,0.95008,0.98967,0.999,0.62924,0.80893,0.9585,0.97961,0.97488,0.9969,0.99849,0.95717,0.76725,0.93129,0.98872,0.98323,0.99718,0.99824,0.94328,0.99994,1.00002,0.99421,0.85519,0.93044,0.98556,0.99637,0.99215,0.98266,0.99926,0.69598,0.74756
33.76,0.9993,0.99939,0.96882,0.80334,0.99995,0.97475,0.82339,0.93514,0.78383,0.95298,0.98532,0.99642,0.99948,0.81811,0.57377,0.78208,0.92166,0.97414,0.99878,0.99666,0.70978,0.99685,0.9988,0.98984,0.98319,0.72485,0.72954,0.56485,0.94256,0.98462,0.94342,0.99828,0.87382,0.91517,0.82046,0.9429,0.99344,0.99432,0.95061,0.98967,0.9989,0.62662,0.80602,0.95812,0.97965,0.97486,0.99698,0.99825,0.95851,0.76281,0.93075,0.98897,0.98222,0.99237,0.99807,0.94087,1.00006,0.99996,0.99438,0.85487,0.93074,0.98559,0.99652,0.99351,0.98116,0.9992,0.69573,0.74776
33.78,0.99924,0.99934,0.96892,0.80389,0.99997,0.97475,0.82251,0.93646,0.78103,0.95242,0.98529,0.99641,0.99951,0.81609,0.57007,0.77605,0.92099,0.97363,0.99839,0.98969,0.71165,0.9974,0.9994,0.98746,0.98346,0.72538,0.72912,0.56518,0.94177,0.98687,0.94039,0.99835,0.874,0.91497,0.82123,0.94236,0.99338,0.99445,0.95118,0.98967,0.9988,0.62381,0.80285,0.95763,0.97968,0.97485,0.99704,0.99796,0.96003,0.75755,0.93017,0.98925,0.98081,0.98298,0.99786,0.93779,0.99999,0.99967,0.99456,0.85451,0.93108,0.98567,0.99667,0.99484,0.9795,0.99914,0.69544,0.74798
33.8,0.99915,0.9993,0.96901,0.80429,0.99999,0.97475,0.82165,0.9376,0.77868,0.95196,0.98526,0.99639,0.99956,0.81449,0.56732,0.77167,0.92036,0.97327,0.99816,0.98351,0.71328,0.99776,0.99973,0.98489,0.98367,0.72578,0.72881,0.56535,0.94132,0.98869,0.93739,0.99842,0.87416,0.91481,0.82237,0.94199,0.99334,0.99454,0.95168,0.98967,0.9987,0.62135,0.80018,0.95723,0.97973,0.97477,0.99714,0.99773,0.96114,0.75374,0.92962,0.98946,0.98003,0.97536,0.99767,0.93556,0.99977,0.99918,0.99471,0.85424,0.93134,0.98571,0.99676,0.99586,0.97782,0.99908,0.69519,0.74817
33.82,0.99895,0.99932,0.96904,0.80423,1.00001,0.97475,0.82085,0.93825,0.77773,0.95189,0.98522,0.99633,0.99957,0.8142,0.56746,0.77265,0.91987,0.97335,0.99854,0.98935,0.71416,0.99767,0.99975,0.98237,0.98374,0.7258,0.72881,0.56485,0.94165,0.98964,0.93486,0.99846,0.87425,0.91474,0.82463,0.94216,0.99332,0.99452,0.95197,0.98967,0.9986,0.61993,0.7991,0.95716,0.97978,0.97463,0.99717,0.99768,0.96109,0.75459,0.92919,0.98941,0.98135,0.98255,0.99756,0.93615,0.99975,0.99856,0.99476,0.85422,0.93134,0.98559,0.9967,0.99639,0.9764,0.99904,0.69504,0.74825
33.84,0.9987,0.99935,0.96906,0.80401,1.00001,0.97475,0.82003,0.93875,0.77722,0.95195,0.98516,0.99625,0.9996,0.81433,0.56851,0.77529,0.91942,0.97358,0.99903,0.99623,0.71475,0.99741,0.99968,0.97978,0.98376,0.72569,0.72892,0.56413,0.94228,0.9903,0.93246,0.99849,0.87432,0.91471,0.82722,0.94252,0.99331,0.99447,0.9522,0.98967,0.9985,0.61887,0.79852,0.95722,0.97986,0.97441,0.99726,0.9977,0.96066,0.75689,0.92881,0.98929,0.98323,0.99175,0.99749,0.93771,0.99982,0.9978,0.99477,0.8543,0.93125,0.98541,0.99657,0.99674,0.97503,0.99901,0.69493,0.74828
33.86,0.99844,0.99938,0.96909,0.80386,1.00002,0.97475,0.81913,0.93932,0.77639,0.95199,0.98511,0.99616,0.99967,0.81416,0.56899,0.77684,0.91897,0.97371,0.99934,0.99914,0.71541,0.99721,0.99965,0.97701,0.9838,0.72563,0.72898,0.56345,0.94272,0.99104,0.92998,0.99853,0.8744,0.91466,0.82958,0.9428,0.9933,0.99444,0.95245,0.98967,0.99839,0.61763,0.79758,0.95725,0.97992,0.97418,0.99743,0.99767,0.96047,0.75823,0.92841,0.98921,0.98465,0.99647,0.9974,0.93887,0.99985,0.99689,0.99479,0.85434,0.9312,0.98524,0.99648,0.99713,0.9736,0.99897,0.6948,0.74834
33.88,0.99813,0.9994,0.96913,0.80372,1.00003,0.97475,0.81858,0.93986,0.77605,0.95185,0.98508,0.99615,0.99955,0.81442,0.57011,0.77971,0.91845,0.97395,0.99967,0.99991,0.71638,0.99706,0.99962,0.9738,0.98384,0.72559,0.72903,0.56304,0.94339,0.99179,0.92719,0.99857,0.87449,0.9146,0.83221,0.94306,0.99328,0.99441,0.95271,0.98967,0.99831,0.61645,0.79719,0.95712,0.97996,0.97414,0.99714,0.99771,0.96001,0.76073,0.92796,0.98907,0.9864,0.99973,0.99728,0.93973,0.99987,0.99571,0.99483,0.85436,0.93116,0.98514,0.99634,0.99752,0.97197,0.99893,0.69466,0.7484
33.9,0.99785,0.99943,0.96913,0.80353,1.00004,0.97475,0.81731,0.94042,0.77481,0.95212,0.98497,0.99597,0.9998,0.8139,0.57014,0.78024,0.91808,0.97399,0.99981,0.99872,0.71662,0.99674,0.99955,0.971,0.98386,0.72548,0.72913,0.562,0.94365,0.99238,0.92499,0.9986,0.87455,0.91457,0.83434,0.94339,0.99327,0.99436,0.95294,0.98967,0.99814,0.61524,0.79578,0.95736,0.9801,0.97367,0.99777,0.99763,0.96,0.7612,0.92764,0.98905,0.9874,1.00004,0.99725,0.94142,0.99991,0.99461,0.99484,0.85444,0.93108,0.98488,0.99629,0.99781,0.97068,0.9989,0.69456,0.74844
33.92,0.99775,0.99948,0.96904,0.80321,1.00004,0.97475,0.81387,0.94107,0.77073,0.95355,0.98505,0.99535,0.99983,0.81093,0.56673,0.77361,0.91816,0.97339,0.99965,1,0.71485,0.99594,0.99939,0.96978,0.9838,0.72519,0.72935,0.55922,0.94251,0.99257,0.92446,0.9986,0.87451,0.91462,0.83507,0.94394,0.99332,0.99429,0.95313,0.98967,0.99763,0.6138,0.79114,0.95861,0.98001,0.9721,0.99983,0.99715,0.96138,0.75543,0.92771,0.98939,0.98632,0.99952,0.99747,0.94526,0.99999,0.9941,0.9948,0.85464,0.93089,0.98418,0.99653,0.99791,0.97036,0.9989,0.69463,0.74838
33.94,0.99772,0.99953,0.96892,0.80285,1.00005,0.97475,0.8097,0.94174,0.76572,0.95534,0.98499,0.99449,0.99688,0.80715,0.56226,0.76448,0.91838,0.97257,0.99931,0.99844,0.71235,0.99486,0.99916,0.96919,0.98371,0.72482,0.72962,0.55581,0.94094,0.99264,0.92459,0.99859,0.87444,0.91469,0.8353,0.94455,0.99339,0.9942,0.95328,0.98967,0.99694,0.61234,0.78542,0.96019,0.98007,0.97001,0.99934,0.99648,0.96318,0.7475,0.9279,0.98984,0.98447,0.99519,0.99778,0.94969,1.00005,0.99385,0.99474,0.85489,0.93068,0.9833,0.99684,0.99794,0.97044,0.99891,0.69474,0.74831
33.96,0.99766,0.99958,0.96881,0.80252,1.00005,0.97475,0.8059,0.94237,0.7612,0.95689,0.98473,0.99363,0.99162,0.80379,0.55845,0.7565,0.9185,0.97187,0.99895,0.99403,0.71021,0.99378,0.99893,0.96831,0.98364,0.7245,0.72985,0.5527,0.93965,0.99282,0.92445,0.99858,0.87439,0.91474,0.83572,0.94511,0.99344,0.99413,0.95344,0.98967,0.99624,0.61094,0.78024,0.96155,0.98041,0.96801,0.99614,0.99583,0.96468,0.74059,0.928,0.99021,0.98293,0.98866,0.99802,0.95353,1.00007,0.99348,0.99469,0.85511,0.93048,0.98248,0.99707,0.99803,0.97036,0.99891,0.69482,0.74825
33.98,0.99759,0.99963,0.9687,0.80212,1.00006,0.97475,0.80161,0.94308,0.75609,0.95859,0.98552,0.99281,0.98205,0.79998,0.55415,0.7475,0.91876,0.97104,0.99844,0.98528,0.70787,0.99246,0.9986,0.96735,0.98355,0.72412,0.73013,0.54943,0.93789,0.99278,0.92418,0.99858,0.8743,0.91483,0.83628,0.94576,0.9935,0.99403,0.95364,0.98967,0.99538,0.60937,0.77437,0.96303,0.97938,0.96617,0.98895,0.99503,0.96636,0.73283,0.92823,0.99064,0.98098,0.9775,0.99827,0.95762,1.00004,0.99307,0.99463,0.85537,0.93025,0.9816,0.99738,0.99801,0.9702,0.99892,0.69496,0.74815
34,0.99756,0.99966,0.96859,0.80186,1.00006,0.97475,0.79807,0.94363,0.75186,0.95997,0.98417,0.99169,0.97311,0.79685,0.5507,0.73962,0.91876,0.97039,0.99799,0.97568,0.70577,0.99127,0.99838,0.96667,0.98349,0.72384,0.73034,0.54633,0.93695,0.99315,0.92434,0.99857,0.87429,0.91484,0.83644,0.94622,0.99356,0.99397,0.95376,0.98967,0.9946,0.60816,0.76951,0.96425,0.98111,0.96373,0.98164,0.99433,0.96769,0.72606,0.92823,0.99096,0.97946,0.96608,0.99848,0.96085,1,0.99277,0.99458,0.85556,0.93008,0.98075,0.99754,0.99819,0.97029,0.99892,0.69497,0.74814
34.02,0.99769,0.99965,0.96852,0.80207,1.00006,0.97475,0.7967,0.94373,0.75025,0.9606,0.97482,0.98951,0.97517,0.79576,0.5497,0.73557,0.91794,0.9704,0.99801,0.97389,0.70439,0.99085,0.99857,0.96671,0.9835,0.72382,0.73032,0.54369,0.93863,0.99472,0.92558,0.99857,0.87452,0.9146,0.83551,0.94612,0.99359,0.99402,0.95367,0.98967,0.99429,0.60794,0.76766,0.9648,0.9899,0.95923,0.98335,0.99407,0.96807,0.72258,0.92751,0.99096,0.97953,0.96401,0.9986,0.96192,1.00004,0.99278,0.99459,0.85557,0.9301,0.98001,0.99726,0.9989,0.97102,0.99892,0.6946,0.7484
34.04,0.99787,0.99963,0.96845,0.80242,1.00005,0.97475,0.79618,0.94368,0.74965,0.96092,0.9601,0.98682,0.98083,0.79544,0.54954,0.73292,0.91683,0.9706,0.9982,0.97535,0.70331,0.9907,0.99887,0.967,0.98353,0.72389,0.73023,0.5413,0.94109,0.99639,0.92718,0.99858,0.87483,0.91429,0.83421,0.94582,0.99363,0.99411,0.95351,0.98967,0.99417,0.60806,0.76697,0.96508,0.99702,0.95397,0.98798,0.994,0.96813,0.72031,0.92655,0.99086,0.98017,0.9657,0.9987,0.96229,1.00007,0.99291,0.99461,0.85552,0.93017,0.97933,0.99681,0.99954,0.97197,0.99892,0.6941,0.74875
34.06,0.99801,0.99962,0.96838,0.8027,1.00005,0.97475,0.79535,0.9437,0.74869,0.96132,0.94488,0.98418,0.98433,0.79483,0.54904,0.72976,0.91588,0.97066,0.99833,0.97556,0.70216,0.9904,0.99907,0.96713,0.98355,0.72391,0.73018,0.53889,0.94303,0.99759,0.92854,0.99858,0.87509,0.91403,0.83313,0.94563,0.99367,0.99417,0.95338,0.98967,0.99398,0.60802,0.76586,0.96543,0.99972,0.94905,0.99075,0.99385,0.96832,0.71761,0.92572,0.99083,0.98059,0.96595,0.9988,0.96301,1.00006,0.99297,0.99462,0.85551,0.93021,0.97864,0.99642,0.99989,0.97276,0.99892,0.69368,0.74904
34.08,0.99818,0.9996,0.96833,0.80304,1.00005,0.97475,0.79411,0.94367,0.74726,0.96199,0.9219,0.98026,0.9875,0.7939,0.54836,0.72584,0.91482,0.9709,0.99839,0.97463,0.70066,0.99017,0.9993,0.96745,0.98357,0.72397,0.7301,0.53596,0.94539,0.9987,0.93017,0.99858,0.8754,0.91371,0.83178,0.9454,0.99369,0.99425,0.95324,0.98967,0.99368,0.60807,0.76421,0.96602,0.99865,0.94205,0.99317,0.99363,0.96858,0.71425,0.9248,0.99071,0.9808,0.96487,0.99892,0.96357,1.00002,0.99311,0.99464,0.85547,0.93028,0.97778,0.99591,1.00004,0.97371,0.99891,0.69318,0.7494
34.1,0.99828,0.99958,0.96822,0.80326,1.00004,0.97475,0.794,0.94372,0.74707,0.96199,0.9062,0.97816,0.99088,0.79386,0.54822,0.72383,0.91386,0.97084,0.9986,0.97683,0.70001,0.98987,0.99944,0.96742,0.98359,0.72397,0.73007,0.53422,0.94696,0.99931,0.93127,0.99858,0.87562,0.91349,0.83093,0.94519,0.99375,0.9943,0.95311,0.98967,0.99365,0.60796,0.76399,0.96602,0.99559,0.93842,0.99563,0.99362,0.96863,0.71253,0.92395,0.99074,0.98156,0.96744,0.99897,0.96426,0.99997,0.9931,0.99465,0.85547,0.9303,0.97726,0.99555,0.99997,0.97434,0.99891,0.69282,0.74965
34.12,0.99822,0.99957,0.96798,0.80332,1.00004,0.97475,0.79639,0.94387,0.74989,0.96042,0.92189,0.98229,0.99462,0.79566,0.54984,0.7268,0.91364,0.96969,0.99918,0.98601,0.70132,0.98927,0.99941,0.96648,0.98357,0.72379,0.73019,0.53535,0.94625,0.99931,0.93096,0.99857,0.87557,0.91354,0.83145,0.94506,0.99387,0.99431,0.95301,0.98967,0.99422,0.60763,0.76723,0.96463,0.99865,0.94563,0.9981,0.99405,0.96802,0.71507,0.92377,0.9913,0.98388,0.9784,0.99887,0.9656,0.99999,0.99268,0.99464,0.85559,0.9302,0.9776,0.99572,0.99997,0.97416,0.99892,0.69291,0.74959
34.14,0.99809,0.99956,0.96768,0.80323,1.00004,0.97475,0.79997,0.94412,0.75392,0.95808,0.94487,0.98766,0.99764,0.7984,0.55191,0.73165,0.91347,0.96822,0.99968,0.9944,0.70354,0.98858,0.9993,0.96512,0.98355,0.72355,0.73036,0.53777,0.94476,0.9991,0.9301,0.99856,0.87541,0.9137,0.83252,0.94495,0.99402,0.99429,0.95291,0.98967,0.99503,0.60707,0.77188,0.96258,0.99972,0.95559,0.99967,0.99468,0.96722,0.71923,0.92361,0.99198,0.98648,0.98916,0.99868,0.96705,1.00002,0.99208,0.99462,0.85576,0.93006,0.97831,0.99605,1.00002,0.97366,0.99894,0.69316,0.74942
34.16,0.99797,0.99956,0.96738,0.80312,1.00003,0.97475,0.80325,0.94442,0.75745,0.95587,0.9601,0.99132,0.99938,0.80095,0.55347,0.73559,0.91301,0.96697,0.99994,0.99867,0.70555,0.98794,0.99921,0.96384,0.98352,0.72333,0.73052,0.53984,0.94365,0.99896,0.9294,0.99855,0.8753,0.91381,0.83343,0.94485,0.99416,0.99427,0.95279,0.98967,0.99571,0.60641,0.77594,0.96065,0.99702,0.96294,1.00003,0.99524,0.96662,0.7226,0.92322,0.99252,0.98857,0.99559,0.9985,0.96835,1.00004,0.9915,0.99461,0.8559,0.92993,0.97891,0.99629,1.00003,0.97326,0.99895,0.69335,0.74929
34.18,0.99791,0.99954,0.96716,0.80342,1.00003,0.97475,0.80537,0.94432,0.76059,0.9542,0.9748,0.99483,1.00008,0.8024,0.55641,0.73955,0.91366,0.96521,1.00003,1.00002,0.70665,0.98716,0.99915,0.96289,0.98351,0.72313,0.73065,0.54085,0.94237,0.99888,0.92906,0.99854,0.87521,0.9139,0.83395,0.94468,0.99427,0.99434,0.95275,0.98967,0.99614,0.60663,0.77954,0.95919,0.98991,0.97082,0.99918,0.99554,0.96548,0.726,0.92378,0.99323,0.99091,0.99947,0.99839,0.96985,1.00005,0.99106,0.9946,0.85604,0.92982,0.9792,0.99656,1.00004,0.97306,0.99896,0.69348,0.7492
34.2,0.99771,0.99954,0.96678,0.80279,1.00003,0.97475,0.81012,0.94506,0.7648,0.95106,0.98418,0.99688,0.99969,0.80635,0.55661,0.74389,0.91201,0.96434,0.99995,0.99841,0.70987,0.98659,0.999,0.96107,0.98347,0.72288,0.73083,0.54439,0.94122,0.99859,0.92783,0.99853,0.87504,0.91407,0.83542,0.94465,0.99444,0.99419,0.95255,0.98967,0.99701,0.60499,0.78436,0.95643,0.9811,0.97613,0.99749,0.99633,0.9654,0.72973,0.92234,0.99356,0.99226,0.99998,0.99806,0.97088,1.00006,0.99021,0.99457,0.85621,0.92967,0.9802,0.99678,1.00004,0.97234,0.99897,0.69377,0.749
34.22,0.99714,0.99957,0.96592,0.79983,1,0.97475,0.82116,0.94817,0.77119,0.9439,0.98565,0.99682,0.99933,0.81628,0.54904,0.74806,0.9038,0.96621,1.00001,0.99752,0.71839,0.9867,0.99866,0.95675,0.98337,0.72248,0.73113,0.55422,0.9405,0.99758,0.92432,0.99852,0.8746,0.9145,0.83931,0.94498,0.99484,0.99348,0.95188,0.98967,0.99864,0.59799,0.79166,0.95017,0.9792,0.97595,0.99664,0.99799,0.96832,0.73331,0.91519,0.99283,0.99134,0.99971,0.99701,0.97068,1.00005,0.98812,0.9945,0.85648,0.92942,0.98288,0.99692,0.99989,0.97028,0.99898,0.69447,0.74852
34.24,0.99634,0.9996,0.96492,0.79587,0.99997,0.97475,0.83438,0.95195,0.77862,0.93457,0.98503,0.99609,0.99915,0.82837,0.53896,0.75268,0.89266,0.96889,1,0.99738,0.72887,0.98707,0.99816,0.95127,0.98325,0.72204,0.73146,0.56643,0.93997,0.996,0.91979,0.99852,0.87408,0.91501,0.84411,0.94544,0.99527,0.99247,0.95104,0.98967,0.9998,0.58931,0.80011,0.94203,0.98003,0.97398,0.99625,0.99939,0.97208,0.73729,0.9055,0.99167,0.9895,0.99965,0.99537,0.97002,0.99995,0.98534,0.99442,0.85678,0.92915,0.98597,0.99702,0.9994,0.96758,0.99898,0.69532,0.74795
34.26,0.99553,0.99963,0.96402,0.79219,0.99993,0.97475,0.84625,0.95517,0.78573,0.92527,0.98543,0.99565,0.9988,0.83929,0.53039,0.75753,0.88212,0.97103,0.99988,0.99677,0.73839,0.98731,0.99762,0.94596,0.98315,0.72165,0.73175,0.57754,0.93947,0.99428,0.91552,0.99852,0.87361,0.91546,0.84849,0.94584,0.99564,0.99147,0.95027,0.98967,1.00001,0.58176,0.80816,0.93391,0.97949,0.97285,0.99556,0.99999,0.97515,0.74148,0.89632,0.99065,0.98795,0.99939,0.99353,0.96956,0.99977,0.98254,0.99435,0.85704,0.92891,0.98855,0.99711,0.99871,0.965,0.99898,0.69607,0.74744
34.28,0.99466,0.99966,0.96285,0.78916,0.99989,0.97475,0.85668,0.95863,0.79148,0.9157,0.98564,0.99513,0.99842,0.84864,0.52151,0.76029,0.8712,0.97334,0.99963,0.99627,0.74711,0.98754,0.99708,0.94013,0.983,0.72112,0.73214,0.58782,0.93846,0.99186,0.91133,0.99851,0.87305,0.91599,0.85269,0.94621,0.99609,0.9906,0.94948,0.98967,0.99948,0.57347,0.81466,0.92556,0.97922,0.97154,0.99487,0.99995,0.97821,0.74387,0.88683,0.98942,0.98616,0.99916,0.99154,0.96913,0.99955,0.97935,0.99425,0.8574,0.92858,0.99073,0.99729,0.99756,0.96245,0.99899,0.69696,0.74683
34.3,0.9936,0.99969,0.96218,0.78449,0.99984,0.97475,0.86926,0.9614,0.79993,0.90431,0.98571,0.9945,0.99801,0.86066,0.51325,0.76739,0.85884,0.97523,0.99927,0.99563,0.75739,0.98787,0.9963,0.9343,0.98294,0.72087,0.73233,0.59991,0.93854,0.98987,0.90641,0.99852,0.87267,0.91636,0.85737,0.94667,0.99633,0.98919,0.94868,0.98967,0.99784,0.56668,0.82415,0.91564,0.97912,0.97002,0.99415,0.99909,0.98093,0.75002,0.87608,0.98832,0.9843,0.99884,0.98879,0.96849,0.99916,0.97608,0.9942,0.85756,0.92843,0.99302,0.99727,0.99651,0.9594,0.99898,0.69758,0.74641
34.32,0.99214,0.99973,0.96296,0.77551,0.99979,0.97475,0.88728,0.96252,0.8154,0.88911,0.98588,0.99378,0.99752,0.87923,0.50659,0.78544,0.84391,0.97604,0.99889,0.99442,0.77168,0.98834,0.99486,0.92916,0.98308,0.72145,0.73192,0.61665,0.94169,0.99035,0.89977,0.99855,0.87279,0.91624,0.86316,0.94731,0.99605,0.98622,0.94788,0.98967,0.99325,0.56391,0.84138,0.9024,0.97889,0.96835,0.99332,0.99565,0.98304,0.76575,0.86311,0.98782,0.98268,0.99817,0.9842,0.96755,0.99831,0.97312,0.9943,0.85717,0.92877,0.9957,0.99669,0.99677,0.95524,0.99895,0.69739,0.74655
34.34,0.9904,0.99978,0.96424,0.76483,0.99974,0.97475,0.90604,0.96303,0.83274,0.87143,0.98599,0.99297,0.99697,0.89893,0.5006,0.80681,0.82726,0.97646,0.99846,0.99288,0.78706,0.98891,0.99293,0.92424,0.9833,0.72231,0.7313,0.63478,0.94577,0.9916,0.89226,0.99859,0.87308,0.91595,0.86933,0.94802,0.99555,0.98225,0.94708,0.98967,0.98503,0.56262,0.86045,0.88703,0.97874,0.9665,0.99243,0.98861,0.98485,0.78453,0.84866,0.98754,0.98107,0.99724,0.97818,0.96636,0.997,0.97024,0.99445,0.85659,0.92928,0.9979,0.99583,0.99742,0.95047,0.9989,0.69692,0.74688
34.36,0.98856,0.99982,0.96526,0.7548,0.99968,0.97475,0.92222,0.96376,0.84812,0.85309,0.98614,0.99215,0.99634,0.9159,0.49468,0.82559,0.8102,0.977,0.99796,0.99119,0.80117,0.98946,0.99082,0.91913,0.98348,0.72302,0.73079,0.65158,0.94916,0.99235,0.88479,0.99863,0.87328,0.91574,0.87522,0.9487,0.99513,0.97812,0.94628,0.98967,0.97428,0.56079,0.87711,0.87109,0.97853,0.96471,0.99145,0.97894,0.98658,0.80122,0.83385,0.98719,0.97937,0.99616,0.97155,0.96517,0.99543,0.96718,0.99458,0.85612,0.9297,0.99926,0.995,0.9978,0.94566,0.99886,0.69659,0.74711
34.38,0.98651,0.99985,0.9663,0.74449,0.99962,0.97475,0.937,0.96472,0.86298,0.8335,0.98614,0.99116,0.99579,0.93125,0.48789,0.8424,0.79233,0.97778,0.99735,0.9896,0.81512,0.98983,0.98846,0.91312,0.98367,0.72383,0.73021,0.66853,0.95286,0.99337,0.87699,0.99866,0.87353,0.91549,0.88116,0.94935,0.99467,0.97347,0.94544,0.98967,0.96051,0.55836,0.89294,0.85407,0.97853,0.96261,0.99062,0.96639,0.98846,0.81632,0.81835,0.98666,0.97748,0.9951,0.96384,0.96435,0.99356,0.96354,0.99471,0.85557,0.93019,0.9999,0.99398,0.9983,0.94057,0.99882,0.6962,0.7474
34.4,0.98436,0.99989,0.96736,0.73409,0.99955,0.97475,0.95031,0.96501,0.87708,0.81243,0.98647,0.99038,0.99489,0.94556,0.48338,0.86111,0.77349,0.97794,0.99676,0.98719,0.82819,0.99056,0.98571,0.90855,0.98386,0.72449,0.72974,0.6843,0.95579,0.9939,0.86897,0.9987,0.87373,0.91529,0.88688,0.95008,0.99417,0.96838,0.94468,0.98967,0.94367,0.5576,0.9077,0.83578,0.97806,0.96099,0.98928,0.95026,0.98965,0.83334,0.802,0.98656,0.9758,0.99342,0.95547,0.96262,0.99125,0.96073,0.99483,0.85512,0.93058,0.9998,0.99307,0.99854,0.93528,0.99877,0.69588,0.74762
34.42,0.98224,0.99993,0.96839,0.72391,0.9995,0.97475,0.96201,0.96367,0.89025,0.78945,0.98774,0.99032,0.9928,0.95919,0.48455,0.88517,0.75331,0.97651,0.99645,0.98218,0.83959,0.99213,0.98223,0.90862,0.98403,0.72464,0.72961,0.6975,0.95661,0.99302,0.8609,0.99877,0.87374,0.91531,0.8921,0.95103,0.99366,0.96301,0.94412,0.98967,0.92391,0.56102,0.92118,0.81585,0.97616,0.96088,0.98632,0.92922,0.98935,0.85565,0.78451,0.98752,0.97494,0.98976,0.94716,0.95855,0.98822,0.96077,0.99495,0.85502,0.93068,0.99915,0.9928,0.99813,0.9299,0.9987,0.69586,0.7476
34.44,0.98006,0.99997,0.9694,0.71374,0.99946,0.97475,0.97215,0.96161,0.90255,0.76502,0.98924,0.99053,0.98993,0.97115,0.48793,0.90902,0.73219,0.97437,0.99624,0.9754,0.85016,0.99388,0.97826,0.9103,0.98419,0.72463,0.7296,0.70959,0.95679,0.99157,0.85269,0.99884,0.8737,0.9154,0.89707,0.95205,0.99313,0.95729,0.94365,0.98967,0.90118,0.56616,0.93349,0.79466,0.97365,0.96131,0.98241,0.90372,0.98845,0.87836,0.76621,0.98883,0.97438,0.98456,0.93851,0.95322,0.98464,0.96181,0.99506,0.85502,0.93069,0.99809,0.99274,0.99741,0.92437,0.9986,0.69593,0.7475
34.46,0.97775,1,0.97039,0.70351,0.99941,0.97475,0.98067,0.95978,0.91401,0.73956,0.9905,0.99061,0.98688,0.98088,0.49041,0.92909,0.71047,0.97243,0.99596,0.96818,0.86048,0.99532,0.97407,0.91106,0.98435,0.7247,0.72953,0.72166,0.95732,0.99025,0.84428,0.9989,0.87368,0.91545,0.90203,0.95302,0.99258,0.95119,0.94315,0.98967,0.87564,0.57066,0.94464,0.77259,0.97132,0.96147,0.97839,0.87492,0.98777,0.89812,0.74739,0.98992,0.97364,0.97881,0.92911,0.9479,0.98075,0.96227,0.99517,0.85497,0.93075,0.99654,0.99256,0.99672,0.91865,0.99851,0.69595,0.74745
34.48,0.97518,1.00002,0.97142,0.6927,0.99936,0.97475,0.98781,0.95805,0.9255,0.71155,0.99177,0.99073,0.9831,0.98884,0.49256,0.94742,0.68686,0.97052,0.99571,0.95931,0.87083,0.99642,0.96897,0.91256,0.98453,0.72473,0.72949,0.73414,0.95759,0.98877,0.83524,0.99896,0.87364,0.91553,0.90718,0.95401,0.99197,0.94436,0.94259,0.98967,0.84631,0.57488,0.95546,0.74832,0.96868,0.96172,0.97355,0.84114,0.98718,0.91691,0.72694,0.9909,0.97299,0.97157,0.9186,0.94302,0.97591,0.9632,0.99529,0.85496,0.93078,0.99439,0.99247,0.99591,0.91246,0.99843,0.69602,0.74736
34.5,0.97279,1.00003,0.9723,0.68289,0.99932,0.97475,0.99302,0.95582,0.93465,0.68487,0.99282,0.99082,0.97946,0.99434,0.496,0.96197,0.66459,0.96815,0.9954,0.95072,0.87985,0.99768,0.96457,0.9129,0.98466,0.72482,0.72941,0.74475,0.95826,0.9872,0.82683,0.99903,0.87365,0.91556,0.9117,0.95495,0.99143,0.93784,0.94218,0.98967,0.81592,0.58023,0.96377,0.72522,0.96623,0.96191,0.96899,0.80601,0.9862,0.93264,0.70766,0.99201,0.97221,0.96443,0.90848,0.93609,0.97166,0.96341,0.99538,0.85489,0.93085,0.99211,0.99224,0.99502,0.90665,0.99831,0.69601,0.74732
34.52,0.97111,1.00004,0.97285,0.67592,0.99932,0.97475,0.99626,0.95244,0.93933,0.66447,0.99345,0.99074,0.97739,0.99742,0.50235,0.97161,0.64778,0.96465,0.99488,0.94558,0.88631,0.99922,0.96343,0.90936,0.98469,0.72519,0.72915,0.75108,0.95987,0.98557,0.82067,0.99916,0.87378,0.91547,0.91473,0.95585,0.99107,0.93302,0.94216,0.98967,0.78846,0.58817,0.96789,0.70756,0.96464,0.96175,0.96643,0.77518,0.98433,0.94366,0.69311,0.99345,0.97094,0.96009,0.90062,0.92311,0.97055,0.96123,0.99539,0.85464,0.93106,0.99053,0.99165,0.99407,0.90237,0.99809,0.69579,0.74742
34.54,0.96973,1.00004,0.97327,0.67004,0.99933,0.97475,0.99835,0.94846,0.94237,0.64649,0.99393,0.99063,0.97593,0.99916,0.51008,0.97901,0.63302,0.96055,0.99428,0.94175,0.89166,0.99998,0.96343,0.90453,0.98466,0.72564,0.72884,0.75577,0.9619,0.9839,0.81533,0.9993,0.87396,0.91534,0.91715,0.95669,0.9908,0.92884,0.9423,0.98967,0.76152,0.59732,0.97051,0.69199,0.96336,0.96151,0.96463,0.74536,0.98194,0.95265,0.68033,0.99488,0.96951,0.95684,0.89367,0.90685,0.97055,0.95823,0.99538,0.85434,0.93132,0.98926,0.99086,0.99308,0.89864,0.9978,0.6955,0.74757
34.56,0.9682,1.00004,0.97371,0.66368,0.99934,0.97475,0.99961,0.94452,0.94591,0.62694,0.99442,0.99055,0.97413,0.99993,0.51748,0.98555,0.61698,0.95649,0.99369,0.93713,0.89718,0.99976,0.96276,0.90033,0.98465,0.72602,0.72858,0.76107,0.96385,0.98223,0.80948,0.99942,0.87413,0.91522,0.91975,0.95749,0.9905,0.9242,0.94237,0.98967,0.73206,0.60618,0.97351,0.67506,0.96194,0.96135,0.96242,0.71247,0.97955,0.9612,0.66644,0.99606,0.96813,0.9529,0.88607,0.89045,0.9699,0.9556,0.99537,0.85408,0.93153,0.9877,0.99004,0.99206,0.89454,0.99752,0.69523,0.74771
34.58,0.96644,1.00002,0.97424,0.65702,0.99935,0.97475,0.99995,0.94052,0.94964,0.60546,0.99497,0.99041,0.97209,0.9996,0.52474,0.99113,0.59986,0.95194,0.99303,0.93196,0.90304,0.99848,0.96267,0.89528,0.98468,0.72652,0.72822,0.76648,0.96504,0.97995,0.80355,0.99953,0.87426,0.91513,0.92264,0.9585,0.99013,0.91922,0.94244,0.98967,0.69963,0.61501,0.97659,0.65647,0.96026,0.96105,0.95993,0.67583,0.97711,0.96929,0.65163,0.99714,0.96664,0.94848,0.87748,0.87093,0.96981,0.9524,0.99539,0.85373,0.93183,0.98598,0.98952,0.99065,0.89037,0.99722,0.69502,0.7478
34.6,0.96513,1.00001,0.97456,0.65116,0.99936,0.97475,0.99942,0.9361,0.95231,0.58718,0.99531,0.99038,0.97054,0.99836,0.533,0.99487,0.58458,0.94766,0.99239,0.92779,0.90753,0.99656,0.96167,0.89139,0.98462,0.72679,0.72804,0.77114,0.96773,0.97869,0.79773,0.99963,0.87448,0.91497,0.92474,0.95904,0.9899,0.91472,0.94255,0.98967,0.66888,0.62456,0.97874,0.64066,0.95914,0.961,0.95806,0.64185,0.97423,0.97553,0.63841,0.99797,0.96524,0.94489,0.87049,0.85322,0.96883,0.94991,0.99535,0.85354,0.93197,0.9844,0.98825,0.98985,0.88626,0.9969,0.69468,0.74799
34.62,0.96507,1.00003,0.97428,0.64722,0.99938,0.97475,0.99852,0.93076,0.95278,0.57795,0.99518,0.99072,0.97028,0.99705,0.5436,0.99667,0.57437,0.94499,0.99189,0.92673,0.90888,0.99544,0.95751,0.89145,0.98431,0.72637,0.7284,0.7742,0.9744,0.98067,0.79218,0.99972,0.87494,0.91453,0.92483,0.95824,0.9901,0.91164,0.94275,0.98967,0.64535,0.63589,0.97911,0.63267,0.95959,0.96169,0.95775,0.61865,0.97037,0.97901,0.62958,0.99839,0.96415,0.94397,0.86832,0.84488,0.96472,0.94995,0.99514,0.85383,0.93168,0.9833,0.98449,0.9911,0.88232,0.99653,0.69393,0.74848
34.64,0.96549,1.00004,0.97381,0.64409,0.9994,0.97475,0.99743,0.92494,0.95234,0.57245,0.99485,0.99115,0.97058,0.99575,0.55531,0.99776,0.56628,0.94276,0.99143,0.92679,0.90905,0.99473,0.95212,0.8928,0.98392,0.72573,0.72893,0.77662,0.9814,0.98354,0.78671,0.9998,0.87547,0.91402,0.92417,0.95695,0.99043,0.90916,0.943,0.98967,0.62482,0.64795,0.97876,0.62791,0.96063,0.9626,0.95811,0.59986,0.96591,0.98143,0.62258,0.9987,0.96318,0.94403,0.86804,0.84,0.95935,0.95082,0.99488,0.85427,0.93124,0.9824,0.97928,0.99286,0.87843,0.99614,0.69307,0.74905
34.66,0.96568,1.00004,0.97346,0.64062,0.99942,0.97475,0.99594,0.9191,0.95224,0.56539,0.99461,0.99152,0.97068,0.99403,0.56689,0.99875,0.55723,0.94003,0.99093,0.92615,0.90974,0.99369,0.9471,0.89348,0.98357,0.72521,0.72936,0.77934,0.98674,0.98567,0.78104,0.99986,0.87594,0.91358,0.92387,0.95591,0.99067,0.90639,0.94322,0.98967,0.60242,0.65982,0.97868,0.6218,0.96139,0.96336,0.95823,0.57851,0.96132,0.98401,0.61474,0.99903,0.96212,0.94348,0.86691,0.8333,0.95429,0.95125,0.99464,0.85463,0.93089,0.98135,0.97396,0.99413,0.87439,0.99576,0.69231,0.74956
34.68,0.96592,1.00003,0.97293,0.63697,0.99944,0.97475,0.99394,0.91265,0.95239,0.55744,0.99435,0.99193,0.9706,0.9919,0.57898,0.9995,0.54755,0.93808,0.99042,0.9263,0.91043,0.99258,0.94099,0.89449,0.98316,0.72459,0.72988,0.78188,0.99167,0.98807,0.77554,0.99992,0.87653,0.91301,0.92349,0.95468,0.99102,0.90342,0.94345,0.98967,0.57743,0.67268,0.9788,0.61493,0.96214,0.96425,0.95814,0.55547,0.95634,0.98651,0.60637,0.99922,0.96108,0.9436,0.86578,0.82653,0.94808,0.95189,0.99435,0.85505,0.93046,0.98034,0.96723,0.99552,0.87044,0.99524,0.69134,0.7502
34.7,0.96617,1.00001,0.97272,0.63387,0.99946,0.97475,0.99203,0.90673,0.95182,0.55202,0.99405,0.99224,0.971,0.98986,0.59104,0.99989,0.53943,0.93455,0.9899,0.92512,0.91087,0.99152,0.93608,0.89509,0.98286,0.72412,0.73026,0.7846,0.9948,0.98963,0.76954,0.99995,0.87688,0.91267,0.92308,0.95368,0.99116,0.90088,0.94367,0.98967,0.55674,0.68426,0.97835,0.61024,0.96302,0.96492,0.95862,0.53557,0.9512,0.98843,0.59935,0.99951,0.96001,0.94259,0.86506,0.82048,0.94305,0.95228,0.99415,0.85537,0.93014,0.97922,0.96129,0.99638,0.86613,0.99496,0.69077,0.75057
34.72,0.96633,1.00001,0.97337,0.63205,0.99947,0.97475,0.99127,0.90294,0.94942,0.55302,0.99366,0.99224,0.97255,0.98856,0.6026,1.00002,0.5349,0.92526,0.98928,0.9192,0.91087,0.99062,0.93555,0.89448,0.9829,0.72412,0.73025,0.78802,0.99559,0.98922,0.76192,0.9999,0.87657,0.91299,0.92282,0.95348,0.99073,0.89938,0.94381,0.98967,0.54906,0.69159,0.9764,0.6111,0.96409,0.9649,0.96049,0.52374,0.94612,0.98943,0.59543,0.99989,0.95877,0.93746,0.86506,0.81552,0.9425,0.95189,0.99417,0.85537,0.93015,0.97776,0.95944,0.99616,0.86064,0.99543,0.69128,0.75022
34.74,0.9665,1.00001,0.97433,0.63077,0.99949,0.97475,0.99098,0.8999,0.94625,0.55642,0.99321,0.99213,0.97447,0.98762,0.61397,1.00006,0.532,0.91373,0.98865,0.91168,0.91066,0.98983,0.93658,0.89339,0.98306,0.72429,0.73011,0.79163,0.99567,0.9881,0.7538,0.99981,0.87601,0.91355,0.92255,0.95353,0.99007,0.89832,0.94394,0.98967,0.54626,0.69741,0.97379,0.61405,0.96526,0.96468,0.96283,0.51551,0.941,0.99005,0.59292,0.99972,0.95751,0.9309,0.8654,0.81132,0.94356,0.9512,0.99429,0.85525,0.93027,0.97615,0.95924,0.99554,0.85476,0.99611,0.69219,0.74959
34.76,0.96667,1.00001,0.97515,0.62929,0.9995,0.97475,0.99043,0.89641,0.94338,0.55853,0.99277,0.99209,0.97613,0.98647,0.62551,1.00009,0.52856,0.90295,0.98804,0.90499,0.91057,0.98896,0.9369,0.89239,0.98318,0.72439,0.73001,0.79508,0.99599,0.98725,0.74591,0.9997,0.87556,0.91401,0.92227,0.95344,0.98947,0.89707,0.94409,0.98967,0.5409,0.70403,0.97137,0.61587,0.96636,0.96458,0.96487,0.50585,0.93566,0.99075,0.58995,0.99904,0.95632,0.92506,0.86555,0.80687,0.94389,0.95056,0.99437,0.85518,0.93035,0.97454,0.95842,0.99505,0.84903,0.99662,0.69293,0.74907
34.78,0.96682,1.00001,0.97587,0.62766,0.99951,0.97475,0.99,0.89291,0.94013,0.56156,0.99231,0.99197,0.9778,0.98512,0.63838,1.00006,0.52425,0.88808,0.98723,0.8959,0.91035,0.98793,0.9372,0.89196,0.98325,0.72445,0.72996,0.79861,0.99652,0.98645,0.73704,0.99954,0.87513,0.91443,0.92203,0.95342,0.98893,0.89571,0.94419,0.98967,0.53685,0.71064,0.96858,0.61849,0.96746,0.96434,0.96693,0.49477,0.92957,0.99159,0.58622,0.99741,0.95476,0.91707,0.86591,0.80171,0.9442,0.95028,0.99442,0.85514,0.9304,0.97283,0.95695,0.99459,0.84257,0.99718,0.69362,0.7486
34.8,0.96701,1,0.97683,0.62644,0.99953,0.97475,0.98939,0.8895,0.93728,0.5632,0.99184,0.99198,0.97935,0.98416,0.64908,1.00003,0.52208,0.87922,0.98679,0.89059,0.91036,0.98718,0.93791,0.8902,0.98344,0.72464,0.72979,0.80194,0.99643,0.98528,0.72976,0.9994,0.87458,0.91497,0.92171,0.95333,0.98817,0.89468,0.94438,0.98967,0.5312,0.71702,0.96609,0.61991,0.96852,0.96435,0.96885,0.48723,0.92439,0.99201,0.58434,0.99612,0.95391,0.91238,0.86589,0.79806,0.94493,0.94915,0.99455,0.85501,0.93053,0.97115,0.9572,0.9939,0.83724,0.99758,0.6945,0.74798
34.82,0.96735,0.99999,0.97844,0.62618,0.99956,0.97475,0.98805,0.88608,0.93593,0.56012,0.99137,0.99236,0.98067,0.98434,0.65321,1.00007,0.52549,0.89053,0.98743,0.89782,0.91108,0.98724,0.9394,0.88487,0.98388,0.72519,0.72934,0.80471,0.99452,0.98306,0.72707,0.9994,0.87373,0.91582,0.92115,0.95295,0.9868,0.89446,0.94481,0.98967,0.51926,0.72336,0.96491,0.61724,0.96955,0.96517,0.97049,0.48859,0.92237,0.99146,0.58729,0.99772,0.95513,0.91876,0.8647,0.79831,0.94645,0.94571,0.99485,0.85464,0.9309,0.9697,0.9619,0.99257,0.83527,0.99757,0.69587,0.74702
34.84,0.96774,0.99998,0.9802,0.62632,0.9996,0.97475,0.98643,0.88278,0.93512,0.55557,0.99089,0.99284,0.98186,0.98496,0.65491,1.00008,0.53097,0.90744,0.98841,0.90857,0.91204,0.98761,0.94122,0.87802,0.98441,0.72585,0.72879,0.80729,0.99134,0.98036,0.7262,0.99945,0.87277,0.91678,0.92052,0.95249,0.98514,0.89458,0.94531,0.98967,0.50546,0.72945,0.96418,0.61331,0.97055,0.96623,0.97198,0.49351,0.92153,0.9905,0.59203,0.99938,0.95704,0.92819,0.8631,0.80013,0.94831,0.94124,0.99521,0.85419,0.93136,0.96831,0.96777,0.9909,0.83463,0.99744,0.69742,0.74593
34.86,0.96808,0.99997,0.98177,0.62631,0.99964,0.97475,0.98485,0.87946,0.93405,0.55185,0.9904,0.99325,0.983,0.98539,0.65777,1.00004,0.53546,0.9199,0.98918,0.91659,0.91287,0.98786,0.94282,0.87159,0.98489,0.72645,0.7283,0.80992,0.98801,0.97776,0.72467,0.99948,0.87186,0.91767,0.91995,0.95206,0.98353,0.89457,0.94577,0.98967,0.49264,0.73552,0.96324,0.61009,0.97151,0.96714,0.97343,0.49694,0.92012,0.98967,0.59591,0.99989,0.95856,0.93519,0.8617,0.80135,0.94994,0.93701,0.99553,0.85378,0.93176,0.96685,0.97244,0.98925,0.8335,0.99738,0.69886,0.74492
34.88,0.96849,0.99995,0.98341,0.6262,0.99968,0.97475,0.98299,0.87565,0.93294,0.54741,0.98985,0.99368,0.9843,0.98575,0.66047,0.99995,0.54008,0.93333,0.99,0.92627,0.91375,0.98802,0.94459,0.86511,0.98538,0.72711,0.72776,0.81256,0.98361,0.97432,0.72239,0.99951,0.8709,0.91861,0.91926,0.95164,0.98166,0.89448,0.94625,0.98967,0.47816,0.74245,0.96224,0.60625,0.97256,0.96812,0.97507,0.49993,0.91878,0.98882,0.59991,0.99959,0.96022,0.94357,0.8602,0.80213,0.95174,0.93271,0.99584,0.85333,0.9322,0.96535,0.97725,0.98703,0.83183,0.99727,0.7004,0.74384
34.9,0.96877,0.99994,0.98473,0.62638,0.99971,0.97475,0.98139,0.87275,0.93204,0.54404,0.98941,0.99405,0.98515,0.98632,0.66296,0.99978,0.54482,0.94313,0.9907,0.9322,0.91456,0.98843,0.946,0.85789,0.98585,0.72766,0.72729,0.81509,0.97948,0.97205,0.72209,0.99953,0.87002,0.91946,0.9188,0.95118,0.98001,0.89463,0.94671,0.98967,0.46618,0.74769,0.96143,0.60334,0.97336,0.96898,0.97616,0.50455,0.91754,0.9878,0.60401,0.99865,0.96165,0.94869,0.85879,0.80416,0.95318,0.92788,0.99614,0.85295,0.93258,0.96386,0.98087,0.98554,0.83161,0.99722,0.70178,0.74287
34.92,0.96866,0.99991,0.98533,0.62723,0.99974,0.97475,0.98079,0.8725,0.93161,0.54394,0.9893,0.99428,0.98485,0.98731,0.66537,0.99948,0.54943,0.94452,0.99105,0.9279,0.91517,0.98944,0.94626,0.84909,0.98626,0.72784,0.72705,0.81735,0.97789,0.97364,0.72669,0.9995,0.86945,0.92,0.91899,0.95058,0.97922,0.89535,0.94707,0.98967,0.46177,0.74815,0.96105,0.60325,0.97355,0.96951,0.97578,0.5129,0.91633,0.98643,0.608,0.99846,0.96238,0.94499,0.85774,0.80929,0.95343,0.92193,0.9964,0.85283,0.93278,0.9625,0.98209,0.98658,0.83499,0.99732,0.70268,0.74224
34.94,0.96841,0.99988,0.98568,0.62836,0.99976,0.97475,0.98056,0.87319,0.9314,0.54498,0.98933,0.99445,0.98415,0.98843,0.66766,0.99903,0.55407,0.94336,0.99129,0.92002,0.9157,0.99061,0.94619,0.83948,0.98665,0.72789,0.72687,0.81951,0.97732,0.9765,0.73316,0.99944,0.86898,0.92044,0.9194,0.94994,0.97874,0.8963,0.94742,0.98967,0.46015,0.7469,0.96085,0.60415,0.97351,0.96991,0.97489,0.52262,0.91518,0.98486,0.61201,0.99862,0.96289,0.93816,0.8568,0.8155,0.95336,0.91538,0.99664,0.85279,0.93292,0.96116,0.9825,0.98845,0.83973,0.99747,0.70342,0.74173
34.96,0.96823,0.99985,0.98613,0.62936,0.99979,0.97475,0.98018,0.87342,0.93108,0.54554,0.98929,0.99464,0.98366,0.98942,0.67006,0.99849,0.55863,0.94345,0.99158,0.91375,0.91626,0.99162,0.94635,0.8299,0.98705,0.72801,0.72667,0.82173,0.97634,0.97863,0.73873,0.99939,0.86847,0.92092,0.9197,0.94932,0.97811,0.89714,0.94779,0.98967,0.45737,0.74649,0.96057,0.60463,0.97357,0.97035,0.97426,0.5315,0.91398,0.98328,0.61596,0.99861,0.96349,0.93271,0.85582,0.82104,0.95353,0.90878,0.99688,0.85271,0.93309,0.95976,0.9832,0.98981,0.8438,0.9976,0.70423,0.74117
34.98,0.96803,0.99981,0.9866,0.63037,0.99981,0.97475,0.97971,0.8738,0.9308,0.54593,0.98926,0.99485,0.98302,0.99042,0.6722,0.99781,0.5634,0.94327,0.99187,0.90576,0.91685,0.99262,0.94614,0.81969,0.98742,0.7281,0.72647,0.82381,0.97491,0.98066,0.74417,0.99934,0.86795,0.92141,0.92004,0.94864,0.97743,0.89798,0.9481,0.98967,0.45403,0.74581,0.96032,0.60497,0.97362,0.97087,0.97345,0.54083,0.91289,0.98153,0.62008,0.99863,0.96412,0.92573,0.85476,0.82678,0.95332,0.90169,0.9971,0.85265,0.93325,0.95841,0.98416,0.99109,0.84777,0.99772,0.70504,0.74061
35,0.96783,0.99978,0.98694,0.63143,0.99983,0.97475,0.9795,0.87408,0.93049,0.54693,0.98925,0.99498,0.98255,0.99128,0.67488,0.99707,0.56763,0.94302,0.9921,0.89966,0.91735,0.9935,0.94666,0.80983,0.98782,0.72823,0.72627,0.8261,0.97463,0.98289,0.75009,0.99928,0.86746,0.92186,0.92037,0.94807,0.97691,0.89887,0.94851,0.98967,0.45254,0.74529,0.96003,0.60583,0.97365,0.97118,0.97286,0.54925,0.91153,0.97987,0.62374,0.99867,0.96462,0.92037,0.85388,0.83207,0.95384,0.89479,0.99733,0.85256,0.93341,0.95689,0.98434,0.99246,0.85207,0.99786,0.70581,0.74008
35.02,0.96776,0.99977,0.98701,0.63248,0.99987,0.97475,0.97991,0.87396,0.93,0.54944,0.98923,0.99489,0.9827,0.99186,0.67921,0.99651,0.57056,0.94307,0.99219,0.90052,0.91761,0.99414,0.949,0.80163,0.98831,0.72853,0.72608,0.82904,0.97717,0.98527,0.75712,0.99917,0.86702,0.92224,0.92049,0.94785,0.97681,0.89974,0.94919,0.98967,0.45541,0.74552,0.95959,0.60801,0.97368,0.97096,0.97304,0.55506,0.90932,0.97869,0.62627,0.99866,0.96481,0.92114,0.85341,0.83609,0.95621,0.88901,0.9976,0.85235,0.93357,0.95489,0.98261,0.9939,0.85717,0.99807,0.7065,0.73964
35.04,0.96768,0.99976,0.98697,0.6336,0.99992,0.97475,0.98055,0.87369,0.92946,0.55249,0.98921,0.99472,0.98303,0.99234,0.6841,0.996,0.57292,0.94313,0.99222,0.90371,0.91778,0.99468,0.95204,0.79398,0.98881,0.7289,0.72588,0.83215,0.98061,0.98774,0.76447,0.99904,0.8666,0.92258,0.92062,0.94775,0.97687,0.90066,0.94995,0.98967,0.46005,0.74599,0.9591,0.61065,0.97371,0.97055,0.97347,0.55995,0.90682,0.97766,0.62832,0.99865,0.96487,0.92394,0.85311,0.83966,0.95926,0.8836,0.99787,0.8521,0.93374,0.9527,0.97995,0.99533,0.86248,0.9983,0.70713,0.73924
35.06,0.96756,0.99975,0.987,0.63475,0.99995,0.97475,0.98108,0.87344,0.92895,0.55522,0.98919,0.99458,0.98327,0.99283,0.68869,0.9954,0.57543,0.94324,0.99228,0.90586,0.91797,0.99521,0.9548,0.78591,0.9893,0.72924,0.72566,0.83512,0.98341,0.99002,0.7714,0.99891,0.86619,0.92293,0.92082,0.9476,0.97682,0.9016,0.95067,0.98967,0.4639,0.74645,0.95863,0.613,0.97374,0.97022,0.97377,0.56515,0.90444,0.97651,0.63049,0.99864,0.965,0.92581,0.85276,0.84329,0.96203,0.87786,0.99813,0.85186,0.93391,0.95054,0.97745,0.99659,0.86747,0.99851,0.70778,0.73884
35.08,0.96763,0.99974,0.98694,0.63563,0.99998,0.97475,0.98159,0.87343,0.92843,0.55829,0.98918,0.99444,0.98354,0.99333,0.69365,0.99479,0.57836,0.94305,0.99232,0.90775,0.91822,0.99576,0.95688,0.77742,0.98975,0.72953,0.72552,0.83817,0.9858,0.99159,0.77879,0.99877,0.86574,0.92331,0.9207,0.94741,0.97692,0.90233,0.95139,0.98967,0.46769,0.74646,0.95816,0.61566,0.97377,0.96988,0.97411,0.5706,0.90187,0.97538,0.63302,0.99866,0.96509,0.92747,0.85231,0.84719,0.9641,0.87179,0.99835,0.85166,0.93402,0.94825,0.97501,0.99742,0.87277,0.99869,0.70848,0.73839
35.1,0.9673,0.99974,0.98705,0.63708,1.00001,0.97475,0.98216,0.87288,0.92791,0.5607,0.98916,0.99429,0.98378,0.99374,0.69808,0.9941,0.58027,0.9435,0.99238,0.91058,0.91833,0.99619,0.96026,0.76953,0.99025,0.72996,0.72522,0.84102,0.98851,0.99392,0.78494,0.99861,0.86536,0.92362,0.92125,0.94735,0.97675,0.90352,0.9521,0.98967,0.47194,0.74746,0.95768,0.61775,0.97379,0.96953,0.97441,0.57524,0.89955,0.97416,0.63468,0.9986,0.96523,0.92994,0.8521,0.85036,0.96744,0.86612,0.99859,0.85137,0.93426,0.94604,0.9718,0.99855,0.87717,0.99888,0.70906,0.73804
35.12,0.9659,0.99976,0.98763,0.63999,1.00004,0.97475,0.98285,0.87079,0.92729,0.56129,0.98916,0.99413,0.98393,0.99397,0.70074,0.99324,0.57953,0.94584,0.99248,0.91616,0.91805,0.99631,0.96719,0.76333,0.99089,0.73079,0.72449,0.84339,0.9922,0.99771,0.78812,0.9984,0.86521,0.92369,0.92351,0.94767,0.97585,0.90587,0.95288,0.98967,0.47708,0.75123,0.95711,0.61825,0.9738,0.96914,0.97461,0.5778,0.89815,0.9727,0.63404,0.99826,0.96544,0.93481,0.85262,0.85131,0.97421,0.86166,0.99888,0.85079,0.93486,0.94416,0.96635,0.99991,0.87944,0.9991,0.70929,0.73795
35.14,0.96404,0.99978,0.98836,0.64348,1.00006,0.97475,0.98356,0.86814,0.92669,0.56116,0.98916,0.99396,0.98403,0.99413,0.70283,0.99228,0.5778,0.94874,0.9926,0.92228,0.91763,0.99636,0.97448,0.75784,0.99156,0.73176,0.7236,0.84556,0.99546,0.99989,0.79009,0.99815,0.86514,0.9237,0.92644,0.94812,0.97466,0.90867,0.95365,0.98967,0.48257,0.75598,0.95656,0.61815,0.97379,0.96876,0.97473,0.57964,0.89705,0.97111,0.63254,0.99778,0.9657,0.94013,0.85337,0.85167,0.98114,0.85769,0.99916,0.85012,0.93557,0.9424,0.95977,0.99959,0.88084,0.99931,0.70941,0.73794
35.16,0.96229,0.99981,0.98901,0.64676,1.00007,0.97475,0.98424,0.86575,0.92614,0.56128,0.98917,0.99381,0.98411,0.99432,0.70526,0.99126,0.57652,0.95122,0.99273,0.92741,0.9173,0.99647,0.98026,0.75198,0.99218,0.73265,0.7228,0.84776,0.99767,0.99973,0.7924,0.99789,0.865,0.92376,0.92912,0.9485,0.97354,0.91128,0.95437,0.98967,0.48781,0.76024,0.95606,0.61825,0.97379,0.96841,0.97484,0.58187,0.89576,0.96949,0.63143,0.99729,0.96597,0.94456,0.85396,0.85258,0.98646,0.85344,0.99939,0.8495,0.93621,0.94056,0.95322,0.9975,0.88248,0.99949,0.70961,0.73786
35.18,0.9607,0.99983,0.98959,0.64973,1.00009,0.97475,0.98493,0.86315,0.92529,0.56176,0.98916,0.99359,0.98439,0.99447,0.70746,0.99025,0.57521,0.95393,0.99278,0.93421,0.91686,0.99643,0.98601,0.74581,0.99278,0.7336,0.72194,0.85008,0.99937,0.99713,0.79551,0.99761,0.86497,0.92373,0.93147,0.94891,0.97249,0.91361,0.95526,0.98967,0.49331,0.76486,0.95527,0.61866,0.97379,0.96792,0.97519,0.58374,0.8946,0.96794,0.6303,0.9967,0.9661,0.95041,0.85475,0.85226,0.99151,0.84896,0.99959,0.84884,0.9369,0.93858,0.94473,0.99311,0.88468,0.99966,0.70966,0.7379
35.2,0.95853,0.99985,0.99028,0.65347,1.00009,0.97475,0.98555,0.86081,0.92509,0.5613,0.98917,0.9935,0.98423,0.99468,0.71,0.98901,0.57374,0.95611,0.99298,0.93716,0.91662,0.9967,0.98969,0.74029,0.99335,0.73446,0.72116,0.85207,0.99992,0.99319,0.79665,0.99733,0.86475,0.92387,0.93459,0.94929,0.97118,0.9165,0.95578,0.98967,0.49827,0.76899,0.95508,0.61827,0.97377,0.9677,0.97499,0.5862,0.89325,0.9661,0.62902,0.99616,0.96654,0.95294,0.85518,0.85439,0.99455,0.84494,0.99976,0.84824,0.93752,0.93685,0.93864,0.98801,0.88549,0.99978,0.70999,0.73774
35.22,0.95477,0.99986,0.99129,0.65916,1.00009,0.97475,0.98594,0.85923,0.92654,0.55841,0.98916,0.99378,0.98293,0.99502,0.71374,0.98723,0.57201,0.95682,0.99358,0.92942,0.91693,0.99771,0.98987,0.73615,0.99384,0.73506,0.72063,0.85323,0.99978,0.99184,0.79258,0.9971,0.86394,0.92459,0.93977,0.94954,0.96911,0.92083,0.95535,0.98967,0.50145,0.77179,0.95643,0.61577,0.9738,0.96834,0.97333,0.59037,0.89125,0.96354,0.62753,0.99597,0.96788,0.9463,0.85463,0.8631,0.99469,0.84192,0.99988,0.84782,0.93794,0.93582,0.94079,0.9864,0.88261,0.99987,0.71125,0.73689
35.24,0.95027,0.99987,0.99233,0.66556,1.00008,0.97475,0.98627,0.85798,0.92863,0.5546,0.98917,0.99416,0.98109,0.99539,0.71784,0.98513,0.57017,0.95707,0.99427,0.91723,0.91745,0.99873,0.98889,0.73278,0.9943,0.73557,0.72017,0.85407,0.9992,0.99176,0.78654,0.99689,0.86294,0.92548,0.94561,0.94977,0.96677,0.92559,0.95455,0.98967,0.50413,0.77399,0.95834,0.61247,0.97379,0.96923,0.97102,0.59514,0.88905,0.96062,0.62594,0.9959,0.96949,0.93574,0.8537,0.87388,0.99391,0.83945,0.99997,0.84746,0.9383,0.93507,0.94591,0.9863,0.87831,0.99993,0.71277,0.73585
35.26,0.94589,0.99989,0.99323,0.67159,1.00006,0.97475,0.98663,0.85669,0.93047,0.55119,0.9892,0.99447,0.97935,0.99573,0.72174,0.98294,0.56842,0.95755,0.99487,0.90638,0.91788,0.9994,0.98842,0.72929,0.99475,0.73612,0.71968,0.85505,0.99853,0.99103,0.78137,0.99667,0.86209,0.92622,0.95096,0.95003,0.96453,0.92995,0.95388,0.98967,0.50718,0.77625,0.96002,0.60952,0.97372,0.96995,0.96885,0.59965,0.88695,0.95769,0.62443,0.99577,0.97091,0.92628,0.85292,0.88328,0.99352,0.8369,1.00003,0.84707,0.93869,0.93418,0.94965,0.98545,0.87462,0.99998,0.71407,0.73496
35.28,0.94104,0.99989,0.99423,0.67764,1.00005,0.97475,0.98692,0.85487,0.93201,0.5477,0.98908,0.99484,0.97769,0.99605,0.72595,0.98067,0.56643,0.95793,0.99546,0.89332,0.91825,0.99982,0.98799,0.72464,0.99516,0.73667,0.71919,0.85604,0.99783,0.99033,0.7758,0.99642,0.86098,0.92719,0.95658,0.95018,0.96177,0.93422,0.95335,0.98967,0.50958,0.77945,0.96141,0.6065,0.97394,0.97084,0.96679,0.60391,0.88468,0.95476,0.6227,0.99566,0.97236,0.91479,0.85226,0.89199,0.99317,0.83348,1.00007,0.84668,0.93908,0.93328,0.95265,0.98464,0.87063,1.00003,0.71575,0.73381
35.3,0.93647,0.99991,0.99487,0.6837,1.00002,0.97475,0.98735,0.85421,0.93424,0.54416,0.98929,0.99508,0.97552,0.99639,0.72964,0.97806,0.56493,0.95843,0.99599,0.88168,0.91881,1.00001,0.98713,0.72255,0.9956,0.73719,0.71872,0.85693,0.99635,0.98987,0.77044,0.99619,0.86034,0.92773,0.96158,0.95057,0.95984,0.93839,0.95243,0.98967,0.5132,0.78059,0.9634,0.60344,0.97357,0.97142,0.96412,0.60875,0.88267,0.95147,0.62141,0.99552,0.97372,0.9045,0.85123,0.9015,0.99246,0.83195,1.00009,0.84631,0.93945,0.93246,0.95742,0.98411,0.86678,1.00006,0.71672,0.73316
35.32,0.93328,0.99995,0.9947,0.68981,0.99994,0.97475,0.98817,0.85684,0.93826,0.54042,0.99043,0.99495,0.97203,0.99683,0.73205,0.97461,0.56481,0.95889,0.99639,0.87712,0.91987,0.99982,0.98532,0.72718,0.99613,0.73764,0.71823,0.85753,0.99239,0.98952,0.76607,0.99605,0.86112,0.92702,0.96493,0.9516,0.96037,0.94247,0.95046,0.98967,0.5203,0.77598,0.96696,0.60021,0.97146,0.97111,0.95986,0.61518,0.88136,0.94724,0.62131,0.99538,0.97477,0.90045,0.8493,0.91319,0.99092,0.83535,1.00006,0.84599,0.93983,0.93191,0.96602,0.9837,0.86363,1.00007,0.71554,0.73401
35.34,0.93057,0.99999,0.99422,0.69587,0.99981,0.97475,0.9891,0.86058,0.94277,0.53672,0.99178,0.9947,0.96784,0.99727,0.73387,0.97071,0.56521,0.95954,0.99674,0.87502,0.92111,0.99904,0.98295,0.73435,0.99666,0.73806,0.71775,0.85805,0.98578,0.98942,0.76206,0.99592,0.86236,0.92588,0.96769,0.95287,0.96183,0.9464,0.94807,0.98967,0.5286,0.76941,0.97085,0.59701,0.96867,0.97049,0.95481,0.62211,0.88037,0.9426,0.62165,0.99519,0.97575,0.89858,0.84698,0.92506,0.98886,0.8406,0.99998,0.8457,0.9402,0.93142,0.97503,0.98358,0.86074,1.00008,0.71366,0.73537
35.36,0.92759,1.00002,0.99383,0.70181,0.99965,0.97475,0.98993,0.86367,0.94678,0.53318,0.99287,0.9945,0.96366,0.99765,0.7358,0.96674,0.5654,0.96041,0.9971,0.87174,0.92227,0.99775,0.98065,0.7404,0.99714,0.73848,0.71728,0.85866,0.9778,0.98938,0.758,0.99577,0.86333,0.92496,0.97064,0.95405,0.96291,0.95014,0.94584,0.98967,0.53626,0.76394,0.97423,0.59394,0.96611,0.97002,0.94982,0.62863,0.87931,0.93801,0.62181,0.99492,0.97675,0.89567,0.84479,0.93562,0.98681,0.84502,0.99985,0.8454,0.94057,0.93085,0.98216,0.98354,0.85781,1.00009,0.71218,0.73645
35.38,0.92435,1.00003,0.99355,0.70814,0.99943,0.97475,0.99073,0.86709,0.95094,0.52876,0.99403,0.99429,0.95888,0.99803,0.73842,0.962,0.5655,0.96005,0.99741,0.86817,0.92337,0.99585,0.978,0.74588,0.99759,0.73894,0.71678,0.85901,0.96804,0.98864,0.75314,0.99566,0.86451,0.92387,0.97376,0.95505,0.96371,0.954,0.94337,0.98967,0.54385,0.75784,0.97764,0.59012,0.96307,0.96952,0.94415,0.63551,0.87787,0.93267,0.6219,0.99503,0.97765,0.89248,0.84267,0.94568,0.9844,0.84901,0.99967,0.84507,0.94096,0.93051,0.98809,0.9827,0.85428,1.00009,0.71038,0.73774
35.4,0.9216,1.00004,0.99295,0.71355,0.99921,0.97475,0.99153,0.86997,0.95445,0.52615,0.99487,0.99405,0.95445,0.99834,0.73948,0.95804,0.56589,0.96217,0.99774,0.86582,0.9246,0.99351,0.97553,0.75291,0.99798,0.73932,0.71635,0.85988,0.95613,0.98937,0.74995,0.99547,0.86537,0.92302,0.97632,0.95643,0.96527,0.95719,0.94115,0.98967,0.55171,0.75269,0.98043,0.58786,0.96058,0.96898,0.93894,0.64159,0.87729,0.9283,0.62223,0.99434,0.97867,0.89039,0.84029,0.95443,0.98212,0.85412,0.99943,0.8448,0.9413,0.92968,0.99296,0.98353,0.85197,1.00009,0.70905,0.73873
35.42,0.92029,1.00002,0.99149,0.71657,0.99907,0.97475,0.99234,0.87119,0.9565,0.5284,0.99501,0.99379,0.95171,0.99853,0.73632,0.95697,0.56698,0.97115,0.9982,0.86605,0.92616,0.99113,0.97411,0.76365,0.99833,0.7395,0.71607,0.86221,0.94112,0.99371,0.7516,0.99506,0.8652,0.92303,0.97752,0.95888,0.96867,0.95892,0.93986,0.98967,0.55999,0.7505,0.98202,0.5898,0.96012,0.96837,0.93573,0.64562,0.87903,0.92713,0.62318,0.99058,0.98016,0.8906,0.83718,0.96121,0.98079,0.86189,0.99917,0.84467,0.94152,0.92744,0.9968,0.98865,0.85317,1.00007,0.7093,0.73872
35.44,0.91952,0.99992,0.98955,0.71868,0.99896,0.97475,0.99314,0.87187,0.95799,0.53248,0.99493,0.99351,0.94963,0.99868,0.73163,0.95703,0.56833,0.9806,0.99864,0.86754,0.92783,0.98861,0.97304,0.7756,0.99862,0.73959,0.71586,0.86503,0.92364,0.99763,0.75492,0.99454,0.86472,0.9233,0.97822,0.9616,0.97257,0.96012,0.93887,0.98967,0.56851,0.74929,0.98316,0.59334,0.96037,0.96772,0.9333,0.64886,0.88159,0.9272,0.62434,0.98458,0.98171,0.89193,0.83381,0.967,0.97979,0.87049,0.99888,0.84461,0.94168,0.92463,0.99917,0.99384,0.85558,1.00001,0.71005,0.7384
35.46,0.91847,0.99978,0.98758,0.72117,0.99882,0.97475,0.99389,0.87278,0.95963,0.53581,0.99496,0.99323,0.94721,0.99883,0.7277,0.95664,0.56952,0.98727,0.99899,0.86868,0.92939,0.9857,0.97175,0.78662,0.99887,0.73971,0.71563,0.86758,0.90455,0.99955,0.75737,0.99405,0.86442,0.92343,0.97916,0.96401,0.97592,0.96151,0.9377,0.98967,0.57689,0.74764,0.9844,0.59622,0.96028,0.96709,0.93048,0.65236,0.88373,0.92677,0.62538,0.97819,0.98307,0.89294,0.83059,0.97244,0.97856,0.87836,0.99856,0.84452,0.94185,0.92202,1.00001,0.99708,0.85735,0.99992,0.71051,0.73826
35.48,0.91753,0.99955,0.98541,0.72378,0.99868,0.97475,0.99457,0.87374,0.9615,0.53874,0.99497,0.99293,0.94446,0.99898,0.72359,0.95598,0.57089,0.99352,0.99935,0.869,0.93108,0.98225,0.9705,0.79744,0.99916,0.73989,0.71533,0.87013,0.88074,1.00001,0.76024,0.9935,0.86398,0.92365,0.98001,0.9666,0.97911,0.96295,0.93659,0.98967,0.5849,0.74591,0.98577,0.59875,0.96024,0.96643,0.9273,0.65617,0.88595,0.92605,0.62656,0.96884,0.98467,0.89323,0.82702,0.97767,0.97738,0.88605,0.9981,0.84439,0.94209,0.91935,0.99924,0.99933,0.85942,0.9998,0.71118,0.73799
35.5,0.91648,0.99932,0.98306,0.72589,0.99852,0.97475,0.99526,0.87445,0.96267,0.54289,0.99497,0.99264,0.94244,0.99909,0.71956,0.95614,0.57192,0.9965,0.99954,0.87123,0.93247,0.97898,0.96917,0.80802,0.9993,0.73992,0.71521,0.87274,0.86024,0.99908,0.76256,0.99298,0.86374,0.92373,0.98094,0.96865,0.98208,0.96409,0.93542,0.98967,0.59346,0.74462,0.98662,0.60234,0.96026,0.96579,0.92495,0.65909,0.88813,0.92623,0.62745,0.96173,0.98563,0.89521,0.82402,0.98174,0.97611,0.89352,0.99782,0.84437,0.94218,0.91654,0.99739,1.00002,0.8611,0.99965,0.71154,0.7379
35.52,0.91499,0.99922,0.98054,0.72686,0.99834,0.97475,0.99603,0.87465,0.96217,0.54991,0.99498,0.9924,0.94226,0.99913,0.71604,0.95823,0.5721,0.9951,0.99941,0.87858,0.93302,0.9769,0.96757,0.81875,0.99913,0.73956,0.7156,0.87543,0.85481,0.99862,0.76305,0.99262,0.86413,0.92338,0.98224,0.96934,0.98481,0.96461,0.93409,0.98967,0.60371,0.74427,0.98625,0.60841,0.96023,0.96525,0.92474,0.65998,0.89002,0.92851,0.62761,0.96544,0.98496,0.90174,0.82282,0.98397,0.97457,0.90103,0.99814,0.84463,0.94188,0.91356,0.99675,1.00004,0.86146,0.99954,0.71096,0.73831
35.54,0.91337,0.99919,0.97786,0.72734,0.99813,0.97475,0.99677,0.87461,0.96101,0.55802,0.99498,0.99216,0.94287,0.99913,0.71263,0.96103,0.57189,0.99155,0.99913,0.8874,0.93329,0.97531,0.96586,0.82905,0.99882,0.73905,0.71617,0.87817,0.85549,0.9986,0.76294,0.99231,0.86472,0.92288,0.98364,0.96956,0.98731,0.96486,0.93268,0.98967,0.61441,0.74433,0.98541,0.61543,0.96022,0.96475,0.92545,0.65999,0.89184,0.93159,0.62743,0.97233,0.98366,0.90956,0.82222,0.98551,0.97292,0.90819,0.99863,0.845,0.94144,0.91044,0.99684,1.00004,0.86138,0.99944,0.71004,0.7389
35.56,0.9118,0.99913,0.97506,0.72801,0.99792,0.97475,0.99742,0.87467,0.96012,0.56554,0.99498,0.99192,0.94322,0.99914,0.70921,0.96342,0.57174,0.98826,0.99888,0.89496,0.9337,0.97342,0.96412,0.83871,0.99853,0.7386,0.71666,0.88085,0.85366,0.99838,0.76307,0.99198,0.86523,0.92243,0.98498,0.97,0.98954,0.96522,0.93126,0.98967,0.62463,0.74423,0.98475,0.62193,0.96022,0.96422,0.92585,0.66028,0.89367,0.93426,0.6273,0.97699,0.98261,0.91624,0.8213,0.98719,0.97122,0.91484,0.99897,0.84531,0.94106,0.9073,0.99661,1.00002,0.86147,0.99932,0.70926,0.73942
35.58,0.91019,0.99907,0.97183,0.72878,0.99771,0.97475,0.99801,0.87476,0.95925,0.57308,0.99499,0.99167,0.9432,0.99916,0.70569,0.96568,0.57209,0.98394,0.99858,0.90309,0.93403,0.97135,0.96239,0.84973,0.99818,0.73815,0.71716,0.88348,0.85057,0.998,0.76339,0.99161,0.86569,0.92204,0.98634,0.9704,0.99172,0.96562,0.92992,0.98967,0.63503,0.74406,0.98411,0.62846,0.9602,0.96368,0.92583,0.66105,0.89554,0.93681,0.6276,0.98168,0.98149,0.92339,0.82058,0.98885,0.96953,0.92237,0.99929,0.84563,0.94067,0.90413,0.99622,0.99997,0.8617,0.99918,0.70855,0.73988
35.6,0.90859,0.99901,0.96898,0.72924,0.99746,0.97475,0.99849,0.87473,0.95816,0.58058,0.99499,0.99142,0.94409,0.99915,0.70247,0.96812,0.57133,0.97932,0.99823,0.90957,0.93448,0.96961,0.96055,0.85699,0.99781,0.73768,0.71766,0.88613,0.85153,0.99805,0.76315,0.9913,0.8663,0.92149,0.98767,0.97077,0.99335,0.96587,0.92837,0.98967,0.64474,0.74412,0.98329,0.63495,0.9602,0.96317,0.92687,0.66064,0.89724,0.9396,0.62694,0.98556,0.98026,0.92906,0.81958,0.99012,0.96772,0.92727,0.99954,0.84597,0.94027,0.90084,0.99634,0.99998,0.86153,0.99905,0.7076,0.74052
35.62,0.90712,0.99895,0.96758,0.72905,0.99709,0.97475,0.99885,0.87441,0.95659,0.5881,0.99496,0.9912,0.94745,0.99901,0.69997,0.97101,0.56721,0.97595,0.99782,0.91188,0.93532,0.96863,0.9578,0.85506,0.99745,0.73715,0.71817,0.88887,0.86232,0.99908,0.7614,0.99115,0.86734,0.92053,0.98887,0.97114,0.99406,0.96577,0.9262,0.98967,0.65287,0.74471,0.98209,0.64145,0.96029,0.96269,0.93076,0.65692,0.89855,0.94295,0.62338,0.98787,0.97891,0.93108,0.81769,0.99078,0.96501,0.92597,0.99973,0.84634,0.93988,0.89735,0.99762,1.00002,0.86026,0.99899,0.70599,0.74164
35.64,0.90567,0.99889,0.96674,0.72857,0.99666,0.97475,0.99914,0.87396,0.95481,0.59547,0.99493,0.99099,0.9515,0.99882,0.69778,0.97394,0.562,0.97289,0.99735,0.9128,0.93629,0.96805,0.95498,0.84959,0.99709,0.73661,0.71867,0.8916,0.87619,0.99989,0.75909,0.99106,0.86852,0.91941,0.99005,0.9715,0.99446,0.96551,0.92381,0.98967,0.66032,0.74551,0.98072,0.64783,0.9604,0.96225,0.93548,0.65204,0.8997,0.94644,0.61887,0.98967,0.97749,0.93189,0.81548,0.99116,0.96221,0.92227,0.99987,0.84672,0.93949,0.89375,0.99892,0.99959,0.85859,0.99895,0.70415,0.74292
35.66,0.90417,0.99883,0.96561,0.72818,0.99623,0.97475,0.99939,0.87356,0.95313,0.60263,0.9949,0.99077,0.95492,0.99863,0.69552,0.97661,0.55748,0.96946,0.99686,0.91434,0.93719,0.96738,0.95254,0.84549,0.9967,0.73609,0.71915,0.89427,0.88762,1.00006,0.75705,0.99094,0.8696,0.91838,0.99125,0.97187,0.99498,0.96531,0.92151,0.98967,0.66785,0.74624,0.97939,0.65402,0.96049,0.9618,0.93949,0.64782,0.90089,0.94967,0.61496,0.99141,0.97608,0.93323,0.81339,0.99158,0.95977,0.91948,0.99998,0.84709,0.93911,0.89014,0.99963,0.99878,0.85712,0.9989,0.70245,0.74411
35.68,0.90275,0.99877,0.96451,0.72792,0.99573,0.97475,0.9996,0.87318,0.9512,0.61052,0.99486,0.99052,0.95871,0.9984,0.69303,0.97929,0.55197,0.96529,0.99624,0.9159,0.93806,0.96633,0.94801,0.84203,0.99623,0.73548,0.71972,0.897,0.89952,0.99964,0.75484,0.99082,0.87079,0.91724,0.99237,0.97217,0.99544,0.96517,0.91898,0.98967,0.67576,0.74691,0.97785,0.66086,0.96061,0.96129,0.94395,0.64283,0.90219,0.953,0.61019,0.9932,0.97439,0.93459,0.81136,0.99221,0.95521,0.91712,1.00005,0.84752,0.93866,0.88633,0.99999,0.99729,0.85552,0.99885,0.70057,0.74541
35.7,0.90113,0.99869,0.96342,0.72735,0.99529,0.97475,0.99975,0.87274,0.94964,0.61664,0.99484,0.99033,0.96152,0.99822,0.6911,0.98153,0.54817,0.96223,0.99577,0.91703,0.93902,0.96609,0.94757,0.83621,0.99587,0.73507,0.72011,0.89949,0.90939,0.99893,0.75284,0.99071,0.87178,0.91627,0.99364,0.97262,0.99587,0.96486,0.91679,0.98967,0.68247,0.74772,0.97659,0.66615,0.96067,0.9609,0.94727,0.63908,0.90319,0.95586,0.60691,0.99432,0.97317,0.93557,0.80909,0.99235,0.95476,0.91313,1.00008,0.84781,0.93835,0.88274,0.99994,0.99589,0.85407,0.9988,0.699,0.74651
35.72,0.89892,0.99853,0.96218,0.72594,0.99505,0.97475,0.99981,0.87206,0.94924,0.61813,0.99487,0.99031,0.9618,0.99822,0.69064,0.9829,0.54959,0.96287,0.9959,0.91731,0.9402,0.96824,0.95885,0.82425,0.99593,0.73528,0.71995,0.90149,0.91437,0.99911,0.75151,0.9906,0.8722,0.91586,0.99534,0.97347,0.99633,0.96411,0.91565,0.98967,0.68628,0.74895,0.97626,0.66744,0.96058,0.96084,0.9476,0.63922,0.90343,0.95765,0.60814,0.9941,0.97349,0.93582,0.80625,0.99103,0.96605,0.90486,1.00008,0.84766,0.93848,0.87981,0.99977,0.99622,0.8531,0.99875,0.69834,0.74698
35.74,0.89649,0.99832,0.96092,0.72422,0.99489,0.97475,0.99985,0.87132,0.94927,0.6179,0.99492,0.99033,0.96122,0.9983,0.69071,0.98396,0.55278,0.9648,0.99622,0.91721,0.94146,0.97102,0.97185,0.80956,0.99613,0.73569,0.71961,0.90325,0.91779,0.99956,0.75043,0.99049,0.87241,0.91564,0.99719,0.97444,0.99676,0.96318,0.9149,0.98967,0.68896,0.75027,0.97628,0.66724,0.96042,0.9609,0.94692,0.64067,0.9034,0.95905,0.61089,0.99339,0.97434,0.93573,0.80317,0.9891,0.97866,0.8946,1.00006,0.84737,0.93874,0.87715,0.99959,0.99712,0.85232,0.9987,0.69799,0.74723
35.76,0.89414,0.99812,0.95968,0.72267,0.99469,0.97475,0.99989,0.87065,0.94911,0.61841,0.99496,0.99033,0.96105,0.99834,0.69051,0.98508,0.55506,0.96602,0.99643,0.9173,0.94266,0.9732,0.98097,0.79563,0.99625,0.73596,0.7194,0.90506,0.9218,0.99979,0.74929,0.99039,0.87273,0.91533,0.99894,0.97531,0.99716,0.96233,0.91398,0.98967,0.69209,0.75148,0.97615,0.66768,0.96029,0.96088,0.94671,0.64146,0.9035,0.96056,0.61287,0.99291,0.9749,0.9358,0.80018,0.98738,0.9871,0.88477,1.00005,0.84718,0.93892,0.87437,0.99932,0.99767,0.85149,0.99865,0.69749,0.74758
35.78,0.89167,0.99789,0.95828,0.72101,0.99447,0.97475,0.99992,0.86979,0.94893,0.61908,0.995,0.99036,0.96084,0.99839,0.69044,0.98623,0.5577,0.96762,0.9967,0.91733,0.94386,0.976,0.98936,0.77988,0.99646,0.73643,0.71902,0.90701,0.92572,0.99995,0.7479,0.99026,0.87303,0.91503,1.00074,0.97624,0.99756,0.96142,0.91299,0.98967,0.69538,0.75302,0.976,0.66826,0.96015,0.96095,0.94646,0.64246,0.90354,0.96214,0.61515,0.99224,0.97563,0.93583,0.79711,0.98486,0.99428,0.87355,1.00002,0.84685,0.93922,0.87132,0.99898,0.99817,0.85048,0.9986,0.697,0.74792
35.8,0.88932,0.99768,0.95715,0.71949,0.99431,0.97475,0.99994,0.8693,0.94888,0.61899,0.99504,0.99032,0.96049,0.99843,0.69023,0.98714,0.56,0.96865,0.99687,0.91736,0.94503,0.9774,0.99416,0.7659,0.9965,0.73655,0.71893,0.90856,0.92916,1.00005,0.74708,0.99018,0.8733,0.91475,1.00244,0.97704,0.99787,0.96057,0.91224,0.98967,0.69801,0.75389,0.97597,0.66819,0.96003,0.96087,0.94605,0.64335,0.90365,0.9634,0.61714,0.99178,0.9761,0.93585,0.79409,0.98346,0.99785,0.86351,1.00002,0.84677,0.93928,0.86884,0.99862,0.99869,0.84988,0.99856,0.69657,0.74823
35.82,0.88737,0.99755,0.9568,0.71841,0.99427,0.97475,0.99995,0.86989,0.94913,0.61733,0.99507,0.99007,0.96,0.99844,0.68949,0.98753,0.56096,0.9678,0.99672,0.91782,0.9461,0.97498,0.99442,0.75839,0.99603,0.73563,0.71972,0.90915,0.93174,1.00004,0.74778,0.99019,0.87353,0.91452,1.00382,0.97751,0.99795,0.95997,0.91208,0.98967,0.69923,0.75284,0.97617,0.66674,0.95994,0.96035,0.94547,0.64358,0.90403,0.96396,0.61797,0.99216,0.97568,0.93626,0.79127,0.98582,0.99802,0.85809,1.00007,0.84741,0.93866,0.86788,0.9983,0.99923,0.8504,0.99856,0.6962,0.7485
35.84,0.88555,0.99745,0.95675,0.7175,0.99429,0.97475,0.99995,0.87085,0.9495,0.61494,0.99509,0.98973,0.9594,0.99844,0.68861,0.98774,0.56153,0.96635,0.99646,0.91825,0.94713,0.97102,0.99337,0.75337,0.99534,0.73437,0.72081,0.90936,0.93393,0.99983,0.74905,0.99023,0.87374,0.9143,1.00509,0.97787,0.99797,0.95945,0.91217,0.98967,0.69984,0.75112,0.97647,0.66468,0.95987,0.95967,0.94476,0.64366,0.90448,0.96425,0.61846,0.99278,0.97498,0.93663,0.78853,0.9891,0.99731,0.85445,1.00008,0.8483,0.9378,0.86754,0.998,0.99967,0.85132,0.99858,0.69586,0.74874
35.86,0.88367,0.99733,0.95658,0.71653,0.99429,0.97475,0.99995,0.87162,0.94981,0.61281,0.99512,0.98943,0.95883,0.99845,0.68781,0.98802,0.56226,0.9652,0.99625,0.91844,0.94815,0.96753,0.99293,0.74736,0.99471,0.73327,0.72176,0.90971,0.93626,0.99945,0.75005,0.99027,0.87397,0.91407,1.00639,0.97828,0.99801,0.9589,0.91215,0.98967,0.70067,0.74974,0.97672,0.66284,0.95979,0.95907,0.94408,0.6438,0.9049,0.96466,0.61909,0.99324,0.97441,0.9368,0.78575,0.99149,0.997,0.85009,1.00003,0.84907,0.93705,0.86696,0.99765,0.99993,0.85204,0.9986,0.6955,0.749
35.88,0.88169,0.99721,0.95634,0.71548,0.99428,0.97475,0.99996,0.87244,0.95014,0.61086,0.99514,0.98911,0.95828,0.99846,0.68696,0.9883,0.56311,0.96383,0.99601,0.91959,0.9492,0.96355,0.99236,0.74009,0.99396,0.73214,0.72275,0.91016,0.93844,0.99886,0.75108,0.99028,0.87416,0.91387,1.00775,0.97867,0.99807,0.9583,0.91212,0.98967,0.70165,0.74825,0.977,0.66115,0.95971,0.95843,0.94344,0.64399,0.90534,0.96506,0.61983,0.99375,0.97378,0.93779,0.78285,0.99373,0.99659,0.84479,0.9999,0.84986,0.93625,0.86622,0.99729,1.00004,0.85279,0.99861,0.69519,0.74923
35.9,0.87991,0.99709,0.95631,0.71464,0.99429,0.97475,0.99996,0.87323,0.95044,0.60838,0.99517,0.9888,0.95765,0.99846,0.68618,0.98854,0.5636,0.96268,0.99578,0.91884,0.95015,0.95959,0.99164,0.73588,0.99329,0.731,0.72372,0.91033,0.94073,0.99815,0.75217,0.99035,0.87441,0.91361,1.00894,0.97905,0.99807,0.95781,0.91218,0.98967,0.70221,0.74682,0.97724,0.65901,0.95963,0.95782,0.9427,0.64404,0.90574,0.96541,0.62025,0.99417,0.97319,0.93715,0.78018,0.99553,0.99605,0.84172,0.99974,0.85065,0.93548,0.86595,0.99688,0.99999,0.85358,0.99863,0.69478,0.74952
35.92,0.87862,0.99697,0.95678,0.71434,0.99435,0.97475,0.99996,0.87386,0.95061,0.60464,0.9952,0.98858,0.95683,0.99845,0.68565,0.98872,0.5631,0.96242,0.99563,0.912,0.95087,0.95628,0.99071,0.73992,0.99302,0.72986,0.72455,0.90985,0.9434,0.99756,0.75319,0.99053,0.87485,0.9132,1.0098,0.97943,0.99796,0.95765,0.91241,0.98967,0.70176,0.7457,0.97737,0.65576,0.9595,0.95737,0.94173,0.64377,0.90602,0.96567,0.61983,0.99426,0.97281,0.93119,0.77812,0.99675,0.99534,0.84467,0.99967,0.85144,0.93481,0.86674,0.99634,0.99988,0.85432,0.99872,0.69408,0.74998
35.94,0.87757,0.99685,0.95744,0.71426,0.99442,0.97475,0.99995,0.87444,0.95073,0.60039,0.99525,0.98838,0.95594,0.99843,0.68517,0.98888,0.56227,0.96241,0.9955,0.90296,0.9515,0.95321,0.98965,0.74694,0.9929,0.72874,0.72533,0.90909,0.94617,0.997,0.75425,0.99075,0.87534,0.91274,1.0105,0.9798,0.99779,0.9576,0.91274,0.98967,0.70092,0.74465,0.97747,0.65209,0.95936,0.95698,0.94068,0.64334,0.90626,0.9659,0.6191,0.99426,0.97247,0.92328,0.77632,0.99768,0.99451,0.84978,0.99963,0.85221,0.93418,0.86798,0.99573,0.99973,0.85509,0.99882,0.69328,0.7505
35.96,0.87646,0.99672,0.958,0.71407,0.99448,0.97475,0.99995,0.87503,0.95087,0.59637,0.99529,0.98816,0.95509,0.99841,0.68462,0.98904,0.56163,0.96223,0.99535,0.895,0.95215,0.95005,0.9887,0.75239,0.99271,0.72765,0.72611,0.90842,0.94882,0.99634,0.75531,0.99095,0.8758,0.9123,1.01123,0.98018,0.99764,0.95749,0.91304,0.98967,0.70027,0.74357,0.97758,0.64861,0.95923,0.95656,0.93968,0.64296,0.90655,0.96615,0.61855,0.99432,0.9721,0.91627,0.77441,0.99845,0.99375,0.85374,0.99957,0.85296,0.93355,0.86906,0.99509,0.99952,0.85586,0.99891,0.69254,0.75099
35.98,0.87509,0.99659,0.95864,0.71391,0.99454,0.97475,0.99995,0.87566,0.95104,0.59218,0.99533,0.98794,0.95413,0.9984,0.68426,0.98919,0.56079,0.96224,0.99522,0.88415,0.95285,0.94592,0.98711,0.7584,0.99247,0.72636,0.72702,0.90787,0.95134,0.9956,0.75628,0.99115,0.87627,0.91184,1.01212,0.98053,0.99746,0.95739,0.9133,0.98967,0.69957,0.74244,0.97772,0.64499,0.95909,0.95613,0.93856,0.6427,0.90673,0.96636,0.61783,0.99432,0.97176,0.90668,0.77236,0.9992,0.99244,0.8581,0.99949,0.85384,0.9328,0.86995,0.99442,0.99926,0.85656,0.99899,0.69176,0.7515
36,0.87431,0.99645,0.95912,0.71375,0.99462,0.97475,0.99994,0.8762,0.95112,0.58819,0.99536,0.98774,0.95336,0.99837,0.68355,0.98938,0.56031,0.96194,0.99506,0.87776,0.95342,0.9436,0.98667,0.76371,0.99237,0.72549,0.72764,0.90701,0.95395,0.99485,0.75744,0.99135,0.87673,0.91141,1.01262,0.98092,0.99732,0.9573,0.91367,0.98967,0.69886,0.74146,0.97779,0.64153,0.95896,0.95574,0.93766,0.64215,0.9071,0.96663,0.61741,0.99442,0.97137,0.90102,0.77067,0.99951,0.99207,0.86193,0.99946,0.85443,0.9323,0.87132,0.99365,0.99895,0.8574,0.99908,0.69102,0.75198
36.02,0.87497,0.99626,0.95915,0.71356,0.99476,0.97475,0.99994,0.87649,0.95098,0.5848,0.99538,0.9876,0.95315,0.9983,0.6816,0.98965,0.56068,0.96052,0.9948,0.88591,0.95371,0.94666,0.98988,0.76641,0.99266,0.72583,0.72736,0.9054,0.95684,0.99416,0.75917,0.99158,0.8771,0.91104,1.0122,0.98144,0.99731,0.95719,0.91429,0.98967,0.69817,0.74092,0.97767,0.6386,0.9589,0.95547,0.93741,0.6408,0.9081,0.96705,0.61773,0.99489,0.97075,0.90825,0.76978,0.99909,0.99469,0.86388,0.99956,0.85421,0.93252,0.87385,0.99273,0.99865,0.85865,0.99916,0.69042,0.75239
36.04,0.87624,0.99604,0.95901,0.71336,0.99492,0.97475,0.99994,0.87671,0.95075,0.58166,0.99539,0.98749,0.95315,0.99822,0.67935,0.98996,0.56146,0.95878,0.99453,0.89835,0.95388,0.95145,0.99347,0.76839,0.99306,0.72657,0.72679,0.90347,0.95979,0.99348,0.76106,0.9918,0.87744,0.91069,1.01137,0.98199,0.99735,0.95708,0.91504,0.98967,0.69748,0.74054,0.97749,0.63588,0.95886,0.95526,0.93741,0.63917,0.90925,0.96751,0.61841,0.99542,0.97009,0.91922,0.76929,0.99813,0.99739,0.8653,0.99968,0.8537,0.93299,0.87682,0.99168,0.99834,0.86002,0.99925,0.68986,0.75278
36.06,0.87732,0.99583,0.95894,0.71315,0.99507,0.97475,0.99993,0.87696,0.95055,0.57845,0.99541,0.98738,0.95305,0.99815,0.67739,0.99026,0.56219,0.95726,0.99427,0.90778,0.95407,0.95515,0.99583,0.77075,0.99337,0.72709,0.72638,0.90164,0.96261,0.99273,0.76285,0.99203,0.87779,0.91033,1.01066,0.9825,0.99738,0.95695,0.91576,0.98967,0.69682,0.74007,0.97732,0.63311,0.95881,0.95504,0.9373,0.63769,0.91025,0.96796,0.61904,0.99585,0.96948,0.9275,0.76872,0.99711,0.99889,0.867,0.99976,0.85334,0.93332,0.87957,0.99057,0.99799,0.86131,0.99934,0.68927,0.75318
36.08,0.87802,0.99559,0.95892,0.71302,0.99519,0.97475,0.99993,0.87718,0.95039,0.57494,0.99542,0.98723,0.95294,0.99806,0.6748,0.99053,0.56233,0.9552,0.99393,0.91807,0.9544,0.95902,0.99819,0.77289,0.99381,0.72775,0.72585,0.89988,0.96515,0.99197,0.76474,0.99224,0.87815,0.90996,1.0102,0.98307,0.99738,0.95688,0.91636,0.98967,0.69604,0.73967,0.9772,0.63007,0.95877,0.95476,0.93717,0.63611,0.91157,0.96838,0.61916,0.99639,0.96868,0.93647,0.76771,0.99576,0.99996,0.86854,0.99987,0.85289,0.93376,0.88218,0.98947,0.99761,0.86268,0.99941,0.68869,0.75359
36.1,0.87966,0.9954,0.95875,0.71271,0.99538,0.97475,0.99992,0.87747,0.95012,0.5721,0.99544,0.98715,0.95293,0.99799,0.67348,0.99084,0.56381,0.95408,0.99374,0.92612,0.9544,0.96249,0.99903,0.77525,0.99398,0.72822,0.72551,0.89786,0.968,0.99113,0.76641,0.99248,0.87849,0.90962,1.00911,0.98351,0.99743,0.9567,0.91722,0.98967,0.6955,0.73915,0.97698,0.62761,0.95871,0.95461,0.93716,0.63465,0.91224,0.96884,0.62043,0.99666,0.96825,0.94345,0.76771,0.99425,1.00006,0.87024,0.99991,0.85257,0.93403,0.8851,0.98812,0.99718,0.86388,0.99949,0.68812,0.75397
36.12,0.88361,0.99535,0.95808,0.71202,0.99568,0.97475,0.99992,0.87794,0.94957,0.57099,0.99547,0.98725,0.95295,0.99793,0.67571,0.99122,0.56885,0.95581,0.99402,0.92837,0.95355,0.9646,0.99726,0.77836,0.99334,0.72797,0.72582,0.89524,0.97168,0.99014,0.76757,0.9928,0.87881,0.90935,1.00643,0.98363,0.99762,0.9563,0.91873,0.98967,0.69566,0.7383,0.97653,0.62665,0.95862,0.95479,0.93718,0.63367,0.91111,0.96943,0.62479,0.99623,0.96889,0.94539,0.77027,0.99318,0.99963,0.87247,0.99975,0.85274,0.93378,0.88878,0.98614,0.99666,0.86471,0.9996,0.68761,0.75427
36.14,0.88843,0.99535,0.95725,0.71114,0.99603,0.97475,0.99993,0.87849,0.94892,0.57059,0.9955,0.98741,0.9531,0.99789,0.67924,0.99162,0.57517,0.95845,0.99445,0.92888,0.95235,0.96643,0.99293,0.78171,0.99238,0.72752,0.72633,0.89236,0.97549,0.98904,0.76848,0.99315,0.8791,0.90911,1.00307,0.98362,0.99784,0.95578,0.9205,0.98967,0.69607,0.7373,0.97599,0.6263,0.95851,0.95509,0.93735,0.63282,0.90931,0.97006,0.63027,0.99551,0.9699,0.94583,0.77382,0.99215,0.997,0.87486,0.99946,0.85305,0.93337,0.89273,0.98378,0.99606,0.86537,0.9997,0.68712,0.75453
36.16,0.89279,0.99534,0.95655,0.71028,0.99635,0.97475,0.99993,0.87902,0.94831,0.56992,0.99553,0.98754,0.95331,0.99784,0.68222,0.992,0.58086,0.96055,0.99478,0.93023,0.95128,0.96846,0.98791,0.78495,0.99152,0.72719,0.72672,0.88955,0.97888,0.98786,0.76941,0.99349,0.8794,0.90886,0.99993,0.98365,0.99802,0.95527,0.92217,0.98967,0.69635,0.73633,0.97549,0.62573,0.95841,0.95534,0.9376,0.63186,0.90778,0.97067,0.63519,0.99488,0.97071,0.94699,0.77696,0.99089,0.9931,0.87718,0.99914,0.85327,0.93305,0.89646,0.98134,0.9954,0.86604,0.99979,0.68662,0.75481
36.18,0.89682,0.99527,0.95557,0.70967,0.99663,0.97475,0.99993,0.87944,0.94767,0.56901,0.99556,0.98766,0.95302,0.99779,0.68513,0.99238,0.58652,0.96278,0.99515,0.93137,0.95028,0.96985,0.98051,0.788,0.9905,0.72674,0.72722,0.8867,0.982,0.98681,0.77071,0.99379,0.87972,0.9086,0.99694,0.98379,0.99825,0.95491,0.92364,0.98967,0.69671,0.73555,0.97497,0.62494,0.95831,0.95559,0.93726,0.6311,0.90628,0.97128,0.64009,0.99413,0.97159,0.94798,0.77981,0.98995,0.98669,0.87935,0.99871,0.85358,0.93265,0.90012,0.97875,0.9948,0.86697,0.99987,0.6861,0.7551
36.2,0.90148,0.99534,0.95511,0.7085,0.99697,0.97475,0.99993,0.88012,0.94706,0.56878,0.99558,0.98781,0.9538,0.99773,0.68851,0.99273,0.59243,0.96477,0.99546,0.93251,0.94899,0.97232,0.97313,0.79146,0.98959,0.72649,0.72754,0.88375,0.98498,0.98531,0.77118,0.99414,0.88,0.90837,0.99337,0.98365,0.99835,0.95421,0.92552,0.98967,0.69695,0.73433,0.97446,0.62474,0.95822,0.95586,0.93817,0.62995,0.90453,0.97185,0.6452,0.9934,0.97236,0.94895,0.78342,0.9881,0.97987,0.88181,0.99827,0.85375,0.93238,0.9038,0.97588,0.99392,0.86732,0.99994,0.68563,0.75535
36.22,0.90758,0.99572,0.95611,0.70592,0.99747,0.97475,0.99993,0.88147,0.94655,0.57018,0.99562,0.98797,0.95751,0.99759,0.69308,0.99306,0.59859,0.966,0.99562,0.93374,0.94703,0.97758,0.97085,0.79587,0.98917,0.72685,0.72734,0.88064,0.98795,0.98245,0.76942,0.9946,0.88019,0.90821,0.98849,0.98278,0.99812,0.95266,0.92846,0.98967,0.69697,0.73185,0.97404,0.62595,0.95809,0.95618,0.94253,0.62755,0.90216,0.97239,0.65053,0.99292,0.97278,0.95,0.78878,0.98327,0.97771,0.88494,0.99806,0.85351,0.93255,0.90755,0.97251,0.99219,0.86605,1.00002,0.68532,0.75553
36.24,0.91414,0.9962,0.95761,0.70277,0.99799,0.97475,0.99993,0.88305,0.94607,0.57225,0.99565,0.98814,0.96202,0.99743,0.69808,0.99335,0.60498,0.96701,0.99575,0.93504,0.94475,0.98315,0.97045,0.80068,0.98893,0.7274,0.72695,0.87743,0.99067,0.97886,0.76684,0.99509,0.88034,0.90808,0.98298,0.98159,0.99774,0.95073,0.93172,0.98967,0.69684,0.72895,0.97364,0.62774,0.958,0.95651,0.94787,0.62475,0.89955,0.97288,0.65606,0.9925,0.97309,0.95112,0.79482,0.9764,0.97734,0.88835,0.99793,0.85313,0.93286,0.91129,0.9688,0.98996,0.86419,1.00007,0.68506,0.75567
36.26,0.92024,0.99661,0.95887,0.69982,0.99843,0.97475,0.99993,0.8845,0.94559,0.57405,0.99565,0.98831,0.96582,0.99727,0.70279,0.99363,0.61128,0.96811,0.99588,0.9365,0.94254,0.98757,0.9691,0.80534,0.9886,0.72786,0.72665,0.8742,0.99301,0.97525,0.76463,0.99554,0.88052,0.90794,0.97757,0.98048,0.9974,0.9489,0.93472,0.98967,0.69669,0.72627,0.97324,0.6293,0.95796,0.95684,0.95239,0.62219,0.89707,0.97335,0.66151,0.99203,0.97344,0.95237,0.80047,0.96906,0.97604,0.89163,0.99776,0.85281,0.9331,0.91494,0.96492,0.98764,0.8626,1.00009,0.68477,0.75583
36.28,0.92587,0.99697,0.96008,0.69703,0.99882,0.97475,0.99993,0.886,0.94504,0.57573,0.99576,0.98847,0.96963,0.99709,0.70813,0.99399,0.61717,0.96917,0.99603,0.93707,0.94034,0.99143,0.96784,0.80953,0.98825,0.72834,0.72634,0.87095,0.99505,0.97099,0.7623,0.99596,0.88068,0.9078,0.97231,0.97942,0.99703,0.94714,0.93772,0.98967,0.69694,0.7235,0.97278,0.63075,0.9576,0.95716,0.95696,0.61934,0.89424,0.97397,0.66661,0.99154,0.97384,0.95286,0.80589,0.96044,0.97482,0.89458,0.99756,0.85249,0.93336,0.91848,0.96074,0.98484,0.86091,1.00008,0.6845,0.75598
36.3,0.93191,0.99739,0.96144,0.69376,0.99915,0.97475,0.99993,0.88743,0.94464,0.57779,0.99566,0.98864,0.97301,0.99694,0.71234,0.99415,0.62385,0.97018,0.99613,0.93943,0.9379,0.9945,0.96684,0.81462,0.98798,0.72883,0.72601,0.86759,0.99668,0.9671,0.76003,0.99639,0.88085,0.90766,0.96633,0.97807,0.99659,0.94505,0.9406,0.98967,0.69631,0.72086,0.97244,0.63254,0.95793,0.9575,0.96105,0.61697,0.892,0.97425,0.67239,0.99106,0.9741,0.95487,0.81175,0.95104,0.97387,0.89815,0.99742,0.85215,0.93362,0.92202,0.95649,0.98223,0.85927,1.00003,0.68421,0.75613
36.32,0.93919,0.99797,0.96309,0.6892,0.99943,0.97475,0.9999,0.88865,0.94465,0.58077,0.99501,0.98884,0.97539,0.99689,0.71318,0.9938,0.63246,0.97115,0.99609,0.94678,0.93496,0.99667,0.9662,0.82197,0.98794,0.72933,0.7257,0.86407,0.99789,0.96484,0.75801,0.99688,0.88111,0.90745,0.95863,0.97594,0.996,0.94207,0.94327,0.98967,0.69335,0.71859,0.97244,0.63511,0.96014,0.95789,0.96396,0.61614,0.89155,0.97364,0.67985,0.99059,0.97399,0.96111,0.8185,0.94177,0.97325,0.90328,0.99739,0.8518,0.93388,0.92559,0.95242,0.98069,0.85782,0.99993,0.68379,0.75636
36.34,0.9466,0.99853,0.96486,0.68419,0.99965,0.97475,0.99986,0.88979,0.9448,0.58412,0.99408,0.98905,0.97746,0.99687,0.71282,0.99324,0.64185,0.97206,0.996,0.95516,0.93172,0.99825,0.96581,0.83009,0.98799,0.72985,0.72537,0.86042,0.99878,0.96331,0.75612,0.99737,0.88136,0.90725,0.95012,0.97344,0.9953,0.93872,0.94583,0.98967,0.68947,0.71647,0.97257,0.63801,0.96294,0.9583,0.96651,0.61581,0.89174,0.97268,0.68797,0.99011,0.97375,0.96813,0.82563,0.93216,0.97286,0.90891,0.99742,0.85144,0.93414,0.92916,0.94839,0.97965,0.85645,0.99977,0.68337,0.75658
36.36,0.9533,0.99898,0.96652,0.67942,0.99982,0.97475,0.99981,0.89095,0.94487,0.58728,0.99318,0.98925,0.97957,0.99683,0.71302,0.99274,0.65086,0.97295,0.99593,0.962,0.92845,0.99933,0.9653,0.83771,0.988,0.73036,0.72505,0.85671,0.99944,0.96158,0.75427,0.99779,0.88158,0.90707,0.94171,0.97097,0.99456,0.93546,0.94832,0.98967,0.68592,0.71431,0.97263,0.64074,0.96533,0.95871,0.96913,0.61521,0.89164,0.97186,0.69577,0.98963,0.97358,0.97379,0.83252,0.92175,0.97237,0.91416,0.99743,0.85109,0.93441,0.93266,0.94419,0.97847,0.85511,0.99956,0.683,0.75678
36.38,0.95954,0.99936,0.9681,0.67431,0.99996,0.97475,0.99975,0.89217,0.94499,0.59043,0.99219,0.98944,0.98144,0.9968,0.71321,0.99224,0.65914,0.97392,0.99586,0.96903,0.92536,0.99993,0.96485,0.8448,0.98799,0.73088,0.72473,0.85319,0.99988,0.95893,0.75194,0.9982,0.88193,0.90676,0.93315,0.96827,0.9938,0.93189,0.95087,0.98967,0.68261,0.71202,0.97273,0.64347,0.96773,0.95909,0.97145,0.61476,0.89154,0.97105,0.70294,0.98909,0.97338,0.97949,0.83878,0.90978,0.97194,0.91901,0.99742,0.85073,0.93466,0.93586,0.93935,0.97663,0.85342,0.99927,0.68241,0.75712
36.4,0.96547,0.99964,0.96977,0.66976,1.00004,0.97475,0.99967,0.8932,0.94506,0.59367,0.99114,0.98965,0.98345,0.99676,0.71311,0.99164,0.66886,0.97468,0.99579,0.97422,0.92161,0.99999,0.96428,0.85263,0.98805,0.73138,0.7244,0.8491,1.00002,0.95824,0.75062,0.99853,0.88201,0.90674,0.9242,0.96566,0.99292,0.92864,0.95311,0.98967,0.67853,0.71009,0.97279,0.64627,0.97002,0.95951,0.974,0.61412,0.89159,0.9701,0.71136,0.98865,0.97321,0.98363,0.84603,0.89896,0.97138,0.92433,0.99745,0.85038,0.93493,0.93943,0.93544,0.97615,0.85245,0.99897,0.68228,0.75714
36.42,0.97113,0.9998,0.9717,0.66687,1.00008,0.97475,0.99952,0.89379,0.945,0.59695,0.99019,0.98994,0.98595,0.99667,0.71259,0.99085,0.68176,0.97495,0.99578,0.97571,0.9161,0.99985,0.96346,0.86269,0.98827,0.73183,0.72404,0.84346,1.00003,0.96333,0.75211,0.99872,0.88136,0.90748,0.91471,0.96364,0.99181,0.92654,0.95469,0.98967,0.67254,0.70899,0.97274,0.64911,0.97192,0.9601,0.97719,0.61278,0.89187,0.96885,0.72252,0.98849,0.97318,0.98479,0.85611,0.89292,0.97058,0.9311,0.99758,0.85007,0.93522,0.9441,0.93425,0.97967,0.85354,0.99876,0.68336,0.75633
36.44,0.97638,0.99991,0.97367,0.66459,1.00009,0.97475,0.99932,0.89418,0.94488,0.60034,0.9892,0.99024,0.98846,0.99656,0.71182,0.98993,0.69599,0.97503,0.99578,0.97604,0.90978,0.99969,0.96246,0.87317,0.98855,0.73226,0.72368,0.83719,1.00003,0.96975,0.75459,0.99885,0.88044,0.90852,0.90482,0.96181,0.99053,0.92487,0.95601,0.98967,0.66578,0.70825,0.97264,0.65204,0.97373,0.96072,0.98046,0.61124,0.89228,0.96746,0.73485,0.98844,0.97319,0.98506,0.86685,0.88885,0.9696,0.93806,0.99773,0.84977,0.93551,0.94899,0.93424,0.98401,0.85533,0.99859,0.68491,0.75519
36.46,0.98108,0.99999,0.97554,0.66205,1.00009,0.97475,0.9991,0.89463,0.94476,0.60374,0.98811,0.99051,0.99067,0.99646,0.71112,0.98902,0.70959,0.9752,0.99577,0.97692,0.90357,0.99944,0.9614,0.88277,0.9888,0.73268,0.72333,0.83108,1.00003,0.97459,0.75657,0.99899,0.87961,0.90944,0.89478,0.95983,0.98919,0.923,0.9574,0.98967,0.65931,0.7074,0.97254,0.65499,0.97557,0.96126,0.9834,0.6098,0.89265,0.96611,0.74663,0.98833,0.97317,0.98574,0.87666,0.88386,0.96856,0.94434,0.99786,0.84948,0.93579,0.95346,0.93389,0.98721,0.85677,0.99838,0.68628,0.75417
36.48,0.98522,1.00003,0.9773,0.65937,1.00007,0.97475,0.99884,0.8952,0.94477,0.60681,0.98713,0.99087,0.99252,0.99636,0.71056,0.98804,0.72121,0.97535,0.99579,0.97764,0.89693,0.99906,0.96086,0.89255,0.98908,0.73316,0.72294,0.82471,1.00001,0.98012,0.75871,0.99912,0.87888,0.91025,0.88466,0.95777,0.98778,0.92099,0.95882,0.98967,0.65259,0.70633,0.97255,0.65764,0.97709,0.962,0.98593,0.60832,0.89295,0.96468,0.7567,0.98824,0.9732,0.9863,0.88643,0.87813,0.96803,0.95066,0.99801,0.84915,0.9361,0.95782,0.93277,0.99075,0.85832,0.99816,0.68749,0.75327
36.5,0.98894,1.00004,0.97907,0.65713,1.00004,0.97475,0.99855,0.89547,0.94448,0.61054,0.98578,0.99103,0.99443,0.99626,0.70967,0.98705,0.73638,0.97549,0.99576,0.97837,0.89039,0.99875,0.95915,0.90094,0.98929,0.73353,0.72263,0.81839,1.00002,0.98324,0.76072,0.99924,0.87788,0.91134,0.87404,0.95578,0.98622,0.9193,0.96007,0.98967,0.64606,0.70581,0.9723,0.66087,0.97902,0.96235,0.98863,0.60689,0.89342,0.96328,0.76984,0.98815,0.97314,0.98686,0.89535,0.87414,0.96634,0.95598,0.99812,0.84889,0.93635,0.96186,0.93345,0.99268,0.85977,0.99793,0.68913,0.75206
36.52,0.99236,1.00002,0.98099,0.65591,1.00001,0.97475,0.99827,0.89501,0.94339,0.61611,0.98322,0.99066,0.99665,0.99615,0.70789,0.98618,0.76031,0.97566,0.99563,0.97941,0.88484,0.9988,0.95397,0.90617,0.98935,0.73364,0.72254,0.81258,0.99989,0.98057,0.76229,0.99936,0.87616,0.91318,0.86234,0.95389,0.98436,0.91837,0.96095,0.98967,0.64009,0.70668,0.97138,0.66569,0.98225,0.96158,0.99193,0.60528,0.89437,0.96207,0.79058,0.98805,0.97281,0.98766,0.90245,0.87476,0.9612,0.95925,0.99815,0.84881,0.93642,0.96534,0.93917,0.99103,0.86091,0.99768,0.69195,0.75
36.54,0.99521,0.99997,0.98286,0.65512,0.99998,0.97475,0.99798,0.89426,0.94196,0.6223,0.98007,0.9901,0.99845,0.99604,0.70582,0.98532,0.78656,0.97583,0.99547,0.98045,0.87951,0.99899,0.94716,0.91032,0.98935,0.73366,0.72252,0.80686,0.99916,0.97561,0.76368,0.99946,0.87419,0.91524,0.85009,0.95208,0.98231,0.91777,0.96169,0.98967,0.63444,0.70809,0.97015,0.67104,0.98556,0.96041,0.99493,0.60379,0.89547,0.96089,0.81334,0.98794,0.97239,0.98846,0.90888,0.87716,0.95435,0.96182,0.99815,0.8488,0.93644,0.96855,0.94616,0.98787,0.86191,0.99742,0.69514,0.74768
36.56,0.99737,0.9999,0.98457,0.65417,0.99994,0.97475,0.99766,0.89364,0.94062,0.62811,0.97695,0.98962,0.99955,0.99594,0.70394,0.98441,0.81007,0.976,0.99532,0.98144,0.87385,0.9991,0.94058,0.91482,0.98937,0.73371,0.72247,0.80095,0.99805,0.97148,0.76505,0.99956,0.87236,0.91712,0.83776,0.95024,0.98023,0.91704,0.9625,0.98967,0.62877,0.70927,0.969,0.67608,0.9883,0.95945,0.99714,0.60248,0.89646,0.95965,0.83373,0.98784,0.97202,0.9892,0.91532,0.87873,0.94766,0.96458,0.99816,0.84876,0.93647,0.97166,0.95179,0.98516,0.8629,0.99715,0.69807,0.74555
36.58,0.99891,0.99978,0.98635,0.65307,0.99989,0.97475,0.99727,0.89303,0.93944,0.634,0.97309,0.98906,1.00005,0.99577,0.70182,0.98351,0.8312,0.97616,0.99516,0.98245,0.86822,0.99922,0.93335,0.91911,0.9894,0.73378,0.72241,0.79502,0.99605,0.96567,0.76684,0.99964,0.87028,0.91921,0.82501,0.94812,0.97779,0.9162,0.96323,0.98967,0.62215,0.71041,0.96798,0.68117,0.99107,0.95832,0.99877,0.60015,0.89758,0.95846,0.85208,0.98774,0.97161,0.98996,0.92136,0.88041,0.94024,0.96718,0.99818,0.84871,0.93652,0.97457,0.95826,0.98126,0.86419,0.99685,0.70137,0.74315
36.6,0.99979,0.99968,0.98772,0.6524,0.99984,0.97475,0.99698,0.89231,0.9378,0.63973,0.96993,0.98859,0.99993,0.99576,0.70015,0.98251,0.85375,0.97634,0.995,0.98333,0.86223,0.99934,0.92593,0.92327,0.98939,0.7338,0.72239,0.78889,0.99433,0.96165,0.7677,0.99972,0.86864,0.92084,0.81228,0.94649,0.9757,0.91567,0.96406,0.98967,0.61752,0.71176,0.96655,0.68614,0.99295,0.95739,0.99971,0.6,0.89846,0.95713,0.87166,0.98762,0.97124,0.99062,0.92741,0.88221,0.93256,0.96966,0.99817,0.8487,0.93654,0.97737,0.96232,0.97851,0.86481,0.99656,0.70395,0.74127
36.62,1.00004,0.99966,0.98817,0.65268,0.99974,0.97475,0.99701,0.89138,0.93498,0.64503,0.96974,0.98848,0.99933,0.99617,0.69969,0.98124,0.88038,0.97659,0.99488,0.98401,0.85536,0.99944,0.91916,0.92742,0.9893,0.73373,0.72248,0.78241,0.9952,0.96477,0.76587,0.99978,0.86836,0.92118,0.80004,0.94629,0.97497,0.91589,0.96519,0.98967,0.61805,0.71351,0.96406,0.69072,0.99305,0.95717,1.00004,0.60557,0.8987,0.95548,0.89481,0.98746,0.97094,0.99112,0.93391,0.88386,0.92551,0.9721,0.99813,0.84875,0.93647,0.98012,0.96039,0.98065,0.86349,0.99627,0.7044,0.74087
36.64,0.99974,0.99969,0.98832,0.65338,0.99963,0.97475,0.99718,0.89033,0.93164,0.65016,0.97053,0.98848,0.99836,0.9967,0.6997,0.97982,0.90644,0.97685,0.99477,0.98457,0.84805,0.99953,0.91239,0.93145,0.98918,0.73361,0.72261,0.77569,0.99675,0.96985,0.76312,0.99983,0.86854,0.92108,0.78789,0.9466,0.97472,0.91644,0.96642,0.98967,0.62071,0.71547,0.96107,0.69516,0.99262,0.95718,0.99992,0.6133,0.8987,0.95367,0.9175,0.98729,0.97068,0.99154,0.94032,0.88556,0.91842,0.97445,0.99806,0.84883,0.93637,0.98274,0.95629,0.98407,0.8615,0.99598,0.70412,0.74099
36.66,0.9989,0.99969,0.98862,0.65396,0.9995,0.97475,0.9973,0.88931,0.92842,0.65528,0.97071,0.98842,0.99698,0.99714,0.69952,0.97839,0.92864,0.97709,0.99467,0.98513,0.84068,0.99962,0.90519,0.93539,0.98907,0.73352,0.72272,0.7689,0.9977,0.97345,0.76085,0.99987,0.86849,0.9212,0.77542,0.94666,0.97422,0.91688,0.96759,0.98967,0.62265,0.71737,0.95815,0.6996,0.99251,0.95707,0.99939,0.62011,0.89879,0.95187,0.93685,0.98713,0.97043,0.99195,0.94631,0.88728,0.91084,0.9767,0.998,0.84889,0.93628,0.98517,0.95311,0.98647,0.85987,0.99568,0.7042,0.74085
36.68,0.99749,0.9997,0.98886,0.65428,0.99937,0.97475,0.99735,0.88835,0.92516,0.66048,0.9715,0.98839,0.99492,0.99752,0.69919,0.97697,0.94734,0.97739,0.99451,0.98585,0.83317,0.99969,0.89771,0.93914,0.98896,0.73343,0.72282,0.76218,0.99859,0.97757,0.75821,0.99991,0.8685,0.92126,0.76255,0.94679,0.9738,0.91713,0.96866,0.98967,0.62353,0.71915,0.95515,0.70409,0.99206,0.95701,0.99828,0.62626,0.89896,0.95012,0.95318,0.98693,0.97005,0.99246,0.95197,0.88885,0.90293,0.97881,0.99795,0.84896,0.93619,0.98736,0.94939,0.98913,0.85795,0.99537,0.70418,0.74078
36.7,0.99561,0.99971,0.98913,0.65523,0.99919,0.97475,0.99757,0.88721,0.92165,0.66539,0.97131,0.98834,0.99309,0.99796,0.69931,0.97534,0.96433,0.97756,0.99446,0.98618,0.82535,0.99977,0.89009,0.94291,0.98883,0.73331,0.72294,0.75495,0.99921,0.98036,0.75611,0.99994,0.8685,0.92133,0.74997,0.9469,0.97333,0.91785,0.96989,0.98967,0.62711,0.72127,0.95188,0.70835,0.99217,0.95691,0.99713,0.63409,0.8989,0.94812,0.96807,0.98681,0.96994,0.9927,0.95739,0.89064,0.89483,0.98088,0.99788,0.84904,0.9361,0.98949,0.94587,0.9909,0.85644,0.99504,0.70417,0.7407
36.72,0.99347,0.99971,0.98954,0.65782,0.99892,0.97475,0.99812,0.88575,0.91761,0.66944,0.96774,0.98817,0.99306,0.99856,0.70048,0.97313,0.98026,0.97736,0.9947,0.98561,0.81701,0.99986,0.88186,0.94695,0.9886,0.7331,0.72313,0.74647,0.99949,0.97985,0.75563,0.99997,0.86834,0.92154,0.73844,0.94691,0.97258,0.91982,0.9716,0.98967,0.63726,0.72398,0.94808,0.71186,0.99406,0.95657,0.99711,0.64611,0.89829,0.94547,0.9821,0.98695,0.97049,0.99229,0.96271,0.89341,0.88606,0.98307,0.99776,0.84918,0.93595,0.9917,0.94374,0.99058,0.85609,0.99464,0.70443,0.74046
36.74,0.99104,0.99971,0.98999,0.66101,0.99857,0.97475,0.99872,0.88407,0.91332,0.67326,0.96289,0.98798,0.99374,0.99911,0.70211,0.97065,0.99201,0.97703,0.99503,0.98464,0.80835,0.99994,0.87358,0.95095,0.98835,0.73287,0.72332,0.73742,0.99968,0.97827,0.75577,0.99998,0.86816,0.92177,0.7273,0.94689,0.97175,0.92222,0.97341,0.98967,0.64988,0.72706,0.94398,0.71516,0.9961,0.95621,0.99755,0.6595,0.89743,0.94254,0.99254,0.98717,0.9713,0.99158,0.96773,0.89629,0.87719,0.98517,0.99762,0.84935,0.9358,0.99374,0.94202,0.98958,0.85619,0.99422,0.70472,0.7402
36.76,0.98818,0.9997,0.9904,0.66392,0.9982,0.97475,0.99917,0.88239,0.90904,0.67728,0.95852,0.98784,0.99408,0.9995,0.70358,0.96817,0.99842,0.97677,0.99531,0.98376,0.79958,0.99998,0.86535,0.95471,0.98813,0.73267,0.72348,0.7284,0.99983,0.97721,0.75573,0.99998,0.86799,0.92197,0.71582,0.94685,0.97094,0.92438,0.97506,0.98967,0.66129,0.73017,0.93985,0.71864,0.99748,0.95593,0.99777,0.67187,0.89665,0.93966,0.99839,0.98734,0.972,0.99094,0.97235,0.89881,0.86835,0.98709,0.9975,0.84949,0.93566,0.99545,0.94011,0.9889,0.85616,0.99379,0.70497,0.73996
36.78,0.98483,0.99971,0.99082,0.66683,0.99776,0.97475,0.9995,0.88107,0.90441,0.68074,0.95262,0.98754,0.99441,0.99978,0.70486,0.96549,0.99988,0.97644,0.99556,0.98309,0.79047,1.00001,0.85499,0.95848,0.98782,0.73237,0.72373,0.71923,0.99996,0.97583,0.75525,0.99998,0.86779,0.92221,0.70388,0.94696,0.9701,0.92651,0.97679,0.98967,0.67187,0.73258,0.93532,0.72164,0.99879,0.95536,0.99797,0.68439,0.89598,0.93659,1,0.98756,0.97262,0.99044,0.97667,0.90233,0.85718,0.98896,0.99733,0.84969,0.93547,0.99689,0.93789,0.98802,0.85581,0.99333,0.70528,0.73967
36.8,0.98133,0.9997,0.9912,0.66984,0.99735,0.97475,0.99978,0.87891,0.90018,0.68523,0.9488,0.98754,0.99489,0.99993,0.70665,0.96287,0.99648,0.97624,0.99587,0.98185,0.78144,1.00001,0.84826,0.96178,0.98768,0.73227,0.72382,0.70982,1,0.97476,0.75584,0.99996,0.86766,0.92239,0.69257,0.94675,0.96929,0.9287,0.97822,0.98967,0.68412,0.73652,0.93114,0.72553,0.99935,0.95535,0.99826,0.69617,0.89503,0.93364,0.9974,0.98769,0.97343,0.98951,0.98052,0.90375,0.84991,0.99054,0.99724,0.84977,0.9354,0.99806,0.93636,0.98732,0.85624,0.9929,0.70549,0.73947
36.82,0.97815,0.99961,0.99159,0.67303,0.99709,0.97475,0.99995,0.87425,0.8973,0.69273,0.95223,0.98843,0.99562,0.99996,0.70985,0.96069,0.98982,0.97644,0.99639,0.97884,0.7729,0.99999,0.85284,0.96415,0.98803,0.73272,0.72344,0.70002,0.99999,0.97484,0.75919,0.99995,0.8677,0.92238,0.68307,0.94557,0.96846,0.93098,0.97904,0.98967,0.70078,0.74498,0.92828,0.73202,0.99886,0.95709,0.99868,0.70651,0.89333,0.93122,0.99195,0.98756,0.97478,0.98722,0.98377,0.89895,0.85487,0.99164,0.99744,0.84945,0.9357,0.99897,0.93681,0.98737,0.85867,0.99262,0.70542,0.73948
36.84,0.97501,0.99949,0.99193,0.67629,0.9969,0.97475,0.99987,0.86867,0.89493,0.70116,0.95779,0.98955,0.9964,0.9999,0.71357,0.95864,0.98066,0.97678,0.99692,0.975,0.76453,0.99981,0.86113,0.96616,0.98854,0.73335,0.7229,0.69,0.99995,0.97532,0.76357,0.99993,0.86781,0.92231,0.67429,0.94406,0.96769,0.93328,0.9796,0.98967,0.7186,0.75503,0.9259,0.73932,0.99767,0.9593,0.99911,0.71604,0.89135,0.92896,0.98433,0.98733,0.97625,0.98424,0.98662,0.89194,0.8638,0.99254,0.99772,0.84901,0.93614,0.99958,0.93797,0.98768,0.86183,0.99239,0.70526,0.73956
36.86,0.97156,0.99937,0.99224,0.67946,0.99669,0.97475,0.99952,0.86348,0.89231,0.70894,0.96185,0.99044,0.99707,0.99976,0.71703,0.95645,0.96852,0.97705,0.99737,0.97131,0.75595,0.99955,0.8672,0.96822,0.98894,0.73388,0.72245,0.67992,0.99991,0.97565,0.76744,0.99991,0.86788,0.92227,0.66514,0.94273,0.96699,0.93549,0.98022,0.98967,0.73498,0.76427,0.92326,0.74606,0.99646,0.96111,0.99943,0.72537,0.88949,0.92657,0.97415,0.98716,0.97755,0.98132,0.98921,0.88602,0.87034,0.99344,0.99794,0.84864,0.93649,0.9999,0.93875,0.9879,0.86462,0.99214,0.70514,0.73961
36.88,0.96774,0.99922,0.99272,0.68282,0.99639,0.97475,0.99888,0.85762,0.88955,0.71692,0.96644,0.99152,0.99767,0.9995,0.72069,0.9542,0.95094,0.97736,0.99787,0.9666,0.74678,0.99909,0.87443,0.97028,0.98941,0.7345,0.72193,0.66933,0.99986,0.97578,0.77127,0.99989,0.86797,0.92222,0.65555,0.94117,0.96582,0.93779,0.98101,0.98967,0.75168,0.77461,0.92047,0.75298,0.99466,0.96336,0.99969,0.73592,0.88752,0.92413,0.95933,0.98695,0.97908,0.97754,0.99162,0.8785,0.87811,0.99431,0.99818,0.84821,0.93691,0.99991,0.93971,0.98798,0.86738,0.99187,0.70501,0.73967
36.9,0.96407,0.9991,0.99281,0.68578,0.99626,0.97475,0.99804,0.85265,0.88711,0.7244,0.96978,0.99214,0.99821,0.99924,0.7241,0.95196,0.93605,0.9776,0.99816,0.96305,0.73846,0.99868,0.87966,0.97207,0.98977,0.73498,0.72152,0.6593,0.99981,0.97643,0.77533,0.99987,0.86805,0.92217,0.64679,0.93995,0.96561,0.93979,0.98135,0.98967,0.76653,0.78333,0.91799,0.75946,0.99303,0.96469,0.99988,0.74332,0.88568,0.92173,0.94674,0.98679,0.98004,0.97465,0.99352,0.87327,0.8837,0.99504,0.99836,0.84787,0.93724,0.99964,0.94046,0.9884,0.87029,0.99165,0.70488,0.73973
36.92,0.96127,0.99909,0.99179,0.68761,0.99658,0.97475,0.99727,0.85064,0.88548,0.73044,0.96986,0.99157,0.99865,0.99927,0.72668,0.94982,0.93757,0.97762,0.99799,0.96377,0.73276,0.99887,0.87886,0.97332,0.9898,0.73505,0.72146,0.65119,0.99981,0.97841,0.77983,0.99986,0.8681,0.92211,0.64035,0.93985,0.96802,0.94102,0.9805,0.98967,0.77705,0.78682,0.91634,0.7647,0.99298,0.96347,0.99999,0.74258,0.88428,0.91946,0.94802,0.98677,0.97946,0.97524,0.99466,0.87562,0.88285,0.99553,0.99837,0.84782,0.93728,0.99923,0.94045,0.98967,0.87352,0.99159,0.70481,0.7398
36.94,0.95878,0.99912,0.99026,0.68905,0.99704,0.97475,0.99649,0.84965,0.88419,0.73602,0.96893,0.99054,0.99903,0.9994,0.72899,0.9477,0.94507,0.97757,0.99763,0.96595,0.72802,0.99922,0.87613,0.97436,0.98971,0.73498,0.72153,0.64372,0.99983,0.98077,0.78452,0.99986,0.86814,0.92205,0.63477,0.94011,0.97122,0.94197,0.97917,0.98967,0.78605,0.78854,0.91501,0.76952,0.99348,0.96133,1.00004,0.7389,0.88303,0.91722,0.95437,0.98681,0.97834,0.97701,0.99552,0.88046,0.87992,0.99592,0.99833,0.84787,0.93723,0.99871,0.94021,0.99116,0.87687,0.9916,0.70474,0.73987
36.96,0.95602,0.99913,0.98882,0.69067,0.99741,0.97475,0.99556,0.84819,0.88274,0.7417,0.96847,0.98968,0.99935,0.99948,0.73143,0.94552,0.94957,0.97755,0.99733,0.96741,0.72279,0.99945,0.8743,0.97545,0.98968,0.73497,0.72153,0.63587,0.99984,0.98279,0.78905,0.99986,0.86818,0.92199,0.62877,0.9402,0.97387,0.94303,0.97802,0.98967,0.79542,0.79108,0.91353,0.77445,0.99371,0.95956,1.00004,0.73655,0.8817,0.91493,0.95817,0.98682,0.97744,0.97819,0.99637,0.88405,0.87796,0.99633,0.99832,0.84787,0.93722,0.99801,0.94007,0.99241,0.8801,0.99158,0.70467,0.73994
36.98,0.95318,0.99914,0.98725,0.69227,0.99776,0.97475,0.99452,0.84677,0.88129,0.74734,0.96793,0.98874,0.99962,0.99955,0.73388,0.94328,0.9542,0.97753,0.99701,0.96893,0.71753,0.99964,0.87231,0.97652,0.98964,0.73496,0.72155,0.62791,0.99985,0.98474,0.79357,0.99986,0.86823,0.92192,0.62273,0.94032,0.97645,0.94408,0.97681,0.98967,0.80456,0.79354,0.91203,0.77934,0.99397,0.95769,0.99997,0.73401,0.88036,0.91259,0.96208,0.98683,0.97649,0.97941,0.99712,0.88776,0.87583,0.99671,0.9983,0.84788,0.93721,0.99715,0.93992,0.99358,0.88331,0.99156,0.7046,0.74001
37,0.9503,0.99915,0.98555,0.69383,0.99809,0.97475,0.99338,0.84541,0.87986,0.75286,0.96734,0.98773,0.99982,0.99963,0.73631,0.94101,0.95889,0.9775,0.99665,0.97048,0.71232,0.9998,0.8702,0.97755,0.9896,0.73494,0.72157,0.61996,0.99986,0.98658,0.79803,0.99986,0.86827,0.92186,0.61676,0.94046,0.97893,0.94509,0.97553,0.98967,0.81338,0.79589,0.91056,0.78412,0.99426,0.95573,0.99984,0.73129,0.87903,0.91024,0.96604,0.98685,0.97548,0.98066,0.99778,0.89153,0.87357,0.99707,0.99828,0.8479,0.93719,0.99615,0.93976,0.99467,0.88647,0.99154,0.70454,0.74009
