T,J7,J8,J9,J10,J11,J12,J13,J14,J15,J16,J17,J18,J19,J20,J21,J22,J23,J24,J25,J26,J27,J28,J29,J30,J31,J32,J33,J34,J35,J36,J37,J38,J39,J40
0,-0.00174,3e-05,-0.00011,0,0,0,3e-05,0.00016,0.00017,-9e-05,0.00281,0.00019,2e-05,-3e-05,-0.00025,9e-05,2e-05,0.00204,0.00027,2e-05,0.00056,-2e-05,-3e-05,-6e-05,-1e-05,0,0,0.00028,1e-05,1e-05,-3e-05,0,-0,0
0.02,-0.00181,3e-05,-0.00012,0,0,0,2e-05,0.00016,0.00021,-9e-05,0.00329,0.00022,5e-05,-3e-05,-0.00023,0.00011,2e-05,0.00226,0.0003,4e-05,0.00058,-2e-05,-3e-05,-6e-05,-1e-05,0,0,0.0003,1e-05,1e-05,-3e-05,0,-0,0
0.04,-0.00185,2e-05,-0.00012,0,0,0,2e-05,0.00016,0.00024,-8e-05,0.00361,0.00024,8e-05,-3e-05,-0.00021,0.00012,2e-05,0.00238,0.00031,6e-05,0.0006,-2e-05,-3e-05,-6e-05,-1e-05,0,0,0.00031,1e-05,1e-05,-3e-05,0,-0,0
0.06,-0.00188,2e-05,-0.00012,0,0,0,2e-05,0.00016,0.00025,-7e-05,0.00376,0.00025,0.00011,-3e-05,-0.00018,0.00013,1e-05,0.00238,0.00031,7e-05,0.0006,-2e-05,-3e-05,-6e-05,-1e-05,0,0,0.00032,1e-05,1e-05,-3e-05,0,0,0
0.08,-0.00189,2e-05,-0.00012,0,0,0,1e-05,0.00016,0.00025,-6e-05,0.00372,0.00025,0.00012,-3e-05,-0.00014,0.00012,1e-05,0.00228,0.0003,8e-05,0.0006,-2e-05,-2e-05,-6e-05,-1e-05,0,0,0.00033,1e-05,1e-05,-3e-05,0,0,0
0.1,-0.00187,2e-05,-0.00011,-0,0,0,1e-05,0.00016,0.00022,-5e-05,0.0035,0.00024,0.00013,-2e-05,-0.0001,0.0001,1e-05,0.00207,0.00028,8e-05,0.0006,-2e-05,-2e-05,-6e-05,-1e-05,0,0,0.00034,1e-05,1e-05,-3e-05,0,0,0
0.12,-0.00183,1e-05,-0.00011,-1e-05,0,0,0,0.00017,0.00017,-4e-05,0.00312,0.00023,0.00013,-2e-05,-6e-05,7e-05,0,0.00178,0.00024,8e-05,0.00058,-2e-05,-2e-05,-5e-05,-1e-05,0,0,0.00034,1e-05,1e-05,-2e-05,0,0,0
0.14,-0.00177,1e-05,-0.0001,-1e-05,0,0,-0,0.00017,0.00012,-3e-05,0.0026,0.00019,0.00012,-2e-05,-3e-05,5e-05,0,0.00142,0.0002,7e-05,0.00055,-2e-05,-2e-05,-5e-05,-1e-05,0,0,0.00033,1e-05,1e-05,-2e-05,0,0,0
0.16,-0.00168,1e-05,-8e-05,-2e-05,0,0,-0,0.00015,7e-05,-3e-05,0.00199,0.00015,0.0001,-1e-05,-0,3e-05,0,0.00104,0.00015,6e-05,0.00051,-2e-05,-1e-05,-4e-05,-1e-05,0,0,0.00031,2e-05,0,-2e-05,0,0,0
0.18,-0.00157,0,-7e-05,-2e-05,0,0,-1e-05,0.00012,3e-05,-2e-05,0.00139,0.00011,8e-05,-1e-05,1e-05,1e-05,0,0.0007,0.0001,4e-05,0.00047,-2e-05,-1e-05,-4e-05,-0,0,0,0.00029,2e-05,0,-1e-05,0,0,0
0.2,-0.00144,0,-6e-05,-3e-05,0,0,-1e-05,7e-05,0,-2e-05,0.00077,6e-05,5e-05,-1e-05,1e-05,0,-0,0.00036,5e-05,2e-05,0.00041,-1e-05,-0,-3e-05,-0,0,0,0.00026,2e-05,0,-1e-05,0,0,0
0.22,-0.00128,0,-5e-05,-3e-05,0,0,-1e-05,0,-0,-2e-05,0.0002,2e-05,1e-05,-0,0,-0,-0,8e-05,1e-05,1e-05,0.00035,-1e-05,-0,-2e-05,-0,0,0,0.00022,2e-05,-0,-0,0,0,0
0.24,-0.00111,0,-3e-05,-4e-05,-0,0,-1e-05,-6e-05,1e-05,-2e-05,-0.00013,-1e-05,-1e-05,0,-0,0,-0,-3e-05,-1e-05,-0,0.0003,-1e-05,0,-2e-05,-0,0,-0,0.00019,2e-05,-0,0,0,0,0
0.26,-0.00094,-0,-2e-05,-4e-05,0,0,-1e-05,-0.00011,2e-05,-2e-05,-0.00025,-3e-05,-3e-05,1e-05,-0,0,-0,-6e-05,-1e-05,-0,0.00024,-1e-05,0,-1e-05,-0,-0,-0,0.00016,2e-05,-0,0,0,0,0
0.28,-0.00077,-0,-1e-05,-4e-05,0,0,-1e-05,-0.00014,3e-05,-2e-05,-0.00024,-3e-05,-4e-05,1e-05,-0,0,-0,-4e-05,-1e-05,-0,0.00019,-0,1e-05,-1e-05,0,-0,-0,0.00013,2e-05,-0,1e-05,0,0,0
0.3,-0.00061,0,0,-4e-05,0,0,0,-0.00016,5e-05,-2e-05,-0.00014,-3e-05,-5e-05,2e-05,-0,1e-05,-0,-2e-05,-0,-0,0.00016,-0,1e-05,-0,0,-0,-0,0.0001,3e-05,-0,1e-05,0,0,0
0.32,-0.00047,0,1e-05,-4e-05,0,0,1e-05,-0.00017,5e-05,-2e-05,2e-05,-2e-05,-4e-05,3e-05,-1e-05,1e-05,-1e-05,-0,-0,-0,0.00013,-0,1e-05,0,0,-0,-0,8e-05,3e-05,-0,1e-05,0,0,0
0.34,-0.00036,-0,1e-05,-3e-05,0,0,2e-05,-0.00016,6e-05,-3e-05,0.00016,-1e-05,-4e-05,4e-05,-2e-05,1e-05,-1e-05,-1e-05,-0,-0,0.00012,-0,1e-05,1e-05,0,-0,-0,8e-05,3e-05,-0,1e-05,0,0,0
0.36,-0.00028,-0,1e-05,-2e-05,0,0,3e-05,-0.00015,6e-05,-3e-05,0.00023,-1e-05,-3e-05,5e-05,-2e-05,1e-05,-1e-05,-7e-05,-1e-05,-0,0.00013,-0,1e-05,1e-05,0,-0,-0,8e-05,3e-05,-0,0,0,0,0
0.38,-0.00025,-0,1e-05,-0,1e-05,0,4e-05,-0.00013,5e-05,-3e-05,0.00026,-0,-2e-05,7e-05,-3e-05,1e-05,-2e-05,-0.00018,-3e-05,-1e-05,0.00015,-0,1e-05,1e-05,0,-0,-0,0.0001,3e-05,-0,-0,0,0,0
0.4,-0.00026,-0,1e-05,2e-05,1e-05,0,5e-05,-0.00011,5e-05,-3e-05,0.00022,-0,-1e-05,8e-05,-3e-05,1e-05,-2e-05,-0.00032,-5e-05,-3e-05,0.0002,-0,1e-05,1e-05,0,-0,-0,0.00013,4e-05,-1e-05,-1e-05,0,0,0
0.42,-0.00034,-1e-05,1e-05,4e-05,1e-05,0,5e-05,-9e-05,3e-05,-3e-05,0.00012,-1e-05,-1e-05,9e-05,-3e-05,2e-05,-2e-05,-0.00035,-6e-05,-3e-05,0.00027,-1e-05,0,2e-05,0,-0,-0,0.00017,5e-05,-1e-05,-2e-05,0,0,-0
0.44,-0.00048,-1e-05,0,7e-05,1e-05,0,4e-05,-7e-05,2e-05,-2e-05,3e-05,-1e-05,-1e-05,0.00011,-2e-05,2e-05,-1e-05,-0.00028,-6e-05,-3e-05,0.00036,-1e-05,-0,2e-05,0,-0,-0,0.00023,5e-05,-1e-05,-3e-05,0,-0,-0
0.46,-0.00069,-2e-05,0,0.0001,1e-05,0,3e-05,-5e-05,1e-05,-2e-05,-1e-05,-1e-05,-0,0.00012,-2e-05,2e-05,-1e-05,-0.0002,-5e-05,-3e-05,0.00047,-1e-05,-0,2e-05,0,0,0,0.0003,7e-05,-1e-05,-4e-05,0,-0,-0
0.48,-0.00097,-2e-05,-0,0.00014,2e-05,0,2e-05,-4e-05,1e-05,-1e-05,-2e-05,-0,-0,0.00013,-1e-05,1e-05,-0,-0.00011,-4e-05,-2e-05,0.00061,-1e-05,-0,2e-05,0,0,0,0.00039,9e-05,-1e-05,-6e-05,0,-0,-0
0.5,-0.00132,-4e-05,-0,0.00019,2e-05,0,-1e-05,-3e-05,1e-05,-1e-05,-2e-05,0,-0,0.00013,-0,1e-05,0,-6e-05,-3e-05,-1e-05,0.00064,-1e-05,1e-05,1e-05,-0,0,0,0.00049,0.00011,-2e-05,-7e-05,0,-0,-0
0.52,-0.00176,-5e-05,0,0.00024,2e-05,0,-3e-05,-3e-05,0,-0,-1e-05,1e-05,-0,0.00013,0,0,-0,-7e-05,-3e-05,-1e-05,0.00041,-0,4e-05,-1e-05,0,-0,-0,0.00061,0.00014,-3e-05,-9e-05,0,-0,-0
0.54,-0.00226,-7e-05,1e-05,0.00029,3e-05,-0,-5e-05,-3e-05,0,0,1e-05,1e-05,-0,0.00013,0,0,-0,-8e-05,-2e-05,-1e-05,-7e-05,2e-05,0.00011,-3e-05,1e-05,-0,-1e-05,0.00072,0.00018,-4e-05,-0.0001,0,-0,-0
0.56,-0.00278,-0.0001,3e-05,0.00034,3e-05,-0,-6e-05,-3e-05,0,0,2e-05,1e-05,0,0.00011,0,0,-1e-05,-8e-05,-1e-05,-1e-05,-0.00079,5e-05,0.00022,-4e-05,3e-05,-1e-05,-2e-05,0.00079,0.00023,-5e-05,-9e-05,0,-0,-0
0.58,-0.00324,-0.00012,4e-05,0.00038,3e-05,0,-7e-05,-3e-05,0,1e-05,3e-05,1e-05,0,9e-05,0,-0,-2e-05,-6e-05,-1e-05,-0,-0.00167,8e-05,0.00038,-6e-05,7e-05,-2e-05,-4e-05,0.00081,0.00028,-6e-05,-7e-05,0,-0,-0
0.6,-0.00355,-0.00015,7e-05,0.00041,3e-05,0,-6e-05,-4e-05,0,2e-05,3e-05,2e-05,0,7e-05,0,-0,-3e-05,-5e-05,0,-0,-0.00249,0.00012,0.0006,-8e-05,0.00011,-4e-05,-6e-05,0.00073,0.00032,-6e-05,-3e-05,0,-0,-0
0.62,-0.00358,-0.00017,9e-05,0.0004,3e-05,-0,-4e-05,-4e-05,1e-05,3e-05,3e-05,2e-05,0,4e-05,1e-05,-0,-3e-05,-3e-05,0,-0,-0.00292,0.00011,0.00084,-0.00013,0.00017,-5e-05,-9e-05,0.00056,0.00035,-6e-05,4e-05,0,-0,-0
0.64,-0.00315,-0.00017,0.00012,0.00034,2e-05,-0,-0,-4e-05,1e-05,6e-05,2e-05,1e-05,-0,1e-05,2e-05,-0,-1e-05,-2e-05,1e-05,-0,-0.00253,4e-05,0.00104,-0.00025,0.00022,-7e-05,-0.00012,0.00024,0.00036,-5e-05,0.00014,0,-0,-0
0.66,-0.0021,-0.00013,0.00015,0.00023,1e-05,-0,4e-05,-5e-05,2e-05,9e-05,1e-05,1e-05,-0,-0,2e-05,-1e-05,4e-05,-1e-05,0,-0,-0.00095,-8e-05,0.00106,-0.00048,0.00026,-8e-05,-0.00013,-0.00021,0.00035,-3e-05,0.00029,0,-0,-0
0.68,-0.00037,-5e-05,0.00017,7e-05,0,-0,0.0001,-6e-05,3e-05,0.00012,0,1e-05,0,1e-05,2e-05,-1e-05,0.00016,-1e-05,-0,0,0.00194,-0.00024,0.00087,-0.00086,0.00029,-8e-05,-0.00014,-0.00077,0.00033,-1e-05,0.00047,-0,-0,-0
0.7,0.00202,9e-05,0.0002,-0.00012,0,-0,0.00015,-9e-05,5e-05,0.00017,-0,0,0,5e-05,2e-05,-1e-05,0.00039,-2e-05,-1e-05,0,0.00588,-0.00041,0.00042,-0.00142,0.0003,-8e-05,-0.00014,-0.00135,0.00031,-0,0.0007,-1e-05,-0,-0
0.72,0.00478,0.00024,0.00022,-0.00031,0,-0,0.00019,-0.00014,8e-05,0.00026,-1e-05,-0,0,0.00012,2e-05,-2e-05,0.00079,-2e-05,-1e-05,0,0.01005,-0.00056,-0.00018,-0.00211,0.00032,-8e-05,-0.00014,-0.00174,0.0003,0,0.00094,-1e-05,-0,-0
0.74,0.00761,0.00036,0.00024,-0.00048,0,-0,0.0002,-0.00021,0.00012,0.00037,-1e-05,-1e-05,0,0.00024,2e-05,-2e-05,0.00142,-2e-05,-1e-05,0,0.0137,-0.00071,-0.00081,-0.0029,0.00035,-7e-05,-0.00014,-0.00187,0.00031,1e-05,0.00119,-1e-05,-0,-0
0.76,0.01045,0.00042,0.00025,-0.0006,0,-0,0.00021,-0.00032,0.00016,0.00047,-1e-05,-1e-05,0,0.0004,2e-05,-2e-05,0.00227,-2e-05,-2e-05,0,0.01641,-0.00088,-0.00138,-0.00375,0.00042,-7e-05,-0.00015,-0.00175,0.00032,3e-05,0.00142,-2e-05,-0,-0
0.78,0.01317,0.00039,0.00025,-0.00067,0,-0,0.00019,-0.00045,0.0002,0.00055,-1e-05,-2e-05,0,0.00059,2e-05,-2e-05,0.00329,-0,-1e-05,1e-05,0.01778,-0.00104,-0.00186,-0.00457,0.00053,-8e-05,-0.00016,-0.00143,0.00033,5e-05,0.0016,-2e-05,-0,-0
0.8,0.01545,0.00022,0.00023,-0.00068,-0,-0,0.00016,-0.00058,0.00024,0.00062,0,-2e-05,0,0.00084,5e-05,-4e-05,0.0046,2e-05,-1e-05,1e-05,0.01746,-0.00118,-0.00227,-0.00525,0.00066,-9e-05,-0.00018,-0.00075,0.00033,7e-05,0.00174,-2e-05,-0,-0
0.82,0.01682,-0.00012,0.00019,-0.00062,-1e-05,-0,0.00011,-0.00067,0.00026,0.0007,1e-05,-3e-05,0,0.00113,0.00012,-7e-05,0.00639,6e-05,1e-05,1e-05,0.01523,-0.0013,-0.00269,-0.00567,0.00081,-9e-05,-0.0002,0.00054,0.00031,0.00011,0.00191,-2e-05,-0,-0
0.84,0.0173,-0.00056,0.00013,-0.00052,-3e-05,0,6e-05,-0.00071,0.00027,0.00074,2e-05,-3e-05,0,0.00146,0.00023,-0.00014,0.00832,0.00011,3e-05,2e-05,0.0116,-0.00134,-0.00314,-0.00577,0.00096,-0.0001,-0.00022,0.00205,0.00024,0.00013,0.00202,-3e-05,-0,-0
0.86,0.01714,-0.00101,5e-05,-0.00039,-4e-05,0,2e-05,-0.00069,0.00025,0.00072,3e-05,-3e-05,-0,0.0018,0.00035,-0.00021,0.01,0.00016,6e-05,2e-05,0.00718,-0.00124,-0.0036,-0.00556,0.00112,-0.00011,-0.00023,0.00335,0.00013,0.00012,0.00201,-3e-05,-0,-0
0.88,0.01619,-0.00142,-4e-05,-0.00027,-5e-05,0,-1e-05,-0.00061,0.00021,0.00067,4e-05,-2e-05,-0,0.00213,0.00045,-0.0003,0.01129,0.0002,9e-05,3e-05,0.00246,-0.00102,-0.0041,-0.00505,0.00127,-0.00011,-0.00024,0.00442,-2e-05,7e-05,0.00192,-3e-05,0,0
0.9,0.01483,-0.00174,-0.0001,-0.00017,-5e-05,0,-2e-05,-0.0005,0.00015,0.00056,5e-05,-1e-05,-0,0.00248,0.00048,-0.00039,0.01223,0.00024,0.00013,3e-05,-0.0018,-0.00064,-0.0045,-0.00435,0.00142,-0.00011,-0.00025,0.00518,-0.00018,-3e-05,0.0017,-3e-05,0,0
0.92,0.01361,-0.00194,-0.00012,-9e-05,-4e-05,0,-3e-05,-0.00037,0.0001,0.0004,7e-05,1e-05,0,0.00285,0.0004,-0.00045,0.01287,0.00027,0.00017,3e-05,-0.0053,-0.00017,-0.00463,-0.00355,0.00155,-0.00012,-0.00026,0.00559,-0.00033,-0.00017,0.00136,-3e-05,0,0
0.94,0.01225,-0.002,-0.0001,-4e-05,-0,0,-3e-05,-0.00024,4e-05,0.00024,9e-05,3e-05,0,0.00316,0.00025,-0.00046,0.01296,0.0003,0.0002,3e-05,-0.00778,0.00028,-0.00452,-0.00267,0.00167,-0.00013,-0.00027,0.00579,-0.00045,-0.00034,0.00102,-3e-05,1e-05,0
0.96,0.01056,-0.0019,-0.0001,-2e-05,5e-05,0,-2e-05,-0.0001,0,9e-05,9e-05,5e-05,0,0.00336,6e-05,-0.00042,0.01245,0.00029,0.00021,3e-05,-0.00895,0.00067,-0.00424,-0.00172,0.00179,-0.00013,-0.00029,0.00592,-0.00054,-0.00054,0.00071,-3e-05,1e-05,0
0.98,0.00877,-0.00166,-0.00011,-1e-05,0.00012,0,-2e-05,2e-05,-3e-05,-5e-05,8e-05,6e-05,0,0.00337,-0.00012,-0.00034,0.01155,0.00026,0.0002,2e-05,-0.00895,0.00098,-0.0038,-0.00077,0.00191,-0.00014,-0.0003,0.006,-0.00059,-0.00076,0.00044,-3e-05,1e-05,0
1,0.00703,-0.00129,-0.00014,0,0.0002,0,-1e-05,0.00013,-5e-05,-0.00018,7e-05,6e-05,0,0.00347,-0.00028,-0.00024,0.01045,0.00022,0.00017,2e-05,-0.00821,0.00119,-0.00329,0.00018,0.00201,-0.00015,-0.00032,0.00604,-0.00062,-0.00097,0.00018,-4e-05,2e-05,1e-05
1.02,0.00547,-0.00085,-0.00019,1e-05,0.00026,0,0,0.00023,-6e-05,-0.00026,5e-05,5e-05,0,0.00403,-0.00038,-0.00015,0.00922,0.00017,0.00014,1e-05,-0.00724,0.0013,-0.00281,0.00108,0.00209,-0.00016,-0.00034,0.00598,-0.00066,-0.0011,-5e-05,-4e-05,2e-05,1e-05
1.04,0.00409,-0.0004,-0.00023,1e-05,0.00031,0,1e-05,0.00035,-6e-05,-0.00031,3e-05,3e-05,0,0.00477,-0.00042,-8e-05,0.0079,0.00012,0.00011,1e-05,-0.00647,0.00131,-0.00238,0.00192,0.00214,-0.00016,-0.00036,0.00577,-0.00069,-0.00113,-0.00021,-5e-05,3e-05,1e-05
1.06,0.00287,-1e-05,-0.00024,1e-05,0.00033,0,2e-05,0.00045,-6e-05,-0.00033,2e-05,2e-05,-0,0.00541,-0.00041,-3e-05,0.0066,8e-05,8e-05,0,-0.00616,0.00122,-0.00203,0.00267,0.00217,-0.00016,-0.00036,0.00542,-0.0007,-0.00108,-0.00036,-5e-05,3e-05,2e-05
1.08,0.00183,0.00031,-0.00023,1e-05,0.00034,0,2e-05,0.00053,-6e-05,-0.00034,1e-05,2e-05,-0,0.00598,-0.00037,-1e-05,0.00541,6e-05,7e-05,0,-0.00642,0.00105,-0.00177,0.0033,0.00218,-0.00016,-0.00037,0.00497,-0.00071,-0.00094,-0.0005,-5e-05,4e-05,2e-05
1.1,0.00099,0.00053,-0.00019,1e-05,0.00033,0,3e-05,0.0006,-5e-05,-0.00033,1e-05,1e-05,-0,0.00647,-0.00032,-0,0.0043,4e-05,6e-05,-0,-0.00739,0.00083,-0.0016,0.00381,0.00217,-0.00016,-0.00036,0.00442,-0.00068,-0.00076,-0.00063,-6e-05,4e-05,2e-05
1.12,0.00032,0.00065,-0.00013,0,0.0003,0,4e-05,0.00063,-4e-05,-0.00029,0,1e-05,-0,0.00687,-0.00027,0,0.0032,3e-05,5e-05,0,-0.00925,0.00058,-0.00149,0.00417,0.00214,-0.00015,-0.00036,0.00378,-0.00063,-0.00061,-0.00076,-6e-05,4e-05,2e-05
1.14,-0.00022,0.00067,-7e-05,-1e-05,0.00026,0,5e-05,0.00065,-3e-05,-0.00023,0,1e-05,-0,0.00703,-0.00022,0,0.00224,2e-05,5e-05,0,-0.01181,0.00032,-0.00142,0.00425,0.00211,-0.00014,-0.00034,0.00314,-0.00056,-0.00047,-0.00084,-6e-05,4e-05,2e-05
1.16,-0.00063,0.00062,-3e-05,-2e-05,0.00021,0,6e-05,0.00064,-2e-05,-0.00017,0,1e-05,-0,0.00688,-0.00016,0,0.0015,1e-05,5e-05,0,-0.01478,9e-05,-0.0014,0.00381,0.0021,-0.00013,-0.00033,0.00252,-0.00048,-0.00035,-0.00085,-6e-05,4e-05,2e-05
1.18,-0.00093,0.00051,-0,-3e-05,0.00016,-0,7e-05,0.00062,-1e-05,-9e-05,0,1e-05,-0,0.00651,-0.0001,-0,0.00093,1e-05,5e-05,0,-0.0181,-9e-05,-0.00139,0.00262,0.00211,-0.00012,-0.00032,0.00192,-0.0004,-0.00024,-0.00078,-5e-05,4e-05,2e-05
1.2,-0.00113,0.00035,1e-05,-3e-05,0.00011,-0,9e-05,0.00058,-1e-05,-3e-05,0,1e-05,-0,0.00591,-5e-05,-1e-05,0.00052,1e-05,5e-05,0,-0.02189,-0.00017,-0.00139,0.00036,0.00215,-0.00011,-0.0003,0.00129,-0.00033,-0.00017,-0.00068,-5e-05,3e-05,2e-05
1.22,-0.00124,0.00018,0,-3e-05,7e-05,-0,0.00011,0.00052,-0,-1e-05,1e-05,1e-05,-0,0.00515,-2e-05,-1e-05,0.00022,1e-05,4e-05,0,-0.02632,-0.00014,-0.00139,-0.00342,0.0022,-9e-05,-0.00028,0.00063,-0.00029,-0.00011,-0.00058,-4e-05,3e-05,2e-05
1.24,-0.00127,2e-05,-1e-05,-2e-05,3e-05,-0,0.00013,0.00046,0,-1e-05,1e-05,1e-05,-0,0.00433,1e-05,-2e-05,3e-05,1e-05,4e-05,1e-05,-0.03107,4e-05,-0.00138,-0.00925,0.00227,-8e-05,-0.00026,-6e-05,-0.00027,-6e-05,-0.00047,-3e-05,2e-05,1e-05
1.26,-0.0012,-0.00013,-3e-05,-2e-05,-0,-0,0.00015,0.00039,0,1e-05,1e-05,1e-05,-0,0.00351,3e-05,-2e-05,-9e-05,1e-05,4e-05,1e-05,-0.03557,0.00038,-0.00135,-0.01762,0.00236,-6e-05,-0.00024,-0.00077,-0.00026,-1e-05,-0.00035,-3e-05,2e-05,1e-05
1.28,-0.00107,-0.00024,-5e-05,-1e-05,-3e-05,-0,0.00018,0.00033,1e-05,2e-05,1e-05,1e-05,-0,0.0027,4e-05,-3e-05,-0.00015,1e-05,3e-05,1e-05,-0.03935,0.00089,-0.0013,-0.02885,0.00246,-3e-05,-0.00021,-0.00154,-0.00025,4e-05,-0.00026,-1e-05,1e-05,1e-05
1.3,-0.00089,-0.00033,-7e-05,-1e-05,-5e-05,0,0.00021,0.00026,1e-05,3e-05,2e-05,1e-05,-0,0.00189,4e-05,-3e-05,-0.00017,1e-05,2e-05,1e-05,-0.04221,0.00145,-0.00118,-0.04332,0.00252,-1e-05,-0.00017,-0.00232,-0.00022,9e-05,-0.00021,-0,0,0
1.32,-0.00069,-0.00039,-0.00012,-0,-6e-05,0,0.00024,0.0002,1e-05,2e-05,2e-05,1e-05,-0,0.00108,4e-05,-3e-05,-0.00018,2e-05,1e-05,1e-05,-0.04381,0.00172,-0.00095,-0.06142,0.00249,2e-05,-0.00013,-0.00301,-0.00013,0.00017,-0.00023,1e-05,-0,-0
1.34,-0.0005,-0.00043,-0.00018,0,-7e-05,0,0.00026,0.00015,2e-05,2e-05,2e-05,1e-05,0,0.0003,3e-05,-3e-05,-0.00017,2e-05,1e-05,2e-05,-0.04293,0.00164,-0.00068,-0.08238,0.00235,5e-05,-7e-05,-0.00357,3e-05,0.00025,-0.00029,2e-05,-1e-05,-0
1.36,-0.00033,-0.00045,-0.00026,1e-05,-7e-05,0,0.00027,0.0001,2e-05,1e-05,3e-05,1e-05,0,-0.00045,2e-05,-2e-05,-0.00014,2e-05,0,2e-05,-0.03863,0.00138,-0.00042,-0.10412,0.00212,8e-05,-1e-05,-0.00409,0.00026,0.00033,-0.00041,4e-05,-1e-05,-1e-05
1.38,-0.00019,-0.00043,-0.00036,1e-05,-6e-05,0,0.00027,7e-05,3e-05,1e-05,3e-05,1e-05,1e-05,-0.00121,-0,-2e-05,-9e-05,2e-05,-0,2e-05,-0.03087,0.00098,-0.00022,-0.12335,0.00181,0.00011,6e-05,-0.00461,0.00053,0.00039,-0.00057,5e-05,-2e-05,-1e-05
1.4,-0.00012,-0.00038,-0.00049,2e-05,-4e-05,0,0.00026,5e-05,3e-05,0,4e-05,1e-05,2e-05,-0.00198,-2e-05,-1e-05,-3e-05,2e-05,-0,2e-05,-0.02031,0.0004,-8e-05,-0.13882,0.00137,0.00012,0.00014,-0.00497,0.00087,0.00042,-0.00075,7e-05,-2e-05,-0
1.42,-0.00016,-0.00029,-0.00062,4e-05,-2e-05,0,0.00022,3e-05,3e-05,-0,5e-05,1e-05,4e-05,-0.00273,-5e-05,-0,5e-05,2e-05,-0,2e-05,-0.00816,-0.00041,-0,-0.15011,0.00078,0.00012,0.0002,-0.00356,0.00117,0.00037,-0.00073,3e-05,-1e-05,-0
1.44,-0.00021,-0.00016,-0.00076,5e-05,-0,-0,0.00018,2e-05,4e-05,-1e-05,5e-05,1e-05,6e-05,-0.00345,-8e-05,0,0.00013,2e-05,-0,2e-05,0.00407,-0.00113,1e-05,-0.15106,0.0003,0.0001,0.00024,-1e-05,0.00114,0.00022,-0.00016,-9e-05,0,0
1.46,-0.00023,-1e-05,-0.00088,7e-05,2e-05,-0,0.00013,2e-05,4e-05,-1e-05,5e-05,1e-05,8e-05,-0.00417,-0.00011,1e-05,0.00021,3e-05,-0,2e-05,0.01438,-0.00151,2e-05,-0.13875,4e-05,8e-05,0.00025,0.00382,0.00068,7e-05,0.0011,-0.00027,3e-05,1e-05
1.48,-0.00022,0.00016,-0.00097,9e-05,4e-05,-0,8e-05,1e-05,3e-05,-2e-05,5e-05,1e-05,0.0001,-0.00491,-0.00014,2e-05,0.00028,3e-05,0,1e-05,0.02126,-0.00161,5e-05,-0.11696,-2e-05,5e-05,0.00023,0.00713,-0.0002,-1e-05,0.00328,-0.00048,6e-05,1e-05
1.5,-0.00016,0.00032,-0.00101,0.0001,5e-05,-0,3e-05,1e-05,3e-05,-2e-05,4e-05,1e-05,0.00011,-0.00559,-0.00016,3e-05,0.00033,3e-05,1e-05,1e-05,0.0236,-0.00147,0.00011,-0.08886,4e-05,3e-05,0.00019,0.00903,-0.00133,8e-05,0.00646,-0.00071,0.0001,1e-05
1.52,-6e-05,0.0005,-0.00102,0.00011,6e-05,-0,-2e-05,1e-05,2e-05,-2e-05,3e-05,1e-05,0.00012,-0.00612,-0.00017,4e-05,0.00037,4e-05,1e-05,1e-05,0.02151,-0.00118,0.00018,-0.05927,0.00012,1e-05,0.00014,0.00914,-0.0023,0.00042,0.01038,-0.00092,0.00014,1e-05
1.54,5e-05,0.00064,-0.00099,0.00011,6e-05,-0,-5e-05,1e-05,1e-05,-2e-05,2e-05,1e-05,0.00011,-0.0065,-0.00016,5e-05,0.00039,4e-05,1e-05,0,0.0169,-0.0009,0.00022,-0.03354,0.00017,-0,8e-05,0.00702,-0.00285,0.00099,0.01476,-0.00108,0.00019,0
1.56,0.00016,0.00073,-0.00092,0.0001,5e-05,-0,-7e-05,1e-05,1e-05,-2e-05,2e-05,0,0.00011,-0.00676,-0.00013,6e-05,0.00039,4e-05,1e-05,0,0.01148,-0.00067,0.00021,-0.01433,0.00018,-1e-05,4e-05,0.00242,-0.00278,0.00177,0.01929,-0.00118,0.00025,-1e-05
1.58,0.00025,0.00077,-0.00083,9e-05,3e-05,-0,-8e-05,1e-05,0,-2e-05,1e-05,0,9e-05,-0.00684,-8e-05,7e-05,0.00038,4e-05,0,-0,0.00629,-0.00049,0.00015,-0.00212,0.00017,-1e-05,0,-0.00412,-0.00194,0.00269,0.02341,-0.0012,0.00031,-2e-05
1.6,0.00031,0.00074,-0.00072,7e-05,1e-05,-0,-8e-05,1e-05,0,-2e-05,1e-05,0,8e-05,-0.00677,-2e-05,8e-05,0.00036,3e-05,-0,-0,0.00425,-0.00044,0.00014,0.00138,0.00016,-1e-05,-1e-05,-0.01163,-0.00021,0.00364,0.02674,-0.00114,0.00037,-4e-05
1.62,0.00032,0.00066,-0.0006,5e-05,-2e-05,-0,-7e-05,1e-05,-0,-1e-05,0,-0,5e-05,-0.00659,5e-05,9e-05,0.00036,2e-05,-0,-0,0.00485,-0.00042,0.00016,0.00092,0.00017,0,-1e-05,-0.0191,0.00221,0.00448,0.02919,-0.00102,0.00042,-6e-05
1.64,0.00027,0.00056,-0.00047,3e-05,-5e-05,-0,-6e-05,1e-05,0,-1e-05,0,-0,3e-05,-0.00626,0.00013,9e-05,0.00038,2e-05,-1e-05,-1e-05,0.00548,-0.0003,0.00012,0.00041,0.00018,0,-1e-05,-0.02601,0.00507,0.00519,0.03079,-0.00086,0.00046,-8e-05
1.66,0.00017,0.00046,-0.00035,1e-05,-8e-05,-0,-5e-05,1e-05,0,-1e-05,-0,-0,2e-05,-0.00576,0.00021,9e-05,0.00043,1e-05,-1e-05,-1e-05,0.00596,-2e-05,-3e-05,-0.00023,0.00017,0,-1e-05,-0.03214,0.00827,0.00586,0.03179,-0.00067,0.00048,-0.0001
1.68,-2e-05,0.00036,-0.00023,-1e-05,-0.0001,-0,-4e-05,1e-05,0,-1e-05,-0,-0,0,-0.00511,0.00028,9e-05,0.00051,1e-05,-1e-05,-1e-05,0.00634,0.00039,-0.00032,-0.00118,0.00016,0,-0,-0.03734,0.01174,0.00648,0.03255,-0.00049,0.00048,-0.00011
1.7,-0.00031,0.00028,-0.00012,-2e-05,-0.00011,0,-2e-05,0,0,-1e-05,-0,-0,-1e-05,-0.0044,0.00033,8e-05,0.0006,0,-1e-05,-1e-05,0.00675,0.00093,-0.00078,-0.00245,0.00015,0,-0,-0.0417,0.01507,0.00695,0.0333,-0.00032,0.00047,-0.00012
1.72,-0.00072,0.00021,-4e-05,-2e-05,-0.00011,0,-1e-05,-0,1e-05,-1e-05,-0,-0,-2e-05,-0.00372,0.00038,8e-05,0.00069,0,-1e-05,-1e-05,0.0071,0.00164,-0.0014,-0.00381,0.00014,0,-0,-0.04557,0.01757,0.00721,0.03431,-0.00018,0.00046,-0.0001
1.74,-0.00125,0.00015,2e-05,-2e-05,-0.0001,0,-1e-05,-1e-05,0,-0,-0,-0,-2e-05,-0.00306,0.00041,7e-05,0.00076,0,-1e-05,-0,0.00705,0.00238,-0.0021,-0.0052,0.00013,0,-0,-0.04944,0.01933,0.00736,0.03612,-0.0001,0.00045,-8e-05
1.76,-0.00192,0.00011,6e-05,-1e-05,-7e-05,0,0,-2e-05,0,-0,-0,-0,-3e-05,-0.0024,0.00041,6e-05,0.0008,0,-1e-05,-0,0.00646,0.0029,-0.00275,-0.00665,0.00012,0,-0,-0.05394,0.02081,0.00751,0.03918,-9e-05,0.00042,-6e-05
1.78,-0.00271,9e-05,7e-05,0,-3e-05,0,1e-05,-3e-05,0,0,-0,-0,-3e-05,-0.00181,0.00041,6e-05,0.00082,0,-1e-05,0,0.00533,0.00311,-0.00321,-0.00799,0.00011,0,0,-0.05972,0.02199,0.00775,0.04357,-0.00016,0.00038,-3e-05
1.8,-0.00354,8e-05,6e-05,3e-05,1e-05,0,1e-05,-3e-05,0,0,-0,-0,-3e-05,-0.00132,0.00039,5e-05,0.00083,-0,-1e-05,0,0.00365,0.00295,-0.00335,-0.00906,9e-05,0,0,-0.06751,0.02266,0.00786,0.04941,-0.00031,0.00033,1e-05
1.82,-0.00435,6e-05,3e-05,6e-05,4e-05,0,2e-05,-3e-05,0,0,-0,-0,-2e-05,-0.00095,0.00035,5e-05,0.00081,-0,-1e-05,-0,0.00153,0.00248,-0.00308,-0.0097,8e-05,0,0,-0.07795,0.02257,0.00761,0.05677,-0.00056,0.00028,6e-05
1.84,-0.00506,5e-05,-0,0.0001,6e-05,0,3e-05,-3e-05,-0,1e-05,-0,-0,-2e-05,-0.00069,0.00031,5e-05,0.00079,-1e-05,-0,-0,-0.00062,0.00185,-0.0025,-0.00983,7e-05,0,0,-0.09136,0.02184,0.00733,0.06518,-0.00089,0.00023,0.00012
1.86,-0.00565,4e-05,-4e-05,0.00014,8e-05,0,4e-05,-1e-05,0,1e-05,-0,-0,-1e-05,-0.00052,0.00027,5e-05,0.00078,-1e-05,-0,-0,-0.00232,0.00122,-0.0018,-0.00938,6e-05,-0,-0,-0.10742,0.02075,0.00728,0.07389,-0.0013,0.00017,0.00017
1.88,-0.00606,3e-05,-7e-05,0.00018,7e-05,0,5e-05,1e-05,0,2e-05,-0,-0,-1e-05,-0.00043,0.00022,5e-05,0.00077,-2e-05,-0,-0,-0.00322,0.0007,-0.0011,-0.00831,5e-05,-0,-0,-0.12467,0.01934,0.00737,0.08191,-0.00173,0.00011,0.00021
1.9,-0.0064,2e-05,-0.0001,0.00021,6e-05,0,8e-05,3e-05,1e-05,2e-05,-0,-0,0,-0.00041,0.00018,5e-05,0.00078,-2e-05,-0,-0,-0.00314,0.00033,-0.00057,-0.00697,4e-05,-0,-1e-05,-0.14164,0.01691,0.00739,0.08767,-0.00215,7e-05,0.00024
1.92,-0.00686,1e-05,-0.00011,0.00025,5e-05,0,0.00011,6e-05,2e-05,3e-05,-0,-0,1e-05,-0.00043,0.00012,5e-05,0.00079,-1e-05,-0,-0,-0.00217,0.0001,-0.00025,-0.00567,3e-05,-1e-05,-1e-05,-0.15626,0.01285,0.00719,0.08945,-0.00247,4e-05,0.00026
1.94,-0.00734,-1e-05,-0.00011,0.00028,3e-05,0,0.00014,9e-05,3e-05,4e-05,-0,-0,2e-05,-0.00047,7e-05,5e-05,0.00082,0,-0,0,-0.00048,-5e-05,-7e-05,-0.00437,2e-05,-1e-05,-1e-05,-0.16409,0.00816,0.00686,0.08574,-0.00263,2e-05,0.00027
1.96,-0.00774,-2e-05,-0.0001,0.00031,1e-05,-0,0.00018,0.00011,4e-05,5e-05,-0,-0,3e-05,-0.00053,2e-05,4e-05,0.00085,3e-05,-0,0,0.00167,-0.00022,1e-05,-0.00317,2e-05,-1e-05,-1e-05,-0.1614,0.00389,0.00639,0.0756,-0.00255,1e-05,0.00025
1.98,-0.00803,-2e-05,-8e-05,0.00033,-0,-0,0.00022,0.00014,6e-05,6e-05,-0,-1e-05,4e-05,-0.00058,-2e-05,4e-05,0.00089,6e-05,-0,0,0.00385,-0.00044,0,-0.00222,2e-05,-1e-05,-1e-05,-0.14721,0.00036,0.00569,0.05936,-0.00218,-0,0.00022
2,-0.00831,1e-05,-5e-05,0.00036,-1e-05,0,0.00026,0.00016,7e-05,7e-05,-0,-1e-05,5e-05,-0.00062,-4e-05,4e-05,0.00093,0.00011,0,-0,0.00586,-0.00069,-5e-05,-0.00161,1e-05,-1e-05,-0,-0.12182,-0.00223,0.00477,0.03816,-0.00162,-1e-05,0.00018
2.02,-0.00864,7e-05,-1e-05,0.0004,-1e-05,0,0.00027,0.00019,7e-05,8e-05,-1e-05,-1e-05,5e-05,-0.00064,-5e-05,5e-05,0.00096,0.00018,0,0,0.00797,-0.00088,-0.0001,-0.00134,1e-05,-1e-05,-0,-0.08873,-0.00351,0.00374,0.01534,-0.00102,-1e-05,0.00014
2.04,-0.00881,0.00017,3e-05,0.00043,-1e-05,-0,0.00028,0.00021,8e-05,8e-05,-1e-05,-1e-05,6e-05,-0.00064,-5e-05,7e-05,0.00098,0.00026,1e-05,0,0.01,-0.001,-0.00015,-0.00133,-0,-1e-05,-0,-0.0546,-0.00328,0.00265,-0.00419,-0.00036,-1e-05,9e-05
2.06,-0.00858,0.00028,6e-05,0.00045,-0,-0,0.00028,0.00023,8e-05,8e-05,-1e-05,-0,6e-05,-0.00062,-5e-05,8e-05,0.00098,0.00033,1e-05,1e-05,0.0115,-0.00108,-0.00019,-0.0015,-1e-05,-0,-0,-0.02543,-0.00202,0.00161,-0.01748,0.0002,-1e-05,5e-05
2.08,-0.00792,0.00039,9e-05,0.00045,1e-05,-0,0.00028,0.00023,7e-05,6e-05,-1e-05,-0,6e-05,-0.00058,-4e-05,0.0001,0.00095,0.0004,1e-05,1e-05,0.01255,-0.0011,-0.00022,-0.00178,-1e-05,-0,-0,-0.00517,-9e-05,0.00074,-0.02295,0.00046,-1e-05,2e-05
2.1,-0.00669,0.00045,0.00012,0.00043,2e-05,-0,0.00027,0.00023,5e-05,3e-05,-1e-05,-0,5e-05,-0.00052,-3e-05,0.0001,0.00089,0.00046,1e-05,2e-05,0.01335,-0.00107,-0.00022,-0.0021,-2e-05,0,0,0.00425,0.00141,0.00023,-0.02167,0.00031,-1e-05,0
2.12,-0.00483,0.00039,0.00015,0.00037,3e-05,-0,0.00027,0.00023,3e-05,-1e-05,-1e-05,-0,3e-05,-0.00043,-2e-05,0.0001,0.00081,0.00051,0,2e-05,0.01417,-0.00098,-0.00019,-0.00233,-3e-05,1e-05,0,0.00385,0.00196,3e-05,-0.01462,-0.00011,-1e-05,-0
2.14,-0.00238,0.00021,0.00018,0.00028,4e-05,0,0.00025,0.00021,2e-05,-5e-05,-1e-05,0,2e-05,-0.00031,-2e-05,9e-05,0.00069,0.00054,-0,2e-05,0.01486,-0.00082,-0.00012,-0.00247,-4e-05,1e-05,0,-0.00341,0.00241,-5e-05,-0.00188,-0.00042,-1e-05,-1e-05
2.16,0.00063,-0.0001,0.00022,0.00017,5e-05,0,0.00024,0.00017,0,-9e-05,-0,0,-0,-0.00019,-2e-05,7e-05,0.00056,0.00055,-1e-05,2e-05,0.01528,-0.00058,-4e-05,-0.00252,-5e-05,1e-05,1e-05,-0.01038,0.00263,-2e-05,0.00691,-0.00045,-0,-0
2.18,0.00409,-0.00049,0.00024,3e-05,4e-05,0,0.00021,0.00012,0,-0.00014,-0,0,-2e-05,-5e-05,-2e-05,5e-05,0.0004,0.00054,-1e-05,3e-05,0.01562,-0.00026,5e-05,-0.00251,-5e-05,2e-05,1e-05,-0.01438,0.0026,5e-05,0.00991,-0.00034,0,-0
2.2,0.00768,-0.00093,0.00025,-0.00011,1e-05,0,0.00017,3e-05,2e-05,-0.00017,-0,1e-05,-4e-05,0.0001,-2e-05,3e-05,0.00023,0.00052,-2e-05,3e-05,0.01567,0.00021,0.00012,-0.00246,-5e-05,2e-05,1e-05,-0.01771,0.00269,0.00012,0.01253,-0.00024,0,-1e-05
2.22,0.01062,-0.00134,0.00023,-0.00024,-2e-05,0,0.00015,-0.00011,6e-05,-0.00018,-0,1e-05,-5e-05,0.00025,-1e-05,-0,7e-05,0.00047,-2e-05,3e-05,0.0152,0.00092,0.00016,-0.00236,-5e-05,3e-05,1e-05,-0.01886,0.00268,6e-05,0.01442,-0.00019,-0,-1e-05
2.24,0.01264,-0.00157,0.00016,-0.00034,-6e-05,0,0.00011,-0.00028,0.00013,-0.00016,-0,0,-6e-05,0.00039,-0,-3e-05,-8e-05,0.00041,-2e-05,3e-05,0.01456,0.00165,0.00016,-0.00225,-4e-05,4e-05,2e-05,-0.01787,0.00218,-0.00022,0.01469,-0.00015,-1e-05,-0
2.26,0.01389,-0.00149,3e-05,-0.00041,-9e-05,0,7e-05,-0.00049,0.0002,-0.00014,-0,0,-6e-05,0.00051,1e-05,-6e-05,-0.0002,0.00032,-2e-05,2e-05,0.01395,0.0022,0.00014,-0.00217,-2e-05,4e-05,2e-05,-0.01553,0.00097,-0.00088,0.01311,-0.00011,-1e-05,-0
2.28,0.01428,-0.00111,-0.00016,-0.00046,-0.0001,0,2e-05,-0.00072,0.00027,-0.0001,-0,0,-6e-05,0.00061,1e-05,-7e-05,-0.00029,0.00023,-1e-05,2e-05,0.01336,0.00255,0.00014,-0.00211,2e-05,5e-05,2e-05,-0.01176,-0.0009,-0.00208,0.01036,-6e-05,-1e-05,-0
2.3,0.01386,-0.00052,-0.00043,-0.00047,-8e-05,0,-4e-05,-0.00093,0.00032,-8e-05,-0,0,-6e-05,0.00068,2e-05,-8e-05,-0.00033,0.00014,0,2e-05,0.01266,0.00261,0.00019,-0.00209,7e-05,6e-05,3e-05,-0.00718,-0.0032,-0.00383,0.00707,-2e-05,-0,0
2.32,0.01274,0.00021,-0.00077,-0.00047,-5e-05,0,-0.0001,-0.00108,0.00034,-7e-05,-0,0,-7e-05,0.0007,2e-05,-8e-05,-0.00034,4e-05,1e-05,1e-05,0.01175,0.00236,0.00033,-0.00213,0.00014,8e-05,4e-05,-0.00264,-0.00544,-0.00577,0.00422,3e-05,0,0
2.34,0.01108,0.00095,-0.00115,-0.00044,1e-05,0,-0.00015,-0.00117,0.00033,-6e-05,-0,0,-7e-05,0.00068,1e-05,-7e-05,-0.0003,-3e-05,2e-05,1e-05,0.01082,0.00193,0.00058,-0.00219,0.00022,9e-05,4e-05,0.00154,-0.00725,-0.0076,0.00229,8e-05,1e-05,1e-05
2.36,0.00913,0.00163,-0.00158,-0.0004,8e-05,0,-0.00019,-0.00121,0.00031,-5e-05,-0,0,-7e-05,0.00061,1e-05,-5e-05,-0.00022,-7e-05,4e-05,0,0.01001,0.00144,0.00095,-0.00225,0.00033,0.00011,5e-05,0.00515,-0.00844,-0.00917,0.00111,0.00013,2e-05,1e-05
2.38,0.00703,0.00215,-0.002,-0.00036,0.00015,0,-0.00023,-0.00117,0.00027,-4e-05,-0,0,-8e-05,0.00049,0,-3e-05,-0.00012,-9e-05,5e-05,-0,0.00926,0.00095,0.00142,-0.00232,0.00043,0.00011,5e-05,0.00818,-0.00884,-0.01021,0.00027,0.00016,3e-05,1e-05
2.4,0.00494,0.0025,-0.00239,-0.00031,0.00022,0,-0.00026,-0.00109,0.00022,-4e-05,-0,-0,-8e-05,0.00032,-0,1e-05,0,-7e-05,6e-05,-1e-05,0.00863,0.00053,0.00192,-0.00234,0.00056,0.00012,5e-05,0.01005,-0.00874,-0.01044,-0.00074,0.00018,3e-05,1e-05
2.42,0.00301,0.00272,-0.00272,-0.00026,0.00027,0,-0.00028,-0.001,0.00017,-3e-05,-0,-0,-7e-05,0.00012,-0,4e-05,0.00013,-1e-05,7e-05,-1e-05,0.00818,0.00021,0.00239,-0.00221,0.00077,0.00015,5e-05,0.01011,-0.0087,-0.00987,-0.00219,0.00018,4e-05,2e-05
2.44,0.00132,0.00281,-0.00294,-0.00022,0.00031,0,-0.00029,-0.00088,0.00013,-3e-05,-0,-0,-6e-05,-9e-05,0,7e-05,0.00025,7e-05,7e-05,-2e-05,0.00783,2e-05,0.0028,-0.00198,0.00101,0.00015,4e-05,0.00906,-0.00859,-0.00865,-0.004,0.00017,4e-05,2e-05
2.46,-8e-05,0.00274,-0.00303,-0.00019,0.00032,0,-0.0003,-0.00074,9e-05,-4e-05,-0,-0,-5e-05,-0.00029,1e-05,0.0001,0.00036,0.00015,7e-05,-2e-05,0.00754,-7e-05,0.00306,-0.00169,0.00122,0.00011,-0,0.00763,-0.00816,-0.00702,-0.00624,0.00014,4e-05,2e-05
2.48,-0.00118,0.00257,-0.00297,-0.00016,0.00032,0,-0.0003,-0.00059,5e-05,-4e-05,-0,-0,-4e-05,-0.00047,1e-05,0.00013,0.00045,0.00023,7e-05,-3e-05,0.0073,-0.0001,0.00312,-0.00132,0.00138,3e-05,-6e-05,0.00594,-0.00749,-0.00521,-0.00872,0.00012,4e-05,2e-05
2.5,-0.00199,0.00233,-0.0028,-0.00013,0.0003,0,-0.0003,-0.00044,2e-05,-4e-05,-0,-0,-2e-05,-0.00063,1e-05,0.00016,0.00052,0.00028,7e-05,-3e-05,0.00708,-0.00012,0.00302,-0.00094,0.00147,-7e-05,-0.00012,0.00428,-0.00662,-0.00355,-0.011,9e-05,4e-05,2e-05
2.52,-0.00253,0.00207,-0.00252,-0.00011,0.00027,0,-0.00029,-0.0003,0,-4e-05,-0,-0,-2e-05,-0.00074,1e-05,0.00018,0.00057,0.00033,7e-05,-3e-05,0.00688,-0.00014,0.00289,-0.00065,0.00144,-0.00013,-0.00013,0.00275,-0.00569,-0.00229,-0.0126,7e-05,4e-05,2e-05
2.54,-0.00283,0.00182,-0.00219,-9e-05,0.00023,0,-0.00029,-0.00017,-1e-05,-3e-05,0,-0,-1e-05,-0.00081,0,0.00019,0.0006,0.00035,6e-05,-2e-05,0.00663,-0.00018,0.0027,-0.00043,0.00126,-0.00014,-0.0001,0.00146,-0.00477,-0.00139,-0.01318,5e-05,3e-05,2e-05
2.56,-0.0029,0.00161,-0.00181,-7e-05,0.00018,0,-0.00029,-6e-05,-1e-05,-2e-05,0,0,-0,-0.00083,-0,0.00019,0.0006,0.00035,6e-05,-2e-05,0.00623,-0.00026,0.00239,-0.00022,0.00091,-0.00011,-5e-05,0.00057,-0.0039,-0.0008,-0.01263,4e-05,3e-05,1e-05
2.58,-0.00277,0.00147,-0.00142,-5e-05,0.00014,0,-0.00028,5e-05,-0,-1e-05,0,0,0,-0.00082,-1e-05,0.00019,0.00057,0.00035,6e-05,-1e-05,0.00559,-0.00042,0.00206,-5e-05,0.00038,-5e-05,-1e-05,7e-05,-0.00312,-0.00043,-0.01094,3e-05,2e-05,1e-05
2.6,-0.0025,0.00139,-0.00105,-4e-05,9e-05,0,-0.00026,0.00013,1e-05,-1e-05,0,1e-05,0,-0.00077,-2e-05,0.00018,0.00052,0.00033,5e-05,-0,0.00475,-0.00068,0.00145,4e-05,-0.00036,-0,-0,-0.00011,-0.00251,-0.00023,-0.00888,2e-05,2e-05,1e-05
2.62,-0.00215,0.00138,-0.0007,-2e-05,5e-05,-0,-0.00021,0.00019,3e-05,-1e-05,1e-05,1e-05,-0,-0.0007,-2e-05,0.00016,0.00043,0.0003,5e-05,-0,0.00399,-0.00103,0.0005,5e-05,-0.00115,4e-05,-2e-05,-8e-05,-0.00212,-0.00012,-0.00717,2e-05,1e-05,1e-05
2.64,-0.00172,0.00143,-0.0004,-0,1e-05,-0,-0.00012,0.00024,6e-05,-2e-05,1e-05,1e-05,-0,-0.00061,-2e-05,0.00014,0.00032,0.00028,5e-05,-0,0.00328,-0.00146,-0.00042,2e-05,-0.00184,7e-05,-5e-05,0.00012,-0.00184,-6e-05,-0.00556,2e-05,0,0
2.66,-0.00121,0.00152,-0.00014,1e-05,-1e-05,-0,1e-05,0.00026,9e-05,-3e-05,1e-05,1e-05,-0,-0.00051,-2e-05,0.00012,0.00018,0.00027,4e-05,-0,0.00258,-0.00194,-0.00128,-6e-05,-0.00243,0.0001,-9e-05,0.00039,-0.0016,-2e-05,-0.00401,1e-05,0,-0
2.68,-0.00059,0.0016,7e-05,1e-05,-3e-05,-0,0.00017,0.00027,0.00011,-3e-05,0,1e-05,-0,-0.00039,-1e-05,0.0001,2e-05,0.00027,4e-05,0,0.00196,-0.00241,-0.00228,-0.00023,-0.00304,8e-05,-0.00017,0.00057,-0.00142,0,-0.00278,1e-05,-0,-0
2.7,-3e-05,0.00161,0.00023,-1e-05,-4e-05,-0,0.00036,0.00027,0.00013,-4e-05,0,1e-05,-0,-0.00028,-1e-05,7e-05,-0.00015,0.00028,4e-05,-0,0.00155,-0.00255,-0.00303,-0.00062,-0.00317,0.00015,-0.00013,0.00076,-0.00124,1e-05,-0.00194,1e-05,-1e-05,-0
2.72,0.00022,0.00152,0.00034,-2e-05,-4e-05,-0,0.00054,0.00025,0.00014,-4e-05,0,1e-05,-0,-0.00019,-0,5e-05,-0.0003,0.00031,4e-05,0,0.00119,-0.00181,-0.00262,-0.00161,-0.00222,0.00058,0.00029,0.00142,-0.00099,1e-05,-0.00145,1e-05,-1e-05,-0
2.74,0.00026,0.0013,0.00039,-4e-05,-4e-05,0,0.0007,0.00023,0.00014,-4e-05,-0,0,-0,-0.00011,0,4e-05,-0.00041,0.00034,4e-05,0,0.00037,-0.00026,-0.00197,-0.00321,-0.00113,0.00102,0.00077,0.00246,-0.00065,-0,-0.00123,1e-05,-1e-05,-1e-05
2.76,0.00022,0.001,0.00039,-4e-05,-4e-05,0,0.0008,0.00021,0.00014,-3e-05,-0,-0,0,-4e-05,-0,2e-05,-0.0005,0.00039,4e-05,0,-0.00088,0.00152,-0.00161,-0.00507,-0.00038,0.00109,0.00093,0.00349,-0.00029,-1e-05,-0.00119,2e-05,-1e-05,-1e-05
2.78,8e-05,0.00065,0.00034,-3e-05,-3e-05,0,0.00083,0.00018,0.00014,-2e-05,-0,-0,0,2e-05,-1e-05,1e-05,-0.00054,0.00042,4e-05,1e-05,-0.0025,0.00329,-0.00139,-0.00729,0.00029,0.00076,0.00078,0.00447,6e-05,-0,-0.00128,2e-05,-1e-05,-0
2.8,-9e-05,0.00031,0.00024,1e-05,-2e-05,0,0.00079,0.00016,0.00014,-1e-05,-0,-0,0,7e-05,-2e-05,1e-05,-0.00056,0.00045,4e-05,1e-05,-0.00394,0.00422,-0.0011,-0.00845,0.00054,-0.00022,0.00011,0.00554,0.00032,1e-05,-0.00143,2e-05,-1e-05,-0
2.82,-0.00017,4e-05,0.00011,6e-05,-1e-05,0,0.00068,0.00013,0.00014,-0,-0,-1e-05,1e-05,0.00012,-4e-05,0,-0.00055,0.00047,3e-05,1e-05,-0.00419,0.00352,-0.00052,-0.00643,0.00023,-0.00105,-0.00059,0.00693,0.00043,2e-05,-0.00158,3e-05,-1e-05,-0
2.84,2e-05,-0.0001,-5e-05,0.00013,1e-05,-0,0.00051,0.00011,0.00014,0,0,-0,2e-05,0.00016,-5e-05,-0,-0.00052,0.00045,3e-05,2e-05,-0.00384,0.002,-0.00034,-0.00283,-0,-0.00114,-0.00081,0.00842,0.00037,3e-05,-0.00172,3e-05,-1e-05,-0
2.86,0.00058,-8e-05,-0.00024,0.0002,2e-05,-0,0.00032,9e-05,0.00015,-0,1e-05,-0,3e-05,0.00019,-6e-05,-1e-05,-0.00049,0.00037,2e-05,2e-05,-0.00414,0.00068,-0.00039,0.00068,-1e-05,-0.00091,-0.00073,0.00976,0.00016,2e-05,-0.00183,4e-05,-1e-05,-0
2.88,0.00155,9e-05,-0.00046,0.00027,2e-05,-0,0.00012,8e-05,0.00016,-2e-05,2e-05,-0,4e-05,0.00022,-7e-05,-1e-05,-0.00044,0.00025,1e-05,2e-05,-0.00531,-0.00015,-0.00039,0.00432,7e-05,-0.00044,-0.00041,0.01103,-0.00019,0,-0.00192,4e-05,-1e-05,-0
2.9,0.00279,0.00036,-0.00067,0.00031,3e-05,-0,-6e-05,8e-05,0.00017,-3e-05,4e-05,0,5e-05,0.00025,-8e-05,-1e-05,-0.00039,0.00012,1e-05,1e-05,-0.0073,-0.00042,-0.00025,0.00676,0.00018,-6e-05,-0.00011,0.01214,-0.00059,-3e-05,-0.00199,4e-05,-1e-05,-0
2.92,0.00399,0.00068,-0.00086,0.00032,3e-05,-0,-0.00019,8e-05,0.00017,-4e-05,8e-05,1e-05,7e-05,0.00026,-8e-05,-2e-05,-0.00032,-0,0,1e-05,-0.00948,-0.0004,-5e-05,0.0073,0.00025,-2e-05,-6e-05,0.0129,-0.00087,-6e-05,-0.00205,3e-05,-1e-05,-0
2.94,0.00493,0.00099,-0.00103,0.0003,3e-05,-0,-0.00025,8e-05,0.00017,-4e-05,0.00012,1e-05,0.0001,0.00027,-7e-05,-2e-05,-0.00024,-6e-05,-0,0,-0.01141,-0.0003,7e-05,0.00708,0.00029,-6e-05,-8e-05,0.01333,-0.00095,-6e-05,-0.00209,3e-05,-1e-05,-0
2.96,0.00552,0.00126,-0.00119,0.00026,3e-05,-0,-0.00024,9e-05,0.00016,-3e-05,0.00018,1e-05,0.00011,0.00029,-6e-05,-2e-05,-0.00015,-7e-05,-0,0,-0.01311,-0.00018,0.00013,0.00659,0.00031,-7e-05,-7e-05,0.01351,-0.00085,-3e-05,-0.00215,3e-05,-1e-05,-0
2.98,0.00568,0.00145,-0.00132,0.00019,2e-05,-0,-0.00019,0.0001,0.00014,-2e-05,0.00024,2e-05,0.00012,0.00031,-4e-05,-3e-05,-7e-05,-5e-05,-1e-05,0,-0.0143,-7e-05,0.00014,0.00569,0.0003,-7e-05,-6e-05,0.01348,-0.00061,6e-05,-0.00224,3e-05,-1e-05,-0
3,0.00536,0.00154,-0.00141,0.00012,2e-05,-0,-0.00012,0.00011,0.00012,-1e-05,0.00031,2e-05,0.00012,0.00033,-2e-05,-4e-05,1e-05,-3e-05,-1e-05,0,-0.01434,1e-05,0.00013,0.00418,0.00028,-6e-05,-5e-05,0.01314,-0.00026,0.00022,-0.00233,3e-05,-1e-05,-0
3.02,0.00464,0.00151,-0.00145,4e-05,1e-05,-0,-6e-05,0.00012,9e-05,-2e-05,0.0004,2e-05,0.0001,0.00035,-1e-05,-5e-05,7e-05,-3e-05,-1e-05,0,-0.0129,3e-05,0.00012,0.00216,0.00026,-4e-05,-4e-05,0.0124,0.00013,0.00044,-0.00241,3e-05,1e-05,0
3.04,0.0038,0.0014,-0.00139,-4e-05,0,-0,-0,0.00013,7e-05,-2e-05,0.00048,2e-05,7e-05,0.00037,0,-6e-05,0.0001,-3e-05,-1e-05,0,-0.01089,-2e-05,8e-05,-5e-05,0.00024,-3e-05,-2e-05,0.01161,0.00045,0.00071,-0.0025,4e-05,3e-05,0
3.06,0.00301,0.00122,-0.00125,-9e-05,-0,-0,5e-05,0.00014,4e-05,-3e-05,0.00052,2e-05,5e-05,0.00039,2e-05,-7e-05,0.0001,-4e-05,-1e-05,0,-0.009,-0.00017,-3e-05,-0.00237,0.00021,-1e-05,-2e-05,0.011,0.00058,0.00096,-0.0026,4e-05,6e-05,1e-05
3.08,0.00229,0.00099,-0.00104,-0.00013,-1e-05,-0,9e-05,0.00015,2e-05,-3e-05,0.00053,1e-05,4e-05,0.00042,3e-05,-8e-05,7e-05,-4e-05,-1e-05,-1e-05,-0.00725,-0.00041,-0.00025,-0.00473,0.00018,-1e-05,-1e-05,0.0105,0.00046,0.00114,-0.0027,4e-05,0.00011,2e-05
3.1,0.00164,0.00073,-0.0008,-0.00015,-1e-05,-0,0.00013,0.00015,0,-4e-05,0.00051,1e-05,3e-05,0.00045,4e-05,-9e-05,2e-05,-4e-05,-1e-05,-1e-05,-0.0062,-0.0007,-0.00056,-0.00691,0.00015,-0,-1e-05,0.0102,6e-05,0.00118,-0.00273,4e-05,0.00018,3e-05
3.12,0.00104,0.00044,-0.00056,-0.00016,-1e-05,-0,0.00016,0.00014,-1e-05,-5e-05,0.00044,1e-05,2e-05,0.00048,5e-05,-9e-05,-6e-05,-3e-05,-1e-05,-2e-05,-0.00644,-0.00098,-0.00088,-0.00859,0.00013,-0,-0,0.01021,-0.00062,0.001,-0.00261,3e-05,0.00025,3e-05
3.14,0.00043,0.00015,-0.00035,-0.00015,-1e-05,-0,0.00019,0.00013,-2e-05,-6e-05,0.00038,1e-05,1e-05,0.00051,6e-05,-9e-05,-0.00014,-2e-05,-1e-05,-2e-05,-0.0075,-0.00118,-0.00113,-0.00962,0.0001,-0,-0,0.01034,-0.00155,0.00054,-0.00236,2e-05,0.00035,2e-05
3.16,-0.00023,-0.00013,-0.00019,-0.00012,-1e-05,-0,0.00021,0.00011,-3e-05,-8e-05,0.00033,1e-05,1e-05,0.00054,8e-05,-9e-05,-0.00023,-1e-05,-1e-05,-1e-05,-0.00855,-0.00123,-0.00127,-0.00993,8e-05,-0,-0,0.01051,-0.00268,-0.0002,-0.00201,-1e-05,0.00047,3e-05
3.18,-0.00097,-0.00041,-8e-05,-9e-05,-1e-05,-0,0.00023,0.0001,-3e-05,-0.0001,0.00029,1e-05,1e-05,0.00058,9e-05,-9e-05,-0.00032,-0,-1e-05,-1e-05,-0.0092,-0.0011,-0.00127,-0.00946,6e-05,-0,-0,0.01075,-0.00396,-0.00128,-0.00161,-6e-05,0.00049,-4e-05
3.2,-0.00181,-0.00065,-2e-05,-6e-05,-0,-0,0.00026,8e-05,-3e-05,-0.00013,0.00025,1e-05,1e-05,0.00061,0.00011,-8e-05,-0.0004,1e-05,-1e-05,-1e-05,-0.00923,-0.00079,-0.00115,-0.00852,4e-05,-0,-0,0.01126,-0.005,-0.00234,-0.0012,-0.00012,0.0007,5e-05
3.22,-0.00275,-0.00085,0,-3e-05,0,-0,0.00028,7e-05,-2e-05,-0.00013,0.00022,1e-05,1e-05,0.00066,0.00013,-7e-05,-0.00047,2e-05,-1e-05,-0,-0.00842,-0.00039,-0.00098,-0.00751,3e-05,-0,-0,0.01249,-0.00511,-0.00288,-0.00084,-0.00021,0.0016,0.00067
3.24,-0.00377,-0.00097,1e-05,-1e-05,0,-0,0.0003,6e-05,-0,-0.00013,0.00016,1e-05,2e-05,0.0007,0.00014,-6e-05,-0.00051,2e-05,-1e-05,0,-0.00663,1e-05,-0.00078,-0.00646,2e-05,-0,-0,0.01367,-0.00412,-0.00299,-0.0006,-0.0003,0.00268,0.0014
3.26,-0.00478,-0.00103,3e-05,2e-05,0,-0,0.0003,5e-05,1e-05,-0.00011,8e-05,0,2e-05,0.00074,0.00015,-5e-05,-0.00054,3e-05,-1e-05,1e-05,-0.004,0.00035,-0.00053,-0.00548,1e-05,-0,-0,0.01389,-0.00218,-0.00273,-0.00042,-0.00039,0.00331,0.00181
3.28,-0.00565,-0.00101,6e-05,3e-05,0,-0,0.00031,4e-05,3e-05,-7e-05,-2e-05,-0,2e-05,0.00079,0.00014,-4e-05,-0.00054,3e-05,-1e-05,1e-05,-0.00094,0.00054,-0.00026,-0.00474,1e-05,-0,-0,0.0128,0.00083,-0.00185,-0.00021,-0.00048,0.00345,0.00183
3.3,-0.00636,-0.00094,0.00011,4e-05,0,-0,0.00029,3e-05,5e-05,-2e-05,-0.00011,-1e-05,2e-05,0.00087,0.00012,-4e-05,-0.00054,2e-05,-1e-05,2e-05,0.00196,0.0006,1e-05,-0.00437,0,-0,-0,0.01062,0.00395,-0.00085,-9e-05,-0.00053,0.00209,0.00107
3.32,-0.00697,-0.00085,0.00016,5e-05,0,0,0.00024,2e-05,6e-05,4e-05,-0.00018,-1e-05,2e-05,0.00099,8e-05,-3e-05,-0.00053,1e-05,-1e-05,3e-05,0.00499,0.00072,0.0003,-0.00445,0,-0,-0,0.00863,0.00617,-0.00016,-0.00013,-0.00039,-0.00081,-0.00037
3.34,-0.00736,-0.00074,0.0002,6e-05,0,0,0.00018,1e-05,7e-05,9e-05,-0.0002,-1e-05,3e-05,0.00116,2e-05,-3e-05,-0.00052,0,-1e-05,4e-05,0.00815,0.0009,0.00067,-0.00483,1e-05,-0,-1e-05,0.00704,0.00758,0.00053,-0.00013,-0.00015,-0.00374,-0.00188
3.36,-0.00742,-0.00062,0.0002,7e-05,-0,0,0.00013,-1e-05,8e-05,0.00013,-0.00013,-1e-05,3e-05,0.00139,-4e-05,-2e-05,-0.00052,-0,-1e-05,4e-05,0.01074,0.00103,0.00107,-0.00534,2e-05,-1e-05,-1e-05,0.00561,0.00831,0.00082,-4e-05,5e-05,-0.00641,-0.0033
3.38,-0.00719,-0.00048,0.00015,8e-05,0,0,8e-05,-3e-05,8e-05,0.00015,-0.0001,-0,2e-05,0.00169,-0.0001,-2e-05,-0.00053,-0,-1e-05,4e-05,0.01254,0.00114,0.00149,-0.00592,6e-05,-1e-05,-1e-05,0.00426,0.00851,-4e-05,6e-05,0.00022,-0.00941,-0.00472
3.4,-0.00672,-0.00034,4e-05,0.0001,0,0,2e-05,-5e-05,8e-05,0.00011,4e-05,0,2e-05,0.00207,-0.00016,-2e-05,-0.00055,-1e-05,-1e-05,4e-05,0.01354,0.00122,0.00187,-0.0064,0.00012,-2e-05,-2e-05,0.00303,0.00719,-0.00092,6e-05,0.00034,-0.00975,-0.00514
3.42,-0.00606,-0.00021,-9e-05,0.00011,1e-05,0,-4e-05,-7e-05,7e-05,3e-05,0.00057,1e-05,1e-05,0.00253,-0.00017,-3e-05,-0.00058,-1e-05,-1e-05,3e-05,0.01389,0.00124,0.00218,-0.00655,0.00022,-3e-05,-2e-05,0.00132,0.00334,-0.0002,-0.00064,0.0004,-0.00387,-0.00297
3.44,-0.00509,-7e-05,-0.00023,0.00011,2e-05,0,-9e-05,-0.0001,6e-05,-5e-05,0.00089,2e-05,1e-05,0.00305,-0.00015,-5e-05,-0.00062,-1e-05,-1e-05,1e-05,0.0136,0.00125,0.00245,-0.00632,0.00037,-5e-05,-3e-05,-0.00079,-1e-05,-0.00058,-0.00201,0.00038,0.0006,-0.0002
3.46,-0.00371,4e-05,-0.00034,0.0001,3e-05,0,-0.00015,-0.00014,3e-05,-0.00011,0.00074,1e-05,0,0.0036,-0.0001,-8e-05,-0.00067,-1e-05,-1e-05,0,0.0127,0.00135,0.00269,-0.00578,0.00057,-6e-05,-4e-05,-0.00262,-0.00086,-0.00135,-0.00321,0.00033,0.0034,0.00166
3.48,-0.00189,0.00011,-0.00038,7e-05,5e-05,0,-0.00021,-0.0002,1e-05,-0.00017,0.00043,1e-05,-1e-05,0.00413,-4e-05,-0.00012,-0.00074,-1e-05,-0,-1e-05,0.01158,0.00158,0.0029,-0.00506,0.0008,-8e-05,-4e-05,-0.00431,-0.00044,-0.00144,-0.00381,0.00021,0.00575,0.00308
3.5,0.00044,0.00011,-0.00032,3e-05,8e-05,0,-0.00028,-0.00029,-1e-05,-0.00022,-3e-05,-0,-1e-05,0.00467,1e-05,-0.00016,-0.00079,-1e-05,0,-3e-05,0.01047,0.00213,0.00322,-0.00417,0.00108,-7e-05,-4e-05,-0.00609,0.00105,-0.00077,-0.0044,-0.00012,0.00622,0.00299
3.52,0.00308,3e-05,-0.00019,-3e-05,0.0001,0,-0.00038,-0.00039,-1e-05,-0.00021,-9e-05,1e-05,-2e-05,0.00527,4e-05,-0.0002,-0.00083,-0,0,-3e-05,0.00958,0.00322,0.0038,-0.00316,0.00153,-0,-0,-0.00878,0.00249,-8e-05,-0.00474,-0.00032,0.00239,0.00123
3.54,0.00575,-8e-05,-1e-05,-8e-05,0.00012,0,-0.00051,-0.00051,-1e-05,-0.00018,0.00047,4e-05,-4e-05,0.00583,5e-05,-0.00023,-0.00084,-0,1e-05,-4e-05,0.00914,0.00455,0.00439,-0.00236,0.00204,0.00013,5e-05,-0.01053,0.00142,0.00151,-0.00305,-0.00024,0.00015,9e-05
3.56,0.00846,-0.00018,0.00021,-0.00013,0.00014,0,-0.00064,-0.00067,-0,-0.00015,0.00107,7e-05,-5e-05,0.00626,4e-05,-0.00026,-0.00084,-0,2e-05,-4e-05,0.00908,0.00566,0.00471,-0.00189,0.0025,0.00028,0.0001,-0.01099,-0.00232,0.0036,7e-05,-8e-05,-0.0003,-0.00021
3.58,0.01115,-0.00021,0.00041,-0.00018,0.00016,0,-0.00075,-0.00085,2e-05,-0.0001,0.00152,0.0001,-6e-05,0.00657,1e-05,-0.00027,-0.0008,0,3e-05,-4e-05,0.00945,0.00639,0.00482,-0.0016,0.00289,0.00043,0.00014,-0.01195,-0.00713,0.00501,0.00606,0.00011,2e-05,-5e-05
3.6,0.0135,-0.00021,0.00058,-0.00021,0.00018,0,-0.00082,-0.00102,4e-05,-7e-05,0.00159,0.00011,-8e-05,0.00672,-1e-05,-0.00026,-0.00075,0,3e-05,-4e-05,0.0097,0.00629,0.00451,-0.00146,0.00322,0.00058,0.00017,-0.01444,-0.01134,0.00487,0.01223,0.00025,0.00043,0.00021
3.62,0.01509,-0.00022,0.00071,-0.00022,0.0002,0,-0.00079,-0.00117,6e-05,-7e-05,0.00116,0.0001,-9e-05,0.00666,-2e-05,-0.00024,-0.00067,2e-05,3e-05,-4e-05,0.00944,0.00531,0.00375,-0.00146,0.00348,0.00076,0.00017,-0.01567,-0.01411,0.00363,0.01381,0.0003,0.00047,0.00023
3.64,0.01601,-0.0002,0.00076,-0.00021,0.00021,0,-0.0007,-0.00128,8e-05,-7e-05,0.00064,7e-05,-0.0001,0.00641,-1e-05,-0.0002,-0.00058,4e-05,3e-05,-4e-05,0.00921,0.00406,0.00292,-0.00147,0.00361,0.00087,0.00016,-0.01514,-0.01534,0.00171,0.0129,0.00032,0.00035,0.00016
3.66,0.01651,-0.00016,0.00069,-0.00019,0.00023,0,-0.00059,-0.00138,9e-05,-7e-05,0.00026,5e-05,-0.0001,0.00602,2e-05,-0.00016,-0.00049,6e-05,3e-05,-5e-05,0.00926,0.00289,0.00221,-0.00146,0.00355,0.00085,0.00014,-0.01401,-0.01538,-0.00043,0.01133,0.00032,0.00027,0.00011
3.68,0.01649,-9e-05,0.00052,-0.00015,0.00026,0,-0.00048,-0.00144,0.0001,-9e-05,2e-05,2e-05,-0.00011,0.00551,5e-05,-0.00011,-0.00038,6e-05,2e-05,-5e-05,0.00931,0.00186,0.00161,-0.00151,0.00336,0.00072,0.00012,-0.01164,-0.01466,-0.00251,0.00921,0.00032,0.00021,8e-05
3.7,0.01599,1e-05,0.00026,-0.00012,0.00028,0,-0.00039,-0.00148,0.00012,-0.0001,-9e-05,1e-05,-0.00011,0.00489,9e-05,-7e-05,-0.00029,6e-05,2e-05,-5e-05,0.00932,0.00108,0.00111,-0.00156,0.00282,0.00042,0.00011,-0.00797,-0.01382,-0.00464,0.0066,0.00031,0.00016,6e-05
3.72,0.01506,0.00014,-7e-05,-8e-05,0.00029,0,-0.00037,-0.00148,0.00013,-9e-05,-7e-05,-0,-9e-05,0.00418,0.0001,-3e-05,-0.00022,4e-05,1e-05,-5e-05,0.00934,0.00053,0.00073,-0.00154,0.00185,4e-05,9e-05,-0.00364,-0.01351,-0.00686,0.00399,0.0003,0.00013,5e-05
3.74,0.01365,0.00029,-0.00044,-6e-05,0.0003,0,-0.00037,-0.00144,0.00015,-7e-05,1e-05,-0,-6e-05,0.00349,0.0001,2e-05,-0.00016,2e-05,0,-4e-05,0.00925,0.00018,0.00047,-0.00147,0.00097,-0.00019,8e-05,-0.00037,-0.01357,-0.00885,0.00205,0.00027,0.0001,4e-05
3.76,0.01183,0.00045,-0.00079,-4e-05,0.00032,0,-0.00037,-0.00135,0.00015,-6e-05,8e-05,-0,-4e-05,0.00284,9e-05,6e-05,-0.00012,1e-05,-0,-4e-05,0.00899,-2e-05,0.00031,-0.00138,0.00031,-0.0003,7e-05,0.00122,-0.0136,-0.01017,0.00046,0.00023,7e-05,3e-05
3.78,0.0097,0.0006,-0.00111,-4e-05,0.00032,0,-0.00036,-0.00121,0.00014,-4e-05,0.00013,-0,-2e-05,0.00222,7e-05,9e-05,-8e-05,1e-05,-0,-4e-05,0.00861,-0.00011,0.00024,-0.00124,-0.00018,-0.00031,6e-05,0.00165,-0.01355,-0.01057,-0.00135,0.00019,5e-05,2e-05
3.8,0.00738,0.00071,-0.00138,-4e-05,0.00032,0,-0.00036,-0.00104,0.00012,-2e-05,0.00014,-0,-1e-05,0.00164,5e-05,0.00012,-4e-05,0,-1e-05,-3e-05,0.00814,-0.00013,0.00021,-0.00109,-0.00053,-0.00027,5e-05,0.00096,-0.0131,-0.00984,-0.00359,0.00015,3e-05,1e-05
3.82,0.00503,0.00077,-0.00158,-4e-05,0.00028,0,-0.00035,-0.00085,0.0001,1e-05,9e-05,-1e-05,-1e-05,0.00108,2e-05,0.00014,-2e-05,-0,-1e-05,-3e-05,0.00767,-0.00012,0.00022,-0.00098,-0.00078,-0.00023,4e-05,-0.00069,-0.01217,-0.00824,-0.00612,0.0001,2e-05,1e-05
3.84,0.0028,0.0008,-0.0017,-4e-05,0.00024,0,-0.00035,-0.00067,7e-05,3e-05,3e-05,-1e-05,-1e-05,0.00054,-2e-05,0.00015,1e-05,-0,-1e-05,-2e-05,0.00729,-0.0001,0.00023,-0.00089,-0.00098,-0.00018,4e-05,-0.00247,-0.01087,-0.0063,-0.00855,7e-05,1e-05,0
3.86,0.00079,0.00083,-0.00174,-4e-05,0.00019,0,-0.00033,-0.00048,4e-05,5e-05,-0,-1e-05,-1e-05,-0,-5e-05,0.00015,4e-05,-0,-1e-05,-2e-05,0.00708,-9e-05,0.00021,-0.00081,-0.00116,-0.00014,4e-05,-0.00373,-0.00928,-0.00443,-0.01052,5e-05,0,-0
3.88,-0.00091,0.00085,-0.00172,-3e-05,0.00014,0,-0.00031,-0.00031,1e-05,7e-05,-2e-05,-1e-05,-0,-0.00055,-9e-05,0.00015,8e-05,-0,-1e-05,-1e-05,0.00702,-0.00011,0.00013,-0.00073,-0.00135,-9e-05,3e-05,-0.00444,-0.00744,-0.00276,-0.01165,4e-05,0,-0
3.9,-0.00221,0.0009,-0.00165,-2e-05,9e-05,0,-0.00027,-0.00016,-1e-05,7e-05,-1e-05,-0,0,-0.0011,-0.00013,0.00015,0.00012,0,-1e-05,-1e-05,0.00715,-0.00018,-3e-05,-0.00069,-0.00157,-7e-05,3e-05,-0.00461,-0.00582,-0.00153,-0.01192,3e-05,-0,-0
3.92,-0.00315,0.00097,-0.00155,-2e-05,4e-05,0,-0.00021,-6e-05,-2e-05,6e-05,2e-05,-0,1e-05,-0.00167,-0.00016,0.00015,0.00018,0,-1e-05,-0,0.00749,-0.00033,-0.00029,-0.00073,-0.00184,-7e-05,1e-05,-0.0043,-0.00482,-0.00071,-0.01154,2e-05,-0,-0
3.94,-0.00371,0.00108,-0.00143,-1e-05,1e-05,0,-0.00014,3e-05,-3e-05,5e-05,5e-05,0,1e-05,-0.00224,-0.00017,0.00014,0.00025,0,-1e-05,0,0.00792,-0.00058,-0.00066,-0.00079,-0.00215,-9e-05,-2e-05,-0.00355,-0.00416,-0.00015,-0.01053,2e-05,-0,-0
3.96,-0.0038,0.00123,-0.00132,-0,-3e-05,0,-4e-05,9e-05,-2e-05,4e-05,9e-05,1e-05,1e-05,-0.00281,-0.00018,0.00013,0.00033,0,-1e-05,1e-05,0.00827,-0.00099,-0.00116,-0.00084,-0.0025,-0.00014,-8e-05,-0.00239,-0.00363,0.00023,-0.00897,1e-05,-0,-0
3.98,-0.0034,0.0014,-0.0012,1e-05,-6e-05,0,8e-05,0.00013,-1e-05,3e-05,0.00012,2e-05,2e-05,-0.0034,-0.00017,0.00013,0.00042,0,-1e-05,1e-05,0.00838,-0.00159,-0.00177,-0.00087,-0.00292,-0.00023,-0.00017,-0.00106,-0.00327,0.00044,-0.00708,2e-05,-0,-0
4,-0.0027,0.00156,-0.00109,1e-05,-8e-05,0,0.00022,0.00015,-0,2e-05,0.00014,2e-05,2e-05,-0.00397,-0.00016,0.00012,0.00052,0,-1e-05,1e-05,0.00821,-0.00239,-0.0025,-0.00082,-0.00327,-0.00035,-0.00029,6e-05,-0.00312,0.00055,-0.00535,2e-05,-0,-0
4.02,-0.002,0.00165,-0.00097,1e-05,-0.0001,0,0.00038,0.00019,1e-05,1e-05,0.00015,2e-05,2e-05,-0.0045,-0.00013,0.00012,0.00063,1e-05,-1e-05,1e-05,0.00775,-0.00336,-0.00336,-0.00063,-0.00339,-0.00052,-0.00046,0.00106,-0.00317,0.00061,-0.00409,1e-05,0,-0
4.04,-0.00125,0.00165,-0.00083,-0,-0.00012,0,0.00056,0.00023,2e-05,-0,0.00014,2e-05,2e-05,-0.00498,-0.0001,0.00012,0.00074,1e-05,-1e-05,1e-05,0.00695,-0.00438,-0.00428,-0.00034,-0.00333,-0.00071,-0.00066,0.00215,-0.00319,0.0006,-0.00313,1e-05,0,-0
4.06,-0.00044,0.00154,-0.00068,-1e-05,-0.00013,0,0.00073,0.00025,3e-05,-1e-05,0.0001,2e-05,2e-05,-0.00542,-6e-05,0.00013,0.00083,1e-05,-1e-05,2e-05,0.00588,-0.00524,-0.00524,-2e-05,-0.00318,-0.00084,-0.00084,0.00314,-0.00307,0.00049,-0.00241,1e-05,-0,-0
4.08,0.00029,0.00132,-0.00051,-2e-05,-0.00013,0,0.00087,0.00025,3e-05,-1e-05,4e-05,1e-05,1e-05,-0.00582,-3e-05,0.00014,0.0009,1e-05,-1e-05,1e-05,0.00468,-0.0058,-0.00667,0.0002,-0.00309,-0.0011,-0.0011,0.00402,-0.00281,0.00034,-0.00199,1e-05,-0,-0
4.1,0.00072,0.00103,-0.00034,-3e-05,-0.00012,0,0.00097,0.00024,3e-05,-2e-05,-2e-05,-0,-0,-0.00612,-1e-05,0.00015,0.00094,1e-05,-1e-05,1e-05,0.00346,-0.00538,-0.00726,5e-05,-0.00262,-0.00091,-0.00106,0.00496,-0.00245,0.00016,-0.00181,2e-05,-0,-0
4.12,0.00069,0.0007,-0.00018,-3e-05,-0.0001,0,0.00101,0.00021,3e-05,-3e-05,-5e-05,-1e-05,-1e-05,-0.00621,0,0.00016,0.00096,1e-05,-1e-05,1e-05,0.00188,-0.00298,-0.00551,-0.00112,-0.00139,0.00056,-0.00011,0.00625,-0.002,0,-0.00178,2e-05,-0,-0
4.14,0.00042,0.00039,-6e-05,-3e-05,-7e-05,0,0.00099,0.00018,4e-05,-4e-05,-5e-05,-1e-05,-1e-05,-0.00613,1e-05,0.00017,0.00094,1e-05,-1e-05,1e-05,-0.00019,0.00051,-0.00409,-0.00315,-0.00028,0.00207,0.00101,0.00778,-0.00151,-0.0001,-0.00186,2e-05,-1e-05,-0
4.16,0.00012,0.00014,-0,-2e-05,-3e-05,0,0.0009,0.00014,6e-05,-5e-05,-4e-05,-1e-05,-1e-05,-0.00596,2e-05,0.00017,0.00086,1e-05,-1e-05,0,-0.00227,0.00362,-0.00336,-0.00501,0.00046,0.00282,0.00163,0.00926,-0.001,-0.00015,-0.00199,3e-05,-1e-05,-1e-05
4.18,-4e-05,-0,-1e-05,0,2e-05,-0,0.00076,0.0001,0.0001,-8e-05,-3e-05,-1e-05,-1e-05,-0.00567,3e-05,0.00017,0.00074,1e-05,-1e-05,0,-0.00425,0.00601,-0.00288,-0.00602,0.00108,0.00315,0.00181,0.01075,-0.00054,-0.00015,-0.00215,3e-05,-1e-05,-1e-05
4.2,0.00013,1e-05,-9e-05,3e-05,7e-05,-0,0.00059,6e-05,0.00014,-0.0001,-2e-05,-0,-0,-0.00531,5e-05,0.00017,0.00058,1e-05,-1e-05,0,-0.0061,0.00628,-0.00197,-0.00528,0.00092,0.00196,0.0011,0.01222,-0.00016,-0.00013,-0.00228,4e-05,-2e-05,-1e-05
4.22,0.0007,0.00018,-0.00022,5e-05,0.0001,-0,0.0004,3e-05,0.0002,-9e-05,0,0,-0,-0.0049,0.00011,0.00016,0.0004,0,-1e-05,-0,-0.00799,0.00369,-0.00077,-0.00261,0.00013,-0.00024,-6e-05,0.01365,0.00011,-9e-05,-0.00236,4e-05,-2e-05,-1e-05
4.24,0.00163,0.00046,-0.00038,8e-05,0.00013,-0,0.00025,0,0.00026,-7e-05,5e-05,1e-05,0,-0.00443,0.00018,0.00014,0.00021,0,-1e-05,-0,-0.00909,0.00061,-0.00023,0.00058,-0.0001,-0.00102,-0.00059,0.01501,0.00028,-7e-05,-0.00241,4e-05,-2e-05,-1e-05
4.26,0.00284,0.00082,-0.00058,0.0001,0.00014,-0,0.00013,-0,0.00031,-4e-05,0.00014,2e-05,0,-0.00388,0.00026,0.00011,3e-05,0,-1e-05,-0,-0.00982,-0.00125,0.00053,0.00329,6e-05,-0.00095,-0.00062,0.01619,0.00037,-6e-05,-0.00246,3e-05,-2e-05,-1e-05
4.28,0.00421,0.00122,-0.00081,0.00012,0.00015,-0,5e-05,0,0.00035,-0,0.00026,3e-05,1e-05,-0.0032,0.00033,8e-05,-0.00012,0,-1e-05,-0,-0.0103,-0.00194,0.00164,0.00591,0.0004,-0.00041,-0.00032,0.01723,0.00041,-4e-05,-0.00252,3e-05,-2e-05,-1e-05
4.3,0.00542,0.00158,-0.00105,0.00014,0.00014,-0,0,2e-05,0.00037,3e-05,0.0004,4e-05,2e-05,-0.00255,0.00037,5e-05,-0.00025,0,-1e-05,-0,-0.01139,-0.00176,0.00242,0.00759,0.00069,6e-05,-3e-05,0.0178,0.00045,2e-05,-0.00258,2e-05,-1e-05,-0
4.32,0.00614,0.00186,-0.0013,0.00013,0.00011,-0,-2e-05,4e-05,0.00039,2e-05,0.00055,4e-05,3e-05,-0.00205,0.00038,3e-05,-0.00034,0,-1e-05,-0,-0.01308,-0.00135,0.00234,0.00755,0.00073,7e-05,-0,0.01751,0.00057,0.00015,-0.00258,2e-05,-0,-0
4.34,0.00644,0.00203,-0.00153,0.00012,8e-05,-0,-2e-05,5e-05,0.00038,-0,0.00068,4e-05,5e-05,-0.00155,0.00035,2e-05,-0.00039,0,-1e-05,-0,-0.01483,-0.00098,0.00181,0.00693,0.00066,-3e-05,-5e-05,0.0167,0.00075,0.00038,-0.00255,1e-05,1e-05,0
4.36,0.00639,0.00208,-0.00173,0.0001,5e-05,-0,-2e-05,6e-05,0.00035,-2e-05,0.00073,4e-05,7e-05,-0.00099,0.0003,0,-0.00041,0,-0,-0,-0.01662,-0.00071,0.00122,0.0062,0.00057,-7e-05,-6e-05,0.01574,0.00092,0.0007,-0.00252,0,5e-05,1e-05
4.38,0.00602,0.00202,-0.00187,6e-05,2e-05,-0,-1e-05,7e-05,0.00031,-3e-05,0.0007,2e-05,8e-05,-0.00047,0.00022,-1e-05,-0.0004,0,-0,-0,-0.01816,-0.00056,0.00078,0.00504,0.00047,-9e-05,-7e-05,0.01461,0.00102,0.00108,-0.00249,-0,0.0001,3e-05
4.4,0.00527,0.00185,-0.00192,3e-05,-1e-05,-0,-0,7e-05,0.00025,-3e-05,0.0006,1e-05,9e-05,-3e-05,0.00013,-2e-05,-0.00037,1e-05,-0,-0,-0.01865,-0.00052,0.00061,0.00327,0.00037,-9e-05,-6e-05,0.01338,0.00103,0.0015,-0.00243,-1e-05,0.00018,4e-05
4.42,0.00421,0.0016,-0.00189,-0,-2e-05,-0,0,7e-05,0.00019,-1e-05,0.00042,0,9e-05,0.0003,3e-05,-3e-05,-0.00035,1e-05,-0,-0,-0.01759,-0.00063,0.00061,0.00111,0.0003,-7e-05,-4e-05,0.01208,0.00095,0.00189,-0.0023,-1e-05,0.00028,6e-05
4.44,0.00306,0.00133,-0.00176,-3e-05,-3e-05,-0,-0,6e-05,0.00014,1e-05,0.00023,-1e-05,9e-05,0.00056,-5e-05,-4e-05,-0.00033,0,-0,-0,-0.01591,-0.0009,0.00054,-0.00105,0.00024,-5e-05,-3e-05,0.01079,0.0007,0.00219,-0.00208,-2e-05,0.00042,8e-05
4.46,0.00194,0.00105,-0.00156,-5e-05,-2e-05,-0,-1e-05,6e-05,9e-05,2e-05,7e-05,-1e-05,8e-05,0.00071,-0.00011,-4e-05,-0.00032,0,-0,-0,-0.01435,-0.00133,0.00024,-0.00307,0.00019,-3e-05,-2e-05,0.00964,0.00025,0.00228,-0.00178,-3e-05,0.00061,0.00011
4.48,0.00087,0.0008,-0.0013,-6e-05,-1e-05,-0,-1e-05,5e-05,6e-05,4e-05,-5e-05,-1e-05,8e-05,0.00079,-0.00016,-5e-05,-0.00033,0,-0,0,-0.01293,-0.00188,-0.00027,-0.00482,0.00015,-2e-05,-1e-05,0.00864,-0.00036,0.00203,-0.00142,-4e-05,0.00071,7e-05
4.5,-0.00014,0.00054,-0.00103,-7e-05,1e-05,-0,-2e-05,4e-05,3e-05,5e-05,-0.00011,-0,7e-05,0.0008,-0.0002,-5e-05,-0.00034,0,-0,0,-0.0121,-0.00243,-0.00091,-0.00618,0.00011,-1e-05,-1e-05,0.00792,-0.00087,0.00156,-0.00104,-5e-05,0.00102,0.00018
4.52,-0.00109,0.00028,-0.00077,-6e-05,3e-05,-0,-2e-05,3e-05,1e-05,5e-05,-0.00011,0,5e-05,0.00077,-0.00022,-4e-05,-0.00034,-0,-0,0,-0.01223,-0.00277,-0.00148,-0.00708,9e-05,-1e-05,-1e-05,0.0079,-0.00096,0.00125,-0.00069,-7e-05,0.00216,0.00087
4.54,-0.00198,5e-05,-0.00054,-5e-05,4e-05,-0,-3e-05,2e-05,-0,5e-05,-4e-05,1e-05,4e-05,0.0007,-0.00022,-4e-05,-0.00033,-0,0,0,-0.0128,-0.0028,-0.00186,-0.00746,7e-05,-0,-0,0.00832,-0.00055,0.00094,-0.00052,-8e-05,0.00373,0.00182
4.56,-0.0028,-0.00015,-0.00035,-3e-05,4e-05,-0,-2e-05,0,-1e-05,4e-05,0.0001,2e-05,3e-05,0.00061,-0.00022,-3e-05,-0.00032,-0,0,-0,-0.01307,-0.00252,-0.00202,-0.00735,5e-05,-0,-0,0.00867,0.00031,0.00045,-0.00047,-0.0001,0.00516,0.00262
4.58,-0.00354,-0.00033,-0.00021,-1e-05,3e-05,-0,-1e-05,-1e-05,-2e-05,4e-05,0.00019,2e-05,3e-05,0.00049,-0.00021,-2e-05,-0.00029,-0,0,-1e-05,-0.01257,-0.00196,-0.00195,-0.00678,4e-05,-0,-0,0.00877,0.00169,0.00014,-0.00041,-0.00012,0.00677,0.00335
4.6,-0.00421,-0.00046,-0.00012,1e-05,2e-05,-0,-0,-3e-05,-3e-05,3e-05,0.00032,3e-05,2e-05,0.00035,-0.00019,-1e-05,-0.00025,0,0,-1e-05,-0.01141,-0.00128,-0.00174,-0.00601,3e-05,-0,-0,0.00837,0.0032,-0.00013,-0.00035,-0.00014,0.0075,0.00353
4.62,-0.00486,-0.00054,-6e-05,2e-05,0,-0,1e-05,-4e-05,-4e-05,1e-05,0.00069,3e-05,1e-05,0.00019,-0.00017,-0,-0.00021,0,0,-0,-0.00976,-0.00062,-0.00151,-0.00532,2e-05,0,-0,0.00784,0.00434,-0.00091,-0.00039,-0.00015,0.00579,0.00278
4.64,-0.00544,-0.00057,-3e-05,3e-05,-2e-05,0,1e-05,-6e-05,-4e-05,1e-05,0.00086,3e-05,0,3e-05,-0.00013,0,-0.00016,1e-05,0,0,-0.0074,1e-05,-0.00122,-0.00473,1e-05,0,0,0.00744,0.00527,-0.00146,-0.00043,-0.00016,0.00332,0.00172
4.66,-0.00585,-0.00054,-3e-05,4e-05,-4e-05,0,1e-05,-7e-05,-4e-05,-0,0.00068,1e-05,-0,-0.00012,-9e-05,1e-05,-0.00011,1e-05,0,1e-05,-0.00445,0.00058,-0.00087,-0.00429,1e-05,0,0,0.00705,0.00617,-0.00135,-0.00039,-0.00016,0.00095,0.00064
4.68,-0.00607,-0.00046,-3e-05,5e-05,-6e-05,0,1e-05,-0.0001,-3e-05,-1e-05,0.00041,1e-05,-1e-05,-0.00024,-5e-05,2e-05,-7e-05,1e-05,0,2e-05,-0.00144,0.00105,-0.00048,-0.00405,0,0,0,0.00666,0.0069,-0.00076,-0.00032,-0.00016,-0.00149,-0.00051
4.7,-0.0061,-0.00034,-6e-05,5e-05,-7e-05,0,-0,-0.00012,-2e-05,-1e-05,3e-05,0,-2e-05,-0.00034,-1e-05,2e-05,-2e-05,1e-05,0,2e-05,0.00107,0.00143,-8e-05,-0.00402,-1e-05,0,0,0.0062,0.00743,0.00019,-0.00026,-0.00014,-0.00387,-0.00171
4.72,-0.00596,-0.00018,-9e-05,5e-05,-7e-05,-0,-2e-05,-0.00015,-2e-05,-2e-05,-9e-05,0,-3e-05,-0.00039,3e-05,2e-05,2e-05,1e-05,-0,2e-05,0.00322,0.00176,0.00031,-0.00419,-1e-05,0,0,0.00557,0.00783,0.00123,-0.00021,-7e-05,-0.00604,-0.00292
4.74,-0.0056,-2e-05,-0.00013,5e-05,-6e-05,-0,-4e-05,-0.00017,-2e-05,-4e-05,0.00021,2e-05,-4e-05,-0.00039,5e-05,3e-05,6e-05,0,-0,2e-05,0.00511,0.00201,0.00066,-0.00444,-2e-05,-0,0,0.00477,0.0079,0.00206,-0.00015,4e-05,-0.00775,-0.00407
4.76,-0.005,0.00013,-0.00017,5e-05,-5e-05,-0,-6e-05,-0.00021,-2e-05,-6e-05,0.00049,4e-05,-5e-05,-0.00035,7e-05,3e-05,0.0001,-0,-0,1e-05,0.00637,0.00215,0.00094,-0.00463,-3e-05,-0,-0,0.00379,0.00753,0.00229,-8e-05,0.00015,-0.00882,-0.00506
4.78,-0.00421,0.00024,-0.0002,5e-05,-4e-05,-0,-7e-05,-0.00025,-1e-05,-0.0001,0.00066,4e-05,-5e-05,-0.00029,7e-05,2e-05,0.00012,-0,-0,0,0.00703,0.00219,0.00115,-0.00475,-3e-05,-0,-0,0.00258,0.00723,0.00097,-2e-05,0.00028,-0.00909,-0.00624
4.8,-0.00327,0.00029,-0.00021,5e-05,-2e-05,-0,-7e-05,-0.00031,-1e-05,-0.00014,0.00057,4e-05,-6e-05,-0.00021,6e-05,1e-05,0.00014,0,-0,-1e-05,0.00721,0.00218,0.00127,-0.00475,-4e-05,-0,-0,0.00129,0.00624,-0.00031,3e-05,0.00043,-0.00763,-0.00633
4.82,-0.00224,0.00024,-0.00018,5e-05,-0,-0,-7e-05,-0.00038,-1e-05,-0.00018,0.00025,3e-05,-5e-05,-0.00013,5e-05,0,0.00014,1e-05,-0,-2e-05,0.00711,0.00215,0.00136,-0.00457,-4e-05,-0,-0,-4e-05,0.00392,0.00087,-1e-05,0.00056,-0.00287,-0.00346
4.84,-0.00105,5e-05,-0.00012,4e-05,1e-05,-0,-6e-05,-0.00048,-0,-0.00022,4e-05,1e-05,-4e-05,-5e-05,3e-05,-2e-05,0.00013,3e-05,-0,-2e-05,0.00682,0.00216,0.00143,-0.00426,-4e-05,-0,-0,-0.00116,0.002,0.00034,-0.00034,0.00069,0.0009,2e-05
4.86,0.00036,-0.00029,-2e-05,2e-05,1e-05,-0,-5e-05,-0.00061,1e-05,-0.00026,-2e-05,0,-3e-05,4e-05,1e-05,-4e-05,0.00011,5e-05,-0,-1e-05,0.00638,0.00226,0.00152,-0.00385,-3e-05,-0,0,-0.00204,0.00115,-0.00184,-0.001,0.00092,0.00374,0.00262
4.88,0.00201,-0.00075,9e-05,0,-0,-0,-4e-05,-0.00076,3e-05,-0.00029,1e-05,0,-1e-05,0.00012,-0,-6e-05,8e-05,6e-05,-0,-0,0.006,0.00245,0.00163,-0.00342,-2e-05,0,0,-0.00298,0.00078,-0.00398,-0.00173,0.00121,0.00793,0.00495
4.9,0.00382,-0.00132,0.00018,-3e-05,-3e-05,0,-4e-05,-0.00094,5e-05,-0.00031,6e-05,-0,0,0.00019,-1e-05,-9e-05,4e-05,6e-05,0,0,0.00555,0.00278,0.00176,-0.00298,-1e-05,1e-05,0,-0.00387,0.00065,-0.00536,-0.00245,0.0014,0.01258,0.00588
4.92,0.00545,-0.00198,0.00025,-5e-05,-8e-05,0,-4e-05,-0.00115,8e-05,-0.0003,7e-05,-0,1e-05,0.00027,-1e-05,-0.00013,1e-05,5e-05,1e-05,1e-05,0.00486,0.00327,0.00192,-0.00254,1e-05,1e-05,0,-0.00397,0.00072,-0.00575,-0.00419,0.00134,0.0093,0.00439
4.94,0.00678,-0.00254,0.00027,-7e-05,-0.00013,0,-5e-05,-0.00137,0.00012,-0.00029,6e-05,-0,2e-05,0.00035,1e-05,-0.00016,-1e-05,3e-05,1e-05,1e-05,0.00417,0.00374,0.00203,-0.00214,3e-05,1e-05,0,-0.00141,0.00018,-0.00448,-0.00853,0.00085,0.00452,0.0023
4.96,0.00786,-0.00284,0.00021,-9e-05,-0.00019,0,-6e-05,-0.0016,0.00016,-0.00026,4e-05,-0,2e-05,0.00043,2e-05,-0.00018,-3e-05,2e-05,2e-05,1e-05,0.00367,0.00404,0.00205,-0.00182,6e-05,2e-05,0,0.00542,-0.00341,-0.00175,-0.01704,-6e-05,0.00069,0.00047
4.98,0.00857,-0.00283,9e-05,-0.0001,-0.00022,0,-7e-05,-0.00183,0.0002,-0.00022,3e-05,-0,2e-05,0.00049,3e-05,-0.00019,-4e-05,1e-05,2e-05,1e-05,0.00332,0.00413,0.00199,-0.00153,0.0001,3e-05,0,0.01591,-0.01234,0.00148,-0.03272,-0.00145,-0.00275,-0.00122
5,0.00884,-0.00253,-0.00011,-0.0001,-0.00024,0,-9e-05,-0.002,0.00023,-0.00019,1e-05,-0,0,0.00052,4e-05,-0.00019,-4e-05,0,2e-05,1e-05,0.00298,0.0039,0.00182,-0.0013,0.00015,4e-05,0,0.0293,-0.02868,0.00425,-0.05021,-0.00283,-0.00515,-0.00247
5.02,0.00865,-0.00203,-0.00037,-0.0001,-0.00022,0,-0.0001,-0.0021,0.00026,-0.00017,0,-0,-2e-05,0.00052,3e-05,-0.00017,-4e-05,0,2e-05,0,0.00251,0.00335,0.00156,-0.00114,0.00021,5e-05,1e-05,0.03692,-0.05166,0.01063,-0.04767,-0.00197,-0.00434,-0.00237
5.04,0.00802,-0.00136,-0.00068,-9e-05,-0.00018,0,-0.00011,-0.00211,0.00027,-0.00015,0,-0,-4e-05,0.00048,2e-05,-0.00014,-4e-05,-0,2e-05,0,0.00205,0.00261,0.00123,-0.00097,0.00028,7e-05,1e-05,0.03427,-0.06811,0.02322,-0.02663,-0.00046,-0.00177,-0.00128
5.06,0.00705,-0.00063,-0.00104,-7e-05,-0.00011,0,-0.00011,-0.00204,0.00027,-0.00014,-0,-0,-7e-05,0.0004,1e-05,-0.00011,-4e-05,-0,1e-05,-0,0.00167,0.00183,0.00085,-0.00078,0.00035,0.0001,2e-05,0.02587,-0.06857,0.02977,-0.0061,0.00032,7e-05,-0.00036
5.08,0.00584,0.0001,-0.00142,-6e-05,-3e-05,0,-0.00011,-0.00189,0.00026,-0.00013,-0,-0,-8e-05,0.0003,0,-7e-05,-6e-05,-0,1e-05,-1e-05,0.00132,0.00107,0.00047,-0.00059,0.00041,0.00012,3e-05,0.01348,-0.05394,0.02533,0.00896,0.00072,0.00109,0.00027
5.1,0.00453,0.00073,-0.0018,-4e-05,6e-05,0,-0.00011,-0.00167,0.00024,-0.00012,-0,-0,-9e-05,0.00016,0,-3e-05,-0.0001,0,0,-1e-05,0.00101,0.0004,9e-05,-0.00042,0.00047,0.00016,5e-05,0.0044,-0.0365,0.01369,0.00892,0.00092,0.00116,0.00044
5.12,0.00326,0.00123,-0.00217,-3e-05,0.00014,0,-0.00011,-0.00144,0.00022,-9e-05,-0,-0,-7e-05,0,0,1e-05,-0.00017,1e-05,-0,-1e-05,0.00076,-0.00013,-0.00022,-0.00025,0.00057,0.00025,0.0001,0.00082,-0.02483,0.00482,0.00338,0.0008,0.0007,0.00025
5.14,0.00207,0.00156,-0.0025,-2e-05,0.0002,0,-0.00011,-0.00118,0.0002,-4e-05,0,0,-5e-05,-0.00017,-0,4e-05,-0.00027,2e-05,-0,-1e-05,0.00058,-0.00049,-0.00043,-0.00012,0.00065,0.00035,0.00015,0.00015,-0.0168,0.00031,0.00048,0.00055,0.00028,8e-05
5.16,0.00098,0.00173,-0.00274,-1e-05,0.00023,0,-0.0001,-0.00093,0.00017,2e-05,0,-0,-2e-05,-0.00035,-0,8e-05,-0.0004,3e-05,-0,-0,0.00049,-0.00069,-0.00053,-0,0.00066,0.0004,0.00019,0.00108,-0.0111,-0.00136,-0.00082,0.00036,0.0001,3e-05
5.18,1e-05,0.00176,-0.0029,-0,0.00025,0,-0.0001,-0.00069,0.00015,0.0001,0,-0,0,-0.00052,-1e-05,0.00012,-0.00056,3e-05,-0,-0,0.00048,-0.00076,-0.00054,9e-05,0.0006,0.00042,0.0002,0.00226,-0.00848,-0.00212,-0.00191,0.0002,2e-05,2e-05
5.2,-0.00085,0.00169,-0.00293,-0,0.00025,0,-9e-05,-0.00048,0.00014,0.00021,0,-0,1e-05,-0.00068,-1e-05,0.00017,-0.00073,4e-05,0,0,0.00052,-0.00074,-0.00048,0.00017,0.00044,0.00036,0.00018,0.00213,-0.00867,-0.00361,-0.0035,8e-05,0,1e-05
5.22,-0.00163,0.00159,-0.00283,-0,0.00025,0,-5e-05,-0.00032,0.00013,0.00037,0,-0,0,-0.00082,-1e-05,0.00021,-0.0009,4e-05,0,0,0.00061,-0.00067,-0.00037,0.00025,0.00018,0.00022,0.00012,0.00087,-0.0111,-0.00658,-0.00543,0,-3e-05,-6e-05
5.24,-0.00234,0.00151,-0.00261,-0,0.00023,0,-0,-0.0002,0.00014,0.00062,0,0,-0,-0.00093,-1e-05,0.00026,-0.00105,4e-05,-0,0,0.0007,-0.00057,-0.00024,0.00033,-7e-05,7e-05,5e-05,-0.00037,-0.01411,-0.00981,-0.00661,-4e-05,-0.00011,-0.00018
5.26,-0.00297,0.00149,-0.00231,-0,0.00021,-0,7e-05,-0.00011,0.00015,0.00098,1e-05,0,-0,-0.00101,-0,0.00032,-0.0012,4e-05,-0,0,0.00072,-0.00046,-0.00011,0.00043,-0.00031,-8e-05,-3e-05,-0.00126,-0.01577,-0.01165,-0.00648,-5e-05,-0.00023,-0.00033
5.28,-0.00352,0.00157,-0.00194,-0,0.00019,-0,0.00017,-5e-05,0.00018,0.00147,1e-05,0,-1e-05,-0.00104,1e-05,0.00038,-0.00131,4e-05,-1e-05,0,0.00065,-0.00037,0,0.00056,-0.00051,-0.00022,-0.00011,-0.00176,-0.0155,-0.01111,-0.00501,-4e-05,-0.00037,-0.00048
5.3,-0.00395,0.00178,-0.00156,-0,0.00017,-0,0.00029,-1e-05,0.00021,0.00217,1e-05,0,-1e-05,-0.00105,4e-05,0.00045,-0.00138,3e-05,-1e-05,1e-05,0.0005,-0.00032,7e-05,0.00072,-0.00066,-0.00033,-0.00017,-0.00182,-0.01327,-0.00877,-0.00288,-1e-05,-0.00036,-0.00048
5.32,-0.00425,0.0021,-0.00122,-0,0.00014,-0,0.00045,2e-05,0.00026,0.00316,1e-05,0,1e-05,-0.00102,9e-05,0.00053,-0.00138,3e-05,-1e-05,1e-05,0.0003,-0.00037,8e-05,0.00096,-0.00068,-0.00034,-0.00019,-0.00148,-0.00971,-0.00592,-0.00118,5e-05,5e-05,-0.00014
5.34,-0.00437,0.00254,-0.00093,-0,0.0001,-0,0.00061,3e-05,0.0003,0.00437,1e-05,-0,4e-05,-0.00094,0.00015,0.0006,-0.00131,2e-05,-1e-05,2e-05,6e-05,-0.00055,0,0.00127,-0.00062,-0.00028,-0.00016,-0.00161,-0.00599,-0.003,-3e-05,0.0001,0.0005,0.00027
5.36,-0.00429,0.00307,-0.00069,-0,7e-05,-0,0.00076,3e-05,0.00033,0.00568,1e-05,-0,6e-05,-0.00082,0.00023,0.00065,-0.00119,2e-05,-1e-05,3e-05,-0.00022,-0.00089,-0.00015,0.00163,-0.00054,-0.0002,-0.00012,-0.00257,-0.00306,-0.00084,0.001,0.0001,0.00065,0.00045
5.38,-0.004,0.00364,-0.00049,-0,2e-05,-0,0.00089,3e-05,0.00035,0.00687,0,-0,8e-05,-0.00064,0.00031,0.00067,-0.00103,1e-05,-1e-05,3e-05,-0.00046,-0.00138,-0.00039,0.00202,-0.00043,-0.00011,-6e-05,-0.00243,-0.00079,0.00018,-0.00121,0.00014,0.00037,0.00027
5.4,-0.00359,0.00413,-0.00035,-0,-2e-05,-0,0.00099,3e-05,0.00035,0.00804,0,-0,9e-05,-0.00044,0.00039,0.00066,-0.00085,0,-1e-05,3e-05,-0.0006,-0.00197,-0.00068,0.00244,-0.00035,-4e-05,-2e-05,9e-05,0.00038,-0.0004,-0.0046,-0.0001,-0.00018,-0.0002
5.42,-0.00314,0.00441,-0.00025,0,-5e-05,0,0.00101,1e-05,0.00033,0.0093,0,-0,8e-05,-0.0002,0.00045,0.00061,-0.0007,-0,-0,2e-05,-0.00054,-0.00253,-0.00097,0.00286,-0.00033,-4e-05,-2e-05,0.00502,0.00052,0.00018,-0.00461,-0.00088,-3e-05,-0.00039
5.44,-0.00266,0.0044,-0.00017,0,-8e-05,0,0.00095,0,0.0003,0.01007,0,-0,6e-05,4e-05,0.00049,0.00054,-0.00061,-1e-05,-0,1e-05,-0.0003,-0.00295,-0.0012,0.00323,-0.00033,-5e-05,-2e-05,0.01057,0.00046,0.00237,0.00114,-0.00229,0.00031,-0.0005
5.46,-0.00216,0.00406,-0.00011,0,-0.0001,0,0.00082,-1e-05,0.00029,0.01008,0,0,4e-05,0.00028,0.00052,0.00045,-0.00057,-1e-05,-0,0,9e-05,-0.00317,-0.00136,0.00347,-0.00032,-4e-05,-2e-05,0.01612,0.00053,0.00425,0.01359,-0.00432,-8e-05,-0.00095
5.48,-0.00168,0.00342,-5e-05,0,-0.00011,0,0.00056,-2e-05,0.00031,0.00951,0,0,2e-05,0.00051,0.00052,0.00034,-0.00062,-1e-05,-0,-1e-05,0.00056,-0.00316,-0.00139,0.00351,-0.00032,-4e-05,-1e-05,0.0218,0.00061,0.0056,0.03193,-0.00674,-0.00209,-0.00204
5.5,-0.00127,0.00258,-1e-05,0,-0.0001,0,0.00043,-2e-05,0.00035,0.00853,0,0,1e-05,0.00072,0.00049,0.00024,-0.00072,-0,-0,-1e-05,0.00103,-0.00288,-0.00133,0.00352,-0.00032,-3e-05,-1e-05,0.0277,0.00062,0.00577,0.05178,-0.00913,-0.00467,-0.00331
5.52,-0.00093,0.00167,0,-0,-8e-05,0,0.00082,-2e-05,0.00037,0.00728,0,0,1e-05,0.00095,0.00045,0.00014,-0.00087,1e-05,-0,-2e-05,0.00176,-0.00245,-0.00118,0.00384,-0.00029,-2e-05,-0,0.03385,0.00036,0.004,0.06638,-0.01113,-0.0053,-0.00376
5.54,-0.00051,0.00083,-2e-05,-0,-4e-05,-0,0.00152,-2e-05,0.00038,0.00594,0,-0,0,0.00121,0.0004,5e-05,-0.00102,2e-05,-0,-2e-05,0.0026,-0.00207,-0.001,0.00435,-0.00025,-1e-05,0,0.04045,-0.00043,0.00182,0.07081,-0.01238,-0.00466,-0.00354
5.56,7e-05,0.00015,-8e-05,-1e-05,1e-05,-0,0.00226,-1e-05,0.00038,0.00464,-0,-0,0,0.00147,0.00034,-3e-05,-0.00117,5e-05,-1e-05,-2e-05,0.00307,-0.0018,-0.00081,0.00481,-0.00021,-1e-05,0,0.0476,-0.00183,0.00025,0.06506,-0.01276,-0.00391,-0.00306
5.58,0.00087,-0.00028,-0.00016,-2e-05,6e-05,-0,0.00307,0,0.00035,0.00347,-1e-05,-0,-0,0.00174,0.00029,-0.0001,-0.00129,7e-05,-1e-05,-2e-05,0.00299,-0.00164,-0.00064,0.00529,-0.00016,-0,0,0.05373,-0.00377,-0.0006,0.04911,-0.01228,-0.00286,-0.00232
5.6,0.00187,-0.00042,-0.00025,-4e-05,0.0001,-0,0.00381,2e-05,0.00031,0.00248,-1e-05,-0,-0,0.00207,0.00022,-0.00016,-0.00134,0.0001,-0,-2e-05,0.00244,-0.0016,-0.00051,0.00553,-0.00011,-0,0,0.05771,-0.00602,-0.00066,0.02987,-0.01121,-0.00184,-0.00151
5.62,0.00287,-0.0003,-0.00034,-6e-05,0.00013,-0,0.00435,4e-05,0.00029,0.0017,-1e-05,-0,-0,0.00253,0.00015,-0.0002,-0.00132,0.00014,-0,-2e-05,0.0017,-0.00165,-0.00043,0.00531,-8e-05,-1e-05,-0,0.05906,-0.00851,-0.00031,0.01555,-0.00987,-0.00102,-0.00075
5.64,0.00375,-5e-05,-0.00042,-8e-05,0.00014,-0,0.00468,8e-05,0.00027,0.00116,-1e-05,-0,-0,0.00305,7e-05,-0.00024,-0.00119,0.00017,-0,-1e-05,0.00073,-0.00168,-0.00033,0.00475,-5e-05,-1e-05,-0,0.05641,-0.01092,3e-05,0.00417,-0.00833,-0.00034,-0.0001
5.66,0.00452,0.00026,-0.00049,-0.0001,0.00013,-0,0.00486,0.00013,0.0002,0.00086,-1e-05,-0,-0,0.00356,1e-05,-0.00028,-0.00098,0.00016,-1e-05,-1e-05,-0.00055,-0.00166,-0.00021,0.00393,-1e-05,-1e-05,-0,0.04931,-0.01286,0.00022,-0.00605,-0.00666,0.00017,0.00041
5.68,0.00511,0.00056,-0.00054,-0.00012,0.00012,-0,0.00493,0.00017,0.00012,0.00073,-1e-05,-1e-05,-0,0.00406,-6e-05,-0.00035,-0.00069,0.00014,-1e-05,-0,-0.0019,-0.00159,-9e-05,0.00293,1e-05,-1e-05,-1e-05,0.03875,-0.01409,0.00024,-0.0137,-0.00503,0.0005,0.00076
5.7,0.00539,0.00079,-0.00056,-0.00014,9e-05,-0,0.00481,0.00022,2e-05,0.00076,-1e-05,-1e-05,-0,0.00451,-0.00011,-0.00042,-0.00034,0.0001,-1e-05,0,-0.00277,-0.00153,-1e-05,0.00171,3e-05,-0,-0,0.02797,-0.01454,9e-05,-0.01755,-0.00358,0.00067,0.00095
5.72,0.00529,0.00089,-0.00056,-0.00015,6e-05,-0,0.00448,0.00027,-6e-05,0.0009,-1e-05,-1e-05,-0,0.00481,-0.00015,-0.00048,2e-05,5e-05,-1e-05,0,-0.00266,-0.00152,2e-05,0.00047,5e-05,0,-0,0.01964,-0.01424,-0.00016,-0.0176,-0.00239,0.00072,0.001
5.74,0.00496,0.00088,-0.00052,-0.00015,3e-05,-0,0.0041,0.00032,-0.00013,0.00112,-1e-05,-2e-05,-0,0.00502,-0.00016,-0.00054,0.00037,2e-05,-1e-05,0,-0.00189,-0.00157,-4e-05,-0.00064,7e-05,1e-05,1e-05,0.01291,-0.01318,-0.00045,-0.01597,-0.00147,0.00068,0.00094
5.76,0.00453,0.0008,-0.00044,-0.00014,0,-0,0.00379,0.00035,-0.00018,0.00135,-1e-05,-2e-05,-0,0.00516,-0.00016,-0.00058,0.00067,1e-05,-1e-05,0,-0.0008,-0.00165,-0.00018,-0.00173,8e-05,3e-05,2e-05,0.00733,-0.01139,-0.00069,-0.01394,-0.00082,0.00058,0.00081
5.78,0.00398,0.00067,-0.00035,-0.00013,-1e-05,-0,0.00352,0.00038,-0.0002,0.00157,-0,-2e-05,-0,0.00525,-0.00015,-0.00061,0.00091,1e-05,-1e-05,-0,0.00061,-0.00173,-0.00042,-0.00298,8e-05,6e-05,3e-05,0.00342,-0.00913,-0.00083,-0.01163,-0.00041,0.00045,0.00065
5.8,0.00331,0.00052,-0.00024,-0.00011,-2e-05,0,0.00328,0.00039,-0.00018,0.00175,1e-05,-1e-05,-0,0.00527,-0.00012,-0.00061,0.00108,1e-05,-1e-05,-0,0.0019,-0.00177,-0.00075,-0.00459,7e-05,0.00011,6e-05,0.00114,-0.00679,-0.00084,-0.00922,-0.00019,0.00032,0.00048
5.82,0.00249,0.00036,-0.00012,-0.0001,-2e-05,0,0.00308,0.00039,-0.00014,0.00185,3e-05,1e-05,-0,0.00524,-9e-05,-0.00058,0.00118,3e-05,-1e-05,0,0.00262,-0.00178,-0.00123,-0.00674,5e-05,0.00017,8e-05,8e-05,-0.00471,-0.00075,-0.00691,-9e-05,0.00022,0.00033
5.84,0.00157,0.00023,-1e-05,-8e-05,-1e-05,0,0.00296,0.00037,-9e-05,0.00187,6e-05,3e-05,0,0.00518,-4e-05,-0.00053,0.00122,6e-05,-0,1e-05,0.00277,-0.00185,-0.00199,-0.00905,2e-05,0.00024,0.0001,-0.00033,-0.00295,-0.00055,-0.0049,-5e-05,0.00013,0.00021
5.86,0.00057,0.00015,8e-05,-7e-05,0,0,0.00292,0.00035,-3e-05,0.0018,0.0001,5e-05,1e-05,0.00514,2e-05,-0.00046,0.00118,8e-05,0,2e-05,0.00228,-0.00201,-0.00321,-0.01103,-3e-05,0.00031,0.00012,-0.00041,-0.00155,-0.00026,-0.00322,-4e-05,8e-05,0.00012
5.88,-0.00047,0.0001,0.00016,-6e-05,1e-05,0,0.00297,0.00033,2e-05,0.00167,0.00014,8e-05,1e-05,0.00509,8e-05,-0.00039,0.0011,8e-05,1e-05,3e-05,0.0011,-0.00221,-0.00502,-0.01263,-9e-05,0.00032,9e-05,-0.00037,-0.00055,7e-05,-0.00181,-3e-05,4e-05,6e-05
5.9,-0.0015,6e-05,0.00022,-6e-05,2e-05,0,0.0031,0.0003,5e-05,0.0015,0.00017,0.0001,2e-05,0.00507,0.00012,-0.00032,0.00097,5e-05,2e-05,4e-05,-0.0007,-0.0026,-0.00727,-0.01352,-0.00015,0.00037,0.00012,-0.0003,0.00013,0.00037,-0.00066,-1e-05,2e-05,3e-05
5.92,-0.00245,2e-05,0.00026,-6e-05,3e-05,0,0.00331,0.00025,7e-05,0.0013,0.00021,0.00011,3e-05,0.00506,0.00014,-0.00026,0.0008,1e-05,3e-05,4e-05,-0.00217,-0.00328,-0.00894,-0.01328,-0.00018,0.00069,0.0004,-0.00027,0.0006,0.00065,0.00026,1e-05,0,1e-05
5.94,-0.00324,-2e-05,0.00028,-7e-05,3e-05,0,0.00357,0.0002,7e-05,0.00109,0.00024,0.00012,4e-05,0.00507,0.00013,-0.00022,0.00063,-3e-05,5e-05,4e-05,-0.00235,-0.00359,-0.0088,-0.01215,-0.00017,0.0012,0.00085,-0.00027,0.00087,0.00077,0.00077,2e-05,0,0
5.96,-0.00384,-5e-05,0.00029,-9e-05,3e-05,0,0.00385,0.00014,6e-05,0.00089,0.00023,0.00011,4e-05,0.00506,0.00012,-0.00018,0.00045,-6e-05,6e-05,3e-05,-0.0015,-0.00316,-0.00694,-0.01036,-0.00012,0.00172,0.00131,-0.00034,0.00092,0.00069,0.00083,2e-05,0,-0
5.98,-0.00422,-7e-05,0.00029,-0.0001,3e-05,-0,0.00412,8e-05,5e-05,0.0007,0.0002,0.00011,3e-05,0.00505,0.0001,-0.00015,0.00028,-8e-05,6e-05,2e-05,-1e-05,-0.0022,-0.00375,-0.00734,-6e-05,0.0023,0.0018,-0.00044,0.001,0.00062,0.00086,2e-05,0,-0
6,-0.00441,-0.0001,0.00028,-0.00012,3e-05,-0,0.00435,3e-05,3e-05,0.00051,0.00014,9e-05,2e-05,0.00501,7e-05,-0.00012,0.00013,-8e-05,7e-05,0,0.00096,-0.00105,-0.00166,-0.00417,1e-05,0.00273,0.00209,-0.00054,0.00112,0.00058,0.00089,1e-05,0,-0
6.02,-0.00447,-0.00012,0.00029,-0.00013,2e-05,-0,0.00454,-1e-05,2e-05,0.00034,8e-05,7e-05,0,0.00497,3e-05,-0.0001,-1e-05,-6e-05,7e-05,-1e-05,0.00097,-0.00023,-0.00159,-0.00311,0.0001,0.0027,0.002,-0.00063,0.00131,0.00057,0.00092,1e-05,0,-0
6.04,-0.00441,-0.00012,0.00029,-0.00015,2e-05,-0,0.00463,-2e-05,1e-05,0.00019,3e-05,6e-05,-1e-05,0.00488,-0,-9e-05,-0.00012,-3e-05,6e-05,-2e-05,0.00071,0.00014,-0.00167,-0.00261,0.00016,0.00232,0.00165,-0.00069,0.00157,0.00057,0.00096,-0,0,-0
6.06,-0.00422,-0.00011,0.00031,-0.00016,2e-05,-0,0.0046,-1e-05,0,9e-05,0,4e-05,-1e-05,0.00472,-2e-05,-8e-05,-0.00019,-1e-05,5e-05,-2e-05,0.00045,3e-05,-0.0014,-0.00167,0.00017,0.00167,0.00114,-0.00071,0.00186,0.00059,0.00101,-1e-05,0,-0
6.08,-0.00392,-8e-05,0.00032,-0.00016,1e-05,-0,0.00444,2e-05,-0,1e-05,-1e-05,2e-05,-1e-05,0.0045,-3e-05,-7e-05,-0.00024,0,4e-05,-2e-05,0.00014,-0.00053,-0.00092,-0.00088,0.00015,0.00074,0.00049,-0.00068,0.00218,0.00063,0.00108,-3e-05,0,0
6.1,-0.00353,-4e-05,0.00033,-0.00016,1e-05,0,0.00416,8e-05,-0,-4e-05,-2e-05,1e-05,-1e-05,0.00421,-2e-05,-5e-05,-0.00027,-0,3e-05,-2e-05,-0.00014,-0.00122,-0.00042,-0.00032,8e-05,-0.00052,-0.00027,-0.00058,0.00257,0.00071,0.0012,-5e-05,0,0
6.12,-0.00304,-1e-05,0.00034,-0.00015,1e-05,0,0.00379,0.00017,0,-6e-05,-2e-05,0,-1e-05,0.00386,1e-05,-4e-05,-0.00028,-1e-05,1e-05,-2e-05,0.0005,-0.00136,-3e-05,-0.00013,0,-0.00143,-0.00085,-0.0004,0.00303,0.00082,0.00136,-7e-05,0,0
6.14,-0.0025,1e-05,0.00033,-0.00014,1e-05,0,0.00334,0.00028,1e-05,-5e-05,-2e-05,-1e-05,-0,0.00347,4e-05,-3e-05,-0.00028,-1e-05,0,-2e-05,0.0026,-0.00074,0.0004,0.00098,-0.00035,-0.00087,-0.00077,-0.00012,0.00348,0.001,0.00158,-9e-05,0,0
6.16,-0.00194,2e-05,0.0003,-0.00013,2e-05,0,0.00284,0.0004,1e-05,-3e-05,-2e-05,-1e-05,1e-05,0.00304,9e-05,-2e-05,-0.00026,0,-1e-05,-1e-05,0.00557,0.00031,0.00075,0.00397,-0.00133,0.00124,0.00013,0.00029,0.00387,0.00124,0.00187,-0.00011,0,0
6.18,-0.00141,-0,0.00025,-0.00011,2e-05,0,0.00232,0.00053,2e-05,1e-05,-2e-05,-2e-05,1e-05,0.00259,0.00013,-1e-05,-0.00023,3e-05,-1e-05,-1e-05,0.00955,0.00153,0.00079,0.00923,-0.00321,0.00496,0.00192,0.00082,0.0042,0.00153,0.00221,-0.00013,0,0
6.2,-0.00095,-5e-05,0.00017,-9e-05,2e-05,0,0.0018,0.00067,2e-05,6e-05,-1e-05,-2e-05,2e-05,0.00214,0.00017,0,-0.00019,7e-05,-1e-05,0,0.01437,0.00284,0.00057,0.01688,-0.00622,0.00992,0.00454,0.00148,0.00442,0.00188,0.0026,-0.00015,0,0
6.22,-0.00058,-0.00015,8e-05,-7e-05,2e-05,0,0.00131,0.00081,3e-05,0.0001,-1e-05,-2e-05,4e-05,0.0017,0.00021,1e-05,-0.00016,0.00013,-2e-05,1e-05,0.01951,0.00403,0.00045,0.02635,-0.01057,0.01439,0.00732,0.00236,0.00449,0.00233,0.00307,-0.00016,0,0
6.24,-0.00025,-0.00028,-1e-05,-6e-05,2e-05,0,0.00086,0.00094,3e-05,0.00015,-1e-05,-2e-05,5e-05,0.00128,0.00023,2e-05,-0.00013,0.00019,-2e-05,2e-05,0.02442,0.00406,-0.00022,0.03615,-0.01605,0.01637,0.00911,0.00341,0.00438,0.00274,0.00357,-0.00016,0,0
6.26,7e-05,-0.00045,-9e-05,-4e-05,2e-05,0,0.00046,0.00104,3e-05,0.00019,-0,-2e-05,6e-05,0.00091,0.00024,3e-05,-0.0001,0.00025,-2e-05,2e-05,0.02881,0.00245,-0.00199,0.04463,-0.0219,0.01546,0.0094,0.00439,0.00411,0.00298,0.0042,-0.00016,0,-0
6.28,0.00046,-0.00065,-0.00014,-3e-05,0,0,0.00011,0.0011,2e-05,0.00022,-0,-2e-05,6e-05,0.00057,0.00023,3e-05,-8e-05,0.00029,-2e-05,3e-05,0.03209,-0.00098,-0.00488,0.0498,-0.02718,0.01098,0.00774,0.005,0.00364,0.003,0.00496,-0.00015,-0,-0
6.3,0.00096,-0.00083,-0.00016,-2e-05,-1e-05,0,-0.0002,0.00112,2e-05,0.00023,0,-1e-05,6e-05,0.00026,0.00021,3e-05,-6e-05,0.00032,-2e-05,4e-05,0.03414,-0.00485,-0.00807,0.05018,-0.03079,0.00603,0.00538,0.00546,0.00284,0.00274,0.0057,-0.00014,-0,-0
6.32,0.00154,-0.00097,-0.00014,-2e-05,-3e-05,0,-0.00048,0.0011,2e-05,0.00024,0,-1e-05,5e-05,-2e-05,0.00019,3e-05,-4e-05,0.00034,-2e-05,5e-05,0.03491,-0.00704,-0.01037,0.04623,-0.03207,0.00429,0.00413,0.00657,0.00169,0.00225,0.00606,-0.00011,-0,-1e-05
6.34,0.0022,-0.00102,-8e-05,-1e-05,-5e-05,0,-0.00071,0.00104,2e-05,0.00024,1e-05,-1e-05,4e-05,-0.00026,0.00017,2e-05,-3e-05,0.00032,-1e-05,5e-05,0.03431,-0.00816,-0.01174,0.03871,-0.03076,0.00353,0.00322,0.00805,0.0003,0.00162,0.0058,-9e-05,-0,-1e-05
6.36,0.00291,-0.00092,0,-2e-05,-7e-05,0,-0.00092,0.00095,1e-05,0.00023,1e-05,-0,2e-05,-0.00048,0.00015,0,-1e-05,0.00027,-1e-05,5e-05,0.03248,-0.00888,-0.01233,0.02858,-0.02703,0.00235,0.00212,0.00928,-0.00124,0.00089,0.00499,-7e-05,-1e-05,-1e-05
6.38,0.00363,-0.00069,0.00011,-2e-05,-8e-05,0,-0.00111,0.00084,1e-05,0.00021,1e-05,0,0,-0.00069,0.00013,-1e-05,1e-05,0.0002,-1e-05,5e-05,0.02959,-0.0086,-0.01196,0.017,-0.02174,0.00144,0.00121,0.01042,-0.00283,8e-05,0.00369,-5e-05,-1e-05,-2e-05
6.4,0.0042,-0.00037,0.0002,-3e-05,-8e-05,0,-0.00128,0.00072,1e-05,0.00019,1e-05,1e-05,-1e-05,-0.00088,0.00011,-2e-05,3e-05,0.0001,-0,4e-05,0.02609,-0.00722,-0.01044,0.0066,-0.01569,0.00075,0.00058,0.01118,-0.00425,-0.0008,0.00223,-3e-05,-1e-05,-2e-05
6.42,0.00443,-1e-05,0.00029,-5e-05,-6e-05,0,-0.00144,0.00057,0,0.00017,1e-05,1e-05,-2e-05,-0.00108,7e-05,-3e-05,5e-05,1e-05,0,2e-05,0.02233,-0.0048,-0.00793,-0.00062,-0.01007,0.00024,0.0002,0.01116,-0.0052,-0.00161,0.0011,-1e-05,-1e-05,-2e-05
6.44,0.00441,0.00038,0.00035,-6e-05,-4e-05,0,-0.00158,0.00043,0,0.00014,1e-05,2e-05,-3e-05,-0.00129,3e-05,-3e-05,7e-05,-6e-05,1e-05,0,0.01834,-0.0016,-0.00517,-0.00588,-0.00623,-6e-05,0,0.01056,-0.00557,-0.00224,0.00037,0,-1e-05,-2e-05
6.46,0.00425,0.00075,0.00037,-6e-05,0,0,-0.00172,0.0003,-0,0.00011,1e-05,2e-05,-3e-05,-0.00151,-2e-05,-3e-05,0.0001,-0.0001,2e-05,-2e-05,0.01432,0.00202,-0.00264,-0.01018,-0.00434,-0.00021,-5e-05,0.00968,-0.00545,-0.00266,4e-05,2e-05,-1e-05,-2e-05
6.48,0.00392,0.00107,0.00037,-7e-05,5e-05,0,-0.00186,0.00016,0,7e-05,1e-05,2e-05,-3e-05,-0.00177,-9e-05,-2e-05,0.00013,-0.00013,2e-05,-4e-05,0.0105,0.00572,-0.00049,-0.0136,-0.00367,-0.00027,-1e-05,0.00863,-0.00488,-0.0028,0,3e-05,-1e-05,-2e-05
6.5,0.00348,0.00133,0.00034,-7e-05,0.0001,0,-0.002,4e-05,0,3e-05,1e-05,2e-05,-3e-05,-0.00206,-0.00016,0,0.00016,-0.00012,3e-05,-6e-05,0.00734,0.00899,0.00117,-0.01556,-0.00351,-0.00031,8e-05,0.00754,-0.00409,-0.00262,-6e-05,4e-05,-1e-05,-2e-05
6.52,0.00296,0.00151,0.00029,-7e-05,0.00014,0,-0.00215,-9e-05,1e-05,-0,1e-05,2e-05,-2e-05,-0.00238,-0.0002,2e-05,0.0002,-8e-05,3e-05,-7e-05,0.00511,0.01117,0.00215,-0.01568,-0.00332,-0.00043,0.00016,0.00642,-0.00341,-0.00213,-0.0003,3e-05,-1e-05,-1e-05
6.54,0.0024,0.00161,0.00023,-7e-05,0.00018,0,-0.00232,-0.00023,2e-05,-4e-05,1e-05,2e-05,-2e-05,-0.00274,-0.00022,4e-05,0.00024,-3e-05,3e-05,-6e-05,0.00349,0.01218,0.00249,-0.01531,-0.00248,-0.00051,0.00023,0.00501,-0.00302,-0.00167,-0.00103,1e-05,-1e-05,-0
6.56,0.00182,0.00161,0.00018,-6e-05,0.00021,0,-0.0025,-0.00037,3e-05,-7e-05,1e-05,2e-05,-2e-05,-0.00313,-0.00023,7e-05,0.00028,-1e-05,3e-05,-4e-05,0.00227,0.01227,0.00243,-0.01522,-0.00081,-0.00048,0.00026,0.0032,-0.00294,-0.00144,-0.00262,-1e-05,0,0
6.58,0.00123,0.00152,0.00015,-5e-05,0.00022,0,-0.00269,-0.00052,3e-05,-9e-05,2e-05,1e-05,-2e-05,-0.00355,-0.00022,9e-05,0.00033,1e-05,2e-05,-2e-05,0.00148,0.01163,0.0021,-0.01506,0.00136,-0.0004,0.00025,0.00097,-0.00333,-0.00162,-0.00514,-4e-05,1e-05,0
6.6,0.00064,0.00137,0.00013,-3e-05,0.00023,0,-0.0029,-0.00068,4e-05,-0.00011,2e-05,1e-05,-2e-05,-0.00398,-0.00021,0.0001,0.00038,0,1e-05,-1e-05,0.0009,0.01076,0.00172,-0.01552,0.00357,-0.00026,0.00022,-0.00162,-0.00444,-0.00269,-0.00813,-7e-05,3e-05,-2e-05
6.62,3e-05,0.00117,0.00012,-1e-05,0.00023,0,-0.00311,-0.00081,5e-05,-0.00013,2e-05,1e-05,-2e-05,-0.00437,-0.0002,0.00011,0.00044,-0,-0,-1e-05,0.00036,0.01011,0.00148,-0.01743,0.00517,-0.00011,0.00017,-0.00402,-0.00674,-0.00539,-0.01037,-9e-05,1e-05,-8e-05
6.64,-0.0006,0.00095,0.00011,0,0.00022,0,-0.00333,-0.00093,5e-05,-0.00013,2e-05,0,-2e-05,-0.00472,-0.00019,0.00012,0.00051,2e-05,-1e-05,-0,-0.00015,0.00977,0.00134,-0.02064,0.00606,2e-05,0.0001,-0.00577,-0.01006,-0.00895,-0.01088,-0.0001,-5e-05,-0.0002
6.66,-0.00126,0.00072,0.00011,2e-05,0.0002,-0,-0.00355,-0.00104,5e-05,-0.00013,1e-05,-0,-1e-05,-0.00502,-0.00017,0.00012,0.00056,5e-05,-1e-05,0,-0.0007,0.00974,0.00124,-0.02511,0.00646,0.00013,3e-05,-0.00684,-0.01353,-0.01217,-0.00968,-0.0001,-0.00016,-0.00036
6.68,-0.00193,0.00051,0.0001,3e-05,0.00018,-0,-0.00377,-0.00113,4e-05,-0.00011,0,-1e-05,-1e-05,-0.00524,-0.00015,0.00011,0.0006,8e-05,-1e-05,1e-05,-0.00145,0.01002,0.00117,-0.03122,0.00623,0.00022,-3e-05,-0.00719,-0.01654,-0.01404,-0.00682,-0.0001,-0.00036,-0.00059
6.7,-0.0026,0.00034,9e-05,4e-05,0.00015,-0,-0.00398,-0.00118,4e-05,-8e-05,-1e-05,-1e-05,-1e-05,-0.00539,-0.00012,0.0001,0.00063,9e-05,-1e-05,1e-05,-0.00257,0.01049,0.00104,-0.03893,0.00554,0.00029,-8e-05,-0.00666,-0.01791,-0.01336,-0.00351,-6e-05,-0.00046,-0.0007
6.72,-0.00325,0.00024,7e-05,4e-05,0.00012,-0,-0.00417,-0.0012,3e-05,-3e-05,-2e-05,-2e-05,-1e-05,-0.00544,-0.0001,7e-05,0.00063,8e-05,-1e-05,1e-05,-0.00413,0.01111,0.00083,-0.04784,0.00478,0.00033,-0.00011,-0.00502,-0.01662,-0.01024,-0.00105,5e-05,-0.00014,-0.00042
6.74,-0.00383,0.00022,5e-05,4e-05,9e-05,-0,-0.00433,-0.00119,2e-05,3e-05,-3e-05,-2e-05,-0,-0.00541,-8e-05,5e-05,0.00062,6e-05,-1e-05,1e-05,-0.00618,0.01204,0.00062,-0.05757,0.00389,0.00035,-0.00013,-0.00347,-0.01312,-0.00589,0.00035,0.00018,0.00042,0.00015
6.76,-0.00429,0.00031,2e-05,3e-05,5e-05,-0,-0.00446,-0.00113,1e-05,0.0001,-3e-05,-2e-05,-0,-0.00529,-5e-05,2e-05,0.00058,4e-05,-1e-05,1e-05,-0.00862,0.01341,0.00053,-0.06762,0.00291,0.00035,-0.00013,-0.00292,-0.00863,-0.00187,0.00126,0.00025,0.00092,0.00074
6.78,-0.00455,0.00049,-4e-05,2e-05,2e-05,0,-0.00456,-0.00105,0,0.00019,-3e-05,-2e-05,0,-0.00509,-3e-05,-0,0.00054,3e-05,-1e-05,0,-0.01119,0.01515,0.00064,-0.07757,0.00204,0.00033,-0.00013,-0.00329,-0.00379,0.00122,0.00201,0.00027,0.00137,0.00132
6.8,-0.00461,0.00074,-0.00012,2e-05,-0,0,-0.0046,-0.00094,-0,0.00029,-3e-05,-2e-05,0,-0.00485,-0,-3e-05,0.00047,2e-05,-0,0,-0.01365,0.01698,0.00102,-0.08748,0.00136,0.0003,-0.00011,-0.00112,0.00027,0.00188,-0.00381,0.00061,0.00092,0.0012
6.82,-0.0045,0.00103,-0.00024,1e-05,-2e-05,0,-0.00459,-0.00081,-0,0.00039,-2e-05,-2e-05,0,-0.00463,2e-05,-4e-05,0.00039,1e-05,-0,0,-0.01567,0.01851,0.00163,-0.09757,0.0009,0.00026,-9e-05,0.00188,0.00214,0.00068,-0.00778,0.00053,7e-05,0.00064
6.84,-0.00418,0.00131,-0.00039,1e-05,-4e-05,0,-0.00453,-0.00066,0,0.00048,-2e-05,-2e-05,0,-0.00441,4e-05,-6e-05,0.00031,0,0,0,-0.0165,0.01945,0.00236,-0.10705,0.00064,0.00023,-7e-05,0.00483,0.00276,0,-0.00685,-0.00029,-0.00026,0.00013
6.86,-0.00363,0.00157,-0.00057,1e-05,-4e-05,0,-0.00441,-0.00051,0,0.00055,-2e-05,-1e-05,0,-0.00417,7e-05,-6e-05,0.00022,0,1e-05,0,-0.0155,0.01963,0.00304,-0.1149,0.00053,0.00018,-4e-05,0.00721,0.00291,0.00046,0.00028,-0.00219,0.00065,-2e-05
6.88,-0.00291,0.00176,-0.00075,2e-05,-5e-05,0,-0.00424,-0.00035,1e-05,0.0006,-1e-05,-1e-05,0,-0.00393,0.0001,-6e-05,0.00014,-0,1e-05,0,-0.01259,0.01898,0.00339,-0.12031,0.00047,0.00014,-2e-05,0.00918,0.00262,0.0017,0.0142,-0.0054,0.00345,0.00055
6.9,-0.00215,0.00186,-0.00089,3e-05,-5e-05,0,-0.00402,-0.00022,1e-05,0.00062,-1e-05,-1e-05,0,-0.0037,0.00012,-6e-05,8e-05,-0,1e-05,0,-0.00804,0.01732,0.00337,-0.12171,0.00039,0.00011,-1e-05,0.01148,0.00186,0.00424,0.03422,-0.00994,0.00813,0.00187
6.92,-0.00151,0.00185,-0.00096,4e-05,-4e-05,0,-0.00374,-0.0001,1e-05,0.00061,-1e-05,-1e-05,0,-0.00347,0.00015,-5e-05,2e-05,-0,1e-05,0,-0.00262,0.01462,0.00311,-0.11768,0.00025,8e-05,0,0.0153,0.00102,0.00938,0.05803,-0.01562,0.01203,0.00264
6.94,-0.00101,0.00171,-0.00092,5e-05,-4e-05,0,-0.00344,-0,1e-05,0.00057,-0,-0,0,-0.00323,0.00017,-4e-05,-1e-05,-0,1e-05,0,0.00273,0.01146,0.00258,-0.10799,6e-05,5e-05,0,0.02189,0.00067,0.0141,0.0806,-0.02165,0.0119,0.00164
6.96,-0.00063,0.00144,-0.00077,6e-05,-3e-05,0,-0.00311,8e-05,0,0.0005,0,-0,0,-0.00297,0.00019,-3e-05,-2e-05,-0,1e-05,0,0.00706,0.00838,0.00182,-0.09322,-0.00013,4e-05,0,0.03212,0.00054,0.01548,0.09739,-0.02666,0.00817,-0.00062
6.98,-0.00037,0.00109,-0.00054,8e-05,-3e-05,0,-0.00276,0.00014,-0,0.00041,0,-0,0,-0.00269,0.0002,-2e-05,-2e-05,0,0,0,0.00971,0.00559,0.00109,-0.07447,-0.00029,2e-05,0,0.04535,0.00014,0.01264,0.1052,-0.02985,0.00031,-0.00425
7,-0.00012,0.00071,-0.00027,0.0001,-2e-05,0,-0.00244,0.00018,-0,0.0003,0,-0,0,-0.00241,0.00019,-1e-05,-0,0,0,0,0.01028,0.0033,0.0005,-0.05363,-0.0004,1e-05,-0,0.06005,-0.00117,0.00775,0.10131,-0.03044,-0.00655,-0.00702
7.02,0.00024,0.00037,-3e-05,0.00012,-1e-05,0,-0.00217,0.00021,-0,0.00019,-0,-0,0,-0.00212,0.00018,-1e-05,2e-05,1e-05,-0,0,0.00901,0.00159,0.0001,-0.03284,-0.00042,0,-0,0.07362,-0.00312,0.00504,0.08741,-0.0285,-0.00713,-0.00693
7.04,0.00084,0.00013,0.00017,0.00014,-1e-05,0,-0.00192,0.00022,-0,8e-05,-1e-05,-0,0,-0.00183,0.00015,-0,2e-05,1e-05,-1e-05,-0,0.00662,0.00043,-7e-05,-0.01419,-0.00035,-0,-0,0.0836,-0.00521,0.00354,0.06751,-0.02507,-0.00553,-0.00574
7.06,0.00175,1e-05,0.00028,0.00015,-0,0,-0.00167,0.00023,-0,-2e-05,-1e-05,-1e-05,0,-0.00154,0.00013,-0,2e-05,2e-05,-1e-05,-0,0.00367,-0.00025,-4e-05,0.00038,-0.00023,-0,-0,0.08878,-0.0076,0.00198,0.04538,-0.02107,-0.00445,-0.00462
7.08,0.00298,2e-05,0.00028,0.00016,0,0,-0.00144,0.00023,0,-0.0001,-1e-05,-1e-05,0,-0.00123,0.0001,-0,-1e-05,2e-05,-1e-05,-0,0.00243,-0.00029,5e-05,0.00413,-0.00016,0,-0,0.08804,-0.00987,0.00097,0.0226,-0.0169,-0.0032,-0.00338
7.1,0.00439,0.00015,0.00018,0.00017,1e-05,0,-0.00123,0.00023,0,-0.00016,-1e-05,-1e-05,0,-0.00094,8e-05,-0,-5e-05,3e-05,-1e-05,-0,0.00203,-0.00017,3e-05,0.00359,-0.00011,1e-05,-0,0.08235,-0.01184,0.00043,0.00363,-0.01304,-0.00202,-0.00219
7.12,0.00571,0.00036,-1e-05,0.00017,1e-05,-0,-0.00104,0.00023,0,-0.0002,-1e-05,-1e-05,0,-0.00067,6e-05,-0,-0.0001,4e-05,-1e-05,-0,0.00166,-0.0001,-8e-05,0.0028,-8e-05,2e-05,0,0.07365,-0.01358,0.00017,-0.00856,-0.00974,-0.00107,-0.00117
7.14,0.00679,0.00061,-0.00026,0.00016,1e-05,-0,-0.00088,0.00024,0,-0.00022,-0,-1e-05,-0,-0.00041,5e-05,-0,-0.00017,5e-05,-1e-05,-0,0.00123,-5e-05,-0.00024,0.00194,-5e-05,3e-05,1e-05,0.06217,-0.01475,5e-05,-0.01672,-0.00704,-0.00037,-0.00036
7.16,0.00756,0.00087,-0.00056,0.00014,2e-05,-0,-0.00074,0.00025,-0,-0.00022,1e-05,-1e-05,-0,-0.00016,4e-05,-1e-05,-0.00024,6e-05,-1e-05,-0,0.00063,-2e-05,-0.00043,0.00107,-3e-05,4e-05,1e-05,0.04845,-0.01526,-1e-05,-0.0228,-0.00489,0.0001,0.00023
7.18,0.00796,0.0011,-0.00086,0.00012,2e-05,-0,-0.00062,0.00027,-0,-0.0002,2e-05,-1e-05,-0,6e-05,4e-05,-1e-05,-0.0003,6e-05,-1e-05,-0,4e-05,0,-0.00057,0.00013,-1e-05,6e-05,2e-05,0.03381,-0.01513,-2e-05,-0.02695,-0.00327,0.00038,0.00061
7.2,0.00782,0.00128,-0.00113,9e-05,2e-05,-0,-0.00051,0.00029,-1e-05,-0.00017,4e-05,-1e-05,-0,0.00025,4e-05,-1e-05,-0.00036,7e-05,-1e-05,-0,-0.00014,1e-05,-0.00057,-0.001,1e-05,8e-05,3e-05,0.02124,-0.01464,0,-0.02856,-0.00213,0.00051,0.00084
7.22,0.00706,0.00136,-0.00133,5e-05,2e-05,-0,-0.00041,0.00031,-1e-05,-0.00014,7e-05,-0,-0,0.00042,3e-05,-2e-05,-0.00041,7e-05,-1e-05,-0,0.00036,2e-05,-0.00038,-0.00229,2e-05,0.00011,4e-05,0.0128,-0.01422,3e-05,-0.02767,-0.00139,0.00056,0.00093
7.24,0.00599,0.00137,-0.00144,2e-05,1e-05,-0,-0.00033,0.00034,-1e-05,-0.00011,0.0001,-0,0,0.00055,3e-05,-2e-05,-0.00043,6e-05,-1e-05,-0,0.00117,1e-05,-5e-05,-0.00385,2e-05,0.00015,7e-05,0.00665,-0.01371,4e-05,-0.02623,-0.00095,0.00055,0.00093
7.26,0.00483,0.00133,-0.00144,0,1e-05,-0,-0.00024,0.00036,-1e-05,-9e-05,0.00012,-0,0,0.00065,1e-05,-2e-05,-0.00044,5e-05,-1e-05,-0,0.002,1e-05,0.00031,-0.00593,2e-05,0.0002,9e-05,0.00159,-0.01293,1e-05,-0.02534,-0.00074,0.00049,0.00086
7.28,0.0036,0.00125,-0.00134,-2e-05,1e-05,-0,-0.00016,0.00038,-2e-05,-6e-05,0.00014,-0,0,0.00073,-1e-05,-2e-05,-0.00043,3e-05,-1e-05,-0,0.00282,0,0.00049,-0.00854,2e-05,0.00027,0.00013,-0.00199,-0.01191,-9e-05,-0.0248,-0.00071,0.00041,0.00075
7.3,0.00236,0.00112,-0.00116,-3e-05,0,-0,-8e-05,0.00038,-2e-05,-4e-05,0.00015,-0,0,0.00078,-4e-05,-2e-05,-0.00041,1e-05,-1e-05,-0,0.00325,-3e-05,0.00017,-0.01153,1e-05,0.00033,0.00016,-0.00448,-0.01089,-0.0003,-0.02472,-0.00078,0.00031,0.00061
7.32,0.00115,0.00094,-0.00094,-4e-05,-0,-0,1e-05,0.00038,-1e-05,-1e-05,0.00015,-0,1e-05,0.0008,-6e-05,-2e-05,-0.00038,-1e-05,-1e-05,-0,0.00298,-0.00014,-0.00107,-0.01438,-0,0.00035,0.00017,-0.00635,-0.01002,-0.00072,-0.0251,-0.0009,0.00023,0.00046
7.34,1e-05,0.00074,-0.00071,-4e-05,-0,-0,0.0001,0.00036,-1e-05,1e-05,0.00015,-0,1e-05,0.00082,-9e-05,-1e-05,-0.00034,-2e-05,-0,-0,0.00226,-0.00041,-0.00335,-0.01649,-2e-05,0.00029,0.00015,-0.00785,-0.00908,-0.00135,-0.02575,-0.00102,0.00014,0.0003
7.36,-0.00107,0.00056,-0.00051,-5e-05,-0,-0,0.00019,0.00032,-1e-05,3e-05,0.00016,-0,1e-05,0.00082,-0.00011,-1e-05,-0.00031,-2e-05,-0,-0,0.0013,-0.00083,-0.00626,-0.01754,-4e-05,0.00011,0.00012,-0.00937,-0.00799,-0.00212,-0.02647,-0.00113,6e-05,0.00016
7.38,-0.00207,0.0004,-0.00034,-4e-05,-0,-0,0.00029,0.00028,-0,5e-05,0.00017,-0,1e-05,0.00082,-0.00013,-0,-0.00028,-3e-05,-0,-0,0.00026,-0.00131,-0.00909,-0.01715,-6e-05,-0.00025,6e-05,-0.01129,-0.00688,-0.00302,-0.02707,-0.00118,-1e-05,3e-05
7.4,-0.00299,0.00024,-0.00021,-4e-05,-0,-0,0.00039,0.00022,-0,7e-05,0.00019,-0,0,0.0008,-0.00014,0,-0.00025,-2e-05,-0,-0,-0.00067,-0.00167,-0.0105,-0.01564,-9e-05,-0.00062,0.00012,-0.01401,-0.00597,-0.0041,-0.02744,-0.00116,-6e-05,-8e-05
7.42,-0.00385,0.0001,-0.00012,-4e-05,-0,-0,0.00048,0.00015,0,7e-05,0.00022,-1e-05,0,0.00078,-0.00015,0,-0.00021,-2e-05,-0,-0,-0.00077,-0.00163,-0.00942,-0.01367,-8e-05,-0.00071,0.00049,-0.01789,-0.00549,-0.0054,-0.02752,-0.00105,-9e-05,-0.00017
7.44,-0.00463,-1e-05,-6e-05,-3e-05,-0,-0,0.00056,9e-05,0,7e-05,0.00025,-1e-05,-0,0.00074,-0.00014,1e-05,-0.00018,-2e-05,-0,-0,0.00067,-0.00118,-0.00739,-0.0147,-1e-05,-0.00099,0.00073,-0.02272,-0.00559,-0.00676,-0.02712,-0.00087,-0.00011,-0.00023
7.46,-0.00525,-9e-05,-2e-05,-3e-05,-0,-0,0.00062,4e-05,1e-05,6e-05,0.00025,-1e-05,-0,0.00069,-0.00013,1e-05,-0.00014,-1e-05,-0,-0,0.00294,-0.00053,-0.00541,-0.01763,4e-05,-0.00114,0.0006,-0.02803,-0.00639,-0.00801,-0.02619,-0.00063,-0.0001,-0.00025
7.48,-0.00568,-0.00013,2e-05,-2e-05,-0,-0,0.00067,-1e-05,1e-05,4e-05,0.00024,-1e-05,-0,0.00062,-0.00011,1e-05,-9e-05,-1e-05,-0,-0,0.00564,4e-05,-0.00322,-0.02071,-2e-05,-0.00047,0.00019,-0.03314,-0.00789,-0.00901,-0.02499,-0.00037,-8e-05,-0.00024
7.5,-0.00601,-0.00015,4e-05,-2e-05,-1e-05,-0,0.00069,-4e-05,1e-05,1e-05,0.00021,-1e-05,-0,0.00054,-9e-05,1e-05,-5e-05,0,-0,-0,0.00807,0.00036,-0.00148,-0.02051,-0.00024,0.00153,-0.00039,-0.03707,-0.0101,-0.00964,-0.02392,-0.00012,-5e-05,-0.00021
7.52,-0.00635,-0.00016,5e-05,-1e-05,-1e-05,-0,0.0007,-5e-05,1e-05,-1e-05,0.00016,-1e-05,-0,0.00046,-6e-05,1e-05,1e-05,1e-05,-0,-0,0.00982,0.00111,-0.00026,-0.01361,-0.00076,0.00559,-0.00034,-0.03874,-0.01299,-0.00969,-0.02351,6e-05,-2e-05,-0.00015
7.54,-0.00659,-0.00015,5e-05,-2e-05,-1e-05,-0,0.00068,-6e-05,1e-05,-1e-05,0.00012,-1e-05,-0,0.00039,-4e-05,1e-05,6e-05,2e-05,-0,0,0.01096,0.00264,0.00178,-0.00078,-0.00165,0.01047,0.00048,-0.03714,-0.01606,-0.00908,-0.02409,0.00013,0,-9e-05
7.56,-0.00661,-0.00013,3e-05,-2e-05,-2e-05,-0,0.00065,-6e-05,1e-05,-1e-05,8e-05,-1e-05,-0,0.00032,-1e-05,1e-05,0.00011,4e-05,-0,0,0.01226,0.00453,0.00398,0.01495,-0.00282,0.01406,0.00151,-0.03202,-0.01858,-0.00791,-0.02578,9e-05,0,-3e-05
7.58,-0.00644,-9e-05,-2e-05,-3e-05,-3e-05,-0,0.0006,-5e-05,1e-05,1e-05,5e-05,-0,-0,0.00027,0,1e-05,0.00016,5e-05,-0,0,0.01424,0.00629,0.0053,0.03056,-0.00416,0.01453,0.00217,-0.02407,-0.02,-0.00624,-0.0284,-6e-05,-2e-05,1e-05
7.6,-0.00603,-5e-05,-8e-05,-4e-05,-4e-05,0,0.00054,-5e-05,1e-05,5e-05,3e-05,-0,-0,0.00024,1e-05,1e-05,0.0002,6e-05,-0,0,0.01762,0.00733,0.00509,0.04239,-0.00541,0.01242,0.00234,-0.0144,-0.01991,-0.00474,-0.03114,-0.00028,-5e-05,3e-05
7.62,-0.00537,-1e-05,-0.00015,-5e-05,-5e-05,0,0.00048,-5e-05,0,0.0001,1e-05,-0,-0,0.00024,2e-05,0,0.00023,8e-05,-0,0,0.02284,0.00792,0.00418,0.04794,-0.00628,0.01078,0.00281,-0.0048,-0.01815,-0.00379,-0.03278,-0.00052,-7e-05,3e-05
7.64,-0.00453,2e-05,-0.00021,-7e-05,-7e-05,0,0.00044,-7e-05,0,0.00017,-0,0,-0,0.00028,2e-05,-0,0.00025,8e-05,-0,0,0.02978,0.00789,0.0027,0.0467,-0.0068,0.00911,0.00321,0.003,-0.0147,-0.00292,-0.03245,-0.00074,-7e-05,2e-05
7.66,-0.00359,3e-05,-0.00026,-8e-05,-8e-05,0,0.0004,-0.0001,-0,0.00024,-1e-05,0,0,0.00033,2e-05,-1e-05,0.00025,8e-05,-0,1e-05,0.03798,0.00681,0.00032,0.04023,-0.00703,0.00681,0.00309,0.00805,-0.0101,-0.00202,-0.02963,-0.00086,-6e-05,1e-05
7.68,-0.00261,1e-05,-0.00027,-0.0001,-0.0001,0,0.00038,-0.00016,-1e-05,0.00032,-3e-05,0,0,0.00041,2e-05,-2e-05,0.00022,7e-05,-0,1e-05,0.04611,0.00498,-0.00236,0.02967,-0.00693,0.00473,0.00271,0.01009,-0.00523,-0.00124,-0.02412,-0.00087,-5e-05,-0
7.7,-0.00162,-6e-05,-0.00025,-0.00011,-0.00013,0,0.00038,-0.00022,-1e-05,0.00039,-3e-05,1e-05,0,0.00049,1e-05,-3e-05,0.00018,6e-05,0,1e-05,0.05275,0.00264,-0.00515,0.01864,-0.0066,0.00305,0.00216,0.00939,-0.00091,-0.00059,-0.01647,-0.00079,-3e-05,-0
7.72,-0.00065,-0.00017,-0.0002,-0.00013,-0.00016,0,0.00038,-0.0003,-2e-05,0.00046,-4e-05,1e-05,0,0.00058,1e-05,-4e-05,0.00012,4e-05,0,1e-05,0.05684,0.00012,-0.00771,0.01042,-0.00617,0.0018,0.00154,0.00703,0.00221,-7e-05,-0.00762,-0.00064,-2e-05,-0
7.74,0.00029,-0.00032,-0.00011,-0.00014,-0.00019,0,0.0004,-0.00037,-2e-05,0.0005,-4e-05,2e-05,-0,0.00066,1e-05,-5e-05,5e-05,3e-05,1e-05,1e-05,0.05748,-0.00223,-0.00961,0.00406,-0.00564,0.00096,0.001,0.00419,0.00389,0.00028,0.0012,-0.00045,-1e-05,-0
7.76,0.00123,-0.00046,-0,-0.00015,-0.00022,0,0.00042,-0.00043,-3e-05,0.00052,-3e-05,2e-05,-0,0.00074,1e-05,-6e-05,-3e-05,2e-05,1e-05,2e-05,0.05443,-0.0043,-0.0109,-0.00126,-0.00501,0.00043,0.00055,0.00302,0.00373,0.00031,0.00554,-0.00027,-0,0
7.78,0.00222,-0.00056,0.0001,-0.00017,-0.00024,0,0.00044,-0.00047,-3e-05,0.00052,-3e-05,3e-05,-0,0.0008,2e-05,-6e-05,-0.00011,3e-05,1e-05,2e-05,0.04799,-0.0059,-0.01154,-0.00523,-0.00434,0.00013,0.00023,0.00348,0.0026,0.00013,0.0058,-0.00015,-0,0
7.8,0.00323,-0.00059,0.00018,-0.00018,-0.00025,0,0.00047,-0.00049,-3e-05,0.00049,-1e-05,3e-05,0,0.00084,2e-05,-7e-05,-0.00018,3e-05,1e-05,2e-05,0.03999,-0.00682,-0.01155,-0.00789,-0.00366,-3e-05,1e-05,0.00419,0.00119,-0.00016,0.00554,-8e-05,-0,-0
7.82,0.00404,-0.00051,0.00023,-0.00018,-0.00025,0,0.0005,-0.00046,-3e-05,0.00045,3e-05,3e-05,0,0.00086,3e-05,-7e-05,-0.00024,5e-05,1e-05,2e-05,0.03253,-0.007,-0.0111,-0.00947,-0.00301,-0.0001,-0.00012,0.00544,-0.00038,-0.00059,0.00485,-4e-05,-1e-05,-0
7.84,0.00464,-0.00031,0.00025,-0.00017,-0.00023,0,0.00053,-0.00038,-3e-05,0.00038,7e-05,3e-05,1e-05,0.00085,4e-05,-6e-05,-0.00028,7e-05,1e-05,3e-05,0.02527,-0.00646,-0.01023,-0.01045,-0.00239,-0.00012,-0.00018,0.00672,-0.00198,-0.00118,0.00387,-3e-05,-1e-05,-1e-05
7.86,0.00505,-0,0.00021,-0.00016,-0.00018,0,0.00055,-0.00028,-3e-05,0.00031,9e-05,3e-05,1e-05,0.00081,5e-05,-5e-05,-0.00029,9e-05,0,3e-05,0.01786,-0.00525,-0.00899,-0.01119,-0.00183,-0.00012,-0.0002,0.00759,-0.00356,-0.00193,0.00276,-2e-05,-1e-05,-1e-05
7.88,0.00521,0.00038,0.00012,-0.00015,-0.00012,0,0.00057,-0.00015,-3e-05,0.00022,9e-05,3e-05,2e-05,0.00074,7e-05,-4e-05,-0.00029,0.0001,0,2e-05,0.01093,-0.00345,-0.00752,-0.01178,-0.00131,-0.00011,-0.00019,0.00808,-0.00505,-0.00285,0.00174,-1e-05,-1e-05,-1e-05
7.9,0.0051,0.00078,-2e-05,-0.00013,-4e-05,0,0.00059,-2e-05,-2e-05,0.00013,8e-05,2e-05,2e-05,0.00064,8e-05,-2e-05,-0.00027,0.00011,-0,1e-05,0.00516,-0.00112,-0.00587,-0.01209,-0.00088,-0.0001,-0.00017,0.0082,-0.00629,-0.00376,0.0009,1e-05,-0,-0
7.92,0.00475,0.00114,-0.00021,-0.00011,4e-05,0,0.00062,9e-05,-2e-05,3e-05,5e-05,1e-05,3e-05,0.00053,0.0001,-0,-0.00025,0.00012,-0,0,0.0009,0.00141,-0.00419,-0.01206,-0.00053,-0.00011,-0.00013,0.00799,-0.00711,-0.00435,0.00026,2e-05,-0,-0
7.94,0.0042,0.00142,-0.00041,-8e-05,0.00012,0,0.00067,0.00019,-1e-05,-6e-05,2e-05,1e-05,4e-05,0.00043,0.00011,2e-05,-0.00022,0.0001,-0,-1e-05,-0.0024,0.00377,-0.00269,-0.01199,-0.00026,-0.00011,-0.0001,0.0075,-0.00753,-0.00461,-0.00027,4e-05,-0,-0
7.96,0.00351,0.00159,-0.00061,-6e-05,0.00019,0,0.00072,0.00025,-0,-0.00014,1e-05,1e-05,5e-05,0.00035,0.00011,3e-05,-0.00018,8e-05,-0,-1e-05,-0.00515,0.00577,-0.00146,-0.0121,-9e-05,-0.00012,-7e-05,0.00685,-0.00764,-0.0046,-0.00098,6e-05,-1e-05,-0
7.98,0.00271,0.00166,-0.00079,-4e-05,0.00025,0,0.0008,0.00028,0,-0.00021,-0,0,5e-05,0.00031,0.00011,5e-05,-0.00015,4e-05,-1e-05,-2e-05,-0.00736,0.00728,-0.0005,-0.01233,1e-05,-0.00012,-4e-05,0.00608,-0.00747,-0.00434,-0.0022,6e-05,-1e-05,-0
8,0.00184,0.00161,-0.00093,-2e-05,0.0003,0,0.0009,0.00029,0,-0.00029,-0,0,5e-05,0.00031,9e-05,6e-05,-0.00013,-1e-05,-1e-05,-2e-05,-0.00922,0.00814,0.00021,-0.01268,5e-05,-0.00012,-1e-05,0.00511,-0.00714,-0.00388,-0.00413,6e-05,-1e-05,-0
8.02,0.00095,0.00148,-0.00102,-1e-05,0.00033,0,0.00101,0.00026,1e-05,-0.00036,-0,-0,4e-05,0.00034,6e-05,7e-05,-0.00011,-4e-05,-1e-05,-2e-05,-0.01094,0.00824,0.0007,-0.01315,4e-05,-0.00012,1e-05,0.00382,-0.0069,-0.00338,-0.00666,6e-05,-2e-05,0
8.04,7e-05,0.00128,-0.00106,-0,0.00035,0,0.00115,0.00023,1e-05,-0.00042,-0,-0,3e-05,0.00041,3e-05,8e-05,-9e-05,-6e-05,-1e-05,-2e-05,-0.01269,0.00767,0.00098,-0.01376,-1e-05,-0.00011,2e-05,0.00235,-0.00681,-0.00292,-0.00964,4e-05,-1e-05,1e-05
8.06,-0.00077,0.00103,-0.00105,0,0.00036,0,0.00131,0.00018,1e-05,-0.00049,0,-0,1e-05,0.00052,0,9e-05,-9e-05,-7e-05,-1e-05,-2e-05,-0.01462,0.00658,0.00112,-0.01453,-9e-05,-0.0001,2e-05,0.00087,-0.00674,-0.00253,-0.01288,3e-05,-0,2e-05
8.08,-0.00155,0.00076,-0.001,0,0.00035,0,0.00148,0.00014,1e-05,-0.00056,0,-0,0,0.00066,-3e-05,9e-05,-9e-05,-7e-05,-1e-05,-2e-05,-0.01687,0.00516,0.00114,-0.01547,-0.00018,-8e-05,2e-05,-0.00049,-0.00658,-0.00217,-0.01588,1e-05,1e-05,2e-05
8.1,-0.00227,0.00048,-0.00092,0,0.00034,0,0.00166,9e-05,1e-05,-0.00062,0,-0,-1e-05,0.00083,-6e-05,9e-05,-0.0001,-6e-05,-1e-05,-1e-05,-0.01975,0.00371,0.00107,-0.01668,-0.00026,-5e-05,2e-05,-0.00155,-0.00644,-0.00187,-0.01797,0,3e-05,2e-05
8.12,-0.00292,0.00024,-0.00082,-0,0.00032,0,0.00186,5e-05,0,-0.00067,0,-0,-2e-05,0.00103,-9e-05,9e-05,-0.00012,-6e-05,-1e-05,-1e-05,-0.02352,0.00259,0.00093,-0.01825,-0.00033,-0,0,-0.00197,-0.0064,-0.00159,-0.0183,-0,4e-05,2e-05
8.14,-0.00347,6e-05,-0.00073,-0,0.00029,0,0.00206,1e-05,0,-0.0007,-0,-0,-2e-05,0.00124,-0.00011,0.0001,-0.00014,-6e-05,-0,-1e-05,-0.02808,0.00215,0.00076,-0.02031,-0.00037,5e-05,-2e-05,-0.00179,-0.00612,-0.0013,-0.01687,0,4e-05,1e-05
8.16,-0.00393,-4e-05,-0.00064,-1e-05,0.00027,-0,0.00224,-2e-05,0,-0.00072,-0,-0,-3e-05,0.00147,-0.00013,9e-05,-0.00016,-6e-05,-0,-1e-05,-0.03311,0.00257,0.00058,-0.023,-0.00037,0.00012,-4e-05,-0.00061,-0.00526,-0.001,-0.01608,1e-05,2e-05,0
8.18,-0.00426,-5e-05,-0.00056,-1e-05,0.00024,-0,0.00241,-3e-05,-0,-0.00073,-0,-0,-3e-05,0.0017,-0.00014,9e-05,-0.00019,-6e-05,-0,-1e-05,-0.03817,0.00385,0.00044,-0.02648,-0.00032,0.0002,-6e-05,0.00146,-0.00419,-0.00074,-0.01838,-1e-05,-1e-05,0
8.2,-0.00449,2e-05,-0.0005,-1e-05,0.00021,-0,0.00255,-3e-05,-0,-0.00072,-0,-0,-3e-05,0.00192,-0.00015,8e-05,-0.00022,-5e-05,-0,-1e-05,-0.04304,0.00579,0.00034,-0.03112,-0.0002,0.00029,-6e-05,0.0036,-0.00319,-0.00058,-0.023,-0.0001,-7e-05,1e-05
8.22,-0.00461,0.00018,-0.00045,-1e-05,0.00018,-0,0.00267,-2e-05,-0,-0.0007,-0,0,-3e-05,0.00215,-0.00015,7e-05,-0.00024,-6e-05,0,-1e-05,-0.0474,0.00794,0.00031,-0.0373,-2e-05,0.00037,-6e-05,0.00509,-0.00242,-0.00054,-0.0245,-0.00031,-0.00013,4e-05
8.24,-0.00461,0.00038,-0.00041,-0,0.00015,-0,0.00276,0,-0,-0.00066,-0,0,-3e-05,0.00235,-0.00015,6e-05,-0.00026,-6e-05,1e-05,-1e-05,-0.04979,0.00993,0.00034,-0.04488,0.00022,0.00043,-4e-05,0.00617,-0.0018,-0.00057,-0.02007,-0.00067,-0.00019,7e-05
8.26,-0.00443,0.00062,-0.00037,1e-05,0.00013,-0,0.00282,4e-05,-0,-0.00062,-0,0,-2e-05,0.00253,-0.00014,5e-05,-0.00027,-6e-05,1e-05,-1e-05,-0.04908,0.01151,0.00039,-0.05346,0.00051,0.00047,-1e-05,0.00777,-0.00127,-0.00063,-0.01088,-0.00119,-0.00023,0.00011
8.28,-0.00405,0.00084,-0.00033,3e-05,0.0001,-0,0.00286,9e-05,-0,-0.00057,0,0,-1e-05,0.00268,-0.00013,3e-05,-0.00027,-6e-05,1e-05,-1e-05,-0.04507,0.0125,0.00037,-0.06261,0.00083,0.00047,1e-05,0.01101,-0.00085,-0.00078,0.00254,-0.00184,-0.00025,0.00015
8.3,-0.00355,0.00102,-0.00028,5e-05,8e-05,0,0.00288,0.00015,-0,-0.00051,0,1e-05,-1e-05,0.00281,-0.00012,2e-05,-0.00027,-6e-05,2e-05,-0,-0.03792,0.01261,0.00026,-0.07147,0.00113,0.00044,3e-05,0.01704,-0.0005,-0.00099,0.01815,-0.00258,-0.00024,0.00019
8.32,-0.00302,0.0011,-0.00023,8e-05,7e-05,0,0.00291,0.00021,-0,-0.00045,-0,1e-05,-1e-05,0.00292,-0.0001,2e-05,-0.00025,-4e-05,2e-05,-0,-0.02828,0.01158,0.00011,-0.07874,0.00134,0.00038,3e-05,0.02623,-0.00022,-0.00125,0.03187,-0.00332,-0.0002,0.00022
8.34,-0.0024,0.00106,-0.00016,0.00011,5e-05,0,0.00295,0.00026,-0,-0.00039,0,1e-05,-1e-05,0.00301,-8e-05,1e-05,-0.00022,-3e-05,2e-05,-0,-0.01718,0.00983,-5e-05,-0.08288,0.00142,0.0003,3e-05,0.03853,-4e-05,-0.00151,0.04051,-0.00401,-0.00015,0.00024
8.36,-0.00167,0.0009,-0.0001,0.00014,3e-05,0,0.00302,0.0003,-0,-0.00033,0,1e-05,-0,0.00309,-6e-05,1e-05,-0.00017,-2e-05,1e-05,-0,-0.00619,0.00784,-0.00018,-0.08231,0.00137,0.00021,1e-05,0.0539,4e-05,-0.00171,0.044,-0.00463,-8e-05,0.00026
8.38,-0.00085,0.00066,-4e-05,0.00018,2e-05,0,0.00309,0.00033,-0,-0.00027,0,1e-05,0,0.00315,-3e-05,1e-05,-0.00012,-0,1e-05,0,0.00295,0.00584,-0.00027,-0.07599,0.00119,0.00012,-0,0.0707,1e-05,-0.00182,0.04176,-0.00512,-2e-05,0.00026
8.4,6e-05,0.00039,-0,0.00022,1e-05,0,0.00317,0.00035,-0,-0.00022,1e-05,1e-05,0,0.00319,-1e-05,1e-05,-7e-05,2e-05,0,0,0.00884,0.00408,-0.00025,-0.06448,0.0009,5e-05,-2e-05,0.08672,-0.00012,-0.00182,0.03514,-0.00545,3e-05,0.00026
8.42,0.00108,0.00016,0,0.00026,0,0,0.00323,0.00035,0,-0.00016,1e-05,1e-05,1e-05,0.00321,2e-05,1e-05,-1e-05,6e-05,-0,0,0.01098,0.00261,-0.00017,-0.04933,0.00056,-0,-3e-05,0.09976,-0.00033,-0.00172,0.02671,-0.00561,6e-05,0.00025
8.44,0.00223,2e-05,-3e-05,0.0003,-0,0,0.00327,0.00034,0,-0.0001,1e-05,1e-05,1e-05,0.00318,4e-05,1e-05,4e-05,0.00012,-0,1e-05,0.01009,0.00142,-0.00011,-0.03223,0.00028,-3e-05,-4e-05,0.10783,-0.00058,-0.0015,0.01752,-0.00558,8e-05,0.00024
8.46,0.00357,-3e-05,-0.0001,0.00034,0,-0,0.00326,0.00032,0,-5e-05,1e-05,1e-05,1e-05,0.00312,6e-05,1e-05,8e-05,0.00018,-0,2e-05,0.00728,0.00058,-7e-05,-0.01575,0.0001,-3e-05,-4e-05,0.11002,-0.00088,-0.00118,0.00854,-0.00537,9e-05,0.00023
8.48,0.00516,3e-05,-0.0002,0.00037,0,-0,0.00321,0.0003,0,-0,1e-05,1e-05,1e-05,0.00301,8e-05,1e-05,0.00012,0.00022,-0,2e-05,0.0035,3e-05,-3e-05,-0.00205,1e-05,-2e-05,-3e-05,0.1057,-0.00119,-0.00078,0.0006,-0.005,9e-05,0.00021
8.5,0.00682,0.00018,-0.00033,0.00039,1e-05,-0,0.0031,0.00026,0,4e-05,1e-05,1e-05,1e-05,0.00286,9e-05,0,0.00014,0.00023,-0,2e-05,0.0003,-0.0002,0,0.00588,-3e-05,-0,-2e-05,0.09645,-0.0015,-0.00033,-0.00518,-0.00453,9e-05,0.0002
8.52,0.00821,0.00036,-0.00047,0.00039,1e-05,-0,0.00292,0.00022,1e-05,8e-05,0,1e-05,1e-05,0.00264,0.0001,0,0.00016,0.00021,-0,2e-05,-7e-05,-0.00015,-0,0.00509,-8e-05,2e-05,-1e-05,0.08476,-0.00179,9e-05,-0.00839,-0.00402,0.0001,0.0002
8.54,0.00925,0.00053,-0.00061,0.00037,1e-05,-0,0.00269,0.00018,1e-05,0.00011,-0,1e-05,1e-05,0.00239,0.00011,-0,0.00016,0.00018,-0,2e-05,-0.00053,-0.00012,-4e-05,0.00424,-9e-05,4e-05,1e-05,0.0708,-0.00203,0.00044,-0.01005,-0.00348,0.0001,0.0002
8.56,0.00997,0.00068,-0.00074,0.00034,0,-0,0.00243,0.00013,1e-05,0.00013,-0,1e-05,1e-05,0.00212,0.00012,-1e-05,0.00015,0.00015,-0,2e-05,-0.00121,-9e-05,-0.0001,0.00335,-7e-05,6e-05,2e-05,0.05494,-0.00221,0.00071,-0.01088,-0.00293,0.00012,0.00022
8.58,0.01034,0.00079,-0.00087,0.0003,0,-0,0.00213,7e-05,1e-05,0.00014,-0,1e-05,0,0.00184,0.00013,-1e-05,0.00013,0.00012,-0,2e-05,-0.00196,-6e-05,-0.00015,0.00236,-4e-05,7e-05,3e-05,0.03856,-0.00226,0.00092,-0.01112,-0.0024,0.00013,0.00024
8.6,0.01015,0.00083,-0.00097,0.00025,0,-0,0.00181,2e-05,1e-05,0.00015,-0,1e-05,0,0.00155,0.00014,-2e-05,0.0001,0.0001,-0,1e-05,-0.0023,-4e-05,-0.00013,0.00112,-1e-05,7e-05,3e-05,0.02473,-0.00221,0.0011,-0.01074,-0.00193,0.00014,0.00026
8.62,0.0093,0.00078,-0.00105,0.00019,-0,-0,0.00148,-5e-05,1e-05,0.00016,-0,1e-05,-0,0.00126,0.00015,-2e-05,7e-05,7e-05,-0,1e-05,-0.00179,-3e-05,-5e-05,-0.00032,2e-05,7e-05,3e-05,0.01554,-0.00215,0.00123,-0.00982,-0.00156,0.00015,0.00027
8.64,0.00812,0.00069,-0.00108,0.00014,-0,-0,0.00114,-0.00011,1e-05,0.00016,0,1e-05,-0,0.00098,0.00015,-3e-05,4e-05,3e-05,-0,0,-0.00074,-0,5e-05,-0.00188,4e-05,6e-05,3e-05,0.00896,-0.00202,0.00135,-0.00894,-0.00128,0.00015,0.00028
8.66,0.00684,0.00059,-0.00104,0.0001,-0,-0,0.00082,-0.00018,1e-05,0.00016,0,1e-05,-0,0.0007,0.00015,-3e-05,0,-1e-05,0,-0,0.00054,5e-05,8e-05,-0.00365,5e-05,5e-05,2e-05,0.00364,-0.0018,0.00147,-0.00835,-0.00109,0.00014,0.00029
8.68,0.00544,0.0005,-0.00095,6e-05,-0,-0,0.0005,-0.00025,1e-05,0.00015,0,1e-05,-0,0.00044,0.00013,-4e-05,-3e-05,-5e-05,0,-1e-05,0.00206,9e-05,-2e-05,-0.00565,6e-05,4e-05,2e-05,-9e-05,-0.0015,0.0016,-0.00799,-0.00098,0.00012,0.00028
8.7,0.00399,0.0004,-0.00082,3e-05,-0,-0,0.00018,-0.00033,1e-05,0.00014,0,1e-05,-1e-05,0.00017,0.00011,-5e-05,-6e-05,-0.0001,0,-2e-05,0.00343,0.00013,-0.00029,-0.0078,7e-05,3e-05,1e-05,-0.00253,-0.00128,0.00169,-0.0078,-0.00093,0.00011,0.00027
8.72,0.00251,0.0003,-0.00066,1e-05,0,-0,-0.00015,-0.0004,1e-05,0.00014,0,1e-05,-1e-05,-0.00011,9e-05,-6e-05,-9e-05,-0.00012,1e-05,-2e-05,0.00413,0.00016,-0.00069,-0.00994,6e-05,1e-05,0,-0.00407,-0.00125,0.00172,-0.00772,-0.00094,0.0001,0.00025
8.74,0.00101,0.0002,-0.00049,-0,0,-0,-0.0005,-0.00048,1e-05,0.00014,0,1e-05,-1e-05,-0.00039,5e-05,-8e-05,-0.00011,-0.00012,1e-05,-3e-05,0.00417,0.00015,-0.00115,-0.01191,6e-05,-0,-1e-05,-0.00509,-0.00132,0.00169,-0.00769,-0.00097,9e-05,0.00024
8.76,-0.00049,0.00013,-0.00033,-2e-05,0,0,-0.00088,-0.00055,0,0.00014,0,1e-05,-1e-05,-0.0007,1e-05,-9e-05,-0.00013,-0.0001,2e-05,-3e-05,0.00379,6e-05,-0.00156,-0.01353,7e-05,-1e-05,-1e-05,-0.00598,-0.0014,0.00163,-0.00762,-0.00102,8e-05,0.00022
8.78,-0.00196,7e-05,-0.00021,-3e-05,1e-05,0,-0.00129,-0.00063,0,0.00015,0,1e-05,-1e-05,-0.00104,-3e-05,-0.0001,-0.00013,-7e-05,3e-05,-3e-05,0.00314,-0.00012,-0.00183,-0.01448,7e-05,-2e-05,-1e-05,-0.00706,-0.0015,0.00155,-0.00738,-0.00105,7e-05,0.00021
8.8,-0.00337,1e-05,-0.00012,-3e-05,1e-05,0,-0.00174,-0.0007,-0,0.00017,0,1e-05,-1e-05,-0.00141,-8e-05,-0.00011,-0.00013,-4e-05,4e-05,-3e-05,0.00231,-0.00031,-0.00191,-0.01462,9e-05,-2e-05,-2e-05,-0.00886,-0.00178,0.0014,-0.00693,-0.00106,6e-05,0.0002
8.82,-0.00477,-4e-05,-6e-05,-4e-05,0,0,-0.00222,-0.00075,-0,0.0002,0,1e-05,-1e-05,-0.00181,-0.00013,-0.00012,-0.00013,2e-05,4e-05,-3e-05,0.00145,-0.00042,-0.00181,-0.01391,0.00014,-1e-05,-2e-05,-0.01191,-0.0024,0.00116,-0.0062,-0.00103,6e-05,0.00019
8.84,-0.00607,-9e-05,-2e-05,-4e-05,0,0,-0.00272,-0.00079,-1e-05,0.00022,0,1e-05,-1e-05,-0.00224,-0.00018,-0.00012,-0.00013,7e-05,5e-05,-3e-05,0.00083,-0.0004,-0.00162,-0.01221,0.0002,2e-05,-2e-05,-0.01626,-0.00333,0.00088,-0.00507,-0.00095,6e-05,0.00019
8.86,-0.00715,-0.00012,-0,-5e-05,0,0,-0.00326,-0.00082,-1e-05,0.00026,0,1e-05,-1e-05,-0.0027,-0.00023,-0.00012,-0.00012,9e-05,5e-05,-2e-05,0.00015,-0.0003,-0.00151,-0.01008,0.00021,7e-05,-2e-05,-0.02179,-0.00451,0.00062,-0.00351,-0.00082,5e-05,0.00018
8.88,-0.00797,-0.00014,1e-05,-4e-05,-0,0,-0.00382,-0.00085,-2e-05,0.00028,0,2e-05,-1e-05,-0.00319,-0.00028,-0.00012,-0.0001,0.00011,5e-05,-1e-05,-0.00028,-0.00014,-0.00145,-0.00904,0.00013,0.00014,-2e-05,-0.02824,-0.00588,0.00039,-0.00157,-0.00066,5e-05,0.00017
8.9,-0.00862,-0.00016,2e-05,-3e-05,-1e-05,0,-0.00439,-0.00087,-2e-05,0.00031,0,2e-05,-1e-05,-0.00371,-0.00033,-0.00012,-9e-05,0.00011,5e-05,-1e-05,5e-05,0.00013,-0.00144,-0.00919,2e-05,0.00021,-3e-05,-0.03531,-0.00768,0.00012,0.00058,-0.00046,5e-05,0.00016
8.92,-0.00923,-0.00019,3e-05,-2e-05,-1e-05,0,-0.00489,-0.00085,-2e-05,0.00033,0,1e-05,-1e-05,-0.00423,-0.00036,-0.00011,-6e-05,8e-05,4e-05,-1e-05,0.00144,0.00057,-0.00147,-0.00854,-0.0001,0.00029,-2e-05,-0.0425,-0.01025,-0.00029,0.00265,-0.00026,5e-05,0.00015
8.94,-0.00975,-0.00022,2e-05,-0,-1e-05,0,-0.00534,-0.00081,-3e-05,0.00034,0,1e-05,-1e-05,-0.00473,-0.00039,-9e-05,-3e-05,4e-05,3e-05,-0,0.00394,0.00128,-0.00131,-0.00663,-0.00019,0.00037,-1e-05,-0.04851,-0.0131,-0.00078,0.00426,-8e-05,5e-05,0.00014
8.96,-0.01008,-0.00022,-0,2e-05,-1e-05,0,-0.00571,-0.00076,-3e-05,0.00032,0,1e-05,-1e-05,-0.00519,-0.0004,-8e-05,2e-05,2e-05,2e-05,-0,0.00771,0.0023,-0.00074,-0.0044,-0.00025,0.00045,1e-05,-0.05211,-0.0156,-0.00133,0.00491,5e-05,5e-05,0.00012
8.98,-0.01023,-0.00021,-6e-05,4e-05,-1e-05,0,-0.006,-0.00069,-3e-05,0.00029,0,1e-05,-1e-05,-0.00559,-0.00039,-6e-05,8e-05,1e-05,1e-05,0,0.01282,0.00362,0.00031,-0.00193,-0.00028,0.00053,3e-05,-0.05291,-0.01758,-0.00197,0.0041,0.00011,5e-05,0.0001
9,-0.01019,-0.00019,-0.00015,6e-05,-1e-05,0,-0.0062,-0.00061,-3e-05,0.00024,0,0,-0,-0.00587,-0.00036,-5e-05,0.00014,0,1e-05,0,0.01904,0.00517,0.00186,0.00035,-0.00027,0.00059,6e-05,-0.05042,-0.0191,-0.00271,0.00138,8e-05,5e-05,8e-05
9.02,-0.00993,-0.00018,-0.00027,9e-05,-1e-05,0,-0.00633,-0.00053,-2e-05,0.00019,0,-0,-0,-0.00596,-0.0003,-3e-05,0.00021,0,0,-0,0.02579,0.00673,0.00356,0.00204,-0.00024,0.00064,9e-05,-0.04463,-0.0202,-0.00348,-0.00341,0,4e-05,6e-05
9.04,-0.00942,-0.00017,-0.0004,0.00011,-1e-05,0,-0.00637,-0.00044,-1e-05,0.00016,0,-0,-0,-0.00585,-0.00023,-1e-05,0.00028,1e-05,-0,-0,0.03276,0.00809,0.00494,0.00287,-0.00022,0.00065,0.00012,-0.03632,-0.02057,-0.00422,-0.01008,-0.00011,3e-05,4e-05
9.06,-0.00866,-0.00015,-0.00051,0.00013,-0,-0,-0.0063,-0.00031,-1e-05,0.00014,0,-0,0,-0.00558,-0.00015,1e-05,0.00034,3e-05,-1e-05,-1e-05,0.04007,0.00917,0.00577,0.00293,-0.00023,0.00061,0.00014,-0.02626,-0.01994,-0.00482,-0.01808,-0.00022,2e-05,3e-05
9.08,-0.00767,-0.00012,-0.0006,0.00015,-0,-0,-0.00613,-0.00017,-0,0.00016,0,-0,0,-0.00514,-8e-05,2e-05,0.0004,6e-05,-1e-05,-1e-05,0.0473,0.00984,0.00578,0.00236,-0.00032,0.00052,0.00014,-0.01525,-0.01837,-0.00519,-0.02629,-0.0003,1e-05,1e-05
9.1,-0.0065,-8e-05,-0.00062,0.00016,-0,-0,-0.00584,-2e-05,0,0.00021,0,-0,0,-0.0046,-2e-05,3e-05,0.00044,0.0001,-2e-05,-1e-05,0.05324,0.01007,0.00487,0.00139,-0.0005,0.00039,0.00013,-0.00436,-0.01589,-0.00522,-0.03336,-0.00035,0,1e-05
9.12,-0.00525,-3e-05,-0.00057,0.00016,-0,-0,-0.00545,0.00014,0,0.00028,0,-0,0,-0.00402,4e-05,4e-05,0.00046,0.00017,-2e-05,-2e-05,0.0559,0.00995,0.0032,0.00027,-0.00074,0.00024,0.0001,0.00494,-0.01263,-0.00487,-0.03788,-0.00039,-0,0
9.14,-0.00389,1e-05,-0.00043,0.00015,-0,-0,-0.00495,0.00029,-0,0.00037,0,-0,0,-0.00341,0.0001,4e-05,0.00048,0.00024,-2e-05,-1e-05,0.05473,0.00941,0.00109,-0.00075,-0.00102,0.0001,6e-05,0.0113,-0.00888,-0.00415,-0.0386,-0.00039,-0,-0
9.16,-0.00239,4e-05,-0.00022,0.00012,-0,-0,-0.00437,0.00044,-1e-05,0.00046,0,0,0,-0.00277,0.00015,3e-05,0.00048,0.0003,-2e-05,-1e-05,0.05023,0.00838,-0.00113,-0.00154,-0.00129,-3e-05,-0,0.01404,-0.00508,-0.00318,-0.03504,-0.00035,-0,0
9.18,-0.00074,3e-05,5e-05,0.0001,-0,-0,-0.00372,0.00059,-2e-05,0.00056,0,0,0,-0.00213,0.00019,2e-05,0.00048,0.00034,-2e-05,-1e-05,0.04198,0.00699,-0.00314,-0.00215,-0.00149,-0.00013,-7e-05,0.013,-0.0017,-0.0021,-0.02768,-0.00029,0,1e-05
9.2,0.00111,-4e-05,0.00033,6e-05,-1e-05,-0,-0.00305,0.00072,-4e-05,0.00064,0,0,0,-0.00156,0.00022,1e-05,0.00047,0.00036,-2e-05,-0,0.03194,0.00526,-0.00473,-0.00261,-0.0016,-0.0002,-0.00016,0.00882,0.00094,-0.00113,-0.01774,-0.00021,0,1e-05
9.22,0.00302,-0.00018,0.00059,2e-05,-1e-05,-0,-0.00244,0.00086,-5e-05,0.0007,0,1e-05,0,-0.00111,0.00022,1e-05,0.00046,0.00035,-2e-05,0,0.02273,0.00319,-0.00589,-0.00295,-0.00159,-0.00025,-0.00025,0.00332,0.00254,-0.00034,-0.00676,-0.00015,1e-05,1e-05
9.24,0.00486,-0.00037,0.0008,-1e-05,-1e-05,0,-0.00187,0.00098,-7e-05,0.00073,0,1e-05,0,-0.00072,0.00021,-0,0.00044,0.00033,-2e-05,1e-05,0.01395,0.00102,-0.00647,-0.00329,-0.00145,-0.00028,-0.00034,-0.00186,0.00294,0.00029,0.00347,-8e-05,1e-05,1e-05
9.26,0.00668,-0.00054,0.00093,-5e-05,-1e-05,0,-0.00134,0.00108,-9e-05,0.00073,0,1e-05,0,-0.00037,0.0002,-0,0.00041,0.00028,-1e-05,1e-05,0.00518,-0.00097,-0.00639,-0.00368,-0.00119,-0.00029,-0.00044,-0.00515,0.00211,0.0006,0.00986,-3e-05,1e-05,1e-05
9.28,0.00839,-0.00063,0.00097,-7e-05,1e-05,0,-0.00087,0.00115,-0.00011,0.00069,0,1e-05,0,-8e-05,0.00018,-1e-05,0.00038,0.00023,-1e-05,1e-05,-0.003,-0.00269,-0.00571,-0.00411,-0.00083,-0.00029,-0.00054,-0.00447,0.00032,0.00049,0.00944,-1e-05,0,0
9.3,0.00977,-0.00063,0.00093,-0.0001,3e-05,0,-0.00046,0.00118,-0.00012,0.00063,0,1e-05,0,0.00015,0.00017,-1e-05,0.00035,0.00016,-0,1e-05,-0.00897,-0.0039,-0.00456,-0.00446,-0.00041,-0.00029,-0.00063,-0.00269,-0.00191,0.00016,0.0081,-1e-05,-0,-0
9.32,0.01048,-0.00052,0.0008,-0.00011,6e-05,0,-0.00013,0.00119,-0.00012,0.00053,0,1e-05,1e-05,0.00032,0.00015,-0,0.00031,0.0001,-0,1e-05,-0.01171,-0.00444,-0.00312,-0.00461,5e-05,-0.00029,-0.00072,0.00046,-0.00436,-0.00047,0.00613,-1e-05,0,-1e-05
9.34,0.01048,-0.00028,0.00059,-0.00012,0.0001,0,0.00015,0.00116,-0.00012,0.00041,0,0,1e-05,0.00043,0.00014,-0,0.00027,4e-05,0,1e-05,-0.01276,-0.00436,-0.00151,-0.0046,0.00052,-0.00029,-0.00078,0.00407,-0.00674,-0.00142,0.00409,-0,0,-1e-05
9.36,0.00982,8e-05,0.00029,-0.00012,0.00015,0,0.00037,0.0011,-0.0001,0.00028,0,0,2e-05,0.00049,0.00012,0,0.00022,0,1e-05,0,-0.01316,-0.00367,0.00017,-0.00446,0.00096,-0.00029,-0.00082,0.00733,-0.00878,-0.00265,0.00234,1e-05,1e-05,-1e-05
9.38,0.00853,0.0005,-9e-05,-0.00011,0.0002,0,0.00054,0.001,-8e-05,0.00014,0,0,2e-05,0.00051,0.00011,1e-05,0.00017,-3e-05,1e-05,-0,-0.01276,-0.00237,0.00174,-0.00419,0.00135,-0.00029,-0.00084,0.01016,-0.01017,-0.00406,0.00108,3e-05,1e-05,-0
9.4,0.00688,0.00094,-0.00056,-0.0001,0.00025,0,0.00066,0.00089,-6e-05,-1e-05,0,0,3e-05,0.00049,9e-05,1e-05,0.00012,-4e-05,1e-05,-1e-05,-0.01168,-0.0005,0.00303,-0.00378,0.00166,-0.00029,-0.00082,0.01208,-0.01076,-0.00536,0.00027,4e-05,2e-05,0
9.42,0.00515,0.00135,-0.00111,-9e-05,0.00029,0,0.00074,0.00077,-3e-05,-0.00014,0,0,3e-05,0.00045,6e-05,2e-05,7e-05,-5e-05,0,-1e-05,-0.01028,0.00174,0.0039,-0.00328,0.00185,-0.00029,-0.00078,0.01278,-0.01072,-0.0062,-0.00027,6e-05,1e-05,0
9.44,0.00355,0.00168,-0.00167,-9e-05,0.00032,0,0.0008,0.00064,-1e-05,-0.00026,0,0,3e-05,0.00039,4e-05,2e-05,4e-05,-4e-05,0,-1e-05,-0.00912,0.00411,0.00424,-0.00278,0.00192,-0.0003,-0.00071,0.01252,-0.01028,-0.00661,-0.0008,7e-05,1e-05,0
9.46,0.00223,0.00186,-0.0022,-9e-05,0.00033,0,0.00082,0.00053,2e-05,-0.00037,0,-0,2e-05,0.00031,1e-05,2e-05,3e-05,-4e-05,-0,-1e-05,-0.00861,0.00643,0.00401,-0.00237,0.00187,-0.00029,-0.00061,0.01158,-0.00955,-0.00672,-0.00164,7e-05,1e-05,0
9.48,0.00126,0.00188,-0.00265,-0.0001,0.00034,0,0.00082,0.00042,3e-05,-0.00046,0,-0,2e-05,0.00021,-1e-05,3e-05,3e-05,-3e-05,-0,-1e-05,-0.00887,0.00853,0.00333,-0.00204,0.0017,-0.00028,-0.00051,0.01009,-0.00864,-0.00654,-0.00304,7e-05,1e-05,0
9.5,0.00059,0.00173,-0.00297,-0.00012,0.00033,0,0.0008,0.00033,5e-05,-0.00054,0,-0,1e-05,8e-05,-3e-05,3e-05,5e-05,-3e-05,-0,-1e-05,-0.01003,0.01014,0.00231,-0.00183,0.00146,-0.00026,-0.0004,0.00814,-0.00798,-0.00617,-0.0049,7e-05,0,0
9.52,0.00011,0.00144,-0.00313,-0.00014,0.00033,0,0.00078,0.00026,6e-05,-0.00064,1e-05,-0,0,-6e-05,-5e-05,3e-05,9e-05,-3e-05,-0,-1e-05,-0.01216,0.01102,0.00118,-0.00175,0.00116,-0.00024,-0.00029,0.00589,-0.00798,-0.00575,-0.00678,7e-05,0,0
9.54,-0.00029,0.00101,-0.00314,-0.00016,0.00032,0,0.00075,0.00021,7e-05,-0.00074,1e-05,-0,-1e-05,-0.00023,-8e-05,3e-05,0.00014,-3e-05,-0,-1e-05,-0.01509,0.01112,0.00024,-0.00183,0.00085,-0.0002,-0.00021,0.00386,-0.00806,-0.00512,-0.00844,6e-05,0,0
9.56,-0.00071,0.00047,-0.00298,-0.00017,0.00032,0,0.00074,0.00016,7e-05,-0.00086,1e-05,-0,-1e-05,-0.00042,-0.0001,3e-05,0.00022,-3e-05,-0,-1e-05,-0.01865,0.0105,-0.00039,-0.00208,0.00055,-0.00016,-0.00014,0.00234,-0.00765,-0.00423,-0.00976,5e-05,0,0
9.58,-0.0012,-0.00011,-0.00269,-0.00018,0.00032,0,0.00072,0.00014,8e-05,-0.00098,1e-05,0,-2e-05,-0.00063,-0.00012,3e-05,0.0003,-3e-05,-0,-0,-0.0227,0.00932,-0.00071,-0.00258,0.00029,-0.00012,-8e-05,0.00131,-0.00678,-0.00315,-0.01031,4e-05,0,0
9.6,-0.00175,-0.00066,-0.00233,-0.00017,0.00031,-0,0.00071,0.00013,8e-05,-0.00109,2e-05,0,-3e-05,-0.00084,-0.00013,3e-05,0.00039,-3e-05,-0,-0,-0.02733,0.00788,-0.00079,-0.00344,7e-05,-7e-05,-4e-05,0.00068,-0.00554,-0.00215,-0.01017,4e-05,0,0
9.62,-0.00237,-0.00108,-0.00195,-0.00016,0.00031,-0,0.0007,0.00013,8e-05,-0.00116,2e-05,0,-2e-05,-0.00102,-0.00013,4e-05,0.00048,-2e-05,-0,-0,-0.03268,0.00661,-0.00074,-0.00485,-8e-05,-1e-05,-0,0.00033,-0.00423,-0.00144,-0.00958,3e-05,0,0
9.64,-0.00302,-0.0013,-0.00161,-0.00015,0.0003,-0,0.00067,0.00014,8e-05,-0.0012,3e-05,0,-2e-05,-0.00116,-0.00012,4e-05,0.00055,-2e-05,-0,-0,-0.03842,0.00589,-0.0006,-0.00709,-0.00015,5e-05,2e-05,0.00012,-0.00306,-0.00096,-0.00836,3e-05,0,0
9.66,-0.00365,-0.00128,-0.00133,-0.00013,0.00028,-0,0.00061,0.00016,8e-05,-0.0012,3e-05,0,-1e-05,-0.00125,-0.0001,5e-05,0.0006,-2e-05,-0,-0,-0.04404,0.00599,-0.00042,-0.01054,-0.00014,0.00011,4e-05,-3e-05,-0.00204,-0.00063,-0.00652,3e-05,1e-05,0
9.68,-0.00418,-0.00101,-0.00111,-0.0001,0.00025,-0,0.0005,0.00018,8e-05,-0.00116,4e-05,0,-1e-05,-0.0013,-8e-05,6e-05,0.00061,-2e-05,-0,-0,-0.04899,0.00705,-0.00022,-0.01564,-5e-05,0.00017,6e-05,-7e-05,-0.00126,-0.00048,-0.00591,-1e-05,1e-05,0
9.7,-0.00463,-0.00055,-0.00093,-8e-05,0.00022,0,0.00036,0.00018,8e-05,-0.0011,3e-05,0,-0,-0.00131,-5e-05,7e-05,0.00058,-1e-05,-0,-0,-0.05303,0.00877,-1e-05,-0.02286,0.0001,0.00023,7e-05,0.00039,-0.00086,-0.00048,-0.00656,-4e-05,1e-05,-0
9.72,-0.00505,5e-05,-0.00078,-5e-05,0.00019,0,0.00019,0.00016,7e-05,-0.00101,3e-05,0,-0,-0.00129,-3e-05,7e-05,0.00051,-1e-05,-0,-0,-0.05583,0.01051,0.00018,-0.03249,0.00029,0.00028,9e-05,0.00198,-0.00067,-0.0006,-0.00603,-6e-05,1e-05,-0
9.74,-0.00534,0.00069,-0.00062,-2e-05,0.00014,0,1e-05,0.0001,7e-05,-0.0009,3e-05,0,-0,-0.00125,-1e-05,6e-05,0.00039,-1e-05,0,0,-0.05603,0.01192,0.00028,-0.04419,0.00049,0.00033,0.0001,0.00565,-0.00045,-0.00075,-0.00367,-0.0001,1e-05,-0
9.76,-0.00538,0.00129,-0.00047,2e-05,0.0001,0,-0.00017,-0,6e-05,-0.00078,2e-05,0,-0,-0.00117,1e-05,5e-05,0.00023,-1e-05,0,0,-0.05267,0.01285,0.00031,-0.05685,0.00065,0.00035,0.00011,0.01281,-0.00022,-0.00087,-0.00043,-0.00018,1e-05,-1e-05
9.78,-0.00514,0.00176,-0.0003,6e-05,6e-05,0,-0.00032,-0.00015,5e-05,-0.00065,2e-05,0,-1e-05,-0.00106,2e-05,4e-05,5e-05,-0,0,0,-0.04584,0.01305,0.00025,-0.06855,0.00073,0.00036,0.00011,0.02468,-5e-05,-0.00094,0.00307,-0.00037,1e-05,-1e-05
9.8,-0.00481,0.00203,-0.00014,0.00011,2e-05,0,-0.00045,-0.00034,5e-05,-0.00052,2e-05,0,-1e-05,-0.00094,3e-05,2e-05,-0.00015,-0,0,-0,-0.03608,0.01213,0.00015,-0.0772,0.00069,0.00034,0.0001,0.0412,2e-05,-0.0009,0.00586,-0.00071,0,-1e-05
9.82,-0.00459,0.00204,0,0.00017,-1e-05,0,-0.00052,-0.00053,4e-05,-0.00039,1e-05,1e-05,-1e-05,-0.00082,6e-05,1e-05,-0.00035,0,0,-0,-0.02471,0.00997,4e-05,-0.08103,0.0005,0.0003,9e-05,0.05975,-1e-05,-0.00066,0.00689,-0.00118,-0,-1e-05
9.84,-0.00428,0.00179,0.0001,0.00022,-3e-05,0,-0.00054,-0.00071,3e-05,-0.00028,1e-05,1e-05,-1e-05,-0.00068,9e-05,0,-0.00052,0,0,-0,-0.0135,0.00739,-4e-05,-0.07859,0.00024,0.00024,7e-05,0.07715,-0.00013,-0.00019,0.00576,-0.00175,-1e-05,-1e-05
9.86,-0.0037,0.0013,0.00014,0.00027,-2e-05,0,-0.00051,-0.00087,2e-05,-0.00017,0,0,-0,-0.00054,0.00011,-0,-0.00066,0,0,-0,-0.00406,0.00512,-7e-05,-0.06977,1e-05,0.00018,5e-05,0.09155,-0.00031,0.00054,0.00314,-0.00234,-1e-05,-2e-05
9.88,-0.00291,0.00069,9e-05,0.00032,0,-0,-0.00045,-0.001,2e-05,-8e-05,-1e-05,0,0,-0.00039,0.00013,-0,-0.00077,0,0,-0,0.00247,0.00336,-5e-05,-0.05586,-0.00014,0.00012,3e-05,0.10007,-0.00049,0.0015,-0.00044,-0.00285,-2e-05,-3e-05
9.9,-0.00187,0.0001,-3e-05,0.00035,5e-05,-0,-0.00036,-0.00107,1e-05,-0,-1e-05,0,1e-05,-0.00024,0.00013,1e-05,-0.00084,0,0,-0,0.00558,0.00219,-3e-05,-0.03907,-0.00022,7e-05,2e-05,0.10141,-0.00065,0.00258,-0.00405,-0.00323,-4e-05,-5e-05
9.92,-0.00057,-0.00033,-0.00023,0.00036,0.0001,-0,-0.00029,-0.00104,0,6e-05,-1e-05,0,1e-05,-0.0001,0.00011,1e-05,-0.00087,0,0,-0,0.00559,0.0015,-1e-05,-0.02161,-0.00022,3e-05,1e-05,0.09582,-0.00083,0.00368,-0.00687,-0.00344,-5e-05,-6e-05
9.94,0.00097,-0.00047,-0.00048,0.00037,0.00014,-0,-0.00022,-0.00094,-0,0.00011,-2e-05,0,2e-05,3e-05,6e-05,2e-05,-0.00087,-0,0,-0,0.00343,0.00116,-0,-0.00566,-0.00016,1e-05,0,0.08388,-0.00087,0.00473,-0.00865,-0.00345,-5e-05,-7e-05
9.96,0.00272,-0.00027,-0.00077,0.00036,0.00018,-0,-0.00018,-0.00081,-1e-05,0.00015,-2e-05,-0,2e-05,0.00017,-1e-05,2e-05,-0.00084,-0,0,-0,0.00096,0.00109,-2e-05,0.0038,-0.0001,-0,-0,0.06708,-0.00057,0.00566,-0.00933,-0.00326,-5e-05,-7e-05
9.98,0.00466,0.00025,-0.00108,0.00034,0.0002,-0,-0.00018,-0.00065,-2e-05,0.00018,-2e-05,-0,2e-05,0.0003,-9e-05,3e-05,-0.00078,-1e-05,0,-0,0.00055,0.00109,-4e-05,0.00379,-6e-05,0,-0,0.04675,0.00019,0.00646,-0.00895,-0.00293,-4e-05,-5e-05
10,0.00659,0.00096,-0.00138,0.0003,0.00021,-0,-0.00021,-0.00049,-2e-05,0.00021,-1e-05,-0,2e-05,0.00043,-0.00018,3e-05,-0.00071,-1e-05,1e-05,-0,-0.00016,0.00087,-5e-05,0.00363,-2e-05,1e-05,0,0.02685,0.00147,0.00709,-0.00747,-0.0025,-2e-05,-2e-05
10.02,0.00816,0.0017,-0.00163,0.00024,0.00019,-0,-0.00026,-0.00035,-3e-05,0.00023,-1e-05,-1e-05,1e-05,0.00055,-0.00025,2e-05,-0.00063,-1e-05,1e-05,-0,-0.00062,0.00046,-4e-05,0.00321,1e-05,1e-05,0,0.01091,0.00317,0.00748,-0.00515,-0.00205,-1e-05,2e-05
10.04,0.00927,0.00229,-0.00184,0.00017,0.00017,-0,-0.00034,-0.00021,-3e-05,0.00025,-1e-05,-1e-05,0,0.00067,-0.0003,0,-0.00054,-2e-05,1e-05,0,-0.00087,0.00011,-0,0.00266,4e-05,2e-05,1e-05,-0.00232,0.00516,0.00769,-0.00258,-0.00162,1e-05,7e-05
10.06,0.00998,0.00268,-0.00202,8e-05,0.00014,-0,-0.00044,-5e-05,-4e-05,0.00027,-1e-05,-1e-05,-0,0.00076,-0.00032,-1e-05,-0.00045,-2e-05,1e-05,-0,-0.0011,-6e-05,6e-05,0.00198,7e-05,2e-05,1e-05,-0.01386,0.00738,0.00778,-1e-05,-0.00123,3e-05,0.00012
10.08,0.01027,0.00281,-0.00215,0,0.00011,-0,-0.00054,9e-05,-4e-05,0.00029,-1e-05,-1e-05,-0,0.00083,-0.00033,-3e-05,-0.00036,-2e-05,1e-05,-0,-0.00109,-1e-05,0.00011,0.00104,9e-05,2e-05,1e-05,-0.0232,0.00976,0.0078,0.00244,-0.0009,4e-05,0.00017
10.1,0.01007,0.0027,-0.00222,-8e-05,8e-05,-0,-0.00065,0.00023,-4e-05,0.00031,-1e-05,-1e-05,-0,0.00088,-0.00031,-4e-05,-0.00029,-3e-05,1e-05,-0,-0.00037,0.00026,9e-05,-0.00031,0.00011,2e-05,1e-05,-0.0291,0.01186,0.00762,0.00462,-0.00065,4e-05,0.00021
10.12,0.00938,0.0024,-0.0022,-0.00015,4e-05,-0,-0.00075,0.00036,-5e-05,0.00033,-1e-05,-1e-05,0,0.00089,-0.00028,-5e-05,-0.00022,-2e-05,1e-05,-0,0.00124,0.00083,-0.00012,-0.00195,0.00012,2e-05,1e-05,-0.03116,0.01303,0.00715,0.00635,-0.00047,5e-05,0.00026
10.14,0.00847,0.00202,-0.00209,-0.0002,2e-05,-0,-0.00082,0.00047,-6e-05,0.00036,-1e-05,-1e-05,1e-05,0.00087,-0.00023,-6e-05,-0.00016,-1e-05,1e-05,-0,0.00305,0.00156,-0.00057,-0.00381,0.00012,2e-05,0,-0.03177,0.01342,0.00653,0.00766,-0.00037,5e-05,0.0003
10.16,0.00756,0.00162,-0.0019,-0.00023,0,-0,-0.00088,0.00056,-6e-05,0.00038,-1e-05,-1e-05,2e-05,0.00083,-0.00019,-7e-05,-0.00012,-1e-05,0,0,0.00451,0.00219,-0.0012,-0.00597,0.00012,1e-05,0,-0.0325,0.01338,0.0059,0.00868,-0.00034,4e-05,0.00033
10.18,0.00662,0.00127,-0.00165,-0.00025,-1e-05,-0,-0.00091,0.0006,-6e-05,0.0004,-0,-1e-05,2e-05,0.00076,-0.00014,-7e-05,-8e-05,-0,-0,0,0.00559,0.00261,-0.002,-0.00836,0.00012,1e-05,0,-0.03338,0.01293,0.00528,0.00952,-0.00035,4e-05,0.00034
10.2,0.00568,0.00097,-0.00135,-0.00025,-1e-05,-0,-0.00093,0.00061,-6e-05,0.00043,-0,-1e-05,2e-05,0.00067,-0.00011,-6e-05,-6e-05,0,-0,0,0.00581,0.00275,-0.00276,-0.01077,0.00011,0,-0,-0.0351,0.01193,0.00466,0.01038,-0.0004,3e-05,0.00036
10.22,0.00474,0.00067,-0.00104,-0.00024,-1e-05,-0,-0.00092,0.00057,-6e-05,0.00045,0,-1e-05,2e-05,0.00057,-9e-05,-5e-05,-4e-05,1e-05,-1e-05,0,0.00461,0.00265,-0.00321,-0.01274,0.0001,-0,-0,-0.0383,0.01032,0.00405,0.01153,-0.00045,3e-05,0.00036
10.24,0.00376,0.00043,-0.00074,-0.00023,-1e-05,-0,-0.00089,0.0005,-5e-05,0.00046,1e-05,-1e-05,1e-05,0.00045,-7e-05,-5e-05,-3e-05,2e-05,-1e-05,0,0.00248,0.00233,-0.00327,-0.01399,9e-05,-0,0,-0.04294,0.00854,0.00358,0.01314,-0.0005,2e-05,0.00036
10.26,0.00269,0.00023,-0.00049,-0.0002,-1e-05,-0,-0.00084,0.00041,-4e-05,0.00048,1e-05,-1e-05,1e-05,0.00033,-5e-05,-4e-05,-3e-05,2e-05,-1e-05,-0,0.00028,0.00182,-0.00297,-0.01476,7e-05,-0,0,-0.04899,0.00698,0.00335,0.01534,-0.00052,2e-05,0.00035
10.28,0.0015,3e-05,-0.00028,-0.00017,-0,-0,-0.00077,0.0003,-3e-05,0.00048,1e-05,-1e-05,0,0.00021,-2e-05,-3e-05,-2e-05,-0,-0,-0,-0.0017,0.00126,-0.00235,-0.0146,5e-05,-0,-0,-0.05639,0.00566,0.0033,0.01825,-0.0005,1e-05,0.00033
10.3,0.00019,-0.00016,-0.00013,-0.00014,-0,-0,-0.00069,0.00017,-2e-05,0.00047,1e-05,-1e-05,0,8e-05,0,-3e-05,-2e-05,-2e-05,-0,-0,-0.0029,0.00077,-0.00166,-0.01367,4e-05,-0,-0,-0.06522,0.00449,0.00341,0.02193,-0.00044,1e-05,0.0003
10.32,-0.00126,-0.00032,-5e-05,-0.00011,-0,-0,-0.00059,5e-05,-2e-05,0.00044,1e-05,-1e-05,0,-7e-05,3e-05,-2e-05,-2e-05,-3e-05,0,-0,-0.00303,0.00044,-0.00111,-0.01234,3e-05,-0,-1e-05,-0.07543,0.00337,0.00361,0.02631,-0.00033,1e-05,0.00027
10.34,-0.00282,-0.00045,-0,-8e-05,-0,-0,-0.00049,-5e-05,-1e-05,0.00039,1e-05,-1e-05,-0,-0.00022,7e-05,-1e-05,-1e-05,-1e-05,0,0,-0.00245,0.00026,-0.00068,-0.01052,3e-05,-1e-05,-1e-05,-0.08581,0.00229,0.00385,0.03103,-0.00017,1e-05,0.00024
10.36,-0.00445,-0.00054,1e-05,-5e-05,-0,-0,-0.00039,-0.00013,-0,0.00032,1e-05,-1e-05,-0,-0.00037,0.00011,-0,-1e-05,-0,0,0,-0.0015,0.00015,-0.00034,-0.00828,3e-05,-1e-05,-1e-05,-0.09489,0.00118,0.00411,0.03543,4e-05,1e-05,0.00021
10.38,-0.00602,-0.00059,0,-2e-05,-0,-0,-0.00029,-0.00019,-0,0.00022,1e-05,-1e-05,-0,-0.00051,0.00014,1e-05,-0,1e-05,-0,0,-0.00047,5e-05,-0.00012,-0.00603,3e-05,-1e-05,-1e-05,-0.10147,-5e-05,0.00434,0.0387,0.00028,0,0.00018
10.4,-0.00745,-0.00061,-2e-05,1e-05,0,-0,-0.00022,-0.00022,-0,0.00011,1e-05,-1e-05,-0,-0.00063,0.00017,1e-05,0,0,-0,0,0.00028,-7e-05,-1e-05,-0.00414,3e-05,-1e-05,-2e-05,-0.10409,-0.0019,0.00443,0.03962,0.00052,0,0.00016
10.42,-0.00877,-0.00063,-5e-05,3e-05,1e-05,-0,-0.00017,-0.00023,0,0,1e-05,-1e-05,-0,-0.0007,0.0002,2e-05,-0,0,-1e-05,-0,0.00087,-0.00023,1e-05,-0.00281,3e-05,-1e-05,-2e-05,-0.10141,-0.00487,0.00427,0.03698,0.00074,0,0.00016
10.44,-0.00984,-0.00064,-0.0001,6e-05,1e-05,-0,-0.00016,-0.00023,-0,-9e-05,2e-05,-1e-05,-0,-0.00072,0.00023,2e-05,-2e-05,1e-05,-1e-05,-0,0.00141,-0.00042,-0,-0.00182,2e-05,-1e-05,-2e-05,-0.09247,-0.00845,0.00395,0.03008,0.00091,1e-05,0.00015
10.46,-0.01046,-0.00062,-0.00016,7e-05,2e-05,-0,-0.00017,-0.00021,-0,-0.00017,2e-05,-1e-05,-0,-0.00067,0.00024,2e-05,-5e-05,2e-05,-1e-05,-0,0.00169,-0.00064,-5e-05,-0.00112,2e-05,-1e-05,-2e-05,-0.07736,-0.01178,0.00353,0.01894,0.00099,1e-05,0.00016
10.48,-0.0106,-0.00056,-0.00023,9e-05,2e-05,-0,-0.0002,-0.00018,-1e-05,-0.00022,2e-05,-1e-05,-0,-0.00058,0.00022,1e-05,-9e-05,3e-05,-1e-05,-0,0.00178,-0.00086,-0.00012,-0.00069,1e-05,-1e-05,-1e-05,-0.05767,-0.01403,0.00308,0.00458,0.00097,1e-05,0.00016
10.5,-0.01032,-0.00048,-0.00028,0.0001,3e-05,-0,-0.00023,-0.00015,-1e-05,-0.00024,3e-05,-1e-05,-0,-0.00046,0.00018,1e-05,-0.00013,3e-05,-0,-0,0.0018,-0.00106,-0.00017,-0.00047,1e-05,-1e-05,-1e-05,-0.03563,-0.01541,0.00249,-0.01087,0.00085,1e-05,0.00015
10.52,-0.00973,-0.00038,-0.00031,0.0001,3e-05,-0,-0.00025,-0.00011,-1e-05,-0.00024,2e-05,-1e-05,-0,-0.00034,0.00012,0,-0.00015,2e-05,-0,-0,0.00193,-0.00124,-0.00017,-0.00039,1e-05,-0,-1e-05,-0.01487,-0.01605,0.00176,-0.02444,0.00063,0,0.00013
10.54,-0.00876,-0.00023,-0.0003,0.0001,2e-05,-0,-0.00025,-9e-05,-2e-05,-0.0002,2e-05,-0,0,-0.00021,5e-05,-0,-0.00016,1e-05,-0,-0,0.00218,-0.00132,-0.0001,-0.00038,2e-05,-0,-1e-05,0.001,-0.0144,0.00119,-0.03352,0.00037,0,0.00011
10.56,-0.0073,-8e-05,-0.00025,8e-05,0,-0,-0.00024,-7e-05,-2e-05,-0.00015,2e-05,-0,0,-0.0001,-1e-05,-0,-0.00014,0,0,-0,0.00246,-0.00124,3e-05,-0.0004,2e-05,-0,-0,0.01047,-0.01032,0.00088,-0.03656,0.00015,-0,8e-05
10.58,-0.00537,3e-05,-0.00017,5e-05,-3e-05,-0,-0.0002,-6e-05,-2e-05,-7e-05,2e-05,-0,0,1e-05,-6e-05,-0,-0.0001,-0,0,-0,0.00289,-0.00102,0.00019,-0.00044,2e-05,0,0,0.01349,-0.00504,0.00079,-0.03308,-1e-05,-0,5e-05
10.6,-0.00286,4e-05,-7e-05,0,-6e-05,0,-0.00015,-7e-05,-2e-05,2e-05,2e-05,-0,0,9e-05,-0.0001,-0,-5e-05,-1e-05,1e-05,-0,0.00341,-0.0006,0.00036,-0.00046,3e-05,0,0,0.01096,0.00017,0.00071,-0.02418,-0.00011,-0,3e-05
10.62,0.00017,-8e-05,1e-05,-5e-05,-8e-05,0,-9e-05,-8e-05,-2e-05,0.00011,2e-05,0,0,0.00014,-0.0001,-1e-05,2e-05,-0,1e-05,-0,0.00441,0.00017,0.00056,-0.00042,2e-05,0,-0,0.00491,0.00401,0.00059,-0.01161,-0.00015,-0,1e-05
10.64,0.00346,-0.00029,5e-05,-0.00011,-0.0001,0,-2e-05,-0.00011,-1e-05,0.00021,2e-05,0,1e-05,0.00017,-8e-05,-1e-05,0.0001,0,1e-05,-0,0.00573,0.00118,0.0007,-0.00014,-1e-05,-0,-1e-05,-0.00241,0.00619,0.00054,0.0025,-0.00012,0,0
10.66,0.00694,-0.00055,3e-05,-0.00017,-0.00012,0,4e-05,-0.00015,-0,0.00029,1e-05,1e-05,1e-05,0.00018,-6e-05,-1e-05,0.00018,1e-05,1e-05,-0,0.00609,0.00206,0.00067,0.00042,-5e-05,-1e-05,-2e-05,-0.0064,0.0061,0.00038,0.00985,-8e-05,0,-0
10.68,0.0105,-0.00076,-7e-05,-0.00022,-0.00012,0,0.0001,-0.00018,1e-05,0.00036,-0,1e-05,1e-05,0.00015,-3e-05,-1e-05,0.00026,2e-05,1e-05,-1e-05,0.00472,0.00262,0.00049,0.00137,-9e-05,-3e-05,-5e-05,-0.00692,0.00464,0.00015,0.01046,-6e-05,-0,-0
10.7,0.01375,-0.00087,-0.00023,-0.00027,-0.0001,0,0.00016,-0.00021,2e-05,0.0004,-0,2e-05,1e-05,9e-05,-1e-05,-1e-05,0.00033,4e-05,0,-1e-05,0.00129,0.00268,0.00019,0.0028,-0.0001,-4e-05,-8e-05,-0.00665,0.00288,-8e-05,0.01017,-4e-05,-1e-05,-0
10.72,0.01605,-0.00088,-0.00041,-0.0003,-7e-05,0,0.00022,-0.00021,4e-05,0.00042,2e-05,3e-05,1e-05,1e-05,0,-0,0.00041,8e-05,0,-1e-05,-0.00357,0.00215,-0.00017,0.00464,-6e-05,-7e-05,-0.00012,-0.00478,0.00096,-0.00038,0.00891,-3e-05,-2e-05,-0
10.74,0.01731,-0.00076,-0.00061,-0.00032,-2e-05,0,0.00026,-0.00017,5e-05,0.0004,8e-05,4e-05,1e-05,-9e-05,2e-05,1e-05,0.00048,0.00013,0,0,-0.00957,0.00118,-0.00044,0.00691,5e-05,-9e-05,-0.00017,-0.00205,-0.00102,-0.00091,0.00712,-1e-05,-2e-05,-0
10.76,0.01774,-0.00051,-0.00084,-0.00032,4e-05,0,0.0003,-0.00011,6e-05,0.00036,0.00019,6e-05,1e-05,-0.0002,5e-05,1e-05,0.00055,0.00015,0,1e-05,-0.01661,0.0001,-0.00047,0.00961,0.00025,-0.0001,-0.00022,0.0006,-0.00307,-0.00176,0.00526,1e-05,-2e-05,-0
10.78,0.01732,-0.00019,-0.00107,-0.00032,0.00011,0,0.00033,-3e-05,7e-05,0.00028,0.00031,8e-05,1e-05,-0.00032,8e-05,2e-05,0.00061,0.00015,0,1e-05,-0.02361,-0.00074,-0.00021,0.01262,0.00051,-0.00012,-0.00028,0.00309,-0.00517,-0.00304,0.00366,4e-05,-2e-05,-0
10.8,0.01612,0.00015,-0.00131,-0.0003,0.00019,0,0.00035,7e-05,7e-05,0.00019,0.00046,9e-05,1e-05,-0.00043,0.0001,2e-05,0.00066,0.00011,0,1e-05,-0.02878,-0.00095,0.00032,0.01559,0.0008,-0.00013,-0.00033,0.005,-0.00701,-0.00452,0.00242,7e-05,-1e-05,0
10.82,0.0143,0.00047,-0.00159,-0.00028,0.00026,0,0.00037,0.00016,8e-05,0.0001,0.00067,0.0001,2e-05,-0.00052,0.00011,3e-05,0.00071,5e-05,1e-05,1e-05,-0.03079,-0.00048,0.00101,0.01803,0.00106,-0.00013,-0.00036,0.00625,-0.0081,-0.00571,0.00151,0.0001,0,0
10.84,0.01217,0.00073,-0.00185,-0.00025,0.00031,0,0.00037,0.00025,8e-05,2e-05,0.00084,9e-05,2e-05,-0.0006,0.00011,3e-05,0.00074,1e-05,1e-05,0,-0.0303,0.00034,0.0017,0.01988,0.00121,-0.00013,-0.00037,0.00711,-0.00845,-0.00654,0.00073,0.00013,1e-05,1e-05
10.86,0.00996,0.00091,-0.00206,-0.00022,0.00035,0,0.00038,0.00032,8e-05,-5e-05,0.0009,8e-05,2e-05,-0.00065,0.00011,3e-05,0.00076,-1e-05,1e-05,0,-0.02833,0.00117,0.0022,0.0212,0.00119,-0.00012,-0.00035,0.00775,-0.00828,-0.00713,-0.00016,0.00015,1e-05,1e-05
10.88,0.00776,0.00099,-0.00221,-0.00019,0.00037,0,0.00038,0.00037,8e-05,-0.00011,0.00088,6e-05,1e-05,-0.00068,0.00011,3e-05,0.00076,-2e-05,1e-05,-0,-0.02521,0.00174,0.00243,0.02178,0.00098,-0.00011,-0.00032,0.00823,-0.00762,-0.00737,-0.00144,0.00015,2e-05,1e-05
10.9,0.00565,0.00098,-0.00228,-0.00016,0.00038,0,0.00038,0.00041,8e-05,-0.00015,0.00076,5e-05,1e-05,-0.00069,0.0001,3e-05,0.00076,-2e-05,1e-05,-0,-0.02156,0.00185,0.00233,0.02146,0.00062,-9e-05,-0.00027,0.00836,-0.0069,-0.00722,-0.0032,0.00015,2e-05,1e-05
10.92,0.00369,0.00087,-0.00225,-0.00013,0.00038,0,0.00039,0.00042,7e-05,-0.0002,0.00055,3e-05,1e-05,-0.00068,9e-05,3e-05,0.00074,-2e-05,0,-0,-0.01784,0.0015,0.00193,0.02014,0.00018,-8e-05,-0.00022,0.00774,-0.0067,-0.00675,-0.00522,0.00014,2e-05,1e-05
10.94,0.00191,0.00068,-0.00213,-0.00011,0.00036,0,0.00041,0.00041,7e-05,-0.00025,0.00034,2e-05,1e-05,-0.00064,8e-05,3e-05,0.00071,-2e-05,0,-0,-0.01427,0.00093,0.00138,0.01795,-0.00024,-7e-05,-0.00017,0.00666,-0.00668,-0.00597,-0.00716,0.00012,2e-05,1e-05
10.96,0.00028,0.00042,-0.00192,-8e-05,0.00034,0,0.00044,0.00039,6e-05,-0.0003,0.00018,1e-05,0,-0.00059,6e-05,3e-05,0.00067,-2e-05,-0,-0,-0.01086,0.00037,0.00083,0.01512,-0.00055,-5e-05,-0.00012,0.00546,-0.00646,-0.00493,-0.00908,0.0001,2e-05,1e-05
10.98,-0.00119,0.00012,-0.00167,-6e-05,0.00031,0,0.00048,0.00036,6e-05,-0.00036,7e-05,0,-0,-0.00053,5e-05,3e-05,0.00062,-1e-05,-0,-0,-0.00748,-1e-05,0.00038,0.0118,-0.00068,-3e-05,-9e-05,0.00422,-0.00612,-0.00373,-0.01074,8e-05,2e-05,1e-05
11,-0.00251,-0.00018,-0.00139,-4e-05,0.00027,0,0.00051,0.00031,6e-05,-0.00043,-0,-0,-0,-0.00046,3e-05,3e-05,0.00056,-1e-05,-1e-05,-0,-0.00407,-0.00014,7e-05,0.00826,-0.00062,-0,-6e-05,0.00311,-0.00553,-0.0026,-0.01187,6e-05,1e-05,1e-05
11.02,-0.00372,-0.00043,-0.00113,-2e-05,0.00023,0,0.00055,0.00026,6e-05,-0.00048,-4e-05,-0,-1e-05,-0.00039,2e-05,3e-05,0.00049,-1e-05,-1e-05,-0,-0.00059,-4e-05,-8e-05,0.00477,-0.00036,3e-05,-3e-05,0.0022,-0.00477,-0.00175,-0.01233,5e-05,1e-05,0
11.04,-0.00479,-0.00059,-0.00091,-0,0.00018,0,0.00058,0.0002,6e-05,-0.00052,-4e-05,-0,-1e-05,-0.00033,0,4e-05,0.00042,-1e-05,-1e-05,0,0.00292,0.00019,-0.0001,0.00156,1e-05,6e-05,-1e-05,0.00142,-0.00402,-0.00113,-0.01198,4e-05,1e-05,0
11.06,-0.00565,-0.00063,-0.00074,1e-05,0.00014,-0,0.00058,0.00014,6e-05,-0.00055,-1e-05,0,-1e-05,-0.00028,-1e-05,4e-05,0.00034,-1e-05,-0,0,0.00616,0.0004,-3e-05,-0.00109,0.00043,0.0001,1e-05,0.00084,-0.00334,-0.0007,-0.0108,3e-05,1e-05,0
11.08,-0.00627,-0.00055,-0.00063,3e-05,0.0001,-0,0.00055,8e-05,6e-05,-0.00057,3e-05,1e-05,-2e-05,-0.00023,-2e-05,4e-05,0.00026,-1e-05,-0,0,0.0072,0.00044,6e-05,-0.00187,0.00063,0.0001,2e-05,0.00046,-0.00271,-0.00042,-0.00888,2e-05,0,0
11.1,-0.00669,-0.00035,-0.00057,4e-05,5e-05,-0,0.00048,2e-05,5e-05,-0.00058,9e-05,1e-05,-2e-05,-0.0002,-3e-05,4e-05,0.00017,-1e-05,-0,0,0.00679,0.00033,0.00011,-0.00152,0.00072,9e-05,3e-05,0.00022,-0.00222,-0.00027,-0.00689,2e-05,-0,-0
11.12,-0.00703,-4e-05,-0.00053,6e-05,2e-05,-0,0.00039,-2e-05,5e-05,-0.00058,0.00019,1e-05,-2e-05,-0.00018,-3e-05,3e-05,8e-05,-1e-05,-0,0,0.0064,9e-05,0.0001,-0.00099,0.00092,0.00011,4e-05,6e-05,-0.00196,-0.00022,-0.00532,2e-05,-0,-0
11.14,-0.0072,0.00034,-0.00053,7e-05,-1e-05,-0,0.00028,-6e-05,4e-05,-0.00056,0.00028,1e-05,-1e-05,-0.00018,-4e-05,3e-05,-2e-05,-1e-05,-0,0,0.00584,-0.00038,-0,-0.00046,0.00103,0.00013,4e-05,-0,-0.00173,-0.00021,-0.00391,2e-05,-1e-05,-0
11.16,-0.00707,0.00076,-0.00053,9e-05,-4e-05,-0,0.00014,-8e-05,3e-05,-0.00054,0.00032,0,-1e-05,-0.00019,-3e-05,2e-05,-0.00011,-1e-05,-0,0,0.00502,-0.00109,-0.00017,-8e-05,0.00089,0.00013,4e-05,-2e-05,-0.00147,-0.00022,-0.0026,2e-05,-1e-05,-1e-05
11.18,-0.00665,0.00116,-0.00053,0.0001,-6e-05,0,0,-9e-05,3e-05,-0.00052,0.00033,-0,-0,-0.00021,-3e-05,2e-05,-0.0002,-1e-05,-0,0,0.00414,-0.002,-0.00036,4e-05,0.0005,0.00011,4e-05,-0.0001,-0.00121,-0.00024,-0.00159,2e-05,-1e-05,-1e-05
11.2,-0.00613,0.0015,-0.00051,0.00012,-7e-05,0,-0.00013,-9e-05,2e-05,-0.0005,0.00029,-1e-05,-0,-0.00023,-2e-05,1e-05,-0.00028,-1e-05,0,0,0.00321,-0.00276,-0.00053,-0.00026,-0.00024,5e-05,3e-05,-0.00019,-0.001,-0.00024,-0.00089,2e-05,-1e-05,-1e-05
11.22,-0.00574,0.00171,-0.00046,0.00014,-8e-05,0,-0.00023,-0.0001,2e-05,-0.00047,0.00021,-1e-05,-0,-0.00025,-1e-05,1e-05,-0.00033,-1e-05,0,0,0.00218,-0.00263,-0.00061,-0.00074,-0.00091,-3e-05,2e-05,0.00016,-0.00085,-0.00023,-0.00048,2e-05,-1e-05,-1e-05
11.24,-0.00534,0.00171,-0.00038,0.00017,-7e-05,0,-0.00029,-0.0001,1e-05,-0.00045,0.00013,-1e-05,-0,-0.00026,1e-05,0,-0.00036,-0,0,0,0.00094,-0.00154,-0.00059,-0.00117,-0.00119,-0.0001,1e-05,0.00095,-0.00072,-0.00019,-0.00028,2e-05,-1e-05,-0
11.26,-0.00478,0.0015,-0.00026,0.00019,-6e-05,0,-0.00032,-0.00011,1e-05,-0.00043,8e-05,-1e-05,-0,-0.00027,3e-05,0,-0.00037,-0,0,0,-0.0006,8e-05,-0.00051,-0.00164,-0.00127,-0.00016,-1e-05,0.00185,-0.00058,-0.00012,-0.00024,3e-05,-1e-05,-0
11.28,-0.00411,0.00112,-0.00014,0.00021,-5e-05,0,-0.00031,-0.00013,1e-05,-0.00042,4e-05,-1e-05,0,-0.00028,6e-05,0,-0.00037,-0,0,0,-0.00255,0.00204,-0.00039,-0.00227,-0.00118,-0.00021,-3e-05,0.00292,-0.00044,-4e-05,-0.00029,3e-05,-1e-05,-0
11.3,-0.00329,0.00066,-3e-05,0.00023,-2e-05,0,-0.00028,-0.00015,1e-05,-0.00041,1e-05,-0,0,-0.00027,9e-05,0,-0.00036,0,-0,-0,-0.00462,0.00361,-0.00022,-0.00215,-0.00103,-0.00025,-6e-05,0.00411,-0.00028,1e-05,-0.00041,3e-05,-0,-0
11.32,-0.00225,0.00025,2e-05,0.00024,-0,-0,-0.00024,-0.00017,1e-05,-0.0004,0,0,0,-0.00024,0.00013,0,-0.00036,2e-05,-0,-1e-05,-0.00575,0.00399,3e-05,0.00019,-0.00091,-0.00024,-7e-05,0.00532,-0.0001,1e-05,-0.00055,4e-05,-0,-0
11.34,-0.00092,-3e-05,-1e-05,0.00025,2e-05,-0,-0.00019,-0.00019,1e-05,-0.00039,-0,0,0,-0.00021,0.00016,-0,-0.00037,6e-05,0,-1e-05,-0.00616,0.00336,0.00014,0.00339,-0.00077,-0.00019,-7e-05,0.00645,4e-05,-6e-05,-0.0007,4e-05,-0,0
11.36,0.00075,-0.00014,-0.00013,0.00025,4e-05,-0,-0.00015,-0.0002,1e-05,-0.00038,0,1e-05,0,-0.00016,0.00018,-0,-0.00042,8e-05,0,-0,-0.00646,0.00229,8e-05,0.00561,-0.00059,-0.00013,-5e-05,0.00739,8e-05,-0.00022,-0.00083,4e-05,-0,0
11.38,0.00279,-7e-05,-0.00033,0.00025,6e-05,-0,-0.00012,-0.00021,0,-0.00037,1e-05,1e-05,0,-0.0001,0.00018,-0,-0.00049,0.0001,0,-0,-0.00678,0.00113,-0,0.00734,-0.0004,-7e-05,-3e-05,0.00817,-3e-05,-0.00047,-0.00094,4e-05,-0,0
11.4,0.00504,0.00016,-0.00059,0.00024,8e-05,-0,-0.0001,-0.0002,-1e-05,-0.00035,2e-05,1e-05,0,-3e-05,0.00015,0,-0.00058,0.00011,0,-0,-0.00719,0.00025,1e-05,0.0079,-0.00026,-3e-05,-1e-05,0.00871,-0.00033,-0.00077,-0.00104,3e-05,-0,0
11.42,0.0071,0.00045,-0.00085,0.00023,9e-05,-0,-0.00012,-0.00017,-1e-05,-0.00031,3e-05,2e-05,0,6e-05,0.0001,1e-05,-0.00068,9e-05,0,-0,-0.00752,-0.00022,9e-05,0.00708,-0.00019,-2e-05,-0,0.00892,-0.00074,-0.00104,-0.00109,3e-05,0,0
11.44,0.00875,0.00074,-0.0011,0.00021,9e-05,-0,-0.00018,-0.00012,-2e-05,-0.00026,3e-05,1e-05,-0,0.00016,4e-05,1e-05,-0.00079,7e-05,0,-0,-0.00786,-0.0004,0.00016,0.00608,-0.00013,-1e-05,-0,0.00888,-0.00117,-0.00124,-0.00111,2e-05,0,0
11.46,0.0099,0.00098,-0.00132,0.00019,9e-05,-0,-0.00028,-6e-05,-3e-05,-0.0002,3e-05,1e-05,-0,0.00028,-1e-05,2e-05,-0.0009,6e-05,0,-0,-0.00835,-0.00037,0.00015,0.00531,-6e-05,-1e-05,-0,0.00874,-0.00157,-0.00136,-0.00112,1e-05,0,0
11.48,0.0105,0.00114,-0.0015,0.00017,9e-05,-0,-0.00041,0,-4e-05,-0.00012,3e-05,1e-05,-0,0.00041,-6e-05,2e-05,-0.001,5e-05,0,-0,-0.009,-0.00024,8e-05,0.00463,-0,0,0,0.00855,-0.00185,-0.00138,-0.00111,1e-05,0,0
11.5,0.01041,0.00119,-0.00163,0.00015,8e-05,-0,-0.00056,7e-05,-4e-05,-5e-05,2e-05,0,-0,0.00054,-9e-05,2e-05,-0.00108,5e-05,-0,-0,-0.00925,-8e-05,4e-05,0.0037,4e-05,1e-05,0,0.00827,-0.00191,-0.00124,-0.0011,0,0,0
11.52,0.00964,0.00116,-0.00167,0.00014,7e-05,-0,-0.00069,0.00012,-5e-05,3e-05,1e-05,-0,-0,0.00067,-0.00011,1e-05,-0.00113,5e-05,-0,-0,-0.00859,0.0001,0.0001,0.0024,8e-05,2e-05,1e-05,0.00782,-0.00168,-0.00094,-0.00108,-0,0,0
11.54,0.00848,0.00106,-0.00162,0.00013,6e-05,-0,-0.00078,0.00016,-5e-05,9e-05,0,-0,-0,0.0008,-0.00012,-0,-0.00116,6e-05,0,0,-0.00744,0.00028,0.00017,0.00092,0.00011,2e-05,1e-05,0.00736,-0.00122,-0.00056,-0.00108,-1e-05,-0,0
11.56,0.00712,0.00092,-0.00148,0.00014,5e-05,-0,-0.00083,0.00017,-5e-05,0.00015,-0,-1e-05,-0,0.00091,-0.00012,-1e-05,-0.00116,6e-05,0,0,-0.00618,0.00041,0.00015,-0.00076,0.00013,2e-05,1e-05,0.00701,-0.00061,-0.00018,-0.00111,-1e-05,-0,0
11.58,0.00559,0.00075,-0.00126,0.00016,3e-05,-0,-0.00085,0.00015,-5e-05,0.00019,-0,-1e-05,-0,0.00099,-0.00011,-2e-05,-0.00113,6e-05,0,0,-0.00478,0.00044,-4e-05,-0.00267,0.00014,2e-05,1e-05,0.00673,7e-05,0.00015,-0.00117,-0,-1e-05,-0
11.6,0.00392,0.00053,-0.00101,0.00018,3e-05,-0,-0.00084,0.0001,-5e-05,0.00022,0,-0,-0,0.00104,-0.0001,-3e-05,-0.00109,4e-05,1e-05,0,-0.00334,0.00034,-0.00043,-0.00471,0.00014,1e-05,0,0.00654,0.00074,0.0004,-0.00127,1e-05,-0,-0
11.62,0.00215,0.00027,-0.00075,0.0002,2e-05,-0,-0.0008,2e-05,-4e-05,0.00024,-0,-0,-0,0.00106,-9e-05,-3e-05,-0.00105,3e-05,1e-05,0,-0.00233,0.0001,-0.00093,-0.00661,0.00014,1e-05,0,0.00654,0.00138,0.00062,-0.00143,2e-05,0,0
11.64,0.00034,1e-05,-0.00052,0.00023,1e-05,-0,-0.00076,-6e-05,-3e-05,0.00024,-0,-0,-0,0.00104,-8e-05,-3e-05,-0.001,-0,2e-05,0,-0.0021,-0.00028,-0.00138,-0.00828,0.00013,0,-0,0.00674,0.00188,0.00084,-0.00162,4e-05,1e-05,0
11.66,-0.00148,-0.00027,-0.00032,0.00026,1e-05,-0,-0.0007,-0.00015,-2e-05,0.00024,-0,-0,-0,0.00097,-6e-05,-3e-05,-0.00094,-4e-05,3e-05,-0,-0.00252,-0.00075,-0.00166,-0.00967,0.00012,-0,-0,0.00712,0.00214,0.00113,-0.00187,6e-05,3e-05,1e-05
11.68,-0.00326,-0.00058,-0.00017,0.00028,1e-05,-0,-0.00065,-0.00022,-1e-05,0.00022,-0,-0,-0,0.00087,-4e-05,-3e-05,-0.00088,-8e-05,4e-05,-1e-05,-0.00334,-0.0012,-0.00171,-0.01059,0.00011,-1e-05,-1e-05,0.00769,0.00212,0.00148,-0.00218,9e-05,6e-05,1e-05
11.7,-0.00498,-0.00089,-7e-05,0.0003,1e-05,-0,-0.0006,-0.00029,-0,0.0002,0,0,-0,0.00071,-2e-05,-2e-05,-0.00082,-0.0001,6e-05,-1e-05,-0.00439,-0.0015,-0.00151,-0.01103,9e-05,-1e-05,-1e-05,0.00843,0.00179,0.00184,-0.00251,0.00012,0.0001,1e-05
11.72,-0.00662,-0.00117,-2e-05,0.00031,1e-05,-0,-0.00056,-0.00034,1e-05,0.00017,0,0,-0,0.00051,1e-05,-2e-05,-0.00074,-6e-05,7e-05,-1e-05,-0.00537,-0.0015,-0.00113,-0.01101,8e-05,-1e-05,-1e-05,0.0093,0.0011,0.00203,-0.00283,0.00016,0.00013,-0
11.74,-0.00811,-0.00139,0,0.00032,2e-05,-0,-0.00052,-0.00036,1e-05,0.00013,0,0,-0,0.00028,5e-05,-2e-05,-0.00066,0,8e-05,-0,-0.00578,-0.00125,-0.0007,-0.0104,7e-05,-1e-05,-1e-05,0.01013,1e-05,0.00182,-0.00306,0.0002,0.00016,-3e-05
11.76,-0.00937,-0.00155,1e-05,0.00031,2e-05,-0,-0.00049,-0.00037,1e-05,0.0001,0,0,-0,4e-05,9e-05,-1e-05,-0.00057,4e-05,7e-05,0,-0.00539,-0.00086,-0.00032,-0.00922,6e-05,-1e-05,-1e-05,0.01073,-0.00152,0.00097,-0.00318,0.00023,0.00018,-7e-05
11.78,-0.01041,-0.00163,1e-05,0.00029,2e-05,0,-0.00047,-0.00036,0,6e-05,0,0,-0,-0.00022,0.00012,-1e-05,-0.00046,7e-05,6e-05,0,-0.00425,-0.0004,-5e-05,-0.00759,5e-05,-1e-05,-1e-05,0.01095,-0.00351,-0.0007,-0.00322,0.00024,0.0001,-0.00018
11.8,-0.01123,-0.00163,3e-05,0.00025,2e-05,0,-0.00044,-0.00034,-0,2e-05,0,0,-0,-0.00048,0.00016,-0,-0.00035,6e-05,4e-05,0,-0.00289,-8e-05,8e-05,-0.00595,5e-05,-0,-1e-05,0.01115,-0.00563,-0.0027,-0.00299,0.00024,0.00012,-0.00019
11.82,-0.0119,-0.00156,5e-05,0.00021,2e-05,0,-0.00039,-0.00031,-1e-05,-3e-05,0,0,-0,-0.00071,0.00018,-0,-0.00023,2e-05,3e-05,0,-0.00165,3e-05,0.00013,-0.00463,4e-05,-0,-0,0.01274,-0.00688,-0.00366,-0.00223,0.0002,0.00054,0.0002
11.84,-0.01236,-0.00144,7e-05,0.00016,2e-05,0,-0.00034,-0.00027,-1e-05,-8e-05,0,-0,0,-0.00088,0.00018,0,-0.0001,-0,2e-05,0,-0.0004,2e-05,0.00014,-0.00353,3e-05,-0,-0,0.01467,-0.00635,-0.00346,-0.00147,0.00011,0.00106,0.0007
11.86,-0.01252,-0.00127,0.0001,9e-05,2e-05,-0,-0.00027,-0.00022,-2e-05,-0.00012,0,-1e-05,0,-0.001,0.00015,0,4e-05,-1e-05,1e-05,0,0.00081,-6e-05,0.0001,-0.00265,2e-05,-0,-0,0.0148,-0.00394,-0.00269,-0.00099,-6e-05,0.00129,0.00099
11.88,-0.01232,-0.00107,0.00012,3e-05,1e-05,0,-0.00019,-0.00017,-2e-05,-0.00016,0,-1e-05,0,-0.00106,0.00011,0,0.00018,-2e-05,0,-0,0.00181,-0.00025,4e-05,-0.00206,2e-05,-0,-0,0.01262,0.00044,-0.00113,-0.00053,-0.00029,0.00115,0.00098
11.9,-0.01163,-0.00086,0.00013,-2e-05,1e-05,0,-0.00011,-0.00012,-2e-05,-0.00019,0,-1e-05,1e-05,-0.00105,4e-05,0,0.00031,-2e-05,-0,-0,0.00266,-0.00049,1e-05,-0.00178,1e-05,-0,-0,0.00862,0.00506,9e-05,-0.00031,-0.00055,0.00021,0.00037
11.92,-0.01032,-0.00065,0.00012,-7e-05,0,0,-4e-05,-6e-05,-1e-05,-0.00018,0,-1e-05,1e-05,-0.00097,-2e-05,0,0.00043,-2e-05,-1e-05,0,0.0035,-0.00062,1e-05,-0.00178,0,-0,-0,0.00523,0.00832,0,-0.00045,-0.00068,-0.00119,-0.00063
11.94,-0.00846,-0.00043,0.0001,-0.00011,-0,0,1e-05,-0,-1e-05,-0.00015,0,-1e-05,1e-05,-0.00083,-7e-05,1e-05,0.00053,-1e-05,-1e-05,1e-05,0.00436,-0.00058,5e-05,-0.00197,-1e-05,0,0,0.00305,0.01056,0,-0.00046,-0.00066,-0.00228,-0.00159
11.96,-0.0062,-0.00023,7e-05,-0.00013,-0,0,6e-05,6e-05,-0,-8e-05,0,-1e-05,1e-05,-0.00065,-0.0001,1e-05,0.00061,-0,-1e-05,1e-05,0.00514,-0.00046,0.00012,-0.00229,-2e-05,0,0,0.00164,0.01204,0.0001,-0.0002,-0.0006,-0.00306,-0.00241
11.98,-0.00373,-7e-05,3e-05,-0.00014,-0,0,0.0001,0.00011,0,1e-05,0,-1e-05,-0,-0.00043,-0.00011,1e-05,0.00064,0,-0,1e-05,0.00579,-0.00021,0.00021,-0.00268,-2e-05,1e-05,0,0.00073,0.01264,-0.00043,0.00024,-0.00053,-0.00373,-0.00315
12,-0.00129,2e-05,-1e-05,-0.00014,-0,0,0.00013,0.00015,0,0.00012,0,-1e-05,-1e-05,-0.00019,-0.00012,1e-05,0.00065,-0,-0,1e-05,0.00648,0.00017,0.00035,-0.00305,-3e-05,1e-05,0,-0.00016,0.01163,-0.00091,0.00077,-0.00038,-0.00333,-0.00319
12.02,0.00093,3e-05,-5e-05,-0.00013,-1e-05,0,0.00018,0.00018,0,0.00023,0,-0,-1e-05,6e-05,-0.00012,1e-05,0.00061,0,-0,0,0.00742,0.00066,0.00055,-0.00328,-3e-05,1e-05,0,-0.00197,0.00806,8e-05,0.00059,-9e-05,-0.00078,-0.0016
12.04,0.00288,-5e-05,-6e-05,-0.00011,-1e-05,0,0.00024,0.00018,0,0.00033,0,0,-1e-05,0.0003,-0.00012,0,0.00054,1e-05,-0,0,0.00831,0.00131,0.0008,-0.00333,-4e-05,1e-05,0,-0.00465,0.00404,0.00031,-0.0004,0.00018,0.00178,0.00041
12.06,0.00456,-0.00022,-6e-05,-9e-05,-1e-05,0,0.00033,0.00016,-0,0.0004,0,0,-0,0.00053,-0.00012,-0,0.00042,1e-05,-0,0,0.00891,0.00211,0.00109,-0.00327,-4e-05,1e-05,0,-0.00757,0.00171,-0.00039,-0.0013,0.00037,0.00333,0.00178
12.08,0.00607,-0.00042,-4e-05,-7e-05,-2e-05,0,0.00042,0.00012,-1e-05,0.00044,1e-05,1e-05,0,0.00074,-0.00011,-0,0.00027,1e-05,-0,0,0.00941,0.00302,0.0014,-0.00312,-3e-05,1e-05,0,-0.01028,0.00076,-0.0012,-0.00244,0.0005,0.00465,0.00271
12.1,0.00737,-0.00062,-1e-05,-4e-05,-4e-05,0,0.00053,6e-05,-2e-05,0.00043,1e-05,1e-05,0,0.00093,-0.0001,-1e-05,0.0001,0,-0,0,0.00975,0.00395,0.00169,-0.00291,-2e-05,0,0,-0.01175,0.00123,-0.00152,-0.0032,0.00032,0.0041,0.00237
12.12,0.0083,-0.00079,1e-05,-1e-05,-5e-05,0,0.00064,-1e-05,-3e-05,0.00038,1e-05,2e-05,0,0.0011,-8e-05,-1e-05,-9e-05,-0,0,-0,0.00977,0.00483,0.00197,-0.00268,1e-05,-0,-0,-0.01202,0.00194,-0.0014,-0.0009,1e-05,0.00102,0.00084
12.14,0.00897,-0.00087,3e-05,2e-05,-6e-05,0,0.00075,-6e-05,-3e-05,0.00028,2e-05,3e-05,-0,0.00125,-6e-05,-2e-05,-0.00029,0,0,-0,0.00982,0.00549,0.00219,-0.00248,6e-05,-1e-05,-0,-0.01158,0.0009,-0.00122,0.00383,-8e-05,-0.00047,-0.00012
12.16,0.00955,-0.0008,4e-05,6e-05,-7e-05,0,0.00085,-0.0001,-4e-05,0.00015,3e-05,3e-05,-0,0.00135,-3e-05,-2e-05,-0.00047,0,1e-05,-0,0.01019,0.00582,0.00234,-0.00235,0.00013,-1e-05,-0,-0.01083,-0.00192,-0.00069,0.00799,-3e-05,-0.00067,-0.0004
12.18,0.00998,-0.00062,2e-05,0.00011,-7e-05,0,0.00092,-0.00011,-4e-05,-1e-05,3e-05,4e-05,0,0.0014,-0,-2e-05,-0.00064,0,1e-05,-1e-05,0.01082,0.00582,0.00245,-0.00229,0.00023,-1e-05,-0,-0.01005,-0.00544,-0.00016,0.01197,0.00011,-0.00024,-0.00025
12.2,0.0103,-0.00039,-2e-05,0.00015,-6e-05,0,0.00097,-0.0001,-4e-05,-0.00017,4e-05,4e-05,0,0.0014,2e-05,-2e-05,-0.00076,0,1e-05,-1e-05,0.01171,0.00542,0.00252,-0.00229,0.00036,-1e-05,0,-0.00945,-0.0085,-0.00015,0.01368,0.00024,0.00023,0
12.22,0.01054,-0.00016,-8e-05,0.00018,-4e-05,0,0.00101,-7e-05,-4e-05,-0.00031,5e-05,4e-05,0,0.00134,6e-05,-2e-05,-0.00083,2e-05,1e-05,-1e-05,0.01272,0.00465,0.00253,-0.0023,0.00052,-0,0,-0.00918,-0.01052,-0.00082,0.01228,0.0003,0.00031,5e-05
12.24,0.01058,6e-05,-0.00015,0.0002,-2e-05,0,0.00102,-2e-05,-3e-05,-0.0004,5e-05,4e-05,0,0.00123,0.0001,-1e-05,-0.00082,4e-05,1e-05,-0,0.01369,0.00373,0.00253,-0.0023,0.00072,0,0,-0.00897,-0.01145,-0.00198,0.00992,0.00031,0.00024,3e-05
12.26,0.01032,0.00026,-0.00025,0.00021,1e-05,0,0.00098,4e-05,-2e-05,-0.00045,5e-05,4e-05,0,0.00105,0.00014,-1e-05,-0.00075,5e-05,1e-05,0,0.01449,0.00285,0.00254,-0.00227,0.00095,1e-05,0,-0.00842,-0.01154,-0.00343,0.00753,0.00032,0.00021,3e-05
12.28,0.00974,0.00044,-0.00035,0.0002,4e-05,0,0.00091,0.0001,-2e-05,-0.00044,5e-05,3e-05,-0,0.00082,0.00019,-0,-0.00062,5e-05,1e-05,1e-05,0.01498,0.00205,0.00253,-0.0022,0.00114,1e-05,-1e-05,-0.00756,-0.01106,-0.00504,0.00541,0.0003,0.00017,3e-05
12.3,0.00883,0.00061,-0.00045,0.00018,7e-05,0,0.00079,0.00016,-1e-05,-0.00038,4e-05,3e-05,-0,0.00054,0.00022,0,-0.00044,3e-05,1e-05,1e-05,0.01498,0.00141,0.00252,-0.00205,0.00139,5e-05,0,-0.00606,-0.01051,-0.00673,0.00347,0.00028,0.00014,4e-05
12.32,0.00762,0.00076,-0.00056,0.00015,0.00011,0,0.00064,0.00021,-0,-0.00029,3e-05,2e-05,-0,0.00022,0.00023,1e-05,-0.00024,0,1e-05,1e-05,0.01443,0.00097,0.00265,-0.00174,0.00195,0.00028,0.00011,-0.00407,-0.01048,-0.00839,0.0018,0.00026,0.00012,4e-05
12.34,0.00619,0.00089,-0.00064,0.00011,0.00013,0,0.00045,0.00026,0,-0.00017,2e-05,2e-05,0,-0.0001,0.00022,1e-05,-1e-05,-1e-05,1e-05,0,0.01329,0.00065,0.00282,-0.00134,0.00262,0.00058,0.00025,-0.00255,-0.01083,-0.00959,0.00051,0.00023,9e-05,3e-05
12.36,0.00463,0.00099,-0.00069,7e-05,0.00015,0,0.00026,0.00029,1e-05,-2e-05,1e-05,1e-05,0,-0.00043,0.0002,1e-05,0.00023,-1e-05,2e-05,0,0.01164,0.00039,0.00293,-0.00093,0.00312,0.00082,0.00037,-0.00173,-0.01122,-0.00994,-0.0008,0.00019,7e-05,3e-05
12.38,0.00299,0.00105,-0.00071,2e-05,0.00016,0,4e-05,0.00032,1e-05,0.00013,1e-05,1e-05,0,-0.00076,0.00017,2e-05,0.00047,-1e-05,2e-05,-0,0.00967,0.00015,0.00302,-0.00047,0.0036,0.00104,0.00047,-0.00131,-0.01165,-0.00932,-0.00251,0.00015,6e-05,2e-05
12.4,0.00131,0.00106,-0.00072,-3e-05,0.00016,0,-0.00018,0.00033,1e-05,0.00028,0,0,0,-0.00108,0.00013,2e-05,0.00071,0,2e-05,-0,0.00756,-9e-05,0.00293,-0.00016,0.00368,0.00108,0.0005,-0.00109,-0.01174,-0.00766,-0.00471,0.00011,4e-05,2e-05
12.42,-0.00033,0.00101,-0.00073,-7e-05,0.00016,0,-0.00038,0.00034,1e-05,0.00042,0,-0,0,-0.00137,8e-05,3e-05,0.00095,0,2e-05,-0,0.00559,-0.00035,0.00246,-0.00012,0.00295,0.00084,0.00042,-0.00101,-0.01125,-0.00537,-0.00726,8e-05,3e-05,2e-05
12.44,-0.00187,0.00095,-0.00072,-0.00011,0.00015,0,-0.00056,0.00034,1e-05,0.00055,-0,-0,0,-0.00161,3e-05,3e-05,0.00119,0,1e-05,-0,0.00395,-0.00062,0.00192,-0.00015,0.00207,0.00057,0.00031,-0.001,-0.01025,-0.00312,-0.0098,6e-05,3e-05,1e-05
12.46,-0.00327,0.00089,-0.00072,-0.00014,0.00014,0,-0.0007,0.00034,1e-05,0.00066,-0,-0,0,-0.00181,-3e-05,3e-05,0.0014,0,1e-05,-0,0.00272,-0.00095,0.00146,-0.00014,0.00136,0.00036,0.00023,-0.00086,-0.00885,-0.0013,-0.0119,4e-05,2e-05,1e-05
12.48,-0.00449,0.00086,-0.00072,-0.00016,0.00013,0,-0.00079,0.00034,1e-05,0.00074,-0,-1e-05,0,-0.00194,-9e-05,4e-05,0.00159,0,1e-05,-0,0.0019,-0.00136,0.00103,-0.00013,0.00072,0.00019,0.00015,-0.0006,-0.00712,-5e-05,-0.01321,3e-05,2e-05,1e-05
12.5,-0.0055,0.00085,-0.0007,-0.00017,0.00012,0,-0.00083,0.00035,0,0.00079,-0,-1e-05,0,-0.00199,-0.00014,4e-05,0.00174,-0,1e-05,0,0.0015,-0.00188,0.00061,-0.00012,0.00017,4e-05,7e-05,-0.00036,-0.00555,0.00061,-0.0137,2e-05,2e-05,1e-05
12.52,-0.00622,0.0009,-0.00068,-0.00017,0.00011,0,-0.00079,0.00035,0,0.00081,-0,-1e-05,0,-0.00191,-0.00018,5e-05,0.00185,-0,1e-05,0,0.00147,-0.00252,0.0002,-0.00012,-0.00032,-0.0001,-1e-05,-0.00028,-0.00449,0.00092,-0.01359,2e-05,2e-05,1e-05
12.54,-0.00663,0.00099,-0.00064,-0.00017,0.0001,0,-0.00066,0.00035,0,0.00082,-0,-1e-05,0,-0.0017,-0.0002,5e-05,0.0019,-0,0,0,0.00175,-0.0033,-0.00023,-0.00012,-0.0008,-0.00025,-0.00011,-0.00023,-0.00366,0.00101,-0.01281,1e-05,1e-05,1e-05
12.56,-0.00673,0.00113,-0.00058,-0.00015,9e-05,0,-0.00043,0.00035,0,0.0008,-0,-1e-05,0,-0.00135,-0.0002,6e-05,0.00188,-0,0,-0,0.00222,-0.00422,-0.0007,-0.00011,-0.00128,-0.00042,-0.00022,-9e-05,-0.00285,0.00091,-0.01131,1e-05,1e-05,1e-05
12.58,-0.00651,0.0013,-0.00049,-0.00012,8e-05,-0,-0.0001,0.00034,1e-05,0.00077,-0,-0,-0,-0.00086,-0.00019,6e-05,0.0018,-0,0,-0,0.00275,-0.00526,-0.00123,-9e-05,-0.00178,-0.00061,-0.00037,1e-05,-0.00211,0.00069,-0.00926,1e-05,1e-05,1e-05
12.6,-0.00607,0.00147,-0.00039,-8e-05,7e-05,-0,0.00032,0.00032,1e-05,0.00073,-0,-0,-0,-0.00027,-0.00017,5e-05,0.00164,0,-0,-0,0.00323,-0.0063,-0.00182,-5e-05,-0.00228,-0.00082,-0.00053,-8e-05,-0.00153,0.00039,-0.00717,1e-05,1e-05,1e-05
12.62,-0.0055,0.00158,-0.00029,-6e-05,7e-05,-0,0.00083,0.00028,1e-05,0.00068,0,-0,0,0.00039,-0.00015,5e-05,0.0014,1e-05,-0,-0,0.00356,-0.00715,-0.00248,2e-05,-0.00275,-0.00103,-0.00073,-0.0002,-0.00124,7e-05,-0.00547,1e-05,1e-05,0
12.64,-0.00482,0.00158,-0.00019,-4e-05,6e-05,-0,0.00143,0.00024,1e-05,0.00062,0,0,0,0.00114,-0.00011,4e-05,0.00109,2e-05,-1e-05,-0,0.00367,-0.0077,-0.00321,0.00012,-0.00316,-0.00121,-0.00094,-0.00017,-0.00133,-0.00018,-0.00401,1e-05,0,0
12.66,-0.00402,0.00142,-0.0001,-1e-05,5e-05,-0,0.00209,0.00018,1e-05,0.00055,1e-05,0,0,0.00193,-7e-05,3e-05,0.00075,2e-05,-1e-05,-0,0.0035,-0.00785,-0.00397,0.00021,-0.0035,-0.0013,-0.00111,-2e-05,-0.0018,-0.00032,-0.00272,1e-05,-0,-0
12.68,-0.00313,0.00106,-4e-05,0,3e-05,0,0.00276,0.00011,1e-05,0.00047,2e-05,0,0,0.0027,-2e-05,2e-05,0.00037,3e-05,-1e-05,-0,0.0031,-0.00757,-0.005,0.00026,-0.00391,-0.00152,-0.00135,0.00039,-0.0025,-0.00038,-0.00169,1e-05,-0,-0
12.7,-0.00232,0.00051,-1e-05,0,2e-05,0,0.00345,4e-05,0,0.00037,3e-05,1e-05,1e-05,0.00347,3e-05,1e-05,-4e-05,3e-05,-1e-05,-0,0.00252,-0.00658,-0.00555,0.00011,-0.00386,-0.0012,-0.00127,0.00107,-0.00316,-0.00036,-0.00096,2e-05,-0,-0
12.72,-0.0017,-0.00015,0,-2e-05,-0,-0,0.00423,-3e-05,-0,0.00025,5e-05,1e-05,1e-05,0.00438,8e-05,0,-0.00045,2e-05,-1e-05,-0,0.00167,-0.00441,-0.0046,-0.00063,-0.00275,0.00049,-0.00026,0.00179,-0.00339,-0.0003,-0.00047,2e-05,-1e-05,-0
12.74,-0.00116,-0.00077,-1e-05,-5e-05,-2e-05,-0,0.00503,-8e-05,-1e-05,9e-05,7e-05,1e-05,1e-05,0.00534,0.00014,-0,-0.00082,2e-05,-1e-05,-0,0.00035,-0.00164,-0.00356,-0.00187,-0.00154,0.00216,0.00092,0.00264,-0.00315,-0.00023,-0.00017,2e-05,-1e-05,-0
12.76,-0.00068,-0.00123,-2e-05,-8e-05,-3e-05,-0,0.00578,-0.00011,-0,-0.0001,9e-05,2e-05,1e-05,0.00621,0.00018,-0,-0.00116,1e-05,-1e-05,0,-0.00144,0.001,-0.00298,-0.00309,-0.00065,0.00303,0.0016,0.00368,-0.00263,-0.00015,-4e-05,3e-05,-1e-05,-0
12.78,-0.00029,-0.0014,-4e-05,-0.00012,-2e-05,-0,0.00644,-0.00013,-0,-0.00032,0.00012,2e-05,0,0.00695,0.00022,0,-0.00146,1e-05,-0,0,-0.00382,0.00341,-0.00261,-0.00413,0.00014,0.00355,0.00189,0.00478,-0.00193,-7e-05,-3e-05,3e-05,-1e-05,-0
12.8,4e-05,-0.00119,-5e-05,-0.00016,-1e-05,-0,0.00706,-0.00012,1e-05,-0.00055,0.00014,2e-05,-0,0.00764,0.00024,1e-05,-0.00168,0,-0,0,-0.00647,0.00469,-0.00218,-0.00408,0.00046,0.00245,0.00126,0.00603,-0.0012,1e-05,-0.00012,4e-05,-1e-05,-0
12.82,0.00035,-0.00059,-5e-05,-0.00019,2e-05,-0,0.00775,-0.0001,2e-05,-0.00076,0.00015,3e-05,-1e-05,0.00842,0.00024,1e-05,-0.00179,-0,0,0,-0.00849,0.00398,-0.00132,-0.00194,0.00023,3e-05,8e-05,0.00763,-0.00054,9e-05,-0.00026,5e-05,-1e-05,-0
12.84,0.00073,0.00031,-6e-05,-0.00023,6e-05,-0,0.00834,-6e-05,4e-05,-0.00092,0.00015,3e-05,-1e-05,0.0091,0.00022,1e-05,-0.00181,-0,0,0,-0.01,0.00235,-0.0008,0.00105,2e-05,-0.00094,-0.00053,0.00928,-6e-05,0.00012,-0.00042,5e-05,-1e-05,-0
12.86,0.00127,0.0014,-5e-05,-0.00027,9e-05,-0,0.00869,-1e-05,5e-05,-0.00104,0.00014,3e-05,-1e-05,0.00949,0.00019,1e-05,-0.00175,-0,1e-05,-0,-0.01163,0.00096,-0.00052,0.0037,-3e-05,-0.00099,-0.00065,0.01072,0.00021,0.00011,-0.0006,5e-05,-1e-05,-0
12.88,0.00209,0.0025,-5e-05,-0.00031,0.00012,-0,0.00884,4e-05,6e-05,-0.0011,0.0001,2e-05,-1e-05,0.00966,0.00015,1e-05,-0.00162,-0,1e-05,-0,-0.01327,6e-05,-0.00019,0.00611,1e-05,-0.0005,-0.00041,0.01198,0.00031,8e-05,-0.00077,6e-05,-1e-05,-0
12.9,0.00306,0.00347,-3e-05,-0.00034,0.00015,-0,0.00871,9e-05,7e-05,-0.00108,6e-05,2e-05,-1e-05,0.00953,0.00011,1e-05,-0.00144,-0,1e-05,0,-0.01485,-0.00017,0.00022,0.00748,8e-05,-3e-05,-0.00012,0.01293,0.00024,3e-05,-0.00093,6e-05,-1e-05,-0
12.92,0.00388,0.0042,-0,-0.00037,0.00015,-0,0.0083,0.00015,7e-05,-0.00101,2e-05,1e-05,-2e-05,0.00905,7e-05,1e-05,-0.00125,-0,2e-05,0,-0.01608,-1e-05,0.00045,0.00746,0.00015,2e-05,-7e-05,0.01335,0.00011,0,-0.00106,7e-05,-1e-05,-0
12.94,0.00452,0.00462,3e-05,-0.00037,0.00014,-0,0.00769,0.00019,7e-05,-0.00089,-1e-05,1e-05,-2e-05,0.00836,5e-05,1e-05,-0.00106,0,2e-05,0,-0.01697,0.00014,0.00034,0.00694,0.00021,-7e-05,-0.0001,0.01331,1e-05,2e-05,-0.00116,9e-05,-0,-0
12.96,0.00501,0.0047,5e-05,-0.00037,0.00012,-0,0.00694,0.00023,7e-05,-0.00074,-3e-05,0,-3e-05,0.00755,3e-05,0,-0.00087,1e-05,3e-05,1e-05,-0.0178,0.00015,-3e-05,0.00638,0.00024,-0.0001,-0.0001,0.01296,-1e-05,0.0001,-0.00125,0.00012,1e-05,0
12.98,0.00525,0.00447,4e-05,-0.00035,0.0001,-0,0.0061,0.00026,6e-05,-0.00057,-3e-05,0,-3e-05,0.00667,1e-05,0,-0.00068,1e-05,3e-05,1e-05,-0.01857,4e-05,-0.00054,0.00569,0.00024,-0.00012,-0.0001,0.01239,6e-05,0.00023,-0.00135,0.00016,2e-05,0
13,0.00506,0.00407,1e-05,-0.00032,7e-05,-0,0.0052,0.00027,5e-05,-0.00042,-3e-05,-0,-3e-05,0.00572,1e-05,0,-0.00053,1e-05,3e-05,1e-05,-0.01881,-0.00011,-0.00093,0.00461,0.00024,-0.00012,-0.0001,0.0116,0.00021,0.00041,-0.00144,0.00021,5e-05,1e-05
13.02,0.00436,0.00369,-4e-05,-0.00027,4e-05,-0,0.00427,0.00027,5e-05,-0.00032,-3e-05,-0,-3e-05,0.00475,-0,-0,-0.00041,1e-05,3e-05,1e-05,-0.01808,-0.00019,-0.00098,0.00313,0.00023,-0.0001,-8e-05,0.01061,0.00048,0.00065,-0.00153,0.00027,9e-05,2e-05
13.04,0.00346,0.00333,-0.0001,-0.00021,2e-05,-0,0.0034,0.00025,4e-05,-0.00023,-2e-05,-0,-3e-05,0.00383,-1e-05,-0,-0.00032,1e-05,3e-05,1e-05,-0.01685,-0.00015,-0.00074,0.0015,0.00022,-7e-05,-6e-05,0.00962,0.00074,0.00092,-0.0016,0.00033,0.00014,3e-05
13.06,0.00256,0.00297,-0.00015,-0.00016,1e-05,-0,0.0026,0.00021,3e-05,-0.00017,-2e-05,-0,-3e-05,0.00298,-2e-05,-0,-0.00024,1e-05,3e-05,1e-05,-0.01548,-2e-05,-0.00038,-0.00022,0.0002,-5e-05,-4e-05,0.00877,0.00087,0.00117,-0.00165,0.0004,0.00022,5e-05
13.08,0.00164,0.00268,-0.00017,-0.00011,-0,-0,0.00185,0.00015,2e-05,-0.00011,-2e-05,-0,-3e-05,0.00219,-3e-05,-0,-0.00016,1e-05,3e-05,0,-0.01391,0.00014,-6e-05,-0.00196,0.00018,-3e-05,-2e-05,0.00797,0.00083,0.00134,-0.00169,0.00044,0.00029,6e-05
13.1,0.00075,0.00238,-0.00017,-7e-05,-0,-0,0.00115,8e-05,2e-05,-7e-05,-2e-05,-0,-3e-05,0.00144,-5e-05,-1e-05,-0.00011,1e-05,3e-05,-0,-0.01229,0.00026,6e-05,-0.00359,0.00016,-1e-05,-2e-05,0.00731,0.00068,0.00144,-0.00159,0.00047,0.00043,0.0001
13.12,-0.00012,0.00204,-0.00015,-3e-05,-0,-0,0.00049,-1e-05,1e-05,-5e-05,-2e-05,0,-2e-05,0.00071,-8e-05,-1e-05,-7e-05,0,3e-05,-1e-05,-0.01108,0.00029,-5e-05,-0.00489,0.00014,-0,-1e-05,0.00703,0.00051,0.00149,-0.00122,0.00054,0.00077,0.00028
13.14,-0.00098,0.00167,-0.00012,1e-05,-0,-0,-0.00015,-9e-05,0,-2e-05,-1e-05,0,-2e-05,-0,-0.0001,-1e-05,-3e-05,0,2e-05,-2e-05,-0.01045,0.00025,-0.00035,-0.00576,0.00012,-0,-1e-05,0.00697,0.00043,0.0015,-0.00074,0.00055,0.00127,0.00056
13.16,-0.00184,0.00131,-8e-05,4e-05,0,-0,-0.00079,-0.00018,-1e-05,1e-05,-1e-05,0,-1e-05,-0.00074,-0.00014,-1e-05,1e-05,0,2e-05,-2e-05,-0.01019,0.00018,-0.00075,-0.00619,0.0001,-0,-1e-05,0.00692,0.00045,0.0014,-0.00032,0.00043,0.00181,0.00086
13.18,-0.00266,0.00093,-4e-05,7e-05,-0,-0,-0.00145,-0.00027,-2e-05,4e-05,-0,0,-1e-05,-0.00153,-0.00018,-1e-05,6e-05,0,1e-05,-2e-05,-0.01014,9e-05,-0.00114,-0.00617,8e-05,-0,-1e-05,0.00693,0.00057,0.00116,0.00012,0.00018,0.00239,0.00119
13.2,-0.00345,0.00053,0,9e-05,-0,-0,-0.00212,-0.00036,-3e-05,8e-05,0,0,-0,-0.00238,-0.00022,-2e-05,0.00012,0,1e-05,-2e-05,-0.01016,1e-05,-0.00139,-0.0058,7e-05,-0,-1e-05,0.00685,0.00081,0.00078,0.00036,-0.00021,0.00299,0.00154
13.22,-0.00422,0.00012,3e-05,0.00012,-1e-05,-0,-0.00282,-0.00043,-5e-05,0.00013,1e-05,1e-05,-0,-0.00328,-0.00027,-2e-05,0.0002,0,1e-05,-2e-05,-0.00995,-3e-05,-0.00147,-0.00527,5e-05,-0,-1e-05,0.00656,0.00108,0.00034,0.00022,-0.00055,0.00357,0.00193
13.24,-0.00494,-0.00026,5e-05,0.00015,-1e-05,-0,-0.00352,-0.00049,-6e-05,0.00019,1e-05,1e-05,0,-0.00421,-0.00032,-2e-05,0.0003,0,1e-05,-2e-05,-0.00916,-5e-05,-0.0014,-0.00461,4e-05,-0,-1e-05,0.00637,0.00136,-0.0001,4e-05,-0.0007,0.00406,0.00226
13.26,-0.00556,-0.00059,7e-05,0.00019,-2e-05,-0,-0.00422,-0.00054,-8e-05,0.00025,2e-05,0,0,-0.00517,-0.00038,-2e-05,0.00041,0,1e-05,-1e-05,-0.00755,-3e-05,-0.00122,-0.00389,3e-05,-0,-0,0.00642,0.00165,-0.00051,-4e-05,-0.00075,0.00437,0.00244
13.28,-0.00605,-0.00086,9e-05,0.00022,-2e-05,-0,-0.00492,-0.0006,-9e-05,0.00032,2e-05,0,0,-0.00613,-0.00043,-2e-05,0.00052,0,0,-1e-05,-0.00517,-1e-05,-0.00092,-0.0032,2e-05,-0,-0,0.00664,0.00197,-0.00077,-9e-05,-0.00068,0.00453,0.00249
13.3,-0.00651,-0.00106,0.0001,0.00025,-3e-05,-0,-0.0056,-0.00064,-0.00011,0.0004,2e-05,0,1e-05,-0.00703,-0.00048,-2e-05,0.00064,0,0,-1e-05,-0.00282,1e-05,-0.00062,-0.00269,1e-05,0,-0,0.007,0.00233,-0.00091,-0.00011,-0.00055,0.00423,0.00226
13.32,-0.00711,-0.0012,0.0001,0.00028,-3e-05,-0,-0.00623,-0.00065,-0.00013,0.00048,2e-05,-0,1e-05,-0.00782,-0.00051,-2e-05,0.00077,0,-0,-0,-0.00084,1e-05,-0.00036,-0.00247,0,0,-0,0.00746,0.00273,-0.00099,-0.00011,-0.00042,0.00325,0.00165
13.34,-0.00775,-0.00126,0.0001,0.00032,-3e-05,-0,-0.0068,-0.00063,-0.00014,0.00056,1e-05,-0,1e-05,-0.00846,-0.00053,-2e-05,0.00088,-0,-0,-0,0.00104,1e-05,-0.0001,-0.00247,-1e-05,0,-0,0.00783,0.0032,-0.00084,-0.0001,-0.00028,0.00192,0.00089
13.36,-0.0083,-0.00123,9e-05,0.00034,-2e-05,-0,-0.0073,-0.00061,-0.00014,0.00063,1e-05,-1e-05,0,-0.00894,-0.00053,-1e-05,0.00097,-0,-0,-0,0.00258,-1e-05,0.00017,-0.00264,-1e-05,0,-0,0.00795,0.00376,-0.00042,-9e-05,-0.00011,0.00038,7e-05
13.38,-0.00875,-0.00112,7e-05,0.00037,-1e-05,-0,-0.00774,-0.00058,-0.00014,0.00068,-0,-1e-05,0,-0.00923,-0.00051,-1e-05,0.00103,-0,-1e-05,0,0.00359,-3e-05,0.00043,-0.00296,-2e-05,-0,-0,0.0078,0.00438,0.00019,-8e-05,3e-05,-0.00143,-0.00085
13.4,-0.00901,-0.00096,5e-05,0.00039,-0,-0,-0.00809,-0.00055,-0.00013,0.00072,-1e-05,-2e-05,0,-0.00932,-0.00047,-0,0.00106,-0,-1e-05,0,0.00417,-1e-05,0.00068,-0.00338,-2e-05,-0,-0,0.00732,0.00505,0.00082,-6e-05,0.00021,-0.00345,-0.00182
13.42,-0.00897,-0.00078,3e-05,0.0004,0,-0,-0.00831,-0.00052,-0.00012,0.00074,-1e-05,-2e-05,0,-0.00922,-0.0004,1e-05,0.00104,-0,-1e-05,0,0.00445,0.00013,0.00096,-0.00382,0,-1e-05,-1e-05,0.00653,0.00575,0.00116,-2e-05,0.00048,-0.00556,-0.00285
13.44,-0.00855,-0.00058,1e-05,0.00041,1e-05,-0,-0.00842,-0.00048,-9e-05,0.00073,-2e-05,-2e-05,0,-0.00892,-0.00032,1e-05,0.00098,-0,-1e-05,-0,0.00453,0.00037,0.00127,-0.00423,4e-05,-2e-05,-1e-05,0.00556,0.00622,0.00094,2e-05,0.00074,-0.00748,-0.00384
13.46,-0.00776,-0.00038,-0,0.00041,1e-05,-0,-0.00843,-0.00042,-6e-05,0.00071,-2e-05,-2e-05,-0,-0.00846,-0.00024,1e-05,0.00088,-0,-2e-05,-0,0.00437,0.00062,0.00156,-0.00456,0.00011,-2e-05,-1e-05,0.0045,0.00627,-5e-05,6e-05,0.00091,-0.00908,-0.00469
13.48,-0.00662,-0.0002,-2e-05,0.00041,1e-05,-0,-0.00832,-0.00034,-4e-05,0.00065,-2e-05,-2e-05,-0,-0.00784,-0.00015,2e-05,0.00074,-0,-2e-05,-0,0.00397,0.00085,0.00181,-0.00478,0.00021,-3e-05,-2e-05,0.00335,0.00623,-0.00253,5e-05,0.00102,-0.01108,-0.00569
13.5,-0.00522,-7e-05,-3e-05,0.0004,1e-05,-0,-0.00808,-0.00026,-2e-05,0.00059,-3e-05,-2e-05,-0,-0.00712,-8e-05,2e-05,0.00057,-0,-2e-05,0,0.00361,0.00105,0.00202,-0.00478,0.00036,-3e-05,-2e-05,0.0021,0.00542,-0.00437,-0.00011,0.00101,-0.00969,-0.00567
13.52,-0.00367,-0,-3e-05,0.00037,1e-05,-0,-0.00768,-0.00018,-0,0.00051,-2e-05,-2e-05,-0,-0.00633,-4e-05,1e-05,0.00036,-0,-2e-05,0,0.00365,0.00131,0.00226,-0.00439,0.00057,-3e-05,-3e-05,0.00067,0.00288,-0.00343,-0.00078,0.00081,-0.00378,-0.00304
13.54,-0.00201,0,-3e-05,0.00034,0,0,-0.00715,-0.0001,0,0.00042,-2e-05,-2e-05,0,-0.00549,-1e-05,1e-05,0.00014,0,-2e-05,0,0.0038,0.00165,0.00253,-0.00369,0.00084,-2e-05,-4e-05,-0.00081,0.001,-0.00357,-0.00175,0.0005,0.00058,-0.00015
13.56,-0.00028,-5e-05,-2e-05,0.0003,-1e-05,0,-0.00651,-2e-05,0,0.00034,-2e-05,-1e-05,0,-0.00461,2e-05,0,-8e-05,0,-1e-05,0,0.0039,0.00212,0.00285,-0.00289,0.00117,3e-05,-3e-05,-0.00238,0.00063,-0.00367,-0.00232,0.00011,0.00342,0.00166
13.58,0.00155,-0.00014,-0,0.00026,-2e-05,0,-0.00577,5e-05,0,0.00025,-2e-05,-1e-05,0,-0.00368,4e-05,-0,-0.0003,0,-1e-05,0,0.00426,0.00278,0.00318,-0.00209,0.00145,5e-05,-4e-05,-0.00455,0.00056,-0.0025,-0.00187,-0.0005,0.00562,0.00298
13.6,0.00344,-0.00025,2e-05,0.00022,-4e-05,0,-0.00501,0.00012,-1e-05,0.00018,-1e-05,-1e-05,1e-05,-0.00286,5e-05,-1e-05,-0.0005,0,-1e-05,0,0.00469,0.00374,0.00361,-0.00146,0.0018,0.0002,1e-05,-0.00727,0.00149,-0.00078,-0.00144,-0.0012,0.00593,0.00279
13.62,0.0052,-0.00033,5e-05,0.00017,-6e-05,0,-0.00429,0.00017,-2e-05,0.00011,-1e-05,-0,1e-05,-0.00226,6e-05,-1e-05,-0.00065,0,-1e-05,0,0.00501,0.00498,0.00425,-0.00116,0.00251,0.00081,0.00023,-0.01108,0.00354,0.00051,-0.00182,-0.00127,0.00207,0.00104
13.64,0.0068,-0.00036,8e-05,0.00013,-7e-05,0,-0.00359,0.00021,-3e-05,5e-05,-1e-05,0,1e-05,-0.00172,5e-05,-2e-05,-0.00076,0,-1e-05,-0,0.00544,0.00613,0.00485,-0.00105,0.00335,0.00155,0.00049,-0.01379,0.0036,0.00295,-0.00135,-0.00085,-2e-05,-2e-05
13.66,0.00831,-0.00032,0.00012,0.0001,-8e-05,0,-0.00286,0.00024,-4e-05,1e-05,-1e-05,1e-05,2e-05,-0.00119,5e-05,-2e-05,-0.00083,-0,-1e-05,-1e-05,0.006,0.00682,0.00515,-0.00095,0.004,0.00209,0.00066,-0.0146,0.00038,0.00552,0.00037,-0.00041,-0.00034,-0.00024
13.68,0.0097,-0.00021,0.00016,6e-05,-8e-05,0,-0.00212,0.00025,-6e-05,-3e-05,-1e-05,1e-05,2e-05,-0.00072,4e-05,-2e-05,-0.00085,-0,-1e-05,-2e-05,0.00654,0.00694,0.00525,-0.00079,0.00467,0.00253,0.00076,-0.01467,-0.00499,0.00714,0.00484,3e-05,0.0001,0
13.7,0.01075,-0.0001,0.00018,3e-05,-7e-05,0,-0.00146,0.00025,-7e-05,-5e-05,-1e-05,1e-05,2e-05,-0.00032,4e-05,-2e-05,-0.00084,-1e-05,-1e-05,-3e-05,0.00678,0.00627,0.00492,-0.00058,0.00488,0.00246,0.0007,-0.0157,-0.01074,0.00728,0.01055,0.00029,0.00059,0.00031
13.72,0.01121,-0,0.0002,-0,-7e-05,0,-0.00093,0.00024,-7e-05,-6e-05,-0,1e-05,2e-05,-1e-05,3e-05,-2e-05,-0.00078,-1e-05,-1e-05,-2e-05,0.00664,0.00498,0.00396,-0.00039,0.004,0.00159,0.00047,-0.0164,-0.01531,0.00647,0.01302,0.00034,0.00062,0.00033
13.74,0.01111,0.00011,0.00019,-4e-05,-6e-05,0,-0.00045,0.00023,-7e-05,-7e-05,-0,1e-05,1e-05,0.00024,4e-05,-2e-05,-0.0007,-1e-05,-1e-05,-2e-05,0.00633,0.00359,0.00293,-0.00028,0.00287,0.00069,0.00024,-0.01578,-0.01791,0.00453,0.0131,0.00033,0.00047,0.00024
13.76,0.01056,0.00022,0.00013,-7e-05,-4e-05,0,-3e-05,0.00021,-7e-05,-7e-05,-0,1e-05,1e-05,0.00042,4e-05,-1e-05,-0.00059,-0,-1e-05,-1e-05,0.00596,0.00238,0.00207,-0.00033,0.00197,3e-05,6e-05,-0.01456,-0.01868,0.00195,0.01219,0.00032,0.00034,0.00017
13.78,0.00954,0.00032,2e-05,-0.0001,-3e-05,0,0.0003,0.0002,-6e-05,-6e-05,-0,1e-05,0,0.00052,5e-05,-0,-0.00046,1e-05,-1e-05,0,0.00551,0.00139,0.00136,-0.00053,0.0012,-0.00046,-7e-05,-0.01177,-0.01804,-0.00051,0.01027,0.0003,0.00024,0.00011
13.8,0.00813,0.00044,-0.00015,-0.00013,-1e-05,0,0.00054,0.00019,-5e-05,-7e-05,-0,1e-05,-0,0.00057,6e-05,-0,-0.00033,1e-05,-1e-05,1e-05,0.00506,0.00067,0.00079,-0.00085,0.00058,-0.00077,-0.00016,-0.00756,-0.01687,-0.00271,0.00743,0.00028,0.00016,7e-05
13.82,0.00646,0.0006,-0.00038,-0.00016,1e-05,0,0.00071,0.00018,-4e-05,-8e-05,-0,0,-1e-05,0.00055,6e-05,0,-0.0002,3e-05,-1e-05,0,0.0047,0.00018,0.00037,-0.00118,0.00011,-0.00091,-0.00021,-0.0031,-0.01611,-0.00479,0.00447,0.00028,0.00012,5e-05
13.84,0.0047,0.00077,-0.00063,-0.00019,2e-05,0,0.00081,0.00017,-3e-05,-0.0001,-0,0,-1e-05,0.00049,6e-05,0,-8e-05,4e-05,-1e-05,0,0.00438,-0.00013,7e-05,-0.00144,-0.00023,-0.00093,-0.00023,0.00018,-0.01575,-0.00669,0.00236,0.00025,8e-05,3e-05
13.86,0.00297,0.00089,-0.00086,-0.00021,4e-05,0,0.00085,0.00016,-1e-05,-0.00015,-0,-0,-1e-05,0.00039,6e-05,0,3e-05,4e-05,-1e-05,-0,0.00411,-0.0003,-0.00013,-0.00162,-0.00045,-0.00087,-0.00023,0.00181,-0.01545,-0.00821,0.00092,0.00021,6e-05,2e-05
13.88,0.00135,0.00097,-0.00104,-0.00022,5e-05,0,0.00086,0.00016,-0,-0.00021,-0,-0,-1e-05,0.00025,7e-05,-0,0.00013,4e-05,-1e-05,0,0.0039,-0.00036,-0.00024,-0.00171,-0.00059,-0.00075,-0.0002,0.00218,-0.01518,-0.00914,-0.00048,0.00016,4e-05,1e-05
13.9,-0.00013,0.00097,-0.00116,-0.00023,5e-05,0,0.00083,0.00016,1e-05,-0.00029,-0,-1e-05,-1e-05,9e-05,7e-05,-0,0.00022,4e-05,-1e-05,0,0.00378,-0.00036,-0.00028,-0.00172,-0.00066,-0.00063,-0.00018,0.00128,-0.01473,-0.00923,-0.00215,0.00012,2e-05,1e-05
13.92,-0.00142,0.00091,-0.00122,-0.00024,6e-05,0,0.00078,0.00016,2e-05,-0.00039,-0,-1e-05,-0,-7e-05,8e-05,-1e-05,0.0003,3e-05,-1e-05,0,0.00379,-0.00031,-0.00027,-0.00171,-0.0007,-0.00052,-0.00015,-0.00058,-0.01405,-0.0085,-0.00409,8e-05,1e-05,0
13.94,-0.00253,0.00081,-0.00121,-0.00023,6e-05,0,0.00072,0.00016,3e-05,-0.00051,-0,-1e-05,-0,-0.00022,8e-05,-1e-05,0.00036,2e-05,-1e-05,0,0.00392,-0.00023,-0.00022,-0.00168,-0.00073,-0.00041,-0.00012,-0.00239,-0.01313,-0.00729,-0.00608,5e-05,0,-0
13.96,-0.00344,0.00068,-0.00116,-0.00021,7e-05,-0,0.00066,0.00017,4e-05,-0.00063,-0,-1e-05,-0,-0.00035,8e-05,-2e-05,0.00041,1e-05,-0,0,0.00418,-0.00014,-0.00015,-0.00163,-0.00076,-0.00031,-9e-05,-0.00354,-0.01192,-0.0059,-0.00783,3e-05,-0,-0
13.98,-0.00412,0.00056,-0.00107,-0.00019,7e-05,-0,0.00059,0.00018,5e-05,-0.00076,-1e-05,-1e-05,0,-0.00045,7e-05,-2e-05,0.00045,1e-05,-0,-0,0.00456,-4e-05,-7e-05,-0.00158,-0.00082,-0.00022,-7e-05,-0.00406,-0.01043,-0.00447,-0.00903,2e-05,-0,-0
14,-0.00459,0.00044,-0.00095,-0.00016,7e-05,-0,0.00051,0.00019,6e-05,-0.00088,-1e-05,-1e-05,0,-0.00052,5e-05,-2e-05,0.00049,1e-05,-0,-0,0.00506,7e-05,2e-05,-0.00155,-0.00092,-0.00015,-4e-05,-0.00405,-0.00897,-0.00324,-0.00959,1e-05,-0,-0
14.02,-0.00488,0.00036,-0.00082,-0.00013,7e-05,-0,0.00044,0.0002,6e-05,-0.00097,-1e-05,-1e-05,0,-0.00056,3e-05,-1e-05,0.00052,1e-05,-1e-05,0,0.00567,0.00017,9e-05,-0.00158,-0.00108,-0.0001,-3e-05,-0.00363,-0.00778,-0.00234,-0.00962,1e-05,0,0
14.04,-0.00496,0.00032,-0.00069,-0.00011,6e-05,-0,0.00034,0.00021,6e-05,-0.00102,-1e-05,-1e-05,0,-0.00056,1e-05,-0,0.00056,1e-05,-1e-05,0,0.00629,0.00025,0.00015,-0.00162,-0.00129,-6e-05,-1e-05,-0.00283,-0.00672,-0.00166,-0.00907,1e-05,0,0
14.06,-0.00477,0.00033,-0.00056,-8e-05,6e-05,-0,0.00023,0.00022,6e-05,-0.00103,-0,-1e-05,0,-0.00054,-1e-05,1e-05,0.00059,1e-05,-1e-05,0,0.0068,0.00031,0.00017,-0.00163,-0.00155,-2e-05,-0,-0.0017,-0.00568,-0.00114,-0.00798,0,0,0
14.08,-0.00431,0.00038,-0.00043,-5e-05,6e-05,-0,0.0001,0.00023,5e-05,-0.00101,-0,-1e-05,0,-0.00049,-2e-05,2e-05,0.00064,2e-05,-1e-05,0,0.00705,0.00031,0.00015,-0.00159,-0.00187,-1e-05,0,-0.00045,-0.00468,-0.00077,-0.00649,1e-05,0,0
14.1,-0.00374,0.00045,-0.00031,-2e-05,5e-05,-0,-5e-05,0.00022,4e-05,-0.00095,-0,-1e-05,0,-0.00042,-3e-05,3e-05,0.00068,3e-05,-1e-05,0,0.00698,0.00025,8e-05,-0.00145,-0.00217,-1e-05,-1e-05,0.00067,-0.00379,-0.00054,-0.00503,1e-05,-0,-0
14.12,-0.00319,0.0005,-0.0002,0,4e-05,0,-0.00019,0.00021,2e-05,-0.00087,-0,-1e-05,0,-0.00035,-4e-05,4e-05,0.00072,4e-05,-1e-05,-0,0.00661,0.0001,-5e-05,-0.00115,-0.00234,-4e-05,-2e-05,0.00176,-0.00303,-0.00042,-0.00391,1e-05,-0,-0
14.14,-0.00264,0.0005,-0.00011,2e-05,3e-05,0,-0.00031,0.00018,1e-05,-0.00077,-0,-1e-05,0,-0.00028,-4e-05,6e-05,0.00076,5e-05,-1e-05,-0,0.00582,-0.00014,-0.00023,-0.00074,-0.0024,-8e-05,-5e-05,0.00285,-0.00235,-0.00035,-0.00297,1e-05,-1e-05,-0
14.16,-0.00206,0.00046,-3e-05,4e-05,2e-05,0,-0.00041,0.00015,-1e-05,-0.00066,-0,-1e-05,0,-0.0002,-4e-05,8e-05,0.00079,6e-05,-1e-05,-0,0.00465,-0.00048,-0.00045,-0.00031,-0.00241,-0.00013,-9e-05,0.00372,-0.00175,-0.0003,-0.00217,2e-05,-1e-05,-1e-05
14.18,-0.0015,0.00036,2e-05,6e-05,1e-05,0,-0.00049,0.00011,-3e-05,-0.00054,-0,-1e-05,0,-0.00012,-4e-05,0.00011,0.00079,6e-05,-1e-05,-0,0.00336,-0.00089,-0.0007,4e-05,-0.00238,-0.00021,-0.00015,0.00432,-0.00127,-0.00026,-0.00158,2e-05,-1e-05,-1e-05
14.2,-0.00109,0.00023,5e-05,7e-05,0,0,-0.00054,6e-05,-5e-05,-0.00042,-0,-0,0,-4e-05,-4e-05,0.00016,0.00077,6e-05,-0,-0,0.0021,-0.00133,-0.00098,0.00014,-0.00223,-0.00027,-0.0002,0.00476,-0.00088,-0.00022,-0.00117,3e-05,-1e-05,-1e-05
14.22,-0.00085,9e-05,5e-05,9e-05,-0,0,-0.00057,2e-05,-6e-05,-0.0003,-0,-0,0,3e-05,-4e-05,0.00022,0.0007,5e-05,0,0,0.00101,-0.0017,-0.00128,-0.00021,-0.00189,-0.00031,-0.00025,0.00521,-0.0006,-0.00015,-0.00091,4e-05,-1e-05,-1e-05
14.24,-0.00066,-1e-05,4e-05,0.00012,-0,-0,-0.00057,-2e-05,-8e-05,-0.0002,-0,-0,0,8e-05,-3e-05,0.00031,0.00057,3e-05,1e-05,0,3e-05,-0.00189,-0.00159,-0.00109,-0.00151,-0.0003,-0.00027,0.00564,-0.00039,-9e-05,-0.00075,4e-05,-1e-05,-0
14.26,-0.0004,-6e-05,2e-05,0.00015,0,-0,-0.00057,-4e-05,-8e-05,-0.00011,-0,0,-0,0.00013,-3e-05,0.00043,0.00038,1e-05,2e-05,1e-05,-0.00135,-0.00173,-0.00191,-0.00249,-0.00121,-0.00026,-0.00026,0.00595,-0.00024,-3e-05,-0.00066,5e-05,-1e-05,-0
14.28,-1e-05,-2e-05,-1e-05,0.00019,1e-05,-0,-0.00057,-5e-05,-9e-05,-3e-05,-0,0,-0,0.00016,-3e-05,0.00057,0.00011,-1e-05,3e-05,0,-0.00415,-0.00116,-0.00232,-0.0048,-0.00092,-0.00018,-0.00024,0.00627,-0.00013,1e-05,-0.00061,5e-05,-0,-0
14.3,0.0006,0.0001,-5e-05,0.00024,2e-05,-0,-0.00057,-6e-05,-9e-05,2e-05,-0,0,-1e-05,0.00016,-3e-05,0.00074,-0.00025,-3e-05,5e-05,0,-0.0085,-4e-05,-0.00255,-0.00638,-0.00073,-7e-05,-0.00017,0.00654,-4e-05,3e-05,-0.00059,6e-05,-0,-0
14.32,0.00142,0.00032,-9e-05,0.00028,3e-05,-0,-0.00058,-7e-05,-8e-05,7e-05,-0,0,-1e-05,0.00015,-2e-05,0.00099,-0.00069,-2e-05,6e-05,-0,-0.0113,0.00153,-0.00166,-0.00421,-0.00064,0.0001,-6e-05,0.00663,3e-05,3e-05,-0.0006,6e-05,-0,-0
14.34,0.00243,0.0006,-0.00013,0.00032,4e-05,-0,-0.00058,-7e-05,-7e-05,9e-05,0,0,-0,0.00011,-2e-05,0.00127,-0.00122,1e-05,8e-05,-0,-0.01092,0.00223,-0.00031,-0.00039,-0.00054,0.00022,5e-05,0.0067,0.0001,3e-05,-0.00062,5e-05,-0,-0
14.36,0.00359,0.00092,-0.00017,0.00036,4e-05,-0,-0.00059,-8e-05,-5e-05,0.0001,0,1e-05,-0,6e-05,-2e-05,0.00154,-0.00184,5e-05,0.0001,-0,-0.00954,0.00135,0.00022,0.00335,-0.00039,0.00027,0.00011,0.0069,0.00016,2e-05,-0.00066,4e-05,-0,-0
14.38,0.00483,0.00125,-0.00021,0.0004,3e-05,-0,-0.0006,-9e-05,-5e-05,0.0001,1e-05,1e-05,0,1e-05,-2e-05,0.00177,-0.00256,0.0001,0.00011,-0,-0.00783,-0.00078,-0.00024,0.00738,-0.00023,0.00026,0.00013,0.00717,0.00023,2e-05,-0.00071,4e-05,-0,-0
14.4,0.00601,0.00153,-0.00025,0.00042,3e-05,-0,-0.0006,-9e-05,-4e-05,0.0001,1e-05,1e-05,0,-3e-05,-1e-05,0.00197,-0.00332,0.00016,0.00013,1e-05,-0.00805,-0.00297,-0.00127,0.00971,-0.00011,0.00022,0.00012,0.00742,0.00032,2e-05,-0.00078,3e-05,0,-0
14.42,0.00696,0.00172,-0.00029,0.00041,1e-05,-0,-0.0006,-9e-05,-5e-05,0.0001,2e-05,2e-05,1e-05,-4e-05,-1e-05,0.00212,-0.00403,0.00023,0.00014,2e-05,-0.00966,-0.00425,-0.00185,0.00924,-3e-05,0.00015,8e-05,0.00758,0.00049,5e-05,-0.00084,2e-05,0,0
14.44,0.0077,0.0018,-0.00032,0.00039,0,-0,-0.0006,-9e-05,-5e-05,0.00011,3e-05,2e-05,2e-05,-0,1e-05,0.00214,-0.00466,0.00028,0.00014,4e-05,-0.01078,-0.00494,-0.00196,0.00781,3e-05,9e-05,5e-05,0.00763,0.00073,9e-05,-0.0009,1e-05,0,0
14.46,0.00824,0.00177,-0.00033,0.00034,-1e-05,-0,-0.00058,-9e-05,-5e-05,0.00014,3e-05,2e-05,3e-05,0.0001,3e-05,0.00199,-0.00525,0.00031,0.00014,6e-05,-0.01109,-0.00522,-0.00187,0.00618,8e-05,5e-05,3e-05,0.00759,0.00099,0.00012,-0.00098,1e-05,0,0
14.48,0.00859,0.00163,-0.00034,0.00028,-2e-05,-0,-0.00054,-8e-05,-5e-05,0.00017,4e-05,2e-05,3e-05,0.00023,7e-05,0.00169,-0.00575,0.00032,0.00012,7e-05,-0.01068,-0.0052,-0.00176,0.00427,0.00011,3e-05,1e-05,0.00746,0.00127,0.00015,-0.00108,1e-05,0,0
14.5,0.0086,0.00141,-0.00031,0.00021,-2e-05,-0,-0.00049,-7e-05,-5e-05,0.0002,4e-05,2e-05,3e-05,0.00043,0.00011,0.00128,-0.00606,0.00029,0.0001,7e-05,-0.00935,-0.00502,-0.00177,0.00203,0.00014,2e-05,1e-05,0.00716,0.00155,0.00018,-0.00119,1e-05,0,0
14.52,0.0081,0.00116,-0.00024,0.00015,-2e-05,-0,-0.00043,-6e-05,-4e-05,0.00023,4e-05,2e-05,2e-05,0.00086,0.00017,0.0008,-0.00608,0.00024,8e-05,7e-05,-0.00719,-0.00481,-0.00196,-0.0004,0.00015,1e-05,0,0.00667,0.00184,0.00021,-0.00132,2e-05,0,0
14.54,0.0073,0.00089,-0.00014,9e-05,-1e-05,-0,-0.00035,-5e-05,-3e-05,0.00025,3e-05,2e-05,1e-05,0.00146,0.00025,0.00034,-0.0059,0.00018,5e-05,6e-05,-0.00492,-0.0046,-0.00238,-0.00285,0.00016,0,-0,0.00617,0.00209,0.00023,-0.00148,4e-05,0,0
14.56,0.00633,0.00061,-5e-05,4e-05,-1e-05,-0,-0.00026,-3e-05,-2e-05,0.00026,3e-05,1e-05,-0,0.00206,0.00032,0,-0.00559,0.00013,3e-05,5e-05,-0.00295,-0.00436,-0.00299,-0.00531,0.00016,-0,-0,0.00577,0.00224,0.00022,-0.00166,7e-05,-0,-0
14.58,0.00519,0.00031,4e-05,-1e-05,-1e-05,-0,-0.00015,-2e-05,-0,0.00024,2e-05,1e-05,-1e-05,0.00264,0.00039,-0.00017,-0.00513,8e-05,1e-05,4e-05,-0.00127,-0.00409,-0.00372,-0.00765,0.00015,-0,0,0.00546,0.00229,0.00019,-0.00187,0.0001,-0,-0
14.6,0.00392,-0,9e-05,-4e-05,-2e-05,-0,-1e-05,-1e-05,1e-05,0.00021,2e-05,1e-05,-2e-05,0.00316,0.00044,-0.00016,-0.0046,5e-05,0,3e-05,-0.00036,-0.00379,-0.00441,-0.0097,0.00013,-0,0,0.00528,0.00227,0.00015,-0.00209,0.00014,-1e-05,0
14.62,0.00262,-0.00033,6e-05,-7e-05,-4e-05,-0,0.00015,-0,2e-05,0.00016,2e-05,0,-2e-05,0.00361,0.00044,-3e-05,-0.00403,2e-05,-0,3e-05,-0.0007,-0.00347,-0.0048,-0.0112,0.00011,0,0,0.00524,0.00225,0.0001,-0.00228,0.00018,-0,0
14.64,0.00136,-0.00064,1e-05,-9e-05,-6e-05,-0,0.00035,-0,3e-05,0.0001,1e-05,0,-2e-05,0.0039,0.0004,0.00017,-0.00337,1e-05,-1e-05,2e-05,-0.00172,-0.00305,-0.00481,-0.01205,0.0001,0,1e-05,0.00529,0.00223,5e-05,-0.00243,0.00023,0,1e-05
14.66,0.00019,-0.00092,-4e-05,-0.0001,-8e-05,-0,0.00059,-0,3e-05,2e-05,1e-05,-0,-1e-05,0.00399,0.00034,0.00037,-0.00266,0,-0,2e-05,-0.00271,-0.00248,-0.00446,-0.01224,8e-05,1e-05,1e-05,0.00535,0.00224,2e-05,-0.00253,0.00028,2e-05,2e-05
14.68,-0.00085,-0.00114,-9e-05,-0.00011,-0.0001,-0,0.00089,-2e-05,2e-05,-7e-05,1e-05,-0,-1e-05,0.00392,0.00026,0.00054,-0.00193,-0,0,1e-05,-0.00338,-0.00178,-0.00375,-0.01167,6e-05,1e-05,0,0.00535,0.00231,0,-0.00257,0.00032,5e-05,3e-05
14.7,-0.00173,-0.00128,-0.00014,-0.00012,-0.00011,-0,0.00127,-3e-05,2e-05,-0.00017,1e-05,-0,-1e-05,0.0037,0.00017,0.00065,-0.00125,-1e-05,0,1e-05,-0.00359,-0.00103,-0.00292,-0.0107,5e-05,0,0,0.00526,0.00256,1e-05,-0.00242,0.00034,0.00012,6e-05
14.72,-0.00245,-0.00132,-0.0002,-0.00012,-0.00012,-0,0.00175,-5e-05,-0,-0.00029,0,-1e-05,-0,0.00333,6e-05,0.00069,-0.00064,-1e-05,1e-05,1e-05,-0.00329,-0.00034,-0.00219,-0.00974,3e-05,0,0,0.0051,0.00318,0,-0.00189,0.00037,0.00025,0.00012
14.74,-0.00299,-0.00127,-0.00025,-0.00012,-0.00011,-0,0.00236,-8e-05,-2e-05,-0.00041,-0,-1e-05,0,0.00291,-2e-05,0.00062,-0.00013,-1e-05,1e-05,0,-0.00244,0.00025,-0.00154,-0.00865,2e-05,0,-0,0.00477,0.00409,-4e-05,-0.00114,0.00035,0.00046,0.00021
14.76,-0.00331,-0.00115,-0.00027,-0.00012,-9e-05,0,0.00307,-0.00011,-3e-05,-0.00054,-1e-05,-1e-05,1e-05,0.00252,-9e-05,0.00045,0.00028,-1e-05,0,0,-0.00117,0.00069,-0.00095,-0.00739,1e-05,-0,-0,0.00427,0.00517,-0.00016,-0.00038,0.00023,0.00072,0.00032
14.78,-0.00341,-0.00096,-0.00028,-0.00012,-6e-05,0,0.00388,-0.00015,-2e-05,-0.00067,-1e-05,-1e-05,2e-05,0.00215,-0.00015,0.00019,0.00059,-1e-05,0,-0,0.00022,0.00095,-0.00046,-0.00614,-0,-0,-0,0.0037,0.00637,-0.00034,0.00038,2e-05,0.00094,0.0004
14.8,-0.00332,-0.00074,-0.00027,-0.00011,-2e-05,0,0.00484,-0.0002,-1e-05,-0.0008,-2e-05,-1e-05,2e-05,0.00181,-0.00021,-0.00012,0.00081,-1e-05,-1e-05,-0,0.00143,0.00108,-8e-05,-0.00509,-1e-05,-0,-0,0.00312,0.00738,-0.00056,0.00085,-0.00028,0.00131,0.00059
14.82,-0.00308,-0.00049,-0.00024,-0.00011,1e-05,0,0.00609,-0.00027,1e-05,-0.00091,-2e-05,-1e-05,2e-05,0.00148,-0.00027,-0.00043,0.00094,-1e-05,-1e-05,-0,0.00252,0.00125,0.00024,-0.00431,-3e-05,-0,-0,0.00258,0.00775,-0.00076,0.00085,-0.00053,0.00223,0.00113
14.84,-0.00272,-0.00027,-0.00018,-0.00011,4e-05,0,0.00753,-0.00038,4e-05,-0.00101,-2e-05,-1e-05,2e-05,0.00123,-0.00031,-0.00069,0.001,-1e-05,-2e-05,-0,0.00343,0.00151,0.00057,-0.00373,-4e-05,-0,-0,0.002,0.00756,-0.00089,0.00064,-0.00066,0.00332,0.00174
14.86,-0.00225,-9e-05,-0.0001,-0.00011,6e-05,-0,0.00902,-0.00051,0.0001,-0.00111,-1e-05,-1e-05,1e-05,0.00108,-0.00034,-0.00091,0.00097,-1e-05,-2e-05,-0,0.00391,0.00183,0.00092,-0.00325,-4e-05,-0,-0,0.00134,0.00705,-0.00086,0.00036,-0.0007,0.00408,0.0021
14.88,-0.00175,0,0,-0.00011,6e-05,-0,0.01045,-0.00069,0.00019,-0.00122,-1e-05,-1e-05,1e-05,0.00105,-0.00034,-0.00107,0.00088,-1e-05,-3e-05,-1e-05,0.00401,0.00225,0.00132,-0.00289,-5e-05,-0,-0,0.00049,0.00621,-0.00058,1e-05,-0.00066,0.0046,0.00224
14.9,-0.00125,1e-05,0.00012,-0.00012,6e-05,-0,0.01195,-0.0009,0.0003,-0.00136,-1e-05,-1e-05,0,0.00113,-0.00031,-0.00118,0.00074,-1e-05,-3e-05,-1e-05,0.00378,0.00278,0.00176,-0.00259,-4e-05,-0,-0,-0.00065,0.00565,-4e-05,-0.00037,-0.00055,0.00402,0.00185
14.92,-0.0008,-9e-05,0.00022,-0.00013,3e-05,-0,0.01374,-0.00109,0.00037,-0.00155,-1e-05,-0,-0,0.00133,-0.00028,-0.00126,0.00057,-1e-05,-4e-05,-0,0.00328,0.00337,0.00226,-0.00232,-2e-05,-1e-05,-0,-0.00211,0.00598,0.00073,-0.00072,-0.00036,0.00191,0.0009
14.94,-0.00041,-0.00025,0.0003,-0.00016,-2e-05,-0,0.01559,-0.00125,0.00042,-0.0018,-1e-05,-1e-05,-0,0.00165,-0.00023,-0.00133,0.00039,-1e-05,-4e-05,-0,0.00261,0.00397,0.00279,-0.00205,3e-05,-1e-05,-0,-0.00392,0.00661,0.00167,-0.00106,-0.00017,-0.00042,-0.00015
14.96,-0.00012,-0.00043,0.00035,-0.0002,-7e-05,0,0.01633,-0.00135,0.00044,-0.00206,-1e-05,-1e-05,0,0.00205,-0.00017,-0.00136,0.0002,-1e-05,-4e-05,-0,0.00186,0.00449,0.0033,-0.00178,0.0001,-1e-05,-0,-0.00598,0.00676,0.00263,-0.00148,-5e-05,-0.00252,-0.00113
14.98,0.00012,-0.00058,0.00037,-0.00025,-0.00013,0,0.0163,-0.00139,0.00045,-0.00231,-1e-05,-1e-05,1e-05,0.00251,-0.0001,-0.00137,3e-05,-1e-05,-4e-05,-0,0.00113,0.00487,0.00376,-0.00152,0.00021,-2e-05,-1e-05,-0.00837,0.0058,0.00338,-0.00246,3e-05,-0.00451,-0.00203
15,0.00035,-0.00066,0.00035,-0.0003,-0.00019,0,0.01649,-0.00132,0.00043,-0.00255,-0,-1e-05,1e-05,0.00302,-4e-05,-0.00136,-0.00013,-1e-05,-4e-05,-0,0.00046,0.00512,0.00416,-0.00123,0.00035,-2e-05,-1e-05,-0.0095,0.00325,0.00416,-0.0034,4e-05,-0.0056,-0.0026
15.02,0.00052,-0.00066,0.00029,-0.00036,-0.00024,0,0.01716,-0.00111,0.00036,-0.0027,1e-05,-2e-05,1e-05,0.00358,-0,-0.00134,-0.00028,-1e-05,-4e-05,0,-0.00011,0.00523,0.0045,-0.00089,0.00054,-2e-05,-0,-0.00649,-0.00122,0.00628,-0.00213,-2e-05,-0.00432,-0.00231
15.04,0.00066,-0.00054,0.00019,-0.00042,-0.00028,0,0.01785,-0.00081,0.00032,-0.00275,2e-05,-3e-05,2e-05,0.00412,2e-05,-0.0013,-0.0004,-1e-05,-4e-05,0,-0.00049,0.00519,0.00477,-0.00058,0.00077,-1e-05,0,-0.00139,-0.00699,0.00922,0.00127,-4e-05,-0.0023,-0.00154
15.06,0.00081,-0.00031,3e-05,-0.00047,-0.00032,0,0.01826,-0.00046,0.00032,-0.00272,3e-05,-4e-05,2e-05,0.00456,2e-05,-0.00122,-0.00049,-1e-05,-3e-05,0,-0.00065,0.00501,0.00493,-0.00035,0.00103,1e-05,1e-05,0.00195,-0.01248,0.01087,0.00551,-1e-05,-0.00084,-0.00084
15.08,0.00098,1e-05,-0.00018,-0.00052,-0.00035,0,0.0185,-0.0001,0.00038,-0.00255,4e-05,-5e-05,2e-05,0.0049,1e-05,-0.00112,-0.00057,-1e-05,-3e-05,0,-0.00058,0.00472,0.00497,-0.0002,0.00125,2e-05,2e-05,0.00238,-0.01644,0.01058,0.01092,3e-05,0.00031,-0.00015
15.1,0.00114,0.00037,-0.00042,-0.00055,-0.00035,0,0.01848,0.0002,0.00048,-0.00231,6e-05,-5e-05,3e-05,0.00511,-1e-05,-0.00099,-0.00062,-1e-05,-3e-05,0,-0.00041,0.00433,0.00491,-0.00014,0.00153,6e-05,4e-05,0.00034,-0.0184,0.00829,0.01428,5e-05,0.00076,0.00021
15.12,0.0013,0.00072,-0.0006,-0.00055,-0.00033,0,0.01732,0.00047,0.00059,-0.002,8e-05,-2e-05,3e-05,0.00517,-4e-05,-0.00086,-0.00065,-0,-2e-05,0,-0.0003,0.00385,0.0048,-0.00018,0.00211,0.00019,0.00012,-0.00096,-0.01854,0.00523,0.01303,6e-05,0.00052,0.00013
15.14,0.00149,0.00103,-0.00065,-0.00054,-0.00031,0,0.01457,0.00072,0.00071,-0.0014,9e-05,4e-05,2e-05,0.0051,-5e-05,-0.00073,-0.00066,-0,-2e-05,0,-0.00021,0.00332,0.0046,-0.00025,0.00279,0.00031,0.00019,-0.00093,-0.01735,0.00254,0.00992,6e-05,0.00021,-1e-05
15.16,0.00161,0.00126,-0.0007,-0.00051,-0.00027,0,0.0119,0.00087,0.00082,-0.0007,0.0001,9e-05,2e-05,0.0049,-4e-05,-0.0006,-0.00065,0,-2e-05,1e-05,-9e-05,0.00277,0.00428,-0.0003,0.00332,0.00035,0.00023,-0.00046,-0.01544,0.00062,0.00673,6e-05,7e-05,-6e-05
15.18,0.00162,0.00142,-0.00072,-0.00048,-0.00023,0,0.00949,0.00091,0.00089,3e-05,0.0001,0.00014,1e-05,0.0046,-3e-05,-0.00049,-0.00062,0,-1e-05,1e-05,-0,0.00223,0.0039,-0.00033,0.00385,0.00032,0.00024,0.00076,-0.01319,-0.00055,0.00378,5e-05,-1e-05,-7e-05
15.2,0.0015,0.00151,-0.00072,-0.00044,-0.00018,0,0.00748,0.00087,0.00093,0.0006,9e-05,0.00017,1e-05,0.00421,0,-0.00038,-0.00058,0,-1e-05,0,5e-05,0.0017,0.00336,-0.00032,0.00403,0.00017,0.00019,0.0022,-0.01108,-0.00121,0.00153,4e-05,-3e-05,-6e-05
15.22,0.00126,0.00159,-0.00071,-0.00039,-0.00013,0,0.00596,0.00079,0.00096,0.00088,8e-05,0.00019,1e-05,0.00375,3e-05,-0.0003,-0.00052,0,-1e-05,0,0.00012,0.0012,0.00258,-0.00027,0.00338,-4e-05,8e-05,0.00332,-0.00945,-0.00168,0.00032,3e-05,-3e-05,-4e-05
15.24,0.00092,0.00165,-0.00069,-0.00034,-9e-05,0,0.00478,0.00069,0.00096,0.00099,7e-05,0.00019,1e-05,0.00328,6e-05,-0.00024,-0.00045,0,-1e-05,0,0.00018,0.00079,0.00181,-0.00022,0.00253,-0.00018,-1e-05,0.00426,-0.00827,-0.00223,-1e-05,1e-05,-1e-05,-2e-05
15.26,0.00053,0.00168,-0.00064,-0.00029,-4e-05,0,0.00381,0.00058,0.0009,0.00104,5e-05,0.00018,0,0.00282,8e-05,-0.00018,-0.00037,0,-1e-05,0,0.00021,0.00047,0.00115,-0.00016,0.00182,-0.00024,-7e-05,0.00501,-0.00738,-0.003,0.00015,-2e-05,0,0
15.28,0.00011,0.00169,-0.00058,-0.00025,-1e-05,0,0.00297,0.0005,0.00082,0.00104,3e-05,0.00016,0,0.00239,9e-05,-0.00013,-0.00028,0,-1e-05,0,0.00023,0.00022,0.00057,-0.00011,0.00115,-0.00024,-0.00012,0.00535,-0.00678,-0.00413,0.0004,-7e-05,1e-05,1e-05
15.3,-0.00033,0.0017,-0.00051,-0.00022,3e-05,0,0.00225,0.00044,0.00068,0.00097,0,0.00014,0,0.00198,9e-05,-0.0001,-0.00019,0,-1e-05,0,0.00022,3e-05,5e-05,-7e-05,0.00054,-0.0002,-0.00015,0.00487,-0.00669,-0.00598,0.00052,-0.00012,1e-05,1e-05
15.32,-0.00077,0.00167,-0.00044,-0.00018,6e-05,0,0.00164,0.00039,0.00049,0.00081,-2e-05,0.00011,-0,0.00159,8e-05,-6e-05,-0.0001,-0,-1e-05,0,0.00019,-0.00013,-0.00045,-4e-05,-3e-05,-0.00014,-0.00017,0.00339,-0.0075,-0.00918,0.0006,-0.00018,-3e-05,-1e-05
15.34,-0.00122,0.00162,-0.00037,-0.00016,8e-05,0,0.00115,0.00036,0.00031,0.00062,-3e-05,8e-05,-0,0.00124,7e-05,-3e-05,-3e-05,-0,-1e-05,0,0.00015,-0.00028,-0.00093,0,-0.00058,-7e-05,-0.00018,0.00117,-0.00894,-0.01352,0.00088,-0.00024,-0.0001,-8e-05
15.36,-0.00168,0.00156,-0.00031,-0.00014,0.0001,0,0.00083,0.00034,0.00017,0.00048,-3e-05,6e-05,-0,0.00091,5e-05,-1e-05,4e-05,-0,-1e-05,0,0.0001,-0.00045,-0.00143,5e-05,-0.00112,1e-05,-0.00018,-0.00153,-0.01044,-0.01836,0.00144,-0.00029,-0.00021,-0.00017
15.38,-0.00216,0.0015,-0.00025,-0.00012,0.00012,0,0.00067,0.00033,7e-05,0.00035,-3e-05,4e-05,-0,0.00061,3e-05,2e-05,0.0001,-0,-1e-05,0,4e-05,-0.00065,-0.00195,0.00011,-0.00166,8e-05,-0.00018,-0.00439,-0.01167,-0.02311,0.00228,-0.00036,-0.00039,-0.00033
15.4,-0.00267,0.00142,-0.00021,-0.00011,0.00014,0,0.00066,0.00033,0,0.00025,-3e-05,2e-05,-0,0.00033,0,4e-05,0.00015,-0,-1e-05,0,-2e-05,-0.00089,-0.00246,0.00018,-0.00209,0.00014,-0.00016,-0.00663,-0.01272,-0.02614,0.00353,-0.00035,-0.0005,-0.00042
15.42,-0.00321,0.00134,-0.00017,-0.00011,0.00016,0,0.00078,0.00034,-4e-05,0.00018,-2e-05,1e-05,-0,6e-05,-2e-05,6e-05,0.00018,-0,-1e-05,0,-8e-05,-0.00119,-0.00288,0.00031,-0.00216,0.00018,-0.00011,-0.00669,-0.01339,-0.02441,0.00542,-9e-05,-0.0002,-0.00018
15.44,-0.0038,0.00126,-0.00015,-0.00011,0.00017,0,0.00098,0.00036,-8e-05,0.00014,-2e-05,1e-05,-0,-0.0002,-3e-05,8e-05,0.00021,-0,-1e-05,0,-0.00013,-0.00155,-0.00321,0.00049,-0.002,0.0002,-3e-05,-0.00483,-0.01253,-0.01797,0.0067,0.00035,0.00045,0.0003
15.46,-0.00439,0.00118,-0.00013,-0.00012,0.00018,0,0.0012,0.0004,-0.0001,0.00011,-1e-05,1e-05,-0,-0.00045,-4e-05,0.0001,0.00022,-0,-1e-05,0,-0.00018,-0.00199,-0.00349,0.00068,-0.0018,0.00021,3e-05,-0.00293,-0.01023,-0.00995,0.00686,0.00079,0.00122,0.00084
15.48,-0.00498,0.00109,-0.00012,-0.00013,0.00019,0,0.00141,0.00045,-0.00011,9e-05,0,0,-0,-0.00069,-5e-05,0.00012,0.00023,-0,-1e-05,0,-0.0002,-0.0025,-0.00372,0.00089,-0.00153,0.0002,9e-05,-0.00171,-0.00713,-0.0017,0.00696,0.00123,0.00217,0.00146
15.5,-0.00553,0.001,-0.0001,-0.00015,0.00019,0,0.00157,0.0005,-0.00012,9e-05,1e-05,0,-0,-0.00092,-5e-05,0.00014,0.00023,-0,-1e-05,0,-0.00021,-0.00308,-0.00385,0.00114,-0.00131,0.00018,0.00012,-0.00171,-0.00438,0.00291,0.00672,0.00147,0.00299,0.00192
15.52,-0.00601,0.00091,-8e-05,-0.00017,0.00019,0,0.00164,0.00057,-0.00012,9e-05,2e-05,0,0,-0.00112,-4e-05,0.00015,0.00023,-0,-1e-05,0,-0.00021,-0.0037,-0.00389,0.00146,-0.00127,0.00014,0.00011,-0.00199,-0.00293,0.00299,0.00519,0.00135,0.00324,0.00196
15.54,-0.00637,0.0008,-6e-05,-0.00019,0.00018,0,0.00163,0.00062,-0.00011,0.0001,2e-05,1e-05,0,-0.00128,-3e-05,0.00016,0.00023,-0,-1e-05,0,-0.00019,-0.00434,-0.00384,0.00182,-0.0013,9e-05,9e-05,-0.00202,-0.00218,0.0022,0.00358,0.00111,0.00322,0.00182
15.56,-0.00654,0.00066,-3e-05,-0.0002,0.00017,0,0.00152,0.00066,-0.0001,0.0001,2e-05,1e-05,0,-0.00142,-2e-05,0.00017,0.00023,-0,-1e-05,0,-0.00015,-0.00499,-0.00373,0.00217,-0.00133,3e-05,6e-05,-0.00209,-0.00169,0.00182,0.00257,0.00089,0.00319,0.00167
15.58,-0.0065,0.0005,-1e-05,-0.00021,0.00015,0,0.00135,0.00067,-9e-05,0.0001,2e-05,1e-05,0,-0.00152,-1e-05,0.00016,0.00023,-0,-0,0,-9e-05,-0.00563,-0.00357,0.00251,-0.00142,-3e-05,3e-05,-0.00242,-0.00149,0.00142,0.00178,0.00065,0.00305,0.00147
15.6,-0.00628,0.00032,1e-05,-0.00021,0.00013,0,0.00111,0.00066,-8e-05,0.0001,1e-05,0,0,-0.00159,0,0.00016,0.00024,-0,-0,-0,-2e-05,-0.00621,-0.00337,0.00285,-0.00145,-8e-05,-1e-05,-0.00296,-0.0015,0.00092,0.00113,0.00041,0.00283,0.00124
15.62,-0.00589,0.00016,2e-05,-0.0002,0.0001,0,0.00084,0.00063,-6e-05,9e-05,0,0,0,-0.00164,0,0.00015,0.00025,-0,-0,-0,6e-05,-0.00671,-0.00319,0.00322,-0.00128,-0.00011,-4e-05,-0.00348,-0.00163,0.00036,0.00055,0.00018,0.00251,0.00098
15.64,-0.00535,0,2e-05,-0.00018,7e-05,0,0.00056,0.00057,-4e-05,8e-05,-0,0,-0,-0.00166,0,0.00013,0.00027,-1e-05,-0,-0,0.00012,-0.00707,-0.00302,0.0036,-0.00103,-0.0001,-5e-05,-0.0039,-0.0018,-0.00015,3e-05,-7e-05,0.00203,0.00068
15.66,-0.00464,-0.00012,-0,-0.00015,4e-05,0,0.00028,0.00049,-3e-05,7e-05,-1e-05,-0,-0,-0.00166,0,0.00012,0.0003,-1e-05,-0,-0,0.00015,-0.00727,-0.00284,0.00393,-0.00082,-8e-05,-4e-05,-0.00427,-0.00195,-0.00063,-0.00044,-0.00034,0.00134,0.00033
15.68,-0.00382,-0.00022,-3e-05,-0.00011,1e-05,0,1e-05,0.00041,-1e-05,5e-05,-2e-05,-0,-0,-0.00163,-0,0.0001,0.00033,-1e-05,-0,-0,0.00016,-0.00727,-0.00267,0.00423,-0.00059,-5e-05,-3e-05,-0.00451,-0.00203,-0.0011,-0.00092,-0.00063,0.00039,-0.0001
15.7,-0.003,-0.00027,-7e-05,-7e-05,-2e-05,0,-0.00023,0.00032,-0,3e-05,-3e-05,-0,-0,-0.00158,-0,9e-05,0.00037,-1e-05,-0,-0,0.00013,-0.00703,-0.0025,0.0045,-0.00043,-3e-05,-2e-05,-0.00455,-0.00208,-0.00153,-0.00143,-0.00089,-0.00085,-0.00063
15.72,-0.0023,-0.00028,-0.0001,-3e-05,-5e-05,0,-0.00044,0.00023,1e-05,1e-05,-3e-05,-0,-0,-0.0015,-1e-05,7e-05,0.0004,-1e-05,-0,-1e-05,8e-05,-0.00647,-0.0023,0.00473,-0.00038,-3e-05,-1e-05,-0.00166,-0.00154,-0.00162,-0.00067,-0.00157,-0.00188,-0.00108
15.74,-0.00169,-0.00026,-0.00012,1e-05,-7e-05,0,-0.00059,0.00015,1e-05,-0,-3e-05,-0,-0,-0.00139,-1e-05,5e-05,0.00043,-1e-05,-0,-1e-05,3e-05,-0.00567,-0.00208,0.0049,-0.00036,-3e-05,-1e-05,0.00366,-0.00053,-0.00121,0.00209,-0.00304,-0.00202,-0.00124
15.76,-0.00118,-0.0002,-0.00013,6e-05,-8e-05,0,-0.0007,8e-05,2e-05,-2e-05,-3e-05,-0,-0,-0.00125,-2e-05,4e-05,0.00045,-1e-05,-0,-1e-05,-0,-0.00472,-0.00183,0.00498,-0.00033,-2e-05,-1e-05,0.01031,0.00069,-0.00023,0.00724,-0.0055,-0.00087,-0.00099
15.78,-0.00075,-0.00014,-0.00011,0.0001,-8e-05,0,-0.00076,2e-05,2e-05,-4e-05,-2e-05,-0,-0,-0.00109,-3e-05,2e-05,0.00046,-1e-05,-0,-1e-05,-1e-05,-0.0037,-0.00154,0.00495,-0.00031,-2e-05,-1e-05,0.01783,0.00206,0.00126,0.01551,-0.00913,0.00183,-0.00025
15.8,-0.00038,-8e-05,-8e-05,0.00015,-7e-05,0,-0.00079,-2e-05,2e-05,-5e-05,-2e-05,-0,-0,-0.00091,-5e-05,1e-05,0.00045,-1e-05,-0,-1e-05,2e-05,-0.00274,-0.00124,0.00485,-0.00029,-1e-05,-0,0.02529,0.00318,0.00387,0.02645,-0.01373,0.00646,0.00095
15.82,2e-05,-2e-05,-5e-05,0.0002,-5e-05,0,-0.00081,-5e-05,3e-05,-7e-05,-2e-05,-0,-0,-0.00072,-6e-05,0,0.00043,-0,-0,-1e-05,0.00014,-0.00201,-0.00097,0.00485,-0.00026,-0,0,0.03125,0.00358,0.00715,0.03603,-0.01847,0.0106,0.00124
15.84,0.00054,4e-05,-1e-05,0.00024,-3e-05,0,-0.00082,-7e-05,3e-05,-0.0001,-2e-05,-0,-0,-0.00052,-7e-05,-1e-05,0.00039,-0,-0,-1e-05,0.00033,-0.00147,-0.00072,0.00486,-0.00022,0,1e-05,0.03526,0.00334,0.00814,0.0409,-0.0228,0.0099,-0.0006
15.86,0.00127,0.00012,3e-05,0.00029,-1e-05,0,-0.00084,-8e-05,3e-05,-0.00012,-2e-05,-0,-0,-0.00031,-7e-05,-2e-05,0.00033,-0,-0,-2e-05,0.00043,-0.00106,-0.00047,0.00482,-0.00019,1e-05,1e-05,0.03765,0.00208,0.00612,0.04005,-0.02597,0.00477,-0.00389
15.88,0.00224,0.00021,6e-05,0.00033,2e-05,0,-0.00087,-9e-05,3e-05,-0.00014,-1e-05,0,-0,-0.00011,-7e-05,-3e-05,0.00027,-0,-0,-2e-05,0.0003,-0.00075,-0.00025,0.00477,-0.00015,1e-05,1e-05,0.03775,-0.00076,0.00101,0.0306,-0.02714,-0.00501,-0.00848
15.9,0.00339,0.00034,8e-05,0.00037,4e-05,0,-0.00091,-9e-05,3e-05,-0.00017,-1e-05,0,-0,8e-05,-6e-05,-4e-05,0.00019,-0,-0,-2e-05,-1e-05,-0.00053,-6e-05,0.00461,-0.00012,1e-05,1e-05,0.0365,-0.00556,-0.00434,0.01657,-0.02595,-0.01279,-0.01151
15.92,0.00453,0.00051,9e-05,0.0004,4e-05,-0,-0.00095,-9e-05,3e-05,-0.00018,-1e-05,0,-0,0.00025,-5e-05,-4e-05,0.00012,-0,0,-1e-05,-0.00031,-0.00037,8e-05,0.00427,-9e-05,2e-05,1e-05,0.03406,-0.01142,-0.00625,0.00602,-0.02267,-0.01241,-0.01076
15.94,0.00557,0.0007,8e-05,0.00043,4e-05,-0,-0.00098,-9e-05,3e-05,-0.00019,-1e-05,0,-0,0.00039,-4e-05,-5e-05,6e-05,0,0,-1e-05,-0.00071,-0.00024,0.00018,0.0038,-7e-05,2e-05,1e-05,0.02977,-0.01716,-0.0062,-0.00259,-0.01823,-0.00927,-0.00852
15.96,0.0065,0.00092,5e-05,0.00044,4e-05,-0,-0.00098,-9e-05,3e-05,-0.00019,-1e-05,0,-0,0.0005,-2e-05,-6e-05,-0,0,0,-0,-0.00135,-0.00012,0.00023,0.00321,-4e-05,2e-05,1e-05,0.02374,-0.02232,-0.00563,-0.01097,-0.01358,-0.00683,-0.00635
15.98,0.00723,0.00113,-0,0.00044,3e-05,-0,-0.00096,-0.0001,3e-05,-0.00019,-1e-05,0,0,0.00059,0,-6e-05,-5e-05,0,0,0,-0.00215,-2e-05,0.00022,0.0025,-2e-05,1e-05,1e-05,0.01671,-0.0259,-0.0045,-0.01734,-0.00928,-0.00442,-0.00421
16,0.00758,0.00133,-8e-05,0.00042,2e-05,-0,-0.00088,-0.00011,3e-05,-0.00018,-1e-05,0,0,0.00064,2e-05,-6e-05,-8e-05,0,-0,0,-0.00273,5e-05,0.00018,0.00155,-0,1e-05,1e-05,0.01064,-0.0275,-0.00313,-0.01969,-0.00578,-0.00246,-0.00239
16.02,0.00742,0.00146,-0.00019,0.0004,1e-05,0,-0.00076,-0.00014,2e-05,-0.00017,-1e-05,0,0,0.00068,4e-05,-7e-05,-0.0001,1e-05,-0,0,-0.00265,0.0001,0.00014,0.00038,2e-05,1e-05,1e-05,0.0068,-0.02727,-0.0019,-0.01773,-0.00324,-0.0011,-0.00105
16.04,0.00694,0.00154,-0.00031,0.00036,-0,0,-0.00058,-0.00017,2e-05,-0.00015,-1e-05,0,0,0.00071,5e-05,-7e-05,-0.0001,1e-05,-0,0,-0.00216,0.00011,0.0001,-0.00095,3e-05,1e-05,0,0.00411,-0.02505,-0.00106,-0.01433,-0.00154,-0.00024,-0.00017
16.06,0.00627,0.00156,-0.00043,0.00031,-1e-05,0,-0.00034,-0.00019,1e-05,-0.00013,-0,0,0,0.00073,5e-05,-7e-05,-0.0001,1e-05,-0,-0,-0.00142,9e-05,5e-05,-0.00251,4e-05,1e-05,0,0.00203,-0.02114,-0.00061,-0.01105,-0.00054,0.00021,0.00029
16.08,0.00541,0.00153,-0.00053,0.00025,-2e-05,0,-6e-05,-0.0002,0,-0.00011,-0,0,0,0.00076,5e-05,-7e-05,-8e-05,1e-05,-0,0,-0.00033,3e-05,-3e-05,-0.0042,5e-05,0,-0,0.00076,-0.01632,-0.0004,-0.00798,-5e-05,0.00037,0.00046
16.1,0.00438,0.00145,-0.00059,0.0002,-2e-05,0,0.00024,-0.00021,-0,-0.0001,0,0,0,0.00078,4e-05,-7e-05,-7e-05,1e-05,-0,0,0.00083,-7e-05,-0.00017,-0.00605,6e-05,-0,-1e-05,0.00017,-0.0115,-0.00031,-0.00537,0.00011,0.00036,0.00044
16.12,0.00321,0.00132,-0.00062,0.00015,-2e-05,0,0.00053,-0.0002,-1e-05,-9e-05,1e-05,0,0,0.0008,4e-05,-6e-05,-5e-05,1e-05,0,0,0.00172,-0.0002,-0.00035,-0.00795,7e-05,-1e-05,-1e-05,-1e-05,-0.0073,-0.00024,-0.00333,0.00012,0.00028,0.00034
16.14,0.00199,0.00116,-0.0006,0.0001,-2e-05,0,0.00078,-0.00017,-1e-05,-7e-05,1e-05,0,0,0.00082,3e-05,-6e-05,-5e-05,0,0,1e-05,0.00227,-0.0004,-0.0006,-0.00983,7e-05,-1e-05,-1e-05,-3e-05,-0.00389,-0.00015,-0.00189,7e-05,0.00018,0.00023
16.16,0.00077,0.001,-0.00055,7e-05,-1e-05,0,0.00098,-0.00014,-2e-05,-5e-05,2e-05,0,0,0.00083,3e-05,-5e-05,-5e-05,0,0,1e-05,0.00252,-0.00067,-0.00091,-0.01167,8e-05,-1e-05,-2e-05,-1e-05,-0.00129,-3e-05,-0.00093,3e-05,0.0001,0.00013
16.18,-0.00043,0.00083,-0.00047,4e-05,-1e-05,0,0.00111,-0.0001,-2e-05,-3e-05,2e-05,-0,0,0.00083,3e-05,-4e-05,-6e-05,-0,1e-05,1e-05,0.00254,-0.00103,-0.00127,-0.01323,7e-05,-1e-05,-2e-05,1e-05,0.00053,0.0001,-0.0003,0,4e-05,6e-05
16.2,-0.00159,0.00064,-0.00038,2e-05,0,0,0.00118,-7e-05,-3e-05,-0,2e-05,0,0,0.00082,3e-05,-3e-05,-7e-05,-0,1e-05,1e-05,0.00217,-0.00146,-0.00163,-0.01434,7e-05,-1e-05,-3e-05,1e-05,0.00172,0.00022,0.00011,0,1e-05,2e-05
16.22,-0.00266,0.00044,-0.00029,1e-05,1e-05,0,0.00119,-4e-05,-3e-05,3e-05,2e-05,0,0,0.00079,4e-05,-2e-05,-9e-05,0,1e-05,1e-05,0.00147,-0.00191,-0.00193,-0.01475,6e-05,-1e-05,-3e-05,0,0.00228,0.00029,0.00031,1e-05,-0,-0
16.24,-0.00363,0.00024,-0.0002,1e-05,1e-05,0,0.00114,-2e-05,-3e-05,6e-05,1e-05,0,0,0.00075,5e-05,-1e-05,-0.0001,2e-05,1e-05,1e-05,0.00083,-0.00231,-0.00214,-0.01421,5e-05,-0,-3e-05,2e-05,0.00221,0.00028,0.0003,1e-05,0,-0
16.26,-0.00444,5e-05,-0.00012,2e-05,2e-05,0,0.00103,-0,-3e-05,9e-05,1e-05,0,0,0.00068,6e-05,-0,-0.00011,3e-05,1e-05,0,0.00038,-0.00252,-0.00219,-0.0127,5e-05,-0,-2e-05,2e-05,0.00218,0.00028,0.00028,1e-05,0,-1e-05
16.28,-0.00508,-0.00013,-5e-05,3e-05,2e-05,0,0.00088,0,-3e-05,0.00011,0,0,0,0.00059,7e-05,0,-0.00011,4e-05,0,0,3e-05,-0.00245,-0.00203,-0.0102,4e-05,-0,-2e-05,0,0.00219,0.00029,0.00026,2e-05,0,-0
16.3,-0.00557,-0.0003,0,5e-05,2e-05,0,0.00071,0,-3e-05,0.00013,-0,0,0,0.0005,8e-05,1e-05,-0.00011,4e-05,0,-0,-0.00028,-0.00205,-0.00167,-0.00757,3e-05,-0,-1e-05,-2e-05,0.00225,0.00032,0.00023,2e-05,0,-0
16.32,-0.00594,-0.00046,5e-05,6e-05,2e-05,0,0.00052,-0,-2e-05,0.00013,-0,0,0,0.0004,9e-05,1e-05,-0.0001,3e-05,-0,-0,-0.00051,-0.00142,-0.00121,-0.00555,2e-05,-0,-1e-05,-3e-05,0.00238,0.00037,0.00019,1e-05,0,-0
16.34,-0.00615,-0.00061,9e-05,7e-05,3e-05,0,0.00033,-1e-05,-2e-05,0.00012,-1e-05,0,0,0.00031,9e-05,1e-05,-8e-05,2e-05,-0,-0,-0.00011,-0.00079,-0.00074,-0.00548,-1e-05,1e-05,0,-2e-05,0.00257,0.00044,0.00014,1e-05,0,-0
16.36,-0.00615,-0.00072,0.00012,8e-05,3e-05,0,0.00016,-2e-05,-1e-05,9e-05,-1e-05,0,-0,0.00022,7e-05,1e-05,-6e-05,1e-05,-0,-0,0.00165,-0.00032,-0.00036,-0.00699,-7e-05,2e-05,2e-05,1e-05,0.0028,0.00053,8e-05,1e-05,0,-0
16.38,-0.00595,-0.00079,0.00014,8e-05,3e-05,0,0,-3e-05,-1e-05,6e-05,-1e-05,0,-0,0.00014,5e-05,1e-05,-3e-05,1e-05,-0,0,0.00462,9e-05,-6e-05,-0.00759,-0.00012,4e-05,3e-05,6e-05,0.00307,0.00064,0,0,0,-0
16.4,-0.00562,-0.00081,0.00014,7e-05,3e-05,0,-0.00012,-4e-05,-0,3e-05,-1e-05,0,-0,8e-05,3e-05,1e-05,0,1e-05,-0,0,0.00873,0.0006,9e-05,-0.00578,-0.00017,6e-05,4e-05,0.00012,0.0034,0.00078,-7e-05,-0,0,0
16.42,-0.0052,-0.00078,0.00013,6e-05,4e-05,0,-0.00021,-4e-05,0,1e-05,-1e-05,0,-0,2e-05,-0,0,4e-05,1e-05,-0,0,0.01347,0.00148,6e-05,-0.00072,-0.00023,6e-05,4e-05,0.00018,0.00383,0.00095,-0.00013,-1e-05,0,0
16.44,-0.00468,-0.00069,0.00012,4e-05,4e-05,0,-0.00026,-4e-05,1e-05,-1e-05,-1e-05,0,-0,-2e-05,-3e-05,-0,7e-05,1e-05,0,1e-05,0.01869,0.00267,0,0.00605,-0.00034,5e-05,4e-05,0.00021,0.00431,0.00115,-0.00017,-3e-05,0,0
16.46,-0.00408,-0.00056,0.0001,3e-05,4e-05,0,-0.00025,-4e-05,1e-05,-3e-05,-0,0,-0,-5e-05,-5e-05,-1e-05,0.0001,0,0,1e-05,0.02473,0.00401,-0.00011,0.01278,-0.00051,3e-05,3e-05,0.0002,0.00478,0.00135,-0.00016,-4e-05,-0,0
16.48,-0.00343,-0.00041,7e-05,1e-05,4e-05,0,-0.00021,-2e-05,1e-05,-4e-05,-0,0,-0,-5e-05,-6e-05,-1e-05,0.00013,0,0,1e-05,0.03123,0.00523,-0.00035,0.01757,-0.00076,2e-05,2e-05,0.00016,0.00524,0.00156,-0.0001,-6e-05,-0,0
16.5,-0.00277,-0.00025,5e-05,-1e-05,4e-05,0,-0.00012,1e-05,2e-05,-4e-05,0,0,-0,-3e-05,-7e-05,-1e-05,0.00014,0,0,2e-05,0.03801,0.0058,-0.0008,0.01946,-0.00109,2e-05,3e-05,8e-05,0.00561,0.00174,3e-05,-8e-05,-0,-0
16.52,-0.00211,-0.00012,3e-05,-2e-05,4e-05,0,-1e-05,4e-05,2e-05,-4e-05,0,0,0,3e-05,-6e-05,-1e-05,0.00015,0,0,1e-05,0.04514,0.00503,-0.00157,0.01902,-0.00146,4e-05,5e-05,0,0.00587,0.00189,0.00023,-9e-05,-0,-0
16.54,-0.0015,-1e-05,2e-05,-3e-05,4e-05,0,0.00012,8e-05,2e-05,-3e-05,1e-05,0,0,0.00012,-5e-05,-2e-05,0.00014,0,0,1e-05,0.05204,0.00288,-0.0027,0.01644,-0.00183,8e-05,9e-05,-3e-05,0.00605,0.00201,0.0005,-0.00011,-0,-0
16.56,-0.00095,6e-05,0,-4e-05,4e-05,0,0.00026,0.00012,3e-05,-2e-05,1e-05,-0,0,0.00024,-4e-05,-2e-05,0.00012,-0,0,1e-05,0.05806,-0.00014,-0.00413,0.01231,-0.00217,0.00013,0.00014,-1e-05,0.00609,0.0021,0.00085,-0.00012,-0,-0
16.58,-0.00047,0.0001,-1e-05,-5e-05,4e-05,0,0.0004,0.00015,3e-05,-0,1e-05,-0,0,0.00038,-2e-05,-2e-05,9e-05,-0,-0,0,0.0627,-0.00383,-0.00586,0.00775,-0.00244,0.00019,0.00021,5e-05,0.00598,0.00214,0.00128,-0.00013,-0,-0
16.6,-5e-05,0.0001,-1e-05,-5e-05,3e-05,0,0.00053,0.00017,4e-05,2e-05,1e-05,-0,0,0.00052,-1e-05,-3e-05,6e-05,-0,-0,0,0.06569,-0.00785,-0.00781,0.00392,-0.00265,0.00024,0.00028,0.00014,0.00562,0.00215,0.0018,-0.00014,-0,-0
16.62,0.00035,7e-05,-3e-05,-5e-05,3e-05,0,0.00063,0.00016,4e-05,4e-05,1e-05,-0,0,0.00065,-0,-3e-05,3e-05,-0,-0,-0,0.06706,-0.01184,-0.00971,0.00129,-0.00283,0.00029,0.00033,0.00039,0.00495,0.00212,0.00247,-0.00013,0,-0
16.64,0.00074,-0,-4e-05,-4e-05,3e-05,0,0.0007,0.00014,5e-05,6e-05,1e-05,-0,0,0.00075,0,-2e-05,-0,-0,-0,-0,0.06645,-0.0154,-0.0113,-0.00038,-0.00297,0.00031,0.00037,0.0008,0.00402,0.00204,0.00324,-0.00013,0,-0
16.66,0.00117,-0.00011,-6e-05,-4e-05,2e-05,0,0.0007,0.0001,5e-05,8e-05,1e-05,-0,-0,0.0008,-0,-1e-05,-2e-05,-0,-0,-1e-05,0.06368,-0.01832,-0.01255,-0.00116,-0.00312,0.00032,0.00039,0.00122,0.00288,0.00187,0.00403,-0.00012,0,-0
16.68,0.0017,-0.00022,-9e-05,-3e-05,1e-05,0,0.00064,6e-05,5e-05,9e-05,1e-05,-0,0,0.0008,-0,0,-2e-05,-0,-0,-1e-05,0.05908,-0.02053,-0.01324,-0.00124,-0.00333,0.00031,0.00038,0.00154,0.00154,0.00161,0.00476,-0.00011,0,-0
16.7,0.00233,-0.00033,-0.00013,-1e-05,1e-05,0,0.0005,2e-05,4e-05,8e-05,0,-0,0,0.00074,-1e-05,3e-05,-2e-05,-0,-0,-1e-05,0.05345,-0.02178,-0.01337,-0.00085,-0.00364,0.00028,0.00035,0.00198,2e-05,0.00127,0.00536,-0.0001,0,-0
16.72,0.00305,-0.00042,-0.00016,0,0,0,0.00028,-1e-05,2e-05,3e-05,-0,0,0,0.00061,-1e-05,5e-05,0,1e-05,-0,-1e-05,0.0476,-0.02193,-0.01315,-0.00021,-0.0041,0.00024,0.00029,0.003,-0.00155,0.00085,0.00576,-8e-05,0,-0
16.74,0.00383,-0.00048,-0.00018,2e-05,1e-05,0,-3e-05,-2e-05,-2e-05,-5e-05,-0,0,0,0.00042,-1e-05,8e-05,4e-05,1e-05,-0,-0,0.04157,-0.02125,-0.0124,0.00041,-0.00477,0.00019,0.00021,0.00428,-0.00307,0.00038,0.0058,-7e-05,0,-0
16.76,0.00467,-0.00049,-0.00019,4e-05,2e-05,0,-0.00041,-2e-05,-0.0001,-0.00017,-0,0,0,0.00017,-1e-05,0.00011,9e-05,1e-05,-0,-0,0.03534,-0.01989,-0.01104,0.00081,-0.00566,0.00015,0.00012,0.00532,-0.00455,-0.00016,0.00543,-5e-05,0,-0
16.78,0.00551,-0.00044,-0.00019,7e-05,4e-05,0,-0.00083,-2e-05,-0.00021,-0.00032,0,0,0,-0.00015,-0,0.00015,0.00015,1e-05,-0,-0,0.02916,-0.01792,-0.00932,0.00093,-0.00677,0.00011,3e-05,0.00611,-0.00599,-0.00076,0.00476,-3e-05,1e-05,-0
16.8,0.00625,-0.00038,-0.00017,9e-05,7e-05,0,-0.00127,-5e-05,-0.00037,-0.00048,1e-05,0,0,-0.00052,0,0.00019,0.00023,1e-05,-0,-0,0.02353,-0.01527,-0.0074,0.00067,-0.00809,8e-05,-4e-05,0.00661,-0.00728,-0.00139,0.0038,-2e-05,1e-05,-0
16.82,0.00678,-0.00032,-0.00014,0.00011,0.00011,0,-0.00172,-0.00014,-0.00059,-0.00059,2e-05,0,0,-0.00093,0,0.00023,0.00032,0,-0,-0,0.01875,-0.01208,-0.00552,2e-05,-0.00957,6e-05,-9e-05,0.00679,-0.00828,-0.00196,0.00271,-0,2e-05,0
16.84,0.0071,-0.00026,-0.0001,0.00014,0.00015,0,-0.0022,-0.00031,-0.00087,-0.00061,3e-05,0,0,-0.00137,0,0.00027,0.00043,0,-0,0,0.01454,-0.00877,-0.00387,-0.00089,-0.0111,3e-05,-0.00012,0.00666,-0.00892,-0.00241,0.00174,1e-05,2e-05,0
16.86,0.00723,-0.00022,-5e-05,0.00016,0.0002,0,-0.00275,-0.00055,-0.00119,-0.00051,4e-05,0,0,-0.00183,-0,0.00031,0.00055,0,-0,0,0.01076,-0.00553,-0.00252,-0.00209,-0.01245,-0,-0.00014,0.00631,-0.00918,-0.00272,0.00097,3e-05,2e-05,1e-05
16.88,0.00718,-0.00019,-1e-05,0.00019,0.00024,0,-0.00343,-0.00086,-0.00156,-0.00029,5e-05,0,1e-05,-0.00231,-1e-05,0.00036,0.00069,0,-0,0,0.00746,-0.00244,-0.00148,-0.0036,-0.01325,-4e-05,-0.00013,0.0059,-0.00899,-0.00284,0.00038,3e-05,2e-05,1e-05
16.9,0.00688,-0.00017,4e-05,0.00021,0.00029,0,-0.00447,-0.00116,-0.00186,0.00012,6e-05,1e-05,0,-0.00279,-2e-05,0.0004,0.00084,0,-0,0,0.00488,0.00045,-0.00072,-0.00533,-0.01348,-8e-05,-0.00012,0.00554,-0.00839,-0.00275,-0.00012,3e-05,2e-05,1e-05
16.92,0.00631,-0.00018,9e-05,0.00024,0.00032,0,-0.00612,-0.00137,-0.00187,0.00079,6e-05,2e-05,0,-0.00323,-2e-05,0.00045,0.00102,0,0,0,0.0031,0.00298,-0.00021,-0.00703,-0.01328,-0.00011,-8e-05,0.00522,-0.00757,-0.00248,-0.00059,2e-05,1e-05,0
16.94,0.00563,-0.0002,0.00016,0.00027,0.00035,0,-0.00833,-0.00145,-0.00166,0.00159,6e-05,3e-05,0,-0.00359,-2e-05,0.0005,0.0012,0,0,0,0.00176,0.00509,9e-05,-0.00874,-0.01178,-0.00013,-4e-05,0.00484,-0.00666,-0.00217,-0.00117,1e-05,1e-05,0
16.96,0.00496,-0.00023,0.00022,0.00029,0.00034,0,-0.01092,-0.0014,-0.00133,0.00233,6e-05,3e-05,0,-0.00385,-2e-05,0.00054,0.00137,0,1e-05,0,0.00075,0.00685,0.00023,-0.01062,-0.00848,-0.00012,2e-05,0.00432,-0.00578,-0.00189,-0.00208,-2e-05,0,-0
16.98,0.00432,-0.00028,0.00028,0.00031,0.00033,0,-0.01372,-0.00121,-0.0009,0.00293,5e-05,4e-05,0,-0.00395,-1e-05,0.00056,0.00153,0,1e-05,-0,0.0001,0.00833,0.00028,-0.01248,-0.00381,-9e-05,9e-05,0.00357,-0.00504,-0.00174,-0.00342,-5e-05,-1e-05,-0
17,0.00374,-0.00034,0.00034,0.00032,0.00032,0,-0.01649,-0.00093,-0.00038,0.00338,4e-05,5e-05,0,-0.00381,0,0.00058,0.00164,0,2e-05,-0,-0.00027,0.00968,0.0003,-0.01471,0.00175,-6e-05,0.00017,0.00236,-0.00475,-0.00202,-0.00507,-8e-05,-1e-05,-1e-05
17.02,0.00329,-0.00038,0.00033,0.0003,0.00031,0,-0.01793,-0.00066,0.00013,0.00351,2e-05,5e-05,0,-0.00334,2e-05,0.00057,0.00171,0,4e-05,-0,-0.00023,0.01107,0.00041,-0.01801,0.00664,-3e-05,0.00023,0.0007,-0.00514,-0.00336,-0.00642,-0.00011,-4e-05,-5e-05
17.04,0.00292,-0.00041,0.00028,0.00027,0.00031,0,-0.0186,-0.0004,0.00047,0.00345,1e-05,5e-05,0,-0.00254,4e-05,0.00053,0.00172,1e-05,6e-05,-0,0.00014,0.01257,0.00057,-0.02204,0.00969,-1e-05,0.00028,-0.00114,-0.00594,-0.00594,-0.00679,-0.00013,-8e-05,-0.00011
17.06,0.00256,-0.00042,0.00021,0.00022,0.00031,0,-0.01899,-0.00016,0.00064,0.00327,1e-05,5e-05,0,-0.00142,6e-05,0.00048,0.00165,1e-05,8e-05,-0,0.0006,0.01424,0.00076,-0.02633,0.011,1e-05,0.00031,-0.0031,-0.0067,-0.00964,-0.00603,-0.00014,-0.00017,-0.00023
17.08,0.0022,-0.00041,0.00013,0.00016,0.00031,0,-0.01904,5e-05,0.00067,0.003,0,5e-05,0,-3e-05,8e-05,0.0004,0.00152,1e-05,0.00011,-0,0.00103,0.01615,0.001,-0.03107,0.01062,-0,0.00033,-0.00516,-0.0071,-0.01411,-0.0043,-0.00015,-0.00032,-0.00042
17.1,0.00179,-0.00036,5e-05,9e-05,0.00031,0,-0.01898,0.0002,0.00059,0.00262,-0,5e-05,-0,0.0015,8e-05,0.00032,0.00132,2e-05,0.00014,-0,0.00133,0.01821,0.0013,-0.03629,0.0093,-3e-05,0.00034,-0.00687,-0.00706,-0.01744,-0.00146,-0.00012,-0.0004,-0.00057
17.12,0.00131,-0.00029,-3e-05,3e-05,0.00031,0,-0.01914,0.00033,0.00045,0.00214,0,5e-05,-0,0.00312,8e-05,0.00022,0.00106,3e-05,0.00017,-0,0.00142,0.02022,0.00162,-0.04184,0.00794,-7e-05,0.00035,-0.00685,-0.00659,-0.01667,0.00239,5e-05,-0.00014,-0.00043
17.14,0.00075,-0.00022,-9e-05,-4e-05,0.00031,0,-0.01921,0.00044,0.00029,0.0015,1e-05,5e-05,-1e-05,0.00474,6e-05,0.00013,0.00079,4e-05,0.0002,0,0.00127,0.02225,0.002,-0.04776,0.00648,-0.00013,0.00036,-0.00532,-0.00571,-0.01198,0.00506,0.00029,0.00039,-7e-05
17.16,0.00014,-0.00016,-0.00017,-0.0001,0.0003,0,-0.01783,0.00051,0.00018,0.00065,2e-05,5e-05,-1e-05,0.00621,5e-05,3e-05,0.00051,5e-05,0.00022,0,0.00084,0.02442,0.00246,-0.05401,0.00495,-0.0002,0.00037,-0.0037,-0.00472,-0.00584,0.00585,0.00051,0.00097,0.00035
17.18,-0.00052,-0.00013,-0.00023,-0.00015,0.00029,-0,-0.01582,0.00055,9e-05,-0.00023,3e-05,5e-05,-1e-05,0.00745,3e-05,-6e-05,0.00025,6e-05,0.00024,0,0.00013,0.02678,0.00295,-0.06052,0.00358,-0.00026,0.00037,-0.00254,-0.00362,0.00079,0.00581,0.00071,0.00163,0.00086
17.2,-0.00118,-0.00012,-0.00026,-0.00019,0.00026,-0,-0.01374,0.00055,4e-05,-0.00108,4e-05,6e-05,-1e-05,0.00846,1e-05,-0.00013,1e-05,7e-05,0.00025,0,-0.00085,0.02933,0.00347,-0.06747,0.00243,-0.00032,0.00037,-0.00239,-0.00251,0.00445,0.00508,0.00077,0.0021,0.00126
17.22,-0.00176,-0.00015,-0.00026,-0.00022,0.00022,-0,-0.01205,0.00051,2e-05,-0.00184,5e-05,7e-05,-0,0.00928,-0,-0.0002,-0.00019,8e-05,0.00026,0,-0.00218,0.03203,0.00401,-0.07503,0.00152,-0.00038,0.00036,-0.00249,-0.00181,0.00373,0.00364,0.00061,0.00205,0.0013
17.24,-0.00219,-0.00021,-0.00024,-0.00026,0.00018,-0,-0.01049,0.00045,1e-05,-0.00248,6e-05,8e-05,-0,0.00982,-2e-05,-0.00025,-0.00034,8e-05,0.00026,0,-0.00387,0.03484,0.00443,-0.083,0.00089,-0.00042,0.00033,-0.00238,-0.0013,0.00221,0.00238,0.00041,0.00175,0.0012
17.26,-0.00242,-0.00029,-0.0002,-0.00028,0.00014,-0,-0.00884,0.00038,1e-05,-0.00303,6e-05,9e-05,-0,0.00997,-2e-05,-0.00028,-0.00044,8e-05,0.00025,0,-0.00585,0.03771,0.00461,-0.09111,0.0005,-0.00045,0.0003,-0.00226,-0.00078,0.00128,0.00159,0.00024,0.00141,0.00107
17.28,-0.00241,-0.00038,-0.00014,-0.00028,0.0001,-0,-0.00722,0.00031,2e-05,-0.00347,7e-05,0.0001,-0,0.00981,-2e-05,-0.0003,-0.00049,8e-05,0.00024,0,-0.00796,0.04035,0.00462,-0.09921,0.00032,-0.00045,0.00026,-0.00224,-0.00045,0.00055,0.00093,9e-05,0.00098,0.00084
17.3,-0.00218,-0.00048,-9e-05,-0.00028,6e-05,-0,-0.00577,0.00025,5e-05,-0.00382,8e-05,0.00011,-0,0.0094,-0,-0.0003,-0.00051,7e-05,0.00022,0,-0.01005,0.0421,0.00439,-0.10778,0.0003,-0.00043,0.00021,-0.00162,0.00024,3e-05,4e-05,4e-05,0.00043,0.00044
17.32,-0.00178,-0.00057,-3e-05,-0.00027,4e-05,0,-0.00459,0.00019,0.00011,-0.00409,8e-05,0.00011,0,0.00879,2e-05,-0.00029,-0.0005,5e-05,0.0002,0,-0.01185,0.04224,0.00384,-0.1173,0.00038,-0.00041,0.00017,1e-05,0.00163,-5e-05,0.00076,-0.0002,2e-05,-6e-05
17.34,-0.00125,-0.00064,2e-05,-0.00025,1e-05,0,-0.00358,0.00013,0.00018,-0.00429,9e-05,0.00011,0,0.00808,4e-05,-0.00028,-0.00047,4e-05,0.00019,0,-0.01288,0.04069,0.00323,-0.12658,0.0005,-0.00037,0.00012,0.00252,0.00322,0.00058,0.00432,-0.00101,0.00023,-0.0005
17.36,-0.00066,-0.00069,5e-05,-0.00022,-1e-05,0,-0.00265,0.0001,0.00025,-0.00443,0.0001,0.00011,0,0.00733,6e-05,-0.00026,-0.00044,3e-05,0.00017,0,-0.01264,0.03756,0.00271,-0.13421,0.00061,-0.00033,9e-05,0.00619,0.00495,0.00208,0.01134,-0.00269,0.00163,-0.00067
17.38,-0.00012,-0.0007,6e-05,-0.00019,-2e-05,0,-0.00181,7e-05,0.0003,-0.0045,0.0001,0.00011,0,0.00659,8e-05,-0.00024,-0.0004,2e-05,0.00015,0,-0.01091,0.03299,0.00217,-0.1392,0.00065,-0.00029,6e-05,0.01124,0.00683,0.00416,0.02218,-0.00552,0.00482,-0.00026
17.4,0.00027,-0.00069,5e-05,-0.00015,-3e-05,0,-0.00114,5e-05,0.00033,-0.0045,0.0001,0.00011,0,0.00589,9e-05,-0.00022,-0.00036,2e-05,0.00013,0,-0.00764,0.02718,0.00163,-0.14008,0.0006,-0.00026,3e-05,0.01779,0.00824,0.00779,0.0366,-0.00957,0.00992,0.00085
17.42,0.0004,-0.00066,3e-05,-0.00012,-4e-05,0,-0.00063,5e-05,0.00033,-0.0044,0.00011,0.0001,-0,0.00525,0.0001,-0.00021,-0.00034,2e-05,0.00011,0,-0.00321,0.02058,0.0011,-0.13555,0.00043,-0.00022,1e-05,0.02551,0.00878,0.01402,0.05317,-0.015,0.01435,0.00133
17.44,0.00031,-0.00061,1e-05,-8e-05,-4e-05,0,-0.00024,6e-05,0.00029,-0.00422,0.00011,0.0001,-0,0.0047,0.00011,-0.0002,-0.00033,1e-05,9e-05,0,0.00158,0.01428,0.00057,-0.12493,0.00018,-0.00019,-1e-05,0.03415,0.00961,0.01821,0.06878,-0.02145,0.01421,-2e-05
17.46,6e-05,-0.00055,-1e-05,-4e-05,-4e-05,0,5e-05,9e-05,0.0002,-0.00394,0.00011,9e-05,-0,0.00426,0.0001,-0.00019,-0.00032,1e-05,7e-05,0,0.00577,0.00905,0.0001,-0.10851,-8e-05,-0.00016,-3e-05,0.04393,0.01099,0.01805,0.08052,-0.02742,0.00981,-0.00256
17.48,-0.00027,-0.00049,-1e-05,1e-05,-4e-05,0,0.00027,0.00013,7e-05,-0.00359,0.00011,8e-05,-0,0.0039,8e-05,-0.00018,-0.00031,1e-05,5e-05,0,0.00852,0.00513,-0.00027,-0.08772,-0.00028,-0.00013,-4e-05,0.05443,0.01297,0.01314,0.08564,-0.03188,0.00049,-0.00646
17.5,-0.00054,-0.00043,-0,6e-05,-3e-05,0,0.00039,0.00018,-6e-05,-0.00318,0.00011,7e-05,-0,0.0036,6e-05,-0.00017,-0.0003,1e-05,3e-05,-0,0.00925,0.00261,-0.0004,-0.06465,-0.00041,-0.0001,-4e-05,0.06531,0.01437,0.00635,0.08224,-0.03341,-0.00782,-0.0093
17.52,-0.00062,-0.00035,1e-05,0.00012,-3e-05,0,0.00042,0.00022,-0.00013,-0.00277,0.00011,7e-05,-0,0.00334,4e-05,-0.00016,-0.00028,1e-05,1e-05,-0,0.00805,0.00117,-0.00032,-0.04177,-0.00045,-7e-05,-3e-05,0.07514,0.01346,0.00224,0.07215,-0.03159,-0.00893,-0.00899
17.54,-0.00039,-0.00026,3e-05,0.00019,-2e-05,0,0.00041,0.00024,-0.00016,-0.00237,0.00011,7e-05,-0,0.0031,1e-05,-0.00014,-0.00026,1e-05,-1e-05,-0,0.00566,0.0004,-0.00023,-0.02133,-0.00039,-4e-05,-2e-05,0.08252,0.0111,5e-05,0.05738,-0.02779,-0.00735,-0.00744
17.56,0.00024,-0.00016,5e-05,0.00026,-1e-05,0,0.0004,0.00025,-0.00016,-0.00197,0.00011,7e-05,-0,0.00285,-1e-05,-0.00013,-0.00023,1e-05,-2e-05,-0,0.00278,7e-05,-0.00013,-0.00527,-0.00027,-2e-05,-1e-05,0.08677,0.00823,-0.00157,0.03999,-0.02325,-0.00614,-0.00594
17.58,0.00131,-6e-05,5e-05,0.00034,-1e-05,0,0.00038,0.00024,-0.00011,-0.00158,0.0001,7e-05,0,0.00262,-3e-05,-0.00011,-0.00019,0,-3e-05,-0,0.00011,-1e-05,-4e-05,0.00477,-0.00015,-0,-1e-05,0.08664,0.00478,-0.00214,0.02134,-0.01844,-0.00458,-0.00433
17.6,0.00269,1e-05,3e-05,0.00041,-1e-05,0,0.00036,0.00021,-3e-05,-0.00126,9e-05,7e-05,0,0.0024,-3e-05,-9e-05,-0.00015,0,-4e-05,-0,-0.0003,2e-05,1e-05,0.00415,-0.0001,1e-05,-0,0.08263,0.00113,-0.00169,0.00582,-0.01396,-0.00296,-0.00276
17.62,0.00418,-1e-05,-1e-05,0.00043,-1e-05,0,0.00034,0.00016,5e-05,-0.00107,8e-05,7e-05,0,0.00222,-3e-05,-8e-05,-0.00013,-0,-5e-05,-0,-0.00068,-0,-3e-05,0.00328,-7e-05,2e-05,0,0.07614,-0.00236,-0.00073,-0.00347,-0.01018,-0.00156,-0.00139
17.64,0.00554,-8e-05,-8e-05,0.00043,-1e-05,0,0.00031,0.00012,0.00012,-0.00093,6e-05,7e-05,0,0.00211,-2e-05,-7e-05,-0.0001,-0,-5e-05,-0,-0.00105,-2e-05,-0.00011,0.00229,-4e-05,2e-05,1e-05,0.06677,-0.00532,2e-05,-0.00947,-0.00708,-0.00047,-0.00032
17.66,0.00658,-0.00018,-0.00019,0.00039,-0,0,0.00026,8e-05,0.00016,-0.00078,5e-05,6e-05,0,0.00207,-1e-05,-7e-05,-8e-05,-1e-05,-5e-05,-0,-0.00145,-2e-05,-0.00019,0.00124,-2e-05,3e-05,1e-05,0.05475,-0.00756,0.00042,-0.01416,-0.00464,0.00027,0.00045
17.68,0.00721,-0.00029,-0.00034,0.00033,-0,0,0.0002,5e-05,0.00019,-0.00064,3e-05,5e-05,0,0.0021,-0,-7e-05,-7e-05,-1e-05,-5e-05,-0,-0.00176,-2e-05,-0.00026,8e-05,-1e-05,3e-05,1e-05,0.04141,-0.00894,0.00048,-0.0174,-0.00281,0.00072,0.00096
17.7,0.00722,-0.00038,-0.00052,0.00026,0,0,0.00014,4e-05,0.00018,-0.00051,2e-05,3e-05,0,0.00218,0,-8e-05,-5e-05,-0,-4e-05,-0,-0.00177,-1e-05,-0.0003,-0.00124,1e-05,4e-05,1e-05,0.02961,-0.00964,0.00034,-0.01856,-0.00152,0.00094,0.00126
17.72,0.00655,-0.00042,-0.00068,0.00018,1e-05,0,0.0001,3e-05,0.00015,-0.0004,1e-05,1e-05,0,0.00228,0,-9e-05,-4e-05,-0,-4e-05,-0,-0.00131,-2e-05,-0.00028,-0.00263,2e-05,6e-05,2e-05,0.02128,-0.0101,0.00017,-0.01761,-0.00068,0.00103,0.0014
17.74,0.0056,-0.00042,-0.00082,0.0001,1e-05,0,8e-05,3e-05,0.00012,-0.00032,-0,0,0,0.00237,-0,-0.0001,-3e-05,-0,-3e-05,-0,-0.00058,-2e-05,-0.0002,-0.00415,2e-05,8e-05,3e-05,0.0149,-0.01028,3e-05,-0.01619,-0.00017,0.00103,0.00143
17.76,0.00458,-0.00038,-0.0009,3e-05,2e-05,0,5e-05,3e-05,9e-05,-0.00024,-1e-05,-1e-05,0,0.00245,-0,-0.00011,-2e-05,-0,-3e-05,-0,0.0002,-1e-05,-6e-05,-0.00595,3e-05,0.00011,5e-05,0.0096,-0.01005,-8e-05,-0.01519,9e-05,0.00095,0.00137
17.78,0.00353,-0.0003,-0.00093,-3e-05,3e-05,0,4e-05,3e-05,7e-05,-0.00018,-1e-05,-1e-05,0,0.00248,-1e-05,-0.00012,-1e-05,-0,-2e-05,-0,0.001,2e-05,9e-05,-0.00805,3e-05,0.00016,7e-05,0.00572,-0.0095,-0.00016,-0.01446,0.00018,0.00084,0.00126
17.8,0.00249,-0.00021,-0.0009,-8e-05,3e-05,0,3e-05,4e-05,6e-05,-0.00013,-1e-05,-1e-05,0,0.00247,-1e-05,-0.00012,-0,-0,-1e-05,-0,0.0015,3e-05,0.00018,-0.01039,2e-05,0.00022,9e-05,0.00304,-0.00899,-0.00015,-0.01407,0.00014,0.00072,0.00113
17.82,0.00149,-0.00013,-0.00081,-0.00012,4e-05,0,2e-05,5e-05,5e-05,-9e-05,-1e-05,-1e-05,-0,0.00241,-1e-05,-0.00011,0,-0,-0,-0,0.00149,-1e-05,9e-05,-0.01272,2e-05,0.00029,0.00011,0.0013,-0.0088,-7e-05,-0.01407,3e-05,0.00062,0.00099
17.84,0.00055,-6e-05,-0.00069,-0.00015,4e-05,0,1e-05,5e-05,4e-05,-7e-05,-1e-05,-2e-05,-0,0.0023,-1e-05,-0.0001,1e-05,-0,0,-0,0.00112,-0.00017,-0.00031,-0.01469,1e-05,0.00034,0.00012,0.00032,-0.00873,-0,-0.01439,-0.00012,0.00053,0.00086
17.86,-0.00032,-2e-05,-0.00056,-0.00018,4e-05,0,1e-05,6e-05,4e-05,-5e-05,-1e-05,-1e-05,-0,0.00214,-1e-05,-8e-05,2e-05,-0,1e-05,-0,0.00052,-0.00049,-0.00106,-0.01605,1e-05,0.00036,0.00011,-0.00014,-0.00858,1e-05,-0.01497,-0.00028,0.00044,0.00073
17.88,-0.00112,0,-0.00043,-0.00021,3e-05,-0,1e-05,6e-05,3e-05,-3e-05,-1e-05,-1e-05,-0,0.00194,-1e-05,-7e-05,3e-05,-0,1e-05,-0,-0.00028,-0.00093,-0.00208,-0.0164,0,0.00031,8e-05,-0.00032,-0.00844,-3e-05,-0.01574,-0.00043,0.00035,0.00062
17.9,-0.00184,-1e-05,-0.00031,-0.00023,3e-05,-0,2e-05,6e-05,3e-05,-2e-05,-1e-05,-1e-05,-0,0.00171,0,-5e-05,3e-05,-0,1e-05,-0,-0.00111,-0.00139,-0.00299,-0.01563,-0,0.0002,8e-05,-0.00046,-0.00848,-0.00013,-0.01661,-0.00056,0.00028,0.00051
17.92,-0.00247,-4e-05,-0.00022,-0.00024,2e-05,-0,2e-05,5e-05,3e-05,-0,-0,-1e-05,-0,0.00148,1e-05,-3e-05,3e-05,-0,1e-05,-0,-0.00145,-0.00169,-0.00317,-0.01357,-1e-05,0.00014,0.00021,-0.00075,-0.00885,-0.0003,-0.01748,-0.00065,0.00022,0.00042
17.94,-0.003,-7e-05,-0.00014,-0.00025,2e-05,-0,2e-05,5e-05,2e-05,1e-05,-0,-1e-05,-0,0.00124,2e-05,-2e-05,3e-05,-0,1e-05,-0,-0.00126,-0.00162,-0.00269,-0.01028,-1e-05,8e-05,0.00034,-0.00139,-0.00949,-0.00057,-0.01821,-0.00071,0.00017,0.00034
17.96,-0.00342,-0.00011,-8e-05,-0.00025,1e-05,-0,3e-05,4e-05,2e-05,2e-05,-0,-1e-05,-0,0.00101,3e-05,-1e-05,3e-05,-0,1e-05,0,-0.00079,-0.00122,-0.00207,-0.00685,-0,-3e-05,0.00034,-0.00251,-0.01035,-0.0009,-0.01868,-0.00073,0.00012,0.00028
17.98,-0.00374,-0.00015,-3e-05,-0.00024,1e-05,-0,4e-05,3e-05,1e-05,2e-05,-0,-1e-05,-0,0.00078,4e-05,-1e-05,3e-05,-0,1e-05,0,0.0003,-0.00071,-0.00156,-0.00593,0,-4e-05,0.00011,-0.00415,-0.01137,-0.00127,-0.01872,-0.00071,9e-05,0.00022
18,-0.00401,-0.00018,1e-05,-0.00022,1e-05,0,4e-05,2e-05,1e-05,3e-05,-0,-1e-05,-0,0.00057,4e-05,-1e-05,2e-05,-0,0,0,0.00115,-0.00037,-0.00131,-0.00673,0,0.00029,-0.00038,-0.00632,-0.01269,-0.00173,-0.01829,-0.00064,6e-05,0.00017
18.02,-0.00432,-0.00021,5e-05,-0.0002,0,0,3e-05,1e-05,1e-05,4e-05,-0,-1e-05,-0,0.00038,4e-05,-0,2e-05,-0,-0,0,0.00141,-0.00028,-0.00109,-0.00714,-3e-05,0.00134,-0.00086,-0.00905,-0.01447,-0.00234,-0.01741,-0.00054,4e-05,0.00013
18.04,-0.00463,-0.00022,9e-05,-0.00018,0,0,1e-05,-0,0,5e-05,-0,-1e-05,-0,0.00021,3e-05,-0,1e-05,-0,-1e-05,0,0.00105,-0.00011,-0.00046,-0.00471,-0.0001,0.003,-0.00112,-0.01206,-0.01638,-0.00301,-0.01593,-0.00041,2e-05,9e-05
18.06,-0.00489,-0.0002,0.00013,-0.00014,0,0,-2e-05,-1e-05,-0,5e-05,-1e-05,-1e-05,-0,6e-05,3e-05,-0,1e-05,-0,-1e-05,0,0.0001,0.00037,0.00065,0.00039,-0.00022,0.00474,-0.00125,-0.01498,-0.01802,-0.00361,-0.01387,-0.00027,1e-05,7e-05
18.08,-0.00511,-0.00015,0.00016,-0.0001,-0,0,-6e-05,-2e-05,-0,5e-05,-1e-05,-1e-05,-0,-7e-05,2e-05,-0,0,-0,-2e-05,0,-0.00121,0.00126,0.00206,0.0076,-0.0004,0.00599,-0.00118,-0.01762,-0.01931,-0.00412,-0.01148,-0.00015,-0,5e-05
18.1,-0.00528,-8e-05,0.00018,-6e-05,-0,0,-0.00012,-4e-05,-0,5e-05,-1e-05,-2e-05,-0,-0.0002,2e-05,-1e-05,0,0,-2e-05,-0,-0.00231,0.00261,0.00356,0.01568,-0.00064,0.00652,-0.00098,-0.01974,-0.02033,-0.00453,-0.00905,-5e-05,-1e-05,3e-05
18.12,-0.00538,0,0.0002,-1e-05,-1e-05,0,-0.00018,-5e-05,-0,5e-05,-1e-05,-2e-05,-0,-0.00033,1e-05,-1e-05,-0,0,-3e-05,-0,-0.00243,0.00433,0.00503,0.02295,-0.00095,0.00665,-0.00067,-0.02109,-0.02119,-0.00481,-0.00694,-0,-1e-05,2e-05
18.14,-0.00541,0.0001,0.0002,3e-05,-1e-05,0,-0.00024,-6e-05,-0,5e-05,-2e-05,-2e-05,0,-0.00045,0,-1e-05,-0,0,-3e-05,-0,-0.00094,0.00618,0.00614,0.028,-0.00132,0.00628,-0.00029,-0.02163,-0.02155,-0.00489,-0.00553,-0,-1e-05,2e-05
18.16,-0.00533,0.00019,0.0002,7e-05,-2e-05,0,-0.00032,-8e-05,-0,4e-05,-2e-05,-2e-05,0,-0.00058,0,-1e-05,-0,0,-3e-05,-0,0.00259,0.00786,0.00649,0.03062,-0.00179,0.00537,7e-05,-0.02127,-0.02111,-0.00474,-0.00504,-5e-05,-2e-05,2e-05
18.18,-0.00516,0.00028,0.00019,0.00011,-3e-05,0,-0.00041,-9e-05,-0,2e-05,-2e-05,-2e-05,0,-0.00071,-0,-1e-05,-0,0,-3e-05,-0,0.00835,0.00908,0.00604,0.03043,-0.00238,0.00422,0.00034,-0.01988,-0.01981,-0.00436,-0.00552,-0.00014,-2e-05,2e-05
18.2,-0.00497,0.00034,0.00017,0.00015,-4e-05,0,-0.0005,-0.00011,-0,1e-05,-1e-05,-2e-05,-0,-0.00082,-0,-2e-05,-0,0,-3e-05,-0,0.01607,0.00956,0.00472,0.02787,-0.00314,0.00304,0.00049,-0.01739,-0.01753,-0.00382,-0.00679,-0.00026,-2e-05,1e-05
18.22,-0.00482,0.00038,0.00015,0.00019,-5e-05,0,-0.00056,-0.00012,-0,-0,-1e-05,-1e-05,-0,-0.0009,-0,-2e-05,-0,0,-3e-05,-0,0.02495,0.00912,0.00276,0.02403,-0.00413,0.00199,0.00052,-0.01397,-0.01432,-0.00315,-0.00841,-0.00037,-2e-05,1e-05
18.24,-0.00463,0.00039,0.00012,0.00022,-6e-05,0,-0.00062,-0.00013,0,-1e-05,-1e-05,-1e-05,-0,-0.00095,-0,-2e-05,0,0,-3e-05,-0,0.03391,0.00778,0.00053,0.01922,-0.00538,0.00115,0.00046,-0.01001,-0.01045,-0.00241,-0.00981,-0.00046,-2e-05,1e-05
18.26,-0.00434,0.00039,9e-05,0.00025,-7e-05,0,-0.00067,-0.00014,0,-2e-05,-1e-05,-1e-05,-0,-0.00095,0,-3e-05,0,0,-2e-05,-0,0.04193,0.00561,-0.00176,0.01381,-0.00692,0.00055,0.00035,-0.00607,-0.00638,-0.00165,-0.01038,-0.00052,-2e-05,0
18.28,-0.00393,0.00036,6e-05,0.00027,-9e-05,0,-0.00071,-0.00015,1e-05,-3e-05,-1e-05,-1e-05,-0,-0.0009,0,-3e-05,0,0,-2e-05,0,0.04791,0.00279,-0.00391,0.00845,-0.00872,0.00014,0.00021,-0.0027,-0.00259,-0.00091,-0.00968,-0.00053,-1e-05,0
18.3,-0.00333,0.00031,3e-05,0.00029,-0.0001,0,-0.00073,-0.00015,1e-05,-3e-05,-1e-05,-1e-05,-0,-0.00082,0,-4e-05,-0,0,-1e-05,0,0.05145,-0.00038,-0.00577,0.00412,-0.01076,-0.0001,8e-05,-0.00027,0.00053,-0.00026,-0.00756,-0.0005,-1e-05,-0
18.32,-0.00246,0.00023,1e-05,0.0003,-0.00012,0,-0.00072,-0.00014,1e-05,-3e-05,-1e-05,-0,-0,-0.00071,-0,-4e-05,0,0,-1e-05,0,0.05285,-0.0036,-0.00714,0.0013,-0.01297,-0.00024,-3e-05,0.0011,0.00271,0.0003,-0.00415,-0.00043,-0,-0
18.34,-0.00131,0.00012,-1e-05,0.0003,-0.00013,0,-0.00068,-0.00013,2e-05,-3e-05,-0,-0,-0,-0.00056,-1e-05,-5e-05,0,0,-0,0,0.05195,-0.00672,-0.00786,-0.00055,-0.01515,-0.00029,-0.00011,0.00159,0.00389,0.00075,0.00017,-0.00034,-0,0
18.36,0.0002,-3e-05,-2e-05,0.00028,-0.00015,0,-0.00062,-0.00012,2e-05,-3e-05,0,0,-0,-0.0004,-2e-05,-6e-05,0,0,0,0,0.04871,-0.00971,-0.00791,-0.0018,-0.017,-0.0003,-0.00018,0.00171,0.0039,0.00099,0.00382,-0.00024,0,0
18.38,0.00211,-0.00021,-5e-05,0.00026,-0.00017,0,-0.00053,-0.0001,2e-05,-4e-05,2e-05,1e-05,0,-0.00021,-3e-05,-7e-05,1e-05,0,1e-05,0,0.04347,-0.01247,-0.00738,-0.00263,-0.01801,-0.00026,-0.00021,0.00222,0.00296,0.00094,0.00489,-0.00015,-0,0
18.4,0.0044,-0.00038,-8e-05,0.00022,-0.00019,0,-0.00042,-7e-05,3e-05,-4e-05,4e-05,1e-05,0,-1e-05,-4e-05,-8e-05,1e-05,0,1e-05,0,0.0377,-0.01465,-0.00634,-0.00302,-0.01815,-0.00023,-0.00022,0.00276,0.00189,0.00089,0.00589,-8e-05,-1e-05,-0
18.42,0.00685,-0.00055,-0.00014,0.00017,-0.0002,0,-0.00031,-5e-05,3e-05,-1e-05,8e-05,2e-05,0,0.00019,-5e-05,-8e-05,1e-05,0,2e-05,0,0.03293,-0.01586,-0.00503,-0.00299,-0.01756,-0.00025,-0.00021,0.00373,0.00068,0.00081,0.00688,-3e-05,-1e-05,-1e-05
18.44,0.00934,-0.00067,-0.00022,0.00011,-0.0002,0,-0.0002,-3e-05,3e-05,4e-05,0.00013,3e-05,0,0.00039,-6e-05,-9e-05,2e-05,0,2e-05,0,0.02839,-0.01622,-0.00376,-0.00289,-0.01528,-0.00025,-0.00016,0.00481,-0.00058,0.00069,0.00763,-1e-05,-2e-05,-2e-05
18.46,0.01179,-0.00073,-0.00033,4e-05,-0.0002,0,-7e-05,-1e-05,3e-05,8e-05,0.0002,4e-05,1e-05,0.00058,-6e-05,-8e-05,2e-05,0,2e-05,0,0.02338,-0.01584,-0.00267,-0.00287,-0.01087,-0.00019,-0.0001,0.00548,-0.00185,0.00051,0.0079,0,-2e-05,-2e-05
18.48,0.01409,-0.00071,-0.00047,-3e-05,-0.00019,0,6e-05,1e-05,3e-05,0.00013,0.00027,4e-05,1e-05,0.00078,-6e-05,-8e-05,2e-05,0,2e-05,0,0.01852,-0.01465,-0.00179,-0.00285,-0.00494,-8e-05,-2e-05,0.0057,-0.00313,0.00028,0.00772,1e-05,-2e-05,-3e-05
18.5,0.01587,-0.00064,-0.00061,-0.00011,-0.00017,0,0.00018,2e-05,3e-05,0.00017,0.00034,5e-05,1e-05,0.00097,-5e-05,-7e-05,1e-05,-0,1e-05,-0,0.0138,-0.01265,-0.00111,-0.00289,0.00182,9e-05,3e-05,0.00558,-0.00425,-2e-05,0.00704,0,-2e-05,-3e-05
18.52,0.0167,-0.00054,-0.00073,-0.00019,-0.00014,0,0.00026,3e-05,4e-05,0.00021,0.00043,5e-05,3e-05,0.00117,-4e-05,-7e-05,1e-05,-0,1e-05,-0,0.00911,-0.01004,-0.0006,-0.00305,0.0077,0.00022,6e-05,0.00528,-0.00493,-0.00034,0.00596,-0,-2e-05,-3e-05
18.54,0.0167,-0.00042,-0.00083,-0.00026,-0.00011,0,0.00032,4e-05,4e-05,0.00023,0.00049,6e-05,4e-05,0.00137,-2e-05,-6e-05,0,-0,1e-05,-0,0.00488,-0.00706,-0.00019,-0.00331,0.01142,0.00029,6e-05,0.00478,-0.00513,-0.00063,0.00462,-0,-2e-05,-2e-05
18.56,0.01614,-0.00029,-0.0009,-0.00033,-7e-05,0,0.00037,4e-05,4e-05,0.00022,0.00049,6e-05,4e-05,0.00158,-1e-05,-5e-05,-0,-0,1e-05,-0,0.00142,-0.00394,0.00016,-0.00367,0.01306,0.00031,4e-05,0.00415,-0.005,-0.00083,0.00314,1e-05,-2e-05,-2e-05
18.58,0.01509,-0.00015,-0.00094,-0.00039,-3e-05,0,0.00041,4e-05,5e-05,0.00019,0.00044,5e-05,5e-05,0.00178,-0,-4e-05,-0,-0,0,0,-0.00132,-0.00084,0.00046,-0.00419,0.01269,0.00029,1e-05,0.00365,-0.00456,-0.00092,0.0017,2e-05,-2e-05,-2e-05
18.6,0.01362,-1e-05,-0.00094,-0.00044,1e-05,0,0.00041,4e-05,5e-05,0.00012,0.00034,4e-05,4e-05,0.00198,-0,-4e-05,-1e-05,-0,0,0,-0.00296,0.00207,0.00072,-0.00481,0.01124,0.00026,-2e-05,0.00359,-0.00398,-0.00089,0.00036,3e-05,-2e-05,-1e-05
18.62,0.01181,0.00012,-0.00093,-0.00048,5e-05,0,0.00035,4e-05,5e-05,2e-05,0.0002,2e-05,3e-05,0.00217,-0,-3e-05,-1e-05,-0,0,0,-0.00334,0.00445,0.00091,-0.00543,0.00974,0.00025,-3e-05,0.00404,-0.00348,-0.00082,-0.00075,4e-05,-1e-05,-1e-05
18.64,0.00989,0.00022,-0.00089,-0.0005,8e-05,0,0.00029,4e-05,5e-05,-4e-05,8e-05,1e-05,2e-05,0.00233,-0,-3e-05,-0,0,-0,0,-0.00313,0.00612,0.00102,-0.0061,0.0081,0.00022,-4e-05,0.00463,-0.00317,-0.00086,-0.00173,5e-05,-0,-0
18.66,0.00802,0.00031,-0.0008,-0.00051,0.00011,0,0.00024,5e-05,5e-05,-8e-05,0,-0,1e-05,0.00248,-0,-3e-05,0,0,-0,0,-0.00263,0.00711,0.00108,-0.00689,0.0063,0.00018,-4e-05,0.00505,-0.00307,-0.00116,-0.00286,5e-05,2e-05,0
18.68,0.00619,0.00036,-0.00067,-0.00051,0.00014,0,0.0002,5e-05,4e-05,-0.0001,-5e-05,-1e-05,-0,0.0026,-0,-4e-05,1e-05,0,-0,-0,-0.00189,0.00741,0.00108,-0.00777,0.00463,0.00013,-3e-05,0.00514,-0.00323,-0.00186,-0.00439,4e-05,5e-05,-0
18.7,0.00448,0.00038,-0.00054,-0.00051,0.00016,0,0.00015,6e-05,3e-05,-9e-05,-8e-05,-1e-05,-1e-05,0.0027,-0,-4e-05,2e-05,0,-0,0,-0.00107,0.00711,0.00104,-0.00877,0.00315,8e-05,-1e-05,0.00443,-0.00376,-0.00323,-0.00648,2e-05,8e-05,-2e-05
18.72,0.00295,0.00036,-0.0004,-0.00051,0.00017,0,9e-05,6e-05,2e-05,-8e-05,-8e-05,-2e-05,-1e-05,0.00279,0,-5e-05,3e-05,0,-0,0,-0.00026,0.00634,0.00097,-0.00999,0.00191,3e-05,0,0.00282,-0.00485,-0.00557,-0.00892,1e-05,9e-05,-7e-05
18.74,0.00153,0.00031,-0.00028,-0.0005,0.00017,0,3e-05,6e-05,1e-05,-6e-05,-6e-05,-2e-05,-1e-05,0.00284,0,-6e-05,4e-05,0,-1e-05,0,0.00047,0.00529,0.00087,-0.01142,0.00093,-1e-05,2e-05,0.00075,-0.00636,-0.00843,-0.01126,-1e-05,5e-05,-0.00015
18.76,0.00023,0.00024,-0.00017,-0.00048,0.00017,0,-3e-05,6e-05,0,-4e-05,-5e-05,-2e-05,-1e-05,0.00286,0,-7e-05,5e-05,0,-1e-05,0,0.00095,0.00416,0.00077,-0.01308,0.00019,-5e-05,3e-05,-0.00139,-0.00791,-0.01105,-0.0132,-3e-05,-8e-05,-0.00024
18.78,-0.00091,0.00017,-9e-05,-0.00044,0.00016,0,-0.0001,6e-05,-0,-2e-05,-3e-05,-2e-05,-1e-05,0.00285,1e-05,-7e-05,6e-05,0,-1e-05,0,0.00102,0.00313,0.00069,-0.01504,-0.00033,-8e-05,4e-05,-0.00334,-0.00923,-0.01277,-0.01442,-3e-05,-0.00035,-0.00034
18.8,-0.00182,0.0001,-4e-05,-0.0004,0.00014,0,-0.00017,5e-05,-0,-1e-05,-2e-05,-2e-05,-0,0.0028,1e-05,-8e-05,7e-05,0,-1e-05,0,0.00055,0.00238,0.00063,-0.01754,-0.00068,-0.0001,4e-05,-0.00458,-0.01001,-0.01252,-0.01444,-2e-05,-0.00067,-0.00033
18.82,-0.00251,7e-05,-1e-05,-0.00034,0.00013,0,-0.00024,4e-05,0,-0,-3e-05,-2e-05,-0,0.0027,0,-8e-05,8e-05,0,-1e-05,0,-0.0006,0.00209,0.0006,-0.0209,-0.00087,-0.00011,4e-05,-0.00425,-0.00959,-0.00928,-0.01259,0,-0.00083,-9e-05
18.84,-0.00293,7e-05,0,-0.00027,0.00011,-0,-0.00029,2e-05,0,-0,-3e-05,-2e-05,-0,0.00255,0,-8e-05,8e-05,0,-1e-05,0,-0.00255,0.00239,0.00061,-0.02525,-0.00093,-0.00012,3e-05,-0.00197,-0.00735,-0.00505,-0.01265,6e-05,-0.00093,0.00018
18.86,-0.00303,0.00011,1e-05,-0.00019,9e-05,-0,-0.00033,-0,0,0,-3e-05,-2e-05,-0,0.00233,-0,-8e-05,8e-05,0,-1e-05,0,-0.00521,0.00332,0.00066,-0.0307,-0.00089,-0.00013,3e-05,0.00035,-0.00422,-0.00201,-0.01527,8e-05,-0.00096,0.00027
18.88,-0.00282,0.00021,0,-0.00011,8e-05,-0,-0.00036,-3e-05,1e-05,0,-3e-05,-1e-05,-0,0.00205,-0,-7e-05,7e-05,0,-1e-05,0,-0.00826,0.00484,0.00074,-0.03749,-0.00075,-0.00013,3e-05,0.0023,-0.00073,-0.00022,-0.01898,0,-0.00056,0.00017
18.9,-0.00238,0.00035,0,-2e-05,7e-05,-0,-0.00036,-6e-05,0,0,-3e-05,-1e-05,-0,0.00171,-1e-05,-6e-05,5e-05,0,-1e-05,0,-0.01125,0.00676,0.00082,-0.04602,-0.00053,-0.00014,3e-05,0.00359,0.00151,0.00061,-0.02197,-0.00022,0.00066,-0.00016
18.92,-0.00184,0.00053,-0,6e-05,6e-05,-0,-0.00032,-9e-05,0,0,-3e-05,-1e-05,-0,0.0013,-1e-05,-5e-05,4e-05,0,-1e-05,0,-0.01364,0.00876,0.00085,-0.05667,-0.00022,-0.00015,2e-05,0.00395,0.00123,0.00275,-0.02054,-0.00067,0.00283,-0.00044
18.94,-0.00123,0.00073,-1e-05,0.00012,6e-05,0,-0.00024,-0.00011,0,0,-3e-05,-1e-05,-0,0.00085,-0,-3e-05,2e-05,0,-0,0,-0.01462,0.01062,0.00084,-0.06932,0.00015,-0.00016,2e-05,0.00246,-2e-05,0.00643,-0.01182,-0.00138,0.00508,-0.00072
18.96,-0.00062,0.00093,-2e-05,0.00017,6e-05,0,-0.00014,-0.00012,0,-0,-3e-05,-1e-05,-1e-05,0.00035,-0,-1e-05,-0,0,0,0,-0.01346,0.01225,0.00078,-0.08353,0.00059,-0.00018,1e-05,-0,-0.00089,0.00945,0.00311,-0.00225,0.00646,-0.00118
18.98,-0.00014,0.0011,-3e-05,0.0002,6e-05,0,-1e-05,-0.00013,0,-1e-05,-3e-05,-1e-05,-1e-05,-0.00017,0,0,-2e-05,0,1e-05,-0,-0.00981,0.01351,0.00064,-0.09871,0.00106,-0.0002,0,-0.00183,-0.00134,0.01094,0.02213,-0.0032,0.00606,-0.00199
19,0.0001,0.00122,-4e-05,0.00021,6e-05,0,0.00014,-0.00014,0,-3e-05,-2e-05,-1e-05,-1e-05,-0.00068,0,2e-05,-3e-05,-0,1e-05,-0,-0.00359,0.01423,0.00052,-0.11423,0.00151,-0.00021,-1e-05,-0.0013,-0.00106,0.01024,0.04134,-0.00407,0.00451,-0.00278
19.02,2e-05,0.00129,-5e-05,0.00019,7e-05,0,0.0003,-0.00014,-0,-4e-05,-2e-05,-1e-05,-1e-05,-0.00115,1e-05,4e-05,-2e-05,-0,2e-05,-0,0.00485,0.01424,0.0005,-0.12905,0.00185,-0.00021,-3e-05,0.00291,-0.00041,0.00833,0.05637,-0.00475,0.0035,-0.00281
19.04,-0.00041,0.00127,-4e-05,0.00015,6e-05,0,0.00046,-0.00013,-0,-5e-05,-2e-05,-1e-05,-1e-05,-0.00155,1e-05,6e-05,-0,-0,2e-05,-0,0.0147,0.0135,0.0005,-0.14072,0.00203,-0.00019,-5e-05,0.01151,0.00032,0.00598,0.06502,-0.00531,0.00264,-0.00245
19.06,-0.00117,0.00116,-4e-05,0.0001,6e-05,0,0.00059,-0.00012,-0,-6e-05,-1e-05,-1e-05,-0,-0.00185,1e-05,7e-05,2e-05,-0,2e-05,-0,0.02461,0.01211,0.00043,-0.14639,0.00205,-0.00017,-6e-05,0.0246,0.00112,0.00341,0.06748,-0.00581,0.00155,-0.00208
19.08,-0.00218,0.00097,-3e-05,5e-05,5e-05,0,0.0007,-0.00011,-0,-7e-05,-1e-05,-1e-05,0,-0.00205,-0,8e-05,5e-05,-0,2e-05,-0,0.03296,0.01018,0.00035,-0.14372,0.00189,-0.00014,-7e-05,0.04146,0.00162,0.00128,0.06338,-0.00622,0.00067,-0.00165
19.1,-0.00332,0.00072,-1e-05,-0,3e-05,0,0.00075,-9e-05,0,-8e-05,-1e-05,-1e-05,0,-0.00213,-2e-05,8e-05,7e-05,-0,2e-05,-0,0.03751,0.00784,0.00024,-0.13194,0.00156,-0.00012,-8e-05,0.06022,0.0018,-9e-05,0.05439,-0.0065,0.00013,-0.00118
19.12,-0.00444,0.00045,-0,-5e-05,2e-05,0,0.00072,-7e-05,0,-6e-05,-1e-05,-1e-05,0,-0.00211,-4e-05,7e-05,9e-05,-0,2e-05,-0,0.03688,0.00535,6e-05,-0.11218,0.0011,-0.00011,-8e-05,0.07787,0.00168,-0.0009,0.0434,-0.00664,-9e-05,-0.00072
19.14,-0.00534,0.00021,-0,-8e-05,1e-05,0,0.00065,-4e-05,-0,-3e-05,-1e-05,-1e-05,0,-0.00198,-6e-05,6e-05,0.0001,-0,2e-05,-0,0.03203,0.00327,-6e-05,-0.08621,0.00068,-0.0001,-8e-05,0.09183,0.00118,-0.00152,0.03155,-0.0066,-0.00012,-0.00033
19.16,-0.00585,5e-05,-2e-05,-0.0001,-0,-0,0.00056,-2e-05,-0,-1e-05,-1e-05,-0,-0,-0.00177,-8e-05,5e-05,0.0001,-0,2e-05,0,0.02469,0.00181,-9e-05,-0.05831,0.00035,-9e-05,-7e-05,0.10053,0.00043,-0.00192,0.01981,-0.00632,-5e-05,-3e-05
19.18,-0.0059,-3e-05,-7e-05,-0.0001,-1e-05,-0,0.00046,-0,-0,2e-05,-0,-0,-0,-0.00148,-9e-05,3e-05,0.0001,-0,2e-05,0,0.01643,0.00095,-5e-05,-0.03318,0.00014,-8e-05,-6e-05,0.10274,-0.00038,-0.00216,0.00942,-0.00584,4e-05,0.00017
19.2,-0.0055,-2e-05,-0.00015,-9e-05,-1e-05,-0,0.00035,0,-0,3e-05,1e-05,0,0,-0.00113,-9e-05,0,8e-05,-0,1e-05,0,0.00845,0.0005,-1e-05,-0.01333,4e-05,-5e-05,-4e-05,0.09936,-0.00114,-0.00203,0.00199,-0.00521,0.00013,0.0003
19.22,-0.00476,5e-05,-0.00026,-7e-05,-1e-05,-0,0.00023,-0,0,3e-05,3e-05,0,0,-0.00073,-9e-05,-3e-05,7e-05,-0,1e-05,1e-05,0.00211,0.00018,-0,-0.00053,-0,-2e-05,-2e-05,0.09195,-0.00184,-0.00143,-0.002,-0.00451,0.0002,0.00038
19.24,-0.00379,0.00014,-0.00041,-4e-05,-0,-0,0.00014,-1e-05,1e-05,2e-05,5e-05,1e-05,1e-05,-0.0003,-8e-05,-5e-05,5e-05,-0,1e-05,1e-05,-0.0018,-2e-05,-2e-05,0.0051,-2e-05,0,-0,0.08092,-0.00246,-0.00077,-0.00395,-0.00379,0.00026,0.00043
19.26,-0.00274,0.00023,-0.00061,-2e-05,0,-0,9e-05,-2e-05,1e-05,2e-05,8e-05,1e-05,1e-05,0.00015,-5e-05,-8e-05,3e-05,0,1e-05,1e-05,-0.00152,-4e-05,-8e-05,0.00309,-4e-05,2e-05,1e-05,0.06713,-0.00296,-0.00022,-0.00482,-0.0031,0.0003,0.00046
19.28,-0.00173,0.00028,-0.00082,-1e-05,1e-05,-0,6e-05,-3e-05,2e-05,2e-05,0.00012,1e-05,1e-05,0.00059,-3e-05,-0.00011,1e-05,0,0,2e-05,-0.00097,-3e-05,-0.00013,0.00137,-2e-05,4e-05,2e-05,0.0521,-0.00328,0.00025,-0.00491,-0.00247,0.00032,0.00047
19.3,-0.00093,0.00029,-0.00104,0,1e-05,-0,6e-05,-4e-05,3e-05,2e-05,0.00015,1e-05,2e-05,0.00101,-1e-05,-0.00014,-0,0,0,2e-05,-0.00012,4e-05,-0.00013,-0.00015,1e-05,4e-05,2e-05,0.03863,-0.00342,0.00063,-0.00445,-0.00194,0.00032,0.00048
19.32,-0.00039,0.00029,-0.00122,-0,1e-05,-0,7e-05,-3e-05,4e-05,2e-05,0.00019,1e-05,2e-05,0.00137,-0,-0.00015,-1e-05,0,-0,2e-05,0.00091,0.00014,-8e-05,-0.00151,4e-05,4e-05,2e-05,0.02861,-0.00337,0.00095,-0.00377,-0.00153,0.00031,0.00047
19.34,-8e-05,0.00025,-0.00132,-2e-05,1e-05,-0,8e-05,-2e-05,5e-05,2e-05,0.00022,2e-05,4e-05,0.00167,0,-0.00015,-1e-05,0,-1e-05,2e-05,0.00195,0.00025,-0,-0.00284,7e-05,4e-05,1e-05,0.02081,-0.00314,0.00119,-0.00329,-0.00123,0.0003,0.00046
19.36,0,0.00019,-0.00132,-4e-05,0,-0,0.0001,0,5e-05,1e-05,0.00023,1e-05,4e-05,0.00189,-0,-0.00015,-0,1e-05,-1e-05,2e-05,0.0029,0.00032,4e-05,-0.00433,8e-05,3e-05,1e-05,0.01437,-0.00274,0.00137,-0.00318,-0.00103,0.00027,0.00044
19.38,-0.00012,0.00012,-0.00121,-7e-05,0,-0,0.00012,3e-05,5e-05,1e-05,0.00022,1e-05,4e-05,0.00202,-1e-05,-0.00013,1e-05,1e-05,-2e-05,1e-05,0.0037,0.00035,1e-05,-0.00607,9e-05,2e-05,0,0.00955,-0.00221,0.00151,-0.00344,-0.00092,0.00024,0.00041
19.4,-0.00041,5e-05,-0.00103,-0.0001,-0,-0,0.00014,4e-05,5e-05,1e-05,0.00018,1e-05,4e-05,0.00209,-2e-05,-0.00011,2e-05,1e-05,-2e-05,-0,0.00415,0.00034,-0.00012,-0.008,9e-05,1e-05,-0,0.00601,-0.00174,0.00158,-0.00402,-0.00088,0.00021,0.00039
19.42,-0.00082,-4e-05,-0.00081,-0.00013,-0,-0,0.00017,6e-05,4e-05,-0,0.00013,0,3e-05,0.00211,-2e-05,-9e-05,3e-05,1e-05,-3e-05,-1e-05,0.00409,0.00031,-0.00034,-0.0099,9e-05,-0,-0,0.00338,-0.00147,0.00155,-0.00489,-0.00088,0.00019,0.00036
19.44,-0.00134,-8e-05,-0.0006,-0.00016,-0,-0,0.00019,6e-05,4e-05,-1e-05,6e-05,-0,1e-05,0.00207,-2e-05,-7e-05,4e-05,1e-05,-3e-05,-1e-05,0.00367,0.00027,-0.00064,-0.01157,8e-05,-1e-05,-1e-05,0.00143,-0.00127,0.00147,-0.00597,-0.0009,0.00017,0.00034
19.46,-0.00194,-8e-05,-0.00041,-0.00018,0,-0,0.00021,6e-05,3e-05,-1e-05,-0,-1e-05,-0,0.00201,-2e-05,-6e-05,5e-05,1e-05,-3e-05,-1e-05,0.0031,0.0002,-0.00098,-0.0129,7e-05,-2e-05,-1e-05,-0.00011,-0.00108,0.0014,-0.00715,-0.00093,0.00015,0.00031
19.48,-0.00258,-5e-05,-0.00026,-0.0002,1e-05,-0,0.00022,5e-05,3e-05,-1e-05,-5e-05,-1e-05,-2e-05,0.00191,-1e-05,-6e-05,6e-05,1e-05,-2e-05,-0,0.00244,0.00012,-0.0013,-0.01361,6e-05,-3e-05,-1e-05,-0.00151,-0.00093,0.00133,-0.00833,-0.00096,0.00013,0.00029
19.5,-0.00328,-1e-05,-0.00015,-0.00021,1e-05,-0,0.00023,4e-05,2e-05,-2e-05,-8e-05,-2e-05,-3e-05,0.00181,0,-5e-05,7e-05,0,-2e-05,-0,0.00173,3e-05,-0.00152,-0.01365,5e-05,-3e-05,-0,-0.00316,-0.00087,0.00125,-0.00943,-0.00098,0.00011,0.00028
19.52,-0.00405,4e-05,-8e-05,-0.00022,2e-05,-0,0.00023,3e-05,2e-05,-2e-05,-5e-05,-2e-05,-3e-05,0.00169,1e-05,-5e-05,7e-05,0,-1e-05,0,0.00105,-4e-05,-0.00154,-0.01303,5e-05,-3e-05,-0,-0.00548,-0.00095,0.00115,-0.01039,-0.00098,0.0001,0.00027
19.54,-0.00481,7e-05,-4e-05,-0.00021,2e-05,0,0.00023,2e-05,1e-05,-3e-05,1e-05,-2e-05,-2e-05,0.00158,1e-05,-6e-05,7e-05,0,-1e-05,0,0.00052,-7e-05,-0.00138,-0.01168,5e-05,-3e-05,-0,-0.00862,-0.00116,0.00107,-0.011,-0.00096,0.0001,0.00026
19.56,-0.00547,9e-05,-2e-05,-0.0002,2e-05,0,0.00022,0,1e-05,-4e-05,6e-05,-1e-05,-1e-05,0.00147,1e-05,-6e-05,6e-05,0,-0,1e-05,0.00017,-5e-05,-0.00111,-0.00963,6e-05,-2e-05,-1e-05,-0.01264,-0.0015,0.00102,-0.01111,-0.00092,9e-05,0.00025
19.58,-0.006,9e-05,-1e-05,-0.00019,1e-05,0,0.00022,-1e-05,1e-05,-4e-05,0.0001,-1e-05,0,0.00135,1e-05,-6e-05,6e-05,0,0,1e-05,-9e-05,1e-05,-0.00079,-0.00694,8e-05,-1e-05,-1e-05,-0.01758,-0.00196,0.00103,-0.01063,-0.00086,9e-05,0.00025
19.6,-0.00642,8e-05,-1e-05,-0.00017,1e-05,0,0.00021,-1e-05,2e-05,-5e-05,0.00011,-1e-05,1e-05,0.00123,-0,-6e-05,5e-05,0,1e-05,2e-05,-0.0003,7e-05,-0.00058,-0.00445,0.0001,1e-05,-2e-05,-0.02362,-0.00267,0.00101,-0.00958,-0.00078,8e-05,0.00024
19.62,-0.00677,6e-05,-0,-0.00014,0,0,0.0002,-2e-05,2e-05,-6e-05,8e-05,-1e-05,0,0.00107,-1e-05,-5e-05,4e-05,0,1e-05,3e-05,-0.00031,0.00013,-0.00057,-0.00411,8e-05,4e-05,-3e-05,-0.03093,-0.00381,0.00082,-0.00806,-0.00067,7e-05,0.00022
19.64,-0.007,3e-05,0,-0.00012,0,0,0.00019,-2e-05,3e-05,-7e-05,5e-05,-1e-05,0,0.00089,-2e-05,-3e-05,3e-05,0,0,3e-05,0.00017,0.00022,-0.00062,-0.0044,3e-05,9e-05,-4e-05,-0.03874,-0.00524,0.00043,-0.00616,-0.00056,6e-05,0.00019
19.66,-0.00705,1e-05,0,-0.0001,0,0,0.00018,-2e-05,4e-05,-7e-05,2e-05,-1e-05,-0,0.00067,-2e-05,-2e-05,2e-05,0,-0,3e-05,0.00141,0.00034,-0.00062,-0.00424,-1e-05,0.00013,-4e-05,-0.04605,-0.00669,-0.00013,-0.00413,-0.00043,4e-05,0.00015
19.68,-0.00692,1e-05,-1e-05,-8e-05,-0,0,0.00018,-2e-05,4e-05,-7e-05,1e-05,-1e-05,-0,0.00044,-1e-05,-1e-05,1e-05,0,-1e-05,1e-05,0.00384,0.00052,-0.00054,-0.00335,-4e-05,0.00018,-5e-05,-0.05236,-0.00805,-0.00094,-0.00231,-0.00029,3e-05,0.0001
19.7,-0.00664,1e-05,-4e-05,-7e-05,-0,-0,0.00017,-2e-05,4e-05,-7e-05,0,-1e-05,0,0.00019,0,0,-0,0,-2e-05,-1e-05,0.00785,0.0008,-0.00032,-0.00129,-3e-05,0.00023,-5e-05,-0.05678,-0.00942,-0.00198,-0.00115,-0.00016,1e-05,6e-05
19.72,-0.00623,2e-05,-9e-05,-5e-05,-0,-0,0.00014,-2e-05,4e-05,-7e-05,-0,-1e-05,1e-05,-5e-05,1e-05,1e-05,-1e-05,0,-3e-05,-2e-05,0.01326,0.00115,0.00011,0.00183,0,0.00027,-4e-05,-0.05851,-0.01099,-0.00303,-0.0011,-5e-05,0,3e-05
19.74,-0.00571,2e-05,-0.00017,-4e-05,-0,-0,0.00011,-2e-05,3e-05,-6e-05,-1e-05,-1e-05,1e-05,-0.00026,2e-05,2e-05,-1e-05,0,-3e-05,-2e-05,0.01968,0.00154,0.00081,0.00511,4e-05,0.0003,-3e-05,-0.05736,-0.01243,-0.00395,-0.00254,2e-05,0,1e-05
19.76,-0.00511,4e-05,-0.00025,-4e-05,-1e-05,-0,8e-05,-3e-05,2e-05,-6e-05,-1e-05,-0,1e-05,-0.00044,3e-05,4e-05,-1e-05,0,-3e-05,-2e-05,0.02701,0.00196,0.00178,0.00799,4e-05,0.00033,-2e-05,-0.05338,-0.01347,-0.00463,-0.00571,6e-05,-0,-0
19.78,-0.00446,5e-05,-0.00034,-3e-05,-1e-05,-0,3e-05,-4e-05,2e-05,-5e-05,-1e-05,-0,1e-05,-0.00057,3e-05,4e-05,-1e-05,0,-3e-05,-1e-05,0.03467,0.00236,0.00292,0.00994,-3e-05,0.00034,-0,-0.04675,-0.0141,-0.00494,-0.01061,5e-05,-0,-0
19.8,-0.00383,5e-05,-0.00041,-3e-05,-2e-05,-0,-2e-05,-5e-05,1e-05,-3e-05,-1e-05,-0,-1e-05,-0.00065,3e-05,4e-05,-1e-05,0,-3e-05,-0,0.04197,0.00274,0.00398,0.0107,-0.0002,0.00035,1e-05,-0.03761,-0.01431,-0.00482,-0.01696,1e-05,-1e-05,1e-05
19.82,-0.00324,3e-05,-0.00044,-3e-05,-3e-05,-0,-7e-05,-5e-05,0,-2e-05,-0,-0,-2e-05,-0.00068,2e-05,3e-05,-1e-05,0,-2e-05,-0,0.04809,0.00313,0.00443,0.01029,-0.00048,0.00033,3e-05,-0.02662,-0.01404,-0.00425,-0.02411,-3e-05,-3e-05,1e-05
19.84,-0.00274,1e-05,-0.00043,-2e-05,-4e-05,-0,-0.00012,-5e-05,-0,-1e-05,-0,-0,-1e-05,-0.00066,1e-05,2e-05,-0,0,-1e-05,-0,0.05273,0.00343,0.004,0.0088,-0.00085,0.00028,5e-05,-0.015,-0.01311,-0.00338,-0.03107,-6e-05,-5e-05,1e-05
19.86,-0.00234,-1e-05,-0.00037,-2e-05,-5e-05,-0,-0.00018,-5e-05,-0,1e-05,1e-05,-0,-1e-05,-0.00061,0,1e-05,0,1e-05,-1e-05,0,0.05592,0.00359,0.00278,0.00657,-0.00127,0.0002,5e-05,-0.0041,-0.01142,-0.00239,-0.03658,-7e-05,-8e-05,0
19.88,-0.00202,-4e-05,-0.00026,-3e-05,-6e-05,0,-0.00024,-4e-05,-0,3e-05,2e-05,0,-0,-0.00054,-0,-1e-05,1e-05,1e-05,0,1e-05,0.05709,0.00359,0.0009,0.00389,-0.00169,0.0001,5e-05,0.00476,-0.00896,-0.00135,-0.0392,-6e-05,-0.0001,-0
19.9,-0.00173,-8e-05,-0.00012,-3e-05,-8e-05,0,-0.00031,-3e-05,0,4e-05,6e-05,0,-0,-0.00047,-1e-05,-2e-05,1e-05,1e-05,1e-05,1e-05,0.05634,0.00331,-0.00121,0.00141,-0.00205,1e-05,3e-05,0.01034,-0.00608,-0.00068,-0.03801,-7e-05,-0.00011,-1e-05
19.92,-0.00138,-0.00014,2e-05,-4e-05,-9e-05,0,-0.00039,-2e-05,0,4e-05,0.00011,1e-05,-0,-0.00041,-2e-05,-3e-05,2e-05,1e-05,2e-05,2e-05,0.05405,0.00265,-0.00304,-0.0003,-0.00231,-8e-05,-1e-05,0.01218,-0.00327,-0.00035,-0.03308,-0.00012,-9e-05,-2e-05
19.94,-0.00091,-0.00022,0.00014,-5e-05,-0.0001,0,-0.00047,-1e-05,0,5e-05,0.0002,1e-05,0,-0.00037,-3e-05,-3e-05,2e-05,1e-05,2e-05,3e-05,0.04981,0.00169,-0.0044,-0.00146,-0.00246,-0.00014,-5e-05,0.01098,-0.00066,-8e-05,-0.02504,-0.00015,-7e-05,-1e-05
19.96,-0.00024,-0.00033,0.00021,-6e-05,-0.00012,0,-0.00056,-0,1e-05,5e-05,0.00031,2e-05,1e-05,-0.00037,-4e-05,-2e-05,2e-05,1e-05,3e-05,2e-05,0.04347,0.00054,-0.00521,-0.00227,-0.00247,-0.00018,-0.0001,0.00779,0.00153,7e-05,-0.01521,-0.00015,-4e-05,-1e-05
19.98,0.00073,-0.00045,0.00019,-9e-05,-0.00014,0,-0.00067,-0,1e-05,6e-05,0.00043,3e-05,2e-05,-0.00038,-5e-05,-1e-05,2e-05,0,2e-05,1e-05,0.03524,-0.00073,-0.00545,-0.00279,-0.00235,-0.0002,-0.00016,0.00368,0.00307,1e-05,-0.00521,-0.00012,-2e-05,-0
20,0.00202,-0.00058,0.0001,-0.00011,-0.00017,0,-0.00075,-1e-05,1e-05,6e-05,0.00055,4e-05,3e-05,-0.00041,-6e-05,-0,2e-05,0,2e-05,-1e-05,0.02683,-0.00204,-0.00521,-0.00306,-0.00212,-0.00021,-0.00021,-0.0002,0.0038,-0.00024,0.00359,-8e-05,-0,0
20.02,0.00339,-0.00068,-3e-05,-0.00014,-0.00019,0,-0.00072,-4e-05,1e-05,0.00012,0.00071,5e-05,5e-05,-0.00044,-6e-05,1e-05,1e-05,-0,1e-05,-2e-05,0.02002,-0.00334,-0.00466,-0.00316,-0.00182,-0.0002,-0.00026,-0.00187,0.00351,-0.00061,0.0086,-4e-05,0,0
20.04,0.00471,-0.00073,-0.00021,-0.00017,-0.00021,0,-0.00062,-8e-05,2e-05,0.00019,0.00082,5e-05,7e-05,-0.00046,-5e-05,2e-05,-0,-0,1e-05,-2e-05,0.014,-0.00442,-0.00382,-0.00322,-0.00147,-0.00019,-0.0003,-0.0006,0.00241,-0.00092,0.00799,-3e-05,-0,0
20.06,0.00598,-0.00069,-0.00043,-0.00021,-0.00022,0,-0.00051,-0.00013,4e-05,0.00025,0.00081,6e-05,8e-05,-0.00046,-4e-05,3e-05,-1e-05,-1e-05,0,-2e-05,0.008,-0.00511,-0.00275,-0.0033,-0.00108,-0.00018,-0.00033,0.00055,0.00113,-0.00137,0.007,-2e-05,-1e-05,-1e-05
20.08,0.00707,-0.00057,-0.00066,-0.00024,-0.00022,0,-0.00039,-0.00019,5e-05,0.00029,0.00072,6e-05,8e-05,-0.00043,-3e-05,4e-05,-2e-05,-1e-05,0,-0,0.00247,-0.00538,-0.00153,-0.0034,-0.00069,-0.00017,-0.00036,0.00153,-0.00051,-0.00197,0.00578,-1e-05,-1e-05,-1e-05
20.1,0.00781,-0.00038,-0.00089,-0.00028,-0.0002,0,-0.00027,-0.00025,7e-05,0.00029,0.00054,5e-05,7e-05,-0.00037,-2e-05,4e-05,-3e-05,-1e-05,0,1e-05,-0.0017,-0.00505,-0.00027,-0.00345,-0.00032,-0.00016,-0.00038,0.00218,-0.0025,-0.00258,0.0045,-0,-1e-05,-1e-05
20.12,0.00806,-0.00016,-0.00112,-0.00031,-0.00018,0,-0.00017,-0.0003,0.0001,0.00021,0.00029,4e-05,3e-05,-0.00029,-1e-05,4e-05,-4e-05,-1e-05,0,1e-05,-0.00395,-0.00412,0.00094,-0.0034,2e-05,-0.00017,-0.00039,0.00256,-0.00442,-0.00302,0.0033,1e-05,-0,-1e-05
20.14,0.00786,8e-05,-0.00133,-0.00033,-0.00014,0,-0.0001,-0.00035,0.00013,0.00012,9e-05,3e-05,0,-0.00019,-0,4e-05,-4e-05,-1e-05,0,0,-0.0051,-0.00284,0.00199,-0.00335,0.00031,-0.00017,-0.00038,0.00289,-0.00595,-0.00332,0.00219,3e-05,0,-1e-05
20.16,0.0073,0.00031,-0.00152,-0.00036,-9e-05,0,-3e-05,-0.00039,0.00016,3e-05,-3e-05,1e-05,-2e-05,-6e-05,0,3e-05,-4e-05,-1e-05,1e-05,0,-0.00572,-0.00139,0.00284,-0.00333,0.00055,-0.00018,-0.00037,0.00324,-0.00704,-0.00358,0.00113,4e-05,1e-05,-1e-05
20.18,0.00643,0.00051,-0.00167,-0.00039,-4e-05,0,2e-05,-0.00041,0.00019,-6e-05,-9e-05,0,-4e-05,9e-05,0,3e-05,-3e-05,-1e-05,1e-05,0,-0.0057,0.00015,0.00345,-0.00335,0.00072,-0.00019,-0.00035,0.0037,-0.00757,-0.00378,8e-05,6e-05,2e-05,-0
20.2,0.00531,0.00067,-0.00179,-0.00041,2e-05,0,5e-05,-0.00042,0.00021,-0.00015,-0.0001,-0,-5e-05,0.00026,-0,3e-05,-2e-05,-1e-05,1e-05,-0,-0.00502,0.00165,0.0038,-0.00339,0.00083,-0.00019,-0.00032,0.00419,-0.00763,-0.00383,-0.0011,7e-05,2e-05,0
20.22,0.00404,0.0008,-0.00186,-0.00043,6e-05,0,2e-05,-0.00041,0.00024,-0.00022,-6e-05,-1e-05,-5e-05,0.00046,-1e-05,3e-05,-1e-05,-1e-05,1e-05,-0,-0.00383,0.00292,0.00387,-0.00344,0.00088,-0.0002,-0.00028,0.00454,-0.00752,-0.00369,-0.00242,7e-05,2e-05,0
20.24,0.00276,0.00089,-0.00187,-0.00044,0.0001,0,-1e-05,-0.00038,0.00025,-0.00027,-1e-05,-1e-05,-5e-05,0.00069,-1e-05,2e-05,1e-05,-0,1e-05,-0,-0.00252,0.00383,0.00367,-0.00354,0.00086,-0.0002,-0.00025,0.00469,-0.00732,-0.00345,-0.00396,6e-05,2e-05,1e-05
20.26,0.00154,0.00095,-0.00182,-0.00044,0.00013,0,-2e-05,-0.00033,0.00024,-0.00031,3e-05,-1e-05,-5e-05,0.00094,-2e-05,2e-05,4e-05,-0,1e-05,0,-0.0013,0.00441,0.00327,-0.0037,0.00077,-0.00019,-0.00022,0.00465,-0.007,-0.00314,-0.00581,5e-05,1e-05,1e-05
20.28,0.00041,0.00097,-0.0017,-0.00044,0.00014,0,-0,-0.00025,0.00022,-0.00032,6e-05,-1e-05,-4e-05,0.00121,-2e-05,1e-05,6e-05,-0,1e-05,0,-0.00027,0.00465,0.00272,-0.00391,0.00063,-0.00018,-0.00019,0.0044,-0.00657,-0.00274,-0.00795,4e-05,1e-05,2e-05
20.3,-0.00061,0.00097,-0.00153,-0.00043,0.00015,0,1e-05,-0.00017,0.00019,-0.00031,7e-05,-1e-05,-3e-05,0.00148,-2e-05,0,9e-05,0,0,0,0.00043,0.00464,0.00206,-0.00421,0.00045,-0.00016,-0.00016,0.00382,-0.00617,-0.00231,-0.01012,3e-05,1e-05,2e-05
20.32,-0.00152,0.00095,-0.00134,-0.00041,0.00014,0,1e-05,-9e-05,0.00014,-0.00026,6e-05,-1e-05,-3e-05,0.00175,-2e-05,-1e-05,0.00012,1e-05,-0,0,0.00071,0.00449,0.00136,-0.00463,0.00025,-0.00014,-0.00013,0.00292,-0.00588,-0.00188,-0.01188,2e-05,1e-05,2e-05
20.34,-0.00231,0.00093,-0.00115,-0.00039,0.00013,0,1e-05,-1e-05,0.0001,-0.0002,4e-05,-1e-05,-2e-05,0.002,-2e-05,-2e-05,0.00015,2e-05,-1e-05,0,0.00041,0.00431,0.00068,-0.00516,5e-05,-0.00011,-0.0001,0.00199,-0.00551,-0.00145,-0.01295,1e-05,1e-05,3e-05
20.36,-0.00296,0.00092,-0.00096,-0.00037,0.00011,0,2e-05,7e-05,6e-05,-0.00013,1e-05,-1e-05,-1e-05,0.00222,-2e-05,-3e-05,0.00018,3e-05,-1e-05,1e-05,-0.00063,0.0042,8e-05,-0.00582,-0.00015,-9e-05,-7e-05,0.00123,-0.00493,-0.00104,-0.01323,1e-05,2e-05,3e-05
20.38,-0.00346,0.00093,-0.00078,-0.00033,8e-05,-0,2e-05,0.00013,2e-05,-6e-05,0,-1e-05,-0,0.00241,-2e-05,-4e-05,0.0002,6e-05,-2e-05,1e-05,-0.0025,0.00426,-0.00042,-0.00662,-0.00031,-6e-05,-5e-05,0.00063,-0.00424,-0.00069,-0.01239,0,3e-05,3e-05
20.4,-0.00382,0.00096,-0.00062,-0.0003,6e-05,-0,1e-05,0.00017,0,-1e-05,-1e-05,-1e-05,-0,0.00254,-1e-05,-5e-05,0.00022,9e-05,-3e-05,1e-05,-0.00528,0.00454,-0.00082,-0.00769,-0.00042,-3e-05,-2e-05,0.0002,-0.00354,-0.00047,-0.01087,-0,4e-05,3e-05
20.42,-0.00411,0.00102,-0.00048,-0.00026,4e-05,-0,-1e-05,0.00022,-0,-1e-05,-1e-05,-1e-05,0,0.00262,-1e-05,-6e-05,0.00024,0.00013,-4e-05,1e-05,-0.00908,0.00504,-0.0011,-0.0092,-0.00046,-0,0,-0.00011,-0.00297,-0.00039,-0.0093,-1e-05,5e-05,2e-05
20.44,-0.00428,0.00109,-0.00036,-0.00022,2e-05,-0,-3e-05,0.00027,0,-1e-05,0,-0,1e-05,0.00262,-1e-05,-7e-05,0.00024,0.00018,-4e-05,1e-05,-0.01377,0.00578,-0.00123,-0.01125,-0.00043,2e-05,3e-05,-0.00027,-0.00244,-0.0004,-0.00781,-1e-05,5e-05,2e-05
20.46,-0.00425,0.00118,-0.00026,-0.00017,0,-0,-5e-05,0.00031,1e-05,-0,2e-05,-0,1e-05,0.00254,-1e-05,-7e-05,0.00024,0.00023,-4e-05,2e-05,-0.0189,0.00673,-0.00126,-0.01398,-0.00032,6e-05,5e-05,3e-05,-0.00184,-0.00046,-0.00767,0,4e-05,1e-05
20.48,-0.00402,0.00127,-0.00017,-0.00012,-1e-05,0,-8e-05,0.00033,3e-05,0,3e-05,0,1e-05,0.00239,-1e-05,-8e-05,0.00024,0.00027,-5e-05,2e-05,-0.024,0.00782,-0.00117,-0.0176,-0.00014,9e-05,7e-05,0.001,-0.00131,-0.00058,-0.0085,-0,1e-05,0
20.5,-0.00366,0.00135,-9e-05,-6e-05,-1e-05,0,-0.0001,0.00035,6e-05,0,3e-05,0,1e-05,0.00214,-1e-05,-7e-05,0.00022,0.0003,-5e-05,2e-05,-0.02864,0.00874,-0.00099,-0.02231,8e-05,0.00013,8e-05,0.00299,-0.00086,-0.00075,-0.00887,-4e-05,-2e-05,0
20.52,-0.00336,0.00138,-1e-05,0,-2e-05,0,-6e-05,0.00036,8e-05,1e-05,3e-05,1e-05,1e-05,0.0018,-1e-05,-6e-05,0.00021,0.00033,-4e-05,3e-05,-0.03238,0.00913,-0.00071,-0.02819,0.00031,0.00017,9e-05,0.0062,-0.00049,-0.00097,-0.0065,-0.00015,-5e-05,2e-05
20.54,-0.00302,0.00135,7e-05,7e-05,-1e-05,0,1e-05,0.00036,0.0001,2e-05,2e-05,1e-05,0,0.00139,-1e-05,-4e-05,0.00018,0.00031,-3e-05,3e-05,-0.03434,0.00894,-0.00042,-0.03488,0.00051,0.0002,0.0001,0.01098,-0.00022,-0.00125,-0.00228,-0.00036,-8e-05,5e-05
20.56,-0.00256,0.00126,0.00013,0.00014,-0,0,7e-05,0.00034,0.00013,2e-05,2e-05,1e-05,-0,0.00093,-2e-05,-2e-05,0.00015,0.00022,-2e-05,2e-05,-0.03388,0.00828,-0.00018,-0.04163,0.00066,0.00023,0.0001,0.01814,2e-05,-0.00157,0.00217,-0.00069,-8e-05,9e-05
20.58,-0.00201,0.00111,0.00019,0.00023,1e-05,0,0.00011,0.00032,0.00015,2e-05,1e-05,1e-05,-0,0.00045,-3e-05,0,0.00012,0.0001,-1e-05,1e-05,-0.03103,0.00724,-3e-05,-0.0474,0.00072,0.00024,9e-05,0.02784,0.00029,-0.00192,0.00601,-0.00115,-7e-05,0.00013
20.6,-0.00158,0.00092,0.00023,0.00031,1e-05,0,0.00014,0.00028,0.00016,2e-05,2e-05,2e-05,-1e-05,-1e-05,-4e-05,1e-05,9e-05,-5e-05,0,-1e-05,-0.02618,0.00579,3e-05,-0.05128,0.00068,0.00024,7e-05,0.03958,0.00063,-0.00223,0.00822,-0.00172,-4e-05,0.00018
20.62,-0.00146,0.0007,0.00023,0.00041,2e-05,0,0.00018,0.00024,0.00017,2e-05,2e-05,2e-05,-0,-0.00043,-5e-05,0,6e-05,-0.00012,2e-05,-2e-05,-0.02008,0.00404,2e-05,-0.05243,0.00053,0.00021,5e-05,0.05174,0.00093,-0.00241,0.00824,-0.00236,1e-05,0.00024
20.64,-0.00145,0.00046,0.00018,0.00051,2e-05,0,0.00021,0.00019,0.00017,1e-05,3e-05,2e-05,-0,-0.00078,-7e-05,-0,3e-05,-9e-05,4e-05,-2e-05,-0.01357,0.00245,-3e-05,-0.04988,0.00032,0.00017,3e-05,0.06269,0.0011,-0.00242,0.00604,-0.00298,7e-05,0.00028
20.66,-0.00138,0.00022,9e-05,0.00062,1e-05,0,0.00018,0.00015,0.00017,0,5e-05,3e-05,-0,-0.00105,-9e-05,-0,1e-05,-3e-05,5e-05,-2e-05,-0.00762,0.00128,-8e-05,-0.04343,0.00011,0.00012,1e-05,0.07154,0.00111,-0.00225,0.00242,-0.0035,0.00011,0.00031
20.68,-0.00124,1e-05,-6e-05,0.00074,0,0,0.00012,0.00012,0.00016,0,6e-05,3e-05,0,-0.00123,-0.00012,0,-1e-05,4e-05,5e-05,-1e-05,-0.00303,0.00053,-0.0001,-0.03388,-5e-05,7e-05,-0,0.07663,0.00084,-0.00187,-0.00202,-0.00384,0.00013,0.00033
20.7,-0.00091,-0.00016,-0.00025,0.00085,-1e-05,-0,3e-05,9e-05,0.00015,-0,8e-05,4e-05,-0,-0.00135,-0.00016,0,-3e-05,8e-05,5e-05,-1e-05,-0.00019,0.00017,-0.0001,-0.02261,-0.00017,3e-05,-1e-05,0.07726,0.00034,-0.00127,-0.00627,-0.00399,0.00014,0.00033
20.72,-0.00031,-0.00024,-0.00046,0.00094,-2e-05,-0,-0.00014,6e-05,0.00013,-1e-05,0.0001,4e-05,-0,-0.00141,-0.0002,-0,-4e-05,6e-05,4e-05,-0,0.00092,3e-05,-8e-05,-0.01093,-0.00022,1e-05,-1e-05,0.07362,-0.00031,-0.00049,-0.00948,-0.00396,0.00014,0.00033
20.74,0.00064,-0.00021,-0.00067,0.001,-3e-05,-0,-0.00032,3e-05,0.00011,-0,0.00011,3e-05,0,-0.00144,-0.00025,-0,-6e-05,3e-05,3e-05,-0,0.00075,-0,-4e-05,-0.0001,-0.0002,-0,-1e-05,0.06564,-0.00096,0.00039,-0.01163,-0.00376,0.00013,0.00032
20.76,0.00196,-5e-05,-0.00087,0.00105,-3e-05,-0,-0.00045,2e-05,9e-05,0,9e-05,3e-05,0,-0.00145,-0.00028,-0,-8e-05,1e-05,3e-05,-0,0.00043,0.0001,-2e-05,0.00409,-0.00016,-1e-05,-0,0.0538,-0.00148,0.00131,-0.01283,-0.00342,0.00013,0.00031
20.78,0.00364,0.00021,-0.00103,0.00106,-3e-05,-0,-0.00053,1e-05,6e-05,1e-05,7e-05,2e-05,0,-0.00143,-0.00031,-0,-0.00011,-1e-05,2e-05,-0,0.00037,0.0002,0,0.00427,-0.00011,-0,0,0.03888,-0.00175,0.00223,-0.01316,-0.00299,0.00012,0.00029
20.8,0.00552,0.00053,-0.00114,0.00103,-3e-05,-0,-0.00054,-0,4e-05,0,3e-05,1e-05,0,-0.00138,-0.00031,-0,-0.00013,-1e-05,2e-05,-0,0.00014,0.00021,2e-05,0.00428,-7e-05,0,1e-05,0.02321,-0.00157,0.00308,-0.01255,-0.00252,0.00011,0.00029
20.82,0.00726,0.00083,-0.00118,0.00095,-2e-05,-0,-0.0005,-0,3e-05,-0,0,0,0,-0.0013,-0.0003,-0,-0.00016,-1e-05,1e-05,-0,-0.00013,0.00015,3e-05,0.00403,-4e-05,1e-05,1e-05,0.00917,-0.00091,0.00373,-0.01118,-0.00206,0.00011,0.00028
20.84,0.00868,0.00106,-0.00117,0.00084,-1e-05,-0,-0.00042,-1e-05,2e-05,-2e-05,-1e-05,-0,0,-0.00117,-0.00027,-0,-0.00017,-1e-05,1e-05,-0,-0.00048,8e-05,3e-05,0.00361,-2e-05,2e-05,2e-05,-0.00331,4e-05,0.00419,-0.00955,-0.00164,0.00011,0.00029
20.86,0.0097,0.00121,-0.00111,0.00071,-0,-0,-0.00033,-0,2e-05,-4e-05,-1e-05,-1e-05,-0,-0.00098,-0.00022,-0,-0.00018,-1e-05,1e-05,0,-0.00099,4e-05,2e-05,0.00309,1e-05,2e-05,2e-05,-0.01435,0.00121,0.00451,-0.00793,-0.00127,0.00011,0.00029
20.88,0.01025,0.00126,-0.00101,0.00056,0,-0,-0.00022,-0,2e-05,-6e-05,-0,-1e-05,-0,-0.00074,-0.00018,0,-0.00018,-0,1e-05,0,-0.00165,2e-05,0,0.00243,3e-05,2e-05,2e-05,-0.02353,0.00256,0.00472,-0.00644,-0.00097,0.0001,0.0003
20.9,0.01013,0.00123,-0.0009,0.00041,0,-0,-0.00014,1e-05,2e-05,-8e-05,0,-1e-05,-0,-0.00046,-0.00013,-0,-0.00017,0,1e-05,0,-0.00204,1e-05,-1e-05,0.00148,4e-05,2e-05,1e-05,-0.02901,0.00393,0.00478,-0.00505,-0.00072,0.0001,0.00031
20.92,0.00926,0.00114,-0.00077,0.00027,0,-0,-9e-05,2e-05,2e-05,-9e-05,2e-05,-1e-05,-0,-0.00016,-9e-05,-0,-0.00014,0,1e-05,1e-05,-0.00171,-0,-1e-05,0.00027,6e-05,2e-05,1e-05,-0.02996,0.00496,0.00464,-0.0038,-0.00055,9e-05,0.00032
20.94,0.00796,0.00103,-0.00065,0.00016,-0,-0,-4e-05,3e-05,2e-05,-9e-05,2e-05,-1e-05,0,0.00014,-6e-05,-1e-05,-0.0001,1e-05,2e-05,1e-05,-0.00092,-0,0,-0.0011,7e-05,2e-05,1e-05,-0.02892,0.00563,0.00442,-0.00278,-0.00042,9e-05,0.00032
20.96,0.00647,0.00092,-0.00052,6e-05,-0,0,0,4e-05,2e-05,-8e-05,3e-05,-1e-05,0,0.00043,-4e-05,-1e-05,-6e-05,1e-05,2e-05,2e-05,0,-0,0,-0.0027,8e-05,1e-05,0,-0.02749,0.00609,0.00422,-0.00198,-0.00035,8e-05,0.00032
20.98,0.00484,0.00082,-0.00039,-0,-1e-05,0,5e-05,4e-05,1e-05,-6e-05,1e-05,-1e-05,1e-05,0.00068,-2e-05,-1e-05,-1e-05,1e-05,2e-05,2e-05,0.0011,-0,-4e-05,-0.00457,9e-05,0,-0,-0.02566,0.00635,0.00404,-0.00134,-0.00031,7e-05,0.00032
21,0.00315,0.00072,-0.00028,-5e-05,-1e-05,0,8e-05,2e-05,0,-3e-05,-1e-05,-1e-05,1e-05,0.00085,-1e-05,-1e-05,3e-05,1e-05,2e-05,3e-05,0.00218,0,-0.00017,-0.00662,9e-05,-0,-0,-0.02384,0.00632,0.00385,-0.00076,-0.00031,6e-05,0.00031
21.02,0.00148,0.00061,-0.00019,-7e-05,-1e-05,0,0.00011,0,0,-1e-05,-3e-05,-1e-05,0,0.00092,1e-05,0,6e-05,1e-05,2e-05,4e-05,0.00287,1e-05,-0.0004,-0.0086,0.0001,-1e-05,-1e-05,-0.02247,0.00585,0.00361,-0.00019,-0.00031,5e-05,0.0003
21.04,-0.00011,0.0005,-0.00012,-8e-05,-0,0,0.00013,-3e-05,-0,-0,-4e-05,-1e-05,-0,0.00086,3e-05,2e-05,9e-05,1e-05,2e-05,5e-05,0.00308,2e-05,-0.00074,-0.01021,9e-05,-1e-05,-1e-05,-0.02184,0.00519,0.00337,0.00046,-0.00033,5e-05,0.00029
21.06,-0.00158,0.00037,-7e-05,-8e-05,0,0,0.00014,-6e-05,0,1e-05,-4e-05,-1e-05,-1e-05,0.0007,6e-05,3e-05,0.00011,1e-05,1e-05,4e-05,0.00285,3e-05,-0.00112,-0.01164,9e-05,-1e-05,-1e-05,-0.02222,0.00454,0.0032,0.00129,-0.00035,5e-05,0.00029
21.08,-0.00289,0.00023,-3e-05,-6e-05,1e-05,0,0.00014,-9e-05,1e-05,0,-4e-05,-1e-05,-1e-05,0.00045,9e-05,2e-05,0.00011,1e-05,-0,2e-05,0.00234,1e-05,-0.00149,-0.01272,8e-05,-1e-05,-1e-05,-0.02377,0.00393,0.00311,0.00238,-0.00037,5e-05,0.00028
21.1,-0.00405,7e-05,-1e-05,-4e-05,1e-05,0,0.00014,-0.00012,1e-05,-1e-05,-3e-05,-1e-05,-1e-05,0.00014,0.00012,-1e-05,0.0001,0,-2e-05,-1e-05,0.00152,-2e-05,-0.0017,-0.01332,7e-05,-1e-05,-0,-0.02677,0.0032,0.00309,0.00382,-0.00038,4e-05,0.00027
21.12,-0.00506,-0.00011,-0,-2e-05,1e-05,0,0.00012,-0.00015,1e-05,-1e-05,-1e-05,-1e-05,-1e-05,-0.00018,0.00013,-3e-05,8e-05,0,-2e-05,-4e-05,0.0005,-5e-05,-0.00162,-0.01334,6e-05,-0,-0,-0.03145,0.00222,0.00309,0.00572,-0.00037,4e-05,0.00025
21.14,-0.00591,-0.00028,0,1e-05,1e-05,0,0.00011,-0.00016,1e-05,-1e-05,-0,-1e-05,-0,-0.00049,0.00014,-3e-05,6e-05,0,-3e-05,-3e-05,-0.00026,-5e-05,-0.0013,-0.01262,5e-05,-0,0,-0.03759,0.00105,0.00314,0.00811,-0.00036,4e-05,0.00023
21.16,-0.00658,-0.00044,1e-05,4e-05,1e-05,0,0.0001,-0.00017,1e-05,0,0,-1e-05,0,-0.00077,0.00013,-1e-05,3e-05,0,-3e-05,-2e-05,-0.00055,-3e-05,-0.00088,-0.01108,4e-05,0,0,-0.04479,-0.00018,0.00327,0.01097,-0.00033,3e-05,0.0002
21.18,-0.00713,-0.00057,1e-05,6e-05,1e-05,0,9e-05,-0.00017,0,1e-05,0,-1e-05,0,-0.00101,0.00012,1e-05,0,0,-3e-05,-0,-0.00045,-0,-0.00039,-0.00882,3e-05,0,0,-0.0525,-0.00144,0.00342,0.01422,-0.00028,2e-05,0.00015
21.2,-0.00764,-0.00068,1e-05,9e-05,1e-05,0,9e-05,-0.00016,-0,1e-05,-0,-1e-05,0,-0.00121,0.0001,2e-05,-2e-05,0,-3e-05,1e-05,-0.00015,-1e-05,-6e-05,-0.00649,3e-05,0,-0,-0.06002,-0.00315,0.00343,0.01762,-0.00022,2e-05,0.0001
21.22,-0.00823,-0.00079,1e-05,0.00012,0,0,9e-05,-0.00015,-0,1e-05,-1e-05,-1e-05,0,-0.00136,8e-05,3e-05,-4e-05,0,-3e-05,1e-05,0.00015,-8e-05,4e-05,-0.00461,2e-05,-0,-0,-0.06647,-0.00584,0.00313,0.02082,-0.00013,0,4e-05
21.24,-0.0089,-0.00087,1e-05,0.00016,0,0,9e-05,-0.00013,0,0,-1e-05,-0,-0,-0.00147,6e-05,2e-05,-6e-05,1e-05,-2e-05,0,0.00039,-0.0002,6e-05,-0.00295,2e-05,-0,-0,-0.07045,-0.00904,0.00259,0.02329,-3e-05,-1e-05,-3e-05
21.26,-0.00956,-0.0009,1e-05,0.0002,-0,0,9e-05,-0.00012,1e-05,-0,1e-05,-0,-0,-0.00157,4e-05,2e-05,-8e-05,1e-05,-2e-05,-0,0.00046,-0.00037,4e-05,-0.00152,2e-05,-0,-0,-0.07089,-0.01215,0.0019,0.02437,9e-05,-2e-05,-9e-05
21.28,-0.01017,-0.0009,1e-05,0.00024,-0,-0,8e-05,-0.00011,1e-05,-1e-05,2e-05,-0,0,-0.00165,2e-05,1e-05,-9e-05,1e-05,-1e-05,-0,0.00037,-0.00057,-1e-05,-0.00048,2e-05,-0,-0,-0.06758,-0.01505,0.00105,0.02345,0.0002,-3e-05,-0.00014
21.3,-0.0106,-0.00087,1e-05,0.0003,-0,-0,8e-05,-0.0001,1e-05,-0,3e-05,0,0,-0.00172,1e-05,0,-0.0001,1e-05,-1e-05,0,0.00017,-0.00075,-8e-05,0.00017,2e-05,-0,-0,-0.06031,-0.01773,0.00031,0.01987,0.0003,-4e-05,-0.00017
21.32,-0.01073,-0.00084,0,0.00036,-0,-0,8e-05,-0.0001,1e-05,1e-05,3e-05,0,1e-05,-0.00179,0,-0,-0.0001,1e-05,-0,1e-05,-6e-05,-0.00088,-0.00013,0.00049,1e-05,-0,-0,-0.04964,-0.02003,0.00013,0.01345,0.00039,-3e-05,-0.00017
21.34,-0.01046,-0.0008,-0,0.00044,-0,-0,9e-05,-0.0001,1e-05,2e-05,3e-05,0,1e-05,-0.00187,-1e-05,-0,-0.00011,1e-05,1e-05,1e-05,-0.00033,-0.00096,-0.00015,0.00057,1e-05,0,0,-0.03729,-0.02129,0.00023,0.00483,0.00043,-3e-05,-0.00014
21.36,-0.00973,-0.00072,-1e-05,0.00053,-0,-0,9e-05,-0.00011,0,3e-05,2e-05,-0,1e-05,-0.00196,-1e-05,-0,-0.00012,1e-05,2e-05,2e-05,-0.00064,-0.00103,-0.00014,0.00049,1e-05,0,0,-0.02489,-0.02097,0.00036,-0.00468,0.00043,-1e-05,-0.0001
21.38,-0.00857,-0.00061,-1e-05,0.00063,-0,-0,9e-05,-0.00013,-0,3e-05,-0,-0,0,-0.00207,-1e-05,-0,-0.00013,1e-05,2e-05,2e-05,-0.00096,-0.00108,-0.00012,0.00034,2e-05,0,0,-0.01373,-0.01891,0.00067,-0.01325,0.00039,-0,-5e-05
21.4,-0.00706,-0.00048,-1e-05,0.00073,0,-0,8e-05,-0.00015,-0,2e-05,-2e-05,-0,-1e-05,-0.00222,-1e-05,0,-0.00014,0,3e-05,3e-05,-0.00114,-0.00111,-7e-05,0.00015,2e-05,0,0,-0.00488,-0.01544,0.00069,-0.01914,0.0003,0,-1e-05
21.42,-0.00528,-0.00035,-0,0.00083,0,-0,5e-05,-0.00017,0,-0,-2e-05,-0,-1e-05,-0.00241,-1e-05,1e-05,-0.00015,0,4e-05,4e-05,-0.00095,-0.00107,6e-05,-2e-05,2e-05,0,1e-05,0.00095,-0.01115,0.00032,-0.02126,0.00018,1e-05,1e-05
21.44,-0.00328,-0.00021,2e-05,0.00093,1e-05,-0,3e-05,-0.00019,2e-05,-2e-05,-2e-05,-0,-1e-05,-0.00264,-1e-05,1e-05,-0.00017,-0,4e-05,4e-05,-0.0005,-0.00093,0.00024,-0.00014,3e-05,0,1e-05,0.00365,-0.00636,0.00011,-0.01935,7e-05,1e-05,2e-05
21.46,-0.00104,-0.0001,6e-05,0.00101,1e-05,0,2e-05,-0.0002,3e-05,-3e-05,-1e-05,-0,-1e-05,-0.00293,-0,0,-0.00018,-1e-05,4e-05,3e-05,5e-05,-0.00068,0.00044,-0.00021,3e-05,0,1e-05,0.00358,-0.00162,0.00015,-0.01389,-2e-05,0,1e-05
21.48,0.00142,-2e-05,0.0001,0.0011,1e-05,0,0,-0.00021,4e-05,-3e-05,-0,-0,-0,-0.00325,0,-1e-05,-0.00021,-2e-05,4e-05,0,0.00079,-0.00032,0.00063,-0.00025,3e-05,0,1e-05,0.00131,0.0025,0.00025,-0.00589,-8e-05,0,1e-05
21.5,0.00403,0,0.00013,0.00117,1e-05,0,-1e-05,-0.00021,4e-05,-3e-05,-0,-0,-0,-0.00364,0,-3e-05,-0.00022,-2e-05,3e-05,-3e-05,0.00155,0.00015,0.00078,-0.00026,3e-05,0,1e-05,-0.00238,0.0055,0.00032,0.0033,-0.0001,-0,0
21.52,0.00662,-3e-05,0.00016,0.00121,1e-05,0,-2e-05,-0.0002,4e-05,-2e-05,0,0,-0,-0.00413,0,-3e-05,-0.0002,-2e-05,2e-05,-5e-05,0.0021,0.00068,0.00085,-0.00026,3e-05,0,1e-05,-0.00489,0.00627,0.00026,0.00886,-0.0001,0,-0
21.54,0.00906,-0.0001,0.00018,0.00122,-1e-05,0,-3e-05,-0.0002,3e-05,-1e-05,3e-05,0,0,-0.00471,-0,-0,-0.00015,-2e-05,2e-05,-4e-05,0.00256,0.00118,0.00082,-0.00024,3e-05,1e-05,0,-0.00566,0.00567,0.00013,0.01038,-8e-05,0,0
21.56,0.01129,-0.00018,0.00018,0.00123,-2e-05,0,-3e-05,-0.00019,3e-05,-1e-05,6e-05,1e-05,1e-05,-0.00536,-0,3e-05,-7e-05,-2e-05,1e-05,-2e-05,0.00289,0.00181,0.00078,-0.00014,2e-05,0,-0,-0.00633,0.00491,-1e-05,0.0115,-7e-05,-0,0
21.58,0.01326,-0.00023,0.00015,0.00122,-4e-05,0,-3e-05,-0.00019,2e-05,0,0.0001,1e-05,1e-05,-0.00609,-0,8e-05,3e-05,-1e-05,0,0,0.00245,0.0025,0.00072,0.0001,-1e-05,-1e-05,-2e-05,-0.00677,0.00397,-0.0002,0.01215,-6e-05,-1e-05,0
21.6,0.01474,-0.00024,9e-05,0.00119,-6e-05,0,-2e-05,-0.00019,2e-05,0,0.00013,1e-05,1e-05,-0.00692,-0,0.00013,0.00018,-1e-05,-1e-05,2e-05,0.00101,0.00284,0.00055,0.00037,-3e-05,-2e-05,-4e-05,-0.00656,0.00281,-0.00051,0.01209,-5e-05,-1e-05,0
21.62,0.01549,-0.00023,2e-05,0.00113,-8e-05,0,-1e-05,-0.00019,2e-05,-0,0.00017,2e-05,2e-05,-0.00786,0,0.00018,0.00041,-1e-05,-1e-05,2e-05,-0.00123,0.00278,0.00032,0.00062,-3e-05,-5e-05,-8e-05,-0.00515,0.00145,-0.00106,0.01118,-5e-05,-2e-05,0
21.64,0.01562,-0.00017,-7e-05,0.00105,-9e-05,0,-1e-05,-0.0002,2e-05,-2e-05,0.00017,1e-05,3e-05,-0.00884,0,0.00023,0.00068,-1e-05,-2e-05,1e-05,-0.00395,0.00235,8e-05,0.00083,1e-05,-8e-05,-0.00012,-0.003,-8e-05,-0.00192,0.00974,-4e-05,-1e-05,0
21.66,0.01531,-9e-05,-0.0002,0.00096,-9e-05,0,0,-0.00021,2e-05,-4e-05,0.00012,1e-05,3e-05,-0.00983,0,0.00029,0.00097,-1e-05,-3e-05,1e-05,-0.00685,0.00162,-0.00011,0.00096,9e-05,-0.00011,-0.00019,-0.00079,-0.00177,-0.0031,0.00809,-3e-05,-1e-05,1e-05
21.68,0.01466,1e-05,-0.00035,0.00086,-8e-05,0,1e-05,-0.00021,2e-05,-7e-05,6e-05,0,2e-05,-0.01079,0,0.00034,0.00124,-1e-05,-4e-05,0,-0.00938,0.00076,-0.00015,0.00099,0.00023,-0.00015,-0.00026,0.00137,-0.00358,-0.00459,0.00642,-1e-05,0,1e-05
21.7,0.01369,0.00011,-0.00053,0.00076,-7e-05,0,1e-05,-0.00022,3e-05,-0.0001,-2e-05,-0,-0,-0.01171,-0,0.00039,0.00152,-1e-05,-5e-05,-0,-0.01075,5e-05,0,0.00088,0.00041,-0.00019,-0.00034,0.00302,-0.00533,-0.00617,0.00488,1e-05,2e-05,1e-05
21.72,0.01251,0.00021,-0.00077,0.00066,-5e-05,0,0,-0.00022,4e-05,-0.00011,-6e-05,-1e-05,-2e-05,-0.01254,-0,0.00045,0.00182,-1e-05,-5e-05,-1e-05,-0.01046,-0.00027,0.00036,0.00063,0.00061,-0.00022,-0.00041,0.00392,-0.00671,-0.00747,0.00358,3e-05,3e-05,2e-05
21.74,0.01135,0.00032,-0.00106,0.00057,-3e-05,0,-0,-0.00021,5e-05,-0.0001,-3e-05,-1e-05,-2e-05,-0.01321,-1e-05,0.0005,0.00209,-1e-05,-5e-05,-1e-05,-0.00888,-0.0002,0.00088,0.00024,0.00081,-0.00025,-0.00048,0.00432,-0.00757,-0.0084,0.00247,5e-05,3e-05,2e-05
21.76,0.01038,0.00041,-0.00136,0.00048,-2e-05,0,0,-0.0002,6e-05,-8e-05,2e-05,-0,-2e-05,-0.0137,-1e-05,0.00053,0.00228,-1e-05,-5e-05,-1e-05,-0.00656,0.00019,0.00149,-0.00028,0.00098,-0.00027,-0.00052,0.00446,-0.00788,-0.00896,0.00148,7e-05,3e-05,2e-05
21.78,0.0096,0.00048,-0.00168,0.00041,-1e-05,0,1e-05,-0.00017,6e-05,-6e-05,7e-05,-0,-1e-05,-0.01397,-2e-05,0.00055,0.00239,-1e-05,-5e-05,-1e-05,-0.00387,0.00086,0.00209,-0.00092,0.00109,-0.00027,-0.00053,0.0044,-0.00758,-0.00899,0.00053,8e-05,3e-05,1e-05
21.8,0.00892,0.00053,-0.00202,0.00035,0,0,1e-05,-0.00014,5e-05,-3e-05,0.0001,0,0,-0.01404,-3e-05,0.00057,0.00243,0,-4e-05,-1e-05,-0.00118,0.00169,0.00259,-0.00166,0.00114,-0.00026,-0.00052,0.00439,-0.00687,-0.00846,-0.00045,9e-05,2e-05,1e-05
21.82,0.00828,0.00055,-0.00238,0.00029,0,0,1e-05,-0.0001,4e-05,-2e-05,8e-05,0,0,-0.01391,-5e-05,0.00057,0.00239,2e-05,-4e-05,-1e-05,0.00122,0.00252,0.00289,-0.00246,0.0011,-0.00023,-0.00049,0.0044,-0.00604,-0.00744,-0.00135,9e-05,1e-05,0
21.84,0.00767,0.00055,-0.00275,0.00025,0,0,0,-6e-05,3e-05,-1e-05,6e-05,-0,-0,-0.01356,-7e-05,0.00057,0.00226,3e-05,-4e-05,-1e-05,0.00316,0.0033,0.00298,-0.00331,0.00099,-0.0002,-0.00043,0.00433,-0.00506,-0.006,-0.00227,8e-05,-0,-0
21.86,0.00713,0.00054,-0.00313,0.00021,-0,0,-1e-05,-2e-05,2e-05,-0,4e-05,-0,-0,-0.013,-0.0001,0.00057,0.00204,4e-05,-4e-05,-1e-05,0.00463,0.00408,0.00291,-0.00422,0.00081,-0.00017,-0.00035,0.0042,-0.00389,-0.00421,-0.00337,7e-05,-1e-05,-1e-05
21.88,0.00662,0.00051,-0.00352,0.00018,-1e-05,0,-3e-05,2e-05,1e-05,0,2e-05,-0,-0,-0.0122,-0.00015,0.00057,0.00174,5e-05,-3e-05,-1e-05,0.00563,0.00491,0.00276,-0.0052,0.00059,-0.00012,-0.00026,0.00402,-0.00266,-0.00229,-0.0047,6e-05,-2e-05,-1e-05
21.9,0.00612,0.00046,-0.00389,0.00015,-1e-05,0,-6e-05,7e-05,0,1e-05,1e-05,-0,-0,-0.01133,-0.00021,0.00057,0.00138,4e-05,-3e-05,-1e-05,0.00625,0.00564,0.00252,-0.00631,0.00034,-8e-05,-0.00017,0.0037,-0.00148,-0.00049,-0.00616,5e-05,-3e-05,-2e-05
21.92,0.00562,0.00039,-0.00422,0.00013,-2e-05,0,-8e-05,0.00011,0,0,1e-05,-0,-0,-0.01056,-0.00027,0.00059,0.00098,3e-05,-2e-05,-1e-05,0.0066,0.00606,0.00222,-0.0076,0.0001,-4e-05,-7e-05,0.00312,-0.00043,0.00095,-0.00755,5e-05,-3e-05,-2e-05
21.94,0.00515,0.0003,-0.00451,0.00011,-2e-05,0,-0.00011,0.00016,-0,-0,1e-05,-0,-0,-0.00979,-0.00033,0.0006,0.00058,2e-05,-2e-05,-0,0.0068,0.00628,0.00201,-0.00914,-0.00012,0,2e-05,0.00225,0.00045,0.00191,-0.00866,4e-05,-3e-05,-2e-05
21.96,0.00473,0.00019,-0.00474,9e-05,-1e-05,0,-0.00012,0.0002,-0,-0,0,-0,-0,-0.00889,-0.00041,0.00061,0.00021,1e-05,-2e-05,-0,0.00702,0.00647,0.00197,-0.01098,-0.0003,4e-05,0.0001,0.00115,0.0011,0.00235,-0.00938,3e-05,-3e-05,-1e-05
21.98,0.00433,6e-05,-0.0049,7e-05,-0,0,-0.00014,0.00024,-0,-0,0,-0,-0,-0.00787,-0.00048,0.00061,-0.00014,0,-1e-05,0,0.00754,0.00675,0.00206,-0.01314,-0.00045,7e-05,0.00017,-0.00011,0.00147,0.00236,-0.00951,2e-05,-2e-05,-1e-05
22,0.00393,-0.00011,-0.00494,6e-05,1e-05,0,-0.00015,0.00027,-0,-0,0,0,-0,-0.00686,-0.00056,0.00061,-0.00046,-0,-0,0,0.00868,0.00655,0.00215,-0.01562,-0.00055,0.0001,0.00024,-0.00135,0.00161,0.00214,-0.00914,2e-05,-2e-05,-0
22.02,0.00351,-0.00031,-0.00482,4e-05,2e-05,0,-0.00015,0.00031,-0,-0,0,0,0,-0.00597,-0.00062,0.0006,-0.00073,1e-05,0,1e-05,0.01087,0.00504,0.00214,-0.01838,-0.00061,0.00012,0.00029,-0.00221,0.00169,0.00191,-0.00842,2e-05,-1e-05,0
22.04,0.00305,-0.00055,-0.00453,2e-05,3e-05,0,-0.00015,0.00033,-0,-0,0,0,0,-0.00509,-0.00067,0.00058,-0.00095,2e-05,1e-05,1e-05,0.01439,0.0026,0.002,-0.02129,-0.00063,0.00015,0.00034,-0.00254,0.00173,0.00172,-0.00739,1e-05,0,1e-05
22.06,0.00257,-0.00082,-0.00406,1e-05,3e-05,0,-0.00015,0.00034,0,-0,0,0,0,-0.00413,-0.0007,0.00053,-0.00115,3e-05,1e-05,1e-05,0.01938,-0.00014,0.00177,-0.02412,-0.0006,0.00017,0.00038,-0.00239,0.0017,0.00157,-0.0061,1e-05,1e-05,1e-05
22.08,0.00206,-0.0011,-0.00342,-0,3e-05,0,-0.00015,0.00034,0,0,0,0,0,-0.00314,-0.00069,0.00045,-0.00132,4e-05,1e-05,1e-05,0.0258,-0.00302,0.00151,-0.0266,-0.00053,0.00018,0.0004,-0.00186,0.0016,0.00145,-0.00456,1e-05,1e-05,1e-05
22.1,0.0015,-0.00135,-0.00265,-0,2e-05,0,-0.00014,0.00033,0,0,0,0,0,-0.00224,-0.00065,0.00036,-0.00148,3e-05,1e-05,1e-05,0.03309,-0.00688,0.00105,-0.02826,-0.00042,0.00019,0.00041,-0.00112,0.00128,0.00129,-0.00325,1e-05,1e-05,1e-05
22.12,0.00093,-0.00153,-0.0018,1e-05,2e-05,0,-0.00012,0.0003,0,1e-05,0,0,0,-0.00151,-0.00056,0.00026,-0.00161,2e-05,1e-05,0,0.04023,-0.01255,0.00016,-0.02864,-0.00027,0.0002,0.0004,-0.00029,0.00064,0.00104,-0.00239,0,1e-05,1e-05
22.14,0.00041,-0.00161,-0.00095,5e-05,1e-05,-0,-0.0001,0.00027,0,1e-05,1e-05,0,-0,-0.0009,-0.00044,0.00016,-0.00174,1e-05,1e-05,-0,0.04627,-0.01849,-0.00092,-0.02747,-9e-05,0.00019,0.00036,0.00055,-0.00025,0.00074,-0.00153,0,0,1e-05
22.16,0,-0.00157,-0.00016,0.00011,0,-0,-7e-05,0.00025,0,1e-05,1e-05,0,-0,-0.0004,-0.00032,8e-05,-0.00186,0,0,-1e-05,0.0503,-0.02303,-0.00191,-0.02472,9e-05,0.00017,0.0003,0.00131,-0.00128,0.00043,-0.00059,0,0,0
22.18,-0.00023,-0.00142,0.00051,0.00019,-0,-0,-1e-05,0.00022,-0,2e-05,1e-05,0,-0,-6e-05,-0.0002,2e-05,-0.00197,-0,0,-1e-05,0.05138,-0.02574,-0.00282,-0.02065,0.00024,0.00014,0.00021,0.00195,-0.00238,0.00012,0.00021,0,0,0
22.2,-0.00028,-0.00116,0.00101,0.00029,-1e-05,-0,6e-05,0.00019,0,2e-05,0,0,-0,0.0001,-0.0001,-0,-0.00205,-0,0,-2e-05,0.04838,-0.02651,-0.00361,-0.01567,0.00035,9e-05,0.00012,0.00251,-0.0033,-0.0002,0.00079,-0,0,0
22.22,-0.00011,-0.00082,0.00132,0.0004,-1e-05,0,0.00015,0.00017,0,2e-05,0,0,-0,0.00014,-3e-05,-0,-0.00207,0,0,-2e-05,0.04115,-0.02542,-0.00424,-0.01048,0.0004,5e-05,3e-05,0.00321,-0.00371,-0.00048,0.00122,-0,0,0
22.24,0.00022,-0.00046,0.00144,0.0005,-0,0,0.00026,0.00015,1e-05,2e-05,0,-0,-0,0.00011,-0,2e-05,-0.00204,2e-05,-0,-3e-05,0.03135,-0.02226,-0.00453,-0.006,0.00039,0,-4e-05,0.00379,-0.00365,-0.0007,0.0015,0,0,0
22.26,0.00063,-0.00016,0.00139,0.00058,-0,0,0.00038,0.00013,2e-05,3e-05,0,-0,-0,1e-05,-0,5e-05,-0.00197,3e-05,-0,-3e-05,0.02088,-0.01762,-0.0044,-0.00271,0.00032,-3e-05,-8e-05,0.00398,-0.00334,-0.00086,0.00159,1e-05,-0,-0
22.28,0.00106,6e-05,0.00122,0.00063,0,0,0.0005,0.00011,2e-05,4e-05,-0,0,-0,-0.00012,-3e-05,8e-05,-0.00186,5e-05,-0,-3e-05,0.01111,-0.01252,-0.00396,-0.00073,0.00022,-4e-05,-9e-05,0.0038,-0.0028,-0.00097,0.00155,1e-05,-0,-0
22.3,0.00136,0.00013,0.00099,0.00065,0,0,0.00061,0.0001,3e-05,4e-05,-0,0,-0,-0.00023,-7e-05,0.0001,-0.00171,6e-05,-0,-3e-05,0.00288,-0.00774,-0.00316,0.0001,0.00011,-4e-05,-8e-05,0.00312,-0.00221,-0.00098,0.0014,2e-05,-0,-0
22.32,0.0014,8e-05,0.00075,0.00063,-0,-0,0.0007,9e-05,3e-05,5e-05,0,0,-0,-0.00032,-0.00011,0.0001,-0.00155,7e-05,-0,-2e-05,-0.00308,-0.00392,-0.0022,0.0001,2e-05,-2e-05,-5e-05,0.00199,-0.00177,-0.0009,0.00112,3e-05,-0,-1e-05
22.34,0.00118,-8e-05,0.00052,0.00057,-1e-05,-0,0.00075,8e-05,4e-05,5e-05,0,1e-05,-0,-0.00036,-0.00015,9e-05,-0.00138,7e-05,-0,-1e-05,-0.0064,-0.00132,-0.00137,-0.00033,-5e-05,-0,-1e-05,0.0008,-0.00142,-0.00076,0.00082,4e-05,0,-1e-05
22.36,0.0007,-0.00031,0.00034,0.00049,-1e-05,-0,0.00078,7e-05,4e-05,5e-05,0,1e-05,-0,-0.00034,-0.00017,6e-05,-0.0012,4e-05,-0,-1e-05,-0.00674,-0.00027,-0.00096,-0.00068,-7e-05,0,1e-05,-0.00032,-0.00106,-0.00059,0.00056,5e-05,0,-1e-05
22.38,2e-05,-0.00056,0.00021,0.00039,-2e-05,-0,0.00077,6e-05,4e-05,5e-05,1e-05,1e-05,-0,-0.00028,-0.00017,1e-05,-0.00102,0,-0,-0,-0.00544,-3e-05,-0.00071,-0.00075,-5e-05,-0,2e-05,-0.00135,-0.00074,-0.0004,0.00033,5e-05,0,-1e-05
22.4,-0.00077,-0.00082,0.00013,0.00028,-2e-05,-0,0.00074,5e-05,4e-05,4e-05,1e-05,2e-05,-0,-0.00019,-0.00015,-4e-05,-0.00086,-3e-05,0,0,-0.00397,1e-05,-0.00035,-0.00072,-4e-05,-1e-05,2e-05,-0.00227,-0.00041,-0.00026,0.00013,6e-05,1e-05,-1e-05
22.42,-0.00147,-0.00106,8e-05,0.00018,-1e-05,-0,0.00068,5e-05,4e-05,2e-05,1e-05,2e-05,-0,-9e-05,-0.0001,-9e-05,-0.00072,-2e-05,-0,1e-05,-0.00246,-8e-05,3e-05,-0.0006,-3e-05,-1e-05,2e-05,-0.00306,-3e-05,-0.00018,-1e-05,6e-05,1e-05,-1e-05
22.44,-0.00194,-0.00128,5e-05,9e-05,0,-0,0.0006,5e-05,4e-05,0,2e-05,2e-05,-0,1e-05,-2e-05,-0.00014,-0.0006,3e-05,-0,1e-05,-0.00109,-0.00019,0.0004,-0.00039,-3e-05,-0,2e-05,-0.00365,0.0003,-0.00014,-0.00011,6e-05,2e-05,-0
22.46,-0.00218,-0.00147,4e-05,3e-05,2e-05,-0,0.00052,5e-05,3e-05,-2e-05,2e-05,3e-05,-0,0.00011,7e-05,-0.00018,-0.0005,7e-05,-0,2e-05,4e-05,-0.0004,0.00067,-0.00012,-3e-05,0,2e-05,-0.004,0.00052,-0.00012,-0.00018,5e-05,3e-05,0
22.48,-0.0022,-0.00162,3e-05,-2e-05,4e-05,-0,0.00044,6e-05,3e-05,-3e-05,2e-05,3e-05,-0,0.0002,0.00017,-0.00021,-0.00043,0.0001,-1e-05,2e-05,0.00086,-0.00071,0.00082,0.00019,-2e-05,0,2e-05,-0.00405,0.00066,-0.00013,-0.00022,5e-05,3e-05,1e-05
22.5,-0.00201,-0.00172,1e-05,-4e-05,6e-05,-0,0.00036,5e-05,2e-05,-4e-05,2e-05,3e-05,0,0.00027,0.00026,-0.00023,-0.00037,9e-05,-1e-05,2e-05,0.00134,-0.00098,0.00089,0.00047,-2e-05,1e-05,2e-05,-0.00388,0.0007,-0.00013,-0.00023,4e-05,3e-05,1e-05
22.52,-0.00166,-0.00178,-1e-05,-3e-05,8e-05,-0,0.00028,5e-05,1e-05,-4e-05,2e-05,2e-05,0,0.00032,0.00036,-0.00025,-0.00034,5e-05,-1e-05,2e-05,0.00147,-0.00097,0.00096,0.00068,-1e-05,1e-05,1e-05,-0.00362,0.00066,-6e-05,-0.00024,2e-05,3e-05,1e-05
22.54,-0.00126,-0.00178,-4e-05,-1e-05,0.0001,-0,0.00021,3e-05,1e-05,-4e-05,1e-05,2e-05,0,0.00036,0.00044,-0.00025,-0.00032,2e-05,-1e-05,1e-05,0.00129,-0.00081,0.00102,0.00079,-1e-05,0,1e-05,-0.00318,0.00061,4e-05,-0.00023,1e-05,3e-05,1e-05
22.56,-0.00088,-0.00173,-6e-05,2e-05,0.00011,-0,0.00014,1e-05,0,-4e-05,1e-05,2e-05,0,0.0004,0.0005,-0.00024,-0.00032,0,-0,-0,0.00086,-0.00067,0.001,0.00078,0,0,0,-0.00253,0.00058,0.00013,-0.00023,-0,3e-05,1e-05
22.58,-0.00056,-0.00165,-8e-05,6e-05,0.00012,-0,8e-05,-1e-05,0,-2e-05,1e-05,2e-05,0,0.00042,0.00054,-0.00022,-0.00033,-0,-0,-1e-05,0.00025,-0.00051,0.00094,0.00067,2e-05,0,0,-0.00177,0.00056,0.00023,-0.00024,-2e-05,3e-05,1e-05
22.6,-0.0003,-0.00153,-9e-05,0.0001,0.00012,-0,2e-05,-5e-05,0,-1e-05,1e-05,1e-05,0,0.00044,0.00056,-0.0002,-0.00035,0,0,-1e-05,-0.0004,-0.00042,0.00083,0.00048,3e-05,0,-0,-0.00106,0.00055,0.0003,-0.00024,-3e-05,3e-05,1e-05
22.62,-0.00012,-0.00137,-8e-05,0.00014,0.00012,-0,-5e-05,-9e-05,0,-0,1e-05,1e-05,0,0.00045,0.00057,-0.00017,-0.00039,1e-05,0,-1e-05,-0.00095,-0.00057,0.00066,0.00029,4e-05,-0,-0,-0.0005,0.00057,0.00033,-0.00025,-4e-05,3e-05,1e-05
22.64,-2e-05,-0.0012,-5e-05,0.00018,0.00012,-0,-0.00013,-0.00012,1e-05,1e-05,1e-05,1e-05,0,0.00045,0.00057,-0.00014,-0.00043,2e-05,0,-1e-05,-0.00129,-0.00084,0.00042,0.00012,5e-05,-0,-1e-05,-0.0001,0.00059,0.00035,-0.00027,-5e-05,3e-05,2e-05
22.66,3e-05,-0.00105,-1e-05,0.00021,0.00012,-0,-0.00021,-0.00014,2e-05,2e-05,1e-05,0,-0,0.00043,0.00055,-0.00011,-0.00048,1e-05,0,-0,-0.0014,-0.00112,0.00014,1e-05,6e-05,-0,-1e-05,0.00012,0.0006,0.00038,-0.00028,-6e-05,3e-05,2e-05
22.68,4e-05,-0.00091,4e-05,0.00023,0.00013,-0,-0.00031,-0.00015,3e-05,2e-05,1e-05,0,-0,0.0004,0.00053,-8e-05,-0.00054,1e-05,0,-0,-0.00125,-0.00137,-0.00012,-3e-05,6e-05,-0,-1e-05,0.00013,0.00062,0.00042,-0.0003,-7e-05,4e-05,2e-05
22.7,1e-05,-0.00075,7e-05,0.00025,0.00015,-0,-0.0004,-0.00015,4e-05,3e-05,0,0,-0,0.00035,0.00049,-5e-05,-0.0006,-1e-05,-0,0,-0.00093,-0.00154,-0.00036,-2e-05,5e-05,-0,-1e-05,-5e-05,0.00063,0.00048,-0.00032,-7e-05,3e-05,2e-05
22.72,-5e-05,-0.00053,8e-05,0.00027,0.00016,-0,-0.0005,-0.00014,5e-05,3e-05,0,0,-0,0.00027,0.00042,-2e-05,-0.00066,-1e-05,-0,0,-0.00057,-0.0016,-0.00059,1e-05,4e-05,-0,-0,-0.0004,0.00061,0.00054,-0.00033,-8e-05,3e-05,2e-05
22.74,-0.00017,-0.00024,5e-05,0.00029,0.00017,-0,-0.00058,-0.00011,5e-05,4e-05,0,0,0,0.00016,0.00034,1e-05,-0.00073,0,-0,1e-05,-0.00024,-0.00155,-0.00072,4e-05,3e-05,-0,-0,-0.00084,0.00057,0.00059,-0.00034,-8e-05,3e-05,2e-05
22.76,-0.00036,0.00014,-4e-05,0.0003,0.00019,-0,-0.00065,-8e-05,5e-05,4e-05,0,0,0,3e-05,0.00025,2e-05,-0.00078,1e-05,-0,1e-05,-5e-05,-0.00142,-0.00067,0.00054,2e-05,-0,-0,-0.00134,0.00054,0.0006,-0.00033,-8e-05,3e-05,2e-05
22.78,-0.00059,0.00063,-0.0002,0.0003,0.0002,-0,-0.0007,-4e-05,4e-05,4e-05,0,0,0,-0.00013,0.00016,3e-05,-0.00084,2e-05,-0,1e-05,0.00088,-0.00125,-0.00051,0.00248,1e-05,-0,0,-0.00186,0.00049,0.00059,-0.0003,-9e-05,2e-05,2e-05
22.8,-0.0009,0.00118,-0.0004,0.00029,0.0002,-0,-0.00072,-1e-05,4e-05,4e-05,0,-0,0,-0.0003,5e-05,4e-05,-0.00089,2e-05,-0,1e-05,0.0037,-0.00095,-0.00028,0.00595,-0,-0,0,-0.00228,0.00042,0.00053,-0.00026,-8e-05,2e-05,2e-05
22.82,-0.00137,0.00168,-0.00062,0.0003,0.00019,-0,-0.00074,3e-05,3e-05,3e-05,0,-0,1e-05,-0.00047,-4e-05,3e-05,-0.00092,2e-05,-0,1e-05,0.0093,-0.00044,4e-05,0.01055,-2e-05,0,1e-05,-0.00243,0.0003,0.00043,-0.00018,-8e-05,2e-05,1e-05
22.84,-0.00192,0.00203,-0.00084,0.00031,0.00016,-0,-0.00075,6e-05,2e-05,3e-05,0,-0,1e-05,-0.00062,-0.00012,2e-05,-0.00094,1e-05,-0,1e-05,0.01814,0.00022,0.00041,0.01534,-6e-05,0,1e-05,-0.00226,0.00018,0.00033,-8e-05,-7e-05,1e-05,1e-05
22.86,-0.00239,0.00218,-0.001,0.0003,0.00013,-0,-0.00072,9e-05,1e-05,2e-05,0,-0,2e-05,-0.00073,-0.00016,1e-05,-0.00097,0,0,0,0.03065,0.00096,0.00082,0.01926,-0.00012,0,2e-05,-0.0018,8e-05,0.00026,4e-05,-6e-05,0,1e-05
22.88,-0.00275,0.00205,-0.0011,0.00028,0.0001,-0,-0.00067,0.00013,1e-05,2e-05,0,-0,2e-05,-0.0008,-0.00018,-1e-05,-0.001,-0,0,0,0.04639,0.00175,0.00125,0.02077,-0.00022,0,4e-05,-0.00099,2e-05,0.0002,0.00017,-4e-05,-0,0
22.9,-0.00301,0.00156,-0.00112,0.00025,5e-05,-0,-0.00061,0.00017,0,2e-05,0,-0,3e-05,-0.00082,-0.00017,-1e-05,-0.00104,-0,0,0,0.06389,0.00248,0.00169,0.01882,-0.00035,1e-05,6e-05,0.00019,-0,0.00014,0.0003,-3e-05,-1e-05,-1e-05
22.92,-0.00323,0.00066,-0.00104,0.00023,-1e-05,-0,-0.00056,0.00021,-1e-05,1e-05,0,-0,6e-05,-0.0008,-0.00011,-1e-05,-0.00108,-0,0,0,0.08065,0.00296,0.00215,0.01316,-0.0005,2e-05,9e-05,0.0018,2e-05,9e-05,0.00042,-2e-05,-2e-05,-2e-05
22.94,-0.00338,-0.00043,-0.0009,0.00021,-8e-05,-0,-0.0005,0.00025,-1e-05,1e-05,0,-0,9e-05,-0.00073,-3e-05,2e-05,-0.00113,-0,0,-0,0.09428,0.00308,0.00249,0.00403,-0.00068,4e-05,0.00013,0.00375,7e-05,5e-05,0.00052,-0,-4e-05,-3e-05
22.96,-0.00342,-0.00146,-0.0007,0.0002,-0.00014,0,-0.00043,0.00028,-2e-05,0,0,-0,0.00012,-0.00064,6e-05,5e-05,-0.00119,-0,0,0,0.10366,0.00288,0.0026,-0.00762,-0.00088,7e-05,0.00019,0.00593,0.00011,2e-05,0.00057,2e-05,-5e-05,-3e-05
22.98,-0.00347,-0.00227,-0.0005,0.00018,-0.0002,0,-0.00034,0.0003,-4e-05,0,0,-0,0.00015,-0.00054,0.00014,0.0001,-0.00128,-0,1e-05,0,0.10776,0.00222,0.00249,-0.02044,-0.00109,0.0001,0.00026,0.00832,0.00013,-0,0.00055,3e-05,-6e-05,-4e-05
23,-0.00356,-0.00272,-0.0003,0.00018,-0.00024,0,-0.00027,0.00031,-6e-05,-0,0,-0,0.00017,-0.00045,0.0002,0.00014,-0.00136,-0,1e-05,0,0.10626,0.00115,0.00214,-0.03328,-0.00131,0.00015,0.00034,0.01073,0.00012,-3e-05,0.00049,5e-05,-6e-05,-5e-05
23.02,-0.00374,-0.00272,-0.00015,0.00019,-0.00026,0,-0.00021,0.00029,-8e-05,0,0,-0,0.00017,-0.00041,0.00023,0.00017,-0.00141,-0,1e-05,0,0.09956,-0.0001,0.00163,-0.04582,-0.00153,0.00021,0.00044,0.01302,0.0001,-4e-05,0.0004,7e-05,-6e-05,-4e-05
23.04,-0.00409,-0.00231,-5e-05,0.0002,-0.00026,0,-0.00017,0.00025,-0.0001,1e-05,0,-0,0.00016,-0.0004,0.00024,0.00018,-0.00145,0,2e-05,0,0.0884,-0.00157,0.00109,-0.05739,-0.00176,0.00028,0.00054,0.0152,7e-05,-5e-05,0.00027,8e-05,-5e-05,-3e-05
23.06,-0.00468,-0.00159,1e-05,0.00024,-0.00022,0,-0.00016,0.00017,-0.00012,3e-05,0,0,0.00016,-0.00044,0.00023,0.00017,-0.00152,0,2e-05,1e-05,0.0737,-0.00336,0.00062,-0.06712,-0.00201,0.00035,0.00065,0.01728,3e-05,-6e-05,0.0001,9e-05,-3e-05,-2e-05
23.08,-0.00552,-0.0007,3e-05,0.00029,-0.00016,0,-0.00019,6e-05,-0.00015,5e-05,0,0,0.00016,-0.00054,0.0002,0.00014,-0.00164,0,2e-05,1e-05,0.05606,-0.0052,0.00026,-0.07487,-0.00226,0.00042,0.00076,0.01921,0,-0.0001,-0.0001,0.0001,-2e-05,-0
23.1,-0.00669,0.0002,3e-05,0.00036,-9e-05,0,-0.00026,-7e-05,-0.00015,9e-05,0,0,0.00015,-0.00068,0.00016,9e-05,-0.00174,0,2e-05,1e-05,0.03739,-0.00714,1e-05,-0.08126,-0.00249,0.0005,0.00086,0.02091,-0,-0.00015,-0.00027,0.0001,-1e-05,1e-05
23.12,-0.00823,0.00094,2e-05,0.00046,-2e-05,0,-0.00036,-0.00023,-0.00013,0.0002,0,0,0.00015,-0.00086,0.00012,4e-05,-0.00172,0,2e-05,1e-05,0.01989,-0.00919,-0.0001,-0.08723,-0.00265,0.00055,0.00093,0.0223,1e-05,-0.0002,-0.00041,9e-05,-0,1e-05
23.14,-0.0101,0.00141,1e-05,0.00058,5e-05,0,-0.00049,-0.00039,-8e-05,0.00037,0,0,0.00014,-0.00107,7e-05,0,-0.0016,0,2e-05,1e-05,0.0026,-0.01073,-9e-05,-0.09226,-0.00272,0.00058,0.00097,0.02347,3e-05,-0.00025,-0.00047,7e-05,0,1e-05
23.16,-0.01223,0.00163,-0,0.00073,9e-05,0,-0.00066,-0.00055,-0,0.00056,-0,0,0.00011,-0.00129,2e-05,-2e-05,-0.00145,0,2e-05,1e-05,-0.0152,-0.01145,-4e-05,-0.09553,-0.00268,0.00059,0.00097,0.02448,6e-05,-0.00029,-0.00046,6e-05,0,1e-05
23.18,-0.01461,0.00163,-0,0.0009,0.00013,0,-0.00085,-0.00067,8e-05,0.00075,-0,0,7e-05,-0.00153,-4e-05,-4e-05,-0.00115,0,3e-05,1e-05,-0.03226,-0.0114,2e-05,-0.09698,-0.00254,0.00057,0.00094,0.02516,8e-05,-0.00031,-0.00036,5e-05,0,1e-05
23.2,-0.01723,0.00148,-0,0.00108,0.00015,0,-0.00104,-0.00075,0.00016,0.00097,-0,0,2e-05,-0.00177,-9e-05,-5e-05,-0.00074,0,3e-05,1e-05,-0.04884,-0.01046,8e-05,-0.09698,-0.0023,0.00053,0.00087,0.02562,0.0001,-0.00032,-0.00017,4e-05,0,0
23.22,-0.0201,0.00123,-0,0.00124,0.00015,0,-0.00123,-0.00074,0.00024,0.00123,0,-0,-4e-05,-0.00198,-0.00013,-3e-05,-0.00025,-0,4e-05,2e-05,-0.06508,-0.00877,0.00016,-0.09601,-0.00198,0.00047,0.00079,0.02615,0.0001,-0.00035,0.00011,3e-05,-0,-0
23.24,-0.02315,0.00096,-0,0.00137,0.00014,0,-0.00138,-0.00066,0.0003,0.00148,1e-05,0,-0.0001,-0.00218,-0.00016,1e-05,0.00033,-0,6e-05,2e-05,-0.07836,-0.00683,0.00023,-0.09302,-0.00163,0.00041,0.00069,0.02644,0.0001,-0.00036,0.00042,2e-05,0,-0
23.26,-0.02626,0.0007,-1e-05,0.00145,0.00013,0,-0.00147,-0.00056,0.00036,0.00167,1e-05,2e-05,-0.00015,-0.00239,-0.00018,6e-05,0.00101,-0,8e-05,0,-0.08679,-0.00484,0.00026,-0.08733,-0.00128,0.00035,0.00059,0.02629,8e-05,-0.00035,0.00072,1e-05,0,-0
23.28,-0.02933,0.00048,-2e-05,0.00147,0.00011,0,-0.00148,-0.00043,0.00041,0.00183,2e-05,4e-05,-0.00019,-0.00259,-0.00019,0.00012,0.00178,0,9e-05,-2e-05,-0.09002,-0.00293,0.00023,-0.07957,-0.00095,0.00028,0.00048,0.02584,5e-05,-0.00033,0.001,0,1e-05,-0
23.3,-0.03204,0.00029,-5e-05,0.00142,9e-05,0,-0.00141,-0.00032,0.00047,0.00183,4e-05,8e-05,-0.00021,-0.00275,-0.00018,0.00019,0.00236,1e-05,0.00012,-6e-05,-0.08735,-0.00124,0.00013,-0.06967,-0.00066,0.00023,0.00038,0.02516,2e-05,-0.0003,0.00122,-1e-05,1e-05,0
23.32,-0.03406,0.00015,-9e-05,0.00129,7e-05,0,-0.00126,-0.00025,0.00055,0.0016,6e-05,0.00013,-0.00019,-0.00284,-0.00015,0.00025,0.00242,2e-05,0.00014,-7e-05,-0.07913,9e-05,-2e-05,-0.05794,-0.00043,0.00018,0.0003,0.02428,-0,-0.00027,0.00135,-1e-05,1e-05,0
23.34,-0.03518,6e-05,-0.00013,0.00109,5e-05,0,-0.00105,-0.00021,0.00061,0.00127,0.0001,0.0002,-0.00013,-0.00281,-0.0001,0.0003,0.00226,4e-05,0.00016,-4e-05,-0.0669,0.00095,-0.00018,-0.04596,-0.00026,0.00014,0.00023,0.02325,-4e-05,-0.00024,0.00142,-2e-05,2e-05,0
23.36,-0.03527,0,-0.00016,0.00082,3e-05,0,-0.0008,-0.00018,0.00064,0.00093,0.00014,0.00028,-7e-05,-0.00263,-6e-05,0.00034,0.00205,6e-05,0.00017,-1e-05,-0.05222,0.00134,-0.0003,-0.03488,-0.00015,0.00011,0.00017,0.02214,-8e-05,-0.0002,0.00144,-2e-05,2e-05,1e-05
23.38,-0.0342,-2e-05,-0.00018,0.00048,1e-05,0,-0.00052,-0.00015,0.00065,0.00057,0.00019,0.00035,-0,-0.00229,-3e-05,0.00036,0.00176,9e-05,0.00019,4e-05,-0.03684,0.00134,-0.00035,-0.0252,-7e-05,8e-05,0.00012,0.02097,-0.00013,-0.00016,0.00143,-2e-05,2e-05,1e-05
23.4,-0.03183,-3e-05,-0.00018,8e-05,-0,0,-0.0002,-0.00013,0.00061,0.00018,0.00025,0.00042,6e-05,-0.00176,-0,0.00036,0.00133,0.00012,0.00019,8e-05,-0.02236,0.00107,-0.0003,-0.01726,-3e-05,6e-05,9e-05,0.01971,-0.00018,-0.00013,0.0014,-2e-05,2e-05,1e-05
23.42,-0.02819,-3e-05,-0.00018,-0.00035,-1e-05,0,0.00014,-0.0001,0.00051,-0.00023,0.00035,0.0005,0.00011,-0.00107,1e-05,0.00036,0.00079,0.00016,0.00019,0.0001,-0.01013,0.00065,-0.00015,-0.01112,-0,4e-05,6e-05,0.01834,-0.00023,-0.00011,0.00135,-2e-05,1e-05,1e-05
23.44,-0.02369,-3e-05,-0.00018,-0.0008,-2e-05,0,0.00051,-7e-05,0.00041,-0.00061,0.00043,0.00058,0.00015,-0.00025,1e-05,0.00033,0.00024,0.00019,0.00018,0.00012,-0.0008,0.00023,-2e-05,-0.0066,1e-05,2e-05,4e-05,0.01696,-0.00027,-0.0001,0.0013,-2e-05,1e-05,1e-05
23.46,-0.01865,-2e-05,-0.00018,-0.00125,-3e-05,-0,0.00088,-3e-05,0.00033,-0.00099,0.00048,0.00061,0.00017,0.00065,-0,0.00028,-0.00028,0.0002,0.00017,0.00013,0.00574,-0.00011,7e-05,-0.00334,2e-05,1e-05,2e-05,0.01564,-0.00031,-9e-05,0.00125,-2e-05,1e-05,0
23.48,-0.01332,-1e-05,-0.00017,-0.00167,-3e-05,-0,0.00127,-0,0.00026,-0.00137,0.0005,0.00062,0.00018,0.00157,-2e-05,0.0002,-0.00077,0.00019,0.00015,0.00014,0.00995,-0.00035,0.00011,-0.001,1e-05,0,1e-05,0.01436,-0.00034,-9e-05,0.0012,-2e-05,1e-05,0
23.5,-0.00792,0,-0.00017,-0.00202,-3e-05,-0,0.00164,3e-05,0.00021,-0.00169,0.00048,0.00058,0.00017,0.00245,-4e-05,0.0001,-0.00118,0.00016,0.00012,0.00015,0.01241,-0.00052,0.00013,0.00069,-1e-05,-0,0,0.01313,-0.00036,-9e-05,0.00117,-2e-05,1e-05,0
23.52,-0.0028,2e-05,-0.00017,-0.00228,-2e-05,-0,0.00195,9e-05,0.00017,-0.00181,0.00041,0.00051,0.00015,0.0032,-5e-05,0,-0.00144,0.0001,0.0001,0.00014,0.01279,-0.0006,0.00011,0.00141,-3e-05,-0,-0,0.01198,-0.00039,-8e-05,0.00116,-2e-05,0,0
23.54,0.00166,4e-05,-0.00017,-0.00241,-1e-05,-0,0.00219,0.00015,0.00014,-0.00181,0.00035,0.00043,0.00012,0.00378,-5e-05,-8e-05,-0.00157,6e-05,8e-05,0.00013,0.01225,-0.00063,0.0001,0.00155,-4e-05,-0,-0,0.01092,-0.00041,-7e-05,0.00117,-2e-05,0,0
23.56,0.00532,5e-05,-0.00017,-0.00243,-0,-0,0.00236,0.0002,0.00011,-0.00177,0.00031,0.00036,9e-05,0.0042,-6e-05,-0.00013,-0.00161,3e-05,6e-05,0.00011,0.01193,-0.00068,0.0001,0.00174,-5e-05,-0,-0,0.00994,-0.00043,-6e-05,0.00119,-3e-05,0,0
23.58,0.00817,5e-05,-0.00015,-0.00236,1e-05,-0,0.00248,0.00024,8e-05,-0.00168,0.00028,0.00029,6e-05,0.00446,-7e-05,-0.00017,-0.00158,1e-05,4e-05,0.0001,0.01175,-0.00075,0.00012,0.00196,-7e-05,-0,-0,0.00901,-0.00046,-5e-05,0.00123,-3e-05,0,0
23.6,0.01015,4e-05,-0.00014,-0.00221,1e-05,-0,0.00252,0.00026,6e-05,-0.00155,0.00027,0.00023,3e-05,0.00459,-9e-05,-0.0002,-0.0015,-1e-05,2e-05,9e-05,0.01164,-0.00081,0.00016,0.00223,-8e-05,-0,-0,0.00808,-0.00047,-4e-05,0.00127,-4e-05,-0,0
23.62,0.01123,3e-05,-0.00014,-0.00201,0,-0,0.00249,0.00026,4e-05,-0.0014,0.00027,0.00018,0,0.00459,-9e-05,-0.00021,-0.00139,-2e-05,1e-05,7e-05,0.01152,-0.00078,0.00021,0.00253,-0.0001,-0,-0,0.00711,-0.00046,-3e-05,0.00132,-5e-05,-0,-0
23.64,0.01151,3e-05,-0.00014,-0.0018,-1e-05,-0,0.00239,0.00025,3e-05,-0.00122,0.00026,0.00013,-1e-05,0.00449,-9e-05,-0.00022,-0.00126,-2e-05,-1e-05,5e-05,0.0112,-0.00068,0.00025,0.00282,-0.00011,-0,-0,0.00601,-0.00043,-2e-05,0.00136,-5e-05,-0,-0
23.66,0.0112,5e-05,-0.00013,-0.00161,-2e-05,-0,0.00224,0.00024,3e-05,-0.00103,0.00023,8e-05,-2e-05,0.00433,-8e-05,-0.00022,-0.00111,-2e-05,-2e-05,4e-05,0.01055,-0.00054,0.00028,0.00304,-0.00012,-0,-0,0.00472,-0.00041,-1e-05,0.00139,-6e-05,-0,-0
23.68,0.01047,0.0001,-0.00014,-0.00144,-3e-05,-0,0.00202,0.00022,4e-05,-0.00084,0.00019,5e-05,-2e-05,0.00412,-7e-05,-0.00021,-0.00097,-2e-05,-2e-05,2e-05,0.00953,-0.00036,0.0003,0.00319,-0.00013,-0,-0,0.0032,-0.00039,-0,0.0014,-7e-05,-0,-0
23.7,0.00951,0.00018,-0.00014,-0.00129,-4e-05,-0,0.00175,0.0002,6e-05,-0.00064,0.00014,1e-05,-2e-05,0.00384,-5e-05,-0.00019,-0.00082,-3e-05,-3e-05,1e-05,0.00814,-0.00018,0.00029,0.00322,-0.00013,-0,-0,0.00143,-0.00037,0,0.00137,-8e-05,-0,-0
23.72,0.00846,0.00028,-0.00014,-0.00115,-5e-05,-0,0.00141,0.00021,9e-05,-0.00044,8e-05,-1e-05,-2e-05,0.00349,-4e-05,-0.00018,-0.00067,-2e-05,-3e-05,0,0.00643,-2e-05,0.00026,0.00311,-0.00014,-1e-05,-0,-0.00058,-0.00032,0,0.00131,-9e-05,-0,-0
23.74,0.00748,0.00039,-0.00014,-0.001,-5e-05,-0,0.00105,0.00023,0.00013,-0.00026,3e-05,-3e-05,-2e-05,0.00307,-2e-05,-0.00015,-0.00053,-2e-05,-4e-05,-0,0.00447,0.00011,0.00023,0.00289,-0.00014,-1e-05,-0,-0.00277,-0.00026,-0,0.00121,-9e-05,-0,-0
23.76,0.00661,0.0005,-0.00013,-0.00086,-4e-05,-0,0.00069,0.00025,0.00017,-0.00012,-1e-05,-4e-05,-2e-05,0.00259,-1e-05,-0.00013,-0.00039,-2e-05,-4e-05,-1e-05,0.00234,0.0002,0.00021,0.00262,-0.00014,-1e-05,-0,-0.00505,-0.00022,-0,0.00108,-0.0001,-0,-0
23.78,0.00582,0.0006,-0.00011,-0.00072,-3e-05,-0,0.00035,0.00027,0.00021,-1e-05,-3e-05,-4e-05,-2e-05,0.00208,-0,-0.0001,-0.00025,-2e-05,-4e-05,-2e-05,0.0002,0.00026,0.00021,0.00232,-0.00014,-1e-05,-0,-0.00728,-0.00017,-1e-05,0.00094,-0.00011,-0,0
23.8,0.00503,0.00065,-9e-05,-0.00058,-1e-05,-0,3e-05,0.00028,0.00024,3e-05,-4e-05,-4e-05,-2e-05,0.00154,0,-7e-05,-0.00014,-2e-05,-3e-05,-3e-05,-0.00172,0.00028,0.00022,0.00199,-0.00013,-1e-05,-0,-0.0092,-0.00012,-1e-05,0.0008,-0.00011,-0,0
23.82,0.00418,0.00058,-6e-05,-0.00044,1e-05,-0,-0.00024,0.00026,0.00027,3e-05,-5e-05,-4e-05,-2e-05,0.00101,-1e-05,-5e-05,-4e-05,-2e-05,-3e-05,-4e-05,-0.00312,0.00028,0.00025,0.0017,-0.00013,-1e-05,-0,-0.01054,-8e-05,-0,0.00066,-0.00011,-0,0
23.84,0.00327,0.00038,-2e-05,-0.00032,1e-05,-0,-0.00046,0.00023,0.0003,-0,-6e-05,-4e-05,-2e-05,0.00056,-3e-05,-3e-05,4e-05,-2e-05,-3e-05,-5e-05,-0.00382,0.00026,0.00029,0.00147,-0.00012,-1e-05,-0,-0.01112,-4e-05,0,0.00054,-0.00011,-0,0
23.86,0.00236,0.0001,1e-05,-0.00022,-1e-05,0,-0.00063,0.0002,0.00032,-5e-05,-6e-05,-5e-05,-2e-05,0.00021,-5e-05,-2e-05,0.0001,-1e-05,-3e-05,-6e-05,-0.00377,0.00021,0.00034,0.0013,-0.00011,-1e-05,-0,-0.01092,-0,1e-05,0.00042,-0.00011,-0,0
23.88,0.00148,-0.00029,2e-05,-0.00013,-6e-05,0,-0.00074,0.00016,0.00033,-0.00012,-7e-05,-5e-05,-1e-05,-4e-05,-8e-05,-1e-05,0.00014,-1e-05,-3e-05,-6e-05,-0.00299,0.00015,0.00038,0.0012,-0.0001,-0,-0,-0.00998,3e-05,1e-05,0.00033,-0.0001,-0,0
23.9,0.00076,-0.00072,2e-05,-7e-05,-0.00015,0,-0.00081,0.0001,0.00034,-0.00018,-7e-05,-6e-05,-1e-05,-0.00019,-0.0001,-1e-05,0.00016,-1e-05,-2e-05,-6e-05,-0.00167,6e-05,0.00042,0.00117,-9e-05,-0,-0,-0.00847,4e-05,2e-05,0.00026,-9e-05,-1e-05,0
23.92,0.00031,-0.00112,0,-3e-05,-0.00026,0,-0.00082,5e-05,0.00036,-0.00021,-7e-05,-8e-05,-1e-05,-0.00026,-0.00012,-1e-05,0.00018,-1e-05,-2e-05,-6e-05,-3e-05,-3e-05,0.00044,0.0012,-7e-05,-0,-0,-0.00665,5e-05,2e-05,0.00022,-7e-05,-1e-05,0
23.94,5e-05,-0.00144,-4e-05,-1e-05,-0.00036,0,-0.0008,-1e-05,0.00038,-0.00019,-7e-05,-9e-05,-1e-05,-0.00026,-0.00012,-1e-05,0.00017,-1e-05,-2e-05,-6e-05,0.00169,-0.00013,0.00045,0.00131,-4e-05,-0,-0,-0.0047,3e-05,4e-05,0.00024,-4e-05,-1e-05,0
23.96,-2e-05,-0.00166,-0.0001,1e-05,-0.00044,0,-0.00076,-7e-05,0.00039,-0.00016,-7e-05,-0.00011,-0,-0.00021,-0.00011,-1e-05,0.00016,-1e-05,-2e-05,-6e-05,0.00327,-0.00022,0.00044,0.00149,-2e-05,-0,-0,-0.00282,-0,6e-05,0.00035,-1e-05,-1e-05,-0
23.98,6e-05,-0.00175,-0.00018,2e-05,-0.00053,0,-0.00069,-0.00011,0.00039,-0.0001,-7e-05,-0.00012,-0,-0.00012,-9e-05,-1e-05,0.00012,-1e-05,-3e-05,-6e-05,0.00453,-0.00029,0.00041,0.00169,-0,-0,-0,-0.0012,-4e-05,7e-05,0.00054,2e-05,-1e-05,-0
24,0.00025,-0.00165,-0.00026,3e-05,-0.0006,0,-0.00063,-0.00015,0.00037,-5e-05,-6e-05,-0.00014,-0,-2e-05,-6e-05,-1e-05,8e-05,-1e-05,-3e-05,-5e-05,0.00531,-0.00033,0.00036,0.00188,1e-05,-0,-0,3e-05,-9e-05,0.0001,0.00082,4e-05,-0,-0
24.02,0.00042,-0.00139,-0.00032,3e-05,-0.00065,0,-0.00058,-0.00016,0.00032,-2e-05,-6e-05,-0.00015,-0,9e-05,-2e-05,-1e-05,4e-05,-1e-05,-4e-05,-5e-05,0.00552,-0.00032,0.00029,0.00204,1e-05,-0,-0,0.00075,-0.00012,0.00014,0.00116,5e-05,-0,-0
24.04,0.00051,-0.00103,-0.00035,3e-05,-0.00056,0,-0.00052,-0.00016,0.00026,-1e-05,-6e-05,-0.00016,-1e-05,0.00018,2e-05,-0,1e-05,-1e-05,-4e-05,-5e-05,0.00513,-0.00027,0.00022,0.0021,1e-05,-0,-0,0.00094,-0.00013,0.00019,0.00153,6e-05,-0,-0
24.06,0.00055,-0.00066,-0.00034,3e-05,-0.00041,0,-0.00041,-0.00014,0.0002,0,-6e-05,-0.00017,-1e-05,0.00025,6e-05,-0,-3e-05,-1e-05,-5e-05,-4e-05,0.00414,-0.0002,0.00015,0.00201,0,-0,-0,0.0006,-0.00013,0.00024,0.00185,5e-05,-0,-0
24.08,0.00051,-0.0003,-0.0003,3e-05,-0.00023,0,-0.00029,-0.0001,0.00014,1e-05,-6e-05,-0.00017,-2e-05,0.00031,9e-05,-0,-5e-05,-0,-5e-05,-4e-05,0.00265,-0.00012,0.0001,0.00181,0,-0,-0,-0.00018,-0.00013,0.00027,0.00204,4e-05,-0,-0
24.1,0.00042,1e-05,-0.00023,3e-05,-2e-05,0,-0.00017,-6e-05,8e-05,0,-5e-05,-0.00017,-2e-05,0.00034,0.00011,-0,-7e-05,-0,-5e-05,-4e-05,0.00075,-6e-05,5e-05,0.00154,-0,-0,-0,-0.00131,-0.00012,0.0003,0.00212,2e-05,-0,-0
24.12,0.00028,0.00024,-0.00017,3e-05,0.00018,0,-9e-05,-2e-05,4e-05,0,-5e-05,-0.00016,-3e-05,0.00034,0.00013,-0,-6e-05,-0,-5e-05,-3e-05,-0.00141,-2e-05,2e-05,0.00127,-0,-0,0,-0.00264,-0.0001,0.00031,0.00219,0,-0,-0
24.14,6e-05,0.00038,-0.00011,2e-05,0.00034,0,-3e-05,2e-05,2e-05,1e-05,-5e-05,-0.00015,-3e-05,0.0003,0.00013,-0,-4e-05,-0,-5e-05,-3e-05,-0.00368,-0,1e-05,0.00102,-0,0,0,-0.004,-8e-05,0.00029,0.00218,-1e-05,-0,-0
24.16,-0.00025,0.00044,-7e-05,1e-05,0.00045,0,-0,6e-05,2e-05,3e-05,-4e-05,-0.00013,-3e-05,0.00023,0.00013,-0,-3e-05,0,-4e-05,-2e-05,-0.006,-0,-0,0.00078,-0,0,0,-0.00528,-8e-05,0.00026,0.00199,-1e-05,0,-0
24.18,-0.00062,0.00044,-3e-05,1e-05,0.00052,0,-1e-05,8e-05,4e-05,5e-05,-4e-05,-0.00011,-3e-05,0.00011,0.00012,0,-2e-05,0,-3e-05,-2e-05,-0.00826,-2e-05,-0,0.00057,-0,0,0,-0.00633,-8e-05,0.0002,0.0017,-1e-05,0,-0
24.2,-0.00099,0.0004,-1e-05,0,0.00054,0,-4e-05,9e-05,6e-05,7e-05,-3e-05,-8e-05,-3e-05,-5e-05,0.00011,1e-05,-1e-05,0,-3e-05,-2e-05,-0.01032,-4e-05,0,0.00039,-0,0,0,-0.00699,-8e-05,0.00013,0.00139,0,0,-0
24.22,-0.00128,0.00037,1e-05,0,0.0005,0,-6e-05,0.0001,0.0001,7e-05,-3e-05,-6e-05,-2e-05,-0.00022,9e-05,1e-05,-0,0,-2e-05,-1e-05,-0.01198,-5e-05,1e-05,0.00024,-0,0,0,-0.00711,-7e-05,6e-05,0.00117,1e-05,0,-0
24.24,-0.00141,0.00034,3e-05,0,0.00046,0,-7e-05,0.00011,0.00015,5e-05,-3e-05,-2e-05,-2e-05,-0.00038,7e-05,2e-05,2e-05,0,-1e-05,-1e-05,-0.01311,-5e-05,2e-05,0.00011,0,0,0,-0.00663,-6e-05,2e-05,0.001,2e-05,0,-0
24.26,-0.00135,0.00031,5e-05,-0,0.00042,0,-5e-05,9e-05,0.00019,-0,-2e-05,3e-05,-1e-05,-0.00053,5e-05,3e-05,5e-05,0,-0,-0,-0.01366,-3e-05,4e-05,-2e-05,0,0,0,-0.0056,-5e-05,-1e-05,0.00084,2e-05,0,-0
24.28,-0.00112,0.00031,6e-05,0,0.00039,0,-1e-05,5e-05,0.00022,-8e-05,-2e-05,8e-05,-0,-0.00066,2e-05,4e-05,9e-05,0,1e-05,0,-0.01362,-1e-05,6e-05,-0.00013,1e-05,0,0,-0.00415,-3e-05,-1e-05,0.00074,1e-05,0,-0
24.3,-0.00071,0.00032,7e-05,1e-05,0.00034,0,5e-05,-2e-05,0.00025,-0.00018,-1e-05,0.00015,0,-0.00078,-1e-05,4e-05,0.00015,0,2e-05,1e-05,-0.01313,0,7e-05,-0.00024,1e-05,0,0,-0.00257,-1e-05,-0,0.00056,0,-0,-0
24.32,-0.00023,0.00034,7e-05,4e-05,0.00028,0,0.00013,-0.0001,0.00028,-0.00026,-1e-05,0.00022,1e-05,-0.00093,-4e-05,4e-05,0.00027,0,4e-05,2e-05,-0.0124,2e-05,8e-05,-0.00034,1e-05,0,0,-0.00114,1e-05,1e-05,0.0003,-0,-0,-0
24.34,0.0001,0.00037,7e-05,9e-05,0.00022,0,0.00019,-0.00017,0.00031,-0.00029,-1e-05,0.00029,2e-05,-0.00108,-7e-05,5e-05,0.00044,0,6e-05,2e-05,-0.01159,4e-05,8e-05,-0.00042,2e-05,0,0,-8e-05,1e-05,2e-05,7e-05,-1e-05,-0,-0
24.36,0.00017,0.00042,6e-05,0.00016,0.00015,0,0.00023,-0.00022,0.00031,-0.00029,-0,0.00035,3e-05,-0.00122,-9e-05,5e-05,0.0006,0,8e-05,3e-05,-0.01085,6e-05,7e-05,-0.00051,2e-05,0,0,0.00048,1e-05,5e-05,-0.00014,-1e-05,-0,-0
24.38,-8e-05,0.00047,4e-05,0.00023,8e-05,0,0.00023,-0.00025,0.0003,-0.00025,0,0.00039,4e-05,-0.00134,-0.00011,5e-05,0.00076,0,9e-05,4e-05,-0.01025,8e-05,4e-05,-0.0006,1e-05,-0,0,0.00053,1e-05,8e-05,-0.00036,-0,-0,-0
24.4,-0.00066,0.0005,3e-05,0.0003,1e-05,0,0.00019,-0.00024,0.00027,-0.00015,0,0.0004,5e-05,-0.00142,-0.00011,4e-05,0.00091,0,9e-05,5e-05,-0.00985,0.0001,1e-05,-0.00069,1e-05,-0,-0,0.00014,-0,0.00012,-0.00056,0,-0,-0
24.42,-0.00151,0.0005,1e-05,0.00035,-7e-05,0,0.0001,-0.00016,0.00021,8e-05,1e-05,0.00038,6e-05,-0.00143,-0.0001,4e-05,0.00102,0,9e-05,5e-05,-0.00962,0.00011,-3e-05,-0.00073,1e-05,-0,-0,-0.00054,-0,0.00016,-0.00073,1e-05,-0,-0
24.44,-0.00244,0.00048,1e-05,0.00037,-0.00016,0,1e-05,-5e-05,0.00012,0.00036,0,0.00034,6e-05,-0.00138,-6e-05,3e-05,0.00106,0,8e-05,4e-05,-0.00949,0.0001,-7e-05,-0.00074,0,-0,-0,-0.00137,0,0.00022,-0.00084,1e-05,-0,-0
24.46,-0.00322,0.00045,0,0.00034,-0.00023,0,-7e-05,6e-05,2e-05,0.00061,0,0.00027,6e-05,-0.00125,-0,2e-05,0.001,0,6e-05,3e-05,-0.00936,0.0001,-0.0001,-0.00071,0,-0,-0,-0.0022,1e-05,0.00029,-0.00088,2e-05,-0,-0
24.48,-0.00369,0.00041,1e-05,0.00026,-0.0003,0,-0.0001,0.00017,-0.0001,0.00079,-0,0.0002,6e-05,-0.00104,9e-05,2e-05,0.00083,0,3e-05,2e-05,-0.00914,0.0001,-0.00013,-0.00061,-0,-0,-0,-0.00292,1e-05,0.00036,-0.00084,2e-05,-0,-0
24.5,-0.00364,0.00038,1e-05,0.00015,-0.00034,0,-5e-05,0.00022,-0.00023,0.0008,-1e-05,0.00011,5e-05,-0.00076,0.00021,2e-05,0.0005,0,1e-05,1e-05,-0.00872,8e-05,-0.00014,-0.00045,0,-0,-0,-0.00344,1e-05,0.00043,-0.0007,2e-05,-0,-0
24.52,-0.00295,0.00037,2e-05,1e-05,-0.00036,0,7e-05,0.00019,-0.00033,0.00057,-2e-05,2e-05,4e-05,-0.00042,0.00036,1e-05,5e-05,-0,-2e-05,-1e-05,-0.00802,4e-05,-0.00014,-0.00022,0,-0,-0,-0.00368,-1e-05,0.00049,-0.00049,1e-05,-0,-0
24.54,-0.00178,0.00038,2e-05,-0.00012,-0.00035,0,0.00022,0.00012,-0.0004,0.00024,-3e-05,-6e-05,3e-05,-6e-05,0.00052,1e-05,-0.00038,0,-4e-05,-2e-05,-0.00702,1e-05,-0.00013,7e-05,0,-0,-0,-0.00361,-5e-05,0.00052,-0.00022,-0,-0,-0
24.56,-0.00029,0.00043,2e-05,-0.00024,-0.00031,0,0.00038,4e-05,-0.00045,-0.00013,-3e-05,-0.00012,2e-05,0.0003,0.00069,1e-05,-0.00073,0,-6e-05,-4e-05,-0.00577,-0,-0.00011,0.00041,0,-0,-0,-0.00324,-9e-05,0.00051,0.00011,-1e-05,-0,-0
24.58,0.00139,0.00048,2e-05,-0.00033,-0.00024,0,0.00051,-4e-05,-0.00049,-0.00052,-4e-05,-0.00018,0,0.00061,0.00083,1e-05,-0.001,1e-05,-7e-05,-5e-05,-0.00435,1e-05,-8e-05,0.00076,0,-0,-0,-0.00264,-0.00013,0.00045,0.00044,-2e-05,-0,-0
24.6,0.00304,0.00052,-0,-0.00039,-0.00017,0,0.00059,-0.00013,-0.0005,-0.00082,-4e-05,-0.00021,-2e-05,0.00084,0.00095,1e-05,-0.00108,3e-05,-7e-05,-6e-05,-0.00296,3e-05,-6e-05,0.00109,0,0,-0,-0.00194,-0.00016,0.00036,0.00075,-2e-05,-0,-0
24.62,0.00441,0.00053,-4e-05,-0.00042,-0.0001,0,0.00062,-0.00015,-0.0005,-0.00077,-3e-05,-0.00022,-4e-05,0.00095,0.00107,0,-0.0008,6e-05,-5e-05,-6e-05,-0.00182,4e-05,-4e-05,0.00139,1e-05,-0,-0,-0.0013,-0.00018,0.00024,0.00103,-2e-05,-0,-0
24.64,0.00534,0.00051,-9e-05,-0.00043,-5e-05,0,0.00063,-0.00011,-0.00047,-0.00045,-3e-05,-0.0002,-6e-05,0.00093,0.00116,-0,-0.00027,0.00011,-2e-05,-5e-05,-0.00111,4e-05,-2e-05,0.00162,1e-05,-0,0,-0.00087,-0.00018,0.00012,0.00125,-2e-05,-0,-0
24.66,0.00584,0.00043,-0.00016,-0.00042,-3e-05,0,0.00065,-5e-05,-0.00043,-0.00013,-2e-05,-0.00017,-8e-05,0.00078,0.00123,0,0.00036,0.00017,1e-05,-4e-05,-0.00094,6e-05,-1e-05,0.00174,2e-05,-0,0,-0.00076,-0.00015,1e-05,0.0014,-2e-05,-0,-0
24.68,0.00591,0.00031,-0.00023,-0.00039,-3e-05,0,0.00069,4e-05,-0.00037,0.00019,-2e-05,-0.00013,-0.0001,0.00052,0.00128,2e-05,0.00105,0.00022,4e-05,-4e-05,-0.00132,6e-05,1e-05,0.00175,2e-05,0,0,-0.001,-0.00012,-9e-05,0.00147,-1e-05,0,-0
24.7,0.00559,0.00019,-0.00027,-0.00036,-3e-05,0,0.00077,0.0001,-0.00029,0.00041,-1e-05,-7e-05,-0.00011,0.00021,0.00129,8e-05,0.00175,0.00028,6e-05,-3e-05,-0.00214,9e-05,1e-05,0.00167,2e-05,-0,0,-0.00157,-7e-05,-0.00018,0.00148,-0,0,-0
24.72,0.00488,7e-05,-0.00024,-0.00031,-5e-05,0,0.00085,0.00012,-0.00017,0.00048,0,1e-05,-9e-05,-0.0001,0.00127,0.00017,0.00244,0.00035,8e-05,-2e-05,-0.00321,0.00016,2e-05,0.00151,3e-05,-0,0,-0.0024,-0,-0.00023,0.00142,0,0,-0
24.74,0.00389,-1e-05,-9e-05,-0.00027,-6e-05,0,0.00094,0.0001,-3e-05,0.00047,3e-05,9e-05,-6e-05,-0.00031,0.00121,0.0003,0.00307,0.0004,9e-05,-1e-05,-0.00434,0.00027,2e-05,0.00132,3e-05,-0,0,-0.00337,7e-05,-0.00025,0.00132,0,0,-0
24.76,0.00273,-4e-05,0.00023,-0.00022,-7e-05,0,0.00104,6e-05,0.00011,0.00042,7e-05,0.00016,-3e-05,-0.00038,0.00112,0.00045,0.00359,0.00038,8e-05,0,-0.00535,0.00037,3e-05,0.00111,3e-05,-0,0,-0.00437,0.00016,-0.00026,0.00119,1e-05,0,0
24.78,0.00146,-2e-05,0.00071,-0.00017,-6e-05,0,0.00112,-2e-05,0.00025,0.00035,0.00012,0.00023,1e-05,-0.00024,0.00102,0.00058,0.00395,0.00032,6e-05,1e-05,-0.00608,0.00047,3e-05,0.00089,3e-05,-0,0,-0.00528,0.00025,-0.00025,0.00105,1e-05,0,0
24.8,9e-05,3e-05,0.00133,-0.00012,-5e-05,0,0.00115,-0.00012,0.00038,0.00027,0.00019,0.00028,4e-05,5e-05,0.00092,0.00069,0.00422,0.00021,4e-05,1e-05,-0.00644,0.00056,4e-05,0.00067,3e-05,0,0,-0.00596,0.00035,-0.00024,0.0009,1e-05,0,0
24.82,-0.00136,0.0001,0.00203,-7e-05,-4e-05,0,0.00108,-0.00019,0.00049,0.00021,0.00029,0.00031,6e-05,0.00054,0.00081,0.00076,0.00448,8e-05,2e-05,0,-0.00638,0.00066,5e-05,0.00045,3e-05,0,-0,-0.00631,0.00046,-0.00022,0.00076,1e-05,0,0
24.84,-0.00269,0.00015,0.00273,-3e-05,-3e-05,0,0.00095,-0.00022,0.00057,0.00018,0.00039,0.00033,7e-05,0.00124,0.00072,0.00075,0.00461,1e-05,0,-0,-0.00592,0.00072,6e-05,0.00022,3e-05,-0,-0,-0.00626,0.00055,-0.0002,0.00063,1e-05,0,0
24.86,-0.00371,0.00015,0.00337,-1e-05,-0,0,0.0008,-0.00022,0.0006,0.00018,0.00045,0.00033,7e-05,0.00208,0.00066,0.00066,0.00455,-1e-05,-0,0,-0.00518,0.00071,5e-05,-2e-05,3e-05,-0,-0,-0.00583,0.00059,-0.00018,0.00051,1e-05,0,0
24.88,-0.00439,0.00011,0.00387,1e-05,3e-05,0,0.00062,-0.0002,0.00059,0.00021,0.00047,0.00031,7e-05,0.00293,0.00061,0.00051,0.00434,1e-05,-0,1e-05,-0.00435,0.00063,4e-05,-0.00028,3e-05,-0,-0,-0.00508,0.00058,-0.00016,0.00041,1e-05,0,0
24.9,-0.00448,1e-05,0.0042,1e-05,7e-05,0,0.00045,-0.00016,0.00056,0.00026,0.00045,0.00028,5e-05,0.0039,0.00057,0.00034,0.00398,3e-05,0,1e-05,-0.0037,0.00046,2e-05,-0.00058,4e-05,-0,-0,-0.00417,0.00051,-0.00014,0.00031,0,0,0
24.92,-0.00387,-0.00011,0.00434,0,0.00013,0,0.00029,-0.00013,0.0005,0.00036,0.00039,0.00023,3e-05,0.00524,0.00054,0.00019,0.0035,4e-05,0,1e-05,-0.00347,0.00019,-2e-05,-0.00092,4e-05,-1e-05,-0,-0.00326,0.00037,-0.00012,0.00019,0,0,0
24.94,-0.00276,-0.00026,0.00424,-2e-05,0.0002,0,0.00016,-9e-05,0.00042,0.0005,0.00031,0.00017,1e-05,0.00669,0.00051,8e-05,0.00294,4e-05,0,1e-05,-0.00375,-8e-05,-6e-05,-0.00133,5e-05,-1e-05,0,-0.00247,0.0002,-0.0001,6e-05,0,0,0
24.96,-0.0013,-0.0004,0.00389,-4e-05,0.00027,0,7e-05,-4e-05,0.00031,0.00071,0.00026,0.00013,1e-05,0.00797,0.00048,1e-05,0.00232,2e-05,-0,1e-05,-0.00455,-0.00034,-0.00011,-0.00184,6e-05,-1e-05,0,-0.00185,1e-05,-8e-05,-9e-05,0,-0,-0
24.98,0.00047,-0.00052,0.00329,-7e-05,0.00029,0,1e-05,2e-05,0.00019,0.00098,0.00022,0.0001,0,0.00911,0.00045,-2e-05,0.00168,1e-05,-0,0,-0.0058,-0.00058,-0.00016,-0.00247,7e-05,-1e-05,1e-05,-0.00144,-0.00019,-5e-05,-0.00025,0,-0,-0
25,0.00239,-0.00061,0.0025,-0.00011,0.00031,0,-1e-05,6e-05,9e-05,0.00133,0.00019,8e-05,0,0.01009,0.00044,-4e-05,0.00105,0,-0,-0,-0.00733,-0.00075,-0.00021,-0.00316,7e-05,-1e-05,1e-05,-0.0012,-0.00038,-4e-05,-0.00042,0,-0,-0
25.02,0.00411,-0.00068,0.00159,-0.00014,0.0003,0,-2e-05,9e-05,1e-05,0.00173,0.00017,6e-05,-0,0.01085,0.00046,-6e-05,0.00045,-0,-0,-0,-0.00888,-0.00086,-0.00022,-0.00374,8e-05,-1e-05,1e-05,-0.0011,-0.00052,-3e-05,-0.0006,0,-0,-0
25.04,0.00543,-0.00069,0.00063,-0.00018,0.0003,0,-1e-05,0.0001,-1e-05,0.00218,0.00016,4e-05,-0,0.01145,0.00048,-0.00011,-7e-05,0,-0,-0,-0.01022,-0.0009,-0.00021,-0.00418,9e-05,-1e-05,1e-05,-0.00109,-0.00059,-4e-05,-0.00077,0,-0,-0
25.06,0.0063,-0.00063,-0.00031,-0.00022,0.0003,0,-2e-05,8e-05,1e-05,0.00266,0.00015,3e-05,-0,0.01197,0.00051,-0.0002,-0.00051,-0,-0,-0,-0.01117,-0.00088,-0.0002,-0.00447,9e-05,-1e-05,1e-05,-0.00116,-0.00062,-4e-05,-0.00093,1e-05,-0,-0
25.08,0.00673,-0.00051,-0.00112,-0.00026,0.0003,0,-3e-05,5e-05,5e-05,0.00315,0.00013,2e-05,-0,0.01239,0.00051,-0.00034,-0.00085,-1e-05,0,-0,-0.01164,-0.00083,-0.00022,-0.00448,9e-05,-0,0,-0.00129,-0.00059,-6e-05,-0.00112,1e-05,-0,-0
25.1,0.00671,-0.00035,-0.00175,-0.00031,0.0003,0,-5e-05,1e-05,0.0001,0.00365,0.00011,2e-05,-0,0.01284,0.00044,-0.00051,-0.00109,-3e-05,0,-0,-0.01157,-0.00076,-0.00027,-0.00426,9e-05,0,0,-0.00151,-0.00053,-8e-05,-0.00132,1e-05,-0,-0
25.12,0.00631,-0.00018,-0.00218,-0.00035,0.0003,0,-6e-05,-3e-05,0.00017,0.00413,8e-05,1e-05,-0,0.01344,0.0003,-0.00068,-0.00121,-2e-05,0,-0,-0.0092,-0.00058,-0.0002,-0.00336,0,-0,-0,-0.00185,-0.00046,-8e-05,-0.00147,1e-05,-0,-0
25.14,0.00571,-4e-05,-0.0024,-0.00039,0.0003,0,-4e-05,-7e-05,0.00022,0.00456,6e-05,0,-0,0.01399,9e-05,-0.00084,-0.00121,-1e-05,1e-05,-0,-0.00489,-0.00031,-0.00012,-0.00207,-0.00014,-1e-05,-1e-05,-0.00231,-0.00038,-9e-05,-0.00163,2e-05,-0,-0
25.16,0.00503,5e-05,-0.00243,-0.00042,0.0003,0,1e-05,-0.0001,0.00027,0.00491,4e-05,-0,-0,0.01433,-0.00016,-0.00097,-0.00108,1e-05,2e-05,0,-0.00021,-4e-05,-0.00022,-0.00098,-0.00028,-2e-05,-3e-05,-0.00287,-0.0003,-9e-05,-0.00186,2e-05,-0,-0
25.18,0.00434,6e-05,-0.00231,-0.00044,0.00029,0,0.00012,-0.00011,0.0003,0.00517,2e-05,-0,-0,0.01442,-0.00044,-0.00107,-0.00084,3e-05,2e-05,1e-05,0.00378,0.00018,-0.0006,-0.0004,-0.00037,-4e-05,-6e-05,-0.0035,-0.00022,-9e-05,-0.00214,2e-05,-0,-0
25.2,0.00362,-1e-05,-0.0021,-0.00044,0.00028,0,0.00029,-0.00013,0.00032,0.00534,-0,-1e-05,-0,0.01418,-0.00072,-0.00108,-0.00054,3e-05,3e-05,1e-05,0.00568,0.00031,-0.00133,-0.00022,-0.00041,-6e-05,-9e-05,-0.0041,-0.00015,-9e-05,-0.00244,2e-05,-0,-0
25.22,0.00286,-0.00013,-0.00186,-0.00042,0.00026,0,0.00053,-0.00013,0.00031,0.00543,-1e-05,-1e-05,-0,0.01364,-0.00098,-0.00094,-0.00019,2e-05,3e-05,3e-05,0.00415,0.00032,-0.00238,0.00012,-0.00036,-9e-05,-0.00012,-0.00459,-8e-05,-7e-05,-0.0027,2e-05,-0,-0
25.24,0.00215,-0.0003,-0.00155,-0.00038,0.00024,0,0.00085,-0.00013,0.00028,0.00544,-2e-05,-0,-0,0.01282,-0.00119,-0.00064,0.0002,0,4e-05,4e-05,-0.00169,0.00022,-0.00373,0.0005,-0.00025,-0.00011,-0.00016,-0.00487,-3e-05,-5e-05,-0.00286,2e-05,0,-0
25.26,0.00154,-0.00047,-0.00115,-0.00032,0.00019,0,0.00127,-0.00011,0.00022,0.00539,-3e-05,1e-05,-0,0.01176,-0.00129,-0.00024,0.00051,-0,4e-05,5e-05,-0.01218,5e-05,-0.00534,0.00057,-0.00011,-0.00012,-0.00019,-0.00488,0,-3e-05,-0.00286,2e-05,0,-0
25.28,0.00102,-0.0006,-0.00069,-0.00024,0.00012,-0,0.00177,-9e-05,0.00013,0.00526,-3e-05,2e-05,-0,0.01055,-0.00125,0.00028,0.00074,-0,4e-05,6e-05,-0.02701,-0.00013,-0.00703,0.00045,4e-05,-0.00013,-0.00021,-0.00456,3e-05,0,-0.00263,3e-05,0,-0
25.3,0.00059,-0.00068,-0.0002,-0.00015,6e-05,-0,0.00239,-6e-05,4e-05,0.00505,-3e-05,3e-05,-0,0.00919,-0.0011,0.00076,0.00079,-0,4e-05,7e-05,-0.04504,-0.00028,-0.0085,0.00038,0.00017,-0.00012,-0.0002,-0.00388,5e-05,3e-05,-0.00229,4e-05,0,0
25.32,0.00024,-0.00067,0.00028,-5e-05,2e-05,-0,0.00319,-3e-05,-5e-05,0.00477,-3e-05,5e-05,-0,0.00777,-0.0009,0.00098,0.00058,0,3e-05,6e-05,-0.06441,-0.00038,-0.00944,0.00045,0.00027,-0.0001,-0.00018,-0.00259,5e-05,2e-05,-0.00218,2e-05,-0,0
25.34,-2e-05,-0.00061,0.00078,4e-05,0,-0,0.00413,1e-05,-0.00013,0.0044,-3e-05,7e-05,-0,0.00645,-0.0007,0.00104,0.00031,0,3e-05,5e-05,-0.08337,-0.00042,-0.00979,0.00041,0.00033,-7e-05,-0.00015,-0.00105,5e-05,-3e-05,-0.00216,-4e-05,-1e-05,-0
25.36,-0.00017,-0.00049,0.00128,0.00014,1e-05,-0,0.00512,5e-05,-0.00019,0.00393,-3e-05,9e-05,-0,0.00528,-0.0005,0.00103,0.00013,0,3e-05,5e-05,-0.1004,-0.00038,-0.00955,0.00018,0.00037,-5e-05,-0.00011,0.00023,5e-05,-9e-05,-0.0021,-0.00011,-1e-05,-0
25.38,-0.00024,-0.00037,0.00178,0.00023,4e-05,-0,0.00608,0.0001,-0.00021,0.00334,-3e-05,0.0001,0,0.00421,-0.00031,0.00097,4e-05,1e-05,3e-05,4e-05,-0.11365,-0.0003,-0.00877,-0.00014,0.00039,-2e-05,-6e-05,0.00072,4e-05,-0.00013,-0.00204,-0.00023,-3e-05,-0
25.4,-0.00027,-0.00025,0.00231,0.00032,9e-05,-0,0.00709,0.00016,-0.00019,0.00265,-2e-05,0.00012,0,0.00327,-0.00018,0.00078,-2e-05,0,4e-05,3e-05,-0.12142,-0.0002,-0.00746,-0.0005,0.00039,-0,-2e-05,-0.00018,3e-05,-0.00013,-0.00191,-0.00038,-4e-05,-1e-05
25.42,-0.00032,-0.00016,0.00288,0.00041,0.00015,-0,0.00835,0.00027,-0.00014,0.00185,2e-05,0.00014,-0,0.00246,-0.00013,0.00048,-6e-05,0,5e-05,2e-05,-0.12241,-0.00011,-0.00579,-0.0008,0.00037,0,1e-05,-0.00286,2e-05,-5e-05,-0.00162,-0.00054,-6e-05,-1e-05
25.44,-0.00046,-9e-05,0.00343,0.00051,0.00017,-0,0.00968,0.00043,-8e-05,0.00092,7e-05,0.00015,-0,0.0018,-0.00012,0.00024,0,0,6e-05,1e-05,-0.116,-5e-05,-0.00415,-0.001,0.00033,1e-05,4e-05,-0.0074,2e-05,9e-05,-0.00122,-0.0007,-8e-05,-2e-05
25.46,-0.00071,-6e-05,0.00384,0.00061,0.00019,-0,0.01087,0.00067,-0,-0.00015,0.00016,0.00018,-1e-05,0.00134,-0.0001,0.0001,0.00011,0,7e-05,0,-0.10281,-2e-05,-0.00274,-0.00107,0.00027,0,5e-05,-0.01349,4e-05,0.00024,-0.00083,-0.00082,-9e-05,-3e-05
25.48,-0.00111,-5e-05,0.00403,0.00071,0.0002,-0,0.01184,0.00096,6e-05,-0.00137,0.00025,0.00021,-1e-05,0.00107,-0.0001,2e-05,0.00021,-0,7e-05,-1e-05,-0.08456,-0,-0.00162,-0.00102,0.0002,-1e-05,5e-05,-0.02013,6e-05,0.00036,-0.00045,-0.00087,-0.0001,-4e-05
25.5,-0.00162,-4e-05,0.00391,0.00081,0.00019,-0,0.01208,0.00133,6e-05,-0.00263,0.00035,0.00025,-1e-05,0.00098,-7e-05,-1e-05,0.00028,-0,8e-05,-2e-05,-0.06394,1e-05,-0.00078,-0.00086,0.00013,-1e-05,4e-05,-0.02583,8e-05,0.00041,-0.00016,-0.00083,-0.0001,-4e-05
25.52,-0.00221,-5e-05,0.00334,0.00088,0.00017,-0,0.0123,0.0018,5e-05,-0.00376,0.00051,0.0003,-0,0.00103,4e-05,-3e-05,0.00028,-0,9e-05,-2e-05,-0.04367,1e-05,-0.0002,-0.00063,8e-05,-1e-05,3e-05,-0.02908,9e-05,0.00037,3e-05,-0.0007,-8e-05,-4e-05
25.54,-0.0028,-7e-05,0.00236,0.00092,0.00012,-0,0.01244,0.0023,3e-05,-0.00479,0.00062,0.00032,1e-05,0.00115,0.00018,-4e-05,0.00025,0,9e-05,-2e-05,-0.02568,1e-05,0.00014,-0.00042,4e-05,-1e-05,2e-05,-0.02872,9e-05,0.00028,0.00014,-0.00054,-6e-05,-3e-05
25.56,-0.00328,-0.0001,0.00109,0.00095,6e-05,-0,0.01226,0.00267,0,-0.00578,0.00064,0.00031,3e-05,0.00129,0.00031,-5e-05,0.0002,0,9e-05,-2e-05,-0.01101,1e-05,0.00028,-0.00024,1e-05,-1e-05,1e-05,-0.02486,7e-05,0.00015,0.00016,-0.00038,-4e-05,-2e-05
25.58,-0.00361,-0.00015,-0.00033,0.00094,-2e-05,0,0.01204,0.00291,-3e-05,-0.00672,0.0006,0.00028,4e-05,0.00141,0.0004,-6e-05,0.00014,0,8e-05,-1e-05,-2e-05,1e-05,0.00026,-0.0001,0,-0,0,-0.01881,6e-05,4e-05,0.00014,-0.00025,-2e-05,-1e-05
25.6,-0.0037,-0.00022,-0.00169,0.0009,-0.00011,0,0.01174,0.00297,-7e-05,-0.00743,0.00049,0.00024,6e-05,0.00149,0.00046,-7e-05,8e-05,0,7e-05,-1e-05,0.00745,-0,0.00013,0,-0,-0,0,-0.01208,3e-05,-2e-05,0.0001,-0.00016,-0,0
25.62,-0.00352,-0.0003,-0.00276,0.00081,-0.00021,0,0.01108,0.00284,-0.00011,-0.00743,0.00033,0.00018,7e-05,0.00152,0.00049,-8e-05,3e-05,1e-05,6e-05,-0,0.01186,-1e-05,-7e-05,8e-05,0,0,-0,-0.00585,1e-05,-7e-05,6e-05,-9e-05,1e-05,1e-05
25.64,-0.00307,-0.00039,-0.0033,0.00069,-0.00032,0,0.00966,0.00251,-0.00013,-0.00634,0.00019,0.00014,7e-05,0.00151,0.00048,-8e-05,-0,1e-05,5e-05,1e-05,0.01281,-2e-05,-0.00024,0.00012,1e-05,0,0,-0.00072,-1e-05,-9e-05,4e-05,-5e-05,1e-05,1e-05
25.66,-0.00238,-0.00047,-0.00315,0.00057,-0.00042,0,0.007,0.002,-0.00012,-0.0041,9e-05,0.0001,5e-05,0.00146,0.00045,-7e-05,-3e-05,1e-05,4e-05,1e-05,0.0113,-2e-05,-0.00032,0.00013,1e-05,0,0,0.0031,-3e-05,-9e-05,3e-05,-3e-05,1e-05,1e-05
25.68,-0.00161,-0.00055,-0.00254,0.00043,-0.00053,0,0.00518,0.00152,-8e-05,-0.00183,4e-05,7e-05,3e-05,0.00138,0.0004,-7e-05,-4e-05,1e-05,2e-05,1e-05,0.00976,-1e-05,-0.00038,0.00014,1e-05,0,1e-05,0.00565,-4e-05,-8e-05,3e-05,-1e-05,0,1e-05
25.7,-0.00085,-0.00065,-0.00173,0.00032,-0.00057,0,0.00398,0.00107,-4e-05,-0.0004,1e-05,4e-05,1e-05,0.00129,0.00035,-6e-05,-5e-05,1e-05,2e-05,1e-05,0.00822,-1e-05,-0.00043,0.00015,1e-05,-0,1e-05,0.00713,-6e-05,-4e-05,3e-05,-0,-0,0
25.72,-0.00018,-0.00076,-0.00092,0.00024,-0.00048,0,0.00291,0.00065,-1e-05,-0.00023,0,1e-05,-1e-05,0.00121,0.00028,-5e-05,-5e-05,1e-05,1e-05,1e-05,0.00673,0,-0.00043,0.00016,2e-05,-0,1e-05,0.00782,-6e-05,-1e-05,4e-05,0,-1e-05,0
25.74,0.00031,-0.00086,-0.00018,0.00016,-0.00037,0,0.00182,0.00031,0,-0.00042,-0,-1e-05,-2e-05,0.00114,0.00022,-3e-05,-5e-05,1e-05,-0,0,0.00537,1e-05,-0.0004,0.00017,2e-05,-0,1e-05,0.00775,-7e-05,2e-05,5e-05,0,-1e-05,-0
25.76,0.00058,-0.00097,0.00041,9e-05,-0.00026,0,0.00049,0,1e-05,-0.00042,-0,-2e-05,-3e-05,0.00109,0.00017,-1e-05,-5e-05,1e-05,-1e-05,-0,0.00419,1e-05,-0.00035,0.00019,2e-05,0,1e-05,0.00713,-6e-05,2e-05,7e-05,0,-1e-05,-0
25.78,0.0006,-0.00107,0.00078,2e-05,-0.00016,0,-0.00133,-0.00033,0,-0.00014,-0,-3e-05,-4e-05,0.00104,0.00011,1e-05,-6e-05,1e-05,-1e-05,-0,0.00321,3e-05,-0.00028,0.00021,2e-05,0,1e-05,0.0066,-6e-05,3e-05,9e-05,0,-1e-05,-0
25.8,0.00033,-0.00116,0.0009,-3e-05,-7e-05,0,-0.00355,-0.00071,0,0.00044,-1e-05,-3e-05,-4e-05,0.00099,4e-05,3e-05,-5e-05,0,-2e-05,-0,0.00245,5e-05,-0.0002,0.00024,2e-05,0,1e-05,0.00616,-5e-05,2e-05,0.00011,0,-0,-0
25.82,-0.00022,-0.00123,0.00082,-8e-05,0,0,-0.00572,-0.00106,0,0.00147,-1e-05,-2e-05,-4e-05,0.00093,-3e-05,5e-05,-5e-05,0,-2e-05,0,0.00192,8e-05,-0.00014,0.00026,2e-05,0,0,0.00578,-3e-05,2e-05,0.00013,0,-0,-0
25.84,-0.00103,-0.00128,0.00057,-0.00012,4e-05,0,-0.00747,-0.00133,0,0.00271,-1e-05,-2e-05,-4e-05,0.00086,-0.0001,7e-05,-4e-05,0,-2e-05,0,0.00164,0.00012,-9e-05,0.00027,2e-05,0,0,0.00543,-0,1e-05,0.00014,0,-0,-0
25.86,-0.00206,-0.00128,0.00025,-0.00015,7e-05,0,-0.00857,-0.00145,0,0.00368,-1e-05,-1e-05,-3e-05,0.00075,-0.00015,9e-05,-2e-05,0,-2e-05,1e-05,0.0016,0.00016,-4e-05,0.00027,2e-05,0,0,0.00508,2e-05,0,0.00015,0,-0,-0
25.88,-0.0032,-0.00123,-3e-05,-0.00016,7e-05,0,-0.00872,-0.00137,-0,0.00417,-1e-05,-1e-05,-2e-05,0.00061,-0.0002,0.0001,-0,0,-2e-05,1e-05,0.00174,0.0002,-0,0.00026,2e-05,0,0,0.00472,4e-05,-0,0.00015,0,-0,-0
25.9,-0.00435,-0.00112,-0.00019,-0.00016,6e-05,0,-0.00793,-0.00113,-1e-05,0.00406,-1e-05,-1e-05,-1e-05,0.00044,-0.00022,0.00011,2e-05,0,-2e-05,1e-05,0.00204,0.00023,2e-05,0.00024,2e-05,0,-0,0.00435,5e-05,-0,0.00014,0,-0,-0
25.92,-0.00545,-0.00097,-0.00022,-0.00016,4e-05,0,-0.00643,-0.00079,-1e-05,0.00345,-1e-05,-1e-05,-1e-05,0.00024,-0.0002,0.00011,5e-05,0,-2e-05,1e-05,0.00241,0.00024,4e-05,0.00021,1e-05,-0,-0,0.00396,4e-05,-1e-05,0.00012,0,-0,-0
25.94,-0.00638,-0.0008,-0.00011,-0.00013,1e-05,0,-0.00433,-0.00039,-0,0.00254,-1e-05,-1e-05,-0,2e-05,-0.00016,0.00011,7e-05,0,-2e-05,0,0.0028,0.00022,4e-05,0.00017,1e-05,-0,-0,0.00357,2e-05,-1e-05,0.0001,1e-05,0,0
25.96,-0.00705,-0.00063,8e-05,-0.0001,-2e-05,0,-0.00193,4e-05,1e-05,0.00152,-1e-05,-1e-05,0,-0.00023,-0.0001,0.0001,0.0001,0,-2e-05,0,0.00316,0.00017,4e-05,0.00014,1e-05,-0,-0,0.00318,0,-2e-05,8e-05,1e-05,0,0
25.98,-0.00739,-0.00046,0.00027,-5e-05,-6e-05,0,0.00041,0.00043,2e-05,0.00053,-1e-05,-0,1e-05,-0.00047,-4e-05,8e-05,0.00011,0,-1e-05,0,0.00344,0.00011,3e-05,0.00011,0,-0,-0,0.00279,-2e-05,-3e-05,5e-05,1e-05,0,0
26,-0.00743,-0.0003,0.00041,-0,-0.0001,0,0.00232,0.00076,3e-05,-0.00032,-0,0,1e-05,-0.00069,2e-05,7e-05,0.00013,0,-1e-05,-0,0.0036,4e-05,3e-05,8e-05,-0,-0,-0,0.00241,-3e-05,-4e-05,3e-05,1e-05,0,0
26.02,-0.00717,-0.00014,0.00047,4e-05,-0.00015,0,0.00371,0.00106,3e-05,-0.00098,-0,1e-05,1e-05,-0.00087,7e-05,5e-05,0.00013,0,-0,-0,0.00358,-2e-05,2e-05,6e-05,-0,-0,-0,0.00204,-4e-05,-5e-05,1e-05,1e-05,0,0
26.04,-0.0066,0,0.00044,7e-05,-0.00019,0,0.00444,0.00127,2e-05,-0.00138,-0,2e-05,1e-05,-0.00097,0.00011,3e-05,0.00013,0,0,-0,0.00336,-5e-05,2e-05,5e-05,-1e-05,-0,-0,0.00169,-5e-05,-5e-05,0,1e-05,0,0
26.06,-0.00574,0.00014,0.00036,8e-05,-0.00023,0,0.00443,0.00136,1e-05,-0.00154,0,2e-05,1e-05,-0.00099,0.00013,1e-05,0.00013,0,1e-05,0,0.00294,-6e-05,2e-05,4e-05,-1e-05,-0,-0,0.00137,-4e-05,-5e-05,-1e-05,1e-05,0,0
26.08,-0.00469,0.00027,0.00026,8e-05,-0.00026,0,0.00387,0.00133,-0,-0.0015,0,2e-05,1e-05,-0.00092,0.00012,-0,0.00012,0,1e-05,0,0.00235,-6e-05,3e-05,4e-05,-1e-05,-0,-0,0.00109,-3e-05,-5e-05,-1e-05,1e-05,0,0
26.1,-0.00354,0.0004,0.00016,7e-05,-0.00026,0,0.0029,0.00117,-0,-0.00133,0,2e-05,1e-05,-0.00076,0.00011,-2e-05,0.0001,0,1e-05,0,0.00166,-5e-05,4e-05,5e-05,-1e-05,-0,-0,0.00084,-2e-05,-4e-05,-0,0,0,0
26.12,-0.0024,0.00049,8e-05,4e-05,-0.00023,0,0.00169,0.0009,-0,-0.0011,0,2e-05,0,-0.00054,9e-05,-3e-05,9e-05,0,1e-05,0,0.00093,-3e-05,5e-05,5e-05,-0,-0,-0,0.00062,-2e-05,-4e-05,1e-05,0,0,0
26.14,-0.00142,0.00057,2e-05,1e-05,-0.00017,0,0.00039,0.00058,0,-0.00082,0,2e-05,-0,-0.00028,7e-05,-4e-05,7e-05,0,1e-05,0,0.00025,-2e-05,6e-05,6e-05,-0,0,0,0.00044,-1e-05,-3e-05,2e-05,0,-0,-0
26.16,-0.00065,0.00062,0,-2e-05,-0.0001,0,-0.00095,0.00025,0,-0.00049,0,1e-05,-0,1e-05,4e-05,-6e-05,6e-05,0,1e-05,0,-0.00033,-2e-05,7e-05,7e-05,0,0,0,0.00027,-0,-2e-05,3e-05,0,-0,-0
26.18,-0.00014,0.00063,-0,-5e-05,-3e-05,0,-0.00232,-7e-05,0,-9e-05,0,1e-05,-1e-05,0.00029,0,-7e-05,5e-05,0,1e-05,0,-0.0008,-1e-05,7e-05,8e-05,0,0,0,0.0001,0,-1e-05,4e-05,0,-0,-0
26.2,0.0001,0.00062,-1e-05,-9e-05,4e-05,0,-0.00361,-0.00038,-0,0.00034,0,0,-1e-05,0.00053,-5e-05,-8e-05,4e-05,0,1e-05,0,-0.00115,-1e-05,7e-05,9e-05,0,0,0,-7e-05,1e-05,-1e-05,5e-05,0,-0,-0
26.22,6e-05,0.00059,-2e-05,-0.00012,0.0001,0,-0.00458,-0.00063,-0,0.00081,0,-0,-2e-05,0.00072,-9e-05,-8e-05,3e-05,0,1e-05,0,-0.00138,-1e-05,6e-05,0.0001,0,0,0,-0.00028,1e-05,-0,6e-05,0,-0,-0
26.24,-0.00024,0.00053,-4e-05,-0.00014,0.00014,0,-0.0051,-0.0008,-0,0.00123,0,-1e-05,-1e-05,0.00082,-0.00013,-9e-05,2e-05,0,0,0,-0.00152,-1e-05,4e-05,0.0001,0,0,0,-0.00053,1e-05,-0,6e-05,0,-0,-0
26.26,-0.00077,0.00043,-5e-05,-0.00015,0.00015,0,-0.0051,-0.00086,-0,0.00148,-0,-1e-05,-1e-05,0.00084,-0.00017,-9e-05,2e-05,0,0,-0,-0.00158,-1e-05,3e-05,0.0001,0,0,0,-0.00083,1e-05,-0,6e-05,0,-0,-0
26.28,-0.00146,0.00032,-5e-05,-0.00016,0.00015,0,-0.00449,-0.00081,-1e-05,0.0015,-0,-1e-05,-1e-05,0.00077,-0.00019,-8e-05,2e-05,0,-0,-0,-0.00157,-1e-05,2e-05,0.0001,0,0,0,-0.00117,0,-0,6e-05,0,-0,-0
26.3,-0.00221,0.00021,-2e-05,-0.00016,0.00013,0,-0.00338,-0.00066,-1e-05,0.00128,-0,-1e-05,-1e-05,0.00062,-0.0002,-7e-05,1e-05,0,-0,0,-0.00153,-1e-05,1e-05,9e-05,0,-0,-0,-0.00154,0,-0,5e-05,0,0,0
26.32,-0.00295,0.0001,3e-05,-0.00015,0.00011,0,-0.00194,-0.00047,-1e-05,0.00087,-0,-1e-05,-0,0.00041,-0.00019,-5e-05,1e-05,-0,-1e-05,0,-0.00148,-1e-05,-0,8e-05,0,-0,-0,-0.0019,0,-1e-05,4e-05,0,0,0
26.34,-0.00359,1e-05,9e-05,-0.00013,7e-05,0,-0.00028,-0.00022,-0,0.00034,-0,-1e-05,-0,0.00015,-0.00015,-3e-05,2e-05,-0,-1e-05,0,-0.00143,-1e-05,-1e-05,8e-05,-0,-0,-0,-0.00223,-0,-1e-05,3e-05,0,0,0
26.36,-0.00406,-5e-05,0.00014,-0.0001,3e-05,0,0.00139,5e-05,1e-05,-0.00022,-0,-0,0,-0.00014,-0.0001,-1e-05,2e-05,-0,-1e-05,0,-0.00141,-1e-05,-1e-05,7e-05,-0,-0,-0,-0.0025,-0,-1e-05,3e-05,0,0,0
26.38,-0.00431,-0.0001,0.00016,-7e-05,-2e-05,0,0.00279,0.00031,1e-05,-0.00076,-0,0,1e-05,-0.00044,-4e-05,1e-05,3e-05,-0,-1e-05,0,-0.00142,-1e-05,-1e-05,6e-05,-0,-0,-0,-0.00271,0,-1e-05,2e-05,0,0,0
26.4,-0.00434,-0.00012,0.00016,-4e-05,-8e-05,0,0.00378,0.00055,1e-05,-0.00119,-0,0,1e-05,-0.00073,2e-05,2e-05,3e-05,-0,-1e-05,0,-0.00145,-2e-05,-2e-05,6e-05,-0,-0,-0,-0.00283,0,-2e-05,1e-05,0,0,0
26.42,-0.00414,-0.00011,0.00013,-1e-05,-0.00014,0,0.00431,0.00075,-0,-0.00144,-0,1e-05,1e-05,-0.00097,7e-05,3e-05,3e-05,-0,-1e-05,-0,-0.00152,-2e-05,-2e-05,5e-05,-0,-0,-0,-0.00285,0,-2e-05,1e-05,0,0,0
26.44,-0.00371,-8e-05,9e-05,0,-0.00019,0,0.00431,0.00089,-2e-05,-0.00148,0,1e-05,1e-05,-0.00113,0.00011,4e-05,3e-05,-0,-1e-05,-0,-0.00161,-3e-05,-2e-05,5e-05,-0,-0,-0,-0.00276,-0,-2e-05,0,0,0,0
26.46,-0.00308,-2e-05,5e-05,1e-05,-0.00024,0,0.00376,0.00095,-3e-05,-0.00136,0,1e-05,1e-05,-0.0012,0.00013,4e-05,2e-05,0,-1e-05,0,-0.00172,-4e-05,-2e-05,5e-05,-1e-05,-0,-0,-0.00257,-0,-2e-05,1e-05,0,0,0
26.48,-0.00233,5e-05,3e-05,0,-0.00027,0,0.00285,0.00092,-3e-05,-0.00112,0,2e-05,1e-05,-0.00118,0.00014,4e-05,-0,0,-0,0,-0.00182,-5e-05,-2e-05,4e-05,-0,-0,-0,-0.00229,-0,-2e-05,1e-05,-0,0,0
26.5,-0.00153,0.00013,1e-05,-0,-0.00027,0,0.00168,0.00081,-3e-05,-0.00085,0,2e-05,1e-05,-0.00105,0.00013,3e-05,-2e-05,0,0,0,-0.00191,-6e-05,-2e-05,4e-05,-0,-0,0,-0.00195,-0,-2e-05,1e-05,-0,-0,-0
26.52,-0.00078,0.00021,0,-2e-05,-0.00024,0,0.00035,0.00063,-2e-05,-0.00059,0,2e-05,0,-0.00086,0.00011,2e-05,-4e-05,0,0,0,-0.00196,-6e-05,-2e-05,4e-05,-0,0,0,-0.00158,-0,-1e-05,2e-05,-0,-0,-0
26.54,-0.00015,0.00027,0,-3e-05,-0.00019,0,-0.00104,0.00042,-1e-05,-0.00031,0,2e-05,0,-0.0006,9e-05,1e-05,-6e-05,0,1e-05,0,-0.00195,-6e-05,-2e-05,3e-05,-0,0,0,-0.00123,-0,-1e-05,2e-05,-0,-0,-0
26.56,0.00031,0.00031,0,-5e-05,-0.00013,0,-0.00251,0.0002,-0,5e-05,1e-05,1e-05,-0,-0.00032,6e-05,1e-05,-7e-05,0,1e-05,-0,-0.00189,-7e-05,-2e-05,3e-05,-0,0,0,-0.00092,-0,-0,3e-05,-0,-0,-0
26.58,0.00057,0.00032,-1e-05,-6e-05,-7e-05,0,-0.00409,-3e-05,-0,0.00048,1e-05,1e-05,-1e-05,-3e-05,3e-05,0,-8e-05,0,1e-05,-0,-0.00178,-6e-05,-2e-05,2e-05,-0,0,0,-0.00066,-0,-0,3e-05,-0,-0,-0
26.6,0.0006,0.0003,-3e-05,-8e-05,-1e-05,0,-0.0056,-0.00024,0,0.00099,1e-05,1e-05,-1e-05,0.00022,-1e-05,1e-05,-8e-05,0,1e-05,-0,-0.00163,-6e-05,-1e-05,1e-05,-0,0,0,-0.00047,-0,-0,3e-05,-0,-0,-0
26.62,0.0004,0.00025,-6e-05,-9e-05,4e-05,0,-0.0067,-0.00042,0,0.00156,2e-05,0,-1e-05,0.00041,-5e-05,2e-05,-8e-05,-0,1e-05,0,-0.00145,-5e-05,-1e-05,0,-0,0,0,-0.00037,-0,-0,3e-05,-0,-0,-0
26.64,-2e-05,0.00018,-9e-05,-0.00011,6e-05,0,-0.00717,-0.00052,0,0.00205,2e-05,-0,-1e-05,0.00051,-9e-05,3e-05,-8e-05,-0,1e-05,0,-0.00125,-3e-05,-0,-1e-05,-0,0,0,-0.00036,-0,-0,3e-05,-0,-0,-0
26.66,-0.00063,7e-05,-0.0001,-0.00012,7e-05,0,-0.00692,-0.00053,-0,0.00228,3e-05,-0,-1e-05,0.00052,-0.00011,6e-05,-7e-05,-0,0,0,-0.00104,-1e-05,1e-05,-1e-05,-0,-0,-0,-0.00043,-0,-0,2e-05,-0,-0,-0
26.68,-0.00137,-4e-05,-8e-05,-0.00012,6e-05,0,-0.00583,-0.00046,-1e-05,0.0022,4e-05,-0,-1e-05,0.00044,-0.00013,9e-05,-6e-05,-0,0,0,-0.00083,2e-05,2e-05,-2e-05,-0,-0,-0,-0.00057,0,-0,1e-05,-0,0,0
26.7,-0.00216,-0.00014,-3e-05,-0.00012,4e-05,0,-0.0041,-0.00032,-1e-05,0.00181,4e-05,-0,-0,0.00029,-0.00013,0.00013,-4e-05,-0,-0,0,-0.00062,5e-05,3e-05,-2e-05,-1e-05,-0,-0,-0.00076,0,-1e-05,0,-0,0,0
26.72,-0.00293,-0.00023,3e-05,-0.00012,1e-05,0,-0.00202,-0.00014,0,0.00121,5e-05,-0,0,7e-05,-0.00011,0.00017,-3e-05,-0,-0,0,-0.00042,8e-05,3e-05,-2e-05,-1e-05,-0,-0,-0.00095,1e-05,-1e-05,-1e-05,-0,0,0
26.74,-0.00359,-0.00029,9e-05,-0.0001,-2e-05,0,0.00028,7e-05,1e-05,0.00049,5e-05,-0,1e-05,-0.00019,-7e-05,0.00021,-2e-05,-0,-1e-05,-0,-0.00023,0.00011,4e-05,-2e-05,-1e-05,-0,-0,-0.00112,2e-05,-1e-05,-1e-05,-0,0,0
26.76,-0.00407,-0.00033,0.00013,-8e-05,-6e-05,0,0.00247,0.00028,2e-05,-0.00024,5e-05,-0,1e-05,-0.00048,-2e-05,0.00024,-1e-05,-0,-1e-05,-0,-5e-05,0.00012,4e-05,-1e-05,-1e-05,-0,-0,-0.00124,2e-05,-2e-05,-2e-05,-0,0,0
26.78,-0.00433,-0.00036,0.00013,-5e-05,-0.00011,0,0.00424,0.00048,3e-05,-0.0009,4e-05,-0,2e-05,-0.00075,3e-05,0.00025,0,-0,-1e-05,-0,0.00013,0.00013,4e-05,-0,-1e-05,-0,-0,-0.0013,2e-05,-2e-05,-2e-05,-0,0,0
26.8,-0.00436,-0.00036,9e-05,-1e-05,-0.00016,0,0.0054,0.00066,2e-05,-0.00141,3e-05,-0,2e-05,-0.001,8e-05,0.00025,0,-0,-1e-05,-0,0.00031,0.00012,3e-05,1e-05,-1e-05,-0,-0,-0.00127,1e-05,-2e-05,-3e-05,-0,0,0
26.82,-0.00415,-0.00035,4e-05,1e-05,-0.00021,0,0.00601,0.00079,0,-0.00168,1e-05,0,2e-05,-0.00117,0.00012,0.00024,-0,-0,-1e-05,-0,0.00048,0.0001,2e-05,2e-05,-2e-05,-0,-0,-0.00115,0,-1e-05,-3e-05,-0,0,0
26.84,-0.0037,-0.00032,-2e-05,3e-05,-0.00026,0,0.00596,0.00085,-1e-05,-0.00167,1e-05,0,2e-05,-0.00123,0.00015,0.00022,-1e-05,-0,-1e-05,0,0.00065,6e-05,1e-05,4e-05,-2e-05,-0,-0,-0.00093,-1e-05,-1e-05,-2e-05,-0,0,0
26.86,-0.00304,-0.00026,-4e-05,4e-05,-0.00027,0,0.00525,0.00083,-2e-05,-0.00146,-0,0,2e-05,-0.00116,0.00015,0.00018,-3e-05,-0,-1e-05,0,0.00082,2e-05,-0,5e-05,-2e-05,-0,-0,-0.00061,-2e-05,-0,-1e-05,-0,0,0
26.88,-0.00223,-0.00018,-3e-05,3e-05,-0.00026,0,0.00415,0.00074,-2e-05,-0.0011,-0,-0,1e-05,-0.00096,0.00014,0.00014,-4e-05,-0,-1e-05,0,0.00098,-2e-05,-2e-05,6e-05,-2e-05,-0,-0,-0.0002,-3e-05,0,-1e-05,-0,-0,-0
26.9,-0.00137,-9e-05,-0,2e-05,-0.00021,0,0.00279,0.00057,-1e-05,-0.00073,-0,-0,1e-05,-0.00065,0.00011,0.0001,-6e-05,-0,-1e-05,0,0.00113,-5e-05,-4e-05,7e-05,-1e-05,-0,-0,0.00026,-4e-05,0,0,-0,-0,-0
26.92,-0.00052,2e-05,4e-05,1e-05,-0.00012,0,0.00129,0.00035,-1e-05,-0.00041,-1e-05,-0,0,-0.00026,7e-05,5e-05,-8e-05,-0,-0,-0,0.00126,-8e-05,-6e-05,8e-05,-1e-05,-0,0,0.00077,-4e-05,1e-05,2e-05,-1e-05,-0,-0
26.94,0.00024,0.00012,7e-05,-1e-05,-1e-05,0,-0.00022,9e-05,0,-7e-05,-1e-05,-1e-05,-0,0.00017,3e-05,0,-9e-05,-0,0,-0,0.00136,-9e-05,-6e-05,8e-05,-1e-05,0,0,0.00126,-4e-05,1e-05,3e-05,-1e-05,-0,-0
26.96,0.00086,0.00022,6e-05,-3e-05,0.00011,0,-0.00177,-0.0002,2e-05,0.00034,-1e-05,-1e-05,-1e-05,0.0006,-2e-05,-3e-05,-0.0001,-0,1e-05,0,0.00142,-0.0001,-6e-05,8e-05,-1e-05,0,0,0.00173,-4e-05,1e-05,4e-05,-1e-05,-0,-0
26.98,0.00132,0.0003,1e-05,-5e-05,0.00022,0,-0.00341,-0.00052,4e-05,0.00083,-1e-05,-1e-05,-1e-05,0.001,-7e-05,-7e-05,-0.00011,-0,1e-05,0,0.00146,-9e-05,-5e-05,7e-05,-0,0,0,0.00212,-4e-05,1e-05,4e-05,-1e-05,-0,-0
27,0.00159,0.00036,-8e-05,-8e-05,0.0003,0,-0.00501,-0.00084,7e-05,0.0014,-1e-05,-0,-1e-05,0.00132,-0.00013,-9e-05,-0.00012,-0,1e-05,0,0.00148,-7e-05,-4e-05,6e-05,-0,0,0,0.00239,-3e-05,1e-05,5e-05,-1e-05,-0,-0
27.02,0.00166,0.0004,-0.0002,-0.0001,0.00034,0,-0.0062,-0.00111,0.00011,0.00208,-1e-05,-0,-1e-05,0.00152,-0.00016,-0.0001,-0.00012,-0,1e-05,0,0.00147,-5e-05,-3e-05,5e-05,0,0,0,0.0025,-3e-05,1e-05,5e-05,-0,-0,-0
27.04,0.0015,0.0004,-0.00031,-0.00011,0.00033,0,-0.00677,-0.00124,0.00013,0.0026,-1e-05,-0,-2e-05,0.00159,-0.00018,-0.0001,-0.00011,-0,1e-05,0,0.00146,-3e-05,-1e-05,4e-05,0,0,0,0.00243,-2e-05,1e-05,5e-05,-0,-0,-0
27.06,0.00113,0.00036,-0.00035,-0.00012,0.0003,0,-0.00664,-0.00124,0.0001,0.00274,-1e-05,-0,-2e-05,0.00153,-0.00019,-9e-05,-0.0001,-0,1e-05,0,0.00143,-0,-0,3e-05,0,0,0,0.00216,-1e-05,1e-05,4e-05,-0,-0,-0
27.08,0.00063,0.00029,-0.00032,-0.00012,0.00024,0,-0.00565,-0.0011,5e-05,0.00246,-1e-05,-0,-2e-05,0.00134,-0.00018,-7e-05,-9e-05,-0,1e-05,0,0.00139,2e-05,0,2e-05,0,0,0,0.00173,-1e-05,1e-05,3e-05,-0,-0,-0
27.1,6e-05,0.00021,-0.00021,-0.0001,0.00018,0,-0.00403,-0.00088,-1e-05,0.00181,-1e-05,-1e-05,-1e-05,0.00105,-0.00015,-5e-05,-8e-05,-0,1e-05,0,0.00134,5e-05,1e-05,1e-05,0,-0,-0,0.0012,0,1e-05,1e-05,-0,0,0
27.12,-0.00048,0.00014,-6e-05,-7e-05,0.00013,0,-0.00205,-0.00064,-3e-05,0.00096,-1e-05,-1e-05,-1e-05,0.00069,-0.00011,-1e-05,-6e-05,-0,1e-05,-0,0.00127,6e-05,1e-05,1e-05,0,-0,-0,0.00062,1e-05,1e-05,-0,0,0,0
27.14,-0.00091,9e-05,0.0001,-2e-05,9e-05,0,0.00016,-0.00038,-2e-05,6e-05,-1e-05,-1e-05,-1e-05,0.00028,-6e-05,2e-05,-5e-05,-0,1e-05,-0,0.00119,7e-05,1e-05,1e-05,-0,-0,-0,6e-05,1e-05,1e-05,-2e-05,0,0,0
27.16,-0.00117,4e-05,0.00022,3e-05,4e-05,0,0.00232,-0.00011,-1e-05,-0.0008,-1e-05,-0,-0,-0.00014,0,5e-05,-3e-05,-0,0,-0,0.0011,7e-05,0,1e-05,-0,-0,-0,-0.00043,2e-05,1e-05,-3e-05,0,0,0
27.18,-0.00122,1e-05,0.00028,9e-05,-1e-05,0,0.00406,0.00013,0,-0.00155,-1e-05,0,-0,-0.00055,6e-05,7e-05,-2e-05,-0,0,-0,0.00098,6e-05,-0,1e-05,-0,-0,-0,-0.00081,1e-05,1e-05,-4e-05,0,0,0
27.2,-0.00104,-0,0.00026,0.00013,-6e-05,0,0.00521,0.00034,0,-0.00209,-1e-05,0,-0,-0.00093,0.0001,8e-05,-1e-05,0,-0,-0,0.00086,5e-05,-1e-05,1e-05,-0,-0,-0,-0.00106,1e-05,1e-05,-4e-05,0,0,0
27.22,-0.00065,1e-05,0.00019,0.00016,-0.00011,0,0.00579,0.0005,-0,-0.00233,-1e-05,0,0,-0.00121,0.00013,8e-05,0,0,-0,-0,0.00074,3e-05,-1e-05,2e-05,-0,-0,-0,-0.00117,0,1e-05,-4e-05,0,0,0
27.24,-7e-05,4e-05,9e-05,0.00016,-0.00016,0,0.00571,0.00059,-1e-05,-0.00223,-1e-05,0,0,-0.00139,0.00014,6e-05,1e-05,0,-0,0,0.00062,1e-05,-2e-05,2e-05,-0,-0,-0,-0.00114,-0,1e-05,-4e-05,0,0,0
27.26,0.00065,9e-05,1e-05,0.00015,-0.00018,0,0.00495,0.0006,-1e-05,-0.00189,-1e-05,-0,0,-0.00144,0.00014,3e-05,1e-05,0,-1e-05,0,0.00051,-0,-2e-05,3e-05,-0,-0,-0,-0.00098,-0,1e-05,-4e-05,0,0,0
27.28,0.00143,0.00016,-3e-05,0.00012,-0.00017,0,0.00381,0.00054,-1e-05,-0.00137,-0,-0,-0,-0.00135,0.00011,-1e-05,0,0,-1e-05,0,0.0004,-2e-05,-3e-05,3e-05,-0,0,0,-0.00073,-1e-05,1e-05,-3e-05,0,0,0
27.3,0.00216,0.00024,-2e-05,8e-05,-0.00012,0,0.00239,0.00042,-0,-0.00088,1e-05,-1e-05,-0,-0.00116,7e-05,-6e-05,-0,0,-1e-05,0,0.0003,-3e-05,-4e-05,3e-05,-0,0,0,-0.00044,-1e-05,1e-05,-2e-05,-0,-0,-0
27.32,0.00276,0.00031,1e-05,4e-05,-4e-05,0,0.00087,0.00026,1e-05,-0.00049,2e-05,-1e-05,-0,-0.0009,2e-05,-0.00011,-1e-05,0,-1e-05,-0,0.00019,-4e-05,-4e-05,3e-05,-0,0,0,-0.00016,-0,1e-05,-1e-05,-0,-0,-0
27.34,0.00315,0.00037,5e-05,0,5e-05,0,-0.00055,8e-05,3e-05,-9e-05,4e-05,-0,0,-0.00061,-3e-05,-0.00014,-2e-05,0,-1e-05,-0,8e-05,-5e-05,-5e-05,3e-05,0,0,0,5e-05,0,1e-05,0,-0,-0,-0
27.36,0.0033,0.00041,8e-05,-4e-05,0.00014,0,-0.00189,-0.0001,4e-05,0.00035,7e-05,-0,0,-0.0003,-9e-05,-0.00017,-2e-05,0,-1e-05,0,-4e-05,-6e-05,-6e-05,2e-05,0,0,0,0.00018,0,1e-05,1e-05,-0,-0,-0
27.38,0.00319,0.00041,7e-05,-7e-05,0.00021,0,-0.00316,-0.00028,5e-05,0.00083,9e-05,0,1e-05,-2e-05,-0.00014,-0.00018,-2e-05,0,-0,0,-0.00017,-6e-05,-6e-05,2e-05,0,0,0,0.00019,0,1e-05,1e-05,-0,-0,-0
27.4,0.00285,0.00039,4e-05,-0.0001,0.00026,0,-0.00428,-0.00042,6e-05,0.00134,0.00012,0,1e-05,0.00021,-0.00019,-0.00017,-2e-05,0,-0,0,-0.00032,-7e-05,-7e-05,0,0,0,0,8e-05,0,1e-05,2e-05,-0,-0,-0
27.42,0.00232,0.00034,-1e-05,-0.00012,0.00027,0,-0.00503,-0.00049,5e-05,0.00184,0.00016,0,1e-05,0.00036,-0.00021,-0.00015,-2e-05,-0,-0,0,-0.00048,-7e-05,-6e-05,-1e-05,0,0,0,-0.00013,0,1e-05,2e-05,-0,-0,-0
27.44,0.00164,0.00026,-7e-05,-0.00014,0.00026,0,-0.00533,-0.00048,3e-05,0.00219,0.00019,-1e-05,1e-05,0.00042,-0.00022,-0.00012,-1e-05,-0,0,0,-0.00066,-6e-05,-6e-05,-2e-05,0,0,0,-0.00043,0,0,1e-05,-0,-0,-0
27.46,0.00088,0.00016,-0.0001,-0.00015,0.00022,0,-0.00515,-0.00039,1e-05,0.00226,0.00019,-1e-05,0,0.00039,-0.00022,-8e-05,-0,-0,0,0,-0.00086,-6e-05,-4e-05,-3e-05,0,0,0,-0.0008,0,0,1e-05,-0,-0,-0
27.48,0.00012,6e-05,-0.0001,-0.00015,0.00017,0,-0.00445,-0.00024,-1e-05,0.00207,0.00017,-2e-05,0,0.00029,-0.0002,-3e-05,1e-05,-0,0,0,-0.00106,-5e-05,-3e-05,-4e-05,-0,-0,0,-0.0012,-0,0,0,-0,0,0
27.5,-0.00054,-4e-05,-8e-05,-0.00014,0.00013,0,-0.00345,-7e-05,-1e-05,0.00167,0.00013,-1e-05,0,0.00013,-0.00017,2e-05,2e-05,-0,0,0,-0.00126,-4e-05,-2e-05,-5e-05,-0,-0,-0,-0.00158,-0,-0,-0,-0,0,0
27.52,-0.00103,-0.00011,-5e-05,-0.00012,9e-05,0,-0.00241,9e-05,-1e-05,0.00115,8e-05,-0,-0,-6e-05,-0.00013,7e-05,3e-05,-0,0,0,-0.00145,-3e-05,-0,-6e-05,-0,-0,-0,-0.0019,-0,-0,-1e-05,-0,0,0
27.54,-0.00129,-0.00016,-2e-05,-0.0001,5e-05,0,-0.00135,0.00023,0,0.00063,3e-05,1e-05,-0,-0.00025,-9e-05,0.00011,3e-05,-0,0,-0,-0.0016,-2e-05,1e-05,-6e-05,-0,-0,-0,-0.00211,-0,-1e-05,-2e-05,-0,0,0
27.56,-0.00129,-0.00018,0,-8e-05,1e-05,0,-0.0004,0.00031,2e-05,0.00018,1e-05,1e-05,-0,-0.00044,-5e-05,0.00013,4e-05,0,0,-0,-0.00172,-2e-05,2e-05,-6e-05,-0,-0,-0,-0.0022,-0,-1e-05,-2e-05,-0,0,0
27.58,-0.00107,-0.00017,1e-05,-6e-05,-2e-05,0,0.00033,0.00033,3e-05,-0.00017,0,2e-05,-0,-0.0006,-2e-05,0.00012,5e-05,0,0,-0,-0.00177,-2e-05,2e-05,-6e-05,-0,-0,-0,-0.00214,0,-2e-05,-2e-05,-0,0,0
27.6,-0.00069,-0.00013,1e-05,-5e-05,-5e-05,0,0.00079,0.00027,3e-05,-0.0004,-0,2e-05,0,-0.00073,-0,0.0001,6e-05,0,0,-0,-0.00176,-2e-05,2e-05,-6e-05,-0,-0,-0,-0.00195,0,-2e-05,-2e-05,-0,0,0
27.62,-0.00024,-7e-05,-0,-4e-05,-6e-05,0,0.001,0.00014,2e-05,-0.00048,-0,2e-05,0,-0.00084,1e-05,5e-05,7e-05,0,-0,-0,-0.00166,-2e-05,2e-05,-6e-05,-0,-0,-0,-0.00164,0,-2e-05,-2e-05,-0,0,0
27.64,0.0002,1e-05,-1e-05,-3e-05,-5e-05,0,0.00098,-7e-05,2e-05,-0.00043,0,1e-05,0,-0.00092,1e-05,-3e-05,9e-05,0,-0,-0,-0.00148,-2e-05,2e-05,-5e-05,0,0,-0,-0.00123,0,-2e-05,-2e-05,-0,0,0
27.66,0.00058,0.0001,-3e-05,-2e-05,-3e-05,0,0.0008,-0.00034,0,-0.00027,1e-05,1e-05,-0,-0.001,-0,-0.00012,0.00012,0,-0,-0,-0.00122,-2e-05,1e-05,-5e-05,0,0,0,-0.00075,0,-2e-05,-1e-05,-0,0,0
27.68,0.00086,0.00019,-5e-05,-2e-05,1e-05,0,0.00058,-0.00068,-1e-05,-3e-05,1e-05,0,-0,-0.00111,-2e-05,-0.00023,0.00015,0,-0,-0,-0.00087,-2e-05,0,-4e-05,0,0,0,-0.00023,0,-1e-05,-1e-05,-0,-0,0
27.7,0.00104,0.00028,-8e-05,-3e-05,6e-05,0,0.00045,-0.00103,-2e-05,0.00023,2e-05,-0,-0,-0.00126,-4e-05,-0.00035,0.0002,0,-0,-0,-0.00047,-2e-05,-1e-05,-4e-05,1e-05,0,0,0.0003,-0,-1e-05,-1e-05,-0,-0,-0
27.72,0.0011,0.00035,-0.00012,-3e-05,0.0001,0,0.00056,-0.00128,-2e-05,0.00046,3e-05,-1e-05,-0,-0.00151,-6e-05,-0.00044,0.00027,0,-0,-0,-3e-05,-2e-05,-1e-05,-4e-05,1e-05,0,0,0.0008,-0,-1e-05,-1e-05,-0,-0,-0
27.74,0.00105,0.0004,-0.00017,-4e-05,0.00014,0,0.00103,-0.00142,-2e-05,0.00057,5e-05,-1e-05,0,-0.00187,-7e-05,-0.00048,0.00036,0,-1e-05,-0,0.00041,-2e-05,-2e-05,-4e-05,1e-05,0,0,0.00124,-0,-0,-1e-05,-1e-05,-0,-0
27.76,0.00088,0.00042,-0.0002,-5e-05,0.00015,0,0.00187,-0.00148,-2e-05,0.00051,7e-05,-0,-0,-0.00233,-8e-05,-0.00052,0.00047,0,-1e-05,-0,0.00084,-2e-05,-2e-05,-4e-05,1e-05,0,0,0.00159,-0,-0,-1e-05,-1e-05,-0,-0
27.78,0.00058,0.0004,-0.0002,-5e-05,0.00016,0,0.00298,-0.00142,-1e-05,0.00029,9e-05,1e-05,-0,-0.00291,-9e-05,-0.00053,0.00059,1e-05,-0,-0,0.00124,-2e-05,-2e-05,-5e-05,1e-05,0,0,0.00183,-0,0,-1e-05,-1e-05,-0,0
27.8,0.00016,0.00036,-0.00016,-7e-05,0.00014,0,0.00424,-0.00129,-1e-05,-8e-05,0.0001,2e-05,-1e-05,-0.00355,-9e-05,-0.00052,0.00075,1e-05,-0,-0,0.00158,-2e-05,-2e-05,-6e-05,1e-05,0,0,0.00198,0,0,-2e-05,-1e-05,0,0
27.82,-0.0004,0.00032,-6e-05,-8e-05,0.00012,0,0.0056,-0.00114,-0,-0.00053,0.00011,3e-05,-1e-05,-0.00422,-5e-05,-0.00045,0.00099,1e-05,-0,-0,0.00185,-1e-05,-1e-05,-7e-05,0,0,0,0.00202,0,1e-05,-3e-05,-1e-05,0,0
27.84,-0.00111,0.00028,0.0001,-0.0001,9e-05,0,0.00682,-0.00096,0,-0.00101,0.00012,5e-05,0,-0.00488,-1e-05,-0.00035,0.00129,1e-05,0,-0,0.00201,-1e-05,-1e-05,-7e-05,0,0,0,0.00196,-0,1e-05,-3e-05,-1e-05,0,0
27.86,-0.00199,0.00025,0.00031,-0.00012,5e-05,0,0.00766,-0.00074,1e-05,-0.00145,0.00011,7e-05,2e-05,-0.00557,3e-05,-0.00024,0.0016,1e-05,1e-05,0,0.00206,0,0,-8e-05,-0,0,0,0.0018,-0,2e-05,-4e-05,-1e-05,0,0
27.88,-0.00304,0.00023,0.00057,-0.00013,1e-05,0,0.00808,-0.00052,2e-05,-0.00182,9e-05,0.0001,3e-05,-0.00629,7e-05,-0.00013,0.0019,2e-05,1e-05,1e-05,0.00199,2e-05,1e-05,-8e-05,-1e-05,-0,0,0.00157,-0,2e-05,-5e-05,-1e-05,0,0
27.9,-0.00423,0.00021,0.00084,-0.00014,-2e-05,0,0.00809,-0.00033,2e-05,-0.00209,7e-05,0.00012,5e-05,-0.00696,8e-05,-1e-05,0.00221,2e-05,2e-05,1e-05,0.0018,3e-05,2e-05,-9e-05,-1e-05,-0,-0,0.00127,-0,2e-05,-6e-05,-2e-05,0,0
27.92,-0.00553,0.00021,0.00109,-0.00014,-6e-05,0,0.00774,-0.00018,4e-05,-0.00223,5e-05,0.00015,7e-05,-0.0075,7e-05,0.0001,0.00256,2e-05,3e-05,1e-05,0.00151,5e-05,3e-05,-9e-05,-1e-05,-0,-0,0.00092,-0,2e-05,-6e-05,-2e-05,0,0
27.94,-0.00688,0.00021,0.00128,-0.00013,-0.0001,0,0.00707,-8e-05,6e-05,-0.00223,3e-05,0.00018,9e-05,-0.00791,5e-05,0.00019,0.00288,3e-05,5e-05,2e-05,0.00112,6e-05,4e-05,-9e-05,-1e-05,-0,-0,0.00054,-0,2e-05,-7e-05,-2e-05,0,0
27.96,-0.00816,0.00022,0.00139,-0.0001,-0.00014,0,0.00611,-2e-05,6e-05,-0.00215,2e-05,0.00021,0.00011,-0.00824,3e-05,0.00026,0.00313,3e-05,6e-05,2e-05,0.00064,6e-05,5e-05,-9e-05,-1e-05,-0,-0,0.00013,0,1e-05,-7e-05,-2e-05,0,0
27.98,-0.00925,0.00023,0.00143,-7e-05,-0.00017,0,0.00499,-1e-05,5e-05,-0.00195,1e-05,0.00023,0.00013,-0.00847,1e-05,0.00031,0.00332,3e-05,7e-05,3e-05,9e-05,6e-05,6e-05,-8e-05,-2e-05,-0,-0,-0.00028,0,1e-05,-7e-05,-2e-05,0,0
28,-0.00995,0.00025,0.00135,-4e-05,-0.00018,0,0.00368,-5e-05,1e-05,-0.00171,0,0.00025,0.00014,-0.00861,-1e-05,0.00035,0.00346,3e-05,9e-05,4e-05,-0.00049,6e-05,8e-05,-8e-05,-2e-05,-0,-0,-0.00068,0,0,-6e-05,-2e-05,0,0
28.02,-0.01005,0.00027,0.00113,-2e-05,-0.00019,0,0.00222,-0.00012,-3e-05,-0.00152,0,0.00027,0.00015,-0.0087,-1e-05,0.00036,0.00354,3e-05,0.0001,4e-05,-0.00109,5e-05,9e-05,-7e-05,-1e-05,-0,-0,-0.00107,-0,0,-5e-05,-2e-05,0,0
28.04,-0.0093,0.00029,0.00079,-5e-05,-0.00017,0,0.00066,-0.00022,-7e-05,-0.0012,-0,0.00028,0.00016,-0.00872,1e-05,0.00038,0.00362,2e-05,0.0001,5e-05,-0.0017,4e-05,0.0001,-7e-05,-1e-05,-0,-0,-0.00145,-0,-0,-4e-05,-2e-05,0,0
28.06,-0.00752,0.0003,0.00043,-0.00013,-0.00012,0,-0.00099,-0.00034,-8e-05,-0.00065,-0,0.00028,0.00016,-0.00865,3e-05,0.00041,0.00373,2e-05,0.0001,6e-05,-0.00232,3e-05,0.00011,-6e-05,-1e-05,-0,-0,-0.00184,-0,-0,-3e-05,-2e-05,-0,0
28.08,-0.00468,0.00032,9e-05,-0.00027,-3e-05,0,-0.00275,-0.00045,-9e-05,0.00012,-0,0.00026,0.00016,-0.0085,5e-05,0.00045,0.00387,2e-05,9e-05,5e-05,-0.00299,2e-05,0.00012,-5e-05,-1e-05,-0,-0,-0.00228,0,-0,-1e-05,-2e-05,-0,0
28.1,-0.00089,0.00034,-0.00016,-0.0005,0.0001,0,-0.00455,-0.00054,-9e-05,0.00108,-0,0.00023,0.00014,-0.0083,8e-05,0.00051,0.00406,2e-05,7e-05,5e-05,-0.00373,1e-05,0.00013,-4e-05,-0,-0,-0,-0.00281,1e-05,-1e-05,0,-1e-05,-0,0
28.12,0.00349,0.00036,-0.0003,-0.00078,0.00025,0,-0.00624,-0.00063,-5e-05,0.00261,0,0.00017,0.00012,-0.00814,0.00018,0.00063,0.00428,1e-05,5e-05,4e-05,-0.00459,-0,0.00014,-2e-05,0,-0,-0,-0.00349,2e-05,-0,2e-05,-1e-05,-0,-0
28.14,0.00806,0.00038,-0.00031,-0.00112,0.0004,0,-0.00762,-0.00073,-2e-05,0.00472,0,0.0001,9e-05,-0.00797,0.00037,0.00078,0.00451,1e-05,3e-05,2e-05,-0.0056,-1e-05,0.00015,-1e-05,1e-05,-0,-0,-0.00437,3e-05,-0,4e-05,-0,-0,-0
28.16,0.01247,0.00041,-0.00024,-0.0015,0.00055,0,-0.00856,-0.00088,-1e-05,0.00694,0,4e-05,5e-05,-0.00773,0.00056,0.00093,0.00474,1e-05,1e-05,1e-05,-0.00677,-1e-05,0.00016,0,1e-05,-0,-0,-0.00546,4e-05,-0,6e-05,0,-0,-0
28.18,0.01645,0.00045,-0.00014,-0.00187,0.00063,0,-0.00901,-0.0011,0,0.00898,0,-1e-05,0,-0.00739,0.00074,0.00106,0.00494,0,-1e-05,-1e-05,-0.0081,-2e-05,0.00017,2e-05,2e-05,-0,-0,-0.00678,5e-05,0,7e-05,0,-0,-0
28.2,0.01959,0.00051,-5e-05,-0.00222,0.00061,0,-0.00885,-0.0014,7e-05,0.01074,0,-4e-05,-5e-05,-0.00694,0.00091,0.00117,0.00508,0,-2e-05,-2e-05,-0.00953,-2e-05,0.00018,3e-05,2e-05,-0,-0,-0.0083,6e-05,1e-05,8e-05,1e-05,0,-0
28.22,0.02146,0.00056,1e-05,-0.00253,0.00057,0,-0.00803,-0.00169,0.00024,0.01209,0,-5e-05,-8e-05,-0.00633,0.00109,0.00128,0.00514,-0,-2e-05,-3e-05,-0.01101,-3e-05,0.00019,5e-05,2e-05,-0,-0,-0.00996,7e-05,1e-05,9e-05,1e-05,0,0
28.24,0.02206,0.0006,2e-05,-0.00277,0.00052,0,-0.00689,-0.00185,0.00049,0.01253,0,-2e-05,-9e-05,-0.00554,0.00122,0.00134,0.00508,-1e-05,-3e-05,-4e-05,-0.01247,-3e-05,0.0002,6e-05,2e-05,-0,-0,-0.01013,6e-05,4e-05,0.0001,0,0,-0
28.26,0.02161,0.00063,4e-05,-0.0029,0.00048,0,-0.00581,-0.00184,0.00077,0.01196,-0,0,-8e-05,-0.00458,0.00125,0.00132,0.00488,-1e-05,-3e-05,-5e-05,-0.01388,-4e-05,0.00021,8e-05,2e-05,-0,-0,-0.00693,1e-05,8e-05,0.00011,-5e-05,-0,-0
28.28,0.02026,0.00065,8e-05,-0.00288,0.00043,0,-0.00496,-0.00167,0.00098,0.01068,0,2e-05,-6e-05,-0.00348,0.00121,0.00125,0.00456,-1e-05,-2e-05,-6e-05,-0.01523,-5e-05,0.00022,0.0001,1e-05,-0,-0,-0.00044,-6e-05,0.00013,0.00012,-0.00015,-0,-0
28.3,0.01814,0.00066,0.00016,-0.00272,0.0004,0,-0.00449,-0.0014,0.00106,0.00894,0,2e-05,-4e-05,-0.00244,0.00109,0.00112,0.00415,-1e-05,-2e-05,-5e-05,-0.0165,-5e-05,0.00023,0.00012,1e-05,-0,-0,0.01028,-0.00015,0.00019,0.00011,-0.00029,-1e-05,-1e-05
28.32,0.01539,0.00064,0.00028,-0.00251,0.00034,0,-0.0044,-0.00111,0.001,0.00705,0,1e-05,-1e-05,-0.00169,0.0009,0.00095,0.0037,0,-2e-05,-5e-05,-0.01773,-6e-05,0.00024,0.00013,0,-0,-0,0.02587,-0.00026,0.00025,9e-05,-0.00048,-1e-05,-1e-05
28.34,0.01233,0.00061,0.00045,-0.00227,0.00022,0,-0.00462,-0.00083,0.00084,0.00528,1e-05,-2e-05,1e-05,-0.00113,0.00069,0.00077,0.00324,1e-05,-1e-05,-3e-05,-0.0189,-5e-05,0.00025,0.00014,-1e-05,-0,-0,0.04637,-0.00036,0.00032,6e-05,-0.00069,-3e-05,-2e-05
28.36,0.00926,0.00056,0.00065,-0.00203,0.0001,0,-0.00504,-0.00058,0.00061,0.00379,1e-05,-4e-05,2e-05,-0.00068,0.00052,0.0006,0.00278,3e-05,-1e-05,-2e-05,-0.01999,-4e-05,0.00026,0.00015,-1e-05,-0,-0,0.07106,-0.00043,0.00036,3e-05,-0.0009,-4e-05,-4e-05
28.38,0.00637,0.0005,0.00085,-0.00177,-1e-05,0,-0.00557,-0.00036,0.00035,0.00263,1e-05,-7e-05,3e-05,-0.00034,0.00037,0.00045,0.00235,4e-05,-0,-1e-05,-0.021,-2e-05,0.00027,0.00015,-2e-05,-0,-0,0.09828,-0.00044,0.00038,-1e-05,-0.00106,-5e-05,-5e-05
28.4,0.00386,0.00042,0.00101,-0.00144,-0.00011,0,-0.00602,-0.00019,0.00016,0.0018,1e-05,-8e-05,2e-05,-0.00019,0.00024,0.00032,0.00195,4e-05,0,0,-0.02195,-0,0.00028,0.00015,-3e-05,-0,-0,0.12621,-0.00039,0.00034,-2e-05,-0.00115,-7e-05,-7e-05
28.42,0.0019,0.00033,0.00103,-0.00111,-0.00021,0,-0.00631,-5e-05,8e-05,0.00121,0,-8e-05,1e-05,-0.00026,0.00013,0.00021,0.00158,5e-05,0,1e-05,-0.02281,2e-05,0.00028,0.00014,-4e-05,-0,-0,0.15354,-0.00027,0.00025,-1e-05,-0.00116,-9e-05,-9e-05
28.44,0.00058,0.00024,0.0009,-0.00082,-0.00028,0,-0.00644,0.0001,7e-05,0.00074,0,-8e-05,0,-0.00039,3e-05,0.00011,0.00123,5e-05,0,1e-05,-0.02355,3e-05,0.00028,0.00013,-5e-05,-0,-0,0.17871,-0.00012,0.00012,1e-05,-0.00111,-0.00011,-0.00012
28.46,-6e-05,0.00016,0.00061,-0.00058,-0.00028,0,-0.00641,0.00024,8e-05,0.0003,-0,-6e-05,-0,-0.00047,-6e-05,5e-05,0.00088,3e-05,0,0,-0.02409,4e-05,0.00026,0.00012,-5e-05,-0,-0,0.20039,1e-05,-6e-05,1e-05,-0.00101,-0.00012,-0.00014
28.48,-1e-05,9e-05,0.00018,-0.0004,-0.00026,0,-0.00618,0.00037,0.00013,-0.00019,0,-3e-05,-1e-05,-0.0005,-0.00016,0,0.00052,2e-05,-0,-0,-0.02438,4e-05,0.00022,0.00011,-5e-05,-0,-0,0.21802,0.00012,-0.0003,-0,-0.00088,-0.00014,-0.00016
28.5,0.0006,3e-05,-0.00036,-0.00026,-0.00024,0,-0.00583,0.00048,0.00016,-0.0008,1e-05,0,-0,-0.00049,-0.00026,-4e-05,0.00014,0,-1e-05,-1e-05,-0.02434,3e-05,0.00016,0.00011,-6e-05,-0,-0,0.23111,0.00019,-0.0005,-4e-05,-0.00073,-0.00015,-0.00017
28.52,0.00151,-0,-0.00093,-0.00016,-0.00022,0,-0.00546,0.00056,0.00014,-0.00151,2e-05,5e-05,2e-05,-0.00045,-0.00035,-7e-05,-0.00027,0,-1e-05,-0,-0.02392,1e-05,8e-05,0.00011,-6e-05,-0,-0,0.23925,0.00023,-0.00058,-0.00011,-0.00058,-0.00015,-0.00018
28.54,0.0025,-2e-05,-0.0014,-9e-05,-0.0002,0,-0.00508,0.00063,9e-05,-0.0023,4e-05,9e-05,5e-05,-0.00036,-0.00041,-0.0001,-0.0007,3e-05,-0,2e-05,-0.02304,-1e-05,0,0.00014,-6e-05,-0,-0,0.24204,0.00022,-0.00058,-0.00023,-0.00041,-0.00016,-0.00019
28.56,0.00352,-1e-05,-0.00168,-4e-05,-0.00018,0,-0.00466,0.00068,6e-05,-0.00318,7e-05,0.00015,8e-05,-0.00023,-0.00047,-0.00014,-0.00115,7e-05,-0,4e-05,-0.0217,-3e-05,-9e-05,0.00017,-5e-05,-0,-0,0.2394,0.00019,-0.0006,-0.00034,-0.00023,-0.00016,-0.00019
28.58,0.00443,-0,-0.00173,-2e-05,-0.00015,0,-0.00418,0.00072,4e-05,-0.00408,0.0001,0.0002,0.00012,-9e-05,-0.0005,-0.00019,-0.00159,0.00011,1e-05,7e-05,-0.01995,-4e-05,-0.00018,0.00021,-5e-05,-0,-0,0.23186,0.00013,-0.00059,-0.00045,-5e-05,-0.00015,-0.00019
28.6,0.00508,2e-05,-0.00155,-0,-0.00013,0,-0.00373,0.00078,2e-05,-0.00487,0.00015,0.00025,0.00015,3e-05,-0.00051,-0.00024,-0.00197,0.00013,1e-05,9e-05,-0.01794,-4e-05,-0.00027,0.00026,-4e-05,-0,-0,0.22027,7e-05,-0.00057,-0.00053,0.00015,-0.00015,-0.00018
28.62,0.00533,4e-05,-0.00122,0,-0.00012,0,-0.00339,0.00084,0,-0.00539,0.00021,0.00031,0.00017,0.00012,-0.0005,-0.0003,-0.00225,0.00013,3e-05,9e-05,-0.01583,-3e-05,-0.00033,0.00031,-4e-05,-0,0,0.20557,1e-05,-0.00054,-0.00057,0.00033,-0.00014,-0.00017
28.64,0.00527,8e-05,-0.00078,-0,-0.00011,0,-0.00304,0.00088,-0,-0.00555,0.00027,0.00037,0.00017,0.00018,-0.00046,-0.00036,-0.00237,0.00013,4e-05,9e-05,-0.01364,-1e-05,-0.00035,0.00034,-3e-05,-0,0,0.18843,-3e-05,-0.0005,-0.00055,0.0005,-0.00013,-0.00015
28.66,0.00497,0.00014,-0.00029,-1e-05,-0.00012,0,-0.00261,0.00087,-0,-0.00532,0.0003,0.0004,0.00015,0.0002,-0.00041,-0.0004,-0.00232,0.00011,5e-05,9e-05,-0.01153,1e-05,-0.00036,0.00036,-2e-05,0,-0,0.16925,-2e-05,-0.00044,-0.00046,0.00066,-0.00012,-0.00014
28.68,0.00442,0.00021,0.00018,-2e-05,-0.00013,0,-0.0022,0.00082,0,-0.00465,0.00029,0.0004,0.00013,0.00017,-0.00034,-0.0004,-0.00207,9e-05,6e-05,8e-05,-0.00957,3e-05,-0.00033,0.00036,-1e-05,-0,-0,0.14836,4e-05,-0.00039,-0.00028,0.00079,-0.0001,-0.00012
28.7,0.00355,0.00031,0.00059,-3e-05,-0.00014,0,-0.00182,0.00068,1e-05,-0.00362,0.00024,0.00036,0.0001,9e-05,-0.00028,-0.00037,-0.00164,7e-05,7e-05,7e-05,-0.00781,5e-05,-0.0003,0.00034,-0,-0,-0,0.12589,0.00015,-0.0003,2e-05,0.00089,-9e-05,-0.00011
28.72,0.00235,0.00042,0.00091,-5e-05,-0.00016,0,-0.00153,0.00045,1e-05,-0.00235,0.00016,0.00028,7e-05,-1e-05,-0.00023,-0.00031,-0.00104,5e-05,7e-05,6e-05,-0.00628,5e-05,-0.00028,0.0003,0,-0,-0,0.10209,0.00031,-0.00016,0.00045,0.00096,-8e-05,-9e-05
28.74,0.00091,0.00055,0.00114,-6e-05,-0.00019,0,-0.00136,0.0002,1e-05,-0.00092,8e-05,0.00017,4e-05,-0.00014,-0.00019,-0.00022,-0.00032,4e-05,7e-05,5e-05,-0.00501,4e-05,-0.00025,0.00023,1e-05,-0,-0,0.0775,0.00049,-5e-05,0.00098,0.00099,-7e-05,-8e-05
28.76,-0.00073,0.00068,0.00126,-6e-05,-0.00019,0,-0.00131,-5e-05,-1e-05,0.00056,2e-05,6e-05,1e-05,-0.00028,-0.00013,-9e-05,0.00048,2e-05,6e-05,4e-05,-0.00402,3e-05,-0.00021,0.00015,1e-05,-1e-05,-0,0.05272,0.00067,1e-05,0.00162,0.00096,-7e-05,-7e-05
28.78,-0.00254,0.00082,0.00128,-7e-05,-0.00014,0,-0.00136,-0.00032,-5e-05,0.00194,-2e-05,-4e-05,-1e-05,-0.00041,-8e-05,3e-05,0.00126,2e-05,5e-05,3e-05,-0.00335,1e-05,-0.00016,4e-05,0,-1e-05,-0,0.02861,0.00083,3e-05,0.00238,0.00089,-6e-05,-6e-05
28.8,-0.00443,0.00095,0.00123,-6e-05,-7e-05,0,-0.00144,-0.00056,-0.0001,0.00314,-4e-05,-0.00012,-3e-05,-0.00051,-4e-05,0.00014,0.00195,1e-05,3e-05,2e-05,-0.00304,-2e-05,-0.00012,-9e-05,0,-1e-05,-0,0.00652,0.00096,-5e-05,0.00311,0.00075,-5e-05,-5e-05
28.82,-0.00631,0.00103,0.00113,-4e-05,1e-05,0,-0.00149,-0.00072,-0.00015,0.00417,-1e-05,-0.00016,-4e-05,-0.00055,-2e-05,0.00022,0.00249,1e-05,2e-05,1e-05,-0.00314,-4e-05,-7e-05,-0.00022,0,-1e-05,-0,-0.01178,0.00101,-0.00037,0.0035,0.00055,-3e-05,-3e-05
28.84,-0.00803,0.00107,0.00099,-2e-05,8e-05,0,-0.00151,-0.0008,-0.00021,0.00494,5e-05,-0.00016,-5e-05,-0.00054,-1e-05,0.00027,0.00282,0,1e-05,0,-0.00366,-7e-05,-2e-05,-0.00035,0,-0,0,-0.02488,0.00099,-0.00094,0.00355,0.00029,-1e-05,-1e-05
28.86,-0.00947,0.00108,0.00079,-1e-05,0.00014,0,-0.00153,-0.00086,-0.00027,0.00531,0.00011,-0.00014,-5e-05,-0.00049,-0,0.00029,0.00289,0,1e-05,0,-0.0046,-0.00012,2e-05,-0.00045,1e-05,-0,0,-0.03221,0.00089,-0.00164,0.0034,-3e-05,2e-05,1e-05
28.88,-0.01059,0.00105,0.00057,1e-05,0.00018,0,-0.00155,-0.00089,-0.00034,0.00534,0.00016,-0.0001,-6e-05,-0.00042,0,0.00029,0.00274,0,1e-05,0,-0.00589,-0.00017,6e-05,-0.00051,2e-05,-0,0,-0.03401,0.00072,-0.00241,0.00313,-0.0004,5e-05,3e-05
28.9,-0.01129,0.00097,0.00032,1e-05,0.00022,0,-0.00159,-0.0009,-0.0004,0.00509,0.00019,-7e-05,-5e-05,-0.00035,0,0.00027,0.00238,0,1e-05,0,-0.00733,-0.00025,7e-05,-0.00049,3e-05,0,-0,-0.03106,0.00048,-0.00327,0.00245,-0.0008,8e-05,5e-05
28.92,-0.01149,0.00085,8e-05,1e-05,0.00021,0,-0.00163,-0.00088,-0.00043,0.00463,0.00018,-6e-05,-4e-05,-0.00029,0,0.00026,0.00185,0,1e-05,0,-0.00716,-0.00026,5e-05,-0.00035,3e-05,-0,-0,-0.02468,0.00017,-0.00428,0.0011,-0.00117,0.0001,7e-05
28.94,-0.01127,0.00071,-0.00016,-0,0.00021,0,-0.0017,-0.00084,-0.00044,0.00408,0.00015,-5e-05,-4e-05,-0.00024,-0,0.00025,0.00125,0,1e-05,1e-05,-0.00571,-0.00024,-2e-05,-6e-05,2e-05,-0,-0,-0.01678,-0.00017,-0.00516,-0.00029,-0.00149,0.00011,7e-05
28.96,-0.01074,0.00054,-0.00038,-2e-05,0.00021,0,-0.0018,-0.00077,-0.00042,0.0035,0.00012,-4e-05,-3e-05,-0.00019,0,0.00023,0.00062,0,2e-05,1e-05,-0.00284,-0.00019,-0.00011,0.00039,0,-0,-0,-0.00909,-0.00052,-0.00562,-0.00124,-0.00172,0.00011,7e-05
28.98,-0.00994,0.00037,-0.00057,-4e-05,0.00022,0,-0.00193,-0.00066,-0.00039,0.00295,8e-05,-3e-05,-2e-05,-0.00014,0,0.00022,-0,-0,3e-05,1e-05,0.00122,-0.0001,-0.00021,0.00095,-4e-05,-0,-0,-0.00301,-0.00087,-0.00575,-0.0018,-0.00179,0.0001,5e-05
29,-0.00889,0.00022,-0.00073,-6e-05,0.00023,0,-0.00205,-0.00055,-0.00035,0.00242,5e-05,-2e-05,-2e-05,-0.00011,-0,0.00022,-0.0006,-0,3e-05,1e-05,0.00583,3e-05,-0.00027,0.00158,-9e-05,0,-0,0.00034,-0.00115,-0.00527,-0.00184,-0.00171,7e-05,4e-05
29.02,-0.00766,0.0001,-0.00085,-8e-05,0.00024,0,-0.00212,-0.00046,-0.00032,0.00191,2e-05,-1e-05,-1e-05,-8e-05,-0,0.00021,-0.00111,-0,4e-05,1e-05,0.00995,0.00015,-0.00029,0.00225,-0.00017,1e-05,-0,0.00054,-0.0013,-0.0041,-0.00145,-0.00148,5e-05,3e-05
29.04,-0.00638,1e-05,-0.00094,-0.0001,0.00025,0,-0.00218,-0.00035,-0.0003,0.00144,0,0,-0,-7e-05,-1e-05,0.0002,-0.0015,-0,4e-05,1e-05,0.01247,0.00022,-0.00027,0.00283,-0.00027,3e-05,-0,-0.002,-0.00131,-0.00284,-0.00102,-0.00115,1e-05,2e-05
29.06,-0.00516,-4e-05,-0.00101,-0.00011,0.00026,0,-0.00225,-0.00024,-0.00026,0.00104,0,2e-05,0,-6e-05,-2e-05,0.0002,-0.00178,0,5e-05,2e-05,0.01248,0.00022,-0.00025,0.00315,-0.00036,4e-05,0,-0.00622,-0.00124,-0.00183,-0.00067,-0.00077,-3e-05,0
29.08,-0.00406,-6e-05,-0.00105,-0.00013,0.00027,0,-0.00233,-0.00012,-0.0002,0.00071,2e-05,4e-05,2e-05,-6e-05,-4e-05,0.0002,-0.00194,1e-05,6e-05,3e-05,0.00944,0.00016,-0.00026,0.00317,-0.00044,5e-05,0,-0.01072,-0.00109,-0.00108,-0.00043,-0.00043,-7e-05,-0
29.1,-0.00309,-6e-05,-0.00107,-0.00013,0.00029,0,-0.00242,-2e-05,-0.00014,0.0005,5e-05,7e-05,3e-05,-6e-05,-7e-05,0.00021,-0.00198,2e-05,8e-05,4e-05,0.00354,7e-05,-0.00028,0.00285,-0.00049,6e-05,-0,-0.01436,-0.00089,-0.00055,-0.00026,-0.00018,-0.0001,-1e-05
29.12,-0.00229,-5e-05,-0.00106,-0.00013,0.0003,0,-0.00253,6e-05,-8e-05,0.00045,0.0001,0.0001,5e-05,-6e-05,-9e-05,0.00022,-0.00189,5e-05,9e-05,5e-05,-0.00474,-2e-05,-0.0003,0.00221,-0.00051,6e-05,-0,-0.01657,-0.00064,-0.0002,-9e-05,-4e-05,-0.00011,-1e-05
29.14,-0.00172,-3e-05,-0.00102,-0.00012,0.00032,0,-0.00263,0.00013,-1e-05,0.0006,0.00016,0.00013,7e-05,-6e-05,-0.00011,0.00023,-0.00167,8e-05,0.00011,6e-05,-0.01479,-8e-05,-0.00024,0.00142,-0.00051,6e-05,-0,-0.0171,-0.0004,1e-05,0.00013,1e-05,-0.00011,-1e-05
29.16,-0.0014,-2e-05,-0.00094,-0.00011,0.00033,0,-0.00267,0.00017,8e-05,0.00097,0.00023,0.00016,9e-05,-8e-05,-0.00014,0.00025,-0.00133,0.00013,0.00013,8e-05,-0.02581,-0.00012,-5e-05,0.00062,-0.00048,5e-05,-0,-0.01609,-0.0002,0.00017,0.00041,0,-9e-05,-1e-05
29.18,-0.00128,-0,-0.00082,-0.0001,0.00034,0,-0.0026,0.00019,0.00018,0.00154,0.0003,0.0002,0.00011,-9e-05,-0.00018,0.00027,-0.00088,0.00018,0.00015,0.0001,-0.03711,-0.00013,0.00029,-0.00017,-0.00045,4e-05,-0,-0.01399,-6e-05,0.00038,0.00077,-2e-05,-5e-05,-0
29.2,-0.00133,1e-05,-0.00066,-8e-05,0.00034,0,-0.00237,0.00018,0.00029,0.00225,0.00035,0.00023,0.00012,-0.00011,-0.00022,0.00029,-0.00038,0.00022,0.00017,0.00011,-0.04803,-0.00011,0.00077,-0.00089,-0.00041,3e-05,-0,-0.01128,0,0.00068,0.00113,-3e-05,0,-0
29.22,-0.00148,3e-05,-0.00049,-6e-05,0.00035,0,-0.00194,0.00015,0.00037,0.00299,0.00042,0.00026,0.00013,-0.00011,-0.00023,0.0003,0.00014,0.00028,0.00019,0.00011,-0.05797,-8e-05,0.00129,-0.00154,-0.00038,2e-05,-0,-0.00838,-1e-05,0.00106,0.00143,-2e-05,6e-05,0
29.24,-0.0017,7e-05,-0.00031,-3e-05,0.00035,0,-0.00132,0.00011,0.00042,0.00364,0.00045,0.00028,0.00012,-0.0001,-0.00022,0.0003,0.00064,0.00032,0.00019,0.00011,-0.06646,-3e-05,0.00176,-0.0021,-0.00035,1e-05,-0,-0.00555,-0.0001,0.00148,0.00163,0,0.00012,0
29.26,-0.00194,0.00012,-0.00014,0,0.00035,0,-0.00053,7e-05,0.00045,0.00409,0.00041,0.00027,0.00011,-8e-05,-0.00021,0.00029,0.00107,0.0003,0.00018,0.0001,-0.0732,2e-05,0.00212,-0.00258,-0.00034,0,0,-0.00293,-0.00023,0.00191,0.00174,5e-05,0.00018,-0
29.28,-0.00215,0.00019,2e-05,3e-05,0.00032,0,0.00036,3e-05,0.00045,0.00427,0.00034,0.00024,9e-05,-5e-05,-0.00018,0.00026,0.00142,0.00025,0.00016,8e-05,-0.0781,7e-05,0.00231,-0.00298,-0.00033,-0,0,-0.00066,-0.00036,0.0023,0.00174,9e-05,0.00022,-1e-05
29.3,-0.00234,0.00028,0.00015,6e-05,0.00025,0,0.00127,-2e-05,0.00041,0.00413,0.00022,0.00019,6e-05,-3e-05,-0.00014,0.00023,0.00166,0.00017,0.00011,5e-05,-0.08101,0.00011,0.0023,-0.00331,-0.00033,-0,0,0.00126,-0.00047,0.00257,0.00165,0.00014,0.00026,-1e-05
29.32,-0.00251,0.00036,0.00027,7e-05,0.00018,0,0.00223,-7e-05,0.00034,0.00369,8e-05,0.00012,3e-05,-1e-05,-0.00012,0.0002,0.00182,7e-05,5e-05,2e-05,-0.08182,0.00015,0.00211,-0.00363,-0.00034,-0,0,0.00287,-0.00054,0.00267,0.00151,0.00018,0.00028,-1e-05
29.34,-0.00264,0.00041,0.00036,7e-05,0.0001,0,0.00324,-0.00013,0.00027,0.00294,-1e-05,7e-05,1e-05,-1e-05,-9e-05,0.00016,0.00187,-0,0,-1e-05,-0.08084,0.00016,0.00172,-0.00386,-0.00034,-0,0,0.0042,-0.00054,0.00258,0.0013,0.0002,0.00027,-2e-05
29.36,-0.00269,0.00043,0.00045,5e-05,2e-05,0,0.00425,-0.00019,0.00021,0.00188,-4e-05,3e-05,-2e-05,-0,-6e-05,0.00012,0.00184,-3e-05,-4e-05,-3e-05,-0.07839,0.00015,0.00115,-0.00395,-0.00034,-0,0,0.00529,-0.00048,0.00229,0.00104,0.0002,0.00025,-2e-05
29.38,-0.00263,0.00039,0.00052,3e-05,-6e-05,0,0.00511,-0.00026,0.00015,0.00054,-4e-05,1e-05,-3e-05,-0,-3e-05,8e-05,0.00173,-2e-05,-7e-05,-5e-05,-0.07458,0.00013,0.00046,-0.0039,-0.00033,0,0,0.00619,-0.00037,0.00185,0.00077,0.00019,0.00021,-2e-05
29.4,-0.00243,0.00029,0.00058,-1e-05,-0.00014,0,0.00627,-0.00028,0.00021,-0.0011,-1e-05,-1e-05,-4e-05,-2e-05,-1e-05,4e-05,0.00156,2e-05,-9e-05,-6e-05,-0.06972,0.0001,-0.0003,-0.00366,-0.00031,0,0,0.0069,-0.00025,0.00129,0.00052,0.00016,0.00016,-1e-05
29.42,-0.00199,0.00012,0.00063,-5e-05,-0.00021,0,0.00853,-0.00014,0.00044,-0.00277,4e-05,-2e-05,-4e-05,-3e-05,-0,0,0.00132,0.0001,-9e-05,-7e-05,-0.06417,6e-05,-0.00104,-0.0032,-0.00028,0,0,0.0074,-0.00015,0.00071,0.00032,0.00012,0.00011,-1e-05
29.44,-0.00133,-0.0001,0.00062,-0.00012,-0.00029,0,0.01106,9e-05,0.00066,-0.00419,0.0001,-3e-05,-4e-05,-4e-05,1e-05,-3e-05,0.00103,0.00018,-7e-05,-7e-05,-0.05807,6e-05,-0.00167,-0.00256,-0.00024,0,0,0.00764,-6e-05,0.0002,0.00018,8e-05,5e-05,-1e-05
29.46,-0.0005,-0.00037,0.00055,-0.00019,-0.00031,0,0.01288,0.00032,0.00077,-0.00532,0.00015,-5e-05,-3e-05,-4e-05,1e-05,-6e-05,0.0007,0.00023,-6e-05,-6e-05,-0.05162,8e-05,-0.00215,-0.00176,-0.00018,0,0,0.00755,-1e-05,-0.00019,0.00012,2e-05,-0,0
29.48,0.00045,-0.00063,0.00042,-0.00027,-0.00032,0,0.01346,0.00051,0.00074,-0.00594,0.00018,-5e-05,-2e-05,-5e-05,2e-05,-0.0001,0.00033,0.00024,-4e-05,-5e-05,-0.04507,0.00014,-0.00243,-0.00086,-0.0001,1e-05,-0,0.00717,3e-05,-0.00045,0.00012,-3e-05,-5e-05,1e-05
29.5,0.00141,-0.00086,0.00024,-0.00035,-0.00032,0,0.01319,0.0006,0.00059,-0.00594,0.0002,-6e-05,-1e-05,-5e-05,2e-05,-0.00013,-5e-05,0.00022,-3e-05,-4e-05,-0.03892,0.00021,-0.00248,0.0001,-2e-05,1e-05,-0,0.00653,4e-05,-0.00057,0.00018,-7e-05,-8e-05,1e-05
29.52,0.0022,-0.00107,2e-05,-0.00043,-0.00034,0,0.01265,0.00056,0.00037,-0.00556,0.00019,-6e-05,-2e-05,-3e-05,2e-05,-0.00016,-0.00042,0.00016,-3e-05,-4e-05,-0.03362,0.00027,-0.00227,0.00099,8e-05,1e-05,-0,0.00575,4e-05,-0.0006,0.00029,-0.00011,-0.00011,1e-05
29.54,0.00273,-0.00124,-0.00019,-0.0005,-0.00037,0,0.01145,0.00042,0.00016,-0.00516,0.00018,-5e-05,-2e-05,0,3e-05,-0.0002,-0.00076,9e-05,-3e-05,-3e-05,-0.02938,0.00032,-0.00184,0.00169,0.00019,2e-05,-1e-05,0.00492,3e-05,-0.00054,0.00041,-0.00014,-0.00012,1e-05
29.56,0.00307,-0.00134,-0.00031,-0.00055,-0.0004,0,0.00931,0.00021,3e-05,-0.00457,0.00015,-4e-05,-3e-05,4e-05,4e-05,-0.00024,-0.00107,5e-05,-3e-05,-2e-05,-0.02637,0.00035,-0.0012,0.00218,0.0003,3e-05,-1e-05,0.00414,2e-05,-0.00043,0.00054,-0.00016,-0.00012,2e-05
29.58,0.00318,-0.00141,-0.00034,-0.00057,-0.00043,0,0.00748,-1e-05,-0,-0.00408,0.00012,-2e-05,-3e-05,9e-05,4e-05,-0.00027,-0.00133,2e-05,-2e-05,-1e-05,-0.02475,0.00036,-0.00039,0.00241,0.0004,5e-05,-1e-05,0.00349,1e-05,-0.0003,0.00066,-0.00017,-0.00012,1e-05
29.6,0.00292,-0.00148,-0.00031,-0.00056,-0.00047,0,0.00634,-0.00017,3e-05,-0.00409,9e-05,-1e-05,-3e-05,0.00015,5e-05,-0.00031,-0.00154,0,-1e-05,0,-0.02464,0.00036,0.00054,0.00237,0.00048,6e-05,-2e-05,0.00304,0,-0.00015,0.00074,-0.00017,-0.0001,1e-05
29.62,0.00208,-0.00156,-0.00034,-0.00051,-0.00051,0,0.00588,-0.00021,9e-05,-0.00471,5e-05,-0,-3e-05,0.00019,5e-05,-0.00033,-0.00168,-0,1e-05,2e-05,-0.02608,0.00033,0.00151,0.00204,0.00055,7e-05,-2e-05,0.00283,0,-1e-05,0.00077,-0.00016,-8e-05,1e-05
29.64,0.00086,-0.00161,-0.00041,-0.00043,-0.00056,0,0.00589,-0.00017,0.00011,-0.00543,2e-05,1e-05,-3e-05,0.00022,6e-05,-0.00034,-0.00175,1e-05,2e-05,3e-05,-0.02898,0.00029,0.00243,0.00147,0.00058,8e-05,-3e-05,0.00287,1e-05,0.00013,0.00074,-0.00015,-5e-05,1e-05
29.66,-0.00044,-0.00162,-0.00048,-0.00033,-0.00056,0,0.00598,-9e-05,9e-05,-0.00584,1e-05,3e-05,-3e-05,0.00024,6e-05,-0.00034,-0.00176,2e-05,4e-05,4e-05,-0.03316,0.00025,0.00326,0.00072,0.00059,9e-05,-3e-05,0.00313,1e-05,0.00027,0.00065,-0.00013,-2e-05,0
29.68,-0.00163,-0.00155,-0.00053,-0.00023,-0.0004,0,0.00576,0,5e-05,-0.00563,-0,6e-05,-2e-05,0.00026,6e-05,-0.00032,-0.00169,4e-05,5e-05,5e-05,-0.03837,0.00021,0.00394,-0.00013,0.00056,9e-05,-3e-05,0.00356,1e-05,0.00042,0.00049,-0.00012,1e-05,-0
29.7,-0.00241,-0.00138,-0.00055,-0.00014,-0.00017,0,0.00497,0.0001,-0,-0.00483,1e-05,9e-05,-0,0.00026,7e-05,-0.00028,-0.00156,5e-05,6e-05,6e-05,-0.04406,0.00018,0.0044,-0.001,0.00051,8e-05,-3e-05,0.00408,1e-05,0.00061,0.00029,-0.0001,4e-05,-1e-05
29.72,-0.00258,-0.00112,-0.00051,-5e-05,0.00011,0,0.00371,0.00019,-4e-05,-0.00359,3e-05,0.00014,2e-05,0.00024,7e-05,-0.00023,-0.00139,6e-05,7e-05,6e-05,-0.04953,0.00018,0.00458,-0.00186,0.00043,7e-05,-3e-05,0.00461,2e-05,0.00084,7e-05,-9e-05,8e-05,-1e-05
29.74,-0.00223,-0.00081,-0.00039,-0,0.00041,0,0.00245,0.00027,-8e-05,-0.00168,7e-05,0.00018,4e-05,0.0002,8e-05,-0.00016,-0.00117,6e-05,7e-05,6e-05,-0.05445,0.0002,0.00446,-0.00267,0.00034,6e-05,-2e-05,0.00511,2e-05,0.00114,-0.00016,-8e-05,0.00012,-1e-05
29.76,-0.00149,-0.00046,-0.00023,1e-05,0.00071,0,0.0015,0.00033,-0.00011,0.00074,0.00014,0.00022,7e-05,0.00015,9e-05,-8e-05,-0.00092,5e-05,7e-05,5e-05,-0.05863,0.00022,0.00407,-0.00336,0.00025,5e-05,-2e-05,0.00555,1e-05,0.0015,-0.00038,-7e-05,0.00016,-2e-05
29.78,-0.00046,-0.00012,-7e-05,1e-05,0.00073,0,0.00101,0.00038,-0.00012,0.00328,0.00021,0.00024,9e-05,8e-05,0.0001,-0,-0.00067,3e-05,5e-05,3e-05,-0.06185,0.00022,0.00347,-0.00389,0.00017,3e-05,-1e-05,0.00591,-0,0.00191,-0.00058,-6e-05,0.00019,-2e-05
29.8,0.0007,0.00021,7e-05,-2e-05,0.00071,0,0.00098,0.0004,-0.0001,0.00561,0.00029,0.00025,0.00011,2e-05,0.00012,8e-05,-0.00042,1e-05,4e-05,1e-05,-0.06389,0.00025,0.0028,-0.0043,8e-05,1e-05,-0,0.00619,-3e-05,0.00233,-0.00074,-6e-05,0.00022,-3e-05
29.82,0.00175,0.0005,0.00017,-8e-05,0.00067,0,0.00131,0.00035,-2e-05,0.0076,0.00038,0.00025,0.00013,-4e-05,0.00015,0.00015,-0.00022,-0,2e-05,-1e-05,-0.06456,0.00036,0.00221,-0.00466,1e-05,-1e-05,1e-05,0.00638,-6e-05,0.00275,-0.00086,-6e-05,0.00025,-3e-05
29.84,0.00251,0.00075,0.00022,-0.00015,0.00062,0,0.0018,0.00025,0.00017,0.00881,0.00044,0.00022,0.00013,-8e-05,0.00018,0.0002,-6e-05,0,1e-05,-2e-05,-0.06391,0.00049,0.0017,-0.0049,-4e-05,-3e-05,2e-05,0.00646,-0.0001,0.00309,-0.00092,-7e-05,0.00026,-3e-05
29.86,0.00295,0.00094,0.00022,-0.00022,0.00058,0,0.00224,0.00014,0.00048,0.00904,0.00042,0.00017,0.00012,-9e-05,0.00021,0.00024,4e-05,1e-05,0,-3e-05,-0.06205,0.00058,0.0013,-0.00498,-8e-05,-5e-05,2e-05,0.00641,-0.00013,0.00334,-0.00094,-7e-05,0.00027,-3e-05
29.88,0.00305,0.00109,0.00018,-0.00029,0.00055,0,0.0025,3e-05,0.00091,0.00845,0.00035,9e-05,0.00011,-9e-05,0.00024,0.00025,9e-05,2e-05,0,-3e-05,-0.05901,0.00065,0.00103,-0.00492,-0.0001,-7e-05,3e-05,0.00621,-0.00016,0.00347,-0.00091,-8e-05,0.00026,-3e-05
29.9,0.00287,0.0012,0.00013,-0.00036,0.00051,0,0.00253,-3e-05,0.00129,0.00716,0.00023,1e-05,9e-05,-7e-05,0.00026,0.00025,9e-05,2e-05,0,-3e-05,-0.05499,0.00069,0.00089,-0.00472,-0.00011,-8e-05,4e-05,0.00588,-0.00017,0.00346,-0.00083,-9e-05,0.00023,-3e-05
29.92,0.0025,0.00126,8e-05,-0.00043,0.00048,0,0.00243,2e-05,0.00143,0.00538,0.0001,-7e-05,7e-05,-5e-05,0.00028,0.00023,5e-05,1e-05,1e-05,-2e-05,-0.05023,0.00071,0.00085,-0.00437,-0.00012,-9e-05,4e-05,0.00545,-0.00016,0.00331,-0.00073,-0.0001,0.0002,-2e-05
29.94,0.00204,0.00131,4e-05,-0.00048,0.00045,0,0.00234,0.00015,0.00129,0.00363,-0,-0.00015,5e-05,-2e-05,0.0003,0.0002,-0,0,2e-05,-1e-05,-0.04483,0.00069,0.00085,-0.00392,-0.00011,-0.0001,4e-05,0.00492,-0.00013,0.00302,-0.00062,-0.0001,0.00016,-2e-05
29.96,0.00156,0.00135,-1e-05,-0.00051,0.00042,0,0.00232,0.00029,0.00095,0.00225,-5e-05,-0.00021,3e-05,-0,0.00031,0.00017,-7e-05,0,2e-05,-1e-05,-0.03891,0.00062,0.00086,-0.00341,-0.00011,-0.0001,4e-05,0.00431,-9e-05,0.00259,-0.00049,-0.0001,0.00011,-1e-05
29.98,0.00109,0.0014,-7e-05,-0.00054,0.00039,0,0.00236,0.00036,0.00052,0.00126,-5e-05,-0.00027,1e-05,1e-05,0.00032,0.00013,-0.00013,0,3e-05,-0,-0.03266,0.00051,0.00085,-0.00285,-0.00011,-9e-05,4e-05,0.00367,-5e-05,0.00205,-0.00036,-9e-05,6e-05,-0
30,0.00062,0.00142,-0.00011,-0.00055,0.00035,0,0.00234,0.00035,0.00021,0.00069,-1e-05,-0.0003,1e-05,1e-05,0.00031,8e-05,-0.00019,0,4e-05,0,-0.02638,0.00036,0.00079,-0.00226,-0.00011,-8e-05,3e-05,0.00303,-1e-05,0.00143,-0.00024,-8e-05,1e-05,0
30.02,0.00018,0.00139,-0.00012,-0.00053,0.00033,0,0.00222,0.00032,-0.0001,0.00044,0.00016,-0.00025,1e-05,1e-05,0.00029,4e-05,-0.00024,0,4e-05,1e-05,-0.02039,0.00017,0.00067,-0.00163,-0.00011,-7e-05,3e-05,0.00242,0,0.00076,-0.00013,-6e-05,-4e-05,1e-05
30.04,-0.00022,0.0013,-0.0001,-0.0005,0.0003,0,0.00208,0.00029,-0.00036,0.0003,0.00027,-0.00021,1e-05,1e-05,0.00026,0,-0.00028,1e-05,4e-05,1e-05,-0.01487,-1e-05,0.00048,-0.00104,-0.00013,-6e-05,2e-05,0.0019,0,0.0001,-5e-05,-4e-05,-9e-05,2e-05
30.06,-0.00057,0.00119,-8e-05,-0.00046,0.00027,0,0.00193,0.00024,-0.00038,0.00021,0.00021,-0.00017,1e-05,2e-05,0.00023,-3e-05,-0.00031,1e-05,4e-05,1e-05,-0.00997,-0.00016,0.00023,-0.0005,-0.00014,-4e-05,2e-05,0.00148,-1e-05,-0.00053,2e-05,-2e-05,-0.00014,2e-05
30.08,-0.00084,0.00105,-5e-05,-0.0004,0.00021,0,0.00175,0.00018,-0.00019,0.00017,8e-05,-8e-05,1e-05,2e-05,0.00019,-6e-05,-0.00032,1e-05,3e-05,1e-05,-0.00585,-0.00029,-6e-05,-3e-05,-0.00016,-3e-05,1e-05,0.00118,-4e-05,-0.00109,7e-05,0,-0.00017,3e-05
30.1,-0.00102,0.00088,-2e-05,-0.00034,0.00013,0,0.00152,0.00013,2e-05,0.00013,-0.00012,3e-05,1e-05,3e-05,0.00015,-8e-05,-0.00033,1e-05,3e-05,1e-05,-0.00262,-0.00038,-0.00038,0.00036,-0.00018,-2e-05,1e-05,0.00101,-8e-05,-0.00155,9e-05,2e-05,-0.0002,3e-05
30.12,-0.00114,0.00071,1e-05,-0.00028,7e-05,0,0.00124,0.0001,3e-05,6e-05,-5e-05,0.00024,0,4e-05,0.0001,-0.0001,-0.00032,1e-05,2e-05,1e-05,-0.0004,-0.00042,-0.00068,0.00064,-0.00019,-1e-05,0,0.00095,-0.00011,-0.00189,8e-05,4e-05,-0.00022,4e-05
30.14,-0.00116,0.00054,2e-05,-0.00021,4e-05,0,0.00081,7e-05,4e-05,-2e-05,0.00032,0.00053,-0,4e-05,6e-05,-0.0001,-0.00031,0,1e-05,1e-05,0.00081,-0.00041,-0.00095,0.00081,-0.00019,-0,0,0.001,-0.00013,-0.00208,5e-05,5e-05,-0.00023,4e-05
30.16,-0.00108,0.00038,3e-05,-0.00015,1e-05,0,0.00022,4e-05,8e-05,-8e-05,0.00065,0.00071,-0,4e-05,2e-05,-0.00011,-0.00029,0,0,0,0.00112,-0.00037,-0.00118,0.00088,-0.00018,0,-0,0.00112,-0.00014,-0.00214,1e-05,6e-05,-0.00022,4e-05
30.18,-0.00092,0.00024,3e-05,-9e-05,-0,0,-0.00046,3e-05,0.0001,-0.0001,0.00091,0.00076,-0,4e-05,-0,-0.0001,-0.00025,0,-0,0,0.00077,-0.00032,-0.00138,0.00086,-0.00017,1e-05,-0,0.00128,-0.00013,-0.00208,-6e-05,6e-05,-0.00021,3e-05
30.2,-0.00071,0.00012,3e-05,-4e-05,-1e-05,0,-0.00111,2e-05,7e-05,-9e-05,0.00096,0.00068,-0,3e-05,-2e-05,-9e-05,-0.00021,0,-0,0,9e-05,-0.00025,-0.00156,0.00079,-0.00015,1e-05,-0,0.00144,-0.00012,-0.00196,-0.00013,5e-05,-0.00019,3e-05
30.22,-0.00049,3e-05,3e-05,-1e-05,-2e-05,0,-0.00163,3e-05,3e-05,-5e-05,0.00073,0.0005,-0,2e-05,-3e-05,-8e-05,-0.00017,-0,-1e-05,-0,-0.00054,-0.00018,-0.00175,0.0007,-0.00012,0,-0,0.00155,-0.0001,-0.00179,-0.0002,4e-05,-0.00016,2e-05
30.24,-0.00029,-3e-05,2e-05,2e-05,-2e-05,0,-0.0019,3e-05,1e-05,-0,0.00049,0.00036,-0,1e-05,-3e-05,-6e-05,-0.00012,-0,-1e-05,-0,-0.00086,-0.00011,-0.00196,0.00061,-9e-05,0,0,0.00159,-8e-05,-0.00161,-0.00026,3e-05,-0.00014,2e-05
30.26,-0.00014,-7e-05,2e-05,4e-05,-2e-05,0,-0.00189,5e-05,0,5e-05,0.00037,0.00031,-0,0,-2e-05,-5e-05,-7e-05,-0,-1e-05,-0,-0.00072,-6e-05,-0.0022,0.00055,-7e-05,-0,0,0.00156,-6e-05,-0.00144,-0.00031,3e-05,-0.00011,1e-05
30.28,-3e-05,-9e-05,2e-05,5e-05,-2e-05,0,-0.00163,7e-05,0,9e-05,0.00029,0.00031,0,-0,-0,-3e-05,-2e-05,-0,-1e-05,-1e-05,-0.00016,-1e-05,-0.00244,0.00052,-4e-05,-1e-05,0,0.00145,-4e-05,-0.00128,-0.00034,2e-05,-9e-05,1e-05
30.3,4e-05,-0.0001,1e-05,6e-05,-2e-05,0,-0.00121,9e-05,1e-05,0.00012,0.00027,0.00036,0,-0,2e-05,-1e-05,2e-05,-0,-0,-1e-05,0.00066,2e-05,-0.00266,0.0005,-2e-05,-1e-05,1e-05,0.0013,-3e-05,-0.00113,-0.00036,2e-05,-7e-05,1e-05
30.32,0.00011,-9e-05,1e-05,7e-05,-3e-05,0,-0.00078,0.00012,2e-05,0.00014,0.00035,0.00048,0,-0,4e-05,1e-05,5e-05,-0,-0,-1e-05,0.00152,4e-05,-0.00283,0.0005,-1e-05,-1e-05,1e-05,0.00112,-1e-05,-0.00098,-0.00036,2e-05,-4e-05,0
30.34,0.0002,-9e-05,1e-05,7e-05,-3e-05,0,-0.00041,0.00014,5e-05,0.00015,0.00047,0.0006,1e-05,-0,6e-05,2e-05,7e-05,-0,-0,-1e-05,0.00224,4e-05,-0.00293,0.0005,1e-05,-2e-05,1e-05,0.00094,-0,-0.00083,-0.00035,2e-05,-3e-05,0
30.36,0.00031,-8e-05,0,8e-05,-3e-05,0,-0.00019,0.00015,7e-05,0.00016,0.00054,0.00066,1e-05,0,8e-05,3e-05,8e-05,-0,-0,-1e-05,0.00275,4e-05,-0.00294,0.00049,2e-05,-2e-05,1e-05,0.00077,0,-0.00067,-0.00034,3e-05,-1e-05,-0
30.38,0.00043,-7e-05,-0,0.0001,-3e-05,0,-0.00013,0.00014,9e-05,0.00017,0.00059,0.00067,1e-05,1e-05,9e-05,4e-05,8e-05,-0,-0,-1e-05,0.0031,3e-05,-0.00284,0.00049,3e-05,-1e-05,1e-05,0.00061,-0,-0.00052,-0.00032,4e-05,1e-05,-0
30.4,0.00056,-7e-05,-0,0.00011,-3e-05,0,-0.0002,0.00012,0.00011,0.00018,0.00058,0.00061,1e-05,1e-05,0.0001,4e-05,8e-05,-0,-0,-1e-05,0.00342,1e-05,-0.00267,0.00048,3e-05,-1e-05,0,0.00046,-0,-0.0004,-0.00029,5e-05,2e-05,-1e-05
30.42,0.00064,-6e-05,-1e-05,0.00013,-2e-05,0,-0.00036,9e-05,0.0001,0.00019,0.0005,0.00049,1e-05,2e-05,0.00011,4e-05,7e-05,-0,-0,-0,0.0039,-0,-0.00244,0.00049,4e-05,-0,0,0.00032,-1e-05,-0.00033,-0.00026,6e-05,3e-05,-1e-05
30.44,0.00068,-4e-05,-1e-05,0.00016,-3e-05,0,-0.00056,6e-05,6e-05,0.00019,0.00039,0.00037,1e-05,3e-05,0.00011,3e-05,7e-05,-0,0,0,0.00466,-2e-05,-0.00217,0.00052,3e-05,0,-0,0.00019,-1e-05,-0.00033,-0.00024,7e-05,3e-05,-1e-05
30.46,0.00067,-2e-05,-1e-05,0.00018,-3e-05,0,-0.00079,4e-05,-3e-05,0.00018,0.00028,0.00027,0,4e-05,0.00011,2e-05,8e-05,-0,0,1e-05,0.00571,-3e-05,-0.0019,0.00057,3e-05,1e-05,-1e-05,8e-05,-1e-05,-0.00041,-0.00022,8e-05,2e-05,-0
30.48,0.00064,1e-05,-0,0.00022,-4e-05,0,-0.00103,2e-05,-0.00019,0.00016,0.00016,0.00019,0,5e-05,0.0001,-0,9e-05,-0,0,2e-05,0.00695,-4e-05,-0.00165,0.00063,2e-05,2e-05,-1e-05,-1e-05,-1e-05,-0.00055,-0.0002,9e-05,1e-05,-0
30.5,0.00063,5e-05,-0,0.00025,-6e-05,0,-0.00128,1e-05,-0.00037,0.00014,5e-05,0.00012,-0,6e-05,8e-05,-2e-05,0.0001,-0,1e-05,3e-05,0.00818,-5e-05,-0.00148,0.00068,1e-05,3e-05,-2e-05,-7e-05,-1e-05,-0.00075,-0.00019,9e-05,0,-0
30.52,0.00068,9e-05,0,0.00028,-8e-05,0,-0.00156,1e-05,-0.00043,0.00012,-4e-05,6e-05,-0,6e-05,6e-05,-4e-05,0.00012,-0,1e-05,4e-05,0.00913,-3e-05,-0.00142,0.00072,1e-05,4e-05,-2e-05,-0.0001,-0,-0.00096,-0.0002,0.0001,-1e-05,0
30.54,0.00083,0.00013,0,0.00031,-0.00012,0,-0.00187,-0,-0.0004,0.00013,-9e-05,-0,-1e-05,6e-05,3e-05,-5e-05,0.00013,0,1e-05,5e-05,0.00962,-0,-0.0015,0.00072,0,5e-05,-2e-05,-8e-05,0,-0.00119,-0.00023,0.0001,-2e-05,0
30.56,0.00107,0.00017,0,0.00034,-0.00016,0,-0.00224,-1e-05,-0.00036,0.00016,-0.00011,-7e-05,-1e-05,6e-05,-0,-5e-05,0.00014,0,2e-05,6e-05,0.00962,3e-05,-0.00174,0.00068,-0,5e-05,-2e-05,-3e-05,1e-05,-0.00141,-0.00028,0.0001,-2e-05,0
30.58,0.0014,0.00021,0,0.00035,-0.00018,0,-0.00266,-2e-05,-0.00028,0.00021,-0.00012,-0.00013,-1e-05,6e-05,-4e-05,-6e-05,0.00016,0,2e-05,6e-05,0.00922,7e-05,-0.00209,0.00061,-1e-05,5e-05,-3e-05,4e-05,1e-05,-0.00161,-0.00033,0.0001,-3e-05,0
30.6,0.00177,0.00024,-0,0.00035,-0.00019,0,-0.00313,-4e-05,-0.00024,0.00028,-0.00012,-0.00019,-1e-05,5e-05,-7e-05,-6e-05,0.00017,0,2e-05,7e-05,0.00867,0.00011,-0.00252,0.00053,-1e-05,5e-05,-3e-05,9e-05,2e-05,-0.00178,-0.0004,0.0001,-3e-05,0
30.62,0.0021,0.00028,-0,0.00032,-0.0002,0,-0.00365,-7e-05,-0.00031,0.00038,-0.00012,-0.00024,-1e-05,4e-05,-0.0001,-6e-05,0.0002,0,1e-05,7e-05,0.00826,0.00015,-0.00298,0.00046,-1e-05,5e-05,-2e-05,0.00013,2e-05,-0.00193,-0.00047,0.0001,-3e-05,0
30.64,0.00234,0.00031,-0,0.00028,-0.00021,0,-0.00422,-0.00011,-0.00044,0.00048,-0.00012,-0.00028,-1e-05,3e-05,-0.00013,-7e-05,0.00023,-0,1e-05,6e-05,0.00825,0.00019,-0.00342,0.0004,-2e-05,5e-05,-2e-05,0.00014,1e-05,-0.00205,-0.00053,0.0001,-3e-05,0
30.66,0.0025,0.00033,0,0.00022,-0.00021,0,-0.00481,-0.00019,-0.00056,0.00058,-0.00012,-0.00031,-1e-05,2e-05,-0.00015,-7e-05,0.00026,-0,0,4e-05,0.00879,0.00023,-0.00377,0.00038,-3e-05,5e-05,-2e-05,0.00013,1e-05,-0.00215,-0.00058,0.0001,-3e-05,0
30.68,0.00256,0.00033,1e-05,0.00015,-0.0002,0,-0.00543,-0.00031,-0.00077,0.00064,-0.00011,-0.00033,-2e-05,1e-05,-0.00018,-9e-05,0.00031,-0,-0,0,0.00995,0.00027,-0.00404,0.00039,-5e-05,5e-05,-2e-05,9e-05,1e-05,-0.00221,-0.00063,0.0001,-4e-05,0
30.7,0.00252,0.00031,2e-05,9e-05,-0.00019,0,-0.00595,-0.00054,-0.00085,0.00068,-7e-05,-0.00034,-2e-05,0,-0.0002,-0.0001,0.00037,0,-1e-05,-3e-05,0.01166,0.00032,-0.00422,0.00041,-6e-05,5e-05,-2e-05,5e-05,1e-05,-0.00224,-0.00066,0.0001,-4e-05,0
30.72,0.00239,0.00024,5e-05,4e-05,-0.00019,0,-0.00616,-0.00094,-0.00037,0.00069,2e-05,-0.00033,-2e-05,-2e-05,-0.00022,-0.00011,0.00043,0,-1e-05,-7e-05,0.01378,0.00038,-0.00428,0.00045,-8e-05,5e-05,-2e-05,2e-05,0,-0.00222,-0.00068,0.0001,-4e-05,0
30.74,0.00218,0.00016,9e-05,-0,-0.0002,0,-0.00609,-0.00143,0.00033,0.00066,0.00013,-0.00031,-3e-05,-5e-05,-0.00022,-0.00013,0.00049,1e-05,-2e-05,-9e-05,0.01616,0.00043,-0.00426,0.00049,-0.0001,4e-05,-1e-05,-0,0,-0.00216,-0.0007,0.0001,-4e-05,0
30.76,0.00189,9e-05,0.00016,-3e-05,-0.0002,0,-0.00593,-0.00193,0.00091,0.00058,0.00022,-0.00029,-3e-05,-0.00011,-0.00024,-0.00015,0.00055,1e-05,-2e-05,-0.0001,0.01861,0.00048,-0.00418,0.00052,-0.00011,3e-05,-1e-05,1e-05,-0,-0.00206,-0.00071,0.0001,-4e-05,0
30.78,0.00156,2e-05,0.00026,-5e-05,-0.00021,0,-0.00567,-0.00241,0.0014,0.00045,0.00029,-0.00026,-4e-05,-0.00018,-0.00025,-0.00018,0.00061,2e-05,-3e-05,-0.0001,0.02093,0.00051,-0.00404,0.00054,-0.00013,3e-05,-1e-05,5e-05,-0,-0.00192,-0.00073,0.0001,-4e-05,0
30.8,0.0012,-2e-05,0.00036,-5e-05,-0.00022,0,-0.00546,-0.00273,0.00168,0.00028,0.00033,-0.00023,-5e-05,-0.00026,-0.00026,-0.00021,0.00066,3e-05,-3e-05,-0.0001,0.02289,0.00052,-0.00385,0.00054,-0.00014,2e-05,-0,0.00011,-0,-0.00176,-0.00073,0.0001,-3e-05,0
30.82,0.00082,-3e-05,0.00044,-5e-05,-0.00022,0,-0.00545,-0.0027,0.00169,5e-05,0.00032,-0.0002,-5e-05,-0.00033,-0.00026,-0.00023,0.0007,4e-05,-4e-05,-0.0001,0.02429,0.0005,-0.00363,0.00052,-0.00015,1e-05,0,0.0002,-0,-0.00159,-0.00073,0.0001,-3e-05,0
30.84,0.00046,-2e-05,0.00048,-5e-05,-0.00024,0,-0.00559,-0.00241,0.00151,-0.00022,0.00029,-0.00017,-6e-05,-0.00034,-0.00024,-0.00024,0.00073,5e-05,-4e-05,-0.0001,0.02495,0.00047,-0.00335,0.00049,-0.00015,-0,1e-05,0.0003,-0,-0.00142,-0.00072,9e-05,-4e-05,0
30.86,0.00018,-0,0.00047,-4e-05,-0.00026,0,-0.00573,-0.002,0.00124,-0.00051,0.00026,-0.00014,-6e-05,-0.00027,-0.00021,-0.00022,0.00075,6e-05,-5e-05,-9e-05,0.02484,0.00042,-0.00302,0.00046,-0.00015,-1e-05,1e-05,0.0004,-0,-0.00126,-0.00068,9e-05,-4e-05,0
30.88,-1e-05,2e-05,0.00042,-3e-05,-0.0003,0,-0.00573,-0.0015,0.00092,-0.00081,0.00023,-0.0001,-6e-05,-4e-05,-0.00015,-0.00018,0.00073,6e-05,-6e-05,-9e-05,0.02403,0.00036,-0.00265,0.00043,-0.00015,-1e-05,1e-05,0.00049,-0,-0.00111,-0.00063,9e-05,-5e-05,0
30.9,-8e-05,4e-05,0.00035,-2e-05,-0.00034,0,-0.00564,-0.00104,0.00063,-0.00106,0.0002,-6e-05,-6e-05,0.00039,-9e-05,-0.00011,0.00067,7e-05,-6e-05,-8e-05,0.02275,0.00028,-0.00227,0.00044,-0.00014,-1e-05,1e-05,0.00057,-0,-0.00095,-0.00055,8e-05,-6e-05,1e-05
30.92,-2e-05,6e-05,0.00031,-1e-05,-0.00033,0,-0.00556,-0.00072,0.00042,-0.0012,0.00017,-3e-05,-5e-05,0.00107,-1e-05,-3e-05,0.00054,7e-05,-6e-05,-7e-05,0.02121,0.00019,-0.00191,0.0005,-0.00012,-2e-05,1e-05,0.00064,-0,-0.00078,-0.00044,8e-05,-6e-05,1e-05
30.94,0.00014,6e-05,0.0003,1e-05,-0.00023,0,-0.00528,-0.00047,0.00028,-0.00119,0.00014,-1e-05,-5e-05,0.00202,7e-05,8e-05,0.00034,7e-05,-5e-05,-6e-05,0.01954,0.0001,-0.00158,0.00062,-9e-05,-1e-05,1e-05,0.00071,0,-0.00057,-0.0003,8e-05,-5e-05,0
30.96,0.00039,5e-05,0.0003,1e-05,-0.00011,0,-0.00474,-0.00025,0.00016,-0.00106,0.00011,-0,-4e-05,0.00324,0.00016,0.0002,5e-05,7e-05,-5e-05,-5e-05,0.01773,-0,-0.00128,0.0008,-6e-05,-1e-05,1e-05,0.00077,0,-0.00033,-0.00013,7e-05,-4e-05,0
30.98,0.0007,4e-05,0.00031,2e-05,3e-05,0,-0.00406,-6e-05,7e-05,-0.0008,9e-05,1e-05,-4e-05,0.00459,0.00021,0.0003,-0.00035,6e-05,-4e-05,-3e-05,0.01565,-8e-05,-0.00097,0.00102,-2e-05,-0,0,0.00081,0,-6e-05,5e-05,7e-05,-1e-05,-0
31,0.00102,2e-05,0.00033,2e-05,0.00017,0,-0.00331,6e-05,1e-05,-0.00047,6e-05,1e-05,-4e-05,0.00615,0.00026,0.00039,-0.00088,5e-05,-3e-05,-2e-05,0.01306,-0.00012,-0.0006,0.00126,3e-05,0,-0,0.00081,1e-05,0.00022,0.00025,5e-05,1e-05,-0
31.02,0.00121,0,0.00033,1e-05,0.00031,0,-0.00256,9e-05,-4e-05,-0.00012,4e-05,0,-3e-05,0.00813,0.00052,0.00051,-0.00151,4e-05,-3e-05,-2e-05,0.00968,-0.0001,-0.00011,0.00147,9e-05,2e-05,-1e-05,0.00076,1e-05,0.00049,0.00042,4e-05,4e-05,-1e-05
31.04,0.00126,-2e-05,0.00028,1e-05,0.00042,0,-0.00189,9e-05,-6e-05,0.00021,2e-05,-1e-05,-3e-05,0.01015,0.00091,0.00063,-0.00223,2e-05,-3e-05,-1e-05,0.00527,-2e-05,0.00055,0.00163,0.00016,3e-05,-2e-05,0.00063,0,0.00072,0.00056,2e-05,6e-05,-1e-05
31.06,0.00122,-4e-05,0.00018,0,0.00051,0,-0.0013,9e-05,-7e-05,0.00048,1e-05,-1e-05,-3e-05,0.01176,0.00128,0.0007,-0.00298,1e-05,-3e-05,-1e-05,-0.00023,0.00011,0.0014,0.00171,0.00023,5e-05,-2e-05,0.00042,-0,0.0009,0.00066,-1e-05,7e-05,-1e-05
31.08,0.00109,-5e-05,3e-05,-0,0.00052,0,-0.00082,7e-05,-6e-05,0.00068,0,-1e-05,-3e-05,0.01281,0.00161,0.00073,-0.00371,0,-3e-05,-0,-0.0067,0.00027,0.0024,0.0017,0.0003,6e-05,-3e-05,0.00012,-0,0.00102,0.00071,-4e-05,8e-05,-1e-05
31.1,0.0009,-5e-05,-0.00017,-1e-05,0.00051,0,-0.00045,3e-05,-4e-05,0.0008,0,-1e-05,-3e-05,0.01341,0.00187,0.0007,-0.00428,-1e-05,-4e-05,-0,-0.0138,0.00041,0.00344,0.00158,0.00037,8e-05,-4e-05,-0.00026,-1e-05,0.0011,0.00072,-6e-05,8e-05,-1e-05
31.12,0.00065,-4e-05,-0.0004,-0,0.00049,0,-0.00018,-1e-05,-2e-05,0.00086,-0,-0,-3e-05,0.01366,0.00202,0.00061,-0.00456,-1e-05,-4e-05,-0,-0.02104,0.00051,0.00428,0.00136,0.00044,9e-05,-4e-05,-0.00069,-1e-05,0.00112,0.00069,-9e-05,7e-05,-1e-05
31.14,0.00042,-3e-05,-0.00062,0,0.00047,0,0,-5e-05,1e-05,0.00085,-0,-0,-2e-05,0.01321,0.00198,0.00047,-0.00452,-2e-05,-4e-05,-0,-0.028,0.00055,0.00486,0.00104,0.0005,0.0001,-5e-05,-0.00116,-1e-05,0.00111,0.00062,-0.0001,5e-05,-0
31.16,0.00023,-0,-0.00075,1e-05,0.00044,0,0.00013,-9e-05,5e-05,0.00079,-0,0,-2e-05,0.01208,0.00175,0.00031,-0.00421,-2e-05,-3e-05,-1e-05,-0.0344,0.00052,0.00517,0.00066,0.00054,0.0001,-5e-05,-0.00165,-1e-05,0.00107,0.00054,-0.00012,2e-05,0
31.18,7e-05,1e-05,-0.00078,3e-05,0.0004,0,0.00021,-0.00011,9e-05,0.0007,-0,1e-05,-2e-05,0.01059,0.00139,0.00017,-0.00371,-2e-05,-2e-05,-1e-05,-0.04005,0.00044,0.0052,0.00023,0.00057,0.0001,-4e-05,-0.00215,-1e-05,0.001,0.00043,-0.00012,-1e-05,0
31.2,-0.0001,2e-05,-0.00069,5e-05,0.00036,0,0.00025,-0.00011,0.00013,0.00058,-0,1e-05,-1e-05,0.00905,0.00094,6e-05,-0.00327,-1e-05,-1e-05,-0,-0.04482,0.00034,0.00503,-0.00021,0.00058,9e-05,-4e-05,-0.00265,-0,0.00093,0.00032,-0.00012,-5e-05,1e-05
31.22,-0.00033,2e-05,-0.00054,7e-05,0.00029,0,0.00026,-0.00011,0.00016,0.00045,-0,2e-05,-1e-05,0.00773,0.00051,1e-05,-0.00315,-1e-05,-1e-05,-0,-0.04857,0.00024,0.00478,-0.00065,0.00059,8e-05,-3e-05,-0.00312,-0,0.00086,0.00021,-0.00011,-8e-05,1e-05
31.24,-0.00059,0,-0.00037,0.0001,0.00022,0,0.00025,-0.00011,0.0002,0.00031,-0,3e-05,-1e-05,0.00679,0.00019,0,-0.00326,-0,-0,0,-0.05127,0.00016,0.00448,-0.00107,0.00058,7e-05,-3e-05,-0.00356,-0,0.0008,0.0001,-0.00011,-0.00011,1e-05
31.26,-0.00086,-1e-05,-0.00021,0.00012,0.00016,0,0.00023,-9e-05,0.00022,0.00018,-0,5e-05,-1e-05,0.00624,3e-05,1e-05,-0.00349,1e-05,0,-0,-0.05294,8e-05,0.00413,-0.00144,0.00057,6e-05,-2e-05,-0.00395,0,0.00076,1e-05,-9e-05,-0.00013,1e-05
31.28,-0.00112,-2e-05,-8e-05,0.00013,0.00011,0,0.0002,-7e-05,0.00024,6e-05,-0,6e-05,-0,0.00596,-2e-05,2e-05,-0.00373,2e-05,-0,-1e-05,-0.0536,3e-05,0.00379,-0.00174,0.00055,5e-05,-2e-05,-0.00426,0,0.00073,-7e-05,-8e-05,-0.00015,1e-05
31.3,-0.00136,-2e-05,-2e-05,0.00014,7e-05,0,0.00017,-5e-05,0.00026,-4e-05,-0,8e-05,-0,0.00565,-1e-05,2e-05,-0.0039,4e-05,0,-2e-05,-0.05322,-1e-05,0.00345,-0.00198,0.00052,4e-05,-1e-05,-0.00448,0,0.00071,-0.00013,-7e-05,-0.00015,1e-05
31.32,-0.00154,-1e-05,-4e-05,0.00014,5e-05,0,0.00015,-3e-05,0.00026,-0.00011,0,0.0001,0,0.00508,0,1e-05,-0.00387,7e-05,2e-05,-2e-05,-0.05179,-3e-05,0.00311,-0.00215,0.00049,2e-05,-1e-05,-0.00457,0,0.00071,-0.00016,-6e-05,-0.00015,1e-05
31.34,-0.00167,1e-05,-8e-05,0.00013,3e-05,0,0.00012,-2e-05,0.00026,-0.00016,0,0.00012,1e-05,0.0043,-4e-05,0,-0.00341,0.0001,5e-05,-2e-05,-0.04936,-5e-05,0.00278,-0.00224,0.00043,1e-05,-0,-0.0045,0,0.00071,-0.00016,-5e-05,-0.00014,1e-05
31.36,-0.00175,4e-05,-0.00011,0.00012,3e-05,0,0.0001,-1e-05,0.00024,-0.00018,0,0.00012,1e-05,0.00341,-0.00014,-0,-0.00246,0.00013,8e-05,-2e-05,-0.04596,-7e-05,0.00249,-0.00225,0.00037,-0,-0,-0.00426,0,0.00072,-0.00014,-3e-05,-0.00013,1e-05
31.38,-0.00181,8e-05,-0.00013,0.00011,3e-05,0,8e-05,0,0.00021,-0.00017,0,0.00012,1e-05,0.0025,-0.00028,-1e-05,-0.00107,0.00014,0.00012,-1e-05,-0.04163,-8e-05,0.00222,-0.00217,0.0003,-1e-05,0,-0.00382,0,0.00073,-7e-05,-2e-05,-0.00011,0
31.4,-0.00186,0.00011,-0.00013,9e-05,4e-05,0,5e-05,1e-05,0.00017,-0.00014,0,0.00011,2e-05,0.00171,-0.00043,-2e-05,0.00055,0.00013,0.00016,0,-0.03643,-9e-05,0.00201,-0.00202,0.00022,-3e-05,1e-05,-0.00322,0,0.00074,2e-05,-2e-05,-8e-05,0
31.42,-0.00195,0.00012,-0.00012,7e-05,7e-05,0,3e-05,2e-05,0.00012,-0.00011,0,8e-05,2e-05,0.00115,-0.00054,-5e-05,0.00232,0.00012,0.00017,3e-05,-0.03049,-9e-05,0.00186,-0.00181,0.00013,-4e-05,1e-05,-0.00246,0,0.00074,0.00013,-1e-05,-6e-05,0
31.44,-0.00209,0.00012,-8e-05,6e-05,0.00012,0,1e-05,2e-05,7e-05,-8e-05,0,6e-05,3e-05,0.00093,-0.00058,-0.0001,0.00407,8e-05,0.00016,7e-05,-0.02392,-9e-05,0.0018,-0.00154,5e-05,-5e-05,1e-05,-0.00161,0,0.00074,0.00027,0,-4e-05,0
31.46,-0.00229,0.0001,-4e-05,4e-05,0.00018,0,0,2e-05,2e-05,-5e-05,-0,3e-05,4e-05,0.00104,-0.00055,-0.00015,0.0055,2e-05,0.00014,0.00012,-0.0169,-8e-05,0.0018,-0.00122,-3e-05,-6e-05,2e-05,-0.00071,-0,0.00073,0.00042,1e-05,-2e-05,0
31.48,-0.00255,7e-05,-1e-05,3e-05,0.00022,0,-0,2e-05,-2e-05,-3e-05,-0,1e-05,5e-05,0.00137,-0.00047,-0.00018,0.00648,-3e-05,0.00011,0.00015,-0.00964,-8e-05,0.00189,-0.00086,-0.0001,-6e-05,2e-05,0.00016,-0,0.00071,0.00057,1e-05,-0,-0
31.5,-0.0028,2e-05,2e-05,1e-05,0.00023,0,-0,1e-05,-6e-05,-2e-05,-0,-1e-05,6e-05,0.00178,-0.00034,-0.00018,0.00691,-5e-05,9e-05,0.00017,-0.00247,-6e-05,0.00203,-0.00049,-0.00016,-6e-05,2e-05,0.00092,-0,0.00069,0.00072,2e-05,1e-05,-0
31.52,-0.00299,-4e-05,3e-05,-0,0.00023,0,0,0,-9e-05,-0,-0,-2e-05,7e-05,0.00213,-0.00019,-0.00012,0.0067,-3e-05,7e-05,0.00017,0.0042,-3e-05,0.00221,-0.00013,-0.00022,-6e-05,2e-05,0.0015,-0,0.00067,0.00084,2e-05,2e-05,-0
31.54,-0.00309,-9e-05,3e-05,-2e-05,0.00022,0,0,-1e-05,-0.0001,2e-05,-0,-2e-05,8e-05,0.00231,-5e-05,-3e-05,0.00595,3e-05,4e-05,0.00016,0.01003,-1e-05,0.00242,0.00021,-0.00026,-6e-05,2e-05,0.00186,0,0.00066,0.00093,2e-05,3e-05,-0
31.56,-0.0031,-0.00014,3e-05,-4e-05,0.00021,0,1e-05,-3e-05,-0.00011,4e-05,-0,-2e-05,9e-05,0.00232,6e-05,9e-05,0.00487,8e-05,2e-05,0.00013,0.01485,1e-05,0.00262,0.00049,-0.0003,-6e-05,2e-05,0.00199,0,0.00065,0.00098,2e-05,3e-05,-0
31.58,-0.00303,-0.00018,2e-05,-5e-05,0.00021,0,1e-05,-6e-05,-0.00011,7e-05,-0,-1e-05,0.00011,0.00219,0.00017,0.00019,0.00366,0.00011,-1e-05,0.00011,0.01858,2e-05,0.00279,0.00073,-0.00032,-6e-05,2e-05,0.00193,0,0.00063,0.001,2e-05,3e-05,-0
31.6,-0.00291,-0.0002,2e-05,-7e-05,0.0002,0,1e-05,-9e-05,-0.0001,0.0001,-0,-1e-05,0.00012,0.00197,0.0003,0.00015,0.00247,0.0001,-4e-05,8e-05,0.02125,2e-05,0.00292,0.0009,-0.00033,-5e-05,2e-05,0.00173,0,0.00061,0.00097,1e-05,2e-05,-0
31.62,-0.00277,-0.00021,3e-05,-8e-05,0.00019,0,1e-05,-0.00012,-9e-05,0.00013,-0,-1e-05,0.00014,0.00174,0.00048,-8e-05,0.00143,6e-05,-7e-05,5e-05,0.02292,0,0.00296,0.001,-0.00034,-5e-05,2e-05,0.00142,0,0.00059,0.00092,1e-05,2e-05,-0
31.64,-0.00263,-0.0002,3e-05,-9e-05,0.00017,0,1e-05,-0.00016,-6e-05,0.00016,-0,-1e-05,0.00016,0.00154,0.00071,-0.00046,0.00067,2e-05,-0.00011,3e-05,0.02367,-2e-05,0.00292,0.00104,-0.00034,-4e-05,1e-05,0.00107,0,0.00057,0.00084,0,1e-05,-0
31.66,-0.00251,-0.00017,3e-05,-9e-05,0.00015,0,1e-05,-0.00019,-4e-05,0.0002,-0,-1e-05,0.00018,0.00136,0.00092,-0.00091,0.00021,0,-0.00014,1e-05,0.02359,-5e-05,0.00278,0.00102,-0.00034,-4e-05,1e-05,0.00071,0,0.00054,0.00074,0,0,-0
31.68,-0.00239,-0.00014,3e-05,-0.0001,0.00013,0,0,-0.00023,-1e-05,0.00022,-0,-1e-05,0.00019,0.00118,0.00107,-0.00135,-0,1e-05,-0.00019,1e-05,0.02277,-9e-05,0.00257,0.00095,-0.00032,-4e-05,1e-05,0.00039,-0,0.0005,0.00063,-0,-0,0
31.7,-0.00227,-9e-05,2e-05,-0.0001,0.0001,0,0,-0.00025,2e-05,0.00024,-0,-1e-05,0.00019,0.00096,0.00115,-0.00167,-3e-05,3e-05,-0.00023,0,0.0213,-0.00013,0.00231,0.00085,-0.00031,-3e-05,1e-05,0.00013,-0,0.00046,0.00051,-0,-1e-05,0
31.72,-0.00212,-4e-05,1e-05,-0.0001,7e-05,0,0,-0.00026,5e-05,0.00024,-0,-1e-05,0.00019,0.00074,0.00118,-0.00184,4e-05,0.0001,-0.00022,2e-05,0.0193,-0.00015,0.00204,0.00075,-0.00028,-3e-05,1e-05,-7e-05,-0,0.00041,0.0004,-0,-2e-05,0
31.74,-0.00192,1e-05,0,-0.0001,4e-05,0,0,-0.00026,7e-05,0.00022,-0,-0,0.00018,0.00056,0.00113,-0.00182,0.00011,0.00016,-0.00018,3e-05,0.01687,-0.00017,0.00177,0.00066,-0.00025,-2e-05,1e-05,-0.0002,-0,0.00036,0.0003,-0,-2e-05,0
31.76,-0.00166,6e-05,-0,-0.0001,1e-05,-0,0,-0.00024,9e-05,0.00019,-0,-0,0.00017,0.00046,0.00103,-0.00157,0.00013,0.00013,-0.00014,4e-05,0.01411,-0.00019,0.00152,0.00058,-0.00022,-2e-05,1e-05,-0.00025,-0,0.00031,0.00021,-1e-05,-2e-05,0
31.78,-0.00134,0.00011,-1e-05,-0.0001,-3e-05,-0,0,-0.00022,0.0001,0.00015,-0,-0,0.00016,0.00045,0.00088,-0.00112,0.00011,4e-05,-7e-05,5e-05,0.01118,-0.00021,0.0013,0.00052,-0.00018,-1e-05,0,-0.00025,-0,0.00026,0.00014,-1e-05,-2e-05,0
31.8,-0.001,0.00014,-1e-05,-0.00011,-7e-05,-0,0,-0.00019,0.00011,0.0001,-0,0,0.00014,0.00049,0.00073,-0.0007,5e-05,-0.00011,-2e-05,4e-05,0.00829,-0.00022,0.00108,0.00048,-0.00014,-1e-05,0,-0.00021,-0,0.0002,8e-05,-1e-05,-2e-05,0
31.82,-0.00066,0.00017,-0,-0.00011,-7e-05,-0,1e-05,-0.00016,0.00011,5e-05,-0,1e-05,0.00012,0.00054,0.00062,-0.00055,-2e-05,-0.00014,-0,3e-05,0.00566,-0.00021,0.00084,0.00043,-0.0001,-0,0,-0.00014,-0,0.00015,3e-05,-1e-05,-1e-05,0
31.84,-0.00032,0.00018,-0,-0.00011,-6e-05,-0,1e-05,-0.00013,0.0001,-1e-05,-0,1e-05,9e-05,0.00055,0.00051,-0.00043,-7e-05,-4e-05,5e-05,2e-05,0.00345,-0.00018,0.00057,0.00039,-7e-05,-0,0,-7e-05,-0,0.0001,-1e-05,-1e-05,-1e-05,0
31.86,-1e-05,0.00018,-0,-0.00011,-5e-05,-0,2e-05,-0.0001,9e-05,-5e-05,0,1e-05,7e-05,0.00047,0.00041,-0.00029,-9e-05,3e-05,6e-05,1e-05,0.00171,-0.00013,0.00026,0.00033,-4e-05,0,0,0,-0,6e-05,-3e-05,-1e-05,-1e-05,0
31.88,0.00027,0.00017,0,-0.0001,-3e-05,-0,2e-05,-6e-05,8e-05,-8e-05,0,1e-05,4e-05,0.00033,0.00031,-0.00018,-5e-05,7e-05,2e-05,1e-05,0.00043,-7e-05,-7e-05,0.00027,-3e-05,0,0,6e-05,-0,2e-05,-6e-05,-1e-05,-0,0
31.9,0.00052,0.00015,1e-05,-9e-05,-1e-05,-0,2e-05,-4e-05,7e-05,-0.00011,1e-05,2e-05,2e-05,0.00014,0.00023,-0.00011,1e-05,4e-05,-4e-05,0,-0.00049,-0,-0.00041,0.00019,-2e-05,-0,0,0.00011,-0,-2e-05,-8e-05,-2e-05,-0,0
31.92,0.00071,0.00012,1e-05,-8e-05,1e-05,-0,2e-05,-2e-05,5e-05,-0.00012,1e-05,2e-05,-1e-05,-2e-05,0.00016,-6e-05,0.0001,0,-8e-05,0,-0.00118,7e-05,-0.00071,0.00011,-2e-05,-0,0,0.00014,-0,-5e-05,-0.00011,-2e-05,0,0
31.94,0.00087,0.0001,1e-05,-6e-05,2e-05,-0,2e-05,-0,4e-05,-0.00011,2e-05,2e-05,-3e-05,-0.00014,0.00011,-4e-05,0.00019,0,-5e-05,0,-0.00174,0.00013,-0.00096,3e-05,-1e-05,-1e-05,0,0.00017,0,-7e-05,-0.00014,-2e-05,1e-05,0
31.96,0.001,7e-05,1e-05,-3e-05,3e-05,-0,2e-05,1e-05,3e-05,-0.0001,2e-05,2e-05,-6e-05,-0.00021,8e-05,-2e-05,0.00027,-1e-05,-0,-0,-0.00225,0.00017,-0.00113,-6e-05,-1e-05,-1e-05,0,0.00019,0,-8e-05,-0.00017,-3e-05,1e-05,-0
31.98,0.00113,4e-05,1e-05,-1e-05,4e-05,-0,2e-05,2e-05,3e-05,-7e-05,3e-05,2e-05,-8e-05,-0.00027,6e-05,-1e-05,0.00032,-9e-05,4e-05,-1e-05,-0.00272,0.0002,-0.00122,-0.00015,-0,-1e-05,0,0.00019,0,-8e-05,-0.00021,-4e-05,1e-05,-0
32,0.00127,1e-05,1e-05,2e-05,5e-05,-0,2e-05,2e-05,2e-05,-4e-05,3e-05,2e-05,-0.0001,-0.00036,4e-05,-0,0.00037,-0.00019,7e-05,-1e-05,-0.00314,0.00022,-0.00123,-0.00023,0,-1e-05,0,0.00019,0,-7e-05,-0.00025,-5e-05,2e-05,-0
32.02,0.00147,-1e-05,1e-05,5e-05,6e-05,-0,2e-05,2e-05,2e-05,-1e-05,4e-05,1e-05,-0.00011,-0.00056,3e-05,-0,0.00041,-0.00013,0.00023,-2e-05,-0.00344,0.00022,-0.00118,-0.0003,1e-05,-1e-05,0,0.00018,0,-7e-05,-0.00029,-6e-05,2e-05,-0
32.04,0.00173,-3e-05,1e-05,8e-05,7e-05,-0,2e-05,2e-05,1e-05,3e-05,4e-05,1e-05,-0.00012,-0.0009,2e-05,-0,0.00044,6e-05,0.00044,-2e-05,-0.00357,0.00022,-0.00108,-0.00036,2e-05,-1e-05,0,0.00015,0,-7e-05,-0.00033,-7e-05,3e-05,-0
32.06,0.00207,-4e-05,2e-05,0.0001,9e-05,-0,1e-05,2e-05,0,6e-05,2e-05,0,-0.00013,-0.00137,0,-1e-05,0.00047,0.00018,0.00056,-2e-05,-0.00351,0.00021,-0.00094,-0.00042,3e-05,-1e-05,0,0.00012,1e-05,-7e-05,-0.00036,-8e-05,4e-05,-0
32.08,0.00248,-5e-05,2e-05,0.00012,0.00011,-0,1e-05,2e-05,-1e-05,9e-05,1e-05,-0,-0.00013,-0.00198,-1e-05,-2e-05,0.00048,0.00024,0.0006,-2e-05,-0.00329,0.00019,-0.00081,-0.00048,3e-05,-0,-0,8e-05,1e-05,-8e-05,-0.0004,-8e-05,4e-05,-0
32.1,0.00294,-4e-05,3e-05,0.00014,0.00013,-0,0,1e-05,-2e-05,0.00013,-0,-1e-05,-0.00013,-0.00268,-4e-05,-3e-05,0.00049,0.00019,0.0005,-1e-05,-0.00294,0.00016,-0.00069,-0.00054,4e-05,0,-0,4e-05,1e-05,-0.00011,-0.00043,-9e-05,5e-05,-0
32.12,0.0034,-4e-05,4e-05,0.00016,0.00015,-0,0,1e-05,-4e-05,0.00016,-0,-2e-05,-0.00012,-0.00342,-8e-05,-3e-05,0.00053,6e-05,0.00033,-1e-05,-0.00252,0.00013,-0.00063,-0.00062,5e-05,1e-05,-0,1e-05,1e-05,-0.00015,-0.00047,-9e-05,5e-05,-0
32.14,0.00384,-2e-05,5e-05,0.00017,0.00017,-0,-0,1e-05,-5e-05,0.0002,1e-05,-2e-05,-0.00011,-0.00416,-0.00014,-3e-05,0.00059,-0,0.00017,-2e-05,-0.00203,0.0001,-0.00064,-0.00071,6e-05,1e-05,-1e-05,-3e-05,1e-05,-0.0002,-0.00051,-9e-05,6e-05,-0
32.16,0.00426,-0,7e-05,0.00018,0.00016,-0,-0,1e-05,-7e-05,0.00024,3e-05,-2e-05,-0.0001,-0.00487,-0.00022,0,0.00061,1e-05,8e-05,-2e-05,-0.00136,7e-05,-0.00073,-0.00081,7e-05,2e-05,-1e-05,-6e-05,1e-05,-0.00028,-0.00056,-9e-05,6e-05,-0
32.18,0.00462,3e-05,0.0001,0.00018,0.00014,-0,0,1e-05,-9e-05,0.00028,4e-05,-1e-05,-9e-05,-0.00555,-0.00033,2e-05,0.00061,5e-05,2e-05,-2e-05,-0.00036,4e-05,-0.00089,-0.00092,8e-05,2e-05,-1e-05,-8e-05,1e-05,-0.00037,-0.00062,-8e-05,6e-05,-0
32.2,0.00488,6e-05,0.00014,0.00017,0.00012,-0,0,1e-05,-0.0001,0.00031,5e-05,-1e-05,-8e-05,-0.00607,-0.00049,0.00017,0.00059,0.00011,-1e-05,-3e-05,0.00123,2e-05,-0.00111,-0.00102,9e-05,3e-05,-1e-05,-8e-05,1e-05,-0.00047,-0.00067,-8e-05,6e-05,-0
32.22,0.00498,0.0001,0.0002,0.00013,9e-05,-0,1e-05,1e-05,-0.00012,0.00034,5e-05,-1e-05,-7e-05,-0.00622,-0.00072,0.0007,0.00053,0.00013,-2e-05,-2e-05,0.00368,1e-05,-0.00137,-0.00108,0.0001,3e-05,-1e-05,-6e-05,1e-05,-0.00059,-0.00071,-6e-05,6e-05,-0
32.24,0.00492,0.00014,0.00029,8e-05,6e-05,-0,1e-05,2e-05,-0.00014,0.00035,4e-05,-0,-6e-05,-0.00604,-0.00103,0.00135,0.00046,0.00014,-3e-05,-2e-05,0.00722,-0,-0.00164,-0.00109,0.0001,4e-05,-2e-05,-1e-05,1e-05,-0.00071,-0.00072,-5e-05,5e-05,-0
32.26,0.00473,0.00018,0.00039,1e-05,3e-05,-0,2e-05,2e-05,-0.00016,0.00034,3e-05,-0,-5e-05,-0.00573,-0.00136,0.00188,0.00039,0.00014,-3e-05,-2e-05,0.01197,-1e-05,-0.00191,-0.00104,0.0001,4e-05,-2e-05,8e-05,0,-0.00082,-0.00072,-3e-05,5e-05,-0
32.28,0.00442,0.00021,0.0005,-6e-05,1e-05,-0,2e-05,3e-05,-0.00018,0.00032,2e-05,0,-4e-05,-0.00533,-0.00171,0.00231,0.00029,0.00012,-4e-05,-2e-05,0.01793,-1e-05,-0.00217,-0.00092,0.0001,5e-05,-2e-05,0.00021,0,-0.00094,-0.00068,-1e-05,4e-05,-0
32.3,0.00398,0.00022,0.00058,-0.00014,-2e-05,-0,2e-05,4e-05,-0.00019,0.00027,2e-05,0,-3e-05,-0.00495,-0.00201,0.00259,0.00019,0.00011,-5e-05,-2e-05,0.02493,-0,-0.00241,-0.00072,9e-05,5e-05,-2e-05,0.00037,-0,-0.00104,-0.00063,2e-05,3e-05,-0
32.32,0.00341,0.00021,0.00061,-0.00022,-5e-05,0,3e-05,6e-05,-0.0002,0.0002,1e-05,1e-05,-2e-05,-0.00465,-0.00211,0.00264,6e-05,9e-05,-5e-05,-2e-05,0.03273,2e-05,-0.00263,-0.00046,7e-05,6e-05,-2e-05,0.00055,-0,-0.00114,-0.00055,5e-05,2e-05,-0
32.34,0.00279,0.00016,0.00056,-0.00029,-8e-05,0,5e-05,7e-05,-0.00019,0.00011,1e-05,1e-05,-2e-05,-0.00458,-0.00204,0.00248,-0.00011,7e-05,-5e-05,-3e-05,0.04109,5e-05,-0.00283,-0.00012,5e-05,6e-05,-2e-05,0.00074,-1e-05,-0.00121,-0.00045,7e-05,1e-05,-0
32.36,0.00216,0.00011,0.00044,-0.00034,-0.00012,0,6e-05,9e-05,-0.00018,0,1e-05,1e-05,-2e-05,-0.00484,-0.0019,0.00221,-0.00031,6e-05,-4e-05,-3e-05,0.04987,0.0001,-0.00299,0.00027,2e-05,7e-05,-2e-05,0.00092,-1e-05,-0.00126,-0.00034,9e-05,0,-0
32.38,0.00154,4e-05,0.00027,-0.00038,-0.00015,0,7e-05,0.00011,-0.00017,-0.00012,0,0,-1e-05,-0.00533,-0.0017,0.00186,-0.00055,5e-05,-3e-05,-3e-05,0.05896,0.00015,-0.00311,0.00072,-1e-05,7e-05,-2e-05,0.00108,-1e-05,-0.00129,-0.00022,0.00011,-1e-05,-0
32.4,0.00097,-1e-05,7e-05,-0.0004,-0.00018,0,6e-05,0.00012,-0.00015,-0.00024,0,0,-1e-05,-0.00597,-0.00151,0.00151,-0.00078,3e-05,-3e-05,-3e-05,0.06822,0.0002,-0.00316,0.00122,-3e-05,7e-05,-2e-05,0.0012,-1e-05,-0.0013,-9e-05,0.00012,-1e-05,-0
32.42,0.00047,-6e-05,-0.00011,-0.00042,-0.00021,0,2e-05,0.00015,-0.00014,-0.00034,0,0,-1e-05,-0.00667,-0.00133,0.00119,-0.00096,2e-05,-2e-05,-3e-05,0.07751,0.00023,-0.00314,0.00176,-6e-05,7e-05,-2e-05,0.00128,-1e-05,-0.00128,4e-05,0.00012,-2e-05,-0
32.44,0.0001,-8e-05,-0.00027,-0.00043,-0.00023,0,-3e-05,0.00018,-0.00013,-0.00043,0,-0,-1e-05,-0.00721,-0.00116,0.00094,-0.00106,1e-05,-2e-05,-3e-05,0.08666,0.00026,-0.00301,0.00232,-8e-05,7e-05,-2e-05,0.00131,-1e-05,-0.00125,0.00018,0.00012,-1e-05,-0
32.46,-0.00011,-7e-05,-0.00038,-0.00042,-0.00026,0,-0.0001,0.0002,-0.00012,-0.0005,0,-1e-05,-1e-05,-0.00741,-0.001,0.00074,-0.00106,1e-05,-1e-05,-2e-05,0.09552,0.00029,-0.00274,0.0029,-9e-05,7e-05,-2e-05,0.00128,-1e-05,-0.0012,0.00031,0.00011,-1e-05,-0
32.48,-0.00013,-5e-05,-0.00045,-0.0004,-0.00029,0,-0.00017,0.00022,-0.00011,-0.00053,0,-1e-05,-1e-05,-0.00718,-0.00082,0.00058,-0.00093,0,-1e-05,-2e-05,0.10391,0.00031,-0.00236,0.00348,-0.0001,7e-05,-2e-05,0.00119,-1e-05,-0.00113,0.00044,8e-05,0,-0
32.5,5e-05,-2e-05,-0.00047,-0.00038,-0.00028,0,-0.00025,0.00024,-0.00011,-0.00053,0,-1e-05,-1e-05,-0.00661,-0.00067,0.00046,-0.00068,-0,-1e-05,-2e-05,0.11158,0.00032,-0.00187,0.00405,-0.0001,7e-05,-2e-05,0.00105,-1e-05,-0.00106,0.00056,6e-05,2e-05,-0
32.52,0.00041,2e-05,-0.00043,-0.00036,-0.00018,0,-0.00034,0.00025,-0.0001,-0.00049,0,-1e-05,-1e-05,-0.00588,-0.00055,0.00039,-0.00033,-0,-1e-05,-1e-05,0.11826,0.00032,-0.00131,0.00455,-9e-05,7e-05,-2e-05,0.00088,-1e-05,-0.00099,0.00067,2e-05,4e-05,-0
32.54,0.00092,6e-05,-0.00037,-0.00034,-7e-05,0,-0.00042,0.00027,-9e-05,-0.00043,0,-1e-05,-1e-05,-0.00497,-0.00042,0.00034,0.0001,-1e-05,-1e-05,-1e-05,0.12364,0.00031,-0.00075,0.00499,-8e-05,7e-05,-2e-05,0.00068,-1e-05,-0.00092,0.00077,-2e-05,5e-05,-0
32.56,0.00157,8e-05,-0.00028,-0.00032,4e-05,0,-0.0005,0.00027,-9e-05,-0.00034,0,-0,-1e-05,-0.00389,-0.00028,0.00029,0.00057,-1e-05,-1e-05,-1e-05,0.12754,0.00029,-0.00024,0.00535,-6e-05,6e-05,-2e-05,0.00044,-0,-0.00088,0.00085,-5e-05,7e-05,-0
32.58,0.00233,0.0001,-0.00017,-0.00029,0.00015,0,-0.00053,0.00028,-7e-05,-0.00024,0,-0,-1e-05,-0.00276,-0.00014,0.00026,0.00105,-1e-05,-1e-05,-1e-05,0.12993,0.00026,0.00016,0.00563,-5e-05,6e-05,-2e-05,0.00017,1e-05,-0.00085,0.00092,-9e-05,9e-05,-0
32.6,0.00312,0.0001,-2e-05,-0.00027,0.00025,0,-0.00051,0.00028,-6e-05,-0.00012,0,0,-1e-05,-0.0018,-3e-05,0.00023,0.00149,-1e-05,-1e-05,-1e-05,0.13094,0.00022,0.00037,0.0058,-3e-05,5e-05,-1e-05,-0.00011,2e-05,-0.00085,0.00098,-0.00013,0.0001,-0
32.62,0.00385,7e-05,0.00016,-0.00025,0.00032,0,-0.00039,0.00029,-3e-05,-2e-05,0,0,-1e-05,-0.00109,7e-05,0.00021,0.00188,-1e-05,-1e-05,-1e-05,0.13069,0.00019,0.00031,0.00579,-2e-05,4e-05,-1e-05,-0.00035,4e-05,-0.00088,0.00101,-0.00015,0.00011,-0
32.64,0.00455,2e-05,0.00039,-0.00024,0.00036,0,-0.00014,0.0003,2e-05,5e-05,0,1e-05,-1e-05,-0.00055,0.00015,0.00019,0.00217,-1e-05,-1e-05,-1e-05,0.12918,0.00016,-5e-05,0.00565,-2e-05,2e-05,-0,-0.00058,5e-05,-0.00094,0.00103,-0.00017,0.00012,-0
32.66,0.00522,-4e-05,0.00066,-0.00021,0.00038,0,0.00026,0.00031,9e-05,8e-05,0,1e-05,-1e-05,-0.00015,0.00021,0.00016,0.00234,-1e-05,-1e-05,-1e-05,0.1263,0.00011,-0.00068,0.00539,-3e-05,0,0,-0.00079,7e-05,-0.00104,0.00103,-0.00018,0.00013,-0
32.68,0.00587,-0.00011,0.00095,-0.00019,0.00036,0,0.00082,0.00035,0.00018,4e-05,0,1e-05,-1e-05,0.00012,0.00025,0.00012,0.00238,-1e-05,-1e-05,-1e-05,0.12206,5e-05,-0.00149,0.00499,-5e-05,-1e-05,1e-05,-0.00096,9e-05,-0.00116,0.00101,-0.00018,0.00013,-0
32.7,0.0064,-0.00016,0.00127,-0.00015,0.00032,0,0.00153,0.00039,0.00029,-8e-05,0,0,-1e-05,0.00028,0.00028,7e-05,0.00231,-1e-05,-1e-05,-1e-05,0.11635,-1e-05,-0.00241,0.00451,-8e-05,-3e-05,1e-05,-0.0011,0.00011,-0.00129,0.00098,-0.00016,0.00014,-0
32.72,0.00675,-0.0002,0.00158,-0.0001,0.00026,0,0.00241,0.00047,0.00044,-0.00029,0,0,-1e-05,0.00038,0.0003,2e-05,0.00213,-1e-05,-0,-1e-05,0.10906,-7e-05,-0.00341,0.004,-0.00011,-5e-05,2e-05,-0.00123,0.00013,-0.00143,0.00094,-0.00013,0.00014,-0
32.74,0.00695,-0.00022,0.00186,-5e-05,0.00018,0,0.0034,0.00057,0.00061,-0.00059,0,0,-0,0.00044,0.00033,-3e-05,0.00185,-1e-05,-0,-1e-05,0.10022,-9e-05,-0.0044,0.0034,-0.00015,-6e-05,2e-05,-0.00128,0.00014,-0.00155,0.00088,-9e-05,0.00013,-0
32.76,0.00704,-0.0002,0.00209,1e-05,9e-05,0,0.0044,0.00069,0.00079,-0.00098,0,0,0,0.00049,0.00035,-8e-05,0.00151,-1e-05,-1e-05,-1e-05,0.08992,-0.0001,-0.0052,0.00271,-0.00019,-8e-05,2e-05,-0.00124,0.00015,-0.00165,0.00081,-4e-05,0.00013,-0
32.78,0.00702,-0.00015,0.00223,7e-05,0,0,0.00529,0.00081,0.00098,-0.00142,0,-0,1e-05,0.00055,0.00037,-0.00014,0.00113,-1e-05,-1e-05,-1e-05,0.07834,-8e-05,-0.0058,0.00195,-0.00023,-8e-05,2e-05,-0.00112,0.00016,-0.00172,0.00073,2e-05,0.00012,-0
32.8,0.00679,-7e-05,0.00226,0.00012,-7e-05,0,0.00613,0.00093,0.00116,-0.00189,0,0,1e-05,0.00064,0.00037,-0.0002,0.00073,-1e-05,-1e-05,-1e-05,0.06577,-7e-05,-0.00617,0.00118,-0.00027,-9e-05,2e-05,-0.00093,0.00017,-0.00175,0.00064,8e-05,0.0001,-0
32.82,0.00629,2e-05,0.00216,0.00013,-0.00014,0,0.00708,0.00107,0.00131,-0.00232,0,0,1e-05,0.00079,0.00035,-0.00026,0.00034,-1e-05,-1e-05,-1e-05,0.05267,-0.0001,-0.00627,0.00042,-0.0003,-9e-05,2e-05,-0.00071,0.00018,-0.00175,0.00055,0.00013,9e-05,-0
32.84,0.00563,0.0001,0.00189,0.0001,-0.00019,0,0.00789,0.00117,0.00141,-0.00268,-0,1e-05,2e-05,0.001,0.00031,-0.00031,-1e-05,-1e-05,-1e-05,-1e-05,0.03962,-0.00014,-0.00618,-0.00029,-0.00032,-8e-05,1e-05,-0.00047,0.0002,-0.00171,0.00045,0.00018,7e-05,-0
32.86,0.0049,0.00015,0.00143,6e-05,-0.00021,0,0.00839,0.00121,0.00143,-0.00295,-0,2e-05,2e-05,0.00124,0.00027,-0.00038,-0.0003,-1e-05,-1e-05,-1e-05,0.02701,-0.00019,-0.00599,-0.00094,-0.00034,-8e-05,1e-05,-0.00025,0.00023,-0.00165,0.00036,0.00021,5e-05,-0
32.88,0.00413,0.00018,0.00079,1e-05,-0.00021,0,0.00863,0.00118,0.00139,-0.00314,-0,3e-05,2e-05,0.00152,0.00021,-0.00047,-0.00055,-1e-05,-1e-05,-0,0.01514,-0.00023,-0.00573,-0.00149,-0.00035,-7e-05,1e-05,-8e-05,0.00026,-0.00155,0.00028,0.00022,2e-05,-0
32.9,0.00332,0.00019,3e-05,-5e-05,-0.00021,0,0.00871,0.00109,0.00127,-0.00322,-0,4e-05,3e-05,0.00184,0.00013,-0.00054,-0.00075,-1e-05,-1e-05,-0,0.00434,-0.00029,-0.0054,-0.00194,-0.00036,-6e-05,1e-05,1e-05,0.00029,-0.00142,0.0002,0.00023,0,-0
32.92,0.00251,0.00018,-0.00075,-0.00012,-0.00021,0,0.00872,0.00094,0.00109,-0.0032,-0,6e-05,3e-05,0.00218,5e-05,-0.00058,-0.0009,-0,-0,-0,-0.00503,-0.00041,-0.00501,-0.00227,-0.00036,-5e-05,1e-05,-2e-05,0.00032,-0.00125,0.00012,0.00022,-1e-05,-0
32.94,0.00177,0.00016,-0.00149,-0.00018,-0.00022,0,0.00864,0.00076,0.00091,-0.00309,-0,7e-05,3e-05,0.0025,-3e-05,-0.00059,-0.00101,-0,0,-0,-0.01276,-0.00054,-0.00462,-0.00246,-0.00035,-3e-05,1e-05,-0.00017,0.00033,-0.00104,6e-05,0.00021,-2e-05,-0
32.96,0.00113,0.00014,-0.00211,-0.00024,-0.00024,0,0.00843,0.00058,0.00078,-0.00291,-0,9e-05,3e-05,0.00274,-8e-05,-0.00058,-0.00108,-0,1e-05,0,-0.01888,-0.00066,-0.00424,-0.00252,-0.00034,-2e-05,0,-0.00044,0.00034,-0.00081,1e-05,0.00019,-2e-05,-0
32.98,0.00059,0.00011,-0.00255,-0.00029,-0.00027,0,0.00814,0.00043,0.00071,-0.00266,-0,0.0001,3e-05,0.00289,-0.00011,-0.00054,-0.00112,0,2e-05,0,-0.02358,-0.00076,-0.00387,-0.00246,-0.00032,-1e-05,0,-0.00083,0.00034,-0.00057,-4e-05,0.00016,-1e-05,-0
33,0.00017,8e-05,-0.00277,-0.00031,-0.0003,0,0.00765,0.0003,0.00068,-0.00239,-0,0.0001,3e-05,0.00292,-0.00012,-0.00047,-0.00112,0,3e-05,1e-05,-0.02709,-0.00084,-0.00348,-0.00231,-0.0003,0,0,-0.00132,0.00033,-0.00035,-9e-05,0.00013,-0,-0
33.02,-0.00014,5e-05,-0.00278,-0.00031,-0.00033,0,0.00686,0.0002,0.00062,-0.00215,-0,0.00011,3e-05,0.00284,-0.00011,-0.00038,-0.00109,1e-05,4e-05,1e-05,-0.0297,-0.0009,-0.00304,-0.00211,-0.00028,1e-05,-0,-0.0019,0.00031,-0.00015,-0.00015,0.0001,1e-05,-0
33.04,-0.00035,2e-05,-0.00259,-0.00028,-0.0003,0,0.00597,0.00013,0.00052,-0.00191,0,0.0001,2e-05,0.00265,-9e-05,-0.00028,-0.00105,1e-05,5e-05,1e-05,-0.03167,-0.00093,-0.00257,-0.00187,-0.00026,3e-05,-0,-0.00256,0.00028,-2e-05,-0.00022,7e-05,3e-05,-0
33.06,-0.00048,-1e-05,-0.00223,-0.00025,-0.00024,0,0.00509,9e-05,0.0004,-0.00165,0,0.0001,1e-05,0.00239,-5e-05,-0.00018,-0.00098,1e-05,5e-05,2e-05,-0.03325,-0.00091,-0.00208,-0.00162,-0.00025,4e-05,-1e-05,-0.00329,0.00026,6e-05,-0.00031,5e-05,4e-05,-0
33.08,-0.00053,-4e-05,-0.00175,-0.00022,-0.00017,0,0.00423,7e-05,0.00022,-0.00139,-0,9e-05,0,0.00209,0,-9e-05,-0.00091,1e-05,6e-05,2e-05,-0.03455,-0.00084,-0.00165,-0.00138,-0.00023,5e-05,-1e-05,-0.00409,0.00023,8e-05,-0.00042,2e-05,5e-05,-0
33.1,-0.00054,-7e-05,-0.00123,-0.00019,-9e-05,0,0.00337,6e-05,-3e-05,-0.00115,-0,7e-05,-1e-05,0.00176,5e-05,-3e-05,-0.00084,2e-05,6e-05,2e-05,-0.0356,-0.00075,-0.00132,-0.00116,-0.00022,5e-05,-1e-05,-0.00494,0.0002,6e-05,-0.00053,0,6e-05,-0
33.12,-0.00052,-9e-05,-0.00074,-0.00016,-1e-05,0,0.00252,6e-05,-0.00027,-0.00095,-0,6e-05,-1e-05,0.0014,7e-05,1e-05,-0.00078,2e-05,6e-05,2e-05,-0.03636,-0.00066,-0.00117,-0.00096,-0.00021,6e-05,-1e-05,-0.00579,0.00016,1e-05,-0.00064,-1e-05,6e-05,-0
33.14,-0.00047,-0.00012,-0.00029,-0.00013,6e-05,0,0.00176,7e-05,-0.00041,-0.00076,0,5e-05,-2e-05,0.00107,8e-05,2e-05,-0.00072,1e-05,5e-05,2e-05,-0.0368,-0.00059,-0.00126,-0.00079,-0.0002,6e-05,-2e-05,-0.00663,0.00013,-5e-05,-0.00075,-2e-05,6e-05,-0
33.16,-0.0004,-0.00015,9e-05,-0.0001,0.00011,0,0.00109,9e-05,-0.00048,-0.00057,1e-05,5e-05,-3e-05,0.0008,9e-05,2e-05,-0.00067,1e-05,5e-05,2e-05,-0.03688,-0.00054,-0.00156,-0.00066,-0.0002,5e-05,-1e-05,-0.00745,9e-05,-0.00011,-0.00085,-3e-05,4e-05,-0
33.18,-0.00032,-0.00019,0.00036,-8e-05,0.00014,0,0.00047,0.00011,-0.0005,-0.00037,1e-05,5e-05,-3e-05,0.00056,0.0001,2e-05,-0.00061,1e-05,5e-05,2e-05,-0.0366,-0.00051,-0.00198,-0.00054,-0.0002,4e-05,-1e-05,-0.00821,6e-05,-0.00017,-0.00093,-4e-05,2e-05,-0
33.2,-0.00024,-0.00024,0.00055,-6e-05,0.00015,0,-0.00012,0.00013,-0.00047,-0.00017,2e-05,5e-05,-3e-05,0.00036,0.00011,1e-05,-0.00056,1e-05,4e-05,2e-05,-0.03599,-0.00047,-0.00243,-0.00042,-0.00019,3e-05,-1e-05,-0.00888,3e-05,-0.00022,-0.00098,-4e-05,0,0
33.22,-0.00015,-0.0003,0.00064,-4e-05,0.00014,0,-0.00068,0.00016,-0.00044,5e-05,2e-05,6e-05,-3e-05,0.00018,0.00011,-0,-0.00051,1e-05,4e-05,1e-05,-0.03511,-0.0004,-0.00288,-0.00029,-0.00018,2e-05,-0,-0.00943,1e-05,-0.00028,-0.00101,-4e-05,-2e-05,0
33.24,-8e-05,-0.00039,0.00067,-2e-05,0.00012,0,-0.00121,0.00017,-0.00039,0.00031,3e-05,8e-05,-3e-05,2e-05,0.00011,-1e-05,-0.00045,1e-05,3e-05,1e-05,-0.03396,-0.00027,-0.00318,-0.00012,-0.00016,1e-05,-0,-0.00984,-0,-0.00034,-0.00101,-4e-05,-5e-05,0
33.26,-2e-05,-0.00049,0.00065,-1e-05,0.0001,0,-0.00171,0.00016,-0.00033,0.00061,3e-05,0.0001,-2e-05,-0.00012,0.00011,-1e-05,-0.00038,1e-05,3e-05,1e-05,-0.03254,-7e-05,-0.00321,8e-05,-0.00014,0,0,-0.01009,0,-0.0004,-0.00099,-4e-05,-8e-05,1e-05
33.28,-0,-0.0006,0.0006,-0,7e-05,0,-0.0022,0.00013,-0.00026,0.00093,3e-05,0.00012,-2e-05,-0.00026,0.00011,-1e-05,-0.00029,1e-05,3e-05,1e-05,-0.03092,0.0002,-0.00301,0.00032,-0.0001,-0,0,-0.01019,2e-05,-0.00046,-0.00095,-4e-05,-0.0001,1e-05
33.3,-1e-05,-0.00073,0.00055,0,4e-05,0,-0.00265,8e-05,-0.0002,0.00128,3e-05,0.00015,-1e-05,-0.00039,0.00012,-0,-0.0002,0,3e-05,0,-0.0292,0.00053,-0.00259,0.00057,-6e-05,-0,0,-0.01013,5e-05,-0.00052,-0.00088,-4e-05,-0.00012,1e-05
33.32,-5e-05,-0.00085,0.00052,-0,2e-05,0,-0.00302,1e-05,-0.00016,0.00165,2e-05,0.00017,-1e-05,-0.00052,0.00012,-0,-9e-05,0,3e-05,0,-0.02747,0.00089,-0.002,0.00079,-2e-05,-0,0,-0.00994,8e-05,-0.00057,-0.00081,-3e-05,-0.00013,1e-05
33.34,-0.00012,-0.00096,0.0005,-1e-05,0,0,-0.00333,-8e-05,-0.00012,0.002,2e-05,0.00019,-0,-0.00063,0.00013,-0,3e-05,0,2e-05,-0,-0.02578,0.00125,-0.00138,0.00098,3e-05,-0,0,-0.00964,0.00013,-0.0006,-0.00073,-3e-05,-0.00014,1e-05
33.36,-0.00021,-0.00104,0.00052,-3e-05,-1e-05,0,-0.00358,-0.00018,-0.0001,0.00233,1e-05,0.0002,1e-05,-0.00075,0.00014,-0,0.00015,0,2e-05,-0,-0.02416,0.00157,-0.00079,0.00111,9e-05,-0,-0,-0.00923,0.00017,-0.00061,-0.00064,-2e-05,-0.00014,1e-05
33.38,-0.0003,-0.00109,0.00056,-5e-05,-1e-05,0,-0.00378,-0.00029,-8e-05,0.00261,1e-05,0.0002,1e-05,-0.00086,0.00015,-0,0.00026,0,1e-05,-0,-0.02262,0.00184,-0.00026,0.00118,0.00014,-0,-0,-0.00873,0.00023,-0.00059,-0.00056,-2e-05,-0.00014,1e-05
33.4,-0.00038,-0.00108,0.00065,-7e-05,-1e-05,0,-0.0039,-0.00038,-6e-05,0.00284,0,0.00018,2e-05,-0.00095,0.00015,-0,0.00035,-0,-0,-0,-0.02117,0.00205,0.00021,0.0012,0.00019,0,-0,-0.00813,0.00028,-0.00056,-0.00048,-1e-05,-0.00012,1e-05
33.42,-0.00044,-0.00103,0.00076,-9e-05,-1e-05,0,-0.00391,-0.00044,-5e-05,0.00299,-0,0.00016,2e-05,-0.001,0.00014,0,0.00041,-0,-1e-05,-0,-0.01982,0.0022,0.00064,0.00117,0.00024,1e-05,-1e-05,-0.00745,0.00033,-0.0005,-0.0004,-1e-05,-0.00011,1e-05
33.44,-0.00049,-0.00094,0.00092,-0.0001,-1e-05,0,-0.00384,-0.00046,-5e-05,0.00308,-0,0.00014,2e-05,-0.001,0.00014,0,0.00043,-0,-1e-05,-0,-0.01853,0.00229,0.00103,0.00109,0.00028,1e-05,-1e-05,-0.00671,0.00037,-0.00042,-0.00034,-1e-05,-9e-05,1e-05
33.46,-0.00053,-0.00082,0.0011,-0.0001,-1e-05,0,-0.00371,-0.00047,-5e-05,0.00308,0,0.00012,2e-05,-0.00094,0.00014,1e-05,0.00038,-0,-1e-05,-0,-0.01727,0.00232,0.00137,0.00099,0.00031,2e-05,-1e-05,-0.00593,0.00041,-0.00033,-0.00028,-0,-8e-05,1e-05
33.48,-0.00054,-0.00068,0.00131,-9e-05,-1e-05,0,-0.00353,-0.00046,-5e-05,0.00303,0,0.0001,2e-05,-0.00081,0.00013,1e-05,0.00028,-0,-0,-0,-0.01599,0.00229,0.00165,0.00086,0.00033,3e-05,-2e-05,-0.00513,0.00043,-0.00024,-0.00023,-0,-6e-05,0
33.5,-0.00053,-0.00051,0.00153,-7e-05,-2e-05,0,-0.00332,-0.00045,-6e-05,0.00294,0,9e-05,1e-05,-0.00063,0.00013,3e-05,0.00014,-0,-0,-0,-0.01468,0.00219,0.00184,0.00072,0.00034,4e-05,-2e-05,-0.00438,0.00044,-0.00014,-0.0002,-0,-4e-05,0
33.52,-0.00048,-0.00032,0.00177,-5e-05,-3e-05,0,-0.00315,-0.00044,-7e-05,0.00282,1e-05,8e-05,1e-05,-0.0004,0.00014,4e-05,-4e-05,-0,-0,-0,-0.01332,0.00202,0.00189,0.00058,0.00033,4e-05,-2e-05,-0.00373,0.00043,-5e-05,-0.00019,-0,-3e-05,0
33.54,-0.00037,-0.00012,0.00199,-3e-05,-4e-05,0,-0.003,-0.00045,-8e-05,0.00271,1e-05,6e-05,0,-0.00011,0.00014,6e-05,-0.00022,-0,-0,-1e-05,-0.01188,0.00179,0.00181,0.00046,0.00031,5e-05,-3e-05,-0.00324,0.0004,3e-05,-0.0002,0,-1e-05,0
33.56,-0.00021,8e-05,0.00218,-1e-05,-3e-05,0,-0.00284,-0.00048,-0.0001,0.00263,0,4e-05,-0,0.00023,0.00014,8e-05,-0.0004,-0,-0,-1e-05,-0.01037,0.00152,0.00162,0.00036,0.00028,5e-05,-3e-05,-0.00292,0.00036,9e-05,-0.00024,0,-0,0
33.58,0,0.00029,0.00231,-0,-3e-05,0,-0.0027,-0.00052,-0.00013,0.00257,0,1e-05,-1e-05,0.00061,0.00014,0.0001,-0.00054,-0,-0,-1e-05,-0.00884,0.00122,0.00136,0.00028,0.00023,5e-05,-3e-05,-0.00275,0.00031,0.00014,-0.00031,0,1e-05,-0
33.6,0.00025,0.00048,0.00235,-1e-05,-0,0,-0.00257,-0.00058,-0.00017,0.00253,-0,-1e-05,-1e-05,0.00102,0.00014,0.00012,-0.0006,-0,-0,-1e-05,-0.00737,0.00091,0.0011,0.0002,0.00019,5e-05,-3e-05,-0.00268,0.00026,0.00017,-0.00038,0,2e-05,-0
33.62,0.00049,0.00065,0.0023,-1e-05,2e-05,0,-0.00242,-0.00064,-0.00019,0.00251,0,-4e-05,-2e-05,0.00149,0.00013,0.00013,-0.00055,-0,-0,-1e-05,-0.00605,0.00064,0.00091,0.00013,0.00014,5e-05,-2e-05,-0.00263,0.00021,0.0002,-0.00046,0,2e-05,-0
33.64,0.0007,0.00078,0.00212,-3e-05,5e-05,0,-0.00228,-0.00071,-0.00021,0.0025,1e-05,-5e-05,-2e-05,0.00198,0.00011,0.00014,-0.00036,-0,-0,-1e-05,-0.00496,0.00043,0.00081,6e-05,0.0001,5e-05,-2e-05,-0.00253,0.00016,0.00023,-0.00053,0,3e-05,-0
33.66,0.00086,0.00088,0.00181,-4e-05,8e-05,0,-0.00217,-0.00079,-0.00023,0.00248,2e-05,-6e-05,-2e-05,0.00244,0.0001,0.00016,-2e-05,-0,-0,-1e-05,-0.00411,0.00031,0.00082,-3e-05,7e-05,5e-05,-2e-05,-0.0023,0.00013,0.00024,-0.00058,0,3e-05,-0
33.68,0.00099,0.00094,0.0014,-6e-05,0.00011,0,-0.00208,-0.00087,-0.00023,0.00245,3e-05,-6e-05,-2e-05,0.00285,8e-05,0.00018,0.00048,-0,-0,-1e-05,-0.00344,0.00027,0.00093,-0.00013,5e-05,4e-05,-2e-05,-0.00189,0.00012,0.00026,-0.00061,0,4e-05,-0
33.7,0.00105,0.00096,0.00089,-7e-05,0.00011,0,-0.00202,-0.00093,-0.00022,0.0024,4e-05,-6e-05,-2e-05,0.00317,7e-05,0.0002,0.00108,-0,-0,-0,-0.00285,0.00028,0.00114,-0.00023,3e-05,4e-05,-2e-05,-0.00128,0.00011,0.00028,-0.00059,0,4e-05,-0
33.72,0.00106,0.00093,0.0003,-9e-05,9e-05,0,-0.00201,-0.00093,-0.00021,0.00234,4e-05,-6e-05,-2e-05,0.0034,7e-05,0.00021,0.00173,-0,-0,-0,-0.00221,0.00033,0.0014,-0.00032,3e-05,4e-05,-2e-05,-0.00046,0.00011,0.00031,-0.00052,0,4e-05,-0
33.74,0.00101,0.00086,-0.0003,-0.0001,8e-05,0,-0.00201,-0.00089,-0.00019,0.00226,4e-05,-5e-05,-2e-05,0.00353,9e-05,0.00021,0.00237,-0,-0,0,-0.00138,0.00038,0.00166,-0.0004,4e-05,3e-05,-1e-05,0.00057,0.00012,0.00034,-0.00041,-0,4e-05,-0
33.76,0.00093,0.00076,-0.00087,-0.0001,7e-05,0,-0.00203,-0.00083,-0.00017,0.00217,3e-05,-4e-05,-2e-05,0.00354,0.00012,0.0002,0.00294,-0,-0,0,-0.00027,0.00041,0.00189,-0.00046,5e-05,3e-05,-1e-05,0.00175,0.00013,0.00038,-0.00025,-0,4e-05,-0
33.78,0.00082,0.00064,-0.00135,-0.00011,6e-05,-0,-0.00204,-0.00072,-0.00015,0.00208,3e-05,-4e-05,-2e-05,0.00345,0.00016,0.00019,0.00339,-0,-0,1e-05,0.00117,0.00042,0.00205,-0.00051,6e-05,2e-05,-1e-05,0.00302,0.00014,0.00043,-6e-05,-0,4e-05,-0
33.8,0.00069,0.00051,-0.00173,-0.00011,6e-05,-0,-0.00203,-0.00061,-0.00013,0.00197,2e-05,-3e-05,-2e-05,0.0033,0.0002,0.00016,0.00369,-0,0,1e-05,0.00295,0.00038,0.00211,-0.00055,7e-05,2e-05,-1e-05,0.00427,0.00014,0.00049,0.00016,-0,4e-05,-0
33.82,0.00056,0.00039,-0.00197,-0.00011,5e-05,-0,-0.00199,-0.00051,-0.00011,0.00186,1e-05,-3e-05,-2e-05,0.00311,0.00023,0.00012,0.00383,-0,0,1e-05,0.00503,0.00029,0.00204,-0.00059,9e-05,1e-05,-0,0.00539,0.00013,0.00056,0.00037,-0,3e-05,-0
33.84,0.00042,0.00027,-0.00208,-0.00012,5e-05,-0,-0.0019,-0.00041,-0.0001,0.00173,1e-05,-3e-05,-2e-05,0.0029,0.00026,9e-05,0.00381,0,1e-05,1e-05,0.00736,0.00016,0.00186,-0.00063,0.0001,-0,-0,0.00629,0.00011,0.00064,0.00056,0,2e-05,-0
33.86,0.00028,0.00018,-0.00207,-0.00012,5e-05,-0,-0.00179,-0.0003,-9e-05,0.00158,0,-2e-05,-2e-05,0.00267,0.00027,5e-05,0.00363,0,2e-05,1e-05,0.00988,-2e-05,0.00156,-0.00068,0.00011,-1e-05,0,0.00692,9e-05,0.00073,0.00072,0,1e-05,-0
33.88,0.00015,0.0001,-0.00195,-0.00012,4e-05,-0,-0.00163,-0.00019,-7e-05,0.00143,0,-2e-05,-2e-05,0.00242,0.00027,2e-05,0.00334,0,3e-05,0,0.01252,-0.0002,0.0012,-0.00073,0.00011,-2e-05,1e-05,0.00723,7e-05,0.00083,0.00083,0,-0,-0
33.9,2e-05,5e-05,-0.00177,-0.00012,4e-05,-0,-0.00146,-0.00011,-6e-05,0.00126,-0,-1e-05,-1e-05,0.00216,0.00026,-1e-05,0.00298,0,4e-05,0,0.01516,-0.00038,0.00086,-0.00078,0.00011,-3e-05,1e-05,0.00722,4e-05,0.00094,0.00089,-0,-2e-05,0
33.92,-0.00011,2e-05,-0.00155,-0.00012,4e-05,-0,-0.00132,-6e-05,-5e-05,0.00108,-0,-0,-1e-05,0.00186,0.00024,-3e-05,0.00259,0,5e-05,0,0.01766,-0.0005,0.00065,-0.00083,0.00011,-3e-05,1e-05,0.00687,2e-05,0.00108,0.0009,-1e-05,-4e-05,0
33.94,-0.00022,0,-0.00131,-0.00011,4e-05,-0,-0.00119,-1e-05,-5e-05,0.00089,-0,0,-1e-05,0.00155,0.00021,-4e-05,0.00219,0,6e-05,0,0.0199,-0.00055,0.00062,-0.00087,0.0001,-3e-05,1e-05,0.00623,-0,0.00123,0.00085,-2e-05,-7e-05,0
33.96,-0.00031,-1e-05,-0.00107,-0.0001,4e-05,-0,-0.00104,3e-05,-4e-05,0.0007,-0,0,-1e-05,0.00123,0.00017,-4e-05,0.00182,0,6e-05,-0,0.02181,-0.00053,0.00082,-0.00088,9e-05,-3e-05,1e-05,0.00535,-2e-05,0.0014,0.00074,-4e-05,-0.0001,0
33.98,-0.00037,-0,-0.00082,-9e-05,3e-05,-0,-0.00089,6e-05,-4e-05,0.0005,-0,1e-05,-1e-05,0.00091,0.00013,-3e-05,0.00149,0,6e-05,0,0.02337,-0.00047,0.00126,-0.00087,8e-05,-2e-05,1e-05,0.00432,-3e-05,0.0016,0.00059,-7e-05,-0.00013,1e-05
34,-0.00039,-0,-0.0006,-7e-05,3e-05,-0,-0.00076,8e-05,-3e-05,0.0003,-0,1e-05,-0,0.00057,9e-05,-3e-05,0.00119,0,6e-05,0,0.02456,-0.00038,0.00186,-0.00082,6e-05,-1e-05,0,0.00325,-3e-05,0.00181,0.0004,-0.00011,-0.00016,1e-05
34.02,-0.00038,0,-0.0004,-6e-05,3e-05,-0,-0.00066,0.00011,-3e-05,0.0001,-0,1e-05,-0,0.00021,5e-05,-2e-05,0.00094,0,6e-05,0,0.02539,-0.0003,0.00245,-0.00073,4e-05,-1e-05,0,0.00222,-3e-05,0.00202,0.0002,-0.00015,-0.0002,1e-05
34.04,-0.00036,-0,-0.00022,-4e-05,3e-05,-0,-0.00059,0.00013,-3e-05,-9e-05,-0,1e-05,0,-0.00013,1e-05,-1e-05,0.00072,0,5e-05,0,0.02586,-0.00024,0.00293,-0.00062,0,0,-0,0.00131,-2e-05,0.00222,1e-05,-0.0002,-0.00022,1e-05
34.06,-0.00033,-2e-05,-6e-05,-3e-05,2e-05,-0,-0.00051,0.00016,-3e-05,-0.00029,-0,0,0,-0.00047,-3e-05,0,0.00054,0,3e-05,0,0.02594,-0.0002,0.00327,-0.00049,-4e-05,1e-05,-0,0.00059,-2e-05,0.00241,-0.00017,-0.00024,-0.00024,1e-05
34.08,-0.0003,-4e-05,8e-05,-1e-05,1e-05,-0,-0.00043,0.00018,-3e-05,-0.00049,-0,-0,1e-05,-0.00083,-7e-05,1e-05,0.00037,-0,1e-05,-0,0.02555,-0.00016,0.00343,-0.00037,-0.0001,1e-05,-0,8e-05,-1e-05,0.00257,-0.0003,-0.00027,-0.00025,1e-05
34.1,-0.00028,-8e-05,0.00019,-0,0,-0,-0.00035,0.0002,-3e-05,-0.00069,-0,-1e-05,1e-05,-0.0012,-0.0001,2e-05,0.00021,-0,-1e-05,-0,0.02459,-0.00013,0.00349,-0.00026,-0.00016,1e-05,-0,-0.0002,0,0.00265,-0.00038,-0.00029,-0.00024,1e-05
34.12,-0.00028,-0.00013,0.00028,1e-05,-2e-05,0,-0.00027,0.00021,-2e-05,-0.0009,-0,-1e-05,1e-05,-0.00156,-0.00011,2e-05,5e-05,-0,-2e-05,-0,0.02294,-0.00011,0.00354,-0.0002,-0.00023,1e-05,-0,-0.00032,1e-05,0.00263,-0.00039,-0.00029,-0.0002,1e-05
34.14,-0.0003,-0.00019,0.00035,1e-05,-5e-05,0,-0.00017,0.00022,-1e-05,-0.00111,-0,-1e-05,1e-05,-0.00193,-0.0001,3e-05,-0.00013,-0,-3e-05,-0,0.02047,-8e-05,0.00365,-0.00019,-0.0003,1e-05,-0,-0.00035,2e-05,0.00252,-0.00033,-0.00027,-0.00015,1e-05
34.16,-0.00033,-0.00027,0.0004,1e-05,-9e-05,0,-5e-05,0.00023,1e-05,-0.00133,-0,-1e-05,1e-05,-0.00234,-0.0001,4e-05,-0.00033,-0,-4e-05,0,0.01709,-5e-05,0.00383,-0.00023,-0.00036,2e-05,-0,-0.00041,3e-05,0.00235,-0.00021,-0.00022,-8e-05,1e-05
34.18,-0.00038,-0.00036,0.00043,1e-05,-0.00014,0,8e-05,0.00024,3e-05,-0.00156,-0,-1e-05,2e-05,-0.00279,-0.0001,4e-05,-0.00057,-0,-5e-05,0,0.01276,-2e-05,0.00411,-0.00033,-0.00042,2e-05,-0,-0.00056,3e-05,0.00214,-6e-05,-0.00015,-1e-05,0
34.2,-0.00043,-0.00045,0.00045,1e-05,-0.00019,0,0.00024,0.00024,6e-05,-0.00178,-0,-1e-05,2e-05,-0.00324,-0.0001,5e-05,-0.00084,-0,-5e-05,0,0.00753,-1e-05,0.00439,-0.00045,-0.00045,2e-05,-0,-0.00081,4e-05,0.0019,0.00011,-6e-05,7e-05,-0
34.22,-0.00046,-0.00053,0.00046,0,-0.00026,0,0.00046,0.00024,0.00013,-0.00199,-0,-1e-05,2e-05,-0.00359,-4e-05,6e-05,-0.00117,-0,-5e-05,0,0.00157,0,0.00453,-0.00059,-0.00047,2e-05,-0,-0.0011,5e-05,0.00165,0.00029,5e-05,0.00014,-1e-05
34.24,-0.00046,-0.00061,0.00045,-0,-0.00031,0,0.00076,0.00022,0.0002,-0.00217,-0,-0,2e-05,-0.00386,3e-05,7e-05,-0.00153,-0,-4e-05,1e-05,-0.0049,-0,0.00451,-0.00071,-0.00047,1e-05,-0,-0.00133,6e-05,0.00139,0.00048,0.00016,0.00019,-2e-05
34.26,-0.00042,-0.00067,0.00043,-1e-05,-0.00034,0,0.00111,0.0002,0.00026,-0.00234,-0,0,2e-05,-0.00407,8e-05,9e-05,-0.00191,-0,-3e-05,1e-05,-0.01171,-1e-05,0.0043,-0.00081,-0.00046,1e-05,-0,-0.0014,6e-05,0.0011,0.00066,0.00027,0.00023,-2e-05
34.28,-0.00034,-0.00071,0.00039,-2e-05,-0.00037,0,0.00149,0.00017,0.0003,-0.0025,0,1e-05,2e-05,-0.00417,0.00014,0.0001,-0.00229,-0,-3e-05,1e-05,-0.01864,-2e-05,0.00389,-0.00085,-0.00043,1e-05,0,-0.00119,7e-05,0.00078,0.00083,0.00038,0.00025,-2e-05
34.3,-0.00021,-0.00074,0.00036,-3e-05,-0.00039,0,0.00194,0.00012,0.00033,-0.00263,0,2e-05,2e-05,-0.00417,0.00016,0.00013,-0.00263,-0,-2e-05,1e-05,-0.02545,-3e-05,0.00327,-0.00085,-0.00039,0,0,-0.00066,7e-05,0.00045,0.00095,0.00046,0.00025,-2e-05
34.32,-4e-05,-0.00075,0.00033,-3e-05,-0.00041,0,0.00249,7e-05,0.00038,-0.00273,0,2e-05,1e-05,-0.00409,0.00013,0.00015,-0.00289,-0,-2e-05,0,-0.0319,-2e-05,0.00251,-0.00079,-0.00035,-0,1e-05,0.00022,8e-05,0.00013,0.00102,0.00052,0.00024,-2e-05
34.34,0.00015,-0.00075,0.00031,-4e-05,-0.00042,0,0.00311,1e-05,0.00041,-0.0028,0,2e-05,1e-05,-0.00391,9e-05,0.00017,-0.00305,-0,-2e-05,0,-0.03782,-1e-05,0.00164,-0.00069,-0.00031,-1e-05,1e-05,0.00142,8e-05,-0.00017,0.00103,0.00054,0.00021,-2e-05
34.36,0.00033,-0.00073,0.00028,-4e-05,-0.00043,0,0.00372,-3e-05,0.00041,-0.00283,0,2e-05,1e-05,-0.00362,6e-05,0.00019,-0.0031,-0,-1e-05,0,-0.04317,0,0.00071,-0.00057,-0.00027,-2e-05,1e-05,0.00289,8e-05,-0.00042,0.00095,0.00052,0.00017,-2e-05
34.38,0.0005,-0.0007,0.00024,-3e-05,-0.00043,0,0.00431,-6e-05,0.00038,-0.00281,0,2e-05,1e-05,-0.00321,5e-05,0.00021,-0.00304,-0,-1e-05,-0,-0.04802,2e-05,-0.00019,-0.00045,-0.00023,-3e-05,1e-05,0.0045,8e-05,-0.0006,0.00081,0.00046,0.00013,-2e-05
34.4,0.00062,-0.00067,0.0002,-2e-05,-0.00044,0,0.00489,-9e-05,0.00034,-0.00274,-0,1e-05,1e-05,-0.00276,3e-05,0.00023,-0.00288,0,-1e-05,-0,-0.05252,3e-05,-0.001,-0.00036,-0.00018,-3e-05,1e-05,0.00614,8e-05,-0.00071,0.00063,0.00038,9e-05,-1e-05
34.42,0.00065,-0.00063,0.00016,-0,-0.00044,0,0.00547,-0.00011,0.00029,-0.00262,-0,1e-05,1e-05,-0.00238,0,0.00023,-0.00264,0,-1e-05,-0,-0.05685,3e-05,-0.00165,-0.00032,-0.00014,-4e-05,2e-05,0.00765,7e-05,-0.00073,0.00042,0.0003,6e-05,-1e-05
34.44,0.0006,-0.00059,0.00011,2e-05,-0.00042,0,0.00599,-0.00012,0.00025,-0.00244,-0,1e-05,1e-05,-0.002,-1e-05,0.00023,-0.00235,-0,-1e-05,-1e-05,-0.06105,3e-05,-0.00209,-0.00037,-9e-05,-4e-05,2e-05,0.00893,7e-05,-0.00067,0.00022,0.00022,3e-05,-0
34.46,0.00051,-0.00056,6e-05,4e-05,-0.00039,0,0.0064,-0.00012,0.0002,-0.00223,-0,1e-05,1e-05,-0.00157,-2e-05,0.00022,-0.00203,-0,-1e-05,-1e-05,-0.06511,3e-05,-0.00228,-0.0005,-3e-05,-4e-05,1e-05,0.0099,6e-05,-0.00053,5e-05,0.00016,1e-05,-0
34.48,0.0004,-0.00052,-1e-05,7e-05,-0.00035,0,0.00672,-0.00013,0.00015,-0.00201,-0,1e-05,1e-05,-0.00113,-3e-05,0.0002,-0.00171,-0,-0,-1e-05,-0.06891,2e-05,-0.00221,-0.00069,2e-05,-4e-05,1e-05,0.01057,5e-05,-0.00033,-0.0001,0.00011,-1e-05,0
34.5,0.0003,-0.00049,-9e-05,9e-05,-0.00031,0,0.00694,-0.00013,0.0001,-0.00182,-0,2e-05,1e-05,-0.00075,-5e-05,0.00018,-0.00141,0,-0,-0,-0.07217,1e-05,-0.00191,-0.0009,8e-05,-3e-05,1e-05,0.01094,4e-05,-0.0001,-0.0002,6e-05,-2e-05,0
34.52,0.00021,-0.00046,-0.00016,0.00012,-0.00026,0,0.00706,-0.0001,6e-05,-0.00169,-0,3e-05,1e-05,-0.00045,-6e-05,0.00016,-0.00119,0,-0,-0,-0.07454,-2e-05,-0.00143,-0.00111,0.00013,-2e-05,1e-05,0.01102,4e-05,0.00014,-0.00027,3e-05,-2e-05,0
34.54,0.00015,-0.00042,-0.00024,0.00014,-0.00022,0,0.00713,-5e-05,4e-05,-0.00164,-0,4e-05,1e-05,-0.0002,-7e-05,0.00013,-0.00103,0,0,-0,-0.07583,-4e-05,-0.00084,-0.00126,0.00018,-1e-05,0,0.01089,3e-05,0.00037,-0.00031,-0,-1e-05,0
34.56,8e-05,-0.00039,-0.00031,0.00017,-0.00017,0,0.00715,1e-05,2e-05,-0.00166,0,5e-05,1e-05,-0,-9e-05,0.0001,-0.00094,0,0,0,-0.076,-7e-05,-0.0002,-0.00134,0.00021,-0,-0,0.01058,2e-05,0.00057,-0.00034,-3e-05,0,0
34.58,-0,-0.00036,-0.00038,0.00018,-0.00014,0,0.00713,8e-05,0,-0.00173,0,6e-05,1e-05,0.00012,-9e-05,8e-05,-0.00091,-0,0,0,-0.07517,-8e-05,0.00042,-0.00136,0.00024,1e-05,-1e-05,0.01016,2e-05,0.00074,-0.00035,-7e-05,2e-05,-0
34.6,-0.00012,-0.00033,-0.00045,0.0002,-0.0001,0,0.0071,0.00015,-0,-0.00181,0,7e-05,1e-05,0.0002,-9e-05,6e-05,-0.00091,-0,0,0,-0.07362,-0.0001,0.00095,-0.00132,0.00026,2e-05,-1e-05,0.00969,2e-05,0.00086,-0.00035,-0.00011,4e-05,-0
34.62,-0.00031,-0.00029,-0.0005,0.0002,-8e-05,0,0.00707,0.0002,-0,-0.00184,1e-05,8e-05,1e-05,0.00024,-9e-05,4e-05,-0.00092,-0,1e-05,1e-05,-0.07171,-0.00011,0.00133,-0.00126,0.00027,2e-05,-2e-05,0.00921,1e-05,0.00093,-0.00034,-0.00014,5e-05,-0
34.64,-0.00056,-0.00024,-0.00054,0.0002,-5e-05,0,0.00698,0.00026,0,-0.00179,1e-05,9e-05,1e-05,0.00025,-8e-05,3e-05,-0.00093,-0,1e-05,1e-05,-0.06979,-0.00011,0.00152,-0.0012,0.00028,3e-05,-2e-05,0.00877,1e-05,0.00095,-0.00034,-0.00017,7e-05,-1e-05
34.66,-0.00086,-0.0002,-0.00055,0.00019,-3e-05,0,0.00684,0.00031,1e-05,-0.00167,2e-05,9e-05,1e-05,0.00024,-7e-05,2e-05,-0.00091,-0,1e-05,1e-05,-0.06809,-0.00013,0.00154,-0.00116,0.00027,3e-05,-2e-05,0.00838,1e-05,0.00094,-0.00033,-0.0002,8e-05,-1e-05
34.68,-0.0012,-0.00015,-0.00054,0.00018,-1e-05,0,0.00666,0.00035,1e-05,-0.00147,3e-05,8e-05,1e-05,0.0002,-5e-05,1e-05,-0.00087,-0,1e-05,1e-05,-0.06676,-0.00014,0.00142,-0.00114,0.00027,3e-05,-2e-05,0.00805,1e-05,0.00088,-0.00033,-0.00023,9e-05,-1e-05
34.7,-0.00158,-0.0001,-0.00052,0.00017,0,0,0.00641,0.00039,2e-05,-0.00121,3e-05,7e-05,2e-05,0.00015,-3e-05,1e-05,-0.00081,-0,1e-05,1e-05,-0.06591,-0.00015,0.00125,-0.00113,0.00027,3e-05,-2e-05,0.00777,0,0.0008,-0.00033,-0.00025,0.0001,-1e-05
34.72,-0.00198,-5e-05,-0.00048,0.00016,2e-05,0,0.00603,0.00039,3e-05,-0.00092,3e-05,5e-05,2e-05,0.00011,-0,0,-0.00073,-0,1e-05,1e-05,-0.06558,-0.00014,0.00111,-0.00112,0.00027,3e-05,-2e-05,0.00754,0,0.00071,-0.00032,-0.00026,0.0001,-1e-05
34.74,-0.00239,-0,-0.00043,0.00014,3e-05,0,0.00562,0.00039,4e-05,-0.00059,4e-05,4e-05,2e-05,6e-05,2e-05,0,-0.00063,-0,1e-05,1e-05,-0.06567,-0.00013,0.00105,-0.0011,0.00028,3e-05,-2e-05,0.00734,0,0.00061,-0.00031,-0.00027,9e-05,-1e-05
34.76,-0.00279,3e-05,-0.00038,0.00012,4e-05,0,0.00523,0.0004,5e-05,-0.00026,5e-05,2e-05,2e-05,3e-05,4e-05,1e-05,-0.00052,-0,1e-05,1e-05,-0.06603,-0.0001,0.00104,-0.00105,0.0003,2e-05,-2e-05,0.00715,-0,0.00051,-0.00028,-0.00028,8e-05,-1e-05
34.78,-0.00317,6e-05,-0.00032,0.0001,4e-05,0,0.00485,0.00041,5e-05,5e-05,6e-05,1e-05,2e-05,1e-05,5e-05,1e-05,-0.00042,-0,1e-05,1e-05,-0.06649,-8e-05,0.00107,-0.00099,0.00032,2e-05,-2e-05,0.00696,-0,0.00042,-0.00025,-0.00028,7e-05,-1e-05
34.8,-0.00353,9e-05,-0.00027,7e-05,4e-05,0,0.00446,0.00042,4e-05,0.00032,7e-05,0,2e-05,-1e-05,7e-05,1e-05,-0.00031,-0,0,1e-05,-0.06686,-5e-05,0.00102,-0.00089,0.00035,2e-05,-2e-05,0.00674,-0,0.00032,-0.00021,-0.00028,6e-05,-0
34.82,-0.00387,0.00011,-0.00022,4e-05,4e-05,0,0.00406,0.00044,0,0.00051,8e-05,-1e-05,3e-05,-3e-05,8e-05,1e-05,-0.00023,-0,0,1e-05,-0.06692,-4e-05,0.0008,-0.00078,0.00037,1e-05,-1e-05,0.00651,-0,0.00024,-0.00017,-0.00028,4e-05,-0
34.84,-0.00422,0.00013,-0.00017,-0,3e-05,0,0.00368,0.00046,-6e-05,0.00064,9e-05,-1e-05,2e-05,-4e-05,9e-05,2e-05,-0.00016,-0,0,1e-05,-0.06649,-5e-05,0.00035,-0.00067,0.0004,0,-1e-05,0.00625,-0,0.00016,-0.00012,-0.00028,3e-05,0
34.86,-0.00457,0.00015,-0.00013,-5e-05,2e-05,0,0.00334,0.00048,-0.00015,0.0007,8e-05,-2e-05,2e-05,-4e-05,9e-05,2e-05,-0.00012,-0,0,1e-05,-0.06547,-7e-05,-0.00031,-0.00058,0.00042,-1e-05,-0,0.00597,-0,8e-05,-8e-05,-0.00027,2e-05,0
34.88,-0.00494,0.00016,-9e-05,-0.00011,1e-05,0,0.00301,0.00048,-0.00026,0.0007,7e-05,-3e-05,2e-05,-4e-05,9e-05,2e-05,-9e-05,-0,0,1e-05,-0.06394,-0.00011,-0.0011,-0.00049,0.00043,-2e-05,0,0.00569,0,1e-05,-5e-05,-0.00026,1e-05,0
34.9,-0.0053,0.00018,-5e-05,-0.00018,-2e-05,0,0.00265,0.00047,-0.00037,0.00069,5e-05,-4e-05,2e-05,-3e-05,9e-05,3e-05,-9e-05,-0,0,1e-05,-0.06209,-0.00017,-0.00189,-0.00043,0.00044,-3e-05,1e-05,0.00542,0,-5e-05,-2e-05,-0.00025,0,0
34.92,-0.00565,0.0002,-2e-05,-0.00025,-4e-05,0,0.00223,0.00046,-0.00044,0.00067,2e-05,-6e-05,1e-05,-2e-05,9e-05,3e-05,-9e-05,-0,0,1e-05,-0.06015,-0.00022,-0.0026,-0.0004,0.00045,-4e-05,1e-05,0.0052,0,-8e-05,-1e-05,-0.00023,0,0
34.94,-0.00597,0.00021,1e-05,-0.00033,-6e-05,0,0.00174,0.00043,-0.00048,0.00066,0,-9e-05,0,-1e-05,8e-05,3e-05,-0.0001,-0,0,0,-0.05833,-0.00026,-0.00308,-0.00039,0.00046,-4e-05,2e-05,0.00504,0,-0.0001,-1e-05,-0.00021,1e-05,0
34.96,-0.00626,0.00021,4e-05,-0.0004,-9e-05,0,0.00117,0.00038,-0.00048,0.00068,-0,-0.00012,-0,1e-05,7e-05,3e-05,-0.00011,-0,0,0,-0.05673,-0.00028,-0.0032,-0.0004,0.00048,-4e-05,2e-05,0.00496,1e-05,-0.0001,-2e-05,-0.00019,2e-05,0
34.98,-0.00653,0.00022,6e-05,-0.00047,-0.00011,0,0.00053,0.00033,-0.00042,0.00072,0,-0.00016,-1e-05,2e-05,5e-05,3e-05,-0.00011,0,-0,0,-0.05543,-0.00025,-0.00297,-0.00042,0.0005,-4e-05,2e-05,0.00496,1e-05,-9e-05,-4e-05,-0.00016,3e-05,-0
35,-0.00676,0.00021,8e-05,-0.00053,-0.00013,0,-0.00015,0.00027,-0.00035,0.0008,2e-05,-0.00019,-2e-05,3e-05,4e-05,4e-05,-0.0001,0,-0,-0,-0.05436,-0.00018,-0.00241,-0.00045,0.00053,-3e-05,2e-05,0.00503,1e-05,-7e-05,-6e-05,-0.00013,4e-05,-0
35.02,-0.00694,0.00019,0.00011,-0.00058,-0.00015,0,-0.00079,0.00023,-0.00032,0.00093,5e-05,-0.00022,-3e-05,5e-05,2e-05,4e-05,-7e-05,0,-0,-0,-0.05338,-6e-05,-0.00159,-0.00048,0.00056,-2e-05,2e-05,0.00514,0,-5e-05,-7e-05,-0.0001,4e-05,-1e-05
35.04,-0.00713,0.00017,0.00013,-0.00061,-0.00017,0,-0.00133,0.00019,-0.00025,0.00109,0.0001,-0.00024,-3e-05,6e-05,1e-05,5e-05,-3e-05,0,-1e-05,-1e-05,-0.05244,9e-05,-0.00069,-0.0005,0.0006,-1e-05,2e-05,0.00527,-0,-3e-05,-7e-05,-7e-05,4e-05,-1e-05
35.06,-0.00736,0.00013,0.00014,-0.00064,-0.00018,0,-0.00171,0.00015,-0.00014,0.00128,0.00013,-0.00025,-4e-05,7e-05,0,6e-05,2e-05,0,-1e-05,-1e-05,-0.05146,0.00027,0.00018,-0.00052,0.00062,-1e-05,1e-05,0.00538,-1e-05,-2e-05,-6e-05,-5e-05,4e-05,-1e-05
35.08,-0.00764,9e-05,0.00015,-0.00065,-0.00018,0,-0.00191,0.00011,-1e-05,0.00149,0.00014,-0.00024,-4e-05,9e-05,-1e-05,6e-05,8e-05,0,-1e-05,-1e-05,-0.05033,0.00045,0.00095,-0.00052,0.00065,-0,1e-05,0.00543,-1e-05,-1e-05,-4e-05,-3e-05,3e-05,-1e-05
35.1,-0.00795,5e-05,0.00015,-0.00065,-0.00019,0,-0.00191,8e-05,0.00012,0.00171,0.00014,-0.00023,-4e-05,0.0001,-1e-05,7e-05,0.00015,0,-1e-05,-1e-05,-0.049,0.00061,0.00157,-0.00052,0.00067,0,1e-05,0.00541,-2e-05,-1e-05,-2e-05,-2e-05,2e-05,-0
35.12,-0.00827,2e-05,0.00015,-0.00065,-0.00019,0,-0.00171,6e-05,0.00024,0.00192,0.00012,-0.00021,-4e-05,0.00012,-1e-05,8e-05,0.00023,0,-1e-05,-1e-05,-0.0475,0.00074,0.00198,-0.00051,0.00068,0,1e-05,0.00534,-3e-05,-1e-05,0,-1e-05,1e-05,-0
35.14,-0.00857,-2e-05,0.00014,-0.00064,-0.0002,0,-0.00134,4e-05,0.00034,0.00211,0.0001,-0.00019,-4e-05,0.00013,-1e-05,8e-05,0.0003,0,-1e-05,-1e-05,-0.04583,0.00082,0.00216,-0.0005,0.0007,1e-05,1e-05,0.00522,-4e-05,-1e-05,2e-05,-1e-05,1e-05,-0
35.16,-0.00885,-4e-05,0.00013,-0.00064,-0.0002,0,-0.00083,2e-05,0.00041,0.00227,8e-05,-0.00017,-3e-05,0.00014,-0,9e-05,0.00036,0,-1e-05,-1e-05,-0.044,0.00083,0.00213,-0.00049,0.00071,1e-05,2e-05,0.00508,-4e-05,-1e-05,4e-05,-1e-05,0,-0
35.18,-0.00907,-6e-05,0.00011,-0.00063,-0.0002,0,-0.00023,1e-05,0.00043,0.0024,6e-05,-0.00014,-2e-05,0.00015,0,9e-05,0.00042,0,-1e-05,-1e-05,-0.042,0.00078,0.0019,-0.00049,0.00073,1e-05,2e-05,0.0049,-5e-05,-1e-05,5e-05,-0,-0,-0
35.2,-0.0092,-8e-05,9e-05,-0.00063,-0.0002,0,0.00038,0,0.00042,0.00248,4e-05,-0.00011,-2e-05,0.00016,1e-05,9e-05,0.00047,0,-1e-05,-1e-05,-0.03987,0.00068,0.00154,-0.00048,0.00074,1e-05,3e-05,0.00467,-5e-05,-1e-05,5e-05,-0,-0,0
35.22,-0.00921,-8e-05,7e-05,-0.00063,-0.0002,0,0.00095,-0,0.00039,0.00251,2e-05,-0.0001,-1e-05,0.00016,2e-05,9e-05,0.00051,0,-1e-05,-1e-05,-0.03766,0.00054,0.0011,-0.00047,0.00075,2e-05,3e-05,0.00448,-4e-05,-2e-05,5e-05,-0,-1e-05,0
35.24,-0.00908,-9e-05,5e-05,-0.00063,-0.0002,0,0.00144,-1e-05,0.00034,0.00248,1e-05,-9e-05,-1e-05,0.00016,3e-05,9e-05,0.00055,-0,-0,-1e-05,-0.0353,0.00038,0.00064,-0.00046,0.00074,2e-05,4e-05,0.00435,-4e-05,-2e-05,5e-05,-0,-1e-05,0
35.26,-0.00877,-9e-05,3e-05,-0.00063,-0.00019,0,0.00182,-2e-05,0.0003,0.00243,1e-05,-8e-05,-0,0.00016,4e-05,8e-05,0.00058,-0,-0,-1e-05,-0.03269,0.00022,0.00019,-0.00044,0.00073,2e-05,4e-05,0.00425,-4e-05,-2e-05,4e-05,-0,-0,0
35.28,-0.00832,-9e-05,2e-05,-0.00062,-0.00019,0,0.00208,-2e-05,0.00026,0.00235,0,-6e-05,0,0.00016,4e-05,8e-05,0.0006,-0,-0,-1e-05,-0.02975,8e-05,-0.00017,-0.00043,0.00069,2e-05,4e-05,0.00417,-4e-05,-3e-05,4e-05,-0,-0,0
35.3,-0.00772,-8e-05,0,-0.0006,-0.00018,0,0.00222,-3e-05,0.00022,0.00225,-0,-5e-05,0,0.00016,4e-05,7e-05,0.00062,-0,-0,-1e-05,-0.02636,-3e-05,-0.00041,-0.0004,0.00064,2e-05,4e-05,0.00412,-3e-05,-3e-05,4e-05,-0,-0,0
35.32,-0.00699,-8e-05,-1e-05,-0.00057,-0.00018,0,0.00226,-3e-05,0.0002,0.00213,-0,-4e-05,1e-05,0.00015,4e-05,7e-05,0.00064,-0,-0,-0,-0.02248,-9e-05,-0.00051,-0.00037,0.00058,2e-05,3e-05,0.00406,-3e-05,-3e-05,3e-05,-1e-05,-0,0
35.34,-0.00619,-7e-05,-1e-05,-0.00053,-0.00016,0,0.0022,-3e-05,0.00018,0.00199,-0,-3e-05,1e-05,0.00014,4e-05,6e-05,0.00065,-0,-0,-0,-0.01815,-0.00011,-0.00049,-0.00032,0.0005,1e-05,3e-05,0.00399,-3e-05,-3e-05,3e-05,-1e-05,-0,0
35.36,-0.00535,-7e-05,-2e-05,-0.00048,-0.00015,0,0.00205,-3e-05,0.00016,0.00186,-0,-1e-05,1e-05,0.00013,4e-05,5e-05,0.00065,-0,-0,-0,-0.01358,-0.0001,-0.00037,-0.00026,0.00041,1e-05,2e-05,0.00388,-3e-05,-3e-05,2e-05,-1e-05,-0,-0
35.38,-0.00447,-6e-05,-1e-05,-0.00041,-0.00013,0,0.00184,-2e-05,0.00015,0.00172,-0,-0,1e-05,0.00011,3e-05,5e-05,0.00065,-0,-0,-0,-0.00907,-7e-05,-0.00023,-0.0002,0.00032,1e-05,1e-05,0.00374,-3e-05,-2e-05,2e-05,-1e-05,-0,-0
35.4,-0.00355,-6e-05,-1e-05,-0.00034,-0.00011,0,0.00156,-2e-05,0.00015,0.00158,-0,1e-05,0,9e-05,2e-05,4e-05,0.00064,-0,-0,-0,-0.00497,-3e-05,-0.00011,-0.00013,0.00022,0,1e-05,0.00355,-3e-05,-2e-05,2e-05,-1e-05,-0,-0
35.42,-0.0026,-6e-05,-0,-0.00025,-8e-05,0,0.00123,-1e-05,0.00015,0.00144,-0,2e-05,0,7e-05,2e-05,3e-05,0.00062,-0,-0,0,-0.00154,-0,-4e-05,-6e-05,0.00013,0,0,0.00329,-3e-05,-1e-05,2e-05,-1e-05,-0,-0
35.44,-0.00161,-6e-05,1e-05,-0.00015,-6e-05,0,0.00086,-1e-05,0.00015,0.00131,-0,3e-05,0,5e-05,1e-05,2e-05,0.00059,-0,0,0,0.00102,2e-05,-0,0,6e-05,0,0,0.00296,-3e-05,0,2e-05,-1e-05,-0,-0
35.46,-0.00057,-5e-05,1e-05,-4e-05,-3e-05,0,0.00047,-2e-05,0.00017,0.00116,-0,4e-05,0,2e-05,0,2e-05,0.00055,-0,0,0,0.0026,4e-05,-0,5e-05,1e-05,0,0,0.00255,-3e-05,1e-05,2e-05,-1e-05,-0,-0
35.48,0.00056,-5e-05,2e-05,7e-05,0,0,5e-05,-3e-05,0.00019,0.00101,0,4e-05,-0,-1e-05,-1e-05,1e-05,0.0005,-0,0,0,0.00286,5e-05,-1e-05,8e-05,-1e-05,0,-0,0.00205,-3e-05,1e-05,2e-05,-1e-05,-0,-0
35.5,0.00179,-5e-05,2e-05,0.00018,4e-05,0,-0.00039,-5e-05,0.00021,0.00085,0,5e-05,-0,-4e-05,-1e-05,0,0.00043,0,0,0,0.00215,5e-05,-1e-05,8e-05,-1e-05,0,-0,0.00146,-3e-05,2e-05,2e-05,-0,-0,0
35.52,0.00313,-4e-05,3e-05,0.0003,7e-05,0,-0.00083,-7e-05,0.00025,0.00067,0,5e-05,-0,-7e-05,-2e-05,-1e-05,0.00037,0,0,0,0.00135,5e-05,-1e-05,8e-05,-0,0,-0,0.00077,-2e-05,2e-05,2e-05,-0,-0,0
35.54,0.00459,-2e-05,3e-05,0.00041,0.00011,0,-0.00127,-0.0001,0.00029,0.0005,0,5e-05,-0,-9e-05,-3e-05,-1e-05,0.00029,0,1e-05,0,0.00045,5e-05,-2e-05,7e-05,-0,0,-0,-2e-05,-1e-05,2e-05,2e-05,-0,-0,0
35.56,0.00618,0,3e-05,0.00052,0.00014,0,-0.00171,-0.00013,0.00034,0.00031,0,6e-05,-0,-0.00011,-3e-05,-2e-05,0.00021,0,1e-05,-0,-0.00053,4e-05,-2e-05,5e-05,-0,0,-0,-0.00091,-0,2e-05,2e-05,-0,-0,0
35.58,0.00789,3e-05,3e-05,0.00061,0.00017,0,-0.00215,-0.00016,0.00038,0.00013,0,6e-05,-0,-0.00013,-4e-05,-2e-05,0.00013,0,1e-05,-0,-0.00161,3e-05,-2e-05,3e-05,0,-0,0,-0.0019,1e-05,1e-05,1e-05,0,-0,0
35.6,0.00963,7e-05,4e-05,0.00069,0.00021,0,-0.00256,-0.00019,0.00043,-6e-05,1e-05,6e-05,-0,-0.00013,-5e-05,-3e-05,6e-05,0,1e-05,-0,-0.00278,2e-05,-2e-05,1e-05,0,-0,0,-0.00301,2e-05,1e-05,-0,0,-0,0
35.62,0.01127,0.00011,4e-05,0.00075,0.00023,0,-0.00293,-0.00023,0.00047,-0.00024,1e-05,7e-05,-1e-05,-0.00013,-5e-05,-3e-05,-2e-05,0,1e-05,-0,-0.00308,1e-05,-1e-05,-1e-05,-1e-05,0,-0,-0.00421,3e-05,1e-05,-1e-05,1e-05,0,-0
35.64,0.01276,0.00014,5e-05,0.00078,0.00025,0,-0.00325,-0.00027,0.00052,-0.0004,1e-05,7e-05,-1e-05,-0.00012,-6e-05,-3e-05,-9e-05,0,1e-05,-0,-0.00152,-0,1e-05,0,-5e-05,0,-0,-0.00538,3e-05,1e-05,-2e-05,2e-05,-0,-0
35.66,0.01408,0.00018,6e-05,0.00078,0.00027,0,-0.00354,-0.00032,0.00056,-0.00055,1e-05,7e-05,-1e-05,-0.00011,-7e-05,-3e-05,-0.00015,0,1e-05,-0,0.00208,0,-1e-05,7e-05,-0.00014,0,-0,-0.00644,3e-05,1e-05,-2e-05,4e-05,-0,0
35.68,0.0152,0.00021,7e-05,0.00077,0.00028,0,-0.0038,-0.00036,0.00059,-0.00067,2e-05,7e-05,-1e-05,-8e-05,-8e-05,-3e-05,-0.0002,0,1e-05,-0,0.00823,1e-05,-9e-05,0.00021,-0.00027,1e-05,-0,-0.00736,2e-05,1e-05,-0,7e-05,-1e-05,0
35.7,0.01599,0.00024,8e-05,0.00072,0.00029,0,-0.00402,-0.00041,0.00062,-0.00078,2e-05,7e-05,-1e-05,-6e-05,-9e-05,-3e-05,-0.00026,0,1e-05,-0,0.0172,3e-05,-0.00029,0.00045,-0.00045,1e-05,-1e-05,-0.00802,2e-05,3e-05,3e-05,0.00012,-1e-05,0
35.72,0.01629,0.00026,9e-05,0.00064,0.00029,0,-0.00417,-0.00046,0.00063,-0.00087,2e-05,7e-05,-1e-05,-3e-05,-0.0001,-3e-05,-0.00031,0,1e-05,-0,0.02871,5e-05,-0.00064,0.00079,-0.00066,2e-05,-1e-05,-0.00835,1e-05,5e-05,9e-05,0.00019,-3e-05,0
35.74,0.01616,0.00028,0.0001,0.00055,0.00029,0,-0.00426,-0.0005,0.00063,-0.00094,3e-05,6e-05,-1e-05,-0,-0.0001,-2e-05,-0.00036,0,1e-05,-0,0.04193,6e-05,-0.00113,0.00123,-0.00086,2e-05,-1e-05,-0.00831,1e-05,9e-05,0.00017,0.00027,-4e-05,0
35.76,0.0157,0.00029,0.0001,0.00044,0.00028,0,-0.00432,-0.00053,0.00062,-0.00099,3e-05,6e-05,-1e-05,2e-05,-0.0001,-2e-05,-0.00041,0,1e-05,-0,0.05565,7e-05,-0.00172,0.00171,-0.00103,3e-05,-1e-05,-0.00796,0,0.00012,0.00027,0.00035,-6e-05,0
35.78,0.01494,0.0003,0.0001,0.00032,0.00028,0,-0.00434,-0.00057,0.00061,-0.00103,4e-05,6e-05,-1e-05,4e-05,-0.0001,-1e-05,-0.00046,0,1e-05,-0,0.06856,7e-05,-0.00233,0.00218,-0.00114,4e-05,-1e-05,-0.00738,0,0.00014,0.00037,0.00044,-9e-05,0
35.8,0.01391,0.00031,9e-05,0.0002,0.00027,0,-0.00432,-0.0006,0.00058,-0.00106,4e-05,5e-05,-1e-05,5e-05,-0.0001,-1e-05,-0.00052,0,1e-05,-0,0.07982,8e-05,-0.00285,0.00257,-0.00118,4e-05,-1e-05,-0.00672,0,0.00014,0.00045,0.0005,-0.00011,0
35.82,0.01267,0.00031,8e-05,9e-05,0.00026,0,-0.00429,-0.00059,0.00054,-0.00108,4e-05,5e-05,-1e-05,6e-05,-0.0001,0,-0.00057,0,1e-05,-0,0.08899,9e-05,-0.00319,0.00282,-0.00116,5e-05,-1e-05,-0.0061,-0,0.0001,0.00051,0.00053,-0.00012,1e-05
35.84,0.0113,0.00031,6e-05,-2e-05,0.00024,0,-0.00422,-0.00057,0.00049,-0.0011,4e-05,4e-05,-0,7e-05,-9e-05,1e-05,-0.00061,0,1e-05,-0,0.09584,0.0001,-0.00323,0.00292,-0.00109,5e-05,-1e-05,-0.00558,-0,2e-05,0.00052,0.00054,-0.00014,1e-05
35.86,0.0099,0.00031,3e-05,-0.0001,0.00023,0,-0.00409,-0.00054,0.00044,-0.00111,4e-05,4e-05,0,7e-05,-8e-05,2e-05,-0.00066,0,1e-05,-0,0.10038,0.00011,-0.00292,0.00286,-0.00098,5e-05,-1e-05,-0.00521,-0,-9e-05,0.00049,0.00052,-0.00014,1e-05
35.88,0.0085,0.00031,1e-05,-0.00017,0.00021,0,-0.0039,-0.00051,0.00039,-0.00113,3e-05,3e-05,0,7e-05,-7e-05,2e-05,-0.0007,0,1e-05,-0,0.103,0.00011,-0.00235,0.00267,-0.00085,6e-05,-1e-05,-0.00497,-0,-0.00023,0.00042,0.00047,-0.00014,1e-05
35.9,0.00718,0.0003,-2e-05,-0.00023,0.0002,0,-0.0037,-0.00047,0.00033,-0.00114,1e-05,3e-05,1e-05,6e-05,-6e-05,3e-05,-0.00073,0,0,-0,0.10429,0.00011,-0.00169,0.00238,-0.00071,6e-05,-1e-05,-0.00485,-0,-0.00039,0.00033,0.00041,-0.00014,1e-05
35.92,0.00596,0.00029,-4e-05,-0.00027,0.00018,0,-0.00353,-0.00041,0.00028,-0.00115,0,2e-05,2e-05,6e-05,-5e-05,3e-05,-0.00076,0,0,-0,0.10493,0.00012,-0.00114,0.00201,-0.00059,5e-05,-1e-05,-0.00479,-0,-0.00055,0.00022,0.00036,-0.00013,1e-05
35.94,0.00487,0.00028,-5e-05,-0.0003,0.00017,0,-0.00337,-0.00035,0.00024,-0.00115,-1e-05,2e-05,2e-05,5e-05,-3e-05,3e-05,-0.00078,0,0,-0,0.10525,0.00012,-0.00092,0.00166,-0.0005,5e-05,-1e-05,-0.00477,-0,-0.00068,0.00012,0.0003,-0.00012,1e-05
35.96,0.00391,0.00026,-6e-05,-0.00031,0.00015,0,-0.00317,-0.0003,0.0002,-0.00115,-1e-05,1e-05,2e-05,4e-05,-2e-05,3e-05,-0.0008,0,0,-0,0.10541,0.00011,-0.00107,0.00138,-0.00042,3e-05,-1e-05,-0.00477,-0,-0.00078,3e-05,0.00026,-0.00012,1e-05
35.98,0.00306,0.00024,-6e-05,-0.00031,0.00014,0,-0.00297,-0.00023,0.00017,-0.00114,-1e-05,1e-05,3e-05,3e-05,-1e-05,3e-05,-0.00082,0,0,-0,0.10554,9e-05,-0.00151,0.00116,-0.00037,2e-05,-0,-0.00477,-0,-0.00084,-4e-05,0.00023,-0.00011,1e-05
36,0.00233,0.00022,-6e-05,-0.0003,0.00013,0,-0.00278,-0.00018,0.00014,-0.00113,-1e-05,1e-05,3e-05,2e-05,0,3e-05,-0.00083,0,0,-0,0.10555,6e-05,-0.00208,0.00102,-0.00034,1e-05,0,-0.00473,-1e-05,-0.00086,-9e-05,0.00022,-0.00011,1e-05
36.02,0.00172,0.00019,-6e-05,-0.00029,0.00012,0,-0.0026,-0.00015,0.00012,-0.00111,-1e-05,0,3e-05,1e-05,1e-05,2e-05,-0.00084,0,-0,-0,0.10523,2e-05,-0.00266,0.00096,-0.00031,-0,0,-0.00466,-1e-05,-0.00084,-0.00011,0.00021,-0.00011,1e-05
36.04,0.00119,0.00017,-5e-05,-0.00027,0.00011,0,-0.00244,-0.00012,0.00011,-0.0011,-1e-05,0,3e-05,0,1e-05,2e-05,-0.00084,0,-0,-0,0.10447,-1e-05,-0.00308,0.00096,-0.00028,-1e-05,1e-05,-0.00454,-1e-05,-0.00079,-0.00011,0.00021,-0.00011,1e-05
36.06,0.00073,0.00014,-4e-05,-0.00024,0.0001,0,-0.00229,-0.0001,9e-05,-0.00108,-1e-05,0,3e-05,-0,2e-05,2e-05,-0.00084,0,-0,-0,0.10319,-3e-05,-0.00318,0.00101,-0.00024,-1e-05,1e-05,-0.00436,-1e-05,-0.00072,-9e-05,0.00021,-0.00011,1e-05
36.08,0.00031,0.00012,-3e-05,-0.00021,9e-05,0,-0.00215,-7e-05,8e-05,-0.00107,-1e-05,-0,2e-05,-1e-05,2e-05,1e-05,-0.00084,-0,-0,-0,0.1014,-3e-05,-0.003,0.00112,-0.0002,-1e-05,1e-05,-0.00413,-1e-05,-0.00063,-5e-05,0.00021,-0.00011,1e-05
36.1,-6e-05,0.0001,-2e-05,-0.00018,9e-05,0,-0.00203,-4e-05,7e-05,-0.00106,-1e-05,-0,2e-05,-2e-05,3e-05,1e-05,-0.00083,-0,-0,-0,0.0992,-2e-05,-0.00256,0.00127,-0.00014,-1e-05,0,-0.00386,-1e-05,-0.00053,2e-05,0.0002,-0.00011,1e-05
36.12,-0.00038,8e-05,-2e-05,-0.00015,9e-05,0,-0.00191,-3e-05,6e-05,-0.00105,-1e-05,-0,2e-05,-3e-05,3e-05,1e-05,-0.00081,-0,-0,-0,0.09674,-1e-05,-0.00198,0.00144,-7e-05,0,-0,-0.00357,-1e-05,-0.00044,0.00011,0.00018,-0.00011,1e-05
36.14,-0.00064,7e-05,-1e-05,-0.00012,8e-05,0,-0.00179,-1e-05,6e-05,-0.00105,-1e-05,0,1e-05,-5e-05,3e-05,1e-05,-0.00079,-0,-0,-0,0.09415,1e-05,-0.00144,0.00165,1e-05,1e-05,-0,-0.00326,-1e-05,-0.00035,0.00021,0.00014,-0.00011,1e-05
36.16,-0.00085,6e-05,-1e-05,-9e-05,8e-05,0,-0.00168,0,5e-05,-0.00105,-0,0,1e-05,-6e-05,3e-05,1e-05,-0.00076,-0,-0,-0,0.09151,4e-05,-0.00105,0.00189,0.0001,2e-05,-1e-05,-0.00296,-1e-05,-0.00029,0.00033,0.0001,-0.0001,1e-05
36.18,-0.001,5e-05,-1e-05,-5e-05,7e-05,0,-0.00158,2e-05,4e-05,-0.00105,-0,0,1e-05,-8e-05,4e-05,1e-05,-0.00073,-0,-0,-0,0.08885,6e-05,-0.00085,0.00216,0.00019,4e-05,-1e-05,-0.0027,-0,-0.00024,0.00046,5e-05,-0.0001,1e-05
36.2,-0.00106,5e-05,-1e-05,-3e-05,7e-05,0,-0.00148,3e-05,4e-05,-0.00104,-0,0,0,-9e-05,4e-05,2e-05,-0.00068,-0,-0,-0,0.0863,8e-05,-0.00088,0.00243,0.00028,5e-05,-2e-05,-0.00247,1e-05,-0.00022,0.0006,-1e-05,-9e-05,1e-05
36.22,-0.001,4e-05,-0,-0,6e-05,0,-0.0014,4e-05,4e-05,-0.00101,-0,0,0,-0.00011,3e-05,2e-05,-0.00062,-0,-0,-0,0.08398,9e-05,-0.00114,0.00269,0.00036,6e-05,-2e-05,-0.00227,2e-05,-0.0002,0.00074,-8e-05,-9e-05,1e-05
36.24,-0.00085,4e-05,-0,2e-05,6e-05,0,-0.00133,5e-05,3e-05,-0.00096,-0,0,0,-0.00013,3e-05,3e-05,-0.00055,-0,-0,-0,0.08178,9e-05,-0.0016,0.00294,0.00043,8e-05,-2e-05,-0.00214,3e-05,-0.0002,0.00087,-0.00014,-9e-05,1e-05
36.26,-0.00059,3e-05,-0,3e-05,5e-05,0,-0.00127,6e-05,3e-05,-0.00089,0,0,0,-0.00015,2e-05,3e-05,-0.00047,-0,-0,-0,0.07962,9e-05,-0.00222,0.00318,0.00048,9e-05,-3e-05,-0.00209,5e-05,-0.00022,0.00099,-0.0002,-0.0001,1e-05
36.28,-0.00025,3e-05,-0,4e-05,4e-05,0,-0.00122,7e-05,3e-05,-0.0008,0,0,0,-0.00017,2e-05,4e-05,-0.00039,-0,-0,-0,0.07747,9e-05,-0.00292,0.0034,0.00051,0.0001,-3e-05,-0.00212,7e-05,-0.00024,0.00108,-0.00025,-0.0001,1e-05
36.3,0.00015,3e-05,0,5e-05,4e-05,0,-0.00117,8e-05,3e-05,-0.0007,0,0,0,-0.00019,2e-05,4e-05,-0.00031,-0,-0,-0,0.07543,8e-05,-0.00362,0.0036,0.00053,0.00011,-3e-05,-0.0022,9e-05,-0.00027,0.00115,-0.00029,-0.00011,1e-05
36.32,0.00053,2e-05,0,4e-05,3e-05,0,-0.00112,8e-05,3e-05,-0.00058,0,0,0,-0.00021,1e-05,5e-05,-0.00022,-0,-0,-0,0.07359,7e-05,-0.00428,0.00376,0.00052,0.00012,-3e-05,-0.00233,0.00011,-0.00031,0.00119,-0.00032,-0.00012,1e-05
36.34,0.00086,2e-05,0,4e-05,2e-05,0,-0.00106,9e-05,4e-05,-0.00047,0,0,0,-0.00021,1e-05,6e-05,-0.00014,-0,-0,-0,0.07183,6e-05,-0.00478,0.00388,0.00049,0.00013,-3e-05,-0.00249,0.00013,-0.00036,0.00119,-0.00033,-0.00013,0
36.36,0.00111,2e-05,0,3e-05,2e-05,0,-0.00102,9e-05,4e-05,-0.00035,0,0,0,-0.00022,1e-05,7e-05,-7e-05,-0,-0,-0,0.06999,5e-05,-0.00499,0.00394,0.00044,0.00013,-2e-05,-0.00268,0.00014,-0.00041,0.00115,-0.00033,-0.00014,0
36.38,0.00124,2e-05,0,3e-05,1e-05,0,-0.00097,0.0001,4e-05,-0.00024,-0,0,0,-0.00023,1e-05,7e-05,-2e-05,-0,-0,-0,0.06806,5e-05,-0.00492,0.00393,0.00036,0.00014,-2e-05,-0.00287,0.00015,-0.00046,0.00109,-0.0003,-0.00014,0
36.4,0.00127,2e-05,0,2e-05,1e-05,0,-0.00093,0.0001,4e-05,-0.00014,-0,-0,0,-0.00024,1e-05,8e-05,3e-05,-0,-0,-0,0.06588,4e-05,-0.00454,0.00383,0.00027,0.00013,-2e-05,-0.00305,0.00015,-0.0005,0.001,-0.00026,-0.00014,0
36.42,0.00117,2e-05,0,1e-05,0,0,-0.00088,0.00011,4e-05,-5e-05,-0,-0,0,-0.00024,1e-05,9e-05,7e-05,-0,-0,-0,0.06327,3e-05,-0.00389,0.00363,0.00017,0.00012,-2e-05,-0.00321,0.00015,-0.00053,0.00089,-0.00021,-0.00014,0
36.44,0.00098,2e-05,0,0,0,0,-0.00083,0.00011,4e-05,2e-05,-0,-0,-0,-0.00023,1e-05,9e-05,9e-05,-0,-0,-0,0.06025,1e-05,-0.00306,0.00332,6e-05,0.00011,-1e-05,-0.00333,0.00013,-0.00053,0.00076,-0.00015,-0.00013,0
36.46,0.0007,2e-05,-0,-1e-05,0,0,-0.00079,0.00011,3e-05,7e-05,-0,-0,-0,-0.00023,2e-05,9e-05,0.00011,-0,-0,-0,0.05683,-0,-0.00216,0.00287,-6e-05,0.0001,-1e-05,-0.00339,0.00011,-0.00051,0.00061,-8e-05,-0.00011,0
36.48,0.00036,2e-05,-0,-2e-05,0,0,-0.00074,0.00012,3e-05,0.00011,0,-0,-0,-0.00022,2e-05,0.0001,0.00011,-0,-0,-0,0.05298,-2e-05,-0.00122,0.00231,-0.00017,8e-05,-1e-05,-0.00339,8e-05,-0.00046,0.00045,1e-05,-0.0001,0
36.5,-3e-05,2e-05,-0,-2e-05,0,0,-0.0007,0.00012,3e-05,0.00014,0,-0,-0,-0.00022,2e-05,0.0001,0.0001,-0,-0,-0,0.04864,-3e-05,-0.00031,0.00167,-0.00029,6e-05,-0,-0.00331,4e-05,-0.00038,0.00027,9e-05,-8e-05,0
36.52,-0.00043,2e-05,-0,-2e-05,0,0,-0.00065,0.00012,3e-05,0.00015,0,-1e-05,-0,-0.00021,3e-05,0.0001,9e-05,-0,-0,-0,0.0438,-4e-05,0.00052,0.00101,-0.0004,5e-05,-0,-0.00316,-1e-05,-0.00027,8e-05,0.00018,-6e-05,0
36.54,-0.00084,2e-05,-0,-3e-05,0,0,-0.00061,0.00012,3e-05,0.00016,0,-1e-05,-0,-0.00019,3e-05,9e-05,7e-05,-0,-0,-0,0.03867,-3e-05,0.00119,0.0003,-0.0005,3e-05,-0,-0.00293,-7e-05,-0.00014,-0.00012,0.00026,-4e-05,-0
36.56,-0.00124,2e-05,-0,-3e-05,0,0,-0.00056,0.00013,3e-05,0.00015,0,-1e-05,-0,-0.00018,3e-05,9e-05,5e-05,-0,-0,-0,0.03336,-3e-05,0.00171,-0.00042,-0.00059,2e-05,0,-0.00264,-0.00013,0,-0.00032,0.00034,-2e-05,-0
36.58,-0.00162,2e-05,-1e-05,-2e-05,0,0,-0.00052,0.00013,2e-05,0.00014,0,-1e-05,-0,-0.00016,3e-05,8e-05,2e-05,-0,-0,-0,0.02791,-2e-05,0.00205,-0.00113,-0.00066,0,0,-0.00227,-0.0002,0.00016,-0.00051,0.00041,-0,-0
36.6,-0.00198,3e-05,-1e-05,-2e-05,-0,0,-0.00047,0.00013,2e-05,0.00013,0,-1e-05,-0,-0.00014,3e-05,8e-05,-1e-05,-0,-0,-0,0.02238,-2e-05,0.00223,-0.00179,-0.00071,-1e-05,0,-0.00186,-0.00028,0.00031,-0.00069,0.00046,1e-05,0
36.62,-0.00232,3e-05,-1e-05,-1e-05,-0,0,-0.00042,0.00012,2e-05,0.00011,0,-1e-05,-0,-0.00012,3e-05,7e-05,-3e-05,-0,-0,-0,0.01688,-1e-05,0.00225,-0.00239,-0.00073,-2e-05,0,-0.00143,-0.00035,0.00046,-0.00084,0.00048,3e-05,0
36.64,-0.00263,3e-05,-1e-05,-1e-05,-1e-05,0,-0.00038,0.00012,2e-05,9e-05,0,-1e-05,-0,-0.0001,3e-05,6e-05,-5e-05,-0,-0,-0,0.01155,-1e-05,0.00212,-0.00288,-0.00073,-2e-05,0,-0.00097,-0.00042,0.0006,-0.00095,0.00048,4e-05,0
36.66,-0.00291,3e-05,-0,-0,-1e-05,0,-0.00033,0.00012,2e-05,7e-05,0,-1e-05,-1e-05,-8e-05,3e-05,6e-05,-7e-05,-0,-0,-0,0.00649,-0,0.00186,-0.00321,-0.0007,-3e-05,0,-0.00052,-0.00048,0.00071,-0.00101,0.00046,6e-05,0
36.68,-0.00316,3e-05,-0,-0,-1e-05,0,-0.00028,0.00012,2e-05,6e-05,0,-0,-1e-05,-6e-05,3e-05,5e-05,-8e-05,-0,-0,-0,0.00174,0,0.00148,-0.00337,-0.00064,-3e-05,0,-7e-05,-0.00052,0.0008,-0.00101,0.0004,7e-05,0
36.7,-0.00337,3e-05,-0,0,-2e-05,0,-0.00024,0.00011,1e-05,5e-05,0,-0,-1e-05,-4e-05,2e-05,4e-05,-9e-05,-0,-0,-0,-0.00257,1e-05,0.00098,-0.00335,-0.00057,-4e-05,0,0.00036,-0.00055,0.00086,-0.00096,0.00033,8e-05,0
36.72,-0.00351,3e-05,-0,0,-2e-05,0,-0.0002,0.00011,1e-05,4e-05,0,-0,-1e-05,-2e-05,2e-05,4e-05,-9e-05,-0,-0,-0,-0.00634,1e-05,0.00038,-0.00312,-0.00048,-4e-05,0,0.00077,-0.00055,0.00091,-0.00084,0.00023,9e-05,0
36.74,-0.00358,2e-05,-0,0,-2e-05,0,-0.00016,0.00011,1e-05,5e-05,0,-0,-2e-05,0,2e-05,3e-05,-9e-05,-0,-0,-0,-0.00946,1e-05,-0.00031,-0.00273,-0.00039,-4e-05,0,0.00114,-0.00053,0.00092,-0.00068,0.00012,9e-05,0
36.76,-0.00358,2e-05,-0,0,-3e-05,0,-0.00012,0.0001,1e-05,6e-05,0,-0,-2e-05,2e-05,2e-05,3e-05,-8e-05,-0,-0,-0,-0.01187,1e-05,-0.00108,-0.00222,-0.0003,-4e-05,0,0.00147,-0.00049,0.00092,-0.00048,0,9e-05,0
36.78,-0.00351,1e-05,-0,-0,-3e-05,0,-9e-05,0.0001,1e-05,8e-05,0,-0,-2e-05,4e-05,2e-05,2e-05,-8e-05,-0,0,-0,-0.01348,1e-05,-0.0019,-0.00161,-0.0002,-4e-05,0,0.00176,-0.00043,0.00088,-0.00025,-0.00012,9e-05,0
36.8,-0.00333,0,-0,-0,-3e-05,0,-5e-05,9e-05,1e-05,0.0001,0,-0,-2e-05,5e-05,2e-05,2e-05,-7e-05,-0,0,-0,-0.01428,0,-0.00277,-0.00092,-0.00011,-3e-05,0,0.002,-0.00035,0.00082,-2e-05,-0.00023,8e-05,0
36.82,-0.00305,-0,-0,-1e-05,-3e-05,0,-2e-05,9e-05,1e-05,0.00012,0,0,-2e-05,7e-05,2e-05,1e-05,-7e-05,-0,0,-0,-0.01424,-0,-0.00365,-0.00021,-2e-05,-3e-05,0,0.00214,-0.00026,0.00072,0.00019,-0.00032,7e-05,0
36.84,-0.00267,-1e-05,0,-1e-05,-3e-05,0,1e-05,7e-05,0,0.00013,0,0,-1e-05,8e-05,2e-05,1e-05,-6e-05,0,0,-0,-0.01333,-1e-05,-0.00451,0.00047,5e-05,-3e-05,0,0.00219,-0.00016,0.00058,0.00035,-0.00039,5e-05,-0
36.86,-0.00222,-1e-05,0,-1e-05,-3e-05,0,5e-05,5e-05,0,0.00013,0,0,-1e-05,9e-05,2e-05,0,-6e-05,0,0,-0,-0.01159,-2e-05,-0.00526,0.00109,0.00011,-3e-05,0,0.00212,-6e-05,0.00041,0.00047,-0.00042,2e-05,-0
36.88,-0.00171,-1e-05,0,-1e-05,-3e-05,0,8e-05,3e-05,-0,0.00012,0,0,-1e-05,9e-05,2e-05,-0,-6e-05,0,0,-1e-05,-0.0092,-3e-05,-0.00584,0.00162,0.00017,-3e-05,0,0.00193,3e-05,0.00022,0.00054,-0.00041,-1e-05,-0
36.9,-0.00118,-1e-05,0,-1e-05,-2e-05,0,0.00012,1e-05,-0,0.00011,0,0,-0,0.0001,2e-05,-0,-7e-05,0,0,-1e-05,-0.00642,-3e-05,-0.0062,0.00205,0.00021,-3e-05,0,0.00162,0.00011,4e-05,0.00057,-0.00038,-4e-05,-0
36.92,-0.00067,-1e-05,0,-0,-2e-05,0,0.00015,-1e-05,-0,8e-05,0,0,0,0.0001,2e-05,-1e-05,-7e-05,0,0,-1e-05,-0.00355,-3e-05,-0.00629,0.00234,0.00025,-2e-05,0,0.00123,0.00017,-0.00012,0.00058,-0.00034,-7e-05,-0
36.94,-0.00021,-1e-05,0,-0,-2e-05,0,0.00017,-2e-05,-0,6e-05,0,0,0,9e-05,2e-05,-1e-05,-7e-05,0,0,-1e-05,-0.00085,-2e-05,-0.006,0.00248,0.00028,-2e-05,0,0.00079,0.0002,-0.00023,0.00055,-0.00028,-0.0001,-0
36.96,0.00018,-1e-05,0,-0,-1e-05,0,0.00019,-3e-05,-1e-05,3e-05,0,0,1e-05,9e-05,2e-05,-1e-05,-8e-05,0,0,-1e-05,0.00151,-1e-05,-0.00528,0.0025,0.0003,-1e-05,-0,0.00032,0.00021,-0.00029,0.00051,-0.00023,-0.00011,-0
36.98,0.00049,-1e-05,0,0,-1e-05,0,0.00021,-3e-05,-1e-05,1e-05,0,0,1e-05,8e-05,2e-05,-1e-05,-8e-05,0,0,-2e-05,0.00347,-0,-0.00418,0.0024,0.00032,-0,-0,-0.00014,0.0002,-0.0003,0.00046,-0.00017,-0.00011,-0
37,0.00072,-0,-0,0,-0,0,0.00022,-3e-05,-1e-05,-1e-05,0,0,1e-05,7e-05,2e-05,-1e-05,-8e-05,0,-0,-2e-05,0.00503,0,-0.0028,0.00222,0.00033,1e-05,-0,-0.00057,0.00017,-0.00027,0.00041,-0.00012,-0.00011,-0
37.02,0.00088,-0,-0,0,0,0,0.00023,-3e-05,-1e-05,-3e-05,0,1e-05,0,7e-05,2e-05,-1e-05,-8e-05,0,-0,-1e-05,0.00624,-0,-0.00131,0.00199,0.00034,2e-05,-0,-0.00094,0.00014,-0.00021,0.00035,-8e-05,-0.0001,-0
37.04,0.00097,0,-0,-0,1e-05,0,0.00023,-2e-05,-1e-05,-5e-05,0,1e-05,0,6e-05,1e-05,-1e-05,-8e-05,0,-0,-1e-05,0.00717,-0,7e-05,0.00175,0.00034,3e-05,-0,-0.00123,0.00011,-0.00015,0.0003,-5e-05,-9e-05,-0
37.06,0.001,0,-0,-0,1e-05,0,0.00023,-3e-05,-1e-05,-7e-05,-0,1e-05,0,5e-05,0,-2e-05,-7e-05,0,-0,-1e-05,0.00791,-1e-05,0.00123,0.00152,0.00033,3e-05,-0,-0.00144,8e-05,-9e-05,0.00025,-3e-05,-8e-05,-0
37.08,0.00097,0,-0,-0,1e-05,0,0.00022,-3e-05,-1e-05,-8e-05,-0,0,0,4e-05,-1e-05,-2e-05,-7e-05,0,-0,-0,0.00854,-1e-05,0.00213,0.00132,0.00032,4e-05,-0,-0.00159,6e-05,-5e-05,0.00022,-1e-05,-6e-05,-0
37.1,0.00089,0,-0,-1e-05,1e-05,0,0.00021,-3e-05,-1e-05,-9e-05,-0,0,0,3e-05,-2e-05,-2e-05,-7e-05,0,-0,0,0.00909,-2e-05,0.00275,0.00114,0.00029,4e-05,-0,-0.00167,4e-05,-1e-05,0.00019,-0,-5e-05,-0
37.12,0.00077,0,-0,-1e-05,1e-05,0,0.0002,-3e-05,-1e-05,-0.00011,-0,0,0,3e-05,-3e-05,-2e-05,-7e-05,0,-0,1e-05,0.00962,-2e-05,0.00313,0.00099,0.00026,4e-05,-0,-0.00172,3e-05,1e-05,0.00017,0,-4e-05,-0
37.14,0.00061,0,-0,-1e-05,1e-05,0,0.00019,-3e-05,-1e-05,-0.00012,-0,0,0,2e-05,-3e-05,-2e-05,-7e-05,0,-0,1e-05,0.01018,-2e-05,0.00328,0.00086,0.00023,4e-05,-0,-0.00175,2e-05,3e-05,0.00015,1e-05,-3e-05,-0
37.16,0.00043,0,0,-1e-05,1e-05,0,0.00018,-2e-05,-1e-05,-0.00014,-0,0,0,1e-05,-3e-05,-2e-05,-7e-05,-0,-0,2e-05,0.01082,-2e-05,0.00324,0.00075,0.00019,4e-05,-0,-0.00177,2e-05,3e-05,0.00014,1e-05,-3e-05,-0
37.18,0.00022,0,0,-1e-05,1e-05,0,0.00017,-1e-05,-1e-05,-0.00016,-0,0,-0,1e-05,-3e-05,-2e-05,-8e-05,-0,-0,2e-05,0.01161,-2e-05,0.00304,0.00065,0.00014,3e-05,-0,-0.0018,1e-05,4e-05,0.00013,2e-05,-3e-05,-0
37.2,1e-05,0,0,-1e-05,1e-05,0,0.00017,-0,-1e-05,-0.00018,-0,0,-1e-05,-0,-2e-05,-2e-05,-8e-05,-0,-0,2e-05,0.01264,-1e-05,0.00271,0.00056,0.0001,3e-05,-0,-0.00186,1e-05,4e-05,0.00012,3e-05,-2e-05,-0
37.22,-0.00018,0,0,-1e-05,1e-05,0,0.00017,1e-05,-1e-05,-0.00021,0,0,-1e-05,-1e-05,-2e-05,-1e-05,-9e-05,-0,-0,2e-05,0.01394,-1e-05,0.00229,0.00047,5e-05,3e-05,-0,-0.00195,1e-05,3e-05,0.00011,5e-05,-3e-05,-0
37.24,-0.00033,0,0,-0,1e-05,0,0.00017,1e-05,-1e-05,-0.00023,0,0,-1e-05,-1e-05,-1e-05,-1e-05,-0.0001,-0,-0,1e-05,0.01556,-1e-05,0.00181,0.00037,0,2e-05,-0,-0.00209,0,2e-05,9e-05,7e-05,-3e-05,-0
37.26,-0.00041,0,0,1e-05,1e-05,0,0.00018,1e-05,-1e-05,-0.00026,0,0,-1e-05,-2e-05,-1e-05,-0,-0.0001,-0,-0,1e-05,0.01751,-1e-05,0.0013,0.00028,-4e-05,2e-05,-0,-0.00226,-0,1e-05,7e-05,9e-05,-3e-05,-0
37.28,-0.00041,0,-0,2e-05,1e-05,0,0.0002,1e-05,-1e-05,-0.00028,0,0,-1e-05,-2e-05,-0,0,-0.0001,-0,-0,0,0.01971,-0,0.00079,0.00018,-9e-05,1e-05,-0,-0.00246,-1e-05,-1e-05,3e-05,0.00012,-3e-05,-0
37.3,-0.00028,0,-0,3e-05,1e-05,0,0.00022,-1e-05,-1e-05,-0.00029,0,0,-1e-05,-3e-05,0,1e-05,-9e-05,-0,-0,-0,0.02203,-0,0.00034,0.0001,-0.00012,1e-05,-0,-0.00267,-2e-05,-4e-05,-0,0.00015,-3e-05,-0
37.32,-1e-05,0,-0,5e-05,1e-05,0,0.00024,-2e-05,-1e-05,-0.0003,0,0,-0,-3e-05,1e-05,2e-05,-7e-05,-0,-0,-1e-05,0.02427,-0,-0,2e-05,-0.00015,1e-05,0,-0.00287,-3e-05,-7e-05,-5e-05,0.00018,-3e-05,-0
37.34,0.00044,0,-0,6e-05,0,0,0.00027,-4e-05,-1e-05,-0.00029,0,-0,0,-4e-05,1e-05,2e-05,-4e-05,-0,-0,-1e-05,0.02624,-0,-0.00021,-3e-05,-0.00017,0,0,-0.00302,-5e-05,-0.00011,-9e-05,0.0002,-2e-05,0
37.36,0.00107,1e-05,-0,6e-05,0,0,0.00029,-6e-05,-1e-05,-0.00027,-0,-0,0,-4e-05,2e-05,3e-05,0,-0,-0,-1e-05,0.02774,-0,-0.00028,-6e-05,-0.00018,0,0,-0.00312,-6e-05,-0.00016,-0.00014,0.00023,-2e-05,0
37.38,0.00187,1e-05,-0,6e-05,-0,0,0.00032,-8e-05,-1e-05,-0.00024,-0,-0,1e-05,-5e-05,2e-05,3e-05,6e-05,-1e-05,-0,-2e-05,0.02854,-0,-0.00022,-6e-05,-0.00017,0,0,-0.00312,-7e-05,-0.0002,-0.00019,0.00024,-1e-05,0
37.4,0.00279,2e-05,-0,6e-05,-0,0,0.00033,-0.0001,-1e-05,-0.00019,-0,-0,1e-05,-6e-05,2e-05,4e-05,0.00013,-1e-05,-0,-2e-05,0.02839,-1e-05,-6e-05,-4e-05,-0.00016,0,0,-0.00301,-8e-05,-0.00024,-0.00023,0.00025,1e-05,0
37.42,0.00372,2e-05,-0,4e-05,-1e-05,0,0.00034,-0.00011,-2e-05,-0.00012,-0,-1e-05,2e-05,-7e-05,3e-05,4e-05,0.0002,-1e-05,-0,-2e-05,0.02707,-1e-05,0.00014,-0,-0.00014,0,0,-0.00278,-8e-05,-0.00026,-0.00026,0.00025,2e-05,0
37.44,0.00458,2e-05,-0,2e-05,-1e-05,0,0.00035,-0.00012,-2e-05,-5e-05,-0,-1e-05,2e-05,-8e-05,3e-05,4e-05,0.00028,-1e-05,-0,-2e-05,0.02439,-1e-05,0.00033,5e-05,-0.00011,0,0,-0.0024,-9e-05,-0.00027,-0.00028,0.00024,4e-05,0
37.46,0.00531,2e-05,-0,0,-2e-05,0,0.00034,-0.00012,-2e-05,4e-05,-0,-1e-05,2e-05,-9e-05,3e-05,4e-05,0.00036,-1e-05,-0,-2e-05,0.02027,-1e-05,0.00048,0.00011,-8e-05,0,0,-0.00191,-0.0001,-0.00026,-0.00028,0.00022,6e-05,0
37.48,0.00584,2e-05,-0,0,-2e-05,0,0.00032,-0.00012,-2e-05,0.00013,-0,-1e-05,2e-05,-0.0001,2e-05,3e-05,0.00043,-0,-0,-2e-05,0.01479,-1e-05,0.00059,0.00016,-4e-05,0,-0,-0.00132,-0.0001,-0.00022,-0.00026,0.00018,8e-05,0
37.5,0.00608,1e-05,-0,1e-05,-3e-05,0,0.0003,-0.00011,-1e-05,0.00022,-0,-1e-05,2e-05,-0.00011,1e-05,3e-05,0.0005,-0,-0,-1e-05,0.00815,-1e-05,0.00063,0.0002,-1e-05,0,-0,-0.00066,-0.0001,-0.00017,-0.00022,0.00014,9e-05,0
37.52,0.00591,0,-0,4e-05,-3e-05,0,0.00027,-0.0001,-1e-05,0.00031,-0,-1e-05,1e-05,-0.00011,1e-05,2e-05,0.00055,-0,-0,-1e-05,0.00066,-0,0.00063,0.00021,3e-05,0,-0,3e-05,-9e-05,-0.00011,-0.00016,8e-05,0.0001,0
37.54,0.0054,-2e-05,-0,7e-05,-3e-05,0,0.00024,-9e-05,-1e-05,0.00038,-0,-1e-05,1e-05,-0.00011,-0,1e-05,0.00058,-0,0,-0,-0.00744,-0,0.00057,0.00018,6e-05,0,-0,0.00073,-7e-05,-4e-05,-9e-05,2e-05,0.00011,0
37.56,0.00467,-3e-05,-0,0.00012,-4e-05,0,0.00022,-7e-05,-0,0.00043,-0,-1e-05,1e-05,-0.0001,-1e-05,1e-05,0.00058,0,0,0,-0.01584,0,0.00047,9e-05,8e-05,0,-0,0.00142,-5e-05,3e-05,-2e-05,-4e-05,0.00011,0
37.58,0.00376,-5e-05,-0,0.00018,-4e-05,0,0.00022,-6e-05,0,0.00045,-0,-0,1e-05,-8e-05,-2e-05,-0,0.00056,0,0,1e-05,-0.02424,0,0.00031,-4e-05,0.0001,-0,-0,0.00209,-2e-05,9e-05,5e-05,-0.0001,0.0001,0
37.6,0.00279,-5e-05,-0,0.00022,-4e-05,0,0.00024,-5e-05,0,0.00046,-0,-0,0,-5e-05,-3e-05,-1e-05,0.00052,1e-05,0,1e-05,-0.03224,0,0.0001,-0.00022,0.00011,-0,-0,0.00273,1e-05,0.00014,0.00011,-0.00015,9e-05,0
37.62,0.00185,-6e-05,-0,0.00025,-4e-05,0,0.00028,-4e-05,1e-05,0.00043,-0,-0,0,-2e-05,-4e-05,-2e-05,0.00046,1e-05,0,2e-05,-0.03939,-0,-0.00018,-0.00044,0.00011,-0,0,0.00333,4e-05,0.00017,0.00015,-0.00019,7e-05,0
37.64,0.001,-5e-05,0,0.00024,-4e-05,0,0.00037,-3e-05,1e-05,0.00037,-0,-0,0,1e-05,-4e-05,-2e-05,0.00037,1e-05,1e-05,2e-05,-0.04538,-1e-05,-0.00053,-0.00069,0.0001,-1e-05,0,0.00387,7e-05,0.00018,0.00015,-0.00022,4e-05,0
37.66,0.00027,-4e-05,0,0.00022,-4e-05,0,0.00051,-3e-05,1e-05,0.00028,-0,-0,0,5e-05,-4e-05,-3e-05,0.00028,1e-05,1e-05,2e-05,-0.05003,-2e-05,-0.00093,-0.00096,8e-05,-1e-05,0,0.00435,0.0001,0.00016,0.00013,-0.00023,1e-05,-0
37.68,-0.00033,-3e-05,1e-05,0.00019,-4e-05,0,0.0007,-3e-05,1e-05,0.00016,-0,-0,0,9e-05,-4e-05,-3e-05,0.00018,1e-05,1e-05,2e-05,-0.05339,-4e-05,-0.00136,-0.00122,5e-05,-1e-05,0,0.00477,0.00012,0.00011,7e-05,-0.00022,-2e-05,-0
37.7,-0.0008,-2e-05,2e-05,0.00014,-5e-05,0,0.00097,-4e-05,1e-05,2e-05,-0,-0,0,0.00014,-4e-05,-3e-05,8e-05,1e-05,0,2e-05,-0.05552,-5e-05,-0.0018,-0.00146,1e-05,-2e-05,0,0.00513,0.00014,4e-05,-1e-05,-0.0002,-5e-05,-0
37.72,-0.00114,-1e-05,3e-05,8e-05,-5e-05,0,0.00133,-5e-05,1e-05,-0.00014,-0,0,0,0.00019,-4e-05,-4e-05,-1e-05,1e-05,0,2e-05,-0.05656,-5e-05,-0.00221,-0.00167,-2e-05,-2e-05,0,0.00545,0.00015,-5e-05,-0.0001,-0.00017,-8e-05,-0
37.74,-0.00135,-1e-05,4e-05,2e-05,-5e-05,0,0.00178,-6e-05,1e-05,-0.00031,-0,0,0,0.00025,-4e-05,-4e-05,-8e-05,0,0,2e-05,-0.0568,-5e-05,-0.00254,-0.0018,-5e-05,-2e-05,0,0.0057,0.00015,-0.00015,-0.00018,-0.00014,-0.00011,-0
37.76,-0.00141,-0,5e-05,-3e-05,-6e-05,0,0.00231,-8e-05,1e-05,-0.00049,-0,0,0,0.00031,-4e-05,-4e-05,-0.00012,0,0,1e-05,-0.05654,-5e-05,-0.00275,-0.00184,-7e-05,-2e-05,0,0.0059,0.00014,-0.00026,-0.00026,-0.0001,-0.00012,-0
37.78,-0.00134,-0,7e-05,-9e-05,-7e-05,0,0.0029,-0.0001,0,-0.00068,-0,0,0,0.00036,-4e-05,-4e-05,-0.00015,0,-0,1e-05,-0.05601,-5e-05,-0.0028,-0.00178,-8e-05,-2e-05,0,0.00604,0.00013,-0.00036,-0.00032,-7e-05,-0.00013,-0
37.8,-0.00112,-0,9e-05,-0.00014,-7e-05,0,0.00355,-0.00012,-0,-0.00088,-0,1e-05,0,0.00042,-5e-05,-5e-05,-0.00015,0,-0,1e-05,-0.0555,-4e-05,-0.00268,-0.00163,-8e-05,-2e-05,0,0.00613,0.00012,-0.00045,-0.00036,-4e-05,-0.00014,0
37.82,-0.00077,0,0.00011,-0.00017,-8e-05,0,0.0043,-0.00012,-1e-05,-0.00107,-0,1e-05,0,0.00047,-5e-05,-5e-05,-0.00016,-0,-0,1e-05,-0.05529,-3e-05,-0.00236,-0.0014,-5e-05,-2e-05,0,0.00619,0.00011,-0.00049,-0.00036,-2e-05,-0.00014,0
37.84,-0.00035,0,0.00014,-0.00021,-9e-05,0,0.00506,-0.00012,-2e-05,-0.00126,-0,1e-05,0,0.00053,-5e-05,-6e-05,-0.00016,-0,-0,0,-0.05549,-2e-05,-0.00184,-0.00113,-2e-05,-1e-05,0,0.00622,9e-05,-0.0005,-0.00034,-1e-05,-0.00013,0
37.86,0.00011,0,0.00016,-0.00024,-9e-05,0,0.00575,-0.00011,-3e-05,-0.00144,-0,1e-05,0,0.00057,-5e-05,-6e-05,-0.00017,-0,-0,0,-0.05614,-1e-05,-0.00115,-0.00085,4e-05,-1e-05,0,0.00623,9e-05,-0.00045,-0.00029,-1e-05,-0.00012,0
37.88,0.00059,1e-05,0.00017,-0.00027,-9e-05,0,0.00633,-0.00011,-4e-05,-0.00161,-0,1e-05,0,0.00062,-5e-05,-7e-05,-0.00018,-0,-0,0,-0.05721,0,-0.00033,-0.00058,0.0001,-0,-0,0.00621,8e-05,-0.00035,-0.00022,-1e-05,-0.00011,0
37.9,0.00105,1e-05,0.00018,-0.00029,-0.0001,0,0.0068,-0.0001,-5e-05,-0.00176,-0,2e-05,0,0.00065,-5e-05,-8e-05,-0.00021,-0,-0,0,-0.05859,1e-05,0.00052,-0.00034,0.00016,1e-05,-0,0.00616,8e-05,-0.00021,-0.00013,-3e-05,-0.0001,0
37.92,0.00141,0,0.00018,-0.00031,-0.0001,0,0.00716,-5e-05,-6e-05,-0.00188,-0,2e-05,-0,0.00068,-4e-05,-9e-05,-0.00025,-0,-0,1e-05,-0.06017,1e-05,0.00129,-0.00016,0.00022,1e-05,-0,0.00608,8e-05,-4e-05,-5e-05,-4e-05,-8e-05,0
37.94,0.00166,-0,0.00017,-0.00033,-0.0001,0,0.00738,0,-7e-05,-0.00196,-0,2e-05,-0,0.0007,-2e-05,-0.0001,-0.0003,0,-0,1e-05,-0.06173,1e-05,0.00187,-6e-05,0.00027,2e-05,-0,0.00596,8e-05,0.00013,2e-05,-5e-05,-6e-05,0
37.96,0.00181,-1e-05,0.00015,-0.00033,-9e-05,0,0.0074,5e-05,-8e-05,-0.00201,-0,2e-05,-0,0.00071,-1e-05,-0.0001,-0.00035,0,-0,1e-05,-0.06312,-1e-05,0.00224,-4e-05,0.0003,2e-05,-1e-05,0.00581,8e-05,0.00029,7e-05,-6e-05,-5e-05,0
37.98,0.00188,-1e-05,0.00012,-0.00033,-9e-05,0,0.00729,0.0001,-8e-05,-0.00201,0,2e-05,-1e-05,0.00071,0,-0.00011,-0.0004,0,-0,1e-05,-0.06433,-3e-05,0.00241,-8e-05,0.00031,3e-05,-1e-05,0.00565,8e-05,0.00044,0.0001,-7e-05,-3e-05,0
38,0.00186,-2e-05,9e-05,-0.00031,-9e-05,0,0.00705,0.00014,-7e-05,-0.00197,0,1e-05,-1e-05,0.00071,1e-05,-0.00011,-0.00044,0,-0,1e-05,-0.06533,-5e-05,0.0024,-0.00018,0.00031,3e-05,-1e-05,0.00547,8e-05,0.00056,0.00011,-7e-05,-1e-05,0
38.02,0.00178,-2e-05,5e-05,-0.00029,-8e-05,0,0.00672,0.00017,-7e-05,-0.0019,0,0,-1e-05,0.0007,2e-05,-0.00011,-0.00047,0,-0,1e-05,-0.06609,-8e-05,0.00229,-0.00031,0.0003,3e-05,-1e-05,0.00529,9e-05,0.00065,0.0001,-8e-05,0,0
38.04,0.00164,-2e-05,2e-05,-0.00025,-7e-05,0,0.00635,0.00019,-8e-05,-0.00178,0,-0,-1e-05,0.00069,2e-05,-0.0001,-0.00048,0,-0,1e-05,-0.06674,-0.00011,0.00212,-0.00044,0.00028,3e-05,-1e-05,0.00511,9e-05,0.0007,8e-05,-8e-05,1e-05,-0
38.06,0.00146,-2e-05,-1e-05,-0.00022,-6e-05,0,0.00598,0.00022,-8e-05,-0.00162,0,-1e-05,-1e-05,0.00066,3e-05,-0.0001,-0.00047,0,-0,1e-05,-0.0674,-0.00013,0.00193,-0.00057,0.00026,3e-05,-1e-05,0.00494,9e-05,0.0007,5e-05,-8e-05,3e-05,-0
38.08,0.00126,-1e-05,-4e-05,-0.00018,-5e-05,0,0.00564,0.00024,-9e-05,-0.00143,0,-2e-05,-1e-05,0.00063,3e-05,-8e-05,-0.00044,0,-0,1e-05,-0.06814,-0.00015,0.00175,-0.00068,0.00024,3e-05,-1e-05,0.00478,9e-05,0.00068,2e-05,-8e-05,4e-05,-0
38.1,0.00103,-1e-05,-5e-05,-0.00014,-4e-05,0,0.0053,0.00025,-0.0001,-0.00123,0,-3e-05,-1e-05,0.00058,3e-05,-7e-05,-0.0004,0,-0,1e-05,-0.06902,-0.00016,0.00162,-0.00077,0.00022,3e-05,-1e-05,0.00465,9e-05,0.00064,-1e-05,-9e-05,4e-05,-0
38.12,0.00077,0,-6e-05,-0.0001,-3e-05,0,0.00495,0.00025,-0.00012,-0.00104,-0,-3e-05,-1e-05,0.00052,3e-05,-5e-05,-0.00035,0,-0,1e-05,-0.07007,-0.00015,0.00156,-0.00083,0.0002,3e-05,-1e-05,0.00455,9e-05,0.00058,-3e-05,-9e-05,5e-05,-0
38.14,0.00047,1e-05,-6e-05,-6e-05,-2e-05,0,0.00463,0.00025,-0.00015,-0.00086,-0,-4e-05,-1e-05,0.00045,3e-05,-4e-05,-0.00031,0,-0,1e-05,-0.07135,-0.00013,0.00156,-0.00086,0.00019,3e-05,-1e-05,0.00447,8e-05,0.00053,-5e-05,-9e-05,5e-05,-0
38.16,0.00015,2e-05,-6e-05,-3e-05,-1e-05,0,0.00437,0.00024,-0.0002,-0.00068,-0,-4e-05,-1e-05,0.0004,3e-05,-2e-05,-0.00026,0,-0,1e-05,-0.07282,-0.00011,0.00163,-0.00086,0.00018,3e-05,-1e-05,0.0044,7e-05,0.00049,-6e-05,-0.0001,5e-05,-0
38.18,-0.00019,2e-05,-5e-05,-1e-05,-0,0,0.00415,0.00024,-0.00025,-0.00051,-0,-4e-05,-1e-05,0.00035,2e-05,-0,-0.00023,0,-0,1e-05,-0.0744,-9e-05,0.00173,-0.00084,0.00017,3e-05,-1e-05,0.00435,6e-05,0.00045,-7e-05,-0.00011,5e-05,-0
38.2,-0.00057,3e-05,-5e-05,0,0,0,0.00394,0.00023,-0.0003,-0.00036,-1e-05,-4e-05,-1e-05,0.0003,2e-05,1e-05,-0.0002,0,-0,1e-05,-0.07594,-7e-05,0.00184,-0.00079,0.00017,2e-05,-1e-05,0.0043,5e-05,0.00041,-7e-05,-0.00011,5e-05,-0
38.22,-0.00101,3e-05,-4e-05,0,1e-05,0,0.00374,0.00021,-0.00036,-0.00022,-1e-05,-4e-05,-0,0.00025,1e-05,3e-05,-0.00018,0,-0,1e-05,-0.07734,-5e-05,0.00191,-0.00074,0.00018,2e-05,-1e-05,0.00423,4e-05,0.00037,-7e-05,-0.00012,4e-05,-0
38.24,-0.00151,3e-05,-4e-05,-1e-05,1e-05,0,0.00352,0.00019,-0.00041,-8e-05,-1e-05,-5e-05,-0,0.00021,-0,4e-05,-0.00016,0,-0,1e-05,-0.07843,-4e-05,0.00193,-0.00068,0.00019,2e-05,-1e-05,0.00414,3e-05,0.00033,-7e-05,-0.00013,3e-05,-0
38.26,-0.00205,3e-05,-3e-05,-3e-05,1e-05,0,0.00329,0.00017,-0.00045,5e-05,-1e-05,-5e-05,-0,0.00018,-1e-05,5e-05,-0.00015,0,-0,1e-05,-0.07919,-3e-05,0.00189,-0.00063,0.0002,1e-05,-1e-05,0.00403,3e-05,0.00028,-7e-05,-0.00015,3e-05,-0
38.28,-0.00263,3e-05,-3e-05,-5e-05,1e-05,0,0.00303,0.00014,-0.00047,0.00019,-1e-05,-5e-05,-0,0.00016,-2e-05,5e-05,-0.00014,0,-0,1e-05,-0.07974,-2e-05,0.00182,-0.00059,0.00022,1e-05,-0,0.00389,2e-05,0.00024,-8e-05,-0.00016,2e-05,0
38.3,-0.00325,2e-05,-3e-05,-9e-05,0,0,0.00274,0.00012,-0.00048,0.00033,-1e-05,-6e-05,0,0.00014,-3e-05,6e-05,-0.00012,0,-0,1e-05,-0.08027,-2e-05,0.00177,-0.00057,0.00024,1e-05,-0,0.00372,2e-05,0.0002,-9e-05,-0.00017,2e-05,0
38.32,-0.00389,2e-05,-2e-05,-0.00014,-0,0,0.00243,0.00011,-0.00047,0.0005,-1e-05,-6e-05,0,0.00012,-3e-05,6e-05,-8e-05,0,-0,1e-05,-0.081,-1e-05,0.0018,-0.00058,0.00026,0,-0,0.00354,1e-05,0.0002,-0.0001,-0.00018,1e-05,0
38.34,-0.00449,2e-05,-2e-05,-0.00019,-1e-05,0,0.00213,0.0001,-0.00044,0.0007,-1e-05,-6e-05,0,0.0001,-3e-05,5e-05,-3e-05,0,-0,1e-05,-0.08213,-1e-05,0.00194,-0.00061,0.00028,0,-0,0.00333,1e-05,0.00022,-0.00011,-0.00019,2e-05,0
38.36,-0.005,2e-05,-1e-05,-0.00025,-2e-05,0,0.00184,9e-05,-0.00039,0.00093,-1e-05,-6e-05,1e-05,9e-05,-2e-05,5e-05,5e-05,0,-0,1e-05,-0.08373,-0,0.00218,-0.00065,0.0003,0,-0,0.00309,0,0.00027,-0.00013,-0.00019,2e-05,0
38.38,-0.00539,2e-05,-0,-0.00031,-3e-05,0,0.00159,9e-05,-0.00031,0.00119,-1e-05,-6e-05,1e-05,7e-05,-1e-05,4e-05,0.00016,-0,-0,0,-0.08573,1e-05,0.0025,-0.00071,0.00032,-0,-0,0.00281,-0,0.00034,-0.00015,-0.00019,3e-05,-0
38.4,-0.00561,2e-05,1e-05,-0.00036,-4e-05,0,0.00138,0.0001,-0.00022,0.00147,-1e-05,-6e-05,1e-05,5e-05,-0,4e-05,0.00029,-0,-0,-0,-0.08795,1e-05,0.00283,-0.00078,0.00033,-0,-0,0.00248,-0,0.00042,-0.00017,-0.00019,4e-05,-0
38.42,-0.00566,1e-05,2e-05,-0.00041,-5e-05,0,0.00124,0.00012,-0.00014,0.00178,-1e-05,-6e-05,1e-05,3e-05,1e-05,4e-05,0.00044,-0,-0,-1e-05,-0.09011,1e-05,0.00305,-0.00083,0.00034,-0,-0,0.00208,-1e-05,0.00049,-0.00018,-0.00018,5e-05,-0
38.44,-0.00552,1e-05,3e-05,-0.00045,-6e-05,0,0.00117,0.00014,-4e-05,0.00209,-1e-05,-6e-05,2e-05,1e-05,2e-05,4e-05,0.0006,-0,0,-1e-05,-0.09201,1e-05,0.00312,-0.00087,0.00034,-1e-05,0,0.00162,-1e-05,0.00052,-0.0002,-0.00017,6e-05,-0
38.46,-0.00519,1e-05,5e-05,-0.00049,-7e-05,0,0.00118,0.00016,6e-05,0.00238,-1e-05,-5e-05,2e-05,-0,2e-05,4e-05,0.00076,-0,0,-1e-05,-0.09352,0,0.00304,-0.00089,0.00033,-1e-05,0,0.0011,-0,0.00053,-0.0002,-0.00017,7e-05,-0
38.48,-0.0047,1e-05,6e-05,-0.00051,-8e-05,0,0.00127,0.00019,0.00015,0.00265,-0,-5e-05,2e-05,-1e-05,3e-05,5e-05,0.00093,-0,0,-1e-05,-0.0946,-1e-05,0.0028,-0.0009,0.00031,-2e-05,0,0.00051,-0,0.0005,-0.00021,-0.00016,7e-05,-0
38.5,-0.00408,1e-05,7e-05,-0.00052,-9e-05,0,0.00142,0.00021,0.00022,0.00289,-0,-4e-05,2e-05,-2e-05,3e-05,6e-05,0.0011,-0,0,-2e-05,-0.09522,-3e-05,0.00246,-0.00089,0.00029,-3e-05,1e-05,-0.00011,-0,0.00045,-0.00021,-0.00016,7e-05,-0
38.52,-0.00339,1e-05,8e-05,-0.00051,-0.0001,0,0.00161,0.00024,0.00028,0.00307,0,-3e-05,2e-05,-2e-05,3e-05,8e-05,0.00125,-0,0,-2e-05,-0.09539,-5e-05,0.00208,-0.00089,0.00027,-3e-05,1e-05,-0.00074,0,0.00039,-0.0002,-0.00016,7e-05,-0
38.54,-0.00271,1e-05,8e-05,-0.0005,-0.00011,0,0.00182,0.00026,0.0003,0.00319,0,-3e-05,2e-05,-2e-05,2e-05,9e-05,0.0014,-0,0,-2e-05,-0.0952,-7e-05,0.00169,-0.00088,0.00025,-4e-05,1e-05,-0.00133,0,0.00033,-0.0002,-0.00015,6e-05,-0
38.56,-0.0021,0,7e-05,-0.00048,-0.00011,0,0.00203,0.00027,0.0003,0.00325,1e-05,-2e-05,2e-05,-0,2e-05,0.0001,0.00152,-0,0,-2e-05,-0.09475,-9e-05,0.00134,-0.00087,0.00024,-4e-05,1e-05,-0.00185,0,0.00028,-0.00019,-0.00014,6e-05,-0
38.58,-0.00162,0,6e-05,-0.00046,-0.00012,0,0.00222,0.00028,0.00027,0.00325,1e-05,-1e-05,2e-05,1e-05,1e-05,0.00011,0.00162,-0,0,-1e-05,-0.09407,-0.0001,0.00105,-0.00086,0.00023,-5e-05,1e-05,-0.00224,0,0.00024,-0.00018,-0.00013,5e-05,-0
38.6,-0.00132,0,5e-05,-0.00044,-0.00012,0,0.00238,0.00028,0.00023,0.00319,1e-05,-0,2e-05,3e-05,1e-05,0.00011,0.0017,-0,0,-1e-05,-0.09316,-0.00012,0.00084,-0.00085,0.00022,-5e-05,2e-05,-0.00244,0,0.00021,-0.00016,-0.00011,4e-05,-0
38.62,-0.00124,0,4e-05,-0.00041,-0.00012,0,0.0025,0.00028,0.00018,0.00306,1e-05,0,2e-05,5e-05,1e-05,0.00011,0.00176,-0,0,-1e-05,-0.09198,-0.00012,0.00072,-0.00083,0.00023,-5e-05,2e-05,-0.0024,0,0.00018,-0.00015,-0.0001,3e-05,-0
38.64,-0.00141,-0,3e-05,-0.0004,-0.00012,0,0.00259,0.00027,0.00013,0.00289,1e-05,1e-05,2e-05,6e-05,1e-05,0.00011,0.0018,-0,0,-1e-05,-0.09051,-0.00012,0.00069,-0.00081,0.00024,-5e-05,2e-05,-0.0021,0,0.00015,-0.00013,-9e-05,3e-05,-0
38.66,-0.00184,-0,2e-05,-0.00039,-0.00012,0,0.00261,0.00027,9e-05,0.0027,1e-05,1e-05,1e-05,8e-05,1e-05,0.0001,0.00182,-0,0,-0,-0.08863,-0.00011,0.00073,-0.00078,0.00026,-4e-05,1e-05,-0.00152,0,0.00013,-0.00011,-7e-05,3e-05,-0
38.68,-0.00252,-0,1e-05,-0.00038,-0.00011,0,0.00259,0.00025,6e-05,0.00249,1e-05,2e-05,1e-05,9e-05,0,9e-05,0.00181,0,0,-0,-0.0862,-0.0001,0.00082,-0.00075,0.00029,-3e-05,1e-05,-0.00066,0,0.00011,-9e-05,-6e-05,2e-05,-0
38.7,-0.00342,-1e-05,1e-05,-0.00039,-0.00011,0,0.00252,0.00024,4e-05,0.00228,1e-05,2e-05,1e-05,0.0001,0,8e-05,0.00179,0,0,0,-0.08315,-8e-05,0.0009,-0.00069,0.00033,-3e-05,1e-05,0.0004,0,9e-05,-7e-05,-5e-05,2e-05,-0
38.72,-0.00446,-1e-05,0,-0.0004,-0.0001,0,0.00242,0.00022,3e-05,0.00207,1e-05,3e-05,1e-05,0.0001,0,7e-05,0.00175,0,0,1e-05,-0.07939,-6e-05,0.00093,-0.00063,0.00037,-2e-05,1e-05,0.00158,-0,7e-05,-5e-05,-5e-05,2e-05,-0
38.74,-0.00561,-1e-05,0,-0.00041,-8e-05,0,0.00229,0.0002,2e-05,0.00185,1e-05,3e-05,0,0.0001,0,7e-05,0.00169,0,1e-05,1e-05,-0.07469,-4e-05,0.00088,-0.00055,0.00041,-1e-05,1e-05,0.00278,-0,5e-05,-4e-05,-4e-05,2e-05,-0
38.76,-0.00682,-1e-05,1e-05,-0.00043,-7e-05,0,0.0021,0.00018,1e-05,0.00166,0,4e-05,0,0.0001,0,6e-05,0.00162,0,1e-05,1e-05,-0.06883,-2e-05,0.00074,-0.00048,0.00045,-1e-05,1e-05,0.00386,-1e-05,4e-05,-3e-05,-4e-05,2e-05,-0
38.78,-0.00802,-1e-05,1e-05,-0.00045,-5e-05,0,0.00188,0.00015,0,0.00147,0,4e-05,0,9e-05,-0,6e-05,0.00153,0,1e-05,2e-05,-0.06179,-1e-05,0.00055,-0.0004,0.00048,-0,1e-05,0.0047,-1e-05,3e-05,-2e-05,-3e-05,2e-05,-0
38.8,-0.00916,-2e-05,1e-05,-0.00047,-4e-05,0,0.00162,0.00011,-0,0.00129,0,5e-05,0,9e-05,-1e-05,5e-05,0.00142,0,1e-05,2e-05,-0.05375,1e-05,0.00035,-0.00033,0.00049,-0,1e-05,0.00523,-2e-05,2e-05,-1e-05,-3e-05,1e-05,-0
38.82,-0.01014,-2e-05,1e-05,-0.00049,-2e-05,0,0.00134,8e-05,-0,0.00113,0,5e-05,0,8e-05,-1e-05,5e-05,0.00131,0,1e-05,2e-05,-0.04509,2e-05,0.0002,-0.00026,0.00048,0,0,0.00546,-3e-05,1e-05,-1e-05,-2e-05,1e-05,-0
38.84,-0.01087,-2e-05,2e-05,-0.0005,-0,0,0.00102,4e-05,-0,0.00097,-0,5e-05,-0,8e-05,-1e-05,4e-05,0.00118,0,1e-05,2e-05,-0.03623,4e-05,0.00014,-0.0002,0.00046,0,0,0.00542,-3e-05,0,-0,-2e-05,1e-05,-0
38.86,-0.0113,-3e-05,2e-05,-0.0005,1e-05,0,0.00068,-0,0,0.00081,-0,5e-05,-0,8e-05,-1e-05,3e-05,0.00105,0,1e-05,2e-05,-0.02759,6e-05,0.00016,-0.00015,0.00042,0,-0,0.00517,-4e-05,0,0,-2e-05,0,-0
38.88,-0.01136,-3e-05,2e-05,-0.00048,2e-05,0,0.00032,-5e-05,1e-05,0.00066,-0,5e-05,-0,8e-05,-1e-05,2e-05,0.00092,0,0,2e-05,-0.01961,7e-05,0.00023,-0.00011,0.00037,0,-0,0.00475,-4e-05,-0,1e-05,-1e-05,0,-0
38.9,-0.01097,-4e-05,1e-05,-0.00045,2e-05,0,-6e-05,-9e-05,3e-05,0.00052,-0,5e-05,-0,7e-05,-1e-05,1e-05,0.00079,0,0,2e-05,-0.01272,7e-05,0.00029,-7e-05,0.0003,0,-0,0.00417,-4e-05,-0,1e-05,-1e-05,-0,-0
38.92,-0.01006,-4e-05,1e-05,-0.00039,3e-05,0,-0.00045,-0.00012,5e-05,0.00038,-0,4e-05,-0,7e-05,-1e-05,0,0.00065,0,0,2e-05,-0.00724,6e-05,0.00031,-4e-05,0.00023,-0,-0,0.00346,-3e-05,-1e-05,1e-05,-1e-05,-0,-0
38.94,-0.00865,-4e-05,1e-05,-0.00032,3e-05,0,-0.00085,-0.00015,9e-05,0.00026,-0,4e-05,-1e-05,7e-05,-1e-05,-1e-05,0.00052,0,0,1e-05,-0.00328,4e-05,0.00026,-2e-05,0.00015,-0,-0,0.00277,-2e-05,-1e-05,1e-05,-0,-0,-0
38.96,-0.00675,-4e-05,0,-0.00022,3e-05,0,-0.00125,-0.00017,0.00013,0.00015,-0,3e-05,-1e-05,6e-05,-1e-05,-2e-05,0.00039,0,1e-05,1e-05,-0.00079,1e-05,0.00017,-0,9e-05,-0,-0,0.00208,-2e-05,-1e-05,1e-05,-0,-0,-0
38.98,-0.0044,-3e-05,0,-0.0001,2e-05,0,-0.00166,-0.00017,0.00019,5e-05,-0,3e-05,-1e-05,6e-05,-0,-3e-05,0.00027,0,1e-05,0,0.00042,-2e-05,6e-05,0,4e-05,-0,-0,0.00137,-1e-05,-1e-05,1e-05,-0,-0,-0
39,-0.00167,-3e-05,0,4e-05,2e-05,0,-0.00206,-0.00018,0.00026,-2e-05,-0,3e-05,-1e-05,5e-05,0,-4e-05,0.00016,0,1e-05,-1e-05,0.00055,-4e-05,-4e-05,0,1e-05,-0,-0,0.00064,-0,-1e-05,1e-05,-0,-0,-0
39.02,0.00129,-2e-05,1e-05,0.00018,2e-05,0,-0.00246,-0.00018,0.00035,-7e-05,-0,3e-05,-1e-05,5e-05,0,-4e-05,6e-05,0,1e-05,-1e-05,-0.00012,-4e-05,-7e-05,-0,-0,-0,0,-0.00012,1e-05,-1e-05,0,-0,-0,0
39.04,0.0043,-1e-05,1e-05,0.00032,2e-05,0,-0.00283,-0.00018,0.00045,-0.0001,-0,3e-05,-1e-05,4e-05,1e-05,-5e-05,-3e-05,0,1e-05,-1e-05,-0.001,-2e-05,-6e-05,-1e-05,-0,-0,0,-0.00091,1e-05,-1e-05,0,-0,-0,0
39.06,0.00726,-0,3e-05,0.00046,2e-05,0,-0.00318,-0.00018,0.00056,-0.0001,-0,3e-05,-1e-05,4e-05,1e-05,-4e-05,-0.00012,0,1e-05,-2e-05,-0.00194,0,-2e-05,-1e-05,-0,-0,0,-0.00173,2e-05,-1e-05,0,-0,0,0
39.08,0.01009,1e-05,4e-05,0.00059,3e-05,0,-0.00352,-0.00018,0.00067,-9e-05,-0,4e-05,-2e-05,4e-05,1e-05,-4e-05,-0.00019,0,1e-05,-2e-05,-0.00296,3e-05,2e-05,-2e-05,-0,-0,0,-0.0026,3e-05,-1e-05,-0,-0,0,0
39.1,0.01265,1e-05,6e-05,0.00069,3e-05,0,-0.00381,-0.00018,0.00079,-7e-05,-0,5e-05,-2e-05,4e-05,1e-05,-3e-05,-0.00025,-0,1e-05,-2e-05,-0.00406,6e-05,6e-05,-2e-05,0,-0,0,-0.00351,3e-05,-1e-05,0,-0,0,0
39.12,0.01473,2e-05,8e-05,0.00076,4e-05,0,-0.00399,-0.0002,0.0009,-5e-05,-0,6e-05,-2e-05,5e-05,1e-05,-2e-05,-0.00031,-0,1e-05,-2e-05,-0.0041,7e-05,5e-05,-2e-05,-0,-0,0,-0.00446,4e-05,-2e-05,0,-0,0,0
39.14,0.01632,2e-05,0.0001,0.00079,6e-05,0,-0.00408,-0.00022,0.001,-5e-05,-0,7e-05,-2e-05,5e-05,1e-05,-0,-0.00036,-0,1e-05,-2e-05,-0.00184,5e-05,-0.0001,-1e-05,-2e-05,0,0,-0.00545,4e-05,-3e-05,0,-0,0,0
39.16,0.01745,2e-05,0.00011,0.00079,7e-05,0,-0.00413,-0.00026,0.00108,-6e-05,0,8e-05,-1e-05,6e-05,1e-05,1e-05,-0.00039,-0,1e-05,-2e-05,0.00276,-0,-0.0004,2e-05,-6e-05,0,0,-0.0065,5e-05,-4e-05,1e-05,0,0,0
39.18,0.01814,2e-05,0.00012,0.00075,9e-05,0,-0.00412,-0.0003,0.00115,-9e-05,0,8e-05,-1e-05,8e-05,1e-05,3e-05,-0.00042,-0,1e-05,-2e-05,0.01025,-7e-05,-0.00086,7e-05,-0.00013,0,0,-0.00761,5e-05,-6e-05,1e-05,0,0,0
39.2,0.01838,1e-05,0.00013,0.00068,0.0001,0,-0.00406,-0.00035,0.0012,-0.00015,0,8e-05,-1e-05,9e-05,1e-05,5e-05,-0.00045,-0,1e-05,-2e-05,0.021,-0.00014,-0.00146,0.00016,-0.00024,0,1e-05,-0.00853,5e-05,-8e-05,1e-05,0,-0,0
39.22,0.01811,1e-05,0.00012,0.0006,0.00011,0,-0.00398,-0.00039,0.00123,-0.00022,0,8e-05,-1e-05,0.00011,1e-05,6e-05,-0.00046,-0,1e-05,-1e-05,0.03493,-0.0002,-0.00214,0.00029,-0.00037,0,1e-05,-0.00923,4e-05,-9e-05,1e-05,1e-05,-0,0
39.24,0.01745,1e-05,0.00011,0.0005,0.00012,0,-0.00387,-0.00043,0.00123,-0.00031,1e-05,8e-05,-1e-05,0.00013,1e-05,8e-05,-0.00047,0,0,-1e-05,0.0513,-0.00022,-0.00283,0.00047,-0.00052,-0,1e-05,-0.00969,3e-05,-0.00011,0,1e-05,-0,0
39.26,0.01655,0,0.0001,0.00039,0.00012,0,-0.00373,-0.00047,0.0012,-0.00042,1e-05,7e-05,-1e-05,0.00014,1e-05,9e-05,-0.00048,0,0,-1e-05,0.0688,-0.0002,-0.00343,0.00069,-0.00069,0,1e-05,-0.00983,2e-05,-0.00013,-1e-05,3e-05,-1e-05,0
39.28,0.01547,0,8e-05,0.00029,0.00013,0,-0.00354,-0.00051,0.00114,-0.00053,1e-05,7e-05,-1e-05,0.00016,1e-05,9e-05,-0.00048,0,0,-1e-05,0.08593,-0.00013,-0.00387,0.00094,-0.00083,0,1e-05,-0.0096,1e-05,-0.00014,-1e-05,5e-05,-1e-05,0
39.3,0.01423,0,5e-05,0.00019,0.00013,0,-0.00336,-0.00053,0.00106,-0.00064,2e-05,6e-05,-1e-05,0.00016,2e-05,0.0001,-0.00049,0,0,-1e-05,0.10128,-4e-05,-0.0041,0.0012,-0.00094,0,1e-05,-0.00895,-0,-0.00014,-1e-05,8e-05,-1e-05,-0
39.32,0.01286,0,2e-05,0.00011,0.00012,0,-0.00323,-0.00055,0.00097,-0.00075,3e-05,6e-05,-0,0.00017,2e-05,0.0001,-0.0005,0,-0,-0,0.11375,7e-05,-0.00413,0.00146,-0.00099,1e-05,1e-05,-0.0079,-1e-05,-0.00013,1e-05,0.00012,-2e-05,-0
39.34,0.01146,0,-0,3e-05,0.00012,0,-0.0031,-0.00056,0.00087,-0.00086,4e-05,5e-05,-0,0.00016,2e-05,0.00011,-0.00052,0,-0,-0,0.1229,0.00016,-0.00397,0.00168,-0.00099,1e-05,0,-0.00657,-1e-05,-0.00012,5e-05,0.00017,-2e-05,-0
39.36,0.01009,1e-05,-3e-05,-3e-05,0.00011,0,-0.00294,-0.00056,0.00076,-0.00096,5e-05,5e-05,-0,0.00015,2e-05,0.00011,-0.00056,0,-0,-0,0.12886,0.00023,-0.00367,0.00184,-0.00094,1e-05,0,-0.00515,-1e-05,-0.00011,0.00012,0.00022,-3e-05,-0
39.38,0.00878,1e-05,-4e-05,-8e-05,0.00011,0,-0.00275,-0.00056,0.00065,-0.00106,6e-05,4e-05,-0,0.00014,2e-05,0.00011,-0.0006,-0,-0,-0,0.13202,0.00028,-0.00332,0.00194,-0.00086,2e-05,-0,-0.00383,-1e-05,-0.00011,0.00021,0.00027,-5e-05,-0
39.4,0.00756,1e-05,-6e-05,-0.00011,0.0001,0,-0.00256,-0.00056,0.00055,-0.00116,7e-05,4e-05,-0,0.00012,1e-05,0.00011,-0.00065,-0,-0,-0,0.13307,0.00029,-0.00299,0.00197,-0.00077,2e-05,-0,-0.00273,-1e-05,-0.00014,0.00032,0.00031,-6e-05,0
39.42,0.00646,1e-05,-6e-05,-0.00014,0.0001,0,-0.00239,-0.00056,0.00046,-0.00125,9e-05,3e-05,-0,9e-05,-0,0.0001,-0.00071,-0,-0,-0,0.13267,0.00028,-0.00276,0.00193,-0.00068,2e-05,-0,-0.00193,-1e-05,-0.00017,0.00042,0.00034,-8e-05,0
39.44,0.00547,2e-05,-6e-05,-0.00016,9e-05,0,-0.00223,-0.00054,0.00037,-0.00134,0.0001,3e-05,0,7e-05,-1e-05,0.0001,-0.00078,-0,-0,-0,0.13128,0.00025,-0.0027,0.00184,-0.00059,1e-05,-0,-0.00143,-0,-0.00022,0.0005,0.00036,-9e-05,0
39.46,0.00458,2e-05,-5e-05,-0.00017,9e-05,0,-0.00206,-0.00053,0.0003,-0.00142,0.0001,2e-05,0,5e-05,-2e-05,9e-05,-0.00084,-0,-0,-0,0.12919,0.00021,-0.00281,0.00173,-0.00052,1e-05,0,-0.00121,-0,-0.00026,0.00054,0.00036,-0.0001,0
39.48,0.00378,2e-05,-5e-05,-0.00018,8e-05,0,-0.00188,-0.00052,0.00023,-0.0015,9e-05,2e-05,0,2e-05,-4e-05,8e-05,-0.00091,-0,-0,-0,0.12661,0.00016,-0.00302,0.00159,-0.00047,0,0,-0.0012,-1e-05,-0.0003,0.00054,0.00035,-0.00011,1e-05
39.5,0.00305,3e-05,-4e-05,-0.00018,8e-05,0,-0.00173,-0.00051,0.00017,-0.00157,7e-05,2e-05,0,0,-5e-05,7e-05,-0.00098,-0,-0,-0,0.12364,0.00012,-0.00325,0.00144,-0.00043,-0,0,-0.00135,-1e-05,-0.00032,0.00051,0.00033,-0.00011,1e-05
39.52,0.00241,3e-05,-3e-05,-0.00017,8e-05,0,-0.00161,-0.00049,0.00013,-0.00162,5e-05,2e-05,1e-05,-2e-05,-6e-05,6e-05,-0.00104,-0,-0,-0,0.12025,8e-05,-0.00342,0.00127,-0.0004,-1e-05,1e-05,-0.00157,-1e-05,-0.00033,0.00044,0.00032,-0.00011,1e-05
39.54,0.00181,3e-05,-2e-05,-0.00016,8e-05,0,-0.00152,-0.00046,9e-05,-0.00166,3e-05,1e-05,1e-05,-4e-05,-7e-05,5e-05,-0.00108,-0,-0,-0,0.1164,6e-05,-0.00338,0.00108,-0.00038,-1e-05,1e-05,-0.00182,-2e-05,-0.00032,0.00034,0.00031,-0.0001,0
39.56,0.00123,4e-05,-1e-05,-0.00014,8e-05,0,-0.00144,-0.00043,6e-05,-0.00167,1e-05,1e-05,1e-05,-5e-05,-7e-05,4e-05,-0.00112,-0,-0,-0,0.11204,5e-05,-0.00305,0.00086,-0.00037,-1e-05,1e-05,-0.00206,-2e-05,-0.0003,0.00023,0.00031,-9e-05,0
39.58,0.00066,4e-05,-1e-05,-0.00012,8e-05,0,-0.00138,-0.0004,3e-05,-0.00168,-0,0,1e-05,-7e-05,-8e-05,3e-05,-0.00114,-0,-0,-0,0.10721,6e-05,-0.00244,0.0006,-0.00037,-1e-05,1e-05,-0.00224,-3e-05,-0.00027,0.00011,0.00032,-7e-05,0
39.6,0.0001,4e-05,-0,-0.0001,8e-05,0,-0.00134,-0.00037,1e-05,-0.00166,-2e-05,0,1e-05,-8e-05,-9e-05,2e-05,-0.00114,-0,-0,-0,0.10197,7e-05,-0.00157,0.0003,-0.00038,-0,0,-0.00236,-4e-05,-0.00024,-3e-05,0.00034,-5e-05,-0
39.62,-0.00042,4e-05,-0,-8e-05,8e-05,0,-0.0013,-0.00033,-0,-0.00163,-2e-05,-0,2e-05,-0.0001,-9e-05,1e-05,-0.00113,-0,-0,-0,0.09647,7e-05,-0.00054,-4e-05,-0.00041,-0,0,-0.00241,-4e-05,-0.00023,-0.00019,0.00037,-1e-05,-0
39.64,-0.00092,4e-05,-0,-6e-05,8e-05,0,-0.00128,-0.00029,-2e-05,-0.00157,-2e-05,-1e-05,2e-05,-0.00011,-9e-05,0,-0.00111,-0,-0,-0,0.09083,8e-05,0.00054,-0.00041,-0.00044,0,0,-0.00238,-5e-05,-0.00025,-0.00035,0.0004,2e-05,-1e-05
39.66,-0.00144,4e-05,-0,-4e-05,8e-05,0,-0.00127,-0.00025,-2e-05,-0.0015,-2e-05,-1e-05,2e-05,-0.00012,-9e-05,-0,-0.00107,-0,-0,-0,0.08514,8e-05,0.0016,-0.00081,-0.00049,-0,0,-0.00229,-5e-05,-0.00029,-0.00052,0.00043,7e-05,-1e-05
39.68,-0.00195,3e-05,-0,-2e-05,8e-05,0,-0.00126,-0.00021,-3e-05,-0.00142,-2e-05,-1e-05,3e-05,-0.00013,-9e-05,-1e-05,-0.00102,-0,-0,-0,0.07946,7e-05,0.0026,-0.00121,-0.00053,-0,1e-05,-0.00215,-4e-05,-0.00036,-0.00068,0.00046,0.00012,-1e-05
39.7,-0.00243,3e-05,-0,-0,8e-05,0,-0.00124,-0.00017,-3e-05,-0.00132,-1e-05,-1e-05,3e-05,-0.00014,-9e-05,-1e-05,-0.00095,-0,-0,-0,0.07377,6e-05,0.00349,-0.0016,-0.00058,-1e-05,1e-05,-0.00198,-3e-05,-0.00043,-0.00083,0.00047,0.00019,-2e-05
39.72,-0.00283,3e-05,-0,1e-05,8e-05,0,-0.00123,-0.00014,-3e-05,-0.00122,-1e-05,-1e-05,3e-05,-0.00014,-9e-05,-1e-05,-0.00088,-0,-0,-0,0.06803,5e-05,0.00423,-0.00197,-0.00061,-2e-05,1e-05,-0.00183,-2e-05,-0.00051,-0.00095,0.00047,0.00026,-2e-05
39.74,-0.00317,2e-05,-0,2e-05,7e-05,0,-0.0012,-0.00011,-2e-05,-0.00111,-1e-05,-1e-05,2e-05,-0.00015,-8e-05,-2e-05,-0.0008,-0,-0,-0,0.06242,4e-05,0.00481,-0.00228,-0.00063,-3e-05,1e-05,-0.00168,-1e-05,-0.00057,-0.00103,0.00044,0.00034,-2e-05
39.76,-0.00346,2e-05,-0,3e-05,7e-05,0,-0.00118,-8e-05,-2e-05,-0.001,-1e-05,-1e-05,2e-05,-0.00015,-7e-05,-1e-05,-0.00072,-0,-0,-0,0.05702,3e-05,0.00522,-0.0025,-0.00063,-5e-05,1e-05,-0.00153,-1e-05,-0.0006,-0.00105,0.00039,0.00042,-2e-05
39.78,-0.0037,2e-05,-0,4e-05,7e-05,0,-0.00114,-5e-05,-1e-05,-0.00088,-1e-05,-1e-05,2e-05,-0.00015,-7e-05,-1e-05,-0.00064,-0,-0,0,0.05181,2e-05,0.00546,-0.0026,-0.0006,-7e-05,2e-05,-0.00141,-0,-0.00062,-0.00101,0.00032,0.0005,-2e-05
39.8,-0.00384,2e-05,-0,4e-05,6e-05,0,-0.00109,-3e-05,-0,-0.00077,-1e-05,-1e-05,1e-05,-0.00015,-6e-05,-1e-05,-0.00055,-0,-0,0,0.04683,1e-05,0.00552,-0.00256,-0.00055,-8e-05,2e-05,-0.0013,0,-0.00061,-0.00091,0.00023,0.00057,-2e-05
39.82,-0.00385,1e-05,-0,5e-05,6e-05,0,-0.00104,-0,1e-05,-0.00066,-1e-05,-1e-05,1e-05,-0.00015,-5e-05,-0,-0.00047,-0,-0,0,0.04215,1e-05,0.00538,-0.00237,-0.00047,-0.0001,2e-05,-0.00119,0,-0.00058,-0.00075,0.00012,0.00063,-2e-05
39.84,-0.00376,2e-05,0,5e-05,5e-05,0,-0.00098,2e-05,1e-05,-0.00056,-1e-05,-1e-05,1e-05,-0.00014,-4e-05,-0,-0.00039,-0,-0,0,0.03778,1e-05,0.00506,-0.00203,-0.00037,-0.00012,2e-05,-0.00109,0,-0.00055,-0.00055,0,0.00067,-2e-05
39.86,-0.0036,2e-05,0,5e-05,4e-05,0,-0.00091,4e-05,1e-05,-0.00047,-0,-1e-05,0,-0.00013,-3e-05,0,-0.00032,-0,-0,0,0.03367,0,0.00461,-0.00155,-0.00024,-0.00013,3e-05,-0.00101,0,-0.0005,-0.00033,-0.00012,0.00068,-2e-05
39.88,-0.00339,2e-05,0,5e-05,3e-05,0,-0.00083,6e-05,1e-05,-0.00038,-0,-1e-05,0,-0.00012,-3e-05,1e-05,-0.00025,-0,-0,0,0.02969,0,0.00406,-0.00095,-0.0001,-0.00014,3e-05,-0.00094,0,-0.00045,-9e-05,-0.00024,0.00068,-1e-05
39.9,-0.00312,3e-05,0,5e-05,3e-05,0,-0.00075,7e-05,1e-05,-0.00031,-0,-0,0,-0.00011,-2e-05,1e-05,-0.0002,-0,-0,0,0.02585,0,0.00349,-0.00029,5e-05,-0.00015,3e-05,-0.00086,0,-0.00039,0.00014,-0.00034,0.00064,-1e-05
39.92,-0.0028,3e-05,0,5e-05,2e-05,0,-0.00067,8e-05,1e-05,-0.00025,-0,-0,1e-05,-0.0001,-1e-05,1e-05,-0.00015,0,-0,0,0.02212,0,0.00299,0.00037,0.00021,-0.00015,2e-05,-0.00077,0,-0.00031,0.00035,-0.00043,0.00058,-1e-05
39.94,-0.00249,3e-05,0,4e-05,1e-05,0,-0.00058,7e-05,1e-05,-0.0002,-0,-0,1e-05,-9e-05,-1e-05,1e-05,-0.00012,0,0,0,0.01834,0,0.00258,0.00093,0.00035,-0.00014,2e-05,-0.00068,1e-05,-0.00021,0.00053,-0.00048,0.0005,-1e-05
39.96,-0.00222,4e-05,0,3e-05,1e-05,0,-0.00049,7e-05,0,-0.00016,-0,-0,1e-05,-9e-05,-1e-05,1e-05,-9e-05,0,0,0,0.01445,0,0.00228,0.00138,0.00048,-0.00013,2e-05,-0.00061,1e-05,-0.0001,0.00067,-0.0005,0.0004,-1e-05
39.98,-0.00201,4e-05,0,3e-05,0,0,-0.0004,7e-05,0,-0.00013,-0,-0,0,-8e-05,-0,1e-05,-7e-05,0,0,-0,0.01052,1e-05,0.0021,0.00169,0.00059,-0.00012,1e-05,-0.00054,2e-05,0,0.00076,-0.00048,0.00029,-0
40,-0.00185,3e-05,0,2e-05,-0,0,-0.00031,6e-05,-0,-0.00011,-0,-0,0,-7e-05,-0,1e-05,-6e-05,0,0,-0,0.0067,1e-05,0.00201,0.00185,0.00067,-0.0001,1e-05,-0.00047,3e-05,0.0001,0.00082,-0.00044,0.00017,-0
40.02,-0.00173,3e-05,0,2e-05,-0,0,-0.00023,6e-05,-0,-9e-05,-0,0,-0,-6e-05,-0,1e-05,-5e-05,0,0,-0,0.00319,1e-05,0.00197,0.00188,0.00073,-8e-05,1e-05,-0.00042,4e-05,0.00016,0.00084,-0.00038,6e-05,0
40.04,-0.00166,2e-05,0,1e-05,-0,0,-0.00016,5e-05,-0,-7e-05,-0,0,-1e-05,-5e-05,-0,1e-05,-5e-05,0,-0,-0,0.00015,1e-05,0.00196,0.00179,0.00076,-6e-05,0,-0.00037,6e-05,0.00017,0.00083,-0.00032,-4e-05,0
40.06,-0.00164,2e-05,0,1e-05,-0,0,-9e-05,5e-05,-0,-6e-05,-0,0,-1e-05,-5e-05,0,1e-05,-5e-05,0,-0,-0,-0.0023,1e-05,0.00193,0.00161,0.00076,-4e-05,-0,-0.00032,9e-05,0.00014,0.00079,-0.00025,-0.00012,0
40.08,-0.00166,2e-05,0,1e-05,-0,0,-3e-05,4e-05,-0,-5e-05,0,0,-1e-05,-4e-05,0,1e-05,-5e-05,-0,-0,-1e-05,-0.00413,2e-05,0.00186,0.00138,0.00073,-1e-05,-0,-0.00027,0.00011,6e-05,0.00072,-0.00018,-0.00017,0
40.1,-0.0017,1e-05,0,1e-05,-0,0,2e-05,4e-05,-0,-3e-05,0,1e-05,-2e-05,-3e-05,0,1e-05,-5e-05,-0,-0,-1e-05,-0.00531,1e-05,0.00175,0.00114,0.00068,0,-1e-05,-0.00022,0.00012,-2e-05,0.00064,-0.00013,-0.00021,0
40.12,-0.00176,1e-05,0,1e-05,0,0,5e-05,3e-05,-0,-2e-05,0,1e-05,-2e-05,-3e-05,0,1e-05,-4e-05,-0,-0,-1e-05,-0.00585,1e-05,0.00157,0.00091,0.0006,2e-05,-1e-05,-0.00018,0.00013,-0.00011,0.00055,-8e-05,-0.00023,0
40.14,-0.00182,1e-05,0,1e-05,0,0,8e-05,2e-05,-0,-1e-05,0,1e-05,-2e-05,-2e-05,0,1e-05,-4e-05,-0,-0,-1e-05,-0.00581,0,0.00134,0.00071,0.00052,3e-05,-1e-05,-0.00014,0.00013,-0.00017,0.00045,-5e-05,-0.00023,0
40.16,-0.00186,1e-05,-0,1e-05,0,0,0.0001,2e-05,-0,0,0,1e-05,-2e-05,-1e-05,0,1e-05,-4e-05,-0,-0,-1e-05,-0.00524,0,0.00105,0.00055,0.00043,4e-05,-1e-05,-0.0001,0.00013,-0.0002,0.00035,-2e-05,-0.00021,0
40.18,-0.00188,1e-05,-0,1e-05,0,0,0.00011,1e-05,-0,1e-05,0,1e-05,-1e-05,-0,0,1e-05,-4e-05,-0,-0,-2e-05,-0.00423,-0,0.00072,0.00043,0.00034,5e-05,-1e-05,-7e-05,0.00011,-0.00019,0.00025,-0,-0.00019,0
40.2,-0.00187,1e-05,-0,1e-05,0,0,0.00011,-0,-0,1e-05,0,1e-05,-1e-05,1e-05,0,0,-4e-05,-0,-0,-2e-05,-0.00289,-0,0.00037,0.00035,0.00025,5e-05,-1e-05,-5e-05,9e-05,-0.00015,0.00016,1e-05,-0.00016,0
40.22,-0.00183,1e-05,-0,1e-05,0,0,0.0001,-1e-05,-0,1e-05,0,1e-05,-1e-05,1e-05,0,0,-5e-05,-0,-0,-1e-05,-0.0013,-0,4e-05,0.00031,0.00017,5e-05,-1e-05,-4e-05,7e-05,-9e-05,8e-05,1e-05,-0.00013,0
40.24,-0.00175,0,-0,1e-05,0,0,9e-05,-2e-05,-0,0,0,0,-1e-05,2e-05,0,-0,-5e-05,-0,-0,-1e-05,0.00041,-0,-0.00025,0.0003,0.0001,5e-05,-1e-05,-3e-05,5e-05,-2e-05,2e-05,2e-05,-9e-05,0
40.26,-0.00163,0,-0,2e-05,0,0,8e-05,-2e-05,-1e-05,-1e-05,0,0,-1e-05,2e-05,0,-1e-05,-5e-05,-0,-0,-1e-05,0.00219,-0,-0.00047,0.00031,4e-05,5e-05,-1e-05,-3e-05,2e-05,6e-05,-3e-05,2e-05,-6e-05,0
40.28,-0.0015,0,-0,2e-05,0,0,7e-05,-2e-05,-1e-05,-3e-05,0,0,-0,2e-05,-0,-2e-05,-6e-05,-0,-0,-0,0.00396,0,-0.00062,0.00033,-1e-05,5e-05,-1e-05,-3e-05,0,0.00013,-6e-05,2e-05,-3e-05,0
40.3,-0.00135,0,0,3e-05,1e-05,0,6e-05,-2e-05,-1e-05,-6e-05,0,0,-0,1e-05,-0,-2e-05,-7e-05,-0,-0,0,0.00567,0,-0.00069,0.00036,-4e-05,4e-05,-0,-4e-05,-2e-05,0.00019,-7e-05,1e-05,-1e-05,-0
40.32,-0.00119,0,0,4e-05,1e-05,0,5e-05,-2e-05,-1e-05,-9e-05,0,0,-0,1e-05,-0,-3e-05,-8e-05,-0,-0,1e-05,0.00724,0,-0.00066,0.00039,-7e-05,4e-05,-0,-6e-05,-3e-05,0.00024,-8e-05,1e-05,1e-05,-0
40.34,-0.00105,0,-0,5e-05,1e-05,0,4e-05,-2e-05,-1e-05,-0.00013,0,0,0,1e-05,-0,-3e-05,-9e-05,-0,-0,1e-05,0.00866,0,-0.00054,0.00041,-9e-05,4e-05,-0,-7e-05,-4e-05,0.00027,-7e-05,1e-05,2e-05,-0
40.36,-0.00092,0,-0,6e-05,1e-05,0,3e-05,-2e-05,-1e-05,-0.00016,0,0,0,1e-05,-0,-4e-05,-0.00011,-0,-0,2e-05,0.0099,0,-0.00034,0.00041,-0.0001,3e-05,-0,-0.0001,-5e-05,0.00029,-5e-05,1e-05,3e-05,-0
40.38,-0.00078,0,-0,7e-05,1e-05,0,3e-05,-1e-05,-1e-05,-0.0002,0,0,0,1e-05,-0,-4e-05,-0.00013,-0,-0,2e-05,0.01102,-0,-6e-05,0.00041,-0.0001,3e-05,-0,-0.00012,-4e-05,0.00028,-3e-05,1e-05,3e-05,-0
40.4,-0.00059,-0,-0,9e-05,1e-05,0,3e-05,-1e-05,-2e-05,-0.00023,0,0,0,1e-05,-0,-4e-05,-0.00014,-0,-0,2e-05,0.01204,-0,0.00027,0.00039,-9e-05,3e-05,-0,-0.00015,-4e-05,0.00026,0,1e-05,3e-05,-0
40.42,-0.00034,-0,-0,0.0001,1e-05,0,2e-05,-0,-2e-05,-0.00025,0,0,0,1e-05,-0,-4e-05,-0.00015,-0,-0,2e-05,0.01299,-1e-05,0.00063,0.00036,-8e-05,2e-05,-0,-0.00019,-3e-05,0.00023,3e-05,2e-05,3e-05,-0
40.44,2e-05,0,-0,0.00011,1e-05,0,2e-05,0,-2e-05,-0.00025,0,0,0,0,-0,-4e-05,-0.00014,-0,-0,1e-05,0.01388,-1e-05,0.00098,0.00032,-6e-05,2e-05,-0,-0.00023,-2e-05,0.0002,6e-05,2e-05,3e-05,-0
40.46,0.00052,0,-0,0.00012,1e-05,0,1e-05,1e-05,-2e-05,-0.00024,0,0,0,0,-0,-4e-05,-0.00013,-0,-0,1e-05,0.01463,-2e-05,0.00128,0.00029,-4e-05,2e-05,-0,-0.00026,-0,0.00015,8e-05,2e-05,3e-05,-0
40.48,0.00115,0,-0,0.00012,1e-05,0,-1e-05,1e-05,-2e-05,-0.00021,0,0,0,-1e-05,-0,-4e-05,-0.0001,-0,-0,0,0.01513,-2e-05,0.0015,0.00024,-2e-05,2e-05,-0,-0.00029,1e-05,0.0001,0.0001,1e-05,3e-05,-0
40.5,0.0019,0,-0,0.00011,1e-05,0,-2e-05,1e-05,-2e-05,-0.00017,0,0,0,-2e-05,-0,-4e-05,-6e-05,0,-0,-0,0.01518,-2e-05,0.00158,0.0002,2e-05,2e-05,-0,-0.00031,2e-05,5e-05,0.00012,1e-05,3e-05,-0
40.52,0.0027,0,-0,9e-05,0,0,-5e-05,1e-05,-3e-05,-0.0001,0,0,0,-3e-05,-0,-4e-05,-0,0,-0,-0,0.01454,-2e-05,0.00148,0.00015,5e-05,2e-05,-0,-0.00031,3e-05,1e-05,0.00014,-0,3e-05,-0
40.54,0.00349,-0,-0,7e-05,-1e-05,0,-7e-05,1e-05,-3e-05,-3e-05,0,0,0,-5e-05,-0,-3e-05,7e-05,0,-0,-1e-05,0.013,-1e-05,0.00117,0.0001,0.0001,1e-05,-0,-0.00029,3e-05,-3e-05,0.00015,-2e-05,3e-05,-0
40.56,0.00422,-0,-0,4e-05,-1e-05,0,-0.00011,1e-05,-3e-05,6e-05,0,0,0,-7e-05,-0,-3e-05,0.00014,0,-0,-1e-05,0.01041,0,0.00066,5e-05,0.00015,0,-0,-0.00024,4e-05,-7e-05,0.00016,-4e-05,3e-05,-0
40.58,0.00481,-1e-05,-0,2e-05,-2e-05,0,-0.00014,1e-05,-2e-05,0.00015,-0,0,0,-0.0001,-0,-2e-05,0.00022,0,-0,-1e-05,0.00668,2e-05,-3e-05,-2e-05,0.0002,-1e-05,0,-0.00017,4e-05,-0.0001,0.00017,-6e-05,4e-05,-0
40.6,0.00516,-1e-05,-0,-0,-3e-05,0,-0.00018,1e-05,-2e-05,0.00025,-0,0,0,-0.00013,-0,-2e-05,0.0003,0,-0,-1e-05,0.00184,5e-05,-0.00083,-0.0001,0.00025,-2e-05,0,-8e-05,4e-05,-0.00012,0.00016,-9e-05,4e-05,-0
40.62,0.00515,-2e-05,-1e-05,-1e-05,-3e-05,0,-0.00022,1e-05,-2e-05,0.00034,-0,0,1e-05,-0.00015,-0,-1e-05,0.00037,0,0,-1e-05,-0.00403,7e-05,-0.0017,-0.00021,0.00031,-3e-05,0,2e-05,4e-05,-0.00014,0.00014,-0.00012,4e-05,-0
40.64,0.00481,-3e-05,-1e-05,1e-05,-4e-05,0,-0.00024,1e-05,-2e-05,0.00042,-0,0,1e-05,-0.00017,-0,-1e-05,0.00043,0,0,-1e-05,-0.01078,8e-05,-0.00256,-0.00035,0.00036,-4e-05,0,0.00014,4e-05,-0.00016,0.0001,-0.00015,4e-05,-0
40.66,0.00423,-4e-05,-1e-05,3e-05,-5e-05,0,-0.00027,0,-2e-05,0.00049,-0,-0,1e-05,-0.00018,0,-1e-05,0.00048,0,0,-1e-05,-0.0182,9e-05,-0.00333,-0.00052,0.00041,-4e-05,0,0.00027,3e-05,-0.00017,3e-05,-0.00019,3e-05,-0
40.68,0.00347,-4e-05,-1e-05,7e-05,-5e-05,0,-0.00028,0,-1e-05,0.00054,-0,-0,1e-05,-0.00019,0,-1e-05,0.00051,0,0,-0,-0.02594,9e-05,-0.00395,-0.00071,0.00045,-5e-05,0,0.0004,3e-05,-0.00018,-5e-05,-0.00023,3e-05,0
40.7,0.00263,-4e-05,-1e-05,0.00011,-5e-05,0,-0.00029,-0,-1e-05,0.00056,-0,-0,1e-05,-0.00019,-0,-1e-05,0.00052,0,0,0,-0.0335,8e-05,-0.00436,-0.00091,0.00047,-5e-05,0,0.00053,3e-05,-0.00018,-0.00016,-0.00027,2e-05,0
40.72,0.0018,-4e-05,-1e-05,0.00015,-6e-05,0,-0.00028,-0,-1e-05,0.00057,-0,-0,1e-05,-0.00018,0,-2e-05,0.0005,0,1e-05,1e-05,-0.04032,7e-05,-0.00453,-0.00111,0.00048,-6e-05,0,0.00066,3e-05,-0.00017,-0.00028,-0.0003,1e-05,0
40.74,0.00104,-3e-05,-1e-05,0.00017,-6e-05,0,-0.00025,-0,-1e-05,0.00054,-0,-0,1e-05,-0.00016,0,-2e-05,0.00047,0,1e-05,1e-05,-0.04588,5e-05,-0.00438,-0.00129,0.00047,-5e-05,0,0.00077,2e-05,-0.00015,-0.00041,-0.00033,1e-05,0
40.76,0.0004,-2e-05,-1e-05,0.00018,-5e-05,0,-0.00021,-0,-1e-05,0.00049,-0,-0,1e-05,-0.00013,0,-2e-05,0.00042,0,1e-05,1e-05,-0.04985,4e-05,-0.00389,-0.00144,0.00045,-5e-05,0,0.00088,1e-05,-0.00011,-0.00054,-0.00035,-0,0
40.78,-0.00012,-0,-1e-05,0.00017,-5e-05,0,-0.00015,-0,-1e-05,0.00041,-0,-0,1e-05,-9e-05,0,-3e-05,0.00035,0,1e-05,2e-05,-0.05212,2e-05,-0.00309,-0.00156,0.0004,-4e-05,0,0.00096,-0,-6e-05,-0.00065,-0.00035,-1e-05,0
40.8,-0.00051,1e-05,-1e-05,0.00015,-5e-05,0,-8e-05,-0,-1e-05,0.00032,-0,-0,0,-3e-05,1e-05,-3e-05,0.00027,0,0,1e-05,-0.0526,1e-05,-0.00205,-0.00163,0.00034,-3e-05,0,0.00101,-2e-05,-0,-0.00073,-0.00033,-1e-05,0
40.82,-0.00082,3e-05,-1e-05,0.00012,-4e-05,0,2e-05,-1e-05,-1e-05,0.00021,-0,-1e-05,-0,3e-05,1e-05,-3e-05,0.00019,0,0,1e-05,-0.05131,1e-05,-0.0009,-0.00165,0.00027,-1e-05,0,0.00102,-3e-05,7e-05,-0.00077,-0.00029,-2e-05,0
40.84,-0.00104,4e-05,-0,9e-05,-3e-05,0,0.00014,-2e-05,-1e-05,9e-05,-0,-1e-05,-0,0.00011,1e-05,-3e-05,0.0001,0,0,1e-05,-0.0485,0,0.00022,-0.00161,0.00019,-0,-0,0.00099,-4e-05,0.00014,-0.00074,-0.00023,-2e-05,0
40.86,-0.00114,5e-05,0,5e-05,-2e-05,0,0.00029,-3e-05,-1e-05,-4e-05,-0,-1e-05,-0,0.00021,1e-05,-3e-05,3e-05,-0,-0,1e-05,-0.04449,-1e-05,0.00122,-0.00151,0.00012,1e-05,-0,0.0009,-5e-05,0.00021,-0.00065,-0.00015,-3e-05,0
40.88,-0.00114,5e-05,1e-05,2e-05,-1e-05,0,0.00046,-5e-05,-1e-05,-0.00016,-0,-1e-05,-1e-05,0.00033,2e-05,-3e-05,-4e-05,-0,-0,1e-05,-0.0396,-2e-05,0.00208,-0.00135,5e-05,1e-05,-0,0.00075,-6e-05,0.00029,-0.0005,-6e-05,-3e-05,0
40.9,-0.001,5e-05,2e-05,-1e-05,-0,0,0.00066,-7e-05,-2e-05,-0.00027,-0,-1e-05,-1e-05,0.00046,2e-05,-3e-05,-0.0001,-0,-0,0,-0.03426,-3e-05,0.00276,-0.00115,-1e-05,2e-05,-0,0.00057,-7e-05,0.00036,-0.00031,4e-05,-3e-05,0
40.92,-0.00072,4e-05,3e-05,-3e-05,1e-05,0,0.0009,-9e-05,-2e-05,-0.00037,-0,-1e-05,-1e-05,0.00062,3e-05,-3e-05,-0.00015,-0,-0,0,-0.02895,-5e-05,0.00329,-0.00093,-6e-05,2e-05,-0,0.00039,-8e-05,0.00041,-0.0001,0.00014,-3e-05,0
40.94,-0.00029,3e-05,4e-05,-4e-05,1e-05,0,0.00117,-0.0001,-2e-05,-0.00045,-0,-1e-05,-1e-05,0.00081,3e-05,-3e-05,-0.00018,-0,-0,-0,-0.02409,-5e-05,0.00366,-0.00069,-8e-05,2e-05,-0,0.00022,-8e-05,0.00046,0.00011,0.00021,-4e-05,-0
40.96,0.00028,2e-05,6e-05,-5e-05,2e-05,0,0.00146,-0.00012,-3e-05,-0.00051,-0,-1e-05,-1e-05,0.00101,4e-05,-3e-05,-0.0002,-0,-0,-0,-0.01994,-6e-05,0.00391,-0.00047,-9e-05,2e-05,-0,9e-05,-8e-05,0.0005,0.00031,0.00027,-4e-05,-0
40.98,0.00096,1e-05,7e-05,-7e-05,3e-05,0,0.00175,-0.00012,-3e-05,-0.00057,0,-1e-05,-2e-05,0.00121,4e-05,-2e-05,-0.00022,-0,-0,-0,-0.0166,-7e-05,0.00403,-0.00025,-8e-05,2e-05,-0,1e-05,-9e-05,0.00052,0.00047,0.0003,-4e-05,-0
41,0.00169,1e-05,9e-05,-8e-05,3e-05,0,0.00205,-0.00013,-3e-05,-0.00062,0,-1e-05,-2e-05,0.00141,4e-05,-2e-05,-0.00025,-0,-0,-0,-0.01412,-7e-05,0.00403,-7e-05,-5e-05,2e-05,-0,-3e-05,-9e-05,0.00053,0.0006,0.00031,-4e-05,-0
41.02,0.00235,0,0.00011,-9e-05,3e-05,0,0.00234,-0.00013,-4e-05,-0.00068,1e-05,-1e-05,-2e-05,0.00163,4e-05,-3e-05,-0.00029,-0,-0,-0,-0.01247,-7e-05,0.0039,6e-05,-2e-05,2e-05,-0,-3e-05,-9e-05,0.00054,0.00067,0.0003,-4e-05,-0
41.04,0.00287,-0,0.00013,-0.0001,3e-05,0,0.00261,-0.00012,-5e-05,-0.00077,1e-05,-0,-2e-05,0.00183,4e-05,-3e-05,-0.00036,-0,-0,-0,-0.01155,-6e-05,0.00365,0.00014,2e-05,1e-05,-0,-1e-05,-9e-05,0.00054,0.00068,0.00027,-4e-05,-0
41.06,0.00325,-0,0.00016,-0.00011,3e-05,0,0.00283,-0.00011,-6e-05,-0.00086,2e-05,0,-1e-05,0.00202,4e-05,-3e-05,-0.00045,-0,0,-0,-0.01128,-5e-05,0.00332,0.00017,5e-05,1e-05,-0,1e-05,-9e-05,0.00054,0.00065,0.00023,-3e-05,-0
41.08,0.00347,-0,0.00019,-0.00012,2e-05,0,0.00299,-9e-05,-8e-05,-0.00098,2e-05,2e-05,-1e-05,0.00218,4e-05,-4e-05,-0.00056,-0,1e-05,0,-0.01155,-4e-05,0.00292,0.00014,8e-05,1e-05,-0,2e-05,-0.0001,0.00054,0.00056,0.00019,-3e-05,-0
41.1,0.00352,0,0.00023,-0.00012,2e-05,0,0.0031,-7e-05,-0.0001,-0.0011,3e-05,4e-05,-1e-05,0.00234,3e-05,-5e-05,-0.00067,0,1e-05,0,-0.01226,-3e-05,0.00252,8e-05,0.00011,1e-05,-0,0,-0.0001,0.00053,0.00045,0.00015,-2e-05,-0
41.12,0.0034,0,0.00029,-0.00012,1e-05,0,0.00318,-6e-05,-0.00013,-0.00122,4e-05,6e-05,-0,0.00253,2e-05,-5e-05,-0.00078,0,2e-05,0,-0.01332,-3e-05,0.00218,-1e-05,0.00012,1e-05,-0,-5e-05,-0.0001,0.00052,0.00031,0.0001,-2e-05,0
41.14,0.00314,0,0.00036,-0.00012,-1e-05,0,0.0032,-4e-05,-0.00016,-0.00131,4e-05,9e-05,0,0.00271,1e-05,-5e-05,-0.00087,0,3e-05,1e-05,-0.01473,-3e-05,0.00193,-0.00011,0.00013,1e-05,-0,-0.00014,-0.0001,0.0005,0.00018,7e-05,-2e-05,0
41.16,0.00279,-0,0.00046,-0.00011,-2e-05,0,0.00316,-2e-05,-0.0002,-0.00138,4e-05,0.00012,0,0.00287,1e-05,-5e-05,-0.00093,1e-05,5e-05,1e-05,-0.01655,-3e-05,0.00179,-0.00021,0.00012,1e-05,-0,-0.00025,-9e-05,0.00048,5e-05,4e-05,-1e-05,0
41.18,0.00237,-0,0.00061,-0.0001,-3e-05,0,0.00307,-1e-05,-0.00023,-0.0014,4e-05,0.00015,1e-05,0.00303,0,-5e-05,-0.00095,1e-05,6e-05,1e-05,-0.01891,-4e-05,0.00178,-0.00032,0.00011,1e-05,-0,-0.00038,-9e-05,0.00045,-7e-05,2e-05,-1e-05,0
41.2,0.00191,-1e-05,0.0008,-8e-05,-5e-05,0,0.00292,-0,-0.00026,-0.00137,4e-05,0.00018,1e-05,0.00317,-0,-4e-05,-0.00091,1e-05,7e-05,1e-05,-0.02196,-5e-05,0.00192,-0.00041,0.0001,1e-05,-0,-0.00053,-9e-05,0.00043,-0.00018,0,0,0
41.22,0.00144,-1e-05,0.00105,-7e-05,-7e-05,0,0.00272,-0,-0.00027,-0.00126,3e-05,0.0002,2e-05,0.0033,-0,-3e-05,-0.00081,1e-05,8e-05,2e-05,-0.02584,-6e-05,0.00219,-0.0005,8e-05,2e-05,-0,-0.00068,-0.0001,0.00041,-0.00027,-1e-05,1e-05,-0
41.24,0.00101,-2e-05,0.00138,-5e-05,-0.0001,0,0.00249,0,-0.00025,-0.00107,2e-05,0.00021,2e-05,0.00344,1e-05,-2e-05,-0.00064,1e-05,9e-05,2e-05,-0.03065,-9e-05,0.00258,-0.00056,7e-05,2e-05,-0,-0.00083,-0.00011,0.00041,-0.00036,-2e-05,3e-05,-0
41.26,0.00063,-2e-05,0.00178,-4e-05,-0.00013,0,0.00224,-0,-0.00021,-0.00078,2e-05,0.00021,2e-05,0.00359,2e-05,-1e-05,-0.00041,1e-05,9e-05,2e-05,-0.03638,-0.00012,0.00304,-0.0006,6e-05,3e-05,-0,-0.00096,-0.00012,0.00042,-0.00043,-3e-05,5e-05,-0
41.28,0.00034,-2e-05,0.00227,-2e-05,-0.00016,0,0.00199,0,-0.00014,-0.00043,1e-05,0.00019,2e-05,0.00379,3e-05,1e-05,-0.00014,1e-05,8e-05,1e-05,-0.04275,-0.00015,0.0035,-0.00061,5e-05,3e-05,-0,-0.00104,-0.00014,0.00045,-0.0005,-4e-05,7e-05,-0
41.3,0.00014,-2e-05,0.00281,-1e-05,-0.00019,0,0.00173,0,-5e-05,-4e-05,1e-05,0.00015,2e-05,0.00402,4e-05,2e-05,0.00012,1e-05,6e-05,1e-05,-0.04931,-0.00019,0.00383,-0.00059,4e-05,3e-05,-0,-0.00106,-0.00016,0.00048,-0.00055,-6e-05,9e-05,-0
41.32,3e-05,-2e-05,0.00337,0,-0.00022,0,0.00146,1e-05,5e-05,0.00035,0,0.00011,2e-05,0.00427,4e-05,3e-05,0.00033,1e-05,4e-05,1e-05,-0.05554,-0.0002,0.00388,-0.00052,4e-05,3e-05,-0,-0.001,-0.00019,0.00052,-0.00058,-7e-05,0.00012,-0
41.34,-0,-2e-05,0.00391,1e-05,-0.00025,0,0.00123,1e-05,0.00014,0.00071,0,7e-05,2e-05,0.00456,4e-05,5e-05,0.00044,1e-05,3e-05,0,-0.06094,-0.00019,0.00362,-0.00042,3e-05,3e-05,-0,-0.00084,-0.00021,0.00057,-0.0006,-8e-05,0.00014,-0
41.36,1e-05,-2e-05,0.00436,2e-05,-0.00027,0,0.00107,1e-05,0.0002,0.001,0,4e-05,1e-05,0.00492,2e-05,8e-05,0.00042,0,2e-05,0,-0.06523,-0.00018,0.0031,-0.0003,2e-05,2e-05,-0,-0.00058,-0.00024,0.0006,-0.0006,-9e-05,0.00016,-0
41.38,5e-05,-3e-05,0.00469,2e-05,-0.00028,0,0.00096,0,0.00024,0.00121,-0,3e-05,1e-05,0.00529,0,0.00012,0.00028,0,1e-05,0,-0.06834,-0.00015,0.00234,-0.00015,1e-05,2e-05,-0,-0.00024,-0.00026,0.00062,-0.00058,-0.0001,0.00016,-0
41.4,0.00011,-5e-05,0.00486,2e-05,-0.00027,0,0.00089,-2e-05,0.00026,0.00133,-0,1e-05,1e-05,0.00569,-3e-05,0.00017,4e-05,0,1e-05,-0,-0.07037,-0.00012,0.00149,2e-05,-0,1e-05,-0,0.00016,-0.00028,0.00061,-0.00055,-0.00011,0.00016,-0
41.42,0.00017,-8e-05,0.00485,2e-05,-0.00025,0,0.00085,-3e-05,0.00025,0.00136,-0,1e-05,1e-05,0.00617,-5e-05,0.0002,-0.00028,0,0,-0,-0.07151,-0.00012,0.00068,0.00019,-1e-05,1e-05,-0,0.0006,-0.00028,0.00056,-0.0005,-0.00012,0.00015,-0
41.44,0.00022,-0.00011,0.00463,1e-05,-0.00022,0,0.00081,-5e-05,0.00024,0.00131,-1e-05,0,1e-05,0.00661,-7e-05,0.00023,-0.00065,-0,0,-0,-0.07193,-0.00012,-4e-05,0.00035,-1e-05,0,-0,0.00106,-0.00027,0.00046,-0.00044,-0.00012,0.00013,-0
41.46,0.00026,-0.00014,0.00419,1e-05,-0.00019,0,0.00076,-7e-05,0.00021,0.00121,-1e-05,0,1e-05,0.00693,-8e-05,0.00026,-0.00104,-0,0,0,-0.07174,-0.00011,-0.00062,0.00052,-1e-05,0,-0,0.00152,-0.00024,0.00032,-0.00037,-0.00012,0.0001,-0
41.48,0.00028,-0.00018,0.00358,1e-05,-0.00015,0,0.00069,-8e-05,0.00018,0.00106,-1e-05,-0,1e-05,0.00712,-6e-05,0.00027,-0.00143,-0,0,0,-0.07107,-0.00012,-0.00103,0.00067,-0,0,-0,0.00196,-0.00021,0.00015,-0.0003,-0.00011,6e-05,-0
41.5,0.00029,-0.00021,0.00283,0,-0.0001,0,0.00059,-0.0001,0.00015,0.00088,-1e-05,-0,1e-05,0.00722,-1e-05,0.00027,-0.00181,-0,0,0,-0.07006,-0.00012,-0.00129,0.0008,1e-05,0,-0,0.00238,-0.00016,-4e-05,-0.00023,-0.00011,2e-05,0
41.52,0.0003,-0.00025,0.002,0,-6e-05,0,0.00046,-0.0001,0.00012,0.0007,-0,0,1e-05,0.00725,5e-05,0.00026,-0.00214,-0,0,0,-0.06881,-0.00012,-0.00146,0.0009,2e-05,1e-05,-0,0.00278,-0.00013,-0.00022,-0.00017,-0.0001,-2e-05,0
41.54,0.0003,-0.00028,0.00115,0,-2e-05,0,0.0003,-0.0001,9e-05,0.0005,-0,0,1e-05,0.0072,0.00013,0.00022,-0.00243,-0,1e-05,1e-05,-0.06731,-0.00011,-0.00159,0.00097,3e-05,1e-05,-0,0.00315,-9e-05,-0.00038,-0.00012,-9e-05,-6e-05,0
41.56,0.0003,-0.00032,0.00033,0,1e-05,0,0.0001,-8e-05,7e-05,0.00032,-0,0,1e-05,0.00704,0.00021,0.00018,-0.00267,-0,1e-05,1e-05,-0.06553,-0.00011,-0.00175,0.00101,3e-05,2e-05,-0,0.0035,-6e-05,-0.00048,-0.0001,-9e-05,-8e-05,0
41.58,0.00029,-0.00036,-0.00039,-0,4e-05,0,-0.00013,-6e-05,5e-05,0.00014,-0,1e-05,1e-05,0.00683,0.00028,0.00011,-0.00288,-0,2e-05,1e-05,-0.06348,-0.0001,-0.00193,0.00101,3e-05,2e-05,-0,0.00381,-4e-05,-0.00055,-9e-05,-9e-05,-0.0001,0
41.6,0.00027,-0.00041,-0.001,-1e-05,7e-05,0,-0.00038,-3e-05,4e-05,-2e-05,-0,1e-05,1e-05,0.00654,0.00034,3e-05,-0.00305,-0,3e-05,1e-05,-0.06112,-9e-05,-0.00213,0.00099,2e-05,3e-05,-0,0.0041,-3e-05,-0.00056,-0.0001,-9e-05,-0.0001,0
41.62,0.00022,-0.00046,-0.0015,-2e-05,8e-05,0,-0.00064,-1e-05,2e-05,-0.00017,-0,1e-05,1e-05,0.00615,0.0004,-4e-05,-0.00319,0,3e-05,2e-05,-0.05842,-8e-05,-0.00234,0.00094,2e-05,3e-05,-0,0.00434,-3e-05,-0.00054,-0.00013,-9e-05,-0.0001,-0
41.64,0.00014,-0.00052,-0.00186,-3e-05,0.0001,0,-0.00089,2e-05,1e-05,-0.00031,-0,2e-05,1e-05,0.00574,0.00043,-0.00011,-0.00328,0,4e-05,2e-05,-0.05542,-7e-05,-0.00251,0.00087,1e-05,3e-05,-0,0.00453,-3e-05,-0.0005,-0.00017,-9e-05,-9e-05,-0
41.66,1e-05,-0.0006,-0.00208,-5e-05,0.0001,0,-0.00114,3e-05,0,-0.00042,-0,2e-05,1e-05,0.00533,0.00042,-0.00019,-0.00332,0,5e-05,3e-05,-0.05222,-5e-05,-0.0026,0.00075,0,3e-05,-0,0.00466,-3e-05,-0.00045,-0.00023,-0.0001,-7e-05,-0
41.68,-0.00015,-0.00068,-0.00214,-5e-05,0.0001,-0,-0.00138,4e-05,0,-0.00052,-0,2e-05,1e-05,0.00493,0.00037,-0.00027,-0.00328,0,6e-05,3e-05,-0.04893,-3e-05,-0.00259,0.0006,0,3e-05,-0,0.00472,-3e-05,-0.00038,-0.00028,-0.0001,-6e-05,-0
41.7,-0.00033,-0.00078,-0.00209,-6e-05,0.0001,-0,-0.0016,4e-05,1e-05,-0.0006,-0,1e-05,1e-05,0.00446,0.0003,-0.00033,-0.00318,-0,6e-05,3e-05,-0.04574,-1e-05,-0.00243,0.00043,0,3e-05,-0,0.00469,-3e-05,-0.0003,-0.00033,-0.00011,-4e-05,-0
41.72,-0.00051,-0.00087,-0.00198,-5e-05,9e-05,-0,-0.00177,3e-05,1e-05,-0.00066,-0,1e-05,0,0.0039,0.00024,-0.00038,-0.00304,-0,6e-05,3e-05,-0.04288,2e-05,-0.00212,0.00024,1e-05,3e-05,-0,0.00459,-2e-05,-0.00022,-0.00036,-0.0001,-2e-05,-0
41.74,-0.00065,-0.00096,-0.0018,-2e-05,8e-05,-0,-0.00189,2e-05,1e-05,-0.00068,-0,1e-05,0,0.00329,0.00017,-0.0004,-0.00282,-0,6e-05,3e-05,-0.04056,5e-05,-0.00162,2e-05,2e-05,2e-05,-0,0.00441,-1e-05,-0.00014,-0.00035,-9e-05,-1e-05,-0
41.76,-0.00071,-0.00104,-0.00152,2e-05,7e-05,-0,-0.00197,0,2e-05,-0.00066,-0,1e-05,0,0.00264,0.00011,-0.0004,-0.00249,-0,6e-05,3e-05,-0.03886,8e-05,-0.00093,-0.00021,4e-05,2e-05,-0,0.00415,1e-05,-4e-05,-0.00031,-8e-05,-1e-05,-0
41.78,-0.00066,-0.00109,-0.00118,8e-05,5e-05,-0,-0.00198,-1e-05,2e-05,-0.00057,-0,1e-05,0,0.00195,8e-05,-0.00038,-0.00204,0,5e-05,2e-05,-0.03771,0.00011,-6e-05,-0.00045,6e-05,2e-05,-0,0.0038,4e-05,7e-05,-0.00023,-5e-05,-1e-05,-0
41.8,-0.00049,-0.00112,-0.0008,0.00016,1e-05,-0,-0.00195,-2e-05,2e-05,-0.0004,-0,1e-05,0,0.00119,5e-05,-0.00033,-0.00152,0,4e-05,2e-05,-0.03695,0.00015,0.00097,-0.00071,9e-05,1e-05,-0,0.00337,6e-05,0.00022,-0.00013,-2e-05,-1e-05,-0
41.82,-0.00019,-0.00113,-0.00039,0.00024,-1e-05,-0,-0.00189,-2e-05,2e-05,-0.00014,-0,1e-05,0,0.00039,3e-05,-0.00031,-0.00096,0,3e-05,1e-05,-0.0364,0.0002,0.00208,-0.00095,0.00011,1e-05,-0,0.00287,9e-05,0.00039,-1e-05,1e-05,-2e-05,-0
41.84,0.00025,-0.00111,6e-05,0.00031,-4e-05,-0,-0.00179,-1e-05,2e-05,0.00022,-0,1e-05,0,-0.00042,1e-05,-0.00027,-0.00032,0,1e-05,-0,-0.03582,0.00026,0.00324,-0.00119,0.00014,0,-0,0.00231,0.00011,0.0006,0.00013,4e-05,-3e-05,-0
41.86,0.00081,-0.00104,0.00054,0.00038,-6e-05,-0,-0.00167,-0,1e-05,0.00069,-0,1e-05,0,-0.00124,0,-0.00022,0.00042,0,0,-1e-05,-0.03501,0.00033,0.00443,-0.00142,0.00016,-0,-0,0.00169,0.00013,0.00085,0.00028,7e-05,-4e-05,-0
41.88,0.00147,-0.00094,0.00103,0.00043,-8e-05,-0,-0.00153,2e-05,1e-05,0.00126,-0,1e-05,0,-0.00205,-2e-05,-0.00016,0.00122,1e-05,-1e-05,-2e-05,-0.03381,0.0004,0.00561,-0.00163,0.00017,-0,0,0.00103,0.00015,0.00112,0.00042,0.0001,-6e-05,-0
41.9,0.00219,-0.00081,0.00152,0.00046,-0.0001,-0,-0.00139,4e-05,0,0.00189,-0,1e-05,0,-0.00283,-8e-05,-0.00011,0.00208,1e-05,-2e-05,-2e-05,-0.03215,0.00049,0.00677,-0.00182,0.00018,-1e-05,0,0.00033,0.00016,0.0014,0.00056,0.00012,-7e-05,-0
41.92,0.00289,-0.00062,0.00202,0.00046,-0.00011,-0,-0.00126,6e-05,-0,0.00255,-0,2e-05,1e-05,-0.00355,-0.00011,-6e-05,0.00305,0,-3e-05,-3e-05,-0.02993,0.0006,0.00788,-0.00199,0.00018,-1e-05,0,-0.00039,0.00017,0.00167,0.00068,0.00014,-8e-05,-0
41.94,0.00353,-0.0004,0.00248,0.00044,-0.00012,-0,-0.00114,7e-05,-0,0.00319,0,2e-05,1e-05,-0.0042,-0.00015,-2e-05,0.00409,0,-3e-05,-3e-05,-0.02707,0.00073,0.0089,-0.00214,0.00017,-0,0,-0.00111,0.00016,0.00191,0.00078,0.00015,-8e-05,-0
41.96,0.00407,-0.00014,0.00281,0.00039,-0.00013,-0,-0.00103,8e-05,0,0.00378,0,3e-05,1e-05,-0.00478,-0.00022,3e-05,0.0051,0,-4e-05,-3e-05,-0.02348,0.00085,0.00982,-0.00224,0.00015,-0,-0,-0.00185,0.00015,0.0021,0.00085,0.00015,-8e-05,-0
41.98,0.0045,0.00016,0.00297,0.00032,-0.00014,-0,-0.00093,8e-05,1e-05,0.00425,0,4e-05,1e-05,-0.00532,-0.00035,7e-05,0.006,0,-4e-05,-3e-05,-0.01904,0.00095,0.01061,-0.0023,0.00012,1e-05,-0,-0.0026,0.00014,0.00224,0.0009,0.00014,-7e-05,-0
42,0.00477,0.00048,0.00294,0.00024,-0.00014,-0,-0.00082,8e-05,2e-05,0.00459,1e-05,4e-05,2e-05,-0.00576,-0.00049,0.0001,0.0068,0,-5e-05,-2e-05,-0.01366,0.00106,0.01121,-0.00231,8e-05,2e-05,-0,-0.00338,0.00011,0.00233,0.00092,0.00013,-5e-05,0
42.02,0.00484,0.00079,0.00269,0.00015,-0.00012,-0,-0.00068,8e-05,2e-05,0.00477,1e-05,5e-05,2e-05,-0.00599,-0.00063,0.00013,0.00751,0,-4e-05,-2e-05,-0.00728,0.00117,0.01155,-0.00226,4e-05,3e-05,-0,-0.00419,8e-05,0.00237,0.00092,0.00011,-2e-05,0
42.04,0.00471,0.00109,0.00218,7e-05,-0.0001,-0,-0.00052,8e-05,2e-05,0.00479,1e-05,6e-05,2e-05,-0.00608,-0.00077,0.00013,0.00795,0,-4e-05,-1e-05,0.00015,0.00128,0.01161,-0.00213,-1e-05,4e-05,-0,-0.00504,4e-05,0.00235,0.0009,8e-05,0,-0
42.06,0.00443,0.00136,0.00145,-1e-05,-9e-05,-0,-0.00038,7e-05,-0,0.00463,2e-05,6e-05,2e-05,-0.00612,-0.00087,0.00012,0.00803,0,-4e-05,-1e-05,0.00865,0.00136,0.0114,-0.00191,-7e-05,5e-05,-0,-0.00593,-1e-05,0.00227,0.00086,4e-05,4e-05,-0
42.08,0.00401,0.0016,0.00055,-8e-05,-7e-05,-0,-0.00025,6e-05,-3e-05,0.00435,2e-05,6e-05,1e-05,-0.00612,-0.00092,9e-05,0.0078,0,-3e-05,-1e-05,0.01815,0.00141,0.01092,-0.0016,-0.00013,6e-05,-1e-05,-0.00688,-6e-05,0.00214,0.00082,-0,7e-05,-0
42.1,0.00346,0.0018,-0.00043,-0.00014,-3e-05,-0,-0.00015,5e-05,-7e-05,0.00393,2e-05,5e-05,1e-05,-0.00606,-0.00091,6e-05,0.00732,-0,-3e-05,-0,0.02845,0.00142,0.01022,-0.0012,-0.0002,7e-05,-1e-05,-0.00786,-0.00011,0.00195,0.00076,-4e-05,0.00011,-0
42.12,0.00283,0.00192,-0.00141,-0.00018,-0,-0,-9e-05,2e-05,-0.0001,0.00335,1e-05,4e-05,1e-05,-0.00594,-0.00087,2e-05,0.00666,-0,-2e-05,0,0.03922,0.00136,0.00937,-0.00074,-0.00027,9e-05,-1e-05,-0.00886,-0.00016,0.00173,0.00069,-8e-05,0.00014,-1e-05
42.14,0.00219,0.00198,-0.00231,-0.00021,0,0,-5e-05,1e-05,-0.00012,0.0027,1e-05,2e-05,1e-05,-0.0058,-0.00078,-0,0.00592,-0,-2e-05,0,0.05009,0.00125,0.00839,-0.00022,-0.00035,9e-05,-1e-05,-0.00986,-0.00019,0.00147,0.00062,-0.0001,0.00016,-1e-05
42.16,0.00159,0.00197,-0.00308,-0.00022,-2e-05,0,-4e-05,-0,-0.00014,0.00204,1e-05,1e-05,1e-05,-0.00565,-0.00065,-1e-05,0.00515,-0,-2e-05,1e-05,0.06072,0.0011,0.00731,0.00032,-0.00043,0.0001,-1e-05,-0.01082,-0.00022,0.00117,0.00055,-0.00011,0.00018,-1e-05
42.18,0.00107,0.00188,-0.00368,-0.00022,-5e-05,0,-3e-05,-1e-05,-0.00016,0.00139,0,-1e-05,0,-0.00547,-0.00049,1e-05,0.00442,-0,-2e-05,1e-05,0.07068,0.00092,0.00616,0.00085,-0.00051,0.0001,-1e-05,-0.01171,-0.00024,0.00085,0.00047,-0.00011,0.00018,-1e-05
42.2,0.00065,0.00173,-0.0041,-0.00022,-0.0001,0,-4e-05,-1e-05,-0.00017,0.00076,0,-2e-05,0,-0.00528,-0.00034,4e-05,0.00374,-0,-2e-05,1e-05,0.07947,0.00071,0.00491,0.00133,-0.00058,0.0001,-1e-05,-0.01248,-0.00026,0.00051,0.00039,-0.0001,0.00017,-1e-05
42.22,0.00035,0.0015,-0.00436,-0.00022,-0.00015,0,-6e-05,-0,-0.00017,0.00019,0,-3e-05,0,-0.0051,-0.00022,5e-05,0.00311,-0,-2e-05,1e-05,0.08654,0.0005,0.00358,0.00171,-0.00063,0.0001,-1e-05,-0.01305,-0.00025,0.00017,0.0003,-9e-05,0.00016,-1e-05
42.24,0.00015,0.00122,-0.00444,-0.00022,-0.00021,0,-8e-05,0,-0.00017,-0.00028,0,-4e-05,0,-0.00489,-0.00013,7e-05,0.00257,0,-2e-05,1e-05,0.0915,0.00031,0.00221,0.00195,-0.00066,9e-05,-1e-05,-0.01338,-0.00023,-0.00015,0.00022,-6e-05,0.00013,-1e-05
42.26,4e-05,0.00092,-0.00434,-0.00021,-0.00026,0,-0.00011,1e-05,-0.00017,-0.00064,-0,-5e-05,0,-0.00462,-5e-05,0.0001,0.00213,0,-2e-05,1e-05,0.09424,0.00017,0.00084,0.00205,-0.00067,7e-05,-1e-05,-0.01351,-0.00021,-0.00046,0.00013,-4e-05,0.0001,-1e-05
42.28,-0,0.0006,-0.00409,-0.00021,-0.00031,0,-0.00016,2e-05,-0.00017,-0.00089,-0,-6e-05,0,-0.00429,1e-05,0.00012,0.00177,0,-2e-05,0,0.09488,8e-05,-0.00053,0.00204,-0.00065,6e-05,-1e-05,-0.01345,-0.00018,-0.00076,3e-05,-2e-05,7e-05,-0
42.3,-1e-05,0.0003,-0.00374,-0.0002,-0.00034,0,-0.00021,2e-05,-0.00015,-0.00104,-0,-6e-05,0,-0.00395,4e-05,0.00014,0.00148,0,-2e-05,0,0.09384,1e-05,-0.00184,0.00193,-0.00062,4e-05,-1e-05,-0.01322,-0.00015,-0.00104,-5e-05,0,3e-05,-0
42.32,1e-05,5e-05,-0.00334,-0.00018,-0.00036,0,-0.00028,3e-05,-0.00013,-0.00111,-0,-6e-05,0,-0.00366,6e-05,0.00016,0.00124,0,-2e-05,0,0.09165,-3e-05,-0.00307,0.00178,-0.00058,2e-05,-0,-0.01287,-0.00013,-0.0013,-0.00013,3e-05,-2e-05,0
42.34,2e-05,-0.00014,-0.00291,-0.00017,-0.00037,0,-0.00036,3e-05,-0.0001,-0.00112,-0,-7e-05,1e-05,-0.00337,7e-05,0.00018,0.00103,0,-1e-05,0,0.08862,-6e-05,-0.00416,0.00162,-0.00053,0,0,-0.01241,-0.0001,-0.00154,-0.00019,5e-05,-6e-05,0
42.36,0,-0.00026,-0.00248,-0.00015,-0.00038,0,-0.00046,3e-05,-7e-05,-0.00109,0,-6e-05,1e-05,-0.00307,6e-05,0.00018,0.00085,0,-1e-05,-0,0.08499,-0.0001,-0.00508,0.00147,-0.00048,-2e-05,1e-05,-0.01188,-8e-05,-0.00176,-0.00024,7e-05,-0.00011,1e-05
42.38,-6e-05,-0.00031,-0.00207,-0.00013,-0.00039,0,-0.0006,4e-05,-4e-05,-0.00103,0,-6e-05,1e-05,-0.00278,4e-05,0.00019,0.00067,0,-1e-05,-0,0.08107,-0.00014,-0.00579,0.00134,-0.00043,-3e-05,1e-05,-0.01131,-6e-05,-0.00197,-0.00027,9e-05,-0.00015,1e-05
42.4,-0.00018,-0.00031,-0.0017,-0.00011,-0.00039,0,-0.00075,4e-05,-2e-05,-0.00097,0,-6e-05,1e-05,-0.00251,2e-05,0.00018,0.00047,0,-1e-05,-0,0.07697,-0.0002,-0.00627,0.00123,-0.00039,-4e-05,1e-05,-0.01074,-5e-05,-0.00214,-0.00029,0.00011,-0.00019,1e-05
42.42,-0.00038,-0.00026,-0.00137,-8e-05,-0.0004,0,-0.00088,4e-05,0,-0.00094,0,-5e-05,1e-05,-0.00225,-2e-05,0.00017,0.00023,0,-1e-05,-1e-05,0.07281,-0.00028,-0.00652,0.00113,-0.00034,-5e-05,2e-05,-0.0102,-3e-05,-0.00228,-0.0003,0.00013,-0.00023,2e-05
42.44,-0.00062,-0.00018,-0.00109,-6e-05,-0.00039,0,-0.00099,5e-05,1e-05,-0.00096,0,-5e-05,1e-05,-0.00201,-6e-05,0.00016,-5e-05,0,-1e-05,-1e-05,0.06883,-0.00036,-0.00653,0.00102,-0.0003,-5e-05,2e-05,-0.00972,-2e-05,-0.00236,-0.00031,0.00014,-0.00025,2e-05
42.46,-0.00086,-9e-05,-0.00086,-3e-05,-0.00039,0,-0.0011,5e-05,2e-05,-0.00102,0,-5e-05,1e-05,-0.00181,-0.0001,0.00014,-0.00039,0,-1e-05,-1e-05,0.06527,-0.00045,-0.00632,0.00089,-0.00025,-5e-05,2e-05,-0.00932,-1e-05,-0.00241,-0.00031,0.00016,-0.00026,2e-05
42.48,-0.00106,-0,-0.00067,-1e-05,-0.00039,0,-0.00121,5e-05,2e-05,-0.00114,0,-4e-05,1e-05,-0.00161,-0.00015,0.00012,-0.00077,0,-1e-05,-1e-05,0.06228,-0.00052,-0.00598,0.00075,-0.0002,-5e-05,2e-05,-0.00895,-0,-0.00239,-0.00031,0.00017,-0.00026,2e-05
42.5,-0.00117,8e-05,-0.00052,2e-05,-0.00038,0,-0.00128,6e-05,1e-05,-0.0013,-0,-4e-05,0,-0.00147,-0.00019,0.0001,-0.00118,-0,-0,-1e-05,0.06013,-0.00056,-0.00558,0.0006,-0.00016,-4e-05,1e-05,-0.00869,0,-0.00233,-0.00031,0.00018,-0.00024,2e-05
42.52,-0.00114,0.00013,-0.0004,4e-05,-0.00035,0,-0.0013,7e-05,1e-05,-0.00149,-0,-4e-05,0,-0.00139,-0.00022,7e-05,-0.00156,-0,-0,-1e-05,0.05907,-0.00054,-0.00519,0.00048,-0.00013,-3e-05,1e-05,-0.00853,1e-05,-0.00224,-0.0003,0.00018,-0.00022,2e-05
42.54,-0.00094,0.00017,-0.00032,5e-05,-0.00032,0,-0.00127,8e-05,0,-0.00169,-0,-4e-05,0,-0.00133,-0.00023,5e-05,-0.00188,-0,0,-0,0.05915,-0.00047,-0.00495,0.00039,-0.0001,-2e-05,1e-05,-0.00848,1e-05,-0.00211,-0.00029,0.00018,-0.00019,2e-05
42.56,-0.00059,0.00018,-0.00026,6e-05,-0.00029,0,-0.00119,8e-05,-0,-0.0019,0,-4e-05,-0,-0.00122,-0.00024,4e-05,-0.00214,-0,0,-0,0.06024,-0.00037,-0.0049,0.00036,-9e-05,-2e-05,1e-05,-0.00849,0,-0.00194,-0.00027,0.00017,-0.00016,1e-05
42.58,-6e-05,0.00018,-0.00022,7e-05,-0.00025,0,-0.00104,9e-05,-1e-05,-0.0021,0,-4e-05,-1e-05,-0.00103,-0.00024,3e-05,-0.00231,-0,0,-0,0.06197,-0.00026,-0.00493,0.00038,-8e-05,-1e-05,0,-0.00852,-0,-0.00175,-0.00025,0.00016,-0.00012,1e-05
42.6,0.0006,0.00017,-0.00019,7e-05,-0.00021,0,-0.00088,9e-05,-1e-05,-0.00224,0,-4e-05,-1e-05,-0.00078,-0.00023,3e-05,-0.00237,-0,1e-05,0,0.06383,-0.00016,-0.00498,0.00046,-8e-05,-0,0,-0.00851,-1e-05,-0.00155,-0.00021,0.00014,-8e-05,1e-05
42.62,0.00129,0.00014,-0.00017,7e-05,-0.00016,0,-0.00076,0.0001,-2e-05,-0.00229,0,-3e-05,-1e-05,-0.00045,-0.00021,4e-05,-0.00229,-0,1e-05,0,0.06523,-9e-05,-0.00503,0.0006,-7e-05,0,-0,-0.00838,-2e-05,-0.00133,-0.00017,0.00012,-4e-05,0
42.64,0.00195,0.00011,-0.00015,6e-05,-0.00012,0,-0.00061,0.00011,-2e-05,-0.00226,1e-05,-3e-05,-1e-05,4e-05,-0.00018,6e-05,-0.00207,-0,1e-05,1e-05,0.06565,-5e-05,-0.00488,0.00077,-5e-05,1e-05,-0,-0.0081,-3e-05,-0.00111,-0.00011,0.0001,-0,-0
42.66,0.00253,9e-05,-0.00013,5e-05,-7e-05,0,-0.00041,0.00011,-3e-05,-0.00213,1e-05,-2e-05,-1e-05,0.00068,-0.00014,0.0001,-0.00174,-0,1e-05,1e-05,0.0648,-4e-05,-0.00446,0.00097,-2e-05,2e-05,-0,-0.00766,-4e-05,-0.00089,-4e-05,8e-05,3e-05,-0
42.68,0.00302,6e-05,-0.00011,4e-05,-3e-05,0,-0.00021,0.0001,-3e-05,-0.00192,1e-05,-2e-05,-0,0.0014,-8e-05,0.00014,-0.00131,-0,1e-05,1e-05,0.06265,-4e-05,-0.00388,0.00119,2e-05,2e-05,-1e-05,-0.0071,-4e-05,-0.00067,4e-05,6e-05,6e-05,-1e-05
42.7,0.00337,4e-05,-9e-05,2e-05,1e-05,0,-1e-05,9e-05,-3e-05,-0.00165,1e-05,-1e-05,-0,0.00217,-1e-05,0.00017,-0.00083,-0,1e-05,1e-05,0.05942,-4e-05,-0.00326,0.0014,5e-05,3e-05,-1e-05,-0.00643,-5e-05,-0.00046,0.00012,4e-05,9e-05,-1e-05
42.72,0.00357,3e-05,-7e-05,1e-05,4e-05,0,0.00016,7e-05,-3e-05,-0.00135,0,-1e-05,0,0.00299,7e-05,0.0002,-0.00036,-0,1e-05,1e-05,0.05539,-3e-05,-0.00274,0.00156,8e-05,3e-05,-1e-05,-0.0057,-5e-05,-0.00028,0.00019,3e-05,0.00011,-1e-05
42.74,0.00364,3e-05,-4e-05,-1e-05,7e-05,0,0.00031,5e-05,-3e-05,-0.00105,0,-1e-05,1e-05,0.00378,0.00016,0.00022,5e-05,-0,1e-05,1e-05,0.05081,-0,-0.00255,0.00165,0.0001,3e-05,-1e-05,-0.00495,-5e-05,-0.00012,0.00025,2e-05,0.00012,-1e-05
42.76,0.00365,3e-05,-2e-05,-3e-05,0.0001,0,0.00042,3e-05,-3e-05,-0.00076,0,-0,1e-05,0.00442,0.00024,0.00021,0.00036,-0,1e-05,1e-05,0.0458,4e-05,-0.00274,0.0017,0.00011,3e-05,-1e-05,-0.0042,-5e-05,1e-05,0.0003,2e-05,0.00013,-1e-05
42.78,0.00359,2e-05,1e-05,-5e-05,0.00012,0,0.0005,1e-05,-2e-05,-0.00051,0,-0,1e-05,0.00487,0.00031,0.00018,0.00054,-0,1e-05,1e-05,0.04046,8e-05,-0.00318,0.00168,0.0001,2e-05,-1e-05,-0.00346,-5e-05,0.0001,0.00033,2e-05,0.00013,-1e-05
42.8,0.00346,3e-05,5e-05,-7e-05,0.00014,0,0.00055,-1e-05,-1e-05,-0.00029,0,-0,1e-05,0.0052,0.00037,0.00014,0.00058,-0,1e-05,1e-05,0.03476,0.00011,-0.00378,0.00162,8e-05,1e-05,-0,-0.00274,-5e-05,0.00017,0.00034,3e-05,0.00013,-1e-05
42.82,0.00323,3e-05,7e-05,-9e-05,0.00015,0,0.00057,-3e-05,-0,-0.00012,-0,-1e-05,1e-05,0.0055,0.00043,9e-05,0.0005,-0,1e-05,1e-05,0.02872,0.00015,-0.00448,0.00154,5e-05,0,0,-0.00207,-4e-05,0.0002,0.00033,4e-05,0.00012,-1e-05
42.84,0.00295,4e-05,0.0001,-0.00011,0.00016,0,0.00058,-4e-05,1e-05,-0,-0,-1e-05,0,0.0057,0.00047,5e-05,0.00032,-0,1e-05,0,0.02235,0.00018,-0.00505,0.00142,3e-05,-1e-05,0,-0.00145,-4e-05,0.0002,0.00031,4e-05,0.00011,-1e-05
42.86,0.00265,4e-05,0.00012,-0.00013,0.00016,0,0.00056,-4e-05,2e-05,7e-05,-0,-2e-05,0,0.00572,0.00048,0,7e-05,-0,0,0,0.01569,0.00019,-0.00531,0.00125,1e-05,-1e-05,0,-0.00087,-3e-05,0.00017,0.00026,5e-05,0.0001,-0
42.88,0.00234,5e-05,0.00013,-0.00014,0.00016,0,0.00053,-4e-05,2e-05,0.00012,-0,-2e-05,-0,0.00561,0.00049,-3e-05,-0.00022,-0,-0,0,0.00886,0.00019,-0.00526,0.00106,-0,-2e-05,0,-0.00035,-2e-05,0.00012,0.00021,6e-05,8e-05,-0
42.9,0.00202,6e-05,0.00013,-0.00015,0.00015,0,0.00049,-4e-05,3e-05,0.00013,-0,-3e-05,-0,0.0054,0.00047,-6e-05,-0.0005,-0,-1e-05,-0,0.00209,0.00017,-0.0049,0.00084,-1e-05,-2e-05,0,9e-05,-1e-05,7e-05,0.00014,6e-05,7e-05,-0
42.92,0.00168,6e-05,0.00013,-0.00015,0.00014,0,0.00043,-4e-05,4e-05,0.00012,-0,-3e-05,-1e-05,0.00509,0.00043,-7e-05,-0.00076,0,-2e-05,-0,-0.00432,0.00014,-0.00427,0.00061,-1e-05,-2e-05,0,0.00045,-1e-05,1e-05,7e-05,6e-05,5e-05,-0
42.94,0.00134,7e-05,0.00012,-0.00015,0.00013,0,0.00038,-3e-05,4e-05,0.0001,-0,-3e-05,-1e-05,0.00471,0.00039,-6e-05,-0.00096,0,-2e-05,-0,-0.01011,0.00011,-0.00353,0.00038,-1e-05,-2e-05,0,0.00073,-0,-3e-05,1e-05,6e-05,3e-05,-0
42.96,0.00105,7e-05,0.00011,-0.00014,0.00012,0,0.00033,-2e-05,5e-05,7e-05,-0,-3e-05,-1e-05,0.00431,0.00034,-5e-05,-0.00112,0,-2e-05,-0,-0.01511,8e-05,-0.00277,0.00018,-1e-05,-2e-05,0,0.00091,-0,-5e-05,-5e-05,6e-05,2e-05,-0
42.98,0.00079,7e-05,8e-05,-0.00014,0.00011,0,0.00028,-1e-05,5e-05,4e-05,-0,-3e-05,-1e-05,0.00391,0.00029,-4e-05,-0.00122,1e-05,-2e-05,-1e-05,-0.0192,5e-05,-0.00202,-1e-05,-1e-05,-2e-05,0,0.00101,-0,-6e-05,-0.00011,6e-05,1e-05,-0
43,0.00059,6e-05,5e-05,-0.00012,0.0001,0,0.00024,-0,5e-05,0,-0,-3e-05,-1e-05,0.00347,0.00025,-4e-05,-0.00129,1e-05,-2e-05,-1e-05,-0.0223,3e-05,-0.00128,-0.00018,-0,-1e-05,0,0.00103,-1e-05,-6e-05,-0.00015,6e-05,0,-0
43.02,0.00044,5e-05,-0,-0.0001,8e-05,0,0.0002,1e-05,5e-05,-3e-05,-0,-3e-05,-1e-05,0.00298,0.0002,-4e-05,-0.00134,1e-05,-2e-05,-1e-05,-0.02433,-0,-0.00057,-0.00033,-0,-1e-05,0,0.00099,-2e-05,-5e-05,-0.0002,6e-05,-1e-05,-0
43.04,0.00033,5e-05,-6e-05,-8e-05,7e-05,0,0.00016,1e-05,5e-05,-6e-05,-0,-3e-05,-1e-05,0.0025,0.00016,-5e-05,-0.00138,1e-05,-2e-05,-1e-05,-0.02529,-3e-05,0.00011,-0.00045,0,-0,-0,0.0009,-2e-05,-3e-05,-0.00023,6e-05,-1e-05,0
43.06,0.00027,4e-05,-0.00012,-6e-05,5e-05,0,0.00013,2e-05,5e-05,-8e-05,0,-3e-05,-1e-05,0.00206,0.00012,-9e-05,-0.00142,1e-05,-1e-05,-1e-05,-0.02527,-6e-05,0.00074,-0.00055,0,0,-0,0.00079,-3e-05,-1e-05,-0.00027,6e-05,-1e-05,0
43.08,0.00023,3e-05,-0.00017,-4e-05,4e-05,0,0.0001,2e-05,4e-05,-9e-05,0,-2e-05,-1e-05,0.00164,8e-05,-0.00014,-0.00143,1e-05,-1e-05,-1e-05,-0.02441,-9e-05,0.00128,-0.00063,0,1e-05,-0,0.00066,-4e-05,1e-05,-0.0003,6e-05,-2e-05,0
43.1,0.00019,2e-05,-0.00022,-2e-05,3e-05,0,7e-05,2e-05,4e-05,-9e-05,0,-2e-05,-1e-05,0.00116,4e-05,-0.0002,-0.00145,1e-05,-1e-05,-1e-05,-0.02293,-0.00012,0.00166,-0.00069,-0,1e-05,-0,0.00054,-4e-05,2e-05,-0.00032,5e-05,-2e-05,0
43.12,0.00016,1e-05,-0.00027,0,2e-05,0,4e-05,2e-05,3e-05,-9e-05,0,-2e-05,-1e-05,0.00059,-0,-0.00027,-0.00146,0,-2e-05,-1e-05,-0.02109,-0.00014,0.00179,-0.00071,-1e-05,1e-05,-0,0.00044,-5e-05,3e-05,-0.00034,5e-05,-1e-05,0
43.14,0.00014,0,-0.0003,2e-05,1e-05,0,-0,2e-05,3e-05,-8e-05,0,-2e-05,-1e-05,1e-05,-4e-05,-0.00031,-0.00142,0,-2e-05,-1e-05,-0.01911,-0.00014,0.00165,-0.00071,-1e-05,1e-05,-0,0.00036,-5e-05,3e-05,-0.00036,5e-05,-1e-05,-0
43.16,0.00011,0,-0.0003,2e-05,1e-05,-0,-4e-05,1e-05,2e-05,-6e-05,1e-05,-2e-05,-1e-05,-0.0006,-7e-05,-0.00033,-0.0013,0,-3e-05,-2e-05,-0.0172,-0.00014,0.00126,-0.00068,-3e-05,1e-05,-0,0.00031,-6e-05,2e-05,-0.00036,4e-05,-0,-0
43.18,9e-05,-0,-0.00027,3e-05,0,-0,-9e-05,0,1e-05,-4e-05,1e-05,-2e-05,-2e-05,-0.00122,-0.0001,-0.00032,-0.0011,-0,-3e-05,-2e-05,-0.01555,-0.00012,0.00068,-0.00061,-4e-05,1e-05,-0,0.00027,-6e-05,-0,-0.00036,4e-05,0,-0
43.2,8e-05,-0,-0.00022,3e-05,-0,-0,-0.00014,-1e-05,0,-1e-05,1e-05,-2e-05,-2e-05,-0.0018,-0.00012,-0.00029,-0.00085,-0,-3e-05,-2e-05,-0.01434,-9e-05,0,-0.00051,-5e-05,0,0,0.00026,-6e-05,-3e-05,-0.00034,2e-05,1e-05,-0
43.22,9e-05,-0,-0.00016,2e-05,-0,-0,-0.00018,-2e-05,0,3e-05,1e-05,-2e-05,-2e-05,-0.00226,-0.00012,-0.00024,-0.00057,-0,-3e-05,-2e-05,-0.01371,-5e-05,-0.00067,-0.00038,-6e-05,-0,0,0.00026,-5e-05,-6e-05,-0.0003,1e-05,2e-05,-0
43.24,0.00012,-0,-9e-05,1e-05,-1e-05,-0,-0.00019,-4e-05,-0,7e-05,2e-05,-1e-05,-2e-05,-0.00254,-9e-05,-0.00018,-0.0003,-1e-05,-3e-05,-2e-05,-0.0138,-2e-05,-0.00125,-0.0002,-7e-05,-1e-05,0,0.00028,-5e-05,-9e-05,-0.00025,-0,3e-05,-0
43.26,0.00017,-0,-2e-05,-1e-05,-1e-05,-0,-0.00016,-5e-05,0,0.00012,2e-05,-1e-05,-2e-05,-0.00264,-5e-05,-0.00013,-4e-05,-1e-05,-3e-05,-1e-05,-0.0147,-0,-0.00167,0,-7e-05,-2e-05,0,0.00032,-4e-05,-0.00012,-0.00018,-2e-05,3e-05,-0
43.28,0.00024,-0,3e-05,-2e-05,-2e-05,0,-6e-05,-7e-05,0,0.00018,1e-05,-1e-05,-2e-05,-0.00252,2e-05,-0.00011,0.00018,-1e-05,-2e-05,-1e-05,-0.01646,2e-05,-0.00193,0.00022,-7e-05,-2e-05,0,0.00039,-3e-05,-0.00016,-0.0001,-4e-05,4e-05,-0
43.3,0.00031,-0,8e-05,-2e-05,-3e-05,0,0.00012,-9e-05,0,0.00026,1e-05,-1e-05,-3e-05,-0.00223,0.0001,-0.0001,0.00036,-1e-05,-2e-05,-1e-05,-0.01909,3e-05,-0.00203,0.00044,-7e-05,-3e-05,0,0.00048,-2e-05,-0.00019,-2e-05,-6e-05,4e-05,-0
43.32,0.00035,0,0.00011,-2e-05,-4e-05,0,0.00041,-0.0001,-0,0.00037,1e-05,-1e-05,-3e-05,-0.0018,0.0002,-0.00011,0.0005,-1e-05,-1e-05,-0,-0.02259,3e-05,-0.00202,0.00063,-6e-05,-3e-05,1e-05,0.0006,-0,-0.00023,5e-05,-8e-05,4e-05,-0
43.34,0.00036,-0,0.00012,-2e-05,-4e-05,0,0.00083,-0.00011,-1e-05,0.00052,0,-1e-05,-4e-05,-0.00127,0.0003,-0.00013,0.0006,-1e-05,-1e-05,-0,-0.02697,4e-05,-0.00193,0.00075,-5e-05,-3e-05,1e-05,0.00076,1e-05,-0.00025,0.00012,-9e-05,3e-05,-0
43.36,0.00037,-0,0.00013,-1e-05,-4e-05,0,0.00136,-0.00012,-2e-05,0.00072,-1e-05,-1e-05,-5e-05,-0.00069,0.0004,-0.00015,0.00067,-1e-05,-0,-0,-0.03221,5e-05,-0.00181,0.00081,-4e-05,-4e-05,1e-05,0.00095,2e-05,-0.00027,0.00016,-0.00011,3e-05,-0
43.38,0.00035,-0,0.00013,-0,-4e-05,0,0.00197,-0.00014,-3e-05,0.00098,-1e-05,-1e-05,-6e-05,-9e-05,0.0005,-0.00018,0.00073,-1e-05,-0,-0,-0.03831,6e-05,-0.00163,0.00079,-2e-05,-4e-05,1e-05,0.00118,2e-05,-0.00027,0.00018,-0.00013,2e-05,0
43.4,0.0003,-1e-05,0.00012,1e-05,-4e-05,0,0.00265,-0.00015,-4e-05,0.00129,-1e-05,-1e-05,-7e-05,0.00047,0.00059,-0.0002,0.00077,-1e-05,-0,-0,-0.04524,7e-05,-0.00137,0.00069,-0,-4e-05,1e-05,0.00144,3e-05,-0.00025,0.00019,-0.00014,1e-05,0
43.42,0.00019,-1e-05,0.0001,3e-05,-3e-05,0,0.00341,-0.00015,-4e-05,0.00163,-1e-05,-1e-05,-7e-05,0.00096,0.00067,-0.00021,0.00081,-1e-05,-1e-05,-0,-0.0529,8e-05,-0.00102,0.00051,2e-05,-4e-05,1e-05,0.00172,3e-05,-0.0002,0.00018,-0.00015,0,0
43.44,8e-05,-1e-05,8e-05,4e-05,-3e-05,0,0.00414,-0.00014,-3e-05,0.002,-1e-05,-1e-05,-7e-05,0.00136,0.00074,-0.00022,0.00083,-1e-05,-1e-05,-0,-0.06114,9e-05,-0.00051,0.00027,5e-05,-4e-05,1e-05,0.00202,4e-05,-0.00012,0.00016,-0.00015,-1e-05,0
43.46,1e-05,-1e-05,6e-05,6e-05,-2e-05,0,0.00471,-0.00014,-0,0.00234,0,-1e-05,-6e-05,0.00167,0.00079,-0.00023,0.00086,-1e-05,-1e-05,-1e-05,-0.06978,0.0001,0.00016,-3e-05,8e-05,-3e-05,0,0.0023,4e-05,-1e-05,0.00014,-0.00015,-2e-05,0
43.48,-1e-05,-0,5e-05,7e-05,-1e-05,0,0.00506,-0.00017,6e-05,0.00261,1e-05,-1e-05,-5e-05,0.0019,0.00082,-0.00024,0.00088,-1e-05,-1e-05,-1e-05,-0.07859,0.00011,0.00097,-0.00036,0.00012,-3e-05,0,0.00257,4e-05,0.00013,0.00011,-0.00015,-3e-05,0
43.5,4e-05,0,3e-05,9e-05,-1e-05,0,0.00523,-0.00018,0.00013,0.00274,2e-05,-1e-05,-3e-05,0.00205,0.00083,-0.00024,0.00089,-1e-05,-1e-05,-1e-05,-0.08705,0.00012,0.00189,-0.00068,0.00016,-2e-05,0,0.0028,4e-05,0.00029,8e-05,-0.00014,-4e-05,0
43.52,0.00014,1e-05,2e-05,0.00012,-0,0,0.00532,-5e-05,0.00019,0.00268,3e-05,-1e-05,-1e-05,0.00216,0.00083,-0.00024,0.00087,-1e-05,-1e-05,-1e-05,-0.09451,0.00012,0.00281,-0.00097,0.0002,-1e-05,0,0.003,3e-05,0.00045,6e-05,-0.00014,-4e-05,0
43.54,0.00028,1e-05,1e-05,0.00015,-0,0,0.00537,9e-05,0.00023,0.00241,5e-05,-1e-05,1e-05,0.00223,0.0008,-0.00025,0.00083,-1e-05,-1e-05,-0,-0.10064,0.00011,0.00366,-0.0012,0.00024,-0,-0,0.00316,3e-05,0.0006,4e-05,-0.00013,-5e-05,0
43.56,0.00041,1e-05,1e-05,0.00019,-0,0,0.00538,0.00018,0.00027,0.00195,5e-05,-1e-05,3e-05,0.0023,0.00076,-0.00025,0.00077,-1e-05,-1e-05,-0,-0.1053,0.0001,0.00436,-0.00136,0.00027,0,-0,0.00328,3e-05,0.00072,3e-05,-0.00014,-5e-05,0
43.58,0.00051,0,1e-05,0.00024,-0,0,0.0054,0.00025,0.00028,0.00134,4e-05,-1e-05,3e-05,0.00235,0.00069,-0.00026,0.00068,-1e-05,-1e-05,-0,-0.10828,8e-05,0.00484,-0.00143,0.0003,1e-05,-0,0.00338,2e-05,0.00081,2e-05,-0.00014,-5e-05,0
43.6,0.00053,-0,2e-05,0.00029,-1e-05,0,0.00544,0.00024,0.00029,0.00065,3e-05,-0,2e-05,0.00242,0.00061,-0.00026,0.00057,-1e-05,-1e-05,0,-0.10953,7e-05,0.00497,-0.00142,0.00033,1e-05,-0,0.00349,2e-05,0.00085,1e-05,-0.00015,-5e-05,1e-05
43.62,0.00045,-1e-05,4e-05,0.00034,-1e-05,0,0.00546,0.00016,0.00031,-7e-05,1e-05,1e-05,0,0.0025,0.0005,-0.00026,0.00044,-0,-1e-05,0,-0.10905,6e-05,0.00464,-0.00135,0.00034,1e-05,-1e-05,0.00364,1e-05,0.00083,-0,-0.00016,-5e-05,1e-05
43.64,0.00021,-2e-05,6e-05,0.0004,-1e-05,0,0.00542,7e-05,0.00035,-0.00077,-0,3e-05,-1e-05,0.00258,0.00039,-0.00025,0.0003,0,-0,0,-0.10695,6e-05,0.00388,-0.00123,0.00035,1e-05,-0,0.00386,0,0.00077,-2e-05,-0.00016,-5e-05,1e-05
43.66,-0.00021,-3e-05,6e-05,0.00045,-1e-05,0,0.00532,-1e-05,0.00039,-0.00146,0,5e-05,-3e-05,0.00266,0.00028,-0.00024,0.00014,0,-0,1e-05,-0.10346,6e-05,0.00278,-0.0011,0.00035,0,-0,0.00416,-0,0.00067,-4e-05,-0.00016,-5e-05,1e-05
43.68,-0.00081,-5e-05,5e-05,0.0005,-1e-05,0,0.00512,-0.00011,0.00043,-0.00216,1e-05,7e-05,-4e-05,0.00272,0.00016,-0.00024,-1e-05,1e-05,-0,1e-05,-0.09891,7e-05,0.00144,-0.00097,0.00033,-1e-05,-0,0.00455,-1e-05,0.00054,-6e-05,-0.00015,-4e-05,0
43.7,-0.00158,-7e-05,-1e-05,0.00054,-2e-05,0,0.00481,-0.00023,0.00049,-0.00283,3e-05,9e-05,-4e-05,0.00276,5e-05,-0.00023,-0.00016,1e-05,0,1e-05,-0.0939,6e-05,8e-05,-0.00085,0.00031,-1e-05,0,0.00504,-1e-05,0.00042,-8e-05,-0.00014,-3e-05,0
43.72,-0.00247,-0.0001,-0.0001,0.00057,-2e-05,0,0.00444,-0.00022,0.00058,-0.0033,5e-05,9e-05,-2e-05,0.0028,-6e-05,-0.00021,-0.0003,1e-05,0,1e-05,-0.08908,5e-05,-0.00114,-0.00076,0.00028,-1e-05,1e-05,0.00562,-1e-05,0.00031,-9e-05,-0.00012,-2e-05,0
43.74,-0.00338,-0.00013,-0.00022,0.00057,-2e-05,0,0.00399,-0.00013,0.00064,-0.00365,6e-05,9e-05,1e-05,0.0028,-0.00016,-0.00018,-0.00042,2e-05,0,1e-05,-0.08489,3e-05,-0.00213,-0.00071,0.00025,-1e-05,1e-05,0.00623,-0,0.00022,-9e-05,-0.0001,-1e-05,0
43.76,-0.00419,-0.00016,-0.00032,0.00056,-2e-05,0,0.00351,-0.00011,0.00065,-0.00388,6e-05,9e-05,4e-05,0.00275,-0.00024,-0.00016,-0.00052,2e-05,0,2e-05,-0.08159,0,-0.00272,-0.00068,0.00023,-1e-05,1e-05,0.00684,0,0.00016,-8e-05,-7e-05,-0,0
43.78,-0.00481,-0.00017,-0.00038,0.00053,-2e-05,0,0.00304,-0.0001,0.00061,-0.00391,6e-05,8e-05,5e-05,0.00267,-0.0003,-0.00012,-0.00059,2e-05,0,1e-05,-0.0793,-3e-05,-0.00288,-0.00068,0.00021,-1e-05,1e-05,0.00742,1e-05,0.00013,-7e-05,-6e-05,1e-05,0
43.8,-0.00519,-0.00018,-0.00039,0.00048,-2e-05,0,0.00256,-0.00014,0.00053,-0.00372,5e-05,7e-05,5e-05,0.00253,-0.00035,-9e-05,-0.00063,2e-05,-0,1e-05,-0.07796,-5e-05,-0.0026,-0.0007,0.00019,-0,1e-05,0.00793,1e-05,0.0001,-4e-05,-4e-05,1e-05,-0
43.82,-0.00527,-0.00017,-0.00035,0.00042,-1e-05,0,0.00203,-0.00022,0.00039,-0.00337,4e-05,5e-05,4e-05,0.00237,-0.00038,-7e-05,-0.00065,2e-05,-0,1e-05,-0.0774,-8e-05,-0.00193,-0.00073,0.00019,-0,0,0.00839,1e-05,8e-05,-2e-05,-3e-05,1e-05,-0
43.84,-0.00513,-0.00016,-0.00028,0.00036,-0,0,0.00147,-0.00023,0.00027,-0.00288,3e-05,3e-05,2e-05,0.00218,-0.00038,-5e-05,-0.00064,2e-05,-1e-05,1e-05,-0.07744,-0.00011,-0.00104,-0.00076,0.00019,0,-0,0.00878,1e-05,6e-05,1e-05,-2e-05,1e-05,-0
43.86,-0.00481,-0.00014,-0.00019,0.00028,1e-05,0,0.00087,-0.00014,0.00017,-0.00228,2e-05,1e-05,0,0.00198,-0.00036,-3e-05,-0.0006,1e-05,-1e-05,0,-0.07779,-0.00013,-7e-05,-0.00078,0.0002,-0,-1e-05,0.00911,0,5e-05,2e-05,-1e-05,0,-0
43.88,-0.0044,-0.00012,-0.0001,0.0002,2e-05,0,0.0002,-1e-05,0.0001,-0.00159,2e-05,-1e-05,-2e-05,0.00177,-0.00032,-2e-05,-0.00055,1e-05,-1e-05,0,-0.078,-0.00015,0.00086,-0.00079,0.00021,-0,-1e-05,0.00936,-0,3e-05,3e-05,-1e-05,0,-0
43.9,-0.00397,-0.00011,-4e-05,0.00012,2e-05,0,-0.00052,1e-05,6e-05,-0.0009,1e-05,-3e-05,-3e-05,0.00156,-0.00026,-1e-05,-0.00048,0,-1e-05,-0,-0.0775,-0.00017,0.00163,-0.00078,0.00022,-0,-2e-05,0.00937,-0,2e-05,4e-05,-1e-05,-0,-0
43.92,-0.00361,-0.0001,-1e-05,4e-05,2e-05,0,-0.00117,-4e-05,2e-05,-0.00024,1e-05,-4e-05,-4e-05,0.00135,-0.0002,-0,-0.00042,-0,-1e-05,-1e-05,-0.0757,-0.00021,0.00207,-0.00076,0.00022,-0,-2e-05,0.00917,0,1e-05,3e-05,-0,-0,-0
43.94,-0.00341,-0.00011,-0,-3e-05,1e-05,0,-0.00164,-5e-05,-1e-05,0.00035,0,-4e-05,-3e-05,0.00116,-0.00015,0,-0.00036,-1e-05,-1e-05,-1e-05,-0.07225,-0.00024,0.00215,-0.00072,0.00022,-1e-05,-2e-05,0.00888,2e-05,1e-05,3e-05,-0,-0,0
43.96,-0.00343,-0.00012,0,-9e-05,1e-05,0,-0.00188,-7e-05,-3e-05,0.00074,0,-4e-05,-3e-05,0.00099,-0.0001,0,-0.00031,-1e-05,-1e-05,-1e-05,-0.06699,-0.00027,0.00188,-0.00065,0.0002,-0,-1e-05,0.00846,3e-05,-0,2e-05,-0,-0,-0
43.98,-0.00366,-0.00013,0,-0.00013,0,0,-0.00187,-5e-05,-5e-05,0.00088,-0,-4e-05,-2e-05,0.00085,-7e-05,0,-0.00027,-1e-05,-1e-05,-1e-05,-0.05998,-0.00028,0.00134,-0.00056,0.00017,-0,-0,0.00791,5e-05,-1e-05,2e-05,-0,0,-0
44,-0.00408,-0.00014,2e-05,-0.00015,-0,0,-0.00165,-2e-05,-6e-05,0.00076,0,-4e-05,-1e-05,0.00074,-4e-05,0,-0.00025,-1e-05,-1e-05,-0,-0.05167,-0.00027,0.00068,-0.00046,0.00013,0,1e-05,0.00725,7e-05,-3e-05,1e-05,-0,0,-0
44.02,-0.00463,-0.00015,4e-05,-0.00015,-1e-05,0,-0.0013,-2e-05,-7e-05,0.00044,0,-3e-05,-1e-05,0.00064,-4e-05,0,-0.00024,-1e-05,-0,-0,-0.04269,-0.00023,4e-05,-0.00034,9e-05,1e-05,2e-05,0.00653,7e-05,-4e-05,1e-05,-0,0,-0
44.04,-0.00524,-0.00014,7e-05,-0.00013,-1e-05,0,-0.00086,-0,-8e-05,2e-05,0,-2e-05,-0,0.00056,-4e-05,-0,-0.00025,-0,-0,0,-0.03364,-0.00017,-0.0005,-0.00022,6e-05,1e-05,3e-05,0.00579,7e-05,-5e-05,1e-05,0,0,-0
44.06,-0.00583,-0.00014,9e-05,-9e-05,-2e-05,0,-0.00036,3e-05,-9e-05,-0.00044,1e-05,-1e-05,0,0.00051,-5e-05,-0,-0.00026,0,0,0,-0.02509,-0.00011,-0.00084,-0.00012,3e-05,1e-05,3e-05,0.00507,5e-05,-6e-05,0,0,0,0
44.08,-0.00633,-0.00013,8e-05,-4e-05,-3e-05,0,0.0001,1e-05,-9e-05,-0.00088,1e-05,-0,0,0.00046,-6e-05,-1e-05,-0.00027,0,0,1e-05,-0.01761,-5e-05,-0.00097,-5e-05,2e-05,1e-05,2e-05,0.00443,3e-05,-6e-05,0,0,0,0
44.1,-0.00667,-0.00011,5e-05,1e-05,-4e-05,0,0.00047,-3e-05,-0.0001,-0.00125,1e-05,1e-05,1e-05,0.00042,-6e-05,-1e-05,-0.00027,1e-05,1e-05,1e-05,-0.01157,-1e-05,-0.0009,0,0,1e-05,2e-05,0.0039,1e-05,-6e-05,0,0,0,0
44.12,-0.00676,-9e-05,2e-05,4e-05,-6e-05,0,0.00073,4e-05,-0.0001,-0.00147,2e-05,1e-05,2e-05,0.00037,-5e-05,-1e-05,-0.00026,1e-05,1e-05,1e-05,-0.00707,1e-05,-0.0007,2e-05,-0,0,1e-05,0.00353,-2e-05,-6e-05,0,0,0,0
44.14,-0.00654,-6e-05,-1e-05,6e-05,-8e-05,0,0.00084,0.00016,-9e-05,-0.0015,2e-05,2e-05,3e-05,0.00031,-3e-05,-1e-05,-0.00024,2e-05,1e-05,2e-05,-0.00384,0,-0.00046,2e-05,-0,0,1e-05,0.00332,-3e-05,-5e-05,0,0,0,0
44.16,-0.00601,-3e-05,-2e-05,5e-05,-9e-05,0,0.00077,0.00022,-8e-05,-0.00136,2e-05,2e-05,4e-05,0.00023,1e-05,-0,-0.0002,2e-05,1e-05,2e-05,-0.00151,-1e-05,-0.00025,1e-05,-0,0,0,0.00329,-4e-05,-4e-05,1e-05,0,0,0
44.18,-0.00521,1e-05,-2e-05,2e-05,-0.0001,0,0.00055,0.00029,-6e-05,-0.00106,1e-05,1e-05,4e-05,0.00013,6e-05,0,-0.00014,2e-05,1e-05,2e-05,0.00028,-3e-05,-9e-05,0,0,-0,0,0.00338,-4e-05,-3e-05,1e-05,0,-0,-0
44.2,-0.00425,4e-05,-0,-2e-05,-9e-05,0,0.00019,0.00026,-5e-05,-0.00067,1e-05,1e-05,3e-05,2e-05,0.00012,0,-7e-05,2e-05,1e-05,1e-05,0.00172,-5e-05,-1e-05,-0,0,-0,-0,0.00355,-4e-05,-2e-05,1e-05,0,-0,-0
44.22,-0.00324,6e-05,1e-05,-8e-05,-6e-05,0,-0.00021,0.00011,-3e-05,-0.00023,0,-0,1e-05,-8e-05,0.00019,-0,1e-05,2e-05,1e-05,1e-05,0.00288,-7e-05,1e-05,-1e-05,-0,0,0,0.00372,-4e-05,-1e-05,1e-05,0,-0,-0
44.24,-0.00233,7e-05,2e-05,-0.00014,-3e-05,0,-0.00057,-0,-2e-05,0.0002,0,-1e-05,0,-0.00018,0.00025,0,7e-05,2e-05,1e-05,1e-05,0.00338,-7e-05,-1e-05,-1e-05,-0,0,0,0.00384,-3e-05,-1e-05,1e-05,0,-0,-0
44.26,-0.00162,7e-05,1e-05,-0.0002,-1e-05,0,-0.00087,-7e-05,-2e-05,0.00058,-0,-1e-05,-1e-05,-0.00027,0.0003,0,0.00012,2e-05,1e-05,1e-05,0.0034,-7e-05,-3e-05,-0,-0,0,0,0.00385,-2e-05,-1e-05,1e-05,0,-0,-0
44.28,-0.00115,6e-05,-1e-05,-0.00025,0,0,-0.00107,-0.00012,-1e-05,0.00087,-0,-1e-05,-1e-05,-0.00033,0.00033,1e-05,0.00016,2e-05,1e-05,1e-05,0.00332,-7e-05,-5e-05,-0,-0,0,0,0.00375,-1e-05,-1e-05,1e-05,0,-0,-0
44.3,-0.00093,5e-05,-4e-05,-0.00029,1e-05,0,-0.00114,-0.00014,-1e-05,0.00103,-1e-05,-1e-05,-2e-05,-0.00036,0.00035,1e-05,0.00018,1e-05,1e-05,0,0.00315,-7e-05,-6e-05,-0,-0,0,0,0.00352,-1e-05,-1e-05,1e-05,0,-0,-0
44.32,-0.00096,3e-05,-6e-05,-0.00032,1e-05,0,-0.00108,-0.00013,-1e-05,0.00104,-1e-05,-1e-05,-1e-05,-0.00035,0.00035,1e-05,0.00018,1e-05,1e-05,0,0.00287,-6e-05,-6e-05,-1e-05,0,0,0,0.00318,0,-2e-05,1e-05,0,0,-0
44.34,-0.00119,1e-05,-7e-05,-0.00034,1e-05,0,-0.0009,-8e-05,-2e-05,0.0009,-1e-05,-1e-05,-1e-05,-0.00031,0.00033,1e-05,0.00017,1e-05,1e-05,0,0.00251,-6e-05,-5e-05,-1e-05,0,0,0,0.00276,1e-05,-2e-05,1e-05,0,0,0
44.36,-0.00158,-0,-5e-05,-0.00034,-0,0,-0.00063,-3e-05,-2e-05,0.00064,-1e-05,-0,-1e-05,-0.00023,0.00029,1e-05,0.00014,1e-05,1e-05,0,0.00209,-6e-05,-3e-05,-1e-05,0,0,0,0.00228,1e-05,-3e-05,1e-05,0,0,0
44.38,-0.00203,-2e-05,-1e-05,-0.00033,-0,0,-0.00032,0,-3e-05,0.00031,-0,0,-0,-0.00014,0.00025,-0,0.0001,0,1e-05,0,0.00163,-5e-05,-2e-05,-2e-05,0,0,-0,0.00179,1e-05,-4e-05,1e-05,0,0,0
44.4,-0.00243,-3e-05,2e-05,-0.00031,-1e-05,0,-4e-05,-1e-05,-4e-05,-2e-05,-0,1e-05,0,-3e-05,0.0002,-1e-05,7e-05,0,1e-05,0,0.00118,-5e-05,0,-2e-05,0,-0,-0,0.00132,1e-05,-4e-05,0,0,0,0
44.42,-0.00267,-3e-05,5e-05,-0.00029,-1e-05,0,0.00017,2e-05,-4e-05,-0.00028,-0,1e-05,1e-05,6e-05,0.00017,-2e-05,4e-05,0,1e-05,0,0.00078,-5e-05,2e-05,-2e-05,0,-0,-0,0.00094,1e-05,-4e-05,0,0,0,0
44.44,-0.00265,-3e-05,7e-05,-0.00029,-3e-05,0,0.00027,0.0001,-5e-05,-0.00042,-0,2e-05,1e-05,0.00014,0.00017,-1e-05,4e-05,0,1e-05,0,0.00047,-4e-05,3e-05,-2e-05,0,-0,-0,0.00066,1e-05,-4e-05,0,0,0,0
44.46,-0.00233,-2e-05,7e-05,-0.0003,-4e-05,0,0.00023,0.00014,-5e-05,-0.00043,-0,2e-05,2e-05,0.00018,0.0002,-1e-05,6e-05,0,1e-05,0,0.00026,-2e-05,4e-05,-2e-05,0,-0,-0,0.00049,0,-4e-05,0,0,0,0
44.48,-0.00172,-2e-05,6e-05,-0.00033,-5e-05,0,5e-05,0.00017,-4e-05,-0.00032,-0,1e-05,2e-05,0.0002,0.00025,-0,0.0001,0,1e-05,0,0.00015,-1e-05,5e-05,-1e-05,0,-0,-0,0.00043,0,-3e-05,1e-05,0,0,0
44.5,-0.00092,-1e-05,4e-05,-0.00037,-5e-05,0,-0.00023,0.00012,-3e-05,-0.00012,-0,0,1e-05,0.00018,0.00033,0,0.00017,0,0,0,0.00011,1e-05,5e-05,-0,0,-0,-0,0.00044,0,-2e-05,1e-05,0,0,0
44.52,-3e-05,-1e-05,3e-05,-0.00041,-5e-05,0,-0.00055,1e-05,-3e-05,0.00013,-0,-0,1e-05,0.00015,0.00041,0,0.00024,0,0,0,0.00012,3e-05,4e-05,1e-05,0,-0,-0,0.00046,0,-0,1e-05,0,-0,-0
44.54,0.0008,-0,2e-05,-0.00045,-4e-05,0,-0.00085,-7e-05,-2e-05,0.00039,-0,-1e-05,0,0.0001,0.00048,0,0.00032,-0,-0,0,0.00015,5e-05,4e-05,2e-05,0,-0,-0,0.00047,1e-05,1e-05,1e-05,0,-0,-0
44.56,0.0015,-0,1e-05,-0.00048,-3e-05,0,-0.0011,-0.00013,-2e-05,0.00061,-0,-2e-05,-1e-05,6e-05,0.00054,0,0.00041,-0,-0,0,0.00016,7e-05,3e-05,3e-05,0,-0,0,0.00042,1e-05,2e-05,1e-05,0,-0,-0
44.58,0.00199,-0,1e-05,-0.0005,-2e-05,0,-0.00126,-0.00017,-1e-05,0.00076,-0,-2e-05,-1e-05,4e-05,0.00056,0,0.00048,0,-0,-0,0.00012,8e-05,2e-05,3e-05,0,-0,0,0.00029,1e-05,3e-05,1e-05,0,-0,-0
44.6,0.00224,-0,1e-05,-0.00049,-2e-05,0,-0.00129,-0.00017,-1e-05,0.0008,-0,-2e-05,-1e-05,4e-05,0.00056,0,0.00053,0,-0,0,1e-05,9e-05,1e-05,4e-05,0,-0,-0,8e-05,1e-05,4e-05,1e-05,0,-0,-0
44.62,0.00222,-0,2e-05,-0.00047,-2e-05,0,-0.00117,-0.00013,-1e-05,0.0007,-0,-2e-05,-1e-05,8e-05,0.00054,-0,0.00055,0,-0,0,-0.0002,9e-05,1e-05,4e-05,0,-0,-0,-0.00022,0,5e-05,1e-05,0,-0,-0
44.64,0.00197,-1e-05,3e-05,-0.00042,-2e-05,0,-0.0009,-7e-05,-1e-05,0.00048,-0,-2e-05,-1e-05,0.00017,0.00049,-0,0.00055,0,-0,0,-0.00052,9e-05,1e-05,4e-05,0,-0,-0,-0.00058,-0,5e-05,1e-05,0,-0,-0
44.66,0.00154,-2e-05,4e-05,-0.00035,-2e-05,0,-0.00052,-2e-05,-1e-05,0.00015,-0,-1e-05,-1e-05,0.00029,0.00042,-1e-05,0.00051,0,0,1e-05,-0.00092,8e-05,2e-05,3e-05,0,-0,-0,-0.00099,-1e-05,4e-05,1e-05,0,-0,-0
44.68,0.00101,-3e-05,4e-05,-0.00027,-3e-05,0,-0.0001,-0,-1e-05,-0.00025,-0,-1e-05,-0,0.00044,0.00033,-2e-05,0.00046,1e-05,0,1e-05,-0.00139,7e-05,3e-05,2e-05,0,-0,-0,-0.00142,-1e-05,4e-05,1e-05,0,-0,-0
44.7,0.00051,-4e-05,3e-05,-0.00018,-4e-05,0,0.00029,-4e-05,-1e-05,-0.00065,-0,-0,-0,0.00058,0.00023,-2e-05,0.00039,1e-05,0,1e-05,-0.00169,5e-05,3e-05,1e-05,0,-0,-0,-0.00181,-2e-05,3e-05,1e-05,0,-0,-0
44.72,0.00015,-6e-05,2e-05,-0.00011,-6e-05,0,0.00064,-2e-05,-0,-0.00098,-0,0,-0,0.0007,0.00013,0,0.00032,1e-05,0,1e-05,-0.00175,4e-05,1e-05,0,-0,-0,0,-0.00213,-2e-05,2e-05,1e-05,0,-0,-0
44.74,2e-05,-6e-05,0,-6e-05,-8e-05,0,0.00089,6e-05,-0,-0.00119,-0,1e-05,0,0.00076,5e-05,4e-05,0.00027,1e-05,0,1e-05,-0.00149,2e-05,-1e-05,-0,-0,-0,0,-0.00233,-2e-05,0,1e-05,0,-0,-0
44.76,0.00014,-7e-05,-0,-4e-05,-9e-05,0,0.00099,0.00012,0,-0.00125,-0,1e-05,0,0.00075,-1e-05,6e-05,0.00024,1e-05,-0,0,-0.00092,0,-4e-05,-0,-1e-05,-0,0,-0.0024,-2e-05,-0,1e-05,0,-0,-0
44.78,0.0005,-6e-05,-1e-05,-4e-05,-0.0001,0,0.00093,0.00016,1e-05,-0.00117,-1e-05,0,-0,0.00067,-5e-05,8e-05,0.00024,0,-1e-05,0,-0.00012,-0,-5e-05,1e-05,-1e-05,-0,0,-0.00237,-1e-05,-1e-05,1e-05,0,-0,-0
44.8,0.001,-6e-05,-0,-7e-05,-0.0001,0,0.00071,0.00014,2e-05,-0.00097,-1e-05,-0,-1e-05,0.00054,-6e-05,5e-05,0.00025,0,-1e-05,-1e-05,0.00079,-0,-2e-05,1e-05,-0,-0,-0,-0.00226,-0,-2e-05,0,-0,-0,-0
44.82,0.00152,-5e-05,-0,-0.0001,-8e-05,0,0.00038,3e-05,3e-05,-0.00071,-1e-05,-1e-05,-1e-05,0.00037,-5e-05,1e-05,0.00028,-0,-2e-05,-1e-05,0.00166,0,5e-05,2e-05,0,-0,-0,-0.00213,1e-05,-2e-05,0,-0,-0,-0
44.84,0.00196,-4e-05,0,-0.00013,-6e-05,0,2e-05,-6e-05,3e-05,-0.0004,-1e-05,-1e-05,-1e-05,0.0002,-3e-05,-2e-05,0.00032,-0,-2e-05,-1e-05,0.00241,1e-05,0.00014,2e-05,1e-05,-0,-0,-0.00203,1e-05,-2e-05,-0,-0,-0,-0
44.86,0.00224,-4e-05,-0,-0.00016,-4e-05,0,-0.00034,-0.00015,4e-05,-8e-05,-1e-05,-1e-05,-1e-05,5e-05,0,-3e-05,0.00036,-1e-05,-2e-05,-1e-05,0.00297,2e-05,0.00023,2e-05,2e-05,-0,-1e-05,-0.00198,2e-05,-2e-05,-0,-0,-0,-0
44.88,0.00234,-4e-05,-1e-05,-0.00018,-2e-05,0,-0.00067,-0.00025,4e-05,0.00022,-1e-05,-2e-05,-2e-05,-7e-05,4e-05,-3e-05,0.00039,-1e-05,-2e-05,-1e-05,0.0033,2e-05,0.00029,1e-05,3e-05,-0,-1e-05,-0.00201,2e-05,-2e-05,-1e-05,-0,-0,-0
44.9,0.00223,-4e-05,-1e-05,-0.00019,-1e-05,0,-0.0009,-0.00031,4e-05,0.00047,-1e-05,-2e-05,-2e-05,-0.00016,6e-05,-2e-05,0.00041,-1e-05,-2e-05,-1e-05,0.00338,2e-05,0.00029,1e-05,4e-05,-0,-0,-0.00212,3e-05,-2e-05,-1e-05,-0,-0,0
44.92,0.00192,-5e-05,-1e-05,-0.00019,-1e-05,0,-0.00097,-0.00028,3e-05,0.00061,-0,-2e-05,-1e-05,-0.00021,7e-05,-1e-05,0.00041,-1e-05,-1e-05,-1e-05,0.0032,1e-05,0.00023,1e-05,3e-05,-0,-0,-0.00229,2e-05,-2e-05,-1e-05,-0,0,0
44.94,0.00146,-6e-05,0,-0.00017,-1e-05,0,-0.00088,-0.00019,2e-05,0.00062,0,-2e-05,-1e-05,-0.00021,6e-05,-1e-05,0.00039,-1e-05,-1e-05,-1e-05,0.00277,1e-05,0.00014,2e-05,3e-05,-0,-0,-0.00252,1e-05,-1e-05,-1e-05,-0,0,0
44.96,0.00091,-8e-05,2e-05,-0.00013,-2e-05,0,-0.00065,-9e-05,1e-05,0.0005,0,-2e-05,-0,-0.00018,3e-05,-0,0.00034,-1e-05,-1e-05,-1e-05,0.00215,0,5e-05,2e-05,2e-05,0,0,-0.00277,0,-1e-05,-1e-05,-0,0,0
44.98,0.00033,-0.0001,4e-05,-9e-05,-4e-05,0,-0.00033,-1e-05,-0,0.00028,0,-1e-05,-0,-0.00012,-2e-05,-0,0.00029,-1e-05,-1e-05,-1e-05,0.00142,0,-1e-05,2e-05,1e-05,0,0,-0.00301,-1e-05,-1e-05,-1e-05,-0,0,0
45,-0.00015,-0.00012,4e-05,-4e-05,-6e-05,0,0,-0,-1e-05,2e-05,0,-0,-0,-4e-05,-7e-05,0,0.00023,-1e-05,-1e-05,-0,0.00076,-1e-05,-5e-05,2e-05,0,0,0,-0.00319,-2e-05,-0,-1e-05,0,0,0
45.02,-0.00046,-0.00014,4e-05,1e-05,-8e-05,0,0.00029,2e-05,-1e-05,-0.00023,1e-05,1e-05,0,4e-05,-0.0001,0,0.00017,-1e-05,-1e-05,-0,0.00035,-1e-05,-6e-05,2e-05,0,0,0,-0.00327,-4e-05,0,-1e-05,0,0,0
45.04,-0.00052,-0.00014,1e-05,4e-05,-0.00011,0,0.0005,0.0001,-2e-05,-0.0004,3e-05,1e-05,0,0.00011,-0.00011,1e-05,0.00013,-1e-05,-1e-05,-0,0.00038,-1e-05,-8e-05,2e-05,-0,0,0,-0.00321,-4e-05,0,-1e-05,0,0,0
45.06,-0.00032,-0.00014,-1e-05,5e-05,-0.00013,0,0.00057,0.00015,-2e-05,-0.00048,4e-05,1e-05,1e-05,0.00017,-8e-05,2e-05,0.00011,-1e-05,-1e-05,-0,0.00089,-1e-05,-0.0001,2e-05,-0,0,0,-0.00301,-5e-05,0,-1e-05,0,0,0
45.08,0.00012,-0.00013,-4e-05,4e-05,-0.00014,0,0.00049,0.00019,-1e-05,-0.00046,5e-05,1e-05,1e-05,0.00018,-3e-05,3e-05,0.00011,-0,-1e-05,-0,0.0018,1e-05,-0.00011,4e-05,-0,0,0,-0.0027,-4e-05,0,-1e-05,0,0,0
45.1,0.00068,-0.00011,-4e-05,2e-05,-0.00013,0,0.00028,0.00017,-1e-05,-0.00035,5e-05,1e-05,0,0.00016,4e-05,3e-05,0.00011,-0,-0,-0,0.0029,3e-05,-9e-05,5e-05,-0,0,0,-0.00232,-4e-05,-0,-0,0,0,0
45.12,0.00125,-8e-05,-1e-05,-1e-05,-0.0001,0,-2e-05,8e-05,-0,-0.00017,4e-05,1e-05,-0,9e-05,0.0001,2e-05,0.00012,-0,-0,-0,0.00393,7e-05,2e-05,6e-05,1e-05,-0,-0,-0.00194,-3e-05,-0,-0,-0,-0,-0
45.14,0.00172,-4e-05,6e-05,-5e-05,-5e-05,0,-0.00036,1e-05,0,6e-05,2e-05,0,-0,-3e-05,0.00015,1e-05,0.00011,-0,0,-0,0.00472,0.00012,0.00027,7e-05,3e-05,-0,-1e-05,-0.00162,-2e-05,-0,-0,-0,-0,-0
45.16,0.00204,-0,0.00017,-8e-05,2e-05,0,-0.00071,-3e-05,1e-05,0.00034,1e-05,-0,-1e-05,-0.00019,0.00017,-0,8e-05,-0,0,-0,0.00525,0.00018,0.0007,7e-05,6e-05,-0,-1e-05,-0.00139,-1e-05,0,-0,-0,-0,-0
45.18,0.00217,4e-05,0.00031,-0.00011,0.0001,0,-0.00107,-7e-05,1e-05,0.00064,0,-0,-1e-05,-0.00039,0.00016,-3e-05,2e-05,-0,1e-05,-0,0.0056,0.00026,0.0013,8e-05,0.00012,-1e-05,-2e-05,-0.00128,-1e-05,0,-1e-05,-0,-0,-0
45.2,0.00212,9e-05,0.00046,-0.00013,0.00018,0,-0.00139,-0.00013,2e-05,0.00094,-0,-1e-05,-1e-05,-0.00061,0.00011,-5e-05,-8e-05,-0,1e-05,-0,0.00597,0.00034,0.00203,8e-05,0.00018,-1e-05,-3e-05,-0.00128,-1e-05,1e-05,-1e-05,-0,-0,-0
45.22,0.00189,0.00013,0.0006,-0.00012,0.00024,0,-0.00161,-0.00014,2e-05,0.00124,-0,-1e-05,-1e-05,-0.00081,4e-05,-7e-05,-0.00023,-0,2e-05,-0,0.00655,0.00042,0.00282,9e-05,0.00026,-1e-05,-4e-05,-0.00138,-0,1e-05,-1e-05,-1e-05,-0,-0
45.24,0.00153,0.00017,0.00072,-9e-05,0.00029,0,-0.00174,-0.00012,2e-05,0.00149,-0,-0,-0,-0.00099,-7e-05,-8e-05,-0.00043,-0,2e-05,-0,0.0075,0.00049,0.00358,0.0001,0.00033,-1e-05,-4e-05,-0.00156,-0,2e-05,-1e-05,-1e-05,-0,-0
45.26,0.00107,0.00019,0.00078,-3e-05,0.00031,0,-0.00181,-0.0001,2e-05,0.00165,-1e-05,-0,0,-0.00114,-0.0002,-9e-05,-0.0007,-0,3e-05,-0,0.00886,0.00054,0.00423,0.0001,0.0004,-2e-05,-5e-05,-0.00181,-0,2e-05,-1e-05,-0,-0,-0
45.28,0.00058,0.00021,0.00078,8e-05,0.00031,0,-0.00182,-6e-05,1e-05,0.00172,-0,0,1e-05,-0.00125,-0.00038,-9e-05,-0.00102,-0,3e-05,-0,0.01059,0.00057,0.00471,9e-05,0.00046,-2e-05,-5e-05,-0.00209,-0,3e-05,-1e-05,-0,-0,-0
45.3,0.00011,0.00021,0.00071,0.00021,0.0003,0,-0.0018,-3e-05,1e-05,0.00172,-0,1e-05,1e-05,-0.00135,-0.00056,-0.0001,-0.00139,-0,3e-05,0,0.01258,0.00057,0.00494,5e-05,0.0005,-2e-05,-5e-05,-0.00238,-1e-05,3e-05,-1e-05,-0,-0,-0
45.32,-0.00024,0.0002,0.00057,0.00035,0.00028,0,-0.00184,-3e-05,-0,0.00167,-0,2e-05,0,-0.00148,-0.00068,-0.00012,-0.00178,-0,3e-05,0,0.01466,0.00054,0.00489,-1e-05,0.00052,-2e-05,-5e-05,-0.00264,-1e-05,3e-05,-0,-0,-0,-0
45.34,-0.00041,0.00019,0.00037,0.00049,0.00025,0,-0.0019,-2e-05,-2e-05,0.00159,0,2e-05,0,-0.00162,-0.00073,-0.00014,-0.00214,-0,3e-05,0,0.01671,0.00047,0.00456,-0.00012,0.00051,-2e-05,-5e-05,-0.00285,-1e-05,3e-05,0,-0,-0,-0
45.36,-0.00034,0.00017,0.00013,0.00061,0.00021,0,-0.00198,1e-05,-5e-05,0.00151,0,3e-05,-0,-0.00178,-0.00079,-0.00014,-0.00243,-0,3e-05,1e-05,0.01867,0.00038,0.00399,-0.00025,0.00048,-2e-05,-5e-05,-0.00301,-1e-05,3e-05,1e-05,-0,-0,-0
45.38,-1e-05,0.00015,-0.00014,0.00071,0.00017,0,-0.00211,4e-05,-8e-05,0.00144,1e-05,3e-05,0,-0.00199,-0.00083,-0.00013,-0.00259,-0,2e-05,1e-05,0.02055,0.00027,0.00323,-0.0004,0.00044,-2e-05,-4e-05,-0.00312,-2e-05,3e-05,3e-05,-0,-0,-0
45.4,0.00057,0.00012,-0.00039,0.00077,0.00013,0,-0.00225,6e-05,-0.00012,0.00141,1e-05,4e-05,0,-0.00226,-0.00089,-6e-05,-0.00255,-0,2e-05,1e-05,0.02242,0.00015,0.00238,-0.00055,0.00038,-2e-05,-4e-05,-0.00321,-2e-05,3e-05,4e-05,-0,-0,-0
45.42,0.00135,0.0001,-0.00062,0.00077,9e-05,0,-0.00239,6e-05,-0.00015,0.00142,1e-05,3e-05,-0,-0.0026,-0.00099,0.00011,-0.00229,-0,2e-05,1e-05,0.02434,5e-05,0.00153,-0.00072,0.00032,-1e-05,-3e-05,-0.0033,-2e-05,3e-05,6e-05,-0,-0,-0
45.44,0.00227,8e-05,-0.00078,0.00072,5e-05,-0,-0.00252,5e-05,-0.00018,0.00147,1e-05,3e-05,-0,-0.00302,-0.00111,0.00036,-0.00177,-0,1e-05,1e-05,0.02643,-5e-05,0.00073,-0.00087,0.00026,-1e-05,-2e-05,-0.00341,-2e-05,2e-05,7e-05,-0,-0,-0
45.46,0.00328,7e-05,-0.00087,0.00062,2e-05,-0,-0.00267,4e-05,-0.00021,0.00156,1e-05,2e-05,-0,-0.00353,-0.00121,0.00063,-0.00098,-0,1e-05,0,0.02882,-0.00012,1e-05,-0.001,0.00021,-1e-05,-1e-05,-0.00358,-2e-05,2e-05,8e-05,-0,-0,-0
45.48,0.00433,5e-05,-0.00088,0.00048,-0,-0,-0.00283,2e-05,-0.00023,0.00168,1e-05,1e-05,-0,-0.00411,-0.0013,0.00091,5e-05,-0,-0,-0,0.03157,-0.00017,-0.00058,-0.00109,0.00017,-0,-1e-05,-0.00383,-2e-05,1e-05,9e-05,0,-0,-0
45.5,0.00532,4e-05,-0.00081,0.00032,-1e-05,-0,-0.00295,-1e-05,-0.00024,0.00182,1e-05,-0,-0,-0.00462,-0.00134,0.00115,0.00126,-0,-1e-05,-1e-05,0.03469,-0.0002,-0.00102,-0.00113,0.00014,-0,0,-0.00419,-1e-05,-0,9e-05,0,-0,-0
45.52,0.00613,3e-05,-0.00069,0.00016,-1e-05,-0,-0.00296,-2e-05,-0.00023,0.00195,0,-1e-05,-0,-0.00484,-0.00128,0.00131,0.00259,-0,-2e-05,-1e-05,0.0382,-0.00021,-0.00128,-0.00114,0.00011,0,1e-05,-0.00467,-1e-05,-2e-05,8e-05,0,-0,-0
45.54,0.00674,3e-05,-0.00053,-0,-1e-05,-0,-0.00288,-3e-05,-0.0002,0.00204,-0,-1e-05,-0,-0.00475,-0.00113,0.00134,0.00393,-0,-2e-05,-2e-05,0.04209,-0.00019,-0.00138,-0.0011,9e-05,0,1e-05,-0.00517,0,-3e-05,6e-05,0,0,-0
45.56,0.00714,2e-05,-0.00036,-0.00015,-0,-0,-0.00274,-3e-05,-0.00018,0.00208,-0,-1e-05,0,-0.00444,-0.00093,0.00122,0.00513,-0,-2e-05,-2e-05,0.04632,-0.00017,-0.00135,-0.00101,7e-05,0,1e-05,-0.00557,1e-05,-5e-05,3e-05,1e-05,0,-0
45.58,0.00732,1e-05,-0.00021,-0.00028,-0,-0,-0.00251,-2e-05,-0.00015,0.00207,-0,-1e-05,1e-05,-0.00387,-0.0007,0.001,0.0061,-0,-2e-05,-2e-05,0.05087,-0.00014,-0.00128,-0.00089,5e-05,0,1e-05,-0.00589,2e-05,-8e-05,0,1e-05,0,-0
45.6,0.00729,-0,-9e-05,-0.00038,-0,-0,-0.00227,-1e-05,-0.00013,0.002,0,-1e-05,1e-05,-0.00315,-0.00048,0.00074,0.00675,-0,-1e-05,-1e-05,0.05566,-0.00012,-0.00129,-0.00073,1e-05,0,1e-05,-0.00603,2e-05,-0.0001,-1e-05,2e-05,-0,-0
45.62,0.00707,-1e-05,-2e-05,-0.00047,0,-0,-0.00209,-1e-05,-0.00011,0.0019,2e-05,-0,1e-05,-0.0024,-0.0003,0.00049,0.00703,-0,-1e-05,-1e-05,0.06059,-0.00012,-0.00146,-0.00052,-4e-05,-0,1e-05,-0.00588,2e-05,-0.00013,-1e-05,3e-05,-1e-05,0
45.64,0.00668,-3e-05,3e-05,-0.00053,0,-0,-0.00191,-0,-0.0001,0.00178,4e-05,-0,1e-05,-0.00162,-0.00017,0.00029,0.00698,0,-1e-05,-1e-05,0.06548,-0.00015,-0.00189,-0.00031,-9e-05,-0,1e-05,-0.00537,1e-05,-0.00016,2e-05,5e-05,-1e-05,0
45.66,0.00617,-5e-05,4e-05,-0.00056,1e-05,-0,-0.00169,0,-9e-05,0.00166,7e-05,-0,1e-05,-0.00087,-7e-05,0.00014,0.00669,0,-0,-1e-05,0.07018,-0.00019,-0.00259,-8e-05,-0.00016,-1e-05,2e-05,-0.0045,0,-0.0002,8e-05,6e-05,-2e-05,0
45.68,0.00556,-7e-05,4e-05,-0.00058,1e-05,0,-0.00146,1e-05,-7e-05,0.00154,0.0001,0,0,-0.0002,-1e-05,5e-05,0.00623,0,-0,-0,0.07456,-0.00023,-0.00343,0.00015,-0.00022,-1e-05,2e-05,-0.00332,-1e-05,-0.00023,0.00016,9e-05,-4e-05,0
45.7,0.00491,-9e-05,3e-05,-0.00058,2e-05,0,-0.00124,2e-05,-6e-05,0.00144,0.00014,0,0,0.00038,2e-05,1e-05,0.00565,-0,0,-0,0.07847,-0.00026,-0.00435,0.00037,-0.00026,-2e-05,2e-05,-0.00195,-2e-05,-0.00025,0.00025,0.00011,-5e-05,0
45.72,0.00424,-0.00011,2e-05,-0.00056,3e-05,0,-0.00105,4e-05,-5e-05,0.00133,0.0002,-0,-0,0.00087,3e-05,-1e-05,0.00497,-0,0,-0,0.08176,-0.00025,-0.00534,0.00061,-0.00029,-3e-05,2e-05,-0.00054,-3e-05,-0.00026,0.00034,0.00012,-6e-05,0
45.74,0.00358,-0.00014,1e-05,-0.00053,5e-05,0,-0.00089,5e-05,-4e-05,0.00124,0.00024,-1e-05,-0,0.00129,2e-05,-2e-05,0.00427,-0,-0,-0,0.08434,-0.00022,-0.00619,0.00084,-0.0003,-4e-05,2e-05,0.00079,-4e-05,-0.00026,0.00042,0.00014,-7e-05,0
45.76,0.00294,-0.00016,-0,-0.0005,6e-05,0,-0.00073,6e-05,-2e-05,0.00115,0.00025,-1e-05,-1e-05,0.00161,2e-05,-2e-05,0.00362,-0,-0,-0,0.0862,-0.00018,-0.00667,0.00106,-0.00029,-5e-05,2e-05,0.00194,-4e-05,-0.00025,0.00048,0.00014,-8e-05,0
45.78,0.00234,-0.00018,-1e-05,-0.00045,6e-05,0,-0.00059,6e-05,-1e-05,0.00106,0.00025,-1e-05,-1e-05,0.00182,1e-05,-2e-05,0.00304,-0,-0,-0,0.08734,-0.00014,-0.00682,0.00126,-0.00027,-5e-05,1e-05,0.00285,-3e-05,-0.00023,0.00052,0.00014,-8e-05,0
45.8,0.00179,-0.0002,-1e-05,-0.00041,7e-05,0,-0.00048,7e-05,0,0.00097,0.00022,-1e-05,-1e-05,0.00195,0,-2e-05,0.00251,-0,-0,-0,0.08774,-0.0001,-0.00659,0.00144,-0.00024,-5e-05,1e-05,0.00353,-2e-05,-0.00021,0.00054,0.00013,-8e-05,0
45.82,0.00132,-0.00022,-1e-05,-0.00037,7e-05,0,-0.00041,7e-05,1e-05,0.00089,0.00017,-1e-05,-0,0.00201,-0,-3e-05,0.00201,-0,-0,-0,0.08738,-7e-05,-0.00599,0.00158,-0.0002,-4e-05,1e-05,0.00397,-2e-05,-0.00019,0.00054,0.00011,-8e-05,0
45.84,0.00092,-0.00023,-1e-05,-0.00033,7e-05,0,-0.00036,7e-05,2e-05,0.00081,0.00013,-1e-05,-0,0.00198,-1e-05,-4e-05,0.00158,-0,-0,-0,0.08624,-5e-05,-0.0052,0.00167,-0.00017,-4e-05,1e-05,0.0042,-2e-05,-0.00019,0.00054,9e-05,-9e-05,0
45.86,0.00059,-0.00023,-1e-05,-0.00029,7e-05,0,-0.00032,7e-05,2e-05,0.00074,0.00011,-1e-05,-0,0.00186,-1e-05,-4e-05,0.00123,-0,-0,-0,0.08427,-3e-05,-0.00431,0.00172,-0.00013,-3e-05,0,0.00426,-2e-05,-0.00021,0.00052,8e-05,-9e-05,0
45.88,0.00033,-0.00022,-1e-05,-0.00025,6e-05,0,-0.0003,7e-05,2e-05,0.00068,0.0001,-1e-05,-0,0.00166,-1e-05,-5e-05,0.00094,-0,-0,-0,0.08148,-1e-05,-0.00336,0.00173,-0.0001,-2e-05,0,0.00417,-2e-05,-0.00023,0.0005,6e-05,-9e-05,0
45.9,0.00016,-0.0002,-0,-0.00022,6e-05,0,-0.00029,7e-05,2e-05,0.00062,0.0001,-0,0,0.0014,-1e-05,-5e-05,0.00072,-0,-0,-0,0.0779,-0,-0.00241,0.00169,-7e-05,-1e-05,0,0.00399,-2e-05,-0.00027,0.00047,4e-05,-0.0001,0
45.92,6e-05,-0.00017,-0,-0.00019,5e-05,0,-0.00028,6e-05,2e-05,0.00057,0.00011,-1e-05,0,0.00107,-0,-5e-05,0.00054,-0,-0,0,0.07362,1e-05,-0.00149,0.0016,-4e-05,-0,0,0.00373,-2e-05,-0.00032,0.00043,3e-05,-0.0001,0
45.94,1e-05,-0.00012,0,-0.00017,3e-05,0,-0.00027,5e-05,1e-05,0.00051,0.00012,-1e-05,1e-05,0.00071,1e-05,-5e-05,0.0004,-0,-0,0,0.06867,1e-05,-0.00063,0.00146,-2e-05,0,-0,0.00342,-2e-05,-0.00036,0.00039,2e-05,-0.0001,0
45.96,-3e-05,-7e-05,1e-05,-0.00014,2e-05,0,-0.00027,4e-05,1e-05,0.00046,0.00011,-0,1e-05,0.00031,2e-05,-4e-05,0.0003,-0,-0,0,0.06311,2e-05,0.00013,0.00129,-0,1e-05,-0,0.00308,-1e-05,-0.00039,0.00034,1e-05,-0.0001,0
45.98,-7e-05,0,1e-05,-0.00011,1e-05,0,-0.00028,3e-05,1e-05,0.0004,9e-05,-0,1e-05,-0.00011,2e-05,-4e-05,0.00023,-0,-0,0,0.05707,2e-05,0.00079,0.00109,0,1e-05,-0,0.00271,-1e-05,-0.00041,0.00028,1e-05,-0.0001,0
46,-0.00011,7e-05,1e-05,-7e-05,-0,0,-0.00029,1e-05,1e-05,0.00035,6e-05,-0,1e-05,-0.00056,3e-05,-3e-05,0.00018,-0,-0,0,0.05073,2e-05,0.00133,0.00087,0,2e-05,-0,0.00233,-1e-05,-0.00041,0.00022,1e-05,-9e-05,0
46.02,-0.00014,0.00014,1e-05,-4e-05,-1e-05,0,-0.00029,-0,1e-05,0.0003,2e-05,-0,1e-05,-0.001,5e-05,-1e-05,0.00015,-0,-0,0,0.0443,2e-05,0.00173,0.00066,-1e-05,2e-05,-0,0.00195,-1e-05,-0.00039,0.00015,1e-05,-8e-05,0
46.04,-0.00018,0.0002,1e-05,-0,-3e-05,0,-0.0003,-2e-05,0,0.00026,-2e-05,0,0,-0.00144,7e-05,-0,0.00014,-0,-0,-0,0.03804,1e-05,0.00198,0.00045,-3e-05,2e-05,-0,0.00158,-0,-0.00036,7e-05,1e-05,-8e-05,0
46.06,-0.00023,0.00024,2e-05,3e-05,-4e-05,0,-0.0003,-4e-05,-0,0.00022,-3e-05,0,0,-0.00188,9e-05,1e-05,0.00013,-0,-0,-0,0.03211,1e-05,0.00208,0.00026,-5e-05,2e-05,-0,0.00123,-0,-0.00031,-0,1e-05,-7e-05,0
46.08,-0.00029,0.00028,2e-05,5e-05,-5e-05,0,-0.00031,-5e-05,-0,0.0002,-4e-05,1e-05,-0,-0.00233,0.0001,2e-05,0.00013,-0,-0,-0,0.02668,0,0.00204,9e-05,-9e-05,2e-05,-0,0.00092,0,-0.00025,-8e-05,2e-05,-6e-05,0
46.1,-0.00035,0.0003,2e-05,7e-05,-6e-05,0,-0.00032,-7e-05,-1e-05,0.00019,-3e-05,1e-05,-0,-0.00277,0.00011,3e-05,0.00012,-0,-0,-0,0.02186,-0,0.00187,-4e-05,-0.00013,2e-05,-0,0.00065,-0,-0.00018,-0.00015,2e-05,-5e-05,0
46.12,-0.00042,0.0003,3e-05,8e-05,-7e-05,0,-0.00033,-8e-05,-2e-05,0.00017,-1e-05,1e-05,-0,-0.00313,0.00012,4e-05,0.0001,-0,-0,-0,0.01782,-1e-05,0.00161,-0.00014,-0.00018,2e-05,-0,0.00043,-0,-0.0001,-0.00022,3e-05,-4e-05,0
46.14,-0.00049,0.00029,3e-05,8e-05,-8e-05,0,-0.00034,-8e-05,-3e-05,0.00016,1e-05,1e-05,-0,-0.00341,0.00012,6e-05,5e-05,-0,0,-0,0.0147,-3e-05,0.00127,-0.00021,-0.00022,2e-05,-0,0.00026,-1e-05,-4e-05,-0.00027,3e-05,-3e-05,0
46.16,-0.00056,0.00026,4e-05,7e-05,-9e-05,0,-0.00034,-8e-05,-4e-05,0.00015,4e-05,1e-05,-0,-0.00366,0.00012,7e-05,-3e-05,-0,0,-0,0.01254,-3e-05,0.00086,-0.00024,-0.00026,1e-05,-0,0.00014,-1e-05,1e-05,-0.00031,4e-05,-2e-05,0
46.18,-0.00063,0.00024,4e-05,6e-05,-0.0001,0,-0.00035,-8e-05,-5e-05,0.00012,6e-05,2e-05,-0,-0.00385,0.00012,8e-05,-0.00015,-0,1e-05,-0,0.01128,-4e-05,0.00043,-0.00022,-0.00029,1e-05,0,7e-05,-2e-05,4e-05,-0.00033,4e-05,-1e-05,0
46.2,-0.00069,0.00021,4e-05,5e-05,-0.00011,0,-0.00034,-6e-05,-6e-05,8e-05,8e-05,2e-05,-0,-0.00396,0.00011,0.0001,-0.00032,-0,1e-05,-0,0.01079,-4e-05,1e-05,-0.00017,-0.00031,1e-05,0,2e-05,-2e-05,4e-05,-0.00033,4e-05,-1e-05,0
46.22,-0.00072,0.00018,4e-05,4e-05,-0.00012,0,-0.00032,-4e-05,-7e-05,2e-05,9e-05,2e-05,-0,-0.00395,8e-05,0.00011,-0.00052,-0,2e-05,-0,0.01096,-4e-05,-0.00035,-9e-05,-0.00033,0,0,-2e-05,-2e-05,3e-05,-0.00032,5e-05,-0,-0
46.24,-0.00074,0.00016,3e-05,3e-05,-0.00012,0,-0.00029,-1e-05,-8e-05,-6e-05,9e-05,2e-05,-0,-0.00385,4e-05,0.00013,-0.00075,-0,2e-05,0,0.01164,-3e-05,-0.00063,2e-05,-0.00033,-0,0,-6e-05,-2e-05,-0,-0.00029,4e-05,-0,-0
46.26,-0.00074,0.00014,2e-05,2e-05,-0.00013,0,-0.00025,3e-05,-9e-05,-0.00016,8e-05,2e-05,0,-0.00369,1e-05,0.00014,-0.001,-0,3e-05,0,0.0127,-4e-05,-0.00082,0.00015,-0.00033,-1e-05,0,-0.0001,-2e-05,-5e-05,-0.00025,4e-05,0,-0
46.28,-0.00074,0.00012,1e-05,1e-05,-0.00014,0,-0.0002,7e-05,-9e-05,-0.00027,8e-05,2e-05,0,-0.00345,-3e-05,0.00016,-0.00127,0,3e-05,0,0.01401,-4e-05,-0.00092,0.0003,-0.00032,-1e-05,0,-0.00017,-2e-05,-0.00011,-0.00019,4e-05,1e-05,-0
46.3,-0.00073,0.00011,-1e-05,0,-0.00014,0,-0.00016,0.00011,-0.0001,-0.00039,7e-05,2e-05,0,-0.00318,-6e-05,0.00018,-0.00153,0,4e-05,1e-05,0.01547,-5e-05,-0.00097,0.00045,-0.0003,-1e-05,0,-0.00026,-2e-05,-0.00017,-0.00014,3e-05,1e-05,-0
46.32,-0.0007,0.0001,-3e-05,0,-0.00015,0,-0.00014,0.00016,-0.0001,-0.0005,6e-05,2e-05,0,-0.00294,-9e-05,0.0002,-0.00176,0,4e-05,1e-05,0.01696,-6e-05,-0.00099,0.00059,-0.00027,-2e-05,0,-0.00037,-3e-05,-0.00022,-8e-05,3e-05,1e-05,-0
46.34,-0.00068,9e-05,-6e-05,0,-0.00015,0,-0.00012,0.00021,-0.00011,-0.00059,4e-05,1e-05,0,-0.00271,-9e-05,0.00022,-0.00195,1e-05,4e-05,1e-05,0.01839,-6e-05,-0.00101,0.00072,-0.00025,-2e-05,0,-0.00049,-3e-05,-0.00024,-2e-05,2e-05,2e-05,-0
46.36,-0.00069,8e-05,-8e-05,-0,-0.00014,0,-0.0001,0.00026,-0.00011,-0.00066,4e-05,1e-05,0,-0.00244,-0.0001,0.00024,-0.0021,1e-05,4e-05,1e-05,0.01964,-6e-05,-0.00106,0.00083,-0.00022,-2e-05,0,-0.00061,-4e-05,-0.00024,2e-05,2e-05,2e-05,-0
46.38,-0.00073,7e-05,-0.00011,0,-0.00014,0,-9e-05,0.0003,-0.00012,-0.00071,3e-05,1e-05,0,-0.00212,-0.0001,0.00025,-0.00221,1e-05,4e-05,1e-05,0.02067,-6e-05,-0.00112,0.00091,-0.0002,-2e-05,1e-05,-0.00073,-5e-05,-0.00022,6e-05,2e-05,3e-05,-0
46.4,-0.0008,6e-05,-0.00013,0,-0.00013,0,-7e-05,0.00033,-0.00012,-0.00073,2e-05,1e-05,0,-0.00184,-9e-05,0.00026,-0.00226,1e-05,3e-05,1e-05,0.02139,-6e-05,-0.0012,0.00097,-0.00018,-2e-05,1e-05,-0.00083,-5e-05,-0.00018,9e-05,2e-05,4e-05,-0
46.42,-0.00089,5e-05,-0.00015,0,-0.00012,0,-6e-05,0.00036,-0.00012,-0.00074,2e-05,1e-05,0,-0.00164,-6e-05,0.00027,-0.00226,1e-05,3e-05,1e-05,0.02176,-5e-05,-0.00126,0.00099,-0.00016,-3e-05,1e-05,-0.00091,-6e-05,-0.00014,0.0001,2e-05,4e-05,-0
46.44,-0.00101,4e-05,-0.00016,0,-0.00011,0,-6e-05,0.00038,-0.00011,-0.00072,2e-05,1e-05,0,-0.00147,-3e-05,0.00027,-0.0022,1e-05,3e-05,1e-05,0.02176,-5e-05,-0.00128,0.00098,-0.00014,-3e-05,1e-05,-0.00096,-7e-05,-0.0001,0.0001,2e-05,4e-05,-0
46.46,-0.00116,3e-05,-0.00017,1e-05,-0.0001,0,-5e-05,0.00039,-0.00011,-0.00069,2e-05,1e-05,0,-0.00127,0,0.00026,-0.00211,1e-05,2e-05,0,0.02139,-4e-05,-0.00124,0.00093,-0.00012,-3e-05,1e-05,-0.00098,-7e-05,-8e-05,9e-05,2e-05,4e-05,-0
46.48,-0.00131,2e-05,-0.00017,1e-05,-9e-05,0,-4e-05,0.00039,-0.00011,-0.00064,1e-05,1e-05,0,-0.00106,3e-05,0.00025,-0.00198,1e-05,2e-05,0,0.02073,-4e-05,-0.00114,0.00085,-0.00011,-3e-05,1e-05,-0.00099,-6e-05,-7e-05,8e-05,2e-05,4e-05,-0
46.5,-0.00147,2e-05,-0.00016,1e-05,-8e-05,0,-4e-05,0.00039,-0.0001,-0.00059,1e-05,1e-05,0,-0.00087,7e-05,0.00023,-0.00182,1e-05,2e-05,0,0.01989,-3e-05,-0.00099,0.00075,-0.0001,-2e-05,0,-0.00097,-6e-05,-7e-05,6e-05,2e-05,3e-05,-0
46.52,-0.0016,1e-05,-0.00015,2e-05,-7e-05,0,-4e-05,0.00038,-0.0001,-0.00053,1e-05,1e-05,-0,-0.00073,0.0001,0.0002,-0.00165,0,1e-05,0,0.01898,-3e-05,-0.00081,0.00063,-9e-05,-2e-05,0,-0.00095,-5e-05,-7e-05,4e-05,2e-05,3e-05,-0
46.54,-0.00171,1e-05,-0.00013,2e-05,-5e-05,0,-4e-05,0.00036,-9e-05,-0.00047,1e-05,1e-05,-0,-0.0006,0.00013,0.00018,-0.00147,0,1e-05,-0,0.01813,-2e-05,-0.0006,0.00052,-8e-05,-2e-05,0,-0.00094,-4e-05,-6e-05,3e-05,2e-05,2e-05,-0
46.56,-0.00176,1e-05,-0.00012,3e-05,-4e-05,0,-4e-05,0.00034,-9e-05,-0.00041,1e-05,1e-05,-0,-0.00048,0.00015,0.00015,-0.00129,0,1e-05,-0,0.01743,-2e-05,-0.00039,0.00041,-6e-05,-1e-05,0,-0.00093,-3e-05,-5e-05,2e-05,2e-05,2e-05,-0
46.58,-0.00176,1e-05,-0.0001,3e-05,-3e-05,0,-4e-05,0.00032,-8e-05,-0.00035,1e-05,0,-0,-0.00036,0.00018,0.00012,-0.00111,0,1e-05,-0,0.01692,-1e-05,-0.00018,0.00032,-5e-05,-1e-05,0,-0.00093,-3e-05,-2e-05,1e-05,2e-05,1e-05,-0
46.6,-0.0017,1e-05,-8e-05,3e-05,-2e-05,0,-4e-05,0.00029,-8e-05,-0.0003,1e-05,0,-0,-0.00026,0.00019,9e-05,-0.00094,0,0,-0,0.01664,-1e-05,2e-05,0.00025,-4e-05,-0,0,-0.00095,-3e-05,-0,1e-05,2e-05,1e-05,-0
46.62,-0.00155,1e-05,-6e-05,3e-05,-1e-05,0,-4e-05,0.00025,-7e-05,-0.00025,1e-05,0,-0,-0.00019,0.00016,7e-05,-0.00079,0,0,-0,0.0166,-1e-05,0.00022,0.00021,-3e-05,-0,-0,-0.00097,-2e-05,1e-05,2e-05,2e-05,1e-05,-0
46.64,-0.00134,1e-05,-4e-05,3e-05,-0,0,-3e-05,0.00021,-7e-05,-0.00021,1e-05,0,-0,-0.00013,0.00013,5e-05,-0.00065,0,0,-0,0.01677,-1e-05,0.0004,0.00021,-2e-05,0,-0,-0.001,-2e-05,1e-05,3e-05,2e-05,1e-05,-0
46.66,-0.00108,1e-05,-2e-05,3e-05,0,0,-2e-05,0.00017,-6e-05,-0.00017,1e-05,0,0,-8e-05,0.00011,4e-05,-0.00053,0,0,-0,0.01712,-1e-05,0.00055,0.00023,-2e-05,1e-05,-0,-0.00103,-1e-05,-1e-05,4e-05,1e-05,1e-05,-0
46.68,-0.00078,2e-05,-1e-05,3e-05,1e-05,0,-1e-05,0.00013,-5e-05,-0.00015,1e-05,0,0,-3e-05,7e-05,2e-05,-0.00043,0,0,-0,0.01759,-1e-05,0.00064,0.00028,-1e-05,1e-05,-0,-0.00106,-1e-05,-5e-05,5e-05,1e-05,0,-0
46.7,-0.00045,2e-05,0,2e-05,1e-05,0,-0,9e-05,-5e-05,-0.00013,1e-05,0,0,-0,3e-05,1e-05,-0.00035,-0,0,-0,0.01811,-1e-05,0.00066,0.00035,-1e-05,1e-05,-0,-0.00108,0,-0.00011,7e-05,1e-05,-0,0
46.72,-0.00012,2e-05,1e-05,2e-05,1e-05,0,1e-05,6e-05,-4e-05,-0.00012,1e-05,0,0,2e-05,-1e-05,1e-05,-0.00028,-0,-0,-0,0.01859,-1e-05,0.00057,0.00042,-2e-05,1e-05,-0,-0.00109,1e-05,-0.00018,8e-05,0,-1e-05,0
46.74,0.00018,2e-05,2e-05,1e-05,2e-05,0,3e-05,2e-05,-3e-05,-0.00011,0,0,0,4e-05,-5e-05,1e-05,-0.00023,-0,-0,-0,0.01894,-1e-05,0.00038,0.00048,-2e-05,1e-05,-0,-0.00109,1e-05,-0.00024,8e-05,-0,-1e-05,0
46.76,0.00043,2e-05,2e-05,1e-05,2e-05,0,4e-05,-1e-05,-2e-05,-0.00012,0,0,0,5e-05,-8e-05,0,-0.00019,-0,-0,-0,0.01909,-1e-05,8e-05,0.00053,-3e-05,1e-05,-0,-0.00107,2e-05,-0.0003,9e-05,-0,-2e-05,0
46.78,0.00063,2e-05,2e-05,1e-05,2e-05,0,5e-05,-3e-05,-2e-05,-0.00013,0,0,0,5e-05,-0.0001,0,-0.00016,-0,-0,-0,0.01898,-0,-0.00026,0.00056,-4e-05,1e-05,-0,-0.00104,2e-05,-0.00035,9e-05,-0,-2e-05,0
46.8,0.00077,2e-05,2e-05,0,3e-05,0,6e-05,-5e-05,-1e-05,-0.00014,0,-0,1e-05,5e-05,-0.00012,-0,-0.00013,-0,-0,-0,0.01855,-0,-0.00058,0.00057,-4e-05,0,-0,-0.001,2e-05,-0.00037,8e-05,-0,-2e-05,0
46.82,0.00085,2e-05,2e-05,0,3e-05,0,7e-05,-6e-05,-1e-05,-0.00015,0,-0,1e-05,5e-05,-0.00013,-0,-0.00012,-0,-0,-0,0.01778,-0,-0.00082,0.00056,-5e-05,0,-0,-0.00094,2e-05,-0.00036,7e-05,-0,-3e-05,0
46.84,0.00086,1e-05,2e-05,0,3e-05,0,8e-05,-6e-05,-0,-0.00017,0,-0,1e-05,5e-05,-0.00013,-1e-05,-0.00012,-0,-0,-0,0.01667,-0,-0.00093,0.00054,-5e-05,0,-0,-0.00088,1e-05,-0.00032,7e-05,0,-3e-05,0
46.86,0.00082,1e-05,2e-05,0,3e-05,0,9e-05,-6e-05,-0,-0.00018,0,-0,1e-05,5e-05,-0.00012,-1e-05,-0.00012,-0,-0,-0,0.01527,-0,-0.00087,0.0005,-4e-05,0,-0,-0.00081,-0,-0.00025,6e-05,1e-05,-2e-05,0
46.88,0.00075,1e-05,1e-05,0,3e-05,0,9e-05,-6e-05,-0,-0.0002,0,-0,1e-05,4e-05,-0.00011,-1e-05,-0.00012,-0,-0,-1e-05,0.01367,-0,-0.00069,0.00045,-4e-05,0,-0,-0.00074,-1e-05,-0.00016,5e-05,1e-05,-2e-05,0
46.9,0.00064,1e-05,1e-05,0,3e-05,0,9e-05,-5e-05,-0,-0.00021,0,-0,1e-05,4e-05,-0.0001,-1e-05,-0.00013,-0,-0,-1e-05,0.01202,-1e-05,-0.00046,0.0004,-3e-05,0,-0,-0.00067,-3e-05,-7e-05,4e-05,2e-05,-2e-05,0
46.92,0.00051,0,0,0,3e-05,0,9e-05,-3e-05,-0,-0.00022,0,-0,1e-05,4e-05,-8e-05,-1e-05,-0.00014,-0,-0,-1e-05,0.0105,-1e-05,-0.00025,0.00033,-2e-05,1e-05,-0,-0.0006,-4e-05,2e-05,3e-05,2e-05,-1e-05,0
46.94,0.00037,0,0,0,3e-05,0,9e-05,-2e-05,-0,-0.00024,0,-0,1e-05,4e-05,-7e-05,-1e-05,-0.00014,-0,-0,-1e-05,0.00928,-1e-05,-0.00015,0.00027,-1e-05,1e-05,-0,-0.00055,-4e-05,9e-05,3e-05,3e-05,-1e-05,0
46.96,0.00023,0,-0,0,3e-05,0,9e-05,-0,-0,-0.00026,0,-0,1e-05,4e-05,-5e-05,-1e-05,-0.00015,-0,-0,-1e-05,0.00845,-0,-0.0002,0.00021,-1e-05,1e-05,-0,-0.0005,-4e-05,0.00014,2e-05,3e-05,-1e-05,0
46.98,0.0001,0,-0,1e-05,3e-05,0,9e-05,1e-05,-1e-05,-0.00028,0,0,1e-05,4e-05,-3e-05,-1e-05,-0.00016,-0,-0,-2e-05,0.00807,-0,-0.00037,0.00015,-1e-05,1e-05,-0,-0.00048,-4e-05,0.00015,2e-05,3e-05,-1e-05,-0
47,-2e-05,-0,-0,1e-05,3e-05,0,9e-05,3e-05,-1e-05,-0.0003,0,0,2e-05,4e-05,-1e-05,-1e-05,-0.00016,-0,-0,-2e-05,0.00812,0,-0.00062,0.0001,-2e-05,1e-05,-0,-0.00047,-3e-05,0.00015,1e-05,3e-05,-1e-05,-0
47.02,-0.00011,-0,-0,1e-05,3e-05,0,0.0001,5e-05,-1e-05,-0.00032,0,0,3e-05,4e-05,-0,-1e-05,-0.00017,-0,-0,-2e-05,0.0086,1e-05,-0.00087,7e-05,-2e-05,0,0,-0.00048,-2e-05,0.00012,1e-05,4e-05,-1e-05,0
47.04,-0.00019,-0,-0,1e-05,2e-05,0,0.00011,8e-05,-1e-05,-0.00034,0,0,3e-05,3e-05,1e-05,-1e-05,-0.00018,-0,-0,-2e-05,0.00946,1e-05,-0.00107,4e-05,-3e-05,0,0,-0.00052,-1e-05,9e-05,1e-05,4e-05,-1e-05,0
47.06,-0.00025,-0,-0,1e-05,2e-05,0,0.00012,0.0001,-1e-05,-0.00036,0,0,4e-05,3e-05,2e-05,-1e-05,-0.00019,-0,-0,-2e-05,0.01067,1e-05,-0.00117,2e-05,-3e-05,0,0,-0.00058,-0,6e-05,1e-05,3e-05,-1e-05,0
47.08,-0.00028,-0,-0,1e-05,2e-05,0,0.00014,0.00013,-1e-05,-0.00039,0,0,4e-05,3e-05,3e-05,-1e-05,-0.00021,-0,-0,-1e-05,0.0122,1e-05,-0.00116,2e-05,-3e-05,0,0,-0.00066,1e-05,4e-05,2e-05,3e-05,-1e-05,0
47.1,-0.0003,-0,-0,1e-05,1e-05,0,0.00015,0.00015,-1e-05,-0.00041,0,0,4e-05,3e-05,3e-05,-1e-05,-0.00024,-0,-0,-1e-05,0.014,1e-05,-0.00107,3e-05,-3e-05,0,-0,-0.00077,1e-05,2e-05,2e-05,3e-05,-1e-05,0
47.12,-0.00029,-0,0,1e-05,1e-05,0,0.00017,0.00017,-1e-05,-0.00043,0,0,3e-05,4e-05,3e-05,-1e-05,-0.00027,-0,-0,-1e-05,0.016,1e-05,-0.00093,5e-05,-4e-05,0,-0,-0.00089,1e-05,0,3e-05,3e-05,-1e-05,0
47.14,-0.00028,-0,0,1e-05,0,0,0.0002,0.00019,-1e-05,-0.00046,0,0,2e-05,4e-05,4e-05,-1e-05,-0.0003,-0,-0,-0,0.01815,1e-05,-0.00078,8e-05,-4e-05,1e-05,-0,-0.00101,1e-05,0,3e-05,3e-05,-0,0
47.16,-0.00025,-0,0,1e-05,0,0,0.00022,0.00021,-1e-05,-0.00047,0,0,1e-05,4e-05,4e-05,-1e-05,-0.00035,-0,-0,0,0.02039,0,-0.00065,0.00013,-5e-05,1e-05,-0,-0.00115,1e-05,1e-05,4e-05,3e-05,-0,-0
47.18,-0.00022,-0,0,1e-05,-0,0,0.00024,0.00021,-1e-05,-0.00049,-0,0,-0,4e-05,4e-05,-1e-05,-0.00039,-0,-0,1e-05,0.02264,0,-0.00056,0.00017,-5e-05,1e-05,-0,-0.00129,-0,2e-05,6e-05,3e-05,-0,-0
47.2,-0.0002,0,0,1e-05,-1e-05,0,0.00026,0.00021,-1e-05,-0.00049,-0,0,-1e-05,4e-05,4e-05,-1e-05,-0.00043,-0,-0,1e-05,0.02478,0,-0.00052,0.00022,-6e-05,1e-05,-0,-0.00143,-1e-05,4e-05,7e-05,3e-05,0,-0
47.22,-0.00019,0,-0,1e-05,-1e-05,0,0.00029,0.00021,-1e-05,-0.00049,-0,0,-1e-05,5e-05,3e-05,-0,-0.00048,-0,-0,1e-05,0.02669,0,-0.00053,0.00027,-8e-05,1e-05,-0,-0.00156,-2e-05,7e-05,9e-05,4e-05,0,-0
47.24,-0.00022,0,-0,1e-05,-1e-05,0,0.00031,0.00019,-1e-05,-0.00048,-0,0,-1e-05,5e-05,3e-05,-0,-0.00052,-0,-0,2e-05,0.02825,0,-0.00059,0.0003,-9e-05,1e-05,-0,-0.00168,-3e-05,0.0001,0.00011,4e-05,1e-05,-0
47.26,-0.00028,0,-1e-05,2e-05,-1e-05,0,0.00032,0.00017,-1e-05,-0.00045,-0,0,-0,5e-05,3e-05,0,-0.00055,-0,-0,2e-05,0.02934,0,-0.00067,0.00032,-0.00011,1e-05,-0,-0.00179,-4e-05,0.00014,0.00013,4e-05,1e-05,-0
47.28,-0.0004,1e-05,-1e-05,2e-05,-0,0,0.00032,0.00014,-1e-05,-0.00042,-0,0,-0,4e-05,3e-05,0,-0.00057,-0,-0,2e-05,0.02991,0,-0.00078,0.00032,-0.00013,1e-05,-0,-0.00187,-4e-05,0.00017,0.00015,5e-05,1e-05,-0
47.3,-0.00058,1e-05,-1e-05,2e-05,0,0,0.00032,0.00011,-1e-05,-0.00038,0,0,0,4e-05,3e-05,1e-05,-0.00058,-0,-0,2e-05,0.02987,0,-0.00088,0.0003,-0.00015,0,0,-0.00193,-5e-05,0.0002,0.00016,6e-05,1e-05,-0
47.32,-0.00082,1e-05,-1e-05,3e-05,0,0,0.00031,7e-05,-1e-05,-0.00032,0,0,1e-05,3e-05,3e-05,1e-05,-0.00058,-0,-0,1e-05,0.02917,1e-05,-0.00096,0.00025,-0.00017,0,0,-0.00195,-5e-05,0.00022,0.00017,7e-05,0,-0
47.34,-0.00112,1e-05,-2e-05,3e-05,1e-05,0,0.00029,4e-05,-1e-05,-0.00027,0,0,1e-05,1e-05,3e-05,1e-05,-0.00056,-0,-0,1e-05,0.02777,1e-05,-0.001,0.00018,-0.00019,-0,0,-0.00194,-5e-05,0.00022,0.00017,7e-05,-0,0
47.36,-0.00149,1e-05,-2e-05,4e-05,1e-05,0,0.00027,2e-05,-0,-0.0002,0,0,2e-05,-0,4e-05,2e-05,-0.00053,-0,-0,1e-05,0.02566,1e-05,-0.00098,9e-05,-0.00021,-0,0,-0.00187,-5e-05,0.0002,0.00016,8e-05,-1e-05,0
47.38,-0.00192,2e-05,-2e-05,4e-05,1e-05,0,0.00024,-1e-05,-0,-0.00013,0,0,2e-05,-2e-05,4e-05,2e-05,-0.00048,-0,-0,0,0.02287,1e-05,-0.0009,-3e-05,-0.00023,-1e-05,0,-0.00175,-4e-05,0.00017,0.00014,9e-05,-2e-05,0
47.4,-0.00239,2e-05,-2e-05,5e-05,1e-05,0,0.0002,-2e-05,-0,-6e-05,0,-0,2e-05,-4e-05,4e-05,2e-05,-0.00041,-0,-0,0,0.01946,1e-05,-0.00075,-0.00016,-0.00024,-1e-05,0,-0.00158,-3e-05,0.00013,0.00011,9e-05,-3e-05,0
47.42,-0.00289,2e-05,-2e-05,5e-05,1e-05,0,0.00016,-3e-05,0,1e-05,0,-0,1e-05,-6e-05,3e-05,2e-05,-0.00034,-0,-0,0,0.01555,1e-05,-0.00054,-0.00029,-0.00024,-1e-05,0,-0.00136,-2e-05,9e-05,8e-05,0.0001,-4e-05,0
47.44,-0.00338,2e-05,-2e-05,5e-05,1e-05,0,0.00012,-5e-05,0,8e-05,0,-0,1e-05,-7e-05,3e-05,2e-05,-0.00027,-0,-0,-0,0.01124,1e-05,-0.00028,-0.00043,-0.00025,-1e-05,0,-0.00108,-1e-05,4e-05,5e-05,0.0001,-5e-05,0
47.46,-0.00383,2e-05,-2e-05,5e-05,1e-05,0,9e-05,-6e-05,0,0.00015,0,-0,1e-05,-9e-05,3e-05,2e-05,-0.00019,-0,-0,-0,0.00665,1e-05,3e-05,-0.00056,-0.00024,-1e-05,0,-0.00074,-0,1e-05,1e-05,0.0001,-6e-05,0
47.48,-0.00422,2e-05,-1e-05,5e-05,1e-05,0,6e-05,-7e-05,0,0.00021,0,-0,0,-0.0001,2e-05,2e-05,-0.00011,-0,-0,-0,0.00189,0,0.00036,-0.00068,-0.00024,-1e-05,0,-0.00037,0,-2e-05,-3e-05,0.0001,-6e-05,0
47.5,-0.00451,2e-05,-1e-05,4e-05,0,0,3e-05,-8e-05,0,0.00027,0,-0,-0,-0.00011,1e-05,2e-05,-4e-05,-0,-0,-0,-0.00283,-0,0.0007,-0.00079,-0.00023,-1e-05,0,4e-05,1e-05,-3e-05,-6e-05,9e-05,-6e-05,0
47.52,-0.00465,1e-05,-1e-05,3e-05,0,0,1e-05,-8e-05,0,0.00031,-0,-0,-1e-05,-0.00011,0,2e-05,2e-05,-0,-0,-0,-0.00734,-1e-05,0.001,-0.00087,-0.00022,-1e-05,0,0.00046,1e-05,-2e-05,-9e-05,8e-05,-6e-05,0
47.54,-0.00463,1e-05,-0,1e-05,-0,0,0,-9e-05,0,0.00035,-0,-0,-1e-05,-0.00011,-1e-05,1e-05,7e-05,-0,-0,-0,-0.01147,-1e-05,0.00125,-0.00092,-0.00021,-0,0,0.00088,1e-05,1e-05,-0.00012,7e-05,-6e-05,0
47.56,-0.00444,0,0,-1e-05,-0,0,1e-05,-9e-05,0,0.00038,-0,-0,-1e-05,-0.0001,-2e-05,1e-05,0.0001,-0,-0,-0,-0.01513,-2e-05,0.00145,-0.00095,-0.00019,-0,0,0.00126,-0,6e-05,-0.00013,6e-05,-5e-05,0
47.58,-0.00409,0,1e-05,-3e-05,-0,0,3e-05,-9e-05,0,0.00039,-0,-0,-2e-05,-8e-05,-3e-05,0,0.00012,-0,-0,-0,-0.01829,-2e-05,0.00158,-0.00096,-0.00017,-0,0,0.00162,-1e-05,0.00014,-0.00014,5e-05,-4e-05,0
47.6,-0.00356,0,1e-05,-5e-05,0,0,6e-05,-9e-05,0,0.00039,-0,-0,-2e-05,-6e-05,-4e-05,-0,0.00013,-0,-0,-0,-0.02096,-2e-05,0.00166,-0.00095,-0.00015,0,0,0.00192,-2e-05,0.00022,-0.00014,4e-05,-4e-05,0
47.62,-0.00287,0,1e-05,-7e-05,0,0,0.0001,-9e-05,0,0.00037,-0,-0,-2e-05,-4e-05,-5e-05,-1e-05,0.00012,-0,-0,-0,-0.02318,-2e-05,0.00171,-0.00091,-0.00011,0,0,0.00215,-3e-05,0.0003,-0.00014,3e-05,-3e-05,0
47.64,-0.00207,0,1e-05,-9e-05,0,0,0.00016,-0.0001,0,0.00033,-0,-0,-2e-05,-2e-05,-5e-05,-1e-05,9e-05,0,-0,-0,-0.02502,-1e-05,0.00175,-0.00087,-6e-05,0,0,0.00232,-4e-05,0.00038,-0.00012,2e-05,-3e-05,0
47.66,-0.00121,-0,1e-05,-0.00011,0,0,0.00024,-0.0001,0,0.00028,-0,-0,-1e-05,-0,-6e-05,-2e-05,6e-05,0,-0,-0,-0.02665,-1e-05,0.00179,-0.00083,0,0,-0,0.00241,-4e-05,0.00045,-0.0001,0,-2e-05,0
47.68,-0.00033,-0,1e-05,-0.00012,0,0,0.00034,-0.0001,-0,0.00021,-0,0,-1e-05,2e-05,-6e-05,-2e-05,2e-05,0,-0,-0,-0.02828,-1e-05,0.00188,-0.00079,8e-05,0,-0,0.00244,-5e-05,0.0005,-7e-05,-1e-05,-2e-05,0
47.7,0.00054,-0,0,-0.00013,0,0,0.00045,-0.0001,-0,0.00013,-0,0,-1e-05,3e-05,-6e-05,-3e-05,-2e-05,0,-0,-0,-0.03018,-1e-05,0.00204,-0.00079,0.00018,0,-0,0.00242,-5e-05,0.00054,-4e-05,-1e-05,-1e-05,0
47.72,0.00133,-0,-0,-0.00014,0,0,0.00059,-0.0001,0,4e-05,-0,0,-0,5e-05,-6e-05,-3e-05,-6e-05,0,-0,-0,-0.03257,-1e-05,0.00229,-0.00083,0.0003,0,-0,0.00236,-5e-05,0.00055,-1e-05,-2e-05,-1e-05,0
47.74,0.00201,-1e-05,-1e-05,-0.00014,0,0,0.00074,-0.0001,0,-6e-05,-0,0,-0,6e-05,-5e-05,-4e-05,-0.0001,0,-0,-1e-05,-0.0356,-1e-05,0.00265,-0.00093,0.00043,0,-0,0.00229,-5e-05,0.00054,2e-05,-3e-05,-1e-05,0
47.76,0.00256,-1e-05,-1e-05,-0.00014,-0,0,0.0009,-0.0001,0,-0.00016,-0,0,0,7e-05,-4e-05,-4e-05,-0.00012,0,-0,-1e-05,-0.03925,-2e-05,0.0031,-0.00108,0.00057,0,-0,0.0022,-4e-05,0.0005,6e-05,-4e-05,-1e-05,0
47.78,0.00299,-1e-05,-2e-05,-0.00014,-1e-05,0,0.00106,-9e-05,1e-05,-0.00025,-0,0,0,8e-05,-4e-05,-4e-05,-0.00013,0,-0,-1e-05,-0.04328,-3e-05,0.00362,-0.00129,0.00072,0,-0,0.00207,-3e-05,0.00044,9e-05,-5e-05,-1e-05,0
47.8,0.00331,-2e-05,-2e-05,-0.00014,-1e-05,0,0.00123,-9e-05,1e-05,-0.00034,-0,-0,1e-05,9e-05,-3e-05,-5e-05,-0.00014,0,-0,-1e-05,-0.04739,-4e-05,0.00414,-0.00153,0.00085,-0,-0,0.00191,-2e-05,0.00036,0.00013,-6e-05,-2e-05,0
47.82,0.00352,-2e-05,-1e-05,-0.00013,-2e-05,0,0.0014,-9e-05,1e-05,-0.00041,-0,-0,1e-05,0.0001,-3e-05,-5e-05,-0.00013,0,-0,-1e-05,-0.05122,-5e-05,0.00458,-0.00175,0.00096,-1e-05,-0,0.00168,-1e-05,0.00026,0.00016,-6e-05,-2e-05,0
47.84,0.00364,-2e-05,-1e-05,-0.00012,-3e-05,0,0.00155,-9e-05,1e-05,-0.00045,-0,-0,1e-05,0.00011,-2e-05,-5e-05,-0.00012,0,-0,-1e-05,-0.05426,-5e-05,0.0049,-0.00194,0.00103,-1e-05,-0,0.0014,1e-05,0.00015,0.00018,-7e-05,-2e-05,0
47.86,0.00371,-3e-05,0,-0.00011,-4e-05,0,0.00167,-8e-05,1e-05,-0.00048,-0,-0,1e-05,0.00013,-2e-05,-5e-05,-0.00011,0,-0,-0,-0.05608,-5e-05,0.00506,-0.00208,0.00105,-2e-05,-0,0.00105,2e-05,2e-05,0.0002,-8e-05,-3e-05,0
47.88,0.00373,-3e-05,2e-05,-0.0001,-5e-05,0,0.00175,-8e-05,1e-05,-0.00049,0,-0,1e-05,0.00014,-2e-05,-5e-05,-0.0001,0,-0,0,-0.05656,-5e-05,0.00503,-0.00215,0.00103,-2e-05,-0,0.00067,4e-05,-0.0001,0.00021,-8e-05,-4e-05,0
47.9,0.00372,-4e-05,3e-05,-9e-05,-6e-05,0,0.00178,-8e-05,1e-05,-0.00048,0,0,1e-05,0.00015,-1e-05,-5e-05,-9e-05,0,-0,0,-0.05559,-4e-05,0.0048,-0.00213,0.00097,-3e-05,-0,0.00028,5e-05,-0.00021,0.00021,-8e-05,-4e-05,0
47.92,0.00367,-4e-05,4e-05,-8e-05,-7e-05,0,0.00178,-8e-05,0,-0.00045,0,0,1e-05,0.00017,-1e-05,-6e-05,-8e-05,0,-0,1e-05,-0.05316,-3e-05,0.00439,-0.00203,0.00087,-3e-05,0,-0.00011,5e-05,-0.0003,0.0002,-8e-05,-4e-05,0
47.94,0.00359,-4e-05,4e-05,-7e-05,-8e-05,0,0.00173,-8e-05,-0,-0.00042,0,0,1e-05,0.00018,-1e-05,-6e-05,-7e-05,0,0,1e-05,-0.04947,-2e-05,0.00382,-0.00182,0.00073,-3e-05,0,-0.00046,6e-05,-0.00036,0.00018,-7e-05,-4e-05,0
47.96,0.00349,-4e-05,3e-05,-6e-05,-8e-05,0,0.00163,-8e-05,-1e-05,-0.00038,0,0,1e-05,0.00019,-1e-05,-6e-05,-8e-05,0,0,1e-05,-0.04479,-1e-05,0.00312,-0.0015,0.00058,-3e-05,0,-0.00077,6e-05,-0.0004,0.00014,-7e-05,-4e-05,0
47.98,0.00339,-3e-05,2e-05,-6e-05,-9e-05,0,0.0015,-8e-05,-1e-05,-0.00034,0,0,1e-05,0.0002,-0,-5e-05,-9e-05,0,0,2e-05,-0.03959,-0,0.00234,-0.00111,0.00041,-3e-05,0,-0.00103,5e-05,-0.0004,0.0001,-6e-05,-3e-05,0
48,0.0033,-2e-05,-0,-5e-05,-8e-05,0,0.00134,-8e-05,-1e-05,-0.0003,1e-05,1e-05,0,0.0002,-0,-5e-05,-0.0001,0,0,1e-05,-0.03436,1e-05,0.00156,-0.0007,0.00025,-2e-05,0,-0.00123,4e-05,-0.00037,5e-05,-5e-05,-1e-05,0
48.02,0.00323,-1e-05,-3e-05,-5e-05,-8e-05,0,0.00116,-8e-05,-1e-05,-0.00025,0,1e-05,-0,0.00021,0,-5e-05,-0.00012,0,0,1e-05,-0.02968,1e-05,0.00085,-0.00032,0.00011,-1e-05,0,-0.00138,3e-05,-0.00032,0,-5e-05,0,0
48.04,0.00317,0,-6e-05,-4e-05,-6e-05,0,0.00096,-9e-05,-1e-05,-0.00021,0,1e-05,-1e-05,0.00021,0,-4e-05,-0.00015,0,0,1e-05,-0.02613,3e-05,0.00024,1e-05,-1e-05,-0,0,-0.00148,3e-05,-0.00023,-3e-05,-4e-05,2e-05,0
48.06,0.00311,2e-05,-8e-05,-4e-05,-5e-05,0,0.00077,-9e-05,-2e-05,-0.00016,0,1e-05,-1e-05,0.00021,0,-3e-05,-0.00018,0,0,1e-05,-0.02397,4e-05,-0.00023,0.00027,-0.0001,0,-0,-0.00155,2e-05,-0.00012,-5e-05,-4e-05,4e-05,0
48.08,0.00306,3e-05,-0.0001,-3e-05,-2e-05,0,0.00058,-0.0001,-1e-05,-0.00011,0,1e-05,-1e-05,0.00021,-0,-2e-05,-0.00021,0,0,0,-0.02316,6e-05,-0.00056,0.00045,-0.00016,1e-05,-0,-0.00159,1e-05,1e-05,-7e-05,-3e-05,6e-05,0
48.1,0.003,4e-05,-0.00011,-2e-05,1e-05,0,0.0004,-0.00011,-1e-05,-6e-05,0,1e-05,-1e-05,0.0002,-0,-2e-05,-0.00024,0,0,0,-0.02348,7e-05,-0.00075,0.00056,-0.00019,2e-05,-0,-0.0016,0,0.00015,-7e-05,-3e-05,8e-05,-0
48.12,0.00289,5e-05,-0.00011,-2e-05,3e-05,0,0.00023,-0.00012,-1e-05,-2e-05,0,1e-05,-1e-05,0.0002,-0,-1e-05,-0.00027,0,0,0,-0.02461,9e-05,-0.00083,0.0006,-0.0002,2e-05,-0,-0.00159,-0,0.00028,-7e-05,-3e-05,0.0001,-0
48.14,0.00274,5e-05,-0.0001,-1e-05,6e-05,0,7e-05,-0.00013,-1e-05,3e-05,0,1e-05,-0,0.00019,-0,-0,-0.00029,0,0,0,-0.02621,0.0001,-0.00082,0.00061,-0.0002,2e-05,-0,-0.00157,-1e-05,0.00039,-7e-05,-3e-05,0.00011,-0
48.16,0.00255,4e-05,-8e-05,-1e-05,8e-05,0,-6e-05,-0.00013,-1e-05,8e-05,0,1e-05,-0,0.00018,-0,1e-05,-0.00031,0,0,0,-0.02802,0.0001,-0.00076,0.00059,-0.00019,2e-05,-0,-0.00153,-1e-05,0.00046,-7e-05,-3e-05,0.00012,-0
48.18,0.00233,3e-05,-5e-05,-0,0.0001,0,-0.00018,-0.00014,-1e-05,0.00013,0,1e-05,-0,0.00018,-0,1e-05,-0.00031,0,0,0,-0.02993,0.00011,-0.00067,0.00056,-0.00017,2e-05,-0,-0.0015,-2e-05,0.00051,-8e-05,-3e-05,0.00012,-0
48.2,0.00203,0,-2e-05,-0,0.00011,0,-0.00027,-0.00014,-1e-05,0.00017,0,0,0,0.00018,-0,2e-05,-0.00028,0,0,1e-05,-0.03188,0.00011,-0.00059,0.00051,-0.00016,2e-05,-0,-0.00147,-2e-05,0.00053,-9e-05,-3e-05,0.00012,-0
48.22,0.00166,-2e-05,1e-05,-0,0.00011,0,-0.00034,-0.00014,-1e-05,0.00021,0,0,0,0.00019,-1e-05,2e-05,-0.00023,0,0,1e-05,-0.03386,0.0001,-0.00054,0.00045,-0.00014,2e-05,-0,-0.00147,-2e-05,0.00052,-0.0001,-3e-05,0.00012,-0
48.24,0.00123,-5e-05,4e-05,-0,0.00011,0,-0.00038,-0.00014,-1e-05,0.00023,0,0,0,0.00021,-1e-05,3e-05,-0.00013,0,0,1e-05,-0.0359,0.0001,-0.00055,0.00037,-0.00012,1e-05,-0,-0.00151,-2e-05,0.0005,-0.00011,-2e-05,0.00011,-0
48.26,0.00078,-7e-05,7e-05,-1e-05,0.0001,0,-0.00041,-0.00013,-1e-05,0.00025,0,-0,1e-05,0.00024,-0,3e-05,3e-05,0,0,1e-05,-0.03805,0.0001,-0.0006,0.00027,-0.0001,1e-05,-0,-0.00159,-2e-05,0.00047,-0.00013,-2e-05,0.0001,-0
48.28,0.00032,-9e-05,9e-05,-2e-05,8e-05,0,-0.00041,-0.00012,-1e-05,0.00025,0,-0,1e-05,0.00031,0,4e-05,0.00026,0,0,1e-05,-0.0403,0.0001,-0.00069,0.00017,-8e-05,1e-05,-0,-0.00174,-2e-05,0.00042,-0.00015,-2e-05,9e-05,-0
48.3,-0.00011,-0.00011,0.00011,-3e-05,7e-05,0,-0.0004,-0.0001,-0,0.00025,0,-0,1e-05,0.00041,1e-05,4e-05,0.00056,0,0,1e-05,-0.04258,9e-05,-0.00077,6e-05,-6e-05,0,-0,-0.00194,-2e-05,0.00037,-0.00017,-2e-05,8e-05,-0
48.32,-0.00048,-0.00012,0.00013,-4e-05,5e-05,0,-0.00039,-9e-05,-0,0.00024,-0,-0,1e-05,0.00057,1e-05,5e-05,0.00095,1e-05,0,1e-05,-0.04483,8e-05,-0.00079,-3e-05,-3e-05,-0,0,-0.0022,-1e-05,0.00032,-0.00018,-1e-05,7e-05,-0
48.34,-0.00079,-0.00012,0.00014,-5e-05,4e-05,0,-0.00036,-7e-05,-0,0.00023,-0,-0,1e-05,0.00078,3e-05,5e-05,0.00139,0,0,1e-05,-0.04695,7e-05,-0.00073,-0.00011,-0,-0,0,-0.00253,-1e-05,0.00026,-0.00019,-1e-05,6e-05,-0
48.36,-0.00101,-0.00013,0.00015,-5e-05,2e-05,0,-0.00034,-5e-05,-0,0.00022,-0,-0,0,0.00105,3e-05,6e-05,0.00187,0,0,1e-05,-0.04889,5e-05,-0.00054,-0.00017,3e-05,-0,0,-0.00292,-1e-05,0.0002,-0.00019,-1e-05,5e-05,-0
48.38,-0.00113,-0.00013,0.00015,-5e-05,1e-05,0,-0.00031,-3e-05,0,0.00022,-0,-0,-0,0.00136,3e-05,6e-05,0.00235,0,-0,0,-0.05056,4e-05,-0.00022,-0.0002,6e-05,-0,0,-0.00336,-0,0.00014,-0.00019,-1e-05,4e-05,-0
48.4,-0.00118,-0.00013,0.00016,-5e-05,0,0,-0.00028,-2e-05,0,0.00021,-1e-05,-0,-0,0.00169,2e-05,5e-05,0.00276,0,-0,-0,-0.05188,2e-05,0.00021,-0.0002,9e-05,0,-0,-0.00384,0,8e-05,-0.00017,-1e-05,3e-05,-0
48.42,-0.00116,-0.00013,0.00016,-4e-05,-1e-05,0,-0.00025,-0,0,0.00021,-1e-05,-0,-1e-05,0.00201,5e-05,4e-05,0.00305,-0,-0,-0,-0.05275,1e-05,0.00074,-0.00018,0.00013,1e-05,-0,-0.00433,0,3e-05,-0.00014,-1e-05,2e-05,-0
48.44,-0.00112,-0.00014,0.00015,-1e-05,-1e-05,0,-0.00022,1e-05,-0,0.0002,-1e-05,-0,-1e-05,0.00228,0.0001,2e-05,0.00317,-0,-0,-1e-05,-0.05309,-1e-05,0.00132,-0.00014,0.00016,2e-05,-0,-0.00481,-0,-2e-05,-0.00011,-2e-05,2e-05,-0
48.46,-0.00108,-0.00015,0.00015,2e-05,-2e-05,0,-0.00019,2e-05,-0,0.0002,-1e-05,-0,-1e-05,0.00244,0.00015,1e-05,0.00308,-1e-05,0,-1e-05,-0.05285,-1e-05,0.00192,-8e-05,0.00018,2e-05,-0,-0.00525,-1e-05,-6e-05,-6e-05,-2e-05,2e-05,-0
48.48,-0.00107,-0.00016,0.00014,6e-05,-2e-05,0,-0.00016,2e-05,0,0.0002,-0,-0,-1e-05,0.00241,0.0002,-0,0.00278,-1e-05,0,-1e-05,-0.05204,-2e-05,0.00249,-2e-05,0.0002,3e-05,-0,-0.00561,-2e-05,-8e-05,-1e-05,-2e-05,1e-05,-0
48.5,-0.00112,-0.00018,0.00013,0.00011,-1e-05,0,-0.00012,2e-05,0,0.00019,0,0,-1e-05,0.00236,0.00027,-0,0.0023,-1e-05,0,-1e-05,-0.05069,-2e-05,0.00294,4e-05,0.00022,4e-05,-1e-05,-0.00589,-4e-05,-9e-05,5e-05,-2e-05,1e-05,0
48.52,-0.00123,-0.00019,0.00012,0.00015,-1e-05,0,-9e-05,2e-05,0,0.00019,1e-05,0,-1e-05,0.00259,0.00034,-0,0.00166,-1e-05,0,-1e-05,-0.04889,-2e-05,0.00317,9e-05,0.00022,5e-05,-1e-05,-0.00608,-6e-05,-9e-05,0.0001,-2e-05,1e-05,0
48.54,-0.0014,-0.0002,0.0001,0.0002,1e-05,0,-6e-05,1e-05,1e-05,0.00019,1e-05,1e-05,-2e-05,0.00288,0.00041,-1e-05,0.00095,-1e-05,0,-1e-05,-0.04665,-2e-05,0.00317,0.0001,0.00022,5e-05,-1e-05,-0.00615,-7e-05,-8e-05,0.00014,-2e-05,1e-05,0
48.56,-0.00165,-0.0002,8e-05,0.00023,3e-05,0,-2e-05,1e-05,1e-05,0.00019,3e-05,1e-05,-2e-05,0.00305,0.00045,-2e-05,0.00023,-1e-05,0,-1e-05,-0.044,-1e-05,0.00293,0.0001,0.00021,5e-05,-1e-05,-0.00608,-8e-05,-5e-05,0.00017,-1e-05,1e-05,0
48.58,-0.00197,-0.00018,3e-05,0.00025,5e-05,0,3e-05,0,1e-05,0.0002,4e-05,1e-05,-3e-05,0.00316,0.00047,-5e-05,-0.00045,-0,-0,-1e-05,-0.04103,-0,0.00247,7e-05,0.00019,5e-05,-1e-05,-0.00589,-8e-05,-1e-05,0.00019,-1e-05,1e-05,0
48.6,-0.00236,-0.00015,-3e-05,0.00026,7e-05,0,8e-05,-1e-05,1e-05,0.00021,5e-05,1e-05,-3e-05,0.00317,0.00046,-9e-05,-0.00104,-0,-0,-0,-0.03782,0,0.00186,2e-05,0.00016,4e-05,-1e-05,-0.00559,-7e-05,2e-05,0.0002,-0,2e-05,0
48.62,-0.00281,-0.00012,-0.00012,0.00026,9e-05,0,0.00016,-2e-05,1e-05,0.00023,8e-05,1e-05,-3e-05,0.00301,0.00041,-0.0001,-0.00145,0,-0,-0,-0.03451,2e-05,0.00117,-3e-05,0.00013,3e-05,-0,-0.00521,-5e-05,6e-05,0.00019,0,2e-05,0
48.64,-0.00331,-7e-05,-0.00022,0.00024,0.0001,0,0.00026,-4e-05,1e-05,0.00025,9e-05,1e-05,-3e-05,0.00277,0.00036,-0.00011,-0.0017,1e-05,-0,-0,-0.03121,4e-05,0.00041,-9e-05,9e-05,2e-05,-0,-0.0048,-3e-05,9e-05,0.00018,0,3e-05,0
48.66,-0.00386,-3e-05,-0.00033,0.00022,0.0001,0,0.0004,-6e-05,1e-05,0.00028,9e-05,0,-2e-05,0.00253,0.00031,-0.00012,-0.00186,1e-05,-0,-0,-0.02803,7e-05,-0.00037,-0.00013,6e-05,1e-05,-0,-0.00437,-1e-05,0.00011,0.00016,1e-05,3e-05,0
48.68,-0.00445,2e-05,-0.00043,0.00019,0.0001,0,0.00059,-0.0001,1e-05,0.00031,8e-05,-0,-1e-05,0.00235,0.00027,-0.00015,-0.00193,1e-05,-0,-0,-0.02512,9e-05,-0.0011,-0.00015,3e-05,0,-0,-0.00398,1e-05,0.00012,0.00013,1e-05,4e-05,0
48.7,-0.00506,5e-05,-0.0005,0.00016,8e-05,0,0.00084,-0.00014,2e-05,0.00033,6e-05,-1e-05,-1e-05,0.00211,0.00022,-0.00018,-0.00197,1e-05,-0,-0,-0.02267,0.00011,-0.00171,-0.00016,0,-1e-05,0,-0.00364,2e-05,0.00012,0.00011,1e-05,5e-05,0
48.72,-0.0057,8e-05,-0.00051,0.00012,6e-05,0,0.00119,-0.00018,2e-05,0.00033,3e-05,-1e-05,-1e-05,0.00178,0.00017,-0.0002,-0.00201,1e-05,-0,-0,-0.02086,0.00013,-0.00219,-0.00015,-2e-05,-2e-05,0,-0.00338,4e-05,0.00012,0.0001,1e-05,5e-05,0
48.74,-0.00635,9e-05,-0.00046,9e-05,4e-05,0,0.00163,-0.00021,2e-05,0.00029,1e-05,-1e-05,-1e-05,0.00147,0.00012,-0.00023,-0.00201,1e-05,-0,-1e-05,-0.0198,0.00014,-0.00246,-0.0001,-2e-05,-2e-05,0,-0.00323,4e-05,0.00012,0.0001,0,6e-05,0
48.76,-0.00699,9e-05,-0.00032,6e-05,2e-05,-0,0.00217,-0.00024,3e-05,0.00021,0,-1e-05,-1e-05,0.00124,7e-05,-0.00025,-0.00192,1e-05,-0,-1e-05,-0.01947,0.00013,-0.00251,-2e-05,-2e-05,-3e-05,0,-0.00318,5e-05,0.00011,0.00012,-1e-05,6e-05,0
48.78,-0.00764,8e-05,-0.00011,4e-05,1e-05,-0,0.00279,-0.00025,5e-05,6e-05,0,-0,-1e-05,0.00105,2e-05,-0.00027,-0.00176,0,-0,-2e-05,-0.01974,0.00011,-0.00238,0.00011,0,-3e-05,0,-0.00321,5e-05,0.0001,0.00016,-1e-05,6e-05,0
48.8,-0.00836,7e-05,0.00015,2e-05,0,-0,0.00347,-0.00023,7e-05,-0.00017,0,-0,-1e-05,0.0009,-3e-05,-0.00027,-0.00156,0,0,-2e-05,-0.02036,7e-05,-0.00215,0.0003,3e-05,-4e-05,0,-0.00331,5e-05,8e-05,0.00022,-3e-05,7e-05,0
48.82,-0.00917,6e-05,0.00041,2e-05,0,-0,0.00424,-0.00017,8e-05,-0.0005,1e-05,0,-1e-05,0.0008,-8e-05,-0.00027,-0.00135,1e-05,0,-2e-05,-0.02103,3e-05,-0.00191,0.00055,7e-05,-4e-05,0,-0.00343,5e-05,6e-05,0.0003,-4e-05,7e-05,0
48.84,-0.01012,4e-05,0.00065,2e-05,0,-0,0.00499,-6e-05,0.0001,-0.00093,2e-05,1e-05,-0,0.00076,-0.00013,-0.00027,-0.00116,1e-05,1e-05,-1e-05,-0.02152,-0,-0.0018,0.00085,0.00011,-4e-05,0,-0.00357,6e-05,4e-05,0.00039,-6e-05,7e-05,0
48.86,-0.01122,1e-05,0.0008,3e-05,1e-05,-0,0.00559,7e-05,0.00013,-0.00146,2e-05,1e-05,0,0.00079,-0.00017,-0.00025,-0.00099,1e-05,1e-05,-1e-05,-0.02173,-3e-05,-0.00188,0.00119,0.00015,-5e-05,0,-0.00369,6e-05,2e-05,0.00049,-7e-05,8e-05,0
48.88,-0.01238,-2e-05,0.00086,4e-05,1e-05,-0,0.00588,0.00021,0.00016,-0.00207,3e-05,2e-05,0,0.00088,-0.0002,-0.00024,-0.00088,0,2e-05,-0,-0.02176,-5e-05,-0.00212,0.00155,0.00019,-5e-05,0,-0.00382,7e-05,-0,0.00059,-9e-05,8e-05,0
48.9,-0.01366,-7e-05,0.00079,6e-05,1e-05,-0,0.00602,0.00035,0.0002,-0.00272,4e-05,3e-05,-0,0.001,-0.00023,-0.00023,-0.00081,-0,2e-05,-0,-0.02188,-5e-05,-0.00247,0.00187,0.00023,-5e-05,0,-0.00396,8e-05,-2e-05,0.00068,-0.00011,9e-05,0
48.92,-0.01516,-0.00015,0.00062,7e-05,-1e-05,-0,0.00627,0.00055,0.00026,-0.0033,5e-05,4e-05,-0,0.00113,-0.00024,-0.00022,-0.00078,0,3e-05,0,-0.02243,-4e-05,-0.00285,0.00209,0.00026,-6e-05,0,-0.00415,0.0001,-2e-05,0.00073,-0.00012,0.00011,0
48.94,-0.01647,-0.00024,0.00037,7e-05,-4e-05,0,0.0063,0.00077,0.00032,-0.00376,6e-05,5e-05,0,0.00124,-0.00025,-0.0002,-0.00078,2e-05,3e-05,1e-05,-0.02362,-2e-05,-0.00313,0.00217,0.00028,-6e-05,0,-0.00438,0.00012,-0,0.00075,-0.00013,0.00012,0
48.96,-0.0172,-0.00034,7e-05,5e-05,-9e-05,0,0.00588,0.00091,0.00034,-0.00405,6e-05,5e-05,1e-05,0.0013,-0.00025,-0.00018,-0.00078,4e-05,3e-05,1e-05,-0.02541,-0,-0.00321,0.0021,0.00029,-6e-05,0,-0.00459,0.00013,3e-05,0.00072,-0.00014,0.00014,0
48.98,-0.01731,-0.00043,-0.0002,1e-05,-0.00014,0,0.00526,0.00096,0.00034,-0.00411,6e-05,6e-05,2e-05,0.00129,-0.00024,-0.00016,-0.00078,6e-05,3e-05,1e-05,-0.02754,2e-05,-0.00306,0.0019,0.00028,-5e-05,-0,-0.00472,0.00014,7e-05,0.00065,-0.00013,0.00015,0
49,-0.01668,-0.00051,-0.00039,-5e-05,-0.00019,0,0.00445,0.00094,0.00032,-0.00388,5e-05,6e-05,2e-05,0.00122,-0.00021,-0.00013,-0.00076,6e-05,2e-05,1e-05,-0.02945,4e-05,-0.00265,0.00159,0.00026,-5e-05,-0,-0.00464,0.00014,0.0001,0.00055,-0.00012,0.00016,0
49.02,-0.01535,-0.00057,-0.00048,-0.00014,-0.00024,0,0.00346,0.00092,0.00028,-0.00335,5e-05,6e-05,2e-05,0.00109,-0.00018,-9e-05,-0.00071,5e-05,2e-05,1e-05,-0.03045,4e-05,-0.00203,0.00121,0.00023,-4e-05,-0,-0.00423,0.00012,0.00012,0.00042,-0.00011,0.00016,0
49.04,-0.01353,-0.0006,-0.00047,-0.00023,-0.00029,0,0.00259,0.00085,0.00023,-0.00266,4e-05,5e-05,2e-05,0.00091,-0.00013,-5e-05,-0.00062,4e-05,2e-05,1e-05,-0.02993,5e-05,-0.00127,0.00081,0.00018,-3e-05,-0,-0.00339,9e-05,0.00012,0.00029,-9e-05,0.00015,0
49.06,-0.01143,-0.0006,-0.00037,-0.00033,-0.00028,0,0.00195,0.00071,0.00018,-0.00194,3e-05,4e-05,1e-05,0.00068,-8e-05,-1e-05,-0.00049,3e-05,2e-05,1e-05,-0.02755,5e-05,-0.00052,0.00043,0.00013,-2e-05,-0,-0.00208,5e-05,0.0001,0.00016,-7e-05,0.00012,0
49.08,-0.00918,-0.00057,-0.00024,-0.00044,-0.00025,0,0.00142,0.00054,0.00013,-0.00122,2e-05,3e-05,1e-05,0.00043,-2e-05,2e-05,-0.00032,3e-05,2e-05,1e-05,-0.02334,4e-05,0.0001,0.00013,9e-05,-1e-05,-0,-0.00037,2e-05,8e-05,6e-05,-5e-05,9e-05,0
49.1,-0.00688,-0.00052,-0.00012,-0.00053,-0.00019,0,0.00071,0.00023,0.0001,-0.00058,2e-05,2e-05,1e-05,0.00017,3e-05,5e-05,-0.00012,3e-05,2e-05,1e-05,-0.0176,5e-05,0.00048,-5e-05,5e-05,-0,0,0.00161,-0,7e-05,-1e-05,-3e-05,6e-05,0
49.12,-0.00464,-0.00047,-4e-05,-0.00059,-0.00011,0,-0.00013,-0.00012,7e-05,5e-05,2e-05,1e-05,0,-6e-05,8e-05,7e-05,8e-05,3e-05,2e-05,2e-05,-0.01105,5e-05,0.00058,-0.00014,2e-05,0,0,0.00362,-0,5e-05,-4e-05,-2e-05,4e-05,0
49.14,-0.00263,-0.0004,1e-05,-0.00063,-5e-05,0,-0.0008,-0.00032,5e-05,0.00068,1e-05,0,-0,-0.00026,0.00012,8e-05,0.00027,4e-05,1e-05,2e-05,-0.00468,5e-05,0.00048,-0.00014,0,0,0,0.00537,2e-05,4e-05,-3e-05,-1e-05,2e-05,0
49.16,-0.00093,-0.00033,3e-05,-0.00062,-1e-05,0,-0.00125,-0.0004,3e-05,0.00113,1e-05,0,-0,-0.0004,0.00015,8e-05,0.00044,4e-05,1e-05,3e-05,0.00076,5e-05,0.00027,-8e-05,-0,0,0,0.00667,4e-05,4e-05,-1e-05,0,0,0
49.18,0.00044,-0.00026,2e-05,-0.00057,1e-05,0,-0.00139,-0.00035,1e-05,0.00131,1e-05,0,-0,-0.0005,0.00017,7e-05,0.00058,4e-05,1e-05,3e-05,0.00486,5e-05,7e-05,0,-0,0,0,0.00744,6e-05,3e-05,2e-05,1e-05,-0,-0
49.2,0.0015,-0.00019,1e-05,-0.00047,1e-05,0,-0.00129,-0.00023,-0,0.00117,1e-05,0,-0,-0.00055,0.00017,6e-05,0.00068,4e-05,1e-05,3e-05,0.00744,4e-05,-8e-05,7e-05,0,0,0,0.00768,7e-05,3e-05,4e-05,1e-05,-0,-0
49.22,0.00232,-0.00013,-0,-0.00034,1e-05,0,-0.00111,-0.00011,-1e-05,0.0008,1e-05,0,0,-0.00056,0.00016,4e-05,0.00074,3e-05,0,3e-05,0.00757,2e-05,-0.00012,0.0001,0,-0,0,0.00709,6e-05,3e-05,5e-05,1e-05,0,0
49.24,0.00296,-8e-05,-0,-0.0002,0,0,-0.0008,6e-05,-1e-05,0.00033,1e-05,1e-05,0,-0.00053,0.00015,2e-05,0.00075,2e-05,0,2e-05,0.00672,-0,-0.00011,0.0001,0,-0,0,0.00625,4e-05,2e-05,6e-05,0,0,0
49.26,0.00348,-4e-05,1e-05,-5e-05,-1e-05,0,-0.0004,0.00026,-2e-05,-0.00015,1e-05,1e-05,1e-05,-0.00048,0.00013,0,0.00072,2e-05,0,2e-05,0.00582,-2e-05,-8e-05,8e-05,0,-0,-0,0.00543,3e-05,1e-05,5e-05,0,1e-05,0
49.28,0.00393,-2e-05,2e-05,0.0001,-2e-05,0,-2e-05,0.00044,-2e-05,-0.00058,0,1e-05,1e-05,-0.00041,0.00011,-1e-05,0.00066,1e-05,0,2e-05,0.00485,-3e-05,-5e-05,5e-05,0,-0,0,0.00463,2e-05,1e-05,4e-05,0,0,0
49.3,0.00432,1e-05,2e-05,0.00023,-3e-05,0,0.00025,0.00058,-3e-05,-0.0009,0,1e-05,1e-05,-0.00033,8e-05,-2e-05,0.00058,1e-05,0,1e-05,0.00313,-5e-05,-1e-05,1e-05,-1e-05,0,-0,0.00385,1e-05,-0,2e-05,1e-05,0,0
49.32,0.00465,2e-05,2e-05,0.00032,-3e-05,0,0.00039,0.00069,-3e-05,-0.00106,0,1e-05,1e-05,-0.00026,6e-05,-2e-05,0.0005,1e-05,-0,1e-05,0.00119,-5e-05,0,-0,-3e-05,0,-0,0.00291,0,-1e-05,1e-05,2e-05,-0,-0
49.34,0.00489,4e-05,2e-05,0.00038,-4e-05,0,0.00038,0.00072,-3e-05,-0.00106,0,1e-05,1e-05,-0.0002,5e-05,-2e-05,0.00042,0,-0,1e-05,-9e-05,-5e-05,-2e-05,2e-05,-7e-05,0,-0,0.00188,0,-1e-05,0,2e-05,-0,-0
49.36,0.00507,4e-05,1e-05,0.0004,-4e-05,0,0.0002,0.00065,-3e-05,-0.0009,0,1e-05,1e-05,-0.00015,5e-05,-2e-05,0.00036,0,-0,0,-0.00032,-4e-05,-5e-05,8e-05,-0.00012,1e-05,-0,0.001,-0,-1e-05,-0,3e-05,-1e-05,-0
49.38,0.00517,4e-05,-1e-05,0.0004,-4e-05,0,-9e-05,0.00052,-3e-05,-0.00063,0,0,0,-0.00012,6e-05,-1e-05,0.00031,0,-0,0,0.00081,-4e-05,-5e-05,0.00018,-0.00019,1e-05,-0,0.00033,-0,-1e-05,-0,3e-05,-1e-05,0
49.4,0.00518,4e-05,-2e-05,0.00038,-4e-05,0,-0.00042,0.00034,-3e-05,-0.00032,0,-0,-0,-9e-05,7e-05,-1e-05,0.00027,0,-0,-0,0.00336,-3e-05,1e-05,0.00031,-0.00025,2e-05,-0,-6e-05,0,-1e-05,-0,4e-05,-0,0
49.42,0.00508,2e-05,-3e-05,0.00035,-4e-05,0,-0.00065,0.00015,-3e-05,-4e-05,0,-0,-1e-05,-7e-05,8e-05,-1e-05,0.00024,-0,-0,-0,0.007,-3e-05,0.00016,0.00046,-0.00032,3e-05,-0,-0.0001,0,-0,-0,4e-05,1e-05,0
49.44,0.0049,0,-3e-05,0.00033,-4e-05,0,-0.00071,6e-05,-3e-05,0.00014,0,-0,-1e-05,-6e-05,9e-05,-1e-05,0.00021,-0,-0,-0,0.01115,-3e-05,0.00039,0.00062,-0.00036,3e-05,-0,0.00018,0,0,-0,5e-05,1e-05,0
49.46,0.00471,-3e-05,-3e-05,0.00032,-4e-05,0,-0.00064,6e-05,-3e-05,0.00021,0,-0,-0,-4e-05,9e-05,-1e-05,0.00017,-0,-0,-0,0.01517,-5e-05,0.00066,0.00075,-0.00038,4e-05,-0,0.00073,0,0,0,5e-05,2e-05,0
49.48,0.00455,-7e-05,-3e-05,0.00032,-4e-05,0,-0.00045,0.0001,-3e-05,0.00016,0,-0,-0,-2e-05,9e-05,-2e-05,0.00014,-0,-0,-0,0.01858,-6e-05,0.00089,0.00084,-0.00038,4e-05,-0,0.00144,-0,0,1e-05,6e-05,2e-05,0
49.5,0.00451,-0.0001,-2e-05,0.00031,-5e-05,0,-0.00026,0.00016,-3e-05,5e-05,0,0,-0,-1e-05,8e-05,-4e-05,0.00011,-0,-0,-0,0.02115,-8e-05,0.00102,0.00087,-0.00037,4e-05,-0,0.00217,-0,0,2e-05,6e-05,1e-05,0
49.52,0.00465,-0.00014,-2e-05,0.0003,-6e-05,0,-0.0001,0.00023,-3e-05,-6e-05,0,0,0,1e-05,6e-05,-4e-05,8e-05,-0,-0,-0,0.02294,-8e-05,0.00096,0.00082,-0.00034,4e-05,-0,0.00282,-0,0,3e-05,7e-05,0,0
49.54,0.005,-0.00016,-2e-05,0.00028,-8e-05,0,-0,0.00027,-2e-05,-0.00012,0,0,0,3e-05,5e-05,-5e-05,6e-05,-0,-0,-0,0.02399,-7e-05,0.00067,0.00072,-0.00031,3e-05,-0,0.00329,-1e-05,0,3e-05,7e-05,-0,0
49.56,0.00552,-0.00016,-2e-05,0.00024,-9e-05,0,-0,0.00022,-1e-05,-0.0001,-0,0,0,5e-05,5e-05,-5e-05,5e-05,-0,-0,-0,0.02442,-5e-05,0.00015,0.00058,-0.00028,3e-05,-0,0.00354,-1e-05,0,1e-05,7e-05,-1e-05,0
49.58,0.00614,-0.00015,-3e-05,0.00018,-0.00011,0,-0.00011,0.0001,1e-05,-1e-05,-0,0,0,7e-05,5e-05,-4e-05,4e-05,-0,0,-0,0.02447,-2e-05,-0.00056,0.00043,-0.00026,2e-05,-0,0.00361,-1e-05,0,-2e-05,7e-05,-1e-05,0
49.6,0.00671,-0.00013,-3e-05,0.00012,-0.00011,0,-0.00029,-0.00011,2e-05,0.00013,-0,0,-0,8e-05,5e-05,-4e-05,5e-05,-0,0,-0,0.02434,3e-05,-0.00139,0.00028,-0.00025,1e-05,0,0.00354,-1e-05,0,-6e-05,7e-05,-1e-05,0
49.62,0.00706,-0.0001,-3e-05,5e-05,-0.00011,0,-0.00047,-0.00028,3e-05,0.00027,-0,-0,-0,0.0001,6e-05,-3e-05,5e-05,-0,0,-0,0.02416,7e-05,-0.00226,0.00017,-0.00024,-0,0,0.00341,-1e-05,0,-0.0001,6e-05,-1e-05,0
49.64,0.0071,-7e-05,-3e-05,-1e-05,-0.0001,0,-0.00058,-0.00037,4e-05,0.00037,-0,-0,-0,0.00011,7e-05,-3e-05,6e-05,-0,0,-0,0.0241,0.0001,-0.00311,8e-05,-0.00023,-1e-05,0,0.00329,-1e-05,0,-0.00012,5e-05,-1e-05,0
49.66,0.0068,-5e-05,-2e-05,-8e-05,-0.0001,0,-0.0006,-0.00037,4e-05,0.00041,-0,-0,-1e-05,0.00012,8e-05,-3e-05,6e-05,-0,0,-1e-05,0.02423,0.00013,-0.00383,3e-05,-0.00023,-2e-05,0,0.0032,-1e-05,0,-0.00013,5e-05,-2e-05,0
49.68,0.00619,-3e-05,-0,-0.00013,-9e-05,0,-0.00053,-0.00029,4e-05,0.00038,-0,-0,-1e-05,0.00013,9e-05,-3e-05,6e-05,-0,0,-1e-05,0.02445,0.00013,-0.00439,3e-05,-0.00022,-3e-05,0,0.00315,-0,-0,-0.00012,4e-05,-2e-05,-0
49.7,0.00536,-1e-05,1e-05,-0.00017,-9e-05,0,-0.00038,-0.00019,3e-05,0.00028,0,-0,-0,0.00014,0.0001,-4e-05,5e-05,-0,0,-1e-05,0.02466,0.00013,-0.00474,6e-05,-0.00021,-4e-05,0,0.00313,0,-1e-05,-0.0001,4e-05,-2e-05,-0
49.72,0.0044,0,3e-05,-0.00021,-9e-05,0,-0.0002,-8e-05,2e-05,0.00014,0,-0,-0,0.00015,0.0001,-4e-05,4e-05,-0,0,-1e-05,0.02472,0.00013,-0.00489,0.0001,-0.00019,-5e-05,0,0.0031,1e-05,-2e-05,-7e-05,4e-05,-2e-05,-0
49.74,0.00339,1e-05,5e-05,-0.00024,-9e-05,0,1e-05,2e-05,1e-05,-2e-05,0,-0,-0,0.00016,0.0001,-4e-05,2e-05,-0,0,-1e-05,0.02448,0.00012,-0.00478,0.00015,-0.00017,-5e-05,0,0.00305,1e-05,-3e-05,-4e-05,3e-05,-3e-05,-0
49.76,0.00238,1e-05,6e-05,-0.00026,-9e-05,0,0.00021,0.0001,1e-05,-0.00019,0,-0,-0,0.00016,0.0001,-4e-05,1e-05,-0,0,-1e-05,0.02384,0.0001,-0.00438,0.00019,-0.00014,-5e-05,0,0.00297,2e-05,-3e-05,-2e-05,3e-05,-3e-05,-0
49.78,0.00143,2e-05,6e-05,-0.00028,-9e-05,0,0.00035,0.00014,1e-05,-0.00032,0,0,0,0.00016,9e-05,-4e-05,-1e-05,-0,0,-2e-05,0.02282,7e-05,-0.00372,0.00021,-0.0001,-4e-05,0,0.00284,2e-05,-4e-05,-0,2e-05,-3e-05,-0
49.8,0.00056,3e-05,6e-05,-0.00031,-8e-05,0,0.00043,0.00012,1e-05,-0.0004,0,0,0,0.00015,9e-05,-3e-05,-2e-05,-0,0,-2e-05,0.02154,4e-05,-0.00286,0.00021,-6e-05,-3e-05,0,0.0027,2e-05,-5e-05,1e-05,1e-05,-2e-05,-0
49.82,-0.00019,4e-05,5e-05,-0.00034,-7e-05,0,0.00041,4e-05,1e-05,-0.00039,0,0,0,0.00012,9e-05,-2e-05,-2e-05,-0,-0,-1e-05,0.02015,1e-05,-0.00185,0.00018,-2e-05,-2e-05,0,0.00255,1e-05,-5e-05,1e-05,0,-2e-05,-0
49.84,-0.00083,6e-05,5e-05,-0.00039,-4e-05,0,0.00028,-0.00013,2e-05,-0.00028,0,0,0,7e-05,0.0001,-1e-05,-1e-05,-0,-0,-1e-05,0.01876,-2e-05,-0.00082,0.00012,2e-05,-1e-05,0,0.0024,1e-05,-5e-05,0,-1e-05,-1e-05,-0
49.86,-0.00136,8e-05,4e-05,-0.00046,0,0,4e-05,-0.00039,3e-05,-9e-05,0,0,-0,-1e-05,0.00011,1e-05,0,-0,-0,-1e-05,0.0174,-4e-05,0.00017,4e-05,5e-05,0,-0,0.00226,1e-05,-4e-05,-1e-05,-1e-05,-0,-0
49.88,-0.00181,0.0001,3e-05,-0.00053,6e-05,0,-0.00029,-0.00075,4e-05,0.00015,-0,-0,-0,-0.00011,0.00013,3e-05,2e-05,-0,-0,-0,0.01613,-5e-05,0.00106,-4e-05,8e-05,2e-05,-0,0.00214,-0,-4e-05,-2e-05,-2e-05,0,-0
49.9,-0.00221,0.00012,2e-05,-0.00061,0.00011,0,-0.00063,-0.0011,5e-05,0.0004,-0,-1e-05,-1e-05,-0.00021,0.00014,4e-05,5e-05,-0,-1e-05,-0,0.01492,-7e-05,0.00181,-0.00012,0.0001,2e-05,-0,0.00203,-1e-05,-3e-05,-3e-05,-2e-05,1e-05,0
49.92,-0.00257,0.00014,1e-05,-0.00069,0.00015,0,-0.00083,-0.0012,7e-05,0.0006,-0,-1e-05,-1e-05,-0.0003,0.00016,5e-05,6e-05,-0,-1e-05,-0,0.01374,-8e-05,0.00236,-0.00018,0.00011,3e-05,-0,0.00194,-1e-05,-3e-05,-3e-05,-3e-05,0,-0
49.94,-0.00292,0.00015,-0,-0.00077,0.00016,0,-0.00083,-0.0011,8e-05,0.00068,-0,-1e-05,-1e-05,-0.00036,0.00017,6e-05,7e-05,-0,-1e-05,-0,0.01256,-8e-05,0.00269,-0.0002,0.00012,3e-05,-0,0.00185,-2e-05,-3e-05,-2e-05,-3e-05,-0,-0
49.96,-0.00325,0.00015,0,-0.00082,0.00015,0,-0.00066,-0.0009,8e-05,0.00061,-0,-1e-05,-1e-05,-0.00039,0.00016,5e-05,7e-05,-0,-1e-05,-1e-05,0.01135,-9e-05,0.00282,-0.00019,0.00012,3e-05,-0,0.00177,-2e-05,-3e-05,-0,-2e-05,-2e-05,-0
49.98,-0.00353,0.00015,2e-05,-0.00085,0.00013,0,-0.00033,-0.0006,8e-05,0.0004,-0,-1e-05,-0,-0.00039,0.00014,4e-05,5e-05,-0,-1e-05,-1e-05,0.01002,-0.0001,0.00275,-0.00015,0.00011,2e-05,-0,0.00167,-2e-05,-4e-05,3e-05,-2e-05,-4e-05,-0
50,-0.00373,0.00014,4e-05,-0.00085,9e-05,0,4e-05,-0.00035,8e-05,0.0001,-0,-1e-05,-0,-0.00037,0.00011,2e-05,3e-05,-0,-1e-05,-1e-05,0.00851,-0.0001,0.00253,-0.0001,0.0001,1e-05,-0,0.00154,-2e-05,-6e-05,5e-05,-2e-05,-6e-05,-0
50.02,-0.00382,0.00013,6e-05,-0.00082,7e-05,0,0.0004,-0.00019,8e-05,-0.00022,-0,-1e-05,-0,-0.00033,7e-05,-0,0,-0,-1e-05,-1e-05,0.00679,-0.00011,0.00222,-7e-05,9e-05,0,-0,0.00136,-2e-05,-7e-05,7e-05,-1e-05,-8e-05,-0
50.04,-0.00372,0.00013,8e-05,-0.00076,4e-05,0,0.00073,-3e-05,7e-05,-0.00049,-0,-1e-05,-0,-0.00029,3e-05,-2e-05,-2e-05,-0,-1e-05,-1e-05,0.00481,-0.00011,0.00184,-7e-05,8e-05,-0,0,0.00112,-2e-05,-8e-05,7e-05,-1e-05,-9e-05,-0
50.06,-0.00339,0.00014,9e-05,-0.00069,1e-05,0,0.00093,0.0001,7e-05,-0.00067,-0,-1e-05,-0,-0.00024,0,-3e-05,-3e-05,-0,-1e-05,-1e-05,0.00258,-0.0001,0.00144,-0.00012,7e-05,-1e-05,0,0.0008,-2e-05,-9e-05,5e-05,-1e-05,-9e-05,-0
50.08,-0.00287,0.00016,0.0001,-0.0006,-1e-05,0,0.00099,0.00017,7e-05,-0.00076,-0,-1e-05,-0,-0.0002,-2e-05,-4e-05,-2e-05,-0,-1e-05,-1e-05,0.00019,-9e-05,0.00107,-0.00019,6e-05,-1e-05,0,0.00043,-2e-05,-9e-05,2e-05,-0,-8e-05,-0
50.1,-0.00221,0.00018,9e-05,-0.00051,-3e-05,0,0.00089,0.00016,6e-05,-0.00074,-0,-1e-05,-0,-0.00017,-3e-05,-4e-05,-1e-05,-0,-0,-0,-0.00216,-7e-05,0.00078,-0.00028,6e-05,-1e-05,0,3e-05,-2e-05,-9e-05,-2e-05,-1e-05,-7e-05,-0
50.12,-0.00151,0.0002,7e-05,-0.00042,-3e-05,0,0.00067,9e-05,6e-05,-0.00065,-0,-1e-05,-0,-0.00016,-3e-05,-3e-05,1e-05,-0,-0,-0,-0.00427,-5e-05,0.00063,-0.00036,6e-05,-0,0,-0.00035,-2e-05,-8e-05,-6e-05,-1e-05,-5e-05,-0
50.14,-0.00086,0.00021,5e-05,-0.00034,-3e-05,0,0.00039,-1e-05,6e-05,-0.0005,-0,-1e-05,-0,-0.00016,-3e-05,-2e-05,4e-05,-0,-0,0,-0.00598,-4e-05,0.00065,-0.00042,6e-05,0,-0,-0.0007,-2e-05,-7e-05,-0.0001,-1e-05,-3e-05,-0
50.16,-0.0003,0.00022,3e-05,-0.00028,-2e-05,0,0.00011,-0.00012,5e-05,-0.0003,-0,-1e-05,-1e-05,-0.00018,-2e-05,-1e-05,7e-05,-0,-0,0,-0.00722,-4e-05,0.00085,-0.00044,6e-05,1e-05,-0,-0.00098,-2e-05,-7e-05,-0.00013,-1e-05,-2e-05,-0
50.18,0.00013,0.00021,2e-05,-0.00023,-1e-05,0,-0.00014,-0.00022,4e-05,-8e-05,-1e-05,-1e-05,-1e-05,-0.00021,-1e-05,1e-05,0.0001,0,-0,1e-05,-0.008,-5e-05,0.00123,-0.0004,6e-05,2e-05,-0,-0.00119,-3e-05,-6e-05,-0.00015,-2e-05,-0,-0
50.2,0.00045,0.0002,1e-05,-0.0002,1e-05,0,-0.00033,-0.00028,3e-05,0.00012,-1e-05,-1e-05,-1e-05,-0.00023,0,2e-05,0.00013,0,-0,1e-05,-0.00841,-6e-05,0.00174,-0.00033,6e-05,3e-05,-0,-0.00133,-3e-05,-5e-05,-0.00016,-2e-05,1e-05,0
50.22,0.00066,0.00019,0,-0.00016,2e-05,0,-0.00042,-0.00028,2e-05,0.00027,-1e-05,-1e-05,-1e-05,-0.00025,1e-05,2e-05,0.00016,0,-0,2e-05,-0.00855,-8e-05,0.0023,-0.00023,7e-05,3e-05,-0,-0.00141,-3e-05,-5e-05,-0.00017,-2e-05,1e-05,0
50.24,0.00079,0.00017,-0,-0.00012,2e-05,0,-0.0004,-0.00023,1e-05,0.00034,-1e-05,-1e-05,-1e-05,-0.00025,1e-05,2e-05,0.00017,0,-0,3e-05,-0.00852,-0.00011,0.00283,-0.0001,7e-05,4e-05,-0,-0.00144,-3e-05,-4e-05,-0.00016,-2e-05,1e-05,0
50.26,0.00087,0.00014,-0,-8e-05,1e-05,0,-0.0003,-0.00015,-0,0.00034,-1e-05,-1e-05,-1e-05,-0.00023,1e-05,2e-05,0.00017,0,-0,3e-05,-0.00835,-0.00014,0.00328,4e-05,7e-05,4e-05,-0,-0.00144,-2e-05,-4e-05,-0.00015,-2e-05,1e-05,0
50.28,0.00092,0.00012,-0,-2e-05,0,0,-0.00016,-4e-05,-1e-05,0.00027,-1e-05,-0,-0,-0.00019,0,1e-05,0.00017,0,-0,4e-05,-0.008,-0.00016,0.00357,0.00018,7e-05,4e-05,-0,-0.0014,-1e-05,-3e-05,-0.00014,-1e-05,0,0
50.3,0.00095,0.0001,-0,3e-05,-1e-05,0,-3e-05,5e-05,-2e-05,0.00018,-0,-0,-0,-0.00015,-1e-05,0,0.00016,-0,-0,4e-05,-0.00737,-0.00018,0.00358,0.00031,7e-05,4e-05,-0,-0.00133,-0,-3e-05,-0.00013,-1e-05,-0,-0
50.32,0.00098,8e-05,-0,9e-05,-2e-05,0,4e-05,0.00012,-3e-05,0.00011,-0,-0,-0,-0.00012,-1e-05,-0,0.00014,-0,-0,3e-05,-0.00637,-0.00018,0.00324,0.00041,7e-05,4e-05,-0,-0.00123,1e-05,-2e-05,-0.00013,-1e-05,-1e-05,-0
50.34,0.00103,7e-05,0,0.00014,-2e-05,0,3e-05,0.00018,-3e-05,0.0001,-0,-0,-0,-0.0001,-1e-05,-0,0.00012,-0,-0,2e-05,-0.0049,-0.00016,0.00254,0.00047,5e-05,3e-05,-0,-0.00109,2e-05,-2e-05,-0.00012,-1e-05,-1e-05,-0
50.36,0.0011,6e-05,1e-05,0.00018,-2e-05,0,-9e-05,0.00019,-4e-05,0.00016,-0,0,-0,-0.0001,0,0,0.0001,-0,-0,2e-05,-0.00296,-0.00013,0.00157,0.00049,4e-05,2e-05,-0,-0.00093,3e-05,-2e-05,-0.00012,-0,-1e-05,-0
50.38,0.0012,6e-05,3e-05,0.00023,-1e-05,0,-0.00032,0.00016,-4e-05,0.00029,-0,0,-0,-0.00011,2e-05,1e-05,5e-05,-0,0,1e-05,-0.00067,-8e-05,0.0004,0.00049,2e-05,2e-05,-0,-0.00073,4e-05,-1e-05,-0.00012,-0,-1e-05,-0
50.4,0.00133,7e-05,6e-05,0.00028,2e-05,0,-0.0006,9e-05,-4e-05,0.00047,-0,0,0,-0.00013,2e-05,2e-05,-1e-05,-0,0,1e-05,0.00176,-3e-05,-0.00078,0.00048,-0,1e-05,-0,-0.00051,5e-05,-1e-05,-0.00012,-1e-05,-0,0
50.42,0.00149,8e-05,0.00012,0.00036,5e-05,0,-0.00084,1e-05,-4e-05,0.00068,-0,0,0,-0.00016,2e-05,3e-05,-0.00011,-0,0,0,0.00405,1e-05,-0.00187,0.00047,-2e-05,0,0,-0.00029,5e-05,-1e-05,-0.00012,-1e-05,1e-05,0
50.44,0.00169,9e-05,0.00018,0.00047,7e-05,0,-0.00101,-5e-05,-4e-05,0.00088,0,0,0,-0.00019,1e-05,5e-05,-0.00024,-0,1e-05,0,0.00598,3e-05,-0.00279,0.00046,-3e-05,-1e-05,0,-6e-05,5e-05,-1e-05,-0.00012,-1e-05,1e-05,0
50.46,0.00196,9e-05,0.00024,0.00062,0.0001,0,-0.00112,-8e-05,-4e-05,0.00106,0,0,0,-0.00022,-2e-05,6e-05,-0.00042,-0,1e-05,0,0.00743,3e-05,-0.0034,0.00044,-3e-05,-1e-05,0,0.00015,5e-05,-1e-05,-0.00011,-1e-05,1e-05,0
50.48,0.00233,0.0001,0.0003,0.00081,0.00012,0,-0.00118,-9e-05,-4e-05,0.00122,0,0,0,-0.00024,-6e-05,6e-05,-0.00064,0,1e-05,0,0.00838,3e-05,-0.0037,0.00042,-3e-05,-1e-05,0,0.00035,5e-05,-1e-05,-0.0001,-1e-05,1e-05,0
50.5,0.00283,0.0001,0.00034,0.00104,0.00013,0,-0.00121,-9e-05,-4e-05,0.00135,1e-05,1e-05,0,-0.00027,-0.00011,7e-05,-0.0009,0,1e-05,0,0.00888,1e-05,-0.0037,0.00037,-2e-05,-2e-05,0,0.00053,5e-05,-1e-05,-0.0001,-2e-05,1e-05,0
50.52,0.0035,0.0001,0.00036,0.00127,0.00015,0,-0.00128,-0.00011,-4e-05,0.00146,1e-05,1e-05,0,-0.0003,-0.00016,7e-05,-0.00118,0,2e-05,0,0.00904,1e-05,-0.00344,0.00028,-0,-2e-05,0,0.00068,3e-05,-1e-05,-0.00011,-2e-05,1e-05,-0
50.54,0.00439,9e-05,0.00036,0.00151,0.00015,0,-0.00138,-0.00014,-5e-05,0.00156,1e-05,1e-05,0,-0.00033,-0.00021,8e-05,-0.00146,0,2e-05,0,0.00895,-0,-0.00304,0.00015,1e-05,-2e-05,0,0.00079,2e-05,-1e-05,-0.00012,-2e-05,0,-0
50.56,0.00552,8e-05,0.00034,0.00173,0.00016,0,-0.0015,-0.00018,-5e-05,0.00167,1e-05,1e-05,-0,-0.00038,-0.00025,9e-05,-0.00173,1e-05,2e-05,1e-05,0.0087,-1e-05,-0.00256,-2e-05,3e-05,-2e-05,0,0.00088,0,-1e-05,-0.00015,-2e-05,-1e-05,-0
50.58,0.0069,6e-05,0.0003,0.00192,0.00015,0,-0.00166,-0.00024,-6e-05,0.0018,1e-05,1e-05,-0,-0.00045,-0.00028,0.0001,-0.00195,1e-05,2e-05,1e-05,0.00837,-1e-05,-0.00205,-0.00022,5e-05,-2e-05,0,0.00095,-2e-05,-1e-05,-0.00019,-2e-05,-1e-05,-0
50.6,0.00849,5e-05,0.00025,0.00205,0.00014,0,-0.00183,-0.00033,-7e-05,0.00193,1e-05,1e-05,-0,-0.00055,-0.00029,0.00011,-0.00207,1e-05,2e-05,1e-05,0.00804,-2e-05,-0.00151,-0.00043,7e-05,-2e-05,0,0.001,-4e-05,-1e-05,-0.00024,-2e-05,-2e-05,-0
50.62,0.01018,4e-05,0.00019,0.00209,0.00013,0,-0.00191,-0.00038,-8e-05,0.00207,0,1e-05,-0,-0.0007,-0.00029,0.00013,-0.00202,1e-05,1e-05,1e-05,0.00778,-2e-05,-0.00097,-0.00064,8e-05,-1e-05,0,0.00104,-5e-05,-1e-05,-0.0003,-3e-05,-2e-05,-0
50.64,0.01192,3e-05,0.00012,0.00205,0.00011,0,-0.00196,-0.00043,-9e-05,0.00221,0,0,-0,-0.0009,-0.00028,0.00016,-0.00176,1e-05,1e-05,1e-05,0.00767,-3e-05,-0.00043,-0.00084,9e-05,-1e-05,0,0.00109,-6e-05,-1e-05,-0.00036,-3e-05,-3e-05,-0
50.66,0.01368,2e-05,4e-05,0.00193,9e-05,0,-0.00203,-0.00048,-0.00011,0.00233,-0,0,0,-0.00115,-0.00026,0.0002,-0.00129,1e-05,1e-05,1e-05,0.0078,-3e-05,0.00011,-0.00099,0.0001,-0,-0,0.00117,-7e-05,-1e-05,-0.00042,-3e-05,-3e-05,-0
50.68,0.0154,1e-05,-4e-05,0.00175,6e-05,0,-0.00209,-0.00053,-0.00013,0.00242,-0,-0,0,-0.00144,-0.00023,0.00024,-0.0006,1e-05,0,1e-05,0.00825,-2e-05,0.00062,-0.00111,0.0001,0,-0,0.0013,-7e-05,-1e-05,-0.00047,-3e-05,-3e-05,-0
50.7,0.01693,-0,-0.00011,0.00153,4e-05,0,-0.00215,-0.00057,-0.00015,0.00247,-0,-0,0,-0.00173,-0.00021,0.00028,0.00023,1e-05,-0,1e-05,0.00911,-2e-05,0.00109,-0.00119,0.0001,1e-05,-0,0.00149,-6e-05,-0,-0.00051,-3e-05,-3e-05,-0
50.72,0.01806,-1e-05,-0.00018,0.0013,2e-05,-0,-0.0022,-0.00055,-0.00016,0.00246,1e-05,-0,0,-0.00192,-0.0002,0.00032,0.00115,1e-05,-1e-05,1e-05,0.01049,-1e-05,0.00147,-0.00122,9e-05,2e-05,-0,0.00176,-5e-05,0,-0.00053,-3e-05,-3e-05,-0
50.74,0.01877,-2e-05,-0.00024,0.00108,-0,-0,-0.00222,-0.0005,-0.00016,0.0024,2e-05,-0,0,-0.00199,-0.0002,0.00035,0.00207,0,-1e-05,1e-05,0.01246,-0,0.00173,-0.00123,8e-05,2e-05,-0,0.00212,-5e-05,1e-05,-0.00054,-2e-05,-4e-05,0
50.76,0.01912,-3e-05,-0.00027,0.00087,-2e-05,-0,-0.00221,-0.00045,-0.00016,0.00227,4e-05,0,0,-0.00195,-0.00019,0.00036,0.00289,0,-2e-05,1e-05,0.01504,1e-05,0.00183,-0.00121,6e-05,2e-05,-0,0.00256,-3e-05,1e-05,-0.00053,-2e-05,-4e-05,0
50.78,0.01909,-4e-05,-0.00028,0.00068,-3e-05,-0,-0.00214,-0.00036,-0.00015,0.00211,8e-05,1e-05,-0,-0.00178,-0.00019,0.00035,0.00356,0,-2e-05,1e-05,0.01824,1e-05,0.00177,-0.00118,4e-05,3e-05,-0,0.00306,-3e-05,2e-05,-0.00051,-2e-05,-4e-05,0
50.8,0.01865,-4e-05,-0.00027,0.00052,-3e-05,-0,-0.00204,-0.00029,-0.00013,0.0019,0.00012,1e-05,-0,-0.00149,-0.00019,0.00032,0.00405,0,-1e-05,1e-05,0.02198,1e-05,0.0015,-0.00114,1e-05,3e-05,-1e-05,0.0036,-2e-05,3e-05,-0.00047,-1e-05,-5e-05,0
50.82,0.0178,-5e-05,-0.00024,0.00039,-3e-05,-0,-0.00195,-0.00024,-0.00012,0.00168,0.00018,2e-05,0,-0.00111,-0.00016,0.00027,0.00433,0,-1e-05,1e-05,0.02614,0,0.00102,-0.00111,-2e-05,2e-05,-0,0.00413,-1e-05,3e-05,-0.00043,-1e-05,-5e-05,0
50.84,0.01663,-4e-05,-0.00021,0.00029,-3e-05,-0,-0.00184,-0.0002,-0.0001,0.00147,0.00024,2e-05,0,-0.00066,-0.00013,0.00021,0.00443,0,-0,1e-05,0.03061,-1e-05,0.00035,-0.00107,-5e-05,2e-05,-0,0.00462,-1e-05,3e-05,-0.00038,0,-6e-05,0
50.86,0.01525,-4e-05,-0.00018,0.00022,-3e-05,-0,-0.00168,-0.00015,-8e-05,0.00126,0.00028,2e-05,0,-0.00013,-0.0001,0.00016,0.00436,0,0,1e-05,0.03529,-4e-05,-0.00048,-0.00104,-8e-05,1e-05,-0,0.00504,-1e-05,2e-05,-0.00033,1e-05,-6e-05,0
50.88,0.01371,-3e-05,-0.00014,0.00017,-3e-05,-0,-0.00147,-0.0001,-6e-05,0.00108,0.0003,2e-05,1e-05,0.00042,-8e-05,0.00011,0.00418,0,1e-05,1e-05,0.04009,-7e-05,-0.00138,-0.001,-0.00011,0,0,0.0054,-2e-05,0,-0.00028,2e-05,-6e-05,0
50.9,0.01208,-2e-05,-0.00011,0.00013,-2e-05,-0,-0.00126,-5e-05,-4e-05,0.00093,0.0003,1e-05,1e-05,0.00098,-5e-05,6e-05,0.00391,0,1e-05,1e-05,0.04488,-0.00011,-0.00227,-0.00096,-0.00014,-1e-05,0,0.00566,-2e-05,-2e-05,-0.00023,2e-05,-7e-05,0
50.92,0.01044,-1e-05,-9e-05,0.00011,-2e-05,-0,-0.00111,-3e-05,-3e-05,0.00081,0.00028,1e-05,0,0.00152,-3e-05,3e-05,0.00356,0,1e-05,1e-05,0.0495,-0.00015,-0.0031,-0.0009,-0.00016,-2e-05,1e-05,0.00581,-3e-05,-5e-05,-0.00018,3e-05,-7e-05,0
50.94,0.00882,0,-7e-05,8e-05,-1e-05,-0,-0.00095,-0,-1e-05,0.00071,0.00024,1e-05,0,0.00204,-1e-05,1e-05,0.00319,1e-05,1e-05,1e-05,0.05384,-0.00017,-0.00376,-0.00082,-0.00017,-2e-05,1e-05,0.00587,-3e-05,-9e-05,-0.00014,3e-05,-7e-05,0
50.96,0.00727,2e-05,-6e-05,6e-05,-0,-0,-0.00078,2e-05,0,0.00065,0.00021,0,0,0.00246,1e-05,-1e-05,0.00283,1e-05,1e-05,2e-05,0.05783,-0.00018,-0.00411,-0.00069,-0.00017,-3e-05,1e-05,0.00583,-3e-05,-0.00012,-9e-05,3e-05,-7e-05,0
50.98,0.0058,3e-05,-5e-05,4e-05,0,0,-0.00061,4e-05,1e-05,0.00061,0.00018,0,0,0.00276,2e-05,-2e-05,0.00249,1e-05,1e-05,2e-05,0.06143,-0.00017,-0.00417,-0.00052,-0.00016,-3e-05,1e-05,0.00571,-3e-05,-0.00016,-4e-05,3e-05,-7e-05,0
51,0.00448,4e-05,-4e-05,3e-05,1e-05,0,-0.00046,5e-05,2e-05,0.00059,0.00015,-0,-0,0.00295,3e-05,-3e-05,0.00216,1e-05,1e-05,2e-05,0.06463,-0.00014,-0.0039,-0.00031,-0.00014,-3e-05,1e-05,0.00552,-3e-05,-0.00019,1e-05,3e-05,-6e-05,0
51.02,0.00337,5e-05,-4e-05,1e-05,1e-05,0,-0.00035,5e-05,3e-05,0.00059,0.00012,-0,-0,0.00304,3e-05,-4e-05,0.00186,1e-05,0,1e-05,0.06744,-0.00011,-0.00335,-5e-05,-0.00012,-3e-05,1e-05,0.00527,-3e-05,-0.00022,6e-05,2e-05,-6e-05,0
51.04,0.00243,5e-05,-3e-05,0,2e-05,0,-0.00027,6e-05,4e-05,0.00059,9e-05,-0,0,0.003,3e-05,-4e-05,0.00158,1e-05,0,1e-05,0.06981,-6e-05,-0.00262,0.00024,-9e-05,-2e-05,1e-05,0.00497,-2e-05,-0.00025,0.00011,1e-05,-6e-05,0
51.06,0.00163,5e-05,-3e-05,-0,2e-05,0,-0.0002,6e-05,4e-05,0.0006,7e-05,-0,0,0.00284,2e-05,-5e-05,0.00133,1e-05,0,1e-05,0.07176,-1e-05,-0.0018,0.00054,-7e-05,-2e-05,0,0.00463,-2e-05,-0.00027,0.00017,0,-6e-05,0
51.08,0.00097,5e-05,-2e-05,0,2e-05,0,-0.00016,5e-05,4e-05,0.00061,5e-05,-0,0,0.00258,2e-05,-5e-05,0.00111,1e-05,-0,1e-05,0.07331,5e-05,-0.00094,0.00084,-4e-05,-1e-05,0,0.00427,-1e-05,-0.0003,0.00023,-0,-6e-05,0
51.1,0.00048,5e-05,-2e-05,1e-05,2e-05,0,-0.00013,5e-05,4e-05,0.0006,4e-05,-0,0,0.00223,1e-05,-6e-05,0.00092,1e-05,-0,1e-05,0.07455,9e-05,-0.00012,0.00113,-1e-05,-0,-0,0.00389,-1e-05,-0.00032,0.00028,-1e-05,-6e-05,0
51.12,0.00014,5e-05,-1e-05,3e-05,2e-05,0,-0.00012,4e-05,4e-05,0.00059,2e-05,-0,1e-05,0.00181,0,-6e-05,0.00077,1e-05,-0,0,0.07555,0.00013,0.00059,0.00136,2e-05,1e-05,-0,0.00352,-1e-05,-0.00035,0.00032,-2e-05,-6e-05,0
51.14,-8e-05,5e-05,-1e-05,4e-05,2e-05,0,-0.00012,4e-05,3e-05,0.00056,1e-05,-0,1e-05,0.00136,-1e-05,-5e-05,0.00064,1e-05,-0,0,0.0763,0.00015,0.00111,0.00153,4e-05,1e-05,-0,0.00316,-0,-0.00039,0.00036,-2e-05,-7e-05,0
51.16,-0.00023,6e-05,-1e-05,6e-05,1e-05,0,-0.00013,3e-05,2e-05,0.00052,-0,0,1e-05,0.0009,-1e-05,-5e-05,0.00052,1e-05,-0,0,0.07679,0.00016,0.00144,0.00163,6e-05,2e-05,-0,0.00281,-0,-0.00043,0.00039,-3e-05,-8e-05,0
51.18,-0.00032,6e-05,-0,8e-05,1e-05,0,-0.00014,3e-05,2e-05,0.00046,-1e-05,0,0,0.00043,-0,-4e-05,0.00042,0,0,0,0.07702,0.00015,0.00158,0.00166,7e-05,2e-05,-1e-05,0.00247,-0,-0.00048,0.00041,-3e-05,-9e-05,1e-05
51.2,-0.00036,7e-05,0,0.0001,0,0,-0.00017,2e-05,1e-05,0.0004,-2e-05,1e-05,-0,-5e-05,1e-05,-3e-05,0.00033,0,0,-0,0.07691,0.00014,0.00159,0.00164,8e-05,2e-05,-1e-05,0.00215,-0,-0.00052,0.00042,-3e-05,-0.0001,1e-05
51.22,-0.00038,8e-05,1e-05,0.00012,-0,0,-0.00019,1e-05,-0,0.00033,-3e-05,1e-05,-1e-05,-0.00053,2e-05,-1e-05,0.00026,0,0,-0,0.07641,0.00012,0.00151,0.00158,8e-05,2e-05,-1e-05,0.00183,0,-0.00055,0.00042,-3e-05,-0.00011,1e-05
51.24,-0.00039,9e-05,1e-05,0.00014,-1e-05,0,-0.00022,0,-1e-05,0.00027,-3e-05,1e-05,-1e-05,-0.001,5e-05,0,0.0002,0,0,-0,0.07546,0.0001,0.00137,0.00148,7e-05,2e-05,-0,0.00153,0,-0.00057,0.00041,-2e-05,-0.00011,1e-05
51.26,-0.00043,0.0001,2e-05,0.00015,-2e-05,0,-0.00025,-0,-2e-05,0.00021,-3e-05,1e-05,-1e-05,-0.00149,7e-05,2e-05,0.00016,0,0,-0,0.07405,7e-05,0.0012,0.00134,6e-05,2e-05,-0,0.00125,1e-05,-0.00056,0.00039,-2e-05,-0.00012,1e-05
51.28,-0.00049,0.0001,3e-05,0.00017,-2e-05,0,-0.00028,-2e-05,-3e-05,0.00016,-3e-05,1e-05,-0,-0.00198,9e-05,3e-05,0.00014,0,0,0,0.07217,5e-05,0.00103,0.00117,5e-05,2e-05,-0,0.001,1e-05,-0.00053,0.00037,-2e-05,-0.00012,1e-05
51.3,-0.00058,9e-05,4e-05,0.00018,-3e-05,0,-0.00031,-3e-05,-3e-05,0.00013,-3e-05,1e-05,-0,-0.00249,0.00012,5e-05,0.00013,0,-0,-0,0.0698,3e-05,0.00087,0.00099,3e-05,2e-05,-0,0.00077,1e-05,-0.00048,0.00034,-1e-05,-0.00011,1e-05
51.32,-0.0007,8e-05,4e-05,0.00019,-3e-05,0,-0.00035,-4e-05,-4e-05,0.00011,-3e-05,1e-05,-0,-0.00298,0.00016,6e-05,0.00014,0,-0,-0,0.06694,2e-05,0.00071,0.0008,1e-05,1e-05,-0,0.00055,1e-05,-0.0004,0.00031,-1e-05,-0.00011,1e-05
51.34,-0.00084,7e-05,5e-05,0.0002,-4e-05,0,-0.00039,-5e-05,-4e-05,0.00011,-3e-05,1e-05,0,-0.00345,0.00021,7e-05,0.00016,0,-0,-0,0.0637,1e-05,0.00056,0.00061,-2e-05,0,-0,0.00036,1e-05,-0.00031,0.00028,-0,-0.0001,1e-05
51.36,-0.001,5e-05,5e-05,0.0002,-4e-05,0,-0.00044,-5e-05,-4e-05,0.00013,-2e-05,1e-05,0,-0.00393,0.00025,8e-05,0.00018,0,-0,-0,0.06013,0,0.00043,0.00041,-5e-05,-0,0,0.00019,1e-05,-0.00021,0.00026,-0,-9e-05,0
51.38,-0.00118,3e-05,6e-05,0.00021,-5e-05,0,-0.00049,-6e-05,-5e-05,0.00016,-2e-05,1e-05,0,-0.0044,0.00027,9e-05,0.00021,-0,-0,-0,0.05628,-0,0.00031,0.00021,-7e-05,-1e-05,0,4e-05,1e-05,-0.0001,0.00023,0,-8e-05,0
51.4,-0.00137,2e-05,6e-05,0.00021,-6e-05,0,-0.00053,-7e-05,-5e-05,0.0002,-2e-05,1e-05,0,-0.00484,0.0003,0.0001,0.00023,-0,-0,-0,0.05221,0,0.00023,1e-05,-0.0001,-2e-05,0,-8e-05,0,1e-05,0.00021,1e-05,-7e-05,0
51.42,-0.00155,0,6e-05,0.00021,-6e-05,0,-0.00057,-7e-05,-5e-05,0.00023,-1e-05,1e-05,0,-0.00517,0.00033,0.00011,0.00024,-0,-0,-0,0.04801,0,0.00019,-0.00017,-0.00013,-2e-05,0,-0.00019,-0,0.00011,0.00018,1e-05,-6e-05,0
51.44,-0.00171,-0,5e-05,0.0002,-7e-05,0,-0.00059,-6e-05,-4e-05,0.00026,-1e-05,1e-05,0,-0.00541,0.00036,0.00013,0.00022,-1e-05,-0,-0,0.04378,0,0.0002,-0.00034,-0.00015,-3e-05,1e-05,-0.00029,-1e-05,0.0002,0.00016,2e-05,-5e-05,0
51.46,-0.00185,-1e-05,4e-05,0.00019,-8e-05,0,-0.00061,-6e-05,-4e-05,0.00028,-1e-05,1e-05,0,-0.00558,0.00037,0.00015,0.00018,-1e-05,-0,-0,0.03958,1e-05,0.00027,-0.00049,-0.00017,-3e-05,1e-05,-0.00036,-1e-05,0.00027,0.00013,2e-05,-4e-05,0
51.48,-0.00196,-1e-05,2e-05,0.00018,-8e-05,0,-0.00061,-5e-05,-3e-05,0.00028,-1e-05,1e-05,0,-0.00566,0.00038,0.00017,9e-05,-1e-05,0,-0,0.03543,1e-05,0.00038,-0.00062,-0.00018,-3e-05,1e-05,-0.00042,-2e-05,0.00032,0.00011,2e-05,-3e-05,0
51.5,-0.00204,-1e-05,0,0.00017,-9e-05,0,-0.0006,-3e-05,-3e-05,0.00027,-0,1e-05,-0,-0.00565,0.00036,0.0002,-2e-05,-1e-05,0,-0,0.03137,1e-05,0.00051,-0.00074,-0.00019,-3e-05,1e-05,-0.00046,-3e-05,0.00034,8e-05,2e-05,-2e-05,0
51.52,-0.00207,-0,-2e-05,0.00016,-9e-05,0,-0.00058,-2e-05,-2e-05,0.00024,-0,1e-05,-0,-0.00555,0.00031,0.00022,-0.00016,-2e-05,0,-1e-05,0.02744,1e-05,0.00065,-0.00084,-0.0002,-3e-05,1e-05,-0.00049,-3e-05,0.00033,5e-05,2e-05,-1e-05,0
51.54,-0.00206,-0,-5e-05,0.00014,-0.0001,0,-0.00054,-0,-2e-05,0.00019,-1e-05,1e-05,-0,-0.00536,0.00024,0.00025,-0.00032,-2e-05,0,-1e-05,0.02365,0,0.00078,-0.00093,-0.0002,-3e-05,1e-05,-0.0005,-4e-05,0.0003,2e-05,2e-05,-0,-0
51.56,-0.00204,0,-7e-05,0.00013,-0.00011,0,-0.00049,2e-05,-1e-05,0.00014,-1e-05,1e-05,-0,-0.00509,0.00016,0.00028,-0.00049,-2e-05,1e-05,-1e-05,0.01996,0,0.00088,-0.00101,-0.00021,-3e-05,1e-05,-0.00049,-4e-05,0.00024,-1e-05,2e-05,0,-0
51.58,-0.00202,0,-0.0001,0.00012,-0.00011,0,-0.00043,4e-05,-1e-05,7e-05,-1e-05,1e-05,-0,-0.00472,7e-05,0.00031,-0.00066,-2e-05,1e-05,-1e-05,0.01631,0,0.00096,-0.00108,-0.00021,-3e-05,1e-05,-0.00046,-4e-05,0.00016,-5e-05,2e-05,1e-05,-0
51.6,-0.00199,0,-0.00012,0.00011,-0.00011,0,-0.00036,6e-05,-0,-0,-1e-05,1e-05,-0,-0.00433,-3e-05,0.00034,-0.00083,-2e-05,1e-05,-1e-05,0.01264,-0,0.00101,-0.00115,-0.00021,-3e-05,1e-05,-0.00041,-3e-05,6e-05,-8e-05,2e-05,1e-05,-0
51.62,-0.00196,0,-0.00014,9e-05,-0.00011,0,-0.00029,8e-05,-0,-8e-05,-1e-05,1e-05,-0,-0.00396,-0.00014,0.00036,-0.001,-2e-05,1e-05,-1e-05,0.00889,-0,0.00106,-0.00122,-0.00021,-3e-05,1e-05,-0.00034,-3e-05,-3e-05,-0.00011,2e-05,1e-05,-0
51.64,-0.00195,0,-0.00016,8e-05,-0.00011,0,-0.00023,0.00011,0,-0.00015,-0,0,-0,-0.00359,-0.00023,0.00037,-0.00114,-2e-05,1e-05,-1e-05,0.00503,-0,0.00109,-0.00129,-0.00021,-3e-05,1e-05,-0.00024,-3e-05,-0.00012,-0.00015,3e-05,1e-05,-0
51.66,-0.00197,0,-0.00018,7e-05,-0.00011,0,-0.00016,0.00013,0,-0.00022,-0,0,-0,-0.00318,-0.00032,0.00038,-0.00128,-2e-05,1e-05,-1e-05,0.00106,0,0.00111,-0.00135,-0.00021,-3e-05,1e-05,-0.00011,-2e-05,-0.0002,-0.00018,3e-05,1e-05,-0
51.68,-0.00201,0,-0.00019,6e-05,-0.00011,0,-9e-05,0.00015,1e-05,-0.00028,-0,0,-0,-0.00275,-0.00041,0.00037,-0.0014,-2e-05,1e-05,-1e-05,-0.00296,0,0.00112,-0.00141,-0.0002,-3e-05,1e-05,4e-05,-2e-05,-0.00026,-0.00021,3e-05,1e-05,-0
51.7,-0.00205,0,-0.00021,5e-05,-0.0001,0,-4e-05,0.00016,1e-05,-0.00033,-0,0,-0,-0.00235,-0.00048,0.00036,-0.0015,-1e-05,2e-05,-1e-05,-0.0069,0,0.00108,-0.00143,-0.0002,-3e-05,1e-05,0.00022,-2e-05,-0.00029,-0.00024,3e-05,1e-05,-0
51.72,-0.00206,0,-0.00022,4e-05,-9e-05,0,1e-05,0.00018,1e-05,-0.00037,-0,0,-0,-0.00204,-0.00051,0.00034,-0.00157,-1e-05,2e-05,-1e-05,-0.01056,1e-05,0.001,-0.00142,-0.00019,-3e-05,1e-05,0.00042,-2e-05,-0.00031,-0.00027,3e-05,1e-05,-0
51.74,-0.00203,1e-05,-0.00022,2e-05,-9e-05,0,5e-05,0.0002,1e-05,-0.00039,-0,0,-0,-0.00176,-0.00051,0.00032,-0.00163,-1e-05,2e-05,-1e-05,-0.01381,1e-05,0.00084,-0.00134,-0.00017,-3e-05,1e-05,0.00064,-2e-05,-0.0003,-0.00029,4e-05,1e-05,-0
51.76,-0.00196,1e-05,-0.00022,1e-05,-8e-05,0,8e-05,0.00022,1e-05,-0.00041,-0,0,-0,-0.00149,-0.00051,0.00029,-0.00166,-1e-05,1e-05,-1e-05,-0.01658,1e-05,0.0006,-0.0012,-0.00016,-3e-05,1e-05,0.00086,-2e-05,-0.00026,-0.0003,4e-05,1e-05,-0
51.78,-0.00184,1e-05,-0.00022,0,-7e-05,0,9e-05,0.00023,1e-05,-0.00041,-0,0,-0,-0.00124,-0.00048,0.00025,-0.00167,-1e-05,1e-05,-1e-05,-0.01888,1e-05,0.0003,-0.00099,-0.00014,-3e-05,1e-05,0.00108,-2e-05,-0.0002,-0.0003,4e-05,2e-05,-0
51.8,-0.00168,1e-05,-0.00022,-1e-05,-6e-05,0,0.0001,0.00024,1e-05,-0.0004,-1e-05,0,-0,-0.00102,-0.00045,0.00022,-0.00166,-1e-05,1e-05,-1e-05,-0.02076,0,-7e-05,-0.00075,-0.00012,-3e-05,1e-05,0.0013,-2e-05,-0.00011,-0.0003,4e-05,2e-05,-0
51.82,-0.00147,1e-05,-0.00021,-2e-05,-6e-05,0,0.00011,0.00024,2e-05,-0.00039,-1e-05,1e-05,-0,-0.00084,-0.0004,0.00018,-0.00161,-0,1e-05,-1e-05,-0.02232,-0,-0.00046,-0.00049,-0.00011,-3e-05,1e-05,0.00149,-3e-05,1e-05,-0.00029,4e-05,3e-05,-0
51.84,-0.00125,1e-05,-0.0002,-2e-05,-5e-05,0,0.0001,0.00024,2e-05,-0.00037,-0,1e-05,0,-0.00068,-0.00034,0.00015,-0.00154,-0,1e-05,-1e-05,-0.02363,-0,-0.00087,-0.00026,-9e-05,-3e-05,1e-05,0.00166,-4e-05,0.00014,-0.00027,4e-05,4e-05,-0
51.86,-0.00102,1e-05,-0.00018,-3e-05,-4e-05,0,0.0001,0.00023,2e-05,-0.00035,0,1e-05,0,-0.00054,-0.00028,0.00012,-0.00145,-1e-05,1e-05,-1e-05,-0.02472,-1e-05,-0.00126,-7e-05,-8e-05,-3e-05,1e-05,0.0018,-5e-05,0.00029,-0.00025,5e-05,5e-05,-0
51.88,-0.00081,1e-05,-0.00017,-3e-05,-4e-05,0,9e-05,0.00023,2e-05,-0.00033,0,1e-05,0,-0.00042,-0.00021,0.0001,-0.00133,-1e-05,1e-05,-2e-05,-0.02566,-1e-05,-0.00159,7e-05,-7e-05,-3e-05,1e-05,0.00191,-6e-05,0.00044,-0.00023,5e-05,5e-05,-0
51.9,-0.00062,0,-0.00015,-3e-05,-3e-05,0,8e-05,0.00022,1e-05,-0.0003,0,0,0,-0.00031,-0.00015,7e-05,-0.00119,-1e-05,1e-05,-2e-05,-0.02646,-1e-05,-0.00185,0.00015,-6e-05,-3e-05,1e-05,0.00199,-7e-05,0.00057,-0.0002,5e-05,6e-05,-0
51.92,-0.00046,0,-0.00014,-3e-05,-3e-05,0,7e-05,0.00021,1e-05,-0.00028,-0,0,0,-0.00023,-0.00012,5e-05,-0.00105,-1e-05,0,-2e-05,-0.02712,-2e-05,-0.002,0.0002,-5e-05,-2e-05,1e-05,0.00204,-7e-05,0.00067,-0.00018,6e-05,6e-05,-0
51.94,-0.00033,0,-0.00012,-3e-05,-3e-05,0,6e-05,0.00019,1e-05,-0.00025,-0,0,0,-0.00016,-9e-05,4e-05,-0.00089,-1e-05,0,-2e-05,-0.02761,-2e-05,-0.00201,0.0002,-5e-05,-2e-05,1e-05,0.00206,-7e-05,0.00071,-0.00016,6e-05,6e-05,-0
51.96,-0.00024,-0,-0.00011,-3e-05,-3e-05,0,5e-05,0.00017,1e-05,-0.00023,0,0,0,-0.00011,-6e-05,2e-05,-0.00073,-1e-05,0,-3e-05,-0.02791,-2e-05,-0.00187,0.00017,-4e-05,-2e-05,0,0.00206,-7e-05,0.0007,-0.00015,6e-05,6e-05,-0
51.98,-0.00017,-1e-05,-9e-05,-2e-05,-3e-05,0,4e-05,0.00015,0,-0.0002,1e-05,0,0,-6e-05,-3e-05,1e-05,-0.00058,-1e-05,0,-3e-05,-0.02799,-1e-05,-0.0016,0.00013,-3e-05,-1e-05,0,0.00204,-6e-05,0.00064,-0.00015,5e-05,5e-05,-0
52,-0.00011,-1e-05,-8e-05,-2e-05,-3e-05,0,4e-05,0.00012,-0,-0.00017,2e-05,0,-0,-3e-05,-2e-05,0,-0.00044,-1e-05,0,-3e-05,-0.02781,-1e-05,-0.00124,7e-05,-3e-05,-1e-05,0,0.00199,-4e-05,0.00053,-0.00015,5e-05,4e-05,-0
52.02,-4e-05,-2e-05,-6e-05,-2e-05,-3e-05,0,4e-05,9e-05,-1e-05,-0.00015,4e-05,-0,-0,-0,-1e-05,-0,-0.00031,-1e-05,0,-2e-05,-0.02732,-1e-05,-0.00082,1e-05,-2e-05,-0,0,0.00193,-2e-05,0.0004,-0.00016,4e-05,3e-05,-0
52.04,3e-05,-2e-05,-4e-05,-1e-05,-3e-05,0,4e-05,6e-05,-1e-05,-0.00013,6e-05,-0,-0,2e-05,-0,-1e-05,-0.00021,-1e-05,0,-2e-05,-0.02648,-1e-05,-0.0004,-5e-05,-2e-05,-0,0,0.00185,0,0.00026,-0.00016,4e-05,2e-05,-0
52.06,0.00011,-2e-05,-3e-05,-1e-05,-3e-05,0,5e-05,4e-05,-1e-05,-0.00012,6e-05,-0,-0,3e-05,0,-1e-05,-0.00013,-0,0,-1e-05,-0.0253,-0,-1e-05,-9e-05,-2e-05,0,-0,0.00175,2e-05,0.00012,-0.00016,3e-05,1e-05,-0
52.08,0.0002,-3e-05,-1e-05,-0,-3e-05,0,5e-05,2e-05,-1e-05,-0.00011,7e-05,-0,0,3e-05,-0,-2e-05,-7e-05,-0,0,-0,-0.02377,-0,0.00032,-0.00012,-1e-05,1e-05,-0,0.00162,3e-05,-2e-05,-0.00015,2e-05,-1e-05,0
52.1,0.00031,-3e-05,-0,-0,-3e-05,0,6e-05,-0,-1e-05,-0.00011,6e-05,-0,0,4e-05,-0,-2e-05,-2e-05,0,0,0,-0.02193,0,0.00058,-0.00012,-1e-05,1e-05,-0,0.00149,5e-05,-0.00015,-0.00014,2e-05,-2e-05,0
52.12,0.00041,-3e-05,1e-05,-0,-3e-05,0,6e-05,-1e-05,-1e-05,-0.0001,5e-05,-0,0,4e-05,-1e-05,-2e-05,0,1e-05,0,1e-05,-0.01985,0,0.00077,-0.0001,-2e-05,1e-05,-0,0.00134,6e-05,-0.00025,-0.00013,1e-05,-2e-05,0
52.14,0.0005,-3e-05,2e-05,0,-2e-05,0,7e-05,-2e-05,-1e-05,-0.0001,3e-05,-0,0,3e-05,-1e-05,-2e-05,2e-05,2e-05,0,2e-05,-0.01756,0,0.00088,-4e-05,-2e-05,1e-05,-0,0.00119,6e-05,-0.00034,-0.0001,1e-05,-3e-05,0
52.16,0.00057,-3e-05,2e-05,0,-2e-05,0,7e-05,-3e-05,-1e-05,-0.0001,2e-05,-0,0,3e-05,-1e-05,-2e-05,2e-05,3e-05,0,2e-05,-0.01512,0,0.00092,4e-05,-2e-05,1e-05,-0,0.00104,6e-05,-0.00041,-7e-05,0,-3e-05,0
52.18,0.00063,-3e-05,2e-05,0,-2e-05,0,7e-05,-3e-05,-1e-05,-0.0001,1e-05,-0,0,3e-05,-1e-05,-2e-05,2e-05,3e-05,0,3e-05,-0.01257,0,0.00089,0.00014,-3e-05,1e-05,-0,0.00088,6e-05,-0.00045,-4e-05,-0,-4e-05,0
52.2,0.00065,-2e-05,2e-05,0,-1e-05,0,6e-05,-3e-05,-0,-9e-05,1e-05,-0,0,2e-05,-1e-05,-2e-05,1e-05,3e-05,0,2e-05,-0.01002,0,0.00081,0.00024,-3e-05,1e-05,-0,0.00073,6e-05,-0.00046,-1e-05,-0,-4e-05,0
52.22,0.00065,-2e-05,2e-05,0,-0,0,5e-05,-2e-05,-0,-8e-05,0,-0,0,2e-05,-1e-05,-1e-05,-0,3e-05,0,2e-05,-0.00755,-0,0.00068,0.00032,-4e-05,1e-05,-0,0.00057,5e-05,-0.00044,2e-05,-1e-05,-3e-05,0
52.24,0.00062,-2e-05,2e-05,-0,1e-05,0,4e-05,-1e-05,-0,-7e-05,0,-0,0,2e-05,-1e-05,-1e-05,-1e-05,2e-05,0,1e-05,-0.00522,-0,0.00052,0.00037,-4e-05,1e-05,-0,0.00041,4e-05,-0.00038,4e-05,-1e-05,-3e-05,0
52.26,0.00057,-1e-05,1e-05,-0,2e-05,0,3e-05,-1e-05,-0,-6e-05,0,-0,0,1e-05,-1e-05,-1e-05,-2e-05,2e-05,-0,1e-05,-0.00306,-0,0.00034,0.00038,-4e-05,1e-05,-0,0.00026,3e-05,-0.0003,5e-05,-0,-2e-05,0
52.28,0.00049,-1e-05,1e-05,-1e-05,3e-05,-0,1e-05,0,-0,-6e-05,-0,-0,0,1e-05,-1e-05,-0,-4e-05,1e-05,-0,0,-0.00104,-0,0.00016,0.00035,-4e-05,0,-0,0.00011,2e-05,-0.00019,5e-05,0,-2e-05,0
52.3,0.0004,-1e-05,0,-1e-05,4e-05,-0,-0,1e-05,-0,-5e-05,-0,-0,0,1e-05,-0,-0,-5e-05,1e-05,-0,-1e-05,0.00087,-0,-1e-05,0.00028,-4e-05,0,-0,-4e-05,1e-05,-7e-05,4e-05,1e-05,-1e-05,0
52.32,0.00031,-0,-0,-2e-05,6e-05,-0,-2e-05,1e-05,-1e-05,-5e-05,-0,-0,0,1e-05,-0,0,-8e-05,0,-0,-1e-05,0.00269,0,-0.00015,0.00019,-4e-05,0,-0,-0.0002,-0,5e-05,3e-05,1e-05,-0,-0
52.34,0.00022,-0,-0,-3e-05,7e-05,0,-3e-05,2e-05,-1e-05,-6e-05,-0,-0,0,1e-05,-0,1e-05,-0.00011,0,-0,-2e-05,0.0045,0,-0.00023,9e-05,-3e-05,1e-05,-0,-0.00036,-1e-05,0.00015,2e-05,2e-05,0,-0
52.36,0.00014,0,-0,-4e-05,8e-05,-0,-4e-05,2e-05,-1e-05,-8e-05,-0,-0,0,1e-05,0,1e-05,-0.00015,-0,-0,-2e-05,0.00635,1e-05,-0.00025,-1e-05,-3e-05,1e-05,-0,-0.00054,-2e-05,0.00023,0,2e-05,1e-05,-0
52.38,7e-05,1e-05,-0,-5e-05,9e-05,-0,-4e-05,3e-05,-1e-05,-0.00012,-1e-05,0,0,1e-05,0,1e-05,-0.00021,-0,-0,-2e-05,0.0083,1e-05,-0.00021,-0.0001,-2e-05,1e-05,-0,-0.00072,-2e-05,0.00028,-1e-05,2e-05,1e-05,-0
52.4,-0,1e-05,-0,-6e-05,0.0001,-0,-4e-05,3e-05,-1e-05,-0.00016,-1e-05,0,0,1e-05,0,1e-05,-0.00028,-0,-0,-2e-05,0.0104,1e-05,-0.00012,-0.00017,-1e-05,1e-05,-0,-0.00091,-2e-05,0.0003,-1e-05,2e-05,1e-05,-0
52.42,-6e-05,2e-05,-0,-6e-05,0.00011,0,-3e-05,3e-05,-1e-05,-0.00021,-1e-05,0,0,1e-05,0,0,-0.00035,-0,-0,-2e-05,0.01267,1e-05,1e-05,-0.0002,-1e-05,1e-05,-0,-0.00112,-2e-05,0.00031,-1e-05,2e-05,1e-05,-0
52.44,-0.00011,2e-05,-0,-7e-05,0.00011,0,-2e-05,3e-05,-0,-0.00026,-1e-05,0,0,2e-05,0,0,-0.00043,-0,-0,-1e-05,0.01513,1e-05,0.00016,-0.00018,-0,2e-05,-0,-0.00134,-2e-05,0.00029,-0,2e-05,1e-05,-0
52.46,-0.00015,3e-05,-0,-7e-05,0.00011,0,0,2e-05,-0,-0.00033,-1e-05,0,0,2e-05,0,-0,-0.00052,-0,-0,-1e-05,0.01777,0,0.00029,-0.00012,0,2e-05,-0,-0.00157,-2e-05,0.00027,2e-05,2e-05,1e-05,-0
52.48,-0.00018,4e-05,0,-7e-05,0.00011,0,3e-05,2e-05,-0,-0.00039,-1e-05,0,0,3e-05,0,-1e-05,-0.00062,-0,-0,-0,0.02057,-0,0.00039,-1e-05,0,2e-05,-1e-05,-0.0018,-2e-05,0.00024,4e-05,2e-05,1e-05,-0
52.5,-0.00019,4e-05,0,-6e-05,0.0001,0,7e-05,2e-05,0,-0.00046,-1e-05,0,0,3e-05,0,-1e-05,-0.00072,-0,-0,0,0.02345,-1e-05,0.00041,0.00014,0,2e-05,-1e-05,-0.00202,-3e-05,0.0002,8e-05,2e-05,0,-0
52.52,-0.00019,5e-05,0,-6e-05,0.0001,0,0.0001,1e-05,0,-0.00051,-1e-05,0,0,4e-05,0,-2e-05,-0.00082,-0,-0,1e-05,0.02632,-1e-05,0.00032,0.00032,-1e-05,2e-05,-1e-05,-0.00223,-3e-05,0.00017,0.00011,1e-05,0,-0
52.54,-0.00017,5e-05,0,-4e-05,9e-05,0,0.00014,1e-05,0,-0.00056,-1e-05,0,0,6e-05,0,-2e-05,-0.00091,-0,-0,2e-05,0.02901,-2e-05,0.00011,0.00049,-2e-05,2e-05,-0,-0.00242,-3e-05,0.00013,0.00015,1e-05,-0,0
52.56,-0.00012,4e-05,0,-3e-05,9e-05,0,0.00017,1e-05,0,-0.0006,-1e-05,0,0,7e-05,-0,-3e-05,-0.001,-0,-0,2e-05,0.03138,-1e-05,-0.0002,0.00067,-3e-05,2e-05,-0,-0.00257,-3e-05,0.0001,0.00018,0,-0,0
52.58,-3e-05,4e-05,0,-1e-05,8e-05,0,0.0002,0,0,-0.00062,-1e-05,0,0,7e-05,-0,-4e-05,-0.00108,-0,-0,3e-05,0.03325,-1e-05,-0.00057,0.00082,-4e-05,1e-05,-0,-0.00267,-3e-05,6e-05,0.00021,-0,-1e-05,0
52.6,8e-05,3e-05,-0,1e-05,8e-05,0,0.00022,0,0,-0.00062,-1e-05,0,0,8e-05,-0,-4e-05,-0.00114,-0,-0,3e-05,0.03441,-0,-0.00093,0.00094,-6e-05,1e-05,-0,-0.00271,-3e-05,2e-05,0.00023,-1e-05,-1e-05,0
52.62,0.00022,3e-05,-0,2e-05,7e-05,0,0.00023,0,0,-0.00061,-1e-05,0,0,8e-05,-1e-05,-4e-05,-0.00116,-0,-0,3e-05,0.03465,-0,-0.00119,0.00103,-6e-05,1e-05,-0,-0.00269,-2e-05,-3e-05,0.00024,-1e-05,-1e-05,0
52.64,0.00038,2e-05,-0,3e-05,7e-05,0,0.00022,0,0,-0.00058,-0,0,0,7e-05,-1e-05,-3e-05,-0.00113,-0,-0,3e-05,0.03379,0,-0.0013,0.00107,-6e-05,0,-0,-0.00258,-2e-05,-8e-05,0.00025,-2e-05,-1e-05,0
52.66,0.00055,1e-05,-0,4e-05,7e-05,0,0.00021,0,0,-0.00053,-0,0,-0,6e-05,-1e-05,-1e-05,-0.00106,-0,-0,2e-05,0.03179,-0,-0.00122,0.00106,-6e-05,0,-0,-0.0024,-1e-05,-0.00013,0.00024,-2e-05,-1e-05,0
52.68,0.00074,1e-05,-1e-05,4e-05,6e-05,0,0.00018,-0,-0,-0.00045,-0,0,-0,4e-05,-1e-05,2e-05,-0.00092,-0,-0,2e-05,0.02871,-1e-05,-0.00097,0.00101,-4e-05,0,-0,-0.00214,1e-05,-0.00019,0.00023,-3e-05,-1e-05,0
52.7,0.00091,1e-05,-1e-05,4e-05,6e-05,0,0.00013,-0,-0,-0.00036,0,-0,-0,2e-05,-1e-05,7e-05,-0.00073,-0,-0,1e-05,0.02477,-1e-05,-0.00059,0.00093,-2e-05,1e-05,-0,-0.00182,2e-05,-0.00025,0.00021,-3e-05,-0,0
52.72,0.00105,0,-1e-05,3e-05,6e-05,0,7e-05,-1e-05,-0,-0.00024,0,-0,-0,3e-05,-0,0.00014,-0.00049,-0,-0,1e-05,0.02023,-2e-05,-0.00017,0.00082,1e-05,1e-05,-0,-0.00147,3e-05,-0.00029,0.00018,-4e-05,-0,0
52.74,0.00115,0,-1e-05,2e-05,5e-05,0,0,-2e-05,-0,-0.00011,1e-05,-0,-0,8e-05,2e-05,0.00024,-0.0002,-0,-1e-05,1e-05,0.01535,-2e-05,0.0002,0.00071,4e-05,1e-05,-0,-0.00108,3e-05,-0.00031,0.00015,-4e-05,0,0
52.76,0.00121,0,-2e-05,1e-05,5e-05,0,-7e-05,-3e-05,-0,4e-05,1e-05,-0,-0,0.00019,4e-05,0.00036,0.00011,-0,-1e-05,0,0.01031,-2e-05,0.00048,0.0006,6e-05,1e-05,-0,-0.0007,4e-05,-0.00031,0.00013,-4e-05,1e-05,-0
52.78,0.00124,0,-2e-05,1e-05,5e-05,0,-0.00015,-4e-05,0,0.00019,2e-05,-0,-0,0.00037,8e-05,0.00048,0.0004,-0,-0,0,0.00524,-2e-05,0.00066,0.00049,9e-05,2e-05,-0,-0.00031,4e-05,-0.00029,0.0001,-3e-05,2e-05,-0
52.8,0.00122,0,-2e-05,0,5e-05,0,-0.00023,-6e-05,0,0.00034,2e-05,-0,-0,0.00063,0.00013,0.0006,0.00064,-0,-0,0,0.00027,-2e-05,0.00073,0.00039,0.00011,2e-05,-1e-05,4e-05,3e-05,-0.00025,7e-05,-3e-05,3e-05,-0
52.82,0.00117,1e-05,-3e-05,-0,6e-05,0,-0.00028,-8e-05,0,0.00047,2e-05,-0,-0,0.00098,0.0002,0.0007,0.00078,0,-0,0,-0.0045,-1e-05,0.00073,0.00029,0.00013,2e-05,-1e-05,0.00037,3e-05,-0.00019,4e-05,-3e-05,3e-05,-0
52.84,0.0011,1e-05,-2e-05,-0,6e-05,0,-0.00029,-0.0001,0,0.00057,2e-05,-0,-0,0.00141,0.00028,0.00078,0.00079,0,0,0,-0.00896,-1e-05,0.00067,0.0002,0.00015,2e-05,-1e-05,0.00065,2e-05,-0.00013,1e-05,-2e-05,4e-05,-0
52.86,0.00104,2e-05,-1e-05,-0,7e-05,0,-0.00028,-0.00011,-0,0.00062,2e-05,-0,-0,0.00188,0.00037,0.00081,0.00064,0,0,0,-0.01308,-0,0.00058,0.00011,0.00016,3e-05,-1e-05,0.00087,1e-05,-6e-05,-1e-05,-1e-05,4e-05,-0
52.88,0.00099,3e-05,1e-05,-0,8e-05,0,-0.00025,-0.00013,0,0.00063,1e-05,-0,-0,0.00236,0.00045,0.00079,0.00035,1e-05,1e-05,0,-0.01679,-0,0.00048,3e-05,0.00017,3e-05,-1e-05,0.00104,1e-05,0,-4e-05,-0,4e-05,-0
52.9,0.00098,4e-05,5e-05,0,9e-05,0,-0.00019,-0.00014,0,0.0006,0,-0,-0,0.00288,0.00053,0.00075,-7e-05,1e-05,1e-05,0,-0.02003,-0,0.00039,-5e-05,0.00017,3e-05,-1e-05,0.00115,0,6e-05,-6e-05,1e-05,4e-05,-0
52.92,0.00101,5e-05,0.0001,1e-05,0.0001,0,-0.00012,-0.00015,1e-05,0.00053,-0,-0,-0,0.00355,0.00067,0.00071,-0.00058,1e-05,1e-05,0,-0.02271,0,0.00032,-0.00012,0.00017,3e-05,-1e-05,0.00121,-0,0.0001,-9e-05,2e-05,4e-05,-0
52.94,0.00109,6e-05,0.00017,1e-05,0.00011,0,-4e-05,-0.00015,1e-05,0.00044,-1e-05,-0,-0,0.00425,0.00081,0.00065,-0.00111,1e-05,1e-05,0,-0.02482,0,0.00028,-0.00017,0.00016,3e-05,-1e-05,0.00121,-1e-05,0.00013,-0.00011,3e-05,4e-05,-0
52.96,0.00124,7e-05,0.00025,2e-05,0.00012,0,6e-05,-0.00015,2e-05,0.00034,-1e-05,0,-0,0.00483,0.00091,0.00056,-0.00164,1e-05,1e-05,-0,-0.0264,-0,0.00027,-0.00021,0.00016,3e-05,-1e-05,0.00117,-1e-05,0.00014,-0.00013,5e-05,4e-05,-0
52.98,0.00143,8e-05,0.00032,2e-05,0.00013,0,0.00018,-0.00015,3e-05,0.00023,-1e-05,0,-0,0.00531,0.00099,0.00045,-0.00215,1e-05,1e-05,-0,-0.02761,-0,0.00027,-0.00024,0.00015,4e-05,-1e-05,0.00109,-2e-05,0.00014,-0.00016,6e-05,3e-05,-0
53,0.00163,9e-05,0.00038,3e-05,0.00014,0,0.00031,-0.00014,4e-05,0.00013,-1e-05,0,-0,0.00568,0.00102,0.00033,-0.00259,1e-05,1e-05,-0,-0.02863,-0,0.00029,-0.00026,0.00013,4e-05,-1e-05,0.00099,-2e-05,0.00013,-0.00018,7e-05,3e-05,-0
53.02,0.00177,9e-05,0.00041,3e-05,0.00015,0,0.00047,-0.00014,5e-05,3e-05,-0,0,-0,0.00596,0.001,0.00021,-0.00296,0,1e-05,-0,-0.02966,-0,0.00028,-0.00029,0.00012,4e-05,-1e-05,0.00088,-3e-05,0.00012,-0.00021,7e-05,3e-05,-0
53.04,0.00186,9e-05,0.00039,3e-05,0.00015,0,0.00067,-0.00014,5e-05,-5e-05,-0,0,-0,0.00611,0.00094,0.00011,-0.00328,0,1e-05,-0,-0.03088,-0,0.00025,-0.00031,0.00011,4e-05,-1e-05,0.00075,-4e-05,0.00012,-0.00024,8e-05,2e-05,-0
53.06,0.00188,7e-05,0.00031,3e-05,0.00014,0,0.00089,-0.00014,5e-05,-0.00012,-0,0,-0,0.00613,0.00085,3e-05,-0.00357,-0,0,-1e-05,-0.03242,-0,0.00018,-0.00035,0.0001,4e-05,-1e-05,0.00061,-4e-05,0.00012,-0.00027,8e-05,2e-05,-0
53.08,0.00184,5e-05,0.00019,4e-05,0.00012,0,0.00116,-0.00014,4e-05,-0.00016,-0,0,-0,0.00605,0.00075,-2e-05,-0.00385,-0,0,-1e-05,-0.03429,-0,8e-05,-0.0004,9e-05,4e-05,-1e-05,0.00044,-5e-05,0.00012,-0.00031,9e-05,2e-05,-0
53.1,0.00172,2e-05,2e-05,4e-05,0.0001,0,0.00149,-0.00014,2e-05,-0.00018,0,0,-0,0.00593,0.00064,-4e-05,-0.0041,-0,-0,-1e-05,-0.03646,-1e-05,-5e-05,-0.00047,9e-05,4e-05,-1e-05,0.00023,-5e-05,0.00011,-0.00035,9e-05,2e-05,-0
53.12,0.00151,-3e-05,-0.00018,4e-05,7e-05,0,0.00191,-0.00015,-0,-0.00019,1e-05,0,-0,0.00587,0.00051,-3e-05,-0.00431,-0,0,-1e-05,-0.03883,-1e-05,-0.00018,-0.00055,8e-05,4e-05,-1e-05,-3e-05,-6e-05,0.0001,-0.00039,8e-05,2e-05,-0
53.14,0.00123,-8e-05,-0.00037,4e-05,3e-05,-0,0.00242,-0.00017,-3e-05,-0.00018,1e-05,-0,-0,0.00582,0.0004,-2e-05,-0.00441,-0,0,-1e-05,-0.04125,-1e-05,-0.00031,-0.00065,8e-05,3e-05,-1e-05,-0.00035,-6e-05,6e-05,-0.00045,8e-05,1e-05,-0
53.16,0.00094,-0.00014,-0.00054,3e-05,-0,-0,0.00304,-0.00019,-6e-05,-0.00016,2e-05,-0,-0,0.00578,0.00031,-3e-05,-0.00437,-0,0,-1e-05,-0.04363,-1e-05,-0.00041,-0.00076,8e-05,3e-05,-1e-05,-0.00072,-6e-05,1e-05,-0.0005,7e-05,1e-05,-0
53.18,0.00065,-0.0002,-0.00063,3e-05,-3e-05,-0,0.00379,-0.00021,-8e-05,-0.00014,2e-05,-0,-0,0.00575,0.00022,-6e-05,-0.00413,-0,0,-1e-05,-0.04587,-1e-05,-0.00048,-0.00087,8e-05,3e-05,-1e-05,-0.00116,-5e-05,-6e-05,-0.00056,7e-05,1e-05,-0
53.2,0.00038,-0.00024,-0.00064,3e-05,-5e-05,-0,0.00471,-0.00025,-9e-05,-0.00014,1e-05,-0,-0,0.00564,0.00011,-0.00011,-0.00377,-0,0,-1e-05,-0.04786,-1e-05,-0.0005,-0.00098,8e-05,2e-05,-1e-05,-0.00165,-5e-05,-0.00013,-0.00062,6e-05,0,-0
53.22,0.00014,-0.00027,-0.00055,3e-05,-6e-05,-0,0.00584,-0.00027,-0.0001,-0.00018,1e-05,-0,-0,0.00535,-3e-05,-0.00017,-0.00336,-0,0,-1e-05,-0.04947,-1e-05,-0.00047,-0.00107,8e-05,2e-05,-0,-0.00217,-4e-05,-0.00021,-0.00066,5e-05,-0,-0
53.24,-6e-05,-0.00029,-0.00035,3e-05,-5e-05,-0,0.00719,-0.0003,-0.0001,-0.00027,-0,0,-0,0.00499,-0.00018,-0.00023,-0.00286,-0,0,-1e-05,-0.05063,-1e-05,-0.00039,-0.00112,9e-05,2e-05,-0,-0.00272,-3e-05,-0.00028,-0.00069,4e-05,-1e-05,0
53.26,-0.00022,-0.00029,-6e-05,3e-05,-2e-05,-0,0.0087,-0.00033,-7e-05,-0.00043,-0,0,0,0.00463,-0.00035,-0.00029,-0.00224,0,-0,-0,-0.05134,-0,-0.00028,-0.00113,9e-05,1e-05,-0,-0.00326,-2e-05,-0.00034,-0.00069,3e-05,-1e-05,0
53.28,-0.00034,-0.00028,0.00029,2e-05,2e-05,-0,0.01024,-0.00034,0,-0.00067,0,1e-05,0,0.00426,-0.00053,-0.00033,-0.00157,0,-0,-0,-0.0516,0,-0.00018,-0.0011,9e-05,1e-05,-0,-0.00379,-1e-05,-0.00037,-0.00066,2e-05,-2e-05,0
53.3,-0.00043,-0.00026,0.00064,1e-05,7e-05,-0,0.01197,-0.00033,8e-05,-0.00101,2e-05,1e-05,0,0.0039,-0.00069,-0.00036,-0.00093,0,-0,0,-0.05148,0,-0.00014,-0.00102,9e-05,1e-05,-0,-0.00429,-0,-0.00039,-0.00061,1e-05,-2e-05,0
53.32,-0.00048,-0.00024,0.00097,1e-05,0.00012,-0,0.01415,-0.00029,0.00014,-0.00144,5e-05,2e-05,0,0.00359,-0.00082,-0.00039,-0.00037,0,-0,1e-05,-0.05106,1e-05,-0.00019,-0.00089,9e-05,1e-05,-0,-0.00474,0,-0.00038,-0.00053,-0,-2e-05,0
53.34,-0.00049,-0.00022,0.00122,0,0.00016,-0,0.0165,-0.0002,0.0002,-0.00198,9e-05,2e-05,1e-05,0.00335,-0.0009,-0.00043,9e-05,1e-05,-0,1e-05,-0.05048,0,-0.00033,-0.00073,8e-05,0,0,-0.00513,1e-05,-0.00034,-0.00043,-1e-05,-2e-05,0
53.36,-0.00045,-0.00021,0.00134,-0,0.00019,-0,0.01874,-3e-05,0.00026,-0.00262,0.00016,3e-05,1e-05,0.0032,-0.00095,-0.00045,0.00043,1e-05,-0,2e-05,-0.0499,-2e-05,-0.00054,-0.00055,8e-05,-0,0,-0.00545,1e-05,-0.00027,-0.00031,-3e-05,-1e-05,0
53.38,-0.00034,-0.00021,0.00135,-1e-05,0.00021,-0,0.01943,0.0002,0.00028,-0.00322,0.00024,3e-05,2e-05,0.00314,-0.00095,-0.00046,0.00064,1e-05,-0,2e-05,-0.04955,-6e-05,-0.00072,-0.00034,7e-05,-0,0,-0.00567,0,-0.00018,-0.00017,-5e-05,-1e-05,0
53.4,-0.00016,-0.00023,0.00125,-2e-05,0.00022,-0,0.0198,0.00047,0.00029,-0.00375,0.00036,2e-05,2e-05,0.00315,-0.0009,-0.00047,0.00072,1e-05,-0,3e-05,-0.04973,-0.00012,-0.00075,-0.00013,7e-05,-0,0,-0.0058,-0,-6e-05,-1e-05,-6e-05,-0,0
53.42,0.0001,-0.00024,0.00103,-3e-05,0.00021,-0,0.02086,0.00084,0.00029,-0.00418,0.00052,2e-05,5e-05,0.00321,-0.00083,-0.00046,0.00069,1e-05,0,3e-05,-0.05071,-0.00016,-0.00053,7e-05,8e-05,-0,0,-0.00582,-1e-05,6e-05,0.00015,-8e-05,0,0
53.44,0.00048,-0.00025,0.00069,-4e-05,0.00019,-0,0.02209,0.00126,0.00032,-0.00451,0.00071,0,8e-05,0.0033,-0.00074,-0.00044,0.00059,1e-05,1e-05,4e-05,-0.0527,-0.00019,5e-05,0.00027,9e-05,0,0,-0.0057,-1e-05,0.00019,0.0003,-9e-05,1e-05,0
53.46,0.00099,-0.00025,0.00028,-4e-05,0.00016,-0,0.02313,0.00165,0.00036,-0.00479,0.00093,-2e-05,0.00012,0.00338,-0.00064,-0.00042,0.00046,1e-05,1e-05,4e-05,-0.05579,-0.00021,0.00103,0.00045,0.00012,1e-05,-0,-0.00538,-1e-05,0.00031,0.00043,-0.00011,1e-05,0
53.48,0.00162,-0.00025,-0.00016,-5e-05,0.00012,-0,0.02403,0.00189,0.00044,-0.00491,0.00113,-5e-05,0.00016,0.00344,-0.00052,-0.00039,0.00031,1e-05,1e-05,5e-05,-0.05987,-0.00021,0.00231,0.0006,0.00016,1e-05,-1e-05,-0.00481,-1e-05,0.00041,0.00054,-0.00011,1e-05,0
53.5,0.00235,-0.00026,-0.00059,-6e-05,9e-05,-0,0.02461,0.00206,0.0006,-0.00493,0.00132,-7e-05,0.0002,0.00347,-0.00041,-0.00036,0.00017,1e-05,2e-05,5e-05,-0.06466,-0.0002,0.00365,0.00072,0.00021,2e-05,-1e-05,-0.00393,-1e-05,0.00047,0.0006,-0.00012,2e-05,0
53.52,0.00311,-0.00029,-0.00095,-6e-05,6e-05,-0,0.02452,0.00236,0.00081,-0.00487,0.00153,-5e-05,0.00025,0.00347,-0.00033,-0.00033,4e-05,1e-05,2e-05,6e-05,-0.0697,-0.00019,0.0046,0.00079,0.00026,2e-05,-2e-05,-0.00271,0,0.00049,0.0006,-0.00012,1e-05,0
53.54,0.00379,-0.00033,-0.0012,-6e-05,4e-05,-0,0.02369,0.0026,0.00104,-0.00444,0.00163,1e-05,0.00029,0.00343,-0.00025,-0.00029,-7e-05,1e-05,2e-05,6e-05,-0.07454,-0.00021,0.00496,0.00081,0.0003,2e-05,-2e-05,-0.00113,1e-05,0.00047,0.00055,-0.00011,1e-05,0
53.56,0.00417,-0.00039,-0.00123,-6e-05,2e-05,0,0.02014,0.00249,0.00127,-0.00292,0.00156,8e-05,0.00027,0.00337,-0.00018,-0.00026,-0.00016,1e-05,2e-05,7e-05,-0.07873,-0.00027,0.00472,0.0008,0.00032,1e-05,-3e-05,0.00074,3e-05,0.00041,0.00046,-0.0001,0,0
53.58,0.00427,-0.00045,-0.00113,-7e-05,0,0,0.01594,0.00225,0.00143,-0.00088,0.00138,0.00014,0.00023,0.00328,-0.00012,-0.00023,-0.00022,2e-05,2e-05,7e-05,-0.08186,-0.00039,0.00388,0.00074,0.0003,1e-05,-2e-05,0.00274,4e-05,0.00033,0.00034,-8e-05,0,0
53.6,0.00419,-0.00047,-0.00098,-7e-05,-1e-05,0,0.01222,0.00199,0.00144,0.00098,0.00109,0.00019,0.00017,0.00316,-7e-05,-0.0002,-0.00026,2e-05,2e-05,7e-05,-0.08359,-0.00055,0.00266,0.00066,0.00024,0,-2e-05,0.0047,5e-05,0.00025,0.00022,-7e-05,-0,0
53.62,0.00402,-0.00046,-0.00084,-7e-05,-1e-05,0,0.00934,0.00168,0.00125,0.00214,0.00071,0.00021,9e-05,0.00302,-3e-05,-0.00018,-0.00028,2e-05,2e-05,7e-05,-0.08374,-0.00074,0.00128,0.00058,0.00016,0,-1e-05,0.00643,6e-05,0.00018,0.00012,-5e-05,-0,0
53.64,0.00379,-0.00044,-0.00071,-7e-05,-2e-05,0,0.00724,0.00143,0.00099,0.0028,0.00036,0.00021,3e-05,0.00287,-0,-0.00015,-0.00029,2e-05,2e-05,6e-05,-0.08231,-0.00094,-0.00022,0.00049,5e-05,0,1e-05,0.00779,6e-05,0.00012,4e-05,-4e-05,-0,0
53.66,0.00351,-0.00041,-0.00058,-6e-05,-2e-05,0,0.00571,0.00129,0.00075,0.00317,0.0001,0.00019,-0,0.00271,3e-05,-0.00013,-0.00028,2e-05,1e-05,6e-05,-0.07941,-0.00112,-0.0017,0.00039,-6e-05,1e-05,2e-05,0.00872,7e-05,8e-05,-1e-05,-3e-05,-0,0
53.68,0.0032,-0.00038,-0.00046,-6e-05,-2e-05,0,0.00457,0.00123,0.00053,0.00331,-8e-05,0.00016,-2e-05,0.00253,5e-05,-0.00011,-0.00026,1e-05,1e-05,5e-05,-0.07523,-0.00124,-0.00302,0.00029,-0.00017,1e-05,3e-05,0.0092,6e-05,5e-05,-3e-05,-2e-05,-0,0
53.7,0.00287,-0.00035,-0.00037,-6e-05,-2e-05,0,0.00367,0.00112,0.00033,0.00311,-0.0002,0.00012,-4e-05,0.00235,7e-05,-9e-05,-0.00023,1e-05,0,4e-05,-0.07007,-0.00131,-0.0041,0.00019,-0.00027,2e-05,5e-05,0.00928,6e-05,3e-05,-4e-05,-1e-05,-0,0
53.72,0.00254,-0.00033,-0.0003,-6e-05,-2e-05,0,0.0029,0.00091,0.00017,0.00249,-0.00024,7e-05,-4e-05,0.00216,8e-05,-8e-05,-0.0002,1e-05,-0,3e-05,-0.06427,-0.00132,-0.00486,0.00012,-0.00035,2e-05,5e-05,0.00883,5e-05,2e-05,-4e-05,-1e-05,0,0
53.74,0.00218,-0.00031,-0.00025,-5e-05,-1e-05,0,0.00218,0.00068,5e-05,0.00183,-0.00022,4e-05,-5e-05,0.00197,8e-05,-7e-05,-0.00017,1e-05,-0,1e-05,-0.0581,-0.00125,-0.00523,7e-05,-0.00039,2e-05,5e-05,0.00808,3e-05,1e-05,-3e-05,-0,0,0
53.76,0.00181,-0.00029,-0.0002,-5e-05,-1e-05,0,0.0015,0.00049,-2e-05,0.00132,-0.00019,2e-05,-5e-05,0.00178,9e-05,-6e-05,-0.00014,1e-05,-1e-05,0,-0.05178,-0.00109,-0.00517,5e-05,-0.00042,2e-05,5e-05,0.00732,2e-05,0,-1e-05,-0,0,0
53.78,0.00143,-0.00026,-0.00015,-4e-05,-1e-05,0,0.00087,0.00031,-7e-05,0.00091,-0.00015,0,-5e-05,0.00159,8e-05,-5e-05,-0.00011,1e-05,-1e-05,-1e-05,-0.04556,-0.00086,-0.00474,5e-05,-0.00041,2e-05,5e-05,0.00655,1e-05,0,-0,-0,0,0
53.8,0.00105,-0.00023,-0.00011,-4e-05,-0,0,0.00033,0.00015,-9e-05,0.00059,-0.00012,0,-5e-05,0.00142,7e-05,-4e-05,-9e-05,0,-1e-05,-2e-05,-0.03967,-0.0006,-0.00396,7e-05,-0.00039,1e-05,4e-05,0.00581,0,-0,1e-05,0,0,0
53.82,0.0007,-0.0002,-8e-05,-3e-05,0,0,-9e-05,1e-05,-0.0001,0.00035,-0.00012,0,-4e-05,0.00125,6e-05,-4e-05,-7e-05,0,-1e-05,-2e-05,-0.03432,-0.00034,-0.00295,0.0001,-0.00035,1e-05,3e-05,0.00511,-1e-05,-0,1e-05,0,0,0
53.84,0.0004,-0.00015,-5e-05,-3e-05,0,0,-0.00039,-0.0001,-9e-05,0.00018,-0.00012,0,-4e-05,0.0011,4e-05,-3e-05,-6e-05,0,-1e-05,-2e-05,-0.02972,-9e-05,-0.00192,0.00013,-0.00031,1e-05,3e-05,0.00449,-2e-05,-1e-05,2e-05,0,0,0
53.86,0.00016,-0.00011,-3e-05,-2e-05,1e-05,0,-0.00055,-0.00019,-8e-05,7e-05,-0.00012,1e-05,-4e-05,0.00096,2e-05,-3e-05,-5e-05,0,-0,-2e-05,-0.02593,0.00013,-0.00098,0.00015,-0.00027,1e-05,2e-05,0.00395,-2e-05,-1e-05,2e-05,0,0,0
53.88,-3e-05,-6e-05,-2e-05,-2e-05,1e-05,-0,-0.0006,-0.00024,-6e-05,0,-0.00011,1e-05,-3e-05,0.00085,0,-3e-05,-5e-05,0,-0,-2e-05,-0.02291,0.00031,-0.00018,0.00017,-0.00023,0,1e-05,0.0035,-2e-05,-1e-05,2e-05,0,0,0
53.9,-0.00016,-1e-05,-1e-05,-1e-05,1e-05,-0,-0.00056,-0.00027,-3e-05,-4e-05,-0.0001,1e-05,-3e-05,0.00074,-2e-05,-3e-05,-5e-05,0,-0,-2e-05,-0.02055,0.00044,0.00045,0.00018,-0.00019,0,1e-05,0.00313,-2e-05,-2e-05,2e-05,0,0,0
53.92,-0.00024,3e-05,-0,-1e-05,1e-05,0,-0.00046,-0.00028,-1e-05,-6e-05,-9e-05,0,-2e-05,0.00065,-3e-05,-3e-05,-5e-05,0,-0,-2e-05,-0.01875,0.00053,0.00091,0.00017,-0.00015,0,0,0.00284,-2e-05,-2e-05,2e-05,0,0,0
53.94,-0.00028,5e-05,0,-1e-05,1e-05,0,-0.00033,-0.00027,1e-05,-6e-05,-7e-05,0,-2e-05,0.00057,-5e-05,-3e-05,-6e-05,0,-0,-2e-05,-0.01738,0.00057,0.00119,0.00016,-0.00012,-0,-0,0.00262,-1e-05,-2e-05,2e-05,0,0,0
53.96,-0.00029,7e-05,0,-1e-05,1e-05,0,-0.00018,-0.00024,3e-05,-6e-05,-5e-05,0,-1e-05,0.0005,-6e-05,-3e-05,-6e-05,0,-0,-1e-05,-0.01631,0.00058,0.00132,0.00014,-9e-05,-0,-0,0.00246,-1e-05,-2e-05,2e-05,0,0,0
53.98,-0.00027,7e-05,0,-0,1e-05,-0,-4e-05,-0.0002,5e-05,-4e-05,-3e-05,0,-1e-05,0.00043,-6e-05,-2e-05,-5e-05,0,-0,-1e-05,-0.01543,0.00056,0.0013,0.00012,-6e-05,-0,-1e-05,0.00233,-0,-3e-05,2e-05,0,0,0
54,-0.00025,7e-05,0,-0,1e-05,-0,9e-05,-0.00015,7e-05,-3e-05,-2e-05,0,-1e-05,0.00036,-7e-05,-2e-05,-5e-05,0,-0,-1e-05,-0.01465,0.00051,0.00115,8e-05,-4e-05,-0,-1e-05,0.00223,-0,-3e-05,2e-05,0,0,0
54.02,-0.00024,5e-05,-0,0,1e-05,-0,0.00018,-0.00011,8e-05,-1e-05,-0,0,-0,0.00029,-7e-05,-2e-05,-3e-05,0,-0,-1e-05,-0.0139,0.00044,0.0009,5e-05,-3e-05,-0,-1e-05,0.00214,0,-3e-05,2e-05,0,0,0
54.04,-0.00024,3e-05,-0,0,1e-05,-0,0.00025,-8e-05,8e-05,-1e-05,1e-05,0,-0,0.00023,-7e-05,-1e-05,-1e-05,0,-0,-1e-05,-0.01314,0.00036,0.00056,1e-05,-3e-05,-0,-1e-05,0.00206,0,-3e-05,2e-05,0,0,0
54.06,-0.00027,-0,-0,0,1e-05,-0,0.00028,-5e-05,6e-05,-0,1e-05,0,-0,0.00017,-6e-05,-1e-05,1e-05,1e-05,-0,-0,-0.01231,0.00026,0.00017,-3e-05,-3e-05,-0,-0,0.00197,0,-3e-05,2e-05,0,0,0
54.08,-0.00032,-3e-05,-0,1e-05,1e-05,-0,0.00026,-4e-05,4e-05,-1e-05,1e-05,0,0,0.0001,-6e-05,-0,4e-05,1e-05,-0,-0,-0.01141,0.00016,-0.00024,-7e-05,-4e-05,-0,-0,0.00186,0,-3e-05,2e-05,0,0,0
54.1,-0.00039,-6e-05,-0,1e-05,1e-05,-0,0.0002,-3e-05,-2e-05,-3e-05,1e-05,0,0,3e-05,-5e-05,0,8e-05,1e-05,-0,-0,-0.01045,6e-05,-0.00063,-0.0001,-5e-05,0,0,0.00174,0,-3e-05,2e-05,0,0,0
54.12,-0.00048,-8e-05,0,1e-05,1e-05,-0,0.0001,-4e-05,-9e-05,-7e-05,0,0,0,-4e-05,-5e-05,1e-05,0.00012,1e-05,-0,-0,-0.00943,-3e-05,-0.00095,-0.00013,-6e-05,0,0,0.00159,0,-3e-05,2e-05,0,0,0
54.14,-0.00058,-9e-05,0,1e-05,1e-05,-0,-7e-05,-6e-05,-0.0002,-0.00011,-1e-05,-0,0,-0.00011,-4e-05,1e-05,0.00016,1e-05,-0,-0,-0.00836,-0.0001,-0.00117,-0.00015,-6e-05,0,1e-05,0.00141,0,-3e-05,2e-05,0,0,0
54.16,-0.00069,-9e-05,0,1e-05,1e-05,-0,-0.00028,-9e-05,-0.00034,-0.00017,-2e-05,-0,-0,-0.00019,-3e-05,2e-05,0.00019,1e-05,-0,-0,-0.00722,-0.00014,-0.00127,-0.00016,-6e-05,0,1e-05,0.00121,0,-2e-05,1e-05,0,0,0
54.18,-0.00079,-8e-05,0,1e-05,1e-05,-0,-0.00056,-0.00013,-0.00052,-0.00024,-3e-05,-0,-0,-0.00026,-2e-05,2e-05,0.00022,1e-05,-0,-0,-0.00598,-0.00017,-0.00127,-0.00017,-5e-05,0,1e-05,0.00098,0,-2e-05,1e-05,0,0,-0
54.2,-0.0009,-7e-05,0,0,1e-05,-0,-0.00089,-0.00019,-0.00073,-0.00032,-5e-05,-0,-0,-0.00033,-1e-05,2e-05,0.00025,0,-0,-0,-0.00461,-0.00017,-0.00119,-0.00016,-5e-05,0,1e-05,0.00074,0,-1e-05,1e-05,0,-0,-0
54.22,-0.00099,-5e-05,-0,0,1e-05,-0,-0.00126,-0.00026,-0.00096,-0.00041,-5e-05,-0,-0,-0.00038,0,3e-05,0.00025,0,-0,-0,-0.00305,-0.00016,-0.00107,-0.00016,-4e-05,0,1e-05,0.00047,-0,-1e-05,1e-05,0,-0,-0
54.24,-0.00106,-3e-05,-0,-0,0,-0,-0.00166,-0.00034,-0.0012,-0.0005,-6e-05,-0,-0,-0.00042,2e-05,3e-05,0.00024,0,-0,-0,-0.00126,-0.00015,-0.00094,-0.00014,-4e-05,0,0,0.0002,-0,-1e-05,1e-05,0,-0,-0
54.26,-0.00111,-1e-05,-0,-0,0,0,-0.00206,-0.00042,-0.00142,-0.00058,-6e-05,-0,-1e-05,-0.00043,4e-05,3e-05,0.00021,-0,-0,-1e-05,0.00084,-0.00014,-0.00085,-0.00013,-5e-05,0,0,-0.0001,-0,-1e-05,1e-05,0,-0,-0
54.28,-0.00115,2e-05,-0,-1e-05,0,-0,-0.00241,-0.00051,-0.00162,-0.00067,-5e-05,-0,-1e-05,-0.00042,6e-05,3e-05,0.00015,-0,-0,-1e-05,0.00329,-0.00012,-0.00078,-0.00012,-7e-05,0,0,-0.00041,-0,-0,1e-05,0,-0,-0
54.3,-0.00118,3e-05,0,-1e-05,0,-0,-0.00265,-0.00056,-0.00165,-0.00066,-4e-05,0,-1e-05,-0.00038,9e-05,2e-05,6e-05,-0,-0,-1e-05,0.00614,-0.0001,-0.00073,-0.00011,-9e-05,0,0,-0.00075,-0,-0,1e-05,0,0,-0
54.32,-0.0012,5e-05,1e-05,-1e-05,0,-0,-0.00271,-0.00054,-0.00129,-0.00046,-1e-05,0,-1e-05,-0.00032,0.00012,2e-05,-5e-05,-0,-0,-1e-05,0.0094,-6e-05,-0.00069,-0.0001,-0.00012,0,0,-0.00113,-0,-1e-05,1e-05,0,0,-0
54.34,-0.00123,6e-05,2e-05,-1e-05,-0,0,-0.00257,-0.00047,-0.00083,-0.00023,2e-05,1e-05,-0,-0.00024,0.00015,3e-05,-0.00019,-1e-05,-0,-1e-05,0.0131,-1e-05,-0.00063,-9e-05,-0.00015,-0,0,-0.00155,-0,-1e-05,1e-05,0,0,0
54.36,-0.00127,7e-05,4e-05,-1e-05,-1e-05,-0,-0.00227,-0.00037,-0.00047,-8e-05,3e-05,2e-05,-0,-0.00014,0.00018,3e-05,-0.00036,-1e-05,-0,-1e-05,0.0173,6e-05,-0.00054,-8e-05,-0.00018,-0,0,-0.00203,-0,-1e-05,1e-05,0,0,0
54.38,-0.00134,8e-05,7e-05,-1e-05,-1e-05,-0,-0.00191,-0.00024,-0.00017,-0,3e-05,4e-05,-0,-3e-05,0.00021,3e-05,-0.00054,-1e-05,-0,-1e-05,0.022,0.00015,-0.00043,-7e-05,-0.0002,-0,0,-0.00257,-0,-2e-05,2e-05,0,0,0
54.4,-0.00144,9e-05,0.00012,-1e-05,-1e-05,-0,-0.00161,-0.00011,-2e-05,-1e-05,2e-05,6e-05,0,7e-05,0.00022,4e-05,-0.00074,-1e-05,-0,-1e-05,0.02721,0.00026,-0.0003,-5e-05,-0.00023,-0,0,-0.00316,-0,-3e-05,2e-05,0,0,0
54.42,-0.00155,0.0001,0.00017,-1e-05,-2e-05,0,-0.0015,-3e-05,0.0001,2e-05,0,0.0001,0,0.00016,0.00023,5e-05,-0.00093,-1e-05,-0,-2e-05,0.03284,0.00038,-0.00017,-3e-05,-0.00025,-0,-0,-0.00379,-0,-3e-05,3e-05,0,0,0
54.44,-0.00168,0.00011,0.00023,-2e-05,-2e-05,0,-0.00165,1e-05,0.00026,0.00014,0,0.00014,1e-05,0.00022,0.00023,6e-05,-0.00112,-1e-05,-0,-2e-05,0.03884,0.0005,-7e-05,0,-0.00026,-0,-0,-0.00445,-1e-05,-3e-05,3e-05,0,0,0
54.46,-0.0018,0.00012,0.00029,-2e-05,-2e-05,0,-0.0021,-0,0.00031,0.00022,1e-05,0.00017,1e-05,0.00024,0.00022,8e-05,-0.00128,-1e-05,-0,-2e-05,0.0451,0.00061,-3e-05,4e-05,-0.00027,-0,-1e-05,-0.00512,-2e-05,-3e-05,4e-05,0,0,0
54.48,-0.0019,0.00012,0.00033,-2e-05,-2e-05,0,-0.00279,-7e-05,0.00021,0.00023,1e-05,0.00018,1e-05,0.00022,0.00019,0.00011,-0.00141,-1e-05,-0,-3e-05,0.05148,0.00071,-0.0001,7e-05,-0.00028,-0,-1e-05,-0.00578,-3e-05,-3e-05,4e-05,0,0,0
54.5,-0.00195,0.00013,0.00037,-3e-05,-2e-05,0,-0.00363,-0.0002,-0.00017,5e-05,0,0.00017,2e-05,0.00014,0.00014,0.00014,-0.00148,-1e-05,-0,-3e-05,0.0577,0.00076,-0.00032,0.00011,-0.00029,-0,-1e-05,-0.00641,-4e-05,-3e-05,5e-05,0,0,0
54.52,-0.00192,0.00013,0.00042,-3e-05,-1e-05,0,-0.0046,-0.00033,-0.00062,-0.00026,-1e-05,0.00016,1e-05,1e-05,9e-05,0.00018,-0.00147,-1e-05,-0,-3e-05,0.06342,0.00078,-0.00071,0.00014,-0.0003,-0,-1e-05,-0.00697,-5e-05,-2e-05,6e-05,0,0,0
54.54,-0.0018,0.00013,0.00049,-2e-05,-1e-05,0,-0.00568,-0.00042,-0.00089,-0.00052,-1e-05,0.00014,1e-05,-0.00019,4e-05,0.00021,-0.00136,-1e-05,0,-4e-05,0.06844,0.00074,-0.00128,0.00016,-0.00032,-0,-0,-0.00745,-7e-05,-2e-05,7e-05,0,0,0
54.56,-0.00159,0.00013,0.00056,-2e-05,-1e-05,0,-0.00682,-0.00046,-0.00105,-0.00069,-0,0.00011,1e-05,-0.00045,-1e-05,0.00025,-0.00113,-1e-05,0,-4e-05,0.07265,0.00063,-0.00198,0.00017,-0.00034,0,0,-0.00784,-9e-05,-2e-05,7e-05,0,0,0
54.58,-0.00128,0.00013,0.00064,0,-0,0,-0.00805,-0.00046,-0.00107,-0.00077,0,8e-05,0,-0.00076,-6e-05,0.00027,-0.00078,-1e-05,0,-4e-05,0.07603,0.00049,-0.0027,0.00017,-0.00035,1e-05,1e-05,-0.00817,-0.00011,-1e-05,8e-05,0,0,0
54.6,-0.00091,0.00013,0.00072,2e-05,-0,0,-0.00932,-0.00037,-0.00099,-0.00056,1e-05,5e-05,-0,-0.00109,-8e-05,0.00028,-0.00032,-1e-05,0,-4e-05,0.07866,0.00034,-0.00336,0.00017,-0.00036,1e-05,2e-05,-0.00845,-0.00012,-1e-05,8e-05,0,0,0
54.62,-0.00051,0.00014,0.0008,2e-05,0,0,-0.01058,-0.00019,-0.00084,0.00021,1e-05,2e-05,-1e-05,-0.00142,-7e-05,0.00029,0.00023,-1e-05,0,-4e-05,0.08071,0.00023,-0.00394,0.00015,-0.00034,1e-05,3e-05,-0.00872,-0.00013,-1e-05,8e-05,0,0,0
54.64,-0.00012,0.00015,0.00087,0,0,0,-0.01183,-4e-05,-0.00065,0.00137,2e-05,-0,-2e-05,-0.0017,-4e-05,0.00027,0.0009,-1e-05,0,-4e-05,0.08222,0.0002,-0.00426,0.00014,-0.0003,1e-05,3e-05,-0.00901,-0.00013,-2e-05,8e-05,0,0,0
54.66,0.00023,0.00018,0.00091,-1e-05,0,-0,-0.01308,-6e-05,-0.00048,0.00266,2e-05,-1e-05,-2e-05,-0.00192,-3e-05,0.00022,0.00165,-1e-05,0,-3e-05,0.08329,0.00027,-0.00417,0.00012,-0.00024,1e-05,3e-05,-0.00936,-0.00013,-3e-05,7e-05,0,0,0
54.68,0.0005,0.00022,0.00093,-4e-05,1e-05,-0,-0.01435,-0.00027,-0.00033,0.004,2e-05,-2e-05,-3e-05,-0.00204,-7e-05,0.00015,0.00242,-1e-05,0,-3e-05,0.08406,0.00041,-0.00376,0.00012,-0.00015,1e-05,2e-05,-0.00943,-0.00011,-5e-05,5e-05,1e-05,-0,0
54.7,0.0007,0.00027,0.00092,-7e-05,1e-05,-0,-0.01564,-0.00062,-0.0002,0.00535,2e-05,-2e-05,-4e-05,-0.00205,-0.00018,8e-05,0.00318,-1e-05,0,-2e-05,0.08464,0.00059,-0.00306,0.00013,-6e-05,0,1e-05,-0.00914,-9e-05,-7e-05,3e-05,1e-05,-0,0
54.72,0.00078,0.00031,0.0009,-0.0001,0,-0,-0.01692,-0.00092,-8e-05,0.00665,3e-05,-1e-05,-3e-05,-0.00194,-0.00036,2e-05,0.00387,-1e-05,-0,-1e-05,0.08504,0.00077,-0.00223,0.00015,2e-05,0,1e-05,-0.00858,-8e-05,-9e-05,0,1e-05,-0,0
54.74,0.00075,0.00036,0.00085,-0.00013,0,0,-0.01805,-0.00112,4e-05,0.00753,4e-05,-1e-05,-3e-05,-0.00171,-0.0006,-2e-05,0.00439,-0,-0,-1e-05,0.08536,0.00091,-0.00152,0.0002,9e-05,-0,-0,-0.00768,-7e-05,-0.00012,-2e-05,1e-05,-0,0
54.76,0.00063,0.00039,0.00077,-0.00016,-0,0,-0.01892,-0.0012,0.00016,0.0078,4e-05,-1e-05,-2e-05,-0.0014,-0.00086,-2e-05,0.00471,-0,-0,0,0.08557,0.00099,-0.00103,0.00027,0.00013,0,-1e-05,-0.00638,-6e-05,-0.00014,-3e-05,1e-05,-0,-0
54.78,0.00044,0.00043,0.00068,-0.00018,-1e-05,0,-0.01935,-0.00104,0.00029,0.00749,4e-05,-1e-05,-1e-05,-0.00104,-0.00111,2e-05,0.00481,-0,-1e-05,1e-05,0.08557,0.00101,-0.00074,0.00037,0.00015,0,-1e-05,-0.00465,-5e-05,-0.00015,-3e-05,1e-05,0,-0
54.8,0.00022,0.00047,0.00058,-0.00019,-2e-05,-0,-0.01927,-0.00078,0.00042,0.00674,4e-05,-1e-05,-1e-05,-0.00066,-0.00128,9e-05,0.00468,0,-1e-05,1e-05,0.08524,0.00098,-0.00056,0.0005,0.00015,0,-1e-05,-0.00252,-4e-05,-0.00015,-1e-05,2e-05,1e-05,-0
54.82,2e-05,0.0005,0.00049,-0.00017,-2e-05,0,-0.01885,-0.0006,0.00051,0.00585,3e-05,-1e-05,-1e-05,-0.00029,-0.00133,0.00018,0.00436,0,-1e-05,1e-05,0.08459,0.00092,-0.0004,0.00066,0.00015,1e-05,-1e-05,-0.00014,-2e-05,-0.00014,4e-05,2e-05,2e-05,-0
54.84,-0.00015,0.00053,0.00039,-0.00015,-2e-05,0,-0.01809,-0.00043,0.00057,0.0049,2e-05,-1e-05,-1e-05,4e-05,-0.00127,0.00028,0.00389,0,-1e-05,2e-05,0.08364,0.00086,-0.00015,0.00084,0.00015,1e-05,-1e-05,0.0023,0,-0.00011,0.00012,2e-05,4e-05,-0
54.86,-0.00024,0.00056,0.0003,-0.00012,-3e-05,0,-0.01695,-0.00021,0.00062,0.00396,1e-05,-0,-1e-05,0.0003,-0.00113,0.00037,0.00335,1e-05,-1e-05,2e-05,0.08251,0.00082,0.00022,0.00104,0.00014,2e-05,-1e-05,0.00456,2e-05,-9e-05,0.00022,2e-05,5e-05,-0
54.88,-0.00026,0.00058,0.0002,-0.0001,-3e-05,-0,-0.01548,-1e-05,0.00066,0.00308,1e-05,1e-05,-1e-05,0.00049,-0.0009,0.00044,0.00277,1e-05,-0,1e-05,0.08131,0.00079,0.00073,0.00125,0.00014,2e-05,-1e-05,0.00647,4e-05,-6e-05,0.00033,2e-05,5e-05,-0
54.9,-0.00021,0.00059,0.00012,-7e-05,-2e-05,0,-0.01395,0.00011,0.00067,0.0023,0,2e-05,-0,0.00061,-0.00067,0.00047,0.00223,1e-05,0,1e-05,0.08013,0.00077,0.00131,0.00145,0.00014,2e-05,-1e-05,0.00795,5e-05,-4e-05,0.00045,2e-05,5e-05,-0
54.92,-0.0001,0.00058,4e-05,-5e-05,-2e-05,0,-0.01262,0.00011,0.00065,0.00165,-0,3e-05,-0,0.00065,-0.00048,0.00048,0.00176,1e-05,1e-05,1e-05,0.079,0.00076,0.00185,0.00161,0.00014,2e-05,-1e-05,0.00895,5e-05,-3e-05,0.00056,1e-05,5e-05,-0
54.94,5e-05,0.00055,-4e-05,-2e-05,-1e-05,0,-0.01136,9e-05,0.0006,0.00111,0,4e-05,-0,0.00061,-0.00032,0.00046,0.00137,1e-05,1e-05,1e-05,0.07787,0.00073,0.00231,0.00173,0.00014,2e-05,-1e-05,0.00947,4e-05,-2e-05,0.00065,1e-05,4e-05,-0
54.96,0.00023,0.00052,-0.00012,-0,-0,0,-0.01001,7e-05,0.00054,0.00067,1e-05,6e-05,-0,0.00049,-0.00016,0.00039,0.00106,2e-05,2e-05,1e-05,0.07663,0.0007,0.00264,0.00181,0.00014,2e-05,-1e-05,0.00954,3e-05,-2e-05,0.00073,0,3e-05,-0
54.98,0.00044,0.00049,-0.00021,1e-05,0,-0,-0.00861,3e-05,0.00048,0.00032,1e-05,7e-05,-0,0.00028,-2e-05,0.00029,0.00081,2e-05,2e-05,1e-05,0.07524,0.00066,0.00283,0.00185,0.00013,2e-05,-1e-05,0.00923,2e-05,-2e-05,0.00078,-0,2e-05,-0
55,0.00063,0.00044,-0.0003,2e-05,1e-05,-0,-0.00731,-3e-05,0.00041,6e-05,2e-05,8e-05,-0,-1e-05,8e-05,0.00016,0.00063,2e-05,2e-05,1e-05,0.07368,0.00061,0.00291,0.00185,0.00011,1e-05,-0,0.00863,1e-05,-2e-05,0.0008,-1e-05,1e-05,-0
55.02,0.00078,0.00038,-0.0004,3e-05,2e-05,-0,-0.00621,-8e-05,0.00033,-0.00012,3e-05,8e-05,-0,-0.00036,0.00014,3e-05,0.00051,2e-05,2e-05,1e-05,0.07197,0.00055,0.0029,0.00181,0.0001,0,-0,0.00783,-1e-05,-3e-05,0.0008,-2e-05,-0,0
55.04,0.00089,0.00032,-0.00049,4e-05,3e-05,0,-0.0052,-0.00012,0.00025,-0.00025,4e-05,9e-05,-0,-0.00078,0.00017,-0.0001,0.00042,2e-05,2e-05,2e-05,0.07006,0.00048,0.00283,0.00173,8e-05,-0,0,0.0069,-2e-05,-3e-05,0.00079,-2e-05,-1e-05,0
55.06,0.00099,0.00026,-0.00057,4e-05,3e-05,-0,-0.0042,-0.00017,0.00018,-0.00032,5e-05,9e-05,0,-0.00124,0.00018,-0.00023,0.00035,2e-05,1e-05,2e-05,0.06794,0.00042,0.00268,0.00162,6e-05,-1e-05,0,0.0059,-2e-05,-4e-05,0.00075,-2e-05,-2e-05,0
55.08,0.00106,0.00021,-0.00062,4e-05,4e-05,-0,-0.00326,-0.00021,0.00011,-0.00035,5e-05,9e-05,0,-0.00173,0.00016,-0.00032,0.00029,2e-05,2e-05,3e-05,0.06565,0.00036,0.00247,0.00148,3e-05,-1e-05,0,0.00488,-3e-05,-5e-05,0.0007,-2e-05,-3e-05,0
55.1,0.00111,0.00016,-0.00065,3e-05,4e-05,-0,-0.00244,-0.00025,5e-05,-0.00035,6e-05,9e-05,0,-0.00219,0.00012,-0.00039,0.00024,2e-05,2e-05,4e-05,0.06323,0.0003,0.00217,0.00133,1e-05,-2e-05,0,0.00387,-3e-05,-6e-05,0.00065,-2e-05,-4e-05,0
55.12,0.00113,0.00012,-0.00064,3e-05,4e-05,0,-0.00176,-0.00026,1e-05,-0.00033,6e-05,9e-05,1e-05,-0.00256,9e-05,-0.00047,0.0002,1e-05,3e-05,6e-05,0.06073,0.00023,0.00179,0.00117,-1e-05,-2e-05,1e-05,0.00289,-3e-05,-8e-05,0.00059,-1e-05,-4e-05,0
55.14,0.00115,9e-05,-0.0006,2e-05,3e-05,-0,-0.00119,-0.00027,-3e-05,-0.00031,6e-05,9e-05,1e-05,-0.00279,5e-05,-0.00053,0.00017,-0,4e-05,8e-05,0.05823,0.00016,0.00133,0.00102,-4e-05,-3e-05,1e-05,0.00197,-3e-05,-0.00011,0.00053,-1e-05,-4e-05,0
55.16,0.00118,6e-05,-0.00053,2e-05,3e-05,-0,-0.00071,-0.00026,-5e-05,-0.00028,5e-05,9e-05,1e-05,-0.00286,3e-05,-0.00055,0.00013,-1e-05,6e-05,0.0001,0.05568,0.0001,0.00078,0.00086,-6e-05,-3e-05,1e-05,0.00113,-2e-05,-0.00014,0.00047,-0,-4e-05,0
55.18,0.0012,4e-05,-0.00044,1e-05,2e-05,-0,-0.00034,-0.00025,-7e-05,-0.00026,5e-05,8e-05,1e-05,-0.00276,0,-0.00053,9e-05,-2e-05,9e-05,0.00012,0.05298,5e-05,0.0002,0.0007,-8e-05,-3e-05,1e-05,0.00038,-2e-05,-0.00017,0.00041,0,-4e-05,0
55.2,0.0012,2e-05,-0.00033,0,1e-05,0,-4e-05,-0.00024,-7e-05,-0.00024,4e-05,7e-05,2e-05,-0.00251,-1e-05,-0.00049,4e-05,-3e-05,0.00012,0.00014,0.04992,2e-05,-0.00036,0.00054,-0.0001,-3e-05,1e-05,-0.00027,-1e-05,-0.00018,0.00036,1e-05,-3e-05,0
55.22,0.00115,1e-05,-0.00023,-0,-0,-0,0.00018,-0.00022,-7e-05,-0.00022,4e-05,7e-05,2e-05,-0.00218,-3e-05,-0.00041,0,-3e-05,0.00016,0.00017,0.04633,0,-0.00081,0.0004,-0.00011,-3e-05,1e-05,-0.00081,-0,-0.00019,0.0003,1e-05,-2e-05,0
55.24,0.00105,0,-0.00014,-1e-05,-2e-05,-0,0.00034,-0.0002,-6e-05,-0.00022,3e-05,6e-05,2e-05,-0.00179,-6e-05,-0.00032,-4e-05,-2e-05,0.00019,0.00019,0.04207,-0,-0.00111,0.00026,-0.00011,-3e-05,0,-0.00122,0,-0.00017,0.00026,1e-05,-1e-05,0
55.26,0.00092,-0,-6e-05,-2e-05,-3e-05,-0,0.00046,-0.00018,-6e-05,-0.00022,3e-05,5e-05,3e-05,-0.0014,-9e-05,-0.00022,-7e-05,-1e-05,0.00021,0.00018,0.03709,0,-0.0012,0.00013,-0.00011,-2e-05,0,-0.00149,1e-05,-0.00013,0.00021,2e-05,-1e-05,0
55.28,0.00075,-1e-05,0,-2e-05,-4e-05,0,0.00055,-0.00015,-5e-05,-0.00024,2e-05,4e-05,3e-05,-0.00104,-0.00013,-0.00013,-9e-05,-1e-05,0.00021,0.00015,0.03144,2e-05,-0.0011,-1e-05,-0.0001,-2e-05,0,-0.0016,1e-05,-7e-05,0.00017,2e-05,0,-0
55.3,0.00056,-2e-05,4e-05,-2e-05,-5e-05,-0,0.00062,-0.00013,-4e-05,-0.00025,2e-05,3e-05,3e-05,-0.00073,-0.00017,-6e-05,-0.00011,-0,0.00019,0.00011,0.02534,3e-05,-0.00086,-0.00014,-8e-05,-2e-05,0,-0.00158,1e-05,-0,0.00014,2e-05,1e-05,-0
55.32,0.00035,-3e-05,6e-05,-3e-05,-7e-05,-0,0.00068,-0.00011,-3e-05,-0.00027,1e-05,3e-05,3e-05,-0.0005,-0.00021,-2e-05,-0.00012,5e-05,0.00016,4e-05,0.0191,5e-05,-0.00054,-0.00026,-7e-05,-1e-05,0,-0.00142,2e-05,6e-05,0.0001,2e-05,1e-05,-0
55.34,0.00015,-5e-05,7e-05,-3e-05,-7e-05,-0,0.00073,-0.0001,-2e-05,-0.00028,1e-05,2e-05,3e-05,-0.00034,-0.00025,0,-0.00012,7e-05,0.0001,-1e-05,0.01304,6e-05,-0.00023,-0.00038,-7e-05,-1e-05,0,-0.00116,2e-05,0.00011,7e-05,2e-05,1e-05,-0
55.36,-4e-05,-7e-05,6e-05,-4e-05,-8e-05,0,0.00077,-8e-05,-2e-05,-0.00029,1e-05,2e-05,3e-05,-0.00024,-0.00028,1e-05,-0.00012,5e-05,3e-05,-5e-05,0.00738,8e-05,2e-05,-0.00048,-6e-05,-1e-05,0,-0.00084,4e-05,0.00013,4e-05,1e-05,0,-0
55.38,-0.00019,-9e-05,4e-05,-4e-05,-9e-05,-0,0.0008,-7e-05,-1e-05,-0.0003,0,2e-05,3e-05,-0.0002,-0.00031,1e-05,-0.00011,1e-05,-5e-05,-6e-05,0.00231,0.0001,0.0002,-0.00058,-6e-05,-1e-05,0,-0.00048,5e-05,0.00012,1e-05,1e-05,-0,-0
55.4,-0.00031,-0.00012,1e-05,-4e-05,-0.0001,-0,0.00084,-5e-05,-1e-05,-0.0003,0,2e-05,3e-05,-0.00019,-0.00032,0,-9e-05,-2e-05,-0.00011,-7e-05,-0.00203,0.00012,0.0003,-0.00066,-6e-05,-1e-05,0,-0.00013,7e-05,0.00011,-2e-05,1e-05,-1e-05,0
55.42,-0.00037,-0.00015,-1e-05,-4e-05,-0.0001,-0,0.00087,-4e-05,-1e-05,-0.0003,0,1e-05,3e-05,-0.00017,-0.00032,1e-05,-8e-05,4e-05,-0.00014,-7e-05,-0.00548,0.00014,0.00037,-0.00072,-6e-05,-1e-05,0,0.0002,9e-05,9e-05,-4e-05,0,-2e-05,0
55.44,-0.00039,-0.00017,-4e-05,-4e-05,-0.0001,0,0.00089,-3e-05,-0,-0.0003,0,1e-05,3e-05,-0.00014,-0.00031,3e-05,-7e-05,0.0002,-0.00013,-8e-05,-0.008,0.00015,0.00042,-0.00076,-7e-05,-1e-05,0,0.00046,0.0001,7e-05,-6e-05,0,-2e-05,0
55.46,-0.00037,-0.00019,-6e-05,-4e-05,-0.00011,0,0.00091,-3e-05,-0,-0.00029,0,1e-05,3e-05,-9e-05,-0.00029,4e-05,-6e-05,0.00036,-0.00011,-8e-05,-0.0096,0.00016,0.00045,-0.00078,-7e-05,-1e-05,0,0.00065,0.00011,6e-05,-7e-05,1e-05,-2e-05,0
55.48,-0.00032,-0.00021,-7e-05,-4e-05,-0.00011,0,0.00093,-2e-05,-0,-0.00028,0,1e-05,2e-05,0,-0.00026,6e-05,-5e-05,0.00048,-7e-05,-7e-05,-0.01041,0.00016,0.00047,-0.00078,-7e-05,-1e-05,0,0.00076,0.00012,7e-05,-8e-05,1e-05,-3e-05,0
55.5,-0.00024,-0.00022,-8e-05,-4e-05,-0.00011,0,0.00093,-2e-05,-0,-0.00027,0,1e-05,2e-05,0.00012,-0.00023,6e-05,-4e-05,0.00052,-5e-05,-6e-05,-0.01062,0.00017,0.00044,-0.00075,-7e-05,-1e-05,0,0.00082,0.00011,8e-05,-9e-05,1e-05,-2e-05,0
55.52,-0.00016,-0.00022,-8e-05,-3e-05,-0.00011,0,0.00093,-1e-05,-0,-0.00025,0,1e-05,2e-05,0.00024,-0.00019,4e-05,-3e-05,0.00044,-4e-05,-5e-05,-0.01045,0.00016,0.00033,-0.00071,-7e-05,-1e-05,0,0.00085,0.00011,9e-05,-9e-05,2e-05,-2e-05,0
55.54,-8e-05,-0.00021,-8e-05,-3e-05,-0.0001,0,0.00092,-1e-05,-0,-0.00024,0,1e-05,2e-05,0.00037,-0.00015,2e-05,-3e-05,0.00033,-5e-05,-4e-05,-0.0101,0.00016,0.00012,-0.00066,-7e-05,-1e-05,0,0.00086,0.00011,0.0001,-9e-05,3e-05,-2e-05,0
55.56,-2e-05,-0.00019,-8e-05,-3e-05,-0.0001,0,0.00091,-1e-05,-0,-0.00022,0,1e-05,2e-05,0.0005,-0.00012,1e-05,-3e-05,0.00024,-4e-05,-2e-05,-0.00976,0.00016,-0.00016,-0.00061,-7e-05,-1e-05,0,0.00087,0.00011,0.0001,-8e-05,4e-05,-1e-05,0
55.58,3e-05,-0.00018,-7e-05,-2e-05,-9e-05,0,0.00088,-1e-05,-0,-0.00021,0,1e-05,1e-05,0.00062,-8e-05,-0,-3e-05,0.00016,-3e-05,-1e-05,-0.00956,0.00016,-0.00049,-0.00055,-7e-05,-1e-05,0,0.00089,0.0001,9e-05,-8e-05,5e-05,-1e-05,0
55.6,6e-05,-0.00015,-6e-05,-2e-05,-8e-05,0,0.00085,-0,-0,-0.00019,0,1e-05,1e-05,0.00073,-5e-05,-1e-05,-3e-05,0.0001,-2e-05,1e-05,-0.00959,0.00016,-0.00079,-0.0005,-7e-05,-1e-05,0,0.00093,0.0001,7e-05,-7e-05,6e-05,-1e-05,0
55.62,7e-05,-0.00013,-6e-05,-2e-05,-7e-05,0,0.0008,-0,-1e-05,-0.00018,0,0,1e-05,0.00085,-1e-05,-1e-05,-4e-05,6e-05,-1e-05,2e-05,-0.00994,0.00016,-0.00101,-0.00046,-8e-05,-1e-05,0,0.00098,0.0001,4e-05,-7e-05,7e-05,-1e-05,-0
55.64,6e-05,-0.0001,-5e-05,-2e-05,-6e-05,0,0.00075,-0,-1e-05,-0.00016,0,0,1e-05,0.00096,1e-05,-2e-05,-4e-05,3e-05,1e-05,4e-05,-0.0106,0.00015,-0.00107,-0.00043,-7e-05,-1e-05,0,0.00104,0.0001,1e-05,-7e-05,7e-05,-1e-05,-0
55.66,5e-05,-8e-05,-4e-05,-1e-05,-5e-05,0,0.00069,-0,-1e-05,-0.00015,0,0,0,0.00105,4e-05,-2e-05,-4e-05,1e-05,2e-05,5e-05,-0.01156,0.00013,-0.00096,-0.00042,-7e-05,-1e-05,0,0.00111,0.0001,-2e-05,-7e-05,7e-05,-1e-05,-0
55.68,3e-05,-6e-05,-4e-05,-1e-05,-4e-05,0,0.00063,-0,-1e-05,-0.00013,0,-0,0,0.00112,5e-05,-2e-05,-4e-05,0,3e-05,6e-05,-0.01274,0.00011,-0.00068,-0.00042,-6e-05,-1e-05,0,0.00118,0.0001,-5e-05,-7e-05,7e-05,-0,0
55.7,1e-05,-4e-05,-4e-05,-1e-05,-3e-05,0,0.00056,0,-1e-05,-0.00012,0,-0,-0,0.00114,6e-05,-2e-05,-4e-05,-1e-05,4e-05,6e-05,-0.01399,8e-05,-0.00029,-0.00043,-4e-05,-1e-05,0,0.00124,0.0001,-8e-05,-8e-05,6e-05,-0,0
55.72,-1e-05,-2e-05,-4e-05,-1e-05,-2e-05,0,0.00049,0,-1e-05,-0.0001,0,-0,-0,0.0011,6e-05,-0,-4e-05,-1e-05,5e-05,7e-05,-0.01518,5e-05,0.00016,-0.00045,-3e-05,-0,0,0.00128,9e-05,-9e-05,-9e-05,6e-05,-0,0
55.74,-3e-05,-1e-05,-4e-05,-1e-05,-1e-05,0,0.00043,0,-1e-05,-8e-05,0,-0,-1e-05,0.00098,4e-05,1e-05,-4e-05,-2e-05,5e-05,6e-05,-0.01617,3e-05,0.00057,-0.00047,-1e-05,0,-0,0.0013,8e-05,-9e-05,-0.0001,5e-05,-0,0
55.76,-4e-05,0,-3e-05,-1e-05,-1e-05,0,0.00037,0,-1e-05,-7e-05,0,-1e-05,-1e-05,0.00077,2e-05,2e-05,-3e-05,-2e-05,4e-05,4e-05,-0.01688,1e-05,0.00092,-0.0005,0,1e-05,-0,0.0013,7e-05,-7e-05,-0.00011,4e-05,-0,0
55.78,-5e-05,1e-05,-3e-05,-1e-05,-1e-05,0,0.00032,-0,-1e-05,-5e-05,0,-1e-05,-1e-05,0.00051,-1e-05,1e-05,-2e-05,-2e-05,3e-05,2e-05,-0.01729,-0,0.00116,-0.00052,1e-05,1e-05,-0,0.00127,5e-05,-3e-05,-0.00011,4e-05,0,-0
55.8,-5e-05,1e-05,-3e-05,-1e-05,-0,0,0.00028,-0,-1e-05,-4e-05,0,-1e-05,-1e-05,0.00023,-4e-05,-2e-05,-1e-05,-2e-05,1e-05,-1e-05,-0.01742,-1e-05,0.0013,-0.00054,2e-05,1e-05,-0,0.00123,4e-05,1e-05,-0.00012,4e-05,0,-0
55.82,-5e-05,2e-05,-3e-05,-1e-05,0,0,0.00024,-0,-1e-05,-3e-05,0,-1e-05,-1e-05,-5e-05,-7e-05,-4e-05,0,-2e-05,-0,-4e-05,-0.01731,-1e-05,0.00132,-0.00055,3e-05,1e-05,-0,0.00117,2e-05,8e-05,-0.00012,3e-05,1e-05,-0
55.84,-4e-05,2e-05,-3e-05,-1e-05,0,0,0.00022,-0,-1e-05,-2e-05,0,-1e-05,-1e-05,-0.00026,-9e-05,-2e-05,1e-05,-2e-05,-1e-05,-5e-05,-0.017,-1e-05,0.00125,-0.00055,3e-05,1e-05,-0,0.00111,-0,0.00015,-0.00012,3e-05,1e-05,-0
55.86,-4e-05,2e-05,-3e-05,-1e-05,0,-0,0.0002,-0,-1e-05,-1e-05,0,-1e-05,-1e-05,-0.00041,-0.0001,0,2e-05,-2e-05,-2e-05,-5e-05,-0.01652,-1e-05,0.00109,-0.00055,3e-05,1e-05,-0,0.00105,-2e-05,0.00023,-0.00012,3e-05,2e-05,-0
55.88,-3e-05,2e-05,-3e-05,-1e-05,0,-0,0.0002,-0,-2e-05,-0,0,-0,-1e-05,-0.00049,-0.0001,3e-05,3e-05,-2e-05,-2e-05,-5e-05,-0.0159,-0,0.00086,-0.00053,3e-05,1e-05,-0,0.00098,-4e-05,0.0003,-0.00011,3e-05,2e-05,-0
55.9,-2e-05,2e-05,-3e-05,-1e-05,0,-0,0.0002,-0,-2e-05,0,0,-0,-1e-05,-0.0005,-0.0001,5e-05,4e-05,-1e-05,-2e-05,-4e-05,-0.01517,0,0.0006,-0.00051,3e-05,1e-05,-0,0.00091,-5e-05,0.00037,-0.0001,3e-05,3e-05,-0
55.92,-0,1e-05,-3e-05,-1e-05,0,0,0.0002,-0,-2e-05,0,0,-0,-1e-05,-0.00046,-9e-05,5e-05,5e-05,-1e-05,-2e-05,-4e-05,-0.01433,1e-05,0.00033,-0.00047,2e-05,1e-05,-0,0.00085,-7e-05,0.00042,-9e-05,3e-05,3e-05,-0
55.94,1e-05,1e-05,-2e-05,-1e-05,0,-0,0.00021,-0,-2e-05,0,0,-0,-1e-05,-0.00039,-8e-05,4e-05,5e-05,-1e-05,-2e-05,-4e-05,-0.01341,1e-05,8e-05,-0.00043,2e-05,0,-0,0.00078,-8e-05,0.00045,-8e-05,3e-05,3e-05,-0
55.96,3e-05,1e-05,-2e-05,-0,0,-0,0.00022,-0,-2e-05,-0,0,-0,-1e-05,-0.00029,-6e-05,3e-05,5e-05,-1e-05,-2e-05,-3e-05,-0.01242,1e-05,-0.00013,-0.00038,2e-05,0,-0,0.00071,-8e-05,0.00046,-7e-05,2e-05,3e-05,-0
55.98,5e-05,1e-05,-2e-05,-0,-0,-0,0.00022,-0,-2e-05,-1e-05,0,-0,-1e-05,-0.00018,-4e-05,2e-05,4e-05,-0,-1e-05,-2e-05,-0.01141,2e-05,-0.00028,-0.00033,1e-05,0,0,0.00064,-8e-05,0.00044,-5e-05,2e-05,3e-05,-0
56,7e-05,0,-2e-05,-0,-0,0,0.00023,0,-2e-05,-1e-05,0,-0,-0,-4e-05,-3e-05,1e-05,4e-05,0,-1e-05,-2e-05,-0.01044,1e-05,-0.00036,-0.00028,1e-05,0,0,0.00057,-7e-05,0.00041,-4e-05,2e-05,3e-05,-0
56.02,8e-05,0,-2e-05,-0,-1e-05,-0,0.00022,0,-1e-05,-1e-05,0,-0,-0,0.00012,-1e-05,1e-05,3e-05,1e-05,-1e-05,-1e-05,-0.00957,1e-05,-0.00036,-0.00024,1e-05,-0,0,0.00051,-7e-05,0.00037,-3e-05,2e-05,2e-05,-0
56.04,0.0001,-0,-2e-05,-0,-1e-05,-0,0.00021,0,-1e-05,-2e-05,0,-0,-0,0.00032,1e-05,-0,1e-05,2e-05,-1e-05,-0,-0.00886,1e-05,-0.00027,-0.00022,1e-05,0,0,0.00046,-6e-05,0.00032,-3e-05,2e-05,2e-05,-0
56.06,0.00011,-0,-2e-05,-0,-1e-05,-0,0.0002,0,-1e-05,-2e-05,0,-0,0,0.00056,2e-05,-1e-05,-1e-05,3e-05,-1e-05,1e-05,-0.00834,1e-05,-0.0001,-0.00021,1e-05,0,-0,0.00041,-5e-05,0.00029,-2e-05,2e-05,2e-05,-0
56.08,0.00011,-1e-05,-2e-05,-0,-2e-05,0,0.00018,0,-1e-05,-2e-05,0,-0,0,0.00084,4e-05,-2e-05,-3e-05,5e-05,-1e-05,1e-05,-0.00805,0,0.00014,-0.00021,2e-05,0,-0,0.00038,-4e-05,0.00025,-2e-05,2e-05,2e-05,-0
56.1,0.00011,-1e-05,-2e-05,-0,-2e-05,0,0.00015,0,-1e-05,-3e-05,0,-0,0,0.00117,5e-05,-3e-05,-5e-05,8e-05,-2e-05,2e-05,-0.00799,-0,0.00046,-0.00022,3e-05,1e-05,-0,0.00036,-3e-05,0.00022,-2e-05,2e-05,2e-05,-0
56.12,0.00011,-1e-05,-2e-05,-0,-2e-05,0,0.00013,0,-1e-05,-3e-05,0,0,1e-05,0.00153,7e-05,-4e-05,-8e-05,0.00011,-2e-05,3e-05,-0.00813,-1e-05,0.00081,-0.00024,4e-05,1e-05,-0,0.00034,-2e-05,0.00019,-2e-05,2e-05,2e-05,-0
56.14,0.0001,-2e-05,-2e-05,-0,-2e-05,0,0.0001,0,-1e-05,-4e-05,0,0,1e-05,0.00191,8e-05,-5e-05,-0.00011,0.00016,-3e-05,4e-05,-0.00847,-1e-05,0.00118,-0.00025,5e-05,1e-05,-0,0.00034,-1e-05,0.00017,-3e-05,2e-05,2e-05,-0
56.16,9e-05,-2e-05,-2e-05,-0,-2e-05,0,8e-05,0,-1e-05,-4e-05,0,0,1e-05,0.00228,9e-05,-6e-05,-0.00013,0.00021,-3e-05,5e-05,-0.00897,-2e-05,0.00154,-0.00026,5e-05,2e-05,-0,0.00035,-1e-05,0.00015,-3e-05,2e-05,1e-05,-0
56.18,7e-05,-2e-05,-2e-05,-0,-2e-05,0,6e-05,0,-1e-05,-5e-05,0,0,1e-05,0.0026,9e-05,-6e-05,-0.00015,0.00025,-4e-05,5e-05,-0.00957,-2e-05,0.00183,-0.00027,6e-05,2e-05,-0,0.00036,-0,0.00013,-3e-05,2e-05,1e-05,-0
56.2,6e-05,-2e-05,-2e-05,-0,-2e-05,0,5e-05,0,-1e-05,-6e-05,0,0,1e-05,0.00283,9e-05,-5e-05,-0.00017,0.00029,-4e-05,6e-05,-0.01018,-2e-05,0.00201,-0.00027,6e-05,2e-05,-0,0.00038,0,0.00011,-4e-05,2e-05,1e-05,-0
56.22,4e-05,-3e-05,-1e-05,-0,-2e-05,0,4e-05,0,-1e-05,-7e-05,0,-0,1e-05,0.00293,9e-05,2e-05,-0.00017,0.00034,-4e-05,6e-05,-0.01072,-2e-05,0.00202,-0.00027,6e-05,2e-05,-0,0.00039,1e-05,9e-05,-4e-05,2e-05,1e-05,-0
56.24,3e-05,-3e-05,-1e-05,-0,-2e-05,0,4e-05,0,-1e-05,-8e-05,0,-0,1e-05,0.00287,7e-05,0.00011,-0.00017,0.00036,-3e-05,6e-05,-0.01112,-1e-05,0.00184,-0.00026,6e-05,2e-05,-0,0.00041,1e-05,8e-05,-4e-05,2e-05,0,-0
56.26,1e-05,-3e-05,-1e-05,-0,-2e-05,0,4e-05,0,-1e-05,-9e-05,0,-0,1e-05,0.00265,5e-05,0.00018,-0.00015,0.00034,-3e-05,5e-05,-0.01135,-1e-05,0.00146,-0.00025,4e-05,2e-05,-0,0.00042,1e-05,7e-05,-4e-05,2e-05,-0,0
56.28,0,-3e-05,-0,-0,-1e-05,0,4e-05,0,-1e-05,-9e-05,-0,-0,1e-05,0.00229,3e-05,0.00023,-0.00014,0.00029,-2e-05,3e-05,-0.01141,-0,0.00094,-0.00025,3e-05,1e-05,-0,0.00042,1e-05,6e-05,-4e-05,2e-05,-1e-05,0
56.3,-1e-05,-4e-05,-0,0,-1e-05,0,5e-05,0,-2e-05,-0.0001,-0,-0,1e-05,0.00187,1e-05,0.00022,-0.00012,0.00022,-1e-05,1e-05,-0.01133,0,0.00034,-0.00025,1e-05,0,-0,0.00043,1e-05,5e-05,-5e-05,2e-05,-1e-05,0
56.32,-1e-05,-4e-05,0,0,-1e-05,0,5e-05,0,-2e-05,-9e-05,-0,-0,1e-05,0.00144,-0,0.00014,-0.0001,0.00013,-1e-05,-0,-0.01115,1e-05,-0.00028,-0.00026,-1e-05,-0,0,0.00043,1e-05,3e-05,-5e-05,2e-05,-2e-05,0
56.34,-2e-05,-4e-05,0,0,-1e-05,-0,6e-05,1e-05,-1e-05,-9e-05,-0,-0,0,0.00106,-1e-05,8e-05,-9e-05,6e-05,-1e-05,-1e-05,-0.01095,1e-05,-0.00086,-0.00027,-3e-05,-1e-05,0,0.00043,1e-05,2e-05,-5e-05,1e-05,-3e-05,0
56.36,-2e-05,-4e-05,0,0,-1e-05,-0,6e-05,1e-05,-1e-05,-7e-05,-0,-0,0,0.00072,-1e-05,5e-05,-6e-05,3e-05,-1e-05,-1e-05,-0.01079,2e-05,-0.00134,-0.00029,-4e-05,-2e-05,0,0.00043,2e-05,2e-05,-5e-05,1e-05,-3e-05,0
56.38,-2e-05,-4e-05,0,0,-1e-05,-0,5e-05,1e-05,-1e-05,-5e-05,-0,-0,-0,0.0004,-0,3e-05,-4e-05,0,-0,-1e-05,-0.01072,2e-05,-0.00171,-0.00033,-6e-05,-2e-05,0,0.00044,2e-05,1e-05,-5e-05,1e-05,-3e-05,0
56.4,-2e-05,-3e-05,0,0,-1e-05,-0,5e-05,1e-05,-0,-3e-05,-0,-0,-0,6e-05,0,2e-05,-2e-05,-1e-05,1e-05,-0,-0.01084,3e-05,-0.00193,-0.00037,-6e-05,-2e-05,1e-05,0.00045,2e-05,1e-05,-5e-05,1e-05,-3e-05,0
56.42,-2e-05,-2e-05,-0,0,-1e-05,-0,4e-05,1e-05,0,0,0,0,-1e-05,-0.00037,-0,1e-05,1e-05,-4e-05,3e-05,-0,-0.01119,3e-05,-0.00202,-0.00043,-6e-05,-3e-05,1e-05,0.00047,2e-05,1e-05,-6e-05,0,-3e-05,0
56.44,-2e-05,-1e-05,-0,0,-1e-05,-0,4e-05,1e-05,1e-05,3e-05,0,0,-1e-05,-0.00092,-1e-05,-5e-05,3e-05,-7e-05,5e-05,-1e-05,-0.01184,4e-05,-0.00197,-0.0005,-6e-05,-3e-05,0,0.0005,2e-05,3e-05,-6e-05,0,-3e-05,0
56.46,-2e-05,-0,-0,0,-1e-05,-0,5e-05,1e-05,2e-05,7e-05,0,0,-2e-05,-0.00162,-3e-05,-0.00019,5e-05,-0.00011,8e-05,-2e-05,-0.01283,4e-05,-0.00177,-0.00058,-5e-05,-3e-05,0,0.00055,2e-05,5e-05,-7e-05,-0,-2e-05,0
56.48,-2e-05,1e-05,0,0,-0,-0,6e-05,1e-05,3e-05,0.00011,0,1e-05,-2e-05,-0.00245,-5e-05,-0.00045,8e-05,-0.00016,0.00011,-4e-05,-0.01414,4e-05,-0.00145,-0.00068,-4e-05,-2e-05,0,0.00062,3e-05,8e-05,-8e-05,-1e-05,-2e-05,0
56.5,-2e-05,2e-05,1e-05,0,0,-0,8e-05,2e-05,4e-05,0.00015,0,1e-05,-3e-05,-0.00335,-7e-05,-0.00078,0.0001,-0.00019,0.00014,-6e-05,-0.01576,4e-05,-0.00102,-0.00079,-3e-05,-2e-05,0,0.00071,3e-05,0.00012,-0.0001,-1e-05,-1e-05,0
56.52,-2e-05,4e-05,2e-05,0,1e-05,-0,0.00011,2e-05,4e-05,0.00019,0,1e-05,-3e-05,-0.00422,-0.00014,-0.00085,0.00012,-0.00015,0.00017,-7e-05,-0.01762,5e-05,-0.0005,-0.00091,-1e-05,-1e-05,0,0.00083,3e-05,0.00016,-0.00012,-2e-05,-0,0
56.54,-2e-05,5e-05,4e-05,0,1e-05,-0,0.00016,2e-05,5e-05,0.00023,0,1e-05,-3e-05,-0.00501,-0.00026,-0.00068,0.00015,-7e-05,0.00018,-7e-05,-0.01962,5e-05,0.0001,-0.00103,1e-05,-1e-05,0,0.00096,3e-05,0.0002,-0.00014,-2e-05,0,-0
56.56,-1e-05,7e-05,7e-05,0,2e-05,-0,0.00023,2e-05,6e-05,0.00026,0,1e-05,-3e-05,-0.00572,-0.00041,-0.00044,0.00017,-1e-05,0.00018,-7e-05,-0.02168,6e-05,0.00074,-0.00116,2e-05,-0,-0,0.00111,3e-05,0.00024,-0.00016,-3e-05,1e-05,-0
56.58,-1e-05,8e-05,0.00012,0,2e-05,-0,0.00032,2e-05,6e-05,0.00027,1e-05,2e-05,-3e-05,-0.00633,-0.00062,-0.00011,0.00019,5e-05,0.00016,-6e-05,-0.02365,5e-05,0.00137,-0.00127,4e-05,1e-05,-0,0.00128,3e-05,0.00027,-0.00019,-4e-05,2e-05,-0
56.6,-1e-05,9e-05,0.00019,0,3e-05,0,0.00044,1e-05,6e-05,0.00026,1e-05,2e-05,-3e-05,-0.00684,-0.00084,0.00028,0.00022,7e-05,0.00013,-4e-05,-0.02536,5e-05,0.00196,-0.00136,6e-05,1e-05,-0,0.00145,4e-05,0.00029,-0.00021,-4e-05,3e-05,-0
56.62,-1e-05,9e-05,0.00029,0,3e-05,0,0.0006,1e-05,6e-05,0.00021,1e-05,2e-05,-3e-05,-0.00722,-0.00104,0.00071,0.00025,4e-05,8e-05,-4e-05,-0.0266,4e-05,0.00241,-0.0014,7e-05,2e-05,-0,0.00161,4e-05,0.0003,-0.00022,-5e-05,4e-05,-0
56.64,-2e-05,8e-05,0.0004,-0,2e-05,0,0.00081,1e-05,6e-05,0.00012,1e-05,2e-05,-2e-05,-0.00748,-0.00119,0.00109,0.00029,1e-05,4e-05,-4e-05,-0.02723,3e-05,0.00269,-0.00139,7e-05,2e-05,-0,0.00175,3e-05,0.0003,-0.00023,-5e-05,5e-05,-0
56.66,-3e-05,7e-05,0.00053,-1e-05,2e-05,0,0.00107,0,6e-05,-1e-05,1e-05,1e-05,-2e-05,-0.00765,-0.00128,0.00136,0.00033,-1e-05,1e-05,-4e-05,-0.02716,2e-05,0.00278,-0.00132,8e-05,3e-05,-0,0.00186,3e-05,0.0003,-0.00023,-6e-05,6e-05,-0
56.68,-5e-05,5e-05,0.00067,-1e-05,1e-05,0,0.0014,0,6e-05,-0.0002,1e-05,1e-05,-1e-05,-0.0077,-0.0013,0.00152,0.00038,-2e-05,-1e-05,-3e-05,-0.0264,1e-05,0.00267,-0.00119,7e-05,3e-05,-0,0.00193,3e-05,0.00027,-0.00021,-7e-05,6e-05,-0
56.7,-6e-05,3e-05,0.00081,-2e-05,-0,0,0.0018,0,5e-05,-0.00045,1e-05,1e-05,-1e-05,-0.00765,-0.00126,0.00154,0.00044,-2e-05,-2e-05,-3e-05,-0.02502,1e-05,0.00238,-0.001,6e-05,2e-05,-0,0.00197,2e-05,0.00024,-0.00019,-7e-05,6e-05,-0
56.72,-5e-05,1e-05,0.00096,-3e-05,-2e-05,0,0.00227,1e-05,4e-05,-0.00074,1e-05,1e-05,-1e-05,-0.00757,-0.00115,0.00146,0.00049,-1e-05,-3e-05,-3e-05,-0.02316,1e-05,0.00194,-0.00077,4e-05,2e-05,-0,0.00196,2e-05,0.00019,-0.00015,-8e-05,6e-05,-0
56.74,-2e-05,-1e-05,0.0011,-5e-05,-3e-05,0,0.00281,1e-05,3e-05,-0.00109,1e-05,0,-0,-0.00737,-0.00099,0.00132,0.00055,-1e-05,-3e-05,-2e-05,-0.02098,2e-05,0.00138,-0.00053,2e-05,2e-05,-0,0.00191,2e-05,0.00012,-0.00011,-8e-05,6e-05,-0
56.76,4e-05,-3e-05,0.00122,-7e-05,-5e-05,0,0.00338,3e-05,2e-05,-0.00147,1e-05,0,-0,-0.00701,-0.00082,0.00114,0.00061,-0,-2e-05,-2e-05,-0.01864,4e-05,0.00076,-0.00027,-0,1e-05,-0,0.00184,3e-05,5e-05,-7e-05,-8e-05,5e-05,-0
56.78,0.00014,-5e-05,0.00129,-9e-05,-7e-05,0,0.00392,4e-05,1e-05,-0.00188,1e-05,-0,0,-0.00653,-0.00063,0.00093,0.00067,0,-2e-05,-1e-05,-0.01631,6e-05,0.00012,-4e-05,-2e-05,0,0,0.00175,4e-05,-3e-05,-3e-05,-8e-05,4e-05,-0
56.8,0.00026,-9e-05,0.00133,-0.00013,-9e-05,0,0.00443,6e-05,-0,-0.00228,1e-05,-0,1e-05,-0.00596,-0.00046,0.00073,0.00071,0,-1e-05,-0,-0.01421,9e-05,-0.00047,0.00016,-4e-05,-0,0,0.00166,5e-05,-0.00011,2e-05,-8e-05,3e-05,-0
56.82,0.0004,-0.00014,0.00131,-0.00018,-0.00011,-0,0.00495,8e-05,-1e-05,-0.00263,0,-0,1e-05,-0.00532,-0.00034,0.00055,0.00073,1e-05,-1e-05,0,-0.01256,0.00012,-0.00094,0.0003,-6e-05,-1e-05,0,0.00158,6e-05,-0.00018,5e-05,-7e-05,1e-05,-0
56.84,0.00054,-0.0002,0.00123,-0.00024,-0.00014,-0,0.00535,0.0001,-1e-05,-0.0029,0,-0,3e-05,-0.00466,-0.00025,0.00039,0.00072,1e-05,-1e-05,1e-05,-0.01155,0.00015,-0.00123,0.00036,-6e-05,-1e-05,0,0.00153,8e-05,-0.00022,8e-05,-7e-05,0,0
56.86,0.00068,-0.00027,0.00104,-0.0003,-0.00018,-0,0.00552,0.00011,-1e-05,-0.00309,0,-0,4e-05,-0.004,-0.00016,0.00026,0.00068,1e-05,-0,1e-05,-0.01128,0.00017,-0.00131,0.00035,-6e-05,-1e-05,0,0.00151,9e-05,-0.00025,0.0001,-6e-05,-1e-05,0
56.88,0.00082,-0.00035,0.00077,-0.00036,-0.00021,-0,0.00551,0.00011,-1e-05,-0.00317,0,-0,5e-05,-0.00335,-9e-05,0.00015,0.00062,1e-05,0,2e-05,-0.01179,0.00019,-0.00115,0.00027,-5e-05,-1e-05,0,0.00154,0.00011,-0.00024,0.00011,-6e-05,-1e-05,0
56.9,0.00092,-0.00043,0.00041,-0.00043,-0.00025,-0,0.00531,0.00011,-1e-05,-0.00313,0,0,6e-05,-0.00278,-5e-05,7e-05,0.00054,1e-05,0,2e-05,-0.01307,0.0002,-0.00074,0.00014,-3e-05,-0,0,0.0016,0.00012,-0.00021,0.00011,-5e-05,-1e-05,0
56.92,0.00093,-0.00049,-0,-0.00048,-0.0003,-0,0.00492,9e-05,-2e-05,-0.00299,0,1e-05,6e-05,-0.00231,-2e-05,2e-05,0.00045,1e-05,1e-05,2e-05,-0.01505,0.00018,-0.0001,-1e-05,0,1e-05,-0,0.0017,0.00013,-0.00014,0.00011,-5e-05,-0,0
56.94,0.00086,-0.00055,-0.00043,-0.00052,-0.00034,-0,0.00443,8e-05,-2e-05,-0.00273,0,2e-05,7e-05,-0.00193,-1e-05,-1e-05,0.00036,1e-05,1e-05,2e-05,-0.01768,0.00015,0.00072,-0.00016,5e-05,1e-05,-0,0.00183,0.00013,-5e-05,0.0001,-5e-05,1e-05,-0
56.96,0.00074,-0.00059,-0.00085,-0.00054,-0.00037,-0,0.0039,6e-05,-2e-05,-0.00237,0,4e-05,7e-05,-0.00162,0,-2e-05,0.00028,0,2e-05,2e-05,-0.02095,0.00012,0.00167,-0.0003,0.0001,2e-05,-1e-05,0.00198,0.00014,6e-05,0.0001,-6e-05,3e-05,-0
56.98,0.00057,-0.00062,-0.00121,-0.00053,-0.00039,-0,0.00335,4e-05,-3e-05,-0.00191,0,6e-05,7e-05,-0.00139,0,-2e-05,0.00021,0,2e-05,1e-05,-0.02484,9e-05,0.00269,-0.00042,0.00015,4e-05,-1e-05,0.00215,0.00014,0.00018,0.0001,-7e-05,5e-05,-0
57,0.00035,-0.00063,-0.00149,-0.00048,-0.0004,0,0.00279,2e-05,-2e-05,-0.00141,0,8e-05,7e-05,-0.00123,-0,-2e-05,0.00017,0,3e-05,1e-05,-0.02933,5e-05,0.00368,-0.0005,0.00021,4e-05,-1e-05,0.00234,0.00014,0.00028,9e-05,-8e-05,7e-05,-1e-05
57.02,8e-05,-0.00061,-0.00167,-0.00041,-0.00038,-0,0.00224,1e-05,-2e-05,-0.0009,0,0.00011,6e-05,-0.00115,-0,-0,0.00015,0,3e-05,1e-05,-0.03436,2e-05,0.00448,-0.00055,0.00028,5e-05,-2e-05,0.00251,0.00013,0.00036,9e-05,-0.0001,9e-05,-1e-05
57.04,-0.0002,-0.00058,-0.00172,-0.00032,-0.00035,-0,0.00175,0,-0,-0.00035,0,0.00014,6e-05,-0.00112,-1e-05,1e-05,0.00015,0,3e-05,1e-05,-0.03991,0,0.00504,-0.00057,0.00034,5e-05,-2e-05,0.00267,0.00013,0.0004,7e-05,-0.00012,0.00011,-1e-05
57.06,-0.00046,-0.00055,-0.00161,-0.00024,-0.0003,-0,0.00134,-0,2e-05,0.00023,0,0.00015,5e-05,-0.00114,-1e-05,3e-05,0.00019,0,3e-05,1e-05,-0.046,-1e-05,0.00535,-0.00057,0.0004,5e-05,-2e-05,0.00278,0.00012,0.0004,5e-05,-0.00015,0.00013,-1e-05
57.08,-0.00068,-0.00051,-0.00138,-0.00017,-0.00025,0,0.00102,0,5e-05,0.00084,0,0.00015,4e-05,-0.00118,-1e-05,4e-05,0.00026,0,3e-05,1e-05,-0.05253,-1e-05,0.0054,-0.00056,0.00046,5e-05,-2e-05,0.00283,0.0001,0.00035,3e-05,-0.00018,0.00013,-1e-05
57.1,-0.00085,-0.00046,-0.00107,-0.0001,-0.0002,-0,0.00077,2e-05,8e-05,0.00148,0,0.00014,3e-05,-0.00123,-1e-05,5e-05,0.00034,0,3e-05,1e-05,-0.05943,-0,0.00521,-0.00057,0.00052,4e-05,-2e-05,0.00277,9e-05,0.00026,-1e-05,-0.00021,0.00014,-1e-05
57.12,-0.00096,-0.0004,-0.00071,-5e-05,-0.00015,-0,0.00059,3e-05,0.0001,0.00214,0,0.00011,2e-05,-0.00124,-1e-05,7e-05,0.00043,0,3e-05,1e-05,-0.06655,1e-05,0.00485,-0.00061,0.00057,3e-05,-2e-05,0.00259,7e-05,0.00016,-6e-05,-0.00024,0.00013,-1e-05
57.14,-0.00099,-0.00034,-0.00036,-1e-05,-0.0001,-0,0.00049,6e-05,0.00011,0.00283,0,8e-05,0,-0.00122,-0,9e-05,0.00053,-0,2e-05,0,-0.07365,2e-05,0.00435,-0.00069,0.00061,2e-05,-2e-05,0.00228,5e-05,5e-05,-0.00011,-0.00026,0.00012,-1e-05
57.16,-0.00092,-0.00025,-4e-05,1e-05,-6e-05,0,0.00047,8e-05,0.0001,0.00351,0,5e-05,-1e-05,-0.00117,-0,0.0001,0.00061,-0,2e-05,0,-0.08047,3e-05,0.00375,-0.00083,0.00065,1e-05,-1e-05,0.00181,4e-05,-5e-05,-0.00018,-0.00027,0.00011,-1e-05
57.18,-0.00075,-0.00016,0.00021,1e-05,-3e-05,-0,0.00052,8e-05,8e-05,0.00417,0,2e-05,-2e-05,-0.0011,-0,0.00012,0.00069,-0,2e-05,0,-0.08671,4e-05,0.00311,-0.001,0.00069,-0,-1e-05,0.00119,2e-05,-0.00014,-0.00025,-0.00028,9e-05,-0
57.2,-0.00047,-6e-05,0.00039,0,-1e-05,-0,0.00066,8e-05,6e-05,0.00478,0,1e-05,-2e-05,-0.00099,0,0.00012,0.00074,-0,1e-05,-0,-0.09202,5e-05,0.00254,-0.00118,0.0007,-1e-05,-0,0.00046,1e-05,-0.0002,-0.00032,-0.00028,7e-05,-0
57.22,-0.00011,5e-05,0.00049,-2e-05,-0,-0,0.00087,7e-05,3e-05,0.00528,0,-1e-05,-3e-05,-0.00085,-0,0.00012,0.00077,-0,1e-05,-0,-0.09599,6e-05,0.00214,-0.00136,0.0007,-2e-05,-0,-0.00033,-1e-05,-0.00022,-0.00038,-0.00027,6e-05,-0
57.24,0.00033,0.00014,0.00052,-5e-05,0,0,0.00115,5e-05,-0,0.00562,0,-1e-05,-3e-05,-0.00069,-0,0.00012,0.00078,-0,1e-05,-0,-0.09821,8e-05,0.0019,-0.00149,0.00068,-3e-05,0,-0.00113,-1e-05,-0.00022,-0.00044,-0.00024,4e-05,0
57.26,0.00081,0.00023,0.00048,-9e-05,1e-05,-0,0.0015,2e-05,-3e-05,0.00577,0,-2e-05,-3e-05,-0.00053,-0,0.00011,0.00075,-0,1e-05,-1e-05,-0.09841,0.00011,0.0018,-0.00158,0.00064,-4e-05,0,-0.00189,-2e-05,-0.00019,-0.00048,-0.00021,2e-05,0
57.28,0.00131,0.0003,0.0004,-0.00013,0,-0,0.0019,-2e-05,-5e-05,0.00574,0,-2e-05,-3e-05,-0.00035,-0,0.0001,0.0007,0,1e-05,-1e-05,-0.09659,0.00015,0.00181,-0.00159,0.00058,-4e-05,0,-0.00255,-2e-05,-0.00014,-0.0005,-0.00017,1e-05,0
57.3,0.0018,0.00036,0.00029,-0.00018,0,-0,0.00233,-4e-05,-6e-05,0.00553,0,-2e-05,-3e-05,-0.00019,-0,8e-05,0.00062,0,1e-05,-1e-05,-0.09269,0.00017,0.00184,-0.00153,0.00051,-4e-05,1e-05,-0.00304,-2e-05,-9e-05,-0.00049,-0.00013,-1e-05,0
57.32,0.00225,0.00038,0.00017,-0.00022,-0,0,0.00278,-6e-05,-7e-05,0.00514,0,-2e-05,-2e-05,-8e-05,-0,6e-05,0.00053,0,0,-1e-05,-0.08671,0.00019,0.00176,-0.00141,0.00041,-4e-05,1e-05,-0.00331,-2e-05,-5e-05,-0.00045,-9e-05,-3e-05,0
57.34,0.00262,0.00038,5e-05,-0.00026,-0,-0,0.00323,-7e-05,-7e-05,0.00464,0,-2e-05,-2e-05,0,0,4e-05,0.00042,0,0,-1e-05,-0.079,0.00018,0.00154,-0.00122,0.00031,-3e-05,1e-05,-0.00336,-1e-05,-5e-05,-0.00039,-5e-05,-6e-05,0
57.36,0.00292,0.00036,-5e-05,-0.00029,-0,-0,0.00365,-7e-05,-8e-05,0.00408,0,-1e-05,-2e-05,6e-05,0,3e-05,0.00031,0,0,-1e-05,-0.06987,0.00016,0.00119,-0.00096,0.0002,-3e-05,1e-05,-0.00322,-1e-05,-7e-05,-0.00028,-1e-05,-8e-05,1e-05
57.38,0.00313,0.00033,-0.00013,-0.00031,-0,-0,0.00399,-5e-05,-8e-05,0.0035,0,-1e-05,-1e-05,0.0001,1e-05,2e-05,0.00019,0,0,-1e-05,-0.05955,0.00013,0.00076,-0.00064,8e-05,-3e-05,1e-05,-0.00289,-0,-0.00012,-0.00015,3e-05,-0.00011,1e-05
57.4,0.00326,0.00029,-0.0002,-0.00031,-0,0,0.0043,-4e-05,-9e-05,0.00292,0,-0,-1e-05,9e-05,1e-05,1e-05,8e-05,0,0,-1e-05,-0.04843,0.0001,0.00039,-0.00029,-4e-05,-2e-05,1e-05,-0.00242,0,-0.0002,0,6e-05,-0.00015,1e-05
57.42,0.00328,0.00026,-0.00024,-0.0003,-0,-0,0.0046,-4e-05,-9e-05,0.00237,0,0,-1e-05,5e-05,1e-05,0,-1e-05,0,0,-1e-05,-0.03696,6e-05,0.00018,9e-05,-0.00015,-2e-05,1e-05,-0.00185,0,-0.00029,0.00017,9e-05,-0.00018,1e-05
57.44,0.00324,0.00022,-0.00025,-0.00028,-0,-0,0.00484,-4e-05,-0.0001,0.00186,0,1e-05,-0,0,2e-05,0,-8e-05,0,0,-1e-05,-0.02552,4e-05,0.00024,0.00048,-0.00024,-1e-05,0,-0.00124,1e-05,-0.00039,0.00035,0.00012,-0.00022,1e-05
57.46,0.00316,0.00019,-0.00025,-0.00024,-1e-05,-0,0.00494,-3e-05,-0.0001,0.00143,0,2e-05,-0,-6e-05,2e-05,-0,-0.00013,0,0,-1e-05,-0.01436,2e-05,0.0006,0.00086,-0.00032,0,0,-0.00062,1e-05,-0.00048,0.00051,0.00015,-0.00025,1e-05
57.48,0.00306,0.00016,-0.00022,-0.0002,-1e-05,0,0.00492,-3e-05,-0.0001,0.00106,0,3e-05,-0,-0.00012,2e-05,0,-0.00015,0,0,-0,-0.00368,1e-05,0.00124,0.00121,-0.00039,2e-05,-0,-6e-05,-0,-0.00056,0.00066,0.00018,-0.00027,1e-05
57.5,0.00294,0.00013,-0.00019,-0.00015,-2e-05,-0,0.0048,-2e-05,-0.0001,0.00076,0,3e-05,-0,-0.00018,2e-05,0,-0.00015,0,0,-0,0.00631,-1e-05,0.002,0.00151,-0.00044,4e-05,-0,0.00041,-2e-05,-0.00062,0.00078,0.00021,-0.00029,1e-05
57.52,0.00281,0.00011,-0.00015,-0.0001,-2e-05,-0,0.0046,-1e-05,-9e-05,0.00051,0,4e-05,0,-0.00022,2e-05,0,-0.00013,0,0,-0,0.01534,-3e-05,0.00262,0.0017,-0.00048,5e-05,-1e-05,0.00074,-4e-05,-0.00065,0.00084,0.00024,-0.0003,1e-05
57.54,0.0027,0.0001,-0.00011,-6e-05,-3e-05,-0,0.00434,-1e-05,-8e-05,0.00032,0,4e-05,0,-0.00024,2e-05,1e-05,-9e-05,0,0,-0,0.02326,-5e-05,0.00295,0.00179,-0.00051,6e-05,-1e-05,0.00092,-5e-05,-0.00065,0.00085,0.00026,-0.00029,1e-05
57.56,0.00262,9e-05,-8e-05,-2e-05,-5e-05,0,0.00402,0,-6e-05,0.00018,0,3e-05,0,-0.00023,2e-05,1e-05,-3e-05,0,0,-0,0.03003,-7e-05,0.00298,0.00177,-0.00052,7e-05,-1e-05,0.00097,-7e-05,-0.00061,0.0008,0.00027,-0.00027,1e-05
57.58,0.00256,8e-05,-5e-05,1e-05,-6e-05,-0,0.00366,1e-05,-5e-05,8e-05,0,3e-05,0,-0.00021,2e-05,1e-05,3e-05,0,0,-0,0.0357,-9e-05,0.0027,0.00165,-0.00053,7e-05,-1e-05,0.00089,-7e-05,-0.00052,0.00069,0.00029,-0.00023,1e-05
57.6,0.00249,7e-05,-3e-05,4e-05,-7e-05,-0,0.00328,1e-05,-3e-05,2e-05,0,2e-05,0,-0.00017,2e-05,1e-05,9e-05,0,-0,-0,0.04033,-0.00011,0.00224,0.00146,-0.00053,6e-05,-1e-05,0.00071,-6e-05,-0.00041,0.00054,0.00029,-0.00019,1e-05
57.62,0.00237,6e-05,-1e-05,5e-05,-8e-05,-0,0.0029,2e-05,-1e-05,-1e-05,0,1e-05,0,-0.00012,2e-05,1e-05,0.00015,0,-0,-0,0.04401,-0.00012,0.00174,0.00123,-0.00051,6e-05,-1e-05,0.00046,-4e-05,-0.00027,0.00036,0.00028,-0.00013,0
57.64,0.0022,5e-05,-0,5e-05,-9e-05,0,0.00253,2e-05,0,-2e-05,0,0,0,-6e-05,2e-05,1e-05,0.0002,0,-0,-0,0.04683,-0.00014,0.00121,0.00096,-0.00049,5e-05,-1e-05,0.00016,-2e-05,-0.00012,0.00017,0.00027,-7e-05,0
57.66,0.002,5e-05,0,4e-05,-0.0001,-0,0.00221,3e-05,2e-05,-2e-05,0,-0,0,-0,1e-05,1e-05,0.00024,0,-0,-0,0.04897,-0.00015,0.00068,0.00068,-0.00046,4e-05,-1e-05,-0.00016,1e-05,3e-05,-2e-05,0.00025,-1e-05,-0
57.68,0.00177,5e-05,0,3e-05,-0.00011,-0,0.00191,3e-05,3e-05,-1e-05,0,-1e-05,0,4e-05,1e-05,1e-05,0.00026,0,-0,-0,0.0506,-0.00015,0.00015,0.0004,-0.00043,3e-05,-0,-0.0005,2e-05,0.00017,-0.0002,0.00022,5e-05,-1e-05
57.7,0.00152,5e-05,0,2e-05,-0.00011,-0,0.00165,3e-05,3e-05,0,0,-1e-05,0,8e-05,1e-05,0,0.00027,0,-1e-05,-0,0.05198,-0.00015,-0.00043,0.00015,-0.00041,1e-05,0,-0.00084,1e-05,0.00031,-0.00035,0.0002,0.00011,-1e-05
57.72,0.00126,6e-05,0,0,-0.00011,0,0.00143,3e-05,3e-05,2e-05,0,-1e-05,0,0.00011,1e-05,0,0.00026,-0,-1e-05,-0,0.05335,-0.00013,-0.0011,-5e-05,-0.0004,-0,0,-0.00118,-1e-05,0.00042,-0.00046,0.00017,0.00016,-2e-05
57.74,0.00101,6e-05,-0,-0,-0.00011,-0,0.00123,3e-05,3e-05,2e-05,0,-0,0,0.00013,1e-05,0,0.00025,-0,-1e-05,-0,0.05479,-0.0001,-0.00192,-0.00019,-0.0004,-2e-05,1e-05,-0.00154,-4e-05,0.00051,-0.00052,0.00014,0.0002,-2e-05
57.76,0.00078,7e-05,-0,-1e-05,-0.00011,-0,0.00107,3e-05,3e-05,3e-05,0,-0,0,0.00013,0,-0,0.00022,-0,-1e-05,-0,0.05633,-6e-05,-0.00288,-0.00026,-0.00041,-3e-05,1e-05,-0.0019,-9e-05,0.00056,-0.00055,0.00012,0.00023,-2e-05
57.78,0.00059,7e-05,-0,-1e-05,-0.0001,-0,0.00093,3e-05,2e-05,3e-05,0,0,-0,0.00013,-0,-0,0.00019,-0,-1e-05,-0,0.05792,-2e-05,-0.0039,-0.00027,-0.00044,-4e-05,2e-05,-0.00228,-0.00013,0.00059,-0.00053,0.00011,0.00024,-2e-05
57.8,0.00044,7e-05,0,-1e-05,-9e-05,0,0.00081,2e-05,1e-05,2e-05,0,0,-0,0.00012,-0,-0,0.00016,-0,-1e-05,-0,0.05936,2e-05,-0.0049,-0.00022,-0.00048,-6e-05,3e-05,-0.00266,-0.00018,0.00058,-0.00048,0.0001,0.00023,-2e-05
57.82,0.00033,7e-05,0,-1e-05,-8e-05,-0,0.00071,2e-05,1e-05,2e-05,0,0,-0,0.0001,-1e-05,-0,0.00012,-0,-1e-05,-0,0.0604,4e-05,-0.00588,-0.00014,-0.00051,-7e-05,3e-05,-0.00303,-0.00022,0.00055,-0.00041,9e-05,0.00022,-2e-05
57.84,0.00025,7e-05,0,-0,-7e-05,-0,0.00062,1e-05,-0,1e-05,-0,0,-0,9e-05,-1e-05,-0,9e-05,-0,-1e-05,-0,0.06084,5e-05,-0.00662,-4e-05,-0.00053,-8e-05,3e-05,-0.00339,-0.00024,0.00049,-0.00033,0.0001,0.00019,-2e-05
57.86,0.0002,8e-05,0,0,-6e-05,-0,0.00055,0,-1e-05,-0,-0,-1e-05,-0,8e-05,-1e-05,-0,6e-05,-0,-1e-05,-0,0.06052,6e-05,-0.00694,7e-05,-0.00053,-8e-05,3e-05,-0.0037,-0.00025,0.00041,-0.00025,0.0001,0.00016,-1e-05
57.88,0.00017,8e-05,-0,1e-05,-5e-05,0,0.0005,-1e-05,-1e-05,-1e-05,-0,-1e-05,-0,6e-05,-2e-05,-0,4e-05,-0,-1e-05,-0,0.05934,5e-05,-0.00682,0.00018,-0.00051,-8e-05,3e-05,-0.00396,-0.00024,0.00032,-0.00018,0.00011,0.00013,-1e-05
57.9,0.00016,8e-05,0,2e-05,-4e-05,-0,0.00046,-1e-05,-2e-05,-2e-05,-0,-2e-05,0,5e-05,-2e-05,-0,2e-05,-0,-1e-05,-0,0.0573,3e-05,-0.0062,0.00028,-0.00047,-7e-05,2e-05,-0.00413,-0.00022,0.00022,-0.00012,0.00011,9e-05,-1e-05
57.92,0.00015,8e-05,0,2e-05,-2e-05,-0,0.00045,-2e-05,-2e-05,-2e-05,-0,-3e-05,0,4e-05,-2e-05,-0,1e-05,-0,-0,-0,0.05446,2e-05,-0.00511,0.00035,-0.00041,-6e-05,2e-05,-0.00422,-0.00019,0.00011,-7e-05,0.00012,6e-05,-0
57.94,0.00014,8e-05,0,2e-05,-1e-05,-0,0.00045,-3e-05,-2e-05,-3e-05,-0,-3e-05,0,3e-05,-2e-05,-0,-0,-0,-0,-0,0.05091,1e-05,-0.00369,0.00039,-0.00034,-4e-05,1e-05,-0.00421,-0.00015,-1e-05,-4e-05,0.00012,3e-05,-0
57.96,0.00014,8e-05,0,3e-05,-0,0,0.00047,-4e-05,-2e-05,-3e-05,-0,-3e-05,0,3e-05,-2e-05,0,-0,-0,-0,-0,0.04678,-2e-05,-0.00208,0.0004,-0.00025,-2e-05,1e-05,-0.00409,-0.00011,-0.00012,-2e-05,0.00011,0,-0
57.98,0.00013,8e-05,0,3e-05,1e-05,-0,0.0005,-4e-05,-3e-05,-3e-05,-0,-3e-05,0,2e-05,-2e-05,0,-0,-0,-0,-0,0.04226,-4e-05,-0.00045,0.00039,-0.00015,-1e-05,0,-0.00389,-6e-05,-0.00022,-0,9e-05,-1e-05,0
58,0.00012,8e-05,0,3e-05,1e-05,-0,0.00054,-5e-05,-3e-05,-3e-05,-0,-3e-05,0,2e-05,-2e-05,0,-0,-0,-0,-0,0.03762,-7e-05,0.00101,0.00036,-5e-05,1e-05,-0,-0.00361,-2e-05,-0.0003,0,7e-05,-3e-05,0
58.02,0.00011,7e-05,0,2e-05,2e-05,-0,0.00059,-5e-05,-3e-05,-2e-05,-0,-3e-05,0,2e-05,-2e-05,0,0,-0,-0,-0,0.03317,-9e-05,0.002,0.00034,3e-05,2e-05,-1e-05,-0.00328,1e-05,-0.00036,1e-05,5e-05,-3e-05,0
58.04,0.0001,7e-05,0,2e-05,2e-05,0,0.00063,-6e-05,-3e-05,-2e-05,-0,-2e-05,0,1e-05,-2e-05,0,0,-0,-0,-0,0.02913,-9e-05,0.00238,0.00032,0.0001,3e-05,-1e-05,-0.00292,4e-05,-0.00038,1e-05,2e-05,-3e-05,0
58.06,9e-05,6e-05,0,2e-05,2e-05,-0,0.00066,-6e-05,-3e-05,-2e-05,-0,-2e-05,0,1e-05,-1e-05,0,-0,-0,-0,-0,0.02562,-8e-05,0.00218,0.00032,0.00015,3e-05,-1e-05,-0.00256,5e-05,-0.00037,2e-05,-1e-05,-3e-05,0
58.08,7e-05,5e-05,0,2e-05,2e-05,-0,0.00068,-6e-05,-3e-05,-2e-05,-0,-1e-05,0,1e-05,-1e-05,0,-0,-0,-0,-0,0.02263,-5e-05,0.0015,0.00033,0.00018,2e-05,-1e-05,-0.00219,6e-05,-0.00034,3e-05,-4e-05,-3e-05,0
58.1,5e-05,5e-05,0,1e-05,2e-05,-0,0.00069,-6e-05,-4e-05,-2e-05,-0,-1e-05,0,1e-05,-0,0,-0,-0,-0,-0,0.0201,-2e-05,0.00056,0.00036,0.00019,2e-05,-1e-05,-0.00185,7e-05,-0.00029,5e-05,-7e-05,-2e-05,0
58.12,4e-05,4e-05,0,1e-05,2e-05,0,0.00069,-6e-05,-4e-05,-2e-05,-0,-0,0,1e-05,0,0,-0,-0,-0,-0,0.01793,2e-05,-0.00044,0.00039,0.00019,1e-05,-0,-0.00154,7e-05,-0.00024,6e-05,-9e-05,-2e-05,0
58.14,3e-05,3e-05,0,1e-05,2e-05,-0,0.00069,-6e-05,-4e-05,-2e-05,-0,1e-05,0,1e-05,0,0,0,-0,-0,-0,0.016,6e-05,-0.00138,0.00042,0.00017,-0,-0,-0.00126,7e-05,-0.0002,7e-05,-0.0001,-1e-05,0
58.16,2e-05,3e-05,0,0,2e-05,-0,0.00068,-6e-05,-4e-05,-2e-05,-0,1e-05,0,0,1e-05,1e-05,1e-05,-0,-0,-0,0.01422,8e-05,-0.00213,0.00045,0.00016,-1e-05,0,-0.00102,7e-05,-0.00018,8e-05,-0.00011,-1e-05,0
58.18,1e-05,2e-05,0,0,1e-05,-0,0.00067,-6e-05,-5e-05,-2e-05,-0,2e-05,0,0,1e-05,1e-05,2e-05,-0,-0,-1e-05,0.01254,0.0001,-0.00266,0.00046,0.00014,-1e-05,0,-0.00082,6e-05,-0.00017,8e-05,-0.00011,-1e-05,0
58.2,1e-05,2e-05,0,-0,1e-05,0,0.00066,-6e-05,-5e-05,-2e-05,0,2e-05,0,0,1e-05,1e-05,4e-05,-0,-0,-1e-05,0.01097,0.0001,-0.00296,0.00045,0.00012,-2e-05,0,-0.00065,6e-05,-0.00017,7e-05,-0.0001,-1e-05,0
58.22,0,2e-05,0,-0,1e-05,-0,0.00064,-5e-05,-5e-05,-2e-05,0,3e-05,0,0,2e-05,1e-05,5e-05,-0,-0,-1e-05,0.00954,0.0001,-0.00308,0.00043,0.0001,-2e-05,0,-0.00051,6e-05,-0.00017,7e-05,-9e-05,-2e-05,0
58.24,1e-05,2e-05,0,-0,0,-0,0.00062,-5e-05,-5e-05,-2e-05,0,3e-05,0,0,2e-05,1e-05,7e-05,-0,-0,-1e-05,0.00828,9e-05,-0.00313,0.00038,8e-05,-2e-05,0,-0.0004,5e-05,-0.00016,5e-05,-8e-05,-2e-05,0
58.26,1e-05,2e-05,0,-1e-05,0,-0,0.0006,-5e-05,-5e-05,-3e-05,0,3e-05,0,0,2e-05,1e-05,8e-05,-0,-0,-1e-05,0.00722,8e-05,-0.00317,0.00033,6e-05,-2e-05,0,-0.00031,4e-05,-0.00015,4e-05,-7e-05,-2e-05,0
58.28,0,2e-05,0,-1e-05,-0,0,0.00058,-4e-05,-5e-05,-3e-05,0,3e-05,0,-0,1e-05,1e-05,9e-05,-0,-0,-1e-05,0.00635,7e-05,-0.00323,0.00026,4e-05,-2e-05,1e-05,-0.00024,3e-05,-0.00012,2e-05,-5e-05,-2e-05,0
58.3,0,2e-05,0,-1e-05,-0,-0,0.00055,-3e-05,-5e-05,-3e-05,0,2e-05,0,-0,1e-05,1e-05,0.0001,-0,-0,-1e-05,0.00565,7e-05,-0.00332,0.00018,2e-05,-2e-05,1e-05,-0.00019,2e-05,-8e-05,-0,-4e-05,-1e-05,0
58.32,0,3e-05,0,-1e-05,-1e-05,-0,0.00054,-3e-05,-4e-05,-3e-05,-0,2e-05,0,-0,1e-05,1e-05,0.00011,-0,-0,-1e-05,0.00509,6e-05,-0.00344,0.0001,0,-2e-05,1e-05,-0.00015,0,-3e-05,-2e-05,-3e-05,-1e-05,0
58.34,1e-05,3e-05,0,-1e-05,-1e-05,-0,0.00052,-2e-05,-4e-05,-3e-05,-0,2e-05,0,-0,0,1e-05,0.00011,-0,-0,-1e-05,0.00466,6e-05,-0.00355,3e-05,-1e-05,-2e-05,1e-05,-0.00013,-1e-05,3e-05,-4e-05,-1e-05,-1e-05,0
58.36,0,3e-05,0,-1e-05,-1e-05,0,0.0005,-2e-05,-4e-05,-3e-05,-0,1e-05,0,-0,-0,1e-05,0.00011,0,-0,-1e-05,0.00431,5e-05,-0.00362,-3e-05,-2e-05,-2e-05,1e-05,-0.00011,-2e-05,9e-05,-5e-05,-0,-0,0
58.38,0,3e-05,0,-1e-05,-1e-05,-0,0.00049,-1e-05,-3e-05,-3e-05,-0,1e-05,0,-0,-1e-05,1e-05,0.00011,0,-0,-0,0.00401,5e-05,-0.00364,-9e-05,-3e-05,-2e-05,1e-05,-0.0001,-4e-05,0.00014,-6e-05,1e-05,0,-0
58.4,0,3e-05,0,-1e-05,-1e-05,-0,0.00048,-1e-05,-3e-05,-3e-05,-0,0,0,-0,-1e-05,1e-05,0.00011,0,-0,0,0.00374,4e-05,-0.00357,-0.00013,-3e-05,-2e-05,1e-05,-0.0001,-5e-05,0.00018,-7e-05,1e-05,1e-05,-0
58.42,0,3e-05,0,-1e-05,-1e-05,-0,0.00047,-1e-05,-3e-05,-3e-05,-0,0,0,-0,-1e-05,1e-05,0.00011,0,-0,1e-05,0.00345,4e-05,-0.00341,-0.00016,-3e-05,-2e-05,1e-05,-9e-05,-5e-05,0.00019,-7e-05,2e-05,1e-05,-0
58.44,0,3e-05,0,-1e-05,-2e-05,0,0.00045,-1e-05,-2e-05,-2e-05,-0,-0,0,-0,-2e-05,1e-05,0.00011,0,-0,1e-05,0.00314,3e-05,-0.00314,-0.00017,-3e-05,-2e-05,1e-05,-9e-05,-5e-05,0.00018,-7e-05,2e-05,1e-05,-0
58.46,0,3e-05,0,-1e-05,-2e-05,-0,0.00044,-0,-2e-05,-2e-05,-0,-0,0,-0,-2e-05,1e-05,0.0001,0,-0,1e-05,0.0028,3e-05,-0.00277,-0.00018,-2e-05,-2e-05,0,-8e-05,-5e-05,0.00013,-7e-05,2e-05,1e-05,-0
58.48,-0,2e-05,0,-1e-05,-2e-05,-0,0.00042,-0,-2e-05,-2e-05,-0,-0,0,-0,-2e-05,0,0.0001,0,-0,1e-05,0.00245,2e-05,-0.00232,-0.00017,-1e-05,-2e-05,0,-8e-05,-3e-05,7e-05,-7e-05,2e-05,1e-05,-0
58.5,-0,2e-05,0,-1e-05,-2e-05,-0,0.00039,-0,-2e-05,-2e-05,-0,-0,0,-0,-2e-05,0,9e-05,0,-0,1e-05,0.00213,1e-05,-0.00185,-0.00015,-0,-1e-05,0,-7e-05,-2e-05,-0,-6e-05,1e-05,1e-05,-0
58.52,-0,2e-05,0,-1e-05,-2e-05,0,0.00036,-0,-1e-05,-2e-05,-0,-1e-05,0,-0,-2e-05,0,9e-05,0,-0,1e-05,0.00188,1e-05,-0.00141,-0.00013,1e-05,-1e-05,0,-6e-05,-1e-05,-7e-05,-6e-05,1e-05,0,-0
58.54,-0,2e-05,0,-1e-05,-2e-05,-0,0.00033,-0,-1e-05,-2e-05,-0,-1e-05,0,-0,-2e-05,0,8e-05,-0,-0,1e-05,0.00174,0,-0.00106,-0.00011,1e-05,-1e-05,0,-6e-05,0,-0.00013,-5e-05,0,0,0
58.56,-0,1e-05,0,-1e-05,-2e-05,-0,0.00029,-0,-0,-2e-05,-0,-1e-05,0,-0,-1e-05,-0,8e-05,-0,-0,0,0.00171,0,-0.00083,-9e-05,2e-05,-1e-05,-0,-6e-05,1e-05,-0.00016,-5e-05,0,-0,0
58.58,-0,1e-05,0,-1e-05,-2e-05,-0,0.00025,-0,0,-1e-05,-0,-1e-05,0,-0,-1e-05,-0,8e-05,-0,-0,0,0.00177,0,-0.00071,-7e-05,2e-05,-0,-0,-6e-05,1e-05,-0.00017,-5e-05,0,-0,0
58.6,-0,1e-05,0,-0,-2e-05,0,0.00021,-0,1e-05,-1e-05,-0,-2e-05,0,-0,-1e-05,-0,8e-05,-0,-0,-0,0.00185,0,-0.00065,-5e-05,2e-05,-0,-0,-6e-05,1e-05,-0.00015,-4e-05,-0,-0,0
58.62,-0,1e-05,0,-0,-2e-05,-0,0.00017,-0,1e-05,-1e-05,-0,-2e-05,0,0,-1e-05,-0,8e-05,-0,-0,-1e-05,0.00191,0,-0.00062,-3e-05,2e-05,-0,-0,-6e-05,1e-05,-0.00012,-4e-05,-0,-0,0
58.64,-0,1e-05,0,-0,-2e-05,-0,0.00013,-0,2e-05,-1e-05,-0,-3e-05,0,0,-1e-05,-1e-05,8e-05,-0,-0,-1e-05,0.00189,0,-0.00057,-1e-05,2e-05,-0,-0,-5e-05,0,-8e-05,-4e-05,0,-0,0
58.66,-0,0,0,-0,-1e-05,-0,0.0001,-0,2e-05,-1e-05,-0,-3e-05,-0,0,-0,-1e-05,8e-05,-0,-0,-1e-05,0.00174,0,-0.00048,0,2e-05,0,-0,-5e-05,-0,-4e-05,-4e-05,0,-0,-0
58.68,-0,0,0,-0,-1e-05,0,7e-05,0,2e-05,-1e-05,-0,-4e-05,-0,0,-0,-1e-05,9e-05,-0,-0,-1e-05,0.00145,-0,-0.00033,2e-05,2e-05,0,-0,-3e-05,-1e-05,-0,-3e-05,0,0,-0
58.7,-0,0,0,-0,-1e-05,-0,5e-05,0,3e-05,-1e-05,-0,-4e-05,-0,0,-0,-1e-05,9e-05,-0,0,-1e-05,0.00102,-0,-0.00012,4e-05,2e-05,0,-0,-1e-05,-1e-05,3e-05,-3e-05,0,0,-0
58.72,-1e-05,-0,0,-0,-1e-05,-0,4e-05,0,3e-05,-1e-05,-0,-4e-05,-0,0,-0,-1e-05,0.0001,-0,0,-1e-05,0.00047,-0,0.00012,5e-05,2e-05,1e-05,-0,1e-05,-2e-05,5e-05,-3e-05,0,0,-0
58.74,-1e-05,-0,0,-0,-1e-05,-0,5e-05,0,3e-05,-1e-05,-0,-4e-05,-0,0,-0,-1e-05,0.0001,-0,0,-1e-05,-0.00017,0,0.00037,5e-05,3e-05,1e-05,-0,4e-05,-2e-05,5e-05,-3e-05,1e-05,1e-05,-0
58.76,-1e-05,-0,0,-0,-2e-05,0,6e-05,0,3e-05,-1e-05,-0,-4e-05,-0,0,-1e-05,-0,0.00011,-0,0,-1e-05,-0.00088,0,0.00061,5e-05,3e-05,1e-05,-0,8e-05,-2e-05,4e-05,-3e-05,1e-05,1e-05,-0
58.78,-1e-05,-0,0,-0,-2e-05,-0,9e-05,0,3e-05,-1e-05,-0,-4e-05,-0,0,-1e-05,-0,0.00012,-0,0,-1e-05,-0.00162,0,0.00083,4e-05,3e-05,1e-05,-0,0.00011,-2e-05,2e-05,-3e-05,1e-05,0,-0
58.8,-1e-05,-0,0,-1e-05,-2e-05,-0,0.00012,0,3e-05,-1e-05,-0,-3e-05,-0,0,-1e-05,-0,0.00012,-0,0,-0,-0.00233,0,0.001,3e-05,3e-05,1e-05,-0,0.00015,-1e-05,-2e-05,-4e-05,1e-05,0,-0
58.82,-1e-05,-1e-05,0,-1e-05,-2e-05,-0,0.00016,-0,2e-05,-1e-05,-0,-3e-05,-0,0,-1e-05,-0,0.00013,-0,-0,-0,-0.00298,1e-05,0.0011,2e-05,4e-05,1e-05,-0,0.00018,-0,-6e-05,-4e-05,1e-05,0,0
58.84,-1e-05,-1e-05,0,-1e-05,-2e-05,0,0.0002,-0,2e-05,-1e-05,-0,-2e-05,-0,0,-1e-05,-0,0.00014,-0,0,-0,-0.00352,1e-05,0.00112,0,4e-05,1e-05,-0,0.00021,1e-05,-0.00012,-4e-05,0,-0,0
58.86,-1e-05,-1e-05,0,-1e-05,-3e-05,-0,0.00024,-0,2e-05,-1e-05,-0,-2e-05,-0,0,-1e-05,-0,0.00014,-0,0,-0,-0.00391,1e-05,0.00107,-1e-05,3e-05,1e-05,-0,0.00024,2e-05,-0.00017,-5e-05,0,-1e-05,0
58.88,-1e-05,-1e-05,0,-1e-05,-3e-05,-0,0.00028,-0,1e-05,-1e-05,-0,-1e-05,-0,0,-1e-05,0,0.00015,-0,0,-1e-05,-0.00417,1e-05,0.00094,-3e-05,3e-05,1e-05,-0,0.00026,3e-05,-0.00022,-5e-05,0,-1e-05,0
58.9,-1e-05,-1e-05,0,-1e-05,-3e-05,-0,0.00032,-0,1e-05,-1e-05,-0,-1e-05,0,0,-1e-05,0,0.00015,-0,0,-1e-05,-0.00429,1e-05,0.00076,-4e-05,3e-05,1e-05,-0,0.00027,4e-05,-0.00027,-5e-05,-0,-2e-05,0
58.92,-1e-05,-1e-05,0,-1e-05,-3e-05,0,0.00036,-1e-05,1e-05,-1e-05,-0,-0,0,0,-1e-05,0,0.00015,-0,0,-1e-05,-0.00428,1e-05,0.00055,-5e-05,2e-05,1e-05,-0,0.00027,4e-05,-0.0003,-5e-05,-0,-2e-05,0
58.94,-1e-05,-2e-05,0,-1e-05,-4e-05,-0,0.0004,-1e-05,1e-05,-1e-05,-0,0,0,0,-1e-05,0,0.00015,-0,0,-1e-05,-0.00416,1e-05,0.00031,-6e-05,2e-05,0,-0,0.00027,5e-05,-0.00032,-4e-05,-0,-2e-05,0
58.96,-1e-05,-2e-05,0,-1e-05,-4e-05,-0,0.00044,-1e-05,0,-1e-05,-0,1e-05,0,0,-1e-05,0,0.00015,-0,0,-1e-05,-0.00395,0,6e-05,-6e-05,1e-05,0,-0,0.00026,5e-05,-0.00032,-4e-05,-1e-05,-2e-05,0
58.98,-1e-05,-2e-05,0,-1e-05,-4e-05,-0,0.00049,-1e-05,0,-1e-05,-0,1e-05,0,0,-1e-05,-0,0.00015,-0,0,-1e-05,-0.00366,-0,-0.0002,-6e-05,0,-0,0,0.00025,4e-05,-0.0003,-3e-05,-1e-05,-2e-05,0
59,-1e-05,-2e-05,0,-1e-05,-4e-05,0,0.00053,-1e-05,-0,-1e-05,-0,1e-05,0,0,-1e-05,-0,0.00014,-0,0,-1e-05,-0.00333,-1e-05,-0.00046,-6e-05,-1e-05,-0,0,0.00024,4e-05,-0.00026,-3e-05,-1e-05,-2e-05,0
59.02,-1e-05,-2e-05,0,-1e-05,-4e-05,-0,0.00058,-1e-05,-1e-05,-1e-05,-0,2e-05,0,0,-1e-05,-0,0.00014,-0,-0,-0,-0.00297,-1e-05,-0.00072,-6e-05,-1e-05,-1e-05,0,0.00022,3e-05,-0.00021,-2e-05,-1e-05,-2e-05,0
59.04,-1e-05,-2e-05,0,-1e-05,-4e-05,-0,0.00064,-1e-05,-1e-05,-1e-05,-0,2e-05,0,0,-1e-05,-0,0.00013,-0,-0,0,-0.00261,-2e-05,-0.00098,-7e-05,-2e-05,-1e-05,0,0.00021,3e-05,-0.00016,-2e-05,-0,-2e-05,0
59.06,-0,-1e-05,0,-1e-05,-4e-05,-0,0.00069,-1e-05,-1e-05,-1e-05,-0,2e-05,0,0,-1e-05,-0,0.00012,-0,-0,1e-05,-0.0023,-3e-05,-0.00121,-8e-05,-3e-05,-1e-05,0,0.00019,2e-05,-0.0001,-2e-05,-0,-2e-05,0
59.08,-0,-1e-05,0,-1e-05,-3e-05,0,0.00073,-1e-05,-2e-05,-1e-05,-0,2e-05,0,0,-1e-05,-0,0.00011,-0,-0,1e-05,-0.00206,-3e-05,-0.00141,-9e-05,-3e-05,-1e-05,0,0.00018,1e-05,-4e-05,-2e-05,-0,-1e-05,0
59.1,-0,-1e-05,0,-1e-05,-3e-05,-0,0.00077,-1e-05,-2e-05,-1e-05,-0,2e-05,0,0,-1e-05,-0,0.0001,-0,-0,1e-05,-0.00195,-4e-05,-0.00154,-0.0001,-4e-05,-2e-05,0,0.00017,0,1e-05,-2e-05,-0,-1e-05,0
59.12,-0,-1e-05,0,-1e-05,-3e-05,-0,0.0008,-1e-05,-2e-05,-2e-05,-0,2e-05,0,0,-1e-05,-0,9e-05,-0,-0,2e-05,-0.00202,-4e-05,-0.00157,-0.00012,-4e-05,-2e-05,0,0.00017,-0,5e-05,-2e-05,-0,-1e-05,0
59.14,-0,-0,0,-2e-05,-2e-05,-0,0.00081,-1e-05,-2e-05,-2e-05,-0,2e-05,0,-0,-1e-05,-0,8e-05,-0,-0,2e-05,-0.0023,-3e-05,-0.00148,-0.00014,-3e-05,-1e-05,0,0.00018,-1e-05,6e-05,-2e-05,-0,-1e-05,-0
59.16,-0,-0,0,-2e-05,-2e-05,0,0.0008,-1e-05,-2e-05,-2e-05,-0,1e-05,0,-0,-1e-05,-0,7e-05,-0,-0,2e-05,-0.00282,-3e-05,-0.00126,-0.00015,-3e-05,-1e-05,0,0.0002,-1e-05,6e-05,-3e-05,-0,-1e-05,-0
59.18,0,-0,0,-2e-05,-2e-05,-0,0.00077,-1e-05,-1e-05,-2e-05,-0,0,0,-0,-1e-05,-0,6e-05,-0,-0,2e-05,-0.00356,-2e-05,-0.00094,-0.00017,-2e-05,-1e-05,0,0.00022,-0,3e-05,-3e-05,-0,-1e-05,0
59.2,0,-0,0,-2e-05,-2e-05,-0,0.00073,-0,-1e-05,-2e-05,-0,-1e-05,-0,-0,-1e-05,-0,6e-05,-0,-0,1e-05,-0.00451,-1e-05,-0.00056,-0.00018,-1e-05,-1e-05,0,0.00026,0,-1e-05,-3e-05,-1e-05,-1e-05,0
59.22,0,-1e-05,0,-2e-05,-2e-05,-0,0.00069,-0,-0,-2e-05,-0,-2e-05,-0,-0,-0,-0,6e-05,-0,-0,0,-0.00561,-0,-0.00019,-0.00019,0,-0,0,0.00031,1e-05,-5e-05,-4e-05,-1e-05,-2e-05,0
59.24,0,-1e-05,1e-05,-2e-05,-2e-05,0,0.00066,-0,1e-05,-2e-05,-0,-2e-05,-0,-0,-0,0,6e-05,-0,0,-0,-0.00683,0,0.00011,-0.00019,1e-05,0,-0,0.00038,1e-05,-0.0001,-4e-05,-1e-05,-2e-05,0
59.26,1e-05,-2e-05,1e-05,-2e-05,-3e-05,-0,0.00062,-0,1e-05,-1e-05,-0,-2e-05,-0,-0,-0,0,8e-05,-0,0,-1e-05,-0.00813,1e-05,0.0003,-0.0002,2e-05,0,-0,0.00045,2e-05,-0.00015,-5e-05,-1e-05,-3e-05,0
59.28,1e-05,-2e-05,1e-05,-2e-05,-4e-05,-0,0.00059,-0,1e-05,-1e-05,-0,-3e-05,-0,-0,-0,0,0.0001,-0,0,-2e-05,-0.0095,1e-05,0.00034,-0.0002,2e-05,0,-0,0.00054,3e-05,-0.00019,-5e-05,-1e-05,-3e-05,0
59.3,1e-05,-3e-05,1e-05,-2e-05,-5e-05,-0,0.00055,-1e-05,2e-05,-1e-05,-0,-3e-05,0,-0,-0,0,0.00012,-0,0,-2e-05,-0.0109,0,0.00025,-0.00021,2e-05,0,-0,0.00064,3e-05,-0.00022,-6e-05,-2e-05,-3e-05,0
59.32,0,-4e-05,1e-05,-2e-05,-6e-05,0,0.00052,-1e-05,2e-05,-1e-05,-0,-2e-05,0,-0,-0,0,0.00016,-0,0,-3e-05,-0.01232,-0,2e-05,-0.00021,2e-05,-0,0,0.00075,4e-05,-0.00024,-7e-05,-2e-05,-4e-05,0
59.34,-0,-5e-05,2e-05,-3e-05,-7e-05,-0,0.00048,-1e-05,2e-05,-1e-05,-0,-2e-05,0,-0,-1e-05,1e-05,0.0002,-0,0,-3e-05,-0.01372,-1e-05,-0.00033,-0.00022,1e-05,-1e-05,0,0.00085,4e-05,-0.00025,-7e-05,-2e-05,-4e-05,0
59.36,-1e-05,-7e-05,2e-05,-3e-05,-9e-05,-0,0.00044,-2e-05,3e-05,-0,-0,-2e-05,0,-0,-1e-05,1e-05,0.00024,-0,0,-2e-05,-0.01508,-3e-05,-0.00074,-0.00023,1e-05,-1e-05,0,0.00096,4e-05,-0.00024,-8e-05,-2e-05,-4e-05,0
59.38,-2e-05,-8e-05,2e-05,-3e-05,-0.00011,-0,0.0004,-2e-05,3e-05,-0,-0,-2e-05,0,-0,-1e-05,1e-05,0.00029,-0,0,-2e-05,-0.01637,-5e-05,-0.00115,-0.00024,-0,-2e-05,0,0.00106,4e-05,-0.00022,-8e-05,-2e-05,-4e-05,0
59.4,-4e-05,-0.0001,2e-05,-4e-05,-0.00012,0,0.00035,-2e-05,4e-05,-0,-0,-2e-05,0,-0,-2e-05,1e-05,0.00033,-0,0,-2e-05,-0.01756,-7e-05,-0.0015,-0.00025,-1e-05,-2e-05,1e-05,0.00114,4e-05,-0.00019,-8e-05,-1e-05,-4e-05,0
59.42,-6e-05,-0.00013,2e-05,-4e-05,-0.00014,-0,0.00031,-3e-05,4e-05,0,-0,-1e-05,-0,-0,-2e-05,1e-05,0.00038,-0,0,-1e-05,-0.01859,-0.0001,-0.0017,-0.00027,-2e-05,-2e-05,1e-05,0.0012,4e-05,-0.00015,-8e-05,-1e-05,-4e-05,0
59.44,-8e-05,-0.00015,2e-05,-5e-05,-0.00016,-0,0.00028,-3e-05,5e-05,0,-0,-1e-05,0,0,-2e-05,1e-05,0.00041,-0,0,-1e-05,-0.01942,-0.00012,-0.00168,-0.00028,-2e-05,-2e-05,1e-05,0.00123,4e-05,-0.00012,-8e-05,-1e-05,-4e-05,0
59.46,-0.0001,-0.00018,2e-05,-5e-05,-0.00017,-0,0.00026,-3e-05,5e-05,0,-0,-1e-05,0,0,-3e-05,2e-05,0.00044,-0,0,-0,-0.02003,-0.00013,-0.00143,-0.00029,-1e-05,-2e-05,1e-05,0.00123,5e-05,-8e-05,-7e-05,-1e-05,-4e-05,0
59.48,-0.00012,-0.0002,1e-05,-6e-05,-0.00017,0,0.00026,-3e-05,5e-05,0,-0,-1e-05,0,0,-3e-05,2e-05,0.00046,-0,0,0,-0.02041,-0.00013,-0.00097,-0.00029,-1e-05,-2e-05,0,0.00121,5e-05,-5e-05,-6e-05,-1e-05,-4e-05,0
59.5,-0.00013,-0.00022,0,-6e-05,-0.00017,-0,0.00027,-3e-05,5e-05,0,-0,-1e-05,0,0,-3e-05,2e-05,0.00047,-0,0,0,-0.02056,-0.00012,-0.00037,-0.0003,0,-1e-05,0,0.00117,5e-05,-0,-6e-05,-1e-05,-4e-05,0
59.52,-0.00014,-0.00023,-0,-6e-05,-0.00017,-0,0.00029,-2e-05,4e-05,-0,-0,-1e-05,0,0,-3e-05,2e-05,0.00047,-0,0,0,-0.02049,-0.0001,0.00028,-0.0003,1e-05,-1e-05,0,0.00111,4e-05,5e-05,-4e-05,-1e-05,-3e-05,0
59.54,-0.00015,-0.00023,-1e-05,-7e-05,-0.00016,-0,0.00034,-2e-05,4e-05,-0,-0,-0,0,0,-3e-05,1e-05,0.00046,-0,-0,0,-0.0202,-8e-05,0.00086,-0.0003,2e-05,-0,0,0.00104,4e-05,0.00011,-3e-05,-1e-05,-3e-05,0
59.56,-0.00015,-0.00022,-1e-05,-7e-05,-0.00014,0,0.0004,-2e-05,3e-05,-0,-0,0,0,0,-2e-05,1e-05,0.00044,-0,0,0,-0.01971,-5e-05,0.00132,-0.0003,3e-05,0,-0,0.00097,3e-05,0.00019,-2e-05,-1e-05,-2e-05,0
59.58,-0.00015,-0.0002,-1e-05,-7e-05,-0.00012,-0,0.00048,-2e-05,2e-05,-1e-05,-0,1e-05,0,0,-2e-05,1e-05,0.00041,-0,0,-0,-0.01905,-2e-05,0.00163,-0.00029,3e-05,1e-05,-0,0.00091,2e-05,0.00026,-1e-05,-0,-1e-05,0
59.6,-0.00015,-0.00016,-1e-05,-7e-05,-0.0001,-0,0.00057,-2e-05,1e-05,-1e-05,-0,1e-05,0,0,-1e-05,1e-05,0.00037,-0,0,-1e-05,-0.01824,-0,0.00179,-0.00028,3e-05,1e-05,-0,0.00084,0,0.00032,-1e-05,-0,-1e-05,0
59.62,-0.00014,-0.00012,-1e-05,-7e-05,-7e-05,-0,0.00067,-2e-05,-0,-1e-05,-0,2e-05,0,0,-1e-05,0,0.00033,-0,0,-1e-05,-0.01732,1e-05,0.00181,-0.00027,3e-05,1e-05,-0,0.00078,-1e-05,0.00036,0,-0,-0,-0
59.64,-0.00013,-8e-05,-1e-05,-7e-05,-4e-05,0,0.00077,-2e-05,-1e-05,-1e-05,-0,2e-05,0,0,-0,0,0.00028,-0,0,-2e-05,-0.01632,2e-05,0.0017,-0.00026,3e-05,1e-05,-0,0.00074,-1e-05,0.00036,1e-05,-1e-05,0,-0
59.66,-0.00013,-3e-05,-0,-7e-05,-1e-05,-0,0.00087,-2e-05,-3e-05,-1e-05,-0,3e-05,0,0,0,0,0.00024,-0,0,-1e-05,-0.01526,2e-05,0.00148,-0.00024,2e-05,1e-05,-0,0.00069,-1e-05,0.00032,2e-05,-1e-05,0,-0
59.68,-0.00012,1e-05,-0,-7e-05,1e-05,-0,0.00096,-3e-05,-4e-05,-1e-05,-0,4e-05,0,-0,1e-05,-0,0.00019,-0,0,-1e-05,-0.01415,1e-05,0.00117,-0.00023,1e-05,1e-05,-0,0.00066,-1e-05,0.00026,3e-05,-1e-05,-0,0
59.7,-0.00011,6e-05,0,-7e-05,4e-05,-0,0.00104,-3e-05,-5e-05,-1e-05,-0,4e-05,1e-05,-0,1e-05,-0,0.00014,-0,0,-1e-05,-0.01301,0,0.0008,-0.00021,0,0,0,0.00063,-1e-05,0.00018,3e-05,-1e-05,-1e-05,0
59.72,-0.00011,9e-05,0,-7e-05,6e-05,0,0.00109,-3e-05,-5e-05,-1e-05,-0,5e-05,1e-05,-0,2e-05,-0,0.0001,-0,0,-1e-05,-0.01188,-1e-05,0.0004,-0.00019,-1e-05,-0,0,0.0006,-0,9e-05,4e-05,-2e-05,-1e-05,0
59.74,-0.0001,0.00012,0,-7e-05,7e-05,-0,0.00112,-3e-05,-6e-05,-1e-05,-0,4e-05,1e-05,-0,2e-05,-0,6e-05,-0,0,-1e-05,-0.01076,-2e-05,-1e-05,-0.00017,-2e-05,-1e-05,0,0.00058,0,2e-05,4e-05,-2e-05,-2e-05,0
59.76,-9e-05,0.00015,0,-6e-05,8e-05,-0,0.00113,-3e-05,-6e-05,-1e-05,-0,4e-05,1e-05,-0,2e-05,-0,3e-05,-0,0,-0,-0.00966,-4e-05,-0.0004,-0.00016,-3e-05,-1e-05,0,0.00055,0,-3e-05,4e-05,-2e-05,-2e-05,0
59.78,-9e-05,0.00016,0,-6e-05,9e-05,-0,0.0011,-2e-05,-5e-05,-1e-05,-0,3e-05,1e-05,-0,2e-05,-0,1e-05,-0,0,-0,-0.00858,-5e-05,-0.00075,-0.00015,-4e-05,-1e-05,1e-05,0.00052,0,-6e-05,3e-05,-2e-05,-2e-05,0
59.8,-8e-05,0.00017,0,-6e-05,0.0001,0,0.00106,-1e-05,-5e-05,-1e-05,-0,3e-05,1e-05,-0,2e-05,-0,-1e-05,0,0,0,-0.00754,-5e-05,-0.00104,-0.00014,-4e-05,-2e-05,1e-05,0.00049,0,-7e-05,3e-05,-2e-05,-2e-05,0
59.82,-8e-05,0.00018,-0,-6e-05,0.0001,-0,0.001,-0,-4e-05,-1e-05,-0,1e-05,1e-05,-0,2e-05,0,-3e-05,0,0,0,-0.00654,-6e-05,-0.00124,-0.00014,-5e-05,-2e-05,1e-05,0.00046,0,-6e-05,3e-05,-2e-05,-2e-05,0
59.84,-8e-05,0.00017,-1e-05,-6e-05,9e-05,-0,0.00094,1e-05,-3e-05,-1e-05,-0,0,0,-0,2e-05,0,-3e-05,0,0,1e-05,-0.00559,-6e-05,-0.00134,-0.00012,-5e-05,-2e-05,1e-05,0.00041,-0,-4e-05,2e-05,-2e-05,-2e-05,0
59.86,-7e-05,0.00017,-1e-05,-6e-05,9e-05,-0,0.00087,2e-05,-3e-05,-1e-05,-0,-0,-0,0,2e-05,0,-3e-05,0,0,1e-05,-0.00468,-6e-05,-0.00133,-0.00011,-5e-05,-2e-05,1e-05,0.00037,-0,-2e-05,2e-05,-2e-05,-2e-05,0
59.88,-7e-05,0.00015,-1e-05,-6e-05,9e-05,0,0.00081,2e-05,-2e-05,-1e-05,-0,-1e-05,-0,0,2e-05,0,-3e-05,0,0,1e-05,-0.00379,-5e-05,-0.00121,-9e-05,-5e-05,-2e-05,1e-05,0.00031,-1e-05,-0,1e-05,-2e-05,-2e-05,0
59.9,-7e-05,0.00014,-2e-05,-6e-05,8e-05,-0,0.00076,3e-05,-2e-05,-1e-05,-0,-2e-05,-0,0,2e-05,0,-2e-05,0,-0,1e-05,-0.00291,-4e-05,-0.001,-8e-05,-4e-05,-2e-05,0,0.00024,-1e-05,1e-05,1e-05,-1e-05,-1e-05,0
59.92,-7e-05,0.00013,-2e-05,-6e-05,8e-05,-0,0.00073,4e-05,-1e-05,-1e-05,-0,-2e-05,-0,0,2e-05,0,-0,0,-0,1e-05,-0.00201,-3e-05,-0.00073,-6e-05,-4e-05,-1e-05,0,0.00017,-1e-05,2e-05,1e-05,-1e-05,-1e-05,0
59.94,-7e-05,0.00011,-2e-05,-6e-05,7e-05,-0,0.00073,4e-05,-1e-05,-1e-05,-0,-1e-05,-0,0,2e-05,0,2e-05,0,-0,1e-05,-0.00109,-1e-05,-0.00041,-4e-05,-3e-05,-1e-05,0,8e-05,-1e-05,3e-05,1e-05,-1e-05,-0,0
59.96,-7e-05,0.0001,-2e-05,-5e-05,6e-05,0,0.00075,3e-05,-2e-05,-1e-05,-0,-1e-05,-0,0,2e-05,0,4e-05,0,-0,1e-05,-0.00014,-0,-8e-05,-3e-05,-2e-05,-1e-05,0,-1e-05,-1e-05,4e-05,1e-05,-1e-05,-0,-0
59.98,-7e-05,9e-05,-2e-05,-5e-05,6e-05,-0,0.00079,3e-05,-2e-05,-1e-05,-0,-0,0,0,2e-05,0,6e-05,0,-0,0,0.00087,1e-05,0.00025,-2e-05,-1e-05,-0,0,-0.00012,-1e-05,4e-05,1e-05,-0,0,-0
60,-6e-05,8e-05,-3e-05,-4e-05,5e-05,-0,0.00084,2e-05,-3e-05,-1e-05,-0,1e-05,0,0,1e-05,0,8e-05,0,-0,0,0.00191,2e-05,0.00056,-1e-05,-0,-0,-0,-0.00022,-1e-05,5e-05,1e-05,-0,1e-05,-0
60.02,-5e-05,7e-05,-3e-05,-3e-05,5e-05,-0,0.00088,1e-05,-3e-05,-0,-0,2e-05,0,0,1e-05,0,0.0001,0,-0,-0,0.00297,3e-05,0.00083,0,1e-05,0,-0,-0.00033,-1e-05,5e-05,1e-05,-0,1e-05,-0
60.04,-4e-05,6e-05,-3e-05,-2e-05,4e-05,0,0.0009,1e-05,-3e-05,-0,-0,2e-05,1e-05,0,1e-05,0,0.00012,0,-0,-0,0.00402,4e-05,0.00104,1e-05,2e-05,0,-0,-0.00044,-1e-05,5e-05,1e-05,-0,2e-05,-0
60.06,-1e-05,6e-05,-3e-05,-1e-05,4e-05,-0,0.0009,0,-3e-05,-0,-0,2e-05,1e-05,-0,1e-05,0,0.00013,0,-0,-0,0.00506,5e-05,0.00119,2e-05,2e-05,1e-05,-0,-0.00054,-1e-05,5e-05,1e-05,0,2e-05,-0
60.08,1e-05,5e-05,-2e-05,-1e-05,3e-05,-0,0.00088,1e-05,-2e-05,0,-0,2e-05,1e-05,-0,1e-05,-0,0.00015,-0,-0,-0,0.00606,5e-05,0.00127,3e-05,3e-05,1e-05,-0,-0.00063,-1e-05,4e-05,2e-05,0,3e-05,-0
60.1,4e-05,5e-05,-2e-05,0,3e-05,-0,0.00083,1e-05,-1e-05,0,-0,1e-05,1e-05,-0,1e-05,-0,0.00015,-0,-0,-0,0.00698,5e-05,0.00128,5e-05,4e-05,1e-05,-0,-0.00071,-1e-05,3e-05,2e-05,0,3e-05,-0
60.12,7e-05,5e-05,-2e-05,1e-05,2e-05,0,0.00076,2e-05,-1e-05,0,-0,1e-05,0,-0,1e-05,-0,0.00016,-0,-0,-0,0.0078,5e-05,0.0012,7e-05,4e-05,1e-05,-0,-0.00077,-1e-05,0,3e-05,0,3e-05,-0
60.14,0.0001,4e-05,-2e-05,2e-05,2e-05,-0,0.00067,2e-05,0,-0,-0,-0,-0,-0,1e-05,-0,0.00016,-0,-0,-0,0.00848,5e-05,0.00104,9e-05,4e-05,1e-05,-0,-0.0008,-0,-4e-05,3e-05,-0,3e-05,-0
60.16,0.00012,4e-05,-1e-05,2e-05,2e-05,-0,0.00057,3e-05,1e-05,-0,-0,-1e-05,-0,-0,1e-05,-0,0.00016,-0,-0,-0,0.009,5e-05,0.00082,0.00011,4e-05,1e-05,-0,-0.00081,0,-8e-05,4e-05,-0,3e-05,-0
60.18,0.00013,4e-05,-1e-05,3e-05,1e-05,-0,0.00047,4e-05,1e-05,-0,-0,-2e-05,-1e-05,-0,1e-05,-1e-05,0.00015,-0,-0,-0,0.00935,4e-05,0.00055,0.00014,4e-05,1e-05,-0,-0.0008,1e-05,-0.00014,4e-05,-0,3e-05,-0
60.2,0.00014,4e-05,-1e-05,3e-05,1e-05,0,0.00036,4e-05,2e-05,-0,-0,-3e-05,-1e-05,-0,1e-05,-1e-05,0.00014,-0,-0,-0,0.00953,3e-05,0.00026,0.00016,4e-05,1e-05,-0,-0.00077,1e-05,-0.00018,4e-05,-0,2e-05,-0
60.22,0.00014,3e-05,-1e-05,4e-05,1e-05,-0,0.00025,4e-05,2e-05,-0,-0,-3e-05,-0,-1e-05,1e-05,-1e-05,0.00013,-0,-0,-0,0.00955,2e-05,-2e-05,0.00017,3e-05,1e-05,-0,-0.00074,2e-05,-0.00021,4e-05,-1e-05,2e-05,-0
60.24,0.00012,3e-05,-0,4e-05,0,-0,0.00014,4e-05,2e-05,-0,-0,-4e-05,0,-1e-05,1e-05,-1e-05,0.00012,-0,-0,-0,0.00942,1e-05,-0.00027,0.00017,3e-05,0,-0,-0.00069,2e-05,-0.00022,3e-05,-1e-05,1e-05,-0
60.26,0.0001,3e-05,-0,4e-05,-0,-0,3e-05,4e-05,2e-05,-0,-0,-4e-05,1e-05,-1e-05,0,-1e-05,0.00011,-0,-0,-0,0.00919,0,-0.00047,0.00016,2e-05,0,-0,-0.00065,2e-05,-0.00021,3e-05,-1e-05,1e-05,-0
60.28,8e-05,3e-05,-0,5e-05,-0,0,-9e-05,3e-05,2e-05,-0,-0,-4e-05,1e-05,-1e-05,0,-1e-05,0.0001,-0,-0,-0,0.0089,-0,-0.00061,0.00014,2e-05,0,-0,-0.00061,1e-05,-0.00017,2e-05,-0,0,-0
60.3,5e-05,4e-05,-0,6e-05,-0,-0,-0.00022,2e-05,2e-05,-0,-0,-3e-05,1e-05,-1e-05,0,-1e-05,9e-05,0,-0,-0,0.00863,-1e-05,-0.0007,0.0001,1e-05,0,-0,-0.00058,0,-0.00011,1e-05,-0,-0,-0
60.32,2e-05,4e-05,-0,7e-05,-0,-0,-0.00039,1e-05,1e-05,-0,0,-3e-05,1e-05,-1e-05,-0,-1e-05,7e-05,0,-0,-0,0.00847,-2e-05,-0.00074,6e-05,0,0,0,-0.00057,-0,-4e-05,-1e-05,0,-0,-0
60.34,-0,5e-05,0,8e-05,-0,-0,-0.00059,0,1e-05,-0,0,-3e-05,1e-05,-1e-05,-0,-1e-05,6e-05,0,-0,-0,0.00848,-2e-05,-0.00074,0,-0,0,0,-0.00058,-1e-05,3e-05,-2e-05,0,-0,-0
60.36,-2e-05,6e-05,0,0.0001,1e-05,0,-0.00083,-1e-05,0,-0,0,-3e-05,1e-05,-1e-05,-0,-0,4e-05,0,-0,-0,0.00869,-2e-05,-0.00071,-6e-05,-1e-05,0,-0,-0.0006,-1e-05,9e-05,-4e-05,1e-05,-0,-0
60.38,-3e-05,8e-05,0,0.00012,2e-05,-0,-0.00111,-2e-05,-0,-0,0,-3e-05,0,-0,-0,-0,1e-05,0,-0,-0,0.0091,-3e-05,-0.00066,-0.00013,-2e-05,0,-0,-0.00064,-2e-05,0.00015,-5e-05,1e-05,-0,-0
60.4,-4e-05,9e-05,0,0.00014,3e-05,-0,-0.00142,-2e-05,-0,-0,0,-3e-05,0,-0,-0,-0,-1e-05,0,-0,-0,0.00967,-3e-05,-0.00059,-0.00019,-3e-05,0,-0,-0.00069,-2e-05,0.0002,-6e-05,1e-05,-0,-0
60.42,-5e-05,0.00011,0,0.00016,5e-05,-0,-0.00177,-3e-05,-1e-05,-0,0,-3e-05,0,0,-0,-0,-4e-05,0,-0,-0,0.01035,-3e-05,-0.00051,-0.00025,-3e-05,0,-0,-0.00075,-2e-05,0.00025,-7e-05,1e-05,-0,-0
60.44,-6e-05,0.00013,0,0.00017,7e-05,0,-0.00213,-3e-05,-1e-05,-0,0,-3e-05,0,0,-0,-0,-8e-05,0,-0,-0,0.01109,-3e-05,-0.00044,-0.00029,-4e-05,0,-0,-0.00082,-2e-05,0.00028,-8e-05,2e-05,-0,-0
60.46,-8e-05,0.00014,1e-05,0.00019,9e-05,-0,-0.00251,-4e-05,-1e-05,-0,0,-3e-05,0,1e-05,0,-0,-0.00011,0,-0,-0,0.01188,-3e-05,-0.00036,-0.00032,-5e-05,1e-05,-0,-0.00089,-3e-05,0.00031,-9e-05,2e-05,-0,-0
60.48,-0.00011,0.00015,1e-05,0.00021,0.00012,-0,-0.0029,-4e-05,-1e-05,-0,0,-3e-05,0,1e-05,0,-0,-0.00015,0,-0,-0,0.01274,-3e-05,-0.00029,-0.00033,-6e-05,1e-05,-0,-0.00097,-3e-05,0.00033,-9e-05,2e-05,-0,-0
60.5,-0.00016,0.00016,1e-05,0.00022,0.00014,-0,-0.00329,-4e-05,-1e-05,0,0,-3e-05,0,2e-05,1e-05,-0,-0.00019,0,-0,-0,0.01369,-2e-05,-0.0002,-0.00032,-7e-05,1e-05,-0,-0.00106,-3e-05,0.00035,-9e-05,2e-05,-0,-0
60.52,-0.00024,0.00016,1e-05,0.00023,0.00017,0,-0.00368,-3e-05,-2e-05,0,0,-3e-05,0,2e-05,1e-05,-0,-0.00023,-0,0,0,0.01478,-2e-05,-0.00011,-0.00031,-8e-05,1e-05,-0,-0.00116,-3e-05,0.00037,-8e-05,2e-05,-0,0
60.54,-0.00035,0.00016,1e-05,0.00024,0.00019,-0,-0.00407,-2e-05,-2e-05,0,0,-3e-05,0,3e-05,2e-05,-0,-0.00028,-0,0,0,0.01605,-1e-05,1e-05,-0.00028,-9e-05,1e-05,-0,-0.00129,-4e-05,0.00039,-8e-05,2e-05,-0,0
60.56,-0.00048,0.00016,1e-05,0.00025,0.00022,-0,-0.00444,-1e-05,-2e-05,-0,0,-3e-05,0,4e-05,2e-05,-0,-0.00032,-0,0,0,0.01755,-1e-05,0.00014,-0.00025,-0.0001,1e-05,-0,-0.00144,-4e-05,0.00041,-7e-05,2e-05,-0,0
60.58,-0.00061,0.00015,1e-05,0.00025,0.00024,-0,-0.0048,0,-2e-05,-1e-05,0,-3e-05,0,4e-05,3e-05,-0,-0.00037,-0,0,0,0.01932,0,0.00028,-0.00021,-0.0001,1e-05,-0,-0.00162,-5e-05,0.00043,-6e-05,2e-05,-0,0
60.6,-0.00076,0.00014,0,0.00026,0.00025,0,-0.00516,2e-05,-2e-05,-2e-05,0,-3e-05,0,4e-05,3e-05,-0,-0.00041,-1e-05,0,1e-05,0.02137,1e-05,0.00043,-0.00017,-0.00011,1e-05,-0,-0.00184,-5e-05,0.00045,-5e-05,3e-05,-0,0
60.62,-0.00091,0.00012,-0,0.00027,0.00027,-0,-0.00553,4e-05,-2e-05,-3e-05,0,-3e-05,-0,5e-05,3e-05,-0,-0.00044,-1e-05,0,1e-05,0.02369,1e-05,0.00056,-0.00013,-0.00012,1e-05,-0,-0.00208,-6e-05,0.00046,-4e-05,3e-05,-1e-05,0
60.64,-0.00104,0.0001,-1e-05,0.00027,0.00027,-0,-0.00589,6e-05,-2e-05,-5e-05,0,-3e-05,-0,5e-05,4e-05,-0,-0.00047,-1e-05,0,1e-05,0.0263,2e-05,0.00068,-9e-05,-0.00012,1e-05,-0,-0.00236,-6e-05,0.00047,-4e-05,4e-05,-1e-05,0
60.66,-0.00112,8e-05,-2e-05,0.00028,0.00027,-0,-0.00626,9e-05,-1e-05,-7e-05,0,-4e-05,-0,5e-05,4e-05,-0,-0.00049,-1e-05,1e-05,1e-05,0.02916,2e-05,0.00078,-5e-05,-0.00013,1e-05,-0,-0.00266,-6e-05,0.00045,-4e-05,4e-05,-1e-05,0
60.68,-0.00114,6e-05,-2e-05,0.00027,0.00027,-0,-0.00663,0.00011,0,-0.0001,0,-4e-05,-0,5e-05,4e-05,-0,-0.00051,-1e-05,1e-05,1e-05,0.03223,1e-05,0.00085,-0,-0.00012,1e-05,-0,-0.00298,-7e-05,0.00043,-4e-05,4e-05,-1e-05,0
60.7,-0.0011,4e-05,-3e-05,0.00027,0.00027,-0,-0.007,0.00014,3e-05,-0.00013,-0,-4e-05,-0,5e-05,4e-05,-0,-0.00051,-1e-05,1e-05,1e-05,0.0354,1e-05,0.00089,5e-05,-0.00012,2e-05,-0,-0.00331,-6e-05,0.00039,-3e-05,5e-05,-1e-05,0
60.72,-0.00099,3e-05,-3e-05,0.00026,0.00026,-0,-0.0074,0.00017,6e-05,-0.00016,-0,-4e-05,-0,5e-05,4e-05,-0,-0.00051,-1e-05,1e-05,1e-05,0.03854,0,0.00091,0.00013,-0.00011,2e-05,-0,-0.00365,-6e-05,0.00034,-3e-05,5e-05,-2e-05,0
60.74,-0.00082,2e-05,-3e-05,0.00025,0.00025,-0,-0.0078,0.00019,9e-05,-0.0002,-0,-4e-05,-1e-05,4e-05,4e-05,-0,-0.0005,-1e-05,1e-05,1e-05,0.04153,-0,0.0009,0.00022,-0.00011,2e-05,-0,-0.00397,-6e-05,0.00028,-2e-05,5e-05,-2e-05,0
60.76,-0.0006,1e-05,-3e-05,0.00023,0.00023,-0,-0.00819,0.00021,0.00015,-0.00023,-0,-4e-05,-1e-05,4e-05,4e-05,0,-0.00048,-0,0,1e-05,0.0443,-1e-05,0.00087,0.00033,-0.0001,2e-05,-0,-0.00427,-5e-05,0.00021,-1e-05,5e-05,-3e-05,0
60.78,-0.00035,0,-2e-05,0.00021,0.00022,-0,-0.00857,0.00022,0.00021,-0.00026,-0,-4e-05,-1e-05,4e-05,5e-05,0,-0.00046,-0,0,1e-05,0.04675,-3e-05,0.00081,0.00045,-9e-05,2e-05,-0,-0.00454,-5e-05,0.00014,1e-05,5e-05,-4e-05,0
60.8,-7e-05,-0,-1e-05,0.00018,0.0002,-0,-0.00892,0.00023,0.00028,-0.00029,-0,-4e-05,-1e-05,4e-05,5e-05,0,-0.00043,-0,0,1e-05,0.04884,-3e-05,0.00072,0.00058,-8e-05,2e-05,-0,-0.00478,-4e-05,7e-05,3e-05,4e-05,-4e-05,0
60.82,0.0002,-1e-05,-0,0.00016,0.00018,-0,-0.00923,0.00022,0.00036,-0.00031,-0,-4e-05,-1e-05,3e-05,5e-05,0,-0.0004,-0,0,1e-05,0.05051,-4e-05,0.00058,0.00068,-7e-05,2e-05,-0,-0.00496,-3e-05,-1e-05,5e-05,4e-05,-5e-05,0
60.84,0.00044,-2e-05,1e-05,0.00014,0.00017,-0,-0.00947,0.00021,0.00044,-0.00033,-0,-3e-05,-1e-05,3e-05,5e-05,-0,-0.00037,-0,0,0,0.05168,-3e-05,0.00039,0.00075,-7e-05,2e-05,-0,-0.00508,-2e-05,-7e-05,6e-05,4e-05,-6e-05,0
60.86,0.00064,-3e-05,2e-05,0.00012,0.00015,-0,-0.00964,0.0002,0.00052,-0.00035,-0,-3e-05,-1e-05,2e-05,5e-05,-0,-0.00033,-0,0,0,0.05228,-3e-05,0.00015,0.00078,-7e-05,2e-05,-0,-0.00514,-1e-05,-0.00013,7e-05,4e-05,-7e-05,0
60.88,0.00078,-5e-05,2e-05,0.0001,0.00013,-0,-0.00972,0.00019,0.00059,-0.00036,-1e-05,-3e-05,-1e-05,2e-05,5e-05,-0,-0.00029,-0,0,0,0.05234,-2e-05,-0.00014,0.00079,-6e-05,2e-05,-0,-0.00513,0,-0.00018,7e-05,4e-05,-7e-05,0
60.9,0.00088,-7e-05,3e-05,8e-05,0.00011,0,-0.00967,0.00018,0.00064,-0.00037,-1e-05,-3e-05,-1e-05,1e-05,5e-05,-1e-05,-0.00024,-0,0,-0,0.05187,-2e-05,-0.00046,0.00077,-6e-05,2e-05,-0,-0.00507,1e-05,-0.00022,7e-05,4e-05,-7e-05,0
60.92,0.00095,-0.0001,3e-05,7e-05,0.0001,0,-0.00949,0.00017,0.00068,-0.00038,-1e-05,-3e-05,-1e-05,-0,4e-05,-1e-05,-0.00019,-0,0,-0,0.05089,-1e-05,-0.0008,0.00074,-6e-05,1e-05,-0,-0.00494,2e-05,-0.00026,7e-05,3e-05,-8e-05,0
60.94,0.00098,-0.00012,3e-05,6e-05,8e-05,0,-0.00914,0.00016,0.00069,-0.00039,-1e-05,-2e-05,-1e-05,-1e-05,4e-05,-1e-05,-0.00013,-0,-0,-0,0.04944,0,-0.00114,0.00071,-6e-05,1e-05,-0,-0.00476,3e-05,-0.00028,6e-05,3e-05,-7e-05,0
60.96,0.001,-0.00014,3e-05,6e-05,6e-05,0,-0.00864,0.00015,0.00067,-0.00039,-1e-05,-2e-05,-0,-3e-05,3e-05,-1e-05,-6e-05,-0,-0,-0,0.04757,1e-05,-0.00145,0.00069,-5e-05,0,-0,-0.00453,3e-05,-0.00029,6e-05,2e-05,-7e-05,0
60.98,0.00101,-0.00015,3e-05,5e-05,5e-05,0,-0.00796,0.00015,0.00062,-0.00039,-1e-05,-2e-05,-0,-5e-05,2e-05,-0,1e-05,-0,-0,-0,0.04529,1e-05,-0.0017,0.00069,-4e-05,-0,0,-0.00426,3e-05,-0.00029,6e-05,2e-05,-6e-05,0
61,0.00103,-0.00016,2e-05,5e-05,3e-05,0,-0.00716,0.00015,0.00057,-0.00038,-1e-05,-2e-05,0,-8e-05,1e-05,0,9e-05,0,-0,-0,0.04263,1e-05,-0.00187,0.00071,-3e-05,-0,0,-0.00395,3e-05,-0.00028,7e-05,1e-05,-4e-05,0
61.02,0.00107,-0.00015,2e-05,4e-05,1e-05,0,-0.00632,0.00013,0.00051,-0.00034,-1e-05,-2e-05,0,-0.0001,-0,1e-05,0.00017,0,-0,-0,0.03964,1e-05,-0.00191,0.00077,-1e-05,-0,0,-0.00361,2e-05,-0.00025,9e-05,0,-3e-05,0
61.04,0.00115,-0.00014,1e-05,3e-05,-0,0,-0.00544,0.0001,0.00046,-0.00028,-2e-05,-1e-05,0,-0.00013,-2e-05,2e-05,0.00024,0,-0,0,0.03633,0,-0.00181,0.00086,1e-05,-0,0,-0.00326,1e-05,-0.00022,0.00011,-0,-1e-05,0
61.06,0.00127,-0.00012,1e-05,1e-05,-2e-05,0,-0.00453,8e-05,0.0004,-0.0002,-2e-05,-1e-05,0,-0.00016,-3e-05,2e-05,0.00031,1e-05,-0,0,0.03272,0,-0.00155,0.00099,3e-05,-0,0,-0.00288,-1e-05,-0.00018,0.00014,-1e-05,0,-0
61.08,0.00143,-9e-05,1e-05,-1e-05,-3e-05,0,-0.00365,5e-05,0.00035,-0.0001,-2e-05,-1e-05,0,-0.00018,-5e-05,3e-05,0.00038,1e-05,-0,1e-05,0.02884,-0,-0.00116,0.00113,6e-05,0,-0,-0.0025,-3e-05,-0.00014,0.00018,-1e-05,2e-05,-0
61.1,0.00161,-6e-05,0,-4e-05,-5e-05,0,-0.00285,3e-05,0.0003,1e-05,-2e-05,-1e-05,-0,-0.0002,-6e-05,3e-05,0.00043,1e-05,0,1e-05,0.02477,0,-0.00067,0.00126,9e-05,1e-05,-0,-0.00212,-5e-05,-0.0001,0.00021,-1e-05,4e-05,-0
61.12,0.00176,-3e-05,0,-7e-05,-6e-05,0,-0.00218,-0,0.00027,0.00013,-2e-05,-0,-0,-0.00022,-7e-05,4e-05,0.00048,2e-05,0,1e-05,0.02061,1e-05,-0.00014,0.00133,0.00012,1e-05,-0,-0.00174,-7e-05,-7e-05,0.00023,-2e-05,5e-05,-0
61.14,0.00188,-0,0,-0.0001,-7e-05,-0,-0.00166,-3e-05,0.00024,0.00025,-1e-05,-0,-1e-05,-0.00022,-8e-05,4e-05,0.00051,2e-05,0,2e-05,0.01637,1e-05,0.00037,0.00134,0.00014,2e-05,-0,-0.00136,-9e-05,-6e-05,0.00024,-2e-05,6e-05,-0
61.16,0.00196,2e-05,0,-0.00012,-8e-05,-0,-0.00129,-5e-05,0.00022,0.00037,-1e-05,-0,-1e-05,-0.00022,-9e-05,4e-05,0.00053,2e-05,0,2e-05,0.01204,2e-05,0.00079,0.00128,0.00016,2e-05,-0,-0.00098,-0.0001,-7e-05,0.00022,-2e-05,7e-05,-0
61.18,0.00196,4e-05,0,-0.00014,-9e-05,0,-0.00107,-6e-05,0.0002,0.00047,-1e-05,0,-1e-05,-0.00021,-9e-05,3e-05,0.00054,2e-05,0,1e-05,0.00756,3e-05,0.00107,0.00114,0.00018,3e-05,-1e-05,-0.00061,-0.0001,-9e-05,0.00019,-2e-05,8e-05,-0
61.2,0.00187,5e-05,0,-0.00015,-9e-05,-0,-0.00096,-8e-05,0.00018,0.00056,-0,0,-1e-05,-0.00021,-9e-05,3e-05,0.00053,2e-05,0,1e-05,0.00291,3e-05,0.00117,0.00095,0.00018,3e-05,-1e-05,-0.00023,-0.0001,-0.00012,0.00015,-2e-05,8e-05,-0
61.22,0.00168,5e-05,0,-0.00016,-9e-05,-0,-0.00096,-8e-05,0.00016,0.00063,-0,1e-05,-1e-05,-0.00019,-8e-05,2e-05,0.00052,1e-05,0,0,-0.00196,4e-05,0.00104,0.00071,0.00018,3e-05,-1e-05,0.00017,-9e-05,-0.00016,0.0001,-2e-05,8e-05,-0
61.24,0.00139,4e-05,0,-0.00016,-9e-05,-0,-0.00104,-8e-05,0.00015,0.00069,-0,1e-05,-1e-05,-0.00018,-7e-05,2e-05,0.00049,1e-05,0,-0,-0.00714,4e-05,0.00068,0.00045,0.00017,3e-05,-1e-05,0.00058,-7e-05,-0.00019,4e-05,-2e-05,8e-05,-0
61.26,0.001,2e-05,-0,-0.00017,-8e-05,-0,-0.00117,-8e-05,0.00014,0.00074,0,1e-05,-1e-05,-0.00017,-6e-05,1e-05,0.00045,1e-05,0,-1e-05,-0.01272,3e-05,0.00014,0.00017,0.00015,2e-05,-0,0.00101,-5e-05,-0.00022,-1e-05,-2e-05,7e-05,-0
61.28,0.00052,-0,-0,-0.00018,-7e-05,-0,-0.00134,-7e-05,0.00013,0.00077,0,1e-05,-1e-05,-0.00016,-4e-05,1e-05,0.00041,0,0,-1e-05,-0.01883,2e-05,-0.00049,-0.0001,0.00013,2e-05,-0,0.00147,-3e-05,-0.00023,-6e-05,-3e-05,6e-05,-0
61.3,-1e-05,-3e-05,-0,-0.00019,-5e-05,-0,-0.00154,-6e-05,0.00012,0.0008,0,1e-05,-1e-05,-0.00015,-2e-05,1e-05,0.00036,0,0,-2e-05,-0.02551,-0,-0.00108,-0.00036,0.0001,1e-05,-0,0.00196,-1e-05,-0.00022,-0.0001,-3e-05,4e-05,-0
61.32,-0.00057,-5e-05,-0,-0.00021,-3e-05,-0,-0.00171,-4e-05,0.00012,0.00083,0,1e-05,-1e-05,-0.00015,0,0,0.00032,0,0,-2e-05,-0.03274,-2e-05,-0.00152,-0.00059,7e-05,0,0,0.00246,1e-05,-0.00019,-0.00012,-4e-05,2e-05,-0
61.34,-0.00113,-6e-05,-0,-0.00024,-1e-05,-0,-0.00188,-3e-05,0.00011,0.00086,0,1e-05,-1e-05,-0.00015,3e-05,0,0.00028,0,0,-1e-05,-0.04046,-4e-05,-0.00167,-0.0008,5e-05,-1e-05,0,0.00298,3e-05,-0.00014,-0.00014,-5e-05,1e-05,0
61.36,-0.00163,-6e-05,0,-0.00027,1e-05,-0,-0.00203,-2e-05,0.0001,0.00089,-0,1e-05,-0,-0.00016,6e-05,0,0.00026,0,0,-1e-05,-0.04848,-6e-05,-0.00146,-0.00097,4e-05,-1e-05,0,0.0035,4e-05,-7e-05,-0.00014,-6e-05,-0,0
61.38,-0.00204,-6e-05,1e-05,-0.00031,3e-05,-0,-0.00217,-1e-05,9e-05,0.00092,-0,1e-05,-0,-0.00018,8e-05,0,0.00025,0,0,-0,-0.05646,-7e-05,-0.00091,-0.00111,3e-05,-2e-05,0,0.00401,5e-05,2e-05,-0.00013,-7e-05,-1e-05,0
61.4,-0.00231,-4e-05,2e-05,-0.00035,5e-05,-0,-0.00228,-1e-05,8e-05,0.00096,-0,1e-05,-0,-0.0002,0.0001,0,0.00024,1e-05,0,0,-0.06389,-8e-05,-6e-05,-0.00121,3e-05,-2e-05,0,0.00447,6e-05,0.00012,-0.00012,-7e-05,-2e-05,0
61.42,-0.00235,-2e-05,3e-05,-0.0004,7e-05,-0,-0.00238,-0,7e-05,0.00099,-0,1e-05,-0,-0.00021,0.00012,0,0.00025,1e-05,0,1e-05,-0.07022,-7e-05,0.00093,-0.00129,4e-05,-2e-05,0,0.00485,7e-05,0.00023,-0.00012,-8e-05,-2e-05,0
61.44,-0.00218,0,4e-05,-0.00043,9e-05,-0,-0.00244,-0,6e-05,0.00104,-0,2e-05,-0,-0.00021,0.00014,0,0.00027,1e-05,0,2e-05,-0.07491,-7e-05,0.00192,-0.00134,6e-05,-2e-05,0,0.00511,7e-05,0.00034,-0.00011,-8e-05,-2e-05,0
61.46,-0.00182,2e-05,5e-05,-0.00045,0.0001,-0,-0.00249,-0,5e-05,0.00108,-0,2e-05,-0,-0.00021,0.00014,0,0.00029,1e-05,0,3e-05,-0.0777,-6e-05,0.00281,-0.0014,7e-05,-2e-05,0,0.00526,7e-05,0.00044,-0.00012,-7e-05,-2e-05,0
61.48,-0.00133,2e-05,6e-05,-0.00046,0.00011,-0,-0.0025,-0,4e-05,0.00111,-0,2e-05,0,-0.0002,0.00014,1e-05,0.00031,1e-05,0,3e-05,-0.07864,-5e-05,0.00353,-0.00146,8e-05,-1e-05,-0,0.00529,6e-05,0.00053,-0.00014,-7e-05,-2e-05,0
61.5,-0.00079,2e-05,7e-05,-0.00045,0.00012,-0,-0.00248,0,4e-05,0.00114,-0,2e-05,0,-0.00018,0.00014,1e-05,0.00033,1e-05,0,3e-05,-0.07787,-4e-05,0.00401,-0.00153,9e-05,-1e-05,-0,0.00521,5e-05,0.00061,-0.00016,-5e-05,-1e-05,0
61.52,-0.00029,1e-05,7e-05,-0.00042,0.00013,-0,-0.00239,0,3e-05,0.00114,-0,2e-05,0,-0.00015,0.00012,0,0.00033,1e-05,0,3e-05,-0.07564,-3e-05,0.0042,-0.00163,0.0001,-1e-05,-0,0.00507,4e-05,0.00067,-0.0002,-4e-05,-0,0
61.54,9e-05,-1e-05,6e-05,-0.00037,0.00013,-0,-0.00226,1e-05,3e-05,0.00113,-0,2e-05,0,-0.00011,0.0001,0,0.00033,1e-05,1e-05,3e-05,-0.07242,-3e-05,0.0041,-0.00175,0.0001,-1e-05,-0,0.00487,3e-05,0.00072,-0.00024,-2e-05,0,0
61.56,0.00032,-3e-05,5e-05,-0.00031,0.00014,-0,-0.00207,1e-05,4e-05,0.00108,-0,2e-05,0,-7e-05,8e-05,0,0.00031,1e-05,1e-05,2e-05,-0.06854,-3e-05,0.00373,-0.00188,8e-05,-1e-05,-0,0.00464,2e-05,0.00075,-0.00028,-0,0,-0
61.58,0.00043,-5e-05,4e-05,-0.00024,0.00014,-0,-0.00184,2e-05,4e-05,0.001,-0,2e-05,-0,-3e-05,6e-05,0,0.00028,1e-05,0,2e-05,-0.06424,-3e-05,0.00314,-0.00198,7e-05,-1e-05,0,0.00439,0,0.00076,-0.00032,1e-05,1e-05,-0
61.6,0.00043,-6e-05,2e-05,-0.00018,0.00014,-0,-0.00158,3e-05,4e-05,0.00089,-0,1e-05,-0,-0,3e-05,0,0.00025,1e-05,0,1e-05,-0.05973,-4e-05,0.0024,-0.00206,4e-05,-1e-05,0,0.00413,-1e-05,0.00075,-0.00034,3e-05,1e-05,-0
61.62,0.00037,-6e-05,-0,-0.00013,0.00013,-0,-0.00132,4e-05,4e-05,0.00076,-0,1e-05,-0,1e-05,0,-0,0.00021,1e-05,0,1e-05,-0.05516,-3e-05,0.00161,-0.00209,2e-05,-2e-05,0,0.0039,-2e-05,0.00073,-0.00035,4e-05,1e-05,-0
61.64,0.00028,-6e-05,-3e-05,-8e-05,0.00012,-0,-0.00105,5e-05,4e-05,0.00061,-0,1e-05,-0,2e-05,-3e-05,-0,0.00018,0,0,0,-0.0507,-2e-05,0.00082,-0.00203,-1e-05,-2e-05,1e-05,0.00367,-3e-05,0.0007,-0.00033,5e-05,1e-05,-0
61.66,0.00017,-4e-05,-5e-05,-4e-05,0.00011,-0,-0.00076,6e-05,4e-05,0.00046,-0,1e-05,-0,2e-05,-5e-05,-0,0.00015,0,0,0,-0.04642,-1e-05,7e-05,-0.00186,-3e-05,-3e-05,1e-05,0.00346,-4e-05,0.00066,-0.00028,5e-05,1e-05,-0
61.68,8e-05,-2e-05,-6e-05,-2e-05,0.0001,-0,-0.00047,7e-05,4e-05,0.00032,-0,1e-05,-0,1e-05,-7e-05,-0,0.00014,0,0,-0,-0.04233,-0,-0.00058,-0.00158,-5e-05,-3e-05,1e-05,0.00327,-4e-05,0.00061,-0.00021,6e-05,1e-05,-0
61.7,-1e-05,0,-8e-05,0,9e-05,-0,-0.00021,8e-05,3e-05,0.00018,-0,1e-05,-0,-1e-05,-8e-05,-0,0.00014,0,0,-1e-05,-0.0385,1e-05,-0.00109,-0.0012,-7e-05,-3e-05,1e-05,0.00308,-4e-05,0.00055,-0.00012,5e-05,1e-05,-0
61.72,-7e-05,3e-05,-9e-05,1e-05,7e-05,-0,2e-05,9e-05,3e-05,7e-05,0,1e-05,-0,-2e-05,-9e-05,-0,0.00015,0,0,-1e-05,-0.03497,2e-05,-0.00143,-0.00075,-7e-05,-3e-05,1e-05,0.0029,-4e-05,0.00049,-1e-05,5e-05,1e-05,-0
61.74,-0.00012,6e-05,-9e-05,2e-05,6e-05,-0,0.00021,0.0001,3e-05,-2e-05,0,1e-05,-0,-3e-05,-0.0001,-0,0.00016,0,0,-1e-05,-0.03171,3e-05,-0.00156,-0.00025,-8e-05,-3e-05,1e-05,0.00272,-4e-05,0.00042,0.00011,4e-05,1e-05,-0
61.76,-0.00016,8e-05,-9e-05,2e-05,4e-05,-0,0.00035,0.0001,2e-05,-7e-05,1e-05,1e-05,-0,-4e-05,-0.0001,-0,0.00018,-0,0,-2e-05,-0.02866,3e-05,-0.0015,0.00025,-7e-05,-3e-05,1e-05,0.00253,-3e-05,0.00035,0.00023,3e-05,1e-05,-0
61.78,-0.00019,0.00011,-8e-05,2e-05,3e-05,0,0.00044,0.0001,2e-05,-9e-05,1e-05,1e-05,0,-5e-05,-0.0001,-0,0.00021,-0,0,-2e-05,-0.02579,3e-05,-0.00126,0.00073,-6e-05,-3e-05,1e-05,0.00233,-2e-05,0.00029,0.00034,3e-05,1e-05,-0
61.8,-0.0002,0.00012,-6e-05,2e-05,1e-05,0,0.00048,0.0001,2e-05,-9e-05,2e-05,1e-05,0,-5e-05,-0.00011,-0,0.00023,-0,0,-2e-05,-0.02305,2e-05,-0.00089,0.00114,-4e-05,-2e-05,0,0.00212,-2e-05,0.00024,0.00044,2e-05,1e-05,-0
61.82,-0.00021,0.00013,-5e-05,2e-05,-1e-05,0,0.00048,9e-05,2e-05,-7e-05,2e-05,1e-05,0,-6e-05,-9e-05,0,0.00024,-0,0,-2e-05,-0.0204,1e-05,-0.00045,0.00146,-3e-05,-1e-05,0,0.00189,-1e-05,0.00021,0.00051,1e-05,1e-05,-0
61.84,-0.0002,0.00013,-3e-05,2e-05,-2e-05,0,0.00045,8e-05,2e-05,-3e-05,3e-05,1e-05,0,-6e-05,-8e-05,0,0.00025,-0,0,-2e-05,-0.01777,-1e-05,-2e-05,0.00165,-1e-05,-0,-0,0.00165,-1e-05,0.00021,0.00055,1e-05,1e-05,-0
61.86,-0.00018,0.00012,-2e-05,2e-05,-4e-05,0,0.00038,7e-05,2e-05,0,3e-05,0,0,-6e-05,-6e-05,0,0.00023,-0,0,-2e-05,-0.01504,-2e-05,0.00036,0.00171,0,1e-05,-0,0.0014,-0,0.00022,0.00056,1e-05,1e-05,-0
61.88,-0.00014,0.00011,-0,1e-05,-5e-05,0,0.0003,6e-05,2e-05,4e-05,3e-05,0,0,-5e-05,-4e-05,0,0.00021,-1e-05,0,-2e-05,-0.01211,-3e-05,0.00065,0.00165,1e-05,1e-05,-0,0.00112,-0,0.00025,0.00052,1e-05,1e-05,-0
61.9,-9e-05,9e-05,1e-05,1e-05,-6e-05,0,0.00021,5e-05,2e-05,7e-05,3e-05,0,0,-4e-05,-3e-05,0,0.00018,-1e-05,0,-1e-05,-0.00884,-4e-05,0.00083,0.00148,2e-05,2e-05,-1e-05,0.0008,-0,0.00028,0.00046,1e-05,1e-05,-0
61.92,-3e-05,6e-05,2e-05,1e-05,-7e-05,0,0.00011,5e-05,2e-05,0.0001,3e-05,0,0,-3e-05,-3e-05,1e-05,0.00014,-1e-05,0,-1e-05,-0.00516,-4e-05,0.00087,0.00123,2e-05,2e-05,-1e-05,0.00046,-0,0.0003,0.00037,2e-05,1e-05,-0
61.94,3e-05,4e-05,2e-05,1e-05,-8e-05,0,2e-05,4e-05,2e-05,0.00011,2e-05,0,0,-2e-05,-2e-05,1e-05,0.00011,-1e-05,0,-1e-05,-0.00099,-3e-05,0.00078,0.00092,2e-05,3e-05,-1e-05,8e-05,-0,0.00029,0.00025,2e-05,1e-05,-0
61.96,8e-05,1e-05,2e-05,1e-05,-9e-05,0,-6e-05,5e-05,2e-05,0.0001,2e-05,0,0,-1e-05,-1e-05,0,7e-05,-1e-05,-0,-1e-05,0.00369,-2e-05,0.00057,0.00058,2e-05,3e-05,-1e-05,-0.00033,-0,0.00025,0.00013,3e-05,1e-05,-0
61.98,0.00014,-1e-05,2e-05,1e-05,-9e-05,0,-0.00013,5e-05,2e-05,6e-05,1e-05,0,0,-0,-0,-0,4e-05,-1e-05,-0,-1e-05,0.00881,-1e-05,0.00023,0.00023,1e-05,3e-05,-1e-05,-0.00077,-0,0.00019,-0,3e-05,1e-05,-0
62,0.00018,-4e-05,1e-05,2e-05,-0.0001,0,-0.00017,6e-05,2e-05,-0,1e-05,0,1e-05,0,0,-0,0,-1e-05,-0,-1e-05,0.01419,0,-0.00019,-0.00011,-1e-05,3e-05,-1e-05,-0.00122,0,0.0001,-0.00012,4e-05,-0,0
62.02,0.00022,-6e-05,1e-05,2e-05,-0.0001,0,-0.00017,7e-05,2e-05,-0.0001,1e-05,0,1e-05,0,-0,-0,-3e-05,-0,-0,-1e-05,0.01961,2e-05,-0.00067,-0.0004,-4e-05,3e-05,-1e-05,-0.00167,0,1e-05,-0.00022,4e-05,-1e-05,0
62.04,0.00025,-8e-05,0,3e-05,-0.0001,0,-0.00015,9e-05,2e-05,-0.00024,1e-05,0,1e-05,0,-0,-0,-7e-05,-0,0,-0,0.02487,3e-05,-0.00116,-0.00063,-7e-05,2e-05,-1e-05,-0.00211,1e-05,-7e-05,-0.0003,5e-05,-3e-05,0
62.06,0.00028,-0.0001,-0,3e-05,-0.0001,0,-9e-05,0.00011,1e-05,-0.00041,1e-05,0,1e-05,-0,-1e-05,-0,-0.00011,-0,0,0,0.02982,4e-05,-0.00164,-0.0008,-0.00012,2e-05,-0,-0.00252,1e-05,-0.00014,-0.00033,5e-05,-4e-05,0
62.08,0.0003,-0.00011,-0,4e-05,-9e-05,0,-2e-05,0.00014,1e-05,-0.00061,1e-05,0,1e-05,0,-2e-05,0,-0.00014,-0,0,0,0.03439,5e-05,-0.00206,-0.00091,-0.00018,1e-05,-0,-0.00292,1e-05,-0.0002,-0.00034,6e-05,-6e-05,1e-05
62.1,0.00032,-0.00012,-0,5e-05,-8e-05,0,5e-05,0.00017,1e-05,-0.00081,1e-05,0,1e-05,1e-05,-3e-05,1e-05,-0.00017,-0,0,1e-05,0.03846,4e-05,-0.00236,-0.00098,-0.00026,-0,0,-0.0033,1e-05,-0.00025,-0.00032,6e-05,-7e-05,1e-05
62.12,0.00034,-0.00013,-0,6e-05,-6e-05,0,0.00011,0.0002,1e-05,-0.00099,1e-05,0,1e-05,1e-05,-3e-05,1e-05,-0.00017,0,0,1e-05,0.04196,4e-05,-0.00251,-0.00104,-0.00034,-1e-05,1e-05,-0.00365,1e-05,-0.00029,-0.00028,7e-05,-8e-05,1e-05
62.14,0.00034,-0.00012,-0,8e-05,-4e-05,-0,0.00014,0.00024,1e-05,-0.00112,0,0,1e-05,2e-05,-2e-05,2e-05,-0.00014,0,0,2e-05,0.04475,3e-05,-0.00247,-0.00111,-0.00043,-2e-05,1e-05,-0.00398,1e-05,-0.00033,-0.00023,9e-05,-8e-05,1e-05
62.16,0.00032,-0.0001,-0,9e-05,-1e-05,-0,0.00014,0.00028,1e-05,-0.0012,0,0,0,3e-05,-2e-05,2e-05,-9e-05,1e-05,1e-05,2e-05,0.04672,2e-05,-0.00222,-0.00122,-0.00053,-4e-05,2e-05,-0.00426,0,-0.00038,-0.00018,0.00011,-8e-05,1e-05
62.18,0.00026,-8e-05,-0,0.00011,1e-05,-0,9e-05,0.0003,1e-05,-0.00122,0,0,0,4e-05,0,3e-05,-2e-05,1e-05,1e-05,3e-05,0.04776,1e-05,-0.00179,-0.00138,-0.00064,-5e-05,2e-05,-0.00448,-0,-0.00044,-0.00015,0.00014,-6e-05,0
62.2,0.00018,-5e-05,-0,0.00012,4e-05,-0,-0,0.00033,1e-05,-0.00118,0,0,-0,5e-05,1e-05,4e-05,6e-05,2e-05,1e-05,3e-05,0.04763,-0,-0.00126,-0.00162,-0.00075,-8e-05,3e-05,-0.00459,-1e-05,-0.00051,-0.00015,0.00017,-2e-05,-0
62.22,8e-05,-2e-05,-0,0.00013,7e-05,-0,-0.00013,0.00034,2e-05,-0.00109,-0,0,-1e-05,6e-05,0,4e-05,0.00015,2e-05,1e-05,3e-05,0.04608,-0,-0.0007,-0.00198,-0.00085,-0.0001,4e-05,-0.00457,-2e-05,-0.0006,-0.0002,0.00022,3e-05,-1e-05
62.24,-4e-05,1e-05,-1e-05,0.00013,9e-05,-0,-0.00029,0.00035,3e-05,-0.00095,-0,-0,-1e-05,8e-05,0,5e-05,0.00023,2e-05,0,3e-05,0.0432,-0,-0.00019,-0.00245,-0.00094,-0.00014,5e-05,-0.00439,-3e-05,-0.00071,-0.00031,0.00028,0.0001,-2e-05
62.26,-0.00017,2e-05,-1e-05,0.00012,0.00011,-0,-0.00046,0.00034,3e-05,-0.00077,-0,-0,-1e-05,8e-05,-0,6e-05,0.00029,2e-05,0,3e-05,0.0392,-0,0.00023,-0.00301,-0.00101,-0.00018,6e-05,-0.00404,-4e-05,-0.00084,-0.00048,0.00034,0.00019,-3e-05
62.28,-0.00029,3e-05,-1e-05,0.0001,0.00011,-0,-0.00065,0.00032,4e-05,-0.00057,-0,-0,-1e-05,5e-05,-1e-05,7e-05,0.00034,2e-05,0,2e-05,0.03442,-0,0.00055,-0.00363,-0.00106,-0.00022,8e-05,-0.00355,-5e-05,-0.00099,-0.00069,0.00039,0.0003,-4e-05
62.3,-0.0004,4e-05,-2e-05,9e-05,0.00011,-0,-0.00084,0.00028,5e-05,-0.00037,-0,-0,-1e-05,3e-05,-1e-05,8e-05,0.00035,2e-05,0,2e-05,0.0294,0,0.00081,-0.00426,-0.00107,-0.00027,9e-05,-0.00298,-7e-05,-0.00114,-0.00094,0.00044,0.00043,-5e-05
62.32,-0.00047,4e-05,-2e-05,7e-05,0.00011,-0,-0.00097,0.00022,5e-05,-0.00019,-1e-05,-0,-0,4e-05,-1e-05,8e-05,0.00034,2e-05,0,1e-05,0.02479,0,0.00103,-0.00485,-0.00105,-0.00032,0.0001,-0.00241,-8e-05,-0.00129,-0.0012,0.00047,0.00058,-7e-05
62.34,-0.00051,4e-05,-2e-05,6e-05,9e-05,-0,-0.00105,0.00016,5e-05,-4e-05,-1e-05,-0,-0,7e-05,-1e-05,9e-05,0.00029,1e-05,0,1e-05,0.02108,0,0.00124,-0.00531,-0.00098,-0.00037,0.00011,-0.00191,-9e-05,-0.00143,-0.00145,0.00046,0.00074,-8e-05
62.36,-0.00052,5e-05,-3e-05,6e-05,7e-05,0,-0.00109,0.0001,5e-05,6e-05,-1e-05,-0,-0,8e-05,-0,0.0001,0.0002,1e-05,0,1e-05,0.01851,0,0.00145,-0.00555,-0.00086,-0.00042,0.00011,-0.00152,-0.00011,-0.00153,-0.00166,0.00043,0.00089,-9e-05
62.38,-0.0005,5e-05,-3e-05,6e-05,5e-05,-0,-0.00109,4e-05,4e-05,0.00011,-0,-0,0,0.0001,1e-05,0.00011,0.0001,1e-05,-0,0,0.01711,0,0.00165,-0.00554,-0.00071,-0.00046,0.00011,-0.00124,-0.00012,-0.00159,-0.00181,0.00036,0.00103,-0.0001
62.4,-0.00045,5e-05,-2e-05,6e-05,3e-05,-0,-0.00106,-2e-05,4e-05,0.00012,-0,-0,0,0.00011,2e-05,0.00011,-2e-05,0,-0,0,0.01668,0,0.00179,-0.00522,-0.00053,-0.00048,0.00011,-0.00106,-0.00012,-0.00158,-0.00189,0.00026,0.00114,-0.0001
62.42,-0.00039,5e-05,-2e-05,6e-05,1e-05,-0,-0.00102,-7e-05,3e-05,0.0001,-0,-0,0,9e-05,4e-05,0.0001,-0.00015,0,-0,0,0.01692,1e-05,0.00182,-0.00457,-0.00032,-0.00049,0.0001,-0.00097,-0.00012,-0.00149,-0.00187,0.00015,0.00121,-0.0001
62.44,-0.00032,5e-05,-2e-05,7e-05,-1e-05,0,-0.00096,-0.00011,3e-05,6e-05,-0,-0,0,6e-05,7e-05,9e-05,-0.00026,0,-0,-0,0.01754,4e-05,0.00172,-0.0036,-0.00012,-0.00047,9e-05,-0.00093,-0.00011,-0.00131,-0.00175,2e-05,0.00121,-9e-05
62.46,-0.00023,5e-05,-2e-05,9e-05,-4e-05,-0,-0.00088,-0.00014,3e-05,2e-05,-0,-0,0,5e-05,0.00011,8e-05,-0.00036,0,-0,-0,0.01827,6e-05,0.00147,-0.00235,9e-05,-0.00043,8e-05,-0.00091,-0.0001,-0.00103,-0.00153,-0.00012,0.00115,-7e-05
62.48,-0.00013,5e-05,-2e-05,0.0001,-5e-05,-0,-0.00077,-0.00017,3e-05,-2e-05,-0,-0,0,4e-05,0.00013,7e-05,-0.00043,0,-0,-0,0.01887,9e-05,0.00108,-0.00086,0.0003,-0.00036,6e-05,-0.00091,-9e-05,-0.00069,-0.0012,-0.00025,0.00103,-5e-05
62.5,-0,4e-05,-1e-05,0.00012,-7e-05,-0,-0.00065,-0.00018,2e-05,-6e-05,-0,-0,0,2e-05,0.00015,5e-05,-0.00048,-0,0,-0,0.01927,0.00013,0.00058,0.00077,0.00049,-0.00028,4e-05,-0.0009,-6e-05,-0.0003,-0.00081,-0.00037,0.00086,-4e-05
62.52,0.00014,4e-05,-1e-05,0.00013,-8e-05,0,-0.00053,-0.00017,2e-05,-8e-05,0,-0,0,0,0.00018,4e-05,-0.00051,-0,0,-0,0.0194,0.00017,-1e-05,0.00236,0.00068,-0.00019,2e-05,-0.00087,-4e-05,9e-05,-0.00039,-0.00047,0.00066,-2e-05
62.54,0.0003,3e-05,-1e-05,0.00014,-9e-05,-0,-0.0004,-0.00016,2e-05,-0.0001,0,0,-0,-0,0.00021,2e-05,-0.00051,-0,0,0,0.01911,0.0002,-0.00065,0.00374,0.00085,-9e-05,1e-05,-0.00081,-2e-05,0.00043,-1e-05,-0.00054,0.00045,-1e-05
62.56,0.00048,2e-05,0,0.00014,-9e-05,-0,-0.00027,-0.00014,2e-05,-0.00012,0,0,-0,0,0.00022,1e-05,-0.00049,0,0,0,0.01827,0.00023,-0.00133,0.00488,0.001,-1e-05,-0,-0.00073,1e-05,0.0007,0.00032,-0.00058,0.00025,-0
62.58,0.00067,1e-05,1e-05,0.00014,-9e-05,-0,-0.00014,-0.00011,2e-05,-0.00013,0,0,-1e-05,1e-05,0.00023,0,-0.00045,0,0,0,0.01687,0.00027,-0.00201,0.00571,0.00113,6e-05,-2e-05,-0.00063,2e-05,0.0009,0.00058,-0.0006,6e-05,0
62.6,0.00085,-0,1e-05,0.00014,-8e-05,-0,-3e-05,-7e-05,2e-05,-0.00013,0,0,-1e-05,2e-05,0.00022,-0,-0.00041,0,0,0,0.01498,0.00028,-0.00268,0.00615,0.00123,0.00012,-2e-05,-0.0005,4e-05,0.001,0.00076,-0.00059,-0.00011,1e-05
62.62,0.001,-2e-05,2e-05,0.00013,-7e-05,-0,7e-05,-4e-05,1e-05,-0.00012,0,0,-1e-05,3e-05,0.00018,-0,-0.00037,0,0,1e-05,0.01271,0.00026,-0.00331,0.00607,0.00131,0.00017,-3e-05,-0.00036,4e-05,0.00102,0.00086,-0.00056,-0.00024,1e-05
62.64,0.0011,-4e-05,3e-05,0.00012,-6e-05,-0,0.00015,-1e-05,1e-05,-0.00011,0,0,-1e-05,3e-05,0.00014,-0,-0.00035,0,0,1e-05,0.01011,0.00022,-0.00388,0.00559,0.00135,0.0002,-3e-05,-0.00021,4e-05,0.00097,0.00089,-0.00051,-0.00035,1e-05
62.66,0.00116,-6e-05,3e-05,0.0001,-5e-05,-0,0.00022,2e-05,1e-05,-0.0001,0,0,-0,3e-05,9e-05,0,-0.00033,0,0,1e-05,0.00731,0.00017,-0.00434,0.00484,0.00134,0.00022,-3e-05,-6e-05,3e-05,0.00086,0.00086,-0.00044,-0.00043,1e-05
62.68,0.00118,-8e-05,3e-05,8e-05,-4e-05,-0,0.00027,4e-05,1e-05,-8e-05,0,0,-0,3e-05,4e-05,0,-0.00033,0,0,1e-05,0.00457,0.00013,-0.00466,0.00389,0.00129,0.00023,-2e-05,9e-05,2e-05,0.00071,0.00078,-0.00037,-0.00047,0
62.7,0.00115,-9e-05,3e-05,7e-05,-3e-05,-0,0.0003,6e-05,1e-05,-7e-05,0,0,0,3e-05,-0,1e-05,-0.00033,0,0,1e-05,0.00223,9e-05,-0.00484,0.00291,0.0012,0.00023,-2e-05,0.00024,1e-05,0.00056,0.00067,-0.0003,-0.00049,-0
62.72,0.0011,-9e-05,3e-05,5e-05,-2e-05,-0,0.00031,8e-05,0,-5e-05,0,0,0,3e-05,-5e-05,1e-05,-0.00033,0,-0,0,0.00065,6e-05,-0.00488,0.00204,0.00108,0.00022,-1e-05,0.00039,-1e-05,0.00042,0.00056,-0.00022,-0.00048,-0
62.74,0.00103,-8e-05,2e-05,4e-05,-1e-05,-0,0.00031,9e-05,0,-4e-05,0,0,1e-05,4e-05,-8e-05,1e-05,-0.00033,0,-0,0,0.0001,4e-05,-0.00476,0.00127,0.00094,0.00021,-1e-05,0.00058,-2e-05,0.0003,0.00044,-0.00015,-0.00045,-1e-05
62.76,0.00098,-5e-05,2e-05,3e-05,-0,-0,0.00031,9e-05,-0,-4e-05,0,0,1e-05,4e-05,-0.00011,1e-05,-0.00031,-0,-0,-0,0.00073,2e-05,-0.0045,0.00064,0.00078,0.00019,-0,0.00084,-3e-05,0.00021,0.00034,-0.0001,-0.00041,-1e-05
62.78,0.00095,0,1e-05,3e-05,-0,-0,0.00029,9e-05,-0,-3e-05,0,0,1e-05,4e-05,-0.00012,1e-05,-0.00028,-0,-0,-0,0.00249,1e-05,-0.00415,0.00017,0.00062,0.00017,0,0.0012,-3e-05,0.00014,0.00025,-5e-05,-0.00035,-1e-05
62.8,0.00096,6e-05,-0,2e-05,0,-0,0.00027,8e-05,-1e-05,-3e-05,0,0,1e-05,5e-05,-0.00013,1e-05,-0.00025,-0,-0,-1e-05,0.00521,0,-0.00376,-0.00012,0.00046,0.00015,1e-05,0.00165,-2e-05,0.0001,0.00018,-1e-05,-0.00028,-1e-05
62.82,0.00105,0.00011,-1e-05,1e-05,0,-0,0.00025,8e-05,-1e-05,-3e-05,1e-05,0,1e-05,5e-05,-0.00013,1e-05,-0.00021,-0,-0,-1e-05,0.0086,-0,-0.00337,-0.00024,0.00031,0.00013,1e-05,0.00215,-1e-05,7e-05,0.00014,2e-05,-0.00021,-1e-05
62.84,0.0012,0.00015,-2e-05,-0,0,-0,0.00022,6e-05,-1e-05,-2e-05,1e-05,0,2e-05,5e-05,-0.00012,0,-0.00016,-0,-0,-1e-05,0.01237,0,-0.00308,-0.00021,0.00017,0.00011,1e-05,0.00266,1e-05,5e-05,0.00011,4e-05,-0.00015,-0
62.86,0.00141,0.00018,-3e-05,-1e-05,0,-0,0.00019,4e-05,-1e-05,-1e-05,1e-05,0,2e-05,5e-05,-0.0001,-0,-0.00012,-0,-0,-2e-05,0.01626,0,-0.0029,-3e-05,5e-05,9e-05,1e-05,0.00313,3e-05,4e-05,0.0001,4e-05,-9e-05,-0
62.88,0.00166,0.00019,-3e-05,-2e-05,0,-0,0.00015,2e-05,-2e-05,-0,1e-05,0,2e-05,5e-05,-8e-05,-1e-05,-7e-05,-0,-0,-2e-05,0.01998,1e-05,-0.00283,0.00025,-6e-05,8e-05,1e-05,0.00351,5e-05,3e-05,0.0001,5e-05,-4e-05,0
62.9,0.00191,0.00019,-3e-05,-3e-05,-0,-0,0.00012,-0,-2e-05,1e-05,1e-05,0,2e-05,4e-05,-5e-05,-1e-05,-3e-05,-0,-0,-2e-05,0.02317,1e-05,-0.00282,0.00058,-0.00014,6e-05,0,0.00376,7e-05,3e-05,0.00011,5e-05,1e-05,1e-05
62.92,0.00209,0.00017,-4e-05,-4e-05,-0,-0,8e-05,-3e-05,-2e-05,2e-05,1e-05,0,3e-05,3e-05,-4e-05,-1e-05,-0,-0,-0,-2e-05,0.02547,2e-05,-0.00285,0.0009,-0.00021,5e-05,0,0.00385,8e-05,2e-05,0.00012,4e-05,4e-05,1e-05
62.94,0.00217,0.00014,-3e-05,-4e-05,-1e-05,-0,5e-05,-4e-05,-2e-05,3e-05,1e-05,0,3e-05,2e-05,-2e-05,-1e-05,3e-05,-0,-0,-2e-05,0.02661,4e-05,-0.00284,0.00118,-0.00025,4e-05,0,0.00378,8e-05,2e-05,0.00013,4e-05,6e-05,1e-05
62.96,0.00214,0.00011,-3e-05,-4e-05,-1e-05,-0,3e-05,-5e-05,-2e-05,4e-05,1e-05,0,3e-05,1e-05,-1e-05,-1e-05,4e-05,-0,-0,-2e-05,0.02642,4e-05,-0.00276,0.00135,-0.00027,3e-05,0,0.00355,8e-05,2e-05,0.00013,3e-05,7e-05,1e-05
62.98,0.00199,8e-05,-2e-05,-4e-05,-1e-05,-0,1e-05,-6e-05,-2e-05,4e-05,1e-05,0,3e-05,1e-05,0,-1e-05,5e-05,-0,-0,-2e-05,0.02484,5e-05,-0.00258,0.00141,-0.00026,2e-05,-0,0.00318,8e-05,2e-05,0.00013,3e-05,8e-05,1e-05
63,0.00185,6e-05,-2e-05,-4e-05,-1e-05,0,-1e-05,-6e-05,-1e-05,5e-05,1e-05,0,3e-05,0,1e-05,-1e-05,6e-05,-0,-0,-2e-05,0.02329,5e-05,-0.00239,0.00147,-0.00026,1e-05,-0,0.00279,7e-05,2e-05,0.00012,2e-05,8e-05,1e-05
