T,J7,J8,J9,J10,J11,J12,J13,J14,J15,J16,J17,J18,J19,J20,J21,J22,J23,J24,J25,J26,J27,J28,J29,J30,J31,J32,J33,J34,J35,J36,J37,J38,J39,J40
0,0.4398,0.44673,0.09843,1.15314,0.01081,-0.00363,-0.09212,-7.06047,-0.87574,1.97231,0.03494,-0.04474,-0.24265,1.93269,4.83477,0.70343,1.91785,-0.02914,-0.10966,0.19605,-2.30786,-1.76979,0.16007,-2.68421,0.31581,-0.05711,-0.01975,-3.65474,-0.00124,-0.00035,-2.26926,0.33869,0.01439,-0.00927
0.02,0.62696,0.47417,0.14897,1.1683,0.00644,-0.00414,-0.08455,-7.05473,-0.87679,1.96641,0.0342,-0.04551,-0.24194,1.93427,4.85465,0.70909,1.91074,-0.02847,-0.11079,0.19503,-2.3023,-1.75552,0.15988,-2.68001,0.3158,-0.057,-0.01967,-3.66224,0.00905,-0.00199,-2.26678,0.33871,0.0144,-0.00931
0.04,0.82232,0.51455,0.21204,1.18334,0.00223,-0.00473,-0.07658,-7.04758,-0.87688,1.96054,0.03347,-0.04605,-0.24115,1.93575,4.87748,0.7152,1.90278,-0.02773,-0.11204,0.19392,-2.29384,-1.7376,0.16014,-2.67591,0.31577,-0.05689,-0.01957,-3.67154,0.02331,-0.00404,-2.26382,0.33874,0.01444,-0.00932
0.06,1.01362,0.57183,0.28409,1.19713,-0.00144,-0.00538,-0.06815,-7.03985,-0.87574,1.95521,0.03281,-0.04629,-0.24034,1.93707,4.90069,0.72141,1.89472,-0.02698,-0.11329,0.19283,-2.28299,-1.71636,0.1609,-2.67213,0.31572,-0.05676,-0.01944,-3.68321,0.03929,-0.00626,-2.26053,0.33878,0.01451,-0.00933
0.08,1.20363,0.65167,0.35953,1.20871,-0.00438,-0.00614,-0.05978,-7.02957,-0.87367,1.94998,0.03215,-0.04636,-0.23952,1.93884,4.92184,0.72742,1.88724,-0.02622,-0.11454,0.19181,-2.27234,-1.6929,0.16209,-2.66845,0.31564,-0.05668,-0.01932,-3.69864,0.05708,-0.00861,-2.2564,0.33884,0.01455,-0.00934
0.1,1.35383,0.75608,0.43121,1.2173,-0.00549,-0.00696,-0.05003,-7.02385,-0.8696,1.9474,0.03173,-0.04575,-0.23887,1.93874,4.93668,0.73224,1.88216,-0.02573,-0.11535,0.19114,-2.25904,-1.67154,0.16421,-2.66569,0.31555,-0.05648,-0.01914,-3.72074,0.07177,-0.01069,-2.25383,0.3389,0.01471,-0.00928
0.12,1.42454,0.88856,0.49066,1.22282,-0.00344,-0.00777,-0.03693,-7.03148,-0.86227,1.9505,0.03185,-0.04383,-0.2386,1.93356,4.93997,0.73477,1.88154,-0.02584,-0.11524,0.19115,-2.2392,-1.65904,0.16802,-2.66434,0.31548,-0.05587,-0.01879,-3.75524,0.07904,-0.01221,-2.25594,0.33892,0.0152,-0.00902
0.14,1.43329,1.06179,0.52696,1.22366,0.00208,-0.00854,-0.0225,-7.045,-0.85295,1.95726,0.03228,-0.04118,-0.23866,1.92601,4.92801,0.73462,1.88633,-0.02643,-0.11431,0.19188,-2.2199,-1.65508,0.17287,-2.66412,0.31541,-0.05514,-0.01841,-3.79859,0.07714,-0.0128,-2.2603,0.33893,0.0158,-0.0087
0.16,1.39206,1.28904,0.52768,1.21847,0.01148,-0.0092,-0.00848,-7.05888,-0.84277,1.96607,0.03282,-0.03826,-0.23903,1.91817,4.89588,0.73124,1.89744,-0.02745,-0.11259,0.1934,-2.20583,-1.66209,0.1785,-2.66417,0.31531,-0.05451,-0.0181,-3.84901,0.06407,-0.01203,-2.26488,0.33895,0.01631,-0.00845
0.18,1.28813,1.58366,0.48019,1.20822,0.02637,-0.00958,0.00615,-7.07791,-0.83158,1.97824,0.0336,-0.03489,-0.23985,1.90839,4.8352,0.72382,1.91638,-0.02911,-0.10973,0.1959,-2.19635,-1.68468,0.1852,-2.66387,0.31523,-0.05376,-0.01777,-3.90789,0.03544,-0.00944,-2.27078,0.33896,0.01688,-0.00818
0.2,1.09748,1.93495,0.374,1.19068,0.04712,-0.00955,0.01995,-7.10072,-0.81984,1.99406,0.03457,-0.0312,-0.2412,1.89708,4.74763,0.71079,1.94492,-0.03144,-0.10553,0.19959,-2.1948,-1.72601,0.19291,-2.6655,0.31514,-0.05334,-0.01766,-3.97252,-0.00977,-0.00476,-2.27861,0.33897,0.01728,-0.00803
0.22,0.79636,2.33289,0.2001,1.16332,0.07427,-0.00891,0.02999,-7.12299,-0.80825,2.01291,0.03567,-0.02746,-0.24315,1.88513,4.63514,0.69032,1.98434,-0.03442,-0.09989,0.20464,-2.20756,-1.78864,0.2015,-2.67146,0.31496,-0.05375,-0.01801,-4.03913,-0.07227,0.00222,-2.28876,0.33896,0.01717,-0.00818
0.24,0.39889,2.78904,-0.04779,1.13033,0.10897,-0.00747,0.03915,-7.15375,-0.79702,2.03645,0.037,-0.02354,-0.24582,1.87081,4.48777,0.66282,2.03402,-0.03817,-0.0925,0.21093,-2.22975,-1.87462,0.21131,-2.67932,0.31477,-0.05453,-0.01861,-4.10812,-0.15501,0.01193,-2.30104,0.33892,0.01686,-0.00847
0.26,-0.0804,3.31648,-0.37193,1.09536,0.15223,-0.00497,0.04874,-7.19879,-0.78647,2.0657,0.03864,-0.01945,-0.24935,1.85269,4.29659,0.62851,2.09296,-0.04278,-0.08324,0.2183,-2.25864,-1.98531,0.22266,-2.68678,0.3146,-0.05527,-0.01926,-4.17914,-0.25989,0.02463,-2.31494,0.33886,0.01659,-0.00876
0.28,-0.65507,3.90341,-0.76836,1.05752,0.20337,-0.00132,0.05476,-7.25284,-0.77707,2.09964,0.04056,-0.01536,-0.25378,1.83005,4.05836,0.58635,2.16052,-0.04824,-0.07208,0.2267,-2.2998,-2.12144,0.23553,-2.69319,0.31446,-0.05592,-0.01993,-4.24855,-0.3876,0.0402,-2.33048,0.33872,0.0161,-0.00918
0.3,-1.285,4.51335,-1.20915,1.02401,0.26256,0.00375,0.06756,-7.34097,-0.76853,2.1448,0.04292,-0.01095,-0.2594,1.80466,3.7968,0.53926,2.23297,-0.05423,-0.05936,0.23563,-2.34028,-2.2757,0.24965,-2.70236,0.31427,-0.05698,-0.02083,-4.3109,-0.53061,0.05836,-2.34731,0.33858,0.01577,-0.00958
0.32,-1.92073,5.10063,-1.65661,1.00031,0.32896,0.01037,0.09616,-7.48174,-0.76027,2.20658,0.04584,-0.0059,-0.26643,1.77799,3.53726,0.49026,2.30405,-0.06023,-0.04579,0.24435,-2.36573,-2.44031,0.26488,-2.7191,0.31394,-0.05901,-0.02221,-4.35807,-0.68076,0.07879,-2.36446,0.33853,0.01609,-0.00973
0.34,-2.56202,5.65829,-2.08151,0.98578,0.39984,0.01838,0.13411,-7.65728,-0.75216,2.2807,0.04921,-0.00056,-0.27466,1.7484,3.27998,0.43917,2.3697,-0.06609,-0.03181,0.2524,-2.38863,-2.61323,0.28082,-2.73863,0.31352,-0.06139,-0.02375,-4.39025,-0.83841,0.10057,-2.3824,0.33843,0.01655,-0.00985
0.36,-3.20323,6.18717,-2.45396,0.97837,0.47205,0.02755,0.17307,-7.84463,-0.74388,2.36049,0.05277,0.00474,-0.28358,1.71355,3.02446,0.38691,2.42532,-0.07156,-0.01817,0.25927,-2.4196,-2.79307,0.29714,-2.75685,0.31307,-0.06359,-0.02518,-4.40575,-1.00463,0.12287,-2.40119,0.33818,0.0168,-0.01009
0.38,-3.81451,6.6753,-2.74929,0.97038,0.53933,0.0372,0.2004,-8.00997,-0.73552,2.43428,0.05625,0.0098,-0.2921,1.67423,2.76888,0.3367,2.46516,-0.07618,-0.00649,0.2644,-2.45074,-2.97757,0.31386,-2.77469,0.31255,-0.06587,-0.02665,-4.40022,-1.17738,0.14535,-2.42141,0.33781,0.01708,-0.01037
0.4,-4.25926,7.06335,-2.87086,0.99191,0.60361,0.04757,0.25843,-8.20423,-0.72398,2.51675,0.05966,0.01483,-0.30047,1.63377,2.60995,0.29553,2.47606,-0.07897,0.00301,0.26599,-2.48404,-3.14089,0.32842,-2.79329,0.31199,-0.06796,-0.02791,-4.3666,-1.33089,0.16509,-2.43989,0.33731,0.01718,-0.01069
0.42,-4.37899,7.27133,-2.74255,1.07862,0.67029,0.05934,0.40889,-8.45005,-0.70247,2.62465,0.06292,0.01943,-0.30921,1.5815,2.65386,0.26783,2.44176,-0.07882,0.01042,0.26172,-2.52081,-3.25523,0.33805,-2.81375,0.31142,-0.06954,-0.02868,-4.30041,-1.43845,0.17906,-2.45357,0.3367,0.01679,-0.01108
0.44,-4.18821,7.37925,-2.42855,1.19451,0.72262,0.0703,0.60636,-8.57135,-0.67219,2.70923,0.06499,0.02269,-0.31447,1.52845,2.81677,0.25565,2.36876,-0.07589,0.01309,0.25276,-2.55602,-3.33202,0.34369,-2.8347,0.31083,-0.07089,-0.02921,-4.19632,-1.51138,0.18831,-2.4639,0.33601,0.01623,-0.01147
0.46,-3.79454,7.49432,-1.95917,1.30905,0.74921,0.0788,0.7903,-8.49051,-0.62966,2.73812,0.06523,0.02582,-0.31313,1.48208,3.02662,0.26175,2.27494,-0.07101,0.00968,0.24161,-2.58437,-3.38283,0.34635,-2.85457,0.31025,-0.07223,-0.02969,-4.05152,-1.56213,0.19404,-2.47179,0.33525,0.01572,-0.01186
0.48,-3.29141,7.60777,-1.31912,1.43325,0.76224,0.08623,0.97975,-8.21862,-0.55695,2.72901,0.06393,0.03093,-0.30604,1.41422,3.30118,0.28637,2.17059,-0.06477,0.00174,0.22942,-2.59781,-3.40213,0.34563,-2.87384,0.30969,-0.07353,-0.0301,-3.86147,-1.58804,0.19607,-2.47421,0.33452,0.01509,-0.01233
0.5,-2.53029,7.74362,-0.50755,1.55973,0.72851,0.08792,1.14438,-7.75647,-0.47565,2.66057,0.06119,0.03788,-0.29202,1.41915,3.64178,0.33548,2.08242,-0.05823,-0.01122,0.21922,-2.60834,-3.35611,0.33704,-2.89192,0.30923,-0.07453,-0.03022,-3.61535,-1.55157,0.1911,-2.46849,0.33391,0.01455,-0.01262
0.52,-1.40477,7.91033,0.35882,1.6771,0.6094,0.07834,1.23681,-7.19817,-0.41804,2.52139,0.05702,0.04505,-0.271,1.58071,4.04258,0.40863,2.05901,-0.05345,-0.02769,0.21618,-2.62855,-3.20906,0.31584,-2.90804,0.30898,-0.075,-0.02986,-3.30075,-1.41394,0.17593,-2.45039,0.33359,0.01437,-0.0124
0.54,-0.25676,7.99835,1.06582,1.78978,0.45141,0.06328,1.29321,-6.62661,-0.3655,2.36344,0.05188,0.05187,-0.24816,1.7945,4.43923,0.48263,2.11339,-0.05189,-0.04115,0.22148,-2.63739,-2.98755,0.28565,-2.92167,0.30892,-0.07514,-0.02918,-2.922,-1.20545,0.15383,-2.41752,0.33373,0.01433,-0.01195
0.56,0.69676,7.88744,1.5301,1.89977,0.29118,0.04732,1.34669,-6.07982,-0.30717,2.22244,0.04648,0.05774,-0.22736,1.994,4.80582,0.53962,2.22435,-0.0532,-0.04839,0.23287,-2.61715,-2.71775,0.2501,-2.93291,0.309,-0.07517,-0.02836,-2.48618,-0.95599,0.12818,-2.36662,0.33457,0.01424,-0.01151
0.58,1.49353,7.48055,1.74125,2.00428,0.11353,0.02819,1.39262,-5.59882,-0.26373,2.09727,0.04103,0.06105,-0.20917,2.18609,5.1756,0.57105,2.37795,-0.05655,-0.04948,0.24854,-2.56826,-2.39728,0.20925,-2.94263,0.30918,-0.07525,-0.0275,-1.99751,-0.66196,0.09937,-2.29255,0.33634,0.01412,-0.01101
0.6,2.31554,6.79633,1.63155,2.10349,-0.05333,0.00925,1.46375,-5.23659,-0.26256,1.99828,0.0356,0.05756,-0.19545,2.43147,5.45691,0.58373,2.56334,-0.0622,-0.04546,0.26795,-2.49917,-2.0117,0.16067,-2.94733,0.30966,-0.07476,-0.02618,-1.45275,-0.30322,0.06584,-2.19765,0.33933,0.01426,-0.01027
0.62,3.47509,5.93456,1.30341,2.19785,-0.17721,-0.00541,1.59737,-5.02661,-0.31822,1.9393,0.03061,0.04526,-0.18775,2.8346,5.57303,0.61379,2.76708,-0.07033,-0.04134,0.29059,-2.41745,-1.54766,0.10221,-2.94283,0.31064,-0.07313,-0.02395,-0.86503,0.1382,0.0262,-2.08194,0.34387,0.01483,-0.00915
0.64,4.86997,4.78246,1.03545,2.28739,-0.28441,-0.01894,1.77565,-4.92763,-0.41213,1.92353,0.02689,0.02874,-0.18559,3.3185,5.62886,0.6746,2.95123,-0.07831,-0.04057,0.31166,-2.32103,-1.03692,0.03914,-2.93341,0.31186,-0.07099,-0.02132,-0.24413,0.63499,-0.0164,-1.94295,0.35017,0.01572,-0.0078
0.66,6.27709,3.25395,0.93524,2.37249,-0.39306,-0.03343,1.98822,-4.90091,-0.52693,1.94624,0.02487,0.01146,-0.18801,3.77021,5.70148,0.75385,3.08864,-0.08415,-0.04261,0.32732,-2.20502,-0.51229,-0.02365,-2.9229,0.3131,-0.06896,-0.01876,0.3904,1.15608,-0.05868,-1.77655,0.35842,0.01675,-0.00642
0.68,7.72241,1.4505,1.01864,2.45281,-0.49416,-0.04759,2.23194,-4.93755,-0.65854,2.00005,0.02466,-0.00575,-0.19395,4.19357,5.75229,0.85528,3.17463,-0.08791,-0.04774,0.33704,-2.06848,0.02341,-0.08616,-2.911,0.31429,-0.06723,-0.0163,0.98772,1.69859,-0.09971,-1.56779,0.36885,0.01761,-0.00516
0.7,9.19677,-0.62881,1.29947,2.52998,-0.58347,-0.06025,2.53304,-4.98526,-0.80053,2.08891,0.02597,-0.02325,-0.2039,4.58544,5.76944,0.99063,3.2057,-0.08932,-0.05699,0.34091,-1.93834,0.54823,-0.14557,-2.89595,0.31564,-0.06486,-0.01356,1.64315,2.24841,-0.14092,-1.36322,0.38102,0.01909,-0.00398
0.72,10.70276,-2.98214,1.74964,2.60462,-0.65883,-0.0703,2.92857,-4.98599,-0.95141,2.21462,0.02791,-0.04269,-0.21801,4.9385,5.74979,1.17006,3.18241,-0.08835,-0.07096,0.33966,-1.84538,1.04164,-0.19925,-2.87655,0.31738,-0.06058,-0.00995,2.46917,2.77477,-0.18515,-1.22051,0.39404,0.02179,-0.00328
0.74,12.1687,-5.42233,2.30525,2.67649,-0.72102,-0.07811,3.37418,-4.93731,-1.10367,2.34774,0.02997,-0.06236,-0.23232,5.22878,5.69028,1.37294,3.10908,-0.08539,-0.08774,0.33325,-1.7694,1.50355,-0.24787,-2.85682,0.3191,-0.05565,-0.00606,3.33562,3.24136,-0.22693,-1.09096,0.40732,0.02443,-0.00367
0.76,13.49173,-7.78378,2.89746,2.74543,-0.77323,-0.08435,3.81605,-4.84425,-1.24771,2.46131,0.03178,-0.08002,-0.2434,5.43406,5.59966,1.57359,2.9952,-0.08085,-0.10481,0.32195,-1.69374,1.93287,-0.2919,-2.83922,0.32056,-0.05116,-0.00239,4.12385,3.63881,-0.26185,-0.93546,0.42034,0.02611,-0.00532
0.78,14.6647,-9.98472,3.46949,2.80872,-0.81715,-0.08876,4.24129,-4.68821,-1.383,2.54431,0.03233,-0.09581,-0.25002,5.55582,5.47401,1.76365,2.85072,-0.07532,-0.12053,0.30705,-1.63014,2.32863,-0.33108,-2.82076,0.32191,-0.04625,0.0015,4.83184,3.98352,-0.29351,-0.77676,0.43225,0.02689,-0.00816
0.8,15.62482,-12.00482,3.99997,2.87612,-0.8467,-0.09119,4.64106,-4.45932,-1.49637,2.60212,0.03217,-0.10973,-0.25259,5.61144,5.31746,1.94533,2.67718,-0.06831,-0.13683,0.28851,-1.58578,2.66713,-0.36347,-2.8099,0.32286,-0.04225,0.0048,5.5088,4.2161,-0.31432,-0.62847,0.44159,0.02752,-0.01173
0.82,16.32274,-13.87002,4.47079,2.96044,-0.85537,-0.09181,5.01731,-4.16112,-1.58348,2.6431,0.03188,-0.12273,-0.25182,5.63108,5.14371,2.12495,2.47005,-0.05864,-0.15592,0.26539,-1.56088,2.9269,-0.38763,-2.81527,0.32305,-0.04096,0.00647,6.20249,4.2829,-0.31476,-0.51469,0.44674,0.0293,-0.01503
0.84,16.78328,-15.47803,4.81882,3.04891,-0.85338,-0.09117,5.34315,-3.81428,-1.65785,2.64993,0.02997,-0.13504,-0.24591,5.61232,4.95872,2.28418,2.24267,-0.04746,-0.1735,0.23911,-1.55628,3.13185,-0.40549,-2.8281,0.32289,-0.04066,0.00749,6.8274,4.2971,-0.30927,-0.43021,0.44846,0.03178,-0.01758
0.86,17.02336,-16.75357,5.012,3.13154,-0.84897,-0.08977,5.59086,-3.44065,-1.72424,2.61069,0.02548,-0.14572,-0.2338,5.55636,4.75472,2.40792,2.01297,-0.03618,-0.18617,0.2119,-1.56623,3.30783,-0.41921,-2.84086,0.32268,-0.04004,0.00863,7.31016,4.3512,-0.3156,-0.37777,0.44761,0.03488,-0.01873
0.88,17.02474,-17.76755,5.06767,3.21575,-0.84068,-0.08802,5.76412,-3.04809,-1.78382,2.5261,0.01829,-0.15468,-0.21581,5.48489,4.51959,2.50029,1.78288,-0.02459,-0.19475,0.18432,-1.57893,3.4635,-0.42999,-2.85499,0.32225,-0.03991,0.00942,7.66292,4.4356,-0.33958,-0.41163,0.44287,0.04039,-0.01704
0.9,16.8585,-18.4005,4.99157,3.28988,-0.83089,-0.08569,5.86653,-2.67384,-1.83392,2.41503,0.00969,-0.1622,-0.1937,5.40442,4.2924,2.56061,1.5699,-0.01383,-0.19937,0.15791,-1.61896,3.57697,-0.43531,-2.87366,0.32176,-0.03946,0.01028,7.92352,4.60503,-0.38555,-0.43755,0.439,0.04637,-0.01344
0.92,16.66423,-18.54082,4.80406,3.34024,-0.82233,-0.08228,5.91133,-2.3497,-1.87378,2.29876,0.00057,-0.16898,-0.16883,5.32432,4.11024,2.59142,1.39371,-0.00495,-0.20007,0.13429,-1.71276,3.62389,-0.43231,-2.89921,0.32139,-0.03751,0.0118,8.12512,4.91428,-0.45051,-0.35193,0.44154,0.05005,-0.00967
0.94,16.39567,-18.41483,4.55458,3.38018,-0.81446,-0.07874,5.90913,-2.06334,-1.91051,2.16362,-0.01017,-0.17382,-0.14078,5.25578,3.92892,2.59962,1.24493,0.00283,-0.19752,0.11342,-1.82694,3.63501,-0.42493,-2.9279,0.32099,-0.03526,0.01333,8.2345,5.30558,-0.53235,-0.27937,0.44539,0.0543,-0.00412
0.96,16.00049,-18.21963,4.28019,3.42065,-0.8082,-0.07604,5.8693,-1.79941,-1.94761,1.99992,-0.02306,-0.17565,-0.10952,5.19798,3.71324,2.58818,1.11479,0.00989,-0.19233,0.09512,-1.93249,3.64114,-0.41714,-2.95563,0.32047,-0.03345,0.01452,8.22334,5.71535,-0.63111,-0.31849,0.44608,0.06103,0.00412
0.98,15.51307,-17.98512,4.0023,3.45914,-0.80532,-0.07413,5.8088,-1.54972,-1.98485,1.81472,-0.03848,-0.17489,-0.07425,5.14607,3.46881,2.559,1.0065,0.0159,-0.18488,0.0794,-2.03258,3.63858,-0.40883,-2.98136,0.31993,-0.03145,0.01576,8.08796,6.12681,-0.73926,-0.44877,0.44413,0.06837,0.01363
1,14.98709,-17.74731,3.74677,3.49358,-0.80536,-0.07364,5.73748,-1.34683,-2.01823,1.63136,-0.05247,-0.1702,-0.04243,5.10666,3.22895,2.52074,0.91748,0.02098,-0.17631,0.06653,-2.14594,3.61318,-0.39921,-3.0116,0.31927,-0.03014,0.01638,7.88276,6.49983,-0.84425,-0.60545,0.44059,0.0763,0.02366
1.02,14.50456,-17.52165,3.51915,3.5226,-0.80679,-0.0752,5.66483,-1.21067,-2.04041,1.47576,-0.06011,-0.16209,-0.0226,5.08809,3.02667,2.4824,0.8423,0.02525,-0.16802,0.05654,-2.29042,3.55188,-0.38744,-3.05245,0.3184,-0.03042,0.01575,7.66612,6.80115,-0.92996,-0.71577,0.43615,0.08533,0.03367
1.04,14.05192,-17.35803,3.3149,3.54998,-0.81139,-0.07849,5.60164,-1.09315,-2.05393,1.3364,-0.06487,-0.1527,-0.00816,5.08002,2.8339,2.44206,0.78063,0.02864,-0.15983,0.04875,-2.44753,3.47058,-0.37524,-3.09846,0.3175,-0.03137,0.01455,7.38641,7.00232,-0.99225,-0.83061,0.4286,0.09346,0.04257
1.06,13.60078,-17.3087,3.13983,3.57955,-0.82046,-0.08322,5.55261,-0.9587,-2.06311,1.20029,-0.07001,-0.14266,0.00662,5.07552,2.62821,2.39994,0.73134,0.03123,-0.15164,0.04256,-2.59688,3.3871,-0.36445,-3.14408,0.31668,-0.03215,0.01344,7.02568,7.08547,-1.03576,-0.99662,0.41651,0.09952,0.04978
1.08,13.19257,-17.36285,2.99668,3.61087,-0.83207,-0.0892,5.51638,-0.80428,-2.06653,1.07338,-0.07427,-0.13182,0.01953,5.0785,2.42246,2.36149,0.69055,0.03331,-0.14407,0.03766,-2.73569,3.30692,-0.35537,-3.18741,0.31604,-0.03235,0.01281,6.64298,7.05756,-1.05845,-1.17039,0.40088,0.10407,0.05518
1.1,12.81714,-17.51461,2.8702,3.64482,-0.84749,-0.09687,5.49912,-0.65705,-2.06426,0.96687,-0.07694,-0.121,0.02917,5.09096,2.22727,2.32757,0.65907,0.03468,-0.13694,0.03418,-2.87445,3.21356,-0.347,-3.24006,0.31534,-0.03366,0.0113,6.23686,6.8816,-1.05815,-1.35246,0.38236,0.10534,0.05781
1.12,12.44927,-17.7393,2.73803,3.68385,-0.86807,-0.10671,5.50572,-0.54334,-2.05472,0.88894,-0.07751,-0.11104,0.03484,5.11479,2.04993,2.29808,0.63653,0.0352,-0.12977,0.0321,-3.0193,3.09192,-0.33839,-3.31392,0.31427,-0.03815,0.00736,5.80737,6.53029,-1.03539,-1.5465,0.36191,0.10133,0.05654
1.14,12.15253,-18.00052,2.60769,3.72724,-0.88991,-0.11763,5.52839,-0.43406,-2.03901,0.83257,-0.07637,-0.1017,0.03737,5.15104,1.88779,2.27603,0.62064,0.03523,-0.12319,0.03103,-3.14619,2.9679,-0.33086,-3.39598,0.31316,-0.04361,0.00274,5.42187,6.06644,-0.9976,-1.72192,0.34079,0.09437,0.05232
1.16,11.9806,-18.2773,2.49261,3.77506,-0.90971,-0.12859,5.56234,-0.3049,-2.0217,0.78952,-0.07446,-0.0927,0.03821,5.19993,1.73727,2.26466,0.60943,0.0351,-0.11775,0.03062,-3.22852,2.8658,-0.32588,-3.47293,0.31236,-0.0482,-0.00101,5.146,5.54489,-0.95051,-1.85247,0.32047,0.0862,0.04601
1.18,11.94568,-18.56094,2.39476,3.83197,-0.92751,-0.13951,5.60708,-0.1621,-2.00534,0.75753,-0.07213,-0.08419,0.03792,5.26132,1.60254,2.26681,0.59891,0.03496,-0.11351,0.03056,-3.24838,2.792,-0.32422,-3.54248,0.312,-0.05267,-0.00432,5.03822,4.97682,-0.89346,-1.90796,0.30263,0.07586,0.03699
1.2,12.09216,-18.7382,2.29041,3.89017,-0.93922,-0.14967,5.66417,-0.03041,-1.9882,0.74755,-0.06834,-0.07704,0.03462,5.3333,1.48246,2.2724,0.60107,0.03428,-0.10986,0.03168,-3.22719,2.72303,-0.32348,-3.61268,0.3119,-0.0567,-0.00725,5.00773,4.39684,-0.83786,-1.94053,0.28804,0.06577,0.02727
1.22,12.46111,-18.68082,2.15518,3.94017,-0.94056,-0.15831,5.7354,0.06579,-1.967,0.77145,-0.06193,-0.07204,0.0262,5.4159,1.37214,2.26938,0.62985,0.03245,-0.10612,0.03491,-3.19308,2.63359,-0.32092,-3.69062,0.31201,-0.05982,-0.00981,4.93951,3.85152,-0.79123,-2.00921,0.2777,0.05875,0.01927
1.24,13.06704,-18.42046,2.01126,3.99354,-0.93163,-0.1653,5.81542,0.14386,-1.94683,0.81458,-0.05451,-0.06844,0.01536,5.50753,1.27156,2.266,0.67238,0.03001,-0.10257,0.03934,-3.10401,2.54486,-0.3188,-3.76129,0.31277,-0.06248,-0.01194,4.94158,3.36581,-0.7457,-2.04715,0.27292,0.05323,0.01203
1.26,13.9245,-17.99137,1.87979,4.05969,-0.91266,-0.17047,5.89861,0.2215,-1.93278,0.86335,-0.04741,-0.06564,0.00442,5.60423,1.17974,2.26989,0.71774,0.02743,-0.09965,0.04415,-2.92605,2.47889,-0.31981,-3.80798,0.3148,-0.06494,-0.01347,5.11478,2.95498,-0.69598,-1.99354,0.27449,0.04777,0.00455
1.28,15.03261,-17.36393,1.75892,4.13648,-0.88395,-0.17377,5.98228,0.29165,-1.9242,0.91863,-0.04021,-0.06385,-0.00736,5.70337,1.09133,2.27717,0.76989,0.02457,-0.09741,0.04964,-2.66898,2.43495,-0.32427,-3.82378,0.31862,-0.06729,-0.01453,5.45292,2.62353,-0.64001,-1.84528,0.28301,0.04238,-0.00303
1.3,16.45632,-16.39559,1.62076,4.22272,-0.8352,-0.17374,6.06545,0.34259,-1.92016,0.98313,-0.0333,-0.06302,-0.01934,5.80031,1.00273,2.28001,0.83266,0.0208,-0.09438,0.05622,-2.34758,2.35999,-0.3267,-3.8197,0.32354,-0.06935,-0.01527,5.77665,2.40902,-0.58965,-1.68982,0.29559,0.04025,-0.00772
1.32,18.25639,-14.94334,1.43534,4.31631,-0.75574,-0.16886,6.14717,0.36343,-1.91925,1.05913,-0.02721,-0.0632,-0.03062,5.89052,0.91083,2.27011,0.90951,0.01539,-0.08884,0.06426,-1.99662,2.19231,-0.31998,-3.80538,0.32902,-0.07096,-0.01594,5.88998,2.3198,-0.55397,-1.62719,0.30832,0.0447,-0.00651
1.34,20.3413,-13.10784,1.223,4.41727,-0.65323,-0.16012,6.22107,0.36103,-1.92224,1.13937,-0.02164,-0.06442,-0.04155,5.97208,0.8112,2.25113,0.99638,0.00878,-0.08212,0.07346,-1.6088,1.96992,-0.30806,-3.76513,0.3362,-0.07263,-0.01672,5.93641,2.27841,-0.51727,-1.58356,0.32223,0.05197,-0.00274
1.36,22.61152,-11.0024,1.00418,4.52549,-0.53622,-0.14862,6.28119,0.34426,-1.92996,1.21646,-0.01644,-0.06653,-0.05225,6.04222,0.70029,2.22737,1.08788,0.00157,-0.07546,0.08327,-1.19469,1.73471,-0.29553,-3.68225,0.34623,-0.07475,-0.01765,6.04796,2.22851,-0.46835,-1.49,0.33823,0.05855,0.00048
1.38,25.01572,-8.64523,0.77616,4.63528,-0.40785,-0.13457,6.32575,0.31166,-1.94022,1.29009,-0.01178,-0.06953,-0.06241,6.09698,0.57611,2.19504,1.18406,-0.00629,-0.06822,0.09345,-0.83668,1.48056,-0.2808,-3.54613,0.35975,-0.07729,-0.01879,6.16835,2.15289,-0.41033,-1.38178,0.35389,0.06501,0.00371
1.4,27.52301,-5.97264,0.50851,4.74906,-0.25603,-0.1167,6.35036,0.25573,-1.95529,1.35639,-0.00789,-0.07319,-0.07137,6.13637,0.43988,2.15416,1.28068,-0.0149,-0.06048,0.10427,-0.42907,1.17278,-0.25978,-3.40776,0.37405,-0.08036,-0.02038,6.21767,2.02394,-0.34422,-1.29279,0.36791,0.07114,0.00656
1.42,30.11734,-2.93164,0.1634,4.8687,-0.06596,-0.09363,6.34951,0.16642,-1.97858,1.41012,-0.00488,-0.07728,-0.07848,6.16278,0.29335,2.10637,1.37327,-0.02421,-0.05248,0.11597,0.12549,0.79749,-0.22965,-3.3269,0.38587,-0.08381,-0.02224,6.12618,1.81819,-0.2709,-1.25297,0.37908,0.07668,0.00847
1.44,32.65637,0.29186,-0.22418,4.98138,0.141,-0.06752,6.3247,0.05408,-2.00535,1.45061,-0.00284,-0.08186,-0.08372,6.17249,0.13845,2.05104,1.46033,-0.03368,-0.04392,0.12751,0.66312,0.40929,-0.19301,-3.25596,0.39674,-0.08719,-0.02383,5.94648,1.53956,-0.19036,-1.24597,0.3867,0.08118,0.00935
1.46,35.01558,3.51318,-0.61246,5.07935,0.34438,-0.04065,6.27912,-0.06879,-2.03097,1.47875,-0.00171,-0.0868,-0.08743,6.16188,-0.02206,1.98839,1.54054,-0.04281,-0.03488,0.13803,1.02983,0.04356,-0.15208,-3.15295,0.40782,-0.09023,-0.02481,5.7437,1.21298,-0.10514,-1.24864,0.39075,0.0844,0.00935
1.48,37.18996,6.67765,-1.0079,5.16334,0.54803,-0.01345,6.21276,-0.20574,-2.05544,1.4939,-0.00118,-0.09172,-0.08995,6.13224,-0.18903,1.9188,1.61309,-0.05142,-0.02569,0.14751,1.14222,-0.30356,-0.10592,-3.02921,0.41757,-0.09258,-0.02491,5.52252,0.85265,-0.02009,-1.27177,0.39029,0.08704,0.00886
1.5,39.00126,9.6986,-1.35957,5.22697,0.73687,0.01406,6.13184,-0.33613,-2.0752,1.49473,-0.00198,-0.09629,-0.09002,6.0812,-0.33825,1.84872,1.66976,-0.05917,-0.01653,0.15535,1.27515,-0.60432,-0.05486,-2.91314,0.42234,-0.09384,-0.02384,5.23866,0.4733,0.06546,-1.30943,0.38798,0.08812,0.00768
1.52,40.26757,12.54742,-1.60266,5.26679,0.89257,0.04212,6.04394,-0.43475,-2.08599,1.48262,-0.00486,-0.1002,-0.08638,6.00468,-0.43946,1.78629,1.70382,-0.06585,-0.00774,0.16111,1.72634,-0.80382,-0.00329,-2.84351,0.41673,-0.09345,-0.02126,4.85471,0.08798,0.15217,-1.35186,0.38726,0.08657,0.00545
1.54,41.09071,15.11954,-1.75057,5.28783,1.02531,0.06925,5.94826,-0.51334,-2.08758,1.45922,-0.00872,-0.10296,-0.08077,5.90689,-0.50783,1.72897,1.72072,-0.07126,0.00012,0.16493,2.16067,-0.89817,0.04231,-2.76962,0.4037,-0.09092,-0.01677,4.44818,-0.29528,0.23314,-1.4026,0.3857,0.08398,0.0029
1.56,41.57401,17.35211,-1.82213,5.29263,1.14282,0.09411,5.84303,-0.58215,-2.07994,1.42561,-0.01265,-0.10427,-0.07464,5.79105,-0.55892,1.67328,1.72529,-0.07526,0.00673,0.16694,2.32642,-0.92797,0.08291,-2.66895,0.38668,-0.08679,-0.01095,4.08427,-0.67447,0.30505,-1.46329,0.38143,0.08162,0.0005
1.58,41.72414,19.37173,-1.80936,5.28265,1.23778,0.11694,5.72846,-0.63443,-2.0622,1.38588,-0.01672,-0.10425,-0.0679,5.65232,-0.58266,1.62096,1.71904,-0.07826,0.01209,0.16757,2.33058,-0.93377,0.1284,-2.60617,0.36138,-0.08218,-0.00548,3.75616,-1.05275,0.37009,-1.53583,0.37569,0.0794,-0.00184
1.6,41.38831,20.819,-1.71391,5.25067,1.31783,0.13664,5.61306,-0.67051,-2.03522,1.33119,-0.02109,-0.1025,-0.06014,5.50922,-0.58657,1.57338,1.69375,-0.07905,0.01609,0.16557,2.29489,-0.87591,0.16018,-2.49699,0.34131,-0.07679,0.00082,3.44437,-1.4274,0.4261,-1.60868,0.36945,0.07669,-0.00425
1.62,40.41949,21.30788,-1.56051,5.18743,1.39481,0.15193,5.50777,-0.69529,-2.00222,1.2497,-0.02612,-0.09873,-0.05068,5.38531,-0.58471,1.53073,1.63848,-0.07631,0.0191,0.15941,2.33929,-0.67194,0.13651,-2.29639,0.33981,-0.06948,0.01001,3.12786,-1.79221,0.46974,-1.66899,0.36347,0.0731,-0.00665
1.64,39.03717,21.29959,-1.39247,5.10434,1.45569,0.1631,5.40766,-0.71126,-1.96577,1.15623,-0.03139,-0.09385,-0.04041,5.26706,-0.5747,1.49118,1.56543,-0.07159,0.02144,0.15091,2.42968,-0.40639,0.07733,-2.1521,0.34282,-0.06146,0.01944,2.81732,-2.14183,0.50324,-1.73003,0.35774,0.06932,-0.0089
1.66,37.45803,21.18234,-1.25982,5.01278,1.49519,0.17088,5.31198,-0.72315,-1.92986,1.06462,-0.0365,-0.08877,-0.03026,5.14651,-0.55845,1.45324,1.4863,-0.06631,0.02353,0.1418,2.50459,-0.17997,0.01289,-2.15595,0.34064,-0.05431,0.02693,2.52659,-2.47475,0.52914,-1.80287,0.35198,0.06616,-0.01076
1.68,35.68195,20.91133,-1.20834,4.91109,1.52655,0.17575,5.23105,-0.73583,-1.89978,0.97253,-0.04172,-0.08382,-0.01987,5.03636,-0.54395,1.41702,1.39687,-0.06038,0.02617,0.13178,2.57827,0.00543,-0.05923,-2.30684,0.33608,-0.04718,0.03305,2.24797,-2.79931,0.54867,-1.88429,0.34639,0.06434,-0.01177
1.7,33.78502,20.43359,-1.2399,4.80733,1.53134,0.17636,5.16385,-0.74893,-1.87469,0.88991,-0.04629,-0.0791,-0.01056,4.94344,-0.54108,1.38342,1.30785,-0.05388,0.02825,0.12157,2.73227,0.20773,-0.15751,-2.52618,0.33506,-0.04065,0.03963,1.95722,-3.0701,0.55677,-1.97066,0.34174,0.0615,-0.01307
1.72,31.8634,19.70832,-1.34284,4.71234,1.48968,0.17155,5.10748,-0.76205,-1.85309,0.82752,-0.04939,-0.07474,-0.00378,4.87471,-0.55753,1.35427,1.23222,-0.04707,0.02853,0.11211,2.99159,0.51484,-0.29851,-2.72665,0.34201,-0.03536,0.04821,1.62979,-3.24615,0.5489,-2.05865,0.33875,0.05486,-0.01605
1.74,29.97015,18.88652,-1.55099,4.62365,1.43058,0.16375,5.07064,-0.78087,-1.84106,0.77978,-0.05179,-0.07128,0.00158,4.83467,-0.59014,1.32994,1.16293,-0.04042,0.02862,0.10328,3.21602,0.86255,-0.44508,-2.9624,0.35,-0.03043,0.05672,1.28576,-3.3635,0.5314,-2.1507,0.33662,0.0472,-0.01934
1.76,28.14876,18.12089,-1.87677,4.54043,1.37785,0.15528,5.058,-0.80862,-1.84218,0.74137,-0.05412,-0.06899,0.00648,4.82344,-0.6337,1.31065,1.09432,-0.03427,0.02968,0.095,3.3312,1.15402,-0.56476,-3.28382,0.35312,-0.02573,0.0631,0.94219,-3.45486,0.51048,-2.24844,0.33478,0.04087,-0.02176
1.78,26.40118,17.39274,-2.28394,4.46674,1.32941,0.14643,5.06615,-0.84339,-1.85437,0.71073,-0.05627,-0.06763,0.0108,4.84161,-0.68501,1.29806,1.02821,-0.02851,0.03115,0.08728,3.34706,1.39475,-0.65545,-3.6479,0.35222,-0.02211,0.06721,0.58721,-3.52911,0.48812,-2.3467,0.33354,0.03501,-0.02359
1.8,24.83367,16.74812,-2.71827,4.4069,1.28294,0.13709,5.09132,-0.88116,-1.87411,0.69231,-0.05803,-0.06699,0.01417,4.8854,-0.73833,1.29379,0.97191,-0.02345,0.03232,0.08076,3.24437,1.6148,-0.71249,-4.00975,0.34843,-0.01872,0.06956,0.2431,-3.54752,0.46191,-2.45092,0.33262,0.02911,-0.0257
1.82,23.5543,16.25437,-3.12139,4.36434,1.23513,0.12721,5.12853,-0.91854,-1.8975,0.69093,-0.05925,-0.06681,0.0163,4.95015,-0.78774,1.29929,0.93383,-0.01943,0.0324,0.07615,2.98235,1.83245,-0.72639,-4.32569,0.34262,-0.01441,0.07081,-0.06307,-3.47019,0.42897,-2.5669,0.33168,0.0227,-0.02905
1.84,22.47419,15.86212,-3.45279,4.33706,1.19484,0.11795,5.17562,-0.9512,-1.92227,0.69559,-0.06024,-0.0666,0.01792,5.03172,-0.82531,1.31532,0.90665,-0.016,0.03152,0.07266,2.57517,1.97294,-0.68974,-4.60249,0.3328,-0.01073,0.06973,-0.34558,-3.35649,0.39615,-2.68658,0.33097,0.01602,-0.03295
1.86,21.50651,15.53792,-3.67363,4.32344,1.16886,0.11039,5.23082,-0.97275,-1.94513,0.69725,-0.06125,-0.06576,0.01959,5.12382,-0.84373,1.34197,0.88367,-0.0128,0.02975,0.06957,2.08495,1.98359,-0.60817,-4.85273,0.31792,-0.00891,0.06551,-0.62013,-3.26827,0.37092,-2.80383,0.33068,0.00935,-0.03677
1.88,20.6504,15.31624,-3.74126,4.32578,1.14663,0.10422,5.28842,-0.97814,-1.96103,0.69852,-0.06206,-0.06377,0.02107,5.22042,-0.84045,1.37931,0.8695,-0.00977,0.02623,0.0671,1.55199,1.88899,-0.49158,-5.04015,0.3001,-0.00867,0.0589,-0.88847,-3.22221,0.35552,-2.91566,0.33087,0.00208,-0.04103
1.9,19.99057,15.05594,-3.6262,4.33818,1.14498,0.09985,5.35052,-0.95875,-1.96799,0.69476,-0.06271,-0.0605,0.02248,5.31205,-0.81002,1.42555,0.86052,-0.00711,0.02176,0.0651,1.00055,1.70044,-0.35976,-5.19086,0.278,-0.00852,0.0513,-1.11975,-3.18337,0.34764,-3.03781,0.33089,-0.00536,-0.04579
1.92,19.62345,14.59722,-3.31588,4.35425,1.18609,0.09783,5.42021,-0.90681,-1.96521,0.68073,-0.06325,-0.05605,0.02396,5.38899,-0.74737,1.47803,0.85092,-0.00506,0.01766,0.06336,0.47003,1.46184,-0.23513,-5.34011,0.25034,-0.00658,0.04453,-1.27377,-3.11133,0.34414,-3.18813,0.33005,-0.01245,-0.05117
1.94,19.43419,14.03303,-2.81992,4.37744,1.24111,0.097,5.48764,-0.82673,-1.94986,0.66184,-0.0635,-0.05014,0.02524,5.45158,-0.65831,1.53573,0.84584,-0.0033,0.01272,0.06203,0.00018,1.20557,-0.12016,-5.44393,0.22142,-0.00421,0.03816,-1.38743,-3.06783,0.35124,-3.35034,0.32893,-0.02007,-0.05735
1.96,19.3519,13.4497,-2.16812,4.41319,1.28674,0.09634,5.54548,-0.72667,-1.92147,0.64207,-0.06339,-0.04273,0.02619,5.50052,-0.5504,1.59699,0.84831,-0.00156,0.00613,0.06108,-0.35789,0.92178,-0.01175,-5.45938,0.1951,-0.00279,0.03137,-1.49376,-3.11153,0.37588,-3.50824,0.3281,-0.02898,-0.06452
1.98,19.42563,12.81554,-1.40242,4.45818,1.33172,0.09571,5.59502,-0.61204,-1.88283,0.62143,-0.06298,-0.0343,0.02683,5.53139,-0.42797,1.65833,0.85514,-4e-05,-0.00106,0.06049,-0.5264,0.61874,0.08785,-5.36644,0.1726,-0.00161,0.02474,-1.57569,-3.23278,0.41852,-3.66429,0.32764,-0.03939,-0.07321
2,19.68235,12.01482,-0.549,4.51463,1.36443,0.09394,5.63489,-0.48427,-1.83539,0.60223,-0.06221,-0.02512,0.027,5.54896,-0.29409,1.71965,0.86866,0.00147,-0.00963,0.06029,-0.64806,0.20734,0.17749,-5.24177,0.15481,-0.00339,0.01564,-1.64963,-3.37604,0.47288,-3.81823,0.3272,-0.05,-0.08168
2.02,20.156,10.92533,0.36337,4.58634,1.37138,0.08975,5.66353,-0.34589,-1.78132,0.58673,-0.061,-0.01549,0.02657,5.56054,-0.15258,1.78161,0.89199,0.00339,-0.02072,0.0604,-0.89616,-0.39677,0.25582,-5.16398,0.14355,-0.01058,0.00181,-1.73722,-3.47729,0.53056,-3.96594,0.32643,-0.05956,-0.08809
2.04,20.84704,9.60792,1.27216,4.6669,1.36251,0.08346,5.68615,-0.20568,-1.72518,0.57934,-0.05929,-0.00611,0.02524,5.56213,-0.01109,1.84066,0.92187,0.0052,-0.03265,0.06103,-1.09425,-1.11531,0.32186,-5.05714,0.14023,-0.0208,-0.01443,-1.81805,-3.54166,0.59263,-4.10011,0.32618,-0.06874,-0.09366
2.06,21.76191,8.11818,2.11917,4.75146,1.34437,0.07522,5.70748,-0.07184,-1.67118,0.58441,-0.05697,0.0024,0.02277,5.55215,0.1214,1.89348,0.95651,0.00642,-0.04405,0.06239,-1.0774,-1.873,0.37484,-4.84312,0.14626,-0.0322,-0.03112,-1.8844,-3.57462,0.6595,-4.21032,0.32741,-0.07839,-0.0996
2.08,22.95379,6.41894,2.85913,4.83993,1.31644,0.06439,5.72728,0.04814,-1.62357,0.60204,-0.0542,0.00961,0.01932,5.53734,0.23448,1.93842,0.9973,0.00718,-0.05501,0.06446,-0.8499,-2.6539,0.41186,-4.4997,0.16414,-0.04468,-0.04779,-1.94934,-3.54587,0.72543,-4.28791,0.33034,-0.08899,-0.10609
2.1,24.28894,4.38752,3.49855,4.92244,1.25697,0.05056,5.75478,0.16503,-1.58181,0.64328,-0.05022,0.01515,0.01366,5.52089,0.33661,1.97921,1.04545,0.00692,-0.06524,0.06795,-0.58867,-3.3662,0.4254,-4.17634,0.18655,-0.05748,-0.06371,-2.01819,-3.38708,0.78176,-4.34063,0.33488,-0.0972,-0.11034
2.12,25.67324,1.90613,4.06281,5.00149,1.14213,0.03344,5.79986,0.29558,-1.54244,0.72002,-0.04414,0.01883,0.00447,5.50609,0.44205,2.02111,1.10055,0.00506,-0.07449,0.0735,-0.51418,-3.85681,0.42063,-4.05482,0.20344,-0.06883,-0.07707,-2.12737,-3.03222,0.8188,-4.37514,0.34103,-0.09949,-0.1095
2.14,27.21522,-0.90499,4.47906,5.07476,0.99031,0.01313,5.85235,0.4194,-1.513,0.82116,-0.03694,0.02008,-0.00682,5.49994,0.52905,2.05814,1.16176,0.00198,-0.08237,0.08056,-0.47553,-4.04771,0.39673,-3.98209,0.22024,-0.07666,-0.08522,-2.2582,-2.54813,0.84254,-4.38359,0.34875,-0.09946,-0.10687
2.16,28.95195,-3.90121,4.67454,5.13831,0.82275,-0.00975,5.90455,0.516,-1.50064,0.93656,-0.02955,0.01835,-0.01884,5.50928,0.57664,2.08485,1.22797,-0.00197,-0.08837,0.08863,-0.31482,-3.94608,0.34901,-3.81628,0.24175,-0.08019,-0.08695,-2.41576,-2.00902,0.86042,-4.35564,0.35803,-0.10067,-0.10591
2.18,30.71038,-7.03093,4.64142,5.18646,0.64195,-0.03386,5.96087,0.59091,-1.50188,1.06828,-0.0218,0.01378,-0.03173,5.53956,0.58758,2.1033,1.2966,-0.00666,-0.09239,0.09748,-0.09579,-3.57505,0.28084,-3.61808,0.26185,-0.07981,-0.08276,-2.7104,-1.41137,0.86794,-4.27417,0.36911,-0.10293,-0.10691
2.2,32.62486,-10.16295,4.35035,5.22191,0.45033,-0.05932,6.00737,0.62852,-1.52757,1.2084,-0.01437,0.00529,-0.04475,5.5875,0.5498,2.10826,1.37048,-0.01274,-0.09332,0.10775,0.10993,-2.95387,0.1945,-3.41122,0.28179,-0.07616,-0.07369,-2.88051,-0.8679,0.88852,-4.19688,0.37868,-0.10488,-0.10887
2.22,34.91647,-13.18321,3.78035,5.26474,0.25478,-0.08716,6.02765,0.60797,-1.59109,1.34471,-0.00813,-0.00799,-0.05685,5.64674,0.45138,2.09338,1.45074,-0.02092,-0.08983,0.11999,0.26918,-2.19744,0.10006,-3.22337,0.30357,-0.07049,-0.062,-2.6144,-0.46079,0.94083,-4.18202,0.3821,-0.10504,-0.11019
2.24,37.22432,-15.96081,2.96109,5.30135,0.06862,-0.11443,6.03135,0.54111,-1.6772,1.47704,-0.00279,-0.02441,-0.06798,5.71758,0.30768,2.0635,1.52921,-0.02999,-0.08294,0.13269,0.43635,-1.47918,0.01354,-3.05695,0.32193,-0.06477,-0.05037,-2.20009,-0.05791,0.98574,-4.13532,0.38119,-0.10327,-0.11106
2.26,39.20358,-18.42556,1.94683,5.31347,-0.09771,-0.13888,6.02661,0.44099,-1.77201,1.60169,0.00161,-0.04235,-0.07775,5.79902,0.13654,2.02407,1.59749,-0.03871,-0.07383,0.1444,0.65625,-0.87677,-0.05256,-2.90002,0.33406,-0.06029,-0.04034,-1.89355,0.44639,0.98004,-3.99968,0.37798,-0.09952,-0.11109
2.28,40.76555,-20.70069,0.80882,5.30145,-0.2369,-0.16158,6.01254,0.3055,-1.87743,1.70381,0.00438,-0.0611,-0.08499,5.8871,-0.04976,1.97742,1.64841,-0.04674,-0.06257,0.15453,0.93715,-0.40393,-0.09404,-2.7899,0.33975,-0.05713,-0.03258,-1.65009,1.08761,0.90616,-3.82143,0.36977,-0.09336,-0.10793
2.3,41.94754,-22.41315,-0.32616,5.26699,-0.38112,-0.18169,5.97281,0.14875,-1.97536,1.78006,0.00557,-0.07883,-0.08949,5.94934,-0.21234,1.92781,1.67752,-0.05291,-0.05108,0.16168,1.16653,-0.06195,-0.11341,-2.68161,0.34276,-0.05589,-0.02723,-1.30888,1.84032,0.73408,-3.54824,0.3615,-0.08022,-0.09938
2.32,42.81737,-23.13623,-1.27977,5.20994,-0.58347,-0.20011,5.88234,0.00475,-2.039,1.83115,0.00571,-0.09293,-0.09145,5.94656,-0.29586,1.88372,1.67827,-0.05571,-0.04223,0.16416,1.22866,0.18237,-0.11601,-2.51732,0.34748,-0.05676,-0.02355,-0.72432,2.65494,0.45248,-3.15813,0.35817,-0.05548,-0.08413
2.34,43.20043,-23.5189,-1.94975,5.12919,-0.81098,-0.21997,5.76456,-0.11435,-2.07328,1.84238,0.00432,-0.10215,-0.09003,5.89882,-0.2956,1.85329,1.6434,-0.05508,-0.03642,0.16181,1.245,0.37845,-0.10906,-2.3606,0.35075,-0.05815,-0.02056,-0.08972,3.53538,0.08586,-2.75852,0.3556,-0.02529,-0.06361
2.36,43.09229,-24.03919,-2.25691,5.03764,-1.02728,-0.24076,5.64209,-0.19425,-2.08098,1.81371,0.00183,-0.1059,-0.08588,5.81886,-0.2226,1.8387,1.58086,-0.05184,-0.03384,0.15589,1.30819,0.55077,-0.09771,-2.25993,0.35009,-0.05916,-0.01795,0.42608,4.45483,-0.33851,-2.4353,0.35078,0.00573,-0.03869
2.38,42.80121,-24.49173,-2.07694,4.9592,-1.27756,-0.26243,5.49618,-0.19127,-2.04176,1.76572,0.00013,-0.10299,-0.0816,5.67954,-0.0622,1.83996,1.50777,-0.04689,-0.03614,0.14796,1.36931,0.69491,-0.08463,-2.19923,0.34736,-0.06018,-0.01576,0.8577,5.34921,-0.80055,-2.23218,0.34241,0.04052,-0.00857
2.4,42.43494,-25.21314,-1.50616,4.90886,-1.45557,-0.27852,5.3718,-0.12355,-1.97229,1.70203,-0.0008,-0.09431,-0.07763,5.5181,0.12524,1.85113,1.43824,-0.04113,-0.04237,0.13943,1.42016,0.81883,-0.0725,-2.15811,0.34351,-0.0606,-0.01367,1.30572,6.1307,-1.23992,-2.0909,0.34114,0.07146,0.02092
2.42,42.04809,-26.61167,-0.68569,4.92941,-1.4326,-0.28389,5.31784,-0.02918,-1.8989,1.62206,-0.0017,-0.08195,-0.0736,5.38538,0.27555,1.86737,1.38346,-0.0354,-0.05083,0.13156,1.45335,0.9339,-0.06372,-2.11616,0.3391,-0.05963,-0.01134,1.8567,6.81967,-1.59566,-1.94466,0.35802,0.09105,0.04384
2.44,41.50247,-28.33107,0.47491,4.96465,-1.35617,-0.28792,5.28061,0.12985,-1.80134,1.53971,-0.00134,-0.06568,-0.07082,5.2499,0.44073,1.89331,1.34549,-0.03,-0.06221,0.12474,1.4468,1.00945,-0.05493,-2.08648,0.33445,-0.05845,-0.00951,2.40091,7.47179,-1.88727,-1.88152,0.38052,0.10629,0.06462
2.46,40.8685,-30.09474,1.98691,5.00075,-1.32964,-0.29559,5.22542,0.36634,-1.67156,1.4621,0.00064,-0.04575,-0.06964,5.09086,0.65814,1.93213,1.31953,-0.02475,-0.07667,0.1187,1.38951,1.02025,-0.04327,-2.08253,0.32963,-0.05796,-0.0088,2.8465,8.05999,-2.13974,-1.97241,0.39811,0.12258,0.08657
2.48,40.19875,-32.07989,3.67279,5.05659,-1.3046,-0.30682,5.17248,0.63343,-1.53302,1.38079,0.00279,-0.02449,-0.06844,4.94326,0.89772,1.98261,1.29871,-0.0193,-0.0925,0.11281,1.2613,0.97447,-0.03012,-2.08896,0.32517,-0.05759,-0.00887,3.18901,8.57723,-2.34933,-2.18931,0.41261,0.13623,0.10707
2.5,39.4233,-34.01223,5.43386,5.11444,-1.31014,-0.32041,5.11733,0.92301,-1.38771,1.30515,0.00547,-0.00236,-0.06767,4.80503,1.15525,2.03977,1.2819,-0.01394,-0.10861,0.10728,1.09953,0.87569,-0.01508,-2.11386,0.32113,-0.05845,-0.01018,3.46486,9.02407,-2.50847,-2.46565,0.42536,0.14867,0.12609
2.52,38.59092,-35.53262,7.19038,5.1613,-1.37712,-0.33185,5.06107,1.23683,-1.23397,1.2509,0.00961,0.02082,-0.06863,4.65927,1.42736,2.09717,1.27079,-0.00928,-0.12442,0.10265,0.95649,0.72653,0.00299,-2.16924,0.31754,-0.06177,-0.01317,3.68798,9.42348,-2.61158,-2.72412,0.43645,0.16326,0.14506
2.54,37.83179,-36.85708,8.77529,5.20779,-1.45335,-0.34152,5.02087,1.5314,-1.09361,1.21109,0.01398,0.04256,-0.0703,4.53235,1.67515,2.15204,1.26269,-0.00517,-0.13872,0.09865,0.79609,0.54479,0.02181,-2.23694,0.31475,-0.06618,-0.01703,3.75661,9.76201,-2.66873,-2.98731,0.44221,0.17716,0.16263
2.56,37.21777,-38.15269,10.07468,5.26211,-1.50885,-0.35126,5.00066,1.77606,-0.9813,1.18055,0.0176,0.06076,-0.07181,4.44484,1.87298,2.20175,1.25609,-0.00149,-0.15045,0.09507,0.59661,0.3537,0.03833,-2.30197,0.31291,-0.07046,-0.02095,3.6407,9.99339,-2.69192,-3.28832,0.4397,0.18796,0.1773
2.58,36.79826,-39.32098,11.04929,5.31833,-1.55954,-0.35998,4.9979,1.96994,-0.89669,1.16498,0.02076,0.0752,-0.07353,4.39255,2.01637,2.24213,1.25158,0.00157,-0.15922,0.09213,0.38656,0.17073,0.05114,-2.36416,0.31201,-0.07449,-0.02452,3.41494,10.09868,-2.67779,-3.59063,0.42928,0.19567,0.1882
2.6,36.3824,-40.24873,11.61738,5.36704,-1.59184,-0.36691,5.00995,2.09395,-0.84597,1.16261,0.0231,0.08491,-0.07522,4.3744,2.08323,2.26586,1.25022,0.00376,-0.16392,0.0899,0.1909,0.01099,0.05968,-2.4286,0.31169,-0.07883,-0.02816,2.99102,10.03639,-2.60563,-3.86935,0.41088,0.19954,0.19443
2.62,35.84872,-40.89476,11.70774,5.41294,-1.58325,-0.3721,5.03267,2.12707,-0.83503,1.1708,0.02428,0.08895,-0.07661,4.39033,2.05022,2.26565,1.25418,0.00472,-0.16346,0.08858,0.03191,-0.10757,0.06287,-2.50037,0.31162,-0.08405,-0.0323,2.26348,9.72345,-2.44514,-4.09544,0.38453,0.19819,0.19454
2.64,35.3597,-41.23579,11.35285,5.45228,-1.55308,-0.37463,5.06126,2.08529,-0.85719,1.19376,0.02468,0.08777,-0.07809,4.43155,1.93216,2.24206,1.26119,0.00471,-0.15852,0.08806,-0.08276,-0.16943,0.05872,-2.57325,0.31193,-0.08916,-0.03595,1.45595,9.0884,-2.21303,-4.26724,0.35131,0.19048,0.18658
2.66,35.05462,-41.29327,10.59495,5.48574,-1.50861,-0.37396,5.09017,1.98135,-0.9061,1.23318,0.02459,0.08186,-0.07995,4.4916,1.74487,2.19704,1.26936,0.00397,-0.1499,0.08823,-0.15415,-0.15722,0.04477,-2.64002,0.3128,-0.0932,-0.03816,0.80056,8.13035,-1.93994,-4.37727,0.31395,0.17577,0.16956
2.68,34.94681,-41.23671,9.45863,5.53496,-1.42263,-0.37289,5.11519,1.80578,-0.9812,1.28466,0.02407,0.07153,-0.08216,4.57365,1.48906,2.1321,1.28015,0.00242,-0.13767,0.08922,-0.17275,-0.04898,0.01843,-2.69693,0.31439,-0.09609,-0.0387,0.37077,6.8653,-1.62841,-4.36307,0.27597,0.15327,0.14301
2.7,34.95504,-40.47163,8.03883,5.57324,-1.32987,-0.36587,5.13148,1.59325,-1.0697,1.33629,0.02243,0.05838,-0.08334,4.64724,1.21145,2.0537,1.27783,0.0014,-0.12361,0.08914,-0.15018,0.11892,-0.01413,-2.7624,0.31597,-0.09868,-0.03869,0.1956,5.40032,-1.34754,-4.31335,0.24023,0.12778,0.11155
2.72,35.06837,-38.24053,6.46988,5.59086,-1.28781,-0.34788,5.12067,1.38879,-1.15197,1.37115,0.01851,0.04442,-0.08128,4.67826,0.97204,1.9703,1.24411,0.00255,-0.10968,0.08574,-0.1085,0.29966,-0.04616,-2.85331,0.31696,-0.1022,-0.03957,0.19938,3.93591,-1.14563,-4.33682,0.21039,0.10582,0.08202
2.74,35.0242,-35.27605,4.8393,5.59137,-1.25682,-0.32656,5.08207,1.16379,-1.23358,1.38077,0.01231,0.02983,-0.07588,4.70979,0.76483,1.89175,1.19125,0.00521,-0.09563,0.08029,-0.04702,0.51347,-0.0816,-2.95039,0.31834,-0.10589,-0.04042,0.39249,2.59597,-0.98461,-4.31399,0.18999,0.08614,0.05434
2.76,34.81398,-32.2661,3.27026,5.58918,-1.20186,-0.30654,5.03042,0.90946,-1.31914,1.36696,0.00466,0.01519,-0.06814,4.76887,0.59113,1.82809,1.13565,0.00847,-0.08202,0.07445,0.02879,0.7828,-0.12437,-3.03356,0.32107,-0.10905,-0.04036,0.83602,1.43662,-0.84372,-4.13252,0.1813,0.06722,0.0275
2.78,34.58027,-28.97321,1.89561,5.57424,-1.16548,-0.28512,4.95958,0.66818,-1.39488,1.33737,-0.0037,0.00198,-0.05874,4.82796,0.47863,1.78206,1.0848,0.01199,-0.07022,0.06883,0.09846,1.11025,-0.17464,-3.0941,0.32558,-0.11247,-0.03988,1.53242,0.47866,-0.72278,-3.78112,0.18575,0.05093,0.00312
2.8,34.3487,-25.60335,0.73396,5.56755,-1.09943,-0.26455,4.91361,0.42841,-1.47852,1.30251,-0.01191,-0.01187,-0.04961,4.92816,0.38233,1.75347,1.06006,0.01385,-0.05984,0.06606,0.15884,1.37926,-0.21767,-3.15814,0.33117,-0.11593,-0.03991,2.18255,-0.00673,-0.64714,-3.41537,0.20057,0.04263,-0.01229
2.82,34.20189,-22.36938,-0.25248,5.60748,-0.92871,-0.24671,4.94642,0.1598,-1.59359,1.26115,-0.01966,-0.02873,-0.04194,5.11433,0.23714,1.73791,1.07302,0.01262,-0.05002,0.06775,0.20736,1.46587,-0.23875,-3.24867,0.33753,-0.11901,-0.04134,2.40889,0.1687,-0.62043,-3.22525,0.22122,0.04678,-0.01306
2.84,34.26802,-19.04119,-1.01152,5.65416,-0.726,-0.22804,5.01556,-0.09231,-1.71293,1.22545,-0.02565,-0.04605,-0.03673,5.32076,0.07818,1.7286,1.12008,0.00843,-0.04187,0.07352,0.24906,1.45498,-0.24835,-3.32881,0.34553,-0.12229,-0.04354,2.45969,0.64687,-0.60766,-3.0778,0.24701,0.05773,-0.00598
2.86,34.59316,-15.54101,-1.50628,5.67641,-0.55026,-0.2067,5.09256,-0.29327,-1.81872,1.20909,-0.02903,-0.06199,-0.03469,5.50731,-0.06243,1.72537,1.19691,0.00169,-0.03623,0.0828,0.26216,1.4382,-0.2571,-3.36589,0.3558,-0.12616,-0.04581,2.58409,1.13882,-0.58381,-2.84059,0.27735,0.0699,0.0023
2.88,35.1158,-11.95426,-1.80024,5.69206,-0.37936,-0.18474,5.20836,-0.45989,-1.92524,1.19389,-0.03119,-0.07693,-0.03407,5.70665,-0.20937,1.732,1.28622,-0.00607,-0.03288,0.09328,0.17777,1.40676,-0.26144,-3.35095,0.36894,-0.13074,-0.04851,2.6915,1.60838,-0.5502,-2.57856,0.30839,0.08227,0.01122
2.9,35.66956,-8.35127,-1.94312,5.64594,-0.21838,-0.16016,5.3257,-0.59671,-2.02365,1.21479,-0.03018,-0.09173,-0.03819,5.88852,-0.35308,1.73864,1.40997,-0.0176,-0.03057,0.10879,0.16166,1.29995,-0.25649,-3.32691,0.38065,-0.13438,-0.05038,2.7553,1.9625,-0.50509,-2.35384,0.33642,0.09412,0.01965
2.92,36.0326,-4.80838,-1.95895,5.46872,-0.07414,-0.13009,5.39578,-0.70407,-2.09899,1.31812,-0.0232,-0.10698,-0.05162,6.00126,-0.47694,1.73189,1.60009,-0.03704,-0.02774,0.13464,0.38622,1.07512,-0.23963,-3.34716,0.38533,-0.13473,-0.04935,2.80655,2.07554,-0.44278,-2.22346,0.35759,0.10471,0.02592
2.94,36.116,-1.38667,-1.87169,5.21465,0.06551,-0.09894,5.45644,-0.78102,-2.16007,1.44439,-0.01397,-0.1204,-0.06804,6.07132,-0.58693,1.7233,1.80223,-0.05919,-0.02518,0.16296,0.64409,0.8124,-0.21333,-3.35325,0.38588,-0.13309,-0.04609,2.83381,1.90679,-0.35189,-2.15679,0.37144,0.11142,0.02812
2.96,35.91078,1.90556,-1.7268,4.94283,0.20528,-0.06907,5.53618,-0.83736,-2.21781,1.54661,-0.00592,-0.13103,-0.08212,6.1291,-0.69778,1.71845,1.97579,-0.07951,-0.02328,0.18765,0.75073,0.55357,-0.1753,-3.29989,0.38525,-0.1311,-0.04181,2.83379,1.51199,-0.23055,-2.11257,0.37895,0.11352,0.02617
2.98,35.3327,5.08303,-1.58,4.6319,0.3416,-0.03996,5.59874,-0.89324,-2.26481,1.64235,0.00224,-0.13998,-0.09616,6.14424,-0.82489,1.69885,2.13805,-0.10013,-0.02073,0.21137,0.68885,0.24926,-0.11458,-3.21647,0.38093,-0.12783,-0.03625,2.85124,0.95715,-0.08837,-2.12185,0.37857,0.11307,0.02164
3,34.38564,7.94717,-1.40686,4.32204,0.47366,-0.01131,5.65482,-0.92561,-2.29873,1.70646,0.00804,-0.14545,-0.10584,6.12429,-0.92606,1.67903,2.25359,-0.11675,-0.01802,0.22914,0.65194,-0.05117,-0.04025,-3.07978,0.37444,-0.12474,-0.02993,2.73302,0.31171,0.06847,-2.14665,0.37512,0.10943,0.01557
3.02,33.14445,10.32836,-1.19592,4.06729,0.60673,0.01809,5.72834,-0.90682,-2.32319,1.71307,0.00834,-0.14606,-0.10606,6.09776,-0.94849,1.68259,2.28792,-0.12437,-0.0156,0.2359,0.84525,-0.26755,0.02758,-2.88347,0.36708,-0.12335,-0.02347,2.34114,-0.34872,0.22313,-2.13884,0.37482,0.10221,0.00918
3.04,31.65218,12.38014,-1.0348,3.83731,0.73435,0.0468,5.77969,-0.88081,-2.33578,1.69134,0.00597,-0.14466,-0.10186,6.04162,-0.94762,1.68056,2.28112,-0.12748,-0.01235,0.23703,1.06621,-0.44113,0.09558,-2.66851,0.35813,-0.12177,-0.01646,1.89091,-0.96619,0.35768,-2.13459,0.37404,0.09462,0.0039
3.06,29.94055,14.22563,-0.96774,3.60876,0.84993,0.073,5.78457,-0.87682,-2.33472,1.66394,0.0033,-0.14319,-0.09742,5.9427,-0.96627,1.65367,2.26337,-0.12963,-0.00782,0.23662,1.14288,-0.6273,0.17328,-2.47945,0.34674,-0.11912,-0.00929,1.53952,-1.51683,0.46975,-2.16074,0.3699,0.08874,0.00016
3.08,27.97965,15.89591,-0.97815,3.39021,0.95922,0.09756,5.74989,-0.87878,-2.32014,1.62902,-0.00018,-0.1413,-0.09183,5.80771,-0.98024,1.61308,2.22641,-0.12988,-0.00234,0.23362,1.13422,-0.85525,0.26509,-2.36685,0.33028,-0.11666,-0.00362,1.24637,-2.01247,0.5623,-2.21029,0.36427,0.08441,-0.00204
3.1,26.03302,17.0888,-1.02544,3.20566,1.04084,0.11698,5.69034,-0.8849,-2.29446,1.58344,-0.00412,-0.13834,-0.08537,5.66336,-0.98947,1.56581,2.17161,-0.1274,0.00263,0.22772,1.16054,-0.98016,0.31616,-2.27041,0.31877,-0.11301,0.00326,1.0017,-2.4384,0.63107,-2.25278,0.35868,0.08027,-0.00372
3.12,24.3906,17.49333,-1.06465,3.08029,1.06957,0.12726,5.62443,-0.8942,-2.26111,1.52389,-0.00805,-0.13362,-0.07846,5.54118,-0.99909,1.51811,2.10294,-0.12168,0.00573,0.21892,1.32071,-0.81975,0.25241,-2.14731,0.32198,-0.10593,0.01484,0.78893,-2.77784,0.67055,-2.25638,0.35428,0.07507,-0.00583
3.14,22.88145,17.44056,-1.10343,2.99575,1.06686,0.13163,5.5479,-0.89669,-2.21974,1.45989,-0.01185,-0.12791,-0.0715,5.42671,-0.99719,1.47299,2.02411,-0.11408,0.0078,0.20836,1.52784,-0.51997,0.12458,-2.10381,0.32878,-0.09733,0.02741,0.60267,-3.04947,0.68887,-2.25012,0.3505,0.06992,-0.00772
3.16,21.34485,17.24331,-1.15231,2.93196,1.05337,0.1332,5.45702,-0.88831,-2.17096,1.40055,-0.01529,-0.12205,-0.06505,5.307,-0.97895,1.43108,1.94106,-0.10605,0.00958,0.19733,1.69313,-0.23699,-0.01339,-2.20855,0.33075,-0.08926,0.03787,0.44555,-3.2775,0.69539,-2.26097,0.34657,0.06589,-0.00882
3.18,19.79816,16.88649,-1.19465,2.89287,1.02846,0.132,5.36244,-0.86727,-2.11778,1.34358,-0.01849,-0.11578,-0.05878,5.19554,-0.94329,1.39612,1.85505,-0.09761,0.0108,0.18588,1.80606,0.0582,-0.16947,-2.44611,0.33023,-0.08082,0.04696,0.28666,-3.48457,0.69284,-2.27731,0.34291,0.06288,-0.00926
3.2,18.54714,16.26387,-1.20204,2.8948,0.98298,0.12646,5.2671,-0.83363,-2.06025,1.29018,-0.02099,-0.10914,-0.05348,5.09103,-0.89646,1.36888,1.76973,-0.0887,0.01078,0.17439,1.95574,0.46516,-0.36464,-2.75005,0.33075,-0.07263,0.05658,0.14375,-3.62155,0.67762,-2.30378,0.33984,0.0594,-0.01002
3.22,17.89712,15.29923,-1.15145,2.95255,0.90974,0.11529,5.1728,-0.78851,-1.99771,1.24316,-0.02225,-0.10235,-0.05012,4.98955,-0.84637,1.34871,1.69019,-0.07938,0.00883,0.16339,2.18707,1.10024,-0.60789,-3.04752,0.33458,-0.06605,0.06771,0.04259,-3.6417,0.64677,-2.34835,0.33756,0.05396,-0.01202
3.24,17.58255,14.20121,-1.06475,3.05184,0.82575,0.10142,5.08315,-0.73361,-1.93392,1.19938,-0.02304,-0.0954,-0.04741,4.89839,-0.78999,1.33629,1.61532,-0.07017,0.00589,0.15288,2.33987,1.83573,-0.84698,-3.3719,0.3375,-0.06043,0.07759,-0.05204,-3.61974,0.60953,-2.40553,0.33583,0.04782,-0.01454
3.26,17.33439,13.16676,-0.96738,3.17468,0.74713,0.08766,5.00135,-0.67149,-1.87246,1.1568,-0.02401,-0.08839,-0.04438,4.82164,-0.72662,1.33107,1.54407,-0.06148,0.00285,0.14286,2.32893,2.52258,-1.04641,-3.75939,0.33572,-0.0555,0.084,-0.16474,-3.62294,0.57451,-2.47097,0.33444,0.04217,-0.01688
3.28,17.15756,12.22246,-0.86487,3.31469,0.67664,0.07469,4.93291,-0.60381,-1.81383,1.11892,-0.02486,-0.08167,-0.04168,4.7581,-0.66304,1.33032,1.4806,-0.05334,-0.0005,0.1338,2.18182,3.184,-1.20966,-4.17552,0.32982,-0.05291,0.08647,-0.29436,-3.66709,0.54427,-2.54197,0.33349,0.03655,-0.01929
3.3,17.27816,11.324,-0.76142,3.48976,0.61045,0.0615,4.86991,-0.54001,-1.76175,1.0783,-0.02621,-0.07487,-0.0382,4.71222,-0.60407,1.33658,1.42007,-0.04586,-0.00351,0.12513,1.89565,3.7461,-1.31517,-4.58326,0.32062,-0.04925,0.08653,-0.39534,-3.70091,0.51513,-2.62752,0.33264,0.03029,-0.02249
3.32,17.95951,10.46321,-0.67111,3.72357,0.54744,0.04715,4.80433,-0.49452,-1.72276,1.02465,-0.02888,-0.06767,-0.03252,4.69178,-0.55634,1.35383,1.35578,-0.03905,-0.00521,0.11608,1.46813,4.11392,-1.3359,-4.94714,0.30812,-0.04013,0.08646,-0.40621,-3.67583,0.4838,-2.73695,0.33148,0.02261,-0.02743
3.34,18.90801,9.77699,-0.61493,3.97954,0.50133,0.0346,4.7522,-0.46386,-1.69602,0.97142,-0.03204,-0.06098,-0.02639,4.69589,-0.52347,1.37687,1.29862,-0.03312,-0.00623,0.10793,0.91392,4.28324,-1.28284,-5.2696,0.29084,-0.02961,0.08408,-0.35764,-3.67694,0.45954,-2.85587,0.33021,0.01377,-0.0337
3.36,19.87603,9.35167,-0.60465,4.22594,0.48004,0.02596,4.72564,-0.44339,-1.68013,0.92953,-0.03488,-0.05535,-0.02129,4.72367,-0.50598,1.40257,1.25616,-0.02832,-0.00712,0.10167,0.28851,4.2527,-1.1755,-5.55353,0.26868,-0.02176,0.07711,-0.28213,-3.76787,0.45005,-2.97103,0.32913,0.00421,-0.04074
3.38,21.00997,9.20145,-0.65481,4.47368,0.48228,0.02041,4.72119,-0.44351,-1.67946,0.89167,-0.03772,-0.05063,-0.01663,4.78118,-0.50874,1.43498,1.2219,-0.02459,-0.0074,0.0967,-0.30841,4.00408,-1.01934,-5.764,0.24342,-0.0171,0.06558,-0.14808,-3.9348,0.45576,-3.08152,0.32832,-0.00629,-0.04884
3.4,22.18284,9.14731,-0.72047,4.69026,0.49942,0.01811,4.74292,-0.44522,-1.68502,0.87827,-0.03934,-0.04691,-0.01428,4.85801,-0.51624,1.46943,1.21111,-0.02254,-0.00837,0.09458,-0.95728,3.49985,-0.82249,-5.92077,0.2151,-0.01243,0.05188,0.02284,-4.12439,0.47134,-3.18662,0.32759,-0.01774,-0.05775
3.42,23.27123,8.97159,-0.73851,4.84182,0.51994,0.01922,4.7957,-0.42341,-1.68536,0.91453,-0.03828,-0.04428,-0.01647,4.93964,-0.5077,1.49916,1.24305,-0.02293,-0.01163,0.0972,-1.75396,2.74744,-0.59789,-6.04036,0.18437,-0.00394,0.03964,0.20257,-4.27515,0.49008,-3.28291,0.32676,-0.03032,-0.0673
3.44,24.41458,8.76523,-0.74288,4.95238,0.54336,0.02196,4.87395,-0.39719,-1.68901,0.97998,-0.03538,-0.04267,-0.02173,5.03526,-0.49545,1.53131,1.30015,-0.02506,-0.0161,0.10292,-2.49676,1.813,-0.37118,-6.08304,0.15523,0.00253,0.02613,0.41721,-4.39164,0.51415,-3.36366,0.32649,-0.04338,-0.07701
3.46,25.71865,8.60352,-0.76614,5.0418,0.5699,0.02505,4.97244,-0.38307,-1.70355,1.05567,-0.03154,-0.04202,-0.02852,5.15091,-0.48968,1.57122,1.366,-0.0282,-0.02081,0.1101,-2.9967,0.73913,-0.1586,-6.00675,0.13235,0.00305,0.00911,0.6776,-4.47858,0.54489,-3.42049,0.32749,-0.05646,-0.08648
3.48,27.28492,8.38133,-0.78259,5.11158,0.59401,0.02841,5.08648,-0.37103,-1.72444,1.14473,-0.02696,-0.04246,-0.03658,5.27547,-0.47805,1.61545,1.44258,-0.03203,-0.02617,0.11859,-3.20209,-0.46149,0.03949,-5.75667,0.11963,0.00084,-0.0087,0.97469,-4.50289,0.57791,-3.44557,0.33003,-0.07048,-0.09613
3.5,28.64819,7.94111,-0.77521,5.12797,0.60036,0.02931,5.21933,-0.35787,-1.75027,1.24962,-0.02063,-0.04359,-0.04711,5.40838,-0.46616,1.66532,1.53018,-0.03684,-0.03257,0.12893,-3.25559,-1.67556,0.18045,-5.48315,0.11608,-0.00656,-0.02875,1.25881,-4.3915,0.60492,-3.44921,0.33434,-0.08196,-0.10325
3.52,29.26533,7.12484,-0.73119,5.05435,0.57211,0.02427,5.37774,-0.34359,-1.78099,1.37287,-0.01109,-0.04477,-0.06177,5.55243,-0.46585,1.72232,1.62921,-0.04317,-0.04006,0.14196,-3.38468,-2.70616,0.25078,-5.3817,0.11913,-0.02026,-0.05066,1.45248,-4.06919,0.61538,-3.43967,0.34087,-0.08695,-0.10499
3.54,29.57959,5.95203,-0.63985,4.93022,0.51323,0.01495,5.5477,-0.32334,-1.81469,1.50332,-0.00014,-0.04641,-0.07794,5.69453,-0.46112,1.78235,1.73124,-0.04972,-0.04831,0.15584,-3.44403,-3.49111,0.28754,-5.29216,0.13138,-0.03354,-0.06879,1.59292,-3.57518,0.61221,-3.40817,0.34971,-0.08895,-0.10394
3.56,29.98854,4.46953,-0.5003,4.79367,0.42969,0.00304,5.71361,-0.2956,-1.84899,1.62952,0.01044,-0.0487,-0.09325,5.8226,-0.44073,1.84124,1.82817,-0.0554,-0.05687,0.16886,-3.27741,-4.03243,0.30408,-5.06564,0.15448,-0.04224,-0.07995,1.69477,-2.96771,0.60022,-3.34331,0.36105,-0.09137,-0.10283
3.58,30.34023,2.66752,-0.3192,4.63796,0.31811,-0.01241,5.8744,-0.26577,-1.88081,1.75215,0.02157,-0.05093,-0.10855,5.93334,-0.41633,1.89449,1.92139,-0.06079,-0.06518,0.18173,-2.96162,-4.31546,0.29615,-4.75218,0.18603,-0.04701,-0.08441,1.65996,-2.25508,0.57661,-3.227,0.37537,-0.09423,-0.1022
3.6,30.42477,0.54418,-0.07483,4.46234,0.18048,-0.03,6.01122,-0.21695,-1.90701,1.85798,0.03101,-0.05375,-0.1214,6.01901,-0.36804,1.94506,1.99744,-0.06399,-0.07408,0.19185,-2.62872,-4.23668,0.26407,-4.43631,0.21901,-0.04774,-0.08258,1.61799,-1.52329,0.55883,-3.13718,0.39076,-0.09644,-0.10147
3.62,30.03902,-1.85668,0.24926,4.26636,0.02329,-0.04759,6.09937,-0.12759,-1.92416,1.93299,0.0357,-0.05809,-0.12871,6.07224,-0.27166,1.99793,2.04186,-0.06282,-0.08481,0.19612,-2.4094,-3.79632,0.21711,-4.21787,0.24507,-0.045,-0.07623,1.70434,-0.88397,0.56412,-3.15793,0.40491,-0.09714,-0.10028
3.64,29.35206,-4.44641,0.60989,4.06074,-0.1493,-0.06599,6.14632,-0.01887,-1.92951,1.98444,0.03802,-0.06243,-0.13281,6.09388,-0.15517,2.04377,2.06397,-0.05923,-0.09572,0.19685,-2.23021,-3.23329,0.16429,-4.03932,0.26656,-0.0409,-0.06765,1.74944,-0.34636,0.58719,-3.20614,0.41782,-0.09847,-0.10087
3.66,28.54193,-7.15737,0.97649,3.85736,-0.33419,-0.08583,6.15951,0.09238,-1.92034,2.02052,0.04015,-0.06552,-0.13583,6.08361,-0.03934,2.07504,2.07215,-0.05493,-0.10546,0.19616,-1.98701,-2.70397,0.11574,-3.83339,0.28626,-0.03664,-0.05842,1.59807,0.12413,0.61873,-3.20944,0.42942,-0.10187,-0.1046
3.68,27.49695,-9.94203,1.35224,3.65095,-0.52688,-0.10617,6.12732,0.21546,-1.8928,2.04205,0.0413,-0.06789,-0.1371,6.03758,0.08462,2.09427,2.064,-0.04959,-0.11457,0.19338,-1.6648,-2.23135,0.08212,-3.65932,0.29927,-0.03258,-0.04984,1.18092,0.54311,0.65427,-3.17971,0.43827,-0.10589,-0.11016
3.7,26.39302,-12.69574,1.70582,3.46773,-0.71759,-0.1266,6.0669,0.33571,-1.85487,2.04168,0.04212,-0.06854,-0.13709,5.96463,0.20572,2.09932,2.03519,-0.04313,-0.12197,0.18834,-1.40526,-1.84255,0.05726,-3.47539,0.31064,-0.03076,-0.04326,0.85339,0.9203,0.68654,-3.12728,0.44119,-0.10861,-0.11541
3.72,25.42031,-15.32571,2.00913,3.33768,-0.8979,-0.14705,6.00104,0.43473,-1.81731,2.01277,0.04354,-0.06636,-0.13652,5.87536,0.31069,2.08815,1.98323,-0.03528,-0.12674,0.18111,-1.3558,-1.52289,0.02958,-3.21845,0.32719,-0.03254,-0.03868,1.03346,1.37457,0.67831,-3.05626,0.43408,-0.10672,-0.11624
3.74,24.4389,-17.80708,2.28025,3.24101,-1.06694,-0.16679,5.91404,0.52518,-1.7719,1.96825,0.04485,-0.06271,-0.13521,5.76378,0.40888,2.0652,1.91441,-0.02695,-0.12975,0.17219,-1.35265,-1.22024,0.00415,-2.95857,0.34193,-0.03521,-0.03438,1.34078,2.02964,0.56992,-2.91598,0.42017,-0.09764,-0.10968
3.76,23.34531,-20.11417,2.52893,3.15905,-1.22382,-0.18513,5.7954,0.61557,-1.71283,1.91893,0.0456,-0.05856,-0.13313,5.62736,0.5063,2.03398,1.83538,-0.01878,-0.13172,0.16218,-1.27373,-0.90887,-0.01522,-2.75003,0.35019,-0.03688,-0.02961,1.43891,2.86815,0.33276,-2.70784,0.40276,-0.08153,-0.09486
3.78,22.12343,-22.24235,2.74718,3.09354,-1.36791,-0.2021,5.65433,0.70165,-1.64585,1.86359,0.04597,-0.05356,-0.13044,5.47347,0.60164,1.99597,1.748,-0.00987,-0.13343,0.15098,-1.19855,-0.58035,-0.03501,-2.58452,0.35434,-0.03815,-0.02444,1.43486,3.87227,-0.04708,-2.50524,0.37874,-0.05882,-0.07013
3.8,21.0479,-23.9988,2.92569,3.06505,-1.48332,-0.21597,5.50286,0.77194,-1.57348,1.80203,0.04538,-0.04817,-0.12683,5.31005,0.68389,1.95243,1.65206,-0.00281,-0.13241,0.13943,-1.11826,-0.24811,-0.05506,-2.44818,0.35539,-0.03815,-0.01873,1.4279,4.85596,-0.52487,-2.25178,0.36073,-0.03151,-0.03988
3.82,20.40544,-25.20815,3.06067,3.09192,-1.55419,-0.22508,5.35301,0.81546,-1.49728,1.7344,0.04331,-0.04301,-0.12234,5.14674,0.74165,1.90508,1.54818,-0.00011,-0.12623,0.12845,-1.01535,0.06467,-0.07372,-2.32262,0.35424,-0.03586,-0.01252,1.52705,5.64537,-0.98754,-1.94303,0.36014,-0.0025,-0.01189
3.84,19.91382,-26.0617,3.16,3.14932,-1.59653,-0.23116,5.20487,0.84287,-1.42074,1.66276,0.04012,-0.03742,-0.11687,4.98836,0.7857,1.8573,1.44279,0.00143,-0.1184,0.11764,-0.94554,0.3475,-0.09084,-2.22511,0.35143,-0.03284,-0.0066,1.70332,6.31315,-1.40989,-1.7272,0.36481,0.02599,0.01398
3.86,19.33727,-26.74655,3.23457,3.21465,-1.62588,-0.23582,5.06041,0.86402,-1.34703,1.59061,0.03626,-0.03114,-0.11072,4.84047,0.82605,1.81314,1.34122,0.00386,-0.11158,0.10683,-0.94668,0.58912,-0.10558,-2.17189,0.34715,-0.03022,-0.00156,1.90066,6.88973,-1.79998,-1.68903,0.36645,0.05293,0.03995
3.88,18.73091,-27.28869,3.29371,3.28644,-1.64342,-0.23934,4.93073,0.87598,-1.27852,1.52057,0.03204,-0.02488,-0.10521,4.7138,0.86049,1.77628,1.24494,0.00621,-0.10513,0.09647,-1.04533,0.77877,-0.11803,-2.14788,0.34229,-0.02752,0.00267,2.14422,7.33568,-2.13848,-1.82872,0.36677,0.07974,0.06475
3.9,18.21578,-27.64465,3.32923,3.37303,-1.64727,-0.24162,4.82181,0.88429,-1.21898,1.45201,0.02687,-0.01757,-0.09769,4.61032,0.88928,1.74725,1.15761,0.00851,-0.09938,0.08724,-1.18321,0.90804,-0.12577,-2.15868,0.33728,-0.02611,0.00535,2.53592,7.6475,-2.38283,-2.07317,0.37285,0.10167,0.08586
3.92,17.91804,-27.77768,3.33479,3.48579,-1.63529,-0.24248,4.74058,0.89716,-1.17354,1.38207,0.01973,-0.00767,-0.08492,4.53132,0.91519,1.72717,1.08105,0.01084,-0.09482,0.07964,-1.28599,0.97266,-0.12733,-2.21231,0.33244,-0.02744,0.00587,3.10757,7.91069,-2.51801,-2.33055,0.39033,0.11285,0.10085
3.94,17.69985,-27.8206,3.32985,3.60111,-1.61749,-0.24309,4.69463,0.90915,-1.14485,1.3169,0.01138,0.00318,-0.07086,4.48744,0.93817,1.71951,1.01809,0.01267,-0.09141,0.07379,-1.42171,0.97992,-0.12556,-2.28985,0.32826,-0.03022,0.00488,3.65727,8.15804,-2.59384,-2.63609,0.40894,0.11838,0.11203
3.96,17.43056,-27.9041,3.33612,3.69884,-1.60324,-0.24444,4.6901,0.92031,-1.13262,1.26278,0.00325,0.01328,-0.05864,4.48557,0.96112,1.72714,0.96997,0.01381,-0.08916,0.06971,-1.6431,0.94672,-0.12307,-2.3764,0.325,-0.03333,0.00313,4.0846,8.36139,-2.64845,-3.02785,0.42017,0.12339,0.12208
3.98,17.17008,-28.05664,3.36843,3.78884,-1.5917,-0.24626,4.73373,0.94287,-1.13669,1.21596,-0.00528,0.02414,-0.04619,4.52542,0.99174,1.75237,0.93056,0.01432,-0.08794,0.06721,-1.91443,0.8916,-0.12061,-2.46929,0.3227,-0.03656,0.00106,4.44201,8.50574,-2.67883,-3.45137,0.42491,0.12441,0.12883
4,16.87206,-28.21614,3.39348,3.84367,-1.5888,-0.24956,4.81039,0.95844,-1.15694,1.19162,-0.01209,0.03267,-0.03702,4.60088,1.01348,1.78578,0.91941,0.01362,-0.08783,0.06764,-2.20526,0.82229,-0.11813,-2.56932,0.32109,-0.04094,-0.00206,4.56896,8.65181,-2.68287,-3.85773,0.42296,0.12562,0.13477
4.02,16.46506,-28.31515,3.37132,3.83151,-1.60138,-0.25559,4.89885,0.94288,-1.19156,1.20659,-0.01408,0.0344,-0.03553,4.70623,1.00607,1.81651,0.95992,0.01114,-0.08899,0.07234,-2.48956,0.74562,-0.11582,-2.67935,0.31976,-0.04776,-0.00713,4.26089,8.82965,-2.63962,-4.19401,0.41376,0.13293,0.14346
4.04,15.98085,-28.43894,3.34521,3.78099,-1.62487,-0.26326,5.00936,0.92123,-1.23658,1.24346,-0.01327,0.03286,-0.03783,4.8406,0.98938,1.85193,1.02632,0.00758,-0.09094,0.07955,-2.75787,0.68929,-0.11573,-2.79175,0.31872,-0.05526,-0.01261,3.71626,8.87342,-2.53098,-4.45002,0.39639,0.13971,0.1495
4.06,15.44628,-28.66333,3.35247,3.71765,-1.65478,-0.27159,5.14832,0.91403,-1.28804,1.28666,-0.01161,0.03129,-0.04055,5.00005,0.9812,1.89795,1.09571,0.00358,-0.09324,0.08764,-3.00772,0.67693,-0.11955,-2.89913,0.31806,-0.06199,-0.01724,3.18807,8.65605,-2.3611,-4.62873,0.37144,0.14033,0.14819
4.08,14.84948,-28.9833,3.38196,3.63609,-1.69351,-0.28093,5.29787,0.91101,-1.34323,1.33644,-0.00893,0.02899,-0.04416,5.17438,0.97508,1.94875,1.17282,-0.00067,-0.096,0.09644,-3.21495,0.72376,-0.12862,-3.00023,0.31773,-0.06875,-0.02134,2.74233,8.16823,-2.1265,-4.67895,0.3414,0.13504,0.13935
4.1,14.18499,-29.24287,3.41135,3.54054,-1.73132,-0.28993,5.46135,0.91001,-1.40298,1.39269,-0.00503,0.02526,-0.04924,5.3586,0.9664,2.00092,1.25203,-0.00531,-0.09846,0.10579,-3.38899,0.80763,-0.13972,-3.10098,0.3173,-0.07425,-0.02455,2.37967,7.37672,-1.85818,-4.65956,0.30769,0.12472,0.12366
4.12,13.46085,-29.27833,3.4199,3.43674,-1.75748,-0.29717,5.64957,0.91071,-1.46935,1.45692,0.00049,0.01937,-0.05675,5.5502,0.95073,2.05165,1.32699,-0.01072,-0.09965,0.11576,-3.54929,0.90662,-0.1498,-3.20592,0.31657,-0.07684,-0.02636,2.05766,6.30879,-1.59391,-4.64376,0.27313,0.1112,0.10304
4.14,12.73843,-29.17668,3.41784,3.33242,-1.77587,-0.30293,5.84039,0.9082,-1.53741,1.52018,0.00631,0.01259,-0.06486,5.73609,0.92914,2.09785,1.39707,-0.01616,-0.09997,0.12537,-3.66872,1.0397,-0.16181,-3.30939,0.31584,-0.07808,-0.02724,1.92268,5.07221,-1.34232,-4.55942,0.24196,0.09436,0.07828
4.16,12.08476,-29.00564,3.41584,3.23708,-1.78885,-0.30738,6.01398,0.89906,-1.6024,1.57372,0.01108,0.0062,-0.07159,5.90552,0.90302,2.13696,1.46085,-0.02096,-0.09978,0.13374,-3.728,1.22291,-0.17875,-3.4036,0.31559,-0.07922,-0.02754,2.10648,3.77043,-1.11183,-4.33464,0.21767,0.07418,0.05003
4.18,11.52106,-28.71258,3.40848,3.15108,-1.79456,-0.31034,6.17242,0.87867,-1.66464,1.62087,0.01532,-0.00048,-0.078,6.05824,0.86545,2.16491,1.52131,-0.02544,-0.0988,0.14136,-3.73688,1.46174,-0.20194,-3.48164,0.31629,-0.07982,-0.02702,2.57847,2.46329,-0.91056,-3.93655,0.20312,0.05228,0.01975
4.2,11.16974,-28.10164,3.3686,3.09593,-1.77532,-0.30918,6.29786,0.84738,-1.72034,1.64574,0.017,-0.00611,-0.08102,6.17746,0.82274,2.18269,1.56358,-0.02871,-0.09669,0.14635,-3.69512,1.67572,-0.2232,-3.56009,0.31705,-0.08016,-0.0264,3.22962,1.39337,-0.78148,-3.53701,0.1978,0.03358,-0.00648
4.22,11.17294,-26.97396,3.26914,3.09538,-1.71186,-0.30103,6.37033,0.80943,-1.7647,1.63142,0.01373,-0.00905,-0.07693,6.24647,0.78654,2.19359,1.5702,-0.02976,-0.0931,0.14652,-3.60143,1.77304,-0.23352,-3.65524,0.31708,-0.08073,-0.02661,3.85129,0.80376,-0.7184,-3.34126,0.20087,0.02363,-0.02218
4.24,11.49643,-25.4311,3.13016,3.1362,-1.61643,-0.28791,6.40101,0.75951,-1.80014,1.5933,0.00766,-0.01073,-0.06908,6.27666,0.74545,2.19306,1.55735,-0.02942,-0.08837,0.14383,-3.46734,1.80254,-0.23888,-3.74346,0.31783,-0.08156,-0.0273,4.43123,0.55841,-0.67319,-3.182,0.21328,0.02033,-0.03043
4.26,12.10304,-23.59262,2.97504,3.20477,-1.50147,-0.2718,6.40083,0.69465,-1.8285,1.54607,0.00078,-0.01237,-0.06047,6.27989,0.6911,2.17845,1.54038,-0.0285,-0.08294,0.14012,-3.31114,1.82007,-0.24577,-3.80273,0.3207,-0.08268,-0.02807,5.04991,0.5069,-0.63013,-2.90432,0.2348,0.02051,-0.03509
4.28,13.02633,-21.44369,2.80644,3.30157,-1.36449,-0.25215,6.37022,0.62122,-1.84756,1.4912,-0.00714,-0.01374,-0.05069,6.25904,0.63123,2.15332,1.51725,-0.02705,-0.07692,0.13524,-3.1509,1.81575,-0.25279,-3.82889,0.32615,-0.08399,-0.02902,5.71744,0.63921,-0.58938,-2.56933,0.26317,0.02411,-0.03592
4.3,14.30766,-18.86528,2.59351,3.43975,-1.19806,-0.22868,6.30329,0.52988,-1.86234,1.42339,-0.01606,-0.01463,-0.03964,6.20036,0.55581,2.11356,1.48666,-0.02483,-0.06997,0.12903,-2.97482,1.7115,-0.25122,-3.83893,0.33284,-0.08642,-0.03114,6.22326,0.9293,-0.5547,-2.24942,0.29352,0.03142,-0.03242
4.32,15.96624,-15.73145,2.29307,3.62978,-0.9954,-0.20144,6.19287,0.40708,-1.8797,1.33652,-0.02596,-0.0151,-0.02723,6.08587,0.45029,2.05115,1.44723,-0.02163,-0.06145,0.12127,-2.78618,1.43468,-0.23217,-3.84754,0.33955,-0.0911,-0.03549,6.34222,1.29912,-0.52782,-2.01364,0.32057,0.04225,-0.02472
4.34,17.94218,-12.22489,1.93345,3.84984,-0.76816,-0.17129,6.05721,0.26713,-1.89615,1.24662,-0.03607,-0.01606,-0.01466,5.94187,0.32887,1.9734,1.40447,-0.0183,-0.05171,0.113,-2.59766,1.07273,-0.20269,-3.83637,0.34756,-0.09684,-0.04089,6.29476,1.62638,-0.49419,-1.8276,0.34465,0.05379,-0.01586
4.36,20.14083,-8.53889,1.54292,4.07834,-0.52963,-0.13942,5.91147,0.12131,-1.90963,1.16836,-0.04548,-0.01823,-0.00327,5.79007,0.20209,1.88768,1.36661,-0.0157,-0.0413,0.1055,-2.45029,0.7112,-0.1712,-3.78805,0.35795,-0.10252,-0.04611,6.26763,1.85059,-0.44445,-1.64343,0.36646,0.06381,-0.00831
4.38,22.45954,-4.69314,1.10515,4.30673,-0.28308,-0.10672,5.74989,-0.03558,-1.923,1.10068,-0.05404,-0.02167,0.0068,5.61803,0.0655,1.7895,1.33575,-0.01386,-0.03008,0.09896,-2.44376,0.34634,-0.13753,-3.69393,0.37111,-0.10869,-0.05127,6.18722,1.96314,-0.38043,-1.48912,0.38309,0.07181,-0.00223
4.4,24.90968,-0.80067,0.63602,4.53583,-0.03189,-0.07316,5.5987,-0.19449,-1.93749,1.0521,-0.06118,-0.02665,0.01477,5.4599,-0.07186,1.69485,1.31176,-0.01328,-0.01894,0.09407,-2.34022,-0.02188,-0.09745,-3.5984,0.38224,-0.1136,-0.0553,6.04211,1.90218,-0.29839,-1.38452,0.39521,0.07789,0.00182
4.42,27.53299,3.02249,0.14916,4.77005,0.21998,-0.0385,5.48661,-0.34766,-1.95581,1.02772,-0.06669,-0.0332,0.02034,5.35575,-0.20346,1.62275,1.29409,-0.01438,-0.00869,0.0915,-1.88578,-0.38989,-0.04368,-3.55392,0.38477,-0.11476,-0.05674,5.8526,1.60179,-0.1937,-1.34465,0.40398,0.08282,0.00333
4.44,30.0796,6.68979,-0.35727,4.98179,0.46069,-0.0047,5.39403,-0.49989,-1.97797,1.02258,-0.07061,-0.04106,0.02367,5.27415,-0.33397,1.56054,1.28811,-0.017,0.00062,0.09133,-1.37487,-0.73346,0.01748,-3.4991,0.38223,-0.11368,-0.05579,5.60473,1.14303,-0.07379,-1.35647,0.40764,0.08579,0.00277
4.46,32.35147,10.13285,-0.87606,5.15148,0.68215,0.02662,5.30599,-0.6521,-2.00265,1.03197,-0.07306,-0.04989,0.02503,5.18801,-0.46433,1.49743,1.29493,-0.02088,0.00913,0.09323,-1.05048,-1.04063,0.08017,-3.38995,0.37815,-0.11175,-0.05299,5.32029,0.62342,0.04973,-1.40172,0.40577,0.08689,0.00116
4.48,34.37577,13.35978,-1.4104,5.28848,0.88591,0.05574,5.22873,-0.80312,-2.03121,1.04734,-0.07493,-0.05901,0.02579,5.10337,-0.59403,1.43708,1.3031,-0.02564,0.01761,0.09611,-0.8822,-1.33822,0.1497,-3.25941,0.36867,-0.10769,-0.04808,5.05386,0.04925,0.17215,-1.48981,0.39897,0.08828,-0.00053
4.5,35.92871,16.08552,-1.88749,5.36187,1.0547,0.08066,5.17423,-0.93526,-2.05815,1.08151,-0.07457,-0.0686,0.02356,5.03254,-0.70927,1.38574,1.33091,-0.03171,0.02319,0.10187,-0.70331,-1.5384,0.20529,-3.07684,0.35913,-0.10305,-0.04084,4.72341,-0.50309,0.28427,-1.58062,0.39117,0.08758,-0.00246
4.52,36.7834,18.05968,-2.23264,5.34337,1.1739,0.09953,5.15594,-1.03161,-2.07763,1.1481,-0.07009,-0.07911,0.01557,4.98947,-0.79961,1.34805,1.40162,-0.03959,0.02277,0.11288,-0.3372,-1.52038,0.2129,-2.83408,0.35454,-0.09913,-0.03091,4.24731,-0.96865,0.37433,-1.62935,0.38662,0.08203,-0.0051
4.54,37.10127,19.52639,-2.50323,5.27034,1.25884,0.11408,5.15676,-1.10612,-2.09301,1.21656,-0.06459,-0.08894,0.00636,4.9568,-0.87692,1.31508,1.48125,-0.04755,0.02048,0.12516,0.05704,-1.36655,0.17974,-2.5866,0.34954,-0.09383,-0.01835,3.75657,-1.4002,0.44373,-1.66947,0.38282,0.07526,-0.00769
4.56,37.03906,20.71402,-2.75049,5.17273,1.32269,0.12582,5.16054,-1.17102,-2.1072,1.26476,-0.06047,-0.09696,-0.00048,4.91965,-0.94957,1.28093,1.54296,-0.0544,0.01939,0.13549,0.33983,-1.18022,0.12189,-2.38832,0.34042,-0.08643,-0.00432,3.34129,-1.84037,0.49966,-1.72948,0.37756,0.07002,-0.00973
4.58,36.61897,21.68228,-2.96645,5.04873,1.36802,0.13496,5.17368,-1.22486,-2.11773,1.29905,-0.05707,-0.1038,-0.00608,4.8878,-1.01635,1.24882,1.595,-0.06012,0.01823,0.14467,0.5706,-0.97902,0.04199,-2.29237,0.32574,-0.07798,0.00952,2.96023,-2.28563,0.5447,-1.80083,0.3719,0.06566,-0.0113
4.6,35.70311,22.16766,-3.11199,4.90285,1.38308,0.14033,5.16907,-1.26091,-2.11936,1.30404,-0.05522,-0.10756,-0.00876,4.84518,-1.0655,1.21566,1.62234,-0.06382,0.01807,0.15046,0.82983,-0.74143,-0.07275,-2.22804,0.31591,-0.07008,0.02351,2.5892,-2.72358,0.57786,-1.87405,0.36657,0.06028,-0.01373
4.62,34.16746,21.88306,-3.14431,4.74264,1.35456,0.14058,5.12014,-1.2697,-2.10863,1.26555,-0.05597,-0.10604,-0.00655,4.77475,-1.0814,1.17975,1.60889,-0.06477,0.01993,0.15058,1.16217,-0.39245,-0.24047,-2.13603,0.32094,-0.06394,0.03849,2.20161,-3.13502,0.59721,-1.93943,0.36201,0.05207,-0.01823
4.64,32.31326,21.19603,-3.1032,4.58131,1.30039,0.1371,5.05085,-1.25947,-2.0873,1.20136,-0.05793,-0.10154,-0.00192,4.6967,-1.07444,1.14725,1.57097,-0.06364,0.02209,0.14719,1.48954,0.01585,-0.42936,-2.12759,0.32957,-0.05909,0.05181,1.78959,-3.50438,0.60536,-2.00768,0.35773,0.04298,-0.02329
4.66,30.39163,20.4368,-3.0283,4.43107,1.23855,0.13169,4.98213,-1.23795,-2.05841,1.12576,-0.0602,-0.0959,0.00344,4.62648,-1.05498,1.12215,1.5216,-0.06099,0.02351,0.14208,1.7315,0.39269,-0.60943,-2.27903,0.33278,-0.05557,0.06102,1.35776,-3.82773,0.60611,-2.08859,0.35331,0.03494,-0.02758
4.68,28.37759,19.55433,-2.90702,4.29505,1.16808,0.12477,4.91552,-1.19931,-2.02284,1.04016,-0.06346,-0.08835,0.01063,4.56318,-1.01603,1.10515,1.46093,-0.05701,0.02441,0.13529,1.84855,0.71723,-0.77066,-2.56136,0.33289,-0.05474,0.06556,0.88487,-4.11184,0.601,-2.17544,0.34912,0.02743,-0.03125
4.7,26.44198,18.56349,-2.74565,4.18268,1.0917,0.11548,4.84369,-1.15256,-1.98217,0.94642,-0.06575,-0.08038,0.01666,4.50857,-0.97021,1.09564,1.39284,-0.05197,0.02486,0.12707,1.91065,1.0687,-0.9186,-2.90836,0.3338,-0.05512,0.06699,0.40527,-4.30363,0.58701,-2.27177,0.34513,0.02022,-0.03476
4.72,24.75799,17.50585,-2.55423,4.10207,1.014,0.10317,4.75625,-1.10922,-1.93818,0.84388,-0.0651,-0.07422,0.01864,4.46512,-0.93283,1.09304,1.32104,-0.04615,0.02508,0.11761,1.97107,1.52456,-1.04758,-3.24251,0.33876,-0.05477,0.06707,-0.03256,-4.34948,0.56147,-2.3812,0.34131,0.01315,-0.03865
4.74,23.24197,16.4683,-2.34029,4.04663,0.9402,0.09014,4.67465,-1.06257,-1.89531,0.74097,-0.06391,-0.06912,0.01991,4.43965,-0.89438,1.09903,1.2525,-0.04021,0.025,0.10819,1.90752,1.9292,-1.11613,-3.58379,0.34347,-0.05584,0.06346,-0.45282,-4.31387,0.53108,-2.49557,0.33788,0.00636,-0.04246
4.76,21.82519,15.54163,-2.12011,4.0089,0.87572,0.07836,4.61637,-1.00946,-1.8583,0.64758,-0.06338,-0.06451,0.02205,4.43899,-0.84965,1.11462,1.19317,-0.03478,0.02454,0.09996,1.66187,2.14911,-1.10787,-3.9647,0.34391,-0.06037,0.05421,-0.87371,-4.25926,0.50216,-2.60899,0.33503,4e-05,-0.0458
4.78,20.49818,14.73096,-1.90529,3.98578,0.82243,0.06768,4.56961,-0.9568,-1.82786,0.56079,-0.06241,-0.06168,0.02332,4.4633,-0.80523,1.13927,1.14183,-0.02989,0.02404,0.09267,1.2735,2.20651,-1.03045,-4.34501,0.34189,-0.06896,0.03975,-1.27956,-4.1973,0.47614,-2.71936,0.33279,-0.00639,-0.04917
4.8,19.42384,14.11049,-1.7155,3.97664,0.78222,0.05867,4.55776,-0.90728,-1.80773,0.49896,-0.06109,-0.05971,0.02362,4.52054,-0.768,1.17119,1.11137,-0.02658,0.0232,0.08815,0.81413,2.08836,-0.89243,-4.70261,0.33626,-0.077,0.02325,-1.62072,-4.10719,0.45225,-2.83117,0.33091,-0.01239,-0.05262
4.82,18.8,13.76598,-1.5735,3.98308,0.75787,0.05208,4.6134,-0.8606,-1.80323,0.48528,-0.05945,-0.05666,0.02282,4.62187,-0.74458,1.20905,1.11539,-0.02605,0.02154,0.08842,0.37049,1.79986,-0.70662,-5.02279,0.32427,-0.07852,0.00881,-1.83965,-3.9645,0.42914,-2.94967,0.32914,-0.01723,-0.05613
4.84,18.43836,13.61918,-1.47609,3.99523,0.74763,0.04732,4.70906,-0.81938,-1.81142,0.50354,-0.0567,-0.05403,0.01975,4.76009,-0.73405,1.25339,1.14201,-0.02743,0.01963,0.09179,-0.08136,1.39554,-0.4923,-5.29353,0.30684,-0.07737,-0.00468,-1.96524,-3.82138,0.41032,-3.06756,0.32769,-0.02203,-0.06013
4.86,18.1713,13.6054,-1.421,4.0054,0.74933,0.04392,4.82229,-0.78615,-1.83079,0.53606,-0.05273,-0.0531,0.01435,4.92728,-0.73467,1.30402,1.17965,-0.02982,0.01802,0.09661,-0.54332,0.92108,-0.2691,-5.5061,0.28583,-0.07714,-0.01829,-2.02566,-3.72789,0.39978,-3.17724,0.32675,-0.02775,-0.06494
4.88,18.07291,13.75208,-1.42144,4.02007,0.76397,0.04201,4.96636,-0.76014,-1.86367,0.5815,-0.04836,-0.05311,0.00791,5.12747,-0.74874,1.3601,1.22653,-0.0332,0.01679,0.10287,-0.90995,0.40637,-0.05062,-5.63638,0.26178,-0.07554,-0.02964,-1.99253,-3.68055,0.39787,-3.27928,0.32635,-0.03429,-0.07075
4.9,18.10288,13.92903,-1.45196,4.02205,0.78122,0.04027,5.12493,-0.7452,-1.90744,0.64586,-0.04298,-0.05455,-0.00066,5.34012,-0.77491,1.41711,1.28881,-0.03763,0.01559,0.1108,-1.28155,-0.04077,0.13838,-5.71021,0.23441,-0.07191,-0.03767,-1.89196,-3.65565,0.40127,-3.37184,0.32618,-0.04136,-0.07695
4.92,18.1897,13.9887,-1.48082,3.98823,0.78844,0.03698,5.27094,-0.74968,-1.95813,0.73657,-0.03559,-0.05815,-0.01316,5.53539,-0.8139,1.46732,1.37525,-0.0432,0.01405,0.12074,-1.79471,-0.27214,0.27523,-5.74718,0.20486,-0.06568,-0.04134,-1.76701,-3.63433,0.40674,-3.44897,0.32599,-0.04887,-0.0831
4.94,18.36791,13.99846,-1.52825,3.94302,0.79068,0.03293,5.41075,-0.76937,-2.01552,0.83485,-0.02797,-0.06291,-0.02652,5.71762,-0.8631,1.51059,1.46921,-0.04908,0.01268,0.13119,-2.25045,-0.34958,0.3714,-5.71627,0.17662,-0.05777,-0.04102,-1.58488,-3.62368,0.41657,-3.51001,0.3262,-0.05684,-0.08947
4.96,18.68378,14.00255,-1.60892,3.90773,0.79178,0.02876,5.54744,-0.80011,-2.07777,0.92523,-0.02152,-0.06816,-0.0384,5.88907,-0.91952,1.54657,1.55737,-0.05459,0.01197,0.14094,-2.46642,-0.39279,0.44319,-5.57586,0.15385,-0.0496,-0.03811,-1.32958,-3.63052,0.43259,-3.55067,0.32738,-0.06549,-0.09638
4.98,19.16189,13.95143,-1.71174,3.87126,0.78485,0.02339,5.66338,-0.85237,-2.14052,1.01532,-0.01518,-0.0742,-0.05053,6.02893,-0.99006,1.56625,1.6493,-0.06022,0.01186,0.15069,-2.42383,-0.41287,0.49172,-5.26488,0.14048,-0.04071,-0.0328,-1.03357,-3.65557,0.4539,-3.5551,0.3301,-0.07544,-0.10433
5,19.73712,13.7266,-1.80697,3.85512,0.7684,0.01786,5.75654,-0.90005,-2.19685,1.08884,-0.01096,-0.07996,-0.05946,6.13526,-1.0461,1.57956,1.72311,-0.06446,0.01185,0.15843,-2.24742,-0.61367,0.529,-4.95318,0.13556,-0.03758,-0.0319,-0.68639,-3.62442,0.47579,-3.54947,0.33393,-0.08424,-0.11079
5.02,20.34647,13.22873,-1.8655,3.88579,0.7445,0.01388,5.83108,-0.90799,-2.23966,1.1267,-0.01149,-0.08418,-0.06073,6.21296,-1.05114,1.6019,1.75231,-0.06542,0.01136,0.16173,-2.10457,-1.16438,0.57317,-4.84282,0.13701,-0.04623,-0.0415,-0.28148,-3.45702,0.49311,-3.56395,0.33872,-0.08923,-0.11315
5.04,21.07606,12.46873,-1.88766,3.94103,0.70654,0.00943,5.87862,-0.90005,-2.26826,1.14926,-0.01399,-0.08734,-0.05882,6.2505,-1.03068,1.6205,1.7617,-0.06483,0.01045,0.16286,-1.87212,-1.87947,0.61964,-4.74555,0.14771,-0.06004,-0.05572,0.14241,-3.19572,0.50717,-3.56495,0.3458,-0.09263,-0.11362
5.06,22.00387,11.47884,-1.87808,4.0025,0.65018,0.00283,5.89321,-0.89698,-2.28312,1.1737,-0.01606,-0.08988,-0.0576,6.24005,-1.00698,1.62464,1.77268,-0.06421,0.00927,0.16382,-1.42302,-2.58,0.65068,-4.50032,0.16947,-0.07312,-0.06889,0.53766,-2.88725,0.51991,-3.51915,0.35634,-0.09655,-0.11432
5.08,23.1224,10.26868,-1.82865,4.0733,0.5778,-0.00524,5.87013,-0.8883,-2.28123,1.1956,-0.01831,-0.09143,-0.05592,6.1772,-0.96756,1.61806,1.77903,-0.06306,0.00749,0.16417,-0.74771,-3.18578,0.66335,-4.15765,0.20049,-0.08523,-0.08027,0.85227,-2.52717,0.52915,-3.41868,0.37079,-0.101,-0.11533
5.1,24.31562,8.66556,-1.70503,4.1589,0.48051,-0.01624,5.83479,-0.86271,-2.26541,1.21642,-0.02016,-0.09149,-0.05452,6.09185,-0.9092,1.61183,1.77812,-0.06157,0.00492,0.16359,-0.09862,-3.66228,0.65755,-3.82456,0.23304,-0.09618,-0.08988,1.16463,-2.07681,0.53604,-3.3159,0.38788,-0.10373,-0.11446
5.12,25.42792,6.48969,-1.4762,4.2643,0.34921,-0.0319,5.8191,-0.81033,-2.24077,1.23798,-0.02093,-0.08986,-0.05429,6.02179,-0.83258,1.61749,1.7671,-0.0599,0.00144,0.16159,0.24584,-3.95429,0.63138,-3.61609,0.25769,-0.10552,-0.09754,1.53081,-1.52027,0.54228,-3.26935,0.40608,-0.10262,-0.10958
5.14,26.5309,3.95419,-1.17446,4.37807,0.19555,-0.05068,5.79659,-0.73807,-2.20426,1.25826,-0.02106,-0.0869,-0.05455,5.93986,-0.73695,1.62644,1.74761,-0.05792,-0.0028,0.15865,0.47648,-3.91615,0.5699,-3.4586,0.27751,-0.11052,-0.09973,1.84126,-0.95427,0.55155,-3.23224,0.42501,-0.10044,-0.10378
5.16,27.6683,1.26862,-0.83138,4.48802,0.03077,-0.07105,5.74671,-0.65441,-2.15428,1.27654,-0.0208,-0.08298,-0.05498,5.82637,-0.62569,1.63136,1.72332,-0.05562,-0.00768,0.15532,0.77084,-3.52674,0.46874,-3.27179,0.29599,-0.11,-0.09483,1.97343,-0.4447,0.56654,-3.15729,0.44419,-0.09958,-0.09975
5.18,28.69402,-1.55623,-0.4439,4.59311,-0.14286,-0.09286,5.6864,-0.55491,-2.09382,1.29174,-0.02029,-0.07815,-0.05538,5.70506,-0.50127,1.63836,1.691,-0.05262,-0.01345,0.15092,1.0601,-2.85326,0.33834,-3.1068,0.3076,-0.10563,-0.08466,1.79962,0.01483,0.58335,-3.04338,0.46263,-0.09925,-0.09663
5.2,29.67924,-4.45717,-0.02238,4.6874,-0.32178,-0.1157,5.60573,-0.44563,-2.02399,1.30177,-0.01921,-0.07216,-0.05605,5.56352,-0.36547,1.64418,1.65378,-0.04986,-0.01912,0.14656,1.2309,-2.04782,0.19099,-2.94901,0.31781,-0.0988,-0.07152,1.66999,0.39254,0.61367,-2.94225,0.47425,-0.09861,-0.09449
5.22,30.7414,-7.37787,0.41921,4.76417,-0.50266,-0.13909,5.49176,-0.33474,-1.94617,1.30592,-0.01707,-0.06469,-0.05757,5.38413,-0.22148,1.64407,1.61809,-0.04884,-0.02356,0.14403,1.2268,-1.32272,0.05132,-2.77877,0.33367,-0.09085,-0.05829,1.96112,0.70578,0.66132,-2.90951,0.47039,-0.09623,-0.0926
5.24,31.66012,-10.20154,0.86371,4.822,-0.67659,-0.16181,5.36616,-0.22115,-1.8645,1.30376,-0.01468,-0.05639,-0.05903,5.1977,-0.07765,1.6431,1.57987,-0.04816,-0.02773,0.14175,1.16238,-0.70209,-0.06429,-2.63241,0.34738,-0.08339,-0.04652,2.23346,1.04127,0.68447,-2.83973,0.45528,-0.09068,-0.0889
5.26,32.26712,-12.83192,1.29548,4.859,-0.83637,-0.18285,5.24502,-0.1045,-1.7825,1.29519,-0.01261,-0.04788,-0.05976,5.02683,0.06022,1.64478,1.5356,-0.04676,-0.03223,0.13852,1.12295,-0.15187,-0.15302,-2.53121,0.35387,-0.07745,-0.03661,2.15913,1.43723,0.64318,-2.67734,0.43473,-0.08188,-0.08192
5.28,32.60519,-15.30152,1.71025,4.8717,-0.98297,-0.2021,5.128,0.01432,-1.70208,1.28343,-0.01033,-0.03921,-0.06062,4.86729,0.19165,1.6479,1.48921,-0.04582,-0.03612,0.1356,1.0956,0.28499,-0.21253,-2.48382,0.35538,-0.07305,-0.02921,1.84224,1.92327,0.51977,-2.49618,0.40402,-0.06991,-0.06991
5.3,32.62054,-17.39411,2.06642,4.85923,-1.10444,-0.21849,5.01989,0.12063,-1.6279,1.26343,-0.00881,-0.0308,-0.06022,4.72979,0.30478,1.65175,1.43817,-0.0435,-0.0404,0.13137,1.01774,0.61831,-0.24565,-2.45945,0.35397,-0.07026,-0.02373,1.5058,2.41132,0.31473,-2.2141,0.37987,-0.05431,-0.05524
5.32,32.26176,-18.9039,2.32547,4.82446,-1.18947,-0.23122,4.92722,0.19914,-1.56504,1.22736,-0.00936,-0.02297,-0.05676,4.62859,0.38853,1.65765,1.37775,-0.03742,-0.0463,0.12361,0.84006,0.8756,-0.25652,-2.41583,0.35187,-0.06908,-0.01918,1.39507,2.75527,0.08575,-1.83149,0.37636,-0.03561,-0.04311
5.34,31.62246,-20.05715,2.51164,4.76523,-1.25053,-0.24104,4.85295,0.26104,-1.51325,1.18814,-0.01029,-0.01591,-0.05274,4.55793,0.45124,1.66611,1.31701,-0.03048,-0.05222,0.11512,0.64502,1.05015,-0.25018,-2.37963,0.34879,-0.06889,-0.01586,1.41509,3.02248,-0.1468,-1.52747,0.37729,-0.01608,-0.03232
5.36,30.78544,-21.05568,2.64687,4.68336,-1.29902,-0.24878,4.80042,0.31581,-1.47271,1.15522,-0.01046,-0.00981,-0.04989,4.51556,0.50016,1.6781,1.26249,-0.02481,-0.05704,0.10805,0.49517,1.14222,-0.23193,-2.37668,0.34404,-0.06942,-0.01414,1.44859,3.28481,-0.39243,-1.40298,0.37313,0.00351,-0.01933
5.38,29.76287,-21.94179,2.73453,4.59178,-1.33691,-0.25525,4.77247,0.36047,-1.44628,1.11896,-0.01103,-0.00443,-0.04639,4.50969,0.53603,1.69719,1.20828,-0.01909,-0.06146,0.10099,0.36794,1.16243,-0.20589,-2.39355,0.33868,-0.07076,-0.01363,1.54505,3.50572,-0.63723,-1.47891,0.366,0.02465,-0.00483
5.4,28.67495,-22.56676,2.7442,4.47787,-1.36133,-0.25923,4.7668,0.3894,-1.43202,1.1024,-0.00998,-0.00113,-0.04566,4.52747,0.55245,1.71416,1.17126,-0.01529,-0.06467,0.09651,0.26173,1.12486,-0.17629,-2.41399,0.33342,-0.07218,-0.01402,1.88198,3.72866,-0.86981,-1.69385,0.36699,0.04594,0.01145
5.42,27.63923,-22.77315,2.64574,4.32482,-1.36993,-0.25952,4.78281,0.39791,-1.42733,1.13385,-0.00481,-0.00143,-0.05197,4.55431,0.54368,1.71881,1.17088,-0.0157,-0.06562,0.09774,0.17184,1.05259,-0.14795,-2.42165,0.32869,-0.07261,-0.01479,2.50931,4.0667,-1.09795,-1.98272,0.38537,0.06646,0.0301
5.44,26.61169,-22.82591,2.49008,4.16485,-1.37312,-0.25885,4.82075,0.39381,-1.43471,1.18143,0.0014,-0.00366,-0.06032,4.60206,0.5228,1.72228,1.18534,-0.01766,-0.0654,0.1012,0.08967,0.9615,-0.12376,-2.42811,0.32451,-0.0727,-0.0158,3.12621,4.4855,-1.32475,-2.3939,0.40809,0.08769,0.05056
5.46,25.57083,-22.94996,2.32664,4.02438,-1.38008,-0.25937,4.87754,0.38545,-1.45374,1.22086,0.00635,-0.00629,-0.06698,4.67536,0.50248,1.7331,1.19755,-0.01918,-0.06498,0.10422,0.01008,0.85974,-0.10475,-2.44457,0.3209,-0.07297,-0.01704,3.57047,4.89034,-1.54207,-2.9651,0.42356,0.11027,0.0723
5.48,24.55479,-23.11144,2.16061,3.89466,-1.39205,-0.26078,4.94658,0.37537,-1.47719,1.26597,0.01143,-0.00942,-0.0742,4.76005,0.48622,1.74733,1.21483,-0.02097,-0.06443,0.10783,-0.09028,0.77059,-0.09402,-2.45731,0.31821,-0.07243,-0.01775,3.87895,5.26654,-1.74348,-3.64153,0.43234,0.13365,0.09482
5.5,23.6475,-23.28093,1.99357,3.80069,-1.40426,-0.26318,5.02136,0.36121,-1.50812,1.29772,0.01454,-0.01269,-0.07888,4.85776,0.47111,1.76434,1.22953,-0.02232,-0.06351,0.11087,-0.15846,0.69451,-0.08891,-2.48389,0.31617,-0.07266,-0.01893,3.87401,5.57278,-1.90091,-4.34793,0.43459,0.15265,0.11447
5.52,22.93908,-23.43101,1.82967,3.7726,-1.41137,-0.26668,5.09456,0.34002,-1.55121,1.29196,0.01305,-0.01566,-0.07706,4.97221,0.45309,1.78368,1.23183,-0.0224,-0.06192,0.11186,-0.12772,0.62355,-0.08518,-2.54597,0.31458,-0.07581,-0.02191,3.28435,5.75409,-1.97352,-4.97979,0.42817,0.15921,0.12537
5.54,22.39192,-23.56078,1.68773,3.78623,-1.41667,-0.27077,5.16219,0.31938,-1.59463,1.27163,0.00959,-0.01814,-0.07261,5.08725,0.43964,1.80349,1.23045,-0.02189,-0.0603,0.112,-0.05956,0.57888,-0.08629,-2.62123,0.31382,-0.07969,-0.02509,2.279,5.70802,-1.94938,-5.51232,0.40786,0.15557,0.12734
5.56,21.96964,-23.69268,1.58808,3.82049,-1.42392,-0.27519,5.22342,0.30576,-1.62992,1.25491,0.00629,-0.0199,-0.06861,5.19208,0.43742,1.82378,1.23189,-0.02124,-0.05926,0.11217,-0.0079,0.59386,-0.09726,-2.69054,0.31412,-0.08242,-0.027,1.19196,5.36795,-1.84301,-5.9454,0.37306,0.14583,0.12205
5.58,21.69807,-23.82105,1.53835,3.87793,-1.43203,-0.27977,5.27441,0.29859,-1.6587,1.23568,0.00258,-0.02084,-0.06411,5.28713,0.44505,1.84434,1.23503,-0.02043,-0.05873,0.11223,0.04293,0.68831,-0.11941,-2.75411,0.31548,-0.08462,-0.02779,0.1761,4.72848,-1.65499,-6.18559,0.32823,0.12676,0.10655
5.6,21.60584,-23.80507,1.52591,3.96096,-1.43134,-0.2834,5.32472,0.29719,-1.6821,1.21609,-0.00124,-0.02125,-0.05962,5.37405,0.45686,1.86468,1.2389,-0.01937,-0.05865,0.11198,0.09841,0.82591,-0.14699,-2.82958,0.31726,-0.08602,-0.02789,-0.7005,3.77199,-1.42228,-6.29906,0.27585,0.10406,0.08536
5.62,21.71335,-23.51403,1.53834,4.07167,-1.41239,-0.28494,5.38623,0.30212,-1.70099,1.19889,-0.00473,-0.02145,-0.05579,5.45559,0.46752,1.88486,1.24169,-0.01783,-0.05909,0.11105,0.15551,0.97032,-0.17526,-2.93393,0.31903,-0.0862,-0.02782,-1.45179,2.54235,-1.18634,-6.38285,0.22126,0.08496,0.06509
5.64,22.01306,-23.01284,1.58666,4.19822,-1.38075,-0.28467,5.44826,0.31213,-1.71536,1.18362,-0.00788,-0.02135,-0.05247,5.52997,0.47824,1.90426,1.24713,-0.01631,-0.05989,0.11014,0.20211,1.14781,-0.20842,-3.04997,0.3214,-0.08571,-0.02731,-1.87269,1.24163,-0.96952,-6.33135,0.17307,0.06578,0.04377
5.66,22.5019,-22.36239,1.67843,4.32872,-1.34168,-0.28283,5.50227,0.32575,-1.72533,1.1713,-0.01057,-0.021,-0.04975,5.59589,0.4897,1.92218,1.25921,-0.01528,-0.06092,0.1099,0.21567,1.38169,-0.25005,-3.15687,0.32508,-0.08496,-0.02611,-1.78839,0.05589,-0.78927,-6.0435,0.1382,0.04502,0.02067
5.68,23.21706,-21.56962,1.8114,4.46573,-1.29418,-0.2792,5.55267,0.3434,-1.73234,1.16002,-0.01294,-0.02057,-0.04738,5.6563,0.49945,1.93855,1.27666,-0.01445,-0.06225,0.10996,0.17739,1.67342,-0.30051,-3.24662,0.33063,-0.08408,-0.0245,-1.2296,-1.00036,-0.6455,-5.47196,0.12144,0.0252,-0.00198
5.7,24.11677,-20.39728,1.93589,4.59622,-1.22627,-0.27223,5.59469,0.353,-1.73777,1.15634,-0.01443,-0.02063,-0.04633,5.70723,0.49722,1.94895,1.30337,-0.01473,-0.06297,0.11141,0.11202,1.89255,-0.34369,-3.34621,0.33692,-0.08354,-0.02354,-0.47252,-1.46927,-0.57258,-4.8804,0.12204,0.01443,-0.01486
5.72,25.15505,-18.56393,1.99252,4.70577,-1.1239,-0.26027,5.62176,0.33877,-1.74318,1.16919,-0.01431,-0.02181,-0.0479,5.74202,0.47092,1.94758,1.34488,-0.01738,-0.06192,0.1158,0.04679,1.89523,-0.36204,-3.47935,0.34299,-0.08387,-0.02427,0.06174,-0.99147,-0.55684,-4.59234,0.13768,0.01957,-0.01026
5.74,26.39652,-16.26115,1.99951,4.80723,-0.99488,-0.24405,5.63736,0.30622,-1.74974,1.19014,-0.01342,-0.024,-0.05074,5.76411,0.42418,1.93599,1.39672,-0.02134,-0.05975,0.12175,-0.03223,1.77353,-0.36606,-3.6081,0.35031,-0.08488,-0.02605,0.53742,-0.11024,-0.56066,-4.3663,0.16707,0.03271,0.00258
5.76,27.88303,-13.70237,1.97515,4.91035,-0.8493,-0.22466,5.64298,0.26024,-1.75817,1.21151,-0.0125,-0.02705,-0.05367,5.77602,0.361,1.91547,1.45434,-0.02567,-0.05706,0.1281,-0.16307,1.62051,-0.36668,-3.69706,0.36013,-0.08637,-0.02823,1.16273,0.7266,-0.55321,-3.98059,0.20784,0.04611,0.01481
5.78,29.59171,-10.8522,1.89598,5.01032,-0.68659,-0.20237,5.63415,0.19265,-1.76893,1.2361,-0.01122,-0.03113,-0.05725,5.77268,0.27616,1.88269,1.51908,-0.0309,-0.05325,0.1355,-0.3973,1.40589,-0.35769,-3.73567,0.3728,-0.08896,-0.03133,1.87892,1.47756,-0.53595,-3.55553,0.25484,0.05841,0.02535
5.8,31.402,-7.65841,1.72928,5.10685,-0.5008,-0.17558,5.61402,0.10372,-1.78412,1.25938,-0.01039,-0.03657,-0.06032,5.75605,0.17015,1.83837,1.58431,-0.03612,-0.04856,0.14251,-0.57134,1.09792,-0.33659,-3.76697,0.38463,-0.09098,-0.03433,2.50378,2.0512,-0.50278,-3.1541,0.29968,0.06987,0.03418
5.82,33.17602,-4.08574,1.44125,5.20028,-0.28588,-0.1426,5.58817,-0.0064,-1.80728,1.27501,-0.01115,-0.04379,-0.06132,5.7317,0.04316,1.78382,1.64305,-0.04018,-0.04347,0.1474,-0.53153,0.68195,-0.30079,-3.8429,0.3907,-0.0896,-0.03507,2.84877,2.3759,-0.4455,-2.81769,0.33434,0.08199,0.04204
5.84,34.94164,-0.31256,1.05489,5.28567,-0.05569,-0.10602,5.55291,-0.13875,-1.83642,1.28792,-0.01259,-0.0524,-0.06145,5.69411,-0.10232,1.71889,1.69762,-0.04393,-0.03765,0.1515,-0.46136,0.20206,-0.24647,-3.90395,0.39278,-0.08692,-0.03442,3.0442,2.39039,-0.3591,-2.54729,0.3604,0.09116,0.04578
5.86,36.69986,3.47097,0.5962,5.3606,0.17535,-0.0687,5.50668,-0.29201,-1.86983,1.30104,-0.01407,-0.06193,-0.06162,5.64047,-0.26346,1.64387,1.74933,-0.04792,-0.03088,0.15567,-0.52708,-0.31171,-0.17062,-3.90286,0.39314,-0.08491,-0.03368,3.22182,2.11548,-0.24464,-2.31392,0.38012,0.09511,0.04377
5.88,38.32076,7.23832,0.04554,5.42492,0.40761,-0.03125,5.45448,-0.47025,-1.91134,1.30855,-0.01631,-0.07271,-0.06084,5.57841,-0.44707,1.55735,1.7962,-0.05172,-0.02324,0.15915,-0.76532,-0.88662,-0.06728,-3.86178,0.39012,-0.08154,-0.03165,3.33246,1.63637,-0.11386,-2.13954,0.38968,0.09666,0.03876
5.9,39.8158,10.80037,-0.52505,5.47102,0.62719,0.00624,5.39678,-0.64406,-1.95069,1.3203,-0.01818,-0.08327,-0.06039,5.49967,-0.61802,1.47399,1.8317,-0.05519,-0.01576,0.16203,-0.92079,-1.38639,0.0417,-3.76707,0.38246,-0.07952,-0.02938,3.34414,0.99986,0.0321,-2.01269,0.3945,0.09419,0.03036
5.92,41.21192,13.98558,-1.01509,5.49327,0.81755,0.04377,5.33191,-0.77559,-1.97416,1.35024,-0.01806,-0.09173,-0.06223,5.394,-0.7298,1.41332,1.8501,-0.05823,-0.00973,0.16452,-0.71099,-1.6095,0.11289,-3.62141,0.36826,-0.08108,-0.02764,3.26046,0.28209,0.18675,-1.91685,0.40169,0.0861,0.01817
5.94,42.31778,16.79929,-1.4612,5.49562,0.98235,0.07907,5.26394,-0.8851,-1.99103,1.38278,-0.01746,-0.09908,-0.06436,5.27834,-0.81122,1.36528,1.85528,-0.06062,-0.00474,0.16607,-0.41702,-1.64664,0.14896,-3.43949,0.35034,-0.08152,-0.02382,3.13163,-0.41239,0.32749,-1.8618,0.4058,0.07674,0.00612
5.96,43.03085,19.27862,-1.90002,5.48077,1.12708,0.11055,5.19756,-0.99134,-2.00922,1.40545,-0.01761,-0.10614,-0.06525,5.16704,-0.88788,1.32071,1.8507,-0.06234,-0.00032,0.16645,-0.26171,-1.63795,0.16941,-3.24993,0.33067,-0.07877,-0.01736,3.00587,-1.04007,0.44345,-1.85214,0.40341,0.06931,-0.00347
5.98,43.38969,21.50545,-2.29109,5.44767,1.25096,0.13914,5.13276,-1.07706,-2.02188,1.42519,-0.01759,-0.11192,-0.06602,5.05815,-0.9387,1.28852,1.83527,-0.0634,0.00287,0.16589,-0.13603,-1.59872,0.1794,-3.10857,0.30508,-0.07455,-0.01051,2.90293,-1.59868,0.53799,-1.89455,0.397,0.06396,-0.01065
6,43.32024,23.12347,-2.61058,5.39141,1.34437,0.16209,5.07341,-1.14476,-2.03232,1.43277,-0.01852,-0.11678,-0.0652,4.95928,-0.97421,1.26568,1.81014,-0.06372,0.00492,0.1643,0.01573,-1.5253,0.17117,-2.95756,0.28688,-0.07038,-0.00329,2.77431,-2.07639,0.60494,-1.94635,0.38936,0.0587,-0.01633
6.02,42.78696,23.7748,-2.8535,5.30889,1.40089,0.17682,5.0288,-1.20273,-2.04742,1.41705,-0.02197,-0.12152,-0.06079,4.88182,-1.01208,1.24724,1.77667,-0.06319,0.00623,0.16154,0.22778,-1.37952,0.12525,-2.76866,0.28862,-0.06762,0.00471,2.56054,-2.47115,0.63613,-1.95949,0.38307,0.05127,-0.02161
6.04,41.94388,23.90933,-3.0193,5.20759,1.43221,0.18638,4.99863,-1.24084,-2.06122,1.39263,-0.02609,-0.12523,-0.05521,4.82342,-1.03553,1.23949,1.73871,-0.06215,0.00647,0.15831,0.50049,-1.23362,0.07038,-2.65582,0.29562,-0.06645,0.01079,2.32366,-2.79435,0.64333,-1.97447,0.37702,0.04376,-0.0259
6.06,40.91227,23.91704,-3.11672,5.09532,1.44971,0.19343,4.98266,-1.25268,-2.07003,1.37077,-0.02955,-0.12743,-0.05027,4.7825,-1.03435,1.24634,1.69965,-0.0609,0.0055,0.15515,0.79663,-1.16459,0.03568,-2.68689,0.29734,-0.06703,0.01303,2.1098,-3.05307,0.63806,-2.02406,0.37005,0.03812,-0.02851
6.08,39.72401,23.7784,-3.15488,4.97672,1.45691,0.19843,4.98804,-1.23828,-2.07748,1.34901,-0.03313,-0.12867,-0.04501,4.76399,-1.01257,1.26841,1.65831,-0.05935,0.00354,0.152,1.0739,-1.15841,0.0174,-2.84757,0.29679,-0.06978,0.01178,1.88403,-3.25959,0.62274,-2.09188,0.36314,0.03356,-0.02982
6.1,38.43933,23.38993,-3.12461,4.85023,1.44595,0.19923,5.00511,-1.2083,-2.08138,1.33128,-0.03554,-0.12851,-0.04117,4.7648,-0.9817,1.29746,1.62507,-0.05805,0.00085,0.1496,1.42336,-1.17136,0.00402,-3.06718,0.29927,-0.07408,0.00866,1.65797,-3.40199,0.5981,-2.16705,0.35674,0.02917,-0.03092
6.12,37.12341,22.64956,-3.01641,4.71278,1.40802,0.19353,5.01986,-1.17592,-2.07848,1.32274,-0.03517,-0.12652,-0.04097,4.78012,-0.95452,1.32395,1.61206,-0.0576,-0.00222,0.14883,1.91537,-1.16339,-0.01157,-3.26175,0.3091,-0.07887,0.00544,1.45101,-3.471,0.56519,-2.24125,0.35108,0.02419,-0.03283
6.14,35.79359,21.77767,-2.86325,4.57523,1.35815,0.18483,5.04321,-1.13625,-2.07374,1.31882,-0.03373,-0.1236,-0.0422,4.81332,-0.92554,1.3541,1.60881,-0.05748,-0.00543,0.14887,2.38256,-1.16323,-0.01567,-3.46323,0.32055,-0.08411,0.00135,1.23214,-3.49785,0.52966,-2.31723,0.34619,0.01903,-0.03494
6.16,34.46851,20.97888,-2.6962,4.44716,1.31057,0.17636,5.08093,-1.08527,-2.07007,1.31653,-0.0325,-0.12046,-0.04318,4.86376,-0.89003,1.39209,1.60634,-0.05725,-0.00862,0.14907,2.71789,-1.19551,-0.00062,-3.71493,0.32817,-0.09006,-0.00443,0.97964,-3.51165,0.49672,-2.40045,0.34202,0.0143,-0.03664
6.18,33.17509,20.22992,-2.52268,4.32609,1.26498,0.16785,5.12073,-1.03125,-2.06538,1.31799,-0.0309,-0.11712,-0.04477,4.92359,-0.85647,1.4315,1.60884,-0.05712,-0.01157,0.14971,2.94704,-1.24053,0.02801,-3.98252,0.33366,-0.0965,-0.01134,0.6952,-3.52717,0.46843,-2.48587,0.33871,0.00968,-0.03821
6.2,31.90259,19.54306,-2.34983,4.22196,1.22,0.15905,5.16842,-0.97701,-2.06183,1.31731,-0.02956,-0.11352,-0.04595,4.99398,-0.82415,1.47139,1.61198,-0.05695,-0.01392,0.15025,3.07395,-1.27454,0.06633,-4.23631,0.33661,-0.10206,-0.01813,0.39532,-3.52746,0.44305,-2.57218,0.3361,0.00483,-0.04028
6.22,30.63106,18.93435,-2.18461,4.14647,1.17472,0.14975,5.23261,-0.92309,-2.06197,1.30771,-0.02935,-0.10964,-0.04544,5.07663,-0.79065,1.5118,1.6102,-0.05655,-0.0153,0.15005,3.10251,-1.27656,0.11178,-4.45042,0.33541,-0.10516,-0.02354,0.09544,-3.49137,0.41802,-2.65801,0.33399,-0.00053,-0.04345
6.24,29.393,18.40614,-2.03705,4.0916,1.13354,0.14072,5.29671,-0.87356,-2.06171,1.29486,-0.02946,-0.10562,-0.04444,5.15983,-0.76258,1.54732,1.60718,-0.05607,-0.01577,0.14951,3.03329,-1.25929,0.16328,-4.62901,0.33012,-0.10639,-0.02812,-0.20959,-3.45299,0.39722,-2.74333,0.33244,-0.00623,-0.04726
6.26,28.20581,17.98003,-1.91782,4.0496,1.10106,0.13283,5.34827,-0.83078,-2.05816,1.28349,-0.02934,-0.10164,-0.04382,5.23315,-0.74463,1.57399,1.60536,-0.0556,-0.01542,0.14896,2.88691,-1.23046,0.2177,-4.78282,0.32121,-0.10667,-0.03246,-0.52794,-3.44654,0.3843,-2.82865,0.3315,-0.01207,-0.05126
6.28,27.04328,17.67306,-1.83356,4.02049,1.0778,0.12595,5.3881,-0.79559,-2.05238,1.27187,-0.02938,-0.09797,-0.04301,5.29287,-0.73773,1.5906,1.60401,-0.05515,-0.01427,0.14824,2.72241,-1.17357,0.27027,-4.89195,0.30889,-0.1061,-0.03614,-0.86073,-3.47999,0.379,-2.90779,0.3312,-0.01841,-0.05577
6.3,25.95748,17.40937,-1.77378,4.01015,1.05942,0.11954,5.41779,-0.76667,-2.04225,1.25932,-0.02896,-0.09385,-0.04271,5.34266,-0.73674,1.59741,1.60001,-0.05463,-0.01229,0.14726,2.48601,-1.09546,0.3179,-4.96695,0.29276,-0.10238,-0.03785,-1.16341,-3.50902,0.37811,-2.99737,0.33091,-0.02461,-0.06038
6.32,25.02277,17.10554,-1.72573,4.02467,1.04163,0.11316,5.43834,-0.74212,-2.02497,1.2462,-0.02733,-0.08838,-0.0437,5.38605,-0.73551,1.59496,1.59049,-0.05411,-0.0093,0.146,2.11534,-0.994,0.35691,-5.01841,0.27284,-0.09273,-0.0358,-1.37935,-3.48756,0.37914,-3.11797,0.32993,-0.03011,-0.0648
6.34,24.18416,16.82659,-1.70282,4.05575,1.02802,0.10697,5.44859,-0.7235,-2.00335,1.23294,-0.02518,-0.08256,-0.04526,5.41709,-0.7388,1.58266,1.57817,-0.05354,-0.00578,0.14455,1.73522,-0.85521,0.38655,-5.02749,0.25047,-0.08036,-0.03131,-1.54432,-3.46739,0.38537,-3.25031,0.32873,-0.03566,-0.06942
6.36,23.41014,16.62225,-1.71523,4.0945,1.02145,0.10118,5.44731,-0.71192,-1.97999,1.22115,-0.02302,-0.07725,-0.04688,5.43091,-0.75017,1.56078,1.56611,-0.05302,-0.00212,0.14307,1.46157,-0.69351,0.40964,-4.97054,0.22777,-0.06803,-0.02586,-1.68717,-3.49494,0.40035,-3.37665,0.32778,-0.04194,-0.0746
6.38,22.75871,16.46143,-1.75755,4.1386,1.02005,0.09577,5.43433,-0.70609,-1.95427,1.21365,-0.02067,-0.07222,-0.04875,5.42584,-0.766,1.53051,1.55591,-0.05308,0.00219,0.14162,1.32855,-0.53433,0.42991,-4.81338,0.20704,-0.05445,-0.01864,-1.77531,-3.56454,0.42515,-3.50315,0.32695,-0.04919,-0.08064
6.4,22.20308,16.26733,-1.81894,4.19248,1.01823,0.08964,5.42197,-0.70542,-1.93001,1.20541,-0.0181,-0.06767,-0.05104,5.42137,-0.78452,1.49768,1.54236,-0.05234,0.0053,0.14017,1.26591,-0.45223,0.45235,-4.63939,0.18832,-0.04424,-0.01373,-1.83607,-3.64196,0.45517,-3.62663,0.32604,-0.05639,-0.08636
6.42,21.6987,15.9627,-1.88957,4.26361,1.01035,0.0815,5.42519,-0.71035,-1.9118,1.18874,-0.01538,-0.06379,-0.05389,5.44134,-0.80491,1.46829,1.5176,-0.04893,0.00515,0.13844,1.17449,-0.52613,0.47789,-4.53885,0.17257,-0.0422,-0.01533,-1.91229,-3.69498,0.48509,-3.73936,0.32498,-0.06244,-0.09047
6.44,21.33001,15.5543,-1.96633,4.3399,0.99718,0.0723,5.4357,-0.71807,-1.8975,1.17304,-0.0126,-0.06045,-0.05708,5.4689,-0.82315,1.44208,1.48955,-0.04461,0.00362,0.13656,1.14123,-0.75461,0.50559,-4.41926,0.16333,-0.04456,-0.02059,-1.96845,-3.73274,0.51738,-3.84306,0.32402,-0.06825,-0.09395
6.46,21.17842,15.05622,-2.047,4.41129,0.97937,0.06284,5.44881,-0.7278,-1.88661,1.16617,-0.00977,-0.05768,-0.06053,5.49386,-0.83664,1.41997,1.46623,-0.04089,0.00208,0.13496,1.26475,-1.12083,0.5335,-4.19264,0.16331,-0.04856,-0.02715,-1.98349,-3.77056,0.55469,-3.93442,0.32365,-0.07479,-0.09783
6.48,21.27925,14.43965,-2.12623,4.48719,0.95359,0.05233,5.47507,-0.74253,-1.88233,1.1628,-0.0067,-0.0553,-0.06461,5.53275,-0.84456,1.40486,1.4433,-0.03674,-0.00049,0.13358,1.56001,-1.60719,0.55563,-3.84301,0.17411,-0.05511,-0.03536,-1.98563,-3.80178,0.59482,-4.0017,0.3243,-0.08205,-0.10219
6.5,21.59757,13.58237,-2.17,4.54594,0.9126,0.041,5.50638,-0.74948,-1.88171,1.17518,-0.00371,-0.05392,-0.06901,5.5715,-0.83924,1.40142,1.43275,-0.03368,-0.0036,0.13339,1.84793,-2.23208,0.5739,-3.5141,0.19107,-0.06477,-0.04654,-1.9714,-3.74806,0.62983,-4.05874,0.32573,-0.0884,-0.10514
6.52,22.07567,12.33931,-2.13912,4.56092,0.84699,0.02906,5.52884,-0.73403,-1.88,1.21798,-0.00118,-0.05431,-0.07336,5.59053,-0.81333,1.41382,1.45029,-0.0338,-0.00636,0.13565,1.9284,-2.94108,0.59799,-3.37335,0.20775,-0.07666,-0.06087,-1.94884,-3.52296,0.65029,-4.11882,0.32795,-0.09236,-0.10491
6.54,22.77637,10.77753,-2.05048,4.55875,0.75856,0.01559,5.55143,-0.70652,-1.87941,1.27614,0.00134,-0.05562,-0.07808,5.60707,-0.77128,1.43741,1.48248,-0.03521,-0.00957,0.13943,1.97286,-3.55452,0.61695,-3.28248,0.22678,-0.08788,-0.07429,-1.9267,-3.1905,0.66172,-4.1619,0.33193,-0.0953,-0.10345
6.56,23.7336,8.97725,-1.92174,4.56178,0.65086,5e-05,5.57975,-0.67638,-1.88099,1.3365,0.00418,-0.05698,-0.08339,5.63212,-0.71736,1.46736,1.51705,-0.03634,-0.01369,0.14378,2.12874,-3.96576,0.61371,-3.11179,0.25063,-0.09635,-0.0836,-1.93323,-2.8215,0.67039,-4.16867,0.33865,-0.09884,-0.10292
6.58,24.84312,6.91626,-1.74419,4.5613,0.52194,-0.01752,5.60236,-0.64105,-1.88039,1.40065,0.00721,-0.05832,-0.08901,5.65367,-0.65238,1.5018,1.55602,-0.03778,-0.01823,0.14872,2.33608,-4.1393,0.58726,-2.90884,0.27539,-0.10091,-0.08811,-2.04665,-2.41136,0.67218,-4.12538,0.34872,-0.10361,-0.10392
6.6,26.13048,4.6071,-1.51659,4.56279,0.37549,-0.03655,5.6178,-0.59129,-1.87582,1.46545,0.01016,-0.05966,-0.09447,5.66472,-0.57156,1.53804,1.5943,-0.03905,-0.02324,0.1536,2.50804,-4.04646,0.53654,-2.73006,0.29839,-0.10227,-0.08795,-2.10326,-2.00646,0.68278,-4.09001,0.36032,-0.10761,-0.10525
6.62,27.62598,2.09679,-1.24281,4.57302,0.21842,-0.05611,5.62781,-0.51679,-1.86621,1.52711,0.01267,-0.06106,-0.09926,5.66065,-0.47023,1.57332,1.62609,-0.03942,-0.02893,0.15768,2.5796,-3.71357,0.46526,-2.63352,0.31667,-0.10209,-0.08403,-1.94055,-1.67468,0.72319,-4.12688,0.37099,-0.1087,-0.10571
6.64,29.16935,-0.53945,-0.93436,4.58633,0.05285,-0.07626,5.62133,-0.42763,-1.84859,1.58288,0.01488,-0.06203,-0.10338,5.63661,-0.35815,1.60475,1.65137,-0.03934,-0.03466,0.16099,2.60095,-3.21294,0.37411,-2.57491,0.32966,-0.09967,-0.07667,-1.75215,-1.41589,0.78433,-4.17172,0.3808,-0.10928,-0.10756
6.66,30.61011,-3.23405,-0.60143,4.59887,-0.11889,-0.09707,5.592,-0.33299,-1.82092,1.6302,0.01699,-0.06208,-0.1069,5.59176,-0.24349,1.63026,1.66932,-0.03906,-0.04005,0.16348,2.65497,-2.61516,0.2698,-2.50607,0.33817,-0.09501,-0.06683,-1.71858,-1.19653,0.84739,-4.16648,0.39,-0.11098,-0.11202
6.68,31.86701,-5.94156,-0.24426,4.6079,-0.29159,-0.11779,5.54368,-0.22623,-1.7822,1.6696,0.01876,-0.06138,-0.10961,5.52635,-0.1252,1.64913,1.67915,-0.03818,-0.04544,0.16489,2.78719,-1.96805,0.16506,-2.47154,0.33987,-0.08985,-0.0563,-1.90579,-0.98532,0.90006,-4.11734,0.39768,-0.11255,-0.11701
6.7,33.02555,-8.5539,0.11839,4.62172,-0.45923,-0.13806,5.47171,-0.11898,-1.73505,1.69528,0.02047,-0.05932,-0.11157,5.43942,-0.00845,1.66081,1.67757,-0.03731,-0.04986,0.16519,2.86509,-1.35573,0.06242,-2.41708,0.34069,-0.08466,-0.04617,-1.98201,-0.7601,0.94056,-4.03668,0.39905,-0.11119,-0.12174
6.72,34.20466,-10.97845,0.46788,4.64991,-0.61647,-0.15762,5.37262,-0.0266,-1.68354,1.70139,0.0225,-0.05511,-0.11304,5.33188,0.10085,1.66567,1.66182,-0.03732,-0.05215,0.16454,2.74753,-0.83297,-0.03259,-2.2755,0.34774,-0.07925,-0.03666,-1.58395,-0.4201,0.94995,-3.93782,0.38759,-0.1027,-0.1241
6.74,35.21041,-13.19248,0.81286,4.67902,-0.75943,-0.17559,5.26058,0.06202,-1.62737,1.69553,0.02446,-0.04968,-0.11387,5.21198,0.2041,1.66504,1.63718,-0.03742,-0.05363,0.16303,2.60855,-0.3563,-0.11035,-2.12265,0.35459,-0.07406,-0.02804,-1.11983,0.10899,0.86919,-3.77675,0.3686,-0.08739,-0.11994
6.76,35.89637,-15.19233,1.16065,4.69839,-0.88688,-0.19152,5.14757,0.15527,-1.5669,1.68385,0.02603,-0.0438,-0.11402,5.08748,0.30237,1.66065,1.60801,-0.03703,-0.05526,0.16078,2.57565,0.11276,-0.17164,-2.01566,0.35658,-0.06943,-0.02035,-0.91367,0.7993,0.66739,-3.55248,0.34721,-0.06744,-0.10769
6.78,36.30986,-17.02435,1.51093,4.71082,-1.00124,-0.20572,5.03611,0.24855,-1.50555,1.665,0.02741,-0.03723,-0.11371,4.96268,0.39538,1.65526,1.57387,-0.03661,-0.05662,0.15809,2.57187,0.56213,-0.22146,-1.9409,0.35603,-0.06521,-0.01339,-0.83892,1.65785,0.33898,-3.33301,0.31875,-0.04244,-0.08628
6.8,36.46678,-18.48777,1.84258,4.71219,-1.09338,-0.21713,4.93606,0.33692,-1.44719,1.64305,0.02834,-0.0309,-0.11287,4.84544,0.47812,1.64854,1.5399,-0.0358,-0.05829,0.15506,2.59599,0.97953,-0.25823,-1.88416,0.35382,-0.06078,-0.00693,-0.84793,2.45337,-0.05345,-3.08172,0.29736,-0.01689,-0.06116
6.82,36.40077,-19.38085,2.13586,4.69906,-1.15521,-0.22492,4.85873,0.41645,-1.39575,1.6225,0.02848,-0.02583,-0.11137,4.74463,0.54627,1.64027,1.51097,-0.03406,-0.06098,0.15157,2.66093,1.35077,-0.27874,-1.82769,0.35065,-0.05575,-0.00101,-0.8803,2.96906,-0.38741,-2.80508,0.29524,0.00506,-0.04044
6.84,36.14142,-19.97798,2.41092,4.67396,-1.20046,-0.23057,4.80216,0.4899,-1.3519,1.60276,0.02832,-0.02142,-0.10973,4.66143,0.60635,1.63562,1.48518,-0.03209,-0.06416,0.14818,2.72125,1.65367,-0.28543,-1.78233,0.34701,-0.0509,0.00393,-0.87647,3.3813,-0.66976,-2.61857,0.29794,0.02509,-0.02183
6.86,35.70892,-20.50938,2.68495,4.63941,-1.24045,-0.23523,4.76571,0.55944,-1.31649,1.5833,0.02819,-0.01725,-0.10825,4.59785,0.66388,1.63892,1.46147,-0.03037,-0.06751,0.1453,2.74883,1.87851,-0.28173,-1.76287,0.34284,-0.04696,0.00754,-0.82775,3.81083,-0.93361,-2.58216,0.2964,0.04486,-0.00163
6.88,35.16057,-20.95995,2.95776,4.59874,-1.27619,-0.23925,4.75614,0.62303,-1.29252,1.56398,0.02793,-0.01357,-0.10668,4.56042,0.71948,1.6515,1.44102,-0.02866,-0.07132,0.14276,2.72733,2.0345,-0.26922,-1.76081,0.33862,-0.04393,0.00978,-0.73265,4.20631,-1.16117,-2.69525,0.29324,0.06565,0.01952
6.9,34.50591,-21.3005,3.20909,4.5457,-1.30445,-0.24162,4.76408,0.67969,-1.27724,1.55183,0.02786,-0.01096,-0.10581,4.54357,0.77176,1.67297,1.42875,-0.02744,-0.07552,0.1415,2.67255,2.11357,-0.24896,-1.77273,0.33472,-0.04114,0.01128,-0.47661,4.55656,-1.32078,-2.88597,0.29638,0.08259,0.03799
6.92,33.75042,-21.50112,3.41648,4.47292,-1.3213,-0.24112,4.77616,0.72891,-1.26633,1.55448,0.02835,-0.01004,-0.1065,4.53869,0.82002,1.70232,1.4296,-0.02725,-0.07999,0.1427,2.60641,2.11571,-0.22313,-1.79732,0.33131,-0.03761,0.0129,-0.00643,4.90513,-1.40547,-3.06877,0.31221,0.08937,0.05005
6.94,32.95398,-21.64611,3.60037,4.39103,-1.33421,-0.23933,4.80159,0.77069,-1.26305,1.56463,0.02906,-0.01025,-0.10791,4.55338,0.86717,1.74071,1.43971,-0.02766,-0.08481,0.1454,2.49886,2.08055,-0.19634,-1.83256,0.32842,-0.03402,0.01429,0.48915,5.262,-1.46086,-3.27915,0.33081,0.09108,0.05929
6.96,32.16401,-21.8285,3.7815,4.30913,-1.35035,-0.23768,4.84514,0.80601,-1.26916,1.5757,0.02973,-0.011,-0.10929,4.59203,0.91652,1.78882,1.45547,-0.02834,-0.09007,0.14879,2.32406,2.04107,-0.17252,-1.87758,0.32608,-0.03087,0.01518,0.90862,5.60605,-1.51472,-3.55637,0.34403,0.0931,0.06905
6.98,31.40218,-22.06636,3.95918,4.22522,-1.36957,-0.23603,4.89543,0.83678,-1.28028,1.58962,0.0304,-0.0123,-0.11076,4.64749,0.97122,1.84561,1.47783,-0.02922,-0.09586,0.15356,2.08646,2.00861,-0.15354,-1.92897,0.32433,-0.02733,0.01628,1.28355,5.92315,-1.56195,-3.85736,0.35342,0.09152,0.07661
7,30.62922,-22.29022,4.11601,4.14026,-1.38879,-0.23381,4.95585,0.86056,-1.29738,1.60532,0.03115,-0.01418,-0.11252,4.7189,1.02083,1.90665,1.50781,-0.031,-0.10146,0.15879,1.8095,1.97993,-0.13864,-1.98977,0.32303,-0.02467,0.01679,1.53033,6.22019,-1.60811,-4.14323,0.35903,0.09101,0.08439
7.02,29.80685,-22.42521,4.23355,4.05571,-1.40513,-0.23056,5.03262,0.87404,-1.32288,1.6217,0.03215,-0.01672,-0.11486,4.80525,1.05141,1.96634,1.54672,-0.03456,-0.10605,0.1629,1.5161,1.94708,-0.12663,-2.06423,0.32202,-0.02439,0.0157,1.54847,6.5029,-1.65369,-4.37523,0.36065,0.09889,0.0967
7.04,28.9796,-22.54606,4.33263,3.97101,-1.42129,-0.22683,5.1125,0.88234,-1.35084,1.63823,0.03316,-0.01949,-0.11735,4.8998,1.07499,2.02567,1.59228,-0.03911,-0.11021,0.16709,1.19538,1.92541,-0.11952,-2.14682,0.32136,-0.02496,0.01415,1.41436,6.72417,-1.68196,-4.55351,0.35749,0.10896,0.10934
7.06,28.19946,-22.73609,4.43524,3.88639,-1.44063,-0.22328,5.18503,0.89063,-1.37638,1.65419,0.03402,-0.02207,-0.11958,4.99704,1.10096,2.08517,1.64367,-0.04418,-0.11448,0.17254,0.83469,1.93271,-0.11935,-2.23313,0.321,-0.02505,0.01307,1.23866,6.84121,-1.68275,-4.68996,0.34921,0.11568,0.11825
7.08,27.48109,-23.0095,4.5412,3.80183,-1.46458,-0.22019,5.25061,0.89997,-1.40013,1.67019,0.03479,-0.02465,-0.12187,5.09104,1.12003,2.14013,1.704,-0.05032,-0.11859,0.17826,0.4471,1.96782,-0.12548,-2.31998,0.32089,-0.02466,0.01233,1.07262,6.84015,-1.64773,-4.75752,0.33697,0.12017,0.12356
7.1,26.75352,-23.22331,4.64263,3.71842,-1.48334,-0.21609,5.31204,0.90988,-1.41894,1.68321,0.03541,-0.02639,-0.1236,5.19301,1.13993,2.19315,1.76778,-0.05736,-0.12223,0.18624,0.05516,2.01382,-0.13564,-2.41741,0.3208,-0.02509,0.01141,0.86098,6.6907,-1.57695,-4.78079,0.32036,0.12174,0.12477
7.12,25.93609,-23.21815,4.73237,3.63706,-1.48589,-0.20927,5.373,0.92063,-1.42898,1.69017,0.03582,-0.02628,-0.12405,5.31997,1.17186,2.24959,1.82901,-0.06505,-0.12508,0.19937,-0.31333,2.05601,-0.14823,-2.53603,0.32056,-0.02761,0.00995,0.54152,6.35741,-1.47347,-4.78961,0.29963,0.11937,0.12129
7.14,25.12635,-23.11777,4.82081,3.55859,-1.48038,-0.2013,5.43219,0.93525,-1.43307,1.69534,0.03623,-0.02515,-0.12412,5.45699,1.20312,2.30332,1.89323,-0.07342,-0.12676,0.215,-0.65992,2.10667,-0.16423,-2.66343,0.32023,-0.03084,0.00843,0.27626,5.85085,-1.3402,-4.75358,0.27744,0.11331,0.11293
7.16,24.41851,-23.03779,4.91994,3.48393,-1.47463,-0.19359,5.4883,0.95786,-1.43336,1.70278,0.03681,-0.02366,-0.1246,5.59175,1.22501,2.35005,1.96433,-0.08256,-0.12752,0.23076,-0.984,2.18116,-0.18464,-2.78706,0.31996,-0.03339,0.00742,0.20628,5.21053,-1.18545,-4.63836,0.25639,0.10356,0.09965
7.18,23.81721,-22.92986,5.02751,3.41316,-1.46665,-0.18577,5.54316,0.99176,-1.42835,1.71354,0.03764,-0.02162,-0.12544,5.73253,1.2409,2.39311,2.04024,-0.09201,-0.12756,0.24752,-1.26284,2.28186,-0.20925,-2.90607,0.31984,-0.0353,0.00724,0.33613,4.4622,-1.01619,-4.41392,0.2386,0.08991,0.08157
7.2,23.29515,-22.67793,5.12701,3.35307,-1.44567,-0.17697,5.60165,1.02789,-1.42137,1.72677,0.03877,-0.01917,-0.12675,5.87132,1.2527,2.42932,2.11245,-0.10143,-0.12586,0.26321,-1.496,2.38069,-0.2346,-3.02473,0.31969,-0.03764,0.00669,0.60724,3.71717,-0.87399,-4.17678,0.22389,0.0761,0.06265
7.22,22.81532,-22.16264,5.19857,3.31088,-1.39971,-0.1662,5.66816,1.05534,-1.41623,1.74119,0.04025,-0.01648,-0.12866,5.99744,1.26275,2.45329,2.17234,-0.11092,-0.12142,0.2756,-1.69052,2.448,-0.25716,-3.14575,0.3194,-0.04155,0.00446,0.89457,3.12158,-0.787,-4.03063,0.21279,0.06675,0.0476
7.24,22.44439,-21.42713,5.24302,3.2838,-1.33593,-0.15408,5.73856,1.08106,-1.41066,1.75989,0.04209,-0.01374,-0.13123,6.11296,1.26885,2.46664,2.22199,-0.11999,-0.11526,0.28583,-1.82276,2.50299,-0.27867,-3.25925,0.31934,-0.04597,0.00181,1.22033,2.66626,-0.72592,-3.87293,0.20846,0.06,0.03479
7.26,22.24313,-20.52238,5.25975,3.26849,-1.26128,-0.14131,5.80732,1.11062,-1.40276,1.78537,0.04432,-0.0112,-0.13455,6.21955,1.26824,2.47105,2.26478,-0.12823,-0.10839,0.29481,-1.87895,2.56422,-0.30089,-3.35315,0.32005,-0.04983,-0.00014,1.65409,2.31865,-0.67117,-3.60708,0.21295,0.05384,0.0222
7.28,22.18602,-19.4189,5.23704,3.26568,-1.17105,-0.12728,5.87185,1.14151,-1.39254,1.81646,0.04706,-0.00868,-0.13867,6.31975,1.2646,2.46615,2.30007,-0.13565,-0.10079,0.30261,-1.87094,2.62776,-0.3233,-3.41956,0.32203,-0.0534,-0.00153,2.19039,2.10776,-0.62526,-3.22538,0.22676,0.04932,0.01065
7.3,22.31032,-17.98891,5.14526,3.28354,-1.06136,-0.11208,5.92945,1.1557,-1.38449,1.8518,0.04966,-0.00738,-0.14313,6.37122,1.24503,2.43765,2.31367,-0.14121,-0.09134,0.306,-1.78074,2.64479,-0.34082,-3.4687,0.32481,-0.05748,-0.00355,2.66515,2.04796,-0.59382,-2.86986,0.24603,0.04857,0.00286
7.32,22.64242,-16.0895,4.9472,3.32949,-0.92988,-0.09612,5.9755,1.13019,-1.38475,1.88974,0.05121,-0.00885,-0.1474,6.31917,1.19326,2.36245,2.28752,-0.14364,-0.07805,0.30136,-1.60093,2.5677,-0.34864,-3.50982,0.32819,-0.06304,-0.00765,2.88899,2.12715,-0.57417,-2.70478,0.26562,0.05332,0.00146
7.34,23.13003,-13.82789,4.65631,3.39761,-0.77858,-0.07881,6.00302,1.07805,-1.3877,1.92817,0.05225,-0.0119,-0.15155,6.1977,1.12572,2.25011,2.2269,-0.14311,-0.06208,0.29102,-1.35361,2.43029,-0.35025,-3.52676,0.33318,-0.06938,-0.01269,2.99824,2.30007,-0.55635,-2.59514,0.28664,0.06151,0.00396
7.36,23.72645,-11.32428,4.29153,3.47935,-0.61119,-0.05983,6.0056,1.01028,-1.38875,1.96544,0.05324,-0.01556,-0.15565,6.0406,1.05515,2.11633,2.14585,-0.14033,-0.04511,0.27796,-1.07803,2.27088,-0.34959,-3.50271,0.34085,-0.07584,-0.01763,3.13212,2.51432,-0.53213,-2.4168,0.31014,0.07067,0.00746
7.38,24.37773,-8.55517,3.84129,3.56768,-0.43075,-0.03991,5.97656,0.91133,-1.3928,1.99967,0.05369,-0.02075,-0.1594,5.8301,0.97779,1.95595,2.05011,-0.13576,-0.02665,0.2626,-0.84101,2.09242,-0.3464,-3.42685,0.35212,-0.08324,-0.02331,3.25158,2.72759,-0.49868,-2.2243,0.33264,0.07973,0.01162
7.4,25.14184,-5.60406,3.34934,3.67848,-0.23783,-0.01792,5.92276,0.80201,-1.39158,2.02678,0.05372,-0.02604,-0.16226,5.58284,0.9059,1.78558,1.91264,-0.12714,-0.00857,0.24148,-0.52602,1.87014,-0.33911,-3.34502,0.36434,-0.09016,-0.02855,3.32782,2.84527,-0.45316,-2.06211,0.35222,0.08885,0.0159
7.42,26.06139,-2.57523,2.86399,3.82874,-0.03521,0.00733,5.85528,0.71058,-1.37426,2.04475,0.0537,-0.02963,-0.16392,5.31793,0.85233,1.62213,1.70254,-0.1118,0.00771,0.21096,-0.02844,1.58975,-0.32739,-3.3107,0.37446,-0.09472,-0.03155,3.38021,2.72109,-0.38686,-1.97414,0.36681,0.09836,0.01906
7.44,26.97474,0.50043,2.37164,3.98987,0.167,0.03371,5.76576,0.61426,-1.35194,2.05342,0.05318,-0.03307,-0.1644,5.03504,0.80791,1.46318,1.45509,-0.09249,0.02326,0.17581,0.47888,1.31008,-0.31574,-3.28159,0.38433,-0.0981,-0.03308,3.42702,2.34555,-0.28895,-1.93915,0.37531,0.10518,0.01945
7.46,27.7582,3.58521,1.86997,4.13844,0.36259,0.05962,5.6485,0.49638,-1.33296,2.05227,0.0518,-0.03741,-0.16371,4.73825,0.7681,1.30982,1.20709,-0.07215,0.03826,0.14079,0.8318,1.05915,-0.30462,-3.21825,0.39539,-0.10149,-0.03397,3.47493,1.80543,-0.16268,-1.92695,0.37829,0.10821,0.0172
7.48,28.39068,6.62954,1.38313,4.27765,0.54922,0.08522,5.50986,0.36771,-1.31256,2.0423,0.04982,-0.04193,-0.16203,4.42343,0.74214,1.16303,0.95525,-0.05033,0.05243,0.10544,0.955,0.80596,-0.28737,-3.12568,0.40672,-0.10455,-0.03388,3.56093,1.14466,-0.01823,-1.96503,0.375,0.11028,0.01397
7.5,28.88751,9.48386,0.9445,4.40392,0.72152,0.10973,5.35874,0.24014,-1.29439,2.01768,0.04689,-0.04619,-0.15849,4.14583,0.71065,1.04107,0.70368,-0.02757,0.06559,0.07019,1.08721,0.57875,-0.26767,-3.04304,0.41343,-0.10625,-0.03182,3.53761,0.4265,0.13567,-2.00699,0.37008,0.10898,0.00975
7.52,29.24231,12.01812,0.56996,4.51385,0.87573,0.1325,5.20776,0.1247,-1.2836,1.97253,0.04262,-0.04988,-0.15215,3.95383,0.64324,0.95663,0.4559,-0.004,0.07877,0.03561,1.47568,0.39033,-0.24701,-3.0185,0.40866,-0.10555,-0.02713,3.26882,-0.28739,0.28252,-1.9936,0.36942,0.10135,0.00411
7.54,29.38099,14.26208,0.24106,4.60599,1.01138,0.15336,5.05882,0.01984,-1.27444,1.91577,0.03767,-0.0528,-0.14433,3.79067,0.55906,0.88686,0.21669,0.02068,0.09244,0.002,1.80647,0.1703,-0.20434,-2.99238,0.39602,-0.10374,-0.0213,2.95069,-0.94551,0.40559,-1.96955,0.3695,0.0926,-0.00091
7.56,29.26117,16.25369,-0.05321,4.67946,1.12984,0.17235,4.91462,-0.0773,-1.26375,1.85514,0.03259,-0.05496,-0.13613,3.61981,0.47874,0.81804,-0.0111,0.04606,0.1062,-0.03031,1.84727,-0.12822,-0.12065,-2.93043,0.3797,-0.10219,-0.016,2.72024,-1.52795,0.50414,-1.97112,0.36719,0.08623,-0.00429
7.58,28.8644,18.00897,-0.31483,4.73793,1.23384,0.18999,4.78891,-0.16058,-1.25447,1.79041,0.02732,-0.05634,-0.12738,3.45502,0.39274,0.75538,-0.23623,0.07253,0.11967,-0.06169,1.68242,-0.53716,0.01639,-2.88809,0.35525,-0.10057,-0.01226,2.51091,-2.05926,0.58197,-1.98309,0.36412,0.08063,-0.00687
7.6,28.30768,19.31308,-0.52606,4.77244,1.31325,0.20407,4.67414,-0.22874,-1.244,1.72742,0.02249,-0.05669,-0.11902,3.3045,0.30914,0.69807,-0.44023,0.09899,0.1322,-0.0918,1.43821,-0.9192,0.17588,-2.80566,0.33348,-0.09987,-0.00918,2.34013,-2.51045,0.63608,-1.99986,0.36063,0.07579,-0.00886
7.62,27.73638,19.94725,-0.67147,4.77437,1.35901,0.21229,4.56144,-0.28302,-1.22996,1.67217,0.01874,-0.05588,-0.11204,3.1775,0.23924,0.64824,-0.60954,0.12321,0.1448,-0.12012,1.25317,-1.09783,0.29211,-2.65811,0.32484,-0.10042,-0.00483,2.23029,-2.83918,0.66318,-2.01831,0.35684,0.07252,-0.00979
7.64,27.07858,20.14945,-0.77379,4.75409,1.38345,0.21722,4.4696,-0.32097,-1.21606,1.62495,0.01581,-0.05433,-0.10617,3.06914,0.17533,0.61082,-0.76221,0.14468,0.15686,-0.14569,1.10769,-1.19775,0.37983,-2.5581,0.31835,-0.10098,-0.00066,2.12498,-3.08778,0.67117,-2.04212,0.35318,0.06995,-0.01015
7.66,26.30132,20.16636,-0.85645,4.72572,1.39749,0.22124,4.4122,-0.34356,-1.2056,1.58543,0.01345,-0.05244,-0.10113,2.974,0.10921,0.58482,-0.91033,0.16409,0.16683,-0.16843,0.9593,-1.33924,0.46818,-2.57822,0.30662,-0.10142,0.00135,1.99093,-3.30083,0.66839,-2.07762,0.34962,0.06777,-0.01026
7.68,25.44112,20.03233,-0.93303,4.69073,1.40297,0.22391,4.3886,-0.35834,-1.20094,1.55204,0.0116,-0.05018,-0.09679,2.89886,0.03423,0.56866,-1.05445,0.18055,0.1755,-0.18813,0.84259,-1.48747,0.54764,-2.73551,0.29053,-0.10213,0.00096,1.82918,-3.49548,0.6584,-2.12052,0.34622,0.06691,-0.00953
7.7,24.65722,19.67599,-0.9706,4.64555,1.396,0.22535,4.38747,-0.35435,-1.19487,1.53449,0.01091,-0.04789,-0.09437,2.84523,-0.02812,0.56501,-1.16483,0.19156,0.1803,-0.20195,0.88235,-1.58653,0.5831,-2.94981,0.27924,-0.10336,0.00048,1.64122,-3.61992,0.63731,-2.17243,0.3435,0.06477,-0.00956
7.72,24.1085,19.02922,-0.93138,4.58627,1.37319,0.22607,4.39699,-0.31643,-1.17889,1.54342,0.0121,-0.04595,-0.09519,2.81533,-0.05149,0.57535,-1.21956,0.19696,0.17915,-0.20976,1.13694,-1.55885,0.53348,-3.13652,0.2817,-0.10529,0.00276,1.43252,-3.62591,0.60184,-2.23652,0.34188,0.05809,-0.01231
7.74,23.69082,18.31946,-0.8623,4.52246,1.34603,0.2262,4.4249,-0.26495,-1.16202,1.56637,0.01424,-0.04418,-0.09768,2.81215,-0.06043,0.59473,-1.24925,0.19879,0.17541,-0.21429,1.44508,-1.44244,0.43862,-3.3601,0.28826,-0.10728,0.00557,1.20535,-3.58571,0.56175,-2.30664,0.34075,0.04989,-0.01601
7.76,23.29254,17.738,-0.80195,4.46256,1.32489,0.22615,4.47883,-0.21424,-1.151,1.5929,0.01658,-0.04229,-0.10053,2.83243,-0.07757,0.61776,-1.27897,0.198,0.17176,-0.21676,1.70529,-1.29674,0.33772,-3.67392,0.29021,-0.10906,0.00663,0.95955,-3.56262,0.52577,-2.37749,0.33975,0.0426,-0.01921
7.78,22.93747,17.27726,-0.73942,4.40573,1.31137,0.22693,4.55506,-0.15146,-1.14063,1.62623,0.01936,-0.04023,-0.10416,2.86878,-0.09852,0.64106,-1.31113,0.19406,0.16879,-0.21705,1.91993,-1.07595,0.21727,-4.03102,0.28989,-0.11141,0.00653,0.69717,-3.56414,0.49598,-2.44737,0.33912,0.03467,-0.02284
7.8,22.68885,16.96696,-0.68103,4.35358,1.30382,0.22659,4.64069,-0.09884,-1.13369,1.66508,0.02241,-0.03829,-0.10837,2.92995,-0.11468,0.67227,-1.32331,0.18867,0.16489,-0.21571,2.0719,-0.7883,0.0834,-4.38908,0.2885,-0.11044,0.00782,0.4416,-3.54563,0.46825,-2.51898,0.33859,0.02737,-0.02626
7.82,22.59964,16.85604,-0.64626,4.30826,1.3001,0.22274,4.72047,-0.0885,-1.13627,1.70641,0.02534,-0.03697,-0.1127,3.0311,-0.11773,0.72258,-1.29195,0.18492,0.15803,-0.21449,2.12605,-0.45327,-0.05021,-4.71238,0.28583,-0.10041,0.01399,0.21983,-3.46285,0.43822,-2.59573,0.33794,0.0224,-0.02859
7.84,22.58119,16.92145,-0.63964,4.26866,1.30424,0.21809,4.799,-0.09489,-1.1429,1.75088,0.02829,-0.03606,-0.11728,3.1524,-0.12015,0.77912,-1.2467,0.18141,0.15091,-0.21321,2.0491,-0.06309,-0.17953,-5.00278,0.27969,-0.08515,0.02268,0.01963,-3.38157,0.41367,-2.67455,0.33741,0.01789,-0.03093
7.86,22.55867,17.14349,-0.66597,4.23487,1.31955,0.21489,4.8811,-0.09685,-1.14899,1.7985,0.03138,-0.03528,-0.12217,3.27415,-0.134,0.82978,-1.21333,0.17683,0.14595,-0.21158,1.86973,0.36565,-0.30057,-5.26783,0.26917,-0.06932,0.03075,-0.17384,-3.36529,0.40217,-2.75283,0.33715,0.01251,-0.03404
7.88,22.54417,17.54276,-0.7428,4.20844,1.34461,0.21214,4.95781,-0.11114,-1.15845,1.84641,0.03429,-0.03499,-0.12695,3.39881,-0.15992,0.87768,-1.18233,0.17223,0.14215,-0.21001,1.65229,0.8252,-0.4095,-5.47755,0.25622,-0.0516,0.03928,-0.36135,-3.4162,0.40409,-2.83263,0.33707,0.00668,-0.03765
7.9,22.57752,17.98988,-0.84635,4.18738,1.37464,0.21045,5.02696,-0.12394,-1.16582,1.89836,0.03745,-0.03512,-0.13218,3.51671,-0.18951,0.91908,-1.15666,0.16751,0.13978,-0.20843,1.30749,1.20167,-0.48226,-5.64771,0.23939,-0.0344,0.04613,-0.52594,-3.4968,0.41506,-2.91946,0.33684,0.00028,-0.042
7.92,22.7233,18.33843,-0.94077,4.16924,1.40472,0.21082,5.08727,-0.11469,-1.16286,1.96029,0.0415,-0.03543,-0.13869,3.6157,-0.21083,0.94948,-1.1414,0.16232,0.13929,-0.20675,0.73729,1.36596,-0.49961,-5.80184,0.21706,-0.02055,0.04882,-0.64717,-3.56785,0.43052,-3.01916,0.33614,-0.00698,-0.04752
7.94,22.96369,18.6615,-1.05205,4.15799,1.43484,0.2121,5.13444,-0.10357,-1.15693,2.02584,0.0458,-0.03633,-0.14562,3.69994,-0.23104,0.9722,-1.13129,0.15736,0.13988,-0.20522,0.09549,1.36268,-0.47726,-5.91165,0.19314,-0.00916,0.04835,-0.7465,-3.66669,0.45491,-3.12856,0.33514,-0.01495,-0.05383
7.96,23.28875,19.0048,-1.19671,4.1565,1.46463,0.21344,5.16388,-0.10504,-1.15322,2.08984,0.04982,-0.03806,-0.15227,3.77275,-0.2561,0.98978,-1.12377,0.153,0.14109,-0.20402,-0.46031,1.22182,-0.42382,-5.94637,0.17172,-0.00023,0.04512,-0.84487,-3.82274,0.49193,-3.2436,0.33403,-0.02358,-0.06063
7.98,23.77364,19.30663,-1.35005,4.16307,1.49161,0.21514,5.1655,-0.11147,-1.14606,2.1555,0.0539,-0.04049,-0.15899,3.83094,-0.27735,1.00308,-1.11776,0.14901,0.14272,-0.20316,-0.88067,0.87327,-0.32843,-5.88189,0.15451,0.00506,0.03836,-0.93279,-4.02032,0.54019,-3.3649,0.33275,-0.03303,-0.0681
8,24.34768,19.44059,-1.50725,4.17989,1.50756,0.21592,5.15791,-0.12226,-1.14135,2.21767,0.05762,-0.04366,-0.16537,3.87656,-0.2953,1.01155,-1.11607,0.14609,0.14459,-0.20268,-1.25842,0.31787,-0.21363,-5.78969,0.14102,0.0055,0.02709,-1.02102,-4.18646,0.59002,-3.49049,0.33129,-0.04248,-0.07521
8.02,24.92465,19.27537,-1.6678,4.21028,1.5033,0.21414,5.16691,-0.1399,-1.14757,2.27025,0.06047,-0.04761,-0.17095,3.91371,-0.31228,1.01455,-1.12164,0.14504,0.14661,-0.20251,-1.71712,-0.38253,-0.10988,-5.74786,0.13109,0.0011,0.01175,-1.1238,-4.24161,0.63032,-3.61594,0.32976,-0.05115,-0.08093
8.04,25.61128,18.83988,-1.80658,4.24921,1.48198,0.21058,5.16879,-0.15828,-1.15517,2.31797,0.06289,-0.05198,-0.17605,3.94137,-0.31944,1.01603,-1.13011,0.14514,0.14834,-0.20278,-2.09289,-1.1937,-0.00951,-5.67749,0.12766,-0.00682,-0.00584,-1.22264,-4.20732,0.66417,-3.73881,0.32819,-0.05937,-0.08565
8.06,26.48255,18.17255,-1.9032,4.29175,1.44678,0.20585,5.14257,-0.17295,-1.15596,2.36383,0.06524,-0.05643,-0.18091,3.95916,-0.30982,1.01961,-1.13739,0.14585,0.14935,-0.20365,-2.22551,-2.09869,0.09658,-5.50169,0.13316,-0.01722,-0.0243,-1.30947,-4.1083,0.6946,-3.85471,0.32676,-0.06757,-0.08986
8.08,27.51052,17.21072,-1.94832,4.33743,1.3928,0.199,5.09662,-0.1862,-1.15178,2.40524,0.06749,-0.06072,-0.18555,3.96988,-0.28147,1.02571,-1.14266,0.14735,0.14964,-0.20488,-2.13321,-3.08932,0.2046,-5.20828,0.14861,-0.02922,-0.04262,-1.40409,-3.92495,0.71789,-3.95797,0.32565,-0.07621,-0.09388
8.1,28.57389,15.97738,-1.9356,4.37897,1.32437,0.19046,5.03854,-0.18224,-1.14091,2.43911,0.06927,-0.06449,-0.18915,3.97315,-0.23765,1.03511,-1.14995,0.14956,0.14874,-0.20692,-1.89935,-3.91828,0.27778,-4.90851,0.1679,-0.04118,-0.05892,-1.48365,-3.61108,0.72788,-4.05487,0.32476,-0.08308,-0.09581
8.12,29.5414,14.54043,-1.85873,4.40755,1.24931,0.18124,4.9758,-0.13925,-1.11977,2.46298,0.07022,-0.06736,-0.19079,3.96638,-0.18252,1.04817,-1.16457,0.15234,0.14613,-0.21034,-1.65842,-4.28091,0.29342,-4.74409,0.18261,-0.05094,-0.07065,-1.53816,-3.12695,0.71846,-4.14948,0.32422,-0.08606,-0.09399
8.14,30.45879,12.86947,-1.71158,4.42519,1.16157,0.17011,4.90788,-0.07295,-1.08976,2.47698,0.07075,-0.0691,-0.19128,3.95524,-0.11231,1.06526,-1.18028,0.15556,0.14227,-0.21427,-1.36979,-4.32981,0.28323,-4.60054,0.19707,-0.05794,-0.07747,-1.59149,-2.53465,0.69633,-4.23464,0.32429,-0.08753,-0.09077
8.16,31.36591,10.97028,-1.49142,4.43332,1.05802,0.15636,4.83329,0.00533,-1.05106,2.48283,0.07131,-0.06951,-0.19144,3.94307,-0.02408,1.08647,-1.19186,0.15904,0.13758,-0.21805,-0.94872,-4.25499,0.27143,-4.3704,0.21516,-0.06266,-0.08026,-1.6765,-1.89141,0.66763,-4.30033,0.32546,-0.08985,-0.08859
8.18,32.18886,8.93303,-1.19639,4.42612,0.9467,0.14146,4.75822,0.11306,-1,2.48202,0.07194,-0.06846,-0.19121,3.92334,0.08003,1.11024,-1.20374,0.16278,0.13195,-0.22193,-0.42262,-4.019,0.25438,-4.11598,0.23132,-0.06532,-0.07964,-1.85314,-1.18513,0.6288,-4.33129,0.32865,-0.09341,-0.08828
8.2,32.90445,6.74021,-0.84921,4.40895,0.82138,0.12328,4.68599,0.22114,-0.94556,2.47301,0.0726,-0.06601,-0.19067,3.91439,0.19169,1.13801,-1.20798,0.16622,0.12601,-0.22515,0.09856,-3.6566,0.23453,-3.8338,0.24892,-0.06686,-0.07665,-1.95468,-0.51998,0.59651,-4.3668,0.33206,-0.09619,-0.08835
8.22,33.50369,4.36797,-0.48096,4.39083,0.67368,0.0993,4.61959,0.292,-0.89872,2.45496,0.07332,-0.06237,-0.18997,3.93789,0.30196,1.172,-1.19314,0.16873,0.1205,-0.22687,0.50014,-3.25888,0.21427,-3.51134,0.27264,-0.06787,-0.07204,-1.78145,-0.00238,0.58614,-4.44064,0.33348,-0.09588,-0.08681
8.24,33.93849,1.95693,-0.08442,4.36373,0.51855,0.07324,4.55962,0.35927,-0.85095,2.43274,0.07415,-0.05772,-0.18926,3.96956,0.41261,1.20759,-1.16972,0.17062,0.11513,-0.22774,0.85114,-2.8651,0.19617,-3.19203,0.29531,-0.0683,-0.06655,-1.49646,0.43242,0.58382,-4.49042,0.33464,-0.09454,-0.08616
8.26,34.19126,-0.37253,0.3437,4.32276,0.36811,0.04822,4.50741,0.4482,-0.79583,2.40976,0.07518,-0.05221,-0.18864,3.99229,0.52389,1.24077,-1.14701,0.17224,0.10976,-0.22832,1.2081,-2.47982,0.18265,-2.90503,0.31227,-0.0682,-0.06076,-1.25131,0.86362,0.57105,-4.46994,0.3371,-0.09383,-0.08804
8.28,34.28132,-2.58774,0.7836,4.27614,0.22067,0.02379,4.46838,0.5448,-0.73722,2.3853,0.07637,-0.04585,-0.18804,4.01508,0.62801,1.27181,-1.12074,0.17333,0.10467,-0.22828,1.51362,-2.11033,0.17079,-2.66751,0.32475,-0.06727,-0.0546,-1.02556,1.33652,0.53446,-4.3826,0.34021,-0.09268,-0.0902
8.3,34.17179,-4.68499,1.22565,4.21827,0.08077,0.00108,4.42742,0.64168,-0.68053,2.36059,0.07736,-0.03954,-0.18742,4.02869,0.72493,1.29755,-1.09636,0.17399,0.10027,-0.22785,1.74572,-1.73048,0.15256,-2.4627,0.33359,-0.0659,-0.04814,-0.66898,1.75036,0.48138,-4.23822,0.34165,-0.08834,-0.09218
8.32,33.84838,-6.67007,1.65949,4.14216,-0.04766,-0.01889,4.36312,0.72859,-0.63244,2.33791,0.07774,-0.03448,-0.18674,4.02395,0.81648,1.31496,-1.0799,0.17448,0.09705,-0.22744,1.90028,-1.29975,0.12016,-2.26251,0.33986,-0.0646,-0.04133,-0.02019,2.03776,0.41236,-4.05373,0.3382,-0.07724,-0.0929
8.34,33.39215,-8.48142,2.07415,4.06324,-0.16589,-0.03625,4.29423,0.80692,-0.5894,2.31701,0.07787,-0.02988,-0.18612,4.01022,0.89579,1.32623,-1.06628,0.1747,0.09462,-0.22683,1.97731,-0.83019,0.07716,-2.09722,0.34355,-0.06251,-0.03388,0.72151,2.39088,0.28264,-3.81998,0.332,-0.06061,-0.08912
8.36,32.87597,-10.07942,2.4627,3.99368,-0.27438,-0.05106,4.23483,0.87802,-0.54797,2.29803,0.07804,-0.02516,-0.18567,3.99338,0.95864,1.33312,-1.0514,0.17459,0.09263,-0.22592,1.98098,-0.34644,0.02835,-1.99167,0.34446,-0.05929,-0.026,1.37907,2.91592,0.06489,-3.54863,0.32483,-0.04056,-0.07934
8.38,32.33903,-11.50412,2.81276,3.93219,-0.37514,-0.064,4.1674,0.92343,-0.51364,2.28297,0.07797,-0.02115,-0.18544,3.97369,1.00646,1.33541,-1.03348,0.1742,0.09138,-0.2247,1.90261,0.14822,-0.02647,-1.93249,0.34346,-0.05544,-0.01801,2.02067,3.57063,-0.23892,-3.28922,0.3137,-0.01653,-0.06297
8.4,31.77297,-12.696,3.13852,3.88693,-0.45795,-0.0725,4.1216,0.97639,-0.47749,2.27272,0.07822,-0.01659,-0.18582,3.94136,1.04161,1.33342,-1.02302,0.17394,0.09004,-0.22382,1.76506,0.62894,-0.08154,-1.91226,0.34113,-0.05128,-0.01052,2.53384,4.25544,-0.59358,-3.02675,0.30511,0.00884,-0.04272
8.42,31.16598,-13.6014,3.4619,3.86789,-0.51075,-0.0737,4.13554,1.08111,-0.42795,2.26751,0.07947,-0.00991,-0.18722,3.8856,1.06752,1.32728,-1.03324,0.17431,0.08764,-0.22401,1.59823,1.06787,-0.13109,-1.92131,0.33803,-0.04712,-0.00417,2.80861,4.88501,-0.93097,-2.7572,0.30531,0.03301,-0.02287
8.44,30.58213,-14.30155,3.75166,3.86958,-0.54357,-0.07096,4.17171,1.19196,-0.37749,2.26838,0.08102,-0.00285,-0.18936,3.81831,1.08362,1.31762,-1.05274,0.17497,0.08508,-0.22471,1.38339,1.4587,-0.1758,-1.95353,0.33465,-0.04337,0.00099,2.99536,5.48892,-1.24537,-2.54607,0.30758,0.05635,-0.00296
8.46,30.0702,-14.8677,3.98303,3.88772,-0.5654,-0.06713,4.20412,1.27179,-0.33687,2.27706,0.08236,0.00316,-0.19206,3.75045,1.09048,1.30569,-1.07193,0.17575,0.08307,-0.22553,1.10762,1.80109,-0.2162,-2.00726,0.33121,-0.04021,0.00501,3.20252,6.07004,-1.54571,-2.43599,0.30734,0.07937,0.01831
8.48,29.61442,-15.3207,4.16496,3.92509,-0.57286,-0.06142,4.25322,1.33877,-0.30438,2.2947,0.08375,0.00839,-0.1955,3.67694,1.09091,1.29121,-1.09753,0.17696,0.08124,-0.22681,0.78223,2.10116,-0.25189,-2.07443,0.32804,-0.03771,0.0079,3.40043,6.57769,-1.81238,-2.43583,0.3054,0.1032,0.04048
8.5,29.23285,-15.58293,4.27156,3.97632,-0.56405,-0.0546,4.30901,1.38106,-0.28215,2.32231,0.08514,0.0126,-0.19973,3.60514,1.08234,1.27609,-1.12389,0.17839,0.0797,-0.22846,0.44215,2.34481,-0.28017,-2.15019,0.32526,-0.03591,0.00969,3.66732,6.98817,-2.01602,-2.48393,0.30789,0.12285,0.05998
8.52,28.95405,-15.57222,4.27299,4.03499,-0.53872,-0.04787,4.35682,1.37906,-0.27313,2.36124,0.08645,0.01539,-0.20475,3.54493,1.06201,1.26299,-1.1425,0.17976,0.07866,-0.23027,0.12406,2.518,-0.29896,-2.23056,0.32292,-0.03482,0.01052,4.0766,7.34253,-2.14525,-2.50609,0.32081,0.13292,0.07381
8.54,28.73253,-15.41002,4.19104,4.09996,-0.49837,-0.04073,4.42132,1.35257,-0.27853,2.41321,0.08788,0.0167,-0.21082,3.48758,1.0333,1.25022,-1.1613,0.1815,0.0778,-0.23256,-0.1833,2.65136,-0.31198,-2.3109,0.32113,-0.03427,0.0107,4.5298,7.6524,-2.22603,-2.5516,0.33709,0.1386,0.08517
8.56,28.52774,-15.20921,4.04264,4.16872,-0.44603,-0.03307,4.5201,1.31428,-0.30052,2.47878,0.08956,0.01626,-0.21795,3.42741,0.99833,1.23598,-1.18569,0.18387,0.07697,-0.23543,-0.49314,2.77258,-0.32235,-2.38851,0.31991,-0.03407,0.01051,4.95389,7.88865,-2.27806,-2.67136,0.35031,0.14448,0.09658
8.58,28.32059,-14.98615,3.82198,4.23577,-0.38572,-0.02603,4.64872,1.25347,-0.34138,2.55645,0.09138,0.01366,-0.2258,3.36864,0.95623,1.22051,-1.21197,0.18669,0.07643,-0.23868,-0.79602,2.88843,-0.33061,-2.4609,0.31918,-0.03398,0.01026,5.34646,8.04063,-2.30274,-2.84588,0.36118,0.14783,0.10649
8.6,28.05413,-14.70917,3.53934,4.28422,-0.31309,-0.01835,4.80934,1.19321,-0.39824,2.64286,0.09341,0.00972,-0.23468,3.31029,0.90697,1.20523,-1.24074,0.18995,0.07553,-0.24241,-1.06658,2.98609,-0.33559,-2.52987,0.31882,-0.03432,0.00975,5.67186,8.16516,-2.30486,-3.02379,0.37052,0.15025,0.11531
8.62,27.67929,-14.34466,3.21395,4.29938,-0.22412,-0.00845,5.00584,1.16567,-0.46425,2.73337,0.09588,0.00557,-0.24499,3.25036,0.84999,1.19165,-1.27437,0.19367,0.07339,-0.2468,-1.27898,3.05057,-0.33624,-2.59823,0.31875,-0.03546,0.00877,5.88031,8.32082,-2.28413,-3.14468,0.37876,0.15451,0.12397
8.64,27.14576,-13.98993,2.85766,4.2771,-0.13106,0.00121,5.22249,1.1486,-0.5414,2.8207,0.09825,0.00088,-0.25561,3.1949,0.78918,1.17855,-1.30741,0.1974,0.07093,-0.25118,-1.45563,3.10372,-0.33533,-2.66364,0.31881,-0.03687,0.00774,5.95222,8.42765,-2.23594,-3.23926,0.38345,0.1577,0.13097
8.66,26.43954,-13.73903,2.49304,4.21825,-0.04603,0.00869,5.4438,1.12699,-0.62724,2.89783,0.10017,-0.00464,-0.26538,3.14852,0.72872,1.16535,-1.33679,0.20084,0.0688,-0.25511,-1.61898,3.16583,-0.33545,-2.72444,0.3189,-0.03806,0.00708,5.90383,8.40709,-2.16079,-3.34662,0.38277,0.15776,0.13504
8.68,25.62965,-13.59011,2.15316,4.13392,0.02671,0.01485,5.67133,1.12207,-0.70723,2.96031,0.10223,-0.01034,-0.27335,3.10975,0.66739,1.15351,-1.36685,0.20411,0.06615,-0.25882,-1.75584,3.24061,-0.33759,-2.78267,0.31896,-0.03879,0.00695,5.77327,8.26446,-2.05865,-3.43924,0.37774,0.15521,0.13583
8.7,24.46551,-13.59744,1.8466,3.97612,0.08415,0.0177,5.84243,1.12164,-0.78843,2.991,0.10244,-0.01429,-0.28012,3.08902,0.62033,1.14371,-1.38365,0.20645,0.0646,-0.26126,-1.89713,3.30223,-0.33973,-2.84086,0.31861,-0.03999,0.00659,5.48818,7.98349,-1.92542,-3.51988,0.36737,0.14957,0.13343
8.72,22.65004,-13.80694,1.56997,3.68704,0.12472,0.01516,5.87208,1.10492,-0.88114,2.97181,0.09751,-0.01575,-0.28629,3.10066,0.6023,1.1362,-1.37362,0.20691,0.06635,-0.26136,-2.08035,3.32563,-0.34005,-2.89941,0.31753,-0.04267,0.00519,4.97346,7.53531,-1.75605,-3.59165,0.35063,0.13998,0.12772
8.74,20.45876,-14.1971,1.34217,3.32651,0.14088,0.00911,5.80518,1.08953,-0.96572,2.90455,0.08905,-0.01539,-0.2886,3.14005,0.60086,1.13293,-1.35002,0.20632,0.06924,-0.26021,-2.2805,3.32926,-0.34095,-2.95987,0.31584,-0.04592,0.00338,4.37871,6.91288,-1.56237,-3.64146,0.32985,0.12722,0.11811
8.76,18.17943,-14.71463,1.17794,2.95145,0.13412,0.00198,5.6847,1.08971,-1.02246,2.80011,0.07961,-0.01402,-0.28511,3.20057,0.60704,1.13591,-1.32591,0.20534,0.07187,-0.25882,-2.47699,3.33342,-0.34449,-3.02146,0.31378,-0.04886,0.00176,3.84437,6.13941,-1.35822,-3.65417,0.30773,0.11187,0.10446
8.78,15.80182,-15.30315,1.06684,2.54656,0.1165,-0.00445,5.47376,1.10179,-1.04076,2.67285,0.06827,-0.01287,-0.27678,3.28138,0.62355,1.14409,-1.30507,0.20299,0.07571,-0.25701,-2.68068,3.34133,-0.35077,-3.07957,0.31152,-0.05149,0.00034,3.39499,5.2433,-1.14658,-3.59663,0.2859,0.09317,0.08665
8.8,13.29809,-15.95218,0.97822,2.13055,0.08005,-0.0116,5.24467,1.0971,-1.0627,2.49661,0.05753,-0.00924,-0.26244,3.3921,0.65531,1.16299,-1.27016,0.20107,0.07863,-0.25501,-2.89718,3.31312,-0.35645,-3.1471,0.30841,-0.05491,-0.00189,3.02336,4.30912,-0.96169,-3.5334,0.2651,0.07562,0.06831
8.82,10.59147,-16.65407,0.89225,1.72197,0.00928,-0.02211,5.08078,1.04376,-1.14045,2.23723,0.04967,-0.00378,-0.24086,3.53983,0.7095,1.19789,-1.20043,0.20156,0.07848,-0.25246,-3.13403,3.20976,-0.35838,-3.23601,0.3038,-0.06045,-0.00604,2.67116,3.46314,-0.82888,-3.53233,0.24654,0.06438,0.05388
8.84,7.74821,-17.34426,0.81723,1.31632,-0.07047,-0.03246,4.93286,0.97366,-1.22995,1.94592,0.04331,-0.00259,-0.2168,3.70131,0.77609,1.24091,-1.12057,0.20136,0.07752,-0.24853,-3.37521,3.07027,-0.35895,-3.33224,0.29858,-0.06676,-0.01102,2.37295,2.72749,-0.72653,-3.51346,0.23262,0.05597,0.04138
8.86,4.91345,-17.95638,0.75232,0.91621,-0.13433,-0.03911,4.76973,0.91268,-1.29969,1.67202,0.03823,-0.00738,-0.19485,3.85765,0.84463,1.28555,-1.05113,0.19873,0.07737,-0.24347,-3.60704,2.93913,-0.36104,-3.42094,0.29368,-0.07267,-0.01576,2.19188,2.09425,-0.6399,-3.40468,0.22515,0.0474,0.02863
8.88,2.04713,-18.51337,0.68183,0.51333,-0.1899,-0.04326,4.60434,0.8445,-1.37151,1.40821,0.03489,-0.0182,-0.17655,4.00412,0.92001,1.32969,-0.97935,0.19467,0.0786,-0.23697,-3.84499,2.81632,-0.3646,-3.49406,0.28942,-0.07895,-0.0206,2.1177,1.58809,-0.57045,-3.19395,0.22487,0.03985,0.01642
8.9,-0.64225,-18.80761,0.59959,0.16693,-0.21941,-0.04248,4.48995,0.78677,-1.44517,1.1601,0.0346,-0.03254,-0.16442,4.13441,0.97853,1.37262,-0.91648,0.18739,0.0768,-0.22841,-4.02102,2.68083,-0.36603,-3.5747,0.28549,-0.08447,-0.02511,2.08626,1.24809,-0.52529,-2.9893,0.23036,0.03519,0.00684
8.92,-2.92056,-18.61264,0.50572,-0.05343,-0.20217,-0.03469,4.46618,0.75341,-1.52472,0.91885,0.03808,-0.0482,-0.15917,4.25358,0.98966,1.41905,-0.87304,0.17482,0.06573,-0.21678,-4.05675,2.52349,-0.36182,-3.68781,0.28166,-0.08776,-0.02857,2.01862,1.10613,-0.50341,-2.91424,0.23907,0.03507,0.00202
8.94,-4.96148,-18.07216,0.3921,-0.2036,-0.15402,-0.02244,4.46827,0.71029,-1.61525,0.67888,0.04354,-0.06661,-0.16017,4.35755,0.97108,1.46503,-0.83208,0.15934,0.04958,-0.20217,-4.00836,2.36818,-0.35496,-3.80142,0.279,-0.09011,-0.03128,1.9405,1.12063,-0.49235,-2.86138,0.25152,0.03823,0.00045
8.96,-6.90118,-17.31482,0.25424,-0.33665,-0.08779,-0.00752,4.45796,0.64009,-1.71369,0.44684,0.04958,-0.08707,-0.16745,4.43966,0.93889,1.50516,-0.783,0.14324,0.03319,-0.18585,-3.93008,2.22787,-0.34785,-3.88461,0.27862,-0.09273,-0.03363,1.90057,1.23863,-0.48314,-2.73439,0.26817,0.04279,0.00012
8.98,-8.72804,-16.3243,0.09922,-0.44137,-0.00615,0.00944,4.452,0.54618,-1.82014,0.20749,0.05673,-0.10713,-0.18167,4.50819,0.88301,1.54559,-0.72241,0.12661,0.01473,-0.16848,-3.81476,2.10185,-0.33993,-3.93521,0.281,-0.09554,-0.03561,1.90902,1.43623,-0.47343,-2.57396,0.28687,0.04793,0.00075
9,-10.22711,-14.91732,-0.09005,-0.49295,0.10812,0.03037,4.44624,0.43447,-1.91337,0.00875,0.06281,-0.12368,-0.19807,4.54768,0.80636,1.5731,-0.67062,0.1096,-0.00456,-0.14917,-3.60753,1.94593,-0.3264,-3.96879,0.28566,-0.09802,-0.03711,1.86058,1.66897,-0.46212,-2.41919,0.30643,0.05544,0.00334
9.02,-11.17238,-12.87839,-0.34697,-0.47045,0.27859,0.05801,4.44731,0.31543,-1.98183,-0.09323,0.06484,-0.13626,-0.20903,4.54147,0.71957,1.57442,-0.65191,0.09157,-0.02301,-0.12582,-3.26499,1.71324,-0.30193,-4.00098,0.29221,-0.0998,-0.03808,1.64497,1.85314,-0.44441,-2.30991,0.32534,0.06725,0.00847
9.04,-11.7443,-10.45483,-0.63774,-0.39703,0.4729,0.08778,4.46274,0.18937,-2.04119,-0.14891,0.06495,-0.14548,-0.21742,4.51455,0.62508,1.56627,-0.64717,0.07372,-0.04022,-0.10123,-2.8346,1.45293,-0.27104,-4.00996,0.30131,-0.10129,-0.03858,1.3875,1.93506,-0.41014,-2.231,0.34173,0.0796,0.01352
9.06,-12.14965,-7.89515,-0.92304,-0.30249,0.66212,0.11556,4.48736,0.06023,-2.09805,-0.20012,0.06476,-0.15085,-0.22718,4.48173,0.5277,1.55693,-0.63974,0.05753,-0.05571,-0.07797,-2.38939,1.20738,-0.23819,-3.97503,0.31357,-0.1031,-0.03885,1.18908,1.89752,-0.35331,-2.15908,0.35486,0.0895,0.01669
9.08,-12.45204,-5.15958,-1.20696,-0.19946,0.85966,0.14277,4.51879,-0.0594,-2.14991,-0.2356,0.06239,-0.15326,-0.23718,4.42931,0.43786,1.54095,-0.63962,0.04195,-0.07038,-0.05313,-1.99251,0.96481,-0.20085,-3.89554,0.32931,-0.10596,-0.03932,1.00961,1.7172,-0.2731,-2.11704,0.36388,0.09771,0.01826
9.1,-12.34024,-2.4399,-1.42378,-0.0412,1.02285,0.1638,4.5525,-0.16495,-2.18602,-0.24949,0.06101,-0.1507,-0.24519,4.37508,0.35884,1.50984,-0.64231,0.03099,-0.07781,-0.03525,-1.53206,0.73413,-0.15906,-3.8022,0.34472,-0.10751,-0.03898,0.85816,1.36876,-0.16751,-2.099,0.36903,0.10306,0.01794
9.12,-11.48619,0.01359,-1.51144,0.22636,1.10725,0.17305,4.58109,-0.24944,-2.19093,-0.24078,0.06546,-0.14065,-0.24885,4.34083,0.28506,1.45215,-0.63544,0.02885,-0.07237,-0.03404,-0.93117,0.50132,-0.10898,-3.73575,0.35471,-0.10484,-0.03667,0.75178,0.83175,-0.03569,-2.09458,0.371,0.10485,0.01577
9.14,-10.23811,2.23458,-1.4958,0.54315,1.14702,0.1761,4.59661,-0.30194,-2.1687,-0.22321,0.07123,-0.12642,-0.24853,4.30272,0.22449,1.37338,-0.6171,0.03047,-0.06057,-0.03889,-0.39791,0.24507,-0.04137,-3.6721,0.36105,-0.10139,-0.03432,0.65908,0.16344,0.11176,-2.11291,0.36987,0.1044,0.01248
9.16,-8.99698,4.26689,-1.39802,0.84946,1.17503,0.17682,4.59171,-0.32098,-2.12808,-0.21356,0.0745,-0.11114,-0.2458,4.24801,0.18624,1.28593,-0.59044,0.03222,-0.04819,-0.04188,-0.10769,-0.03839,0.0525,-3.58905,0.36546,-0.09984,-0.03363,0.57413,-0.56187,0.26183,-2.15855,0.36592,0.10324,0.00893
9.18,-7.89919,6.04969,-1.22003,1.15394,1.19719,0.17705,4.56061,-0.31193,-2.06535,-0.21532,0.07698,-0.09311,-0.24056,4.19139,0.16691,1.19351,-0.56353,0.03472,-0.03478,-0.04478,-0.12746,-0.38642,0.18467,-3.50263,0.36544,-0.09839,-0.03407,0.522,-1.32365,0.40924,-2.23334,0.35937,0.10329,0.00624
9.2,-6.48069,7.41787,-0.90531,1.46174,1.15923,0.16937,4.4971,-0.27373,-1.97537,-0.2353,0.07521,-0.07759,-0.22762,4.13423,0.1705,1.1003,-0.5055,0.03772,-0.01934,-0.04771,-0.21499,-0.66358,0.32788,-3.40721,0.36086,-0.09844,-0.03559,0.47295,-2.00399,0.53248,-2.29309,0.35351,0.10165,0.00365
9.22,-4.25387,8.22623,-0.41951,1.77573,1.00818,0.14555,4.39024,-0.20777,-1.85177,-0.28695,0.0643,-0.06993,-0.20075,4.07547,0.19247,1.00804,-0.38397,0.04023,-0.0006,-0.04923,-0.07509,-0.69151,0.43377,-3.30486,0.35098,-0.10074,-0.03758,0.39689,-2.49441,0.60779,-2.29358,0.35173,0.09459,-8e-05
9.24,-1.95907,8.63198,0.11896,2.07848,0.82023,0.11578,4.23881,-0.13197,-1.7033,-0.3757,0.04688,-0.06493,-0.16399,4.0287,0.21382,0.92339,-0.23798,0.04127,0.01809,-0.04725,0.0729,-0.60387,0.5104,-3.18296,0.33731,-0.10167,-0.03777,0.35271,-2.85696,0.64678,-2.27095,0.35143,0.08648,-0.00343
9.26,-0.201,8.81191,0.62564,2.35151,0.65142,0.08813,4.05358,-0.06058,-1.54643,-0.50027,0.02583,-0.05991,-0.12287,4.00268,0.23082,0.85319,-0.10165,0.04089,0.03345,-0.04204,0.06125,-0.53143,0.57083,-3.05791,0.32098,-0.09937,-0.03512,0.3798,-3.15281,0.6644,-2.25518,0.35042,0.08082,-0.00535
9.28,1.11117,8.84491,1.08035,2.59393,0.48572,0.05989,3.84016,0.00107,-1.38965,-0.66377,4e-05,-0.05671,-0.07676,3.98975,0.23864,0.789,0.03038,0.03916,0.04637,-0.03491,0.01489,-0.46281,0.60749,-2.98604,0.29852,-0.09444,-0.03062,0.4559,-3.38805,0.66273,-2.23472,0.34954,0.07593,-0.00656
9.3,2.17069,8.61628,1.4847,2.80952,0.32913,0.03165,3.61827,0.05589,-1.23692,-0.84346,-0.02936,-0.05372,-0.02705,3.99358,0.23757,0.75344,0.15657,0.03678,0.05348,-0.02587,0.12253,-0.37992,0.57429,-2.89434,0.2839,-0.08741,-0.02122,0.57068,-3.53415,0.64063,-2.20592,0.34871,0.07139,-0.00753
9.32,3.24343,8.02416,1.85126,3.01042,0.1893,0.00426,3.41385,0.10442,-1.09317,-1.01635,-0.06051,-0.04758,0.02447,4.01795,0.23092,0.77305,0.27172,0.03511,0.05166,-0.01596,0.52709,-0.22824,0.42088,-2.75396,0.28938,-0.0787,-0.00408,0.71824,-3.57081,0.59834,-2.16493,0.34772,0.06724,-0.00857
9.34,4.20536,7.34259,2.14159,3.18792,0.06496,-0.02247,3.23607,0.14074,-0.97334,-1.18553,-0.09213,-0.03882,0.07455,4.04628,0.21698,0.8208,0.37418,0.03394,0.04446,-0.00699,1.0992,-0.05324,0.20461,-2.6986,0.29958,-0.0688,0.01561,0.88412,-3.56047,0.54728,-2.11779,0.34668,0.06298,-0.00977
9.36,4.89248,6.78556,2.32065,3.33416,-0.0442,-0.04847,3.08639,0.16449,-0.88338,-1.35035,-0.12305,-0.02899,0.12072,4.07213,0.18942,0.87271,0.46245,0.03288,0.03497,0.00018,1.71864,0.06224,-0.01543,-2.80932,0.30305,-0.05884,0.03322,1.05127,-3.56187,0.49752,-2.07325,0.34555,0.05863,-0.01099
9.38,5.4192,6.35181,2.38733,3.46334,-0.14255,-0.07489,2.96135,0.17891,-0.81601,-1.50714,-0.15351,-0.0164,0.16409,4.10574,0.13766,0.93111,0.53592,0.03215,0.02373,0.00535,2.40678,0.1415,-0.24287,-3.06785,0.30212,-0.04949,0.0486,1.20293,-3.59609,0.45225,-2.02605,0.34433,0.05465,-0.01216
9.4,5.90394,6.01285,2.3573,3.55111,-0.2188,-0.09791,2.89159,0.18491,-0.78073,-1.61626,-0.17685,-0.00384,0.19604,4.13762,0.08172,1.00166,0.60943,0.03156,0.00976,0.0102,3.0678,0.21761,-0.47176,-3.42278,0.30098,-0.0404,0.06237,1.34938,-3.63237,0.41094,-1.99223,0.34292,0.04923,-0.01417
9.42,6.47521,5.74137,2.25046,3.57628,-0.26282,-0.11334,2.90535,0.17432,-0.78424,-1.64424,-0.18678,0.00374,0.20983,4.15955,0.04144,1.08711,0.70106,0.03063,-0.00777,0.01713,3.50669,0.39998,-0.69495,-3.8055,0.30232,-0.03001,0.07577,1.5099,-3.63721,0.3727,-1.98913,0.34117,0.04011,-0.01816
9.44,7.11636,5.59231,2.05793,3.57616,-0.28969,-0.1249,2.96227,0.14723,-0.80642,-1.63085,-0.18987,0.00904,0.21492,4.19275,-0.01176,1.17445,0.80273,0.02914,-0.02593,0.0254,3.66183,0.705,-0.89329,-4.21944,0.29968,-0.01847,0.08721,1.66739,-3.6691,0.34336,-1.9992,0.3392,0.02948,-0.02321
9.46,7.78949,5.58812,1.77387,3.57711,-0.30982,-0.13577,3.02971,0.10908,-0.83354,-1.60889,-0.19151,0.015,0.21831,4.24933,-0.09978,1.25314,0.90582,0.02715,-0.04245,0.03382,3.58095,1.03936,-1.04717,-4.67744,0.28799,-0.00734,0.09432,1.79874,-3.77165,0.32765,-2.00876,0.33722,0.01904,-0.02848
9.48,8.63938,5.70542,1.40593,3.59155,-0.31969,-0.14493,3.11132,0.05729,-0.86718,-1.57328,-0.19062,0.02074,0.21885,4.31983,-0.21985,1.32256,1.01468,0.02478,-0.05746,0.0428,3.27248,1.37109,-1.14528,-5.12167,0.26975,0.00209,0.09628,1.8934,-3.93675,0.32598,-2.02132,0.33516,0.0072,-0.03468
9.5,9.58054,5.7682,1.00639,3.60003,-0.32243,-0.15191,3.2113,0.00193,-0.90668,-1.52456,-0.18741,0.02534,0.21666,4.40891,-0.34926,1.38596,1.13514,0.02159,-0.07132,0.0537,2.6277,1.6542,-1.17162,-5.53582,0.24459,0.01152,0.09422,1.97214,-4.11892,0.33573,-2.04518,0.33344,-0.00342,-0.04045
9.52,10.54397,5.56705,0.64075,3.59004,-0.32673,-0.15609,3.33654,-0.04326,-0.95137,-1.46357,-0.18241,0.02824,0.21219,4.52498,-0.46021,1.44798,1.27373,0.01707,-0.08441,0.06814,1.52908,1.78773,-1.10789,-5.90608,0.21219,0.02319,0.09005,2.06275,-4.26458,0.35353,-2.08606,0.33289,-0.0095,-0.04393
9.54,11.63193,5.18969,0.29069,3.58059,-0.33557,-0.15954,3.47441,-0.08479,-0.99798,-1.39804,-0.17655,0.03054,0.20688,4.65157,-0.56718,1.50128,1.42148,0.01198,-0.09582,0.08447,0.21076,1.62673,-0.95707,-6.194,0.17671,0.03142,0.0802,2.12618,-4.38646,0.38081,-2.13937,0.33339,-0.01406,-0.04646
9.56,12.94454,4.70614,-0.0603,3.59014,-0.35124,-0.16418,3.60972,-0.12883,-1.04288,-1.3363,-0.1709,0.03347,0.2023,4.77187,-0.6857,1.53939,1.57062,0.00703,-0.10496,0.10096,-1.04627,1.10746,-0.7395,-6.36449,0.14358,0.03203,0.06251,2.12264,-4.49699,0.41819,-2.19745,0.33472,-0.01944,-0.04899
9.58,14.52871,4.00289,-0.37498,3.61455,-0.38012,-0.17011,3.74505,-0.17081,-1.0859,-1.2752,-0.1655,0.03722,0.19855,4.88198,-0.80437,1.56579,1.72624,0.00191,-0.11239,0.11844,-2.15441,0.19584,-0.46434,-6.35417,0.11819,0.02668,0.03974,2.05489,-4.57239,0.46283,-2.25374,0.33731,-0.02451,-0.05074
9.6,16.16516,3.11245,-0.64127,3.65163,-0.41843,-0.1767,3.86902,-0.20537,-1.12257,-1.22506,-0.16068,0.04105,0.1956,4.97449,-0.90773,1.57587,1.87119,-0.0025,-0.11778,0.13498,-3.00695,-0.90867,-0.21893,-6.28004,0.10007,0.01466,0.01311,1.93077,-4.52274,0.50625,-2.32872,0.34114,-0.02891,-0.05155
9.62,17.60019,2.10025,-0.85415,3.70087,-0.45872,-0.18305,3.96921,-0.2268,-1.14833,-1.1996,-0.15688,0.04442,0.19351,5.04775,-0.98028,1.56678,1.98842,-0.00485,-0.12109,0.14835,-3.66247,-1.80458,-0.07478,-6.30464,0.08735,-0.0023,-0.01409,1.74805,-4.25417,0.53859,-2.44543,0.34618,-0.03294,-0.05194
9.64,19.04419,0.85106,-0.99052,3.76089,-0.51023,-0.19008,4.05546,-0.23563,-1.16617,-1.18697,-0.15371,0.04828,0.19217,5.1016,-1.02383,1.54774,2.0933,-0.0061,-0.12322,0.16035,-4.1405,-2.49094,0.01824,-6.29596,0.08536,-0.01946,-0.03737,1.51558,-3.82387,0.5613,-2.5805,0.35262,-0.03652,-0.05185
9.66,20.67282,-0.71459,-1.04122,3.8303,-0.58047,-0.19876,4.13527,-0.23439,-1.17867,-1.1759,-0.15079,0.0534,0.19146,5.13304,-1.04576,1.525,2.19776,-0.00709,-0.1249,0.17238,-4.37191,-3.08986,0.09613,-6.12414,0.09785,-0.03507,-0.05509,1.23141,-3.29491,0.5762,-2.70726,0.36066,-0.04009,-0.05172
9.68,22.3716,-2.59452,-1.00719,3.90532,-0.66745,-0.20865,4.20672,-0.2203,-1.18461,-1.16864,-0.14806,0.0599,0.19124,5.14368,-1.04401,1.5,2.29932,-0.00688,-0.12712,0.18385,-4.39821,-3.5924,0.15457,-5.8095,0.12312,-0.04975,-0.06789,0.86744,-2.65696,0.5784,-2.81791,0.37037,-0.04513,-0.05305
9.7,24.02665,-4.66618,-0.90437,3.97605,-0.76619,-0.2191,4.26845,-0.19746,-1.18584,-1.16236,-0.14536,0.06614,0.19076,5.13689,-1.01274,1.47473,2.38671,-0.00717,-0.12783,0.19429,-4.25425,-3.77685,0.17283,-5.48623,0.15339,-0.06069,-0.07378,0.52549,-1.97212,0.57464,-2.94733,0.38068,-0.0495,-0.05518
9.72,25.53369,-6.76915,-0.75426,4.03204,-0.87067,-0.22947,4.31703,-0.17147,-1.18406,-1.1551,-0.14263,0.07006,0.18938,5.11959,-0.94826,1.4519,2.4499,-0.01034,-0.12464,0.2034,-3.97977,-3.43737,0.14115,-5.31928,0.17852,-0.06505,-0.07159,0.31183,-1.32485,0.5732,-3.13162,0.39016,-0.05083,-0.05755
9.74,26.88471,-8.92847,-0.5645,4.07252,-0.97951,-0.23945,4.35448,-0.14083,-1.17885,-1.14489,-0.13976,0.07322,0.18734,5.09645,-0.86172,1.43476,2.50052,-0.01451,-0.12058,0.21159,-3.60438,-2.90429,0.09086,-5.18521,0.20094,-0.0666,-0.06591,0.15639,-0.74552,0.57338,-3.31749,0.39862,-0.05245,-0.06255
9.76,28.07955,-11.14905,-0.34532,4.09635,-1.0908,-0.24875,4.38174,-0.10544,-1.16963,-1.12979,-0.13662,0.07685,0.18483,5.06938,-0.76447,1.42508,2.54884,-0.01803,-0.11812,0.21937,-3.10296,-2.45302,0.05286,-4.96506,0.22411,-0.06846,-0.0602,-0.00211,-0.23033,0.57109,-3.45105,0.4063,-0.05681,-0.07167
9.78,29.04554,-13.30947,-0.11369,4.09807,-1.19904,-0.25699,4.39103,-0.06779,-1.15448,-1.11449,-0.13327,0.0797,0.18171,5.04326,-0.65946,1.42304,2.59275,-0.02156,-0.11665,0.22677,-2.42072,-2.0354,0.02631,-4.74653,0.24242,-0.07004,-0.05482,-0.18869,0.24913,0.56064,-3.52868,0.41302,-0.06306,-0.08466
9.8,29.75718,-15.29909,0.10673,4.07675,-1.2959,-0.26302,4.39435,-0.03485,-1.14107,-1.08627,-0.12973,0.08277,0.1779,5.02352,-0.54987,1.43252,2.63019,-0.02526,-0.11622,0.2337,-1.75864,-1.68963,0.01484,-4.47768,0.26019,-0.07264,-0.05109,-0.12124,0.61592,0.54325,-3.53568,0.41643,-0.06742,-0.09707
9.82,30.19923,-17.04747,0.29679,4.03362,-1.37391,-0.26571,4.40828,-0.01326,-1.13917,-1.02851,-0.126,0.08728,0.17335,5.0135,-0.43783,1.45694,2.66018,-0.02937,-0.11685,0.24024,-1.34028,-1.43569,0.01458,-4.08153,0.28374,-0.07704,-0.04917,0.55794,0.87444,0.50273,-3.45321,0.41376,-0.0645,-0.10216
9.84,30.33469,-18.47921,0.45745,3.96873,-1.43197,-0.26582,4.41411,0.00106,-1.13949,-0.96221,-0.12249,0.09143,0.1687,5.0155,-0.32841,1.4934,2.68517,-0.03365,-0.1187,0.24647,-0.95172,-1.19275,0.01385,-3.65769,0.30616,-0.08109,-0.04736,1.53265,1.23556,0.39912,-3.27669,0.40774,-0.05497,-0.10063
9.86,30.17471,-19.57025,0.59222,3.88459,-1.47151,-0.26423,4.398,0.01119,-1.1347,-0.90404,-0.11948,0.09418,0.16446,5.02883,-0.2245,1.5389,2.70836,-0.03777,-0.12202,0.25251,-0.44021,-0.90079,0.00729,-3.28291,0.32269,-0.08358,-0.04468,2.46556,1.80143,0.20608,-3.03763,0.40041,-0.04075,-0.09385
9.88,29.7475,-20.35241,0.69733,3.78576,-1.49212,-0.26068,4.36959,0.01396,-1.13034,-0.84475,-0.11696,0.09601,0.16049,5.04868,-0.12366,1.5916,2.73041,-0.04236,-0.12608,0.25879,0.07934,-0.54284,-0.01129,-2.9527,0.33507,-0.08482,-0.04103,3.41115,2.56329,-0.08439,-2.79266,0.38968,-0.02077,-0.07892
9.9,29.11627,-20.72705,0.77547,3.68157,-1.49389,-0.25648,4.32028,0.01406,-1.11861,-0.80359,-0.11522,0.09732,0.15779,5.08197,-0.03278,1.65342,2.7469,-0.04578,-0.13206,0.26387,0.57328,-0.11395,-0.04336,-2.66518,0.34357,-0.08346,-0.03565,4.1929,3.41529,-0.44575,-2.52763,0.37975,0.003,-0.05886
9.92,28.39755,-20.61012,0.82875,3.58124,-1.47877,-0.25314,4.241,0.01552,-1.09056,-0.80058,-0.11436,0.09878,0.15727,5.13202,0.0387,1.72445,2.75509,-0.04591,-0.14149,0.26627,1.01742,0.38067,-0.08627,-2.41392,0.3485,-0.0783,-0.02827,4.63828,4.22937,-0.80527,-2.23706,0.37456,0.02749,-0.03933
9.94,27.61755,-20.20815,0.86593,3.49126,-1.45103,-0.24989,4.14672,0.01568,-1.05589,-0.81534,-0.114,0.10029,0.15778,5.18224,0.101,1.79642,2.75692,-0.04462,-0.15212,0.26712,1.35891,0.91066,-0.13446,-2.2146,0.3503,-0.07123,-0.02012,4.88406,5.01251,-1.14067,-2.00225,0.3699,0.05137,-0.01964
9.96,26.78186,-19.68039,0.89482,3.41436,-1.41481,-0.24612,4.04927,0.01259,-1.02177,-0.83304,-0.11392,0.10176,0.15857,5.21619,0.1621,1.86106,2.75428,-0.04351,-0.16201,0.26753,1.57716,1.44542,-0.1835,-2.08177,0.34923,-0.06383,-0.01212,5.03967,5.7651,-1.45354,-1.87367,0.36315,0.07418,0.00155
9.98,25.95182,-19.01078,0.91057,3.34669,-1.37349,-0.24227,3.95059,0.00473,-0.98655,-0.85556,-0.11403,0.10389,0.15986,5.22173,0.21789,1.91334,2.74985,-0.04181,-0.17157,0.26758,1.65618,1.97695,-0.23215,-2.00019,0.34609,-0.05599,-0.00431,5.09463,6.45357,-1.72507,-1.85093,0.35486,0.09687,0.02346
10,25.11398,-18.32194,0.94992,3.31376,-1.3268,-0.23862,3.84923,0.00501,-0.9497,-0.89253,-0.11455,0.10567,0.1617,5.21141,0.27341,1.95148,2.72656,-0.03988,-0.17892,0.26505,1.61091,2.44467,-0.27194,-1.97099,0.3415,-0.04833,0.00269,5.14216,6.95356,-1.9047,-1.87407,0.3501,0.11338,0.04081
10.02,24.21338,-17.73619,1.04913,3.34291,-1.27275,-0.23534,3.74168,0.02805,-0.91045,-0.95466,-0.11606,0.10557,0.16444,5.20152,0.3293,1.97366,2.66503,-0.03824,-0.18179,0.25765,1.46656,2.78828,-0.29665,-1.99481,0.33614,-0.04136,0.00833,5.29192,7.19518,-1.95696,-1.87575,0.35413,0.11773,0.04867
10.04,23.30222,-17.1994,1.16835,3.40409,-1.21685,-0.23245,3.63717,0.06086,-0.87084,-1.02758,-0.11822,0.10493,0.16802,5.16134,0.38029,1.97111,2.57784,-0.03636,-0.18105,0.24709,1.21909,3.03955,-0.31229,-2.05058,0.33073,-0.03526,0.01272,5.49425,7.30744,-1.93537,-1.8971,0.36192,0.11693,0.05236
10.06,22.42106,-16.68835,1.27572,3.47156,-1.16502,-0.23004,3.54468,0.09333,-0.83327,-1.09918,-0.12056,0.10498,0.17206,5.07394,0.42233,1.94075,2.47929,-0.03396,-0.17778,0.23534,0.8654,3.23354,-0.32415,-2.12237,0.32574,-0.02999,0.01605,5.69181,7.38566,-1.88971,-1.98081,0.36863,0.1168,0.05664
10.08,21.50389,-16.23705,1.37645,3.55068,-1.11768,-0.22832,3.46034,0.13194,-0.79659,-1.17603,-0.1235,0.10468,0.17667,4.96222,0.44689,1.8897,2.36948,-0.03119,-0.17206,0.22281,0.41459,3.37228,-0.3327,-2.2012,0.32151,-0.02477,0.01879,5.87548,7.42714,-1.82803,-2.11113,0.3751,0.11519,0.06031
10.1,20.63407,-15.92265,1.46236,3.63441,-1.07969,-0.22785,3.39447,0.17151,-0.76427,-1.24567,-0.12596,0.10522,0.1812,4.80446,0.47373,1.80602,2.23292,-0.02804,-0.16191,0.20668,-0.0636,3.41812,-0.33495,-2.28893,0.31829,-0.02203,0.01958,6.06362,7.44621,-1.75568,-2.24294,0.3817,0.11418,0.06426
10.12,19.90498,-15.82052,1.51471,3.71472,-1.05641,-0.22917,3.35961,0.20531,-0.73966,-1.2939,-0.12619,0.10883,0.18458,4.57113,0.52195,1.6742,2.04619,-0.02372,-0.14504,0.18322,-0.49334,3.33826,-0.32967,-2.38972,0.31617,-0.02444,0.01707,6.2695,7.46614,-1.67968,-2.32691,0.38824,0.1174,0.07035
10.14,19.18271,-15.87918,1.5275,3.78939,-1.04688,-0.23219,3.34411,0.23885,-0.71946,-1.33296,-0.12515,0.11364,0.18697,4.31768,0.56672,1.52023,1.82625,-0.01833,-0.12387,0.15611,-0.90828,3.19598,-0.32277,-2.49081,0.31504,-0.02888,0.01318,6.42581,7.50189,-1.61654,-2.39458,0.39314,0.12261,0.07799
10.16,18.37806,-16.04221,1.50558,3.85576,-1.04836,-0.23658,3.33771,0.27547,-0.70104,-1.37261,-0.12391,0.11813,0.18896,4.08722,0.59314,1.36983,1.5984,-0.01214,-0.10153,0.12902,-1.3381,3.05106,-0.31885,-2.58105,0.31471,-0.03274,0.00958,6.48989,7.54849,-1.57392,-2.48248,0.39497,0.12789,0.08632
10.18,17.53171,-16.32676,1.45202,3.9175,-1.05802,-0.24216,3.34277,0.31443,-0.684,-1.40946,-0.12155,0.1237,0.19016,3.86597,0.61252,1.22343,1.35711,-0.00415,-0.07883,0.10044,-1.7495,2.9153,-0.31854,-2.66,0.31504,-0.03639,0.00634,6.47059,7.58713,-1.54657,-2.57886,0.39338,0.13432,0.09546
10.2,16.62933,-16.71698,1.3796,3.95605,-1.08269,-0.24905,3.35678,0.35034,-0.6715,-1.44189,-0.11948,0.12801,0.19106,3.68643,0.63108,1.09191,1.11332,0.0034,-0.05488,0.07263,-2.11976,2.78396,-0.32026,-2.73469,0.31568,-0.04037,0.00297,6.36308,7.60214,-1.52131,-2.66679,0.38858,0.13924,0.10362
10.22,15.63667,-17.20027,1.29774,3.95017,-1.13148,-0.25744,3.37623,0.37736,-0.66781,-1.46987,-0.12004,0.12774,0.19284,3.57404,0.6492,0.97871,0.88051,0.00901,-0.02808,0.04799,-2.43174,2.65432,-0.3221,-2.81352,0.31627,-0.04526,-0.00116,6.17819,7.56416,-1.48181,-2.72545,0.38085,0.1389,0.10828
10.24,14.59302,-17.7507,1.20965,3.92325,-1.1922,-0.26656,3.40029,0.40092,-0.66799,-1.49538,-0.12145,0.12603,0.19487,3.49147,0.66531,0.87482,0.65654,0.01556,-0.00093,0.02474,-2.68945,2.55815,-0.32616,-2.8917,0.31671,-0.05017,-0.00506,5.93241,7.43159,-1.42634,-2.76971,0.36947,0.13546,0.10994
10.26,13.53695,-18.34689,1.12941,3.89606,-1.25412,-0.27572,3.42629,0.42724,-0.66698,-1.52126,-0.12237,0.12533,0.19669,3.41742,0.682,0.77916,0.43888,0.02423,0.02449,0.00184,-2.90152,2.52991,-0.3354,-2.96519,0.31696,-0.05415,-0.00784,5.66293,7.18277,-1.35697,-2.81024,0.35457,0.13056,0.10907
10.28,12.46251,-18.98503,1.06861,3.86393,-1.32061,-0.28488,3.45083,0.45588,-0.66585,-1.54832,-0.12377,0.12374,0.19878,3.35525,0.70534,0.69034,0.22077,0.0347,0.04979,-0.02086,-3.05716,2.57918,-0.35018,-3.03828,0.3169,-0.05768,-0.00979,5.44927,6.80252,-1.26807,-2.81938,0.33751,0.12231,0.1042
10.3,11.4381,-19.55844,1.03412,3.83341,-1.38351,-0.29328,3.47567,0.48569,-0.66293,-1.57498,-0.12481,0.1239,0.20068,3.31813,0.72397,0.60766,0.03534,0.0449,0.07285,-0.04003,-3.18659,2.67265,-0.36677,-3.11829,0.31639,-0.0604,-0.01101,5.22313,6.33703,-1.17124,-2.82065,0.31906,0.11323,0.09707
10.32,10.54147,-19.95933,1.02567,3.81363,-1.4333,-0.30014,3.50388,0.51663,-0.6557,-1.59913,-0.12417,0.12957,0.20176,3.32532,0.72642,0.52866,-0.08125,0.05132,0.09188,-0.05207,-3.32836,2.77271,-0.38137,-3.21078,0.31543,-0.06179,-0.01149,4.90383,5.85236,-1.07904,-2.83544,0.3006,0.10639,0.09002
10.34,9.76616,-20.21785,1.04542,3.80315,-1.47426,-0.30547,3.53137,0.5488,-0.64672,-1.62283,-0.12298,0.1369,0.20248,3.3639,0.72742,0.4526,-0.16403,0.05585,0.10982,-0.06073,-3.45502,2.90004,-0.3965,-3.31196,0.31418,-0.06258,-0.01154,4.64393,5.32807,-0.98619,-2.82174,0.28428,0.09909,0.08112
10.36,9.12542,-20.36213,1.10237,3.80276,-1.50882,-0.30928,3.55515,0.58233,-0.63815,-1.64805,-0.12223,0.14297,0.20348,3.42402,0.74136,0.38378,-0.24305,0.06093,0.12817,-0.06922,-3.54301,3.0703,-0.4144,-3.41523,0.31293,-0.06331,-0.01132,4.57462,4.74901,-0.88882,-2.73894,0.27186,0.08935,0.06889
10.38,8.67981,-20.37926,1.19754,3.81696,-1.53433,-0.31147,3.57756,0.61851,-0.62929,-1.67277,-0.12101,0.14966,0.20414,3.52315,0.76791,0.31833,-0.30689,0.06544,0.14629,-0.07627,-3.60322,3.2658,-0.43404,-3.51439,0.31206,-0.06412,-0.01099,4.71116,4.13872,-0.78781,-2.55736,0.26481,0.07779,0.05384
10.4,8.51882,-20.09564,1.32776,3.84628,-1.5422,-0.31084,3.59794,0.6448,-0.62522,-1.69643,-0.12075,0.15397,0.2054,3.63756,0.8026,0.27577,-0.34835,0.07011,0.16284,-0.08207,-3.64244,3.41637,-0.44908,-3.61774,0.31131,-0.06494,-0.01103,4.9181,3.57108,-0.70326,-2.37248,0.26306,0.0669,0.0385
10.42,8.72034,-19.33225,1.48301,3.89073,-1.52331,-0.30614,3.61483,0.64631,-0.63197,-1.71913,-0.1236,0.15192,0.20886,3.72258,0.83814,0.28247,-0.3735,0.07683,0.17644,-0.08824,-3.66367,3.44423,-0.45222,-3.73184,0.31067,-0.06544,-0.01182,5.01123,3.1308,-0.64544,-2.29765,0.26625,0.05956,0.02581
10.44,9.27161,-18.20716,1.64402,3.95285,-1.48194,-0.29831,3.63152,0.63193,-0.64645,-1.73682,-0.12751,0.14686,0.21283,3.79548,0.87098,0.3118,-0.38364,0.08416,0.1879,-0.09427,-3.65811,3.37031,-0.44627,-3.83756,0.31081,-0.06639,-0.01351,5.08459,2.78816,-0.59487,-2.23616,0.27469,0.05452,0.01482
10.46,10.14926,-16.83506,1.79985,4.03217,-1.42321,-0.28832,3.64882,0.60987,-0.66539,-1.74695,-0.13098,0.14144,0.21613,3.87498,0.90313,0.33866,-0.37925,0.09022,0.19839,-0.09882,-3.62784,3.2238,-0.43458,-3.91762,0.31244,-0.06829,-0.01609,5.24243,2.50923,-0.541,-2.0979,0.28847,0.05018,0.00423
10.48,11.33549,-15.17673,1.94113,4.1249,-1.3456,-0.27601,3.66287,0.57571,-0.68938,-1.75025,-0.1349,0.13383,0.21917,3.92883,0.93009,0.36383,-0.3694,0.09536,0.20823,-0.10262,-3.59024,2.98843,-0.41475,-3.96527,0.31623,-0.07025,-0.01909,5.42674,2.32502,-0.4872,-1.90119,0.30735,0.04686,-0.00535
10.5,12.82981,-13.1747,2.03685,4.22696,-1.24558,-0.26119,3.6795,0.52569,-0.72099,-1.74145,-0.13807,0.12592,0.22122,3.98171,0.94008,0.38595,-0.3228,0.09655,0.2149,-0.10184,-3.53148,2.64615,-0.38633,-3.99736,0.32056,-0.0743,-0.02399,5.53407,2.20284,-0.43619,-1.72913,0.32676,0.04647,-0.01212
10.52,14.6359,-10.79292,2.05655,4.33317,-1.1194,-0.24371,3.70553,0.45644,-0.76274,-1.71583,-0.13927,0.12048,0.22192,4.07936,0.92401,0.40702,-0.20256,0.09049,0.21566,-0.09205,-3.45671,2.19644,-0.34995,-4.03286,0.32375,-0.0832,-0.03272,5.4821,2.05983,-0.38472,-1.67167,0.34086,0.05094,-0.01462
10.54,16.64169,-8.1444,2.01483,4.43447,-0.97232,-0.22409,3.73099,0.37072,-0.81115,-1.68019,-0.14003,0.11502,0.22219,4.1806,0.88973,0.42395,-0.04582,0.07938,0.21259,-0.0767,-3.38734,1.69716,-0.30842,-4.05485,0.32733,-0.09366,-0.04267,5.34503,1.89248,-0.32717,-1.65545,0.35181,0.05726,-0.01502
10.56,18.71722,-5.33257,1.92459,4.52457,-0.81072,-0.20309,3.7481,0.27273,-0.86241,-1.64016,-0.14124,0.10795,0.22242,4.24936,0.84435,0.43078,0.1127,0.06535,0.20821,-0.05911,-3.3553,1.20059,-0.26535,-4.04469,0.33282,-0.10303,-0.05162,5.19631,1.72578,-0.26363,-1.61183,0.36187,0.06305,-0.01512
10.58,20.80946,-2.36996,1.77136,4.60212,-0.63554,-0.18115,3.75927,0.16184,-0.91636,-1.59555,-0.14223,0.10072,0.22263,4.29693,0.78165,0.42788,0.27615,0.04866,0.20313,-0.03946,-3.43211,0.72092,-0.22309,-3.99726,0.34069,-0.11306,-0.06071,5.02405,1.55991,-0.19742,-1.58046,0.3674,0.06973,-0.01385
10.6,22.8253,0.63007,1.56811,4.65457,-0.45117,-0.15819,3.76368,0.04307,-0.97232,-1.54908,-0.14362,0.09225,0.22272,4.3326,0.70888,0.41978,0.44834,0.02873,0.19449,-0.01671,-3.44158,0.29742,-0.18248,-3.94685,0.34728,-0.12016,-0.06671,4.79392,1.30871,-0.12222,-1.5594,0.37136,0.07404,-0.01328
10.62,24.69266,3.52297,1.34541,4.67211,-0.26406,-0.13426,3.7601,-0.07565,-1.02849,-1.5019,-0.14576,0.08106,0.22192,4.37169,0.63593,0.41549,0.63803,0.00428,0.17997,0.01192,-3.19677,-0.04411,-0.14061,-3.92929,0.34812,-0.11997,-0.06563,4.47584,0.89069,-0.03173,-1.53802,0.37829,0.07243,-0.01582
10.64,26.38752,6.29621,1.09966,4.66586,-0.07854,-0.11057,3.7507,-0.19395,-1.08212,-1.45351,-0.14741,0.06921,0.22028,4.41057,0.55483,0.41807,0.8307,-0.02123,0.1642,0.04279,-2.91346,-0.33564,-0.09613,-3.90258,0.34618,-0.11686,-0.06082,4.11272,0.40757,0.06218,-1.53234,0.38379,0.06862,-0.01891
10.66,27.86694,8.94778,0.82012,4.64494,0.10188,-0.0881,3.73717,-0.31202,-1.13185,-1.40564,-0.14824,0.05828,0.21836,4.43931,0.4601,0.42254,1.00586,-0.04426,0.15053,0.0711,-2.77054,-0.61426,-0.04424,-3.83464,0.34426,-0.11446,-0.05545,3.75165,-0.04897,0.14908,-1.54979,0.38488,0.06569,-0.0206
10.68,29.10827,11.43698,0.51042,4.61053,0.27535,-0.06694,3.71961,-0.427,-1.17808,-1.35893,-0.14839,0.0478,0.21587,4.47154,0.35009,0.42749,1.16631,-0.06527,0.13894,0.09798,-2.75588,-0.91764,0.02576,-3.74025,0.34043,-0.11142,-0.04884,3.40183,-0.50132,0.23061,-1.59617,0.38303,0.06315,-0.02144
10.7,30.04452,13.64524,0.19221,4.56029,0.43064,-0.04796,3.70097,-0.53334,-1.2166,-1.31549,-0.14816,0.03851,0.21346,4.48373,0.24181,0.4368,1.29348,-0.08081,0.12911,0.11868,-2.73674,-1.20405,0.11147,-3.62261,0.33436,-0.10948,-0.0422,3.04616,-0.94747,0.30332,-1.64539,0.3798,0.05991,-0.02216
10.72,30.62057,15.4875,-0.11261,4.49164,0.55719,-0.03191,3.68508,-0.62686,-1.24386,-1.27788,-0.14825,0.03112,0.21204,4.44701,0.15643,0.45201,1.37298,-0.08821,0.11873,0.12891,-2.58195,-1.4271,0.20854,-3.49852,0.3249,-0.11062,-0.03732,2.66331,-1.38144,0.36207,-1.66725,0.3767,0.05506,-0.02335
10.74,30.89869,17.01095,-0.41655,4.41442,0.66049,-0.01864,3.67059,-0.70928,-1.26392,-1.24538,-0.14855,0.02527,0.21107,4.39275,0.07848,0.46427,1.42287,-0.09093,0.10898,0.13347,-2.43136,-1.66595,0.33065,-3.37011,0.31279,-0.11312,-0.03397,2.29223,-1.80545,0.40946,-1.68848,0.37325,0.04968,-0.02468
10.76,30.92933,18.27842,-0.73328,4.33597,0.74655,-0.00782,3.65628,-0.78301,-1.28001,-1.217,-0.14885,0.02055,0.21007,4.34416,-0.0062,0.46771,1.45566,-0.09165,0.10154,0.13611,-2.38886,-1.96748,0.4837,-3.25221,0.29868,-0.11578,-0.03203,1.96304,-2.21915,0.44916,-1.7317,0.36878,0.04488,-0.02576
10.78,30.69839,19.34652,-1.05988,4.25255,0.81654,0.00095,3.64346,-0.84947,-1.29157,-1.19232,-0.14932,0.01634,0.20906,4.28952,-0.09204,0.46521,1.47271,-0.08987,0.09519,0.13617,-2.38517,-2.31596,0.66669,-3.19566,0.27918,-0.11882,-0.03265,1.65535,-2.63855,0.4828,-1.79008,0.36385,0.04052,-0.02679
10.8,30.26966,20.00711,-1.3705,4.17476,0.86026,0.00632,3.6327,-0.90224,-1.29798,-1.17442,-0.14994,0.0145,0.20872,4.23842,-0.17052,0.45805,1.46739,-0.08616,0.09099,0.13343,-2.36071,-2.62568,0.83303,-3.14131,0.2647,-0.12201,-0.03341,1.38011,-3.02241,0.50615,-1.85015,0.3591,0.03566,-0.02822
10.82,29.73201,20.04807,-1.64377,4.11625,0.86799,0.00691,3.62592,-0.93531,-1.29981,-1.16658,-0.1507,0.01726,0.20992,4.20459,-0.23376,0.44765,1.43237,-0.08124,0.09035,0.12775,-2.26782,-2.79868,0.9136,-3.04034,0.26599,-0.12487,-0.03066,1.14998,-3.32432,0.51544,-1.89966,0.35496,0.02921,-0.03049
10.84,29.07275,19.73675,-1.90075,4.06667,0.85338,0.00455,3.62323,-0.95699,-1.29806,-1.16475,-0.15141,0.02201,0.21156,4.17647,-0.28754,0.43566,1.38149,-0.07532,0.09126,0.12027,-2.09631,-2.87014,0.92483,-2.98707,0.27177,-0.12668,-0.02626,0.93783,-3.57969,0.5165,-1.94717,0.3512,0.02233,-0.03309
10.86,28.28261,19.3155,-2.16017,4.01689,0.82967,0.001,3.62427,-0.97456,-1.29391,-1.16534,-0.15199,0.02666,0.21284,4.14753,-0.33808,0.42318,1.32727,-0.06883,0.09227,0.11233,-1.86761,-2.88508,0.89518,-3.04538,0.2733,-0.12722,-0.02232,0.72468,-3.82321,0.5152,-2.0022,0.34758,0.01593,-0.0356
10.88,27.40593,18.7781,-2.41957,3.97093,0.79857,-0.00366,3.63204,-0.98779,-1.28927,-1.16805,-0.15256,0.03245,0.21425,4.12423,-0.38231,0.41265,1.26874,-0.06209,0.09352,0.10398,-1.61416,-2.83015,0.81855,-3.20144,0.27289,-0.12668,-0.0185,0.51053,-4.05533,0.51291,-2.06174,0.34422,0.00935,-0.03829
10.9,26.4863,18.06885,-2.65822,3.929,0.75572,-0.00982,3.63945,-0.99408,-1.2796,-1.17404,-0.15252,0.03766,0.21483,4.10444,-0.41947,0.40264,1.20944,-0.05559,0.09503,0.0958,-1.24016,-2.63821,0.66453,-3.38333,0.27521,-0.12425,-0.0126,0.30382,-4.24448,0.50701,-2.11515,0.34125,0.00329,-0.04089
10.92,25.56781,17.14222,-2.85408,3.89081,0.69656,-0.01791,3.63704,-0.99099,-1.25958,-1.18474,-0.15146,0.03985,0.21369,4.08527,-0.44998,0.39085,1.15368,-0.04986,0.09685,0.08842,-0.68791,-2.24533,0.42148,-3.5086,0.28414,-0.11945,-0.00305,0.11233,-4.36071,0.4949,-2.15033,0.33881,-0.00145,-0.04309
10.94,24.66911,16.13016,-3.02233,3.85695,0.63153,-0.02679,3.63273,-0.98283,-1.23534,-1.19736,-0.1501,0.04127,0.21204,4.07341,-0.47251,0.38165,1.10222,-0.04484,0.0986,0.08185,-0.14353,-1.75042,0.15694,-3.62258,0.2943,-0.11364,0.00646,-0.07159,-4.44058,0.48201,-2.17674,0.3368,-0.00572,-0.04515
10.96,23.79082,15.16824,-3.17572,3.82655,0.56998,-0.03539,3.63233,-0.97309,-1.21189,-1.20917,-0.14897,0.0434,0.21068,4.07352,-0.48717,0.37836,1.05639,-0.04049,0.09995,0.07615,0.26981,-1.27279,-0.07962,-3.77784,0.30079,-0.10847,0.0126,-0.26089,-4.52068,0.47277,-2.2037,0.33509,-0.01017,-0.04729
10.98,22.93124,14.26565,-3.30275,3.79902,0.50992,-0.04382,3.63024,-0.95972,-1.18802,-1.22062,-0.14809,0.04456,0.20915,4.0854,-0.49481,0.38023,1.01769,-0.03694,0.10099,0.07152,0.55094,-0.82955,-0.27954,-3.94181,0.30517,-0.10558,0.01465,-0.46876,-4.61044,0.4669,-2.22555,0.33367,-0.01497,-0.04965
11,22.15346,13.42373,-3.39461,3.77564,0.454,-0.05188,3.62909,-0.94403,-1.16399,-1.23116,-0.14708,0.04693,0.20805,4.1098,-0.49307,0.38791,0.98737,-0.03422,0.10166,0.06806,0.71342,-0.48244,-0.42485,-4.0997,0.30743,-0.10255,0.01353,-0.65366,-4.67252,0.46313,-2.24855,0.33255,-0.01906,-0.05159
11.02,21.53354,12.63432,-3.44238,3.75756,0.40612,-0.05911,3.63385,-0.92852,-1.13955,-1.2388,-0.14506,0.05352,0.20785,4.14731,-0.47777,0.40311,0.96604,-0.03224,0.10182,0.06582,0.77599,-0.30638,-0.499,-4.24459,0.30675,-0.09572,0.01086,-0.76422,-4.66877,0.4604,-2.28034,0.33174,-0.02121,-0.05238
11.04,21.00419,11.94739,-3.44605,3.74327,0.36328,-0.06577,3.63725,-0.90974,-1.11569,-1.24475,-0.14252,0.06087,0.20772,4.19811,-0.45385,0.42413,0.9534,-0.03095,0.1017,0.06467,0.723,-0.32044,-0.50166,-4.37173,0.30326,-0.08914,0.00496,-0.84583,-4.65024,0.45988,-2.31339,0.33124,-0.02278,-0.05289
11.06,20.50252,11.40951,-3.40799,3.731,0.32374,-0.0719,3.63406,-0.88572,-1.09353,-1.25147,-0.14017,0.06658,0.20751,4.26208,-0.42524,0.45007,0.94832,-0.03017,0.10142,0.06438,0.56688,-0.51917,-0.44267,-4.47983,0.29754,-0.08632,-0.00532,-0.94294,-4.66294,0.46299,-2.34275,0.33096,-0.02492,-0.05385
11.08,20.0563,11.00153,-3.3237,3.7196,0.29043,-0.0767,3.628,-0.86084,-1.07058,-1.2576,-0.13696,0.07249,0.20725,4.33784,-0.38683,0.4841,0.94875,-0.02957,0.10069,0.06464,0.36278,-0.90015,-0.33095,-4.55462,0.29019,-0.08569,-0.01827,-1.0451,-4.69847,0.46904,-2.36861,0.3309,-0.02718,-0.05499
11.1,19.62642,10.72691,-3.20645,3.71193,0.256,-0.08215,3.61292,-0.82585,-1.05304,-1.27068,-0.13517,0.07644,0.20768,4.42492,-0.35335,0.51686,0.95471,-0.0293,0.10038,0.06537,0.14355,-1.42128,-0.18548,-4.5984,0.28086,-0.08674,-0.03257,-1.13913,-4.73388,0.47603,-2.39621,0.33103,-0.02956,-0.05633
11.12,19.15883,10.58076,-3.07497,3.71156,0.21049,-0.09086,3.58134,-0.76767,-1.04885,-1.30039,-0.13793,0.07571,0.20993,4.52272,-0.3446,0.53554,0.96692,-0.02965,0.10169,0.06654,-0.07408,-1.99716,-0.02836,-4.61472,0.26945,-0.08893,-0.04672,-1.21376,-4.74276,0.48141,-2.42935,0.33139,-0.03213,-0.05793
11.14,18.68126,10.52202,-2.92656,3.71278,0.16309,-0.10016,3.54461,-0.69963,-1.04965,-1.33706,-0.14202,0.0733,0.21282,4.62707,-0.34593,0.54999,0.97948,-0.02985,0.10364,0.06743,-0.26102,-2.5791,0.1293,-4.59403,0.25706,-0.09113,-0.05926,-1.2844,-4.74578,0.48641,-2.46493,0.33197,-0.03475,-0.05967
11.16,18.22807,10.51835,-2.76529,3.71169,0.12117,-0.10793,3.51261,-0.63367,-1.04954,-1.37368,-0.14502,0.07157,0.21547,4.73282,-0.34704,0.5675,0.9879,-0.02931,0.10542,0.06747,-0.38013,-3.14619,0.28055,-4.52527,0.24482,-0.09268,-0.06927,-1.37181,-4.76691,0.49256,-2.49974,0.33271,-0.03743,-0.06156
11.18,17.80148,10.5634,-2.61364,3.71158,0.08011,-0.11558,3.48311,-0.56519,-1.05226,-1.41389,-0.14821,0.06956,0.21832,4.83586,-0.36239,0.57862,0.9931,-0.02829,0.10774,0.06677,-0.3974,-3.68731,0.42044,-4.39308,0.23365,-0.0928,-0.07591,-1.48166,-4.80614,0.49948,-2.53256,0.33363,-0.04016,-0.06354
11.2,17.37009,10.61471,-2.46848,3.70756,0.04532,-0.12141,3.4626,-0.50351,-1.05474,-1.45141,-0.15042,0.06777,0.22059,4.93269,-0.37646,0.59282,0.98846,-0.02609,0.10966,0.06453,-0.35617,-4.11015,0.53487,-4.24615,0.2226,-0.09192,-0.07931,-1.59961,-4.83901,0.50642,-2.57661,0.33458,-0.04286,-0.06568
11.22,16.90808,10.61957,-2.31995,3.69349,0.0232,-0.12332,3.45886,-0.46197,-1.05335,-1.47911,-0.1502,0.067,0.22149,5.01841,-0.36757,0.62345,0.96872,-0.02197,0.10978,0.06007,-0.31233,-4.33203,0.61782,-4.13449,0.21127,-0.09092,-0.08011,-1.70894,-4.83744,0.51237,-2.64693,0.33537,-0.0454,-0.06798
11.24,16.45669,10.60077,-2.19238,3.67762,0.00764,-0.12338,3.4648,-0.43296,-1.05207,-1.50369,-0.14925,0.06655,0.22199,5.08894,-0.35725,0.65612,0.93983,-0.01681,0.10913,0.05422,-0.20124,-4.45043,0.68219,-4.00867,0.20219,-0.08931,-0.07849,-1.83626,-4.82389,0.51772,-2.7323,0.33602,-0.04782,-0.07034
11.26,16.06109,10.56756,-2.10114,3.66646,-0.00702,-0.12336,3.47368,-0.41059,-1.05323,-1.52934,-0.14876,0.06609,0.22275,5.13922,-0.36176,0.67923,0.90923,-0.01151,0.1085,0.04799,0.05473,-4.55932,0.73579,-3.81734,0.19758,-0.08674,-0.07471,-2.00265,-4.8237,0.52366,-2.82224,0.33657,-0.0502,-0.0727
11.28,15.748,10.49433,-2.04051,3.65678,-0.0205,-0.12306,3.48405,-0.40147,-1.05548,-1.5521,-0.14828,0.06598,0.22336,5.16135,-0.37643,0.6949,0.88493,-0.00661,0.10747,0.0423,0.48785,-4.67001,0.77728,-3.54326,0.19842,-0.08364,-0.0695,-2.19916,-4.83476,0.5308,-2.92104,0.33694,-0.05249,-0.07501
11.3,15.45397,10.37357,-2.00085,3.65558,-0.03051,-0.12196,3.49816,-0.39854,-1.05751,-1.57439,-0.14823,0.06585,0.22431,5.1692,-0.38921,0.70929,0.85481,-0.00161,0.10557,0.03622,0.96785,-4.80804,0.81107,-3.27287,0.20299,-0.08178,-0.0649,-2.43865,-4.82404,0.53606,-3.03377,0.33688,-0.05467,-0.07728
11.32,15.09397,10.2025,-1.97137,3.67104,-0.03438,-0.11949,3.51839,-0.39217,-1.05807,-1.59997,-0.14916,0.06488,0.2263,5.17272,-0.38537,0.72852,0.80094,0.00437,0.10222,0.02812,1.34438,-4.99026,0.84461,-3.10531,0.20931,-0.08297,-0.06294,-2.74022,-4.75699,0.53557,-3.16467,0.33617,-0.05685,-0.07964
11.34,14.77135,9.93848,-1.94896,3.69671,-0.03735,-0.11685,3.53862,-0.39019,-1.05727,-1.62416,-0.15067,0.064,0.22866,5.16147,-0.37475,0.74736,0.74842,0.0094,0.09769,0.02102,1.73886,-5.21526,0.87415,-2.95037,0.21927,-0.08603,-0.06263,-3.0804,-4.6511,0.53148,-3.30867,0.33487,-0.05886,-0.0818
11.36,14.57757,9.54206,-1.93119,3.72686,-0.04466,-0.11529,3.55406,-0.39756,-1.05554,-1.64322,-0.15242,0.06378,0.23079,5.12477,-0.3648,0.76087,0.71794,0.01203,0.09236,0.01726,2.26799,-5.47525,0.89481,-2.72631,0.2343,-0.08952,-0.06274,-3.43873,-4.52506,0.52605,-3.45845,0.33317,-0.06066,-0.0836
11.38,14.47152,8.98908,-1.90781,3.76154,-0.05599,-0.11465,3.56564,-0.40998,-1.0526,-1.65743,-0.15431,0.06289,0.23267,5.04477,-0.34243,0.77074,0.69768,0.01334,0.08602,0.01501,2.92341,-5.74313,0.90789,-2.456,0.2536,-0.09326,-0.06309,-3.81805,-4.37602,0.51857,-3.61012,0.33118,-0.06263,-0.08533
11.4,14.51233,8.23918,-1.87861,3.80466,-0.07523,-0.11566,3.57595,-0.42258,-1.04788,-1.66718,-0.15646,0.06429,0.23442,4.98466,-0.32535,0.77677,0.70311,0.01088,0.07961,0.01835,3.51349,-5.98369,0.91037,-2.20042,0.27359,-0.09771,-0.06419,-4.18452,-4.14897,0.50517,-3.76645,0.3286,-0.0637,-0.08595
11.42,14.74083,7.2441,-1.85256,3.86157,-0.10764,-0.11917,3.58868,-0.4286,-1.041,-1.67353,-0.159,0.0719,0.2361,5.01128,-0.3378,0.77551,0.74592,0.00219,0.07471,0.03128,3.81635,-6.15386,0.89764,-2.02403,0.29006,-0.10344,-0.06651,-4.49951,-3.78065,0.48102,-3.93129,0.3251,-0.06283,-0.08449
11.44,15.07007,6.00188,-1.82525,3.924,-0.15139,-0.12468,3.603,-0.42823,-1.03311,-1.67479,-0.16113,0.08142,0.237,5.04052,-0.35563,0.76305,0.79773,-0.00896,0.07183,0.04735,4.00159,-6.20546,0.86972,-1.882,0.30462,-0.10872,-0.06826,-4.76616,-3.32246,0.44918,-4.09219,0.32121,-0.06111,-0.08183
11.46,15.45347,4.52918,-1.78315,3.98427,-0.20439,-0.13167,3.61791,-0.42148,-1.02468,-1.66989,-0.16247,0.08965,0.23686,5.0223,-0.35773,0.74398,0.84061,-0.01962,0.0701,0.06188,4.22664,-6.12045,0.82878,-1.72748,0.31892,-0.11224,-0.0681,-4.99339,-2.82783,0.41387,-4.23759,0.31751,-0.05967,-0.07897
11.48,15.85014,2.8473,-1.72146,4.0453,-0.26706,-0.13995,3.63575,-0.40059,-1.01468,-1.6622,-0.16322,0.09881,0.23583,4.99781,-0.34905,0.72529,0.87104,-0.02943,0.06896,0.07498,4.40126,-5.90257,0.77655,-1.58619,0.33062,-0.11492,-0.06672,-5.18459,-2.2919,0.37528,-4.3677,0.31424,-0.0591,-0.07659
11.5,16.4059,0.97183,-1.62233,4.09596,-0.33858,-0.14962,3.65478,-0.37659,-1.00515,-1.64476,-0.16269,0.10571,0.23353,4.95586,-0.3242,0.708,0.90429,-0.03919,0.0699,0.08735,4.53117,-5.53239,0.71253,-1.46721,0.34054,-0.11518,-0.06326,-5.30065,-1.72713,0.33449,-4.48332,0.31073,-0.05735,-0.0726
11.52,17.33523,-1.05766,-1.46512,4.12359,-0.41683,-0.1607,3.67134,-0.36558,-0.99842,-1.6086,-0.16048,0.10632,0.22992,4.89426,-0.27813,0.69558,0.96531,-0.05113,0.07421,0.10132,4.6514,-5.01916,0.63774,-1.37832,0.35008,-0.11113,-0.05687,-5.31164,-1.16204,0.2944,-4.58556,0.30626,-0.05198,-0.06462
11.54,18.45329,-3.16737,-1.24996,4.13852,-0.50054,-0.17246,3.68504,-0.35251,-0.99144,-1.56394,-0.15724,0.10471,0.22525,4.85417,-0.21349,0.69893,1.03498,-0.06351,0.0789,0.11554,4.7165,-4.43062,0.55746,-1.32194,0.35726,-0.10533,-0.04951,-5.26679,-0.62323,0.25859,-4.67405,0.30165,-0.04593,-0.05573
11.56,19.57063,-5.30593,-0.98291,4.14901,-0.58852,-0.1842,3.69663,-0.32453,-0.98163,-1.51979,-0.1537,0.10395,0.22003,4.85949,-0.13215,0.72372,1.09316,-0.0741,0.08228,0.12808,4.71701,-3.82042,0.47839,-1.29273,0.3609,-0.09998,-0.04276,-5.21165,-0.13089,0.23022,-4.74556,0.29791,-0.04166,-0.0486
11.58,20.70596,-7.45255,-0.66914,4.1514,-0.67993,-0.19573,3.70354,-0.28835,-0.96907,-1.47349,-0.14986,0.10193,0.21441,4.91724,-0.03856,0.76712,1.14599,-0.08386,0.08622,0.13978,4.68952,-3.21489,0.40446,-1.30232,0.36107,-0.09468,-0.03664,-5.16186,0.30647,0.21141,-4.79646,0.29546,-0.03814,-0.04253
11.6,21.82053,-9.51844,-0.32331,4.14727,-0.77218,-0.20696,3.70518,-0.24287,-0.95475,-1.42899,-0.14568,0.1014,0.20836,4.99116,0.06723,0.824,1.18414,-0.09058,0.0881,0.14854,4.58522,-2.60397,0.32917,-1.32357,0.35973,-0.08967,-0.03115,-5.05617,0.65785,0.20386,-4.8312,0.29329,-0.0362,-0.03818
11.62,22.85787,-11.40895,0.02597,4.13955,-0.86184,-0.21785,3.70337,-0.18577,-0.94025,-1.39106,-0.14119,0.10605,0.20181,5.03382,0.17882,0.88427,1.19605,-0.09119,0.08464,0.15155,4.34289,-1.96257,0.24641,-1.32221,0.35913,-0.08507,-0.02609,-4.83729,0.9026,0.20771,-4.85145,0.29028,-0.037,-0.03637
11.64,23.77928,-13.14129,0.35603,4.12765,-0.94805,-0.228,3.6976,-0.12366,-0.92458,-1.35636,-0.13679,0.11214,0.19522,5.0708,0.28333,0.94292,1.18378,-0.08725,0.07946,0.14953,4.04836,-1.32901,0.16578,-1.32514,0.3578,-0.08067,-0.02143,-4.56104,1.06986,0.22155,-4.84626,0.28786,-0.03913,-0.03661
11.66,24.54118,-14.74129,0.65802,4.11126,-1.03074,-0.23715,3.68771,-0.06047,-0.90697,-1.32335,-0.13269,0.1171,0.18903,5.12895,0.37613,0.99975,1.1492,-0.08043,0.07549,0.14369,3.76889,-0.73918,0.09299,-1.35271,0.35458,-0.07649,-0.01727,-4.28438,1.19586,0.24079,-4.8058,0.28732,-0.04147,-0.03833
11.68,25.11217,-16.18472,0.92165,4.09158,-1.10816,-0.24537,3.67588,0.00382,-0.88883,-1.29367,-0.12858,0.12286,0.18271,5.19204,0.45591,1.05018,1.09189,-0.0702,0.07196,0.13358,3.4767,-0.18229,0.02406,-1.39349,0.3504,-0.0722,-0.01338,-4.02971,1.30975,0.25732,-4.72288,0.28862,-0.04381,-0.04095
11.7,25.51257,-17.42716,1.13616,4.07057,-1.17871,-0.25243,3.66116,0.06423,-0.87045,-1.26735,-0.12526,0.12675,0.17781,5.24004,0.52218,1.09487,1.00439,-0.0563,0.06849,0.11831,3.20427,0.33129,-0.03927,-1.4385,0.34597,-0.06849,-0.0098,-3.66009,1.40724,0.26769,-4.60845,0.29003,-0.04544,-0.04454
11.72,25.76592,-18.43549,1.29572,4.04913,-1.24216,-0.25815,3.64128,0.1155,-0.8518,-1.24471,-0.12361,0.12555,0.17642,5.25265,0.57578,1.1359,0.87787,-0.03836,0.06501,0.09685,2.98691,0.78977,-0.09499,-1.4796,0.34188,-0.0662,-0.00669,-3.02721,1.51434,0.26365,-4.47942,0.28896,-0.04543,-0.04889
11.74,25.86365,-19.24675,1.4125,4.02859,-1.29772,-0.26279,3.62035,0.1606,-0.83383,-1.22619,-0.12269,0.12275,0.1766,5.24157,0.61765,1.17017,0.72739,-0.01753,0.06219,0.07103,2.78754,1.19948,-0.1454,-1.51999,0.33813,-0.06453,-0.00388,-2.30129,1.69736,0.22714,-4.31734,0.28714,-0.04285,-0.05187
11.76,25.81348,-19.90861,1.50398,4.00967,-1.34574,-0.26659,3.60138,0.20206,-0.81728,-1.21192,-0.12175,0.12085,0.17676,5.22018,0.64958,1.19649,0.57113,0.00427,0.06057,0.04362,2.57511,1.56647,-0.19213,-1.56534,0.33452,-0.06281,-0.00128,-1.63211,1.9908,0.14472,-4.11913,0.28569,-0.03747,-0.05199
11.78,25.6341,-20.44234,1.57747,3.99078,-1.38892,-0.26971,3.58151,0.23828,-0.80158,-1.20328,-0.12132,0.11827,0.1778,5.17579,0.67384,1.2143,0.41364,0.02597,0.05982,0.01594,2.33805,1.89995,-0.23578,-1.61197,0.33126,-0.06121,0.00118,-0.9896,2.42979,0.00463,-3.91545,0.28185,-0.02996,-0.049
11.8,25.43161,-20.84065,1.64663,3.98154,-1.42228,-0.27211,3.56781,0.26912,-0.7885,-1.19681,-0.12077,0.11674,0.17866,5.12408,0.69018,1.22674,0.27031,0.04644,0.06045,-0.01065,2.10996,2.1635,-0.27125,-1.66398,0.32841,-0.06019,0.00294,-0.39772,2.8842,-0.16784,-3.69746,0.27994,-0.01897,-0.04298
11.82,25.31288,-21.11004,1.72648,3.99222,-1.44059,-0.27379,3.56953,0.29481,-0.78004,-1.18762,-0.11905,0.11861,0.17794,5.07854,0.69813,1.23986,0.15484,0.06576,0.06367,-0.03623,1.93103,2.32064,-0.29426,-1.72733,0.32595,-0.06023,0.00342,0.1153,3.20091,-0.32733,-3.46732,0.28391,-0.00323,-0.03503
11.84,25.24412,-21.31898,1.82053,4.01513,-1.45186,-0.27526,3.57823,0.31471,-0.77488,-1.18028,-0.11713,0.12148,0.1769,5.02722,0.70266,1.25078,0.07418,0.08145,0.06824,-0.05711,1.75806,2.41583,-0.31016,-1.79575,0.32391,-0.06083,0.00323,0.57834,3.48399,-0.4846,-3.26862,0.28828,0.01399,-0.02626
11.86,25.18102,-21.52568,1.92535,4.04318,-1.46272,-0.27692,3.58732,0.32815,-0.77204,-1.17834,-0.11566,0.12373,0.17652,4.95649,0.7068,1.25454,0.03072,0.09137,0.07227,-0.07073,1.55361,2.49084,-0.32363,-1.8649,0.32222,-0.0615,0.00293,0.997,3.82123,-0.65579,-3.13541,0.2894,0.03061,-0.0164
11.88,25.11782,-21.74147,2.03044,4.0771,-1.47204,-0.27884,3.6016,0.33403,-0.77168,-1.17825,-0.11397,0.12658,0.17622,4.84423,0.7065,1.25005,0.01347,0.09859,0.07692,-0.08168,1.33644,2.55102,-0.33498,-1.93594,0.32085,-0.06242,0.00243,1.34297,4.17493,-0.83107,-3.09388,0.28701,0.04838,-0.00478
11.9,25.1615,-21.98119,2.14897,4.12457,-1.47971,-0.2811,3.61502,0.33402,-0.77522,-1.18435,-0.1131,0.12856,0.1765,4.76433,0.71499,1.24373,0.05555,0.09397,0.07675,-0.0773,1.12141,2.58044,-0.34211,-2.00526,0.31984,-0.06329,0.0018,1.73886,4.45393,-0.96767,-3.08154,0.28775,0.06326,0.00532
11.92,25.40886,-22.26384,2.2945,4.19273,-1.48631,-0.28377,3.61914,0.33136,-0.78399,-1.20227,-0.11443,0.12767,0.17809,4.80598,0.74705,1.24403,0.19092,0.06706,0.06706,-0.04311,0.91965,2.564,-0.34297,-2.06795,0.31926,-0.06372,0.00112,2.31244,4.59943,-1.02739,-3.02312,0.29885,0.07128,0.0106
11.94,25.72176,-22.55636,2.42247,4.27191,-1.49089,-0.28663,3.62172,0.32394,-0.79568,-1.22405,-0.11655,0.12575,0.18007,4.881,0.78438,1.24163,0.36333,0.03183,0.05816,0.00206,0.73267,2.53019,-0.34103,-2.12653,0.319,-0.06401,0.00044,2.93143,4.6863,-1.04763,-2.98586,0.31358,0.07685,0.01455
11.96,25.97183,-22.84355,2.4994,4.35242,-1.49376,-0.28957,3.62788,0.31083,-0.808,-1.24372,-0.11841,0.12428,0.18184,4.92378,0.81281,1.23388,0.52156,-8e-05,0.05395,0.042,0.55722,2.50862,-0.34004,-2.18236,0.31897,-0.06432,-0.00015,3.47367,4.77012,-1.06157,-3.03362,0.32565,0.08355,0.02009
11.98,26.15821,-23.15224,2.53178,4.43343,-1.4961,-0.29265,3.63344,0.29536,-0.82064,-1.26244,-0.12048,0.12239,0.18353,4.97799,0.83734,1.22633,0.67051,-0.0307,0.05381,0.08019,0.39091,2.50186,-0.3404,-2.23235,0.31917,-0.06451,-0.00056,3.93451,4.82874,-1.06454,-3.15087,0.33612,0.09083,0.02682
12,26.29204,-23.34853,2.50125,4.5134,-1.49336,-0.29505,3.64034,0.27651,-0.83218,-1.27828,-0.1225,0.12092,0.18494,5.01515,0.85535,1.21276,0.78688,-0.05504,0.05688,0.10943,0.25709,2.49034,-0.3403,-2.28138,0.31949,-0.06467,-0.00098,4.37229,4.85334,-1.05116,-3.28161,0.3472,0.09651,0.03281
12.02,26.4131,-23.29004,2.39893,4.59124,-1.48099,-0.29585,3.65089,0.25377,-0.84088,-1.28998,-0.12419,0.12097,0.186,5.00435,0.86106,1.18618,0.85497,-0.07038,0.05939,0.12533,0.18329,2.45427,-0.338,-2.336,0.31982,-0.06497,-0.00165,4.83935,4.84628,-1.02144,-3.36259,0.36025,0.09767,0.03589
12.04,26.47857,-23.10013,2.25654,4.66024,-1.46421,-0.29573,3.66055,0.23157,-0.84668,-1.29833,-0.1258,0.1216,0.18677,4.99261,0.85666,1.15349,0.89608,-0.0809,0.06193,0.13478,0.14138,2.41879,-0.33626,-2.39032,0.32015,-0.06521,-0.00232,5.22932,4.81766,-0.9903,-3.43053,0.37167,0.09653,0.03797
12.06,26.44115,-22.89744,2.10387,4.71492,-1.44811,-0.29532,3.66589,0.21441,-0.84931,-1.3041,-0.12745,0.12208,0.18728,5.00967,0.84618,1.12077,0.92164,-0.08843,0.06587,0.14121,0.10816,2.40841,-0.33792,-2.43992,0.32045,-0.06526,-0.00276,5.46665,4.77197,-0.96701,-3.52952,0.37851,0.09563,0.04085
12.08,26.34427,-22.6745,1.9594,4.75835,-1.43253,-0.29439,3.66588,0.20628,-0.84808,-1.30902,-0.12939,0.12232,0.18758,5.05208,0.83397,1.08815,0.92895,-0.09247,0.0708,0.144,0.10017,2.4214,-0.34307,-2.4885,0.32065,-0.06517,-0.00304,5.59757,4.69586,-0.94721,-3.63854,0.38126,0.09336,0.0431
12.1,26.13178,-22.35924,1.82102,4.77778,-1.41609,-0.29293,3.66328,0.20062,-0.8438,-1.3099,-0.1306,0.12316,0.18758,5.10761,0.81274,1.05319,0.92754,-0.09327,0.07589,0.14341,0.08657,2.44744,-0.35006,-2.53482,0.32071,-0.06489,-0.00319,5.58836,4.61024,-0.93364,-3.73427,0.38018,0.09126,0.04541
12.12,25.73657,-21.88731,1.68352,4.75997,-1.39806,-0.29108,3.66257,0.18907,-0.83758,-1.30215,-0.1296,0.12579,0.18701,5.16442,0.77533,1.01439,0.92845,-0.09157,0.08045,0.1402,0.02831,2.47705,-0.35694,-2.57585,0.32063,-0.0644,-0.00328,5.39952,4.53341,-0.92659,-3.79158,0.37557,0.09146,0.04883
12.14,25.24384,-21.36204,1.57722,4.72037,-1.38073,-0.28889,3.65955,0.18226,-0.82913,-1.29214,-0.12757,0.12883,0.18603,5.22965,0.73571,0.97618,0.92482,-0.08766,0.08492,0.13497,-0.04378,2.52346,-0.36551,-2.61721,0.32036,-0.06373,-0.00324,5.10631,4.43399,-0.91812,-3.8218,0.36728,0.0917,0.05175
12.16,24.73079,-20.88071,1.52667,4.6737,-1.36626,-0.28648,3.65126,0.1882,-0.81837,-1.28546,-0.12558,0.1313,0.18497,5.30944,0.70479,0.94144,0.9129,-0.08195,0.08978,0.12834,-0.10613,2.59897,-0.37723,-2.66211,0.31989,-0.06296,-0.00301,4.78779,4.27815,-0.90112,-3.8381,0.35548,0.09015,0.05276
12.18,24.1912,-20.4645,1.53501,4.62069,-1.35615,-0.2841,3.64264,0.20285,-0.80526,-1.27923,-0.1226,0.13447,0.18354,5.39841,0.68284,0.90919,0.90014,-0.07531,0.09511,0.12118,-0.17382,2.70758,-0.39184,-2.70775,0.3193,-0.06217,-0.00259,4.49045,4.04787,-0.869,-3.81456,0.34139,0.08701,0.0516
12.2,23.6686,-20.02314,1.58187,4.5642,-1.34463,-0.28139,3.6283,0.22491,-0.79356,-1.2804,-0.12046,0.13619,0.18276,5.47713,0.66458,0.8765,0.8813,-0.06732,0.09975,0.11254,-0.24817,2.82549,-0.40657,-2.76439,0.31848,-0.06121,-0.00207,4.19353,3.7964,-0.83444,-3.77886,0.32499,0.08276,0.049
12.22,23.2103,-19.46382,1.64209,4.50779,-1.32515,-0.2779,3.60123,0.25339,-0.78796,-1.29763,-0.12172,0.13368,0.1841,5.52132,0.64468,0.843,0.84591,-0.05694,0.10214,0.10083,-0.33001,2.92848,-0.41877,-2.84252,0.31736,-0.05994,-0.00152,3.87463,3.58718,-0.81035,-3.76197,0.30665,0.07793,0.04584
12.24,22.86755,-18.903,1.73047,4.45979,-1.30388,-0.27434,3.57342,0.28482,-0.78651,-1.321,-0.12411,0.12965,0.18633,5.54692,0.63014,0.80769,0.80935,-0.04624,0.1045,0.0885,-0.41939,3.03722,-0.43035,-2.93344,0.31613,-0.05857,-0.00088,3.62393,3.37808,-0.78451,-3.7232,0.28852,0.07232,0.04152
12.26,22.69171,-18.44585,1.85856,4.42828,-1.28663,-0.27144,3.5542,0.31703,-0.78729,-1.34258,-0.12593,0.12629,0.18848,5.57008,0.62541,0.76989,0.78672,-0.03726,0.10822,0.07822,-0.51313,3.16936,-0.44302,-3.02847,0.31496,-0.05733,-9e-05,3.52947,3.13605,-0.74804,-3.62297,0.2724,0.06553,0.03547
12.28,22.69194,-18.07201,2.00949,4.41519,-1.27126,-0.26909,3.54133,0.3485,-0.79142,-1.36452,-0.12804,0.12238,0.19088,5.57337,0.62727,0.73666,0.77181,-0.02913,0.11115,0.0692,-0.61753,3.3227,-0.45651,-3.12416,0.314,-0.0562,0.00084,3.62527,2.88701,-0.70394,-3.44236,0.25941,0.05758,0.02791
12.3,23.04652,-17.7068,2.16698,4.42861,-1.25575,-0.26762,3.54126,0.37474,-0.80133,-1.38118,-0.13018,0.1188,0.19322,5.59627,0.63382,0.68661,0.78773,-0.02548,0.11802,0.06512,-0.70024,3.4602,-0.46784,-3.23551,0.31305,-0.05513,0.00179,3.81083,2.72107,-0.67093,-3.24567,0.24955,0.05078,0.02129
12.32,23.98065,-17.26216,2.31294,4.4771,-1.23863,-0.26751,3.56137,0.39084,-0.81962,-1.38574,-0.13205,0.11682,0.19524,5.69761,0.64174,0.59012,0.86469,-0.03077,0.13479,0.07037,-0.71499,3.54526,-0.47447,-3.37913,0.31196,-0.0541,0.00259,3.95988,2.73377,-0.6636,-3.10161,0.2431,0.04755,0.01803
12.34,25.35105,-16.79,2.44077,4.55545,-1.22098,-0.26859,3.59593,0.39779,-0.84392,-1.38213,-0.13411,0.11538,0.19715,5.8392,0.65082,0.47788,0.97795,-0.04088,0.15485,0.08044,-0.68698,3.59764,-0.47777,-3.53313,0.31113,-0.05315,0.00333,4.16832,2.86515,-0.66478,-2.94219,0.24148,0.04625,0.01658
12.36,27.01351,-16.32589,2.54747,4.6571,-1.20276,-0.27052,3.63921,0.39601,-0.87194,-1.37339,-0.13653,0.11364,0.199,5.98436,0.66593,0.37804,1.10277,-0.05267,0.17285,0.09233,-0.6352,3.63284,-0.47912,-3.67691,0.31097,-0.0524,0.00399,4.53764,3.05538,-0.66054,-2.70174,0.24574,0.04532,0.01535
12.38,29.04665,-15.78915,2.62067,4.78047,-1.18067,-0.27307,3.69016,0.38236,-0.905,-1.35739,-0.13946,0.11153,0.2007,6.15511,0.68971,0.27592,1.24682,-0.06746,0.19145,0.10669,-0.52956,3.64211,-0.47876,-3.81243,0.31172,-0.05207,0.00423,5.05835,3.33487,-0.65363,-2.37675,0.2563,0.04506,0.01458
12.4,31.27707,-15.16743,2.65375,4.92084,-1.15287,-0.27572,3.7485,0.35738,-0.94062,-1.3354,-0.14227,0.10973,0.20222,6.31906,0.71515,0.19558,1.39027,-0.08251,0.20634,0.12163,-0.40003,3.56506,-0.4686,-3.93794,0.31302,-0.05168,0.00427,5.57692,3.6362,-0.64348,-2.06541,0.27068,0.0465,0.01525
12.42,33.48366,-14.44691,2.63356,5.07232,-1.11688,-0.27781,3.81468,0.32215,-0.97625,-1.30921,-0.14421,0.10915,0.20369,6.42871,0.72763,0.16369,1.50868,-0.09432,0.21301,0.13535,-0.29376,3.34112,-0.43985,-4.04955,0.31448,-0.05031,0.00473,5.92728,3.84604,-0.62722,-1.87981,0.28603,0.05025,0.0179
12.44,35.74212,-13.54008,2.54663,5.22764,-1.06835,-0.2787,3.88216,0.274,-1.01368,-1.27878,-0.14599,0.10853,0.2051,6.50676,0.72763,0.14959,1.61337,-0.10443,0.21599,0.14808,-0.17267,3.01718,-0.39989,-4.14364,0.31658,-0.04876,0.00487,6.22876,3.9659,-0.59965,-1.73404,0.3032,0.05463,0.02068
12.46,38.10668,-12.37943,2.38948,5.37992,-1.00426,-0.27797,3.94458,0.21114,-1.05403,-1.24439,-0.14808,0.10693,0.20638,6.57274,0.71994,0.12972,1.71325,-0.11431,0.21856,0.15997,-0.01908,2.64712,-0.35707,-4.21589,0.31992,-0.04754,0.00425,6.58444,4.01879,-0.55805,-1.54842,0.32277,0.05822,0.02215
12.48,40.53191,-10.91036,2.15958,5.52585,-0.92254,-0.27549,4.00328,0.13365,-1.09746,-1.20527,-0.15,0.10511,0.20763,6.61513,0.69982,0.1058,1.80553,-0.12315,0.21978,0.17066,0.12878,2.24235,-0.31336,-4.26173,0.32492,-0.04537,0.00405,6.92647,3.98346,-0.50404,-1.35991,0.34321,0.06082,0.02239
12.5,42.77405,-9.23522,1.86879,5.65323,-0.82471,-0.27012,4.04746,0.04551,-1.13907,-1.16894,-0.15213,0.10185,0.20867,6.62632,0.66131,0.08704,1.87955,-0.13031,0.2195,0.17934,0.27161,1.79894,-0.26864,-4.29331,0.32993,-0.04413,0.00244,7.18994,3.79171,-0.43476,-1.20746,0.36155,0.06312,0.02154
12.52,44.61053,-7.51388,1.53393,5.75195,-0.71363,-0.26073,4.06424,-0.04825,-1.17276,-1.14352,-0.15482,0.09556,0.20894,6.60343,0.59858,0.08302,1.9256,-0.13547,0.21792,0.18536,0.38582,1.32533,-0.22411,-4.32403,0.33319,-0.04653,-0.00287,7.32375,3.37949,-0.348,-1.12489,0.37447,0.06637,0.01999
12.54,46.21083,-5.66353,1.16543,5.82708,-0.59055,-0.24853,4.06447,-0.14705,-1.2023,-1.12152,-0.15719,0.088,0.20844,6.55651,0.51865,0.08126,1.95789,-0.13949,0.21578,0.18989,0.44284,0.88158,-0.1886,-4.3457,0.33603,-0.04924,-0.00876,7.33685,2.82978,-0.25025,-1.08965,0.38312,0.06939,0.01763
12.56,47.71885,-3.62032,0.77569,5.88375,-0.45769,-0.23479,4.05718,-0.25026,-1.2312,-1.09749,-0.15887,0.08056,0.20755,6.49736,0.42951,0.06987,1.98986,-0.14332,0.21401,0.19406,0.4161,0.51073,-0.16854,-4.34731,0.33983,-0.04983,-0.01271,7.26656,2.24162,-0.15132,-1.0721,0.38898,0.07149,0.01464
12.58,49.09483,-1.50626,0.38151,5.92319,-0.31935,-0.21978,4.03831,-0.35464,-1.25698,-1.07394,-0.16008,0.07249,0.2061,6.42871,0.33051,0.05177,2.02056,-0.14692,0.21286,0.19791,0.2207,0.21829,-0.16472,-4.32066,0.34499,-0.05038,-0.01582,7.12968,1.63003,-0.05856,-1.08275,0.3902,0.07433,0.01217
12.6,50.22625,0.65018,0.00807,5.9383,-0.18292,-0.2038,4.01553,-0.45374,-1.28007,-1.05094,-0.16047,0.06502,0.20429,6.35782,0.23007,0.03166,2.05199,-0.15077,0.2123,0.202,0.08302,-0.02992,-0.16642,-4.29097,0.34787,-0.04802,-0.01668,6.88236,1.0235,0.03296,-1.11353,0.38983,0.07561,0.0092
12.62,51.00646,2.8599,-0.3219,5.9232,-0.05522,-0.18723,3.99871,-0.54182,-1.30238,-1.02839,-0.15975,0.05974,0.20263,6.29367,0.13757,0.01336,2.08737,-0.15556,0.21228,0.20701,0.26796,-0.3102,-0.15321,-4.28505,0.34354,-0.03877,-0.01326,6.48449,0.45131,0.12871,-1.15383,0.39191,0.07242,0.0042
12.64,51.53314,5.00421,-0.60892,5.88984,0.0627,-0.17074,3.98185,-0.62041,-1.32219,-1.00754,-0.15846,0.0553,0.20107,6.23767,0.0487,-0.00582,2.12661,-0.16088,0.21305,0.21268,0.53201,-0.61294,-0.12352,-4.25341,0.33556,-0.02815,-0.00783,6.02903,-0.07315,0.21452,-1.20643,0.39324,0.06801,-0.00092
12.66,51.91501,6.99663,-0.85778,5.84869,0.17043,-0.15495,3.96111,-0.69086,-1.33842,-0.98855,-0.15693,0.05077,0.19941,6.19134,-0.04013,-0.02959,2.17012,-0.16639,0.2149,0.21877,0.67908,-0.92964,-0.07452,-4.16649,0.3274,-0.02017,-0.00274,5.58916,-0.5457,0.28295,-1.27138,0.39142,0.06488,-0.00482
12.68,52.15363,8.83477,-1.06538,5.80063,0.26622,-0.14011,3.94056,-0.75059,-1.35213,-0.97139,-0.15492,0.04719,0.19757,6.15909,-0.12684,-0.05819,2.21893,-0.17244,0.21798,0.22537,0.79136,-1.33355,0.01412,-4.04852,0.31647,-0.01236,0.00254,5.15491,-0.97798,0.34067,-1.3498,0.3877,0.06191,-0.00822
12.7,52.14753,10.43177,-1.22814,5.74268,0.34506,-0.12648,3.92038,-0.79856,-1.3614,-0.95696,-0.15303,0.04323,0.19607,6.13574,-0.20817,-0.08391,2.26554,-0.17775,0.22104,0.23185,0.91052,-1.70318,0.12064,-3.88439,0.30639,-0.00966,0.00559,4.73446,-1.36516,0.38605,-1.43001,0.38306,0.05897,-0.01124
12.72,51.80243,11.71563,-1.3451,5.6717,0.40287,-0.11431,3.90013,-0.83424,-1.36375,-0.94624,-0.15219,0.03716,0.19547,6.11422,-0.28036,-0.09869,2.30197,-0.18092,0.22278,0.2375,1.06403,-1.87936,0.20445,-3.67962,0.30059,-0.01634,0.00454,4.3401,-1.70055,0.41692,-1.49889,0.37843,0.05621,-0.01386
12.74,51.22225,12.73461,-1.42578,5.59256,0.44362,-0.10362,3.88115,-0.85725,-1.36135,-0.93869,-0.1518,0.03103,0.19511,6.09511,-0.34631,-0.10858,2.33031,-0.18251,0.22367,0.24221,1.23531,-1.99737,0.28553,-3.47978,0.29531,-0.0257,0.00245,3.96527,-2.00204,0.44001,-1.56784,0.37366,0.05336,-0.01629
12.76,50.49955,13.54714,-1.48192,5.50983,0.47181,-0.09439,3.86405,-0.86817,-1.35615,-0.93369,-0.15141,0.02613,0.19455,6.07843,-0.40886,-0.11924,2.35189,-0.18309,0.22417,0.24578,1.39611,-2.17735,0.38561,-3.32526,0.28763,-0.03351,0.00072,3.60962,-2.28655,0.46065,-1.64697,0.36839,0.05052,-0.01854
12.78,49.63599,14.22428,-1.52547,5.42374,0.49038,-0.08643,3.84987,-0.86877,-1.34765,-0.93072,-0.15175,0.02126,0.19418,6.06219,-0.46622,-0.12917,2.36397,-0.18273,0.2241,0.24783,1.56655,-2.39743,0.49951,-3.25557,0.27565,-0.04111,-0.00195,3.27656,-2.55893,0.48031,-1.73559,0.36305,0.04804,-0.02048
12.8,48.51945,14.57638,-1.5411,5.32853,0.49313,-0.08007,3.8343,-0.85752,-1.33629,-0.93161,-0.15187,0.0178,0.19362,6.02298,-0.5181,-0.13035,2.35278,-0.17863,0.2209,0.24698,1.7674,-2.58562,0.59223,-3.21819,0.26728,-0.04854,-0.00423,2.95111,-2.80563,0.49547,-1.82165,0.35817,0.04508,-0.02236
12.82,47.03474,14.38351,-1.50762,5.21785,0.47272,-0.07577,3.81241,-0.83311,-1.32289,-0.93812,-0.15046,0.01737,0.19242,5.93582,-0.56202,-0.11426,2.30502,-0.16776,0.21149,0.24177,2.00107,-2.67916,0.62502,-3.15555,0.2708,-0.05661,-0.00462,2.61888,-3.01129,0.50224,-1.89167,0.35419,0.04073,-0.02441
12.84,45.30347,13.90418,-1.44696,5.09804,0.43913,-0.07303,3.78874,-0.79962,-1.30745,-0.94835,-0.14879,0.01815,0.19108,5.8136,-0.59356,-0.0829,2.22563,-0.15242,0.19721,0.23241,2.25911,-2.75683,0.6334,-3.13617,0.27752,-0.06558,-0.00527,2.29063,-3.18982,0.50533,-1.95656,0.3509,0.03602,-0.02635
12.86,43.45517,13.36932,-1.3814,4.97583,0.40227,-0.07122,3.76689,-0.76182,-1.29042,-0.96045,-0.14782,0.01873,0.18999,5.67122,-0.61106,-0.04101,2.1232,-0.13523,0.18014,0.21966,2.51889,-2.88167,0.64954,-3.21418,0.28026,-0.07523,-0.00822,1.97444,-3.35785,0.50916,-2.0272,0.34803,0.03183,-0.0279
12.88,41.49418,12.74079,-1.31001,4.85053,0.36165,-0.07041,3.74442,-0.72277,-1.27226,-0.97379,-0.14726,0.01943,0.1889,5.51056,-0.6148,0.00873,2.00429,-0.11661,0.16054,0.20413,2.73744,-3.03129,0.66704,-3.36748,0.28073,-0.08761,-0.01417,1.66904,-3.52582,0.51444,-2.09934,0.3457,0.02803,-0.02902
12.9,39.37777,12.01874,-1.21102,4.72157,0.31732,-0.07021,3.7228,-0.67864,-1.25311,-0.99184,-0.14633,0.02104,0.18803,5.31885,-0.59847,0.08535,1.84614,-0.09457,0.13634,0.18347,2.97363,-3.17257,0.6771,-3.5375,0.28312,-0.09832,-0.02026,1.37038,-3.67526,0.5182,-2.16819,0.34387,0.0239,-0.03046
12.92,37.05925,11.21731,-1.06337,4.58781,0.27033,-0.07004,3.70402,-0.62527,-1.2331,-1.01828,-0.14385,0.02489,0.18745,5.08769,-0.55296,0.21101,1.62357,-0.06693,0.10477,0.15433,3.28422,-3.27826,0.67559,-3.65935,0.29143,-0.10101,-0.02244,1.07433,-3.78589,0.51722,-2.22951,0.34244,0.0187,-0.03307
12.94,34.64388,10.38545,-0.89657,4.45144,0.2239,-0.06996,3.68553,-0.57011,-1.21238,-1.04956,-0.14065,0.03012,0.18687,4.85402,-0.49029,0.36055,1.3725,-0.0379,0.07031,0.11989,3.55201,-3.37732,0.678,-3.7623,0.30068,-0.10046,-0.02372,0.78891,-3.89206,0.51615,-2.28573,0.34134,0.01301,-0.03626
12.96,32.23292,9.59751,-0.73954,4.3153,0.18071,-0.07007,3.66654,-0.51971,-1.19204,-1.08271,-0.13748,0.03552,0.18632,4.64273,-0.42472,0.50874,1.12594,-0.01122,0.03754,0.0841,3.70211,-3.48981,0.69341,-3.8839,0.30645,-0.10137,-0.02697,0.51803,-4.02377,0.51908,-2.34075,0.34045,0.0074,-0.03945
12.98,29.80974,8.88588,-0.59336,4.17793,0.14037,-0.07012,3.64849,-0.47405,-1.17293,-1.11877,-0.13325,0.0428,0.18551,4.4467,-0.35914,0.65511,0.88292,0.01344,0.00593,0.04658,3.76465,-3.5866,0.71416,-3.99787,0.31055,-0.10112,-0.03014,0.2545,-4.18483,0.52585,-2.39337,0.33972,0.00158,-0.043
13,27.44208,8.22543,-0.46593,4.04422,0.10401,-0.07032,3.63224,-0.43043,-1.15547,-1.15802,-0.13023,0.04789,0.18574,4.28307,-0.30484,0.7909,0.64447,0.03414,-0.02045,0.00878,3.74366,-3.68532,0.74099,-4.09351,0.31211,-0.10085,-0.03347,0.00119,-4.33737,0.53202,-2.4433,0.33904,-0.00437,-0.04668
13.02,25.20071,7.58167,-0.36422,3.92017,0.07307,-0.07087,3.6183,-0.38578,-1.14072,-1.20107,-0.13121,0.04489,0.18918,4.16486,-0.26869,0.91216,0.40778,0.05042,-0.03881,-0.0275,3.64552,-3.80462,0.7736,-4.16618,0.30972,-0.10256,-0.03778,-0.23701,-4.44243,0.53341,-2.48917,0.33834,-0.01042,-0.05028
13.04,23.05817,6.99586,-0.28851,3.80292,0.04568,-0.07163,3.6075,-0.34389,-1.12798,-1.2466,-0.13375,0.03919,0.19404,4.0722,-0.24502,1.01766,0.1838,0.06383,-0.05253,-0.0616,3.48581,-3.89296,0.80114,-4.21578,0.30476,-0.10389,-0.04131,-0.4731,-4.53052,0.53364,-2.5331,0.33764,-0.01651,-0.05392
13.06,21.00554,6.5018,-0.24161,3.68965,0.02038,-0.0725,3.60107,-0.30809,-1.11686,-1.29237,-0.13571,0.03517,0.19876,3.99066,-0.23214,1.10495,-0.01637,0.07452,-0.06369,-0.09304,3.28373,-3.91357,0.81696,-4.24623,0.29827,-0.1034,-0.04293,-0.71992,-4.63274,0.53613,-2.5769,0.33697,-0.02258,-0.0577
13.08,19.05398,6.07765,-0.22634,3.5804,-0.00322,-0.07355,3.59848,-0.27638,-1.10702,-1.3386,-0.1384,0.0301,0.20384,3.91692,-0.23214,1.1771,-0.19823,0.08273,-0.0728,-0.12216,3.0701,-3.86318,0.81942,-4.25072,0.29021,-0.10163,-0.04278,-0.9851,-4.74932,0.54037,-2.61816,0.33638,-0.02903,-0.06179
13.1,17.27824,5.68228,-0.23378,3.48324,-0.0251,-0.07495,3.60325,-0.25087,-1.09774,-1.37972,-0.14083,0.02734,0.20844,3.86261,-0.23722,1.22866,-0.34496,0.08803,-0.07831,-0.14542,2.81954,-3.75508,0.81218,-4.2431,0.28041,-0.09805,-0.0408,-1.25557,-4.8351,0.54314,-2.66507,0.3358,-0.03468,-0.06539
13.12,15.74372,5.25979,-0.2538,3.40696,-0.04383,-0.07667,3.61985,-0.23434,-1.0894,-1.4097,-0.14146,0.03112,0.21169,3.84501,-0.23855,1.26088,-0.44358,0.091,-0.07901,-0.15974,2.50382,-3.61317,0.80002,-4.23556,0.26911,-0.09212,-0.03694,-1.51507,-4.84628,0.5417,-2.72562,0.33519,-0.03819,-0.06758
13.14,14.40302,4.84245,-0.29722,3.34486,-0.06051,-0.07857,3.64466,-0.22473,-1.08312,-1.43204,-0.14171,0.03699,0.21417,3.84797,-0.24071,1.28418,-0.51295,0.09277,-0.07794,-0.16872,2.18721,-3.43407,0.78146,-4.21361,0.25694,-0.08483,-0.03182,-1.77949,-4.82903,0.53939,-2.79354,0.33465,-0.04096,-0.06932
13.16,13.20484,4.46146,-0.37015,3.29033,-0.07673,-0.08054,3.67391,-0.21987,-1.07929,-1.44987,-0.14255,0.0416,0.21642,3.85531,-0.24754,1.3034,-0.56773,0.09373,-0.07735,-0.17546,1.93222,-3.22264,0.75682,-4.159,0.24487,-0.07699,-0.02606,-2.06441,-4.82956,0.53969,-2.86292,0.33425,-0.04417,-0.07147
13.18,12.12603,4.07823,-0.46265,3.24426,-0.0902,-0.08232,3.70765,-0.21886,-1.07722,-1.46205,-0.14372,0.046,0.21816,3.8713,-0.2558,1.32096,-0.61155,0.09435,-0.07688,-0.18029,1.76643,-3.01254,0.73052,-4.05056,0.23432,-0.0687,-0.01994,-2.37323,-4.85386,0.54319,-2.93184,0.33399,-0.04752,-0.0738
13.2,11.27542,3.76471,-0.57856,3.21213,-0.10625,-0.08447,3.74508,-0.22435,-1.07863,-1.46813,-0.14484,0.05021,0.21959,3.89882,-0.26475,1.33146,-0.63216,0.09393,-0.0762,-0.18125,1.64392,-2.84571,0.70923,-3.93841,0.2242,-0.06148,-0.01535,-2.66849,-4.86019,0.54755,-3.01384,0.3336,-0.05094,-0.07632
13.22,10.77419,3.61345,-0.72421,3.19902,-0.13256,-0.08776,3.78583,-0.23979,-1.08573,-1.46788,-0.14537,0.05417,0.22101,3.94143,-0.27573,1.32897,-0.61622,0.09162,-0.07484,-0.17626,1.51422,-2.7623,0.69573,-3.8738,0.21378,-0.05703,-0.01414,-2.9049,-4.80283,0.55,-3.12482,0.33278,-0.05449,-0.07918
13.24,10.49247,3.52239,-0.87962,3.19983,-0.1623,-0.09143,3.82833,-0.26015,-1.09616,-1.46313,-0.14566,0.05778,0.22219,3.99479,-0.28644,1.32233,-0.58409,0.08868,-0.07322,-0.16871,1.44204,-2.7845,0.68801,-3.79669,0.20604,-0.05479,-0.01562,-3.11531,-4.7282,0.55343,-3.2488,0.33167,-0.0582,-0.08225
13.26,10.30783,3.38802,-1.02351,3.20824,-0.19083,-0.0949,3.87073,-0.28025,-1.10742,-1.45609,-0.14605,0.06087,0.22311,4.05035,-0.29417,1.31878,-0.55348,0.08624,-0.07208,-0.16165,1.49458,-2.92326,0.6846,-3.65016,0.20348,-0.05434,-0.01919,-3.32906,-4.67847,0.56128,-3.37131,0.33041,-0.06222,-0.08554
13.28,10.24792,3.21887,-1.14977,3.22204,-0.22337,-0.09856,3.91338,-0.30095,-1.1195,-1.44648,-0.14602,0.06404,0.22387,4.10485,-0.29887,1.31564,-0.5197,0.08411,-0.07122,-0.15431,1.69454,-3.18744,0.68448,-3.42105,0.20697,-0.05629,-0.02515,-3.52542,-4.64323,0.57394,-3.49687,0.32897,-0.06681,-0.08929
13.3,10.33743,2.97335,-1.24856,3.24814,-0.25424,-0.10228,3.95248,-0.31783,-1.13151,-1.43732,-0.14628,0.06639,0.22444,4.16092,-0.29727,1.31613,-0.48377,0.08224,-0.07104,-0.14728,1.90802,-3.56936,0.68677,-3.19736,0.21398,-0.0604,-0.03381,-3.70854,-4.56862,0.58567,-3.62231,0.32719,-0.07092,-0.0923
13.32,10.59927,2.60365,-1.31099,3.29516,-0.27555,-0.10577,3.98343,-0.32551,-1.14238,-1.4321,-0.14791,0.06683,0.2248,4.2212,-0.28626,1.32401,-0.44833,0.08063,-0.0721,-0.14143,1.98529,-4.01557,0.6907,-3.0787,0.22141,-0.06533,-0.04443,-3.89422,-4.39386,0.58895,-3.74154,0.32496,-0.07353,-0.09327
13.34,11.00188,2.09477,-1.33144,3.35105,-0.29688,-0.10957,4.00894,-0.32588,-1.15119,-1.42788,-0.14971,0.06676,0.22491,4.27793,-0.26755,1.33578,-0.41045,0.07931,-0.07417,-0.13594,2.05657,-4.455,0.69086,-2.97933,0.23145,-0.07044,-0.05521,-4.06464,-4.14588,0.58781,-3.85645,0.32244,-0.07535,-0.09302
13.36,11.50374,1.42615,-1.3055,3.40469,-0.32616,-0.11406,4.03141,-0.32006,-1.15709,-1.42182,-0.15079,0.06731,0.22469,4.32371,-0.24233,1.34907,-0.36933,0.07835,-0.07703,-0.13032,2.23284,-4.84403,0.68239,-2.81916,0.24597,-0.07531,-0.06471,-4.21504,-3.85369,0.58592,-3.96613,0.31995,-0.07716,-0.09235
13.38,12.09683,0.5839,-1.23299,3.45799,-0.3626,-0.11931,4.04952,-0.30576,-1.15983,-1.41423,-0.15159,0.06814,0.22405,4.3575,-0.21049,1.36427,-0.32645,0.07769,-0.08078,-0.1248,2.47434,-5.14508,0.6643,-2.61772,0.26367,-0.07817,-0.07158,-4.37228,-3.5036,0.58044,-4.06526,0.31767,-0.07927,-0.09132
13.4,12.80394,-0.45662,-1.11546,3.50775,-0.40591,-0.12546,4.06212,-0.28371,-1.15849,-1.40404,-0.15154,0.06915,0.22288,4.38523,-0.17037,1.381,-0.27614,0.07695,-0.08517,-0.11854,2.69189,-5.2781,0.63419,-2.43857,0.28118,-0.08038,-0.076,-4.50007,-3.06231,0.56912,-4.16313,0.3153,-0.07976,-0.08846
13.42,13.64116,-1.70958,-0.95693,3.54986,-0.45481,-0.13245,4.06858,-0.25569,-1.15231,-1.38983,-0.14991,0.07027,0.22112,4.41416,-0.12028,1.39885,-0.21288,0.07578,-0.08989,-0.11067,2.79579,-5.1831,0.59281,-2.35204,0.29426,-0.08424,-0.07852,-4.56825,-2.50615,0.55051,-4.27112,0.3126,-0.07654,-0.08232
13.44,14.55769,-3.14195,-0.76493,3.58574,-0.51136,-0.14041,4.06908,-0.22071,-1.1421,-1.37191,-0.14743,0.07147,0.21876,4.43864,-0.06319,1.4166,-0.14279,0.07435,-0.09478,-0.10184,2.84084,-4.91092,0.54034,-2.3016,0.30436,-0.08722,-0.07805,-4.6258,-1.8885,0.5271,-4.38011,0.31002,-0.07209,-0.07488
13.46,15.49913,-4.7135,-0.5477,3.61583,-0.57688,-0.14934,4.06454,-0.17836,-1.1288,-1.35072,-0.14462,0.07286,0.21587,4.45371,-0.00233,1.43319,-0.0717,0.07283,-0.09972,-0.09268,2.90166,-4.53185,0.48064,-2.23235,0.31323,-0.08784,-0.07448,-4.72214,-1.26528,0.50328,-4.4783,0.30819,-0.06874,-0.06816
13.48,16.42609,-6.42,-0.30923,3.6388,-0.64846,-0.15886,4.05538,-0.12918,-1.11196,-1.32671,-0.14125,0.07447,0.21246,4.46302,0.06219,1.44935,-0.00123,0.07127,-0.10465,-0.08354,2.98065,-4.07546,0.42206,-2.18174,0.31798,-0.08791,-0.06945,-4.88966,-0.64431,0.48124,-4.56036,0.30776,-0.06619,-0.06252
13.5,17.35715,-8.17195,-0.06921,3.6549,-0.72801,-0.16941,4.04057,-0.07676,-1.09366,-1.30092,-0.13764,0.07593,0.20873,4.46928,0.12779,1.46189,0.07181,0.06929,-0.10881,-0.07341,3.00807,-3.57486,0.35948,-2.12406,0.32224,-0.08723,-0.06348,-5.01584,-0.08649,0.46694,-4.64181,0.30732,-0.06471,-0.05794
13.52,18.31605,-9.85664,0.1491,3.66485,-0.81719,-0.18144,4.01981,-0.02553,-1.07695,-1.2745,-0.1342,0.0769,0.20494,4.47503,0.19182,1.46724,0.1513,0.06639,-0.1113,-0.061,2.91491,-3.05863,0.28711,-2.02519,0.33074,-0.08494,-0.05648,-4.97742,0.34684,0.46553,-4.73175,0.30526,-0.06464,-0.05436
13.54,19.21645,-11.49336,0.35007,3.66866,-0.90898,-0.19392,3.99558,0.0255,-1.06047,-1.24874,-0.13073,0.07764,0.20113,4.48091,0.25468,1.46872,0.22889,0.06312,-0.11256,-0.04818,2.78795,-2.54899,0.21835,-1.92644,0.33866,-0.08236,-0.04962,-4.87599,0.67059,0.47801,-4.80163,0.30324,-0.06606,-0.05304
13.56,19.97648,-13.10232,0.54003,3.66656,-0.99838,-0.20601,3.97032,0.0778,-1.04304,-1.22517,-0.12708,0.07847,0.19738,4.48734,0.3166,1.46946,0.29733,0.06002,-0.11316,-0.03657,2.69969,-2.05192,0.16025,-1.85649,0.34261,-0.08032,-0.04354,-4.80994,0.92031,0.50055,-4.8282,0.30274,-0.06877,-0.05455
13.58,20.58173,-14.62043,0.71108,3.65919,-1.08465,-0.21774,3.94651,0.12979,-1.02675,-1.20443,-0.12348,0.0795,0.19394,4.49691,0.37769,1.46897,0.35836,0.05693,-0.113,-0.02553,2.62545,-1.55723,0.10667,-1.81532,0.34392,-0.0782,-0.03782,-4.78663,1.13187,0.52454,-4.80337,0.3037,-0.07184,-0.0576
13.6,21.04789,-16.02067,0.86078,3.6478,-1.16479,-0.22863,3.92021,0.17831,-1.0101,-1.18879,-0.12004,0.08002,0.1908,4.50667,0.43533,1.46673,0.407,0.05423,-0.11188,-0.01647,2.55457,-1.05658,0.05354,-1.78014,0.34385,-0.07581,-0.03217,-4.61639,1.26948,0.54806,-4.73785,0.3037,-0.0748,-0.06258
13.62,21.3945,-17.28838,0.99,3.63316,-1.23605,-0.23817,3.88544,0.21985,-0.99092,-1.18097,-0.11688,0.07903,0.18789,4.51344,0.4865,1.46276,0.43815,0.05234,-0.10981,-0.01099,2.47566,-0.54213,-0.00109,-1.72264,0.34365,-0.07307,-0.02629,-4.08138,1.34939,0.55971,-4.64509,0.29924,-0.07661,-0.06928
13.64,21.59559,-18.38642,1.10275,3.61593,-1.29823,-0.24635,3.84899,0.25606,-0.97225,-1.17904,-0.11411,0.07745,0.18546,4.52027,0.53422,1.45797,0.45655,0.05095,-0.10718,-0.00767,2.39514,-0.01119,-0.0569,-1.66805,0.34281,-0.06974,-0.02006,-3.39601,1.525,0.52224,-4.50011,0.29291,-0.07461,-0.07355
13.66,21.62567,-19.29723,1.20514,3.59636,-1.35132,-0.25314,3.81574,0.28911,-0.95589,-1.18141,-0.11182,0.076,0.18368,4.52978,0.58146,1.45357,0.46619,0.04983,-0.10433,-0.00539,2.31616,0.52291,-0.11236,-1.64009,0.34065,-0.06597,-0.01376,-2.76279,1.87811,0.40717,-4.30335,0.28663,-0.06761,-0.07254
13.68,21.48746,-20.04722,1.30355,3.57265,-1.39697,-0.25852,3.78071,0.31834,-0.94003,-1.18944,-0.11006,0.07399,0.18246,4.54295,0.62866,1.451,0.46765,0.04904,-0.10139,-0.00427,2.20283,1.0527,-0.16761,-1.62884,0.33785,-0.06195,-0.00753,-2.12414,2.4268,0.20019,-4.0955,0.2772,-0.0563,-0.06588
13.7,21.24391,-20.56751,1.39636,3.55095,-1.42968,-0.26205,3.75045,0.34376,-0.92635,-1.19928,-0.10888,0.07252,0.1818,4.55149,0.67285,1.44667,0.45934,0.04869,-0.09826,-0.00479,2.09322,1.53778,-0.21642,-1.63387,0.33471,-0.058,-0.00182,-1.56312,3.07741,-0.08971,-3.86874,0.27015,-0.0392,-0.05302
13.72,20.9802,-20.7879,1.47957,3.53876,-1.44344,-0.26335,3.73322,0.36551,-0.91694,-1.2062,-0.10834,0.07294,0.18172,4.54575,0.71071,1.43614,0.44001,0.04881,-0.09479,-0.00734,2.0368,1.93696,-0.25385,-1.65528,0.3315,-0.05443,0.00288,-1.17797,3.70323,-0.41676,-3.63223,0.27053,-0.01568,-0.03559
13.74,20.64925,-20.82034,1.56024,3.52916,-1.44644,-0.26306,3.72032,0.38418,-0.90898,-1.21348,-0.10836,0.07403,0.18204,4.53457,0.7452,1.424,0.41393,0.04926,-0.09128,-0.01107,1.96622,2.26402,-0.2839,-1.68911,0.32845,-0.0514,0.00658,-0.89179,4.33665,-0.76122,-3.44543,0.27165,0.00993,-0.01629
13.76,20.21068,-20.75681,1.64206,3.51605,-1.44561,-0.2618,3.70492,0.40037,-0.90038,-1.22389,-0.10886,0.07477,0.18267,4.52537,0.77885,1.41361,0.38516,0.04986,-0.08795,-0.01518,1.83012,2.53813,-0.30997,-1.73447,0.32563,-0.04893,0.00939,-0.64105,4.99982,-1.11791,-3.34582,0.26915,0.03479,0.00399
13.78,19.70851,-20.59654,1.72008,3.50162,-1.44014,-0.25969,3.68896,0.41391,-0.89219,-1.23592,-0.10989,0.07519,0.18347,4.51484,0.81051,1.40246,0.35469,0.05049,-0.08451,-0.01953,1.64349,2.76804,-0.33288,-1.78882,0.32312,-0.04689,0.0115,-0.43341,5.64076,-1.46928,-3.35026,0.2633,0.05982,0.02502
13.8,19.13975,-20.35818,1.79112,3.48645,-1.43112,-0.25685,3.67537,0.42528,-0.88419,-1.24864,-0.11112,0.07624,0.18461,4.50436,0.83865,1.39221,0.32074,0.05132,-0.0814,-0.02444,1.42487,2.9326,-0.34991,-1.85009,0.321,-0.04551,0.01264,-0.20196,6.15787,-1.7524,-3.39938,0.26053,0.08081,0.0429
13.82,18.48855,-20.06933,1.85376,3.47091,-1.41999,-0.25343,3.66756,0.43553,-0.87588,-1.26108,-0.11211,0.0791,0.18627,4.49598,0.86188,1.38506,0.28072,0.05251,-0.07913,-0.03035,1.19197,3.01122,-0.35863,-1.9161,0.31933,-0.04493,0.01259,0.12275,6.51113,-1.91119,-3.41522,0.26795,0.09395,0.05381
13.84,17.79446,-19.74447,1.9035,3.45445,-1.40753,-0.24974,3.66301,0.4441,-0.86826,-1.274,-0.11297,0.08255,0.18802,4.48897,0.88117,1.37847,0.23811,0.05378,-0.07709,-0.03661,0.94294,3.04448,-0.36388,-1.98403,0.31809,-0.0448,0.01192,0.49703,6.76014,-1.98752,-3.44409,0.27922,0.10314,0.06074
13.86,17.08476,-19.40898,1.9383,3.43621,-1.39506,-0.24613,3.65937,0.45085,-0.86196,-1.28833,-0.11391,0.08556,0.18962,4.48336,0.89787,1.37067,0.1958,0.0549,-0.0748,-0.04268,0.67043,3.07187,-0.37009,-2.0519,0.31722,-0.04476,0.01119,0.877,6.93598,-2.02222,-3.53373,0.28835,0.11147,0.06655
13.88,16.3576,-19.08021,1.95856,3.41731,-1.38301,-0.24276,3.65974,0.45709,-0.85669,-1.30305,-0.11459,0.08891,0.19135,4.47896,0.91176,1.36153,0.15181,0.05594,-0.07234,-0.04884,0.37902,3.09956,-0.37749,-2.11719,0.31673,-0.04462,0.01048,1.24925,7.02948,-2.01114,-3.6556,0.29721,0.11825,0.07081
13.9,15.63239,-18.75736,1.96065,3.39558,-1.37242,-0.23964,3.66044,0.46096,-0.85318,-1.31962,-0.11525,0.0917,0.19261,4.48004,0.92366,1.35383,0.1074,0.05697,-0.06988,-0.05501,0.10017,3.11225,-0.38412,-2.1817,0.31649,-0.0448,0.00966,1.64779,7.02785,-1.95011,-3.77001,0.3065,0.12269,0.07288
13.92,14.92651,-18.44332,1.94291,3.36785,-1.365,-0.2368,3.65601,0.46035,-0.85218,-1.34024,-0.11646,0.09277,0.19271,4.49092,0.93521,1.35086,0.06369,0.05808,-0.06763,-0.06109,-0.1323,3.09446,-0.38806,-2.24772,0.31635,-0.04581,0.00851,2.10327,6.92979,-1.84194,-3.83674,0.31604,0.12431,0.07259
13.94,14.23394,-18.15159,1.91067,3.33722,-1.35983,-0.23439,3.65208,0.45837,-0.85261,-1.36184,-0.11765,0.09322,0.19246,4.50819,0.94631,1.35028,0.01803,0.0593,-0.06539,-0.06745,-0.34061,3.07249,-0.39161,-2.31173,0.31634,-0.047,0.00743,2.54381,6.76413,-1.71021,-3.87099,0.32486,0.1241,0.07119
13.96,13.54617,-17.89241,1.86913,3.306,-1.35601,-0.23249,3.65219,0.45768,-0.85366,-1.38217,-0.11837,0.09395,0.19237,4.52877,0.95717,1.35003,-0.03208,0.06069,-0.06298,-0.07437,-0.54739,3.07131,-0.397,-2.37158,0.31642,-0.04787,0.00671,2.91804,6.55745,-1.57463,-3.89774,0.33197,0.12342,0.06992
13.98,12.85217,-17.66797,1.82062,3.27217,-1.35455,-0.23104,3.65238,0.45808,-0.85547,-1.40252,-0.11876,0.09456,0.19179,4.55292,0.9688,1.35137,-0.08849,0.06234,-0.06057,-0.08204,-0.74221,3.09128,-0.40404,-2.42801,0.31651,-0.04863,0.00628,3.23686,6.31804,-1.439,-3.90221,0.33756,0.12316,0.06933
14,12.19109,-17.46961,1.76688,3.23827,-1.35343,-0.23003,3.65692,0.45945,-0.85774,-1.41959,-0.11871,0.0949,0.19176,4.58296,0.9814,1.35628,-0.14767,0.06436,-0.05813,-0.09046,-0.92132,3.11208,-0.41017,-2.48245,0.31661,-0.04919,0.00604,3.49188,6.06798,-1.31292,-3.88279,0.34158,0.12108,0.06822
14.02,11.60298,-17.29574,1.71052,3.20704,-1.35071,-0.22947,3.67158,0.46186,-0.85982,-1.42969,-0.1181,0.09519,0.19363,4.62067,0.99514,1.36625,-0.20519,0.06685,-0.05554,-0.09953,-1.07949,3.11227,-0.41267,-2.53575,0.31674,-0.04934,0.00586,3.67732,5.83172,-1.20602,-3.8413,0.34397,0.1141,0.06491
14.04,11.0392,-17.15487,1.65556,3.17527,-1.34823,-0.22923,3.68914,0.46561,-0.86186,-1.43676,-0.11704,0.09527,0.196,4.66303,1.01084,1.38138,-0.26552,0.06988,-0.05309,-0.10948,-1.22376,3.11285,-0.41405,-2.5882,0.31681,-0.04933,0.00577,3.79722,5.61985,-1.11964,-3.77751,0.34455,0.10564,0.06128
14.06,10.45624,-17.05464,1.60572,3.14036,-1.34756,-0.22923,3.70396,0.471,-0.86388,-1.44413,-0.11571,0.09523,0.19785,4.70585,1.02873,1.4008,-0.3323,0.07343,-0.05101,-0.12049,-1.36119,3.13433,-0.41687,-2.63938,0.31677,-0.04931,0.00582,3.86357,5.43386,-1.05188,-3.69438,0.34341,0.09856,0.05873
14.08,9.86503,-17.0081,1.56448,3.1023,-1.34863,-0.22944,3.71887,0.47783,-0.865,-1.4497,-0.11387,0.09558,0.19971,4.74684,1.04838,1.42301,-0.40291,0.07736,-0.04932,-0.13215,-1.48594,3.17637,-0.42123,-2.68976,0.31668,-0.04915,0.00606,3.90531,5.2733,-1.00079,-3.58675,0.34103,0.09097,0.05582
14.1,9.26179,-16.99101,1.53566,3.06317,-1.35005,-0.2297,3.72853,0.486,-0.86599,-1.45707,-0.11233,0.09515,0.20125,4.7898,1.07115,1.45472,-0.473,0.08196,-0.0484,-0.14456,-1.61557,3.22029,-0.42537,-2.74103,0.31646,-0.04911,0.00616,3.89079,5.1449,-0.96586,-3.47525,0.33675,0.08505,0.05378
14.12,8.64646,-16.97782,1.52378,3.02531,-1.35042,-0.22982,3.72611,0.49548,-0.86827,-1.47065,-0.11233,0.09226,0.20205,4.83596,1.09885,1.50295,-0.53902,0.08758,-0.04856,-0.15807,-1.76768,3.24892,-0.42775,-2.79396,0.31607,-0.04952,0.00582,3.79068,5.04919,-0.94482,-3.38219,0.33013,0.08347,0.05413
14.14,8.02481,-17.00948,1.53676,2.98746,-1.35143,-0.22991,3.71737,0.50647,-0.86971,-1.48574,-0.11284,0.08863,0.20245,4.88173,1.13129,1.5617,-0.59701,0.0937,-0.04979,-0.17147,-1.9291,3.28038,-0.43058,-2.84876,0.3156,-0.05008,0.00533,3.67107,4.96437,-0.93077,-3.28972,0.32243,0.08301,0.05445
14.16,7.40147,-17.122,1.5815,2.94848,-1.35494,-0.23008,3.70636,0.51919,-0.86855,-1.49902,-0.11321,0.08569,0.20281,4.92113,1.1678,1.62425,-0.64414,0.09979,-0.0522,-0.18372,-2.08703,3.334,-0.43609,-2.90463,0.31517,-0.05055,0.00496,3.59706,4.868,-0.91658,-3.17951,0.31464,0.08116,0.05283
14.18,6.78335,-17.31521,1.65953,2.90915,-1.3609,-0.23028,3.68957,0.53359,-0.86516,-1.51251,-0.11416,0.08207,0.20304,4.94324,1.20695,1.68737,-0.68101,0.10582,-0.05567,-0.19528,-2.24432,3.40899,-0.4444,-2.96113,0.31477,-0.05105,0.00464,3.60294,4.74611,-0.89702,-3.04627,0.30703,0.07827,0.04936
14.2,6.19394,-17.55929,1.78476,2.87517,-1.36766,-0.23035,3.67105,0.54926,-0.85836,-1.52502,-0.11494,0.08034,0.20331,4.97845,1.25537,1.76244,-0.68784,0.11161,-0.0614,-0.20312,-2.41555,3.48645,-0.45357,-3.02304,0.31437,-0.05153,0.00427,3.62678,4.6045,-0.87564,-2.91745,0.29926,0.07457,0.04452
14.22,5.65661,-17.81605,1.97284,2.85172,-1.37385,-0.23016,3.65656,0.56568,-0.84709,-1.53452,-0.11458,0.08373,0.20384,5.05818,1.32292,1.86103,-0.64516,0.11702,-0.07076,-0.2039,-2.61625,3.54875,-0.4618,-3.09593,0.31394,-0.05185,0.00381,3.60068,4.45679,-0.85617,-2.81685,0.29136,0.07026,0.03889
14.24,5.18068,-18.10191,2.21111,2.83834,-1.38067,-0.22984,3.6407,0.5832,-0.83216,-1.54417,-0.11403,0.08914,0.20442,5.14731,1.40188,1.96209,-0.56829,0.12145,-0.08203,-0.19952,-2.83043,3.61027,-0.47074,-3.17509,0.31352,-0.05212,0.00333,3.62235,4.29176,-0.83215,-2.71308,0.28445,0.06515,0.03221
14.26,4.76729,-18.42897,2.47986,2.8335,-1.38948,-0.22952,3.62036,0.60196,-0.81474,-1.55622,-0.11411,0.09414,0.2051,5.21465,1.47999,2.04653,-0.47243,0.12444,-0.09338,-0.19196,-3.04272,3.68612,-0.48216,-3.25642,0.3131,-0.05239,0.00291,3.78367,4.10873,-0.79907,-2.57171,0.27963,0.05897,0.02422
14.28,4.42329,-18.75388,2.763,2.83589,-1.40013,-0.22913,3.60063,0.62059,-0.79656,-1.5682,-0.11423,0.09974,0.20581,5.2589,1.55152,2.11252,-0.35986,0.126,-0.10435,-0.18119,-3.2504,3.7779,-0.49628,-3.33966,0.31273,-0.05247,0.00272,4.09402,3.92555,-0.75669,-2.37542,0.27759,0.05176,0.01527
14.3,4.17721,-19.05975,3.05673,2.85962,-1.40997,-0.22868,3.57721,0.64101,-0.77513,-1.58636,-0.11482,0.10548,0.20681,5.30467,1.61539,2.14854,-0.21958,0.12447,-0.11369,-0.1642,-3.462,3.85137,-0.50947,-3.4295,0.3122,-0.05273,0.00229,4.44399,3.79205,-0.71992,-2.1817,0.27788,0.04557,0.00749
14.32,4.02166,-19.31685,3.34232,2.92112,-1.41574,-0.22819,3.54428,0.66561,-0.74748,-1.61857,-0.11663,0.11057,0.20863,5.37053,1.66306,2.12926,-0.04276,0.11776,-0.11851,-0.13775,-3.68865,3.87012,-0.51774,-3.52992,0.31138,-0.05356,0.00116,4.70062,3.75799,-0.70128,-2.053,0.28033,0.0426,0.00308
14.34,3.94025,-19.46506,3.56382,3.00579,-1.41941,-0.22766,3.51146,0.69047,-0.7193,-1.6563,-0.1189,0.11544,0.21091,5.4191,1.6688,2.04517,0.14698,0.10682,-0.11731,-0.10565,-3.90526,3.85832,-0.52364,-3.63492,0.31034,-0.0546,-0.00025,4.95401,3.80502,-0.68746,-1.92649,0.28591,0.04168,0.00099
14.36,3.93939,-19.47608,3.69379,3.10041,-1.42241,-0.22705,3.48648,0.7127,-0.69524,-1.69251,-0.12099,0.12027,0.21324,5.43667,1.61992,1.91139,0.33051,0.09325,-0.11061,-0.07227,-4.08968,3.84134,-0.52986,-3.7377,0.30924,-0.05545,-0.00154,5.29215,3.9109,-0.6685,-1.7448,0.2953,0.04158,3e-05
14.38,3.9769,-19.31408,3.72607,3.20956,-1.42094,-0.2261,3.4675,0.73324,-0.67444,-1.73017,-0.12312,0.12479,0.21573,5.44704,1.51167,1.73582,0.50898,0.0774,-0.09835,-0.03855,-4.24832,3.81716,-0.53602,-3.83479,0.30825,-0.05602,-0.0026,5.67918,4.08266,-0.64725,-1.51267,0.30877,0.04238,0.0002
14.4,4.27465,-18.9993,3.67227,3.3291,-1.41751,-0.22519,3.45847,0.74871,-0.65985,-1.76279,-0.1249,0.12865,0.21804,5.46117,1.35902,1.53423,0.68875,0.05889,-0.08266,-0.00299,-4.34611,3.73888,-0.53716,-3.93141,0.30688,-0.05704,-0.00428,6.02092,4.2812,-0.62614,-1.30181,0.32337,0.04526,0.00252
14.42,5.11956,-18.57428,3.57221,3.45309,-1.41596,-0.22481,3.46377,0.75552,-0.65434,-1.78274,-0.12571,0.13176,0.21967,5.50047,1.19994,1.33173,0.88007,0.03804,-0.06554,0.03585,-4.34514,3.55708,-0.52786,-4.03327,0.30473,-0.05947,-0.00761,6.22553,4.43854,-0.6061,-1.19125,0.33553,0.0511,0.00776
14.44,6.32839,-18.0107,3.45281,3.58215,-1.41006,-0.22429,3.47933,0.75582,-0.65587,-1.79504,-0.12598,0.13399,0.22086,5.59001,1.04916,1.1495,1.07702,0.01737,-0.04772,0.07364,-4.26433,3.31362,-0.51202,-4.12785,0.30247,-0.06242,-0.01166,6.35895,4.5339,-0.5818,-1.12107,0.34689,0.05775,0.01368
14.46,7.71773,-17.27459,3.32789,3.71535,-1.39451,-0.22308,3.50126,0.75095,-0.66262,-1.80353,-0.12603,0.13535,0.22179,5.73898,0.91195,0.99864,1.27298,-0.00181,-0.03089,0.10783,-4.1238,3.05152,-0.4941,-4.20245,0.30085,-0.06513,-0.0156,6.47622,4.56564,-0.54922,-1.03476,0.35883,0.0635,0.01845
14.48,9.33803,-16.36615,3.21225,3.85065,-1.37043,-0.22133,3.52761,0.74015,-0.67316,-1.807,-0.12533,0.13654,0.22213,5.95317,0.8007,0.87816,1.47519,-0.01996,-0.01558,0.14041,-3.92499,2.76836,-0.47383,-4.25343,0.30046,-0.06808,-0.01985,6.53482,4.51426,-0.51026,-0.95506,0.36932,0.06854,0.02234
14.5,11.2119,-15.3402,3.14526,3.98066,-1.33463,-0.21882,3.56013,0.72044,-0.69132,-1.80184,-0.12505,0.13549,0.22238,6.20445,0.75209,0.80469,1.66905,-0.03543,-0.00486,0.169,-3.63959,2.43581,-0.44744,-4.28527,0.30032,-0.07075,-0.02406,6.52744,4.33888,-0.46011,-0.91261,0.37801,0.07232,0.02451
14.52,13.3487,-14.24712,3.14397,4.09908,-1.28324,-0.21534,3.60091,0.68851,-0.72185,-1.78373,-0.12667,0.12942,0.22307,6.4467,0.79251,0.78475,1.83648,-0.04674,-0.00104,0.19139,-3.25093,2.02631,-0.41078,-4.30225,0.29947,-0.07251,-0.02769,6.46415,4.01793,-0.39442,-0.93703,0.38482,0.07437,0.02411
14.54,15.60907,-13.03587,3.15953,4.20745,-1.21946,-0.21109,3.6429,0.64773,-0.75763,-1.75664,-0.12852,0.12117,0.22319,6.68225,0.87832,0.78932,1.98945,-0.05561,-0.0006,0.21069,-2.79478,1.58768,-0.36912,-4.29603,0.29957,-0.07384,-0.03095,6.32814,3.59592,-0.3183,-1.00242,0.38881,0.07518,0.02215
14.56,17.86858,-11.67337,3.1588,4.30757,-1.14623,-0.20624,3.68029,0.60118,-0.79272,-1.72541,-0.1297,0.1131,0.22244,6.92263,0.97559,0.79749,2.13919,-0.06359,-0.00074,0.22933,-2.31895,1.16536,-0.3282,-4.2566,0.30233,-0.07513,-0.03386,6.12266,3.12546,-0.23885,-1.0819,0.38968,0.07534,0.01963
14.58,20.15036,-10.19668,3.14088,4.40035,-1.06326,-0.2009,3.71304,0.54788,-0.82897,-1.689,-0.13122,0.10357,0.22108,7.15443,1.08921,0.80334,2.28603,-0.07082,-0.00067,0.24751,-1.86245,0.75019,-0.28674,-4.17633,0.30835,-0.07649,-0.03622,5.89461,2.63669,-0.16012,-1.19011,0.38713,0.07519,0.01687
14.6,22.21265,-8.60899,3.08415,4.47228,-0.97299,-0.19478,3.73957,0.49047,-0.86214,-1.65144,-0.13184,0.09536,0.21925,7.35516,1.19099,0.81515,2.41153,-0.07634,-0.00192,0.2626,-1.3644,0.37202,-0.24803,-4.08293,0.31571,-0.07696,-0.03728,5.57233,2.11117,-0.07757,-1.30654,0.38319,0.07472,0.01409
14.62,23.80852,-6.91044,2.96309,4.511,-0.87872,-0.18759,3.76004,0.43234,-0.88792,-1.61801,-0.13042,0.09205,0.21772,7.50827,1.24437,0.84533,2.49693,-0.0791,-0.00703,0.27169,-0.78319,0.05569,-0.2153,-4.0058,0.32222,-0.07526,-0.036,5.079,1.51308,0.01315,-1.40365,0.38041,0.07392,0.01131
14.64,25.1099,-5.1571,2.79596,4.5289,-0.78168,-0.17977,3.77507,0.37269,-0.91016,-1.58727,-0.12865,0.09023,0.21659,7.63027,1.26842,0.87865,2.56228,-0.08071,-0.01322,0.27794,-0.21412,-0.22297,-0.18522,-3.91914,0.32945,-0.07268,-0.03283,4.53911,0.90057,0.10111,-1.49854,0.37737,0.07316,0.00878
14.66,26.25227,-3.41274,2.60832,4.53649,-0.68408,-0.17182,3.7845,0.31228,-0.93111,-1.55854,-0.12761,0.08751,0.2157,7.73852,1.28526,0.90111,2.62549,-0.08267,-0.018,0.28436,0.24546,-0.49441,-0.15162,-3.79986,0.33874,-0.07046,-0.02855,4.05164,0.3246,0.17894,-1.60376,0.37281,0.07275,0.00674
14.68,27.18022,-1.7114,2.40627,4.53374,-0.58809,-0.1638,3.7907,0.25431,-0.94957,-1.53293,-0.12664,0.08592,0.21511,7.82998,1.29154,0.91722,2.68185,-0.08462,-0.02273,0.28991,0.52289,-0.80135,-0.10542,-3.64539,0.34968,-0.06822,-0.02321,3.60108,-0.23911,0.25035,-1.71402,0.36744,0.07306,0.00512
14.7,27.79486,-0.07869,2.18975,4.51156,-0.49741,-0.1555,3.78921,0.19798,-0.96508,-1.51377,-0.12601,0.08319,0.21491,7.90089,1.27897,0.9297,2.7244,-0.08672,-0.02602,0.2944,0.81392,-1.09047,-0.04888,-3.49666,0.35762,-0.06719,-0.01754,3.18188,-0.77589,0.31428,-1.81455,0.36242,0.07251,0.00334
14.72,28.02238,1.47426,1.95844,4.4607,-0.41502,-0.14675,3.77396,0.14142,-0.97716,-1.50436,-0.12609,0.07608,0.21522,7.95067,1.2406,0.93964,2.74829,-0.08925,-0.02598,0.29813,1.33022,-1.3321,0.02293,-3.40368,0.35594,-0.06912,-0.01311,2.78165,-1.27278,0.36906,-1.89253,0.35873,0.06936,0.00078
14.74,27.94101,2.89666,1.72852,4.39323,-0.34097,-0.13788,3.75149,0.08916,-0.98598,-1.50141,-0.12634,0.06799,0.21576,7.97512,1.18727,0.94673,2.75358,-0.09168,-0.02449,0.30011,1.80492,-1.63504,0.13447,-3.30896,0.34842,-0.07335,-0.01075,2.40406,-1.75244,0.41718,-1.96282,0.35557,0.06516,-0.00223
14.76,27.63237,4.15191,1.51219,4.32004,-0.27493,-0.1292,3.72693,0.04421,-0.99187,-1.50205,-0.12649,0.06143,0.21645,7.97204,1.13031,0.9479,2.74247,-0.09362,-0.02288,0.29987,2.04096,-2.05762,0.29891,-3.18001,0.33871,-0.07875,-0.01058,2.0557,-2.22779,0.46141,-2.03869,0.35218,0.0613,-0.00525
14.78,27.1018,5.24934,1.30965,4.23892,-0.21761,-0.12087,3.697,0.00546,-0.99407,-1.50761,-0.12641,0.05444,0.2172,7.94761,1.07034,0.94029,2.71797,-0.09485,-0.02099,0.29787,2.11717,-2.59982,0.5229,-3.06751,0.32223,-0.08481,-0.01344,1.71674,-2.70696,0.50339,-2.11578,0.3489,0.05748,-0.00827
14.8,26.29841,6.13411,1.11613,4.15113,-0.16959,-0.11246,3.66682,-0.02623,-0.99441,-1.51453,-0.12657,0.04978,0.21807,7.86669,1.00011,0.93424,2.65545,-0.09471,-0.01843,0.29086,2.08826,-3.08823,0.75399,-2.92571,0.30829,-0.09165,-0.01708,1.38994,-3.14176,0.53754,-2.19643,0.34579,0.05323,-0.0115
14.82,25.15988,6.74861,0.92552,4.05795,-0.13171,-0.10358,3.64336,-0.05017,-0.99534,-1.51856,-0.12759,0.05122,0.21925,7.69042,0.91747,0.94072,2.52585,-0.09249,-0.01424,0.27534,2.0191,-3.33052,0.90777,-2.736,0.30571,-0.09908,-0.01777,1.08831,-3.47337,0.55828,-2.28232,0.34289,0.04823,-0.01508
14.84,23.78407,7.14125,0.74448,3.9607,-0.104,-0.09511,3.62102,-0.06776,-0.9949,-1.52328,-0.12879,0.05495,0.22042,7.45953,0.83544,0.94939,2.35064,-0.08778,-0.00982,0.25384,1.95126,-3.45007,1.0046,-2.59026,0.30442,-0.10523,-0.0167,0.78976,-3.74295,0.57168,-2.37014,0.34026,0.04305,-0.01859
14.86,22.27266,7.37401,0.57584,3.86141,-0.08518,-0.08764,3.59623,-0.08049,-0.99187,-1.53108,-0.12961,0.05816,0.22143,7.21371,0.76326,0.95246,2.15482,-0.08076,-0.00586,0.22932,1.89048,-3.56723,1.08009,-2.551,0.29786,-0.10957,-0.01624,0.48196,-3.99457,0.58352,-2.45854,0.3378,0.03824,-0.02165
14.88,20.62429,7.46425,0.41486,3.7587,-0.07511,-0.08104,3.57385,-0.0894,-0.98789,-1.5393,-0.13002,0.0627,0.22228,6.95127,0.70543,0.95232,1.93762,-0.07209,-0.00058,0.20237,1.84282,-3.64209,1.12471,-2.64109,0.28677,-0.11351,-0.01684,0.1783,-4.22781,0.59474,-2.54849,0.33553,0.03372,-0.02436
14.9,18.91257,7.39895,0.26745,3.66014,-0.0725,-0.07557,3.55027,-0.09336,-0.98217,-1.55046,-0.13051,0.06614,0.22292,6.68499,0.65203,0.95964,1.69318,-0.05979,0.00203,0.17052,1.94136,-3.64314,1.11011,-2.7882,0.28001,-0.11619,-0.01674,-0.1272,-4.40467,0.59996,-2.63308,0.3335,0.02915,-0.02694
14.92,17.20723,7.16863,0.14057,3.57509,-0.07498,-0.07143,3.51988,-0.09073,-0.97341,-1.56812,-0.13189,0.06517,0.22353,6.42688,0.59466,0.98676,1.41285,-0.04154,-0.00018,0.13045,2.27133,-3.54545,1.01759,-2.91669,0.28629,-0.11677,-0.01405,-0.44259,-4.4886,0.59387,-2.70384,0.33181,0.02404,-0.02976
14.94,15.51994,6.8545,0.02842,3.49694,-0.08246,-0.06834,3.49057,-0.08455,-0.96373,-1.58719,-0.1334,0.06288,0.22401,6.18928,0.54821,1.02588,1.11787,-0.02049,-0.00087,0.08648,2.6602,-3.39357,0.89733,-3.09767,0.29648,-0.11712,-0.01171,-0.74547,-4.52088,0.58331,-2.76576,0.3304,0.01884,-0.03259
14.96,13.86243,6.53146,-0.0737,3.42027,-0.09442,-0.06609,3.46744,-0.07736,-0.95477,-1.60452,-0.13448,0.06152,0.22434,5.98245,0.51896,1.06951,0.82996,0.00057,0.00246,0.04338,2.98616,-3.23735,0.78944,-3.39128,0.30208,-0.11886,-0.01235,-1.02338,-4.54458,0.57445,-2.82388,0.32921,0.01393,-0.03518
14.98,12.21546,6.2305,-0.16826,3.34981,-0.10807,-0.0645,3.44563,-0.06839,-0.94613,-1.62323,-0.13583,0.05927,0.2246,5.79947,0.49849,1.12175,0.54076,0.02226,0.0084,-6e-05,3.24988,-3.04859,0.68747,-3.76502,0.3046,-0.12165,-0.01534,-1.286,-4.56567,0.56714,-2.87625,0.32831,0.00884,-0.03788
15,10.75494,5.94401,-0.24076,3.28551,-0.12493,-0.06387,3.43267,-0.06058,-0.93943,-1.63801,-0.13634,0.05825,0.22478,5.66167,0.48505,1.17751,0.2827,0.04311,0.01734,-0.0406,3.4216,-2.86024,0.59886,-4.1581,0.30607,-0.12362,-0.01898,-1.51336,-4.55169,0.55817,-2.9236,0.32766,0.00434,-0.04028
15.02,9.67415,5.63253,-0.27074,3.22452,-0.14727,-0.06453,3.43891,-0.05822,-0.93671,-1.64221,-0.13442,0.06161,0.22484,5.58712,0.48279,1.23502,0.09091,0.06276,0.03043,-0.07515,3.44272,-2.69941,0.53037,-4.49953,0.3073,-0.12183,-0.02082,-1.68423,-4.47132,0.54455,-2.96665,0.32721,0.00144,-0.04185
15.04,8.79328,5.34791,-0.27406,3.17323,-0.16987,-0.06592,3.45265,-0.05872,-0.93693,-1.6438,-0.13165,0.06608,0.22489,5.54542,0.4879,1.29722,-0.06412,0.08223,0.04615,-0.10611,3.28146,-2.51311,0.47308,-4.80519,0.30433,-0.11652,-0.02123,-1.82024,-4.37299,0.5307,-3.00714,0.32704,-0.001,-0.04332
15.06,7.95834,5.14103,-0.2691,3.13501,-0.18912,-0.06762,3.46475,-0.06026,-0.93904,-1.64918,-0.12932,0.06942,0.22519,5.51335,0.49529,1.36506,-0.20789,0.10153,0.06257,-0.13529,2.975,-2.27484,0.42099,-5.09986,0.2946,-0.10928,-0.02133,-1.94336,-4.30394,0.52111,-3.04661,0.32718,-0.00384,-0.0452
15.08,7.20953,4.99601,-0.25372,3.10196,-0.2062,-0.06953,3.48117,-0.06663,-0.94325,-1.6547,-0.12617,0.07375,0.22559,5.49083,0.50709,1.44409,-0.34109,0.12123,0.07981,-0.16367,2.5903,-1.99315,0.37357,-5.33627,0.28021,-0.1002,-0.02048,-2.05844,-4.27003,0.51633,-3.083,0.32768,-0.00661,-0.04722
15.1,6.59372,4.87137,-0.22178,3.09517,-0.22013,-0.07237,3.49162,-0.06995,-0.94883,-1.66673,-0.12441,0.07607,0.22657,5.49104,0.52268,1.51797,-0.43778,0.13894,0.09557,-0.18673,2.08539,-1.69376,0.33314,-5.51996,0.26007,-0.08756,-0.01772,-2.14778,-4.23855,0.51345,-3.12753,0.32824,-0.00995,-0.04985
15.12,6.14912,4.71483,-0.16753,3.1409,-0.22971,-0.07704,3.48325,-0.05953,-0.95499,-1.69266,-0.12717,0.07212,0.22885,5.52182,0.54167,1.56565,-0.47408,0.15247,0.10705,-0.20018,1.41633,-1.40901,0.3025,-5.66106,0.23334,-0.06939,-0.01172,-2.1904,-4.17294,0.50913,-3.19356,0.32851,-0.01475,-0.05377
15.14,5.82901,4.52586,-0.09814,3.21187,-0.23626,-0.08271,3.46962,-0.04419,-0.96091,-1.72306,-0.13137,0.06601,0.23139,5.56414,0.5689,1.60601,-0.48031,0.16435,0.1149,-0.20965,0.74932,-1.16863,0.28632,-5.72589,0.20434,-0.05011,-0.00474,-2.21401,-4.11345,0.5075,-3.27056,0.32869,-0.02024,-0.05833
15.16,5.59875,4.31084,-0.02162,3.28515,-0.24113,-0.08867,3.46128,-0.03098,-0.96627,-1.75138,-0.13491,0.06097,0.23372,5.60528,0.60678,1.65743,-0.48399,0.17693,0.12038,-0.21992,0.24313,-1.01843,0.29042,-5.68117,0.17787,-0.03361,0.00062,-2.24526,-4.09846,0.51314,-3.34965,0.32893,-0.02588,-0.06306
15.18,5.50184,4.05022,0.06044,3.36991,-0.24478,-0.09538,3.45469,-0.01575,-0.97191,-1.77872,-0.13958,0.05484,0.23596,5.64621,0.65217,1.71462,-0.48361,0.19068,0.1247,-0.23044,-0.05436,-1.00488,0.32048,-5.48146,0.15724,-0.01884,0.00495,-2.27403,-4.12173,0.52646,-3.43415,0.32916,-0.03215,-0.0683
15.2,5.52305,3.65421,0.17136,3.45525,-0.25025,-0.10274,3.45246,0.00031,-0.97381,-1.8044,-0.14312,0.0506,0.23808,5.69879,0.71931,1.7762,-0.45652,0.20265,0.12116,-0.23898,-0.19,-1.22088,0.3688,-5.2502,0.14184,-0.01152,0.00305,-2.32249,-4.13723,0.5427,-3.52707,0.3291,-0.0383,-0.07322
15.22,5.64219,3.04576,0.33615,3.52695,-0.26054,-0.11043,3.45751,0.0146,-0.96714,-1.82817,-0.14277,0.05209,0.2403,5.77356,0.8217,1.83753,-0.38077,0.20915,0.10269,-0.24284,-0.25098,-1.70326,0.41937,-5.13368,0.13111,-0.01612,-0.00881,-2.42108,-4.09868,0.55673,-3.62968,0.32852,-0.04348,-0.07696
15.24,5.91506,2.27463,0.53723,3.59367,-0.27671,-0.11886,3.46727,0.02994,-0.95615,-1.84845,-0.14116,0.056,0.24232,5.85932,0.94102,1.89313,-0.27547,0.21263,0.07597,-0.24312,-0.16532,-2.34641,0.47304,-5.0024,0.12888,-0.02597,-0.02466,-2.54851,-4.02544,0.57158,-3.73894,0.32757,-0.04836,-0.08
15.26,6.38479,1.38832,0.75462,3.66127,-0.2993,-0.12814,3.48014,0.04797,-0.94474,-1.86366,-0.14033,0.05955,0.24395,5.94567,1.05847,1.94239,-0.15893,0.21578,0.04735,-0.2416,0.14758,-3.06448,0.52913,-4.74037,0.13765,-0.03651,-0.04025,-2.69046,-3.94159,0.59058,-3.84917,0.32651,-0.05356,-0.08287
15.28,7.07146,0.36923,0.98719,3.7265,-0.32965,-0.13812,3.49621,0.06757,-0.93178,-1.87306,-0.13909,0.06328,0.24498,6.03027,1.16719,1.98098,-0.02844,0.21751,0.01658,-0.23695,0.68982,-3.81568,0.58175,-4.36883,0.15689,-0.04856,-0.05577,-2.86077,-3.83548,0.612,-3.95455,0.32553,-0.05924,-0.08575
15.3,7.89451,-0.78883,1.23781,3.78221,-0.37289,-0.14877,3.51563,0.09217,-0.91736,-1.87626,-0.1376,0.06823,0.24527,6.12392,1.25563,1.98866,0.14013,0.21378,-0.01958,-0.22495,1.26315,-4.46007,0.61634,-4.0042,0.18037,-0.05973,-0.06923,-3.04801,-3.65128,0.62999,-4.06362,0.32415,-0.06394,-0.08699
15.32,8.73406,-2.07366,1.49356,3.82174,-0.43543,-0.1602,3.53815,0.12747,-0.90108,-1.87375,-0.13614,0.07588,0.24464,6.24085,1.29578,1.93509,0.37115,0.20075,-0.06277,-0.20056,1.62125,-4.83808,0.62352,-3.77684,0.2005,-0.06661,-0.07824,-3.24603,-3.32888,0.63768,-4.18442,0.32204,-0.06625,-0.08499
15.34,9.64331,-3.4132,1.69956,3.84882,-0.51347,-0.17199,3.56317,0.16963,-0.88386,-1.86502,-0.13407,0.0844,0.24296,6.36098,1.25017,1.81737,0.64147,0.18039,-0.10528,-0.16342,1.90455,-4.95272,0.60847,-3.58738,0.22022,-0.06973,-0.08246,-3.45557,-2.92304,0.64007,-4.30289,0.31981,-0.06764,-0.08154
15.36,10.66148,-4.77007,1.82314,3.86786,-0.60282,-0.18375,3.58915,0.21517,-0.86663,-1.85058,-0.13113,0.09228,0.24038,6.47189,1.10359,1.65364,0.92612,0.15582,-0.14074,-0.11659,2.26177,-4.85498,0.57632,-3.33992,0.24224,-0.07016,-0.08234,-3.6884,-2.49387,0.64321,-4.40486,0.31821,-0.06971,-0.07854
15.38,11.67664,-6.14663,1.85558,3.8788,-0.70371,-0.19545,3.61336,0.2675,-0.84749,-1.83285,-0.12682,0.1011,0.23676,6.58678,0.84662,1.4542,1.22126,0.12931,-0.16839,-0.06395,2.61614,-4.54714,0.52929,-3.08935,0.26174,-0.0676,-0.07826,-3.98554,-2.03949,0.64609,-4.48429,0.31776,-0.07302,-0.07677
15.4,12.7463,-7.46953,1.78595,3.87394,-0.81322,-0.2063,3.63969,0.31918,-0.83147,-1.80846,-0.12284,0.1077,0.23272,6.71085,0.49349,1.22216,1.53741,0.0978,-0.18764,0.00162,2.90788,-4.05639,0.46723,-2.84309,0.2806,-0.06336,-0.0711,-4.23979,-1.60764,0.65677,-4.56395,0.3171,-0.07589,-0.07479
15.42,14.01289,-8.647,1.63083,3.84608,-0.92658,-0.21542,3.67238,0.36036,-0.82509,-1.7741,-0.12152,0.10819,0.22928,6.88996,0.09282,0.9742,1.89513,0.05988,-0.19422,0.08827,3.10466,-3.47122,0.39451,-2.60457,0.30165,-0.05921,-0.06212,-4.34164,-1.25786,0.68552,-4.66587,0.31465,-0.07651,-0.07103
15.44,15.35569,-9.77147,1.46291,3.80531,-1.04123,-0.2232,3.70316,0.39918,-0.82123,-1.7355,-0.12068,0.10673,0.2256,7.16283,-0.29102,0.75806,2.26368,0.02601,-0.1864,0.17732,3.23672,-2.88109,0.32376,-2.39663,0.3199,-0.05537,-0.05281,-4.3992,-0.98934,0.73089,-4.76054,0.31182,-0.07744,-0.06857
15.46,16.64365,-10.93863,1.35352,3.76037,-1.15509,-0.23012,3.72607,0.44211,-0.81419,-1.69721,-0.11881,0.10633,0.22125,7.52237,-0.60298,0.59818,2.60934,0.00236,-0.1717,0.25322,3.34539,-2.3186,0.26339,-2.22615,0.33248,-0.05188,-0.04418,-4.51194,-0.77819,0.78643,-4.82117,0.31,-0.08054,-0.06964
15.48,17.86395,-12.16307,1.34044,3.70986,-1.26656,-0.23633,3.74222,0.48638,-0.80604,-1.65806,-0.11704,0.10508,0.21669,7.96548,-0.80192,0.49009,2.93121,-0.0091,-0.15523,0.31706,3.43819,-1.79777,0.21425,-2.11153,0.3402,-0.04882,-0.03636,-4.70055,-0.60239,0.84642,-4.84459,0.30911,-0.08452,-0.07289
15.5,19.06331,-13.43421,1.52093,3.65866,-1.37019,-0.24134,3.7502,0.53132,-0.79481,-1.61937,-0.11469,0.10504,0.21167,8.42854,-0.79948,0.42783,3.20603,-0.01706,-0.13765,0.36697,3.45805,-1.32538,0.17053,-2.01789,0.34485,-0.04676,-0.02983,-4.7609,-0.46945,0.90902,-4.84075,0.30703,-0.08871,-0.07856
15.52,20.30924,-14.64547,1.94038,3.61061,-1.46129,-0.24455,3.74943,0.57627,-0.77823,-1.58248,-0.11094,0.10872,0.20593,8.84965,-0.56308,0.38748,3.43845,-0.03865,-0.11126,0.40852,3.34441,-0.88421,0.12516,-1.89832,0.3484,-0.04599,-0.02469,-4.45544,-0.32548,0.96169,-4.81684,0.30077,-0.09202,-0.08632
15.54,21.45902,-15.7746,2.47911,3.56665,-1.54194,-0.24713,3.74083,0.6207,-0.75869,-1.54727,-0.10708,0.11335,0.20018,9.21164,-0.20563,0.3557,3.63598,-0.06517,-0.07852,0.44345,3.17849,-0.451,0.07978,-1.79217,0.35015,-0.04534,-0.01986,-3.99632,-0.05552,0.96975,-4.74522,0.29278,-0.09202,-0.09262
15.56,22.37317,-16.84654,3.04058,3.52716,-1.61404,-0.24999,3.72539,0.66447,-0.73807,-1.5141,-0.10398,0.11708,0.19495,9.5019,0.18399,0.32679,3.79549,-0.08511,-0.04445,0.47025,3.02014,-0.02055,0.03629,-1.73188,0.34936,-0.04407,-0.01489,-3.59005,0.39635,0.90381,-4.61957,0.28492,-0.08756,-0.09481
15.58,23.06745,-17.82546,3.63904,3.48913,-1.67684,-0.25259,3.70594,0.70528,-0.71679,-1.48244,-0.1013,0.12072,0.1899,9.69831,0.627,0.28191,3.93058,-0.10249,0.00459,0.49052,2.82745,0.40334,-0.00788,-1.70185,0.34697,-0.04257,-0.01002,-3.19153,1.06787,0.74568,-4.46786,0.27479,-0.07899,-0.09199
15.6,23.4984,-18.60339,4.04992,3.46799,-1.72753,-0.25611,3.67902,0.74531,-0.69497,-1.45643,-0.09924,0.12381,0.18595,9.76123,0.89739,0.2483,3.99669,-0.11482,0.0441,0.49721,2.63705,0.8096,-0.05025,-1.69347,0.34374,-0.04054,-0.00516,-2.79839,1.88382,0.48907,-4.2779,0.26678,-0.06342,-0.08237
15.62,23.63153,-19.089,4.02806,3.4804,-1.76441,-0.262,3.63979,0.78775,-0.67217,-1.44068,-0.09792,0.12588,0.18417,9.68755,0.74855,0.25688,3.94728,-0.12185,0.0398,0.49254,2.49395,1.18476,-0.08808,-1.70002,0.34034,-0.03763,-0.00021,-2.42393,2.73747,0.1522,-4.05286,0.26491,-0.03826,-0.06528
15.64,23.49812,-19.42294,3.81562,3.50974,-1.78946,-0.26866,3.5966,0.8274,-0.65039,-1.43115,-0.097,0.1274,0.18348,9.46806,0.43422,0.2754,3.81569,-0.12456,0.0234,0.47756,2.34,1.51957,-0.12259,-1.72198,0.33686,-0.03455,0.00436,-2.10656,3.65166,-0.24779,-3.84504,0.264,-0.00858,-0.04337
15.66,23.17523,-19.71335,3.62971,3.54184,-1.80495,-0.27473,3.55651,0.85955,-0.63156,-1.42476,-0.09629,0.12871,0.18306,9.13948,0.17537,0.27827,3.64477,-0.12306,0.0178,0.45537,2.13333,1.80976,-0.15464,-1.76168,0.33331,-0.0318,0.0082,-1.86999,4.62966,-0.69721,-3.69152,0.26061,0.02181,-0.01814
15.68,22.70567,-20.01653,3.46712,3.57948,-1.81219,-0.28072,3.51668,0.88522,-0.61454,-1.42323,-0.09561,0.13005,0.18318,8.73333,-0.04384,0.28025,3.42601,-0.11679,0.00851,0.42601,1.87513,2.05821,-0.18448,-1.81343,0.33002,-0.02919,0.01148,-1.68977,5.61109,-1.17828,-3.61224,0.25459,0.05465,0.01071
15.7,22.07598,-20.31471,3.35022,3.62611,-1.80709,-0.28574,3.48416,0.90071,-0.60395,-1.42597,-0.09534,0.13054,0.18384,8.20881,-0.16176,0.30016,3.13944,-0.10587,-0.00027,0.38681,1.59586,2.25256,-0.20983,-1.87408,0.32712,-0.02713,0.01389,-1.53189,6.47925,-1.62722,-3.56287,0.25192,0.08358,0.03781
15.72,21.23398,-20.64898,3.31681,3.68465,-1.78601,-0.28887,3.4684,0.90147,-0.60566,-1.43126,-0.09598,0.12921,0.18505,7.5216,-0.08533,0.35629,2.75708,-0.08997,-0.00354,0.33479,1.32759,2.38303,-0.22937,-1.942,0.32464,-0.02592,0.01521,-1.35592,7.18668,-1.97758,-3.48784,0.25914,0.10244,0.05773
15.74,20.23924,-21.09821,3.37268,3.74869,-1.75372,-0.29068,3.46096,0.89035,-0.61449,-1.44029,-0.09707,0.12707,0.18679,6.79965,0.16165,0.45452,2.30271,-0.06807,-0.01126,0.27265,1.04612,2.46805,-0.24604,-2.01269,0.32271,-0.02527,0.01579,-1.15592,7.80175,-2.2574,-3.43378,0.2701,0.11696,0.07435
15.76,19.18178,-21.61714,3.45621,3.81139,-1.71507,-0.29166,3.45539,0.8704,-0.62581,-1.45313,-0.09811,0.12505,0.18891,6.16407,0.49565,0.5925,1.82061,-0.04148,-0.02384,0.20516,0.72731,2.53014,-0.26272,-2.08353,0.32136,-0.02485,0.016,-0.93761,8.34772,-2.49891,-3.4431,0.27926,0.13146,0.09078
15.78,18.07314,-22.15979,3.51546,3.8731,-1.67069,-0.2918,3.45565,0.84133,-0.64114,-1.46653,-0.09904,0.12314,0.19115,5.61471,0.88851,0.77735,1.30961,-0.01109,-0.03659,0.13251,0.37983,2.57876,-0.28005,-2.15323,0.32051,-0.02425,0.01613,-0.70405,8.80069,-2.69137,-3.49803,0.28816,0.14391,0.10546
15.8,16.8794,-22.57688,3.47559,3.93084,-1.61817,-0.29028,3.45608,0.80525,-0.65798,-1.48482,-0.10045,0.12063,0.19381,5.1642,1.23916,0.97867,0.78517,0.02272,-0.04594,0.05635,0.04056,2.60911,-0.29631,-2.21882,0.32015,-0.02458,0.01567,-0.43577,9.16404,-2.8238,-3.56232,0.29798,0.15407,0.11768
15.82,15.56354,-22.7559,3.29461,3.98167,-1.55502,-0.28618,3.44838,0.76568,-0.67268,-1.51409,-0.10316,0.11642,0.19732,4.80788,1.47724,1.15507,0.26294,0.05801,-0.04649,-0.02178,-0.25514,2.6153,-0.31005,-2.27754,0.32018,-0.02716,0.01404,-0.11806,9.45706,-2.89063,-3.5986,0.30939,0.16243,0.12736
15.84,14.2336,-22.76305,3.00985,4.02504,-1.48707,-0.28054,3.44001,0.72339,-0.68672,-1.54538,-0.10627,0.11155,0.20086,4.53798,1.64582,1.31825,-0.24742,0.09214,-0.03718,-0.099,-0.52999,2.6179,-0.32361,-2.3312,0.32046,-0.03052,0.01208,0.21258,9.6679,-2.90532,-3.62585,0.32092,0.16859,0.13467
15.86,12.97961,-22.6408,2.656,4.06055,-1.41994,-0.27438,3.43565,0.67985,-0.70088,-1.57262,-0.1091,0.10701,0.2039,4.35775,1.76497,1.48133,-0.73321,0.12466,-0.02052,-0.17243,-0.80655,2.63605,-0.33858,-2.38131,0.32086,-0.03342,0.01048,0.53402,9.77443,-2.88158,-3.67143,0.33091,0.17262,0.13995
15.88,11.76683,-22.37902,2.25393,4.08947,-1.35458,-0.26765,3.42853,0.63933,-0.71293,-1.60088,-0.11221,0.10163,0.20679,4.25513,1.82128,1.64008,-1.19378,0.15418,0.0023,-0.24152,-1.08009,2.67605,-0.35474,-2.42662,0.32133,-0.03632,0.00911,0.85974,9.76473,-2.81893,-3.72969,0.33923,0.17497,0.1433
15.9,10.726,-21.96969,1.82688,4.10571,-1.29375,-0.26057,3.42887,0.59933,-0.72488,-1.621,-0.11461,0.09778,0.20878,4.20869,1.80771,1.7701,-1.59155,0.18144,0.03102,-0.30101,-1.32216,2.71703,-0.36917,-2.47042,0.32171,-0.03918,0.00778,1.15834,9.67171,-2.71849,-3.77611,0.3463,0.17423,0.14389
15.92,10.00542,-21.47183,1.41544,4.10243,-1.24102,-0.2535,3.45025,0.55652,-0.73979,-1.6221,-0.115,0.09871,0.20915,4.19435,1.73716,1.85571,-1.89351,0.21228,0.06504,-0.34704,-1.49922,2.73805,-0.3792,-2.51597,0.3219,-0.04187,0.00634,1.39241,9.53342,-2.58244,-3.78208,0.35224,0.16826,0.14051
15.94,9.47235,-20.95827,1.06157,4.08743,-1.1978,-0.24684,3.4779,0.51866,-0.75437,-1.61682,-0.11456,0.10133,0.20879,4.20621,1.63206,1.91889,-2.12107,0.24372,0.09992,-0.38246,-1.64229,2.7619,-0.38704,-2.56108,0.32191,-0.04452,0.00492,1.58859,9.31171,-2.41713,-3.76865,0.35583,0.15888,0.13413
15.96,9.01161,-20.47277,0.7904,4.06786,-1.16536,-0.24096,3.49982,0.49261,-0.76555,-1.61522,-0.11419,0.10329,0.20841,4.23756,1.50464,1.97618,-2.29601,0.27147,0.13136,-0.40987,-1.78038,2.80907,-0.3948,-2.6048,0.32173,-0.04713,0.00365,1.78084,8.9713,-2.22921,-3.75961,0.35625,0.14772,0.12564
15.98,8.65254,-20.0431,0.61377,4.04263,-1.14446,-0.23582,3.52175,0.4787,-0.77394,-1.61342,-0.11322,0.10606,0.20781,4.2702,1.35642,2.02488,-2.42359,0.29858,0.15855,-0.42968,-1.89859,2.88355,-0.40307,-2.6489,0.32133,-0.04969,0.00258,1.9887,8.51729,-2.02051,-3.74363,0.35364,0.1333,0.11404
16,8.38709,-19.79962,0.58307,4.01337,-1.13986,-0.23257,3.53508,0.47954,-0.77784,-1.6163,-0.11231,0.10831,0.20708,4.29598,1.22702,2.05351,-2.45879,0.3164,0.17511,-0.43804,-2.01126,2.96112,-0.40937,-2.6939,0.32069,-0.05222,0.00139,2.15096,8.00559,-1.80825,-3.71738,0.34836,0.11899,0.10167
16.02,8.2104,-19.88682,0.74522,3.98253,-1.15715,-0.23259,3.52898,0.49827,-0.7752,-1.62969,-0.11243,0.10832,0.20631,4.32518,1.16263,2.06258,-2.36538,0.31654,0.17687,-0.43297,-2.13656,3.01965,-0.41155,-2.73932,0.31983,-0.0547,-0.00019,2.2001,7.50391,-1.60964,-3.67369,0.3411,0.10877,0.09137
16.04,8.08931,-20.1879,1.04499,3.95083,-1.19242,-0.23492,3.5126,0.5348,-0.76693,-1.64819,-0.11265,0.1078,0.2055,4.34646,1.12529,2.0517,-2.19279,0.30741,0.16735,-0.4182,-2.26009,3.08398,-0.41292,-2.78705,0.31877,-0.05713,-0.00187,2.21478,6.98512,-1.42119,-3.61104,0.3318,0.09952,0.08121
16.06,7.99053,-20.58953,1.42882,3.91963,-1.24148,-0.2387,3.49277,0.58862,-0.75388,-1.66816,-0.11243,0.10801,0.20476,4.34691,1.07749,2.01943,-1.98626,0.29497,0.15108,-0.39643,-2.37101,3.17504,-0.41629,-2.83811,0.31754,-0.05951,-0.00339,2.27626,6.42564,-1.24001,-3.52582,0.32065,0.08866,0.06952
16.08,7.92165,-21.07094,1.88067,3.89048,-1.30435,-0.2442,3.46725,0.65937,-0.73622,-1.69103,-0.11212,0.10857,0.20385,4.32767,1.01629,1.96031,-1.74555,0.27721,0.13163,-0.36691,-2.46926,3.29094,-0.42192,-2.89151,0.31621,-0.06175,-0.00472,2.39922,5.86032,-1.07041,-3.39391,0.30879,0.07659,0.0566
16.1,7.83365,-21.58598,2.37649,3.86506,-1.38034,-0.25162,3.4364,0.74584,-0.71376,-1.7154,-0.11194,0.10909,0.20356,4.29927,0.94309,1.85478,-1.44893,0.24979,0.10445,-0.32644,-2.57,3.40481,-0.42731,-2.95065,0.31471,-0.06411,-0.00623,2.52581,5.33409,-0.92952,-3.25523,0.29622,0.06635,0.04494
16.12,7.68603,-21.99515,2.8624,3.84577,-1.46762,-0.26101,3.40125,0.84617,-0.68626,-1.73911,-0.11225,0.10884,0.20504,4.28527,0.83649,1.67247,-1.06451,0.2068,0.06894,-0.26745,-2.68806,3.48771,-0.42968,-3.01845,0.31301,-0.06688,-0.00823,2.5843,4.89745,-0.82831,-3.15017,0.28343,0.06124,0.03709
16.14,7.54105,-22.17424,3.28,3.83367,-1.56215,-0.27192,3.36298,0.95739,-0.65496,-1.76295,-0.1129,0.10859,0.20715,4.30154,0.65732,1.42073,-0.62209,0.15312,0.0394,-0.19142,-2.80591,3.55583,-0.43115,-3.09125,0.31125,-0.06981,-0.01044,2.65922,4.54451,-0.75215,-3.02909,0.27238,0.05812,0.03067
16.16,7.47047,-22.10163,3.61627,3.82987,-1.65872,-0.28373,3.32415,1.07514,-0.62192,-1.78743,-0.11386,0.10885,0.20912,4.36572,0.4093,1.13711,-0.16378,0.09721,0.02367,-0.10834,-2.90772,3.62464,-0.4336,-3.16516,0.30959,-0.07269,-0.01253,2.83646,4.2647,-0.69061,-2.84367,0.26482,0.0544,0.02365
16.18,7.52519,-21.75516,3.86647,3.83691,-1.75313,-0.29613,3.28766,1.19487,-0.58914,-1.8109,-0.11585,0.10791,0.21188,4.50812,0.11468,0.8446,0.31526,0.04199,0.01922,-0.02244,-2.99329,3.69072,-0.4368,-3.23792,0.30812,-0.07536,-0.01437,3.11073,4.09682,-0.64642,-2.57079,0.26216,0.05184,0.01705
16.2,7.71743,-21.14523,4.04346,3.85379,-1.83994,-0.30833,3.25318,1.31135,-0.55631,-1.83449,-0.11724,0.10932,0.21386,4.75271,-0.2092,0.55482,0.79837,-0.01013,0.02712,0.06406,-3.06956,3.70999,-0.43614,-3.31423,0.30672,-0.0786,-0.01679,3.42199,3.98553,-0.61729,-2.3117,0.26307,0.04928,0.01059
16.22,8.10373,-20.27853,4.19426,3.87865,-1.91413,-0.31953,3.2188,1.41935,-0.52253,-1.85966,-0.11579,0.11815,0.21266,5.1445,-0.5428,0.26951,1.28049,-0.0611,0.05621,0.15189,-3.14455,3.63627,-0.42661,-3.39666,0.3054,-0.08331,-0.02067,3.69524,3.86231,-0.5945,-2.18299,0.26618,0.04516,0.00397
16.24,8.77469,-19.26634,4.37706,3.91469,-1.96931,-0.32888,3.19027,1.51221,-0.49189,-1.88292,-0.1138,0.12928,0.2101,5.66785,-0.81509,0.03932,1.74274,-0.1052,0.10025,0.22931,-3.20032,3.49763,-0.41119,-3.47741,0.30436,-0.08869,-0.02523,3.96415,3.79175,-0.5754,-2.07942,0.27335,0.04172,-0.00179
16.26,9.69165,-18.23779,4.59264,3.96389,-2.00064,-0.33569,3.1726,1.58346,-0.46911,-1.90153,-0.11282,0.13848,0.20803,6.23486,-0.97919,-0.11508,2.15591,-0.13705,0.14567,0.28878,-3.22417,3.32481,-0.39324,-3.54768,0.30387,-0.09402,-0.02971,4.26546,3.82729,-0.56187,-1.90743,0.28568,0.04036,-0.00615
16.28,10.80871,-17.20679,4.82505,4.02377,-2.00798,-0.33983,3.16321,1.62941,-0.45455,-1.91497,-0.11157,0.14876,0.20462,6.82464,-1.04188,-0.23004,2.54331,-0.15721,0.19557,0.33431,-3.22874,3.1167,-0.37259,-3.60033,0.30434,-0.09938,-0.03421,4.56657,3.95906,-0.5525,-1.69861,0.30225,0.04014,-0.0093
16.3,11.86116,-16.33421,4.97303,4.09502,-1.9773,-0.33856,3.17271,1.63892,-0.45294,-1.92123,-0.11149,0.15486,0.20304,7.17689,-1.04136,-0.29556,2.75656,-0.16403,0.23543,0.35201,-3.17912,2.83712,-0.34556,-3.64779,0.30508,-0.10528,-0.03928,4.81717,4.10403,-0.54155,-1.50415,0.32004,0.04217,-0.01055
16.32,12.50928,-15.65649,4.83565,4.17851,-1.89666,-0.32953,3.21089,1.60121,-0.46929,-1.91854,-0.11413,0.1501,0.20785,7.00412,-1.06736,-0.32676,2.63382,-0.1619,0.24752,0.33597,-3.04075,2.45634,-0.30854,-3.70392,0.30549,-0.11247,-0.04567,4.97785,4.15084,-0.52153,-1.37288,0.33542,0.04765,-0.00941
16.34,12.88947,-15.08167,4.48178,4.26801,-1.77816,-0.31451,3.2683,1.52078,-0.49981,-1.90617,-0.11792,0.14085,0.21441,6.49707,-1.09179,-0.34685,2.31558,-0.14926,0.24443,0.29915,-2.84875,2.025,-0.26629,-3.75095,0.30646,-0.12,-0.05247,5.07475,4.12927,-0.49323,-1.27502,0.34925,0.0546,-0.00701
16.36,13.1808,-14.51616,4.01586,4.35517,-1.63534,-0.29579,3.33521,1.40323,-0.54142,-1.8841,-0.12146,0.13223,0.21937,5.86668,-1.06528,-0.36022,1.94,-0.12611,0.23452,0.2521,-2.64,1.59557,-0.22488,-3.77053,0.30899,-0.12713,-0.05885,5.12975,4.08063,-0.45881,-1.17658,0.36242,0.06135,-0.00429
16.38,13.44911,-13.91342,3.48068,4.43424,-1.47573,-0.27531,3.40317,1.25005,-0.59283,-1.85406,-0.12568,0.12117,0.22431,5.16743,-0.92874,-0.35647,1.5155,-0.09775,0.21439,0.19849,-2.43341,1.18003,-0.18625,-3.75871,0.31362,-0.13476,-0.06538,5.11509,3.96563,-0.41542,-1.0966,0.37252,0.06774,-0.00133
16.4,13.61747,-13.36507,2.90606,4.50501,-1.28392,-0.24815,3.49438,1.06046,-0.65554,-1.81233,-0.12959,0.11122,0.22741,4.37989,-0.74825,-0.26145,0.99377,-0.05861,0.17676,0.13392,-2.18718,0.77291,-0.14834,-3.74001,0.31841,-0.14068,-0.07047,5.06102,3.7115,-0.35807,-1.05798,0.38019,0.0733,0.00108
16.42,13.59671,-12.96478,2.3708,4.56449,-1.04058,-0.2077,3.63596,0.83677,-0.73148,-1.75299,-0.13141,0.1074,0.22675,3.52972,-0.49597,-0.01534,0.31229,-0.00622,0.11983,0.0522,-1.87807,0.36491,-0.10811,-3.7423,0.32119,-0.14212,-0.0721,5.01342,3.24029,-0.28098,-1.08509,0.38635,0.07771,0.00205
16.44,13.81013,-12.30078,1.95009,4.60797,-0.77397,-0.16077,3.79127,0.59424,-0.81491,-1.68343,-0.1323,0.10502,0.22452,2.92805,-0.06013,0.31633,-0.37562,0.04219,0.05529,-0.02859,-1.57641,-0.00876,-0.07106,-3.74219,0.32366,-0.1415,-0.07165,4.91535,2.60679,-0.18681,-1.16177,0.38898,0.08046,0.00174
16.46,14.4606,-11.02559,1.58613,4.63433,-0.50729,-0.11332,3.93092,0.34608,-0.89975,-1.61267,-0.13329,0.10081,0.22231,2.70115,0.43172,0.68413,-0.94931,0.07689,-0.00991,-0.09366,-1.34801,-0.32719,-0.04076,-3.71568,0.32754,-0.14093,-0.07041,4.73956,1.89235,-0.08237,-1.26794,0.38728,0.08165,0.0007
16.48,15.42775,-9.14413,1.23526,4.64701,-0.23465,-0.06266,4.06277,0.10197,-0.98209,-1.54049,-0.13385,0.09743,0.21953,2.76817,0.8454,1.08772,-1.4479,0.10233,-0.07278,-0.14823,-1.23673,-0.61444,-0.01285,-3.66147,0.33268,-0.13981,-0.06778,4.54683,1.11642,0.02871,-1.4123,0.38174,0.08269,-0.00052
16.5,16.46724,-6.7205,0.84747,4.6369,0.03134,-0.01194,4.17052,-0.12957,-1.06228,-1.4733,-0.1343,0.09216,0.21706,3.03234,1.13164,1.48764,-1.84203,0.11373,-0.14042,-0.1881,-1.12269,-0.87467,0.01633,-3.60737,0.33602,-0.13809,-0.06395,4.2521,0.33435,0.14033,-1.56371,0.37502,0.08167,-0.00224
16.52,17.23256,-4.12247,0.42869,4.59545,0.27768,0.03486,4.23907,-0.34358,-1.14228,-1.41765,-0.13514,0.08121,0.21579,3.36358,1.38698,1.8922,-2.17507,0.10395,-0.23639,-0.2062,-0.88244,-1.1325,0.05422,-3.58562,0.33351,-0.1358,-0.05957,3.75774,-0.39324,0.24156,-1.68709,0.37015,0.0765,-0.00475
16.54,17.62726,-1.43322,-0.02324,4.53798,0.50598,0.07888,4.27801,-0.52902,-1.21288,-1.37307,-0.13594,0.06889,0.21493,3.65678,1.56412,2.25393,-2.53782,0.08743,-0.34233,-0.21079,-0.66203,-1.42639,0.10956,-3.55761,0.32782,-0.1335,-0.05484,3.20444,-1.0436,0.32607,-1.80277,0.36568,0.07049,-0.00697
16.56,17.67361,1.41197,-0.50734,4.47541,0.71436,0.12043,4.2952,-0.67652,-1.26769,-1.33758,-0.13652,0.05854,0.21416,3.85529,1.58601,2.48934,-2.9197,0.07295,-0.43293,-0.21353,-0.57874,-1.7766,0.18974,-3.49752,0.32142,-0.13175,-0.05017,2.70462,-1.61304,0.39527,-1.92541,0.36025,0.06602,-0.00828
16.58,17.29564,4.33183,-0.9967,4.40082,0.90052,0.15901,4.29359,-0.78387,-1.31011,-1.30585,-0.13673,0.04859,0.21331,3.9317,1.48564,2.57162,-3.27718,0.05664,-0.50619,-0.20755,-0.61408,-2.21054,0.30516,-3.43079,0.31168,-0.13019,-0.04617,2.23468,-2.11536,0.45199,-2.04449,0.35489,0.06205,-0.00915
16.6,16.7674,6.973,-1.36344,4.33125,1.03854,0.18679,4.25977,-0.84513,-1.3312,-1.29502,-0.13704,0.0413,0.21342,3.91274,1.27466,2.49834,-3.50339,0.04584,-0.54784,-0.19055,-0.65926,-2.63625,0.43899,-3.33904,0.30232,-0.12979,-0.04276,1.79928,-2.52439,0.49349,-2.15127,0.34999,0.0584,-0.00992
16.62,16.32489,8.82306,-1.47024,4.27832,1.10262,0.19627,4.1819,-0.85764,-1.32146,-1.32598,-0.13818,0.03972,0.21593,3.8681,1.02532,2.36133,-3.56541,0.05118,-0.56451,-0.16146,-0.59926,-2.93345,0.56021,-3.21847,0.29686,-0.1313,-0.03956,1.40514,-2.81743,0.51764,-2.23975,0.34573,0.05503,-0.01081
16.64,15.90227,9.9244,-1.36169,4.2353,1.11498,0.19384,4.07899,-0.82631,-1.29167,-1.37719,-0.13934,0.04094,0.21934,3.82795,0.7991,2.24334,-3.50607,0.06696,-0.56257,-0.11784,-0.5101,-3.16852,0.6763,-3.10769,0.29134,-0.13304,-0.0367,1.05146,-3.05095,0.53332,-2.31446,0.3422,0.0516,-0.012
16.66,15.43663,10.4453,-1.10802,4.1968,1.0979,0.18592,3.97025,-0.75842,-1.25202,-1.43,-0.13991,0.04286,0.22248,3.80075,0.61467,2.17334,-3.36894,0.09143,-0.54465,-0.05584,-0.46674,-3.40588,0.79741,-3.04288,0.28275,-0.13409,-0.0347,0.74184,-3.27501,0.54851,-2.38165,0.33927,0.04808,-0.01352
16.68,14.86426,10.4986,-0.74999,4.16156,1.05343,0.17299,3.8575,-0.66058,-1.20192,-1.48926,-0.13992,0.04711,0.22573,3.74831,0.44931,2.12012,-3.20053,0.13666,-0.51096,0.0427,-0.44745,-3.61915,0.91764,-3.06194,0.26965,-0.13498,-0.03427,0.46268,-3.50389,0.56504,-2.44088,0.337,0.04454,-0.01537
16.7,14.37204,9.79019,-0.24571,4.14206,0.97017,0.15183,3.73826,-0.53427,-1.14292,-1.5553,-0.13973,0.05089,0.22874,3.78077,0.38167,2.18442,-2.98498,0.17003,-0.47458,0.11337,-0.34017,-3.7453,0.99632,-3.09598,0.26033,-0.13509,-0.03312,0.21931,-3.71,0.57983,-2.49281,0.33535,0.0405,-0.01773
16.72,14.32125,8.23399,0.46048,4.15153,0.83647,0.1186,3.60839,-0.37794,-1.07612,-1.62707,-0.13994,0.05055,0.23133,4.05277,0.36737,2.4003,-2.4746,0.13994,-0.4381,0.09096,-0.04593,-3.71828,0.98535,-3.07478,0.26368,-0.13352,-0.02828,0.01722,-3.86223,0.58942,-2.53937,0.33427,0.03557,-0.02071
16.74,14.12436,6.92503,1.08566,4.17449,0.67729,0.07999,3.48137,-0.20527,-1.00525,-1.69937,-0.14001,0.04953,0.23363,4.236,0.13864,2.34823,-1.70172,0.0923,-0.34734,0.04674,0.32453,-3.58264,0.91605,-3.08628,0.27077,-0.13081,-0.02211,-0.16468,-4.00207,0.59852,-2.58309,0.33363,0.0302,-0.02407
16.76,13.28927,6.15197,1.45082,4.1986,0.51644,0.04206,3.37054,-0.03278,-0.93555,-1.7674,-0.13973,0.05013,0.23571,4.13836,-0.23422,1.98523,-1.07706,0.06039,-0.22825,0.02226,0.66742,-3.40503,0.82496,-3.19762,0.27402,-0.12771,-0.01698,-0.34385,-4.16917,0.61153,-2.6264,0.33332,0.02482,-0.02756
16.78,11.94083,5.6551,1.58758,4.2298,0.35495,0.00306,3.26934,0.13615,-0.86824,-1.83175,-0.13966,0.05009,0.23752,3.85613,-0.64623,1.47293,-0.70095,0.04219,-0.0905,-0.01096,0.98323,-3.19492,0.71164,-3.38505,0.27554,-0.12378,-0.01238,-0.52821,-4.36662,0.62826,-2.67069,0.33324,0.0195,-0.03108
16.8,10.70679,4.92554,1.6692,4.26147,0.19639,-0.03366,3.19343,0.28935,-0.80789,-1.88433,-0.13929,0.05211,0.2389,3.62748,-0.93399,1.1013,-0.54398,0.04329,0.01279,-0.03105,1.30171,-2.89833,0.55988,-3.59182,0.27788,-0.1194,-0.00706,-0.70319,-4.54533,0.643,-2.71698,0.33323,0.01386,-0.03483
16.82,10.0342,3.98194,1.74077,4.28766,0.04325,-0.06395,3.1616,0.41182,-0.75887,-1.91845,-0.13794,0.05949,0.23976,3.56072,-1.1541,0.87008,-0.3435,0.0403,0.04972,-0.01891,1.62819,-2.45645,0.36296,-3.75491,0.2828,-0.11571,-0.00045,-0.84979,-4.65475,0.65031,-2.76661,0.33307,0.00739,-0.03918
16.84,9.5927,3.22275,1.70176,4.31149,-0.09699,-0.08989,3.15468,0.50606,-0.72005,-1.93959,-0.13627,0.0682,0.2399,3.55788,-1.39883,0.63686,-0.11007,0.03051,0.07633,0.00343,1.88891,-1.97139,0.16573,-3.90204,0.28761,-0.1123,0.00536,-0.98588,-4.74433,0.65521,-2.81892,0.33274,0.00059,-0.04378
16.86,9.23366,2.75269,1.55112,4.33455,-0.21788,-0.11303,3.15535,0.57688,-0.68978,-1.95264,-0.13495,0.07523,0.23951,3.60764,-1.66653,0.40822,0.1093,0.01747,0.11123,0.02331,2.0467,-1.54823,0.00073,-4.06808,0.2898,-0.10916,0.00856,-1.12835,-4.85949,0.66243,-2.8734,0.33228,-0.0061,-0.04837
16.88,9.01906,2.50183,1.33106,4.35869,-0.32314,-0.13287,3.16214,0.62563,-0.66612,-1.95982,-0.13377,0.08155,0.2387,3.73363,-1.93887,0.18424,0.35177,-0.00048,0.14687,0.04747,2.11984,-1.18427,-0.13102,-4.22422,0.29032,-0.10848,0.00845,-1.26679,-4.99476,0.67169,-2.93003,0.33159,-0.0131,-0.05325
16.9,8.99767,2.41377,1.08093,4.37449,-0.39881,-0.14719,3.18351,0.64642,-0.65556,-1.95363,-0.13238,0.08672,0.23719,3.91629,-2.13988,0.01638,0.55716,-0.01753,0.17574,0.06773,2.11095,-0.90235,-0.22234,-4.36436,0.28955,-0.10615,0.00699,-1.40154,-5.11371,0.67814,-2.98637,0.3307,-0.01985,-0.05799
16.92,9.14857,2.44678,0.80775,4.37308,-0.42974,-0.15384,3.22974,0.63241,-0.66593,-1.92519,-0.13036,0.0903,0.23472,4.08663,-2.21114,-0.0509,0.6425,-0.02836,0.18926,0.07651,2.02572,-0.73214,-0.26663,-4.49145,0.28738,-0.09627,0.00722,-1.53196,-5.18002,0.67679,-3.03877,0.32969,-0.02572,-0.06204
16.94,9.30854,2.56081,0.50584,4.36184,-0.43333,-0.15582,3.28409,0.59582,-0.68778,-1.88835,-0.12825,0.09252,0.23206,4.23011,-2.21248,-0.07339,0.66372,-0.03523,0.19391,0.07888,1.88285,-0.68896,-0.26375,-4.5959,0.28345,-0.08468,0.0067,-1.65365,-5.22536,0.6722,-3.08895,0.32854,-0.03135,-0.06594
16.96,9.36671,2.72043,0.18565,4.34758,-0.42463,-0.156,3.33126,0.54849,-0.71229,-1.85548,-0.12642,0.09374,0.2298,4.35522,-2.18521,-0.09176,0.67083,-0.04056,0.19603,0.0791,1.72051,-0.77651,-0.21805,-4.67092,0.27798,-0.07631,0.00324,-1.76699,-5.28246,0.66895,-3.13858,0.32724,-0.03724,-0.0701
16.98,9.33645,2.94013,-0.14699,4.32653,-0.40211,-0.15435,3.37603,0.49038,-0.74117,-1.82272,-0.12424,0.0948,0.22775,4.45452,-2.12287,-0.10272,0.65452,-0.04343,0.19497,0.07599,1.59686,-0.9835,-0.13578,-4.70997,0.27166,-0.0684,-0.0011,-1.87215,-5.34945,0.66687,-3.18679,0.32585,-0.04335,-0.07459
17,9.16473,3.1343,-0.47865,4.3041,-0.36739,-0.15085,3.40995,0.42726,-0.76995,-1.79921,-0.12304,0.09434,0.22652,4.50677,-2.03444,-0.08986,0.59511,-0.04212,0.19018,0.06731,1.4583,-1.30884,-0.0251,-4.7178,0.26361,-0.06338,-0.00735,-1.9745,-5.38702,0.66159,-3.23352,0.32437,-0.0491,-0.07867
17.02,8.80973,3.20797,-0.78761,4.28789,-0.32297,-0.14539,3.42239,0.36709,-0.79231,-1.79588,-0.12443,0.09072,0.22667,4.49647,-1.92929,-0.03255,0.47351,-0.03517,0.18106,0.05107,1.22788,-1.72354,0.09949,-4.69787,0.25318,-0.06427,-0.01683,-2.07712,-5.35689,0.64894,-3.27787,0.32277,-0.05402,-0.08158
17.04,8.35947,3.25747,-1.06464,4.2723,-0.27169,-0.13896,3.42327,0.31016,-0.80992,-1.8022,-0.1265,0.08613,0.2273,4.46093,-1.80979,0.04717,0.32458,-0.02515,0.16982,0.03116,1.00734,-2.17045,0.22453,-4.64354,0.24198,-0.06697,-0.02658,-2.17693,-5.29563,0.63394,-3.32045,0.32123,-0.05855,-0.08407
17.06,7.88406,3.36334,-1.30891,4.25376,-0.21764,-0.13254,3.42062,0.25639,-0.82489,-1.81043,-0.12803,0.0823,0.22799,4.42988,-1.68387,0.12481,0.18304,-0.0148,0.15896,0.01156,0.89287,-2.62267,0.34368,-4.54584,0.23142,-0.06877,-0.03469,-2.2743,-5.23982,0.62158,-3.36217,0.31985,-0.0632,-0.08682
17.08,7.41709,3.50291,-1.51496,4.23676,-0.16373,-0.12607,3.41321,0.20833,-0.83691,-1.82301,-0.12996,0.07821,0.22884,4.40151,-1.55667,0.20581,0.04558,-0.00406,0.1486,-0.00785,0.88453,-3.07781,0.45316,-4.38857,0.22208,-0.07057,-0.04166,-2.37428,-5.18731,0.61199,-3.40295,0.31857,-0.06821,-0.08979
17.1,6.95903,3.66243,-1.6795,4.21853,-0.11039,-0.11998,3.40564,0.16631,-0.84489,-1.83661,-0.13132,0.07503,0.22993,4.38644,-1.4367,0.28575,-0.08104,0.00635,0.13911,-0.0261,0.93635,-3.50377,0.54431,-4.21706,0.2135,-0.07185,-0.04734,-2.48069,-5.11596,0.60336,-3.44713,0.31756,-0.07246,-0.09242
17.12,6.50232,3.81687,-1.80155,4.19584,-0.05782,-0.11497,3.4021,0.12991,-0.84736,-1.84825,-0.13093,0.07437,0.23145,4.39482,-1.33055,0.35848,-0.18938,0.01563,0.13061,-0.04214,1.00826,-3.86617,0.61348,-4.07696,0.20573,-0.07203,-0.05153,-2.59674,-5.0006,0.5935,-3.49973,0.31706,-0.07468,-0.09413
17.14,6.11198,3.96548,-1.88652,4.1745,-0.01052,-0.11059,3.40281,0.09916,-0.84785,-1.85928,-0.13002,0.07473,0.23318,4.41762,-1.23806,0.42438,-0.28074,0.02368,0.12339,-0.05593,1.15617,-4.1993,0.6678,-3.9204,0.20069,-0.0721,-0.05508,-2.72373,-4.86953,0.58573,-3.5584,0.31683,-0.0762,-0.09551
17.16,5.8496,4.11712,-1.94126,4.15931,0.02798,-0.10654,3.40797,0.07346,-0.8492,-1.8705,-0.12953,0.07496,0.23493,4.45075,-1.16016,0.48226,-0.35446,0.03039,0.11785,-0.06731,1.44303,-4.53984,0.71185,-3.69974,0.20014,-0.07272,-0.05863,-2.86182,-4.7526,0.58369,-3.62073,0.31667,-0.07823,-0.09719
17.18,5.71268,4.2542,-1.96942,4.15171,0.05868,-0.10328,3.41523,0.0523,-0.84943,-1.88251,-0.12886,0.07511,0.23683,4.49981,-1.0969,0.5328,-0.41169,0.03582,0.11368,-0.07647,1.89271,-4.88068,0.74339,-3.397,0.2053,-0.07366,-0.06213,-3.00823,-4.64594,0.58724,-3.68612,0.31667,-0.08045,-0.09898
17.2,5.74439,4.32677,-1.97028,4.14876,0.07651,-0.1003,3.4347,0.03458,-0.85393,-1.8903,-0.12836,0.07596,0.23845,4.54948,-1.05002,0.57188,-0.45068,0.03976,0.11092,-0.0829,2.37809,-5.21922,0.76576,-3.10645,0.21377,-0.0756,-0.06643,-3.16554,-4.51927,0.59332,-3.75925,0.31664,-0.08251,-0.10052
17.22,5.99685,4.29025,-1.9434,4.14517,0.07599,-0.09693,3.47949,0.01857,-0.86973,-1.88739,-0.12845,0.07872,0.23924,4.5818,-1.01989,0.59488,-0.46966,0.04195,0.10951,-0.08592,2.7484,-5.53755,0.78772,-2.93945,0.22272,-0.07898,-0.07191,-3.33932,-4.34159,0.5988,-3.84544,0.31637,-0.08419,-0.10152
17.24,6.43615,4.11751,-1.88956,4.14725,0.0613,-0.09432,3.53509,0.00608,-0.8897,-1.87959,-0.12861,0.08215,0.23962,4.60848,-0.99584,0.61012,-0.47602,0.04315,0.1087,-0.0869,3.10956,-5.78394,0.80306,-2.80085,0.23433,-0.08235,-0.07694,-3.51567,-4.12531,0.60489,-3.93709,0.31598,-0.08562,-0.10199
17.26,7.03527,3.79465,-1.80944,4.15965,0.03636,-0.09337,3.58895,-0.00153,-0.90777,-1.87144,-0.12843,0.08528,0.23988,4.63861,-0.96859,0.62496,-0.47607,0.04404,0.10793,-0.08707,3.55858,-5.93258,0.805,-2.60449,0.25029,-0.08462,-0.08032,-3.68511,-3.888,0.61357,-4.02673,0.31557,-0.08711,-0.10207
17.28,7.83229,3.31135,-1.70157,4.17603,-0.00017,-0.09375,3.64728,-0.00577,-0.92657,-1.85803,-0.12763,0.08944,0.23956,4.66505,-0.93092,0.64028,-0.46991,0.04466,0.10675,-0.08621,4.05562,-5.97705,0.79754,-2.38261,0.2695,-0.08557,-0.08175,-3.84925,-3.62362,0.62426,-4.11222,0.31526,-0.08888,-0.10199
17.3,8.77002,2.55463,-1.54428,4.20595,-0.04955,-0.09653,3.69647,0.00054,-0.94013,-1.84424,-0.12704,0.09229,0.23901,4.69016,-0.87971,0.66091,-0.46109,0.04545,0.10494,-0.0853,4.48977,-5.86731,0.77591,-2.17493,0.28831,-0.08523,-0.08126,-3.99914,-3.2942,0.63205,-4.19726,0.31452,-0.08983,-0.10042
17.32,9.76142,1.40902,-1.31214,4.261,-0.1127,-0.10284,3.71932,0.02611,-0.94094,-1.83705,-0.12784,0.09067,0.23871,4.71891,-0.81637,0.69155,-0.45387,0.04697,0.10243,-0.0856,4.7498,-5.57585,0.73555,-2.02013,0.30253,-0.08391,-0.0792,-4.13064,-2.86497,0.6321,-4.28604,0.31278,-0.08889,-0.09609
17.34,10.89538,-0.00985,-1.01912,4.32531,-0.1883,-0.11168,3.72955,0.06392,-0.93459,-1.82742,-0.12871,0.08778,0.23777,4.75197,-0.73233,0.73222,-0.4444,0.04882,0.09871,-0.08611,4.90587,-5.1699,0.68469,-1.89484,0.31416,-0.08164,-0.07554,-4.24996,-2.37666,0.62888,-4.37086,0.31058,-0.0872,-0.09035
17.36,12.22582,-1.59998,-0.67832,4.38632,-0.27405,-0.12207,3.73795,0.10819,-0.92538,-1.80866,-0.12877,0.08604,0.23574,4.79026,-0.62204,0.78318,-0.43023,0.05069,0.09343,-0.08605,5.04133,-4.71085,0.63196,-1.7697,0.32503,-0.07855,-0.07052,-4.3667,-1.86625,0.62618,-4.44288,0.30859,-0.08585,-0.08455
17.38,13.66241,-3.37114,-0.28347,4.44686,-0.36767,-0.1336,3.73923,0.16158,-0.91142,-1.78391,-0.12896,0.0835,0.2329,4.83038,-0.49236,0.84501,-0.41569,0.05282,0.08679,-0.08618,5.14105,-4.21987,0.58184,-1.66508,0.33238,-0.07506,-0.06498,-4.49946,-1.33322,0.62313,-4.49931,0.30717,-0.08501,-0.079
17.4,15.29025,-5.27244,0.14844,4.50197,-0.47184,-0.14711,3.7367,0.22042,-0.89382,-1.75115,-0.12799,0.08298,0.22916,4.88917,-0.33597,0.91683,-0.39109,0.05461,0.07864,-0.08529,5.14821,-3.71559,0.52904,-1.57756,0.33867,-0.07187,-0.05914,-4.60095,-0.79148,0.6194,-4.54421,0.3056,-0.08379,-0.07284
17.42,17.21581,-7.22906,0.58813,4.54759,-0.58758,-0.16356,3.73598,0.27851,-0.87487,-1.70679,-0.12444,0.08783,0.22458,4.9851,-0.14624,0.99635,-0.34329,0.05519,0.06893,-0.08162,5.00891,-3.21579,0.46696,-1.50084,0.34722,-0.06942,-0.0529,-4.63103,-0.25842,0.61471,-4.5771,0.30324,-0.08118,-0.06513
17.44,19.21774,-9.21857,1.03021,4.58612,-0.70628,-0.18075,3.73437,0.33696,-0.85453,-1.65555,-0.12004,0.09404,0.21943,5.09488,0.0548,1.07958,-0.28484,0.05505,0.05849,-0.0766,4.78832,-2.74188,0.40556,-1.44717,0.3543,-0.06752,-0.04692,-4.62387,0.22875,0.61325,-4.58871,0.30143,-0.07896,-0.05817
17.46,21.11907,-11.20517,1.46831,4.61857,-0.82163,-0.197,3.7307,0.39632,-0.8334,-1.60265,-0.11608,0.09897,0.2141,5.19985,0.25039,1.16318,-0.2276,0.05472,0.04802,-0.07163,4.55065,-2.30086,0.35154,-1.42072,0.35744,-0.06582,-0.04161,-4.61705,0.64043,0.6189,-4.56757,0.30147,-0.07855,-0.05393
17.48,22.93617,-13.11318,1.87814,4.64617,-0.93163,-0.21281,3.72775,0.45237,-0.81382,-1.54842,-0.112,0.10384,0.20868,5.30458,0.43978,1.24357,-0.16768,0.05397,0.03786,-0.0664,4.28887,-1.88255,0.30044,-1.4227,0.35776,-0.064,-0.03663,-4.65528,0.98445,0.63043,-4.49945,0.30371,-0.07907,-0.0517
17.5,24.54569,-14.96553,2.25976,4.66339,-1.03537,-0.22667,3.72483,0.5051,-0.79483,-1.49779,-0.10808,0.10777,0.20351,5.39962,0.61447,1.31894,-0.11102,0.05287,0.02814,-0.06094,3.99511,-1.47769,0.24886,-1.43639,0.35653,-0.06252,-0.03197,-4.53353,1.1736,0.65307,-4.40356,0.30697,-0.08187,-0.05332
17.52,25.82623,-16.81894,2.6237,4.66403,-1.13392,-0.23693,3.72061,0.5557,-0.77444,-1.45635,-0.10461,0.10995,0.19893,5.47617,0.76845,1.38968,-0.06564,0.05147,0.01882,-0.05522,3.66117,-1.07299,0.19417,-1.44076,0.35505,-0.06192,-0.02757,-3.99847,1.16074,0.68804,-4.29742,0.30935,-0.08797,-0.06025
17.54,26.84118,-18.55555,2.94837,4.65614,-1.22368,-0.24505,3.7168,0.60028,-0.75609,-1.42349,-0.10132,0.11145,0.19501,5.53968,0.90429,1.45266,-0.02748,0.04983,0.01039,-0.04953,3.31448,-0.65834,0.13663,-1.44963,0.35297,-0.06127,-0.02303,-3.25134,1.09883,0.71479,-4.13973,0.31221,-0.09375,-0.0687
17.56,27.64574,-20.08708,3.21859,4.64603,-1.30179,-0.25212,3.71462,0.63616,-0.74226,-1.39811,-0.09805,0.11293,0.19178,5.59282,1.02282,1.50545,0.00662,0.04814,0.00317,-0.04432,2.97397,-0.23681,0.07765,-1.47582,0.3498,-0.05997,-0.01832,-2.50078,1.1111,0.708,-3.91648,0.31626,-0.09643,-0.07519
17.58,28.23382,-21.46915,3.44306,4.63057,-1.37041,-0.25766,3.71386,0.66401,-0.73093,-1.38038,-0.09443,0.11473,0.18912,5.63493,1.12447,1.54936,0.03584,0.0464,-0.00307,-0.03932,2.61482,0.18565,0.01712,-1.51314,0.3462,-0.05852,-0.01365,-1.71546,1.24189,0.65192,-3.66197,0.31922,-0.09556,-0.07831
17.6,28.53039,-22.59245,3.61403,4.61255,-1.42528,-0.262,3.71144,0.68493,-0.72423,-1.37368,-0.09168,0.11553,0.18755,5.65877,1.20345,1.58026,0.05579,0.04499,-0.0077,-0.03553,2.27249,0.59121,-0.04078,-1.5612,0.34245,-0.05681,-0.00922,-0.89423,1.53089,0.52019,-3.36876,0.32332,-0.08918,-0.07683
17.62,28.47173,-23.34576,3.72455,4.59577,-1.46234,-0.26578,3.70365,0.70105,-0.72488,-1.3813,-0.09135,0.11356,0.1876,5.65766,1.2543,1.59383,0.06239,0.04435,-0.01007,-0.03413,1.99074,0.96422,-0.09283,-1.62098,0.33867,-0.05461,-0.00519,-0.08017,2.03369,0.29394,-3.04779,0.33044,-0.07601,-0.0707
17.64,28.15748,-23.86227,3.78862,4.57611,-1.48741,-0.26859,3.69342,0.71271,-0.72862,-1.39706,-0.09188,0.11054,0.1884,5.63929,1.28384,1.59539,0.06017,0.04419,-0.01098,-0.03408,1.71672,1.29514,-0.13992,-1.68994,0.3351,-0.05256,-0.00181,0.61022,2.74401,-0.0108,-2.76288,0.33658,-0.05777,-0.05974
17.66,27.6845,-24.25599,3.81734,4.55092,-1.5056,-0.27025,3.68261,0.72003,-0.73195,-1.41564,-0.09219,0.10792,0.18933,5.61166,1.29854,1.58942,0.05394,0.0442,-0.01108,-0.03443,1.41188,1.58521,-0.18309,-1.76715,0.3318,-0.05106,0.00082,1.09879,3.59656,-0.37119,-2.55888,0.33894,-0.03656,-0.04418
17.68,27.07384,-24.53657,3.81321,4.5228,-1.51723,-0.27128,3.66843,0.72462,-0.73592,-1.43681,-0.09307,0.10449,0.19052,5.57747,1.29933,1.57573,0.04476,0.04437,-0.01033,-0.03516,1.09206,1.83869,-0.2222,-1.85267,0.32878,-0.0499,0.00283,1.37325,4.55427,-0.7754,-2.46379,0.33701,-0.01399,-0.02581
17.7,26.30408,-24.63983,3.77315,4.48924,-1.52066,-0.27096,3.65458,0.7256,-0.73764,-1.45826,-0.09387,0.10206,0.19171,5.53159,1.28355,1.55509,0.02964,0.04488,-0.00871,-0.03672,0.76525,2.0412,-0.25459,-1.93916,0.32618,-0.04943,0.00396,1.52288,5.41301,-1.15362,-2.41901,0.33603,0.00852,-0.00706
17.72,25.34785,-24.49891,3.69485,4.44714,-1.51413,-0.26841,3.64554,0.72156,-0.73363,-1.47795,-0.09373,0.103,0.19273,5.4683,1.24854,1.52865,0.00517,0.04592,-0.00622,-0.03957,0.43602,2.1784,-0.27779,-2.01829,0.32414,-0.05006,0.00394,1.6986,6.0158,-1.42484,-2.3511,0.34177,0.03075,0.00969
17.74,24.29395,-24.22821,3.5892,4.40126,-1.50153,-0.26482,3.63656,0.715,-0.72653,-1.49572,-0.09353,0.10522,0.19363,5.39945,1.20159,1.49823,-0.02266,0.04714,-0.00316,-0.0429,0.10933,2.27268,-0.29494,-2.09426,0.32254,-0.05129,0.00324,1.87997,6.4777,-1.61591,-2.31874,0.34965,0.05125,0.02392
17.76,23.22686,-23.9423,3.4692,4.35568,-1.48737,-0.26132,3.62427,0.7085,-0.71828,-1.51119,-0.09392,0.10699,0.19446,5.33491,1.15053,1.46619,-0.04888,0.04824,0.00011,-0.04598,-0.21415,2.34761,-0.30911,-2.17057,0.32123,-0.05271,0.00227,2.01009,6.88289,-1.76546,-2.3771,0.35539,0.06933,0.03654
17.78,22.14352,-23.6366,3.34014,4.31028,-1.47217,-0.25771,3.6111,0.70222,-0.70843,-1.52372,-0.0948,0.10862,0.19517,5.27236,1.09647,1.43414,-0.07527,0.04935,0.00347,-0.04908,-0.53126,2.41019,-0.32082,-2.244,0.32023,-0.05444,0.00108,2.09146,7.21636,-1.87358,-2.51304,0.35973,0.08779,0.04903
17.8,21.08554,-23.32422,3.20062,4.26678,-1.45641,-0.25448,3.59684,0.69668,-0.69691,-1.53282,-0.09551,0.11094,0.19561,5.21651,1.04189,1.40269,-0.09878,0.05027,0.00681,-0.05179,-0.82791,2.45056,-0.32869,-2.31307,0.31954,-0.05625,-0.00031,2.21845,7.44791,-1.92379,-2.66693,0.36565,0.1019,0.05906
17.82,20.10017,-23.02217,3.04914,4.22684,-1.44088,-0.25223,3.58096,0.69275,-0.68367,-1.53787,-0.09514,0.11501,0.19545,5.17286,0.98946,1.37215,-0.11573,0.05078,0.00999,-0.05365,-1.08976,2.45687,-0.33094,-2.37657,0.31915,-0.0579,-0.00191,2.47481,7.57262,-1.90799,-2.77215,0.37571,0.10533,0.06363
17.84,19.16825,-22.75069,2.89796,4.19061,-1.42727,-0.25079,3.56524,0.69104,-0.66954,-1.53983,-0.09426,0.11961,0.19479,5.137,0.9409,1.34417,-0.12942,0.05113,0.0129,-0.05509,-1.32831,2.45267,-0.33055,-2.43518,0.319,-0.05951,-0.00355,2.71959,7.6596,-1.87049,-2.87166,0.38554,0.1048,0.06683
17.86,18.27669,-22.54287,2.75926,4.15823,-1.41758,-0.25013,3.55092,0.69212,-0.65535,-1.53995,-0.09346,0.1237,0.19389,5.10585,0.89833,1.32017,-0.14217,0.05149,0.01542,-0.05643,-1.55449,2.46109,-0.33063,-2.49022,0.31901,-0.06111,-0.005,2.84717,7.75599,-1.84536,-3.01297,0.39133,0.10624,0.07206
17.88,17.42766,-22.42098,2.63731,4.12887,-1.41328,-0.25048,3.53836,0.69696,-0.64058,-1.53846,-0.09209,0.12814,0.19253,5.0804,0.86314,1.30001,-0.15308,0.05178,0.01752,-0.05749,-1.76805,2.48332,-0.33134,-2.54112,0.31918,-0.06252,-0.00618,2.89823,7.85184,-1.83171,-3.1758,0.39336,0.10735,0.07788
17.9,16.62656,-22.34567,2.52973,4.1055,-1.41232,-0.25181,3.52692,0.70374,-0.62713,-1.53818,-0.09098,0.13171,0.19133,5.06083,0.83468,1.28428,-0.16216,0.05207,0.01923,-0.05842,-1.96598,2.50405,-0.33136,-2.59159,0.31938,-0.06407,-0.0074,2.82695,7.94208,-1.82067,-3.33271,0.39181,0.10883,0.08418
17.92,15.87862,-22.26346,2.43264,4.09177,-1.41191,-0.25397,3.51558,0.70995,-0.61726,-1.54294,-0.09139,0.13297,0.19126,5.04746,0.81168,1.27337,-0.1695,0.05247,0.0206,-0.05943,-2.14525,2.50665,-0.32936,-2.64543,0.3195,-0.06605,-0.00895,2.58378,8.00186,-1.79548,-3.45165,0.38701,0.11166,0.09075
17.94,15.16479,-22.23692,2.35918,4.08348,-1.4161,-0.25727,3.50513,0.71867,-0.6089,-1.55158,-0.09218,0.13355,0.19174,5.04023,0.79646,1.26701,-0.17503,0.05287,0.02158,-0.06029,-2.31174,2.50943,-0.3274,-2.70077,0.3196,-0.06815,-0.01053,2.23813,7.99137,-1.75572,-3.54712,0.37803,0.1139,0.09601
17.96,14.46925,-22.31755,2.32181,4.07725,-1.42826,-0.26191,3.49615,0.73283,-0.60017,-1.56313,-0.09244,0.1347,0.19223,5.03924,0.79088,1.26495,-0.17871,0.05318,0.02214,-0.06084,-2.47051,2.53075,-0.32753,-2.75574,0.31975,-0.07006,-0.01183,1.87017,7.87831,-1.70282,-3.63514,0.36466,0.11418,0.0986
17.98,13.79499,-22.49727,2.32427,4.07439,-1.44832,-0.26796,3.48736,0.75288,-0.5912,-1.57922,-0.09252,0.136,0.19301,5.04575,0.7951,1.26728,-0.1803,0.05345,0.02235,-0.06118,-2.61956,2.57445,-0.33018,-2.80917,0.32,-0.07159,-0.01265,1.5331,7.63579,-1.62548,-3.68685,0.34844,0.11149,0.09724
18,13.13252,-22.71539,2.36207,4.07334,-1.47334,-0.27501,3.47989,0.777,-0.58326,-1.59969,-0.09254,0.13734,0.19418,5.06027,0.8069,1.27378,-0.17946,0.05358,0.02226,-0.06111,-2.75733,2.61556,-0.33328,-2.86917,0.32009,-0.07352,-0.01377,1.20231,7.24097,-1.52749,-3.72546,0.3291,0.10695,0.0927
18.02,12.47387,-22.91827,2.43133,4.07209,-1.50047,-0.28253,3.47578,0.8034,-0.57767,-1.62335,-0.09251,0.13873,0.19573,5.08304,0.82434,1.28445,-0.17608,0.0535,0.02194,-0.06043,-2.88139,2.62966,-0.33498,-2.94461,0.31976,-0.07676,-0.01607,0.84394,6.68606,-1.41527,-3.77379,0.30684,0.10214,0.08635
18.04,11.838,-23.11865,2.53715,4.0723,-1.53045,-0.29061,3.47229,0.83347,-0.57324,-1.65154,-0.09253,0.14009,0.19772,5.11623,0.8483,1.29896,-0.16976,0.05325,0.02147,-0.05931,-2.99083,2.64128,-0.33756,-3.02708,0.31927,-0.08038,-0.01867,0.5723,6.00683,-1.29077,-3.79217,0.28481,0.09552,0.07711
18.06,11.24831,-23.32895,2.68342,4.07539,-1.56375,-0.29923,3.46753,0.86826,-0.56887,-1.6845,-0.09255,0.14148,0.2001,5.16156,0.87946,1.31695,-0.16026,0.0529,0.02093,-0.0579,-3.0839,2.67505,-0.3434,-3.10841,0.31888,-0.08361,-0.02082,0.4925,5.24462,-1.15654,-3.73964,0.26592,0.08597,0.06433
18.08,10.71957,-23.52685,2.86677,4.08146,-1.59788,-0.30774,3.46369,0.90649,-0.56492,-1.71971,-0.09232,0.14321,0.20262,5.21861,0.9169,1.3383,-0.14786,0.05249,0.02042,-0.05628,-3.15445,2.73231,-0.35304,-3.18811,0.31864,-0.0867,-0.02264,0.63432,4.41155,-1.01105,-3.58058,0.25198,0.07412,0.04868
18.1,10.26733,-23.56821,3.05893,4.08885,-1.62553,-0.31517,3.45722,0.94203,-0.56353,-1.75912,-0.09283,0.14399,0.20585,5.28781,0.95333,1.36052,-0.13189,0.05188,0.02013,-0.05426,-3.21441,2.77649,-0.363,-3.27235,0.31825,-0.08974,-0.02461,0.87981,3.6798,-0.89377,-3.40989,0.24283,0.06351,0.03422
18.12,9.90756,-23.29372,3.22498,4.09548,-1.63945,-0.32065,3.44277,0.96819,-0.56721,-1.80546,-0.09535,0.14197,0.21054,5.37017,0.97974,1.37998,-0.11069,0.05089,0.02029,-0.0516,-3.28288,2.77073,-0.36967,-3.36672,0.31751,-0.09277,-0.02724,1.05844,3.23437,-0.82993,-3.33447,0.2383,0.0579,0.02518
18.14,9.67404,-22.74818,3.3625,4.10308,-1.63754,-0.32322,3.42776,0.98424,-0.57539,-1.85105,-0.09868,0.13843,0.21566,5.45953,0.99655,1.39654,-0.08671,0.04977,0.021,-0.04871,-3.34351,2.73565,-0.37518,-3.46252,0.31672,-0.09583,-0.03019,1.26087,2.97058,-0.7817,-3.24905,0.24015,0.05543,0.01949
18.16,9.59157,-21.9726,3.46416,4.11292,-1.61845,-0.32221,3.41658,0.98891,-0.58716,-1.89015,-0.10189,0.13456,0.2204,5.54955,1.00311,1.40896,-0.0617,0.04871,0.02239,-0.04596,-3.38565,2.69662,-0.38216,-3.54954,0.31632,-0.0989,-0.03314,1.6019,2.78314,-0.72436,-3.05851,0.24949,0.05397,0.01475
18.18,9.66047,-20.91204,3.50206,4.12397,-1.5809,-0.31772,3.40298,0.97864,-0.60291,-1.9243,-0.10559,0.12921,0.22507,5.63905,0.99202,1.4124,-0.03331,0.04752,0.02461,-0.04316,-3.42694,2.65922,-0.39105,-3.62288,0.31671,-0.10197,-0.03621,2.07356,2.69243,-0.66236,-2.77179,0.2661,0.05361,0.01106
18.2,9.911,-19.46486,3.4374,4.13443,-1.50988,-0.30679,3.40058,0.94288,-0.62467,-1.94485,-0.10907,0.1241,0.22877,5.70655,0.95722,1.40658,-0.01149,0.04671,0.02794,-0.04115,-3.45264,2.55916,-0.39517,-3.69539,0.31684,-0.10517,-0.03971,2.49736,2.68634,-0.60449,-2.50133,0.28547,0.05598,0.01005
18.22,10.36484,-17.55355,3.23446,4.14199,-1.3911,-0.28682,3.42457,0.87111,-0.65493,-1.94274,-0.11159,0.1217,0.23062,5.72737,0.89718,1.39212,-0.00753,0.04687,0.03257,-0.04091,-3.45348,2.3272,-0.38711,-3.78035,0.31573,-0.10889,-0.04411,2.69617,2.7035,-0.55506,-2.37378,0.30175,0.06234,0.01286
18.24,10.98961,-15.25372,2.88944,4.14668,-1.23608,-0.26059,3.46001,0.76769,-0.69174,-1.92491,-0.114,0.11993,0.2315,5.70837,0.81018,1.36467,-0.01434,0.04766,0.03817,-0.042,-3.44669,2.03282,-0.37286,-3.86079,0.31468,-0.11265,-0.04897,2.83429,2.65616,-0.4982,-2.29232,0.31645,0.06919,0.01594
18.26,11.7418,-12.65912,2.40645,4.14954,-1.05838,-0.2313,3.49449,0.63842,-0.73292,-1.89755,-0.11687,0.11709,0.23201,5.65928,0.69477,1.32126,-0.02453,0.04866,0.04437,-0.04383,-3.45835,1.7451,-0.35931,-3.91953,0.31504,-0.11613,-0.0538,3.04349,2.51227,-0.42466,-2.16872,0.33125,0.0742,0.01687
18.28,12.56603,-9.8231,1.78595,4.14971,-0.86342,-0.20093,3.52911,0.48464,-0.77905,-1.86025,-0.11992,0.11379,0.23191,5.57955,0.55541,1.26177,-0.03735,0.04975,0.05108,-0.04632,-3.53061,1.46325,-0.34703,-3.95141,0.31733,-0.12035,-0.05917,3.26768,2.2873,-0.3421,-2.0557,0.34254,0.07844,0.01673
18.3,13.52933,-6.74591,1.04106,4.14648,-0.64011,-0.16542,3.57508,0.30536,-0.82846,-1.81011,-0.12291,0.1104,0.23115,5.45862,0.39211,1.19829,-0.06202,0.05153,0.057,-0.05019,-3.55886,1.15598,-0.32986,-3.97889,0.31962,-0.12262,-0.06332,3.41347,1.93658,-0.24525,-1.96133,0.35174,0.08061,0.01477
18.32,14.69082,-3.42961,0.20259,4.14204,-0.37702,-0.11933,3.64607,0.1034,-0.87897,-1.7425,-0.12568,0.10746,0.22955,5.29162,0.20884,1.14718,-0.10566,0.05456,0.06056,-0.0559,-3.4404,0.79053,-0.29994,-4.02605,0.31956,-0.11946,-0.06373,3.39685,1.44006,-0.13156,-1.88295,0.36152,0.07956,0.01043
18.34,15.91191,-0.02816,-0.68881,4.13362,-0.09672,-0.06909,3.72819,-0.10637,-0.92958,-1.66409,-0.12797,0.10482,0.22709,5.10977,0.01876,1.10511,-0.14965,0.05752,0.06208,-0.06141,-3.29413,0.40438,-0.26254,-4.06483,0.31895,-0.11422,-0.06214,3.28442,0.90067,-0.0182,-1.83166,0.36884,0.0775,0.00577
18.36,17.06945,3.3229,-1.59217,4.11942,0.18157,-0.02022,3.8086,-0.31073,-0.97871,-1.58318,-0.12981,0.10213,0.22404,4.93627,-0.16881,1.06736,-0.18115,0.05933,0.06219,-0.06529,-3.23127,0.02194,-0.22102,-4.0705,0.31967,-0.10986,-0.0603,3.15483,0.40014,0.08233,-1.80688,0.37189,0.07619,0.00225
18.38,18.12979,6.62348,-2.4668,4.1007,0.45938,0.02954,3.89318,-0.50169,-1.02485,-1.49972,-0.13154,0.1,0.22046,4.76954,-0.34713,1.03811,-0.20395,0.0601,0.06105,-0.06772,-3.2793,-0.38876,-0.16841,-4.04447,0.32135,-0.10508,-0.05708,3.00852,-0.05808,0.16956,-1.81633,0.37147,0.07595,2e-05
18.4,19.14747,9.71091,-3.25623,4.07928,0.73053,0.07847,3.96672,-0.67103,-1.06287,-1.41982,-0.13184,0.09741,0.21655,4.63558,-0.51224,1.02627,-0.20397,0.05899,0.05783,-0.06672,-3.26225,-0.81081,-0.10332,-4.00191,0.32146,-0.10124,-0.05373,2.81326,-0.46068,0.24068,-1.83237,0.36963,0.07552,-0.00136
18.42,20.17768,12.43549,-3.9095,4.05551,0.99037,0.12482,4.0099,-0.81378,-1.08669,-1.35061,-0.12929,0.09298,0.21248,4.55871,-0.66708,1.04049,-0.16733,0.05511,0.05176,-0.0601,-2.99767,-1.21523,-0.02524,-3.96353,0.31636,-0.09958,-0.05183,2.53646,-0.8092,0.2937,-1.82222,0.36848,0.0732,-0.0027
18.44,21.12023,14.85253,-4.39591,4.03154,1.23127,0.16906,4.03064,-0.92395,-1.09958,-1.2918,-0.12559,0.08758,0.20854,4.51921,-0.79832,1.07182,-0.10748,0.04934,0.04477,-0.04983,-2.67264,-1.61218,0.06845,-3.90329,0.30838,-0.09858,-0.04969,2.24747,-1.1138,0.33241,-1.81149,0.36689,0.0704,-0.00379
18.46,21.90026,17.01117,-4.68464,4.00915,1.44689,0.21123,4.03626,-0.9978,-1.10475,-1.24249,-0.12207,0.08224,0.20504,4.49873,-0.88944,1.11553,-0.03912,0.04289,0.03781,-0.03822,-2.44164,-2.01486,0.17892,-3.80865,0.29964,-0.09726,-0.0463,2.00213,-1.38085,0.3615,-1.82114,0.36384,0.06832,-0.00438
18.48,22.53396,18.88795,-4.73934,3.98591,1.63945,0.2521,4.02234,-1.03678,-1.09861,-1.20092,-0.11796,0.07728,0.20178,4.49727,-0.93794,1.18435,0.033,0.03621,0.02939,-0.02522,-2.25798,-2.43526,0.31014,-3.70837,0.28717,-0.095,-0.04232,1.77481,-1.63397,0.38493,-1.84168,0.36017,0.06608,-0.00509
18.5,23.12332,20.27843,-4.53865,3.98127,1.77304,0.28274,3.98137,-1.03856,-1.091,-1.17859,-0.11451,0.07059,0.20015,4.51845,-0.91579,1.25565,0.11196,0.0301,0.02141,-0.01287,-2.03376,-2.74868,0.43209,-3.57739,0.2764,-0.09393,-0.03774,1.6037,-1.86431,0.40367,-1.8638,0.35642,0.06364,-0.00612
18.52,23.77817,21.00715,-4.07982,4.01112,1.81233,0.29438,3.90959,-1.00258,-1.09385,-1.18879,-0.11292,0.0599,0.20164,4.56717,-0.8002,1.30231,0.20231,0.02551,0.01609,-0.0037,-1.68229,-2.8047,0.49911,-3.41031,0.27217,-0.09585,-0.03204,1.53199,-2.05436,0.4179,-1.87979,0.35299,0.06131,-0.00743
18.54,24.44599,21.25159,-3.37777,4.05735,1.78793,0.29471,3.81786,-0.93666,-1.09858,-1.21622,-0.1118,0.04767,0.20475,4.63507,-0.61585,1.35051,0.29519,0.02221,0.01083,0.00373,-1.27372,-2.71535,0.52768,-3.26333,0.26844,-0.09777,-0.0254,1.50716,-2.2309,0.43086,-1.89501,0.34996,0.05873,-0.00914
18.56,25.06947,21.21006,-2.47313,4.10466,1.72986,0.29098,3.71865,-0.84973,-1.09909,-1.24722,-0.11018,0.03605,0.2083,4.71614,-0.38642,1.42176,0.38135,0.01984,0.00379,0.01074,-0.8751,-2.6039,0.54346,-3.18223,0.26092,-0.09814,-0.01902,1.4858,-2.41856,0.4453,-1.91669,0.34718,0.05582,-0.01122
18.58,25.62651,20.98354,-1.43219,4.15661,1.64405,0.28321,3.61608,-0.74773,-1.09789,-1.28467,-0.10772,0.02483,0.21251,4.81623,-0.12906,1.50979,0.46107,0.01822,-0.00393,0.01723,-0.44589,-2.4649,0.54549,-3.19778,0.24866,-0.09827,-0.0143,1.46338,-2.62272,0.46185,-1.9428,0.34476,0.05285,-0.01349
18.6,26.1586,20.38219,-0.32788,4.19922,1.5189,0.26817,3.51895,-0.63436,-1.10229,-1.32095,-0.10616,0.01301,0.21706,4.93373,0.15474,1.59221,0.54743,0.01622,-0.01028,0.02415,0.0057,-2.29303,0.51949,-3.24987,0.23993,-0.09872,-0.01058,1.44458,-2.80321,0.4758,-1.97218,0.34278,0.04967,-0.01583
18.62,26.74245,19.21902,0.73336,4.22714,1.34233,0.24204,3.43672,-0.5138,-1.12147,-1.34701,-0.10744,-0.00161,0.2212,5.05962,0.44823,1.6342,0.66542,0.01165,-0.01168,0.03393,0.43668,-2.0752,0.45142,-3.2703,0.24348,-0.10019,-0.00653,1.43666,-2.92017,0.48294,-2.00375,0.34127,0.04615,-0.01814
18.64,27.22561,17.89563,1.64639,4.24418,1.14946,0.21158,3.37402,-0.39762,-1.14717,-1.36314,-0.10927,-0.01656,0.22409,5.19693,0.69892,1.64577,0.80527,0.00424,-0.00854,0.04713,0.83934,-1.86416,0.37295,-3.32427,0.25056,-0.10276,-0.00411,1.41172,-3.01523,0.48735,-2.04013,0.3401,0.04261,-0.02029
18.66,27.5362,16.71583,2.34813,4.25615,0.97079,0.18262,3.33238,-0.29515,-1.17217,-1.37214,-0.11001,-0.0296,0.22565,5.34621,0.88456,1.6421,0.94625,-0.00487,-0.00254,0.06228,1.21246,-1.70717,0.30795,-3.4656,0.25349,-0.10627,-0.00495,1.34467,-3.12899,0.49296,-2.08441,0.33909,0.0393,-0.02221
18.68,27.69543,15.60981,2.78289,4.25899,0.80226,0.15295,3.30931,-0.20802,-1.20291,-1.3776,-0.11014,-0.04359,0.22562,5.49006,1.00426,1.59568,1.09956,-0.0165,0.00811,0.07981,1.53885,-1.59214,0.25278,-3.65902,0.25455,-0.11181,-0.00874,1.24164,-3.26301,0.49994,-2.13548,0.33818,0.03646,-0.02379
18.7,27.76324,14.57297,2.99402,4.26193,0.64944,0.12567,3.31318,-0.14572,-1.22488,-1.36701,-0.11076,-0.05071,0.22435,5.62338,1.06508,1.5426,1.23109,-0.02752,0.01906,0.09596,1.79648,-1.5108,0.20689,-3.86197,0.25614,-0.1159,-0.01327,1.09739,-3.38896,0.505,-2.19517,0.33742,0.0332,-0.02547
18.72,27.86912,13.60594,3.06521,4.27858,0.52046,0.10484,3.35379,-0.12126,-1.22222,-1.32587,-0.11357,-0.04173,0.22328,5.74179,1.08369,1.53935,1.29695,-0.03352,0.02458,0.10551,1.96095,-1.45752,0.17349,-4.02974,0.26008,-0.11341,-0.01544,0.90855,-3.47972,0.50499,-2.26383,0.33692,0.02847,-0.02777
18.74,27.95957,12.70913,2.96911,4.29994,0.41324,0.08704,3.41373,-0.129,-1.21057,-1.27302,-0.1173,-0.02602,0.22187,5.82396,1.06452,1.54254,1.32799,-0.03691,0.02825,0.11096,2.03342,-1.43935,0.15829,-4.16874,0.26368,-0.10795,-0.0169,0.68907,-3.56722,0.50409,-2.33853,0.33656,0.02325,-0.0303
18.76,27.95193,11.91919,2.68383,4.3168,0.32773,0.06987,3.48032,-0.16008,-1.20406,-1.22379,-0.12095,-0.01149,0.22002,5.85849,1.00896,1.51491,1.35237,-0.04009,0.03332,0.115,2.04088,-1.46204,0.16225,-4.29674,0.2647,-0.1033,-0.01954,0.44572,-3.68183,0.50609,-2.41664,0.33625,0.01839,-0.03269
18.78,27.92239,11.26036,2.25067,4.33365,0.26547,0.05458,3.555,-0.21696,-1.20035,-1.16943,-0.12502,0.00414,0.21799,5.84409,0.92659,1.47218,1.36557,-0.04243,0.03815,0.1172,2.00371,-1.51379,0.18174,-4.39041,0.26486,-0.09741,-0.02176,0.17651,-3.82427,0.51085,-2.49481,0.33612,0.01354,-0.03508
18.8,27.7813,10.69402,1.73049,4.35394,0.23089,0.04113,3.63127,-0.28898,-1.19429,-1.11934,-0.12891,0.02049,0.21562,5.80655,0.82408,1.4299,1.35821,-0.04307,0.04159,0.11658,1.90054,-1.59728,0.21557,-4.45279,0.26271,-0.09221,-0.02444,-0.105,-3.96182,0.51617,-2.58036,0.33592,0.00869,-0.03762
18.82,27.40058,10.16008,1.18001,4.37801,0.22712,0.02899,3.70466,-0.36123,-1.18036,-1.08664,-0.13191,0.03685,0.21269,5.77832,0.70579,1.40117,1.3212,-0.04123,0.04296,0.11216,1.70771,-1.71258,0.26064,-4.49275,0.25645,-0.09057,-0.02897,-0.38265,-4.06391,0.52025,-2.6819,0.33538,0.00388,-0.04049
18.84,26.89842,9.73414,0.59064,4.39614,0.25037,0.01891,3.77774,-0.4393,-1.16383,-1.0577,-0.13452,0.05335,0.20939,5.74324,0.57759,1.38016,1.27021,-0.03802,0.04267,0.10579,1.47546,-1.83369,0.30913,-4.50108,0.24849,-0.08968,-0.03343,-0.66243,-4.16143,0.52525,-2.78965,0.33473,-0.00103,-0.04362
18.86,26.36782,9.47402,-0.04293,4.40104,0.29429,0.01102,3.8497,-0.52663,-1.15116,-1.02347,-0.1373,0.06925,0.20618,5.69107,0.44235,1.35661,1.22158,-0.0348,0.04178,0.09939,1.25464,-1.94168,0.35584,-4.4697,0.24086,-0.08765,-0.03644,-0.9506,-4.28324,0.53333,-2.89532,0.33416,-0.00604,-0.04691
18.88,25.79972,9.32914,-0.68799,4.40316,0.35277,0.00443,3.91707,-0.61345,-1.14103,-0.99149,-0.14034,0.08421,0.20339,5.64198,0.2987,1.33014,1.17336,-0.03159,0.04105,0.09287,1.05815,-2.0313,0.39817,-4.38554,0.23379,-0.08547,-0.03841,-1.24356,-4.42667,0.54444,-2.99932,0.33366,-0.01107,-0.05039
18.9,25.16152,9.3524,-1.31232,4.37801,0.42679,0.00093,3.97673,-0.70506,-1.13168,-0.95478,-0.1432,0.09842,0.2008,5.59471,0.16087,1.31781,1.12965,-0.02826,0.03877,0.08686,0.86982,-2.1029,0.43472,-4.29432,0.22637,-0.08222,-0.03917,-1.52531,-4.55409,0.55512,-3.1081,0.33281,-0.01641,-0.05415
18.92,24.41145,9.60505,-1.88326,4.29255,0.51732,0.00244,4.02202,-0.81274,-1.12104,-0.90128,-0.14518,0.11217,0.19795,5.54836,0.04247,1.33869,1.09922,-0.02499,0.03301,0.08259,0.67315,-2.16208,0.46642,-4.24655,0.21796,-0.07681,-0.03853,-1.77545,-4.62778,0.56176,-3.22846,0.33112,-0.02258,-0.05847
18.94,23.61295,9.97191,-2.38663,4.18056,0.60985,0.00624,4.04923,-0.92105,-1.11143,-0.84447,-0.14717,0.12438,0.1957,5.51925,-0.06701,1.37085,1.08164,-0.02251,0.02682,0.08021,0.5063,-2.2162,0.4934,-4.19456,0.21031,-0.07095,-0.03734,-1.9967,-4.67331,0.56636,-3.35179,0.32894,-0.02905,-0.0631
18.96,22.84859,10.34624,-2.81112,4.07371,0.69165,0.01019,4.05847,-1.01716,-1.10378,-0.79461,-0.14988,0.13479,0.19457,5.51156,-0.17387,1.39769,1.07447,-0.0211,0.02232,0.07935,0.41735,-2.2827,0.51596,-4.08981,0.20519,-0.06581,-0.03624,-2.19169,-4.71726,0.57148,-3.4703,0.32665,-0.03555,-0.06789
18.98,22.12255,10.72186,-3.13699,3.95926,0.76345,0.01495,4.04464,-1.11141,-1.09397,-0.74104,-0.1526,0.14462,0.19359,5.51943,-0.27383,1.43178,1.08082,-0.02063,0.01789,0.08046,0.43521,-2.38934,0.53635,-3.92391,0.20336,-0.0609,-0.03529,-2.34659,-4.75397,0.57721,-3.58668,0.32418,-0.04282,-0.07344
19,21.49505,11.03415,-3.36661,3.86192,0.81925,0.02017,4.01772,-1.18104,-1.08498,-0.70465,-0.1557,0.15201,0.19366,5.53435,-0.35483,1.45457,1.09077,-0.02075,0.01549,0.08211,0.49786,-2.55236,0.55484,-3.75188,0.20327,-0.05811,-0.03622,-2.45925,-4.7461,0.57874,-3.69699,0.32156,-0.04922,-0.07824
19.02,21.0509,11.22236,-3.51225,3.81492,0.85209,0.02517,3.99784,-1.19769,-1.08097,-0.71311,-0.15966,0.15523,0.19607,5.54737,-0.40301,1.44395,1.0903,-0.02079,0.01741,0.08223,0.53997,-2.77135,0.57153,-3.63173,0.20338,-0.05923,-0.0404,-2.53073,-4.65689,0.57109,-3.79647,0.31889,-0.05289,-0.08054
19.04,20.78157,11.28002,-3.56523,3.79338,0.86709,0.02999,3.97624,-1.19095,-1.07593,-0.73772,-0.16331,0.15701,0.19877,5.55808,-0.42637,1.42261,1.08909,-0.02093,0.02077,0.08216,0.63917,-3.04046,0.58631,-3.50514,0.20591,-0.06236,-0.04622,-2.55238,-4.51934,0.55914,-3.88727,0.31627,-0.05571,-0.08195
19.06,20.67825,11.1934,-3.52634,3.77752,0.86828,0.03438,3.94585,-1.18374,-1.06572,-0.75546,-0.16574,0.15951,0.20016,5.56857,-0.43449,1.40865,1.09564,-0.02142,0.02338,0.08307,0.86874,-3.35554,0.59837,-3.31431,0.2128,-0.06595,-0.05236,-2.52193,-4.36543,0.54774,-3.97031,0.31387,-0.05925,-0.0839
19.08,20.76128,10.94599,-3.41636,3.77743,0.85466,0.03806,3.91704,-1.16567,-1.05247,-0.77808,-0.16728,0.16241,0.20089,5.57775,-0.42463,1.39769,1.10394,-0.02188,0.02567,0.08413,1.2451,-3.70626,0.60722,-3.05733,0.22401,-0.06998,-0.05851,-2.43866,-4.19542,0.53759,-4.04426,0.31187,-0.06334,-0.08621
19.1,21.0379,10.46866,-3.24504,3.78316,0.82461,0.03998,3.88939,-1.1473,-1.03776,-0.78896,-0.16719,0.16472,0.20003,5.58402,-0.39922,1.38629,1.12023,-0.02309,0.02804,0.08631,1.63344,-4.02432,0.60916,-2.80989,0.23695,-0.07458,-0.0647,-2.31958,-3.97437,0.52354,-4.10151,0.31035,-0.0667,-0.08743
19.12,21.50721,9.7089,-3.02542,3.78115,0.77798,0.03912,3.85814,-1.14368,-1.02245,-0.7673,-0.16455,0.16559,0.19637,5.58525,-0.36327,1.37053,1.15309,-0.02605,0.03099,0.0909,1.87486,-4.22273,0.6012,-2.65666,0.24861,-0.07953,-0.07066,-2.19419,-3.66544,0.49948,-4.13123,0.30951,-0.06802,-0.08601
19.14,22.14691,8.69674,-2.78051,3.78111,0.71582,0.03585,3.83084,-1.14266,-1.00655,-0.72946,-0.15996,0.16582,0.19071,5.58225,-0.31727,1.35497,1.19299,-0.02975,0.03383,0.09651,2.08991,-4.31844,0.58505,-2.52683,0.2607,-0.08386,-0.07515,-2.04825,-3.30006,0.47127,-4.13756,0.30957,-0.06839,-0.08318
19.16,22.92964,7.47036,-2.52801,3.78903,0.63993,0.03054,3.81223,-1.1365,-0.98948,-0.68788,-0.15398,0.16637,0.18374,5.57557,-0.26231,1.34481,1.23234,-0.03335,0.03579,0.10207,2.38388,-4.33563,0.56109,-2.3569,0.27471,-0.08678,-0.07728,-1.88004,-2.91025,0.44405,-4.12281,0.31091,-0.06895,-0.08016
19.18,23.83198,6.08712,-2.28674,3.79968,0.55485,0.0232,3.79703,-1.1334,-0.97158,-0.63796,-0.14658,0.16723,0.1754,5.56255,-0.20327,1.33618,1.27279,-0.03713,0.03729,0.10783,2.70349,-4.23728,0.52698,-2.17536,0.28922,-0.08763,-0.07676,-1.73565,-2.49685,0.41649,-4.07588,0.31412,-0.06967,-0.07681
19.2,24.82652,4.40291,-2.03269,3.81493,0.45125,0.01326,3.79048,-1.12272,-0.95385,-0.57422,-0.1375,0.16684,0.16514,5.54259,-0.13399,1.33424,1.31134,-0.04064,0.03754,0.11338,2.97495,-4.04974,0.48619,-2.01207,0.30279,-0.08818,-0.07455,-1.54805,-2.03641,0.3875,-4.01393,0.31841,-0.06933,-0.07217
19.22,25.90152,2.2578,-1.73157,3.838,0.31781,0.00019,3.79785,-1.08977,-0.93629,-0.49104,-0.12622,0.16348,0.15198,5.51481,-0.04604,1.34505,1.3453,-0.04337,0.0356,0.11832,3.12997,-3.83149,0.4449,-1.89513,0.31381,-0.09081,-0.07193,-1.25047,-1.51958,0.35643,-3.95766,0.32285,-0.06677,-0.06545
19.24,27.02045,-0.11254,-1.41765,3.86418,0.16998,-0.01488,3.81142,-1.04672,-0.91999,-0.39338,-0.11332,0.15863,0.13669,5.47721,0.05093,1.36227,1.37508,-0.04556,0.0323,0.1227,3.20169,-3.55058,0.39843,-1.81191,0.32242,-0.09347,-0.06812,-0.92461,-1.01008,0.32853,-3.88829,0.32829,-0.06374,-0.05837
19.26,28.13781,-2.50904,-1.11643,3.88962,0.02066,-0.03089,3.82288,-1.00408,-0.90488,-0.28853,-0.09979,0.1536,0.12051,5.42898,0.14957,1.38095,1.40085,-0.04736,0.02831,0.12652,3.23869,-3.19227,0.34448,-1.74377,0.3291,-0.09454,-0.06273,-0.64982,-0.55803,0.30966,-3.78874,0.33531,-0.06182,-0.05254
19.28,29.25621,-4.95979,-0.80937,3.91442,-0.13353,-0.04758,3.82448,-0.9572,-0.88765,-0.17671,-0.08557,0.14801,0.10304,5.36826,0.25377,1.40048,1.42468,-0.04892,0.02369,0.13,3.22632,-2.79652,0.28817,-1.70526,0.3326,-0.09537,-0.05691,-0.46036,-0.16052,0.29895,-3.65431,0.34367,-0.06053,-0.04774
19.3,30.22593,-7.37832,-0.50425,3.93364,-0.28469,-0.06461,3.8372,-0.90586,-0.87767,-0.05945,-0.07153,0.14186,0.08566,5.30324,0.35784,1.42613,1.4388,-0.04941,0.01791,0.13216,3.15384,-2.35378,0.22551,-1.68819,0.33477,-0.09519,-0.05044,-0.2149,0.12004,0.30892,-3.52161,0.35081,-0.0607,-0.04536
19.32,30.8931,-9.6828,-0.21122,3.94244,-0.42319,-0.08161,3.88902,-0.85181,-0.88546,0.06251,-0.05912,0.13473,0.07039,5.24537,0.45504,1.46436,1.4348,-0.04792,0.01035,0.13191,3.01652,-1.84611,0.15191,-1.68082,0.338,-0.09285,-0.04269,0.23997,0.22728,0.35392,-3.43585,0.35299,-0.0634,-0.04696
19.34,31.34955,-11.87088,0.08218,3.94222,-0.55325,-0.09808,3.95401,-0.79487,-0.89927,0.18575,-0.04797,0.1268,0.05623,5.18895,0.54945,1.50664,1.42232,-0.04549,0.00209,0.13047,2.84014,-1.32174,0.07642,-1.69239,0.3402,-0.08987,-0.03496,0.72999,0.24093,0.41806,-3.34871,0.35196,-0.0669,-0.05086
19.36,31.66686,-13.93515,0.38292,3.93355,-0.67756,-0.11357,4.00852,-0.7354,-0.9094,0.30594,-0.03742,0.11877,0.04217,5.12959,0.64353,1.54604,1.40888,-0.043,-0.00587,0.12883,2.65419,-0.81527,0.00537,-1.72729,0.33988,-0.08737,-0.02817,1.10536,0.25363,0.47583,-3.23405,0.34928,-0.0695,-0.05498
19.38,31.7958,-15.89661,0.69269,3.91456,-0.79281,-0.12773,4.06089,-0.67392,-0.91844,0.42253,-0.02769,0.11061,0.02864,5.07386,0.73632,1.5867,1.39157,-0.04016,-0.01387,0.12672,2.46308,-0.32854,-0.06197,-1.78544,0.33792,-0.08507,-0.02211,1.39956,0.30919,0.51488,-3.13971,0.3419,-0.07135,-0.05838
19.4,31.69635,-17.53269,0.9825,3.88331,-0.89378,-0.1402,4.1132,-0.61239,-0.9288,0.52921,-0.01939,0.10261,0.01651,5.02061,0.81825,1.61973,1.3719,-0.03724,-0.02063,0.12413,2.2736,0.1334,-0.1242,-1.84724,0.33516,-0.08313,-0.01705,1.65799,0.43044,0.51683,-3.02021,0.33554,-0.06964,-0.06004
19.42,31.34762,-18.59721,1.21856,3.83881,-0.97587,-0.15073,4.16649,-0.55351,-0.94326,0.61937,-0.01307,0.09512,0.00657,4.96764,0.87767,1.63471,1.35246,-0.03458,-0.02471,0.12104,2.08728,0.56577,-0.17873,-1.89042,0.33239,-0.08189,-0.01331,1.91505,0.62453,0.47022,-2.84447,0.33649,-0.06162,-0.05942
19.44,30.79403,-19.30117,1.42226,3.78293,-1.04059,-0.15912,4.22018,-0.49766,-0.96023,0.69647,-0.00828,0.08799,-0.00161,4.92065,0.92204,1.64117,1.33239,-0.03206,-0.02721,0.1177,1.90565,0.95562,-0.22452,-1.9316,0.32945,-0.08119,-0.01062,2.1286,0.91963,0.37627,-2.70111,0.3384,-0.05006,-0.05634
19.46,30.08264,-19.8388,1.6114,3.71806,-1.09069,-0.16534,4.27217,-0.44528,-0.97756,0.76447,-0.00449,0.0811,-0.00872,4.88327,0.95825,1.64625,1.31146,-0.02967,-0.02902,0.11442,1.73337,1.29539,-0.26178,-1.98493,0.32604,-0.08099,-0.0088,2.25417,1.31959,0.23906,-2.65308,0.33671,-0.03714,-0.05032
19.48,29.22237,-20.18307,1.7748,3.64692,-1.12864,-0.16991,4.32579,-0.39805,-0.99738,0.8241,-0.00154,0.07441,-0.01501,4.85471,0.98179,1.64669,1.2905,-0.02739,-0.02988,0.11112,1.5634,1.59822,-0.29199,-2.04387,0.32246,-0.08165,-0.0079,2.28179,1.80351,0.06511,-2.71587,0.33219,-0.02164,-0.04145
19.5,28.26357,-20.26931,1.89764,3.56923,-1.14637,-0.17179,4.37571,-0.35758,-1.01841,0.87165,-0.0002,0.0681,-0.01925,4.83409,0.9947,1.64326,1.27076,-0.02572,-0.02959,0.10828,1.40531,1.84263,-0.31288,-2.1028,0.31922,-0.08215,-0.00751,2.31881,2.30185,-0.12523,-2.81535,0.32994,-0.00639,-0.031
19.52,27.26309,-20.04993,1.96684,3.48377,-1.13519,-0.16991,4.41463,-0.32507,-1.03866,0.90456,-0.00126,0.06225,-0.02013,4.81966,1.0011,1.63738,1.2538,-0.02516,-0.02799,0.10648,1.26775,2.00653,-0.3223,-2.15767,0.31675,-0.08123,-0.00709,2.46883,2.76497,-0.30675,-2.86501,0.33485,0.0054,-0.0206
19.54,26.22578,-19.64191,1.9907,3.39642,-1.10718,-0.16589,4.44953,-0.3002,-1.0601,0.9291,-0.00364,0.05661,-0.01926,4.8116,0.99878,1.62878,1.2387,-0.02522,-0.02556,0.10525,1.13593,2.12973,-0.32565,-2.21123,0.31479,-0.07996,-0.00684,2.61261,3.22206,-0.48064,-2.93339,0.34135,0.01621,-0.00977
19.56,25.15481,-19.17492,1.98242,3.31144,-1.07411,-0.16125,4.48572,-0.28173,-1.08353,0.95145,-0.00627,0.05102,-0.01825,4.80987,0.98764,1.61814,1.2246,-0.02542,-0.0228,0.10417,0.99467,2.24386,-0.32767,-2.26709,0.31309,-0.0792,-0.00689,2.66108,3.68799,-0.65483,-3.08141,0.34451,0.02805,0.00215
19.58,24.072,-18.67214,1.94331,3.22702,-1.03555,-0.15607,4.52001,-0.2689,-1.10759,0.97483,-0.00891,0.04535,-0.01741,4.81152,0.97161,1.60568,1.21325,-0.026,-0.01961,0.10345,0.83797,2.35493,-0.32979,-2.32199,0.31184,-0.07838,-0.00691,2.65604,4.14936,-0.82619,-3.27429,0.34517,0.04018,0.0147
19.6,23.01369,-18.11253,1.87506,3.14941,-0.99291,-0.15031,4.55476,-0.26089,-1.13153,0.99199,-0.01208,0.04012,-0.01563,4.82236,0.94958,1.59481,1.20181,-0.02666,-0.01649,0.10298,0.67928,2.44514,-0.33024,-2.37905,0.3109,-0.07781,-0.00717,2.58327,4.57538,-0.98418,-3.46922,0.34472,0.05154,0.02686
19.62,22.01495,-17.4764,1.78258,3.08634,-0.94831,-0.14398,4.59412,-0.25625,-1.15485,0.99466,-0.01639,0.03596,-0.01165,4.85023,0.91983,1.58964,1.18669,-0.02706,-0.01402,0.10266,0.53597,2.49641,-0.32722,-2.44154,0.31013,-0.07788,-0.00797,2.41667,4.93228,-1.11415,-3.62003,0.34446,0.06085,0.03728
19.64,21.06265,-16.84754,1.67882,3.03082,-0.90466,-0.13775,4.63543,-0.25303,-1.17633,0.99351,-0.02065,0.03242,-0.00729,4.88897,0.88809,1.58849,1.17253,-0.02748,-0.01185,0.10266,0.38829,2.53494,-0.32448,-2.50578,0.30965,-0.07814,-0.00891,2.18667,5.22345,-1.21943,-3.73972,0.34247,0.06856,0.04595
19.66,20.14744,-16.30683,1.58012,2.97679,-0.86572,-0.13228,4.67833,-0.24845,-1.19491,0.99774,-0.0238,0.02909,-0.00424,4.93456,0.85973,1.59033,1.16319,-0.02817,-0.00967,0.10315,0.21692,2.58777,-0.32574,-2.56951,0.3095,-0.07826,-0.00967,1.93461,5.45039,-1.30585,-3.84899,0.33735,0.07525,0.05299
19.68,19.28202,-15.85259,1.4978,2.9261,-0.83325,-0.1276,4.72756,-0.23985,-1.21022,1.00536,-0.02605,0.02626,-0.00201,4.99231,0.83515,1.59757,1.15753,-0.02904,-0.00764,0.1042,0.02694,2.65701,-0.33122,-2.63199,0.3096,-0.07816,-0.0102,1.69643,5.59204,-1.36421,-3.91869,0.33057,0.07983,0.05731
19.7,18.46881,-15.50363,1.43735,2.87713,-0.80777,-0.12395,4.77894,-0.22678,-1.22076,1.01369,-0.02709,0.02406,-0.00096,5.06038,0.81625,1.61017,1.15798,-0.03006,-0.00583,0.10581,-0.17195,2.72403,-0.33869,-2.69883,0.30978,-0.07827,-0.01086,1.45386,5.6162,-1.39209,-3.96879,0.32151,0.08267,0.05894
19.72,17.70756,-15.27914,1.40301,2.82776,-0.78915,-0.12153,4.82798,-0.20882,-1.2253,1.02061,-0.02662,0.02271,-0.00152,5.13541,0.80535,1.62757,1.16722,-0.03122,-0.00428,0.10799,-0.36823,2.76821,-0.34564,-2.77646,0.30984,-0.07902,-0.01203,1.18776,5.49159,-1.3905,-4.02746,0.30968,0.08462,0.05838
19.74,17.00245,-15.1725,1.40557,2.77912,-0.77954,-0.12027,4.88069,-0.18338,-1.22489,1.02736,-0.02506,0.02208,-0.00315,5.22191,0.80235,1.65114,1.18312,-0.03253,-0.00297,0.11078,-0.56759,2.81494,-0.35479,-2.85936,0.30982,-0.07992,-0.01328,0.97314,5.23964,-1.35922,-4.06379,0.29718,0.08459,0.05512
19.76,16.35579,-15.1787,1.45291,2.73201,-0.78021,-0.12008,4.94202,-0.1486,-1.22073,1.03571,-0.02281,0.02202,-0.0054,5.322,0.80701,1.6814,1.20398,-0.03402,-0.00181,0.1142,-0.7757,2.88889,-0.36873,-2.94309,0.30974,-0.08048,-0.01419,0.87859,4.89424,-1.29974,-4.04979,0.28571,0.0819,0.04896
19.78,15.75708,-15.2904,1.54588,2.68686,-0.78876,-0.12065,5.01372,-0.10282,-1.21383,1.04461,-0.02022,0.02292,-0.00785,5.43294,0.82004,1.71792,1.22898,-0.03569,-0.00082,0.11824,-0.98269,2.98956,-0.38716,-3.03003,0.30955,-0.08066,-0.0147,0.93168,4.45714,-1.21087,-3.97492,0.27605,0.07704,0.04038
19.8,15.22183,-15.47619,1.67577,2.64334,-0.80747,-0.12228,5.07975,-0.05394,-1.20428,1.04815,-0.01776,0.02355,-0.01024,5.54891,0.83857,1.75757,1.25872,-0.03734,-8e-05,0.1225,-1.1943,3.09765,-0.40724,-3.12185,0.30907,-0.08101,-0.01535,1.07157,4.02288,-1.11863,-3.88045,0.26753,0.07112,0.03131
19.82,14.75877,-15.70658,1.83135,2.60013,-0.83987,-0.12538,5.12091,-0.01348,-1.19117,1.04073,-0.0159,0.02241,-0.0126,5.66251,0.85906,1.79604,1.29505,-0.03874,0.00037,0.12644,-1.41884,3.19434,-0.42624,-3.21903,0.30816,-0.08216,-0.01675,1.20806,3.70626,-1.04927,-3.80934,0.25968,0.06559,0.02398
19.84,14.35066,-15.95787,2.01167,2.5603,-0.87884,-0.12897,5.14851,0.02437,-1.17895,1.02292,-0.01559,0.02064,-0.01346,5.76959,0.88239,1.83345,1.33299,-0.03996,0.00042,0.13019,-1.6428,3.29421,-0.44587,-3.32196,0.30694,-0.0835,-0.01833,1.39824,3.4769,-0.98601,-3.71653,0.25428,0.06053,0.01809
19.86,13.98428,-16.20459,2.21408,2.52634,-0.91797,-0.13222,5.17201,0.06363,-1.17053,0.99685,-0.01729,0.01912,-0.012,5.8651,0.90869,1.86897,1.36907,-0.04112,9e-05,0.13385,-1.85393,3.41188,-0.46781,-3.42951,0.30554,-0.08451,-0.01959,1.71551,3.2997,-0.91465,-3.55789,0.25276,0.05571,0.01301
19.88,13.64977,-16.42308,2.4276,2.49561,-0.95737,-0.13514,5.18388,0.0948,-1.16188,0.96511,-0.02053,0.01719,-0.00939,5.94078,0.93452,1.89774,1.40723,-0.04239,-0.00035,0.13713,-2.05134,3.54556,-0.49179,-3.53941,0.30406,-0.08545,-0.02069,2.1715,3.19729,-0.83902,-3.32815,0.25543,0.05158,0.00907
19.9,13.38781,-16.53316,2.63699,2.47626,-0.98959,-0.13686,5.17803,0.12328,-1.16774,0.91344,-0.02752,0.0145,-0.0016,5.98912,0.95851,1.9199,1.43343,-0.043,-0.00177,0.13993,-2.23248,3.65268,-0.51249,-3.65438,0.30241,-0.08643,-0.02201,2.62441,3.21182,-0.7751,-3.09183,0.26092,0.04881,0.00748
19.92,13.25068,-16.46279,2.82825,2.47811,-1.007,-0.13657,5.15181,0.15536,-1.20583,0.82763,-0.04035,0.01106,0.01573,6.00257,0.98027,1.93561,1.43246,-0.04212,-0.00501,0.1423,-2.39285,3.68663,-0.52414,-3.77625,0.30064,-0.0874,-0.02386,2.91965,3.36535,-0.73503,-2.91917,0.26785,0.04747,0.0089
19.94,13.20017,-16.2295,2.99535,2.49223,-1.0114,-0.13455,5.11197,0.17813,-1.26251,0.72641,-0.05654,0.00659,0.03796,5.97726,0.9965,1.94008,1.41554,-0.04023,-0.00915,0.14368,-2.52379,3.67061,-0.52985,-3.89662,0.29904,-0.08858,-0.02609,3.18702,3.58574,-0.70123,-2.75409,0.27726,0.04712,0.01184
19.96,13.20074,-15.84825,3.13174,2.51045,-1.00432,-0.13111,5.06551,0.18365,-1.3251,0.62697,-0.0738,0.00089,0.06096,5.91206,1.00456,1.92958,1.39346,-0.03797,-0.01324,0.1437,-2.61978,3.62937,-0.53303,-4.00718,0.29797,-0.09003,-0.02847,3.54505,3.81739,-0.66068,-2.54186,0.29002,0.04725,0.01489
19.98,13.26465,-15.30194,3.22648,2.53411,-0.98489,-0.12631,5.0139,0.17324,-1.39572,0.53109,-0.09201,-0.00543,0.08485,5.80532,1.00318,1.90157,1.36785,-0.03554,-0.01695,0.14257,-2.67987,3.55005,-0.53218,-4.10345,0.29783,-0.0916,-0.031,3.95704,4.05587,-0.6173,-2.29374,0.30575,0.0467,0.01725
20,13.41447,-14.53564,3.26773,2.56374,-0.94492,-0.11924,4.96506,0.15301,-1.48095,0.43789,-0.11111,-0.01462,0.11033,5.6653,0.99191,1.86544,1.31785,-0.03147,-0.02155,0.13891,-2.69615,3.404,-0.5239,-4.18513,0.29812,-0.09383,-0.03409,4.33407,4.23109,-0.57044,-2.07244,0.32154,0.0475,0.01985
20.02,13.66866,-13.50657,3.24398,2.60029,-0.8765,-0.10902,4.92895,0.13052,-1.58717,0.34691,-0.13002,-0.02889,0.13779,5.50463,0.97185,1.83227,1.21869,-0.02414,-0.0285,0.13093,-2.66543,3.16757,-0.50513,-4.25059,0.29839,-0.09751,-0.0383,4.58468,4.25309,-0.51704,-1.94637,0.3338,0.05224,0.02364
20.04,13.99594,-12.25653,3.14681,2.63951,-0.78681,-0.09669,4.90302,0.10242,-1.7007,0.27179,-0.14634,-0.04549,0.16337,5.32525,0.93965,1.79343,1.09357,-0.01548,-0.03627,0.12015,-2.59408,2.86486,-0.47855,-4.29292,0.29941,-0.10179,-0.04294,4.76709,4.13602,-0.45481,-1.86536,0.34392,0.05747,0.02638
20.06,14.36781,-10.83024,2.97472,2.67704,-0.68335,-0.08331,4.88202,0.06709,-1.80786,0.2213,-0.15886,-0.06204,0.18422,5.13401,0.89368,1.74467,0.9646,-0.00723,-0.0435,0.10811,-2.49523,2.52456,-0.44754,-4.30455,0.30201,-0.10604,-0.04742,4.93718,3.91906,-0.38503,-1.78022,0.35336,0.06077,0.02675
20.08,14.78171,-9.21941,2.7279,2.71493,-0.56542,-0.06897,4.86626,0.02998,-1.90825,0.18968,-0.16732,-0.07777,0.20109,4.94551,0.83576,1.69318,0.82526,0.00087,-0.05071,0.09456,-2.39336,2.14636,-0.4117,-4.27745,0.30669,-0.11095,-0.05225,5.04853,3.60366,-0.31178,-1.71469,0.36007,0.06411,0.02615
20.1,15.22808,-7.43179,2.40483,2.74402,-0.43397,-0.05343,4.84604,-0.01497,-1.98727,0.18591,-0.16983,-0.09413,0.2089,4.76588,0.76213,1.64234,0.6831,0.00831,-0.05852,0.08095,-2.24874,1.74039,-0.37169,-4.22727,0.31176,-0.1148,-0.05583,5.09264,3.16806,-0.22922,-1.67761,0.36516,0.06524,0.02338
20.12,15.71548,-5.49044,2.01021,2.75386,-0.29059,-0.03635,4.81214,-0.07399,-2.03487,0.21967,-0.166,-0.11251,0.2041,4.60017,0.67194,1.59624,0.54598,0.0146,-0.06786,0.06897,-2.0305,1.3199,-0.32786,-4.17204,0.3154,-0.11549,-0.05613,5.07602,2.61038,-0.13208,-1.67504,0.37043,0.06141,0.01709
20.14,16.24608,-3.4288,1.56545,2.75427,-0.14075,-0.01882,4.76902,-0.14089,-2.05913,0.2737,-0.15743,-0.13107,0.18989,4.46138,0.5723,1.55916,0.41554,0.01957,-0.07821,0.05861,-1.80427,0.89006,-0.27987,-4.09437,0.31921,-0.1149,-0.05466,4.97898,2.00222,-0.03286,-1.70349,0.37397,0.0561,0.0099
20.16,16.80285,-1.2806,1.09219,2.75298,0.01059,-0.00177,4.72215,-0.21037,-2.06891,0.33241,-0.14591,-0.14734,0.17102,4.35734,0.46826,1.53271,0.29359,0.02327,-0.08892,0.04993,-1.63111,0.44899,-0.22629,-3.98025,0.32454,-0.11466,-0.05284,4.80894,1.40381,0.05753,-1.75317,0.37461,0.05204,0.00386
20.18,17.38245,0.93328,0.60508,2.74674,0.16358,0.01528,4.66954,-0.28277,-2.06909,0.39066,-0.13328,-0.15695,0.15585,4.28739,0.36199,1.5179,0.17454,0.02612,-0.10106,0.04327,-1.5498,-0.01399,-0.16404,-3.83414,0.33098,-0.11419,-0.05019,4.60351,0.82396,0.14038,-1.83174,0.37287,0.0487,-0.00123
20.2,18.01652,3.14504,0.12219,2.74073,0.30742,0.03074,4.62679,-0.36054,-2.06854,0.45454,-0.11955,-0.17518,0.12899,4.24987,0.25352,1.51122,0.08933,0.0273,-0.11134,0.0403,-1.46185,-0.48215,-0.09193,-3.67746,0.33622,-0.11369,-0.04694,4.32097,0.28107,0.21326,-1.9149,0.37003,0.04571,-0.00542
20.22,18.7415,5.28526,-0.34424,2.74055,0.43034,0.04274,4.63066,-0.43653,-2.10714,0.53573,-0.109,-0.21849,0.06608,4.24289,0.14273,1.50947,0.07133,0.02624,-0.11545,0.04219,-1.27207,-0.94804,-0.00524,-3.53855,0.33718,-0.11362,-0.04368,3.90957,-0.21772,0.27296,-1.97339,0.3675,0.04269,-0.00889
20.24,19.47774,7.35253,-0.79163,2.74375,0.53998,0.05295,4.65337,-0.52901,-2.19017,0.57186,-0.10543,-0.25602,-0.00641,4.26113,0.03456,1.51274,0.08722,0.02436,-0.11641,0.04699,-1.11442,-1.44024,0.10262,-3.40506,0.33548,-0.11398,-0.04076,3.46905,-0.67069,0.32173,-2.02612,0.36467,0.03986,-0.01172
20.26,20.13952,9.30686,-1.19986,2.7484,0.64237,0.06274,4.64424,-0.64505,-2.26161,0.53146,-0.10611,-0.27275,-0.06067,4.30001,-0.06685,1.52155,0.10759,0.02273,-0.11722,0.05314,-1.10488,-1.97051,0.23354,-3.2773,0.33209,-0.11482,-0.03866,3.07797,-1.07806,0.36274,-2.08795,0.36094,0.0376,-0.01382
20.28,20.66056,11.08226,-1.55438,2.75354,0.73411,0.07154,4.5928,-0.77897,-2.29148,0.42277,-0.11115,-0.2696,-0.11113,4.355,-0.16403,1.53563,0.13597,0.02122,-0.11742,0.06078,-1.25214,-2.53387,0.38912,-3.19105,0.32419,-0.11618,-0.03796,2.71274,-1.45805,0.39844,-2.14929,0.35684,0.03579,-0.01545
20.3,21.28234,12.61709,-1.82961,2.76831,0.81255,0.07946,4.51141,-0.89565,-2.25074,0.33232,-0.11228,-0.24904,-0.13757,4.42135,-0.24802,1.54929,0.18163,0.01966,-0.11544,0.06931,-1.44953,-3.07121,0.55679,-3.13334,0.31515,-0.11801,-0.03877,2.4214,-1.78167,0.42688,-2.20236,0.35293,0.0336,-0.01707
20.32,22.28955,13.95632,-2.03116,2.80323,0.87599,0.08682,4.46595,-0.96792,-2.20329,0.34061,-0.1031,-0.23689,-0.13061,4.49563,-0.30817,1.55637,0.25416,0.01771,-0.1098,0.07814,-1.58274,-3.51669,0.71693,-3.10313,0.30842,-0.1201,-0.04104,2.25211,-2.01603,0.44558,-2.24321,0.34965,0.0302,-0.01908
20.34,23.42429,15.10738,-2.17192,2.84783,0.925,0.09328,4.45372,-1.01533,-2.17619,0.38655,-0.09475,-0.23132,-0.11888,4.57357,-0.35281,1.56208,0.33894,0.01556,-0.10266,0.08731,-1.75013,-3.87351,0.86077,-3.14687,0.30006,-0.12197,-0.04455,2.15521,-2.20559,0.4593,-2.27582,0.34682,0.02628,-0.02131
20.36,24.47774,16.06334,-2.25379,2.89307,0.96163,0.09878,4.45629,-1.04646,-2.1574,0.43366,-0.0923,-0.22386,-0.11726,4.64955,-0.38908,1.57064,0.42031,0.01365,-0.09611,0.0966,-2.03666,-4.14664,0.98147,-3.30543,0.28692,-0.12323,-0.04903,2.08752,-2.38747,0.47215,-2.30579,0.34415,0.02248,-0.02355
20.38,25.48072,16.87472,-2.27715,2.94359,0.98677,0.10362,4.47567,-1.05897,-2.14862,0.49003,-0.093,-0.21779,-0.11871,4.71872,-0.41348,1.57965,0.4998,0.01185,-0.08982,0.10568,-2.41229,-4.3155,1.07493,-3.6151,0.26748,-0.12353,-0.05467,2.03948,-2.56465,0.48491,-2.33554,0.34176,0.01853,-0.02594
20.4,26.4722,17.42474,-2.23499,2.99436,0.99859,0.10721,4.50426,-1.05569,-2.14662,0.54965,-0.09579,-0.21401,-0.1215,4.77902,-0.42699,1.58866,0.57722,0.01017,-0.08391,0.11422,-2.77802,-4.31216,1.09026,-3.9796,0.25058,-0.12219,-0.05847,2.02654,-2.69908,0.49222,-2.35952,0.33974,0.01459,-0.02823
20.42,27.50028,17.58389,-2.12206,3.03738,0.99678,0.10901,4.53126,-1.04109,-2.14674,0.60736,-0.10013,-0.21256,-0.12537,4.82907,-0.43235,1.59693,0.65303,0.0086,-0.0785,0.12203,-3.09479,-4.0771,0.97987,-4.28793,0.24614,-0.11865,-0.05729,2.06256,-2.75398,0.48869,-2.3703,0.33821,0.01085,-0.03013
20.44,28.48121,17.52549,-1.95839,3.07984,0.98642,0.10996,4.55483,-1.01704,-2.14677,0.66106,-0.10503,-0.21287,-0.12864,4.86578,-0.42949,1.6036,0.72328,0.00719,-0.07374,0.12884,-3.49646,-3.68373,0.80394,-4.62757,0.24377,-0.11311,-0.05409,2.10085,-2.77021,0.47987,-2.38012,0.33699,0.00723,-0.03183
20.46,29.33969,17.3927,-1.7655,3.12568,0.9713,0.11066,4.57215,-0.98625,-2.14394,0.70837,-0.11002,-0.21342,-0.13143,4.88593,-0.41878,1.60817,0.78441,0.00604,-0.0698,0.13452,-4.0467,-3.23152,0.61912,-5.06372,0.23467,-0.10633,-0.05178,2.09424,-2.78849,0.47093,-2.39969,0.33589,0.00368,-0.03346
20.48,30.1177,17.16798,-1.55419,3.16659,0.95357,0.11108,4.57524,-0.95386,-2.13555,0.75423,-0.1147,-0.21402,-0.13364,4.88609,-0.40212,1.60822,0.84121,0.00502,-0.0663,0.13931,-4.6946,-2.76104,0.43824,-5.53031,0.22234,-0.09925,-0.0506,2.02584,-2.81721,0.46205,-2.42539,0.33496,0.0002,-0.03499
20.5,30.73584,16.84512,-1.34482,3.21375,0.93126,0.11072,4.57464,-0.91828,-2.12607,0.78584,-0.11844,-0.21549,-0.13415,4.87773,-0.38182,1.60815,0.88145,0.00449,-0.06398,0.14225,-5.46793,-2.32126,0.27289,-5.98008,0.20745,-0.09211,-0.05051,1.92816,-2.80967,0.44822,-2.46629,0.33404,-0.00305,-0.0363
20.52,31.11916,16.41661,-1.15977,3.28249,0.90154,0.10894,4.58523,-0.87628,-2.12174,0.78801,-0.1206,-0.21861,-0.13194,4.87624,-0.36003,1.61396,0.89042,0.00486,-0.06372,0.14231,-6.39416,-1.98198,0.13429,-6.35986,0.19084,-0.08494,-0.05116,1.84348,-2.71706,0.42428,-2.53262,0.33291,-0.00592,-0.0373
20.54,31.32191,15.90327,-1.00904,3.35211,0.86871,0.10601,4.59346,-0.83524,-2.11738,0.77794,-0.12142,-0.2221,-0.12815,4.87165,-0.33842,1.6201,0.88254,0.00573,-0.06449,0.1406,-7.33808,-1.8191,0.04766,-6.65107,0.17415,-0.07969,-0.05419,1.72592,-2.59979,0.39618,-2.61525,0.33162,-0.00866,-0.03823
20.56,31.40416,15.33882,-0.90355,3.40679,0.83723,0.1023,4.58986,-0.80171,-2.10953,0.76954,-0.12125,-0.22509,-0.12383,4.85616,-0.31904,1.62203,0.86998,0.00679,-0.0654,0.13815,-8.12726,-1.85373,0.01836,-6.83943,0.15987,-0.07761,-0.06006,1.53591,-2.51072,0.36993,-2.70691,0.33022,-0.01148,-0.03928
20.58,31.4193,14.71523,-0.85555,3.45541,0.80625,0.09746,4.58212,-0.77513,-2.10189,0.75776,-0.11966,-0.22821,-0.11841,4.83694,-0.30375,1.62176,0.84888,0.00803,-0.06656,0.13483,-8.64186,-2.07379,0.02895,-6.84277,0.15379,-0.07821,-0.06664,1.29129,-2.44163,0.34533,-2.80923,0.32856,-0.01443,-0.04056
20.6,31.1659,14.00422,-0.85741,3.48064,0.77399,0.09137,4.5718,-0.75368,-2.09405,0.74562,-0.11775,-0.23084,-0.11295,4.81733,-0.29157,1.62195,0.8204,0.00955,-0.06834,0.13082,-8.90064,-2.34726,0.05932,-6.77607,0.15071,-0.08044,-0.0734,1.01906,-2.35315,0.31742,-2.91819,0.32677,-0.01727,-0.04171
20.62,30.41189,13.1606,-0.89107,3.4616,0.73687,0.08395,4.55967,-0.734,-2.08499,0.73687,-0.11693,-0.23241,-0.10879,4.80046,-0.27971,1.62595,0.78631,0.01145,-0.07123,0.12625,-9.00956,-2.47542,0.09283,-6.81471,0.14288,-0.08256,-0.07967,0.74939,-2.20255,0.28078,-3.02859,0.32504,-0.0199,-0.0424
20.64,29.40518,12.19654,-0.956,3.41641,0.69588,0.07524,4.54965,-0.71625,-2.07724,0.72864,-0.11612,-0.23382,-0.10493,4.7882,-0.26823,1.63289,0.74785,0.01348,-0.07471,0.12152,-8.87055,-2.4925,0.12439,-6.80713,0.13949,-0.08422,-0.08336,0.48897,-2.01825,0.24009,-3.13681,0.32326,-0.02244,-0.04293
20.66,28.37194,11.13444,-1.04829,3.36108,0.6522,0.06545,4.54334,-0.70089,-2.07212,0.7194,-0.11442,-0.23556,-0.10054,4.7812,-0.2575,1.6416,0.70727,0.01539,-0.07828,0.11698,-8.39327,-2.48337,0.15283,-6.63097,0.14688,-0.08568,-0.08371,0.23811,-1.82656,0.19976,-3.24026,0.32131,-0.02506,-0.04363
20.68,27.27223,9.96244,-1.15108,3.29388,0.60304,0.0547,4.5418,-0.68533,-2.06935,0.7073,-0.11215,-0.23762,-0.09563,4.78258,-0.24682,1.65414,0.66387,0.01729,-0.08226,0.11237,-7.62678,-2.42745,0.17967,-6.36307,0.15968,-0.08619,-0.08122,0.01575,-1.61023,0.15804,-3.33822,0.31933,-0.02821,-0.04465
20.7,26.06708,8.71606,-1.24899,3.20937,0.55247,0.04364,4.54206,-0.66853,-2.0673,0.69896,-0.1098,-0.23934,-0.09126,4.78706,-0.23227,1.66803,0.62485,0.01881,-0.08602,0.10889,-6.74199,-2.30617,0.19334,-6.02689,0.17711,-0.08675,-0.07711,-0.15318,-1.35659,0.11356,-3.41846,0.31747,-0.03049,-0.04509
20.72,24.72165,7.44549,-1.33198,3.10143,0.50698,0.03309,4.54006,-0.65064,-2.06439,0.70254,-0.10794,-0.24013,-0.08869,4.7885,-0.211,1.67968,0.59853,0.0195,-0.08873,0.10796,-5.92715,-2.0938,0.18036,-5.63469,0.19906,-0.08859,-0.07252,-0.24626,-1.05941,0.06612,-3.46964,0.31588,-0.0303,-0.04392
20.74,23.31744,6.15517,-1.39617,2.98174,0.46193,0.02307,4.5382,-0.63083,-2.06158,0.70954,-0.10624,-0.24062,-0.08676,4.79295,-0.18628,1.6918,0.5784,0.01977,-0.09105,0.10827,-5.10809,-1.80845,0.15184,-5.22299,0.2216,-0.09026,-0.06699,-0.26553,-0.72609,0.0171,-3.49948,0.31459,-0.02929,-0.04212
20.76,21.93336,4.85485,-1.43745,2.86201,0.4141,0.0136,4.53887,-0.60875,-2.05982,0.71258,-0.10427,-0.24131,-0.08441,4.80404,-0.16086,1.70636,0.55894,0.01994,-0.09347,0.10866,-4.21973,-1.48408,0.11797,-4.81191,0.24252,-0.09072,-0.06033,-0.21464,-0.36869,-0.03174,-3.51509,0.31366,-0.02884,-0.04057
20.78,20.52466,3.55879,-1.44821,2.73968,0.36694,0.00512,4.54058,-0.58452,-2.05846,0.71443,-0.10226,-0.24202,-0.08202,4.81813,-0.13404,1.72208,0.54267,0.01992,-0.09577,0.10953,-3.36588,-1.1221,0.07672,-4.42422,0.26115,-0.0906,-0.05336,-0.08123,0.01059,-0.08008,-3.51809,0.31311,-0.02852,-0.03902
20.8,19.19215,2.35995,-1.4335,2.62395,0.32064,-0.00201,4.54344,-0.55884,-2.05737,0.71384,-0.10027,-0.24262,-0.07968,4.83516,-0.10537,1.73828,0.52898,0.0198,-0.09796,0.11066,-2.55266,-0.72858,0.02928,-4.06462,0.27723,-0.08978,-0.04618,0.11839,0.40422,-0.12687,-3.49363,0.31328,-0.02811,-0.03715
20.82,18.05647,1.36826,-1.40253,2.5259,0.2752,-0.00748,4.54828,-0.53279,-2.05673,0.70878,-0.09831,-0.24306,-0.07737,4.85591,-0.07486,1.75445,0.51644,0.0197,-0.10005,0.11181,-1.76784,-0.31001,-0.02244,-3.72935,0.29092,-0.08797,-0.03876,0.35351,0.80273,-0.17013,-3.42458,0.31453,-0.02746,-0.03465
20.84,17.02375,0.50915,-1.34445,2.43931,0.2325,-0.01149,4.55511,-0.50566,-2.05647,0.70164,-0.09646,-0.2434,-0.07518,4.87774,-0.04261,1.77091,0.50595,0.0196,-0.10212,0.11304,-1.07662,0.1182,-0.07589,-3.43778,0.30185,-0.08579,-0.03178,0.63842,1.19961,-0.209,-3.32914,0.31658,-0.02674,-0.03185
20.86,16.00852,-0.28124,-1.25238,2.35875,0.19377,-0.01426,4.56451,-0.47683,-2.05678,0.6937,-0.0947,-0.24382,-0.07306,4.89932,-0.00879,1.78831,0.4976,0.01951,-0.10426,0.11437,-0.51928,0.54063,-0.12881,-3.20255,0.30984,-0.08364,-0.02566,0.9799,1.58693,-0.24321,-3.22306,0.31928,-0.02622,-0.0291
20.88,15.02362,-0.96423,-1.13289,2.28687,0.15894,-0.01582,4.57764,-0.44634,-2.05798,0.68418,-0.09293,-0.24438,-0.07078,4.92162,0.02716,1.80696,0.49084,0.0194,-0.10639,0.11588,-0.10672,0.9591,-0.18139,-3.01598,0.31543,-0.08144,-0.02028,1.34798,1.96397,-0.27303,-3.09829,0.32278,-0.02584,-0.02622
20.9,14.13732,-1.56606,-0.9883,2.22546,0.12773,-0.01652,4.59279,-0.41524,-2.05955,0.67586,-0.09151,-0.24482,-0.06914,4.94181,0.06416,1.82558,0.4861,0.01948,-0.10877,0.11711,0.20649,1.34823,-0.22929,-2.88102,0.31884,-0.07957,-0.01595,1.76607,2.30985,-0.29651,-2.96399,0.3271,-0.02547,-0.02354
20.92,13.42207,-2.12934,-0.81962,2.17515,0.09921,-0.01684,4.60712,-0.38412,-2.06041,0.67251,-0.09084,-0.24483,-0.0691,4.95619,0.10093,1.84272,0.48433,0.02,-0.11179,0.11756,0.47613,1.68462,-0.26926,-2.80041,0.32028,-0.07845,-0.01298,2.26083,2.60662,-0.3132,-2.83189,0.33225,-0.02498,-0.02147
20.94,12.80239,-2.62936,-0.63492,2.13454,0.07336,-0.01677,4.62253,-0.35213,-2.06104,0.67118,-0.09052,-0.24466,-0.06973,4.96767,0.13796,1.85919,0.48443,0.02073,-0.11496,0.11766,0.66623,1.98936,-0.30504,-2.75925,0.32041,-0.07773,-0.0109,2.78576,2.86443,-0.32523,-2.69389,0.33817,-0.0245,-0.01981
20.96,12.20119,-3.05015,-0.44242,2.10095,0.0505,-0.01629,4.63991,-0.31868,-2.06161,0.66968,-0.09019,-0.24453,-0.07024,4.97835,0.17514,1.87554,0.48547,0.02146,-0.11793,0.11783,0.75007,2.27996,-0.33929,-2.74448,0.31975,-0.07711,-0.00931,3.30072,3.09567,-0.33483,-2.54481,0.34468,-0.02416,-0.01841
20.98,11.62383,-3.39262,-0.2499,2.07082,0.03143,-0.01544,4.65678,-0.28394,-2.06115,0.67068,-0.08991,-0.24432,-0.07098,4.98598,0.21023,1.89063,0.48795,0.02235,-0.12089,0.11803,0.75484,2.55643,-0.37175,-2.74921,0.31856,-0.07667,-0.00812,3.79783,3.30523,-0.34476,-2.3867,0.35168,-0.02384,-0.01727
21,11.11097,-3.69792,-0.05955,2.05033,0.01312,-0.01477,4.67427,-0.24974,-2.06038,0.67027,-0.08983,-0.24388,-0.0718,4.99279,0.24399,1.90391,0.49047,0.02313,-0.12326,0.11785,0.71825,2.80051,-0.40024,-2.77201,0.31708,-0.07638,-0.00735,4.30619,3.47233,-0.35099,-2.23129,0.35875,-0.02355,-0.01677
21.02,10.70619,-4.00554,0.12737,2.04666,-0.00759,-0.01484,4.69421,-0.21834,-2.06036,0.66378,-0.09009,-0.24307,-0.07251,5.00203,0.27719,1.91508,0.4916,0.02345,-0.12434,0.11686,0.67842,2.99153,-0.42268,-2.81313,0.31548,-0.07614,-0.00703,4.85575,3.58122,-0.34881,-2.09714,0.36519,-0.0234,-0.01736
21.04,10.35672,-4.28573,0.30182,2.0493,-0.02756,-0.01518,4.71357,-0.18845,-2.0597,0.65604,-0.0905,-0.24195,-0.07325,5.01036,0.30707,1.92353,0.49213,0.02364,-0.12469,0.11544,0.62944,3.1504,-0.44164,-2.86151,0.3139,-0.07598,-0.00695,5.39955,3.66887,-0.34593,-1.97454,0.37114,-0.02303,-0.01836
21.06,10.01385,-4.50556,0.45446,2.04933,-0.04352,-0.01531,4.73058,-0.15944,-2.05766,0.6509,-0.09087,-0.24066,-0.0741,5.01561,0.33093,1.92905,0.49291,0.02392,-0.1248,0.114,0.56306,3.29396,-0.45903,-2.90773,0.31246,-0.07592,-0.0069,5.89053,3.76538,-0.35041,-1.86076,0.37651,-0.02214,-0.0191
21.08,9.67891,-4.67771,0.58288,2.04724,-0.05645,-0.01544,4.74675,-0.13235,-2.05517,0.64728,-0.09133,-0.23914,-0.07513,5.02004,0.34794,1.93192,0.49414,0.02418,-0.12446,0.11245,0.50284,3.4222,-0.47533,-2.95169,0.31119,-0.07583,-0.00684,6.32788,3.8762,-0.36441,-1.78156,0.38031,-0.02105,-0.01961
21.1,9.38251,-4.81494,0.6869,2.04341,-0.06588,-0.01539,4.76167,-0.10847,-2.05211,0.64426,-0.09169,-0.23751,-0.07602,5.02161,0.36068,1.93152,0.49329,0.02443,-0.12373,0.11058,0.44264,3.51797,-0.4879,-2.99009,0.31013,-0.07596,-0.00693,6.71902,3.97773,-0.38008,-1.70228,0.38414,-0.01884,-0.0197
21.12,9.152,-4.92681,0.76722,2.03952,-0.0713,-0.01498,4.7752,-0.08914,-2.0486,0.64006,-0.09171,-0.23597,-0.0763,5.01783,0.37228,1.92725,0.48673,0.02473,-0.12279,0.10807,0.3682,3.5657,-0.49414,-3.01971,0.30932,-0.07658,-0.00738,7.06631,4.04375,-0.38702,-1.58196,0.38981,-0.01437,-0.01931
21.14,8.95414,-5.01526,0.82269,2.0324,-0.07341,-0.01442,4.78853,-0.07413,-2.04528,0.63648,-0.09164,-0.2344,-0.07645,5.01168,0.38071,1.92042,0.47764,0.02503,-0.12158,0.10523,0.30162,3.58423,-0.49718,-3.04237,0.3087,-0.07741,-0.00796,7.35348,4.09712,-0.39309,-1.47031,0.39508,-0.00892,-0.01864
21.16,8.75673,-5.07571,0.85221,2.02002,-0.07257,-0.01384,4.80241,-0.0633,-2.0427,0.63508,-0.09168,-0.23272,-0.07687,5.00518,0.38434,1.91205,0.46842,0.02532,-0.12014,0.10233,0.25897,3.59251,-0.50001,-3.05912,0.30827,-0.07819,-0.00846,7.56159,4.15584,-0.40582,-1.40829,0.39822,-0.00348,-0.0177
21.18,8.56297,-5.12348,0.85973,2.00952,-0.07033,-0.01338,4.81767,-0.05656,-2.04167,0.63189,-0.09162,-0.23116,-0.07699,4.99751,0.38543,1.90238,0.45504,0.02571,-0.11868,0.09895,0.23791,3.59254,-0.50265,-3.06939,0.30801,-0.07889,-0.00886,7.67059,4.20836,-0.42171,-1.39308,0.39954,0.00253,-0.01644
21.2,8.39222,-5.15815,0.84581,1.98928,-0.06506,-0.01285,4.82909,-0.0553,-2.03901,0.63487,-0.09181,-0.22921,-0.0778,4.98543,0.38563,1.89058,0.44376,0.026,-0.11694,0.09571,0.22915,3.57468,-0.50359,-3.07551,0.30785,-0.07982,-0.00941,7.74326,4.24499,-0.43861,-1.38881,0.3999,0.00827,-0.015
21.22,8.25988,-5.17518,0.81043,1.94194,-0.05403,-0.01192,4.82932,-0.06147,-2.03043,0.65518,-0.09264,-0.22616,-0.08063,4.96438,0.38692,1.87551,0.44343,0.02589,-0.11455,0.09349,0.22263,3.52951,-0.50125,-3.07979,0.30769,-0.08135,-0.01043,7.85462,4.25807,-0.45541,-1.35404,0.40018,0.01273,-0.01353
21.24,8.14977,-5.19429,0.76053,1.88993,-0.04205,-0.01111,4.82214,-0.07269,-2.01883,0.68069,-0.09362,-0.22259,-0.08398,4.93572,0.39022,1.858,0.44384,0.02576,-0.11202,0.09121,0.22326,3.4736,-0.4976,-3.08186,0.30757,-0.0831,-0.0116,7.93773,4.25502,-0.47319,-1.3207,0.39946,0.0168,-0.01202
21.26,8.04678,-5.23442,0.7023,1.85011,-0.03288,-0.01082,4.81045,-0.08679,-2.00653,0.70249,-0.09443,-0.21897,-0.08679,4.90045,0.39638,1.83885,0.43764,0.02587,-0.10974,0.08809,0.23686,3.42458,-0.49479,-3.08132,0.3075,-0.08471,-0.01264,7.94278,4.24609,-0.49457,-1.317,0.39707,0.02119,-0.01037
21.28,7.93139,-5.30034,0.63746,1.80596,-0.02414,-0.01073,4.78798,-0.10493,-1.99052,0.72895,-0.09534,-0.21474,-0.09008,4.85433,0.40801,1.81753,0.43074,0.026,-0.10746,0.08474,0.26059,3.38371,-0.49259,-3.07841,0.30743,-0.08641,-0.01367,7.90621,4.23449,-0.52144,-1.32215,0.39359,0.02581,-0.00854
21.3,7.86701,-5.38301,0.56936,1.78971,-0.02185,-0.01161,4.76408,-0.12352,-1.97501,0.74587,-0.09595,-0.211,-0.09208,4.80521,0.42086,1.79511,0.41449,0.02656,-0.10566,0.08023,0.2805,3.34198,-0.48967,-3.07718,0.3074,-0.08795,-0.01468,7.83599,4.20909,-0.54602,-1.33525,0.38911,0.0299,-0.00719
21.32,7.92152,-5.47425,0.50216,1.84181,-0.03282,-0.01437,4.75259,-0.13753,-1.9658,0.73465,-0.09583,-0.20926,-0.09058,4.76391,0.4292,1.77321,0.37694,0.02811,-0.10499,0.07319,0.2837,3.29157,-0.485,-3.08166,0.30749,-0.08898,-0.01558,7.73696,4.15448,-0.5592,-1.35983,0.38362,0.03272,-0.00703
21.34,8.01266,-5.58618,0.43769,1.91849,-0.05035,-0.01802,4.74301,-0.14984,-1.9584,0.71406,-0.0955,-0.20825,-0.08791,4.72305,0.43841,1.75165,0.33194,0.02998,-0.10477,0.06531,0.27787,3.24512,-0.48003,-3.08888,0.30763,-0.08982,-0.01644,7.62712,4.08154,-0.56831,-1.38606,0.37754,0.03484,-0.00749
21.36,8.06878,-5.73278,0.37946,1.98503,-0.06938,-0.02174,4.72869,-0.16229,-1.95001,0.69832,-0.0953,-0.20709,-0.08587,4.67889,0.45226,1.73095,0.29001,0.03169,-0.10457,0.0579,0.27008,3.21398,-0.47616,-3.09628,0.30772,-0.09072,-0.01729,7.52091,4.00548,-0.57905,-1.40667,0.3712,0.03687,-0.00808
21.38,8.12132,-5.92273,0.33444,2.0581,-0.09167,-0.02573,4.71788,-0.17134,-1.94316,0.67874,-0.09497,-0.20641,-0.08348,4.63911,0.46803,1.71286,0.24581,0.03354,-0.10462,0.05016,0.26221,3.19956,-0.47357,-3.1029,0.30784,-0.09164,-0.01809,7.43946,3.92517,-0.58654,-1.41581,0.36482,0.03875,-0.00891
21.4,8.15097,-6.11661,0.30016,2.11646,-0.117,-0.02984,4.709,-0.17898,-1.93939,0.66523,-0.09477,-0.20611,-0.08187,4.60416,0.4851,1.69731,0.21244,0.0349,-0.10462,0.04428,0.23552,3.19194,-0.47136,-3.11476,0.30794,-0.09243,-0.0189,7.36249,3.8369,-0.59144,-1.4249,0.35842,0.03976,-0.01014
21.42,8.1329,-6.27305,0.27338,2.13355,-0.14523,-0.03391,4.69874,-0.18813,-1.93982,0.67056,-0.09506,-0.20592,-0.08249,4.57292,0.5033,1.68378,0.20457,0.03497,-0.10435,0.04298,0.17221,3.18059,-0.46853,-3.13761,0.30798,-0.09294,-0.01982,7.2659,3.73748,-0.59488,-1.44674,0.35206,0.03907,-0.01195
21.44,8.10491,-6.43027,0.26585,2.13303,-0.17586,-0.03793,4.69413,-0.19405,-1.94433,0.68222,-0.09541,-0.20624,-0.08395,4.55246,0.52153,1.67412,0.21212,0.03446,-0.10397,0.04409,0.08934,3.17786,-0.46654,-3.16594,0.308,-0.09332,-0.02076,7.18764,3.63869,-0.59419,-1.46544,0.34609,0.03758,-0.01394
21.46,8.09113,-6.61984,0.28726,2.1322,-0.20783,-0.04184,4.69965,-0.19314,-1.95212,0.69078,-0.09547,-0.20724,-0.0852,4.54708,0.53894,1.66943,0.22672,0.0339,-0.10356,0.04595,0.00253,3.19592,-0.46689,-3.19488,0.30804,-0.0937,-0.0216,7.16391,3.54935,-0.58682,-1.46564,0.34081,0.03604,-0.01582
21.48,8.08994,-6.8351,0.33868,2.12507,-0.24168,-0.04562,4.71376,-0.18557,-1.96262,0.70001,-0.09529,-0.20874,-0.08661,4.55412,0.55436,1.66864,0.24921,0.03298,-0.10302,0.04962,-0.08697,3.23532,-0.46972,-3.22437,0.30808,-0.09395,-0.02229,7.2049,3.4614,-0.56921,-1.44625,0.33646,0.0339,-0.01797
21.5,8.12057,-7.03683,0.41506,2.11275,-0.27342,-0.04897,4.7342,-0.17326,-1.97543,0.7083,-0.09482,-0.21072,-0.08797,4.57859,0.56997,1.6731,0.29058,0.03198,-0.10213,0.05451,-0.1954,3.28599,-0.4741,-3.26066,0.30808,-0.0942,-0.02305,7.2619,3.40102,-0.55214,-1.42049,0.33294,0.03203,-0.01938
21.52,8.20691,-7.18271,0.50914,2.09819,-0.29872,-0.05162,4.75834,-0.1586,-1.9903,0.71342,-0.09403,-0.21321,-0.08902,4.62603,0.58909,1.68464,0.36267,0.0313,-0.10101,0.05963,-0.33784,3.33552,-0.47884,-3.31055,0.30799,-0.09462,-0.02418,7.27832,3.39682,-0.54786,-1.40006,0.33027,0.03152,-0.01892
21.54,8.34579,-7.2976,0.62182,2.0826,-0.3202,-0.05367,4.78492,-0.1406,-2.00527,0.71738,-0.09292,-0.21586,-0.0899,4.68872,0.60895,1.70098,0.45185,0.03051,-0.10006,0.06583,-0.49588,3.39479,-0.48502,-3.36752,0.30783,-0.09503,-0.02537,7.30053,3.42625,-0.54557,-1.3729,0.32878,0.03149,-0.01759
21.56,8.53906,-7.40152,0.75224,2.06915,-0.33999,-0.0552,4.81296,-0.11867,-2.01868,0.72145,-0.09149,-0.21837,-0.09069,4.75975,0.62679,1.71987,0.54527,0.02937,-0.09941,0.0734,-0.65243,3.47341,-0.49368,-3.42631,0.30762,-0.09531,-0.02636,7.37667,3.46591,-0.53575,-1.32492,0.32886,0.0312,-0.01634
21.58,8.79603,-7.49579,0.8961,2.05985,-0.3585,-0.05634,4.84072,-0.09381,-2.03052,0.72581,-0.08991,-0.2206,-0.09143,4.83763,0.64502,1.74121,0.64421,0.02824,-0.09935,0.08125,-0.8002,3.56918,-0.50472,-3.48822,0.30735,-0.0955,-0.02719,7.50599,3.5172,-0.52111,-1.24759,0.33099,0.03083,-0.01515
21.6,9.13387,-7.50767,1.03846,2.05661,-0.36965,-0.0563,4.86372,-0.06931,-2.03771,0.7317,-0.08818,-0.2222,-0.09214,4.92116,0.66109,1.76309,0.74745,0.02657,-0.0992,0.09036,-0.96857,3.66439,-0.51573,-3.55615,0.30693,-0.09565,-0.02804,7.62706,3.58824,-0.50701,-1.17765,0.33406,0.03078,-0.01343
21.62,9.5714,-7.35788,1.16379,2.06115,-0.36704,-0.05423,4.87744,-0.04875,-2.03668,0.74115,-0.08629,-0.22276,-0.09296,5.01047,0.67169,1.78336,0.85385,0.02361,-0.09773,0.10208,-1.19114,3.74012,-0.52406,-3.63253,0.30624,-0.0958,-0.02903,7.68024,3.68283,-0.4974,-1.15506,0.33679,0.03117,-0.01077
21.64,10.11048,-7.10537,1.2775,2.07571,-0.35683,-0.05089,4.88389,-0.03018,-2.02974,0.75568,-0.08474,-0.22219,-0.09425,5.09864,0.68064,1.80125,0.95956,0.02018,-0.09565,0.11434,-1.43332,3.80099,-0.53063,-3.7147,0.30536,-0.09599,-0.03011,7.71934,3.78049,-0.48746,-1.14234,0.34036,0.03171,-0.00799
21.66,10.7496,-6.8035,1.38505,2.1018,-0.34461,-0.04701,4.88496,-0.01181,-2.01881,0.77724,-0.08407,-0.22035,-0.0966,5.17937,0.69105,1.81609,1.06066,0.01695,-0.09373,0.1255,-1.66451,3.85241,-0.53648,-3.79958,0.30441,-0.09622,-0.03117,7.79564,3.86387,-0.47238,-1.10548,0.34574,0.03202,-0.00585
21.68,11.4877,-6.43662,1.48183,2.13838,-0.32977,-0.04244,4.87991,0.00527,-2.00293,0.8096,-0.08437,-0.21701,-0.10061,5.25433,0.70285,1.82761,1.1592,0.0137,-0.09167,0.13608,-1.89201,3.88861,-0.54095,-3.88623,0.30348,-0.09636,-0.03218,7.90612,3.92975,-0.45226,-1.0491,0.35247,0.0315,-0.00463
21.7,12.35202,-5.96706,1.56206,2.18992,-0.30991,-0.03696,4.87012,0.02093,-1.98361,0.8525,-0.08632,-0.21208,-0.10612,5.30894,0.71459,1.83174,1.24616,0.01065,-0.08929,0.14525,-2.12723,3.87676,-0.54008,-3.97644,0.30236,-0.09698,-0.03364,7.97939,3.97145,-0.43094,-1.00632,0.35948,0.03188,-0.00334
21.72,13.37719,-5.35313,1.62038,2.26127,-0.28261,-0.03039,4.85578,0.03349,-1.96255,0.9024,-0.09101,-0.20525,-0.11388,5.32638,0.72477,1.8247,1.312,0.00809,-0.08646,0.1521,-2.37868,3.7817,-0.52985,-4.07108,0.3009,-0.09872,-0.03613,7.93519,3.98269,-0.4127,-1.01367,0.36537,0.03522,-0.00083
21.74,14.52376,-4.6308,1.65817,2.34591,-0.25132,-0.02319,4.84033,0.0436,-1.94113,0.96513,-0.09752,-0.19714,-0.12349,5.31984,0.73424,1.80957,1.36625,0.0058,-0.08316,0.15748,-2.63683,3.62013,-0.51261,-4.16514,0.29937,-0.10104,-0.03923,7.83849,3.9452,-0.3915,-1.04313,0.37038,0.03932,0.00154
21.76,15.74654,-3.83667,1.67629,2.4372,-0.21902,-0.01583,4.82542,0.05028,-1.92022,1.04128,-0.10509,-0.18834,-0.13457,5.30103,0.74385,1.78932,1.41725,0.00362,-0.07961,0.16209,-2.8908,3.41229,-0.49104,-4.253,0.29811,-0.10349,-0.04255,7.74887,3.85531,-0.36347,-1.06682,0.37493,0.04241,0.00274
21.78,17.03945,-2.94283,1.66707,2.53282,-0.18283,-0.00822,4.80551,0.04518,-1.90082,1.11769,-0.11557,-0.1777,-0.14975,5.26546,0.75309,1.76419,1.46444,0.00159,-0.07589,0.16607,-3.14131,3.15366,-0.46486,-4.33208,0.29741,-0.10619,-0.0463,7.63751,3.73118,-0.33296,-1.09701,0.37808,0.04532,0.00354
21.8,18.34603,-1.97698,1.63295,2.63171,-0.14447,-0.00075,4.79227,0.03756,-1.88476,1.19615,-0.12264,-0.17058,-0.15584,5.21943,0.75664,1.73282,1.50581,-0.00034,-0.07172,0.16917,-3.39942,2.83465,-0.43285,-4.40315,0.29658,-0.10923,-0.05033,7.49474,3.52528,-0.29395,-1.14195,0.38023,0.04771,0.00335
21.82,19.58053,-0.98948,1.5794,2.73468,-0.10609,0.00617,4.79266,0.03219,-1.86976,1.25732,-0.1184,-0.17418,-0.12927,5.172,0.74877,1.69258,1.5396,-0.00226,-0.06663,0.17108,-3.68244,2.45014,-0.39427,-4.46512,0.29491,-0.11277,-0.05451,7.31863,3.18802,-0.23923,-1.20791,0.38207,0.04907,0.00133
21.84,20.72436,0.07477,1.47743,2.83298,-0.06208,0.01279,4.78785,-0.00368,-1.87259,1.26133,-0.11588,-0.17888,-0.07819,5.12114,0.73175,1.64826,1.57015,-0.00419,-0.06127,0.17257,-3.97115,2.02633,-0.35273,-4.51327,0.29329,-0.11641,-0.05874,7.10641,2.78224,-0.17733,-1.28963,0.38274,0.05003,-0.00136
21.86,21.81805,1.25848,1.31083,2.92014,-0.00867,0.01919,4.78529,-0.0712,-1.90943,1.22816,-0.1222,-0.18009,-0.02113,5.06522,0.70879,1.60369,1.60135,-0.00615,-0.05614,0.17428,-4.2469,1.58821,-0.3114,-4.54092,0.29268,-0.11988,-0.06291,6.86496,2.36625,-0.11604,-1.38054,0.38163,0.05104,-0.00377
21.88,22.87734,2.54585,1.08113,3.00247,0.05256,0.02509,4.81166,-0.14939,-1.98901,1.18045,-0.13876,-0.1744,0.05449,5.00612,0.68198,1.55508,1.6319,-0.00821,-0.05077,0.17596,-4.53036,1.14383,-0.27171,-4.53841,0.29344,-0.12367,-0.06722,6.60459,1.94027,-0.0549,-1.48508,0.37883,0.05212,-0.00607
21.9,23.87474,3.91423,0.80732,3.05874,0.12622,0.03075,4.81193,-0.22956,-2.05132,1.16099,-0.1551,-0.16481,0.10475,4.94892,0.64165,1.51296,1.66212,-0.01021,-0.04643,0.17791,-4.74738,0.70002,-0.23232,-4.51949,0.29445,-0.12625,-0.07044,6.29856,1.48734,0.00809,-1.59588,0.37525,0.05308,-0.00801
21.92,24.74377,5.33334,0.51524,3.06627,0.21556,0.03639,4.69889,-0.32786,-2.01449,1.18,-0.14549,-0.1717,0.07859,4.89827,0.5762,1.48938,1.69351,-0.01201,-0.04455,0.18054,-4.81103,0.26034,-0.18933,-4.5014,0.29429,-0.1259,-0.07117,5.91904,0.98767,0.07475,-1.70349,0.37196,0.0538,-0.00931
21.94,25.52206,6.80137,0.19699,3.04905,0.31397,0.04161,4.54247,-0.42574,-1.94084,1.22713,-0.12765,-0.18082,0.0225,4.85038,0.49873,1.47237,1.72402,-0.01372,-0.04366,0.18333,-4.78598,-0.17079,-0.1443,-4.4577,0.29449,-0.12428,-0.07051,5.49655,0.48472,0.1399,-1.81431,0.36837,0.05455,-0.01005
21.96,26.23335,8.31199,-0.15505,3.02642,0.41621,0.04625,4.39966,-0.51713,-1.88485,1.27929,-0.11442,-0.1851,-0.02361,4.80207,0.4202,1.45216,1.75275,-0.01545,-0.04253,0.18598,-4.71947,-0.59183,-0.09925,-4.368,0.29638,-0.12285,-0.06943,5.0631,0.01293,0.20013,-1.93323,0.36394,0.05561,-0.01026
21.98,26.86768,9.83414,-0.53241,2.99243,0.51997,0.05039,4.24642,-0.61331,-1.84037,1.33341,-0.10406,-0.18737,-0.07048,4.7544,0.33699,1.43186,1.78155,-0.01727,-0.04142,0.18867,-4.57589,-1.00973,-0.05145,-4.24209,0.29938,-0.12133,-0.06761,4.62434,-0.43914,0.25741,-2.05762,0.35906,0.05728,-0.00978
22,27.35804,11.37264,-0.92868,2.94923,0.62618,0.05449,4.10843,-0.70846,-1.82223,1.36449,-0.09874,-0.19091,-0.108,4.70974,0.25282,1.41174,1.80587,-0.01876,-0.04039,0.19096,-4.35536,-1.42441,0.00022,-4.07261,0.30344,-0.11941,-0.06505,4.15984,-0.85007,0.30858,-2.17963,0.35431,0.05851,-0.00908
22.02,27.63117,12.93704,-1.3341,2.89972,0.73756,0.05914,4.01813,-0.79252,-1.83678,1.35117,-0.09897,-0.20115,-0.12622,4.67212,0.17193,1.39214,1.82061,-0.01939,-0.03952,0.19239,-4.07792,-1.83972,0.05667,-3.85591,0.3083,-0.11673,-0.06188,3.64623,-1.19699,0.34956,-2.29142,0.35025,0.05814,-0.00872
22.04,27.7567,14.44684,-1.7266,2.84504,0.84671,0.06405,3.94201,-0.87675,-1.8622,1.30628,-0.10151,-0.21299,-0.1336,4.63919,0.09314,1.3728,1.83149,-0.01969,-0.03855,0.19344,-3.73102,-2.26389,0.11992,-3.60926,0.31388,-0.11405,-0.0584,3.12355,-1.50023,0.38407,-2.39648,0.34663,0.05731,-0.00831
22.06,27.79733,15.84003,-2.0865,2.78769,0.94777,0.06899,3.85604,-0.96489,-1.88103,1.24474,-0.10422,-0.22198,-0.13648,4.6088,0.01611,1.35295,1.84292,-0.02006,-0.03726,0.19447,-3.33033,-2.70279,0.19168,-3.35411,0.31968,-0.11199,-0.055,2.62706,-1.77776,0.41576,-2.49876,0.34316,0.05696,-0.00754
22.08,27.73773,17.12074,-2.40631,2.72746,1.04367,0.07435,3.77293,-1.04959,-1.89313,1.1696,-0.10769,-0.22833,-0.13714,4.58395,-0.05908,1.33469,1.85348,-0.02022,-0.03597,0.19542,-2.93365,-3.16795,0.27475,-3.11276,0.32427,-0.10995,-0.0517,2.14704,-2.03649,0.44513,-2.59701,0.33993,0.05677,-0.00663
22.1,27.65673,18.26589,-2.67131,2.67214,1.12594,0.07981,3.696,-1.11825,-1.89211,1.10778,-0.11017,-0.23248,-0.13451,4.56033,-0.12517,1.31569,1.8634,-0.02054,-0.03425,0.19621,-2.48622,-3.63029,0.36523,-2.87493,0.32976,-0.10956,-0.04945,1.70791,-2.25618,0.46962,-2.68332,0.33724,0.05633,-0.00586
22.12,27.63107,19.27766,-2.8734,2.63022,1.18504,0.08489,3.62981,-1.15885,-1.88023,1.08937,-0.11003,-0.23683,-0.12722,4.5325,-0.17403,1.29286,1.87324,-0.02152,-0.03158,0.19678,-1.93952,-4.05164,0.45675,-2.63763,0.33804,-0.11262,-0.04934,1.33578,-2.41857,0.48666,-2.75048,0.33532,0.05538,-0.00544
22.14,27.62188,20.17395,-3.01721,2.59652,1.23015,0.09008,3.57803,-1.17979,-1.8652,1.0978,-0.11027,-0.2403,-0.12053,4.50546,-0.21143,1.27077,1.8829,-0.0227,-0.02872,0.19731,-1.40721,-4.45754,0.55317,-2.44117,0.34604,-0.1173,-0.05061,1.01398,-2.55217,0.49935,-2.80506,0.33391,0.05412,-0.00532
22.16,27.58655,20.96489,-3.10345,2.5662,1.26872,0.09573,3.53864,-1.1881,-1.84733,1.11602,-0.11291,-0.24131,-0.11815,4.48311,-0.24304,1.25318,1.89267,-0.02375,-0.02631,0.19795,-1.00256,-4.86458,0.65734,-2.32606,0.35114,-0.12222,-0.05279,0.72801,-2.6809,0.51053,-2.85329,0.33277,0.05289,-0.00532
22.18,27.50244,21.68683,-3.12912,2.54095,1.29857,0.10176,3.51111,-1.17727,-1.82567,1.1466,-0.11719,-0.24095,-0.11797,4.46385,-0.26722,1.23944,1.90284,-0.02483,-0.02427,0.19872,-0.79193,-5.24898,0.7671,-2.32784,0.35219,-0.12797,-0.05661,0.47364,-2.80956,0.52043,-2.89522,0.33189,0.05193,-0.00528
22.2,27.50736,22.27626,-3.10288,2.52573,1.32101,0.10796,3.49684,-1.16006,-1.80474,1.18823,-0.12238,-0.23921,-0.12029,4.44531,-0.28348,1.2291,1.91339,-0.02594,-0.0226,0.19967,-0.617,-5.58846,0.86938,-2.36671,0.35402,-0.13405,-0.06062,0.2779,-2.90997,0.52553,-2.92568,0.33137,0.05032,-0.00583
22.22,27.75471,22.66294,-3.0373,2.52483,1.33938,0.11425,3.49731,-1.15275,-1.79018,1.23849,-0.12786,-0.23594,-0.12577,4.42496,-0.29201,1.22146,1.92436,-0.027,-0.02125,0.20086,-0.30328,-5.84615,0.94037,-2.34059,0.362,-0.1392,-0.06247,0.16926,-2.95429,0.52243,-2.93891,0.33132,0.04702,-0.00771
22.24,28.09447,22.94627,-2.93214,2.53435,1.35297,0.12068,3.50827,-1.14217,-1.77836,1.29253,-0.13337,-0.23219,-0.13239,4.40475,-0.2947,1.21693,1.93572,-0.02807,-0.02029,0.20222,-0.06868,-5.99034,0.98042,-2.3424,0.36975,-0.14296,-0.06297,0.1129,-2.97334,0.51484,-2.94268,0.33153,0.04312,-0.01011
22.26,28.39571,23.21605,-2.79107,2.55007,1.36221,0.12728,3.52449,-1.1185,-1.76543,1.34561,-0.13906,-0.22852,-0.139,4.38611,-0.29373,1.21571,1.94752,-0.02914,-0.0198,0.2037,-0.09364,-6.01103,0.99847,-2.45436,0.37211,-0.14537,-0.06322,0.07615,-2.99682,0.50639,-2.9437,0.33183,0.03955,-0.01234
22.28,28.6693,23.47999,-2.62836,2.56944,1.37235,0.13426,3.54444,-1.08828,-1.75329,1.3966,-0.14451,-0.22503,-0.14554,4.36753,-0.29001,1.21651,1.95973,-0.03023,-0.01957,0.20531,-0.34413,-5.8923,0.98844,-2.63895,0.37081,-0.14624,-0.06274,0.05381,-3.02954,0.49778,-2.94148,0.33224,0.03607,-0.01462
22.3,29.00628,23.7029,-2.4469,2.60122,1.37523,0.14075,3.56553,-1.0534,-1.74198,1.44341,-0.14943,-0.22195,-0.15161,4.35012,-0.28344,1.22005,1.9716,-0.03123,-0.0198,0.20689,-0.69311,-5.63414,0.95272,-2.86224,0.3661,-0.1445,-0.0607,0.06921,-3.03797,0.48559,-2.93635,0.33271,0.03245,-0.01696
22.32,29.50797,23.85361,-2.24774,2.65526,1.3611,0.14586,3.58425,-1.01472,-1.73063,1.48496,-0.15383,-0.21932,-0.15704,4.33438,-0.27355,1.22717,1.98267,-0.03204,-0.02073,0.20833,-0.99648,-5.25475,0.89733,-3.08906,0.35766,-0.13896,-0.05622,0.1456,-2.98869,0.46654,-2.92955,0.33315,0.02853,-0.01932
22.34,30.06143,23.99592,-2.04678,2.7189,1.3426,0.15049,3.59898,-0.9755,-1.71982,1.52039,-0.15746,-0.21716,-0.16166,4.31886,-0.26223,1.23568,1.99315,-0.03271,-0.02199,0.20965,-1.34317,-4.78251,0.827,-3.32119,0.34553,-0.13076,-0.05047,0.2473,-2.92204,0.44542,-2.92296,0.33354,0.02449,-0.02173
22.36,30.56555,24.19305,-1.85755,2.78088,1.33043,0.15535,3.60729,-0.93749,-1.70905,1.54975,-0.16033,-0.2154,-0.1654,4.3018,-0.25107,1.24354,2.00324,-0.03332,-0.02322,0.21085,-1.8061,-4.25373,0.74847,-3.56563,0.33019,-0.12144,-0.04483,0.34258,-2.87647,0.42703,-2.91882,0.33386,0.02053,-0.02415
22.38,31.07372,24.45296,-1.68329,2.84297,1.32206,0.1602,3.60417,-0.90092,-1.69585,1.57684,-0.16306,-0.21344,-0.16888,4.27961,-0.23886,1.25006,2.01366,-0.03393,-0.02433,0.212,-2.28333,-3.70266,0.66808,-3.78948,0.3132,-0.11134,-0.03926,0.43767,-2.85282,0.41228,-2.91831,0.33409,0.01649,-0.02661
22.4,31.53151,24.7073,-1.52903,2.90313,1.3174,0.16459,3.59767,-0.86985,-1.68502,1.59287,-0.16402,-0.21247,-0.17055,4.26218,-0.22872,1.25677,2.02159,-0.03425,-0.02561,0.21274,-2.79105,-3.17852,0.59283,-4.00264,0.29353,-0.10063,-0.03458,0.52888,-2.82213,0.39752,-2.92294,0.33416,0.01244,-0.02916
22.42,31.88812,24.87978,-1.40043,2.95995,1.31691,0.16803,3.59796,-0.84913,-1.6827,1.58755,-0.16107,-0.21417,-0.16831,4.26143,-0.22427,1.26575,2.02383,-0.03397,-0.02741,0.21266,-3.35762,-2.73708,0.52759,-4.21816,0.26974,-0.08919,-0.03131,0.61182,-2.75628,0.37902,-2.93435,0.33398,0.00847,-0.03189
22.44,32.19655,25.03477,-1.30116,3.01168,1.32042,0.17073,3.59547,-0.83545,-1.68267,1.57366,-0.15647,-0.21663,-0.16447,4.26644,-0.22327,1.27434,2.02358,-0.03342,-0.02925,0.21216,-3.88855,-2.3996,0.47422,-4.40048,0.24525,-0.0783,-0.02922,0.68458,-2.68935,0.36185,-2.95383,0.33359,0.00439,-0.03476
22.46,32.50938,25.21952,-1.2342,3.05698,1.32795,0.17296,3.58339,-0.82604,-1.68015,1.56232,-0.15215,-0.21849,-0.16095,4.26838,-0.22342,1.28052,2.02363,-0.03289,-0.03074,0.21162,-4.29974,-2.1777,0.4345,-4.5166,0.22339,-0.06908,-0.02835,0.74271,-2.65163,0.35059,-2.98233,0.33302,6e-05,-0.03773
22.48,32.86988,25.40367,-1.20348,3.09861,1.33872,0.17455,3.56631,-0.82348,-1.67784,1.5511,-0.14704,-0.22095,-0.15632,4.27224,-0.22574,1.28561,2.02296,-0.03231,-0.03203,0.21096,-4.53322,-2.10257,0.41132,-4.54381,0.20462,-0.06103,-0.02829,0.79237,-2.64245,0.34577,-3.02078,0.33225,-0.00466,-0.04103
22.5,33.13843,25.50679,-1.20512,3.1278,1.34838,0.17488,3.54844,-0.82315,-1.67568,1.54232,-0.14285,-0.22243,-0.15324,4.2783,-0.23172,1.28853,2.022,-0.03166,-0.03297,0.21023,-4.69331,-2.14274,0.39764,-4.53784,0.18992,-0.05603,-0.03029,0.80795,-2.62484,0.34159,-3.06917,0.3313,-0.0094,-0.04403
22.52,33.16311,25.44355,-1.23395,3.13546,1.35101,0.17309,3.53359,-0.81959,-1.67331,1.53907,-0.14183,-0.22079,-0.15533,4.28591,-0.24368,1.28774,2.02156,-0.03099,-0.03336,0.20956,-4.89891,-2.23954,0.38352,-4.5588,0.18055,-0.05563,-0.03527,0.76015,-2.56128,0.33196,-3.12491,0.33027,-0.01386,-0.04613
22.54,33.11486,25.21422,-1.28839,3.13194,1.34645,0.16951,3.52151,-0.81565,-1.67184,1.54009,-0.14205,-0.21833,-0.15917,4.29704,-0.2576,1.28587,2.02127,-0.03028,-0.03346,0.20897,-5.0029,-2.40576,0.37347,-4.5421,0.17678,-0.05764,-0.04127,0.67632,-2.47371,0.32122,-3.18778,0.32916,-0.01826,-0.0478
22.56,33.14872,24.82542,-1.36628,3.12699,1.33411,0.16443,3.51086,-0.81361,-1.67153,1.54481,-0.1421,-0.21671,-0.16223,4.3124,-0.2706,1.28476,2.02119,-0.02957,-0.0335,0.20852,-4.87698,-2.6602,0.37279,-4.4298,0.1788,-0.06043,-0.04685,0.57523,-2.3868,0.31376,-3.25667,0.32805,-0.02291,-0.04954
22.58,33.25067,24.24959,-1.46602,3.12108,1.30989,0.15728,3.5026,-0.81336,-1.67242,1.55339,-0.14272,-0.21451,-0.1666,4.33269,-0.28735,1.2831,2.02192,-0.02887,-0.03336,0.20824,-4.52426,-2.98639,0.37995,-4.22014,0.18703,-0.06394,-0.05182,0.43963,-2.2953,0.30831,-3.3253,0.32709,-0.02807,-0.05142
22.6,33.32328,23.37043,-1.55861,3.10887,1.27108,0.14829,3.49832,-0.80442,-1.67304,1.56482,-0.14354,-0.21371,-0.16924,4.35576,-0.29135,1.28538,2.02215,-0.02811,-0.03346,0.20819,-4.08985,-3.28335,0.38527,-3.99744,0.19901,-0.06857,-0.05637,0.29728,-2.14888,0.2988,-3.39764,0.3264,-0.03248,-0.05248
22.62,33.25464,22.06537,-1.6105,3.0836,1.21577,0.13788,3.49885,-0.77463,-1.67132,1.57792,-0.14403,-0.2171,-0.16624,4.37908,-0.26245,1.29739,2.01977,-0.02715,-0.03437,0.20842,-3.73957,-3.43023,0.37947,-3.85963,0.21138,-0.07463,-0.06045,0.18312,-1.8955,0.27891,-3.47635,0.32628,-0.03493,-0.05188
22.64,33.14661,20.40045,-1.63499,3.05381,1.1408,0.12531,3.50217,-0.73148,-1.66781,1.59194,-0.1445,-0.22175,-0.1613,4.40369,-0.21572,1.31502,2.01559,-0.02607,-0.03579,0.20882,-3.35434,-3.46992,0.36825,-3.73091,0.22509,-0.08071,-0.06303,0.0831,-1.58063,0.25404,-3.54955,0.32684,-0.03664,-0.05058
22.66,33.09535,18.46411,-1.64514,3.02732,1.04568,0.11023,3.50541,-0.68291,-1.6628,1.60617,-0.14508,-0.22554,-0.15729,4.42985,-0.1644,1.33464,2.01028,-0.02495,-0.03747,0.20927,-2.82432,-3.46172,0.35734,-3.54438,0.2409,-0.08579,-0.06361,-0.018,-1.2511,0.22995,-3.60486,0.32825,-0.03886,-0.04968
22.68,33.05117,16.27398,-1.63196,3.00092,0.93333,0.09334,3.50652,-0.62638,-1.6549,1.61966,-0.14535,-0.22949,-0.15235,4.45534,-0.10333,1.35829,2.00218,-0.02368,-0.03966,0.20969,-2.21157,-3.38324,0.3444,-3.34124,0.25683,-0.09034,-0.06267,-0.12922,-0.90628,0.20583,-3.63392,0.33097,-0.04208,-0.04977
22.7,32.98336,13.81183,-1.58398,2.97563,0.80155,0.07423,3.50671,-0.56,-1.64416,1.63023,-0.14549,-0.23241,-0.14817,4.47864,-0.03012,1.38433,1.99187,-0.02242,-0.0422,0.21004,-1.59552,-3.21144,0.32601,-3.1362,0.27214,-0.09375,-0.06031,-0.1585,-0.53827,0.18236,-3.64841,0.33417,-0.04427,-0.04939
22.72,32.88766,11.06954,-1.4918,2.95436,0.64849,0.05243,3.50661,-0.4828,-1.63057,1.63628,-0.14578,-0.23298,-0.14699,4.49861,0.0559,1.41002,1.98084,-0.02144,-0.04482,0.2103,-1.04972,-2.93951,0.29878,-2.93822,0.28647,-0.0951,-0.05663,-0.00285,-0.14594,0.16076,-3.66257,0.33673,-0.0434,-0.04707
22.74,32.73728,8.18761,-1.36756,2.9326,0.48413,0.02955,3.50333,-0.39953,-1.61381,1.63747,-0.14569,-0.23244,-0.14651,4.51428,0.15103,1.43711,1.96687,-0.02047,-0.04775,0.21029,-0.5491,-2.60602,0.26517,-2.75735,0.29895,-0.09535,-0.05233,0.2628,0.22852,0.14394,-3.65316,0.33955,-0.04189,-0.0451
22.76,32.51776,5.30081,-1.2244,2.90693,0.3176,0.00698,3.49461,-0.31516,-1.59389,1.63393,-0.14483,-0.23171,-0.14504,4.52556,0.25016,1.46642,1.94846,-0.01936,-0.05112,0.2099,-0.05773,-2.24845,0.22923,-2.59561,0.30911,-0.09533,-0.04793,0.56485,0.56769,0.13141,-3.6011,0.34339,-0.04174,-0.04525
22.78,32.24445,2.43277,-1.05918,2.87845,0.15095,-0.01506,3.47894,-0.22954,-1.5702,1.62718,-0.14335,-0.23067,-0.1429,4.53268,0.35263,1.49642,1.92682,-0.0182,-0.05483,0.20908,0.40127,-1.87284,0.19107,-2.46643,0.31642,-0.09476,-0.0436,0.91961,0.90799,0.11558,-3.50792,0.34794,-0.04253,-0.04692
22.8,31.80439,-0.27892,-0.88813,2.83987,-0.00837,-0.03559,3.46549,-0.14922,-1.54775,1.61144,-0.14125,-0.22899,-0.14079,4.53545,0.45432,1.52755,1.89967,-0.01691,-0.05879,0.20773,0.79162,-1.47543,0.14708,-2.35667,0.32202,-0.09397,-0.03938,1.36037,1.20479,0.1026,-3.38526,0.35226,-0.04222,-0.04909
22.82,31.08721,-2.70373,-0.72801,2.78334,-0.15345,-0.05367,3.46608,-0.08131,-1.53274,1.57944,-0.13839,-0.22634,-0.1395,4.53377,0.55129,1.56084,1.8643,-0.01537,-0.06298,0.20578,1.08008,-1.04693,0.09456,-2.24724,0.32732,-0.09338,-0.03516,1.91131,1.42565,0.09811,-3.25185,0.35493,-0.03848,-0.05048
22.84,30.20398,-4.86589,-0.57232,2.7154,-0.28373,-0.06933,3.47258,-0.02263,-1.52131,1.53921,-0.13512,-0.22342,-0.13817,4.52932,0.64276,1.59378,1.82396,-0.01372,-0.06726,0.20327,1.28981,-0.61172,0.03894,-2.15812,0.33117,-0.09269,-0.03116,2.51171,1.66398,0.0817,-3.10091,0.3566,-0.03259,-0.05094
22.86,29.2511,-6.786,-0.41647,2.64197,-0.39844,-0.08255,3.47938,0.02953,-1.51097,1.49711,-0.13171,-0.22092,-0.13608,4.52376,0.72829,1.62472,1.78123,-0.01207,-0.07152,0.20023,1.45006,-0.19532,-0.01548,-2.10365,0.33277,-0.09178,-0.02757,3.10365,1.99285,0.03382,-2.93291,0.35785,-0.02565,-0.05026
22.88,28.2301,-8.4579,-0.26094,2.56262,-0.49641,-0.0932,3.49406,0.07416,-1.5056,1.44875,-0.1279,-0.21878,-0.13382,4.51673,0.80845,1.65473,1.73532,-0.01039,-0.07576,0.19672,1.55481,0.20701,-0.06989,-2.07567,0.33287,-0.09073,-0.0243,3.68412,2.43034,-0.05298,-2.77807,0.35727,-0.01667,-0.04718
22.9,27.09506,-9.76351,-0.12987,2.47699,-0.57187,-0.10082,3.51232,0.10755,-1.50354,1.40198,-0.12482,-0.21743,-0.1309,4.51215,0.87528,1.68029,1.68733,-0.00866,-0.07967,0.1925,1.60413,0.57422,-0.12086,-2.06788,0.33185,-0.08988,-0.02162,4.22218,2.91839,-0.16857,-2.61652,0.35733,-0.00546,-0.04191
22.92,25.79611,-10.58968,-0.04753,2.38509,-0.62016,-0.10513,3.52836,0.12744,-1.50183,1.36686,-0.12383,-0.21736,-0.12668,4.51401,0.92046,1.69742,1.63904,-0.00683,-0.08291,0.18729,1.60081,0.88685,-0.16463,-2.07442,0.33001,-0.08975,-0.01993,4.67319,3.38415,-0.28924,-2.42938,0.36065,0.00807,-0.03527
22.94,24.42794,-11.07582,0.00849,2.29162,-0.64701,-0.10679,3.55145,0.13808,-1.50509,1.33484,-0.12369,-0.21832,-0.12203,4.51992,0.95241,1.71007,1.58943,-0.00493,-0.0857,0.18138,1.55425,1.16012,-0.20302,-2.09357,0.32769,-0.08996,-0.01882,5.04602,3.8739,-0.42061,-2.2637,0.36428,0.02308,-0.02703
22.96,23.07123,-11.35483,0.05698,2.20067,-0.65812,-0.10647,3.58775,0.14423,-1.51642,1.29869,-0.12347,-0.22016,-0.11752,4.52797,0.97812,1.7214,1.53792,-0.003,-0.08824,0.17508,1.47817,1.41046,-0.23807,-2.12505,0.3251,-0.09019,-0.01798,5.34569,4.41478,-0.57036,-2.15667,0.36608,0.03909,-0.01668
22.98,21.70663,-11.45085,0.09496,2.11195,-0.65655,-0.10466,3.63541,0.1493,-1.53363,1.26085,-0.12396,-0.22291,-0.11304,4.53842,0.99591,1.73036,1.48601,-0.00105,-0.09046,0.16842,1.38085,1.64778,-0.27015,-2.16397,0.32238,-0.09096,-0.01754,5.53568,4.96383,-0.72568,-2.1172,0.36612,0.05758,-0.00372
23,20.39369,-11.3228,0.11539,2.03242,-0.63801,-0.10102,3.69167,0.14705,-1.5588,1.22268,-0.12405,-0.22675,-0.1085,4.55608,1.00682,1.73809,1.4329,0.00092,-0.09236,0.16147,1.26481,1.85263,-0.29672,-2.20773,0.31993,-0.09119,-0.01705,5.69793,5.45858,-0.86656,-2.09768,0.36713,0.07293,0.00795
23.02,19.1991,-10.9361,0.11323,1.96861,-0.5975,-0.09506,3.75135,0.13064,-1.59374,1.18557,-0.1223,-0.23181,-0.10381,4.58545,1.01288,1.74643,1.37773,0.00289,-0.09398,0.15438,1.12915,2.00712,-0.31569,-2.25509,0.31812,-0.08951,-0.01585,5.93559,5.84972,-0.97314,-2.04151,0.37194,0.07841,0.01383
23.04,18.08282,-10.41092,0.10268,1.9172,-0.54595,-0.08797,3.81644,0.11009,-1.63489,1.14795,-0.11997,-0.23764,-0.09898,4.62312,1.01514,1.75493,1.32473,0.00479,-0.0954,0.14753,0.98465,2.14341,-0.33052,-2.30423,0.31672,-0.08722,-0.01441,6.1578,6.1611,-1.05201,-1.99401,0.37725,0.07984,0.01755
23.06,17.01316,-9.8617,0.09934,1.87428,-0.49345,-0.08083,3.8875,0.09462,-1.6785,1.10894,-0.11809,-0.24384,-0.0942,4.66539,1.01542,1.7638,1.27795,0.00652,-0.09669,0.14137,0.83641,2.28993,-0.34475,-2.35442,0.31548,-0.08531,-0.01306,6.29197,6.41696,-1.11432,-1.99541,0.38036,0.08224,0.02219
23.08,15.98695,-9.30776,0.10817,1.83711,-0.44014,-0.07356,3.95674,0.08497,-1.72144,1.07233,-0.1163,-0.25024,-0.08956,4.71136,1.01609,1.77499,1.23893,0.00799,-0.09802,0.13643,0.68068,2.44916,-0.35908,-2.4031,0.31454,-0.08321,-0.01143,6.37162,6.60025,-1.15684,-2.02708,0.38201,0.08285,0.02585
23.1,15.07634,-8.74263,0.13251,1.81746,-0.38913,-0.0666,4.03773,0.07478,-1.7706,1.03445,-0.1144,-0.25674,-0.08519,4.76805,1.01621,1.78683,1.21381,0.00908,-0.09915,0.13301,0.52392,2.59667,-0.3709,-2.45629,0.3137,-0.08138,-0.01011,6.41572,6.72446,-1.17928,-2.06056,0.38281,0.08321,0.02907
23.12,14.35631,-8.16373,0.17516,1.82817,-0.34435,-0.06053,4.14448,0.05645,-1.83338,0.99004,-0.11245,-0.26338,-0.08128,4.84,1.01419,1.79592,1.20908,0.00968,-0.0997,0.13135,0.37739,2.70823,-0.37798,-2.51966,0.31283,-0.08043,-0.00978,6.43878,6.80869,-1.18178,-2.06707,0.38347,0.08582,0.03292
23.14,13.75043,-7.61958,0.24392,1.8536,-0.30623,-0.05513,4.26165,0.03805,-1.90142,0.94809,-0.11065,-0.26988,-0.07825,4.92272,1.01346,1.80613,1.22603,0.00963,-0.10006,0.1323,0.23036,2.80736,-0.3838,-2.5869,0.31203,-0.0798,-0.00978,6.44473,6.84344,-1.1676,-2.0602,0.38365,0.08837,0.03618
23.16,13.18652,-7.15915,0.34648,1.87932,-0.27559,-0.0503,4.37465,0.02685,-1.96644,0.91674,-0.10924,-0.27594,-0.07648,5.00915,1.01698,1.8205,1.26475,0.00885,-0.10065,0.13644,0.07399,2.91843,-0.39166,-2.65249,0.3114,-0.07906,-0.00961,6.43163,6.82303,-1.14089,-2.05717,0.38296,0.08943,0.03813
23.18,12.65625,-6.76873,0.47979,1.90537,-0.2519,-0.04603,4.47727,0.01861,-2.02623,0.8947,-0.10847,-0.28161,-0.07591,5.08839,1.02311,1.83487,1.32436,0.00722,-0.10114,0.14363,-0.08875,3.0416,-0.40192,-2.71644,0.31088,-0.07823,-0.00934,6.41418,6.74594,-1.10039,-2.04583,0.38188,0.08974,0.03905
23.2,12.2144,-6.4776,0.64759,1.93409,-0.23933,-0.04283,4.59727,0.01751,-2.09237,0.88867,-0.1078,-0.28647,-0.07787,5.19164,1.03466,1.8566,1.41289,0.00482,-0.10221,0.15456,-0.25888,3.15301,-0.41221,-2.78471,0.31039,-0.07765,-0.00931,6.3958,6.63642,-1.05103,-2.0279,0.38034,0.08894,0.03889
23.22,11.921,-6.31803,0.84957,1.9687,-0.24251,-0.04123,4.7641,0.02905,-2.17579,0.90833,-0.1063,-0.28979,-0.08415,5.35511,1.05462,1.89255,1.5383,0.00195,-0.10478,0.16985,-0.43642,3.22678,-0.41986,-2.86327,0.30989,-0.07761,-0.00981,6.3801,6.52079,-0.99734,-2.009,0.3781,0.08643,0.03751
23.24,11.6849,-6.26048,1.06932,2.00025,-0.25603,-0.04072,4.94692,0.05041,-2.26112,0.9494,-0.1043,-0.29146,-0.09398,5.54043,1.07805,1.92988,1.68412,-0.00135,-0.10782,0.18775,-0.62079,3.28939,-0.42791,-2.94591,0.30941,-0.07781,-0.01053,6.37474,6.38166,-0.93689,-1.98489,0.3755,0.08294,0.03525
23.26,11.41112,-6.28234,1.29307,2.02117,-0.27483,-0.04081,5.11435,0.0799,-2.3342,1.007,-0.10223,-0.29159,-0.10618,5.71103,1.10072,1.95901,1.83443,-0.005,-0.11044,0.20646,-0.813,3.3674,-0.43931,-3.02731,0.30898,-0.07787,-0.01112,6.38735,6.20764,-0.86859,-1.95358,0.37282,0.07892,0.03237
23.28,11.08208,-6.40005,1.51458,2.0356,-0.2999,-0.04163,5.26041,0.11912,-2.39159,1.08366,-0.0991,-0.28969,-0.12075,5.8648,1.12346,1.97812,1.9848,-0.00834,-0.11287,0.22519,-1.01176,3.45897,-0.45375,-3.10829,0.30864,-0.07768,-0.01147,6.43009,6.0094,-0.79264,-1.91616,0.36994,0.07422,0.02879
23.3,10.72149,-6.59176,1.722,2.03441,-0.32808,-0.043,5.41541,0.17348,-2.44201,1.1713,-0.09533,-0.28494,-0.13779,6.01544,1.14167,1.98645,2.12026,-0.01199,-0.11424,0.24201,-1.22401,3.54413,-0.46875,-3.19389,0.30819,-0.07786,-0.01219,6.47248,5.81735,-0.7225,-1.87726,0.36677,0.06965,0.02546
23.32,10.34499,-6.84421,1.90814,2.00747,-0.35606,-0.0447,5.60984,0.25042,-2.4902,1.25962,-0.09114,-0.27528,-0.15751,6.18229,1.14962,1.98267,2.22553,-0.01701,-0.11382,0.25491,-1.45834,3.6047,-0.48196,-3.28876,0.30748,-0.07907,-0.01387,6.47973,5.66786,-0.67405,-1.83978,0.36328,0.06613,0.02338
23.34,9.86719,-7.18057,2.07888,1.96617,-0.3847,-0.04668,5.79294,0.34728,-2.51318,1.34633,-0.08484,-0.26036,-0.17717,6.3225,1.15094,1.9596,2.2935,-0.022,-0.11193,0.26285,-1.70569,3.65966,-0.49519,-3.38866,0.30665,-0.08062,-0.0159,6.47971,5.55211,-0.63852,-1.80136,0.35946,0.06324,0.02199
23.36,9.20915,-7.60778,2.24035,1.92072,-0.41454,-0.04891,5.92371,0.45715,-2.49791,1.4267,-0.07593,-0.24104,-0.19444,6.40497,1.15066,1.91609,2.32147,-0.02557,-0.10906,0.26538,-1.95735,3.72724,-0.51014,-3.48907,0.30585,-0.0819,-0.01771,6.50442,5.4647,-0.60966,-1.75749,0.35537,0.06067,0.02079
23.38,8.34955,-8.12144,2.39477,1.87265,-0.44558,-0.0515,6.01163,0.57678,-2.44723,1.49395,-0.06435,-0.21592,-0.20961,6.45668,1.14904,1.85548,2.31108,-0.02751,-0.10618,0.26234,-2.21619,3.81102,-0.52702,-3.5892,0.30511,-0.08309,-0.01935,6.56812,5.43281,-0.59568,-1.70215,0.35116,0.05858,0.01998
23.4,7.35556,-8.69037,2.55748,1.81804,-0.47479,-0.05386,6.04375,0.70485,-2.3606,1.5301,-0.05228,-0.18957,-0.21695,6.41963,1.15311,1.78349,2.24492,-0.02812,-0.10121,0.2523,-2.47384,3.88009,-0.54186,-3.69548,0.30415,-0.08434,-0.02125,6.6192,5.43264,-0.59158,-1.64754,0.34669,0.05745,0.01966
23.42,6.30854,-9.27055,2.73387,1.7513,-0.49833,-0.05527,6.01006,0.83626,-2.24421,1.51688,-0.04342,-0.16834,-0.21144,6.24007,1.16994,1.7102,2.10726,-0.02762,-0.0914,0.23424,-2.71946,3.90333,-0.55071,-3.81495,0.30266,-0.08583,-0.02388,6.603,5.43075,-0.58949,-1.60482,0.34199,0.05777,0.01983
23.44,5.15974,-9.86151,2.89675,1.68286,-0.52026,-0.05647,5.92359,0.95608,-2.10656,1.46153,-0.03677,-0.14851,-0.19805,6.00247,1.19048,1.63485,1.92094,-0.02494,-0.08008,0.20988,-2.95352,3.90642,-0.55624,-3.93922,0.30092,-0.08741,-0.02679,6.5928,5.44418,-0.59388,-1.55887,0.33746,0.05869,0.01993
23.46,3.87396,-10.46625,3.03129,1.62244,-0.54433,-0.05809,5.79975,1.05363,-1.95644,1.37239,-0.03106,-0.12717,-0.18056,5.77466,1.2097,1.55904,1.71012,-0.01953,-0.06966,0.18142,-3.17449,3.9154,-0.56159,-4.06052,0.29925,-0.08892,-0.02952,6.65713,5.49226,-0.60721,-1.49201,0.33357,0.05946,0.01947
23.48,2.47094,-11.05627,3.13569,1.56764,-0.56841,-0.05981,5.65355,1.12874,-1.80513,1.24665,-0.02733,-0.10619,-0.15823,5.55356,1.229,1.48554,1.47554,-0.01184,-0.05882,0.14974,-3.37509,3.9269,-0.56692,-4.18019,0.29772,-0.09049,-0.03227,6.79063,5.57983,-0.62669,-1.39396,0.33079,0.06042,0.01854
23.5,1.16351,-11.5993,3.18325,1.52589,-0.59574,-0.06209,5.48504,1.16252,-1.65912,1.0929,-0.02657,-0.0876,-0.1314,5.34333,1.2408,1.41732,1.22798,-0.0019,-0.0484,0.1153,-3.54963,3.90708,-0.56685,-4.29843,0.29596,-0.09208,-0.03505,6.9736,5.62572,-0.64193,-1.29843,0.32872,0.06041,0.01634
23.52,0.21056,-12.0669,3.14948,1.50546,-0.63019,-0.06548,5.30557,1.13584,-1.52896,0.92258,-0.02918,-0.07311,-0.10112,5.14919,1.24088,1.35836,0.97825,0.01041,-0.0386,0.07844,-3.68977,3.82036,-0.55515,-4.41503,0.29363,-0.09365,-0.03787,7.18875,5.5428,-0.642,-1.24215,0.32706,0.05806,0.0121
23.54,-0.47081,-12.41825,3.05846,1.50159,-0.66578,-0.06924,5.14684,1.06887,-1.42359,0.74247,-0.03423,-0.0611,-0.06942,4.989,1.23559,1.30821,0.73651,0.02407,-0.02775,0.04201,-3.79634,3.69425,-0.53677,-4.52838,0.29113,-0.09528,-0.04072,7.44337,5.4064,-0.63329,-1.18977,0.32678,0.0548,0.0069
23.56,-0.97343,-12.6305,2.93935,1.51011,-0.69688,-0.07268,5.02598,0.9829,-1.34426,0.56007,-0.04084,-0.04982,-0.03807,4.87479,1.22884,1.26532,0.51396,0.03774,-0.01555,0.00858,-3.86918,3.55651,-0.51702,-4.63635,0.28896,-0.09705,-0.04359,7.75201,5.28484,-0.62058,-1.106,0.32873,0.05164,0.0015
23.58,-1.22331,-12.70734,2.80176,1.53071,-0.72193,-0.0756,4.9435,0.88532,-1.2895,0.38037,-0.0488,-0.0391,-0.00746,4.79601,1.2189,1.22783,0.30982,0.05115,-0.00189,-0.02205,-3.89548,3.40271,-0.49526,-4.7381,0.28728,-0.09908,-0.04663,8.12533,5.15658,-0.59623,-0.98824,0.33333,0.04771,-0.00464
23.6,-1.05223,-12.53923,2.64358,1.57044,-0.73816,-0.07788,4.90781,0.77283,-1.25583,0.23242,-0.05687,-0.02912,0.01865,4.76359,1.20478,1.1977,0.15915,0.06194,0.01109,-0.04508,-3.90258,3.20543,-0.46771,-4.83108,0.2857,-0.10104,-0.04942,8.45183,5.01377,-0.56903,-0.88467,0.33931,0.04498,-0.00954
23.62,-0.30975,-12.02528,2.46644,1.63678,-0.74416,-0.0796,4.92662,0.64504,-1.23644,0.14719,-0.06313,-0.0205,0.03621,4.78872,1.18507,1.17814,0.10088,0.06717,0.02052,-0.05552,-3.92479,2.93699,-0.43041,-4.91188,0.28377,-0.10253,-0.05144,8.60313,4.84907,-0.54927,-0.84475,0.34514,0.04577,-0.01091
23.64,0.89144,-11.24661,2.29066,1.72053,-0.73517,-0.08006,4.99231,0.52389,-1.22768,0.11315,-0.06729,-0.01279,0.0465,4.84733,1.15951,1.16437,0.10736,0.06778,0.02736,-0.05671,-3.93262,2.62471,-0.38741,-4.97863,0.28212,-0.1039,-0.05318,8.66649,4.66832,-0.52564,-0.82439,0.35189,0.0482,-0.01044
23.66,2.42481,-10.26846,2.12296,1.81302,-0.70827,-0.07881,5.09635,0.42046,-1.22823,0.11537,-0.06956,-0.0056,0.05123,4.91999,1.12791,1.15151,0.15025,0.06505,0.03298,-0.05206,-3.90311,2.29525,-0.34254,-5.02816,0.28153,-0.10548,-0.05506,8.72197,4.47553,-0.48876,-0.78277,0.36039,0.05043,-0.00985
23.68,4.26959,-9.0836,1.95473,1.91545,-0.66785,-0.07648,5.22925,0.33248,-1.22966,0.15502,-0.0694,0.00127,0.05033,5.00255,1.08539,1.13694,0.22759,0.05912,0.0378,-0.04222,-3.84834,1.94666,-0.2951,-5.05589,0.28227,-0.10717,-0.05695,8.73468,4.24468,-0.43762,-0.72752,0.36983,0.05217,-0.00917
23.7,6.49459,-7.59481,1.76638,2.02505,-0.59903,-0.07124,5.39585,0.24725,-1.24635,0.24613,-0.06638,0.00443,0.04181,5.10738,1.03899,1.12895,0.35949,0.04833,0.03841,-0.02393,-3.78586,1.56302,-0.24253,-5.06023,0.28353,-0.10884,-0.05874,8.66941,3.99014,-0.38246,-0.70169,0.3788,0.05519,-0.00745
23.72,9.16569,-5.69376,1.5333,2.1383,-0.48576,-0.061,5.60048,0.14624,-1.29969,0.39845,-0.06057,-0.0001,0.02447,5.25489,0.99637,1.13815,0.5675,0.03139,0.03177,0.00635,-3.747,1.13128,-0.18285,-5.03843,0.28453,-0.11047,-0.06034,8.51401,3.72376,-0.33338,-0.7516,0.38535,0.0614,-0.0039
23.74,12.09176,-3.49986,1.25582,2.25411,-0.34818,-0.04822,5.81911,0.0348,-1.37128,0.58444,-0.05249,-0.00971,0.002,5.42845,0.94571,1.15335,0.81351,0.01179,0.02346,0.04261,-3.71661,0.67029,-0.11781,-4.98719,0.28612,-0.11206,-0.06184,8.29518,3.39033,-0.27629,-0.83927,0.38948,0.06778,-0.00056
23.76,15.08991,-1.14863,0.94039,2.37023,-0.20326,-0.0349,6.03253,-0.07683,-1.44255,0.78138,-0.04276,-0.02125,-0.02235,5.60833,0.87774,1.16336,1.06195,-0.00786,0.01747,0.07912,-3.6898,0.19669,-0.04881,-4.90304,0.28917,-0.11371,-0.06337,8.04123,2.97153,-0.20215,-0.92748,0.39168,0.07211,0.00114
23.78,18.12888,1.34065,0.58761,2.48333,-0.04842,-0.0205,6.23288,-0.18886,-1.51236,0.98735,-0.03167,-0.03415,-0.04768,5.79831,0.79455,1.16882,1.31289,-0.02728,0.01344,0.11601,-3.72416,-0.28724,0.02289,-4.77985,0.29422,-0.1158,-0.06489,7.76968,2.50665,-0.12007,-1.03226,0.39063,0.07548,0.00195
23.8,21.11654,3.92116,0.19612,2.59309,0.10979,-0.00578,6.42913,-0.3057,-1.58763,1.1946,-0.01982,-0.05034,-0.07454,5.98965,0.69661,1.17052,1.55626,-0.04551,0.01158,0.15134,-3.70132,-0.80881,0.1062,-4.6331,0.29858,-0.11739,-0.0663,7.41796,1.98125,-0.02745,-1.15027,0.38794,0.07739,0.00165
23.82,23.96539,6.52912,-0.23343,2.70004,0.26332,0.00823,6.64297,-0.4342,-1.67709,1.39327,-0.00858,-0.07113,-0.10434,6.1723,0.58364,1.16903,1.78285,-0.06212,0.01143,0.18338,-3.49246,-1.39645,0.21385,-4.48225,0.29883,-0.11716,-0.06735,6.9228,1.3828,0.07717,-1.27273,0.38606,0.07745,0.0001
23.84,26.62844,9.0812,-0.67451,2.80043,0.41196,0.02189,6.85233,-0.56264,-1.76289,1.57463,0.00129,-0.09145,-0.13415,6.33971,0.45876,1.16098,1.98628,-0.0767,0.01292,0.21157,-3.23521,-2.01338,0.33682,-4.31005,0.29793,-0.11647,-0.06808,6.37078,0.78629,0.17937,-1.4003,0.38331,0.07699,-0.0016
23.86,29.0581,11.50214,-1.10013,2.89139,0.55396,0.03532,7.03427,-0.67883,-1.82934,1.73473,0.00994,-0.10807,-0.16109,6.48593,0.32505,1.14315,2.16149,-0.08878,0.0163,0.23536,-3.04557,-2.62724,0.46413,-4.10967,0.29794,-0.11616,-0.06845,5.84316,0.24007,0.27072,-1.53083,0.37845,0.07687,-0.00278
23.88,31.23866,13.74192,-1.50246,2.97415,0.68453,0.04788,7.20114,-0.78749,-1.87838,1.87162,0.01704,-0.12161,-0.186,6.61528,0.18233,1.11524,2.31191,-0.09866,0.02132,0.25515,-2.92202,-3.25185,0.59886,-3.89966,0.29624,-0.11505,-0.06793,5.34301,-0.27547,0.35289,-1.6665,0.37219,0.07744,-0.00341
23.9,33.06399,15.75039,-1.85296,3.04568,0.80179,0.05975,7.32475,-0.87887,-1.90926,1.97588,0.02199,-0.13148,-0.20584,6.6926,0.04902,1.08415,2.42018,-0.10516,0.02641,0.26859,-2.75622,-3.80493,0.72306,-3.68785,0.29533,-0.11425,-0.06692,4.85846,-0.73022,0.42178,-1.78761,0.36606,0.07756,-0.00385
23.92,34.43698,17.52775,-2.12162,3.10235,0.90592,0.07147,7.37629,-0.94188,-1.92641,2.04529,0.02479,-0.13815,-0.21779,6.68086,-0.04793,1.06153,2.4703,-0.1072,0.02922,0.2738,-2.44552,-4.17589,0.81309,-3.49965,0.29694,-0.11464,-0.06582,4.37012,-1.10283,0.47281,-1.87472,0.3615,0.076,-0.00452
23.94,35.45487,19.03551,-2.31753,3.14809,0.99313,0.08213,7.38769,-0.98888,-1.93369,2.0879,0.0259,-0.14273,-0.22472,6.61981,-0.11818,1.04311,2.48386,-0.10655,0.03063,0.27397,-2.10895,-4.4189,0.87436,-3.35061,0.29763,-0.11431,-0.06354,3.91611,-1.4452,0.512,-1.94702,0.35765,0.07388,-0.00536
23.96,36.20367,20.26103,-2.45288,3.18567,1.06189,0.09116,7.38386,-1.02936,-1.93006,2.10973,0.02576,-0.14549,-0.22899,6.54396,-0.17442,1.02421,2.47897,-0.10459,0.03173,0.27167,-1.85036,-4.59831,0.91555,-3.26015,0.29494,-0.11227,-0.05975,3.52406,-1.7915,0.54517,-2.02122,0.35357,0.07225,-0.00616
23.98,36.66794,21.30883,-2.52812,3.21275,1.11661,0.0992,7.36362,-1.06273,-1.91455,2.1159,0.02449,-0.14662,-0.2308,6.44421,-0.20831,1.01135,2.45444,-0.10105,0.03149,0.26686,-1.65039,-4.70707,0.94116,-3.27836,0.28687,-0.10894,-0.05558,3.16474,-2.14781,0.57339,-2.09419,0.34953,0.07124,-0.00679
24,36.87545,21.95566,-2.53452,3.23283,1.14976,0.10513,7.31926,-1.08257,-1.89672,2.09843,0.02226,-0.14638,-0.2288,6.33641,-0.22503,0.99862,2.41307,-0.09692,0.03114,0.25996,-1.42976,-4.74541,0.93489,-3.32211,0.28178,-0.10609,-0.05082,2.85589,-2.47986,0.59423,-2.1641,0.34616,0.06927,-0.0079
24.02,36.87742,21.94423,-2.47022,3.25101,1.15319,0.10764,7.2467,-1.08283,-1.88937,2.04844,0.0193,-0.14524,-0.22158,6.24236,-0.2353,0.97733,2.35879,-0.09349,0.03247,0.25148,-1.12704,-4.69614,0.87675,-3.29087,0.2892,-0.10566,-0.04504,2.62107,-2.74553,0.60506,-2.23122,0.34397,0.06459,-0.0101
24.04,36.69702,21.60725,-2.36035,3.2636,1.13953,0.10833,7.16496,-1.07239,-1.8842,1.98397,0.01587,-0.14339,-0.21196,6.15479,-0.23575,0.95681,2.29801,-0.0901,0.03389,0.24234,-0.82814,-4.58251,0.79687,-3.2817,0.29976,-0.10642,-0.03971,2.41814,-2.97134,0.60917,-2.29773,0.34234,0.05913,-0.01249
24.06,36.36768,21.225,-2.22881,3.26829,1.11982,0.10854,7.08977,-1.05906,-1.87395,1.92024,0.01229,-0.14096,-0.20246,6.07074,-0.22561,0.9436,2.23738,-0.08647,0.03431,0.2335,-0.62068,-4.44675,0.72211,-3.3747,0.30554,-0.10733,-0.03611,2.21768,-3.18456,0.61056,-2.36642,0.34069,0.0545,-0.01436
24.08,35.91908,20.75444,-2.08792,3.26893,1.0955,0.1082,7.02064,-1.04226,-1.8654,1.85446,0.0087,-0.13837,-0.19271,6.00114,-0.21218,0.93318,2.17892,-0.08354,0.0348,0.22523,-0.53262,-4.29255,0.64888,-3.53258,0.30899,-0.10966,-0.0345,2.02685,-3.38298,0.61135,-2.43974,0.3392,0.04987,-0.01596
24.1,35.39183,20.21392,-1.93841,3.26265,1.06427,0.10716,6.96058,-1.02238,-1.85468,1.79468,0.00535,-0.13546,-0.18372,5.94193,-0.1938,0.92944,2.127,-0.0802,0.03429,0.21804,-0.46829,-4.10543,0.57474,-3.70356,0.31222,-0.11123,-0.03316,1.85904,-3.53754,0.60746,-2.50349,0.33799,0.04562,-0.01746
24.12,34.82497,19.63633,-1.77903,3.24496,1.02389,0.10539,6.91161,-1.00027,-1.8357,1.75022,0.00252,-0.13193,-0.17666,5.88521,-0.16716,0.93706,2.08582,-0.07505,0.03139,0.21242,-0.31852,-3.87249,0.49992,-3.83169,0.31684,-0.10889,-0.02985,1.72952,-3.62301,0.59514,-2.54182,0.33718,0.04231,-0.01903
24.14,34.22199,19.0627,-1.63148,3.22184,0.98216,0.10347,6.8719,-0.9783,-1.81581,1.71488,0.00018,-0.12842,-0.1709,5.84086,-0.1414,0.9495,2.05355,-0.06976,0.02776,0.20815,-0.20145,-3.62265,0.43163,-3.93665,0.3207,-0.10485,-0.02619,1.62977,-3.67153,0.58083,-2.56794,0.33669,0.03923,-0.02069
24.16,33.5882,18.54447,-1.51321,3.19787,0.94607,0.10194,6.84036,-0.95917,-1.80019,1.68448,-0.00174,-0.12541,-0.16607,5.8149,-0.12263,0.96193,2.02866,-0.06549,0.02469,0.20501,-0.20873,-3.38946,0.3755,-4.04807,0.32187,-0.10135,-0.02383,1.54679,-3.71356,0.56968,-2.59428,0.33635,0.03596,-0.02234
24.18,32.93981,18.09506,-1.4245,3.17077,0.91566,0.10083,6.81553,-0.94402,-1.78736,1.6612,-0.00326,-0.12292,-0.16245,5.80159,-0.10899,0.97478,2.01186,-0.06153,0.02192,0.20311,-0.29612,-3.18252,0.33185,-4.13332,0.32255,-0.09781,-0.02205,1.48413,-3.75745,0.56234,-2.61874,0.33617,0.03257,-0.02414
24.2,32.27505,17.72198,-1.36795,3.14387,0.89104,0.10013,6.79763,-0.93326,-1.77751,1.64347,-0.00428,-0.12085,-0.15977,5.80355,-0.10489,0.988,2.00209,-0.05833,0.01934,0.20214,-0.40854,-2.98465,0.29864,-4.20906,0.32035,-0.0937,-0.02049,1.43999,-3.77304,0.55342,-2.63471,0.33616,0.02917,-0.02596
24.22,31.59606,17.44344,-1.34795,3.12194,0.87313,0.09986,6.78748,-0.92771,-1.77106,1.62891,-0.00468,-0.11907,-0.15762,5.82465,-0.11574,1.00144,1.99788,-0.05656,0.01683,0.20168,-0.47791,-2.7799,0.2737,-4.30547,0.31181,-0.08857,-0.01888,1.41304,-3.73454,0.53807,-2.6353,0.33633,0.02588,-0.02762
24.24,30.90974,17.25946,-1.36089,3.10019,0.86229,0.10007,6.78236,-0.92809,-1.76793,1.61823,-0.0047,-0.11776,-0.15617,5.8568,-0.13636,1.01413,1.99922,-0.05547,0.01464,0.20186,-0.52874,-2.60516,0.25994,-4.3906,0.30078,-0.0831,-0.01735,1.39616,-3.68055,0.5216,-2.62939,0.33658,0.02255,-0.02933
24.26,30.23187,17.16985,-1.40297,3.07563,0.85908,0.1008,6.78047,-0.93485,-1.76828,1.6116,-0.00452,-0.11704,-0.15547,5.89359,-0.16214,1.02506,2.00581,-0.05454,0.01297,0.20277,-0.58708,-2.48875,0.25988,-4.44272,0.29037,-0.07809,-0.01617,1.3796,-3.64905,0.50912,-2.62603,0.33683,0.01904,-0.03123
24.28,29.59472,17.1884,-1.4744,3.05149,0.86374,0.10206,6.78306,-0.94831,-1.77137,1.60848,-0.00414,-0.11683,-0.15536,5.93516,-0.19402,1.03453,2.01641,-0.05382,0.01154,0.20413,-0.59657,-2.42754,0.27348,-4.47222,0.2792,-0.07321,-0.01513,1.36135,-3.64478,0.50042,-2.62311,0.33706,0.01554,-0.03322
24.3,28.93473,17.24637,-1.56191,3.02293,0.87221,0.10331,6.78727,-0.96535,-1.77786,1.6072,-0.00358,-0.11702,-0.15564,5.978,-0.22926,1.0425,2.03007,-0.0535,0.01063,0.20597,-0.63288,-2.41668,0.29656,-4.48435,0.26802,-0.06886,-0.0145,1.32506,-3.63561,0.49059,-2.62348,0.33724,0.01174,-0.0354
24.32,28.18661,17.26843,-1.6513,2.98482,0.87983,0.10393,6.78951,-0.98271,-1.78864,1.60604,-0.0029,-0.11749,-0.15611,6.01794,-0.26435,1.04882,2.04629,-0.05379,0.01066,0.20848,-0.78479,-2.44661,0.3239,-4.48003,0.25828,-0.0656,-0.01462,1.25374,-3.59202,0.47536,-2.6301,0.33733,0.00713,-0.03799
24.34,27.43916,17.3035,-1.74895,2.9436,0.88904,0.10421,6.7923,-1.00251,-1.80184,1.60578,-0.0021,-0.1182,-0.15676,6.05504,-0.29988,1.05384,2.06355,-0.05437,0.01107,0.21122,-0.9532,-2.51905,0.35686,-4.46294,0.24876,-0.0629,-0.0152,1.15442,-3.54969,0.45969,-2.64297,0.33733,0.00222,-0.04079
24.36,26.77864,17.38578,-1.85957,2.90533,0.90137,0.10433,6.79761,-1.0264,-1.81581,1.6073,-0.00123,-0.1191,-0.15761,6.08859,-0.33562,1.05788,2.08066,-0.05492,0.01138,0.21386,-1.04997,-2.64001,0.39677,-4.42846,0.23898,-0.06046,-0.01609,1.03149,-3.54312,0.44834,-2.66214,0.33725,-0.00261,-0.04364
24.38,26.20699,17.50447,-1.98238,2.87089,0.91497,0.10411,6.80408,-1.05487,-1.83088,1.60989,-0.00028,-0.1202,-0.15864,6.11595,-0.37058,1.06064,2.09772,-0.0556,0.01169,0.21646,-1.06304,-2.80938,0.44219,-4.36046,0.2304,-0.05854,-0.01742,0.87302,-3.57578,0.44147,-2.68668,0.33709,-0.00776,-0.04678
24.4,25.69351,17.57005,-2.10391,2.83739,0.92699,0.10306,6.80865,-1.0837,-1.84556,1.61253,0.00061,-0.12125,-0.15944,6.13615,-0.40281,1.06275,2.11121,-0.05606,0.01181,0.21854,-1.07243,-3.02216,0.48708,-4.29431,0.22162,-0.05719,-0.01957,0.68698,-3.60651,0.43509,-2.72524,0.33683,-0.01263,-0.04979
24.42,25.20772,17.48832,-2.21031,2.801,0.93521,0.10076,6.80823,-1.10879,-1.85794,1.61437,0.00129,-0.12201,-0.15963,6.14893,-0.43081,1.06457,2.11763,-0.05592,0.01152,0.21959,-1.15851,-3.27306,0.52636,-4.26434,0.21137,-0.05647,-0.02287,0.48661,-3.5929,0.4254,-2.78749,0.33644,-0.01653,-0.05225
24.44,24.80994,17.30697,-2.31098,2.76864,0.93835,0.0973,6.8025,-1.13372,-1.86887,1.6151,0.00181,-0.12264,-0.15935,6.15191,-0.45412,1.06601,2.11885,-0.05543,0.01088,0.21987,-1.22056,-3.5634,0.56262,-4.22674,0.20266,-0.05665,-0.02718,0.26115,-3.57163,0.41658,-2.86461,0.33601,-0.02023,-0.05462
24.46,24.55661,17.06231,-2.41264,2.74607,0.93535,0.09282,6.79157,-1.16128,-1.87884,1.6148,0.00221,-0.12325,-0.15881,6.14411,-0.47257,1.06704,2.11669,-0.05483,0.00992,0.21963,-1.1575,-3.90139,0.59899,-4.13828,0.19807,-0.058,-0.03246,0.00189,-3.57593,0.41274,-2.94826,0.33559,-0.02432,-0.05728
24.48,24.46738,16.70766,-2.50819,2.73251,0.92491,0.08714,6.77449,-1.19063,-1.88679,1.61373,0.00235,-0.12388,-0.15799,6.1267,-0.48596,1.06698,2.11223,-0.05411,0.00861,0.21891,-0.94995,-4.29049,0.63508,-3.97975,0.19832,-0.06058,-0.03872,-0.28345,-3.59777,0.41405,-3.03954,0.33519,-0.02871,-0.06018
24.5,24.47167,16.19831,-2.58264,2.72875,0.9024,0.08005,6.7461,-1.21583,-1.89255,1.608,0.00221,-0.12411,-0.15616,6.09852,-0.48846,1.07087,2.09888,-0.05287,0.00663,0.2171,-0.71599,-4.69197,0.66314,-3.8233,0.20197,-0.06435,-0.04598,-0.59095,-3.58602,0.41503,-3.13879,0.3348,-0.0331,-0.06291
24.52,24.48935,15.48432,-2.61625,2.73589,0.86233,0.07132,6.70184,-1.22926,-1.89476,1.59369,0.00183,-0.12332,-0.15267,6.0604,-0.47342,1.08533,2.06935,-0.05068,0.00354,0.21359,-0.5937,-5.04038,0.67723,-3.75335,0.20709,-0.06879,-0.05377,-0.91701,-3.48472,0.40942,-3.24564,0.33441,-0.03733,-0.06508
24.54,24.59199,14.55778,-2.60456,2.75261,0.80647,0.06111,6.64512,-1.23272,-1.89282,1.57319,0.00098,-0.12187,-0.14793,6.01597,-0.44237,1.10716,2.0309,-0.04794,-0.00053,0.20905,-0.46529,-5.31967,0.68157,-3.69099,0.21525,-0.0733,-0.06111,-1.25126,-3.32517,0.40204,-3.355,0.33405,-0.04149,-0.0669
24.56,24.8443,13.41643,-2.54364,2.77791,0.73638,0.04961,6.57997,-1.22792,-1.88636,1.54932,-0.00044,-0.12005,-0.14246,5.96926,-0.39737,1.13397,1.99053,-0.04497,-0.00544,0.20419,-0.2196,-5.529,0.67898,-3.56364,0.2278,-0.07744,-0.06721,-1.59006,-3.13879,0.39748,-3.46128,0.33378,-0.04583,-0.06863
24.58,25.22058,12.04444,-2.42354,2.81063,0.65108,0.037,6.50791,-1.21274,-1.87299,1.52295,-0.00223,-0.11736,-0.13651,5.92621,-0.3399,1.16883,1.9472,-0.04166,-0.01136,0.19905,0.10525,-5.65139,0.66773,-3.38764,0.24377,-0.08059,-0.07157,-1.93422,-2.91549,0.39478,-3.56235,0.3336,-0.05094,-0.07058
24.6,25.64147,10.45178,-2.23819,2.84801,0.5508,0.02331,6.42584,-1.18208,-1.85903,1.48819,-0.00505,-0.11465,-0.12875,5.87766,-0.26064,1.21113,1.90004,-0.03801,-0.01818,0.19341,0.41735,-5.60917,0.6435,-3.21907,0.26026,-0.08267,-0.07374,-2.268,-2.62144,0.3901,-3.65674,0.33347,-0.05489,-0.07136
24.62,26.02378,8.66011,-1.98699,2.88743,0.43633,0.00852,6.33162,-1.13164,-1.85236,1.4388,-0.00964,-0.1128,-0.11778,5.81097,-0.15091,1.25906,1.84769,-0.03389,-0.02565,0.18699,0.62263,-5.33351,0.6029,-3.12283,0.27358,-0.08377,-0.07338,-2.58328,-2.22767,0.37985,-3.74311,0.33347,-0.05561,-0.06962
24.64,26.40089,6.69626,-1.67948,2.92755,0.31114,-0.00671,6.2343,-1.06717,-1.847,1.38294,-0.01527,-0.11091,-0.1052,5.73971,-0.02499,1.313,1.79328,-0.02947,-0.03379,0.18028,0.77486,-4.90615,0.54952,-3.05159,0.28483,-0.08366,-0.07072,-2.88347,-1.77167,0.36777,-3.81887,0.33347,-0.05512,-0.06673
24.66,26.79438,4.58914,-1.3264,2.96649,0.17857,-0.02189,6.14142,-0.99337,-1.83823,1.32724,-0.02125,-0.10831,-0.09247,5.67452,0.10447,1.37247,1.73969,-0.02488,-0.04248,0.17376,0.9462,-4.41461,0.49088,-2.95947,0.29522,-0.08244,-0.06642,-3.17376,-1.29081,0.35719,-3.87967,0.33355,-0.05531,-0.06414
24.68,27.13679,2.3738,-0.93657,3.00127,0.04069,-0.03699,6.05407,-0.90931,-1.82866,1.26896,-0.02751,-0.10503,-0.07945,5.60907,0.23692,1.43592,1.68369,-0.01967,-0.05154,0.1674,1.13047,-3.86859,0.43163,-2.88231,0.30225,-0.08045,-0.06106,-3.47036,-0.78717,0.34689,-3.91982,0.33416,-0.05623,-0.06236
24.7,27.4319,0.12237,-0.53286,3.0311,-0.09619,-0.05112,5.9732,-0.82052,-1.82045,1.21355,-0.03426,-0.10199,-0.06601,5.54381,0.36919,1.49838,1.63307,-0.01507,-0.06055,0.16097,1.25837,-3.30989,0.37056,-2.80045,0.3085,-0.07872,-0.05562,-3.68746,-0.26472,0.33562,-3.94293,0.33441,-0.05607,-0.05957
24.72,27.69276,-2.0846,-0.14128,3.05636,-0.22548,-0.06334,5.89892,-0.73285,-1.81632,1.16722,-0.04188,-0.10015,-0.05179,5.47844,0.49788,1.55431,1.59665,-0.01225,-0.06862,0.15359,1.26574,-2.78116,0.30672,-2.68477,0.31743,-0.07816,-0.05083,-3.73051,0.27559,0.32084,-3.95129,0.33322,-0.05296,-0.05366
24.74,27.84146,-4.22746,0.23396,3.0741,-0.34705,-0.07418,5.8325,-0.64478,-1.81377,1.1268,-0.04947,-0.09838,-0.0378,5.40898,0.6205,1.60451,1.56394,-0.00942,-0.07575,0.14511,1.23008,-2.28773,0.24788,-2.5711,0.32537,-0.07816,-0.04659,-3.66614,0.80022,0.30383,-3.93358,0.33185,-0.04908,-0.04747
24.76,27.82787,-6.29251,0.58955,3.08224,-0.46135,-0.08421,5.77382,-0.55477,-1.80978,1.08901,-0.05623,-0.09579,-0.02485,5.33362,0.73358,1.65,1.5272,-0.00556,-0.08221,0.13598,1.21768,-1.82276,0.19761,-2.48482,0.32977,-0.07812,-0.04273,-3.55766,1.29582,0.28389,-3.88093,0.3314,-0.04623,-0.04325
24.78,27.65675,-8.22861,0.90951,3.08237,-0.56621,-0.09334,5.71958,-0.46325,-1.80661,1.05228,-0.06263,-0.09273,-0.01193,5.24764,0.83287,1.68769,1.4892,-0.00136,-0.08736,0.12585,1.20858,-1.38041,0.1521,-2.42593,0.33168,-0.07811,-0.03923,-3.40356,1.80318,0.25359,-3.79184,0.33156,-0.04366,-0.03984
24.8,27.32506,-10.01261,1.19457,3.07192,-0.65828,-0.1012,5.67044,-0.37959,-1.79596,1.02793,-0.06676,-0.08909,-0.00267,5.16474,0.92599,1.71922,1.45096,0.00376,-0.09211,0.11551,1.18794,-0.9669,0.10865,-2.37299,0.33231,-0.07777,-0.03581,-3.11523,2.22657,0.21982,-3.67465,0.33218,-0.04068,-0.03774
24.82,26.83439,-11.63268,1.45102,3.04701,-0.73461,-0.10741,5.62635,-0.31536,-1.76964,1.02834,-0.06666,-0.08522,-0.00081,5.10085,1.0228,1.74887,1.41277,0.01026,-0.09808,0.10615,1.14128,-0.58814,0.06571,-2.30104,0.33284,-0.0767,-0.03212,-2.60348,2.4762,0.18968,-3.54158,0.3329,-0.03633,-0.03734
24.84,26.21818,-13.06864,1.66953,3.01313,-0.79829,-0.11261,5.58404,-0.26276,-1.7355,1.04216,-0.06387,-0.08137,-0.00312,5.04178,1.11422,1.77212,1.37644,0.01688,-0.10372,0.09739,1.08039,-0.21834,0.02164,-2.23347,0.33274,-0.07497,-0.02813,-1.97342,2.70134,0.14366,-3.3856,0.3339,-0.03045,-0.0369
24.86,25.49596,-14.31312,1.84496,2.97464,-0.85242,-0.11736,5.54022,-0.21446,-1.70004,1.05908,-0.05992,-0.07752,-0.00658,4.97552,1.19242,1.7859,1.34284,0.0229,-0.10786,0.08886,1.01898,0.15898,-0.02436,-2.191,0.33144,-0.07274,-0.02394,-1.33281,3.01867,0.06415,-3.21064,0.33517,-0.02292,-0.03488
24.88,24.67177,-15.38967,1.98551,2.92999,-0.89691,-0.12139,5.48925,-0.17495,-1.66338,1.08161,-0.05537,-0.07399,-0.0104,4.905,1.26151,1.79487,1.3119,0.02879,-0.11179,0.08086,0.93637,0.54012,-0.07272,-2.16588,0.3295,-0.07003,-0.01952,-0.68046,3.42558,-0.05147,-3.04456,0.33552,-0.01271,-0.03035
24.9,23.82477,-16.25457,2.09159,2.88432,-0.93258,-0.1252,5.45085,-0.14173,-1.62254,1.11458,-0.04788,-0.07056,-0.01921,4.84101,1.32123,1.79046,1.29015,0.03315,-0.11326,0.07437,0.85525,0.90909,-0.11995,-2.15178,0.32728,-0.06699,-0.01514,-0.01549,3.89173,-0.20188,-2.86403,0.33748,-0.00078,-0.02402
24.92,23.03638,-16.87378,2.16479,2.84485,-0.96112,-0.12941,5.45078,-0.10917,-1.57532,1.16272,-0.03486,-0.06631,-0.03818,4.79433,1.36983,1.76292,1.28371,0.03462,-0.1097,0.06999,0.80213,1.24744,-0.1624,-2.14226,0.32503,-0.06376,-0.0111,0.64347,4.38383,-0.37453,-2.64611,0.34373,0.01141,-0.01733
24.94,22.27126,-17.31177,2.21465,2.80612,-0.98317,-0.13343,5.47042,-0.08062,-1.52949,1.22072,-0.02033,-0.06124,-0.06039,4.7586,1.40962,1.7241,1.28922,0.03429,-0.10409,0.06771,0.74421,1.55932,-0.2015,-2.14015,0.32288,-0.06057,-0.00739,1.24067,4.92169,-0.56173,-2.44437,0.35091,0.02451,-0.00938
24.96,21.49821,-17.63164,2.24977,2.76473,-0.99987,-0.13686,5.49177,-0.05881,-1.4906,1.28152,-0.00725,-0.0561,-0.08055,4.72913,1.44169,1.68412,1.30362,0.03301,-0.09875,0.06717,0.65405,1.85213,-0.23876,-2.14972,0.32085,-0.05755,-0.00401,1.73175,5.50818,-0.76114,-2.30143,0.35627,0.03911,0.00076
24.98,20.72357,-17.86614,2.27742,2.7261,-1.01292,-0.13993,5.52128,-0.04058,-1.45644,1.34332,0.00542,-0.04992,-0.10103,4.71096,1.46427,1.64131,1.32653,0.03091,-0.09309,0.06725,0.52875,2.12836,-0.27398,-2.16617,0.31907,-0.05463,-0.00091,2.09863,6.1094,-0.96351,-2.22211,0.36005,0.05496,0.01262
25,20.04027,-17.94384,2.29573,2.68415,-1.02132,-0.1424,5.56223,-0.02787,-1.42962,1.40855,0.01612,-0.04394,-0.1188,4.71112,1.48331,1.59542,1.3657,0.02604,-0.08713,0.07191,0.40055,2.36327,-0.30333,-2.19077,0.31755,-0.0523,0.00153,2.38812,6.64909,-1.14485,-2.17106,0.36385,0.06909,0.02383
25.02,19.54004,-17.78707,2.30158,2.62985,-1.02445,-0.14399,5.61739,-0.0229,-1.41223,1.48139,0.0237,-0.04095,-0.13107,4.73734,1.50521,1.54593,1.42932,0.01625,-0.0806,0.08547,0.30687,2.5349,-0.32422,-2.22492,0.31631,-0.05099,0.003,2.66533,7.06115,-1.27842,-2.1054,0.36923,0.07817,0.03184
25.04,19.14714,-17.51477,2.30658,2.57484,-1.02481,-0.14498,5.68166,-0.02053,-1.4,1.5537,0.02964,-0.03936,-0.14091,4.78517,1.52524,1.49491,1.50726,0.00408,-0.07322,0.10265,0.2136,2.66959,-0.34051,-2.26409,0.31538,-0.0503,0.00388,2.89298,7.37314,-1.37208,-2.05707,0.37439,0.08442,0.03805
25.06,18.79116,-17.23678,2.32234,2.52829,-1.02521,-0.14564,5.74832,-0.01755,-1.38977,1.61869,0.03475,-0.03726,-0.15021,4.84967,1.54113,1.4458,1.58949,-0.00825,-0.06551,0.11921,0.08862,2.79407,-0.35556,-2.3055,0.3147,-0.04981,0.00453,3.03155,7.61453,-1.4402,-2.05797,0.37766,0.09008,0.04401
25.08,18.48384,-16.9427,2.34963,2.48513,-1.02773,-0.14604,5.81897,-0.01639,-1.38028,1.67947,0.03903,-0.03499,-0.15849,4.93538,1.55584,1.39837,1.67651,-0.02134,-0.05713,0.13632,-0.06035,2.91263,-0.36963,-2.34751,0.31425,-0.04946,0.00504,3.09207,7.77009,-1.48006,-2.09636,0.37943,0.09417,0.04897
25.1,18.27727,-16.63623,2.3811,2.45581,-1.02753,-0.14594,5.88304,-0.01279,-1.37429,1.72739,0.04143,-0.03353,-0.16409,5.02503,1.57447,1.35501,1.76421,-0.03401,-0.04897,0.15281,-0.21182,3.00749,-0.38083,-2.39395,0.31392,-0.04961,0.00513,3.13114,7.84925,-1.49261,-2.14313,0.38061,0.09701,0.05292
25.12,18.22746,-16.33062,2.40634,2.45285,-1.01866,-0.14504,5.92782,-0.00184,-1.37592,1.75299,0.04073,-0.03405,-0.16527,5.09524,1.60414,1.31881,1.84712,-0.04479,-0.04222,0.16729,-0.34323,3.06095,-0.38759,-2.4487,0.31361,-0.05063,0.00453,3.20938,7.87543,-1.48214,-2.1691,0.38209,0.09935,0.05617
25.14,18.26335,-16.04928,2.4261,2.46428,-1.0083,-0.14392,5.96068,0.01046,-1.38073,1.76564,0.03838,-0.03552,-0.1639,5.15565,1.64122,1.2875,1.92257,-0.05411,-0.03607,0.18002,-0.47283,3.09968,-0.39278,-2.50664,0.31334,-0.05202,0.00367,3.27852,7.85727,-1.45634,-2.1908,0.3831,0.101,0.05877
25.16,18.3158,-15.81332,2.43925,2.48014,-1.00189,-0.14302,5.988,0.01852,-1.38465,1.77351,0.03578,-0.03687,-0.16186,5.21476,1.68179,1.25807,1.98884,-0.06246,-0.0298,0.19114,-0.62001,3.14851,-0.39893,-2.56329,0.31314,-0.05334,0.00294,3.29434,7.80159,-1.4234,-2.22813,0.3829,0.10205,0.06095
25.18,18.39393,-15.646,2.43915,2.5015,-0.99729,-0.14245,6.00641,0.02297,-1.38904,1.77639,0.03267,-0.03872,-0.15872,5.26317,1.73256,1.23028,2.04545,-0.06973,-0.02347,0.20073,-0.77911,3.20797,-0.4061,-2.6183,0.31303,-0.05458,0.00237,3.28592,7.71851,-1.38796,-2.27435,0.38184,0.10284,0.06282
25.2,18.47957,-15.51396,2.4197,2.52916,-0.99557,-0.14216,6.01611,0.02367,-1.39387,1.77231,0.02941,-0.04046,-0.15502,5.29677,1.78006,1.20545,2.08619,-0.07483,-0.018,0.20732,-0.94449,3.2617,-0.4128,-2.67692,0.31284,-0.05601,0.00166,3.24837,7.61968,-1.34927,-2.31039,0.3802,0.10323,0.06431
25.22,18.55609,-15.37882,2.37947,2.56391,-0.99914,-0.14208,6.01837,0.02115,-1.39858,1.75927,0.02652,-0.04126,-0.15155,5.31373,1.80859,1.18527,2.10544,-0.07664,-0.01458,0.20951,-1.11376,3.2947,-0.41767,-2.7445,0.31239,-0.05781,0.00054,3.17407,7.51428,-1.30489,-2.31479,0.37818,0.10296,0.0653
25.24,18.61159,-15.2851,2.32356,2.60038,-1.0056,-0.14242,6.01452,0.01547,-1.40311,1.74237,0.02392,-0.04182,-0.14816,5.31589,1.8333,1.16857,2.10994,-0.07652,-0.01226,0.20912,-1.28975,3.32482,-0.42245,-2.81581,0.31185,-0.05975,-0.0007,3.08551,7.39362,-1.25895,-2.3036,0.37556,0.10224,0.06577
25.26,18.63015,-15.27058,2.25916,2.63326,-1.01364,-0.1434,6.00674,0.00698,-1.40696,1.72656,0.02161,-0.04263,-0.14484,5.30576,1.86831,1.15427,2.10631,-0.0757,-0.01018,0.20775,-1.47859,3.3685,-0.42874,-2.88594,0.31139,-0.06156,-0.00177,3.00659,7.24787,-1.21369,-2.29106,0.37224,0.10116,0.06562
25.28,18.61642,-15.32046,2.19291,2.66383,-1.02449,-0.14498,5.9961,-0.00219,-1.41022,1.71134,0.01964,-0.04347,-0.14174,5.27975,1.91525,1.14343,2.09494,-0.07401,-0.00877,0.20526,-1.68316,3.42811,-0.43672,-2.95357,0.31101,-0.06318,-0.00262,2.96155,7.08014,-1.16616,-2.2626,0.36865,0.09966,0.0647
25.3,18.52333,-15.42182,2.12869,2.68521,-1.03559,-0.14693,5.98588,-0.01251,-1.41224,1.69762,0.01817,-0.04411,-0.13921,5.25293,1.95794,1.1371,2.07704,-0.07174,-0.00796,0.20189,-1.88947,3.48148,-0.44449,-3.02746,0.31051,-0.06504,-0.00374,2.92577,6.87606,-1.11569,-2.23155,0.3643,0.09727,0.06289
25.32,18.29534,-15.56604,2.07073,2.68965,-1.04408,-0.14898,5.97946,-0.02486,-1.41199,1.68661,0.01737,-0.04427,-0.13767,5.24369,1.97849,1.13571,2.0542,-0.06924,-0.00752,0.19797,-2.08264,3.50752,-0.45031,-3.11757,0.30969,-0.0676,-0.00563,2.87335,6.62108,-1.06173,-2.21279,0.35863,0.09339,0.06009
25.34,17.97661,-15.75519,2.02844,2.68303,-1.05324,-0.15125,5.97588,-0.03571,-1.41035,1.67759,0.017,-0.04416,-0.13671,5.23804,1.99478,1.13912,2.0286,-0.06658,-0.00766,0.19375,-2.27425,3.52885,-0.45589,-3.21359,0.30865,-0.07037,-0.00781,2.85586,6.33058,-1.00345,-2.18861,0.35247,0.08855,0.05631
25.36,17.60781,-15.99455,2.00965,2.67077,-1.06574,-0.15386,5.9743,-0.04228,-1.40788,1.67023,0.01685,-0.04398,-0.136,5.22428,2.02295,1.14687,2.00248,-0.06387,-0.00846,0.18955,-2.47454,3.56733,-0.4631,-3.30685,0.30755,-0.0729,-0.00984,2.9239,6.01904,-0.93981,-2.14225,0.34656,0.08309,0.05156
25.38,17.17049,-16.28758,2.01966,2.65126,-1.08111,-0.15667,5.97617,-0.04409,-1.4033,1.6647,0.01701,-0.04346,-0.13572,5.20891,2.05849,1.1583,1.97654,-0.06122,-0.00981,0.18545,-2.67518,3.62521,-0.47239,-3.39901,0.30639,-0.0753,-0.01176,3.09468,5.68726,-0.86844,-2.06609,0.34085,0.07651,0.04562
25.4,16.67435,-16.59373,2.05273,2.62419,-1.09817,-0.15934,5.9806,-0.04166,-1.39936,1.65936,0.01717,-0.043,-0.13541,5.19348,2.09333,1.17452,1.95067,-0.05872,-0.01168,0.18151,-2.87228,3.67905,-0.48104,-3.49363,0.30479,-0.07769,-0.01393,3.30904,5.35972,-0.8007,-1.9883,0.33534,0.07013,0.03946
25.42,16.13612,-16.86888,2.10099,2.5896,-1.11584,-0.16155,5.98625,-0.03569,-1.39937,1.6523,0.017,-0.04308,-0.1345,5.17895,2.1196,1.19631,1.92488,-0.05651,-0.01396,0.17781,-3.06044,3.70483,-0.48615,-3.59389,0.30234,-0.08025,-0.01676,3.4993,5.06724,-0.74922,-1.93759,0.33028,0.06547,0.03419
25.44,15.55244,-17.13783,2.17143,2.54914,-1.13472,-0.1634,5.99437,-0.0253,-1.40018,1.64453,0.01675,-0.0432,-0.13343,5.16667,2.14314,1.22156,1.89999,-0.05449,-0.01657,0.17435,-3.23631,3.72745,-0.49054,-3.69622,0.29939,-0.08276,-0.01981,3.72526,4.80221,-0.70425,-1.88185,0.32591,0.06133,0.02901
25.46,14.92787,-17.42146,2.2691,2.50507,-1.15538,-0.16498,6.00585,-0.00977,-1.39925,1.63692,0.01662,-0.043,-0.1325,5.15705,2.16987,1.24813,1.87699,-0.05263,-0.0194,0.17117,-3.39504,3.7686,-0.49678,-3.79669,0.2963,-0.08506,-0.02269,4.05076,4.55575,-0.65781,-1.79207,0.32241,0.05661,0.02311
25.48,14.27464,-17.71662,2.39132,2.45735,-1.17835,-0.16628,6.02025,0.01059,-1.39771,1.62898,0.01655,-0.04259,-0.13153,5.15319,2.19626,1.27443,1.85665,-0.05106,-0.02217,0.16837,-3.52618,3.82948,-0.50538,-3.89613,0.29309,-0.08742,-0.02564,4.47988,4.34123,-0.61396,-1.6689,0.32011,0.05137,0.01644
25.5,13.62201,-17.95017,2.5226,2.40923,-1.19838,-0.16677,6.0376,0.03259,-1.3966,1.62024,0.01645,-0.04213,-0.13056,5.15091,2.2204,1.30274,1.83789,-0.04955,-0.02512,0.16577,-3.63901,3.87775,-0.51218,-3.99609,0.28947,-0.08933,-0.02836,4.92176,4.14298,-0.57472,-1.54262,0.31858,0.04674,0.00986
25.52,13.003,-18.05279,2.64716,2.36464,-1.2101,-0.16592,6.05828,0.05312,-1.39647,1.61083,0.01621,-0.04182,-0.12975,5.14464,2.24177,1.33633,1.8192,-0.04783,-0.02862,0.16312,-3.74496,3.88033,-0.51274,-4.0988,0.28507,-0.0901,-0.03042,5.28005,3.94505,-0.54032,-1.44253,0.31753,0.04397,0.00429
25.54,12.42998,-18.06088,2.76763,2.32275,-1.21673,-0.16411,6.08191,0.07231,-1.3979,1.60091,0.01595,-0.04158,-0.12896,5.14079,2.259,1.36992,1.80312,-0.04621,-0.03204,0.16073,-3.82614,3.86057,-0.51039,-4.20188,0.28038,-0.0905,-0.03224,5.63395,3.76092,-0.50924,-1.34327,0.31768,0.04186,-0.00118
25.56,11.91876,-18.0041,2.8854,2.2835,-1.22063,-0.16169,6.10837,0.09005,-1.40114,1.59112,0.01573,-0.04138,-0.12814,5.14393,2.27156,1.39916,1.79195,-0.04498,-0.03488,0.15892,-3.86626,3.84059,-0.50847,-4.3028,0.27592,-0.09112,-0.0341,6.05677,3.59958,-0.4793,-1.21901,0.3197,0.03929,-0.00733
25.58,11.49335,-17.86666,2.99337,2.25063,-1.21993,-0.15858,6.13822,0.10533,-1.40559,1.58276,0.0153,-0.04161,-0.12735,5.15108,2.27987,1.42644,1.78523,-0.044,-0.03743,0.15763,-3.85764,3.80807,-0.50567,-4.4024,0.27168,-0.09172,-0.03585,6.52745,3.45696,-0.44932,-1.06784,0.32376,0.03674,-0.01381
25.6,11.20631,-17.55614,3.07044,2.22356,-1.20961,-0.15433,6.16807,0.11153,-1.41531,1.57357,0.01517,-0.04175,-0.12663,5.16158,2.27923,1.44607,1.78418,-0.04345,-0.03909,0.15691,-3.8351,3.73601,-0.4981,-4.49775,0.26781,-0.0926,-0.03773,6.95289,3.31908,-0.42019,-0.93575,0.32911,0.03466,-0.01983
25.62,11.11063,-16.98129,3.0959,2.20078,-1.18474,-0.14856,6.19381,0.1024,-1.43516,1.56097,0.01604,-0.04104,-0.12616,5.17423,2.26509,1.45116,1.79025,-0.04355,-0.0391,0.15681,-3.84155,3.5947,-0.48108,-4.58348,0.26461,-0.09415,-0.04005,7.22907,3.16944,-0.39037,-0.87383,0.33492,0.03334,-0.02455
25.64,11.20624,-16.18818,3.0756,2.18778,-1.14678,-0.14155,6.2167,0.08057,-1.46058,1.54844,0.01716,-0.04041,-0.12587,5.18675,2.24037,1.44752,1.80245,-0.04412,-0.03822,0.15736,-3.84244,3.39468,-0.45644,-4.66087,0.26209,-0.09615,-0.04267,7.41413,3.01796,-0.35725,-0.84048,0.34175,0.03294,-0.02805
25.66,11.48699,-15.22778,3.01695,2.18854,-1.09759,-0.13367,6.2369,0.04921,-1.48747,1.53865,0.01793,-0.04053,-0.1257,5.19666,2.20807,1.43991,1.81993,-0.04505,-0.03708,0.15854,-3.811,3.15325,-0.42695,-4.72972,0.26043,-0.09845,-0.04547,7.56573,2.87445,-0.31947,-0.79676,0.35006,0.03332,-0.0306
25.68,11.95397,-14.09143,2.91644,2.20169,-1.03632,-0.125,6.25126,0.00915,-1.51737,1.53004,0.01888,-0.0408,-0.12594,5.19983,2.16826,1.42576,1.84281,-0.04639,-0.03549,0.16038,-3.76926,2.86659,-0.39159,-4.78271,0.26012,-0.10092,-0.04836,7.64495,2.72664,-0.2738,-0.75633,0.35967,0.03391,-0.03235
25.7,12.64982,-12.6955,2.76278,2.23136,-0.95831,-0.11502,6.25583,-0.0486,-1.54735,1.5233,0.0191,-0.04219,-0.12579,5.19896,2.11687,1.40735,1.86988,-0.04808,-0.03378,0.16273,-3.71848,2.52564,-0.34952,-4.82648,0.26041,-0.10407,-0.05176,7.62788,2.57241,-0.22795,-0.73862,0.36884,0.0365,-0.03207
25.72,13.61224,-10.95393,2.54553,2.281,-0.85952,-0.10321,6.24614,-0.13387,-1.57389,1.51925,0.01739,-0.04591,-0.12418,5.19661,2.05045,1.38797,1.89981,-0.05001,-0.0324,0.16541,-3.66459,2.12904,-0.30068,-4.86857,0.26054,-0.10865,-0.05624,7.50941,2.40188,-0.19008,-0.76001,0.37531,0.04312,-0.02852
25.74,14.779,-8.96483,2.28126,2.34645,-0.74451,-0.09025,6.2215,-0.23576,-1.59892,1.51569,0.01486,-0.05064,-0.12195,5.18616,1.97351,1.36547,1.93212,-0.05221,-0.03118,0.16842,-3.61377,1.69779,-0.24691,-4.89578,0.26142,-0.11371,-0.06108,7.30219,2.18838,-0.14917,-0.80916,0.37988,0.05104,-0.02359
25.76,16.07436,-6.83324,1.98834,2.42225,-0.61831,-0.0768,6.18235,-0.34398,-1.62354,1.51095,0.01241,-0.05531,-0.11981,5.16196,1.89107,1.33868,1.96609,-0.05466,-0.03002,0.17173,-3.57316,1.25783,-0.19117,-4.89528,0.26397,-0.11852,-0.06563,7.02243,1.9238,-0.098,-0.87093,0.3834,0.05804,-0.01893
25.78,17.46941,-4.55951,1.66952,2.50313,-0.48269,-0.06281,6.127,-0.46025,-1.64694,1.50528,0.00963,-0.06039,-0.11745,5.12068,1.80523,1.30846,2.00097,-0.05732,-0.02908,0.17516,-3.57015,0.82548,-0.13575,-4.86211,0.26874,-0.12385,-0.07023,6.68259,1.61882,-0.04195,-0.94609,0.3844,0.06491,-0.0141
25.8,18.947,-2.17359,1.3323,2.59713,-0.33586,-0.04829,6.05947,-0.583,-1.66841,1.49698,0.00673,-0.06536,-0.11477,5.07527,1.70949,1.27583,2.03452,-0.06008,-0.02823,0.1787,-3.53486,0.38162,-0.07603,-4.80673,0.27348,-0.12795,-0.07381,6.27139,1.24735,0.02255,-1.04797,0.38393,0.07048,-0.01002
25.82,20.49043,0.27832,0.98227,2.71457,-0.17642,-0.0334,5.986,-0.71055,-1.68791,1.48382,0.00406,-0.06953,-0.11172,5.04334,1.59491,1.24169,2.06419,-0.06276,-0.02718,0.18235,-3.39627,-0.10011,-0.00453,-4.7414,0.2756,-0.12865,-0.075,5.77898,0.78612,0.09968,-1.19009,0.38373,0.07347,-0.00781
25.84,22.02835,2.74552,0.62406,2.83762,-0.01225,-0.01838,5.90665,-0.84096,-1.70661,1.46773,0.00131,-0.07351,-0.10833,5.01151,1.47177,1.2059,2.09089,-0.06539,-0.02602,0.1859,-3.22253,-0.57995,0.07337,-4.64798,0.27739,-0.128,-0.07465,5.24491,0.28982,0.18042,-1.35042,0.38228,0.07515,-0.00655
25.86,23.49209,5.17556,0.26441,2.95181,0.14933,-0.00343,5.82269,-0.97211,-1.72599,1.45027,-0.00166,-0.07772,-0.10471,4.97041,1.34878,1.16817,2.11588,-0.06805,-0.0248,0.18927,-3.07689,-1.03009,0.15325,-4.51362,0.28066,-0.12764,-0.07351,4.71029,-0.1953,0.25753,-1.50971,0.37849,0.07658,-0.00545
25.88,24.85519,7.52139,-0.09441,3.06061,0.30618,0.01118,5.73935,-1.10472,-1.74712,1.43037,-0.00472,-0.08192,-0.10086,4.93326,1.2204,1.12898,2.13848,-0.07065,-0.02335,0.19242,-2.97421,-1.46795,0.23967,-4.34494,0.28442,-0.12685,-0.07105,4.19754,-0.66855,0.3311,-1.67288,0.37287,0.07774,-0.00469
25.9,26.09493,9.7404,-0.44435,3.156,0.4553,0.02547,5.66243,-1.23182,-1.76978,1.41192,-0.00788,-0.08636,-0.09688,4.89189,1.0976,1.09003,2.15908,-0.07323,-0.02165,0.19548,-2.80353,-1.87387,0.33015,-4.14958,0.28768,-0.12597,-0.06763,3.69744,-1.10669,0.39704,-1.82503,0.36677,0.07828,-0.00417
25.92,27.19068,11.8096,-0.77613,3.22894,0.59496,0.03955,5.59734,-1.34578,-1.79357,1.39946,-0.01123,-0.09134,-0.09279,4.83423,0.99441,1.0532,2.17848,-0.07586,-0.01974,0.1986,-2.45233,-2.21923,0.42125,-3.94592,0.28856,-0.12523,-0.0639,3.19486,-1.48997,0.45029,-1.95096,0.36163,0.07806,-0.00364
25.94,28.12474,13.68811,-1.09217,3.28589,0.72179,0.05295,5.54548,-1.45243,-1.82001,1.38999,-0.0146,-0.09654,-0.08868,4.77784,0.89943,1.01767,2.19611,-0.0784,-0.01748,0.20161,-2.0475,-2.52432,0.51582,-3.73629,0.28802,-0.1244,-0.05953,2.73506,-1.82906,0.49265,-2.06112,0.35684,0.07755,-0.00319
25.96,28.88257,15.35793,-1.39833,3.33142,0.83393,0.06536,5.50786,-1.5567,-1.85046,1.38077,-0.01788,-0.10171,-0.08457,4.73509,0.80328,0.98255,2.21133,-0.08076,-0.01476,0.20433,-1.70226,-2.81396,0.61645,-3.53479,0.28635,-0.12346,-0.05462,2.35224,-2.13578,0.52721,-2.16487,0.35167,0.07725,-0.00282
25.98,29.44865,16.86609,-1.69814,3.36421,0.93472,0.07707,5.48682,-1.65647,-1.88497,1.3724,-0.02116,-0.10689,-0.08028,4.70142,0.7095,0.94873,2.22368,-0.08289,-0.01155,0.20673,-1.40266,-3.10014,0.72775,-3.3849,0.27999,-0.12198,-0.05015,2.03824,-2.42043,0.55575,-2.26358,0.34646,0.07772,-0.0022
26,29.85063,18.06706,-1.97193,3.38179,1.01349,0.08727,5.48072,-1.74794,-1.92078,1.36715,-0.02413,-0.11194,-0.07647,4.67729,0.62062,0.91604,2.23239,-0.08464,-0.00799,0.20861,-1.08825,-3.33231,0.82519,-3.2463,0.27641,-0.12155,-0.04561,1.78506,-2.65964,0.57473,-2.34545,0.3421,0.0771,-0.00213
26.02,30.13316,18.81039,-2.19757,3.38234,1.0589,0.09518,5.48671,-1.82733,-1.95472,1.36734,-0.02644,-0.11673,-0.07391,4.66394,0.53887,0.88415,2.23687,-0.08583,-0.00427,0.20975,-0.70028,-3.44462,0.87295,-3.08099,0.28349,-0.12357,-0.03987,1.58098,-2.83259,0.58074,-2.39955,0.33939,0.07313,-0.00362
26.04,30.27005,19.27216,-2.38883,3.36989,1.08385,0.10159,5.50548,-1.89555,-1.98747,1.37036,-0.02829,-0.12117,-0.07198,4.65819,0.46398,0.85454,2.23623,-0.08646,-0.00036,0.21012,-0.29351,-3.48056,0.88482,-2.96279,0.29238,-0.12588,-0.03377,1.42043,-2.97333,0.58044,-2.44159,0.33748,0.06805,-0.00567
26.06,30.24783,19.61577,-2.55623,3.34897,1.09968,0.1072,5.53665,-1.95321,-2.01924,1.37407,-0.02985,-0.12512,-0.07012,4.65784,0.39566,0.82886,2.23005,-0.0865,0.00367,0.20972,0.06602,-3.48288,0.87795,-2.94926,0.29642,-0.12715,-0.02841,1.30016,-3.11153,0.58033,-2.48482,0.33564,0.06371,-0.00744
26.08,30.09325,19.85695,-2.69142,3.32072,1.10581,0.11199,5.57777,-1.99761,-2.0481,1.37936,-0.03117,-0.12856,-0.06831,4.66316,0.33604,0.80788,2.21887,-0.08589,0.00758,0.20853,0.35557,-3.43896,0.84814,-3.04808,0.2969,-0.12819,-0.0241,1.20605,-3.25129,0.58168,-2.52845,0.33415,0.05905,-0.0094
26.1,29.84186,19.90103,-2.77341,3.28712,1.09836,0.11527,5.62456,-2.02576,-2.07039,1.38687,-0.03167,-0.13103,-0.06761,4.67072,0.28813,0.79336,2.20073,-0.08451,0.01125,0.20627,0.6671,-3.28799,0.76561,-3.17669,0.29907,-0.12793,-0.01869,1.13459,-3.36715,0.58101,-2.5655,0.33294,0.05483,-0.01121
26.12,29.51869,19.65963,-2.78149,3.25018,1.075,0.11659,5.67264,-2.03389,-2.08176,1.39814,-0.03066,-0.13202,-0.0693,4.67735,0.25629,0.78771,2.17319,-0.08229,0.0146,0.20261,1.06095,-2.95411,0.6074,-3.23499,0.30769,-0.12507,-0.00995,1.08151,-3.43276,0.5744,-2.58809,0.33189,0.05229,-0.01229
26.14,29.14862,19.28341,-2.72959,3.21267,1.04185,0.11649,5.72108,-2.02372,-2.08361,1.41243,-0.02876,-0.1319,-0.07234,4.68509,0.23857,0.79034,2.1394,-0.0793,0.01735,0.19793,1.37868,-2.5045,0.42194,-3.29429,0.31668,-0.12064,-0.00082,1.03448,-3.47481,0.56626,-2.60518,0.33113,0.05026,-0.01313
26.16,28.74404,18.91863,-2.63389,3.17688,1.00617,0.11569,5.76876,-1.99666,-2.07705,1.42952,-0.02651,-0.13094,-0.07577,4.69538,0.23335,0.80072,2.10203,-0.07567,0.0193,0.19255,1.50856,-2.03444,0.2483,-3.42443,0.32096,-0.11617,0.00577,0.98051,-3.52243,0.56095,-2.626,0.33065,0.04802,-0.01403
26.18,28.30259,18.58857,-2.49362,3.14394,0.97377,0.11506,5.81228,-1.94871,-2.05839,1.45319,-0.02361,-0.12891,-0.08017,4.70668,0.24659,0.8212,2.05986,-0.07143,0.02035,0.18639,1.45104,-1.54683,0.08825,-3.58157,0.32258,-0.11296,0.00951,0.90941,-3.58297,0.55834,-2.64651,0.3304,0.04632,-0.01454
26.2,27.8877,18.22116,-2.32638,3.11509,0.93425,0.11236,5.85052,-1.8955,-2.03474,1.47448,-0.02048,-0.12617,-0.08497,4.7179,0.25779,0.84317,2.01628,-0.06681,0.02085,0.17983,1.27185,-1.07839,-0.04729,-3.7555,0.32138,-0.10792,0.01184,0.83666,-3.62175,0.5547,-2.67114,0.3304,0.0439,-0.01556
26.22,27.56383,17.73571,-2.15699,3.09037,0.87439,0.10487,5.88089,-1.85699,-2.01624,1.48182,-0.01768,-0.12336,-0.08939,4.72645,0.2409,0.85502,1.97571,-0.06219,0.02135,0.17329,1.0584,-0.68317,-0.14855,-3.9455,0.3164,-0.09664,0.015,0.78185,-3.60457,0.54651,-2.70635,0.33064,0.03914,-0.01816
26.24,27.2551,17.27512,-1.99352,3.06929,0.8137,0.09596,5.89922,-1.82036,-1.99457,1.48526,-0.01486,-0.12,-0.09391,4.73189,0.21409,0.86388,1.93464,-0.05761,0.02163,0.16665,0.76242,-0.38379,-0.2132,-4.13254,0.3085,-0.08366,0.01719,0.72286,-3.57554,0.53777,-2.74656,0.33103,0.03357,-0.02136
26.26,26.91118,16.95822,-1.84795,3.05087,0.76804,0.08837,5.90476,-1.77808,-1.96456,1.49282,-0.01184,-0.11591,-0.09882,4.73398,0.1911,0.87492,1.89115,-0.05317,0.02148,0.15992,0.36053,-0.18224,-0.2437,-4.30564,0.29885,-0.07304,0.01679,0.63913,-3.57235,0.53218,-2.78802,0.33148,0.02843,-0.02431
26.28,26.54652,16.75242,-1.74281,3.03075,0.73099,0.08085,5.89602,-1.74347,-1.93434,1.49826,-0.00897,-0.11188,-0.10388,4.72831,0.15839,0.88038,1.84887,-0.04939,0.02134,0.15343,-0.06694,-0.0793,-0.24344,-4.44972,0.28847,-0.06288,0.01551,0.53486,-3.59498,0.52999,-2.83309,0.332,0.02315,-0.02737
26.3,26.16667,16.69284,-1.68004,3.01503,0.71219,0.07498,5.87735,-1.71267,-1.8979,1.50414,-0.00611,-0.10693,-0.10839,4.72844,0.1206,0.88829,1.8066,-0.04606,0.0206,0.14767,-0.52185,-0.07334,-0.21796,-4.57006,0.27624,-0.05435,0.01301,0.40829,-3.60998,0.52646,-2.88194,0.33245,0.01794,-0.03045
26.32,25.79196,16.82718,-1.65832,3.01404,0.72447,0.07277,5.85662,-1.68082,-1.84712,1.5147,-0.00291,-0.09995,-0.11163,4.75178,0.08502,0.90986,1.76143,-0.04278,0.01835,0.1429,-1.0191,-0.14516,-0.17421,-4.67533,0.26093,-0.04897,0.00859,0.25741,-3.58612,0.51701,-2.93371,0.3327,0.01319,-0.03339
26.34,25.41779,17.1028,-1.69156,3.01495,0.75519,0.07236,5.83011,-1.66088,-1.79507,1.52269,0.00016,-0.09266,-0.11396,4.78652,0.04203,0.93492,1.72101,-0.04051,0.01515,0.13968,-1.49088,-0.27217,-0.11783,-4.75009,0.2449,-0.04492,0.00389,0.08261,-3.55917,0.50661,-2.99105,0.3328,0.00846,-0.03643
26.36,25.03982,17.48648,-1.78715,3.00782,0.79406,0.07234,5.79393,-1.6616,-1.75153,1.52281,0.00264,-0.08642,-0.11557,4.82372,-0.01526,0.95544,1.69115,-0.03993,0.01167,0.13832,-1.87532,-0.45162,-0.05165,-4.77605,0.23044,-0.04109,-1e-05,-0.11893,-3.56405,0.50002,-3.05549,0.33278,0.0035,-0.03966
26.38,24.70355,17.99356,-1.94257,3.00225,0.8431,0.07314,5.75178,-1.68335,-1.71335,1.516,0.00453,-0.0809,-0.11596,4.8705,-0.08824,0.97457,1.6681,-0.04057,0.00788,0.13804,-2.13522,-0.69644,0.02502,-4.73791,0.21812,-0.03768,-0.00324,-0.34817,-3.60326,0.49754,-3.12551,0.3326,-0.00133,-0.04293
26.4,24.34983,18.53585,-2.13035,2.98264,0.8947,0.07416,5.69571,-1.71666,-1.68412,1.49673,0.00558,-0.07639,-0.11494,4.92783,-0.16194,0.99564,1.66479,-0.04316,0.00346,0.14163,-2.34995,-0.99182,0.10164,-4.68391,0.20686,-0.03571,-0.00685,-0.59657,-3.64036,0.49491,-3.20686,0.33204,-0.00684,-0.04668
26.42,23.9121,19.00611,-2.31732,2.92851,0.93904,0.07454,5.61593,-1.7526,-1.6676,1.46001,0.00562,-0.07315,-0.11257,4.99508,-0.21984,1.02226,1.69641,-0.04808,-0.00159,0.1524,-2.60978,-1.31773,0.16854,-4.66509,0.19573,-0.03618,-0.0119,-0.85003,-3.635,0.48738,-3.30686,0.33081,-0.01413,-0.0516
26.44,23.50432,19.44266,-2.5139,2.8647,0.97712,0.07436,5.51986,-1.79666,-1.66006,1.40771,0.00439,-0.07119,-0.10817,5.07285,-0.27407,1.05056,1.74725,-0.05371,-0.00573,0.16643,-2.80786,-1.69781,0.23317,-4.629,0.18708,-0.03823,-0.01769,-1.10835,-3.6218,0.47952,-3.41656,0.32907,-0.02214,-0.05705
26.46,23.22232,19.86755,-2.72821,2.81139,1.00899,0.0736,5.41394,-1.8543,-1.65878,1.34211,0.00182,-0.07044,-0.10143,5.15816,-0.33584,1.07564,1.80462,-0.05911,-0.00813,0.18059,-2.83953,-2.16073,0.3017,-4.52497,0.18302,-0.04114,-0.02373,-1.36973,-3.63019,0.47593,-3.529,0.32705,-0.03013,-0.06258
26.48,23.05239,20.23653,-2.94486,2.75897,1.03131,0.07207,5.29719,-1.92735,-1.66313,1.26602,-0.0017,-0.07061,-0.0931,5.24463,-0.40334,1.0983,1.87207,-0.06345,-0.00857,0.1958,-2.6926,-2.72057,0.37372,-4.3451,0.18371,-0.04529,-0.03054,-1.61666,-3.65054,0.47677,-3.64866,0.32466,-0.03902,-0.06898
26.5,23.04291,20.46318,-3.1431,2.72704,1.03872,0.06932,5.17386,-1.99296,-1.67687,1.1704,-0.00751,-0.07251,-0.08117,5.3355,-0.4615,1.11258,1.94768,-0.06807,-0.00596,0.21074,-2.47382,-3.29677,0.43472,-4.15663,0.18808,-0.05066,-0.0381,-1.85996,-3.63923,0.47587,-3.76279,0.32229,-0.04714,-0.07449
26.52,23.26029,20.46404,-3.29982,2.74137,1.02694,0.06496,5.05209,-2.02636,-1.70307,1.04428,-0.0169,-0.07653,-0.06337,5.44041,-0.49421,1.11276,2.03032,-0.07584,0.0001,0.22466,-2.30428,-3.77942,0.47328,-4.03567,0.19492,-0.05683,-0.04589,-2.11616,-3.55169,0.46679,-3.85603,0.32045,-0.05266,-0.07708
26.54,23.67403,20.23083,-3.40287,2.781,0.99699,0.0592,4.93824,-2.04605,-1.73632,0.90435,-0.02804,-0.08136,-0.04253,5.54597,-0.51126,1.10299,2.11934,-0.08474,0.00853,0.23839,-2.07404,-4.20215,0.50021,-3.91242,0.20487,-0.06327,-0.0535,-2.35317,-3.40673,0.45429,-3.93689,0.31897,-0.05732,-0.07853
26.56,24.25968,19.76515,-3.44905,2.82979,0.95031,0.05221,4.83806,-2.06622,-1.7723,0.76559,-0.0394,-0.08599,-0.02126,5.64009,-0.52324,1.08768,2.2112,-0.09232,0.01881,0.2519,-1.68044,-4.60294,0.52275,-3.7234,0.21857,-0.06956,-0.06059,-2.54834,-3.22808,0.44322,-4.0125,0.31767,-0.06261,-0.08039
26.58,25.03866,19.03669,-3.43146,2.89842,0.88672,0.04396,4.75745,-2.07586,-1.80946,0.62499,-0.05085,-0.08973,0.00058,5.72968,-0.52769,1.06896,2.30221,-0.09897,0.03157,0.26479,-1.14964,-4.93819,0.53805,-3.48752,0.23556,-0.07527,-0.0667,-2.70803,-3.00461,0.43219,-4.07855,0.31665,-0.06862,-0.08248
26.6,25.96245,17.95011,-3.32354,2.97612,0.80096,0.03404,4.69874,-2.06888,-1.85009,0.49888,-0.06249,-0.09425,0.02216,5.79029,-0.50655,1.0409,2.38761,-0.1048,0.04407,0.27561,-0.59885,-5.13377,0.53813,-3.2512,0.25276,-0.08003,-0.07136,-2.83345,-2.71025,0.41715,-4.12703,0.31616,-0.07332,-0.08324
26.62,26.97108,16.42841,-3.10529,3.04797,0.68813,0.02207,4.66068,-2.04227,-1.89766,0.40548,-0.0742,-0.10148,0.04262,5.79053,-0.44014,0.99508,2.46251,-0.11023,0.05281,0.28337,-0.15818,-5.11724,0.51535,-3.06494,0.26644,-0.08354,-0.07408,-2.9326,-2.32214,0.39428,-4.14902,0.31655,-0.07454,-0.08111
26.64,28.07635,14.54619,-2.80114,3.12807,0.55506,0.00866,4.64455,-1.99425,-1.94408,0.33792,-0.08481,-0.10883,0.06114,5.74755,-0.34369,0.94115,2.51908,-0.11445,0.05965,0.28807,0.24354,-4.92137,0.4773,-2.8966,0.27846,-0.08558,-0.07464,-3.00361,-1.86916,0.36777,-4.1496,0.31746,-0.07431,-0.07755
26.66,29.27058,12.39075,-2.43382,3.22517,0.40889,-0.00563,4.64774,-1.92403,-1.98203,0.28871,-0.09362,-0.11449,0.077,5.67682,-0.23357,0.88828,2.55209,-0.11637,0.06651,0.28949,0.68293,-4.60239,0.43307,-2.71305,0.29044,-0.0862,-0.07318,-3.04591,-1.38282,0.3416,-4.13277,0.31868,-0.07462,-0.0741
26.68,30.4963,10.00857,-2.00811,3.33007,0.25187,-0.02062,4.65923,-1.82805,-2.01122,0.25665,-0.10068,-0.1197,0.09029,5.56772,-0.10783,0.8337,2.56123,-0.11606,0.07269,0.28717,1.11512,-4.16145,0.38347,-2.53933,0.30014,-0.0856,-0.06993,-3.08443,-0.86856,0.31522,-4.09136,0.32066,-0.07522,-0.07082
26.7,31.71896,7.39566,-1.53369,3.44973,0.08766,-0.03585,4.68911,-1.71474,-2.02919,0.26309,-0.10557,-0.12356,0.09863,5.4161,0.03793,0.78464,2.52963,-0.1123,0.07599,0.27904,1.49251,-3.62129,0.32932,-2.3723,0.30927,-0.08405,-0.0652,-3.05706,-0.32955,0.28741,-4.03226,0.32276,-0.07484,-0.06668
26.72,32.92818,4.55361,-1.01992,3.5941,-0.07963,-0.0508,4.75369,-1.59267,-2.03695,0.33009,-0.10839,-0.12498,0.09999,5.22473,0.2084,0.7489,2.43976,-0.10384,0.0748,0.26275,1.77248,-3.02326,0.27009,-2.20644,0.31998,-0.0815,-0.0592,-2.89434,0.23352,0.25575,-3.96262,0.32424,-0.07216,-0.06066
26.74,34.05358,1.642,-0.48606,3.74462,-0.24374,-0.06519,4.83359,-1.45776,-2.03534,0.43417,-0.10939,-0.12606,0.09627,5.00014,0.3908,0.72527,2.30609,-0.09091,0.07124,0.23953,1.97067,-2.40005,0.20939,-2.06374,0.32934,-0.07835,-0.05245,-2.6613,0.7888,0.22221,-3.87273,0.32601,-0.06873,-0.05447
26.76,35.04641,-1.19674,0.04721,3.88692,-0.39798,-0.07869,4.91228,-1.30589,-2.0243,0.55385,-0.10861,-0.12806,0.08925,4.75602,0.57233,0.71322,2.14547,-0.0745,0.06684,0.2115,2.10981,-1.77644,0.15173,-1.95521,0.33546,-0.075,-0.04547,-2.41756,1.32009,0.18735,-3.75584,0.32874,-0.0659,-0.04948
26.78,35.93588,-3.92532,0.57287,4.02378,-0.53772,-0.091,4.99357,-1.13073,-2.00554,0.69069,-0.10656,-0.13048,0.07975,4.51005,0.7531,0.71437,1.96189,-0.05543,0.06139,0.17903,2.16789,-1.17492,0.09682,-1.88286,0.33901,-0.07129,-0.03849,-2.16748,1.85965,0.14477,-3.61087,0.33226,-0.06297,-0.04489
26.8,36.55094,-6.45049,1.05888,4.13374,-0.6591,-0.10171,5.08138,-0.96306,-1.97471,0.85168,-0.10165,-0.13381,0.06459,4.26062,0.91829,0.73699,1.75545,-0.03209,0.05458,0.14264,2.14856,-0.61047,0.04537,-1.84232,0.34064,-0.06814,-0.03196,-1.84564,2.33198,0.10044,-3.45565,0.33596,-0.05986,-0.04156
26.82,36.7353,-8.69618,1.47209,4.19655,-0.75962,-0.11057,5.1836,-0.83993,-1.92602,1.04543,-0.09233,-0.1384,0.04024,4.00829,1.05207,0.78428,1.52499,-0.00467,0.04565,0.10334,2.06707,-0.09012,-0.00173,-1.82515,0.34112,-0.0665,-0.02622,-1.38339,2.67084,0.05932,-3.31203,0.33902,-0.05656,-0.04048
26.84,36.61977,-10.65948,1.82534,4.21928,-0.8367,-0.11766,5.29507,-0.73231,-1.86369,1.2557,-0.08052,-0.14258,0.011,3.78634,1.16207,0.84946,1.29035,0.02291,0.03388,0.06347,1.91912,0.37605,-0.04513,-1.83342,0.34039,-0.06556,-0.0212,-0.86572,2.98965,0.00567,-3.16476,0.34184,-0.05221,-0.03975
26.86,36.33304,-12.33893,2.12425,4.20998,-0.88888,-0.12314,5.40924,-0.61653,-1.79615,1.46454,-0.06814,-0.14576,-0.01845,3.61728,1.25069,0.92709,1.07073,0.04822,0.01999,0.02516,1.71028,0.78483,-0.08566,-1.8682,0.33834,-0.06463,-0.01683,-0.37888,3.37869,-0.07466,-3.0097,0.34455,-0.04623,-0.03772
26.88,35.91469,-13.74748,2.35326,4.1752,-0.91764,-0.12718,5.53176,-0.50641,-1.72884,1.67271,-0.05644,-0.14947,-0.04661,3.50078,1.30655,1.01001,0.86595,0.07044,0.00594,-0.01062,1.45579,1.14199,-0.12423,-1.92467,0.33543,-0.06383,-0.01307,0.0716,3.83746,-0.18437,-2.87734,0.34573,-0.03878,-0.03425
26.9,35.15214,-14.82885,2.50658,4.07361,-0.92347,-0.12984,5.64956,-0.41924,-1.65723,1.86711,-0.0427,-0.14991,-0.07662,3.43651,1.3404,1.1123,0.70339,0.08888,-0.01458,-0.04065,1.17099,1.44504,-0.16025,-1.99147,0.33217,-0.0635,-0.01012,0.51204,4.33071,-0.3195,-2.73679,0.34784,-0.02871,-0.02893
26.92,33.81413,-15.54947,2.57886,3.86055,-0.90886,-0.13151,5.74921,-0.37964,-1.57676,2.03636,-0.02211,-0.14067,-0.11368,3.43119,1.36699,1.25406,0.61682,0.10221,-0.0498,-0.06172,0.87238,1.69371,-0.19296,-2.05722,0.32901,-0.06402,-0.00813,0.95712,4.81765,-0.46724,-2.5549,0.35358,-0.01473,-0.02173
26.94,32.18406,-16.01084,2.55821,3.58185,-0.88055,-0.13262,5.84385,-0.38137,-1.50296,2.18671,0.00067,-0.12634,-0.15064,3.48444,1.37432,1.40674,0.5931,0.10944,-0.09049,-0.07287,0.56863,1.90519,-0.22414,-2.12476,0.32596,-0.06489,-0.00674,1.34318,5.31686,-0.6238,-2.38708,0.35963,0.00105,-0.01343
26.96,30.50138,-16.31899,2.4347,3.28257,-0.84607,-0.1336,5.9399,-0.41546,-1.44905,2.3209,0.02082,-0.1131,-0.18203,3.58037,1.3509,1.54319,0.60926,0.11195,-0.12843,-0.076,0.2678,2.09611,-0.25546,-2.19723,0.32295,-0.06568,-0.00562,1.61416,5.83686,-0.7893,-2.27832,0.36343,0.01711,-0.00414
26.98,28.69067,-16.5487,2.20203,2.96397,-0.81382,-0.13535,6.02944,-0.50305,-1.41472,2.43797,0.04011,-0.09867,-0.2122,3.70222,1.29095,1.66257,0.65908,0.1128,-0.16563,-0.076,-0.02349,2.27626,-0.28744,-2.27383,0.3201,-0.06654,-0.00475,1.7607,6.34493,-0.95623,-2.23097,0.3654,0.0347,0.00642
27,26.76136,-16.5929,1.88658,2.61035,-0.78006,-0.13601,6.09877,-0.60582,-1.39485,2.52209,0.0557,-0.08683,-0.23261,3.83958,1.24116,1.76166,0.74171,0.10948,-0.19705,-0.06396,-0.30295,2.43621,-0.31749,-2.34436,0.31754,-0.06745,-0.0042,1.82889,6.79108,-1.10651,-2.20823,0.36698,0.04983,0.01613
27.02,24.72112,-16.31048,1.53125,2.19575,-0.73525,-0.13289,6.13099,-0.66917,-1.37727,2.55566,0.06457,-0.08323,-0.2338,3.9955,1.26316,1.85004,0.86117,0.09705,-0.21686,-0.0246,-0.57453,2.56245,-0.34262,-2.39784,0.31538,-0.06834,-0.00403,1.87414,7.13064,-1.21791,-2.166,0.36965,0.05759,0.02243
27.04,22.58495,-15.8943,1.13164,1.76304,-0.69249,-0.12833,6.12138,-0.72725,-1.36307,2.54538,0.06812,-0.08208,-0.22432,4.15433,1.31202,1.91794,0.99867,0.07814,-0.22352,0.02796,-0.83722,2.66958,-0.36466,-2.44461,0.31351,-0.06935,-0.00418,1.85782,7.37186,-1.29652,-2.1401,0.37175,0.0619,0.027
27.06,20.40892,-15.5173,0.69676,1.35296,-0.6636,-0.12429,6.07255,-0.8084,-1.35393,2.50386,0.06829,-0.07951,-0.2121,4.29301,1.3469,1.95532,1.13219,0.05928,-0.22006,0.07723,-1.09279,2.77451,-0.38561,-2.49382,0.31184,-0.07053,-0.00453,1.74858,7.53653,-1.35561,-2.16182,0.3719,0.06623,0.03152
27.08,18.17303,-15.1258,0.26077,0.94091,-0.63987,-0.1191,5.97973,-0.89393,-1.33651,2.43714,0.06534,-0.07557,-0.19544,4.4029,1.39489,1.97346,1.26471,0.03969,-0.20586,0.12759,-1.35406,2.88243,-0.40541,-2.5414,0.31039,-0.07186,-0.00499,1.56344,7.6284,-1.39363,-2.21061,0.37062,0.06921,0.03535
27.1,16.11504,-14.74158,-0.14796,0.60266,-0.62516,-0.1144,5.85154,-0.96119,-1.32727,2.32772,0.05658,-0.07094,-0.17304,4.48712,1.43756,1.95345,1.38456,0.02034,-0.17999,0.16906,-1.6036,2.97667,-0.42187,-2.59028,0.30916,-0.07331,-0.00571,1.37133,7.64244,-1.41144,-2.27192,0.36872,0.07112,0.03828
27.12,14.51231,-14.37572,-0.48675,0.42714,-0.62938,-0.11264,5.7078,-0.99066,-1.34504,2.15697,0.04026,-0.06629,-0.14416,4.56117,1.45411,1.87114,1.48532,-0.00039,-0.14503,0.19385,-1.82279,3.04371,-0.43346,-2.6435,0.30815,-0.07477,-0.00676,1.24702,7.58012,-1.41156,-2.33457,0.36704,0.0726,0.04023
27.14,13.1746,-13.99813,-0.74025,0.33857,-0.64111,-0.11181,5.55333,-0.99629,-1.3649,1.95846,0.02116,-0.06012,-0.11252,4.61749,1.47254,1.75804,1.57279,-0.02178,-0.10605,0.2106,-2.03592,3.10565,-0.44277,-2.69859,0.30738,-0.07626,-0.00792,1.15435,7.47539,-1.39932,-2.39368,0.36536,0.0734,0.04143
27.16,11.93044,-13.64066,-0.9092,0.27043,-0.65074,-0.11029,5.39622,-0.99126,-1.37095,1.76308,0.00288,-0.05143,-0.08189,4.64772,1.51265,1.6485,1.64553,-0.04082,-0.06758,0.22367,-2.26652,3.18479,-0.45253,-2.75426,0.30681,-0.07781,-0.00896,1.05664,7.35698,-1.3807,-2.45016,0.36335,0.07366,0.04225
27.18,10.8036,-13.34658,-0.99056,0.23237,-0.65996,-0.10865,5.25289,-0.96477,-1.37097,1.566,-0.01514,-0.04045,-0.05162,4.6644,1.57871,1.54122,1.70283,-0.0592,-0.02826,0.23248,-2.5194,3.2822,-0.4629,-2.80784,0.30649,-0.07937,-0.00985,0.9855,7.22997,-1.35734,-2.49893,0.36142,0.07339,0.0425
27.2,9.92092,-13.08261,-0.99248,0.25061,-0.67159,-0.10774,5.12168,-0.93427,-1.36945,1.38074,-0.03165,-0.02915,-0.02428,4.66372,1.64463,1.4422,1.73693,-0.07156,0.00328,0.2343,-2.76037,3.38244,-0.47302,-2.86773,0.30627,-0.08093,-0.01077,0.95753,7.09256,-1.32751,-2.53026,0.35985,0.07277,0.04217
27.22,9.41603,-12.80517,-0.9236,0.35226,-0.68932,-0.10844,4.99632,-0.91975,-1.36921,1.22248,-0.04522,-0.02009,-0.00238,4.63798,1.67903,1.35623,1.73962,-0.07246,0.0184,0.22814,-2.94891,3.46837,-0.48204,-2.94356,0.30595,-0.08243,-0.01193,0.9842,6.94438,-1.28929,-2.53369,0.35886,0.07195,0.04126
27.24,9.1251,-12.56517,-0.79811,0.49552,-0.70951,-0.1098,4.88942,-0.90516,-1.3696,1.08355,-0.05654,-0.01217,0.01619,4.601,1.70918,1.28322,1.72352,-0.0684,0.02599,0.21854,-3.11754,3.55534,-0.49161,-3.02452,0.30565,-0.08392,-0.01317,1.06779,6.789,-1.24517,-2.51522,0.35836,0.07074,0.03964
27.26,8.87817,-12.40716,-0.6305,0.63866,-0.72784,-0.11078,4.8067,-0.8784,-1.3683,0.95731,-0.06631,-0.00392,0.03299,4.56463,1.75908,1.22591,1.70084,-0.06428,0.03276,0.20886,-3.29535,3.65644,-0.50306,-3.10163,0.30546,-0.08543,-0.01432,1.20658,6.62725,-1.19661,-2.48063,0.35818,0.06892,0.03721
27.28,8.6766,-12.31445,-0.42806,0.79077,-0.74536,-0.1116,4.73851,-0.84315,-1.36538,0.84131,-0.07464,0.00429,0.04809,4.53186,1.81723,1.18157,1.67069,-0.05929,0.03728,0.19859,-3.46436,3.77139,-0.51677,-3.177,0.30534,-0.08668,-0.01526,1.41407,6.45806,-1.14193,-2.42333,0.35854,0.06623,0.03376
27.3,8.54618,-12.25279,-0.2083,0.93909,-0.76201,-0.11212,4.68509,-0.81024,-1.36196,0.74653,-0.08094,0.01119,0.06,4.49811,1.87774,1.15535,1.6424,-0.05295,0.03767,0.18883,-3.61533,3.88451,-0.53171,-3.25091,0.30515,-0.08824,-0.01646,1.66897,6.2758,-1.08281,-2.35312,0.35896,0.06351,0.02999
27.32,8.50345,-12.1871,0.0135,1.0671,-0.77796,-0.11219,4.64778,-0.7896,-1.35901,0.68564,-0.08469,0.01559,0.06716,4.45559,1.93855,1.15424,1.62606,-0.0448,0.03176,0.18077,-3.73948,3.98382,-0.54727,-3.32314,0.30472,-0.09086,-0.01848,1.94492,6.07732,-1.02228,-2.28111,0.35897,0.06184,0.02681
27.34,8.48537,-12.13396,0.24677,1.18321,-0.79284,-0.11187,4.61529,-0.77119,-1.35398,0.64277,-0.08696,0.01865,0.0717,4.41243,1.99986,1.16902,1.61721,-0.03634,0.02242,0.17399,-3.83765,4.08265,-0.56437,-3.39313,0.30416,-0.09371,-0.02072,2.25956,5.86778,-0.95927,-2.19795,0.35895,0.06029,0.02358
27.36,8.42101,-12.11693,0.49964,1.29245,-0.80656,-0.11127,4.58015,-0.74479,-1.3448,0.60355,-0.08872,0.02161,0.07553,4.37529,2.0644,1.1911,1.61262,-0.02903,0.01258,0.16835,-3.91567,4.19602,-0.58397,-3.4604,0.30351,-0.09616,-0.02271,2.63302,5.65466,-0.89305,-2.09519,0.35922,0.05812,0.01979
27.38,8.28256,-12.13059,0.76755,1.392,-0.82152,-0.11071,4.54274,-0.71143,-1.33173,0.5703,-0.09003,0.02446,0.07848,4.33751,2.13309,1.22044,1.61483,-0.02199,0.00097,0.16375,-3.96785,4.32979,-0.60671,-3.52766,0.30269,-0.09871,-0.02474,3.07536,5.43707,-0.82424,-1.97098,0.35976,0.05584,0.01582
27.4,8.15231,-12.16113,1.04581,1.47787,-0.83385,-0.1099,4.50533,-0.67615,-1.31571,0.54872,-0.0905,0.02602,0.07979,4.30477,2.19679,1.25509,1.62245,-0.01679,-0.01016,0.16053,-4.01229,4.45198,-0.62812,-3.59122,0.30177,-0.1007,-0.02658,3.52299,5.22755,-0.75822,-1.84382,0.35994,0.05334,0.01193
27.42,8.12409,-12.20155,1.32954,1.54676,-0.83826,-0.10847,4.47221,-0.6423,-1.29775,0.54456,-0.08958,0.02498,0.07859,4.28596,2.24661,1.29272,1.63223,-0.01548,-0.0179,0.15911,-4.07694,4.53065,-0.64322,-3.64471,0.30098,-0.10131,-0.0279,3.90791,5.04436,-0.70058,-1.73307,0.35917,0.05048,0.00845
27.44,8.09355,-12.28006,1.61206,1.59931,-0.84208,-0.10735,4.44684,-0.60578,-1.27885,0.55674,-0.08771,0.02238,0.07545,4.27236,2.29074,1.33206,1.64402,-0.01599,-0.02464,0.15875,-4.147,4.59212,-0.65499,-3.6965,0.30008,-0.10141,-0.02908,4.28855,4.88285,-0.64864,-1.62231,0.35806,0.04767,0.00535
27.46,7.96448,-12.42307,1.88431,1.63674,-0.85101,-0.10727,4.43488,-0.56212,-1.26077,0.58383,-0.08524,0.01904,0.07084,4.26052,2.33587,1.37187,1.65777,-0.01671,-0.03205,0.15874,-4.21165,4.66267,-0.66644,-3.7521,0.29893,-0.10171,-0.03037,4.71918,4.74227,-0.60072,-1.49569,0.35709,0.04519,0.00258
27.48,7.74525,-12.62053,2.13273,1.65782,-0.8611,-0.10791,4.44608,-0.5099,-1.2461,0.62874,-0.08168,0.01421,0.06414,4.26101,2.37967,1.41191,1.67213,-0.01841,-0.03906,0.15904,-4.29363,4.74206,-0.67667,-3.80415,0.29788,-0.10211,-0.03171,5.19408,4.63323,-0.55909,-1.35455,0.35609,0.04324,0.00023
27.5,7.49686,-12.9093,2.33848,1.65038,-0.87991,-0.11015,4.48672,-0.46493,-1.23841,0.70671,-0.07677,0.00734,0.0544,4.2674,2.41506,1.4504,1.68719,-0.02031,-0.04587,0.15988,-4.35695,4.7931,-0.68251,-3.86716,0.2962,-0.10229,-0.03305,5.65306,4.54755,-0.52606,-1.21858,0.35483,0.04135,-0.00179
27.52,7.2906,-13.34857,2.48727,1.6059,-0.91748,-0.11507,4.56379,-0.44358,-1.24245,0.83018,-0.07068,-0.00186,0.04156,4.27325,2.43286,1.48431,1.70394,-0.02146,-0.05278,0.16164,-4.34827,4.78011,-0.68139,-3.95714,0.29304,-0.10189,-0.0343,6.03514,4.47703,-0.50384,-1.10688,0.35324,0.03891,-0.00367
27.54,7.04462,-13.89257,2.56443,1.5247,-0.96309,-0.12139,4.68788,-0.43813,-1.26068,0.99271,-0.06292,-0.014,0.02552,4.29424,2.43633,1.51436,1.72131,-0.02258,-0.05896,0.16383,-4.30848,4.74164,-0.67655,-4.05544,0.28923,-0.10124,-0.03546,6.39549,4.4301,-0.49107,-1.00274,0.35153,0.03656,-0.00536
27.56,6.69079,-14.49936,2.56098,1.41133,-1.00823,-0.12808,4.86751,-0.44121,-1.29612,1.18504,-0.05342,-0.02898,0.00667,4.34451,2.42868,1.54073,1.73879,-0.02413,-0.06387,0.16594,-4.26659,4.70972,-0.67123,-4.14709,0.28554,-0.10074,-0.0366,6.78674,4.41265,-0.48595,-0.88927,0.34996,0.03475,-0.00692
27.58,6.28757,-15.19674,2.48648,1.28109,-1.0565,-0.13564,5.10706,-0.45206,-1.35478,1.39605,-0.04364,-0.04573,-0.01231,4.43043,2.4048,1.55988,1.7576,-0.02576,-0.06722,0.16806,-4.19016,4.67713,-0.66591,-4.23509,0.28189,-0.10019,-0.03764,7.19905,4.43048,-0.48962,-0.7672,0.34874,0.03313,-0.00852
27.6,5.75667,-15.89987,2.31353,1.08638,-1.10187,-0.1425,5.40342,-0.50272,-1.43333,1.64818,-0.03123,-0.06597,-0.03584,4.52887,2.36697,1.57599,1.77472,-0.02727,-0.06933,0.16999,-4.08774,4.6291,-0.65932,-4.32084,0.27807,-0.09969,-0.03863,7.58453,4.43334,-0.49556,-0.65835,0.3476,0.03168,-0.01034
27.62,4.98118,-16.53188,2.03004,0.77188,-1.13805,-0.14684,5.75576,-0.63937,-1.52666,1.97149,-0.01255,-0.09166,-0.07127,4.6094,2.32,1.59578,1.78598,-0.02837,-0.07093,0.17159,-3.97122,4.55253,-0.65015,-4.40484,0.27387,-0.09944,-0.03967,7.89805,4.35961,-0.49455,-0.58387,0.34632,0.03034,-0.01261
27.64,4.05768,-17.15231,1.70838,0.40358,-1.17128,-0.15008,6.1522,-0.83281,-1.63809,2.31392,0.00849,-0.11792,-0.11121,4.68993,2.26308,1.61353,1.79253,-0.02907,-0.07157,0.17256,-3.81037,4.4602,-0.64098,-4.48418,0.2698,-0.09923,-0.0406,8.16828,4.25604,-0.49113,-0.52582,0.34557,0.02904,-0.01512
27.66,3.09956,-17.77964,1.40257,0.04023,-1.20565,-0.15321,6.57129,-1.0479,-1.76591,2.63124,0.02809,-0.14155,-0.14822,4.78368,2.19694,1.62467,1.79534,-0.02932,-0.07092,0.17265,-3.58161,4.36918,-0.63493,-4.55458,0.26647,-0.09893,-0.04124,8.42708,4.1658,-0.48821,-0.46389,0.34598,0.02775,-0.01768
27.68,2.10498,-18.39157,1.13604,-0.32815,-1.24064,-0.15573,6.99054,-1.30572,-1.90016,2.935,0.04694,-0.16484,-0.18492,4.87186,2.12391,1.6318,1.79276,-0.02859,-0.06975,0.17237,-3.26941,4.2796,-0.63286,-4.61422,0.26402,-0.09882,-0.04174,8.6736,4.06599,-0.47877,-0.39396,0.34782,0.02616,-0.02047
27.7,1.1334,-18.80296,0.87495,-0.68137,-1.26741,-0.15684,7.33747,-1.5665,-2.01912,3.17755,0.06501,-0.18132,-0.21751,4.93704,2.0537,1.63404,1.77937,-0.02748,-0.06778,0.16918,-2.91846,4.1694,-0.63091,-4.66245,0.26257,-0.09833,-0.04172,8.82723,3.97547,-0.46922,-0.34664,0.35075,0.02553,-0.02212
27.72,0.25805,-18.80142,0.55034,-1.00403,-1.27545,-0.15588,7.53488,-1.76651,-2.09996,3.31439,0.08317,-0.18368,-0.24227,4.95975,1.99858,1.63079,1.75014,-0.02658,-0.06406,0.15974,-2.58889,4.01267,-0.62357,-4.69667,0.26233,-0.09668,-0.04071,8.80354,3.91446,-0.46642,-0.35214,0.35431,0.0271,-0.02122
27.74,-0.43645,-18.46461,0.20938,-1.28414,-1.26703,-0.15332,7.58354,-1.92924,-2.13797,3.37665,0.10082,-0.17831,-0.26176,4.93498,1.95163,1.62208,1.70695,-0.02412,-0.05939,0.14635,-2.23239,3.82254,-0.61355,-4.71135,0.26355,-0.09472,-0.03921,8.66853,3.86625,-0.46069,-0.37946,0.35899,0.02993,-0.01866
27.76,-0.88201,-17.86894,-0.09185,-1.51356,-1.24371,-0.14937,7.49697,-2.07972,-2.13427,3.39433,0.11663,-0.17181,-0.27787,4.86245,1.90693,1.6076,1.65618,-0.0196,-0.05505,0.13183,-1.81876,3.60887,-0.6025,-4.70055,0.26674,-0.09321,-0.03767,8.488,3.8095,-0.44308,-0.39912,0.36515,0.03289,-0.01552
27.78,-1.11454,-16.97674,-0.35067,-1.71871,-1.20176,-0.14373,7.26256,-2.20564,-2.08312,3.37762,0.13105,-0.16499,-0.29235,4.72893,1.87284,1.59014,1.60652,-0.01398,-0.05084,0.1161,-1.39185,3.35979,-0.58655,-4.65705,0.27256,-0.09158,-0.03571,8.25081,3.71828,-0.40976,-0.41056,0.37262,0.03522,-0.01228
27.8,-0.85511,-15.62594,-0.59941,-1.79877,-1.12962,-0.13627,6.87185,-2.26943,-1.97628,3.27529,0.14178,-0.15135,-0.29657,4.56002,1.83365,1.55903,1.54813,-0.0064,-0.04701,0.0997,-0.94944,3.0532,-0.56264,-4.58801,0.28005,-0.09109,-0.03436,7.92918,3.62806,-0.37378,-0.44872,0.38006,0.03921,-0.00756
27.82,0.14554,-13.63853,-0.84646,-1.64173,-1.01581,-0.12668,6.3466,-2.2339,-1.80152,3.02695,0.14603,-0.12341,-0.28151,4.38939,1.77123,1.50292,1.46616,0.0034,-0.04406,0.08313,-0.50719,2.66877,-0.52619,-4.50059,0.28832,-0.09358,-0.03499,7.51593,3.56589,-0.34941,-0.55545,0.3854,0.04732,-0.00012
27.84,1.55842,-11.21015,-1.00329,-1.36113,-0.87013,-0.11514,5.74895,-2.14177,-1.57354,2.69591,0.14461,-0.08865,-0.25676,4.20421,1.70187,1.43515,1.38322,0.01288,-0.0413,0.06764,-0.09868,2.22079,-0.47547,-4.38762,0.29829,-0.09752,-0.03649,7.05754,3.43175,-0.31681,-0.69691,0.38886,0.05566,0.00702
27.86,3.13137,-8.56408,-1.03003,-1.05994,-0.70582,-0.10224,5.14574,-2.03841,-1.3261,2.35179,0.13883,-0.05464,-0.23035,3.99294,1.63921,1.36625,1.31915,0.02064,-0.0382,0.0544,0.22706,1.73162,-0.41112,-4.24243,0.31062,-0.10156,-0.03778,6.59145,3.16709,-0.26132,-0.83863,0.39097,0.06135,0.01165
27.88,4.84277,-5.7158,-0.94922,-0.72991,-0.52643,-0.08843,4.58088,-1.92294,-1.07533,1.98418,0.12742,-0.0198,-0.19966,3.75881,1.58132,1.29127,1.26506,0.02737,-0.0349,0.0426,0.37028,1.2146,-0.33223,-4.05536,0.32571,-0.1065,-0.03918,6.13663,2.80774,-0.19266,-0.99404,0.39045,0.06551,0.01451
27.9,6.79575,-2.74341,-0.78228,-0.34303,-0.33029,-0.07341,4.06919,-1.82411,-0.84172,1.59394,0.10952,0.01517,-0.16365,3.54972,1.51523,1.21752,1.23373,0.0313,-0.03084,0.03513,0.51092,0.65281,-0.23708,-3.87624,0.33879,-0.11086,-0.04033,5.64303,2.33823,-0.10666,-1.15775,0.38838,0.06779,0.01525
27.92,9.08819,0.25,-0.56451,0.13116,-0.12157,-0.05712,3.60843,-1.76971,-0.64346,1.18098,0.08462,0.04941,-0.12204,3.41503,1.42364,1.15321,1.2362,0.03079,-0.02562,0.03463,0.83738,0.01941,-0.11535,-3.76575,0.34338,-0.1127,-0.04086,5.05556,1.7511,-0.001,-1.31789,0.38659,0.0682,0.01374
27.94,11.51132,3.22019,-0.34799,0.63151,0.09213,-0.04048,3.23124,-1.74954,-0.49313,0.76345,0.05261,0.08036,-0.07603,3.30906,1.32133,1.09119,1.25518,0.0279,-0.02036,0.03765,1.08837,-0.64942,0.03905,-3.66729,0.34276,-0.1137,-0.04121,4.45723,1.12964,0.10684,-1.47396,0.38386,0.06784,0.01125
27.96,13.87344,6.11396,-0.16911,1.10234,0.29929,-0.02371,2.94388,-1.75453,-0.39254,0.36292,0.01526,0.10667,-0.02809,3.19894,1.22214,1.02766,1.27925,0.02421,-0.01564,0.04163,1.05797,-1.32292,0.22516,-3.54426,0.33967,-0.11511,-0.04189,3.92122,0.53642,0.20501,-1.62326,0.37929,0.06749,0.00868
27.98,16.16012,8.92799,-0.05148,1.56295,0.5027,-0.00607,2.70853,-1.78679,-0.33267,-0.03181,-0.02744,0.12843,0.02221,3.11343,1.11408,0.96597,1.30362,0.01971,-0.01074,0.04629,0.77079,-2.02482,0.45075,-3.43547,0.32981,-0.11616,-0.0433,3.43935,-0.03023,0.29261,-1.76483,0.37324,0.06812,0.00648
28,18.46015,11.53401,0.01431,1.98778,0.68235,0.01159,2.54475,-1.82833,-0.30933,-0.3701,-0.06965,0.14461,0.06915,3.0305,1.01942,0.90815,1.34651,0.01369,-0.00745,0.05386,0.38184,-2.67049,0.69522,-3.32358,0.31811,-0.11764,-0.04538,3.0275,-0.51314,0.36341,-1.8844,0.36745,0.06793,0.00427
28.02,20.84022,13.81229,0.07023,2.34728,0.81739,0.02907,2.47485,-1.86188,-0.32195,-0.60237,-0.10149,0.15978,0.1052,2.91915,0.96289,0.85487,1.43003,0.0054,-0.00774,0.06692,0.06551,-3.14504,0.92002,-3.21223,0.30924,-0.1198,-0.04762,2.70171,-0.85744,0.41082,-1.97073,0.36367,0.06484,0.00149
28.04,23.14661,15.82149,0.12839,2.6692,0.92101,0.04761,2.44851,-1.88491,-0.35972,-0.77098,-0.12502,0.17373,0.13308,2.81055,0.92342,0.80737,1.52851,-0.00367,-0.00944,0.08203,-0.25819,-3.48999,1.11942,-3.14877,0.29799,-0.12111,-0.04963,2.45813,-1.10347,0.4381,-2.03533,0.3607,0.06128,-0.00101
28.06,25.25132,17.59549,0.20012,2.97277,1.0003,0.06713,2.42513,-1.8985,-0.40599,-0.91032,-0.14432,0.18374,0.15629,2.72958,0.88533,0.76641,1.62079,-0.01224,-0.01083,0.09632,-0.65345,-3.75075,1.29248,-3.17762,0.28107,-0.12097,-0.05145,2.29697,-1.28982,0.4505,-2.08827,0.35741,0.05914,-0.00257
28.08,27.14242,19.10169,0.31186,3.25616,1.03994,0.08604,2.40303,-1.90867,-0.45417,-1.01872,-0.15576,0.1917,0.1727,2.67115,0.84972,0.73143,1.71325,-0.02056,-0.01232,0.1106,-1.04514,-3.89539,1.43002,-3.34815,0.25714,-0.11917,-0.05349,2.21632,-1.42589,0.45186,-2.13396,0.35424,0.0578,-0.00343
28.1,28.85223,20.15229,0.51527,3.50125,1.04219,0.10385,2.40449,-1.87735,-0.5036,-1.06936,-0.16154,0.19391,0.18178,2.61783,0.84082,0.70722,1.80242,-0.02795,-0.01439,0.12399,-1.25426,-3.87844,1.46638,-3.57849,0.23843,-0.11627,-0.05262,2.20921,-1.49582,0.44075,-2.15824,0.35172,0.05634,-0.00416
28.12,30.37963,20.5722,0.85601,3.69111,1.00993,0.11998,2.4451,-1.76834,-0.56139,-1.0499,-0.16965,0.18597,0.18841,2.54988,0.88612,0.70036,1.88317,-0.03365,-0.01769,0.13532,-1.19397,-3.62164,1.325,-3.7983,0.23719,-0.11256,-0.04522,2.26235,-1.49236,0.41681,-2.14637,0.35022,0.05384,-0.0054
28.14,31.70134,20.56739,1.2947,3.84823,0.94324,0.13326,2.48716,-1.62672,-0.6221,-1.01174,-0.17804,0.17426,0.19447,2.48379,0.95804,0.70639,1.95873,-0.03815,-0.02196,0.14534,-1.07142,-3.11784,1.05565,-4.10285,0.24025,-0.10613,-0.03373,2.36345,-1.46229,0.38932,-2.12162,0.34927,0.05076,-0.0069
28.16,32.82568,20.31258,1.78267,3.99303,0.8465,0.14273,2.51015,-1.4866,-0.6767,-0.99102,-0.18407,0.16411,0.20006,2.43884,1.03273,0.72081,2.03128,-0.04193,-0.02667,0.15472,-1.01764,-2.44303,0.72507,-4.55051,0.2364,-0.09642,-0.02139,2.49408,-1.44841,0.36577,-2.10482,0.34841,0.04782,-0.00828
28.18,33.80484,19.83848,2.29503,4.12287,0.73589,0.14896,2.53196,-1.34057,-0.73129,-0.97932,-0.18975,0.15523,0.20586,2.40934,1.12164,0.74725,2.10025,-0.0449,-0.03207,0.16337,-1.00435,-1.63081,0.34604,-5.08553,0.22858,-0.08566,-0.00958,2.62308,-1.47063,0.3491,-2.0953,0.34777,0.04472,-0.0097
28.2,34.68689,19.00559,2.78963,4.23042,0.60033,0.14922,2.55987,-1.19663,-0.78139,-0.972,-0.19531,0.14695,0.21211,2.40738,1.20598,0.77893,2.16969,-0.04748,-0.03788,0.17157,-1.19457,-0.70179,-0.06919,-5.64441,0.21789,-0.06995,0.00435,2.74812,-1.48208,0.33266,-2.09655,0.34723,0.04126,-0.01117
28.22,35.53668,17.66706,3.20501,4.31385,0.4277,0.14069,2.60485,-1.05587,-0.8226,-0.96916,-0.20083,0.13767,0.21912,2.44988,1.26086,0.80351,2.24608,-0.0504,-0.04331,0.17973,-1.82195,0.30461,-0.47842,-6.14924,0.20413,-0.04313,0.02492,2.86817,-1.43584,0.3094,-2.11292,0.34662,0.03739,-0.01263
28.24,36.42776,16.09979,3.4751,4.37696,0.26002,0.12722,2.68058,-0.93127,-0.85942,-0.9574,-0.20517,0.12976,0.22457,2.52871,1.29878,0.82727,2.32689,-0.05353,-0.0486,0.18795,-2.77524,1.17526,-0.7873,-6.5894,0.18503,-0.01395,0.04386,2.93566,-1.38669,0.28655,-2.14902,0.34594,0.03324,-0.01397
28.26,37.4409,14.52807,3.54451,4.42969,0.13097,0.11196,2.79651,-0.83001,-0.89267,-0.93154,-0.2079,0.1261,0.22718,2.6332,1.3283,0.8533,2.40795,-0.05674,-0.05368,0.19617,-3.79831,1.68781,-0.94673,-6.96068,0.16152,0.00846,0.0533,2.91358,-1.38401,0.27112,-2.20867,0.34518,0.02901,-0.01513
28.28,38.64386,12.85049,3.38617,4.49237,0.03776,0.09398,2.9643,-0.72363,-0.92885,-0.90687,-0.21124,0.12386,0.22908,2.75885,1.34492,0.86729,2.48984,-0.06041,-0.05733,0.20426,-4.74741,1.75749,-0.94572,-7.16955,0.14077,0.02521,0.05558,2.79954,-1.42489,0.26298,-2.28898,0.34432,0.02475,-0.01619
28.3,39.96746,11.29468,2.98931,4.51398,-0.00951,0.07484,3.15599,-0.68757,-0.94183,-0.8412,-0.20961,0.13068,0.22408,2.9051,1.33537,0.88799,2.56558,-0.06386,-0.06114,0.21192,-5.62803,1.34036,-0.82567,-7.30408,0.11905,0.03043,0.04594,2.59322,-1.43978,0.25167,-2.39343,0.3433,0.02023,-0.01693
28.32,41.24608,10.16018,2.40219,4.42361,-0.01595,0.0548,3.31901,-0.83178,-0.90262,-0.67555,-0.19718,0.15329,0.20671,3.0767,1.28197,0.94831,2.62755,-0.06612,-0.06795,0.21893,-6.50979,0.58907,-0.67705,-7.49782,0.09112,0.02112,0.02261,2.31033,-1.36114,0.2276,-2.52325,0.34209,0.01475,-0.01749
28.34,42.33063,9.15896,1.72886,4.27688,-0.01035,0.03131,3.44314,-1.07146,-0.85838,-0.46343,-0.18365,0.176,0.18788,3.26299,1.20817,1.02518,2.67666,-0.06776,-0.07546,0.2251,-7.14187,-0.31726,-0.51346,-7.60296,0.06966,0.0056,-0.00481,1.98302,-1.24007,0.20001,-2.66121,0.34094,0.00875,-0.01822
28.36,43.21738,8.0463,1.04543,4.12948,-0.01165,0.00391,3.54515,-1.29256,-0.83486,-0.26794,-0.17614,0.19207,0.17547,3.45171,1.13925,1.09665,2.71442,-0.06919,-0.08163,0.23019,-7.30645,-1.28629,-0.33351,-7.48924,0.06397,-0.01104,-0.02972,1.63044,-1.1176,0.17621,-2.79282,0.34012,0.0026,-0.01933
28.38,43.88919,6.91196,0.41705,3.94694,-0.03184,-0.02654,3.56609,-1.5478,-0.81815,-0.06472,-0.17237,0.20322,0.16738,3.63099,1.07389,1.17793,2.74183,-0.06984,-0.08883,0.23433,-7.06286,-2.232,-0.16419,-7.1688,0.07104,-0.02819,-0.05119,1.26929,-0.97356,0.1535,-2.91186,0.33982,-0.00474,-0.02149
28.4,44.06173,5.58742,-0.11749,3.76159,-0.06789,-0.05765,3.55328,-1.73335,-0.8085,0.10282,-0.17121,0.21027,0.1627,3.79934,1.02904,1.25401,2.74272,-0.06959,-0.09388,0.2359,-6.50337,-2.87229,-0.04475,-6.76179,0.08926,-0.04367,-0.06662,0.94933,-0.76098,0.12486,-3.01075,0.34008,-0.01089,-0.02322
28.42,43.54944,3.8045,-0.54427,3.62702,-0.10883,-0.08688,3.6278,-1.72372,-0.79699,0.1879,-0.16579,0.21919,0.15462,3.95408,1.02008,1.3008,2.69987,-0.0684,-0.09252,0.23304,-5.81061,-2.9478,0.00623,-6.4294,0.11572,-0.0553,-0.07386,0.72619,-0.43627,0.08336,-3.08435,0.34094,-0.0132,-0.02289
28.44,42.65035,1.73405,-0.84259,3.50492,-0.15912,-0.11351,3.72127,-1.63949,-0.77408,0.24236,-0.15238,0.22985,0.13942,4.06736,1.03664,1.3328,2.62423,-0.06571,-0.08894,0.22655,-5.02941,-2.6936,0.01735,-6.08929,0.14646,-0.0635,-0.0746,0.5898,-0.03736,0.03303,-3.12655,0.3425,-0.01419,-0.02225
28.46,41.59798,-0.445,-1.00667,3.36519,-0.2234,-0.13734,3.75874,-1.57227,-0.73594,0.30238,-0.13132,0.24059,0.11751,4.1228,1.06809,1.36175,2.52963,-0.06129,-0.08655,0.21754,-4.14148,-2.33826,0.01223,-5.65846,0.17908,-0.06928,-0.07108,0.52407,0.41011,-0.02465,-3.13433,0.3448,-0.01584,-0.02263
28.48,40.36519,-2.80551,-1.0452,3.22339,-0.3029,-0.15871,3.75785,-1.5021,-0.6833,0.35294,-0.10395,0.25406,0.08995,4.12298,1.11023,1.37981,2.42027,-0.05552,-0.08453,0.20637,-3.23369,-1.87474,-0.00936,-5.22646,0.21035,-0.07328,-0.06479,0.55063,0.93333,-0.09647,-3.11295,0.34771,-0.01786,-0.02373
28.5,38.82248,-5.12462,-0.98365,3.06731,-0.37395,-0.1737,3.76595,-1.40408,-0.61878,0.4175,-0.06495,0.26326,0.05158,4.07575,1.16843,1.38885,2.27654,-0.04767,-0.08144,0.19094,-2.38178,-1.33895,-0.04643,-4.79098,0.23865,-0.07527,-0.05649,0.64634,1.52371,-0.18353,-3.05288,0.35101,-0.01764,-0.02372
28.52,36.93973,-7.13679,-0.87578,2.89448,-0.41106,-0.17883,3.84884,-1.24297,-0.55089,0.5609,-0.00931,0.25871,-0.0057,3.99041,1.24543,1.39049,2.07463,-0.03673,-0.07604,0.1688,-1.64235,-0.74365,-0.09934,-4.32596,0.2638,-0.0747,-0.04644,0.76626,2.1631,-0.28368,-2.94764,0.35437,-0.01252,-0.02076
28.54,34.96017,-8.87616,-0.76872,2.72064,-0.43211,-0.17805,3.98026,-1.03387,-0.50749,0.77866,0.04819,0.24359,-0.0713,3.87818,1.32106,1.38322,1.8439,-0.02399,-0.06996,0.14294,-1.01772,-0.10536,-0.16233,-3.89473,0.28473,-0.07258,-0.03593,0.91497,2.85861,-0.39828,-2.81802,0.35759,-0.00499,-0.01636
28.56,33.01573,-10.36623,-0.68038,2.5533,-0.4521,-0.17469,4.10707,-0.81421,-0.50918,1.01747,0.09517,0.22133,-0.13178,3.75084,1.38219,1.36973,1.615,-0.0108,-0.06466,0.11657,-0.49345,0.5428,-0.22923,-3.53626,0.3009,-0.06998,-0.02602,1.09775,3.60473,-0.52677,-2.68426,0.36038,0.00259,-0.01191
28.58,30.99813,-11.53425,-0.63695,2.39115,-0.46654,-0.16865,4.23901,-0.57542,-0.57483,1.26251,0.12913,0.18763,-0.18516,3.61291,1.42987,1.34962,1.38488,0.00288,-0.05992,0.08978,-0.09091,1.20272,-0.30124,-3.24849,0.3127,-0.06711,-0.01688,1.29406,4.38061,-0.66549,-2.55927,0.36205,0.01074,-0.00684
28.6,29.12227,-12.10531,-0.65018,2.24959,-0.44996,-0.15743,4.36322,-0.34196,-0.70235,1.47133,0.14815,0.14476,-0.2278,3.49301,1.45624,1.33061,1.16486,0.01592,-0.05531,0.0636,0.21006,1.8313,-0.37066,-3.02253,0.32063,-0.06347,-0.00852,1.45982,5.12555,-0.79891,-2.43242,0.36327,0.01942,-0.00149
28.62,27.64099,-11.82469,-0.72572,2.14293,-0.37289,-0.13795,4.46186,-0.15414,-0.87559,1.60892,0.15398,0.09875,-0.25846,3.41922,1.44977,1.32024,0.96709,0.02758,-0.04966,0.03913,0.43438,2.38537,-0.42919,-2.8447,0.32542,-0.05845,-0.00083,1.53571,5.77153,-0.90566,-2.2882,0.36489,0.02846,0.00343
28.64,26.30315,-10.99893,-0.8451,2.06667,-0.25896,-0.11339,4.52023,-0.0135,-1.07688,1.6562,0.1471,0.05098,-0.27563,3.36953,1.42008,1.3111,0.79297,0.03815,-0.04353,0.0175,0.56743,2.88849,-0.48139,-2.71957,0.32752,-0.05305,0.00586,1.53949,6.31338,-0.9863,-2.15662,0.3656,0.03687,0.00776
28.66,24.91475,-9.94927,-0.97755,2.01393,-0.13307,-0.08696,4.52393,0.0758,-1.27832,1.61268,0.13005,0.00457,-0.27968,3.32902,1.37515,1.29866,0.643,0.04738,-0.03783,-0.00058,0.61011,3.36153,-0.53165,-2.64999,0.32737,-0.04809,0.01141,1.49514,6.76371,-1.04728,-2.06266,0.36445,0.04414,0.01183
28.68,23.5198,-8.63714,-1.1205,1.97913,0.01323,-0.05779,4.46933,0.09263,-1.46372,1.49757,0.10894,-0.03157,-0.27722,3.30939,1.30631,1.28607,0.513,0.05533,-0.0319,-0.01576,0.58131,3.80354,-0.57957,-2.62394,0.32555,-0.0431,0.01624,1.36888,7.11543,-1.08481,-1.99825,0.36174,0.05141,0.01624
28.7,22.36049,-7.22308,-1.22186,1.99006,0.1683,-0.02669,4.38294,0.08085,-1.58726,1.32368,0.08112,-0.06631,-0.25946,3.29862,1.24581,1.27366,0.42218,0.06048,-0.02696,-0.02543,0.50583,4.18394,-0.61927,-2.62636,0.32265,-0.03869,0.02001,1.22859,7.35739,-1.09997,-1.9615,0.35831,0.05624,0.01981
28.72,21.68623,-5.82705,-1.24465,2.07589,0.31429,0.00523,4.3071,0.09601,-1.65485,1.11696,0.04514,-0.11891,-0.21574,3.28394,1.23153,1.26091,0.38791,0.06117,-0.02418,-0.02724,0.40457,4.47328,-0.64508,-2.64121,0.31926,-0.03561,0.02233,1.15315,7.50729,-1.09973,-1.95254,0.35515,0.05599,0.02135
28.74,21.26795,-4.36321,-1.22763,2.19727,0.45566,0.03783,4.23181,0.09126,-1.72558,0.9004,0.01284,-0.17246,-0.16026,3.2769,1.236,1.24955,0.38631,0.05918,-0.02219,-0.02455,0.28273,4.70579,-0.66316,-2.6666,0.31568,-0.03313,0.02389,1.07025,7.61152,-1.09085,-1.96401,0.3519,0.05425,0.02283
28.76,20.8982,-2.82218,-1.18764,2.3219,0.59791,0.07079,4.15014,0.04302,-1.81248,0.69489,-0.00965,-0.21394,-0.10993,3.28694,1.23746,1.24227,0.39644,0.05613,-0.02018,-0.02013,0.13923,4.9151,-0.67923,-2.70237,0.31208,-0.03068,0.02527,0.9271,7.70533,-1.07977,-1.99017,0.34822,0.05374,0.02564
28.78,20.60348,-1.26717,-1.10395,2.4589,0.73989,0.10422,4.08722,-0.0222,-1.92101,0.50666,-0.02279,-0.2491,-0.06013,3.31415,1.251,1.24186,0.41447,0.05221,-0.01848,-0.01433,-0.02996,5.10737,-0.693,-2.73853,0.30872,-0.02835,0.02652,0.75323,7.81401,-1.07317,-2.02707,0.34459,0.05352,0.02918
28.8,20.50327,0.15995,-0.95525,2.59296,0.86085,0.13386,4.024,-0.09336,-2.01383,0.34422,-0.02812,-0.27224,-0.01725,3.34718,1.27836,1.24961,0.45659,0.04686,-0.01807,-0.00584,-0.19032,5.25799,-0.70231,-2.77991,0.3057,-0.02635,0.02749,0.57791,7.91388,-1.06834,-2.06335,0.34133,0.0539,0.033
28.82,20.70786,1.33418,-0.72221,2.70648,0.94158,0.15533,3.92844,-0.14963,-2.04517,0.20335,-0.03232,-0.28246,0.00939,3.37377,1.31875,1.26713,0.54071,0.03951,-0.02014,0.0068,-0.30163,5.34752,-0.70644,-2.83291,0.30313,-0.0248,0.02815,0.43181,7.97427,-1.06153,-2.08493,0.33877,0.05539,0.03677
28.84,21.07397,2.25031,-0.41615,2.80878,0.99336,0.1707,3.83354,-0.18021,-2.04913,0.07854,-0.03513,-0.28721,0.02739,3.40367,1.37551,1.29571,0.64078,0.03156,-0.02395,0.02098,-0.39909,5.41122,-0.70879,-2.88701,0.30107,-0.02343,0.02877,0.31218,8.03343,-1.05986,-2.09412,0.33701,0.05739,0.04033
28.86,21.4739,2.94393,-0.05635,2.90627,1.02828,0.18259,3.76542,-0.18519,-2.05387,-0.02938,-0.03431,-0.28914,0.04213,3.44597,1.44868,1.33594,0.73293,0.02426,-0.02863,0.03426,-0.51656,5.47866,-0.71206,-2.93434,0.2995,-0.02198,0.0296,0.20862,8.12112,-1.06779,-2.09417,0.33598,0.05954,0.04361
28.88,21.92635,3.482,0.34637,2.99473,1.05094,0.19161,3.712,-0.15916,-2.05165,-0.12648,-0.03104,-0.28815,0.05371,3.49407,1.53944,1.38785,0.81985,0.0175,-0.03451,0.04699,-0.64885,5.54931,-0.71636,-2.97493,0.29839,-0.02042,0.03067,0.13235,8.22926,-1.08295,-2.08068,0.33579,0.06183,0.0464
28.9,22.44687,3.59632,0.77973,3.06536,1.03274,0.19339,3.68148,-0.10751,-2.03413,-0.2078,-0.02707,-0.28466,0.06066,3.54725,1.63707,1.44584,0.90312,0.01146,-0.0411,0.05873,-0.77716,5.60366,-0.72051,-3.01608,0.29762,-0.01903,0.03167,0.09423,8.32558,-1.09924,-2.05366,0.33636,0.06394,0.04839
28.92,23.04367,2.99753,1.22948,3.11137,0.94255,0.1832,3.68721,-0.03391,-1.99514,-0.27062,-0.02463,-0.28034,0.06219,3.60758,1.72687,1.50239,0.98547,0.00624,-0.04762,0.06903,-0.88205,5.62052,-0.72319,-3.06589,0.29706,-0.01806,0.0323,0.10103,8.37295,-1.10949,-2.01361,0.33756,0.06552,0.0493
28.94,23.64124,2.05946,1.66991,3.13611,0.82127,0.16718,3.71539,0.06347,-1.94781,-0.32427,-0.02252,-0.27628,0.0619,3.6715,1.81387,1.55917,1.06285,0.00176,-0.05416,0.07813,-0.98184,5.61895,-0.72583,-3.11719,0.29669,-0.0173,0.03276,0.14987,8.3911,-1.11522,-1.96143,0.33935,0.06661,0.04927
28.96,24.18306,1.10669,2.07904,3.14542,0.70451,0.15084,3.7558,0.17932,-1.90544,-0.37481,-0.01897,-0.27248,0.06239,3.73671,1.90348,1.61808,1.12988,-0.00198,-0.06071,0.0861,-1.09617,5.61678,-0.72971,-3.16345,0.29651,-0.01652,0.03331,0.23427,8.40072,-1.11801,-1.89796,0.34169,0.06727,0.04849
28.98,24.68717,0.07025,2.45037,3.14388,0.58273,0.13299,3.8094,0.30433,-1.86807,-0.42549,-0.01427,-0.26893,0.06332,3.80341,1.98901,1.67522,1.18934,-0.00512,-0.06686,0.09303,-1.22269,5.61048,-0.73463,-3.20723,0.29643,-0.01541,0.03407,0.34967,8.39122,-1.11418,-1.82053,0.34455,0.06731,0.04695
29,25.05983,-0.97697,2.75772,3.11535,0.4692,0.11508,3.87392,0.43379,-1.834,-0.46508,-0.00994,-0.26637,0.06392,3.86694,2.06548,1.72787,1.23982,-0.00763,-0.07241,0.09882,-1.34617,5.58699,-0.7396,-3.25147,0.29638,-0.01506,0.03432,0.50616,8.3551,-1.10431,-1.74149,0.34758,0.067,0.04491
29.02,25.18894,-1.93508,2.97554,3.04147,0.38027,0.09901,3.94651,0.5646,-1.80139,-0.48042,-0.00783,-0.26582,0.06324,3.92122,2.12828,1.77336,1.27956,-0.00945,-0.07728,0.10335,-1.45334,5.53659,-0.74402,-3.29837,0.29628,-0.01676,0.03327,0.71208,8.28615,-1.09042,-1.67577,0.3504,0.06679,0.04269
29.04,25.16062,-2.84527,3.12226,2.94494,0.30455,0.08406,4.0236,0.68829,-1.77378,-0.48445,-0.00674,-0.26621,0.06194,3.96804,2.17762,1.81074,1.31107,-0.01079,-0.08123,0.10687,-1.55767,5.47082,-0.74849,-3.34704,0.29609,-0.0192,0.03173,0.95057,8.18991,-1.07051,-1.61174,0.35323,0.06635,0.04026
29.06,25.05937,-3.72112,3.21356,2.84606,0.23459,0.06988,4.10021,0.79842,-1.75363,-0.48874,-0.00539,-0.26653,0.06078,4.00847,2.2154,1.84001,1.33686,-0.01185,-0.08421,0.10971,-1.67342,5.40429,-0.75389,-3.39517,0.29581,-0.02123,0.0304,1.2046,8.07601,-1.04369,-1.54001,0.35624,0.06546,0.03756
29.08,24.86294,-4.53492,3.24317,2.74092,0.17329,0.05668,4.17129,0.89145,-1.73759,-0.4899,-0.00449,-0.26693,0.05926,4.03764,2.23926,1.859,1.35947,-0.01272,-0.08625,0.11211,-1.8036,5.33703,-0.75999,-3.44188,0.29545,-0.02339,0.02899,1.4709,7.94589,-1.01162,-1.46577,0.35926,0.06443,0.03479
29.1,24.56821,-5.33055,3.23405,2.63374,0.11837,0.04485,4.23796,0.97182,-1.72682,-0.48481,-0.00418,-0.26735,0.05743,4.05856,2.25489,1.87113,1.37207,-0.01313,-0.08739,0.1134,-1.9278,5.2578,-0.76576,-3.49302,0.29486,-0.02539,0.02755,1.7534,7.7955,-0.97493,-1.39149,0.36223,0.06297,0.03187
29.12,24.18728,-6.15387,3.21466,2.52853,0.06766,0.03483,4.30267,1.04781,-1.72302,-0.46964,-0.00455,-0.26776,0.05538,4.07479,2.2705,1.88115,1.36703,-0.01279,-0.08772,0.11287,-2.02427,5.15345,-0.76992,-3.55559,0.29384,-0.02679,0.02619,2.05539,7.62416,-0.93469,-1.3183,0.36513,0.06078,0.0287
29.14,23.73209,-6.97185,3.17718,2.42691,0.02112,0.02606,4.3583,1.11346,-1.72168,-0.44858,-0.00555,-0.26804,0.05298,4.08045,2.28143,1.88525,1.35243,-0.01198,-0.08736,0.11125,-2.1157,5.03733,-0.77296,-3.62209,0.29255,-0.02801,0.02481,2.36463,7.44072,-0.89272,-1.24599,0.36793,0.05831,0.02548
29.16,23.22267,-7.75702,3.11788,2.3306,-0.0223,0.01793,4.39841,1.16412,-1.71912,-0.42666,-0.00696,-0.26802,0.05026,4.07037,2.28485,1.88064,1.33582,-0.01095,-0.0865,0.10927,-2.22252,4.92459,-0.77608,-3.68639,0.29116,-0.02929,0.02337,2.66916,7.25651,-0.85076,-1.17324,0.37062,0.05595,0.0224
29.18,22.6857,-8.50774,3.05018,2.23435,-0.06244,0.01056,4.42189,1.20617,-1.71406,-0.40114,-0.00897,-0.26774,0.04707,4.04192,2.28647,1.86944,1.31758,-0.00981,-0.08534,0.10705,-2.33473,4.81501,-0.77956,-3.75043,0.28974,-0.03052,0.02193,2.9614,7.08508,-0.81134,-1.10084,0.37322,0.05379,0.01954
29.2,22.07559,-9.26908,2.98355,2.15705,-0.10094,0.00385,4.43428,1.23612,-1.70907,-0.37959,-0.0107,-0.26705,0.04437,4.0085,2.28212,1.8532,1.29064,-0.00801,-0.08379,0.10367,-2.45594,4.70256,-0.78181,-3.81401,0.28798,-0.0317,0.02041,3.26021,6.90238,-0.77164,-1.02776,0.37568,0.05149,0.01663
29.22,21.33984,-10.1032,2.92652,2.12131,-0.1408,-0.00254,4.44348,1.24968,-1.70738,-0.37117,-0.01108,-0.26579,0.04322,3.98559,2.26611,1.83335,1.24749,-0.00499,-0.08169,0.09816,-2.59494,4.58184,-0.78098,-3.87659,0.2855,-0.03291,0.01866,3.58722,6.67679,-0.72786,-0.95246,0.37792,0.04861,0.01333
29.24,20.54659,-10.95473,2.87852,2.10525,-0.17914,-0.00857,4.44447,1.25621,-1.70486,-0.36895,-0.01088,-0.26413,0.04284,3.96095,2.24612,1.8108,1.1965,-0.00143,-0.0794,0.09164,-2.74145,4.46691,-0.77945,-3.93893,0.28268,-0.03402,0.01689,3.91473,6.44569,-0.68514,-0.87694,0.37999,0.04565,0.01004
29.26,19.75278,-11.77157,2.83549,2.08955,-0.21357,-0.01421,4.43384,1.26225,-1.69858,-0.36747,-0.01072,-0.26225,0.04252,3.92603,2.22802,1.78634,1.14576,0.0021,-0.07718,0.08518,-2.88633,4.36984,-0.77923,-4.00061,0.27991,-0.035,0.01524,4.22075,6.24027,-0.64726,-0.80262,0.38195,0.04302,0.00709
29.28,18.93732,-12.62397,2.80373,2.07848,-0.2489,-0.02008,4.41764,1.26888,-1.69031,-0.37007,-0.01023,-0.26011,0.04255,3.88882,2.21131,1.76189,1.09411,0.00573,-0.07509,0.07852,-3.02996,4.2955,-0.7806,-4.0612,0.27708,-0.03613,0.01353,4.51198,6.05909,-0.61383,-0.72795,0.38378,0.04064,0.00448
29.3,18.10813,-13.38066,2.76857,2.07321,-0.2752,-0.02487,4.39482,1.27208,-1.68069,-0.37662,-0.00926,-0.25788,0.04333,3.85356,2.19386,1.73786,1.03996,0.00934,-0.07291,0.07179,-3.16445,4.23099,-0.78132,-4.12255,0.2742,-0.03671,0.01217,4.79276,5.88275,-0.58162,-0.65705,0.38549,0.03839,0.00206
29.32,17.26046,-13.88401,2.71091,2.07393,-0.28001,-0.0269,4.36342,1.26632,-1.67054,-0.38653,-0.00768,-0.25571,0.04536,3.82507,2.17237,1.71439,0.98116,0.01279,-0.0704,0.06515,-3.2795,4.16119,-0.77866,-4.1867,0.27125,-0.03598,0.01162,5.06623,5.69148,-0.54716,-0.59582,0.38708,0.03623,-0.00032
29.34,16.40308,-14.3019,2.64913,2.07656,-0.2772,-0.02796,4.33039,1.25796,-1.66066,-0.40066,-0.00558,-0.25359,0.0482,3.80502,2.15103,1.69365,0.92208,0.01609,-0.06793,0.0587,-3.37616,4.10075,-0.77473,-4.25128,0.26833,-0.03475,0.01142,5.33031,5.50706,-0.51326,-0.54001,0.38852,0.03424,-0.00241
29.36,15.54817,-14.77738,2.60083,2.07697,-0.27935,-0.02967,4.30116,1.25277,-1.65142,-0.41884,-0.00307,-0.25154,0.05145,3.79417,2.13406,1.67772,0.86665,0.01921,-0.06584,0.05264,-3.45149,4.06247,-0.77166,-4.31414,0.26552,-0.03374,0.01117,5.58088,5.35189,-0.48309,-0.48646,0.38983,0.0326,-0.00394
29.38,14.65569,-15.28357,2.56289,2.07827,-0.28359,-0.03146,4.27678,1.24846,-1.64368,-0.44074,-2e-05,-0.24965,0.05538,3.79773,2.11916,1.66717,0.81144,0.02222,-0.06397,0.04678,-3.49714,4.04202,-0.76894,-4.37638,0.2627,-0.03281,0.01092,5.81679,5.2192,-0.45576,-0.4391,0.39091,0.03135,-0.00489
29.4,13.8722,-15.79697,2.53911,2.07593,-0.29389,-0.03395,4.25709,1.24684,-1.63683,-0.46499,0.00311,-0.248,0.05937,3.80646,2.11166,1.6616,0.76593,0.02473,-0.06263,0.04195,-3.51685,4.02414,-0.76414,-4.4361,0.26025,-0.03171,0.01087,6.04473,5.10778,-0.43148,-0.39503,0.39185,0.03037,-0.00532
29.42,13.35927,-16.29646,2.5334,2.06322,-0.31538,-0.03798,4.24157,1.24993,-1.63007,-0.49026,0.00585,-0.24672,0.06271,3.80948,2.1182,1.66049,0.74155,0.0263,-0.06211,0.03912,-3.51362,3.99008,-0.75429,-4.49127,0.25861,-0.03015,0.01123,6.27056,5.02111,-0.41166,-0.35073,0.39275,0.02948,-0.00526
29.44,12.97128,-16.82207,2.54487,2.04825,-0.34591,-0.04294,4.23279,1.2558,-1.62479,-0.51624,0.00853,-0.24583,0.06587,3.81642,2.13262,1.66409,0.72709,0.02742,-0.0621,0.03731,-3.481,3.95011,-0.74138,-4.54337,0.25738,-0.02846,0.01176,6.4852,4.95903,-0.39686,-0.31116,0.39336,0.02898,-0.00463
29.46,12.57857,-17.41066,2.57196,2.03741,-0.38363,-0.04836,4.23281,1.26276,-1.62203,-0.5429,0.01142,-0.24527,0.06928,3.83422,2.1493,1.67211,0.71316,0.02846,-0.0623,0.03569,-3.41374,3.91266,-0.72723,-4.59399,0.25617,-0.02696,0.0122,6.67957,4.92382,-0.38815,-0.28075,0.39346,0.02909,-0.00333
29.48,12.20032,-18.06462,2.61328,2.02573,-0.42934,-0.05444,4.241,1.27046,-1.62124,-0.57046,0.01442,-0.24499,0.07285,3.85746,2.16976,1.68381,0.70259,0.02933,-0.06284,0.03453,-3.30803,3.87077,-0.711,-4.64385,0.25505,-0.02544,0.01268,6.85418,4.92707,-0.38855,-0.25947,0.39297,0.02986,-0.00131
29.5,11.91308,-18.7376,2.66854,2.02258,-0.48094,-0.06073,4.25753,1.28066,-1.62304,-0.5954,0.01717,-0.24513,0.07595,3.88384,2.19217,1.6973,0.69423,0.03012,-0.06347,0.03353,-3.19183,3.8185,-0.69147,-4.69099,0.25409,-0.02418,0.01304,7.00957,4.93397,-0.39265,-0.24576,0.39182,0.03097,0.00092
29.52,11.8009,-19.39226,2.74101,2.03978,-0.53659,-0.06678,4.28257,1.29572,-1.62821,-0.61447,0.01937,-0.24584,0.07794,3.91186,2.21483,1.71076,0.68613,0.03099,-0.0639,0.03228,-3.09784,3.75012,-0.66733,-4.73285,0.25341,-0.02349,0.01303,7.15272,4.89822,-0.39287,-0.23689,0.38993,0.03198,0.00272
29.54,11.76444,-20.03883,2.8249,2.06492,-0.59437,-0.07253,4.31476,1.31236,-1.63588,-0.63033,0.02126,-0.24692,0.07938,3.94007,2.23757,1.72441,0.67928,0.03181,-0.06431,0.03108,-3.00551,3.66943,-0.63986,-4.77375,0.25276,-0.02305,0.01288,7.2786,4.85292,-0.39561,-0.23547,0.38723,0.03312,0.00435
29.56,11.71126,-20.69698,2.91699,2.08794,-0.65273,-0.07789,4.35267,1.32811,-1.64517,-0.64556,0.02307,-0.24815,0.08079,3.96802,2.26017,1.73853,0.67369,0.03252,-0.06486,0.03009,-2.89745,3.58142,-0.61041,-4.81754,0.25188,-0.02262,0.01276,7.38911,4.82249,-0.40548,-0.24268,0.38369,0.03447,0.00594
29.58,11.67042,-21.38316,3.0246,2.11186,-0.71244,-0.08285,4.39492,1.34443,-1.65585,-0.66099,0.02496,-0.2495,0.08213,3.99479,2.28292,1.75237,0.66843,0.0332,-0.06541,0.02907,-2.78391,3.48446,-0.57857,-4.86236,0.25092,-0.02219,0.0127,7.50498,4.78046,-0.41817,-0.25503,0.37943,0.03557,0.007
29.6,11.63612,-21.94429,3.12677,2.13376,-0.76289,-0.08617,4.43979,1.35808,-1.66795,-0.67101,0.0262,-0.25101,0.0829,4.01928,2.30223,1.76517,0.666,0.03358,-0.06599,0.02853,-2.67865,3.37928,-0.54524,-4.91324,0.24942,-0.02201,0.0125,7.59768,4.73069,-0.43259,-0.27395,0.3746,0.03663,0.0075
29.62,11.60616,-22.21755,3.20023,2.15061,-0.79269,-0.08655,4.48532,1.36587,-1.68128,-0.66901,0.02595,-0.25278,0.08251,4.04036,2.31451,1.77639,0.6694,0.0333,-0.06668,0.02911,-2.58921,3.26462,-0.51106,-4.9762,0.24692,-0.02223,0.01201,7.64227,4.6765,-0.44693,-0.29942,0.36949,0.03776,0.00736
29.64,11.59269,-22.3222,3.26536,2.16431,-0.80948,-0.08492,4.52919,1.37023,-1.69489,-0.66112,0.02503,-0.25455,0.0815,4.05796,2.32287,1.78605,0.67621,0.03266,-0.06737,0.03024,-2.50984,3.14211,-0.47637,-5.04539,0.24392,-0.02268,0.0114,7.67985,4.59754,-0.45805,-0.32652,0.36442,0.03845,0.00626
29.66,11.60774,-22.37006,3.34103,2.17626,-0.82036,-0.08216,4.56884,1.37361,-1.7076,-0.65265,0.02409,-0.25612,0.08035,4.0716,2.33064,1.79428,0.68427,0.03193,-0.06801,0.03142,-2.42933,3.01369,-0.4419,-5.11574,0.2409,-0.0231,0.01089,7.75315,4.48041,-0.46322,-0.34845,0.35979,0.03817,0.00391
29.68,11.69073,-22.34649,3.42769,2.18834,-0.82443,-0.07828,4.60141,1.37716,-1.71809,-0.64146,0.0229,-0.2575,0.07887,4.07962,2.33896,1.80134,0.6942,0.03107,-0.06869,0.03279,-2.33089,2.8717,-0.40703,-5.1875,0.23802,-0.02318,0.01071,7.89032,4.31131,-0.45775,-0.35576,0.35614,0.03647,-3e-05
29.7,11.80688,-22.07958,3.49771,2.19803,-0.81127,-0.0723,4.62615,1.37454,-1.72799,-0.62672,0.02134,-0.25857,0.07702,4.08372,2.34283,1.80592,0.70777,0.02996,-0.06923,0.03453,-2.25531,2.72364,-0.37475,-5.25742,0.23511,-0.02391,0.01007,7.99706,4.12788,-0.44737,-0.36698,0.35345,0.0348,-0.00429
29.72,11.91611,-21.39051,3.52128,2.20279,-0.7699,-0.06318,4.64297,1.35986,-1.73943,-0.60717,0.01925,-0.25927,0.07467,4.0855,2.33823,1.80687,0.7268,0.02845,-0.06949,0.03688,-2.25077,2.57432,-0.34741,-5.31984,0.23198,-0.02652,0.00794,7.96108,3.97679,-0.43839,-0.4014,0.35169,0.03488,-0.00733
29.74,12.11556,-20.41295,3.52099,2.21054,-0.70962,-0.05222,4.64912,1.33899,-1.74959,-0.58321,0.0167,-0.25964,0.07188,4.08267,2.32985,1.80525,0.75011,0.02673,-0.0696,0.0396,-2.26248,2.39946,-0.32033,-5.37284,0.22925,-0.02994,0.00506,7.88086,3.81502,-0.42242,-0.43748,0.35138,0.03535,-0.01002
29.76,12.4857,-19.28365,3.51798,2.22803,-0.63953,-0.04069,4.64246,1.31811,-1.75605,-0.55537,0.0138,-0.25975,0.0687,4.07283,2.32298,1.80212,0.77614,0.02497,-0.06968,0.04244,-2.24253,2.18497,-0.29056,-5.41203,0.22767,-0.03322,0.00212,7.83833,3.61003,-0.39278,-0.45562,0.35292,0.03509,-0.0131
29.78,13.04001,-17.97545,3.50539,2.25636,-0.55762,-0.02848,4.62324,1.29966,-1.75927,-0.52054,0.01027,-0.25969,0.0648,4.05403,2.32151,1.79784,0.80511,0.02316,-0.06978,0.04549,-2.19879,1.93662,-0.25942,-5.42812,0.22771,-0.03668,-0.00112,7.80358,3.37447,-0.3486,-0.45198,0.35649,0.03439,-0.01626
29.8,13.73959,-16.37441,3.45701,2.29675,-0.46004,-0.0157,4.59236,1.27097,-1.76057,-0.48509,0.0066,-0.25929,0.0609,4.03407,2.30971,1.78952,0.83779,0.02127,-0.06945,0.04865,-2.14385,1.64154,-0.22498,-5.42361,0.22898,-0.04057,-0.00501,7.69702,3.12657,-0.30314,-0.46446,0.36086,0.03484,-0.01793
29.82,14.52866,-14.36745,3.34384,2.34835,-0.34309,-0.00251,4.55151,1.21704,-1.76158,-0.45667,0.00334,-0.25842,0.05786,4.02138,2.26901,1.77352,0.87489,0.01925,-0.06812,0.05181,-2.09966,1.29242,-0.18604,-5.401,0.23118,-0.04521,-0.00995,7.43488,2.87399,-0.2694,-0.53327,0.36436,0.03807,-0.01665
29.84,15.44347,-12.10276,3.18601,2.41226,-0.21367,0.01067,4.50184,1.15173,-1.7617,-0.42816,2e-05,-0.25737,0.05493,4.00786,2.21577,1.75244,0.91389,0.01722,-0.06621,0.05492,-2.03824,0.91732,-0.14676,-5.34593,0.23519,-0.05004,-0.01531,7.07734,2.5873,-0.23335,-0.62616,0.36761,0.04224,-0.01418
29.86,16.50217,-9.72579,3.00254,2.48768,-0.07863,0.02345,4.4451,1.08719,-1.7605,-0.39391,-0.00373,-0.25638,0.0515,3.98736,2.16435,1.72876,0.95303,0.01526,-0.06406,0.05799,-1.93991,0.54537,-0.11151,-5.24469,0.24197,-0.05454,-0.02045,6.68304,2.24009,-0.18494,-0.71357,0.37113,0.04576,-0.01211
29.88,17.62915,-7.21157,2.78026,2.56547,0.06348,0.03598,4.3836,1.01894,-1.75899,-0.35597,-0.00785,-0.25546,0.04772,3.96169,2.10911,1.70118,0.99298,0.01326,-0.06147,0.06111,-1.83881,0.19433,-0.08324,-5.08799,0.25215,-0.05944,-0.02562,6.22042,1.83121,-0.13054,-0.80197,0.37385,0.04946,-0.01004
29.9,18.81696,-4.64699,2.5264,2.65479,0.20486,0.04758,4.32183,0.94488,-1.75848,-0.31827,-0.01173,-0.25461,0.04418,3.9389,2.04513,1.67008,1.03036,0.01138,-0.05835,0.06392,-1.66702,-0.13345,-0.06009,-4.89645,0.26356,-0.06246,-0.02934,5.7153,1.36394,-0.06805,-0.91691,0.37577,0.05186,-0.00875
29.92,20.06588,-2.15095,2.25012,2.76934,0.33569,0.05748,4.26525,0.86209,-1.76076,-0.28684,-0.01447,-0.25374,0.04179,3.93096,1.96586,1.63648,1.05949,0.00996,-0.05461,0.06581,-1.3675,-0.44194,-0.03825,-4.69675,0.27354,-0.06085,-0.02988,5.21283,0.85909,0.00462,-1.08567,0.37706,0.05116,-0.00907
29.94,21.28747,0.28687,1.94619,2.8844,0.46034,0.06641,4.21464,0.77469,-1.76524,-0.25771,-0.01676,-0.25303,0.03986,3.93076,1.87705,1.60082,1.08518,0.00861,-0.05041,0.06745,-1.03057,-0.72066,-0.01855,-4.46718,0.28388,-0.05729,-0.02854,4.69243,0.33934,0.0803,-1.27636,0.37699,0.04923,-0.01012
29.96,22.40083,2.68778,1.61516,2.98145,0.58294,0.07512,4.17107,0.68627,-1.77175,-0.22771,-0.01915,-0.25261,0.03781,3.93413,1.78383,1.56397,1.1116,0.007,-0.04591,0.0694,-0.7384,-0.97342,0.00218,-4.19401,0.29571,-0.05415,-0.02662,4.15319,-0.1781,0.15387,-1.4595,0.37517,0.04756,-0.01118
29.98,23.36866,5.004,1.26159,3.07261,0.69919,0.08337,4.13909,0.59107,-1.78239,-0.20528,-0.02076,-0.25232,0.03674,3.95501,1.67715,1.52719,1.13261,0.00546,-0.04097,0.07101,-0.53954,-1.21829,0.03098,-3.89544,0.30725,-0.051,-0.02388,3.6417,-0.67062,0.22542,-1.64797,0.37135,0.04561,-0.01236
30,24.25217,7.21372,0.91456,3.13314,0.80943,0.09139,4.11447,0.50737,-1.79243,-0.17343,-0.02325,-0.25254,0.03441,3.97052,1.58028,1.49179,1.16283,0.00315,-0.03628,0.07395,-0.31999,-1.49307,0.08192,-3.59161,0.31747,-0.04837,-0.02113,3.13076,-1.10989,0.28924,-1.81903,0.36702,0.04403,-0.01328
30.02,25.10795,9.32135,0.61111,3.13309,0.91555,0.09946,4.08914,0.45663,-1.79533,-0.1104,-0.02881,-0.25362,0.0279,3.94939,1.52224,1.458,1.22122,-0.00105,-0.03261,0.08032,0.03199,-1.84529,0.17351,-3.31548,0.32446,-0.04648,-0.01943,2.5857,-1.47697,0.33875,-1.94641,0.36405,0.04371,-0.0135
30.04,25.85341,11.29241,0.34511,3.10666,1.01357,0.10739,4.06777,0.42073,-1.79562,-0.03863,-0.03524,-0.25491,0.02009,3.91919,1.47866,1.42675,1.2885,-0.00601,-0.02949,0.08796,0.3539,-2.25544,0.30433,-3.07472,0.3281,-0.04607,-0.01895,2.08442,-1.77208,0.37727,-2.05037,0.36128,0.04395,-0.01331
30.06,26.42573,13.1056,0.10726,3.08048,1.10099,0.11517,4.05546,0.3842,-1.79762,0.02345,-0.0408,-0.25599,0.01327,3.90203,1.42881,1.39857,1.34907,-0.01077,-0.02654,0.09508,0.50597,-2.69393,0.4658,-2.89055,0.32788,-0.04727,-0.01953,1.68565,-1.99895,0.4082,-2.14714,0.35768,0.04429,-0.01295
30.08,26.81132,14.78754,-0.09112,3.04151,1.17937,0.12288,4.04682,0.35296,-1.79787,0.08328,-0.04637,-0.25692,0.00622,3.88157,1.38016,1.37152,1.4103,-0.01575,-0.02394,0.10239,0.47175,-3.18143,0.66463,-2.82496,0.31977,-0.04809,-0.0212,1.38184,-2.16605,0.43183,-2.23558,0.35389,0.04508,-0.01231
30.1,27.1616,16.23176,-0.22604,3.01234,1.24347,0.13066,4.0455,0.33119,-1.79853,0.13727,-0.05131,-0.25771,0,3.86562,1.33984,1.35128,1.46424,-0.0203,-0.0222,0.10906,0.43072,-3.59509,0.8556,-2.81944,0.31277,-0.0522,-0.02341,1.18047,-2.24899,0.44342,-2.29718,0.3505,0.04592,-0.01148
30.12,27.64041,17.33077,-0.27728,3.01982,1.28838,0.13869,4.05853,0.32201,-1.80383,0.17952,-0.05471,-0.25851,-0.00379,3.86895,1.31533,1.3457,1.50081,-0.02356,-0.02192,0.11403,0.56108,-3.77336,0.96664,-2.81651,0.31678,-0.06361,-0.02487,1.08834,-2.2299,0.43901,-2.31351,0.34796,0.0464,-0.01054
30.14,28.14014,18.1857,-0.25624,3.04204,1.31812,0.14674,4.07912,0.324,-1.80977,0.21599,-0.05749,-0.25933,-0.00674,3.87562,1.30285,1.34853,1.53036,-0.02621,-0.02274,0.11823,0.67688,-3.75907,1.00338,-2.91579,0.32104,-0.07594,-0.02429,1.09717,-2.1438,0.42439,-2.30507,0.34614,0.04685,-0.00951
30.16,28.56616,18.89111,-0.17802,3.0633,1.33704,0.15459,4.10204,0.33377,-1.81355,0.24999,-0.06025,-0.26011,-0.00989,3.8754,1.29711,1.35457,1.55996,-0.02874,-0.02431,0.12228,0.6101,-3.60289,0.98215,-3.19181,0.31748,-0.08451,-0.0221,1.19734,-2.02762,0.40558,-2.29226,0.34474,0.04754,-0.00838
30.18,28.95303,19.44208,-0.04298,3.0913,1.34607,0.16235,4.13034,0.35173,-1.81738,0.27945,-0.06261,-0.26091,-0.01254,3.87584,1.30307,1.36771,1.58603,-0.03084,-0.02686,0.12585,0.36269,-3.26492,0.88916,-3.63881,0.30771,-0.09288,-0.02011,1.37622,-1.8967,0.3843,-2.27443,0.34382,0.04858,-0.0071
30.2,29.44756,19.72969,0.1565,3.12806,1.33777,0.16906,4.16089,0.38181,-1.81857,0.30782,-0.06498,-0.2618,-0.01549,3.86965,1.31901,1.38524,1.61148,-0.03264,-0.03029,0.12911,0.05003,-2.65713,0.68481,-4.15361,0.29796,-0.09527,-0.01439,1.62152,-1.72709,0.35727,-2.24319,0.34367,0.04898,-0.00613
30.22,30.19762,19.64603,0.42258,3.17398,1.30467,0.17372,4.18935,0.42663,-1.8138,0.33915,-0.0679,-0.26274,-0.01984,3.84676,1.33983,1.40207,1.64051,-0.03441,-0.03431,0.13239,-0.29065,-1.68956,0.35053,-4.61664,0.29328,-0.08344,0.00128,1.91483,-1.49922,0.32238,-2.19139,0.34442,0.04756,-0.00603
30.24,31.0798,19.28972,0.73194,3.22788,1.2561,0.17698,4.21856,0.48182,-1.80655,0.36982,-0.0708,-0.26369,-0.02445,3.8186,1.36927,1.42204,1.66884,-0.03586,-0.03894,0.13534,-0.89167,-0.50537,-0.02911,-5.09171,0.28508,-0.06454,0.0203,2.22818,-1.26253,0.2872,-2.13434,0.34567,0.04519,-0.00642
30.26,31.98714,18.76468,1.05888,3.28684,1.20066,0.17928,4.24964,0.54276,-1.79929,0.39769,-0.07334,-0.26461,-0.02851,3.79285,1.40916,1.44703,1.69372,-0.03679,-0.04413,0.13774,-1.83249,0.6927,-0.38408,-5.63134,0.26758,-0.04645,0.03514,2.53388,-1.05581,0.25752,-2.08539,0.34716,0.04274,-0.00687
30.28,32.97237,18.07313,1.38575,3.35089,1.1374,0.18018,4.27921,0.60642,-1.79075,0.4251,-0.07585,-0.26538,-0.03264,3.76369,1.45393,1.47219,1.71693,-0.03737,-0.04941,0.13977,-2.9856,1.83087,-0.69061,-6.15699,0.24516,-0.0292,0.04568,2.80472,-0.88535,0.23482,-2.04379,0.34886,0.03996,-0.00751
30.3,34.0037,17.12018,1.71546,3.41583,1.06673,0.17939,4.30509,0.67891,-1.78039,0.45029,-0.07786,-0.26606,-0.03599,3.73808,1.5085,1.50137,1.73483,-0.03729,-0.05499,0.14105,-4.3648,2.73355,-0.90967,-6.64582,0.21575,-0.01367,0.05045,3.01797,-0.70108,0.21244,-2.00976,0.35092,0.03667,-0.00817
30.32,35.0554,15.83357,2.05444,3.4763,0.99071,0.17685,4.32417,0.76846,-1.76702,0.47248,-0.07887,-0.26671,-0.03761,3.72334,1.57976,1.53936,1.74367,-0.03626,-0.06122,0.14125,-5.95582,3.21678,-1.01312,-7.07299,0.17687,-0.00014,0.04905,3.15304,-0.45227,0.18364,-1.97987,0.35351,0.03252,-0.00874
30.34,36.11629,14.33493,2.36539,3.53303,0.91179,0.17242,4.33412,0.86335,-1.75068,0.49271,-0.07934,-0.267,-0.03835,3.712,1.65605,1.57756,1.74582,-0.03459,-0.0672,0.14064,-7.48228,3.25974,-1.01139,-7.38955,0.13677,0.0081,0.04077,3.20367,-0.17184,0.15375,-1.95457,0.35661,0.02809,-0.0091
30.36,37.1929,12.74104,2.61734,3.5869,0.83251,0.16608,4.33299,0.95441,-1.73155,0.51284,-0.07971,-0.26681,-0.03896,3.69756,1.72798,1.60917,1.74397,-0.03263,-0.07226,0.13955,-8.65679,2.91405,-0.92948,-7.54356,0.10472,0.00867,0.02581,3.16385,0.11148,0.12709,-1.93225,0.36028,0.02388,-0.00917
30.38,38.3983,11.11722,2.81281,3.63694,0.75589,0.15804,4.31566,1.04783,-1.70709,0.53936,-0.08019,-0.26612,-0.0397,3.67591,1.79887,1.63491,1.74136,-0.03069,-0.0766,0.13851,-9.27677,2.19013,-0.77634,-7.43363,0.08598,0.00366,0.00776,3.02204,0.4031,0.10328,-1.89671,0.3648,0.01919,-0.00938
30.4,39.38728,9.24915,2.94103,3.67842,0.67324,0.14717,4.29247,1.13306,-1.68311,0.55353,-0.07969,-0.2651,-0.03899,3.66528,1.86186,1.65642,1.7266,-0.02796,-0.0799,0.1361,-9.47869,1.38876,-0.63536,-7.23407,0.07836,-0.00641,-0.0121,2.85779,0.75746,0.07355,-1.86827,0.37,0.01563,-0.00896
30.42,39.7205,6.79306,3.00019,3.7076,0.56851,0.13166,4.28105,1.19773,-1.66804,0.53108,-0.07682,-0.26408,-0.03475,3.68991,1.91086,1.67818,1.6841,-0.02322,-0.08203,0.13034,-9.62282,0.98581,-0.58382,-7.19574,0.07655,-0.01914,-0.03099,2.78758,1.20812,0.03002,-1.87541,0.37551,0.01452,-0.00767
30.44,39.80941,3.98693,3.02123,3.72882,0.44617,0.11223,4.27091,1.25775,-1.65409,0.49415,-0.07292,-0.26301,-0.02888,3.72653,1.95644,1.7007,1.62905,-0.01774,-0.08387,0.12326,-9.47791,0.90555,-0.5679,-7.10014,0.08535,-0.03027,-0.04414,2.79545,1.66548,-0.01556,-1.87755,0.38137,0.01369,-0.00714
30.46,40.0202,1.1174,3.02407,3.74672,0.31594,0.0904,4.25318,1.32326,-1.6357,0.46236,-0.0692,-0.26183,-0.0232,3.7569,2.00517,1.72329,1.57573,-0.01267,-0.08596,0.1167,-8.82641,0.95826,-0.54854,-6.77306,0.1073,-0.03843,-0.05007,2.83639,2.0779,-0.0556,-1.84501,0.38748,0.01172,-0.00821
30.48,40.17071,-1.8993,3.01475,3.76414,0.17614,0.06676,4.23849,1.38719,-1.61783,0.426,-0.06513,-0.26065,-0.01699,3.79571,2.05361,1.7498,1.5161,-0.00728,-0.08851,0.10955,-7.87587,1.19047,-0.54382,-6.3346,0.13551,-0.04444,-0.05062,2.9307,2.47987,-0.09944,-1.79504,0.39341,0.00866,-0.01071
30.5,40.3329,-4.86024,3.01435,3.76946,0.02996,0.04119,4.21809,1.45518,-1.59611,0.39332,-0.06139,-0.25959,-0.01114,3.82245,2.10504,1.77467,1.46526,-0.00303,-0.09112,0.10385,-6.75011,1.54273,-0.54438,-5.8287,0.1673,-0.0473,-0.04595,3.09099,2.83202,-0.13993,-1.7231,0.39837,0.00689,-0.01323
30.52,40.64715,-7.46448,3.03191,3.74655,-0.11575,0.01376,4.17801,1.53229,-1.56529,0.37569,-0.05877,-0.25892,-0.00675,3.81197,2.16138,1.78899,1.44279,-0.00178,-0.09291,0.10221,-5.56033,1.90799,-0.53525,-5.28733,0.20119,-0.04553,-0.03639,3.29157,3.0986,-0.16809,-1.63321,0.40138,0.00929,-0.01397
30.54,40.95741,-9.79903,3.05364,3.70833,-0.25656,-0.01334,4.13216,1.60667,-1.53287,0.36285,-0.05652,-0.25849,-0.00307,3.78891,2.21503,1.79868,1.43106,-0.00177,-0.09427,0.10217,-4.42111,2.23067,-0.51966,-4.76888,0.23243,-0.04178,-0.02561,3.48838,3.35906,-0.20173,-1.54679,0.4027,0.01389,-0.01345
30.56,41.14159,-11.94169,3.07377,3.66739,-0.38869,-0.03828,4.09162,1.67059,-1.50398,0.34822,-0.05422,-0.25807,0.00043,3.77056,2.26,1.80813,1.41686,-0.00167,-0.09559,0.10183,-3.37245,2.48138,-0.4978,-4.2958,0.2586,-0.03832,-0.01598,3.64658,3.66939,-0.25527,-1.48187,0.40269,0.01905,-0.01201
30.58,41.21246,-13.8202,3.09737,3.61775,-0.51076,-0.0611,4.05051,1.72573,-1.47608,0.33453,-0.05208,-0.25763,0.00378,3.7448,2.29342,1.81157,1.40811,-0.00223,-0.09628,0.10216,-2.46015,2.64899,-0.46861,-3.89659,0.27938,-0.03438,-0.00741,3.73541,4.02438,-0.32825,-1.46879,0.40034,0.02627,-0.00847
30.6,41.17439,-15.39992,3.12237,3.56684,-0.6177,-0.0806,4.0155,1.77072,-1.45214,0.32125,-0.05005,-0.25714,0.00628,3.71964,2.32107,1.81501,1.39594,-0.00251,-0.09716,0.10207,-1.71789,2.73286,-0.43348,-3.56262,0.29502,-0.03139,-0.00077,3.81581,4.38668,-0.41107,-1.4456,0.39829,0.03373,-0.00434
30.62,41.05504,-16.66897,3.14948,3.52585,-0.70493,-0.09561,3.99515,1.80562,-1.43562,0.30755,-0.04799,-0.25665,0.00712,3.70588,2.35127,1.82679,1.36941,-0.00136,-0.09937,0.10023,-1.14977,2.75423,-0.39533,-3.2693,0.30639,-0.03079,0.00354,3.95389,4.70714,-0.48619,-1.33683,0.3996,0.03873,-0.00195
30.64,40.82795,-17.66346,3.18092,3.48723,-0.77562,-0.10708,3.98201,1.83218,-1.42307,0.2941,-0.04605,-0.2561,0.00722,3.69201,2.37614,1.8382,1.33859,0.00022,-0.10177,0.09777,-0.72851,2.74226,-0.3596,-3.03682,0.31404,-0.03084,0.00666,4.07996,4.99768,-0.5554,-1.22089,0.40124,0.04301,4e-05
30.66,40.47571,-18.44501,3.21919,3.44575,-0.83376,-0.11594,3.97088,1.85216,-1.41214,0.28042,-0.04425,-0.25546,0.00746,3.67147,2.39117,1.8437,1.31067,0.00156,-0.10355,0.09547,-0.42552,2.71717,-0.33066,-2.87797,0.31834,-0.03028,0.00931,4.13697,5.27856,-0.62584,-1.15881,0.40098,0.048,0.00287
30.68,40.04726,-19.06402,3.27155,3.40503,-0.88067,-0.12236,3.96384,1.86969,-1.40358,0.26581,-0.04237,-0.25483,0.00754,3.648,2.40441,1.84808,1.28226,0.00304,-0.10533,0.09298,-0.22755,2.68951,-0.30999,-2.7785,0.31998,-0.02914,0.01161,4.13557,5.54563,-0.69251,-1.11604,0.40001,0.05297,0.00585
30.7,39.47524,-19.47976,3.31592,3.36342,-0.91299,-0.12612,3.96172,1.87817,-1.39785,0.25091,-0.04082,-0.25409,0.00775,3.62533,2.4098,1.84846,1.25316,0.00466,-0.10645,0.09015,-0.10693,2.66729,-0.29785,-2.72061,0.32014,-0.02836,0.01334,4.13742,5.75977,-0.74964,-1.09326,0.39841,0.05733,0.00849
30.72,38.67238,-19.66392,3.32885,3.318,-0.92822,-0.12715,3.96511,1.87014,-1.39511,0.23644,-0.04008,-0.25303,0.00839,3.60746,2.39956,1.8413,1.22367,0.00634,-0.10614,0.08687,-0.03772,2.65846,-0.29389,-2.68719,0.31994,-0.029,0.01422,4.21256,5.88703,-0.79482,-1.0983,0.39606,0.06075,0.01054
30.74,37.74602,-19.71362,3.33277,3.27125,-0.93213,-0.12631,3.97279,1.85538,-1.39493,0.221,-0.03962,-0.2519,0.00927,3.59389,2.3853,1.83233,1.1935,0.00817,-0.10528,0.0833,-0.01327,2.66117,-0.2969,-2.67607,0.31927,-0.03013,0.01462,4.30626,5.97114,-0.83171,-1.11196,0.39352,0.06361,0.01232
30.76,36.78169,-19.72387,3.34677,3.22441,-0.93045,-0.12445,3.98306,1.84197,-1.3966,0.20342,-0.03903,-0.25091,0.01026,3.58373,2.37588,1.82575,1.16305,0.01015,-0.10455,0.07959,-0.02914,2.67716,-0.3062,-2.68725,0.31801,-0.03085,0.01493,4.3706,6.05076,-0.86385,-1.12374,0.39107,0.0664,0.01422
30.78,35.75062,-19.74009,3.36689,3.17544,-0.92564,-0.12202,3.99567,1.82856,-1.3996,0.1837,-0.03851,-0.25,0.01143,3.57888,2.3699,1.82131,1.13154,0.01233,-0.10383,0.07565,-0.07936,2.71312,-0.32112,-2.71212,0.31658,-0.03143,0.01517,4.43657,6.11617,-0.88972,-1.13224,0.38873,0.06902,0.01615
30.8,34.67605,-19.64556,3.37942,3.12601,-0.91132,-0.11833,4.00968,1.81195,-1.40517,0.16203,-0.03789,-0.24921,0.01286,3.58,2.36453,1.8177,1.10167,0.01437,-0.10286,0.0719,-0.14887,2.74534,-0.33689,-2.74387,0.31523,-0.03247,0.01487,4.5021,6.1573,-0.90746,-1.13719,0.38655,0.0711,0.01783
30.82,33.58542,-19.317,3.37172,3.07844,-0.88079,-0.11259,4.024,1.78907,-1.4147,0.13842,-0.03694,-0.24857,0.01463,3.58756,2.35681,1.81355,1.07644,0.01591,-0.10136,0.06884,-0.22426,2.74996,-0.34909,-2.77588,0.31415,-0.03455,0.01359,4.56205,6.15926,-0.9146,-1.14018,0.38452,0.0722,0.01893
30.84,32.46467,-18.91396,3.35761,3.02977,-0.84305,-0.10597,4.0385,1.76369,-1.42628,0.11291,-0.03588,-0.24804,0.01664,3.60124,2.34964,1.81056,1.05361,0.01722,-0.09969,0.06612,-0.31511,2.74744,-0.35985,-2.80903,0.31331,-0.03717,0.01181,4.63094,6.13704,-0.91331,-1.13841,0.38254,0.07266,0.01968
30.86,31.31585,-18.57616,3.35153,2.978,-0.80649,-0.09949,4.05314,1.73981,-1.43822,0.0855,-0.03481,-0.24761,0.01882,3.62043,2.34598,1.81039,1.03127,0.01855,-0.0982,0.06345,-0.43013,2.75778,-0.3712,-2.8441,0.31264,-0.03981,0.01002,4.71825,6.09661,-0.90441,-1.13033,0.38048,0.07273,0.02021
30.88,30.15319,-18.3086,3.35572,2.92478,-0.77204,-0.09324,4.06731,1.71778,-1.4501,0.05604,-0.03375,-0.24724,0.02104,3.64563,2.34475,1.81274,1.00946,0.01981,-0.09679,0.06091,-0.57192,2.78541,-0.38279,-2.87464,0.31222,-0.04253,0.00827,4.83639,6.01497,-0.88468,-1.119,0.37821,0.07214,0.02019
30.9,28.99957,-18.01728,3.3578,2.86935,-0.73448,-0.08663,4.08174,1.69582,-1.46296,0.02616,-0.03245,-0.24698,0.02356,3.6727,2.34504,1.81618,0.99092,0.02089,-0.09553,0.05874,-0.71853,2.80624,-0.39217,-2.91301,0.31188,-0.04552,0.00626,4.95227,5.92736,-0.86147,-1.10445,0.37562,0.07105,0.01991
30.92,27.87465,-17.60559,3.3449,2.8104,-0.6886,-0.07911,4.09747,1.67233,-1.47798,-0.00265,-0.03048,-0.24685,0.0269,3.69676,2.34669,1.81939,0.97842,0.02174,-0.09452,0.05711,-0.83979,2.79791,-0.39757,-2.97407,0.31142,-0.0489,0.00373,5.02773,5.87992,-0.8442,-1.08441,0.37263,0.0696,0.01975
30.94,26.79579,-17.19349,3.33382,2.75155,-0.64199,-0.07149,4.11351,1.65053,-1.49305,-0.03078,-0.0282,-0.24675,0.03047,3.72033,2.35017,1.82331,0.96934,0.02242,-0.09371,0.05586,-0.95655,2.79251,-0.40189,-3.0431,0.31094,-0.05235,0.00118,5.09617,5.82673,-0.82619,-1.06426,0.36912,0.06769,0.01925
30.96,25.77607,-16.89013,3.33902,2.69589,-0.60163,-0.06454,4.12923,1.63357,-1.50642,-0.05858,-0.0259,-0.2466,0.03383,3.74514,2.35603,1.82868,0.96098,0.02305,-0.09306,0.05475,-1.0869,2.81412,-0.4073,-3.10813,0.3105,-0.05561,-0.00103,5.19104,5.72984,-0.80195,-1.04641,0.36509,0.06518,0.018
30.98,24.82208,-16.674,3.35707,2.64304,-0.56692,-0.05822,4.14523,1.6215,-1.5186,-0.08606,-0.02316,-0.24639,0.03775,3.76868,2.36455,1.83489,0.95368,0.02366,-0.09262,0.05377,-1.21038,2.86162,-0.41412,-3.17306,0.31007,-0.05863,-0.00277,5.31914,5.60219,-0.77413,-1.02401,0.36068,0.06187,0.0159
31,23.9858,-16.49923,3.38333,2.59773,-0.53497,-0.05213,4.16074,1.6131,-1.52841,-0.10939,-0.02097,-0.24629,0.04031,3.79079,2.3744,1.84113,0.94862,0.02415,-0.09225,0.05305,-1.34254,2.91334,-0.41972,-3.24197,0.30941,-0.06172,-0.00467,5.43689,5.45652,-0.74741,-1.01054,0.35581,0.0586,0.01354
31.02,23.3239,-16.32658,3.41431,2.56491,-0.50286,-0.04587,4.17438,1.60722,-1.53441,-0.12418,-0.02056,-0.24658,0.03904,3.81194,2.3844,1.84683,0.94718,0.0244,-0.09178,0.05274,-1.50102,2.94857,-0.42147,-3.31749,0.30832,-0.06526,-0.00743,5.50739,5.30654,-0.72549,-1.01781,0.35054,0.05633,0.01155
31.04,22.80916,-16.17354,3.4514,2.54252,-0.47316,-0.03981,4.18762,1.6048,-1.5378,-0.13315,-0.02088,-0.24704,0.03618,3.83078,2.39565,1.85213,0.94803,0.02456,-0.09134,0.05266,-1.66097,2.98137,-0.42147,-3.39759,0.307,-0.06891,-0.01043,5.58113,5.1481,-0.70534,-1.02832,0.34538,0.05418,0.00934
31.06,22.4152,-16.05996,3.49611,2.52871,-0.44807,-0.03426,4.20111,1.60617,-1.53959,-0.13887,-0.0211,-0.24748,0.03358,3.84666,2.40907,1.85727,0.95001,0.02474,-0.09101,0.05267,-1.80218,3.02819,-0.42208,-3.47844,0.30568,-0.0724,-0.01312,5.71062,4.98194,-0.68423,-1.02389,0.34088,0.05147,0.00646
31.08,22.14455,-15.96924,3.54511,2.52337,-0.42542,-0.02899,4.21241,1.60982,-1.53954,-0.13965,-0.02145,-0.24784,0.03003,3.86018,2.42484,1.86233,0.95384,0.02486,-0.09072,0.05287,-1.9235,3.08541,-0.42318,-3.55913,0.30444,-0.07594,-0.01574,5.91625,4.82597,-0.66292,-0.995,0.33748,0.0486,0.00317
31.1,22.05315,-15.80503,3.59067,2.53262,-0.40279,-0.02372,4.22677,1.61388,-1.53845,-0.13577,-0.02243,-0.24837,0.02685,3.87164,2.4399,1.86642,0.96039,0.0249,-0.09042,0.05329,-2.03956,3.12489,-0.42172,-3.6442,0.30316,-0.07942,-0.01845,6.12307,4.67867,-0.64319,-0.96601,0.33516,0.04575,-6e-05
31.12,22.19854,-15.46651,3.62528,2.56322,-0.37814,-0.01822,4.25106,1.6168,-1.53689,-0.12862,-0.02469,-0.24951,0.02598,3.88152,2.45131,1.86881,0.97005,0.02484,-0.09007,0.05395,-2.16961,3.11928,-0.41482,-3.73711,0.30178,-0.0827,-0.02135,6.24797,4.5396,-0.62624,-0.96278,0.334,0.043,-0.00277
31.14,22.53459,-14.98384,3.64649,2.60919,-0.34979,-0.01241,4.27879,1.61764,-1.53506,-0.11655,-0.02771,-0.25086,0.02555,3.89048,2.46044,1.8701,0.98378,0.02457,-0.08967,0.05502,-2.28967,3.08312,-0.40502,-3.83013,0.30066,-0.08597,-0.02446,6.3727,4.42056,-0.60926,-0.95553,0.33456,0.04056,-0.00505
31.16,23.0128,-14.38362,3.65158,2.6646,-0.31635,-0.00625,4.30488,1.6156,-1.53362,-0.09876,-0.03099,-0.25215,0.02422,3.89892,2.46857,1.87082,1.00204,0.024,-0.08923,0.05659,-2.37789,3.03488,-0.39548,-3.9141,0.30023,-0.08939,-0.02769,6.57093,4.33612,-0.59032,-0.91597,0.33734,0.03851,-0.00701
31.18,23.63362,-13.61966,3.63504,2.73181,-0.27613,0.00046,4.33314,1.60969,-1.5329,-0.0766,-0.03501,-0.25355,0.02253,3.90756,2.47484,1.87083,1.02389,0.02315,-0.08869,0.05858,-2.44265,2.97623,-0.38726,-3.98112,0.30088,-0.09301,-0.03108,6.82916,4.30283,-0.57003,-0.84206,0.34276,0.03676,-0.00864
31.2,24.4229,-12.62742,3.58451,2.80759,-0.22554,0.00783,4.35868,1.59744,-1.53504,-0.04646,-0.0392,-0.25488,0.02005,3.91543,2.47447,1.86885,1.05364,0.02173,-0.08807,0.06149,-2.46557,2.86694,-0.3764,-4.041,0.30214,-0.09653,-0.03471,7.06543,4.25585,-0.54598,-0.77294,0.34939,0.03587,-0.00942
31.22,25.40799,-11.35295,3.48842,2.88697,-0.16102,0.01593,4.37435,1.57665,-1.54237,-0.00407,-0.04278,-0.25597,0.01626,3.9202,2.46258,1.86317,1.09589,0.01941,-0.08738,0.06582,-2.42458,2.66667,-0.35843,-4.1047,0.30353,-0.09966,-0.03874,7.19029,4.11405,-0.5148,-0.7516,0.35549,0.03636,-0.0089
31.24,26.52669,-9.81281,3.34801,2.97149,-0.08332,0.0248,4.38487,1.54729,-1.55328,0.04624,-0.04643,-0.25699,0.0116,3.92342,2.44102,1.85449,1.14573,0.01644,-0.08654,0.07109,-2.33127,2.41713,-0.33893,-4.15069,0.30591,-0.10256,-0.0429,7.25869,3.93336,-0.47804,-0.74417,0.36198,0.03763,-0.00766
31.26,27.7189,-8.03244,3.16619,3.06114,0.00662,0.03449,4.39364,1.50996,-1.56607,0.10067,-0.0507,-0.25795,0.00637,3.92587,2.41226,1.84351,1.19874,0.01304,-0.0855,0.07685,-2.19539,2.15981,-0.32381,-4.15793,0.31014,-0.10541,-0.04692,7.31939,3.76226,-0.43773,-0.72071,0.36965,0.03909,-0.0063
31.28,28.97515,-6.00703,2.94227,3.15113,0.10986,0.04501,4.39754,1.46486,-1.58073,0.15991,-0.05528,-0.25873,0.00048,3.9241,2.37657,1.82903,1.2555,0.00924,-0.08427,0.08304,-2.0184,1.89562,-0.3136,-4.12172,0.31676,-0.1082,-0.0509,7.32915,3.58129,-0.39419,-0.69363,0.37758,0.04053,-0.00479
31.3,30.23558,-3.75458,2.67309,3.24135,0.22468,0.05619,4.39584,1.40986,-1.59726,0.22283,-0.06002,-0.25925,-0.00594,3.92459,2.32792,1.81245,1.31531,0.00488,-0.08283,0.08988,-1.7776,1.61556,-0.30721,-4.05202,0.32394,-0.11008,-0.05385,7.26409,3.34682,-0.34512,-0.68895,0.38469,0.04254,-0.00319
31.32,31.44499,-1.31654,2.35796,3.33295,0.34861,0.06789,4.38873,1.34356,-1.61519,0.28748,-0.06491,-0.25953,-0.01262,3.93573,2.26009,1.7959,1.37659,-0.00021,-0.08106,0.09752,-1.46091,1.31327,-0.3035,-3.96084,0.32962,-0.11011,-0.05449,7.11018,3.02031,-0.28845,-0.73122,0.3897,0.04586,-0.0015
31.34,32.59292,1.2614,2.00816,3.41833,0.4804,0.07999,4.37481,1.26932,-1.63356,0.35317,-0.06974,-0.25946,-0.01958,3.94895,2.18,1.7777,1.43814,-0.00566,-0.07907,0.10546,-1.09218,1.0245,-0.30662,-3.83224,0.33563,-0.10878,-0.05319,6.85764,2.63591,-0.22687,-0.80474,0.39263,0.04948,6e-05
31.36,33.66728,3.92825,1.63839,3.49209,0.61799,0.09238,4.35383,1.19112,-1.65115,0.41881,-0.07443,-0.25899,-0.02673,3.95725,2.09488,1.75668,1.49849,-0.01113,-0.07697,0.11323,-0.70059,0.77635,-0.31962,-3.65269,0.34348,-0.10659,-0.05034,6.51522,2.23476,-0.16406,-0.89055,0.39376,0.05254,0.00133
31.38,34.67336,6.63474,1.26005,3.5568,0.75921,0.10517,4.32768,1.1114,-1.66658,0.48223,-0.0794,-0.25824,-0.03372,3.96374,2.00533,1.73385,1.556,-0.01668,-0.07454,0.12081,-0.31968,0.55881,-0.33986,-3.42651,0.3526,-0.10338,-0.04548,6.09732,1.8137,-0.10109,-0.99099,0.39219,0.05529,0.0024
31.4,35.49723,9.292,0.87908,3.60343,0.89667,0.11721,4.29267,1.02895,-1.68043,0.54394,-0.08318,-0.25699,-0.04081,3.96565,1.91049,1.70921,1.61079,-0.02191,-0.07233,0.12797,0.11447,0.37974,-0.36634,-3.17051,0.36105,-0.09888,-0.03848,5.59399,1.36978,-0.0356,-1.11689,0.3891,0.05755,0.00299
31.42,36.00353,11.81992,0.49887,3.62235,1.02327,0.12721,4.24308,0.94102,-1.69286,0.60607,-0.08347,-0.25492,-0.04858,3.95873,1.80789,1.68227,1.66399,-0.02627,-0.07109,0.13451,0.65661,0.23154,-0.39661,-2.90956,0.36641,-0.09282,-0.02941,5.00389,0.90271,0.03445,-1.27858,0.38613,0.05933,0.00286
31.44,36.31136,14.1899,0.14003,3.62489,1.14001,0.1361,4.18591,0.85388,-1.70068,0.66473,-0.08194,-0.25236,-0.05622,3.9453,1.70398,1.65351,1.71261,-0.03008,-0.07003,0.1404,1.20288,0.08103,-0.42279,-2.64,0.37002,-0.08622,-0.01892,4.37599,0.43971,0.10362,-1.45555,0.3821,0.06073,0.00241
31.46,36.52397,16.39055,-0.18187,3.62045,1.24763,0.14471,4.12688,0.77218,-1.70285,0.71717,-0.08028,-0.24967,-0.06302,3.92665,1.60398,1.62318,1.75503,-0.03359,-0.06857,0.14566,1.65128,-0.10284,-0.43516,-2.37071,0.37252,-0.08003,-0.00814,3.75911,0.00359,0.16732,-1.62959,0.37615,0.06189,0.00204
31.48,36.58729,18.40942,-0.46869,3.60769,1.34372,0.15262,4.06083,0.69233,-1.69993,0.76728,-0.07687,-0.24628,-0.07004,3.90066,1.50219,1.59057,1.79366,-0.03661,-0.06719,0.15035,1.9479,-0.35357,-0.42451,-2.14369,0.37126,-0.07414,0.00203,3.1823,-0.41503,0.22683,-1.80584,0.36871,0.06343,0.00189
31.5,36.57151,20.16218,-0.69831,3.58913,1.42458,0.15985,4.00212,0.62112,-1.69363,0.80529,-0.07472,-0.24356,-0.07464,3.86848,1.41506,1.55718,1.8234,-0.0393,-0.06518,0.1542,2.21855,-0.65061,-0.3856,-1.94133,0.36975,-0.07093,0.00999,2.63689,-0.77242,0.27754,-1.96575,0.36145,0.06407,0.00169
31.52,36.55527,21.58437,-0.84955,3.56698,1.48827,0.16666,3.96977,0.56719,-1.68793,0.81901,-0.07818,-0.24361,-0.07331,3.83301,1.3626,1.52537,1.83898,-0.04199,-0.0617,0.15701,2.59431,-0.96558,-0.31794,-1.7583,0.37136,-0.0728,0.01418,2.10879,-1.02682,0.3132,-2.08982,0.35612,0.06245,0.00112
31.54,36.48032,22.74362,-0.94066,3.54245,1.53655,0.17291,3.94927,0.52311,-1.68227,0.82099,-0.0833,-0.24447,-0.0699,3.79319,1.32679,1.49422,1.84658,-0.04436,-0.0578,0.15902,2.90933,-1.33546,-0.21742,-1.65377,0.37181,-0.07797,0.01454,1.64357,-1.22509,0.33802,-2.19358,0.35169,0.06015,0.00051
31.56,36.3084,23.71749,-0.98815,3.51732,1.57241,0.17859,3.92922,0.48316,-1.6759,0.82096,-0.08701,-0.24497,-0.06705,3.74827,1.29268,1.46316,1.85134,-0.0462,-0.05429,0.16045,3.01419,-1.78532,-0.08121,-1.68039,0.36793,-0.0852,0.01086,1.27451,-1.40893,0.35756,-2.29037,0.34711,0.05847,0.00015
31.58,36.04655,24.54821,-0.99187,3.49079,1.59909,0.18401,3.9193,0.44941,-1.67093,0.81478,-0.09068,-0.24582,-0.06331,3.69931,1.26806,1.43405,1.8527,-0.04774,-0.05101,0.16148,2.8902,-2.30595,0.08914,-1.88326,0.35854,-0.09517,0.00218,0.98859,-1.57987,0.37282,-2.38049,0.34286,0.05724,9e-05
31.6,35.77183,25.12267,-0.94344,3.46886,1.61095,0.18866,3.9127,0.42473,-1.66601,0.80486,-0.09349,-0.24656,-0.06024,3.65216,1.25009,1.40839,1.84858,-0.04856,-0.04824,0.16153,2.72259,-2.80463,0.27213,-2.14493,0.35149,-0.1075,-0.00931,0.779,-1.71438,0.38056,-2.45426,0.33942,0.05547,-0.00034
31.62,35.56303,25.31873,-0.83641,3.45837,1.6017,0.19202,3.89979,0.41127,-1.65971,0.79448,-0.09453,-0.24681,-0.05964,3.61423,1.23405,1.38747,1.83675,-0.04819,-0.04627,0.16001,2.6678,-3.18037,0.42782,-2.32257,0.35513,-0.12131,-0.02023,0.63275,-1.79202,0.37767,-2.5016,0.33709,0.05221,-0.00181
31.64,35.36399,25.31876,-0.68853,3.45348,1.58221,0.19481,3.89192,0.40557,-1.65505,0.78145,-0.0949,-0.24716,-0.05961,3.5836,1.22493,1.37274,1.82135,-0.0472,-0.04506,0.15776,2.48134,-3.48774,0.56107,-2.53857,0.3596,-0.13557,-0.03176,0.54246,-1.84402,0.36963,-2.5379,0.33557,0.04836,-0.00371
31.66,35.13263,25.29077,-0.51807,3.44996,1.56227,0.19769,3.89661,0.404,-1.65412,0.76538,-0.09528,-0.24798,-0.05893,3.55848,1.2248,1.36481,1.80651,-0.0461,-0.04455,0.15553,1.98897,-3.77175,0.68715,-2.89665,0.3568,-0.14966,-0.04538,0.50381,-1.89938,0.36146,-2.57573,0.33456,0.04488,-0.00545
31.68,34.88901,25.23423,-0.33211,3.45069,1.54215,0.20068,3.91005,0.40567,-1.65641,0.74773,-0.0957,-0.24906,-0.05839,3.54391,1.23155,1.3637,1.79171,-0.04486,-0.04459,0.1532,1.24453,-3.994,0.79469,-3.3297,0.34963,-0.1637,-0.06004,0.49265,-1.9683,0.35437,-2.61093,0.33421,0.04177,-0.00699
31.7,34.69999,25.10416,-0.12476,3.4544,1.52115,0.20348,3.93281,0.41267,-1.66133,0.7304,-0.09585,-0.25039,-0.05776,3.53701,1.24569,1.37083,1.77932,-0.04344,-0.04571,0.15098,0.33585,-4.11584,0.87503,-3.80114,0.33751,-0.17432,-0.07365,0.52842,-2.00996,0.3443,-2.65089,0.33435,0.03793,-0.00914
31.72,34.64127,24.85962,0.10892,3.45905,1.49854,0.20574,3.96566,0.42688,-1.66827,0.7155,-0.09535,-0.25195,-0.05664,3.53249,1.26687,1.38686,1.77227,-0.04176,-0.0485,0.14912,-0.6192,-4.10546,0.92423,-4.28077,0.31817,-0.1773,-0.08381,0.63409,-1.98025,0.327,-2.70579,0.3347,0.03209,-0.01279
31.74,34.66348,24.56493,0.34813,3.46669,1.47731,0.20779,4.00504,0.44465,-1.67701,0.70277,-0.09471,-0.25364,-0.05554,3.53535,1.29266,1.40929,1.76883,-0.04003,-0.05214,0.14756,-1.62856,-3.97946,0.94564,-4.74461,0.29306,-0.1753,-0.09135,0.76521,-1.93048,0.30879,-2.7697,0.33527,0.02541,-0.01708
31.76,34.72517,24.27775,0.57281,3.47813,1.45963,0.20983,4.04791,0.46256,-1.68723,0.69178,-0.09442,-0.25539,-0.05476,3.54841,1.32061,1.43542,1.76756,-0.03844,-0.05589,0.14625,-2.67374,-3.76479,0.94427,-5.17649,0.2647,-0.17132,-0.09755,0.88729,-1.91037,0.29618,-2.83717,0.33615,0.01883,-0.02134
31.78,34.86767,23.97462,0.77597,3.49196,1.4431,0.21139,4.09227,0.47958,-1.69826,0.68332,-0.09433,-0.25715,-0.05419,3.56724,1.34744,1.46309,1.76888,-0.03693,-0.05975,0.1452,-3.60056,-3.45755,0.91912,-5.53253,0.23464,-0.16464,-0.10131,1.00649,-1.9239,0.29102,-2.90927,0.33731,0.0117,-0.02603
31.8,35.05176,23.58867,0.9593,3.50818,1.42735,0.21236,4.13691,0.49945,-1.7091,0.67689,-0.09426,-0.25881,-0.05368,3.59307,1.37667,1.49317,1.77134,-0.03554,-0.06366,0.1444,-4.46163,-3.09581,0.87594,-5.82011,0.20423,-0.15564,-0.10313,1.11055,-1.93764,0.28909,-2.98923,0.33837,0.00417,-0.03109
31.82,35.22847,23.05726,1.12536,3.52733,1.413,0.21271,4.18056,0.52675,-1.71856,0.6721,-0.094,-0.26025,-0.05304,3.62773,1.413,1.52695,1.77311,-0.03433,-0.06756,0.1438,-5.33318,-2.72054,0.81905,-6.0479,0.17545,-0.14474,-0.10325,1.18144,-1.91638,0.28539,-3.07856,0.33897,-0.00363,-0.03653
31.84,35.43938,22.37897,1.259,3.54682,1.39469,0.21167,4.22061,0.55729,-1.72653,0.66862,-0.09359,-0.26145,-0.0523,3.66552,1.44956,1.56016,1.77371,-0.03318,-0.0712,0.14327,-6.01943,-2.35836,0.75253,-6.17345,0.15099,-0.13342,-0.10172,1.2236,-1.89349,0.28517,-3.17156,0.33953,-0.01189,-0.04244
31.86,35.71684,21.56049,1.34654,3.56456,1.36817,0.20864,4.25476,0.58762,-1.73293,0.66622,-0.0931,-0.26241,-0.05147,3.70174,1.48045,1.58913,1.77262,-0.032,-0.07433,0.14267,-6.3472,-2.0394,0.6809,-6.15227,0.13378,-0.12307,-0.099,1.23584,-1.90251,0.29345,-3.26052,0.34055,-0.02079,-0.04896
31.88,36.07482,20.61161,1.38541,3.58084,1.33531,0.20358,4.28156,0.61935,-1.73704,0.66625,-0.09244,-0.26305,-0.05058,3.73542,1.50576,1.61343,1.76956,-0.0309,-0.07686,0.14208,-6.24696,-1.77168,0.60392,-5.93446,0.12667,-0.11307,-0.09433,1.20847,-1.94367,0.30997,-3.33867,0.34229,-0.03114,-0.05688
31.9,36.42516,19.36167,1.39122,3.59386,1.28375,0.19548,4.30245,0.65564,-1.73878,0.6628,-0.09138,-0.26338,-0.04927,3.76756,1.53032,1.63491,1.76107,-0.02954,-0.07902,0.14104,-5.96022,-1.66878,0.5383,-5.66543,0.12733,-0.10736,-0.09222,1.15535,-1.93271,0.32234,-3.4083,0.3446,-0.04011,-0.06372
31.92,36.65684,17.60374,1.38637,3.60224,1.19819,0.18317,4.3209,0.70044,-1.73837,0.64805,-0.08979,-0.26351,-0.04698,3.8005,1.56065,1.6567,1.74269,-0.02746,-0.08119,0.13898,-5.79187,-1.78466,0.49351,-5.52836,0.13159,-0.10917,-0.09636,1.0871,-1.78453,0.31739,-3.46731,0.34756,-0.0449,-0.06693
31.94,36.88067,15.49053,1.3672,3.6087,1.08883,0.16725,4.33402,0.75299,-1.7347,0.62858,-0.08767,-0.26331,-0.04423,3.83128,1.59412,1.67752,1.71767,-0.02505,-0.08328,0.13635,-5.49462,-1.94168,0.44894,-5.3741,0.14194,-0.11333,-0.1009,1.02506,-1.56608,0.30458,-3.5018,0.35163,-0.04811,-0.06908
31.96,37.19014,13.1912,1.32925,3.61573,0.96682,0.14868,4.33966,0.81121,-1.72713,0.61021,-0.08518,-0.26272,-0.04144,3.85758,1.6277,1.69608,1.68927,-0.02263,-0.08518,0.13358,-4.85621,-2.0231,0.39247,-5.07587,0.16001,-0.11615,-0.10165,0.97128,-1.34617,0.29308,-3.50004,0.35708,-0.05225,-0.07263
31.98,37.52304,10.69735,1.28345,3.62371,0.83147,0.12787,4.34205,0.87599,-1.7162,0.58959,-0.08287,-0.26189,-0.03816,3.88199,1.66399,1.71464,1.6557,-0.02,-0.08714,0.13042,-3.98419,-2.03594,0.329,-4.70014,0.18235,-0.11816,-0.09945,0.88359,-1.12648,0.27955,-3.44781,0.3642,-0.05792,-0.0781
32,37.92185,8.03587,1.24974,3.63219,0.68338,0.10469,4.33362,0.94602,-1.70023,0.57096,-0.07948,-0.26056,-0.03551,3.90045,1.70442,1.73205,1.6212,-0.01751,-0.08908,0.12735,-3.03194,-1.91057,0.25719,-4.30066,0.20657,-0.11903,-0.09453,0.9444,-0.88764,0.26818,-3.37837,0.37078,-0.06136,-0.08267
32.02,38.45571,5.24388,1.24736,3.64025,0.52381,0.079,4.3027,1.01889,-1.67718,0.56048,-0.0734,-0.25816,-0.03529,3.90878,1.74937,1.74667,1.5912,-0.01561,-0.09086,0.12499,-2.15618,-1.59548,0.17254,-3.92785,0.23046,-0.11819,-0.08707,1.37138,-0.63293,0.26858,-3.33508,0.37358,-0.05852,-0.08327
32.04,39.01522,2.45742,1.26378,3.64741,0.36261,0.0528,4.2603,1.09135,-1.64958,0.55324,-0.06667,-0.25494,-0.03629,3.912,1.79717,1.76009,1.56264,-0.01398,-0.09256,0.1229,-1.30938,-1.16569,0.07985,-3.57593,0.25255,-0.11575,-0.07743,1.96337,-0.42665,0.27975,-3.26998,0.3739,-0.05395,-0.08351
32.06,39.51009,-0.20912,1.28962,3.6532,0.20839,0.02783,4.21507,1.16091,-1.61975,0.54566,-0.06079,-0.25143,-0.03727,3.91423,1.84532,1.7734,1.53317,-0.01234,-0.09423,0.12074,-0.42808,-0.69071,-0.0124,-3.22608,0.27232,-0.1122,-0.06628,2.53424,-0.26045,0.28939,-3.15535,0.37321,-0.05082,-0.08556
32.08,39.9488,-2.78636,1.33714,3.65626,0.05978,0.00414,4.15801,1.22579,-1.58664,0.54141,-0.0543,-0.24695,-0.03975,3.91598,1.89184,1.78649,1.50503,-0.01085,-0.09588,0.11874,0.4097,-0.18897,-0.10086,-2.91244,0.2884,-0.10826,-0.05482,3.12653,-0.04721,0.27956,-3.03206,0.36958,-0.04656,-0.08637
32.1,40.22654,-5.00683,1.38451,3.65165,-0.06787,-0.0165,4.10606,1.28063,-1.55446,0.53416,-0.04988,-0.24302,-0.04068,3.91335,1.93616,1.79643,1.47808,-0.00953,-0.0971,0.11684,1.16328,0.32069,-0.18346,-2.63414,0.30178,-0.10375,-0.04341,3.6801,0.18227,0.24963,-2.88024,0.36566,-0.04117,-0.08645
32.12,40.26075,-6.58557,1.40788,3.63491,-0.1585,-0.0323,4.08174,1.32222,-1.52803,0.51583,-0.05085,-0.24219,-0.03565,3.90163,1.97831,1.80004,1.45152,-0.00836,-0.09742,0.11485,1.80218,0.82641,-0.25786,-2.38133,0.31392,-0.09816,-0.03222,4.09657,0.38307,0.21218,-2.69736,0.36417,-0.03507,-0.08713
32.14,40.12488,-7.77512,1.4308,3.60888,-0.22581,-0.0445,4.06581,1.35404,-1.50353,0.49454,-0.05343,-0.24234,-0.02892,3.88662,2.01571,1.80032,1.42672,-0.00737,-0.09729,0.11296,2.30923,1.2949,-0.32013,-2.17751,0.32329,-0.09266,-0.0224,4.40424,0.64613,0.15203,-2.54593,0.36248,-0.02757,-0.08603
32.16,39.87318,-8.79178,1.47164,3.5766,-0.28136,-0.05421,4.04426,1.37924,-1.47914,0.47545,-0.05504,-0.24198,-0.02355,3.8733,2.04681,1.7999,1.40459,-0.00654,-0.09706,0.11128,2.69332,1.70497,-0.36922,-2.03414,0.32906,-0.08817,-0.01453,4.62669,1.02868,0.05741,-2.46599,0.35894,-0.01823,-0.08132
32.18,39.51774,-9.58494,1.52642,3.5387,-0.32244,-0.06127,4.02868,1.39799,-1.45693,0.45413,-0.05702,-0.24196,-0.01789,3.85914,2.07271,1.79769,1.38535,-0.00587,-0.09663,0.10976,2.9568,2.06971,-0.40869,-1.94432,0.33209,-0.08425,-0.00827,4.71656,1.51796,-0.06319,-2.48025,0.35324,-0.00583,-0.07258
32.2,39.02332,-10.13649,1.58258,3.49544,-0.34897,-0.06567,4.01228,1.41035,-1.43752,0.43541,-0.0583,-0.24172,-0.01341,3.84739,2.09333,1.79543,1.3685,-0.00536,-0.09616,0.1085,3.09408,2.37019,-0.43634,-1.90199,0.33295,-0.08128,-0.00382,4.81236,1.96167,-0.17087,-2.5094,0.35038,0.00375,-0.06464
32.22,38.35129,-10.44625,1.62768,3.44725,-0.36197,-0.0675,3.98537,1.41652,-1.42194,0.42523,-0.05776,-0.24078,-0.01171,3.84203,2.1094,1.79567,1.35331,-0.00505,-0.09592,0.10767,3.10331,2.58698,-0.44906,-1.89779,0.33223,-0.07979,-0.0014,5.06415,2.21871,-0.22776,-2.45801,0.3556,0.00404,-0.06285
32.24,37.58078,-10.58651,1.67433,3.39659,-0.36552,-0.06755,3.96076,1.41845,-1.41074,0.41662,-0.05668,-0.23981,-0.01088,3.83887,2.12274,1.79685,1.33995,-0.00482,-0.09579,0.10703,3.01267,2.75185,-0.45343,-1.92714,0.33033,-0.07908,-0.00034,5.32285,2.42485,-0.26636,-2.40409,0.36311,0.00116,-0.06213
32.26,36.77345,-10.65127,1.73559,3.34509,-0.3648,-0.06667,3.94682,1.41847,-1.40349,0.40425,-0.05587,-0.23917,-0.00958,3.8347,2.13534,1.79809,1.3281,-0.00458,-0.09574,0.10635,2.84636,2.8945,-0.45542,-1.98634,0.32751,-0.07864,-4e-05,5.46103,2.69623,-0.31661,-2.41529,0.36799,0.00051,-0.05811
32.28,35.90844,-10.67469,1.80834,3.29225,-0.36198,-0.06515,3.9403,1.41779,-1.39984,0.38955,-0.05501,-0.23872,-0.00829,3.83024,2.14959,1.80085,1.31663,-0.00427,-0.09596,0.10564,2.60191,3.02435,-0.45605,-2.06609,0.32414,-0.07854,-0.00035,5.49651,2.99626,-0.37322,-2.45254,0.37161,0.00061,-0.05229
32.3,35.00736,-10.65756,1.88922,3.23902,-0.35814,-0.0634,3.9412,1.41638,-1.39908,0.37277,-0.05397,-0.23824,-0.00687,3.82544,2.16248,1.8037,1.30502,-0.00381,-0.09624,0.10469,2.31766,3.10685,-0.45147,-2.16693,0.32053,-0.07881,-0.00143,5.48442,3.31035,-0.4346,-2.5035,0.37395,0.00049,-0.04514
32.32,34.09741,-10.59519,1.97503,3.18612,-0.35414,-0.06184,3.94972,1.41398,-1.40038,0.354,-0.0527,-0.23752,-0.0051,3.8203,2.16997,1.80468,1.29296,-0.00312,-0.09631,0.10323,2.04213,3.10622,-0.43766,-2.28989,0.3169,-0.07938,-0.00341,5.48893,3.62876,-0.50088,-2.56557,0.37462,-0.00094,-0.03714
32.34,33.14238,-10.56286,2.06912,3.13174,-0.35295,-0.06061,3.96409,1.41256,-1.40308,0.33234,-0.05121,-0.23666,-0.00304,3.81468,2.17721,1.80603,1.27895,-0.00217,-0.09648,0.10134,1.75425,3.06657,-0.41984,-2.42379,0.31341,-0.08019,-0.00588,5.46426,3.96127,-0.5756,-2.6284,0.37383,-0.00254,-0.02844
32.36,32.11296,-10.61978,2.17409,3.07397,-0.35676,-0.0598,3.98334,1.41359,-1.4066,0.30667,-0.04958,-0.23582,-0.00063,3.80819,2.18812,1.80926,1.26181,-0.00094,-0.09694,0.09907,1.43582,3.02724,-0.40311,-2.5597,0.31013,-0.08111,-0.00841,5.36645,4.30849,-0.65871,-2.69361,0.37159,-0.00319,-0.01917
32.38,31.01518,-10.76986,2.28801,3.01169,-0.36661,-0.05968,4.00661,1.41695,-1.41036,0.27718,-0.04779,-0.23489,0.00217,3.80051,2.20152,1.81342,1.24145,0.00055,-0.09753,0.09635,1.10598,2.98915,-0.38809,-2.69545,0.30713,-0.08184,-0.01083,5.22874,4.63341,-0.74325,-2.76398,0.36784,-0.00487,-0.01076
32.4,29.82942,-11.03395,2.41063,2.9463,-0.38095,-0.05977,4.03361,1.42325,-1.41431,0.2435,-0.04575,-0.23389,0.00543,3.794,2.21632,1.81927,1.21683,0.0024,-0.09835,0.09311,0.77783,2.92467,-0.3712,-2.83283,0.30438,-0.08296,-0.0136,5.08024,4.93899,-0.82389,-2.82578,0.36349,-0.00489,-0.0024
32.42,28.53372,-11.45106,2.54565,2.87983,-0.39847,-0.05961,4.06431,1.43382,-1.41839,0.20461,-0.04334,-0.23287,0.0093,3.79179,2.23236,1.82818,1.18653,0.0047,-0.09958,0.08925,0.46422,2.80628,-0.34878,-2.97371,0.30181,-0.08489,-0.01701,4.94995,5.22645,-0.89367,-2.86464,0.35967,0.0002,0.00731
32.44,27.14971,-11.99023,2.68925,2.81004,-0.41986,-0.05953,4.09805,1.44753,-1.42251,0.16166,-0.04066,-0.23182,0.01366,3.79179,2.24966,1.8387,1.152,0.00734,-0.10097,0.08488,0.16887,2.67597,-0.32696,-3.11412,0.29946,-0.08701,-0.02056,4.8328,5.44692,-0.94648,-2.89663,0.35554,0.00635,0.01621
32.46,25.69827,-12.6335,2.84043,2.73526,-0.44589,-0.05978,4.13439,1.46375,-1.42665,0.11548,-0.03781,-0.23077,0.0184,3.79234,2.26875,1.84984,1.11463,0.01017,-0.10234,0.08016,-0.1097,2.57426,-0.31175,-3.25102,0.29735,-0.08865,-0.02368,4.72683,5.55229,-0.97574,-2.93831,0.3502,0.01007,0.02231
32.48,24.18056,-13.40314,3.00503,2.65687,-0.47594,-0.0602,4.17322,1.48373,-1.43075,0.06524,-0.03467,-0.22973,0.0236,3.79555,2.29025,1.86246,1.07378,0.01327,-0.10378,0.07504,-0.36778,2.50321,-0.30363,-3.38519,0.2954,-0.08912,-0.02576,4.6696,5.50225,-0.97162,-2.99073,0.34386,0.01151,0.02535
32.5,22.65513,-14.19767,3.17039,2.57788,-0.50553,-0.06013,4.21421,1.50379,-1.43567,0.0154,-0.03158,-0.22881,0.02882,3.79804,2.31111,1.87448,1.03324,0.01636,-0.1051,0.06992,-0.59836,2.46125,-0.30278,-3.52185,0.29358,-0.09044,-0.02851,4.60827,5.38015,-0.94906,-3.04184,0.33636,0.0125,0.02712
32.52,21.19278,-14.91103,3.32468,2.50172,-0.53157,-0.05913,4.25708,1.52022,-1.44219,-0.02897,-0.02889,-0.22813,0.03355,3.7948,2.32845,1.88337,0.99787,0.01911,-0.1061,0.06528,-0.79181,2.4499,-0.31016,-3.66695,0.29186,-0.09503,-0.03393,4.4801,5.28781,-0.92498,-3.07382,0.32734,0.01513,0.02971
32.54,19.79992,-15.58172,3.48071,2.43011,-0.55441,-0.05734,4.30112,1.53588,-1.44971,-0.06997,-0.02642,-0.22765,0.03798,3.78972,2.34508,1.89123,0.96571,0.0217,-0.107,0.06096,-0.95277,2.48085,-0.3272,-3.81563,0.29024,-0.10038,-0.03988,4.34789,5.1335,-0.88402,-3.10053,0.31678,0.01736,0.03146
32.56,18.48869,-16.23542,3.64688,2.36452,-0.57363,-0.05482,4.34496,1.55238,-1.45768,-0.1091,-0.02403,-0.22737,0.04224,3.78552,2.36324,1.89938,0.93557,0.02422,-0.10794,0.05687,-1.08173,2.56353,-0.35472,-3.9629,0.28884,-0.10445,-0.04461,4.28656,4.84989,-0.81751,-3.12422,0.30523,0.01736,0.03094
32.58,17.29592,-16.85733,3.82161,2.3059,-0.59001,-0.05177,4.38745,1.56831,-1.46593,-0.14452,-0.02174,-0.22729,0.04623,3.77859,2.38286,1.90637,0.91063,0.02647,-0.10878,0.05333,-1.15662,2.69658,-0.39249,-4.10806,0.28796,-0.10831,-0.04879,4.33663,4.48004,-0.73313,-3.11168,0.29348,0.01636,0.02923
32.6,16.34283,-17.21667,3.98498,2.2647,-0.59047,-0.04658,4.42691,1.58044,-1.47551,-0.16979,-0.02026,-0.22759,0.04901,3.77353,2.40048,1.91327,0.89211,0.02839,-0.10968,0.05051,-1.20575,2.83659,-0.43275,-4.24645,0.28762,-0.11203,-0.05296,4.37912,4.10275,-0.65118,-3.09815,0.28201,0.01448,0.02673
32.62,15.75862,-17.06853,4.11549,2.25294,-0.56063,-0.03747,4.46145,1.58592,-1.48738,-0.17801,-0.02041,-0.22851,0.04953,3.77662,2.41343,1.92203,0.88003,0.02998,-0.11088,0.04848,-1.25884,2.92959,-0.46533,-4.37095,0.28798,-0.11545,-0.05765,4.2803,3.80634,-0.58981,-3.12132,0.27175,0.01108,0.02334
32.64,15.52757,-16.53592,4.22327,2.2658,-0.51067,-0.02594,4.49043,1.58565,-1.5004,-0.17127,-0.0217,-0.2299,0.04831,3.78242,2.42408,1.93076,0.87845,0.03097,-0.11214,0.04764,-1.27091,2.98692,-0.49177,-4.47706,0.28949,-0.11923,-0.06267,4.19312,3.55008,-0.53614,-3.12476,0.26415,0.00739,0.01945
32.66,15.61884,-15.73217,4.31704,2.29811,-0.4492,-0.01327,4.51314,1.58092,-1.51345,-0.15219,-0.02366,-0.23161,0.04585,3.78792,2.43489,1.9385,0.89004,0.03115,-0.1133,0.04826,-1.20499,3.01678,-0.51337,-4.55901,0.29263,-0.12372,-0.06778,4.26294,3.30071,-0.48261,-3.05506,0.26055,0.00409,0.01517
32.68,16.04703,-14.60712,4.39037,2.35284,-0.37226,0.00106,4.52794,1.57196,-1.52591,-0.1196,-0.0266,-0.23352,0.04181,3.79797,2.44805,1.94784,0.91249,0.03062,-0.11452,0.05023,-1.05941,2.99158,-0.52529,-4.60974,0.29789,-0.12892,-0.07335,4.49198,3.13643,-0.4431,-2.8879,0.26221,-4e-05,0.01004
32.7,16.94836,-12.97593,4.41999,2.43475,-0.27668,0.01704,4.53616,1.5548,-1.5397,-0.06777,-0.03055,-0.23599,0.03591,3.81016,2.45371,1.95521,0.95572,0.02889,-0.11565,0.05436,-0.8756,2.89564,-0.52501,-4.62452,0.30426,-0.13498,-0.07891,4.75421,2.92338,-0.3992,-2.7189,0.26788,-0.00201,0.00476
32.72,18.44086,-10.66954,4.38101,2.54689,-0.16013,0.03445,4.53989,1.52555,-1.5572,0.00857,-0.03549,-0.23949,0.02803,3.81996,2.43998,1.9556,1.02992,0.02548,-0.11648,0.06141,-0.71771,2.72388,-0.51249,-4.59555,0.31066,-0.14216,-0.08384,4.88418,2.50667,-0.3261,-2.66619,0.27542,0.00225,0.00033
32.74,20.38403,-7.86425,4.28223,2.68344,-0.02548,0.05307,4.53622,1.48788,-1.57539,0.10325,-0.04145,-0.24339,0.01848,3.8324,2.41568,1.95351,1.12348,0.02092,-0.11721,0.07048,-0.54724,2.49352,-0.49198,-4.52274,0.31787,-0.14971,-0.08805,5.00188,2.03945,-0.2444,-2.62953,0.28559,0.00897,-0.00431
32.76,22.60927,-4.73375,4.13064,2.83719,0.12414,0.07263,4.52361,1.44468,-1.5923,0.20974,-0.04823,-0.24721,0.00769,3.85193,2.38885,1.95274,1.22581,0.01571,-0.11792,0.0807,-0.34432,2.22111,-0.46682,-4.40669,0.32663,-0.15717,-0.09166,5.21794,1.66497,-0.17767,-2.51668,0.2994,0.01547,-0.00942
32.78,25.02365,-1.27328,3.91383,3.00383,0.28966,0.09292,4.50466,1.39528,-1.60994,0.32646,-0.0557,-0.25122,-0.00403,3.87747,2.35507,1.95092,1.33602,0.01001,-0.11841,0.09174,-0.18487,1.91048,-0.43769,-4.23548,0.337,-0.16511,-0.09518,5.4353,1.40436,-0.1284,-2.36657,0.31589,0.02537,-0.01281
32.8,27.68071,2.46774,3.62474,3.17806,0.46743,0.11349,4.47452,1.3359,-1.62521,0.45208,-0.06346,-0.25469,-0.0164,3.90601,2.31016,1.94733,1.45339,0.00364,-0.11867,0.10382,-0.00759,1.63288,-0.41933,-4.05558,0.34602,-0.17071,-0.09522,5.67037,1.12239,-0.07903,-2.2155,0.33207,0.0335,-0.01717
32.82,30.64573,6.3955,3.25761,3.35252,0.65416,0.13414,4.42579,1.26118,-1.63413,0.58458,-0.07059,-0.2569,-0.02893,3.93327,2.2497,1.94093,1.57625,-0.00369,-0.1186,0.11717,0.23916,1.44962,-0.42522,-3.92674,0.3505,-0.17104,-0.08813,5.95007,0.65768,-0.00663,-2.09923,0.34457,0.03315,-0.02559
32.84,33.63741,10.4061,2.81614,3.51812,0.85118,0.15473,4.3642,1.17372,-1.64065,0.71751,-0.07694,-0.2585,-0.04112,3.95971,2.1745,1.93009,1.69636,-0.01121,-0.11788,0.13046,0.42619,1.30638,-0.44377,-3.80959,0.35239,-0.16867,-0.07731,6.16674,0.17939,0.06714,-2.01169,0.35452,0.03075,-0.03366
32.86,36.39358,14.40793,2.30873,3.66813,1.05661,0.17487,4.29674,1.07703,-1.6483,0.84521,-0.08259,-0.25996,-0.05251,3.98588,2.08679,1.91407,1.80679,-0.01825,-0.11634,0.14261,0.44771,1.14518,-0.46097,-3.67608,0.35306,-0.16586,-0.06613,6.26939,-0.17281,0.12034,-1.93557,0.36291,0.03151,-0.0381
32.88,38.87288,18.35343,1.73197,3.79732,1.26929,0.19489,4.22232,0.96812,-1.65621,0.96625,-0.08697,-0.26116,-0.06246,4.0065,1.98356,1.89059,1.9067,-0.025,-0.11374,0.15375,0.25076,0.94858,-0.47341,-3.5589,0.35063,-0.16192,-0.05455,6.27709,-0.47806,0.16301,-1.88741,0.36693,0.03377,-0.03981
32.9,41.10875,22.02403,1.13575,3.90648,1.47135,0.21237,4.14342,0.85594,-1.66258,1.07596,-0.0907,-0.26155,-0.07176,4.02145,1.86966,1.86187,1.99079,-0.03084,-0.11058,0.16311,-0.00435,0.75151,-0.48091,-3.45775,0.34554,-0.157,-0.04236,6.17591,-0.72071,0.19518,-1.87419,0.36934,0.03555,-0.03989
32.92,43.16433,25.23095,0.57596,4.00159,1.64172,0.22433,4.06548,0.74915,-1.6664,1.17073,-0.09475,-0.26031,-0.08174,4.03322,1.74792,1.83064,2.05579,-0.03507,-0.1076,0.16998,-0.14332,0.57661,-0.48248,-3.38173,0.33817,-0.15172,-0.02963,5.96821,-0.85996,0.21399,-1.89942,0.37411,0.03497,-0.03944
32.94,44.9601,28.04001,0.03612,4.08068,1.78862,0.23309,3.98897,0.64562,-1.66773,1.25309,-0.09817,-0.25785,-0.09131,4.03515,1.61901,1.79426,2.10497,-0.03843,-0.10424,0.17519,-0.34125,0.37065,-0.46984,-3.35041,0.32799,-0.14649,-0.01867,5.70429,-0.94568,0.22358,-1.95383,0.37728,0.03354,-0.03796
32.96,46.4214,30.517,-0.49949,4.14002,1.92025,0.24076,3.91453,0.54197,-1.66739,1.3243,-0.10034,-0.25481,-0.0994,4.02312,1.48153,1.75021,2.14164,-0.04153,-0.10004,0.1794,-0.751,0.10712,-0.4394,-3.38846,0.31432,-0.14176,-0.01153,5.43196,-1.01032,0.22681,-2.02839,0.37619,0.03302,-0.03496
32.98,47.5994,32.66764,-1.02453,4.18074,2.03035,0.24618,3.84591,0.43104,-1.66745,1.3828,-0.10168,-0.25114,-0.10644,4.00019,1.32218,1.69634,2.16916,-0.04426,-0.0952,0.18255,-1.35936,-0.19568,-0.39505,-3.54485,0.29462,-0.13747,-0.00821,5.1931,-1.05576,0.22742,-2.13339,0.37244,0.03243,-0.03127
33,48.53989,34.27037,-1.44823,4.2101,2.1116,0.25073,3.77936,0.34998,-1.65894,1.42997,-0.10217,-0.24655,-0.11253,3.962,1.19205,1.64585,2.18154,-0.04671,-0.09033,0.18494,-1.95522,-0.48448,-0.34111,-3.73019,0.27749,-0.13511,-0.01018,4.96053,-1.06746,0.21995,-2.22485,0.36746,0.03197,-0.02725
33.02,49.28373,35.11002,-1.66353,4.23628,2.1583,0.25647,3.70919,0.3451,-1.63039,1.46859,-0.10164,-0.24055,-0.11779,3.90511,1.15426,1.61578,2.1712,-0.04891,-0.08629,0.18684,-2.34069,-0.72257,-0.28298,-3.8557,0.27305,-0.13716,-0.01875,4.69225,-1.02824,0.1988,-2.25145,0.36262,0.03213,-0.02311
33.04,49.8548,35.44808,-1.73945,4.25465,2.17481,0.26167,3.64082,0.37555,-1.59176,1.4958,-0.10051,-0.2337,-0.12209,3.83491,1.15502,1.59326,2.14838,-0.05071,-0.08289,0.18801,-2.71866,-0.95403,-0.2172,-4.03343,0.27194,-0.14212,-0.03248,4.46568,-0.96452,0.17519,-2.25386,0.35781,0.03212,-0.01935
33.06,50.28243,35.51821,-1.73955,4.26214,2.16835,0.26522,3.57786,0.40692,-1.55172,1.51101,-0.09905,-0.22659,-0.12539,3.75643,1.15164,1.56839,2.12195,-0.05211,-0.08,0.1884,-3.26282,-1.20814,-0.13914,-4.34524,0.26589,-0.14847,-0.04996,4.33568,-0.90608,0.15719,-2.26569,0.35268,0.03151,-0.01627
33.08,50.60275,35.32663,-1.62515,4.2637,2.14245,0.26859,3.51537,0.45999,-1.5048,1.51837,-0.09676,-0.21856,-0.12827,3.67217,1.17028,1.55163,2.08755,-0.05287,-0.0783,0.18805,-3.92965,-1.47643,-0.04707,-4.75849,0.25655,-0.15729,-0.07178,4.26864,-0.86552,0.14457,-2.2713,0.34785,0.0305,-0.01402
33.1,50.87051,34.80125,-1.41882,4.26044,2.09126,0.2696,3.45915,0.51588,-1.45838,1.51289,-0.09517,-0.21154,-0.12946,3.5776,1.19846,1.53322,2.05412,-0.0534,-0.07731,0.18717,-4.6253,-1.74954,0.05838,-5.20313,0.24774,-0.16588,-0.09412,4.29297,-0.83085,0.13762,-2.26392,0.3436,0.02836,-0.01304
33.12,51.1354,33.88238,-1.16485,4.25284,2.01041,0.26579,3.41741,0.54861,-1.42268,1.48964,-0.09619,-0.2082,-0.12766,3.46761,1.21559,1.49967,2.03368,-0.05426,-0.07619,0.18618,-5.26206,-2.02762,0.17402,-5.60036,0.24276,-0.17025,-0.11192,4.43491,-0.79625,0.13842,-2.24065,0.34,0.02408,-0.01393
33.14,51.38619,32.70898,-0.85127,4.24421,1.9126,0.25993,3.38386,0.58322,-1.39034,1.45801,-0.09801,-0.20637,-0.12465,3.35461,1.23986,1.46673,2.01661,-0.05491,-0.0758,0.18491,-5.91262,-2.30492,0.29498,-5.97329,0.2366,-0.17212,-0.12701,4.64499,-0.7929,0.14849,-2.20593,0.33723,0.01842,-0.01648
33.16,51.61602,31.4153,-0.47992,4.23615,1.80885,0.25408,3.35301,0.63563,-1.35588,1.42548,-0.09922,-0.20433,-0.12181,3.24764,1.28173,1.44487,1.99588,-0.05492,-0.07669,0.18321,-6.5923,-2.56282,0.41503,-6.3427,0.2259,-0.17335,-0.14091,4.87673,-0.83762,0.16702,-2.16591,0.33541,0.01211,-0.02026
33.18,51.83713,30.00264,-0.08344,4.22699,1.70061,0.24738,3.32557,0.69628,-1.32201,1.39188,-0.10058,-0.2029,-0.11878,3.14038,1.33383,1.42698,1.97593,-0.05466,-0.07821,0.18134,-7.16661,-2.78995,0.52334,-6.64862,0.21463,-0.172,-0.15078,5.10337,-0.92403,0.19302,-2.11641,0.33465,0.00473,-0.02539
33.2,52.03611,28.41859,0.32278,4.21978,1.58685,0.2395,3.30802,0.76534,-1.29151,1.356,-0.10152,-0.20185,-0.11559,3.04995,1.39306,1.41935,1.95154,-0.05359,-0.08074,0.17875,-7.66806,-2.92455,0.61109,-6.89247,0.20076,-0.16945,-0.15698,5.36937,-1.00044,0.21732,-2.06393,0.3352,-0.00236,-0.03088
33.22,52.1965,26.62688,0.72756,4.21804,1.467,0.23031,3.30675,0.84419,-1.26692,1.3164,-0.10138,-0.20078,-0.11229,2.99625,1.45895,1.42972,1.91611,-0.05107,-0.0847,0.1748,-8.14752,-2.87596,0.67112,-7.08581,0.18207,-0.16787,-0.16097,5.71666,-1.00001,0.2291,-2.01368,0.33748,-0.00745,-0.03544
33.24,52.32415,24.68768,1.10546,4.21645,1.34595,0.21962,3.31512,0.92742,-1.24657,1.27589,-0.10083,-0.20002,-0.10885,2.96266,1.52918,1.44847,1.87508,-0.04777,-0.08917,0.17007,-8.42847,-2.67429,0.6971,-7.18375,0.16482,-0.16513,-0.16112,6.06675,-0.92739,0.22826,-1.95913,0.3414,-0.01124,-0.03922
33.26,52.42948,22.68095,1.43629,4.2114,1.22898,0.20768,3.32708,1.0118,-1.22864,1.23745,-0.10036,-0.19971,-0.10539,2.93641,1.6027,1.46914,1.83262,-0.04423,-0.09348,0.16508,-8.35907,-2.3698,0.68692,-7.1476,0.1544,-0.15985,-0.15613,6.34896,-0.79457,0.2151,-1.89323,0.34679,-0.01443,-0.04244
33.28,52.53214,20.69354,1.7083,4.20569,1.11998,0.19499,3.34396,1.09511,-1.2146,1.20114,-0.10007,-0.19987,-0.10202,2.92226,1.67895,1.49328,1.78828,-0.04043,-0.09763,0.15986,-7.89214,-1.93195,0.63801,-6.94461,0.15254,-0.15254,-0.14601,6.53931,-0.58918,0.1869,-1.81071,0.35362,-0.01683,-0.0448
33.3,52.6106,18.52801,1.93642,4.19725,1.00872,0.18018,3.36695,1.18033,-1.20326,1.16641,-0.09925,-0.20028,-0.0985,2.92766,1.75534,1.52263,1.74102,-0.03625,-0.10174,0.15425,-7.172,-1.47895,0.57266,-6.67526,0.15589,-0.14512,-0.13423,6.72584,-0.23864,0.13146,-1.72947,0.36162,-0.01677,-0.04498
33.32,52.63328,15.93235,2.14933,4.18372,0.88202,0.16178,3.39661,1.27302,-1.19218,1.13261,-0.097,-0.20046,-0.09451,2.96125,1.83156,1.56059,1.68861,-0.03144,-0.10611,0.14797,-6.41669,-1.14763,0.51703,-6.47265,0.15959,-0.1401,-0.12511,7.01315,0.30893,0.03721,-1.6723,0.37011,-0.01296,-0.04197
33.34,52.66866,13.22297,2.33456,4.17046,0.75269,0.14171,3.43013,1.36633,-1.18289,1.10143,-0.09436,-0.20071,-0.09054,3.01338,1.90904,1.60402,1.6364,-0.02652,-0.11053,0.1417,-5.50249,-0.83626,0.45472,-6.23951,0.16756,-0.13604,-0.11611,7.31257,0.95791,-0.08428,-1.6199,0.37854,-0.00703,-0.03705
33.36,52.77969,10.67601,2.48604,4.16221,0.6322,0.12188,3.46434,1.45484,-1.17634,1.07425,-0.09216,-0.20139,-0.08698,3.07534,1.98905,1.65014,1.58898,-0.02193,-0.11477,0.13603,-4.33008,-0.45012,0.3697,-5.89545,0.1823,-0.13098,-0.10448,7.53337,1.62463,-0.21752,-1.55896,0.38637,-0.00074,-0.03156
33.38,52.93374,8.18828,2.63272,4.15934,0.51652,0.10272,3.49899,1.54308,-1.1706,1.04987,-0.08972,-0.20196,-0.08361,3.15413,2.07423,1.70345,1.54113,-0.01735,-0.11923,0.1306,-3.03352,-0.0096,0.26745,-5.49814,0.1995,-0.12516,-0.09143,7.68732,2.29209,-0.3578,-1.50329,0.39275,0.00481,-0.02615
33.4,53.16636,5.91563,2.75786,4.15952,0.40601,0.08341,3.53043,1.62047,-1.16704,1.02922,-0.08797,-0.20318,-0.08073,3.22888,2.15207,1.75021,1.50802,-0.01373,-0.1229,0.12645,-1.68107,0.44883,0.15895,-5.08919,0.21896,-0.11931,-0.07806,7.86666,2.93021,-0.50124,-1.45579,0.39767,0.0119,-0.02006
33.42,53.52601,4.04573,2.83179,4.15895,0.30031,0.06257,3.55411,1.67333,-1.16771,1.01348,-0.08808,-0.20614,-0.07875,3.27445,2.2067,1.77318,1.50992,-0.01227,-0.12431,0.12488,-0.32924,0.87423,0.05417,-4.70864,0.24092,-0.11403,-0.06541,8.1709,3.49362,-0.64428,-1.4312,0.4009,0.02347,-0.0125
33.44,53.92271,2.42773,2.88756,4.1591,0.20002,0.04235,3.57119,1.71311,-1.16921,1.00027,-0.08876,-0.20955,-0.07719,3.30896,2.24795,1.78518,1.52782,-0.01194,-0.12452,0.12475,0.94751,1.27768,-0.05127,-4.36357,0.26152,-0.1088,-0.05358,8.51088,3.95271,-0.77445,-1.43144,0.40185,0.03525,-0.00574
33.46,54.28056,0.93639,2.95055,4.16088,0.10706,0.02462,3.58242,1.74899,-1.16866,0.98748,-0.08908,-0.21231,-0.07568,3.34607,2.28263,1.796,1.54536,-0.0119,-0.12442,0.12499,2.12181,1.67826,-0.15922,-4.04407,0.27873,-0.10318,-0.04228,8.80331,4.30145,-0.88088,-1.46452,0.40049,0.04413,-0.00116
33.48,54.58458,-0.41946,3.00239,4.1594,0.01809,0.00808,3.58578,1.77347,-1.16656,0.97478,-0.08957,-0.21483,-0.07433,3.37308,2.29792,1.79586,1.57061,-0.01262,-0.12328,0.12603,3.17384,2.0432,-0.26362,-3.77152,0.29275,-0.09732,-0.03192,9.07819,4.52726,-0.96574,-1.57871,0.39615,0.05245,0.00233
33.5,54.84493,-1.59409,3.055,4.15894,-0.05898,-0.00517,3.58257,1.79613,-1.1615,0.96319,-0.08975,-0.2164,-0.07306,3.39356,2.30819,1.79281,1.59215,-0.01351,-0.12202,0.12722,4.08275,2.36318,-0.35794,-3.53772,0.30363,-0.09245,-0.02332,9.33747,4.68476,-1.02359,-1.67382,0.39241,0.05759,0.00395
33.52,55.09203,-2.54136,3.12932,4.16658,-0.11402,-0.01245,3.57508,1.83096,-1.15167,0.95376,-0.08901,-0.21623,-0.07175,3.41539,2.33542,1.79968,1.59477,-0.0137,-0.12186,0.12767,4.83497,2.65017,-0.43347,-3.32267,0.31171,-0.08999,-0.01716,9.55693,4.83957,-1.05016,-1.63123,0.39302,0.0562,0.00268
33.54,55.29493,-3.38737,3.20685,4.17245,-0.1607,-0.01731,3.56226,1.86689,-1.1384,0.94511,-0.088,-0.21511,-0.07047,3.42849,2.36104,1.80541,1.59022,-0.0137,-0.12194,0.1278,5.44581,2.88859,-0.49045,-3.14412,0.31732,-0.08893,-0.0129,9.71415,4.94864,-1.05897,-1.57694,0.39365,0.05244,0.0005
33.56,55.42347,-4.2378,3.27451,4.16898,-0.20964,-0.02247,3.54404,1.89628,-1.12291,0.93596,-0.08713,-0.21369,-0.06923,3.42772,2.37223,1.80268,1.58716,-0.01388,-0.12165,0.12789,5.934,3.06535,-0.53289,-3.01317,0.32072,-0.08826,-0.00994,9.79904,4.97865,-1.06066,-1.60687,0.39106,0.04943,-0.00121
33.58,55.5001,-5.06469,3.34387,4.15955,-0.25653,-0.02695,3.52191,1.92752,-1.10448,0.92643,-0.08623,-0.21173,-0.06806,3.41726,2.38224,1.7981,1.5797,-0.01399,-0.12144,0.12769,6.30488,3.19268,-0.56049,-2.91714,0.32239,-0.08845,-0.00832,9.80709,4.93301,-1.05089,-1.66916,0.38636,0.04552,-0.00318
33.6,55.53966,-5.9827,3.41442,4.13935,-0.31224,-0.0331,3.49884,1.95526,-1.08532,0.91729,-0.08536,-0.20977,-0.06686,3.39782,2.3857,1.79023,1.57256,-0.01386,-0.1216,0.12718,6.5794,3.2458,-0.57048,-2.85939,0.32274,-0.08933,-0.00809,9.75632,4.84883,-1.03847,-1.75606,0.37946,0.04221,-0.00484
33.62,55.55176,-7.12394,3.48575,4.10266,-0.39001,-0.04365,3.4786,1.97166,-1.06839,0.90916,-0.08456,-0.20843,-0.06553,3.3703,2.37506,1.77684,1.572,-0.01329,-0.12246,0.12639,6.78263,3.2026,-0.56187,-2.84573,0.32215,-0.09057,-0.00926,9.68487,4.7678,-1.03228,-1.8661,0.37038,0.04152,-0.00529
33.64,55.5639,-8.39303,3.57411,4.05668,-0.48006,-0.0565,3.4595,1.98826,-1.05145,0.90122,-0.08378,-0.20732,-0.0642,3.33721,2.36535,1.76391,1.57284,-0.01246,-0.12401,0.12536,6.92108,3.10299,-0.53951,-2.85901,0.32094,-0.0923,-0.01139,9.59538,4.65318,-1.02122,-1.97559,0.36002,0.04127,-0.00565
33.66,55.59203,-9.71712,3.69363,4.00724,-0.57486,-0.06999,3.44036,2.01327,-1.03289,0.89216,-0.08295,-0.2062,-0.06291,3.30012,2.36773,1.75563,1.57136,-0.01148,-0.12618,0.12413,7.00346,2.98335,-0.50909,-2.88584,0.31936,-0.09452,-0.01405,9.50309,4.4751,-0.99738,-2.07054,0.34919,0.03995,-0.00681
33.68,55.64352,-11.13491,3.85239,3.95456,-0.67968,-0.08479,3.42422,2.04359,-1.01456,0.88101,-0.08197,-0.20523,-0.0615,3.26111,2.38296,1.75308,1.56766,-0.01003,-0.1293,0.12247,7.04704,2.85101,-0.47353,-2.92471,0.31762,-0.09705,-0.01707,9.45997,4.24946,-0.96186,-2.13158,0.33867,0.03828,-0.00855
33.7,55.76853,-12.62961,4.04766,3.90212,-0.79064,-0.10089,3.40333,2.08217,-0.99388,0.87071,-0.08108,-0.20451,-0.06034,3.21338,2.40605,1.75193,1.56733,-0.00885,-0.13278,0.12106,7.05422,2.70524,-0.43056,-2.97263,0.31581,-0.0998,-0.02045,9.42108,4.01115,-0.92308,-2.17602,0.3287,0.03591,-0.01064
33.72,56.00537,-14.1802,4.27126,3.85273,-0.90188,-0.11802,3.36787,2.13316,-0.96691,0.86483,-0.08066,-0.20413,-0.05976,3.14701,2.43052,1.74627,1.57656,-0.0089,-0.13581,0.12073,7.0248,2.54482,-0.37742,-3.02799,0.31391,-0.10283,-0.02428,9.337,3.80159,-0.89006,-2.22523,0.31951,0.03247,-0.01285
33.74,56.33449,-15.77703,4.52854,3.80955,-1.01766,-0.13599,3.3252,2.19085,-0.93751,0.85983,-0.08034,-0.20399,-0.05947,3.06901,2.46083,1.74017,1.58884,-0.00922,-0.13905,0.12066,6.97192,2.39326,-0.32166,-3.08885,0.31201,-0.10584,-0.02818,9.28292,3.61679,-0.8572,-2.24991,0.31197,0.02872,-0.01494
33.76,56.72926,-17.41036,4.82284,3.77419,-1.14003,-0.15441,3.28098,2.25174,-0.9082,0.85287,-0.07985,-0.20395,-0.05917,2.98513,2.50113,1.7369,1.59845,-0.00908,-0.14295,0.12016,6.90583,2.27311,-0.2704,-3.15293,0.31014,-0.1087,-0.03189,9.32211,3.45225,-0.82157,-2.22476,0.30668,0.02526,-0.01665
33.78,57.16104,-19.10287,5.14561,3.74298,-1.26602,-0.17308,3.23052,2.31971,-0.87518,0.84544,-0.07957,-0.20397,-0.05869,2.88792,2.54882,1.73296,1.60726,-0.00894,-0.14705,0.11958,6.8314,2.19158,-0.22546,-3.22076,0.30822,-0.11171,-0.03559,9.46364,3.33572,-0.79069,-2.14775,0.3037,0.02238,-0.01743
33.8,57.74687,-20.6754,5.48004,3.7325,-1.39254,-0.1916,3.17573,2.38293,-0.84491,0.83929,-0.0791,-0.20403,-0.05899,2.78624,2.59522,1.72761,1.61492,-0.00842,-0.15133,0.11868,6.74188,2.1304,-0.18317,-3.28961,0.30654,-0.11391,-0.03884,9.60458,3.27249,-0.76196,-2.06189,0.3028,0.01999,-0.01714
33.82,58.61093,-21.94019,5.81141,3.76076,-1.51697,-0.20974,3.121,2.42775,-0.82608,0.83602,-0.07787,-0.20405,-0.06138,2.69355,2.63143,1.72126,1.62081,-0.00699,-0.15589,0.11708,6.6293,2.06812,-0.1399,-3.35675,0.30544,-0.1142,-0.04115,9.62832,3.26296,-0.72936,-2.01355,0.30368,0.01783,-0.0159
33.84,59.62825,-23.01329,6.13443,3.80905,-1.63638,-0.22715,3.06329,2.4657,-0.8098,0.83656,-0.07676,-0.20393,-0.06469,2.59727,2.66215,1.71158,1.62545,-0.00527,-0.16026,0.11521,6.51457,2.01715,-0.10065,-3.42329,0.30465,-0.11363,-0.04303,9.62457,3.30726,-0.69856,-1.97002,0.30624,0.01627,-0.01344
33.86,60.68225,-23.99389,6.44156,3.86258,-1.74888,-0.24355,3.00157,2.50519,-0.78973,0.84103,-0.07641,-0.20365,-0.06802,2.4892,2.69008,1.69692,1.62932,-0.00376,-0.16409,0.11344,6.41509,1.98934,-0.07039,-3.49034,0.30396,-0.11311,-0.04491,9.66989,3.41483,-0.67761,-1.90172,0.31035,0.01587,-0.00938
33.88,61.76774,-24.85217,6.71992,3.92655,-1.85356,-0.25917,2.94047,2.53939,-0.77125,0.84948,-0.07629,-0.20308,-0.07244,2.37922,2.70797,1.67731,1.63381,-0.00227,-0.16742,0.11168,6.32589,1.97813,-0.05009,-3.5592,0.30343,-0.11226,-0.04671,9.72383,3.60574,-0.66933,-1.81903,0.31578,0.01687,-0.00363
33.9,62.99639,-25.35416,6.95245,4.00005,-1.93978,-0.27199,2.87605,2.56923,-0.74875,0.86681,-0.07768,-0.20254,-0.0764,2.25822,2.71684,1.65028,1.63957,-0.00139,-0.16972,0.11051,6.26565,1.94619,-0.0319,-3.62419,0.30319,-0.11103,-0.04841,9.73812,3.79313,-0.66305,-1.76026,0.32159,0.01821,0.00273
33.92,64.47904,-25.26835,7.12749,4.0806,-1.99817,-0.27989,2.80317,2.59857,-0.71502,0.89732,-0.08212,-0.20281,-0.07777,2.11432,2.72002,1.61375,1.64711,-0.00182,-0.17053,0.11057,6.25773,1.85577,-0.00719,-3.67966,0.30328,-0.10931,-0.04996,9.6659,3.8799,-0.64889,-1.7622,0.32669,0.01851,0.00845
33.94,66.08858,-24.76593,7.24598,4.16842,-2.03413,-0.28452,2.73083,2.62181,-0.67918,0.93789,-0.08819,-0.20342,-0.07906,1.96483,2.7101,1.57028,1.65897,-0.00309,-0.17039,0.11157,6.28789,1.72296,0.01747,-3.7311,0.30361,-0.1072,-0.05148,9.54641,3.9153,-0.6341,-1.79365,0.33145,0.01848,0.01348
33.96,67.69849,-24.00968,7.31012,4.26169,-2.05225,-0.2873,2.66748,2.6351,-0.64879,0.98495,-0.09471,-0.20413,-0.08185,1.82355,2.68273,1.52247,1.67715,-0.00485,-0.16973,0.11329,6.33876,1.56192,0.03633,-3.78508,0.30401,-0.1048,-0.05309,9.41887,3.95588,-0.62925,-1.82414,0.33624,0.01893,0.01811
33.98,69.29454,-22.95776,7.32236,4.35728,-2.05192,-0.28785,2.6147,2.64185,-0.62333,1.03688,-0.102,-0.20567,-0.08473,1.68749,2.64136,1.47127,1.70232,-0.00729,-0.16854,0.11594,6.40419,1.35913,0.05187,-3.8454,0.30434,-0.10195,-0.05474,9.24459,4.00894,-0.64221,-1.86093,0.33941,0.0195,0.02237
34,70.97711,-21.48057,7.27116,4.45633,-2.0225,-0.28492,2.57154,2.63237,-0.60324,1.09952,-0.10999,-0.20685,-0.08946,1.56671,2.58329,1.41825,1.73576,-0.01044,-0.167,0.11961,6.49498,1.08616,0.07299,-3.90285,0.30459,-0.09913,-0.05663,9.11278,3.92757,-0.64051,-1.90534,0.34135,0.01918,0.02381
34.02,72.86063,-19.47413,7.14407,4.5618,-1.95441,-0.27757,2.53698,2.59341,-0.58975,1.17883,-0.11835,-0.20623,-0.09808,1.4749,2.50492,1.36526,1.77856,-0.01424,-0.16531,0.12434,6.61717,0.70886,0.11096,-3.94583,0.30483,-0.0969,-0.059,9.12887,3.56877,-0.5901,-1.95903,0.34322,0.01732,0.02034
34.04,74.80668,-17.07524,6.95588,4.66636,-1.85885,-0.26691,2.51368,2.53477,-0.58395,1.26595,-0.12679,-0.20519,-0.10801,1.40639,2.41231,1.31376,1.83076,-0.01873,-0.16348,0.13016,6.7442,0.25043,0.16055,-3.99019,0.30454,-0.09493,-0.06162,9.21084,3.1143,-0.5297,-2.01543,0.34392,0.01537,0.01509
34.06,76.68703,-14.427,6.72266,4.76456,-1.74638,-0.25409,2.50555,2.46465,-0.58763,1.35278,-0.13509,-0.20505,-0.11727,1.35849,2.30988,1.2653,1.89208,-0.02389,-0.16152,0.13698,6.84628,-0.26836,0.21759,-4.04951,0.30331,-0.09287,-0.06417,9.28707,2.70808,-0.49346,-2.06629,0.34263,0.0144,0.01064
34.08,78.53141,-11.55633,6.44812,4.8599,-1.6184,-0.23954,2.5162,2.3764,-0.6036,1.43895,-0.1431,-0.20545,-0.12632,1.34235,2.19594,1.22211,1.96174,-0.02961,-0.15939,0.1446,6.90112,-0.86781,0.28917,-4.11696,0.30146,-0.09049,-0.0663,9.37768,2.30361,-0.46841,-2.12254,0.33931,0.01395,0.00646
34.1,80.34646,-8.40284,6.1291,4.94223,-1.4694,-0.22164,2.52883,2.27766,-0.62334,1.52706,-0.15066,-0.20594,-0.13524,1.3397,2.07332,1.17998,2.04026,-0.03605,-0.15723,0.15337,6.96695,-1.47826,0.36865,-4.19537,0.29797,-0.08904,-0.06818,9.49439,1.91652,-0.45151,-2.16805,0.3347,0.01448,0.00295
34.12,82.13559,-4.9416,5.77387,5.0006,-1.29576,-0.19872,2.51956,2.18133,-0.63401,1.6208,-0.1576,-0.20611,-0.14395,1.32297,1.94803,1.13363,2.12718,-0.04332,-0.15534,0.1636,7.11851,-2.0114,0.45007,-4.28785,0.29176,-0.08985,-0.07009,9.64358,1.57193,-0.43987,-2.184,0.32991,0.01616,0.00038
34.14,83.89335,-1.34216,5.40707,5.04858,-1.10955,-0.17331,2.50319,2.08002,-0.64317,1.71395,-0.16378,-0.20608,-0.15233,1.31023,1.8187,1.08773,2.21826,-0.05102,-0.15347,0.17449,7.30291,-2.50679,0.54132,-4.37302,0.28403,-0.09153,-0.07118,9.81026,1.24426,-0.42708,-2.19378,0.32501,0.01833,-0.00155
34.16,85.60266,2.21742,5.04962,5.09658,-0.92386,-0.14785,2.49345,1.96871,-0.65767,1.80045,-0.16912,-0.20614,-0.16003,1.31584,1.68565,1.04642,2.30956,-0.05878,-0.15146,0.18531,7.48877,-3.00213,0.65181,-4.43129,0.27601,-0.09312,-0.07097,9.98131,0.92342,-0.41073,-2.21405,0.32063,0.02034,-0.00303
34.18,87.26233,5.61938,4.7184,5.14036,-0.74516,-0.12251,2.47656,1.85495,-0.66972,1.88197,-0.17361,-0.20636,-0.16665,1.32487,1.55564,1.00821,2.39844,-0.0663,-0.14973,0.19584,7.72271,-3.48817,0.79393,-4.46441,0.26809,-0.0951,-0.07031,10.16503,0.61155,-0.38262,-2.24229,0.31858,0.02151,-0.00463
34.2,88.9039,8.90738,4.42478,5.18839,-0.57231,-0.09771,2.46322,1.74118,-0.68302,1.95426,-0.17712,-0.20573,-0.17328,1.33703,1.42894,0.97302,2.48319,-0.07375,-0.14794,0.20593,8.04161,-3.89507,0.94223,-4.43594,0.26117,-0.0987,-0.06891,10.38548,0.30708,-0.34668,-2.26677,0.3212,0.02334,-0.00534
34.22,90.56331,12.16957,4.17629,5.24983,-0.40277,-0.07399,2.46942,1.62983,-0.70375,2.01339,-0.17959,-0.20282,-0.18155,1.35418,1.30515,0.94069,2.56284,-0.08144,-0.14567,0.21546,8.46186,-4.17563,1.06756,-4.30939,0.25594,-0.10568,-0.06686,10.66615,0.00864,-0.31035,-2.27558,0.33134,0.02775,-0.00396
34.24,92.20321,15.14161,3.99071,5.31777,-0.25219,-0.05236,2.47845,1.52745,-0.72359,2.06289,-0.18124,-0.19885,-0.18989,1.36672,1.19401,0.9121,2.63457,-0.0887,-0.14369,0.22405,8.95219,-4.42048,1.20062,-4.13184,0.25224,-0.11459,-0.0655,11.00638,-0.27896,-0.26419,-2.2822,0.35157,0.03336,-0.00171
34.26,93.7989,17.62636,3.87796,5.38707,-0.13155,-0.03373,2.47556,1.43769,-0.7357,2.10547,-0.1822,-0.19492,-0.19701,1.36549,1.10212,0.88734,2.69625,-0.09498,-0.14259,0.23138,9.4825,-4.70595,1.36872,-3.93982,0.24991,-0.12449,-0.06604,11.31332,-0.56338,-0.1988,-2.27601,0.35947,0.03632,0.00051
34.28,95.36887,19.71722,3.83365,5.45854,-0.03567,-0.01819,2.45942,1.36221,-0.73921,2.14188,-0.18243,-0.18977,-0.20407,1.34056,1.02852,0.86293,2.74784,-0.10059,-0.14211,0.23763,10.0682,-5.04568,1.56356,-3.71726,0.24816,-0.13726,-0.06937,11.59346,-0.84511,-0.11554,-2.25922,0.35945,0.0372,0.00295
34.3,96.82566,21.29115,3.85734,5.53469,0.0298,-0.00611,2.43958,1.29952,-0.73975,2.16819,-0.18219,-0.18568,-0.20908,1.31229,0.97557,0.84473,2.78857,-0.10485,-0.14241,0.24227,10.61652,-5.40517,1.7678,-3.51249,0.24913,-0.14862,-0.07387,11.8772,-1.10008,-0.02915,-2.23953,0.35957,0.03834,0.00701
34.32,98.09968,22.24335,3.94692,5.61751,0.05906,0.00247,2.42264,1.24918,-0.7417,2.18162,-0.18198,-0.18561,-0.2099,1.30079,0.94734,0.83903,2.81858,-0.10702,-0.14381,0.24477,11.02921,-5.74314,1.96838,-3.38266,0.2552,-0.15345,-0.07797,12.15935,-1.30665,0.04231,-2.21676,0.3594,0.04165,0.01441
34.34,99.23971,22.77748,4.08038,5.70158,0.06481,0.00766,2.39828,1.21127,-0.74,2.18857,-0.18176,-0.18676,-0.20913,1.28432,0.93817,0.837,2.83977,-0.10795,-0.14577,0.24591,11.38986,-6.10973,2.17631,-3.28525,0.26322,-0.15671,-0.08394,12.41649,-1.48778,0.10996,-2.19931,0.35885,0.04606,0.02374
34.36,100.27462,23.06049,4.23581,5.78216,0.05786,0.00959,2.35422,1.18688,-0.72864,2.19497,-0.18146,-0.18676,-0.20882,1.241,0.94369,0.8304,2.85298,-0.10835,-0.14783,0.24634,11.77334,-6.53085,2.39578,-3.18553,0.27129,-0.16187,-0.09266,12.63368,-1.669,0.18593,-2.19376,0.35777,0.05062,0.03346
34.38,101.18293,23.14935,4.40655,5.85798,0.03901,0.00889,2.28055,1.18178,-0.70281,2.2024,-0.18118,-0.18611,-0.20866,1.1598,0.96849,0.81765,2.85722,-0.10808,-0.15012,0.24594,12.16868,-6.9626,2.60938,-3.09876,0.2809,-0.1656,-0.10213,12.80955,-1.85547,0.26334,-2.19593,0.35577,0.05693,0.04379
34.4,101.89695,22.9171,4.54451,5.9296,0.00798,0.00349,2.2133,1.17783,-0.68122,2.20833,-0.18145,-0.18556,-0.20846,1.09672,0.99536,0.8056,2.85537,-0.10721,-0.15177,0.2449,12.5391,-7.37538,2.81103,-3.04231,0.29103,-0.17008,-0.11283,12.95621,-2.00943,0.33439,-2.2144,0.3523,0.06458,0.05354
34.42,102.3795,22.19168,4.58971,5.99764,-0.03123,-0.00884,2.19163,1.1534,-0.68402,2.21016,-0.18334,-0.18541,-0.20822,1.1119,1.00113,0.80011,2.85011,-0.10588,-0.15166,0.24344,12.83018,-7.72784,2.99301,-3.0181,0.29495,-0.17587,-0.12385,13.09136,-2.08765,0.39234,-2.25737,0.34684,0.07282,0.06081
34.44,102.67076,21.18713,4.56128,6.05831,-0.08048,-0.02594,2.17622,1.12813,-0.68983,2.21203,-0.18596,-0.18482,-0.20833,1.14302,1.00049,0.79205,2.83487,-0.10395,-0.15055,0.24113,13.07521,-7.98484,3.13495,-3.00539,0.29022,-0.17695,-0.13136,13.21396,-2.12377,0.43523,-2.31271,0.33877,0.08403,0.06455
34.46,102.80305,20.10315,4.46835,6.10943,-0.13603,-0.04543,2.13423,1.11664,-0.68127,2.21814,-0.18878,-0.18286,-0.20926,1.13643,1.00379,0.77265,2.80532,-0.10147,-0.14889,0.2378,13.31973,-8.14113,3.22863,-3.01301,0.28164,-0.17241,-0.13494,13.32116,-2.14548,0.46088,-2.36956,0.32727,0.10012,0.06284
34.48,102.79255,18.87241,4.26509,6.15244,-0.17782,-0.06638,2.07362,1.10841,-0.66282,2.22795,-0.19366,-0.17878,-0.21134,1.10318,0.99344,0.73888,2.76299,-0.09877,-0.14589,0.23377,13.51941,-8.17664,3.26968,-3.06235,0.26732,-0.16238,-0.1345,13.42004,-2.13867,0.46314,-2.42487,0.31154,0.12121,0.05247
34.5,102.5775,17.59282,4.01032,6.18661,-0.24908,-0.09053,2.01751,1.10214,-0.64397,2.23787,-0.19615,-0.17491,-0.21321,1.06662,0.98647,0.70552,2.70404,-0.09494,-0.14296,0.228,13.72052,-8.10408,3.26076,-3.12767,0.24719,-0.14885,-0.13058,13.54274,-2.06403,0.42507,-2.48184,0.29064,0.1483,0.03062
34.52,102.11467,16.41409,3.79581,6.21095,-0.40131,-0.11949,1.9897,1.09595,-0.63376,2.24238,-0.19056,-0.17388,-0.21297,1.05578,1.00872,0.69281,2.62265,-0.08866,-0.14206,0.2189,13.98145,-7.95194,3.20826,-3.1708,0.22187,-0.13472,-0.12398,13.72272,-1.8823,0.32743,-2.54296,0.26389,0.18211,-0.00598
34.54,101.50495,15.28224,3.55822,6.22604,-0.56696,-0.14817,1.96907,1.08057,-0.62336,2.24109,-0.18162,-0.17237,-0.2115,1.0463,1.03707,0.68625,2.52472,-0.08104,-0.14163,0.20776,14.23805,-7.71057,3.11517,-3.22641,0.19033,-0.11915,-0.11451,11.40785,-1.11829,-0.13905,-1.62603,-0.37718,0.04786,-0.0975
34.56,100.85371,14.15705,3.25971,6.23531,-0.69985,-0.17321,1.94126,1.05334,-0.60734,2.23493,-0.17359,-0.16847,-0.20967,1.02289,1.05447,0.67529,2.41943,-0.07323,-0.14062,0.19603,14.43755,-7.37374,2.98194,-3.31914,0.15285,-0.10245,-0.10228,7.12668,0.09224,-0.92618,0.11546,-1.4746,-0.23374,-0.25331
34.58,100.19676,13.11825,2.96448,6.23848,-0.82985,-0.19613,1.92613,1.01043,-0.59515,2.21842,-0.16419,-0.16385,-0.20619,1.02276,1.07019,0.67433,2.30827,-0.06472,-0.14004,0.18323,14.58314,-6.96236,2.81031,-3.42516,0.11175,-0.08939,-0.08844,1.12104,1.70982,-2.02815,2.62809,-2.95201,-0.66094,-0.4819
34.6,99.54014,12.06774,2.69079,6.23444,-0.93207,-0.21427,1.91193,0.96821,-0.58064,2.1963,-0.15476,-0.15816,-0.20212,1.01167,1.09364,0.67546,2.20409,-0.05678,-0.13945,0.17131,14.73071,-6.50954,2.63422,-3.54746,0.07228,-0.08217,-0.07523,-6.80931,3.75206,-3.48316,6.03354,-4.83691,-1.26201,-0.79866
34.62,98.91509,10.8694,2.44516,6.22607,-0.98127,-0.2257,1.88377,0.94748,-0.55592,2.17844,-0.1472,-0.15114,-0.19933,0.94922,1.12788,0.66528,2.12417,-0.05124,-0.13815,0.1629,14.94188,-6.05458,2.49281,-3.6915,0.04234,-0.08306,-0.06508,-16.79933,6.12761,-5.29351,10.41595,-7.12459,-2.05175,-1.21764
34.64,98.39518,9.65977,2.27343,6.21287,-1.01678,-0.23406,1.8656,0.93549,-0.53423,2.15941,-0.14005,-0.14461,-0.19659,0.89474,1.16625,0.65883,2.06501,-0.04716,-0.137,0.15679,15.1734,-5.60406,2.36956,-3.82571,0.02911,-0.1016,-0.0598,-28.73719,8.71643,-7.41685,15.752,-9.75423,-3.03507,-1.74015
34.66,98.02114,8.54805,2.20098,6.19361,-1.06334,-0.24153,1.87456,0.92009,-0.52564,2.13418,-0.13231,-0.13974,-0.19285,0.89008,1.2038,0.66735,2.02064,-0.04361,-0.13663,0.15168,15.38928,-5.16204,2.25218,-3.92302,0.04237,-0.14833,-0.0628,-42.08483,11.39995,-9.76177,21.84694,-12.5862,-4.19335,-2.34627
34.68,97.79207,7.48197,2.23033,6.16761,-1.11773,-0.24768,1.90874,0.90626,-0.52902,2.10514,-0.1235,-0.13645,-0.18856,0.92535,1.24295,0.68877,1.9925,-0.04071,-0.13705,0.14773,15.61619,-4.75401,2.16327,-3.97047,0.09641,-0.23154,-0.07936,-55.91496,13.93882,-12.1633,28.34395,-15.40063,-5.4662,-2.9967
34.7,97.67686,6.52438,2.34269,6.13501,-1.16472,-0.25177,1.95601,0.89781,-0.54086,2.07749,-0.11625,-0.13508,-0.18452,0.97936,1.28062,0.71499,1.98476,-0.03927,-0.13765,0.14604,15.38636,-4.13447,1.9343,-3.38558,0.05955,-0.26,-0.04905,-69.07924,16.03347,-14.35508,34.71627,-17.93518,-6.78248,-3.64375
34.72,97.64188,5.75702,2.50925,6.09689,-1.18779,-0.25309,2.00433,0.89625,-0.55766,2.05698,-0.11331,-0.13619,-0.18146,1.03174,1.31186,0.7377,2.00084,-0.04009,-0.13779,0.14767,14.49408,-3.21395,1.48811,-1.92153,-0.10931,-0.1998,0.05194,-80.54384,17.42067,-16.04049,40.43635,-19.96298,-8.08039,-4.24132
34.74,97.711,5.12105,2.72777,6.05304,-1.20116,-0.2521,2.06289,0.89743,-0.58236,2.04085,-0.11187,-0.13948,-0.17879,1.09652,1.33963,0.76325,2.03399,-0.0422,-0.13801,0.15125,13.12874,-2.14228,0.91451,0.18898,-0.32115,-0.10204,0.18831,-89.53629,18.03374,-17.1095,45.21676,-21.34232,-9.29725,-4.73355
34.76,97.91385,4.57979,2.99152,6.00464,-1.21891,-0.24951,2.14067,0.89553,-0.6184,2.02561,-0.10944,-0.14455,-0.17587,1.19075,1.36426,0.79753,2.07737,-0.04469,-0.13871,0.15551,11.1941,-0.90944,0.1934,3.02933,-0.57467,0.04329,0.36363,-95.60618,17.93527,-17.55803,48.92669,-22.00915,-10.38722,-5.07165
34.78,98.2571,4.14708,3.27467,5.95489,-1.23634,-0.24561,2.23496,0.88749,-0.6651,2.01256,-0.10641,-0.15131,-0.17281,1.31279,1.38083,0.83806,2.12955,-0.04761,-0.13961,0.16043,8.65988,0.48482,-0.68998,6.63796,-0.86173,0.24657,0.57759,-98.64989,17.18396,-17.36713,51.50426,-21.96188,-11.32451,-5.22715
34.8,98.72114,3.85012,3.55608,5.90387,-1.24663,-0.23898,2.3331,0.88043,-0.7161,2.00504,-0.10452,-0.15947,-0.17002,1.4352,1.39598,0.87938,2.19135,-0.05127,-0.14048,0.16647,5.54158,2.01304,-1.7294,10.97011,-1.16361,0.51084,0.82102,-98.8334,15.84129,-16.54296,53.00639,-21.25434,-12.12287,-5.21159
34.82,99.26507,3.71725,3.81582,5.85036,-1.24154,-0.22786,2.42049,0.88332,-0.76353,2.00612,-0.10577,-0.16861,-0.16792,1.52415,1.41998,0.91647,2.2615,-0.05576,-0.14119,0.17382,1.92775,3.60612,-2.88652,15.85003,-1.44713,0.82672,1.07261,-96.55987,14.03479,-15.16216,53.60954,-19.99479,-12.80794,-5.06077
34.84,99.91821,3.70903,4.0371,5.79941,-1.22542,-0.2141,2.50525,0.8864,-0.81094,2.01294,-0.10835,-0.17829,-0.16613,1.59677,1.44478,0.95192,2.33284,-0.06047,-0.14187,0.18144,-1.95583,5.16726,-4.10081,20.98927,-1.6725,1.18745,1.30997,-92.49692,12.0325,-13.45376,53.55411,-18.34415,-13.34419,-4.77521
34.86,100.71206,3.7946,4.2103,5.75737,-1.2022,-0.19933,2.59436,0.88255,-0.86127,2.02351,-0.11061,-0.18817,-0.16438,1.67175,1.46248,0.98796,2.40054,-0.06492,-0.14257,0.18857,-5.79186,6.59531,-5.3024,26.04362,-1.80432,1.58495,1.51172,-87.42277,10.10581,-11.68499,53.13583,-16.48961,-13.7155,-4.38486
34.88,101.63547,3.97437,4.32973,5.72613,-1.16846,-0.18344,2.67817,0.8778,-0.90904,2.03982,-0.11358,-0.19784,-0.16303,1.73634,1.47557,1.02184,2.46316,-0.06908,-0.14324,0.19518,-9.31823,7.80678,-6.41615,30.69564,-1.82387,1.9997,1.65954,-82.00696,8.3912,-10.01895,52.62207,-14.60399,-13.96029,-3.95938
34.9,102.66559,4.20095,4.39165,5.7013,-1.13167,-0.16782,2.75837,0.87,-0.95498,2.06084,-0.11672,-0.20713,-0.16211,1.77471,1.48934,1.05087,2.51882,-0.07293,-0.144,0.20119,-12.39875,8.74488,-7.39875,34.77518,-1.73453,2.41331,1.74856,-76.82891,6.95786,-8.55642,52.15742,-12.79757,-14.07291,-3.51054
34.92,103.74484,4.43494,4.39555,5.67441,-1.09594,-0.15316,2.83705,0.85802,-0.99988,2.08579,-0.11934,-0.21594,-0.16174,1.76587,1.51101,1.07167,2.56594,-0.0765,-0.14501,0.20662,-15.0125,9.37416,-8.23832,38.24403,-1.55666,2.81039,1.78599,-72.2504,5.79184,-7.31131,51.83219,-11.13342,-14.05636,-3.05489
34.94,104.8607,4.67904,4.35103,5.64769,-1.05887,-0.13975,2.9073,0.84673,-1.03995,2.11568,-0.1222,-0.22407,-0.16208,1.72082,1.53536,1.08458,2.60461,-0.07968,-0.14617,0.21136,-17.15806,9.73944,-8.93454,41.08241,-1.32874,3.17824,1.78674,-68.33491,4.90786,-6.32377,51.69292,-9.67569,-13.96842,-2.64393
34.96,106.00265,4.94605,4.2734,5.62553,-1.01665,-0.1275,2.96234,0.84088,-1.0714,2.15125,-0.12595,-0.23122,-0.16335,1.65059,1.55914,1.09028,2.63671,-0.08245,-0.14736,0.21551,-18.87049,9.89417,-9.48673,43.32574,-1.09127,3.51038,1.76744,-65.06231,4.27847,-5.59175,51.75602,-8.45551,-13.86056,-2.30675
34.98,107.09763,5.26728,4.18102,5.60189,-0.95983,-0.11501,2.9912,0.84882,-1.08762,2.19443,-0.1311,-0.23672,-0.16623,1.5283,1.59261,1.08502,2.66349,-0.08508,-0.14865,0.21951,-20.23581,9.86251,-9.91735,45.09572,-0.87095,3.80615,1.74262,-62.35546,3.80366,-5.01785,52.0868,-7.4575,-13.76924,-2.05386
35,108.19901,5.53571,4.08117,5.58635,-0.91536,-0.10644,3.02358,0.85013,-1.10555,2.23499,-0.13559,-0.24208,-0.1689,1.42006,1.61972,1.07761,2.6902,-0.08734,-0.14989,0.22319,-21.34322,9.71097,-10.23736,46.41165,-0.68815,4.05637,1.72019,-60.34424,3.5371,-4.69075,52.37668,-6.67736,-13.63741,-1.83765
35.02,109.36406,5.62412,3.97678,5.59493,-0.91446,-0.10636,3.09927,0.81789,-1.14726,2.25814,-0.13673,-0.24924,-0.16871,1.40655,1.6251,1.0804,2.72183,-0.08887,-0.15097,0.22626,-22.28736,9.50137,-10.45013,47.27939,-0.55438,4.25481,1.70476,-59.20365,3.54216,-4.73516,52.27715,-6.10448,-13.39911,-1.61195
35.04,110.47101,5.6396,3.89218,5.61764,-0.93009,-0.11032,3.18042,0.77653,-1.19061,2.27135,-0.13654,-0.25587,-0.16755,1.41517,1.62801,1.08368,2.75556,-0.09005,-0.15203,0.22917,-23.12615,9.23469,-10.58224,47.87496,-0.47087,4.41523,1.70228,-58.56927,3.64432,-4.93493,52.08099,-5.68464,-13.14047,-1.42023
35.06,111.43297,5.68094,3.84925,5.64225,-0.9373,-0.11415,3.23732,0.74649,-1.21852,2.28258,-0.137,-0.26033,-0.16714,1.38253,1.64437,1.07913,2.78813,-0.09121,-0.15323,0.23223,-23.90306,8.92278,-10.6736,48.35808,-0.4341,4.55407,1.71561,-58.15677,3.72481,-5.12543,52.00601,-5.37066,-12.92752,-1.2867
35.08,112.28782,5.68384,3.85629,5.66593,-0.94714,-0.11873,3.28915,0.71722,-1.24192,2.28377,-0.13733,-0.26365,-0.16612,1.32605,1.67337,1.07143,2.81817,-0.09218,-0.15472,0.23518,-24.69638,8.59727,-10.76567,48.78945,-0.43738,4.6834,1.74398,-58.03936,3.81713,-5.37252,51.9283,-5.13845,-12.7288,-1.18436
35.1,112.98844,5.71432,3.89126,5.70321,-0.94901,-0.12347,3.32341,0.68884,-1.25493,2.28351,-0.13706,-0.26512,-0.16557,1.26553,1.69694,1.05914,2.84739,-0.09288,-0.15618,0.23778,-25.46733,8.28617,-10.8129,49.15196,-0.48123,4.78566,1.78396,-57.94819,3.8643,-5.54205,51.79451,-4.96176,-12.54826,-1.10603
35.12,113.48775,5.8728,3.91759,5.77316,-0.92783,-0.12751,3.32555,0.66127,-1.25085,2.2941,-0.13581,-0.26402,-0.16696,1.22171,1.69298,1.03969,2.87766,-0.0932,-0.1572,0.23974,-26.17819,8.02265,-10.76658,49.40138,-0.56716,4.8385,1.83089,-57.5993,3.82254,-5.48204,51.59144,-4.81623,-12.39736,-1.05011
35.14,113.87428,6.06108,3.94687,5.85489,-0.89652,-0.13096,3.31537,0.6301,-1.24098,2.30679,-0.13403,-0.26182,-0.16888,1.17787,1.67832,1.0163,2.90448,-0.09324,-0.15816,0.24115,-26.91459,7.80237,-10.70323,49.63974,-0.68128,4.87288,1.88372,-57.20471,3.73349,-5.32329,51.29928,-4.68929,-12.25832,-1.00569
35.16,114.23057,6.21462,3.98429,5.92893,-0.86445,-0.13372,3.30767,0.59299,-1.23391,2.31546,-0.13233,-0.25976,-0.17028,1.11689,1.66758,0.9907,2.92537,-0.0932,-0.15921,0.24224,-27.73472,7.62129,-10.69648,49.96113,-0.81063,4.91647,1.94214,-56.91043,3.63094,-5.17013,50.94015,-4.56936,-12.12285,-0.96807
35.18,114.56912,6.39769,3.9948,6.00218,-0.82793,-0.13591,3.30709,0.5446,-1.23326,2.32217,-0.13034,-0.25839,-0.17087,1.05699,1.6479,0.96248,2.94189,-0.09298,-0.16008,0.24288,-28.63754,7.49719,-10.74953,50.35002,-0.95184,4.96377,2.00305,-56.62866,3.53632,-4.99908,50.55452,-4.44223,-11.99154,-0.93715
35.2,114.88052,6.50048,3.98456,6.06551,-0.79158,-0.1374,3.29119,0.49533,-1.2273,2.3369,-0.12898,-0.25654,-0.17286,0.9853,1.62582,0.93048,2.954,-0.093,-0.1606,0.24358,-29.54574,7.38537,-10.78996,50.78554,-1.10291,5.01107,2.06316,-56.32009,3.35842,-4.76205,50.01868,-4.31981,-11.86088,-0.90841
35.22,115.14376,6.3738,3.96862,6.10744,-0.76024,-0.13804,3.23139,0.45732,-1.2011,2.37133,-0.12929,-0.25268,-0.17883,0.88248,1.61139,0.89287,2.96189,-0.09382,-0.16055,0.24504,-30.37281,7.21924,-10.72494,51.24472,-1.26356,5.0543,2.11899,-55.97379,2.99097,-4.41056,49.20233,-4.21818,-11.72685,-0.87711
35.24,115.3344,6.13986,3.91362,6.13298,-0.73336,-0.13848,3.15296,0.41947,-1.16874,2.4147,-0.13024,-0.24832,-0.18631,0.77378,1.59281,0.85119,2.96609,-0.09496,-0.15983,0.24669,-31.16931,7.0418,-10.63168,51.73549,-1.42588,5.09672,2.16869,-55.61581,2.55203,-4.01655,48.25956,-4.12,-11.59232,-0.84809
35.26,115.41369,5.89258,3.79335,6.14514,-0.71013,-0.13923,3.0766,0.37145,-1.14207,2.45654,-0.13099,-0.24478,-0.19298,0.67764,1.56152,0.80686,2.96608,-0.09604,-0.15839,0.24802,-31.98614,6.88945,-10.58241,52.27043,-1.58309,5.14252,2.21108,-55.28348,2.13947,-3.64161,47.33486,-4.01154,-11.45975,-0.82617
35.28,115.3115,5.57602,3.59816,6.14153,-0.68617,-0.14011,2.9859,0.31075,-1.11444,2.49931,-0.13137,-0.24148,-0.19921,0.58816,1.51501,0.75715,2.96149,-0.09742,-0.15581,0.24937,-32.79786,6.74007,-10.54981,52.82824,-1.73533,5.18494,2.24383,-54.99697,1.72811,-3.27026,46.41261,-3.89683,-11.32612,-0.8103
35.3,114.87709,5.19362,3.38644,6.10988,-0.68001,-0.1418,2.89079,0.2596,-1.08593,2.53541,-0.13204,-0.23764,-0.20528,0.50812,1.47269,0.71065,2.94796,-0.09825,-0.15313,0.24981,-33.56144,6.58308,-10.50693,53.37054,-1.87375,5.22866,2.26505,-54.75093,1.31509,-2.92444,45.45784,-3.79308,-11.19953,-0.80126
35.32,113.93343,4.75682,3.23548,6.03545,-0.71379,-0.14501,2.80931,0.24412,-1.05914,2.55478,-0.13374,-0.23245,-0.2113,0.44527,1.46035,0.67993,2.92027,-0.09735,-0.15174,0.24811,-34.20958,6.39933,-10.4317,53.91013,-1.98734,5.28895,2.27606,-54.50051,0.89081,-2.62313,44.50266,-3.71536,-11.09613,-0.8031
35.34,112.4592,4.25331,3.0921,5.92779,-0.76463,-0.14893,2.72256,0.24043,-1.03077,2.55928,-0.13501,-0.22619,-0.21623,0.39404,1.45631,0.65555,2.88031,-0.0957,-0.15042,0.24512,-34.81737,6.19589,-10.33402,54.38447,-2.08367,5.34674,2.27512,-54.32037,0.46963,-2.35545,43.54188,-3.65413,-11.00127,-0.8095
35.36,110.43082,3.68312,2.91679,5.79557,-0.81327,-0.15278,2.61974,0.22817,-1.00043,2.54816,-0.13448,-0.21955,-0.2187,0.35261,1.44347,0.63114,2.82928,-0.094,-0.1483,0.2414,-35.44246,5.97918,-10.23317,54.78594,-2.1698,5.39083,2.26359,-54.2346,0.06275,-2.11034,42.6236,-3.59704,-10.90604,-0.81723
35.38,107.73371,3.04639,2.75825,5.63077,-0.86667,-0.15629,2.51568,0.21732,-0.97275,2.51334,-0.13182,-0.21228,-0.21825,0.33192,1.43849,0.61686,2.7639,-0.09136,-0.14629,0.23613,-35.98824,5.71737,-10.14061,55.3117,-2.24185,5.45121,2.25416,-54.05836,-0.37414,-1.85475,41.98493,-3.53459,-10.83371,-0.83841
35.4,104.4929,2.41602,2.5832,5.44681,-0.91538,-0.15962,2.39491,0.20267,-0.9426,2.45843,-0.12701,-0.20449,-0.2148,0.30627,1.41803,0.59828,2.6879,-0.08914,-0.14346,0.23032,-36.76118,5.47775,-9.9992,55.44067,-2.31751,5.46248,2.22822,-54.12471,-0.77825,-1.6442,40.9742,-3.49476,-10.72825,-0.83243
35.42,100.89674,1.84491,2.3491,5.26128,-0.94976,-0.163,2.24332,0.17823,-0.9056,2.38932,-0.12035,-0.19831,-0.20705,0.25037,1.35521,0.55947,2.60569,-0.08882,-0.13877,0.22508,-38.10858,5.3164,-9.73263,54.54778,-2.42087,5.33956,2.15795,-54.77554,-1.10506,-1.52747,38.8358,-3.50846,-10.52099,-0.75217
35.44,96.86027,1.30756,2.11459,5.06211,-0.97518,-0.16543,2.08999,0.14921,-0.87369,2.29585,-0.11077,-0.19211,-0.19549,0.19809,1.28042,0.52091,2.51353,-0.08867,-0.13357,0.21912,-39.71506,5.15163,-9.39406,53.28918,-2.54717,5.168,2.07679,-55.46857,-1.43713,-1.40693,36.32387,-3.52981,-10.27477,-0.63966
35.46,92.40646,0.77419,1.9184,4.84408,-0.99607,-0.16632,1.95781,0.11814,-0.85514,2.17328,-0.09777,-0.18558,-0.18018,0.17441,1.21318,0.49667,2.41089,-0.08749,-0.12883,0.21169,-41.35022,4.93547,-9.05183,52.23504,-2.69356,5.02385,2.01646,-55.76983,-1.83241,-1.21761,34.05469,-3.51666,-10.03941,-0.52771
35.48,87.78296,0.21087,1.74433,4.61933,-1.0148,-0.16624,1.85649,0.0876,-0.85298,2.03408,-0.08278,-0.18508,-0.15814,0.175,1.14263,0.48164,2.30186,-0.08579,-0.1243,0.20327,-43.10025,4.64895,-8.68588,51.25633,-2.87387,4.87558,1.96728,-55.66105,-2.31986,-0.96046,31.81722,-3.47082,-9.78754,-0.39863
35.5,83.11863,-0.25385,1.59444,4.39209,-1.02034,-0.16434,1.75631,0.05402,-0.84667,1.87586,-0.06496,-0.17427,-0.14137,0.19147,1.07237,0.47374,2.19133,-0.08383,-0.11962,0.19453,-45.10038,4.42173,-8.29275,50.24083,-3.09647,4.75112,1.93964,-55.25818,-2.72017,-0.68519,29.52525,-3.38554,-9.52846,-0.25836
35.52,78.53324,-0.53118,1.48804,4.16767,-1.00329,-0.16009,1.60412,0.02221,-0.78485,1.70009,-0.04253,-0.12955,-0.14233,0.2112,1.00589,0.46992,2.08333,-0.08181,-0.11464,0.18604,-47.49933,4.4662,-7.88151,49.00078,-3.36515,4.68763,1.94576,-54.71907,-2.80839,-0.45732,27.08481,-3.25675,-9.27335,-0.11495
35.54,74.38988,-0.8021,1.41259,3.95806,-0.98049,-0.15491,1.45729,0.0168,-0.68767,1.56779,-0.01631,-0.07023,-0.14539,0.24196,0.9384,0.47043,1.98085,-0.07981,-0.10967,0.17783,-50.18017,4.68457,-7.49007,47.69121,-3.67921,4.66012,1.97297,-53.84402,-2.7455,-0.23423,24.63433,-3.07911,-9.01145,0.03484
35.56,70.98945,-1.13763,1.33654,3.77369,-0.96352,-0.15003,1.3728,0.03873,-0.60908,1.50389,0.00854,-0.01843,-0.14629,0.2872,0.86806,0.47466,1.88882,-0.07798,-0.10505,0.17019,-53.01089,4.93494,-7.12915,46.43705,-4.03471,4.64387,2.00666,-52.47537,-2.68496,0.01478,22.29766,-2.85189,-8.73855,0.18987
35.58,68.48678,-1.44257,1.23759,3.62302,-0.94724,-0.14591,1.33879,0.07727,-0.55552,1.50657,0.03454,0.03671,-0.14789,0.33101,0.79286,0.47591,1.81315,-0.07668,-0.10086,0.16377,-55.9951,5.26966,-6.74177,44.87194,-4.4286,4.62273,2.03174,-50.68932,-2.57459,0.25375,19.87405,-2.5914,-8.44745,0.35126
35.6,66.92083,-1.78002,1.14685,3.50685,-0.93966,-0.14228,1.37195,0.11603,-0.55339,1.53612,0.05573,0.07525,-0.14945,0.38496,0.73292,0.48444,1.75922,-0.07616,-0.0972,0.15932,-59.20296,5.68356,-6.47164,43.62637,-4.84765,4.64933,2.07453,-48.67792,-2.35707,0.47215,17.83364,-2.2758,-8.17824,0.49524
35.62,66.26988,-2.26729,1.12111,3.42257,-0.95121,-0.13873,1.4576,0.15123,-0.58215,1.55905,0.0654,0.08174,-0.15834,0.45804,0.71206,0.5117,1.73068,-0.0766,-0.09435,0.15751,-62.73133,6.13784,-6.45641,43.56316,-5.27752,4.78562,2.17595,-46.6632,-1.9852,0.66883,16.63202,-1.88444,-7.97224,0.60266
35.64,66.59506,-2.81987,1.12953,3.37767,-0.97425,-0.13668,1.56031,0.19012,-0.60973,1.60373,0.06976,0.08063,-0.17052,0.53237,0.71643,0.546,1.73164,-0.07821,-0.09262,0.15858,-66.49611,6.56472,-6.50729,43.90579,-5.71749,4.96674,2.29972,-44.53269,-1.58476,0.85939,15.72412,-1.45705,-7.78904,0.69574
35.66,67.88656,-3.37401,1.14806,3.37545,-1.00441,-0.13726,1.6598,0.23221,-0.62882,1.68129,0.07401,0.08719,-0.18165,0.59369,0.73704,0.57836,1.76554,-0.08109,-0.09216,0.16263,-70.34111,6.92525,-6.47199,43.94554,-6.16627,5.12967,2.40616,-42.18397,-1.25394,1.05141,14.70971,-1.02594,-7.59706,0.78898
35.68,70.01129,-3.97882,1.20891,3.40488,-1.04703,-0.13989,1.73991,0.28328,-0.63068,1.78552,0.07644,0.0962,-0.19213,0.62869,0.78945,0.61034,1.83067,-0.08511,-0.09318,0.16961,-74.12957,7.28803,-6.36411,43.78255,-6.62258,5.28263,2.50158,-39.68824,-0.97323,1.2567,13.62631,-0.5958,-7.40725,0.88
35.7,72.80354,-4.59848,1.2886,3.47111,-1.09396,-0.14522,1.84096,0.33135,-0.63674,1.90917,0.0774,0.10517,-0.20341,0.69118,0.8618,0.65212,1.93151,-0.09037,-0.09477,0.17991,-78.15762,7.44791,-6.25532,43.87538,-7.0637,5.45194,2.60057,-37.08859,-0.82426,1.46987,12.82759,-0.15292,-7.23339,0.95568
35.72,76.00396,-5.17637,1.3522,3.58364,-1.13307,-0.15385,2.02105,0.35751,-0.67699,2.03921,0.07754,0.11185,-0.21661,0.85323,0.93147,0.716,2.06827,-0.09693,-0.09539,0.19362,-82.73285,7.16736,-6.2533,44.79719,-7.46042,5.67429,2.72383,-34.35042,-0.85322,1.68466,12.65497,0.31571,-7.08637,1.00465
35.74,79.31931,-5.74324,1.44111,3.72222,-1.1686,-0.16395,2.23633,0.3736,-0.72943,2.16667,0.0768,0.11642,-0.22975,1.06275,1.00742,0.7907,2.22409,-0.10406,-0.09533,0.20916,-87.33733,6.76965,-6.30382,46.07864,-7.83179,5.9153,2.85665,-31.45646,-0.92994,1.89947,12.70628,0.7816,-6.95224,1.0427
35.76,82.52496,-6.31194,1.5879,3.86396,-1.20455,-0.17391,2.43741,0.39142,-0.77162,2.28691,0.07579,0.12112,-0.24073,1.25971,1.1007,0.86385,2.38424,-0.11112,-0.09511,0.22511,-91.62501,6.48518,-6.31489,47.21885,-8.19414,6.13748,2.97846,-28.47307,-0.98956,2.11192,12.67577,1.22172,-6.82081,1.08128
35.78,85.38811,-6.85097,1.77996,3.99489,-1.23457,-0.18289,2.6316,0.40282,-0.80869,2.39071,0.07429,0.12508,-0.24938,1.45358,1.20587,0.93705,2.53881,-0.11824,-0.09383,0.24096,-95.63439,6.18411,-6.34541,48.522,-8.52597,6.36845,3.10196,-25.42782,-1.05341,2.33267,12.71395,1.64042,-6.6987,1.11622
35.8,87.65609,-7.30486,2.00277,4.12763,-1.25318,-0.1907,2.84184,0.41052,-0.85236,2.46918,0.07308,0.12618,-0.2563,1.6684,1.29883,1.00867,2.68007,-0.12397,-0.09176,0.25497,-99.50184,6.04807,-6.35386,49.68435,-8.85805,6.56405,3.21106,-22.39108,-1.06734,2.50107,12.77539,2.03588,-6.5809,1.14765
35.82,89.08572,-7.62692,2.23686,4.28666,-1.25909,-0.19764,3.09746,0.41974,-0.91707,2.51203,0.07313,0.1222,-0.26187,1.93598,1.34724,1.07509,2.80001,-0.12637,-0.08952,0.26495,-103.49875,6.24126,-6.19652,50.25691,-9.23675,6.6574,3.27882,-19.45077,-0.99314,2.55276,12.79779,2.40635,-6.46136,1.17404
35.84,89.60496,-7.83348,2.46729,4.4391,-1.25206,-0.20265,3.36549,0.42554,-0.98976,2.52027,0.07331,0.11504,-0.26477,2.22248,1.36446,1.13202,2.88788,-0.12686,-0.08609,0.27138,-107.45155,6.52516,-5.90884,50.6092,-9.62103,6.69672,3.32257,-16.61951,-0.90132,2.55537,12.84124,2.75305,-6.34626,1.1946
35.86,89.25152,-7.93516,2.68018,4.55205,-1.23267,-0.20478,3.61156,0.42303,-1.0568,2.5006,0.07298,0.10692,-0.26457,2.48996,1.3697,1.17834,2.93846,-0.12672,-0.08103,0.27501,-111.19883,6.73192,-5.55609,51.03146,-9.97713,6.72863,3.35932,-13.92176,-0.84413,2.57272,12.92356,3.07568,-6.24041,1.2112
35.88,88.02022,-7.88661,2.84764,4.63458,-1.20139,-0.2048,3.85404,0.40634,-1.12839,2.44865,0.0725,0.09684,-0.26169,2.762,1.34859,1.21543,2.95102,-0.12503,-0.07496,0.27505,-114.94756,6.87862,-5.07672,51.4634,-10.32344,6.74066,3.38706,-11.3945,-0.80596,2.58867,13.05249,3.37546,-6.14372,1.2228
35.9,86.01126,-7.78977,2.96774,4.68139,-1.15886,-0.20191,4.05791,0.39356,-1.18918,2.38962,0.07193,0.08712,-0.25761,2.99548,1.31305,1.23765,2.93173,-0.12357,-0.06744,0.27315,-118.45873,7.05318,-4.56455,51.70908,-10.64974,6.72203,3.39442,-9.07137,-0.80399,2.60796,13.11988,3.65455,-6.0495,1.23102
35.92,83.40338,-7.78348,3.05048,4.68523,-1.10753,-0.19528,4.1841,0.40654,-1.22075,2.35727,0.0719,0.08038,-0.25494,3.13446,1.2819,1.24,2.89165,-0.12453,-0.05798,0.27157,-121.51406,7.37752,-4.15036,51.5381,-10.94373,6.65974,3.36627,-7.00321,-0.85514,2.64398,13.01706,3.91607,-5.95026,1.23785
35.94,80.30381,-7.78858,3.07733,4.6552,-1.05334,-0.187,4.27351,0.42336,-1.24302,2.33151,0.07252,0.07409,-0.25311,3.23064,1.24118,1.2315,2.83164,-0.12577,-0.0481,0.26883,-124.44851,7.72694,-3.76777,51.15749,-11.21912,6.57418,3.31986,-5.17081,-0.92888,2.69022,12.85294,4.16014,-5.85293,1.24211
35.96,76.81456,-7.74653,3.04173,4.59871,-1.00018,-0.17862,4.3551,0.42703,-1.26935,2.29414,0.07352,0.06668,-0.25088,3.32225,1.18145,1.21822,2.75167,-0.12577,-0.03877,0.26388,-127.47797,7.99316,-3.32367,50.78092,-11.48599,6.48223,3.27025,-3.5314,-0.99834,2.74356,12.71293,4.38749,-5.76328,1.24344
35.98,73.09272,-7.74265,2.96709,4.52179,-0.94933,-0.17004,4.41577,0.43061,-1.29024,2.25638,0.07515,0.05949,-0.24867,3.38838,1.10873,1.19599,2.65922,-0.12564,-0.02943,0.25782,-130.54867,8.33658,-2.77065,50.32591,-11.75093,6.35807,3.20325,-2.07965,-1.0556,2.79711,12.56646,4.60177,-5.67696,1.24224
36,69.2192,-7.75048,2.85875,4.42242,-0.90596,-0.1619,4.46249,0.42625,-1.31221,2.21264,0.07627,0.05138,-0.24614,3.44283,1.03237,1.17647,2.55438,-0.12381,-0.02216,0.24996,-133.50124,8.47245,-2.36521,49.84102,-11.98785,6.26161,3.14754,-0.75934,-1.10138,2.85321,12.41333,4.79923,-5.59777,1.24003
36.02,65.23836,-7.72255,2.72116,4.2991,-0.87432,-0.15477,4.50522,0.404,-1.34328,2.15501,0.07548,0.04112,-0.24262,3.50545,0.96015,1.17349,2.43502,-0.11854,-0.01908,0.23947,-136.16846,7.98704,-2.45516,49.39721,-12.16262,6.27443,3.14195,0.47778,-1.13639,2.91815,12.25089,4.97474,-5.53056,1.23843
36.04,61.2819,-7.74495,2.58971,4.16508,-0.8517,-0.14824,4.53709,0.38168,-1.37123,2.0923,0.07375,0.03078,-0.23813,3.55868,0.89114,1.17674,2.3105,-0.11186,-0.01813,0.22788,-138.6648,7.26491,-2.73804,48.952,-12.30742,6.3254,3.15353,1.62451,-1.15637,2.98702,12.09223,5.13524,-5.47132,1.23602
36.06,57.4655,-7.88204,2.49021,4.03313,-0.83647,-0.1423,4.5573,0.37164,-1.38828,2.03089,0.07192,0.02184,-0.23277,3.59701,0.82428,1.17869,2.18919,-0.10536,-0.01757,0.21645,-141.12499,6.626,-2.93576,48.46518,-12.45141,6.35313,3.15361,2.67436,-1.15809,3.04993,11.94643,5.28621,-5.41539,1.23149
36.08,53.82541,-8.13736,2.4277,3.9106,-0.8328,-0.13756,4.57238,0.37165,-1.39728,1.97131,0.06958,0.01402,-0.22669,3.63638,0.76163,1.18462,2.07208,-0.09883,-0.01746,0.20539,-143.54845,5.83905,-3.15549,47.87911,-12.58093,6.37843,3.15054,3.63637,-1.14634,3.11124,11.79405,5.42544,-5.36361,1.22497
36.1,50.42581,-8.41125,2.39798,3.792,-0.83251,-0.13327,4.58196,0.38032,-1.39893,1.91114,0.06662,0.00733,-0.21961,3.66859,0.71135,1.1948,1.9653,-0.09209,-0.01875,0.19479,-145.71488,5.23475,-3.3717,47.40561,-12.70285,6.40606,3.15093,4.5488,-1.12052,3.16357,11.67955,5.55385,-5.31831,1.21814
36.12,47.30532,-8.59529,2.39032,3.66906,-0.82685,-0.12846,4.5848,0.39636,-1.39418,1.84749,0.06309,0.00182,-0.21119,3.68484,0.68206,1.20925,1.87455,-0.08487,-0.0223,0.18461,-147.37697,5.26256,-3.54096,47.30516,-12.82902,6.4382,3.16177,5.44891,-1.08263,3.19823,11.65052,5.67288,-5.28172,1.21332
36.14,44.46051,-8.7499,2.40139,3.56032,-0.81973,-0.12429,4.587,0.41767,-1.38543,1.78458,0.05897,-0.00272,-0.20204,3.70604,0.66485,1.22819,1.79748,-0.07776,-0.02651,0.17529,-148.74651,5.52747,-3.69351,47.33646,-12.94753,6.46964,3.17547,6.30176,-1.0389,3.2196,11.64897,5.78087,-5.2509,1.20853
36.16,41.85148,-8.92728,2.43283,3.47959,-0.81459,-0.12163,4.59422,0.44447,-1.37386,1.72594,0.05444,-0.00637,-0.19268,3.74533,0.65489,1.25182,1.73047,-0.07122,-0.03025,0.16714,-150.04451,5.71184,-3.84534,47.27328,-13.05281,6.49327,3.18411,7.07771,-0.99239,3.23208,11.63435,5.87699,-5.22294,1.20219
36.18,39.36773,-9.08125,2.48004,3.41852,-0.80775,-0.11979,4.60925,0.47809,-1.36078,1.66993,0.0497,-0.00905,-0.18311,3.799,0.66153,1.28347,1.6705,-0.06477,-0.03419,0.15972,-151.16821,5.92517,-4.03039,47.23085,-13.14622,6.51935,3.19546,7.79058,-0.94978,3.2385,11.62762,5.96178,-5.19915,1.196
36.2,37.20752,-9.2051,2.53102,3.38844,-0.79925,-0.11944,4.62593,0.50786,-1.3478,1.61579,0.04445,-0.01147,-0.17336,3.86153,0.66825,1.31329,1.62151,-0.05901,-0.03758,0.15325,-152.16891,6.19378,-4.13123,47.14052,-13.22953,6.52607,3.19568,8.42565,-0.91473,3.2316,11.61919,6.03401,-5.17886,1.18702
36.22,35.59999,-9.31038,2.57604,3.40294,-0.79003,-0.12142,4.63865,0.52161,-1.33727,1.56248,0.03822,-0.01462,-0.16328,3.92871,0.65528,1.33068,1.58802,-0.05459,-0.03943,0.14795,-153.11804,6.51887,-3.99567,46.92062,-13.304,6.48713,3.16737,8.96594,-0.88826,3.20308,11.599,6.09241,-5.16149,1.17125
36.24,34.25098,-9.38383,2.61919,3.44231,-0.77847,-0.12444,4.65605,0.52882,-1.3298,1.51017,0.03184,-0.01775,-0.15324,4.00172,0.64226,1.34669,1.56087,-0.05067,-0.04081,0.14315,-153.97113,6.88296,-3.76528,46.64259,-13.3688,6.42773,3.12685,9.41424,-0.87607,3.16489,11.57822,6.13781,-5.14793,1.15252
36.26,32.90097,-9.41383,2.65947,3.49013,-0.7638,-0.12744,4.68759,0.53585,-1.32727,1.45919,0.02587,-0.02048,-0.14354,4.08561,0.64163,1.36981,1.5325,-0.04665,-0.04235,0.1384,-154.70036,7.24133,-3.56426,46.36051,-13.42176,6.36862,3.08773,9.7705,-0.87991,3.12603,11.56509,6.17101,-5.13849,1.1341
36.28,31.54925,-9.41009,2.68812,3.54567,-0.74718,-0.13053,4.73773,0.53653,-1.33417,1.40798,0.01979,-0.02388,-0.13365,4.18652,0.64283,1.39703,1.50364,-0.04278,-0.04359,0.13375,-155.30288,7.56826,-3.32679,46.10169,-13.46095,6.30543,3.04624,10.02931,-0.89477,3.08309,11.56432,6.19148,-5.13367,1.11456
36.3,30.39378,-9.32671,2.69459,3.60528,-0.72636,-0.1329,4.79788,0.52965,-1.34808,1.3626,0.01481,-0.02668,-0.12533,4.29292,0.64227,1.424,1.48022,-0.03943,-0.04431,0.12975,-155.84398,7.95424,-3.11559,45.73831,-13.49235,6.23048,3.0001,10.15995,-0.92614,3.03457,11.55223,6.19847,-5.13195,1.09467
36.32,29.64932,-9.11788,2.66873,3.6672,-0.69884,-0.13376,4.86115,0.51415,-1.3664,1.32901,0.01244,-0.0275,-0.12084,4.39632,0.63452,1.44661,1.46824,-0.03697,-0.04433,0.12701,-156.39243,8.52197,-3.02293,45.12262,-13.52262,6.13503,2.94772,10.12739,-0.97999,2.97905,11.49936,6.19151,-5.1314,1.0756
36.34,29.1307,-8.81118,2.60849,3.72513,-0.66728,-0.13322,4.93995,0.48788,-1.39586,1.3039,0.01125,-0.02856,-0.11838,4.51211,0.61352,1.46571,1.4666,-0.03544,-0.04332,0.1255,-156.88322,9.1483,-2.96871,44.40495,-13.54442,6.02927,2.89193,9.95076,-1.04032,2.91572,11.43155,6.17069,-5.1339,1.05684
36.36,28.64177,-8.43458,2.51406,3.77455,-0.6341,-0.13148,5.04444,0.45032,-1.44123,1.28328,0.01002,-0.03135,-0.11628,4.65425,0.57509,1.48275,1.47254,-0.03474,-0.0411,0.125,-157.264,9.73266,-2.89744,43.70911,-13.55225,5.92344,2.83616,9.64794,-1.09405,2.84388,11.36973,6.13629,-5.14119,1.03816
36.38,28.19432,-8.02578,2.38931,3.82279,-0.6006,-0.129,5.17599,0.40097,-1.50121,1.26308,0.00908,-0.03499,-0.1149,4.83052,0.51132,1.49742,1.48312,-0.03458,-0.03767,0.1252,-157.58149,10.34256,-2.80369,42.96036,-13.55044,5.80555,2.77456,9.20321,-1.14065,2.7604,11.29674,6.08939,-5.15095,1.01968
36.4,27.9544,-7.45791,2.22179,3.85071,-0.56159,-0.1241,5.30903,0.34515,-1.56911,1.25803,0.00849,-0.04009,-0.11465,4.9991,0.43588,1.50114,1.51106,-0.03597,-0.03283,0.12734,-157.768,10.88513,-2.75294,42.24452,-13.53361,5.6986,2.72025,8.64129,-1.17195,2.66818,11.22818,6.0286,-5.16614,1.0022
36.42,28.08025,-6.58865,1.99852,3.83415,-0.51058,-0.11478,5.40911,0.29215,-1.63486,1.2865,0.00809,-0.04738,-0.1155,5.10284,0.37107,1.48404,1.5695,-0.04001,-0.02654,0.13266,-157.75712,11.24251,-2.82087,41.65809,-13.49567,5.63042,2.68936,7.99761,-1.18083,2.56873,11.18627,5.95217,-5.19001,0.98543
36.44,28.3171,-5.60104,1.74473,3.80169,-0.45378,-0.10354,5.48985,0.24148,-1.69688,1.3257,0.00762,-0.05523,-0.11637,5.17434,0.30789,1.45577,1.63421,-0.04482,-0.01956,0.13869,-157.6204,11.52739,-2.92907,41.11973,-13.444,5.57396,2.66623,7.26088,-1.17245,2.45938,11.15009,5.86416,-5.2183,0.96973
36.46,28.45694,-4.64406,1.48051,3.77542,-0.39686,-0.09255,5.56485,0.19051,-1.75558,1.35735,0.00687,-0.06253,-0.1165,5.2438,0.23557,1.42386,1.68763,-0.04897,-0.01246,0.14358,-157.42828,11.82827,-3.00842,40.56062,-13.38571,5.50801,2.63799,6.42644,-1.14907,2.33643,11.10265,5.76862,-5.24695,0.95489
36.48,28.55692,-3.67216,1.20467,3.7407,-0.33737,-0.08122,5.6098,0.14689,-1.80202,1.39276,0.00587,-0.06945,-0.11601,5.27363,0.16803,1.38248,1.73762,-0.05296,-0.00558,0.14788,-157.26021,12.12734,-3.10305,39.92451,-13.32293,5.44138,2.60985,5.51136,-1.11029,2.19944,11.04181,5.66471,-5.2775,0.93953
36.5,28.56494,-2.75119,0.93435,3.72304,-0.27912,-0.07093,5.64285,0.10361,-1.8423,1.41546,0.00468,-0.07536,-0.11485,5.29604,0.10363,1.34327,1.76884,-0.05577,0.00076,0.15049,-156.90097,12.39195,-3.16544,39.43657,-13.25158,5.3751,2.58234,4.55669,-1.05986,2.05887,10.98954,5.55889,-5.30755,0.92776
36.52,28.41564,-1.95047,0.68426,3.75362,-0.2273,-0.0633,5.69637,0.04844,-1.88852,1.40471,0.00341,-0.07981,-0.11328,5.36307,0.03356,1.32029,1.76494,-0.05629,0.00657,0.15035,-156.11017,12.59718,-3.14753,39.34982,-13.16727,5.31079,2.55609,3.6104,-1.00312,1.9292,10.97416,5.45904,-5.33483,0.92428
36.54,28.1823,-1.22135,0.44843,3.80224,-0.17881,-0.05721,5.74088,-0.00656,-1.92948,1.38154,0.00215,-0.08335,-0.11146,5.42677,-0.03171,1.30232,1.74517,-0.05567,0.01156,0.14872,-155.16809,12.77488,-3.09939,39.4068,-13.07865,5.24844,2.53081,2.6679,-0.94222,1.80333,10.97137,5.3615,-5.36128,0.92373
36.56,27.89998,-0.53655,0.22731,3.84567,-0.13156,-0.0518,5.75535,-0.05088,-1.9565,1.3621,0.00088,-0.08629,-0.10943,5.4527,-0.0834,1.28118,1.724,-0.05478,0.01552,0.14657,-154.31197,12.95948,-3.05913,39.39158,-12.9936,5.18581,2.50531,1.7258,-0.87881,1.6735,10.96011,5.26369,-5.3879,0.92193
36.58,27.51544,0.09952,0.02871,3.89253,-0.0867,-0.04727,5.75334,-0.08638,-1.9737,1.33955,-0.00034,-0.08841,-0.10729,5.45932,-0.1201,1.26181,1.696,-0.05331,0.01854,0.14362,-153.48012,13.13495,-3.02258,39.38641,-12.9103,5.12486,2.48063,0.81235,-0.81639,1.54588,10.95349,5.16906,-5.4139,0.92147
36.6,27.15793,0.62915,-0.13879,3.94132,-0.04577,-0.04388,5.73562,-0.11546,-1.98264,1.31703,-0.00154,-0.08996,-0.10496,5.45059,-0.14915,1.24771,1.6663,-0.05155,0.0202,0.1403,-152.6536,13.31824,-2.97007,39.39893,-12.83168,5.0648,2.45625,-0.06765,-0.75768,1.42084,10.94307,5.07823,-5.4386,0.91961
36.62,26.97457,0.98649,-0.26713,3.98815,-0.01063,-0.04194,5.70097,-0.14103,-1.9847,1.29936,-0.00282,-0.09129,-0.10218,5.42872,-0.17952,1.24187,1.64168,-0.04986,0.02005,0.13715,-151.81951,13.53527,-2.86392,39.42196,-12.76145,5.0012,2.4292,-0.91992,-0.70331,1.29662,10.91349,4.99099,-5.46105,0.9132
36.64,26.84413,1.23541,-0.35868,4.03485,0.02009,-0.04086,5.65855,-0.16033,-1.98091,1.28287,-0.00403,-0.0921,-0.09934,5.40074,-0.2028,1.24318,1.61821,-0.04806,0.01866,0.13399,-151.00674,13.76048,-2.74652,39.46055,-12.69706,4.93958,2.4029,-1.72383,-0.6527,1.17632,10.87931,4.90888,-5.48152,0.90568
36.66,26.66291,1.4376,-0.41852,4.08093,0.04797,-0.04,5.61411,-0.17131,-1.97207,1.26591,-0.00508,-0.09229,-0.09671,5.36987,-0.21255,1.24934,1.59383,-0.04609,0.01657,0.13075,-150.26336,13.97808,-2.64256,39.49215,-12.63781,4.88152,2.37839,-2.4661,-0.60428,1.06001,10.8514,4.83264,-5.50056,0.89924
36.68,26.4445,1.57803,-0.44867,4.12516,0.07195,-0.03947,5.56951,-0.17743,-1.96086,1.24888,-0.00607,-0.09206,-0.09397,5.34088,-0.21412,1.26079,1.56983,-0.04404,0.01388,0.12749,-149.53856,14.22475,-2.52309,39.55198,-12.58645,4.81966,2.35278,-3.14923,-0.55464,0.94501,10.82822,4.76269,-5.51729,0.89314
36.7,26.29748,1.67404,-0.45342,4.16924,0.09464,-0.03874,5.52716,-0.17804,-1.94616,1.23359,-0.00676,-0.09145,-0.09191,5.31399,-0.20885,1.27675,1.54848,-0.04206,0.01065,0.12457,-148.90932,14.42332,-2.44915,39.57295,-12.53633,4.77248,2.33333,-3.77615,-0.50612,0.83647,10.8049,4.69706,-5.5334,0.88711
36.72,26.33703,1.75261,-0.43989,4.21499,0.11955,-0.03715,5.48888,-0.17261,-1.9266,1.22179,-0.0069,-0.0906,-0.09146,5.28782,-0.19819,1.29573,1.53201,-0.04033,0.00691,0.12235,-148.45713,14.49119,-2.49706,39.48537,-12.47827,4.7619,2.32878,-4.35491,-0.46142,0.73613,10.77319,4.63249,-5.55091,0.88063
36.74,26.45582,1.81007,-0.41554,4.26046,0.14405,-0.03514,5.45588,-0.16553,-1.90622,1.21176,-0.0068,-0.08961,-0.09162,5.2669,-0.18562,1.31665,1.51848,-0.03876,0.00308,0.12052,-148.08768,14.50851,-2.58423,39.36221,-12.42041,4.76443,2.32987,-4.88778,-0.41539,0.64182,10.74032,4.57111,-5.56814,0.87444
36.76,26.54959,1.85377,-0.38955,4.30418,0.16648,-0.03305,5.42933,-0.16062,-1.88852,1.20184,-0.00669,-0.0886,-0.09165,5.25433,-0.17414,1.33813,1.50578,-0.03726,-0.00043,0.11879,-147.72124,14.55249,-2.65716,39.26468,-12.36824,4.76263,2.32952,-5.37792,-0.36133,0.54826,10.71301,4.51449,-5.58341,0.86903
36.78,26.64713,1.89396,-0.37006,4.3465,0.18807,-0.0307,5.40985,-0.15918,-1.87439,1.19205,-0.00664,-0.08786,-0.0918,5.24896,-0.16675,1.35943,1.49466,-0.03584,-0.00369,0.11726,-147.3753,14.61014,-2.73626,39.16865,-12.31888,4.76264,2.33027,-5.8366,-0.29796,0.45038,10.68563,4.46005,-5.59816,0.86288
36.8,26.78478,1.93137,-0.35852,4.38873,0.20866,-0.02816,5.39838,-0.15971,-1.86218,1.18472,-0.00638,-0.08691,-0.09211,5.25027,-0.16144,1.37862,1.48453,-0.03464,-0.00625,0.11591,-147.05807,14.63761,-2.81718,39.07577,-12.27196,4.76446,2.33214,-6.26127,-0.23052,0.36487,10.66408,4.41029,-5.61135,0.85916
36.82,26.99604,1.96825,-0.35481,4.43255,0.22782,-0.0255,5.39625,-0.16051,-1.84997,1.18215,-0.00561,-0.08512,-0.09254,5.2581,-0.15561,1.39383,1.47446,-0.03382,-0.0076,0.11468,-146.78513,14.60217,-2.91301,38.98162,-12.22785,4.77007,2.33643,-6.64801,-0.16577,0.31194,10.65463,4.36854,-5.62189,0.86149
36.84,27.24971,2.01152,-0.36596,4.47626,0.24612,-0.02272,5.40286,-0.16433,-1.84082,1.18244,-0.00465,-0.08327,-0.09315,5.27123,-0.15378,1.40584,1.46529,-0.03323,-0.00818,0.11364,-146.53253,14.54408,-3.01462,38.89195,-12.18549,4.77714,2.3419,-7.0101,-0.09959,0.27281,10.64959,4.33076,-5.63161,0.86593
36.86,27.511,2.06733,-0.39668,4.51873,0.26389,-0.01985,5.41757,-0.1736,-1.83737,1.18354,-0.00382,-0.08197,-0.09387,5.28893,-0.15955,1.41553,1.45752,-0.03275,-0.00839,0.11281,-146.28773,14.5059,-3.11203,38.80405,-12.14551,4.78368,2.3471,-7.35756,-0.0279,0.22944,10.64345,4.294,-5.64105,0.86942
36.88,27.78633,2.14374,-0.44641,4.56157,0.28131,-0.01691,5.4416,-0.18825,-1.83904,1.18463,-0.00307,-0.081,-0.09456,5.3117,-0.17283,1.42267,1.45032,-0.03245,-0.00799,0.11209,-146.06433,14.47241,-3.22592,38.71274,-12.10552,4.79428,2.35409,-7.69093,0.04411,0.18912,10.63505,4.2588,-5.65009,0.8734
36.9,28.09696,2.21097,-0.50469,4.60203,0.29703,-0.01405,5.46997,-0.2042,-1.84424,1.18947,-0.00225,-0.0804,-0.09556,5.33501,-0.18842,1.42764,1.4456,-0.03227,-0.0075,0.11171,-145.84329,14.44275,-3.30539,38.63361,-12.07077,4.79751,2.35809,-8.00169,0.11357,0.15279,10.63198,4.22648,-5.65861,0.87689
36.92,28.46237,2.24098,-0.55905,4.63694,0.30952,-0.01144,5.49617,-0.21688,-1.851,1.20248,-0.00116,-0.08021,-0.09729,5.35341,-0.20053,1.43094,1.4457,-0.03213,-0.00759,0.11197,-145.61515,14.41995,-3.29093,38.57257,-12.04931,4.77917,2.35328,-8.27653,0.17812,0.12035,10.64534,4.19886,-5.66644,0.87841
36.94,28.85595,2.25931,-0.61208,4.66997,0.32035,-0.00899,5.5233,-0.22901,-1.85962,1.21821,-5e-05,-0.0803,-0.09919,5.37038,-0.21255,1.43288,1.44822,-0.03208,-0.00779,0.11255,-145.39481,14.40328,-3.24373,38.52416,-12.03346,4.75423,2.34572,-8.52366,0.23486,0.09209,10.66429,4.17448,-5.67367,0.87915
36.96,29.24929,2.28814,-0.66513,4.70406,0.33061,-0.00659,5.55341,-0.24274,-1.87011,1.23201,0.00087,-0.08053,-0.10083,5.38872,-0.22715,1.4341,1.45115,-0.03215,-0.00778,0.11318,-145.19729,14.39245,-3.20746,38.47998,-12.0175,4.73327,2.33966,-8.74945,0.28207,0.0669,10.67957,4.15216,-5.68036,0.88002
36.98,29.63885,2.33238,-0.71118,4.73801,0.33978,-0.00426,5.58254,-0.25665,-1.88057,1.24568,0.00179,-0.08076,-0.1025,5.40572,-0.24189,1.4354,1.45476,-0.03222,-0.0079,0.11392,-145.03715,14.38532,-3.18405,38.4268,-12.00748,4.71252,2.33436,-8.94301,0.31707,0.04978,10.69833,4.1337,-5.68612,0.88078
37,30.03368,2.34797,-0.74311,4.7724,0.34836,-0.00224,5.61033,-0.26711,-1.89063,1.25682,0.0024,-0.08106,-0.10363,5.42159,-0.25364,1.43635,1.45916,-0.0324,-0.00797,0.11472,-144.88214,14.38807,-3.12833,38.39997,-11.99551,4.69312,2.32768,-9.11216,0.34239,0.03048,10.71237,4.1165,-5.69163,0.88083
37.02,30.44849,2.29032,-0.75597,4.80835,0.3574,-0.00072,5.63751,-0.27026,-1.9004,1.26265,0.00228,-0.08158,-0.10354,5.43729,-0.25959,1.43629,1.46453,-0.03284,-0.00769,0.11556,-144.70012,14.41569,-2.98516,38.43316,-11.9718,4.68,2.31767,-9.26709,0.36207,-0.00378,10.71221,4.0969,-5.69785,0.87936
37.04,30.85724,2.20188,-0.74861,4.84426,0.36631,0.00041,5.66135,-0.26815,-1.90816,1.26552,0.00186,-0.08201,-0.10288,5.45101,-0.26052,1.4367,1.46994,-0.03332,-0.00746,0.11635,-144.52075,14.45263,-2.81493,38.49528,-11.94567,4.66922,2.30688,-9.39562,0.37352,-0.04048,10.70808,4.07871,-5.7037,0.87712
37.06,31.23836,2.12144,-0.72076,4.87918,0.37467,0.00128,5.68041,-0.2624,-1.91251,1.26742,0.0015,-0.08207,-0.10222,5.46173,-0.25702,1.43902,1.47447,-0.03366,-0.00759,0.11701,-144.38634,14.48302,-2.65874,38.54318,-11.92602,4.65841,2.29672,-9.49078,0.37498,-0.06922,10.7064,4.06453,-5.70845,0.87493
37.08,31.59355,2.0419,-0.67129,4.91364,0.38321,0.00202,5.69572,-0.25045,-1.91321,1.26794,0.00104,-0.08181,-0.10126,5.47024,-0.24719,1.44359,1.47781,-0.03383,-0.00807,0.11745,-144.25768,14.51229,-2.4846,38.61326,-11.90664,4.64921,2.28626,-9.55639,0.36981,-0.0958,10.70654,4.05267,-5.71285,0.87212
37.1,31.92498,1.93998,-0.59865,4.94501,0.39142,0.00209,5.7065,-0.23485,-1.91076,1.26691,0.0007,-0.08114,-0.10042,5.47519,-0.2332,1.44959,1.48013,-0.03393,-0.00881,0.11778,-144.17719,14.5391,-2.34828,38.66001,-11.89301,4.64015,2.27719,-9.60007,0.3592,-0.1171,10.70346,4.04413,-5.71602,0.86976
37.12,32.24107,1.79816,-0.50338,4.97073,0.39875,0.00087,5.71202,-0.21961,-1.90606,1.26412,0.00081,-0.0799,-0.10026,5.47505,-0.21877,1.45554,1.48187,-0.03408,-0.00965,0.11821,-144.20497,14.55843,-2.31535,38.62281,-11.8917,4.6286,2.27149,-9.63127,0.34426,-0.13063,10.69095,4.04021,-5.71734,0.86876
37.14,32.53368,1.63666,-0.38798,4.99259,0.40631,-0.00092,5.71437,-0.2012,-1.89859,1.26022,0.00107,-0.07825,-0.10029,5.47175,-0.20095,1.46295,1.48243,-0.03413,-0.01074,0.11851,-144.2729,14.5725,-2.321,38.56437,-11.89528,4.61736,2.26727,-9.64791,0.32664,-0.13887,10.67486,4.039,-5.71787,0.86828
37.16,32.79678,1.47406,-0.25556,5.01211,0.41458,-0.0027,5.71532,-0.17727,-1.88813,1.25591,0.00127,-0.07628,-0.10013,5.46696,-0.17783,1.47288,1.4814,-0.03398,-0.01221,0.11851,-144.33854,14.58252,-2.31152,38.52383,-11.89891,4.60748,2.26276,-9.64737,0.3086,-0.14619,10.66173,4.03934,-5.71803,0.86714
37.18,33.05234,1.3146,-0.1114,5.02969,0.42316,-0.00458,5.7155,-0.15062,-1.87585,1.25113,0.00159,-0.07398,-0.10012,5.46106,-0.15202,1.48394,1.47942,-0.03375,-0.01387,0.11843,-144.43774,14.58322,-2.29795,38.46728,-11.90496,4.59582,2.25742,-9.63963,0.29067,-0.15301,10.64451,4.04086,-5.71799,0.86601
37.2,33.26297,1.13748,0.04301,5.04204,0.43283,-0.00649,5.71491,-0.12122,-1.86183,1.24626,0.00175,-0.07158,-0.09983,5.45359,-0.12348,1.49719,1.47601,-0.03332,-0.01581,0.11804,-144.51392,14.58869,-2.30411,38.44086,-11.91091,4.58894,2.2545,-9.61478,0.27324,-0.15549,10.63407,4.04436,-5.71729,0.86457
37.22,33.38238,0.92408,0.20446,5.04589,0.44494,-0.00828,5.71347,-0.08936,-1.84622,1.24165,0.00138,-0.06937,-0.09869,5.44406,-0.09246,1.51393,1.47041,-0.03255,-0.01807,0.117,-144.48681,14.6246,-2.36914,38.51071,-11.91245,4.59436,2.25843,-9.55908,0.25738,-0.15113,10.64439,4.05058,-5.71579,0.86243
37.24,33.46525,0.70313,0.36244,5.04519,0.45827,-0.00992,5.71265,-0.05804,-1.83074,1.23743,0.00088,-0.06728,-0.09735,5.43466,-0.0619,1.53151,1.46407,-0.03168,-0.02038,0.11576,-144.4342,14.67082,-2.45871,38.61057,-11.91333,4.60461,2.26514,-9.48822,0.24322,-0.14394,10.66141,4.05853,-5.71366,0.85991
37.26,33.55778,0.497,0.50718,5.04366,0.4717,-0.01135,5.71372,-0.02972,-1.81693,1.23364,0.00051,-0.06529,-0.09625,5.42757,-0.03416,1.54794,1.45808,-0.03092,-0.0225,0.11468,-144.40796,14.70856,-2.53458,38.6962,-11.91606,4.61251,2.27051,-9.41417,0.23092,-0.13745,10.67383,4.06722,-5.71137,0.85743
37.28,33.64521,0.29355,0.63216,5.04101,0.48603,-0.01261,5.71641,-0.00605,-1.80563,1.22988,7e-05,-0.06363,-0.09505,5.42352,-0.01105,1.56341,1.4519,-0.0302,-0.02434,0.11352,-144.38101,14.75535,-2.61746,38.78867,-11.91956,4.62189,2.2765,-9.32757,0.22094,-0.12973,10.69017,4.07672,-5.7087,0.85563
37.3,33.73573,0.1176,0.73135,5.0366,0.49992,-0.01345,5.72139,0.01309,-1.7968,1.22809,-0.00014,-0.06225,-0.09429,5.42224,0.00778,1.57653,1.44713,-0.0297,-0.02587,0.11277,-144.3672,14.7935,-2.69912,38.87746,-11.92366,4.63124,2.28275,-9.23842,0.21342,-0.12371,10.7006,4.08758,-5.70606,0.85231
37.32,33.83716,-0.00174,0.79912,5.02975,0.51239,-0.01355,5.72951,0.02829,-1.79007,1.23043,0.00025,-0.06102,-0.09463,5.42324,0.02328,1.58572,1.44548,-0.02966,-0.02712,0.11297,-144.39186,14.81587,-2.78828,38.94061,-11.92838,4.64098,2.28974,-9.16006,0.20955,-0.12478,10.69291,4.10009,-5.7045,0.84478
37.34,33.94422,-0.08989,0.83178,5.02211,0.52437,-0.01322,5.73947,0.03736,-1.78662,1.23477,0.00086,-0.06022,-0.09539,5.42751,0.03289,1.59182,1.44524,-0.02986,-0.02793,0.11358,-144.43247,14.8328,-2.8765,38.99558,-11.93369,4.65055,2.29689,-9.07935,0.20902,-0.12769,10.67946,4.11369,-5.70299,0.83586
37.36,34.05025,-0.16275,0.82562,5.01509,0.53702,-0.01268,5.7503,0.03811,-1.78745,1.23908,0.00134,-0.06003,-0.09601,5.43586,0.03427,1.59525,1.44487,-0.03011,-0.02815,0.11414,-144.47447,14.85731,-2.96097,39.05137,-11.93984,4.66011,2.30396,-8.98719,0.21189,-0.12894,10.66954,4.12767,-5.70106,0.82799
37.38,34.1552,-0.22589,0.78083,5.00809,0.55112,-0.01185,5.76242,0.03149,-1.79194,1.24408,0.00181,-0.06037,-0.09668,5.44778,0.02869,1.59591,1.44457,-0.03043,-0.02791,0.11485,-144.49589,14.89736,-3.06037,39.12492,-11.94544,4.67073,2.31231,-8.8867,0.21969,-0.13322,10.66231,4.14207,-5.69938,0.81924
37.4,34.25687,-0.24868,0.69957,5.00178,0.56312,-0.01088,5.77328,0.01717,-1.80025,1.24904,0.0022,-0.06128,-0.09731,5.46153,0.01555,1.59334,1.44431,-0.0308,-0.02701,0.11546,-144.55739,14.92456,-3.1323,39.16575,-11.95247,4.67949,2.31869,-8.78424,0.22887,-0.13168,10.65239,4.1568,-5.69707,0.81212
37.42,34.36309,-0.19164,0.58504,4.99736,0.56906,-0.01002,5.77933,-0.00578,-1.81257,1.25314,0.00245,-0.06279,-0.09783,5.47489,-0.00657,1.58689,1.44428,-0.03126,-0.02516,0.1157,-144.72701,14.90907,-3.13051,39.11925,-11.96215,4.68414,2.31969,-8.6861,0.23423,-0.11183,10.63403,4.17192,-5.69321,0.8097
37.44,34.45975,-0.09846,0.44478,4.9935,0.57278,-0.00914,5.78311,-0.03432,-1.82736,1.25674,0.00257,-0.06471,-0.09826,5.48826,-0.03388,1.57802,1.44381,-0.0317,-0.02283,0.11574,-144.9324,14.88042,-3.10071,39.04119,-11.97274,4.68658,2.31864,-8.59016,0.23987,-0.08582,10.61365,4.18689,-5.68892,0.80904
37.46,34.53998,-0.0107,0.28781,4.98924,0.5774,-0.00821,5.78641,-0.06568,-1.8432,1.2601,0.00259,-0.06685,-0.09857,5.50187,-0.06304,1.56814,1.44231,-0.03202,-0.02039,0.11572,-145.11189,14.86628,-3.08552,38.97894,-11.98223,4.68979,2.31868,-8.496,0.24884,-0.06387,10.5955,4.20131,-5.68501,0.80772
37.48,34.61567,0.08416,0.12055,4.98482,0.58173,-0.0075,5.78675,-0.10038,-1.85948,1.26302,0.00259,-0.06906,-0.0989,5.51423,-0.09456,1.55703,1.44063,-0.03239,-0.01767,0.11567,-145.29699,14.84702,-3.07184,38.90872,-11.99106,4.69376,2.31898,-8.4088,0.2579,-0.04134,10.57597,4.21526,-5.68122,0.80633
37.5,34.65384,0.1719,-0.04165,4.97966,0.58512,-0.00671,5.78791,-0.13131,-1.87483,1.26528,0.00239,-0.07129,-0.09892,5.52588,-0.12142,1.54758,1.43689,-0.03238,-0.01534,0.1153,-145.46637,14.8366,-3.0429,38.84264,-11.99979,4.69489,2.31787,-8.32492,0.26715,-0.0195,10.5604,4.22818,-5.67748,0.80569
37.52,34.61862,0.23761,-0.18188,4.97316,0.58721,-0.00528,5.79522,-0.1495,-1.88779,1.26675,0.00175,-0.07347,-0.09824,5.53768,-0.13412,1.54354,1.42864,-0.03142,-0.0143,0.11424,-145.58671,14.85813,-2.98758,38.8018,-12.00917,4.68966,2.31385,-8.2391,0.27696,0.00037,10.55508,4.23943,-5.67377,0.8069
37.54,34.54791,0.28833,-0.30118,4.96578,0.5883,-0.00394,5.80366,-0.16036,-1.89829,1.26759,0.00097,-0.0754,-0.09729,5.54856,-0.13885,1.54275,1.41871,-0.03013,-0.01387,0.11292,-145.68853,14.88817,-2.92271,38.76679,-12.01851,4.68188,2.30862,-8.15971,0.28501,0.01871,10.55271,4.24944,-5.66995,0.80886
37.56,34.47337,0.3289,-0.40036,4.95796,0.58896,-0.00324,5.80987,-0.16783,-1.90624,1.26809,0.0003,-0.07692,-0.09644,5.55795,-0.13987,1.54369,1.40931,-0.02897,-0.01357,0.11166,-145.78926,14.91033,-2.86388,38.72748,-12.02643,4.67485,2.30385,-8.09249,0.28889,0.03641,10.54782,4.25851,-5.6667,0.81037
37.58,34.39836,0.36577,-0.47121,4.95002,0.58923,-0.00252,5.81692,-0.16559,-1.91075,1.26894,-0.00037,-0.07805,-0.09552,5.5656,-0.13019,1.54848,1.39869,-0.0275,-0.01403,0.1102,-145.88843,14.92589,-2.79271,38.68168,-12.03388,4.66669,2.29802,-8.03506,0.28792,0.0556,10.54201,4.267,-5.66326,0.8121
37.6,34.30073,0.37424,-0.52119,4.94175,0.5888,-0.00297,5.82127,-0.16289,-1.91301,1.26872,-0.00086,-0.07868,-0.09478,5.57344,-0.12199,1.55391,1.39021,-0.02649,-0.01423,0.10905,-145.97289,14.94257,-2.74427,38.64388,-12.0402,4.66025,2.29352,-7.98578,0.2835,0.06956,10.53763,4.27404,-5.66043,0.81322
37.62,34.15574,0.33036,-0.56416,4.9329,0.58762,-0.00607,5.81784,-0.17338,-1.91485,1.26567,-0.00096,-0.07878,-0.09454,5.58365,-0.13215,1.5553,1.38837,-0.02695,-0.01276,0.10886,-146.02522,14.96171,-2.74999,38.63446,-12.04441,4.65777,2.29279,-7.94305,0.27727,0.07135,10.53695,4.27877,-5.65906,0.81272
37.64,33.99247,0.26332,-0.59251,4.92447,0.586,-0.0101,5.8114,-0.18533,-1.91508,1.26143,-0.0009,-0.0785,-0.09446,5.59335,-0.14577,1.55613,1.38855,-0.02786,-0.01095,0.10898,-146.07106,14.98144,-2.77601,38.62687,-12.04818,4.6572,2.29329,-7.90652,0.26785,0.06856,10.53776,4.28219,-5.65836,0.81166
37.66,33.84043,0.1999,-0.60325,4.91734,0.58429,-0.01367,5.80533,-0.19058,-1.91299,1.25734,-0.00085,-0.07799,-0.09429,5.60018,-0.15242,1.55859,1.38744,-0.02848,-0.00977,0.10892,-146.11413,14.99503,-2.79341,38.61656,-12.05106,4.65546,2.29296,-7.87704,0.25462,0.06677,10.53695,4.2853,-5.65752,0.81063
37.68,33.68735,0.13215,-0.60792,4.91112,0.58228,-0.01758,5.79688,-0.19779,-1.91001,1.25281,-0.00072,-0.07734,-0.09423,5.60479,-0.16283,1.55964,1.38754,-0.02942,-0.00826,0.10903,-146.14909,14.99853,-2.8056,38.61156,-12.05378,4.65286,2.29204,-7.85215,0.23823,0.06568,10.53595,4.28805,-5.65678,0.80969
37.7,33.54377,0.07233,-0.60396,4.9069,0.58121,-0.02041,5.7888,-0.19923,-1.90544,1.24791,-0.00067,-0.07653,-0.09393,5.60652,-0.16685,1.56114,1.38551,-0.02985,-0.00762,0.1089,-146.18699,15.01288,-2.83222,38.59897,-12.05576,4.65264,2.29229,-7.83161,0.22187,0.06092,10.53439,4.29008,-5.65631,0.80835
37.72,33.42522,0.03207,-0.58406,4.90575,0.58255,-0.02031,5.78497,-0.18329,-1.89798,1.24292,-0.0009,-0.07546,-0.09293,5.6048,-0.14949,1.56614,1.37698,-0.02863,-0.00947,0.10802,-146.23808,15.05583,-2.88961,38.56752,-12.05601,4.65792,2.2956,-7.81525,0.20819,0.04959,10.5315,4.29094,-5.65655,0.80609
37.74,33.31818,0.00251,-0.56022,4.90628,0.58527,-0.01897,5.78165,-0.16273,-1.88942,1.23768,-0.00121,-0.07429,-0.09171,5.60077,-0.12728,1.57112,1.3665,-0.02692,-0.01208,0.10693,-146.28966,15.11077,-2.95739,38.53349,-12.05544,4.6653,2.29986,-7.79955,0.19665,0.03557,10.52869,4.2914,-5.65718,0.80346
37.76,33.21305,-0.02208,-0.53962,4.90728,0.58857,-0.01769,5.77619,-0.14659,-1.88103,1.23214,-0.00147,-0.07315,-0.09061,5.59541,-0.11177,1.57381,1.3575,-0.0256,-0.01418,0.10604,-146.34041,15.16307,-3.01774,38.50243,-12.05562,4.67148,2.30338,-7.78318,0.18679,0.02264,10.52543,4.29224,-5.65749,0.80105
37.78,33.11801,-0.03914,-0.51485,4.90891,0.59312,-0.01565,5.76967,-0.12857,-1.87217,1.22594,-0.00182,-0.07197,-0.0893,5.58815,-0.09498,1.5759,1.34792,-0.02414,-0.01652,0.10511,-146.40243,15.21418,-3.08983,38.4663,-12.05552,4.67897,2.3079,-7.76427,0.18011,0.00776,10.52259,4.29322,-5.65787,0.79828
37.8,33.02119,-0.05206,-0.48867,4.91078,0.59886,-0.01356,5.76313,-0.11527,-1.86345,1.2191,-0.00212,-0.07076,-0.08816,5.58098,-0.08464,1.57668,1.33994,-0.02306,-0.01838,0.10437,-146.45289,15.28117,-3.14467,38.43994,-12.05696,4.68457,2.31102,-7.7416,0.17683,-0.00341,10.5194,4.29493,-5.65799,0.79616
37.82,32.90912,-0.0674,-0.46521,4.91296,0.6051,-0.0125,5.75796,-0.11614,-1.85582,1.21149,-0.00216,-0.06958,-0.08768,5.5768,-0.09189,1.57492,1.33667,-0.02308,-0.01876,0.10415,-146.44788,15.38986,-3.14945,38.45537,-12.0613,4.68327,2.30953,-7.7128,0.17787,-0.00633,10.51661,4.29805,-5.65709,0.79534
37.84,32.79314,-0.08338,-0.43072,4.91518,0.61267,-0.01134,5.75335,-0.12077,-1.84826,1.20223,-0.00225,-0.06829,-0.0872,5.57247,-0.10415,1.57246,1.33507,-0.02346,-0.0187,0.10412,-146.43346,15.51688,-3.13701,38.48054,-12.06719,4.68005,2.30661,-7.67794,0.18296,-0.00624,10.51415,4.30215,-5.65573,0.79499
37.86,32.68385,-0.10267,-0.37383,4.91751,0.6217,-0.00936,5.74856,-0.12176,-1.84,1.19055,-0.00264,-0.06681,-0.08621,5.56555,-0.11249,1.57055,1.33303,-0.02369,-0.01894,0.104,-146.43668,15.63965,-3.134,38.4987,-12.0735,4.67812,2.30459,-7.63674,0.19128,-0.00637,10.51214,4.30677,-5.65459,0.79452
37.88,32.5705,-0.13072,-0.29487,4.92128,0.63025,-0.00745,5.7449,-0.12496,-1.83172,1.17569,-0.00324,-0.06516,-0.08497,5.55836,-0.12351,1.5686,1.33192,-0.02394,-0.0192,0.10386,-146.43089,15.78235,-3.13624,38.5274,-12.08042,4.67621,2.30292,-7.59009,0.2036,-0.00652,10.50989,4.312,-5.65315,0.79412
37.9,32.46644,-0.16596,-0.18376,4.92383,0.64241,-0.00426,5.73943,-0.11991,-1.8215,1.15914,-0.00418,-0.06321,-0.08311,5.54467,-0.12448,1.56813,1.32964,-0.02409,-0.0197,0.10365,-146.45595,15.89763,-3.12193,38.53937,-12.0881,4.67395,2.30051,-7.53582,0.21615,-0.00398,10.50888,4.31816,-5.65144,0.79393
37.92,32.38624,-0.2046,-0.02967,4.92135,0.66381,0.002,5.72846,-0.09332,-1.80697,1.14291,-0.0056,-0.06078,-0.08023,5.51641,-0.09812,1.57128,1.32311,-0.02394,-0.02075,0.10331,-146.56735,15.93118,-3.07479,38.49392,-12.09707,4.67148,2.29679,-7.47401,0.22475,0.0036,10.50889,4.32556,-5.64946,0.79432
37.94,32.31553,-0.2584,0.16003,4.91824,0.6879,0.00913,5.71462,-0.05749,-1.78977,1.12564,-0.00729,-0.05799,-0.07686,5.48019,-0.05889,1.57674,1.31475,-0.02355,-0.02221,0.10277,-146.70688,15.93411,-3.01254,38.43182,-12.10652,4.66845,2.29241,-7.40758,0.23152,0.01398,10.50909,4.33348,-5.64742,0.79509
37.96,32.24283,-0.33324,0.37778,4.91794,0.70972,0.01541,5.70041,-0.02134,-1.77109,1.1068,-0.00901,-0.05494,-0.07348,5.44177,-0.01756,1.58356,1.30639,-0.02294,-0.024,0.10199,-146.83237,15.95226,-2.9574,38.38088,-12.11573,4.66553,2.28847,-7.33906,0.23867,0.02376,10.50964,4.34141,-5.64537,0.79575
37.98,32.17575,-0.43319,0.62545,4.91816,0.73227,0.02176,5.68495,0.0226,-1.74946,1.08886,-0.01062,-0.05154,-0.07027,5.3972,0.03551,1.59298,1.29625,-0.02208,-0.0262,0.10106,-146.96758,15.96619,-2.89476,38.3196,-12.12515,4.66262,2.28409,-7.27075,0.24408,0.03449,10.51016,4.34947,-5.64316,0.79664
38,32.11369,-0.55048,0.89205,4.92208,0.74957,0.02639,5.66868,0.06588,-1.72677,1.07164,-0.01212,-0.04806,-0.06722,5.35324,0.08793,1.60379,1.28683,-0.02089,-0.02873,0.09971,-147.08313,15.97613,-2.8433,38.27291,-12.13365,4.65984,2.28057,-7.20565,0.24738,0.04356,10.51071,4.35653,-5.64139,0.79741
38.02,32.05174,-0.67338,1.16204,4.93413,0.75422,0.02718,5.65219,0.09724,-1.70569,1.05376,-0.01367,-0.04481,-0.06408,5.31935,0.123,1.61439,1.281,-0.01921,-0.03144,0.09756,-147.1334,15.98292,-2.82244,38.28014,-12.1395,4.65771,2.2795,-7.14813,0.24849,0.04821,10.51079,4.36132,-5.64066,0.79768
38.04,32.00071,-0.80875,1.43149,4.94964,0.75217,0.02606,5.63713,0.12662,-1.68486,1.0396,-0.01481,-0.04172,-0.06157,5.28935,0.1543,1.62571,1.27617,-0.01723,-0.03423,0.09502,-147.154,15.98406,-2.81365,38.30361,-12.14311,4.65613,2.27929,-7.10169,0.24697,0.05033,10.5104,4.36438,-5.64037,0.79786
38.06,31.96965,-0.95942,1.69126,4.96488,0.74826,0.02462,5.62485,0.15996,-1.6639,1.03206,-0.01522,-0.03882,-0.06017,5.25938,0.19071,1.63814,1.27038,-0.01517,-0.037,0.09251,-147.16709,15.97796,-2.79756,38.31734,-12.14528,4.65342,2.2784,-7.06999,0.2425,0.05191,10.50987,4.36582,-5.64052,0.79822
38.08,31.95181,-1.10978,1.92076,4.98144,0.74031,0.02238,5.61348,0.19031,-1.64509,1.02814,-0.01536,-0.03626,-0.05901,5.23532,0.22398,1.65089,1.26377,-0.013,-0.03957,0.0899,-147.15528,15.97133,-2.77676,38.33148,-12.14555,4.64983,2.27713,-7.05748,0.23621,0.05119,10.50943,4.36497,-5.64126,0.79878
38.1,31.96909,-1.25651,2.10353,4.99633,0.72834,0.01946,5.61062,0.21752,-1.62964,1.03588,-0.01425,-0.03455,-0.06017,5.2156,0.25039,1.66117,1.2595,-0.01105,-0.04157,0.08756,-147.12749,15.94963,-2.76662,38.33956,-12.14244,4.6464,2.27618,-7.07178,0.22828,0.04675,10.50672,4.36113,-5.64263,0.79931
38.12,32.04422,-1.40124,2.22155,5.00514,0.71533,0.01622,5.62645,0.2426,-1.61865,1.06458,-0.01072,-0.03424,-0.06619,5.19785,0.26609,1.66585,1.26064,-0.00972,-0.04258,0.08587,-147.11244,15.90552,-2.79307,38.31915,-12.13556,4.64529,2.27612,-7.12116,0.22091,0.03302,10.49928,4.35376,-5.64414,0.79894
38.14,32.1569,-1.50885,2.25351,5.01049,0.70086,0.01281,5.65143,0.25856,-1.61426,1.10401,-0.0063,-0.035,-0.07416,5.18824,0.26635,1.66556,1.26532,-0.00889,-0.04261,0.08475,-147.08079,15.85087,-2.83259,38.28676,-12.12488,4.64447,2.27621,-7.20601,0.21438,0.01371,10.4894,4.34265,-5.64646,0.79846
38.16,32.28685,-1.5534,2.18212,5.0136,0.68733,0.00956,5.67817,0.26008,-1.6183,1.14548,-0.00216,-0.03672,-0.08178,5.1917,0.24858,1.6611,1.27144,-0.0085,-0.04169,0.08412,-147.01255,15.79612,-2.86696,38.25297,-12.11079,4.64229,2.27586,-7.32678,0.21018,-0.01027,10.47914,4.32794,-5.64956,0.79821
38.18,32.43374,-1.56058,1.99796,5.01104,0.68406,0.00668,5.71357,0.24699,-1.63172,1.19104,0.00209,-0.03964,-0.09007,5.20897,0.21091,1.65206,1.27831,-0.00847,-0.0396,0.08375,-146.91559,15.72838,-2.89511,38.21519,-12.09297,4.63819,2.27442,-7.48634,0.20831,-0.03797,10.46678,4.30925,-5.65362,0.79822
38.2,32.60352,-1.42688,1.70951,5.00979,0.67785,0.00407,5.7456,0.21806,-1.65379,1.23782,0.00589,-0.04361,-0.0977,5.23686,0.15661,1.63781,1.29102,-0.00934,-0.03671,0.08464,-146.78682,15.67256,-2.93096,38.17233,-12.07164,4.63458,2.27359,-7.68211,0.21137,-0.07122,10.45506,4.28703,-5.65867,0.79845
38.22,32.79579,-1.04221,1.34035,5.01541,0.6487,0.00162,5.75816,0.17426,-1.68233,1.28233,0.00856,-0.04841,-0.10291,5.27102,0.09254,1.61845,1.31487,-0.01162,-0.03358,0.08785,-146.62317,15.64308,-2.96946,38.12622,-12.04745,4.63229,2.27414,-7.90892,0.22087,-0.10903,10.44669,4.26192,-5.6648,0.79916
38.24,32.97732,-0.5362,0.90799,5.01825,0.61543,-0.00083,5.76448,0.12065,-1.71608,1.32519,0.01067,-0.05394,-0.10706,5.31418,0.02232,1.59721,1.34326,-0.01455,-0.03006,0.09207,-146.43596,15.62327,-3.00658,38.07608,-12.02057,4.62994,2.27485,-8.16377,0.23609,-0.15051,10.44028,4.23414,-5.67192,0.80006
38.26,33.13131,-0.02982,0.439,5.01254,0.59191,-0.00345,5.77574,0.06317,-1.75342,1.3662,0.01264,-0.05988,-0.11118,5.3683,-0.04876,1.57792,1.37038,-0.01746,-0.02621,0.09616,-146.22905,15.60053,-3.04463,38.027,-11.99139,4.62662,2.27497,-8.44531,0.25635,-0.19506,10.43115,4.20401,-5.6795,0.80114
38.28,33.27151,0.49501,-0.02681,5.00252,0.56592,-0.0068,5.78652,0.00756,-1.79111,1.40438,0.01434,-0.06579,-0.1147,5.43013,-0.11255,1.56261,1.3974,-0.02039,-0.02245,0.10032,-146.02606,15.5762,-3.08794,37.96576,-11.96101,4.62357,2.27536,-8.74633,0.28197,-0.24384,10.41956,4.17235,-5.68731,0.80199
38.3,33.35048,0.974,-0.45455,4.98189,0.54038,-0.01081,5.79874,-0.03857,-1.82628,1.43995,0.01599,-0.07126,-0.11805,5.4986,-0.16165,1.55444,1.42501,-0.0232,-0.01935,0.10453,-145.7957,15.56399,-3.11808,37.92057,-11.93035,4.61848,2.27453,-9.05012,0.31197,-0.29143,10.41259,4.14058,-5.69517,0.80312
38.32,33.31037,1.34157,-0.81709,4.94324,0.52062,-0.01532,5.81598,-0.06879,-1.85683,1.47351,0.01788,-0.076,-0.1219,5.57345,-0.191,1.55617,1.45443,-0.02582,-0.01742,0.10879,-145.50597,15.58672,-3.10873,37.91729,-11.90078,4.60755,2.27068,-9.33787,0.34573,-0.33245,10.41877,4.11016,-5.7029,0.80489
38.34,33.21953,1.61345,-1.08934,4.89556,0.49596,-0.02093,5.8357,-0.07894,-1.88084,1.50511,0.01992,-0.07969,-0.12581,5.6523,-0.19625,1.56891,1.4847,-0.02818,-0.01679,0.113,-145.19805,15.61936,-3.0826,37.93457,-11.87206,4.59492,2.26575,-9.61173,0.38191,-0.36997,10.42963,4.08124,-5.71019,0.80697
38.36,33.13377,1.80518,-1.25777,4.84626,0.45984,-0.02801,5.85688,-0.06721,-1.89731,1.53485,0.02204,-0.08219,-0.12948,5.7332,-0.17575,1.59293,1.51498,-0.03024,-0.01747,0.11703,-144.92035,15.65044,-3.06542,37.94114,-11.84536,4.5838,2.26147,-9.87239,0.41898,-0.40686,10.43889,4.05375,-5.71719,0.80867
38.38,33.03869,1.92173,-1.32146,4.79419,0.41165,-0.03652,5.87931,-0.0343,-1.90641,1.56348,0.02432,-0.08353,-0.13321,5.81522,-0.13115,1.62732,1.54772,-0.03215,-0.01961,0.12113,-144.64885,15.69048,-3.04835,37.95661,-11.82031,4.57292,2.25733,-10.10899,0.45655,-0.44204,10.45178,4.02847,-5.72365,0.81023
38.4,32.9472,1.93966,-1.29225,4.73996,0.36517,-0.04497,5.9055,0.02145,-1.90803,1.58971,0.02655,-0.08364,-0.1365,5.89832,-0.06074,1.67337,1.57854,-0.0337,-0.02312,0.12496,-144.4079,15.72096,-3.02975,37.96649,-11.79764,4.56297,2.25353,-10.32515,0.49154,-0.47303,10.46198,4.0055,-5.72961,0.81163
38.42,32.87876,1.83873,-1.19281,4.68618,0.33793,-0.05155,5.93872,0.1002,-1.90257,1.61267,0.02847,-0.08257,-0.13889,5.98234,0.03503,1.73149,1.60245,-0.03469,-0.02772,0.12808,-144.21931,15.71814,-3.01521,37.95908,-11.77727,4.55556,2.25107,-10.52835,0.52173,-0.50019,10.46208,3.98498,-5.73466,0.81278
38.44,32.81493,1.69664,-1.052,4.63357,0.32377,-0.0565,5.97502,0.1907,-1.89322,1.63274,0.03007,-0.08078,-0.14062,6.06672,0.14357,1.79555,1.62525,-0.03563,-0.03306,0.13119,-144.06213,15.7036,-3.0009,37.94414,-11.75923,4.5495,2.24917,-10.71282,0.54772,-0.52382,10.45899,3.96663,-5.73911,0.81383
38.46,32.74364,1.5865,-0.90329,4.58183,0.31599,-0.06008,6.00995,0.27931,-1.88376,1.65022,0.03134,-0.07888,-0.14196,6.14997,0.2502,1.85853,1.65231,-0.037,-0.03866,0.13488,-143.90988,15.69677,-2.98729,37.93601,-11.7427,4.54353,2.24734,-10.87521,0.57067,-0.54549,10.45917,3.95006,-5.74321,0.8147
38.48,32.65903,1.51761,-0.78019,4.52994,0.31962,-0.06162,6.04428,0.3578,-1.87671,1.66646,0.03225,-0.07731,-0.14313,6.22889,0.34483,1.9158,1.68339,-0.03893,-0.04385,0.13906,-143.76122,15.68497,-2.97088,37.93569,-11.72734,4.53736,2.24574,-11.02232,0.58902,-0.56399,10.46099,3.93486,-5.74715,0.81578
38.5,32.57601,1.51544,-0.71391,4.48262,0.33962,-0.0601,6.07544,0.41888,-1.8742,1.67709,0.03223,-0.07619,-0.14287,6.30817,0.41857,1.96409,1.7171,-0.04149,-0.04827,0.14412,-143.63353,15.67302,-2.9576,37.92111,-11.71265,4.53246,2.24418,-11.16491,0.60348,-0.58158,10.4596,3.92001,-5.75085,0.8168
38.52,32.51167,1.57877,-0.73164,4.4455,0.37502,-0.05599,6.09599,0.44819,-1.87984,1.67496,0.03066,-0.07559,-0.13972,6.39342,0.45524,1.99755,1.75438,-0.04476,-0.0515,0.15058,-143.54299,15.67217,-2.95502,37.87172,-11.69818,4.52987,2.24226,-11.31616,0.61559,-0.60115,10.44784,3.9039,-5.75471,0.81771
38.54,32.45677,1.71483,-0.8396,4.41467,0.41839,-0.04961,6.11234,0.44769,-1.89208,1.66918,0.02809,-0.07569,-0.13527,6.47358,0.44926,2.0119,1.79623,-0.04884,-0.05275,0.15811,-143.46505,15.67073,-2.95524,37.80852,-11.68359,4.52768,2.24022,-11.47409,0.62445,-0.6215,10.43212,3.88707,-5.75868,0.81867
38.56,32.36315,1.9078,-1.03467,4.38322,0.45784,-0.04221,6.1261,0.41597,-1.90966,1.66659,0.02508,-0.07666,-0.13098,6.53651,0.39208,2.00129,1.84463,-0.05378,-0.05138,0.16636,-143.3795,15.66311,-2.95207,37.75042,-11.66872,4.52477,2.23825,-11.63612,0.62954,-0.6405,10.4176,3.87002,-5.76272,0.81994
38.58,32.25271,2.08648,-1.31747,4.35754,0.47801,-0.03841,6.11898,0.32366,-1.9383,1.65769,0.02149,-0.07874,-0.12641,6.57948,0.25333,1.95302,1.905,-0.05949,-0.04685,0.17511,-143.29114,15.66514,-2.9517,37.6925,-11.65267,4.52285,2.23686,-11.80535,0.63283,-0.65885,10.40219,3.85233,-5.76703,0.8214
38.6,32.11001,2.37313,-1.62026,4.33962,0.50167,-0.02798,6.12624,0.25313,-1.95414,1.65894,0.01758,-0.07994,-0.12163,6.58614,0.11477,1.89511,1.94874,-0.06471,-0.04042,0.18304,-143.20477,15.64183,-2.94442,37.63324,-11.63739,4.51859,2.23464,-11.97588,0.63253,-0.67824,10.38846,3.83487,-5.77094,0.82281
38.62,31.82316,2.93443,-1.86169,4.32852,0.55702,0.00149,6.17212,0.30089,-1.92879,1.68403,0.01323,-0.07851,-0.1159,6.51033,0.08796,1.86126,1.9339,-0.06747,-0.03399,0.18775,-143.11927,15.55406,-2.91085,37.57704,-11.62465,4.50669,2.22941,-12.13761,0.62567,-0.69715,10.37933,3.81894,-5.77413,0.82436
38.64,31.28982,3.5553,-2.04648,4.32477,0.61453,0.03804,6.1851,0.36712,-1.88553,1.69657,0.00809,-0.07638,-0.10835,6.3279,0.09731,1.82016,1.87012,-0.06717,-0.02759,0.18733,-143.04041,15.43935,-2.87007,37.52642,-11.61332,4.49273,2.2236,-12.28681,0.61572,-0.71516,10.37249,3.80449,-5.77684,0.82595
38.66,30.52582,4.03811,-2.15478,4.33096,0.65088,0.07208,6.12915,0.38121,-1.84319,1.6751,0.00215,-0.07453,-0.0988,6.05968,0.08685,1.75353,1.77833,-0.0642,-0.02163,0.18189,-142.97922,15.33512,-2.83522,37.47925,-11.60331,4.48091,2.21897,-12.41727,0.60585,-0.73003,10.36558,3.79188,-5.77924,0.82777
38.68,29.51107,4.4018,-2.10912,4.34329,0.67286,0.10781,6.00648,0.39369,-1.78894,1.62644,-0.00497,-0.07219,-0.08636,5.70605,0.11392,1.67953,1.65342,-0.05847,-0.01792,0.17235,-142.94488,15.26354,-2.80138,37.42757,-11.59721,4.46837,2.21432,-12.52067,0.59948,-0.74313,10.35714,3.78282,-5.78053,0.82974
38.7,28.39477,4.58212,-1.91291,4.37026,0.70102,0.14565,5.84715,0.37926,-1.73547,1.54792,-0.01163,-0.0689,-0.07348,5.30572,0.16466,1.6111,1.48942,-0.04964,-0.01753,0.15672,-142.94312,15.13584,-2.76419,37.39369,-11.59362,4.45948,2.2114,-12.57871,0.58766,-0.74995,10.35352,3.77688,-5.78152,0.8317
38.72,27.36511,4.57467,-1.60738,4.41722,0.75375,0.18508,5.69855,0.30976,-1.69703,1.44288,-0.01582,-0.06457,-0.06352,4.91298,0.21228,1.55995,1.28602,-0.03772,-0.02034,0.13379,-142.99063,14.83671,-2.70835,37.3947,-11.59184,4.45677,2.21131,-12.57466,0.55936,-0.74828,10.36171,3.77274,-5.78384,0.83325
38.74,26.40904,4.45197,-1.17051,4.46545,0.81073,0.22455,5.5497,0.24083,-1.65953,1.32892,-0.01913,-0.05949,-0.05442,4.54855,0.28699,1.52642,1.072,-0.02431,-0.02521,0.10887,-143.07827,14.48762,-2.65042,37.41566,-11.59401,4.45819,2.21311,-12.51377,0.52719,-0.73966,10.37304,3.7729,-5.78562,0.83478
38.76,25.52759,4.26681,-0.60401,4.50244,0.86184,0.26318,5.39571,0.21316,-1.61421,1.22106,-0.02251,-0.05363,-0.04511,4.22762,0.40762,1.51158,0.86833,-0.01087,-0.0317,0.08582,-143.21011,14.18161,-2.60058,37.4343,-11.60231,4.46067,2.21559,-12.39949,0.50074,-0.72521,10.38317,3.77899,-5.78584,0.83646
38.78,24.72267,4.09614,0.03344,4.52075,0.92216,0.30316,5.26033,0.22852,-1.5642,1.12614,-0.02491,-0.04691,-0.0374,3.95561,0.57117,1.52294,0.66488,0.00292,-0.03949,0.06358,-143.38875,13.84452,-2.54368,37.45768,-11.61597,4.46253,2.21806,-12.22241,0.47447,-0.707,10.40191,3.79061,-5.78502,0.83785
38.8,24.24753,3.92967,0.65946,4.52714,0.98189,0.33555,5.16007,0.26984,-1.51589,1.05605,-0.02642,-0.03974,-0.03176,3.77563,0.72288,1.54351,0.50407,0.01478,-0.04622,0.04558,-143.58236,13.57878,-2.50635,37.4976,-11.63282,4.47113,2.22326,-12.01254,0.45698,-0.68097,10.40768,3.80617,-5.78289,0.83969
38.82,24.36763,3.7235,1.20256,4.54268,1.03689,0.35127,5.1106,0.32681,-1.47203,1.01709,-0.02727,-0.03205,-0.028,3.72297,0.81765,1.55953,0.42777,0.02236,-0.05027,0.03496,-143.75267,13.52033,-2.52115,37.56712,-11.64922,4.49543,2.23424,-11.81049,0.4596,-0.64612,10.37325,3.82335,-5.77909,0.84261
38.84,24.76038,3.5633,1.63355,4.55283,1.10139,0.35853,5.1039,0.40713,-1.43074,1.00257,-0.02708,-0.02435,-0.02638,3.74011,0.89219,1.58296,0.39193,0.02751,-0.05297,0.02837,-143.92069,13.53322,-2.55413,37.64947,-11.66663,4.52561,2.24736,-11.59775,0.46972,-0.60627,10.32678,3.84221,-5.77459,0.84577
38.86,25.16764,3.51435,1.92135,4.54059,1.17991,0.36407,5.12928,0.50915,-1.39472,1.007,-0.02589,-0.01748,-0.02666,3.78475,0.96939,1.61999,0.3603,0.03175,-0.05521,0.0233,-144.10053,13.5132,-2.579,37.72938,-11.68532,4.55348,2.25968,-11.36701,0.47855,-0.56682,10.2891,3.86228,-5.77011,0.84855
38.88,25.6327,3.51812,2.01567,4.50609,1.26878,0.3657,5.18096,0.60823,-1.37157,1.02341,-0.02454,-0.01161,-0.02741,3.864,1.01845,1.6612,0.33516,0.03489,-0.05618,0.01971,-144.26508,13.49869,-2.60503,37.81864,-11.70254,4.5828,2.27163,-11.14811,0.48791,-0.52742,10.24835,3.88093,-5.76607,0.85124
38.9,26.1243,3.61477,1.92252,4.47312,1.34244,0.36161,5.26121,0.69916,-1.36194,1.06188,-0.02222,-0.0087,-0.03049,3.97138,1.04406,1.70217,0.33641,0.03573,-0.05591,0.01945,-144.42495,13.48684,-2.63572,37.88657,-11.71852,4.6095,2.28354,-10.94857,0.49722,-0.49185,10.21174,3.89837,-5.762,0.85352
38.92,26.61382,3.88897,1.67013,4.47046,1.37612,0.35003,5.37404,0.78402,-1.36455,1.13718,-0.01778,-0.01096,-0.03853,4.10191,1.06352,1.74196,0.38772,0.03287,-0.05461,0.02482,-144.62441,13.46092,-2.68087,37.87506,-11.73487,4.63082,2.29628,-10.77045,0.50427,-0.46267,10.18856,3.91541,-5.75697,0.85501
38.94,27.0685,4.2665,1.23434,4.46912,1.38825,0.33341,5.5029,0.8393,-1.3864,1.22871,-0.01303,-0.01694,-0.04817,4.25348,1.0542,1.77629,0.4612,0.02789,-0.05178,0.03298,-144.80594,13.43401,-2.72671,37.83614,-11.74806,4.64792,2.30794,-10.63662,0.50865,-0.43928,10.16817,3.92895,-5.75252,0.85609
38.96,27.44555,4.6832,0.61438,4.44665,1.39889,0.3152,5.63256,0.84926,-1.43045,1.31786,-0.00936,-0.02517,-0.05659,4.4156,1.004,1.8018,0.52913,0.0225,-0.0472,0.04111,-144.93576,13.40577,-2.76869,37.80351,-11.756,4.66386,2.31788,-10.56085,0.50876,-0.42117,10.1439,3.93677,-5.74953,0.85683
38.98,27.74177,5.1937,-0.14423,4.41714,1.40197,0.29539,5.75996,0.81458,-1.49333,1.40727,-0.0065,-0.03615,-0.06451,4.57884,0.92451,1.81563,0.59974,0.01636,-0.04087,0.04972,-145.04697,13.33563,-2.81101,37.74806,-11.75809,4.68253,2.32839,-10.54772,0.49897,-0.40444,10.11058,3.93844,-5.74789,0.85734
39,27.93846,5.67292,-0.99091,4.38252,1.39774,0.27446,5.87683,0.73223,-1.5734,1.48591,-0.00493,-0.04887,-0.07078,4.739,0.8139,1.81634,0.66603,0.01014,-0.0332,0.05794,-145.08031,13.32638,-2.84195,37.71171,-11.7573,4.6893,2.33336,-10.57685,0.49034,-0.40048,10.08833,3.93656,-5.74723,0.8571
39.02,28.02249,5.96988,-1.86945,4.34355,1.38826,0.25318,5.97475,0.60312,-1.66781,1.54217,-0.00515,-0.06191,-0.07403,4.89202,0.6696,1.80428,0.71882,0.0047,-0.02495,0.0647,-144.97117,13.49517,-2.83905,37.74362,-11.7576,4.66465,2.32464,-10.61506,0.49584,-0.42152,10.10575,3.9348,-5.74724,0.85515
39.04,28.03606,6.19609,-2.73101,4.30721,1.37222,0.23251,6.05359,0.43906,-1.76908,1.58301,-0.00649,-0.07528,-0.07548,5.02614,0.50711,1.77891,0.76538,-0.00028,-0.01622,0.0705,-144.79995,13.72699,-2.82894,37.79655,-11.75681,4.62854,2.31077,-10.67324,0.50181,-0.45344,10.13614,3.93145,-5.74789,0.85223
39.06,28.02112,6.44081,-3.53212,4.27753,1.34989,0.21337,6.11395,0.25325,-1.86989,1.61447,-0.00842,-0.08879,-0.07612,5.13208,0.34063,1.74098,0.81075,-0.00505,-0.00723,0.07573,-144.63778,13.9195,-2.82365,37.83314,-11.75368,4.59755,2.29824,-10.75432,0.49662,-0.48311,10.15779,3.92563,-5.74888,0.84894
39.08,27.98259,6.66257,-4.22462,4.25729,1.31859,0.19543,6.15374,0.05806,-1.96461,1.63669,-0.01088,-0.10168,-0.07587,5.20919,0.17759,1.69367,0.85687,-0.00953,0.00134,0.08053,-144.47368,14.09897,-2.79834,37.87382,-11.75147,4.56287,2.28316,-10.82961,0.48341,-0.50888,10.18126,3.92054,-5.74997,0.84551
39.1,27.99799,6.80369,-4.77445,4.24591,1.28692,0.18022,6.17901,-0.13276,-2.04824,1.6483,-0.01321,-0.11279,-0.07543,5.26065,0.02173,1.64049,0.90019,-0.01349,0.00922,0.08457,-144.33276,14.3058,-2.81449,37.91039,-11.75084,4.53483,2.27142,-10.8852,0.4685,-0.53995,10.20397,3.91687,-5.75053,0.84053
39.12,28.13667,6.81213,-5.15299,4.24034,1.26727,0.17007,6.19945,-0.30083,-2.11532,1.64915,-0.01455,-0.12087,-0.07578,5.29066,-0.1201,1.58692,0.93547,-0.01664,0.0161,0.08747,-144.24216,14.58398,-2.94535,37.93295,-11.75279,4.52614,2.27046,-10.90893,0.45875,-0.58684,10.22148,3.91486,-5.75017,0.83259
39.14,28.4003,6.70195,-5.31984,4.24583,1.24911,0.16282,6.21336,-0.42997,-2.15988,1.64658,-0.01494,-0.12579,-0.07706,5.30479,-0.2346,1.53843,0.9734,-0.01942,0.02123,0.0902,-144.20308,14.88719,-3.11745,37.9606,-11.75952,4.52531,2.27365,-10.87275,0.44838,-0.63232,10.23862,3.91815,-5.74866,0.82343
39.16,28.77625,6.48856,-5.23692,4.26447,1.22314,0.15676,6.21939,-0.50129,-2.17504,1.64888,-0.01429,-0.12735,-0.07954,5.30674,-0.30719,1.50071,1.02285,-0.02221,0.02393,0.09366,-144.23255,15.18005,-3.27532,37.99601,-11.77464,4.5248,2.27602,-10.75152,0.43366,-0.66432,10.2602,3.9301,-5.74514,0.81391
39.18,29.28183,6.13058,-4.86994,4.29215,1.19286,0.15331,6.22387,-0.48945,-2.15268,1.6619,-0.01195,-0.12463,-0.0841,5.29742,-0.32131,1.48194,1.08036,-0.02484,0.0236,0.09773,-144.32722,15.5093,-3.44103,38.04925,-11.8001,4.52519,2.27926,-10.53264,0.42073,-0.69037,10.28739,3.95158,-5.7395,0.80318
39.2,30.00731,5.55775,-4.21267,4.33714,1.15025,0.14857,6.2281,-0.40278,-2.09654,1.68199,-0.0081,-0.11727,-0.09046,5.29924,-0.29354,1.47982,1.1584,-0.02782,0.02049,0.10325,-144.53437,15.80105,-3.61728,38.09858,-11.83363,4.53487,2.28535,-10.21024,0.40056,-0.69362,10.31226,3.98383,-5.7315,0.79261
39.22,30.99611,4.71238,-3.26453,4.40712,1.08755,0.13884,6.22588,-0.25204,-2.01142,1.702,-0.00334,-0.10504,-0.09757,5.32735,-0.24189,1.49071,1.26703,-0.03151,0.01461,0.11089,-144.91941,15.94675,-3.79665,38.10865,-11.87261,4.56227,2.29552,-9.78587,0.36106,-0.65338,10.3241,4.02749,-5.72112,0.78428
39.24,32.10421,3.57781,-2.0122,4.4918,1.01114,0.1267,6.21827,-0.02089,-1.89197,1.72489,0.00263,-0.08784,-0.10573,5.3653,-0.1429,1.52363,1.39267,-0.03528,0.00517,0.11968,-145.41875,16.05889,-3.98562,38.11744,-11.91979,4.59888,2.30869,-9.25659,0.31569,-0.58998,10.33299,4.08226,-5.70834,0.77641
39.26,33.15213,2.17937,-0.46406,4.5784,0.92685,0.11488,6.20488,0.29825,-1.7365,1.75054,0.00972,-0.066,-0.11469,5.39644,0.02594,1.5858,1.51909,-0.03833,-0.00835,0.12834,-145.98593,16.21282,-4.17624,38.14609,-11.97803,4.63564,2.32245,-8.62542,0.2727,-0.51828,10.34836,4.14735,-5.69318,0.76753
39.28,34.05491,0.64717,1.33435,4.6648,0.83886,0.10556,6.17714,0.69897,-1.55013,1.7697,0.01679,-0.04052,-0.12244,5.4056,0.27703,1.67821,1.62864,-0.03963,-0.02593,0.13525,-146.63948,16.36118,-4.38689,38.17543,-12.04392,4.67748,2.3386,-7.91094,0.228,-0.43667,10.36633,4.22097,-5.6762,0.75814
39.3,34.64417,-1.22985,3.28293,4.76297,0.73657,0.08787,6.12493,1.08116,-1.36439,1.74619,0.02241,-0.01283,-0.12665,5.4198,0.53748,1.78388,1.72806,-0.03954,-0.04613,0.13999,-147.31342,16.55109,-4.56891,38.22909,-12.11605,4.71723,2.35369,-7.13522,0.18318,-0.34354,10.38637,4.30119,-5.65768,0.74882
39.32,34.49819,-3.69136,5.26244,4.88553,0.60779,0.04724,6.00453,1.32176,-1.21686,1.62791,0.02403,0.01523,-0.12292,5.45433,0.70854,1.88169,1.81908,-0.03777,-0.06795,0.14087,-147.92122,16.86855,-4.68135,38.33444,-12.19312,4.74868,2.36473,-6.32769,0.14166,-0.2418,10.40691,4.38536,-5.63759,0.73989
39.34,33.43284,-6.1291,7.1547,5.00839,0.47224,-0.00291,5.79813,1.47322,-1.09981,1.4253,0.02044,0.04014,-0.10968,5.4385,0.85946,1.98062,1.84757,-0.0313,-0.09061,0.13344,-148.49433,17.22349,-4.76229,38.45854,-12.27052,4.77603,2.37393,-5.51954,0.09877,-0.13645,10.42832,4.46988,-5.61729,0.73143
39.36,31.69493,-8.03841,8.79315,5.11542,0.34857,-0.05135,5.5436,1.57177,-1.00994,1.17291,0.01265,0.05873,-0.08958,5.3535,1.02665,2.07923,1.79453,-0.01973,-0.11112,0.11718,-149.05633,17.5602,-4.85361,38.56787,-12.34454,4.80359,2.38357,-4.74681,0.05491,-0.03686,10.44862,4.55081,-5.59785,0.7234
39.38,29.35653,-9.40775,9.97421,5.21504,0.23596,-0.10671,5.23191,1.54559,-0.97149,0.87183,0.00111,0.06816,-0.0644,5.22671,1.10474,2.14836,1.68764,-0.00476,-0.12585,0.09406,-149.54094,17.92545,-4.9522,38.67743,-12.41089,4.83176,2.39392,-4.04398,0.01283,0.05478,10.4649,4.62442,-5.57991,0.71609
39.4,27.18768,-10.06019,10.61188,5.29495,0.15361,-0.15449,4.95098,1.47044,-0.96814,0.60187,-0.01011,0.06888,-0.04179,5.07823,1.14141,2.1875,1.54954,0.01013,-0.13273,0.06985,-149.97387,18.23253,-5.02,38.76223,-12.46971,4.8504,2.40048,-3.43388,-0.02702,0.13364,10.48281,4.68878,-5.56417,0.7098
39.42,26.09007,-10.18575,10.7193,5.34319,0.12978,-0.17766,4.8204,1.43023,-0.97688,0.45057,-0.0167,0.06532,-0.02885,4.96394,1.20174,2.2002,1.42041,0.01969,-0.13239,0.05339,-150.41147,18.38409,-5.02265,38.78321,-12.5229,4.84813,2.3984,-2.93147,-0.06179,0.19258,10.50993,4.74313,-5.55065,0.70462
39.44,25.77613,-9.99402,10.1865,5.37603,0.15268,-0.19059,4.76255,1.32573,-1.02159,0.38499,-0.02003,0.05634,-0.02362,4.90101,1.1419,2.15674,1.33446,0.02313,-0.12481,0.04559,-150.77359,18.46883,-4.99361,38.77118,-12.56509,4.83526,2.39207,-2.55921,-0.08816,0.23255,10.53665,4.7844,-5.53988,0.70079
39.46,25.91452,-9.53071,8.94256,5.40508,0.21655,-0.20351,4.7105,1.0925,-1.11851,0.37154,-0.02144,0.04002,-0.02418,4.8843,0.87221,2.04144,1.30055,0.02114,-0.10951,0.04488,-151.00162,18.56196,-4.96825,38.75294,-12.59256,4.82101,2.38561,-2.32579,-0.10508,0.25611,10.55713,4.81089,-5.53268,0.69832
39.48,26.48691,-8.98038,7.07573,5.4223,0.35027,-0.21179,4.6873,0.76827,-1.25773,0.41121,-0.02088,0.01788,-0.03014,4.91766,0.44464,1.8684,1.3096,0.01373,-0.08745,0.05133,-151.13333,18.65041,-4.93952,38.7105,-12.60782,4.80142,2.37762,-2.22096,-0.11101,0.26105,10.57534,4.82496,-5.5278,0.69718
39.5,27.6842,-8.00317,4.75046,5.43319,0.482,-0.21001,4.70003,0.37031,-1.42766,0.50757,-0.01799,-0.00825,-0.0418,4.99527,-0.07951,1.65959,1.35733,0.00256,-0.0618,0.06327,-151.15694,18.70215,-4.90426,38.67055,-12.61127,4.78067,2.36929,-2.22904,-0.10885,0.25225,10.58782,4.82598,-5.52658,0.69688
39.52,29.54144,-5.98987,2.20658,5.44675,0.50554,-0.19579,4.74809,-0.07803,-1.61413,0.65538,-0.01275,-0.03624,-0.05858,5.1103,-0.61811,1.44597,1.43325,-0.00967,-0.03658,0.07786,-151.07162,18.69286,-4.87509,38.65448,-12.60388,4.76587,2.36289,-2.32729,-0.10196,0.2339,10.58948,4.81385,-5.53011,0.69658
39.54,31.20216,-3.46172,-0.33484,5.41985,0.47562,-0.17971,4.81766,-0.54928,-1.81213,0.79832,-0.0079,-0.06505,-0.07488,5.26032,-1.11114,1.25166,1.50397,-0.02097,-0.01208,0.09169,-150.93065,18.65313,-4.84329,38.64751,-12.59099,4.75242,2.35715,-2.47897,-0.09113,0.20935,10.58592,4.7949,-5.53574,0.69678
39.56,32.25886,-1.11112,-2.66517,5.34594,0.44088,-0.16945,4.89853,-1.01406,-2.01454,0.89716,-0.0052,-0.0934,-0.087,5.44,-1.52266,1.09318,1.55191,-0.0302,0.01125,0.10263,-150.78297,18.62608,-4.81723,38.63587,-12.57702,4.73825,2.3516,-2.64454,-0.07744,0.18178,10.58233,4.77545,-5.5412,0.69735
39.58,32.89064,1.23955,-4.53051,5.23695,0.33232,-0.16501,5.00027,-1.40186,-2.1989,0.96624,-0.00364,-0.11818,-0.09601,5.6421,-1.79846,0.99329,1.58243,-0.0364,0.02983,0.11008,-150.67713,18.59122,-4.78553,38.61036,-12.56581,4.72267,2.34537,-2.78872,-0.06467,0.15615,10.57867,4.75859,-5.54599,0.69804
39.6,33.13431,2.79847,-5.84293,5.09658,0.21058,-0.17134,5.09037,-1.70543,-2.35759,1.01232,-0.00214,-0.13883,-0.10346,5.83988,-1.97562,0.93593,1.61953,-0.04209,0.04373,0.11727,-150.57902,18.56681,-4.76436,38.62357,-12.55948,4.71374,2.34223,-2.88098,-0.05673,0.13946,10.57502,4.74681,-5.54972,0.6985
39.62,33.20581,2.64437,-6.62477,4.94995,0.15989,-0.1916,5.11728,-1.95608,-2.48816,1.03956,0.0005,-0.15617,-0.11115,5.99965,-2.1266,0.88857,1.69274,-0.05074,0.05455,0.12851,-150.44565,18.58721,-4.77354,38.72663,-12.5615,4.72045,2.34692,-2.9012,-0.05686,0.13808,10.56891,4.74143,-5.55255,0.69859
39.64,33.21989,1.58826,-6.79485,4.81171,0.09896,-0.21899,5.10582,-2.0868,-2.5707,1.06087,0.00458,-0.16722,-0.11912,6.12048,-2.20271,0.87331,1.78711,-0.05995,0.05931,0.141,-150.35548,18.61834,-4.79098,38.86864,-12.57241,4.73462,2.35491,-2.83289,-0.06614,0.15138,10.56363,4.74488,-5.55358,0.69826
39.66,33.17785,0.33882,-6.36572,4.68657,-0.02804,-0.24923,5.08029,-2.0659,-2.59846,1.0819,0.00972,-0.17037,-0.12673,6.20368,-2.16668,0.90646,1.88263,-0.06733,0.05626,0.15175,-150.36135,18.64652,-4.8089,39.00854,-12.59235,4.74959,2.36306,-2.67141,-0.08409,0.17609,10.56159,4.75831,-5.55228,0.69721
39.68,32.97378,-1.22086,-5.50435,4.56701,-0.18327,-0.28188,5.01045,-1.95741,-2.58165,1.1001,0.0159,-0.16767,-0.13437,6.22653,-2.06178,0.96392,1.98062,-0.07369,0.04723,0.16153,-150.42002,18.70646,-4.83286,39.16836,-12.62127,4.76722,2.37247,-2.42888,-0.11073,0.21306,10.5583,4.78011,-5.54925,0.69536
39.7,32.64316,-2.84384,-4.34323,4.47853,-0.34253,-0.31211,4.93904,-1.75596,-2.53193,1.0998,0.0211,-0.15975,-0.13901,6.21631,-1.87327,1.05629,2.05501,-0.07732,0.03369,0.16764,-150.56611,18.7212,-4.85757,39.32155,-12.6558,4.78811,2.38268,-2.11046,-0.14566,0.25987,10.5636,4.80987,-5.54429,0.6931
39.72,32.33984,-4.32354,-2.99581,4.45221,-0.48725,-0.33633,4.9207,-1.44296,-2.46403,1.06644,0.02326,-0.1475,-0.13776,6.21939,-1.58148,1.19973,2.0829,-0.07667,0.01739,0.16766,-150.81516,18.60107,-4.88248,39.45784,-12.68902,4.81217,2.39336,-1.7262,-0.18678,0.31158,10.58874,4.84643,-5.53747,0.69052
39.74,32.0153,-5.68711,-1.63448,4.4597,-0.60441,-0.3553,4.90856,-1.09955,-2.38684,1.01846,0.02389,-0.13375,-0.13382,6.20922,-1.24528,1.35825,2.08429,-0.07354,8e-05,0.16436,-151.1056,18.43029,-4.90566,39.58431,-12.72221,4.83771,2.40421,-1.31668,-0.23058,0.36668,10.62001,4.88557,-5.52993,0.68803
39.76,31.64542,-6.88604,-0.41473,4.4753,-0.69147,-0.36953,4.86731,-0.79505,-2.30795,0.97188,0.02421,-0.12084,-0.12981,6.16094,-0.91916,1.50028,2.07675,-0.06954,-0.01678,0.16005,-151.37897,18.28232,-4.92977,39.70892,-12.7553,4.86196,2.41479,-0.91871,-0.27348,0.42136,10.64863,4.92338,-5.52289,0.68558
39.78,31.28554,-7.91659,0.57251,4.50516,-0.74485,-0.37973,4.80507,-0.544,-2.23945,0.91955,0.02362,-0.11026,-0.1251,6.08475,-0.6278,1.61819,2.06009,-0.06547,-0.03116,0.15531,-151.5893,18.12319,-4.95553,39.85687,-12.78395,4.8874,2.42646,-0.55092,-0.31311,0.47144,10.68115,4.95666,-5.51724,0.68318
39.8,31.11943,-8.62518,1.27846,4.55635,-0.74613,-0.3803,4.75755,-0.33769,-2.17473,0.88445,0.0223,-0.10101,-0.12023,6.01362,-0.35819,1.71862,2.03576,-0.06014,-0.04388,0.14958,-151.8124,17.95519,-4.96598,39.94133,-12.80789,4.90619,2.43444,-0.24696,-0.34663,0.51572,10.70636,4.98528,-5.51187,0.68206
39.82,31.34491,-8.8809,1.68828,4.63226,-0.6853,-0.36686,4.75778,-0.16537,-2.10186,0.89004,0.02058,-0.09152,-0.11575,5.98012,-0.10001,1.80674,2.00896,-0.05232,-0.05602,0.14236,-152.13982,17.78571,-4.93576,39.86553,-12.82756,4.9079,2.4328,-0.03826,-0.37198,0.55444,10.7105,5.01034,-5.50492,0.6837
39.84,31.80639,-8.85359,1.80032,4.71848,-0.5913,-0.34739,4.78039,-0.04733,-2.03407,0.9193,0.01844,-0.08344,-0.11178,5.9669,0.09599,1.86432,1.98879,-0.04488,-0.06488,0.13614,-152.45776,17.60489,-4.88745,39.7224,-12.8398,4.90187,2.42727,0.07893,-0.38796,0.58366,10.70738,5.02785,-5.49885,0.68706
39.86,32.36339,-8.72332,1.6378,4.802,-0.49565,-0.32903,4.80152,-0.00329,-1.98544,0.95733,0.016,-0.07818,-0.10869,5.95557,0.1858,1.87566,1.98449,-0.04018,-0.06854,0.133,-152.66713,17.41796,-4.84043,39.59609,-12.84253,4.89545,2.42242,0.10982,-0.39363,0.60005,10.70609,5.03507,-5.49549,0.69107
39.88,33.01416,-8.55195,1.25376,4.87757,-0.41192,-0.31372,4.8211,-0.03251,-1.95625,1.00201,0.01335,-0.07527,-0.10654,5.9496,0.15717,1.83716,2.00228,-0.03796,-0.06735,0.13278,-152.81575,17.2473,-4.80141,39.44781,-12.83647,4.88603,2.41712,0.05333,-0.38827,0.60362,10.70355,5.03395,-5.49378,0.69633
39.9,33.8051,-8.17979,0.75922,4.95041,-0.32995,-0.29384,4.89212,-0.07333,-1.9307,1.07383,0.01116,-0.0716,-0.10609,5.98378,0.06183,1.77572,2.03119,-0.03815,-0.06208,0.13575,-152.8835,17.03014,-4.73298,39.30731,-12.82255,4.87306,2.41024,-0.08142,-0.37397,0.59849,10.69708,5.02371,-5.49451,0.7025
39.92,34.70581,-7.34566,0.26929,5.02325,-0.24294,-0.26104,5.06242,-0.0572,-1.88802,1.18972,0.01027,-0.06411,-0.10815,6.06917,-0.04283,1.71794,2.04782,-0.03988,-0.05322,0.14083,-152.8452,16.68989,-4.57607,39.212,-12.80182,4.8531,2.39938,-0.27638,-0.35412,0.59021,10.68686,5.00422,-5.49808,0.70872
39.94,35.49328,-6.26345,-0.19179,5.08303,-0.17373,-0.2231,5.28137,-0.02164,-1.84088,1.3182,0.01046,-0.0553,-0.11212,6.15008,-0.19473,1.63995,2.05399,-0.04267,-0.04033,0.14645,-152.7547,16.30198,-4.3852,39.13054,-12.77674,4.83079,2.38735,-0.51445,-0.32935,0.57845,10.67353,4.97933,-5.50328,0.7156
39.96,36.034,-5.20217,-0.59859,5.12347,-0.14394,-0.18791,5.50376,-0.01025,-1.80627,1.42928,0.01106,-0.04776,-0.11672,6.19562,-0.41819,1.52915,2.05538,-0.04615,-0.02392,0.1516,-152.65189,15.93745,-4.21371,39.0438,-12.74931,4.80933,2.37698,-0.77442,-0.29987,0.5625,10.65906,4.95273,-5.50884,0.72328
39.98,36.27805,-4.06191,-0.89129,5.14894,-0.16955,-0.15587,5.71983,-0.02171,-1.77851,1.51378,0.01165,-0.04121,-0.12096,6.2054,-0.69002,1.40285,2.03814,-0.0487,-0.00622,0.15426,-152.57168,15.59441,-4.03476,38.93458,-12.72314,4.78367,2.3648,-1.03466,-0.26798,0.54657,10.64198,4.92729,-5.51349,0.7318
40,36.15993,-3.01911,-1.08935,5.16072,-0.18387,-0.1171,5.94719,-0.02085,-1.76126,1.58671,0.01265,-0.03709,-0.12489,6.13939,-0.91584,1.27353,1.98699,-0.0505,0.01278,0.15415,-152.47721,15.21374,-3.86882,38.87215,-12.69804,4.76789,2.35814,-1.26895,-0.23765,0.53424,10.62684,4.90258,-5.51942,0.73997
40.02,35.60435,-2.34116,-1.25025,5.13975,-0.09659,-0.0584,6.17821,0.02314,-1.76316,1.65601,0.01349,-0.0388,-0.12687,5.89804,-0.95914,1.16202,1.86805,-0.04985,0.03179,0.14833,-152.33686,14.71068,-3.73946,38.92408,-12.67427,4.77866,2.36546,-1.451,-0.21382,0.53003,10.6209,4.87761,-5.5288,0.747
40.04,34.5933,-1.88294,-1.34313,5.06837,0.02498,0.00833,6.30615,0.01924,-1.78939,1.67492,0.01117,-0.04706,-0.1224,5.49403,-0.86957,1.08592,1.67742,-0.04386,0.04453,0.13385,-152.21375,14.17664,-3.6266,39.02216,-12.65537,4.80037,2.37856,-1.57386,-0.19526,0.53357,10.6171,4.85681,-5.53841,0.75346
40.06,33.20017,-1.52032,-1.34165,4.96264,0.12702,0.07291,6.29256,-0.08156,-1.83836,1.62811,0.00458,-0.05962,-0.1103,5.02542,-0.72424,1.04743,1.43615,-0.03308,0.04826,0.11252,-152.16131,13.67586,-3.51064,39.11058,-12.64389,4.82037,2.3905,-1.63128,-0.18083,0.54551,10.61118,4.84389,-5.54561,0.76001
40.08,31.46052,-1.35721,-1.25013,4.79875,0.27125,0.14541,6.14033,-0.22552,-1.89871,1.53552,-0.00641,-0.07514,-0.09027,4.48343,-0.4679,1.05741,1.12806,-0.01746,0.04196,0.08457,-152.18639,13.14672,-3.39541,39.19906,-12.64005,4.84253,2.40372,-1.60768,-0.17261,0.56854,10.61149,4.83905,-5.55129,0.76647
40.1,29.68878,-1.25444,-1.12174,4.62839,0.39004,0.20898,5.90632,-0.4535,-1.98145,1.40589,-0.01993,-0.09036,-0.06627,4.02646,-0.25039,1.08718,0.83798,-0.00305,0.03003,0.059,-152.24087,12.68914,-3.29447,39.31736,-12.64362,4.86933,2.41845,-1.51841,-0.16852,0.59907,10.60303,4.84125,-5.5551,0.7719
40.12,28.29843,-0.91564,-1.06443,4.56365,0.40247,0.24455,5.75254,-0.76234,-2.08806,1.27102,-0.03106,-0.10206,-0.04731,3.81476,-0.21864,1.09773,0.67837,0.00313,0.02247,0.04599,-152.26544,12.41926,-3.22414,39.49995,-12.65306,4.90335,2.43421,-1.38602,-0.16699,0.63473,10.567,4.84907,-5.55646,0.77546
40.14,27.20878,-0.4861,-1.00457,4.541,0.3958,0.27034,5.66451,-1.02887,-2.18199,1.15609,-0.03961,-0.11017,-0.03305,3.71128,-0.23004,1.1083,0.58471,0.00543,0.01736,0.03948,-152.30798,12.21976,-3.16759,39.71537,-12.66842,4.94163,2.45094,-1.19286,-0.17024,0.67778,10.52449,4.86335,-5.55621,0.77775
40.16,26.29739,-0.13663,-0.81895,4.49844,0.42806,0.29953,5.58145,-1.18833,-2.23971,1.06631,-0.04687,-0.11442,-0.02068,3.6116,-0.16813,1.14325,0.49415,0.00798,0.00991,0.03393,-152.41769,11.99563,-3.11165,39.92489,-12.69027,4.98089,2.46785,-0.93172,-0.17923,0.72829,10.49018,4.88441,-5.55457,0.77921
40.18,25.64087,0.20904,-0.47104,4.46045,0.46359,0.32612,5.52259,-1.24463,-2.25952,1.00689,-0.05143,-0.11394,-0.01242,3.53809,-0.05307,1.19925,0.42872,0.00946,0.00128,0.03132,-152.54846,11.74211,-3.0406,40.1645,-12.71606,5.02382,2.48471,-0.62421,-0.19589,0.7888,10.45324,4.90986,-5.55256,0.77965
40.2,25.4903,0.36052,0.08117,4.43892,0.47782,0.341,5.50594,-1.19621,-2.24055,0.98322,-0.05285,-0.10921,-0.00936,3.52017,0.08938,1.2652,0.41388,0.00921,-0.00747,0.03254,-152.7388,11.56184,-3.00408,40.3676,-12.74748,5.06411,2.50117,-0.27128,-0.21457,0.84829,10.42689,4.9408,-5.5489,0.77878
40.22,26.04936,0.11944,0.86771,4.44809,0.45407,0.33785,5.54062,-1.04022,-2.18258,0.99794,-0.05117,-0.10106,-0.01167,3.57906,0.23999,1.33239,0.4678,0.00717,-0.01582,0.03769,-153.04759,11.54743,-3.03778,40.44676,-12.78693,5.09191,2.51541,0.12727,-0.23006,0.89577,10.42654,4.97841,-5.54247,0.7763
40.24,27.14431,-0.34155,1.86742,4.47662,0.3968,0.32416,5.61273,-0.78182,-2.08618,1.04838,-0.04622,-0.0892,-0.01925,3.68673,0.41768,1.41043,0.57051,0.00388,-0.02441,0.04601,-153.39449,11.60265,-3.10392,40.48449,-12.82917,5.11568,2.52849,0.54103,-0.24813,0.93931,10.43463,5.01847,-5.53497,0.77265
40.26,28.47242,-0.87099,3.02102,4.50176,0.33018,0.30924,5.70008,-0.42699,-1.95356,1.13007,-0.03839,-0.07365,-0.03108,3.80862,0.64781,1.50808,0.69098,0.00034,-0.03414,0.05598,-153.71695,11.62666,-3.15691,40.54338,-12.87018,5.14109,2.5406,0.94418,-0.27271,0.98506,10.43878,5.0572,-5.52823,0.76798
40.28,29.85783,-1.35389,4.23251,4.51947,0.27145,0.29719,5.78878,0.01649,-1.78984,1.23726,-0.02863,-0.0553,-0.04561,3.93031,0.93168,1.62123,0.8111,-0.00265,-0.04489,0.06622,-154.03394,11.59833,-3.19351,40.58872,-12.90892,5.16637,2.55093,1.3231,-0.30255,1.03023,10.44075,5.09288,-5.5224,0.76234
40.3,31.42044,-2.02193,5.31974,4.54908,0.22529,0.27664,5.92273,0.48333,-1.62201,1.35186,-0.0174,-0.03555,-0.06254,4.1255,1.16311,1.72651,0.95911,-0.0066,-0.05206,0.07796,-154.2917,11.6682,-3.26407,40.63836,-12.94392,5.18813,2.56034,1.66366,-0.33318,1.06519,10.44618,5.12561,-5.51667,0.75582
40.32,33.05856,-3.43201,6.09928,4.59735,0.20659,0.23383,6.11318,0.87879,-1.48201,1.43638,-0.00684,-0.01555,-0.07876,4.47495,1.21364,1.79883,1.15632,-0.01244,-0.05202,0.09145,-154.41242,12.00409,-3.41618,40.73251,-12.97236,5.20448,2.57066,1.95086,-0.36191,1.08075,10.46018,5.15552,-5.51018,0.74863
40.34,34.13851,-5.09899,6.48082,4.65313,0.23139,0.18313,6.26275,1.19943,-1.36774,1.47219,0.00074,0.00336,-0.08963,4.87907,1.14999,1.845,1.32689,-0.017,-0.04863,0.10175,-154.4487,12.4332,-3.59837,40.82444,-12.99365,5.21593,2.57961,2.16629,-0.39142,1.08235,10.47607,5.17901,-5.50432,0.74091
40.36,34.47878,-6.36321,6.37348,4.70503,0.31513,0.13774,6.32909,1.45723,-1.27703,1.4677,0.00519,0.01877,-0.09444,5.25065,1.04162,1.87232,1.42236,-0.01863,-0.04377,0.10616,-154.42465,12.80389,-3.76201,40.89669,-13.00662,5.22493,2.586,2.29477,-0.42302,1.07599,10.48738,5.19276,-5.50083,0.73295
40.38,34.1659,-7.51299,5.67583,4.73102,0.49482,0.0939,6.31455,1.60966,-1.22347,1.42352,0.00609,0.02756,-0.09319,5.592,0.84293,1.86506,1.44947,-0.01757,-0.03567,0.10452,-154.2908,13.16596,-3.91732,40.98357,-13.00956,5.23308,2.59134,2.32997,-0.45455,1.05834,10.49672,5.19599,-5.49989,0.72478
40.4,33.55223,-7.74567,4.47354,4.80938,0.65159,0.04749,6.21587,1.62599,-1.22031,1.35834,0.00551,0.02865,-0.08967,5.88836,0.58472,1.83379,1.44127,-0.01604,-0.026,0.10037,-154.13407,13.53358,-4.08731,41.00196,-13.0047,5.2332,2.59297,2.26999,-0.48319,1.02746,10.50405,5.19064,-5.49962,0.71711
40.42,33.26862,-6.25928,2.95075,5.01604,0.60965,-0.00935,6.00508,1.45236,-1.28713,1.28933,0.00558,0.02059,-0.08816,6.13672,0.31725,1.79959,1.44676,-0.01649,-0.01728,0.09837,-154.08097,13.91185,-4.30115,40.8412,-12.99643,5.21839,2.58802,2.12153,-0.50642,0.98302,10.51046,5.17971,-5.4977,0.71055
40.44,33.11435,-4.21764,1.18792,5.18836,0.47626,-0.07353,5.69392,1.08652,-1.41436,1.20786,0.00471,0.00195,-0.08673,6.28806,0.07124,1.75599,1.44464,-0.01638,-0.00938,0.09542,-154.02355,14.29146,-4.52455,40.61429,-12.98244,5.19582,2.57955,1.89676,-0.52455,0.92775,10.51553,5.1622,-5.49608,0.7047
40.46,32.86746,-2.45352,-0.66094,5.26289,0.35574,-0.13747,5.34169,0.58662,-1.57465,1.1034,0.00195,-0.02465,-0.08357,6.30864,-0.12946,1.69874,1.41902,-0.01415,-0.00228,0.08953,-153.8885,14.659,-4.73668,40.40916,-12.96165,5.17323,2.57079,1.61568,-0.53845,0.86613,10.5201,5.1381,-5.49636,0.69881
40.48,32.66325,-0.67347,-2.36142,5.24419,0.13981,-0.20772,4.94463,-0.02547,-1.7551,0.96098,-0.00167,-0.05621,-0.08005,6.19477,-0.30773,1.62713,1.3975,-0.01131,0.00345,0.08289,-153.72879,15.04396,-4.96142,40.19657,-12.93734,5.15209,2.56304,1.29835,-0.5474,0.79932,10.52222,5.11002,-5.49781,0.69314
40.5,32.51909,0.56275,-3.71093,5.14656,-0.05206,-0.26584,4.62816,-0.5606,-1.91003,0.82985,-0.00425,-0.08526,-0.07824,6.00827,-0.42845,1.55514,1.3816,-0.00913,0.00717,0.07799,-153.57381,15.38747,-5.15469,39.98013,-12.91306,5.12488,2.55187,0.97706,-0.55154,0.73366,10.52735,5.08235,-5.49884,0.68792
40.52,32.45508,0.54757,-4.55747,5.11172,-0.08154,-0.29473,4.53441,-0.84303,-2.01169,0.78387,-0.00452,-0.10385,-0.07931,5.91008,-0.46402,1.50703,1.37722,-0.00937,0.00877,0.07793,-153.45818,15.6162,-5.255,39.76009,-12.89297,5.08034,2.53075,0.68359,-0.55179,0.67655,10.54054,5.05994,-5.49724,0.68401
40.54,32.49478,-0.1727,-4.88571,5.10531,-0.10941,-0.31433,4.54278,-0.97938,-2.08243,0.77955,-0.00321,-0.1147,-0.08252,5.87498,-0.50241,1.46966,1.39913,-0.0121,0.00915,0.08175,-153.38356,15.80744,-5.3259,39.54812,-12.87716,5.03211,2.50746,0.43283,-0.54856,0.62687,10.55693,5.04274,-5.49425,0.68058
40.56,32.61585,-1.12758,-4.74511,5.07205,-0.24154,-0.33867,4.55227,-1.0657,-2.13725,0.76925,-0.00119,-0.1212,-0.08691,5.83429,-0.59613,1.42712,1.44838,-0.01644,0.00865,0.08757,-153.35534,16.02505,-5.41121,39.3474,-12.86641,4.98967,2.48745,0.23689,-0.542,0.58393,10.57314,5.03095,-5.49059,0.67708
40.58,32.76734,-2.46886,-4.19747,5.03346,-0.41685,-0.3616,4.586,-1.08014,-2.17492,0.76467,0.0014,-0.12307,-0.09217,5.80522,-0.70997,1.3884,1.51764,-0.02184,0.00661,0.09507,-153.4165,16.28659,-5.51171,39.12366,-12.86486,4.94321,2.46695,0.10901,-0.5302,0.54613,10.59132,5.02779,-5.48404,0.67364
40.6,32.87729,-3.88568,-3.35687,4.99291,-0.60221,-0.37819,4.64287,-1.03632,-2.19536,0.76715,0.00399,-0.12088,-0.09724,5.7863,-0.82068,1.36045,1.59237,-0.02729,0.00333,0.10278,-153.48985,16.49173,-5.58556,38.97409,-12.86574,4.91111,2.45188,0.05398,-0.5181,0.52337,10.60812,5.02993,-5.4784,0.67087
40.62,32.81932,-4.99361,-2.35115,4.94299,-0.77215,-0.38496,4.71791,-0.95629,-2.19832,0.77619,0.00605,-0.11541,-0.10113,5.77256,-0.91046,1.34814,1.65757,-0.03189,-0.00043,0.10912,-153.47492,16.52447,-5.58104,39.01678,-12.85943,4.91488,2.44933,0.07003,-0.51098,0.525,10.61985,5.03242,-5.47867,0.66966
40.64,32.71306,-5.94683,-1.28698,4.89354,-0.91057,-0.38445,4.79871,-0.85821,-2.19035,0.78654,0.00759,-0.10826,-0.10401,5.75676,-0.97293,1.34703,1.71393,-0.03551,-0.00486,0.11417,-153.45641,16.50056,-5.54914,39.14075,-12.85394,4.93264,2.45234,0.15281,-0.50276,0.53956,10.63021,5.03957,-5.47987,0.66916
40.66,32.59506,-6.84086,-0.25971,4.84669,-1.01982,-0.38101,4.86363,-0.76313,-2.17817,0.79124,0.00871,-0.10106,-0.10621,5.72936,-1.01559,1.34933,1.76383,-0.0382,-0.00985,0.11814,-153.51943,16.5236,-5.53562,39.23477,-12.85772,4.94685,2.45526,0.29325,-0.48909,0.55813,10.64182,5.05406,-5.47845,0.66906
40.68,32.44891,-7.60936,0.64919,4.80806,-1.09112,-0.37484,4.91011,-0.67936,-2.16225,0.79401,0.00954,-0.09429,-0.10785,5.69344,-1.03474,1.3554,1.80277,-0.03986,-0.01486,0.12077,-153.61913,16.56079,-5.52755,39.3357,-12.86428,4.9626,2.45972,0.48094,-0.47075,0.58014,10.65638,5.07367,-5.47591,0.6697
40.7,32.31782,-8.12309,1.38292,4.78157,-1.12345,-0.36617,4.93879,-0.60577,-2.14217,0.79402,0.00976,-0.08842,-0.10837,5.65383,-1.0272,1.3654,1.82645,-0.04027,-0.01955,0.1218,-153.72625,16.58618,-5.50605,39.45462,-12.87537,4.98167,2.46595,0.69506,-0.45032,0.60833,10.66672,5.09526,-5.47324,0.67059
40.72,32.25386,-8.25759,1.90621,4.76876,-1.12066,-0.3555,4.94983,-0.53919,-2.11737,0.78879,0.00898,-0.08388,-0.10715,5.61525,-0.99234,1.37927,1.83205,-0.03929,-0.02365,0.12105,-153.80073,16.57461,-5.44989,39.6093,-12.89264,5.00475,2.47464,0.91283,-0.43138,0.6468,10.66432,5.11514,-5.4721,0.6709
40.74,32.2119,-8.15029,2.21144,4.76915,-1.08585,-0.34455,4.93982,-0.48471,-2.08945,0.78196,0.00779,-0.08067,-0.10502,5.57923,-0.93337,1.39694,1.82295,-0.03722,-0.02718,0.11891,-153.85211,16.54585,-5.37998,39.77923,-12.91111,5.02959,2.48435,1.12697,-0.41194,0.6881,10.6579,5.13363,-5.47188,0.6714
40.76,32.1564,-7.93378,2.30782,4.78124,-1.02307,-0.33481,4.90649,-0.44611,-2.06056,0.77603,0.00667,-0.07873,-0.10274,5.54572,-0.85513,1.41779,1.80341,-0.03439,-0.03028,0.11579,-153.89765,16.5258,-5.3121,39.93524,-12.92757,5.05225,2.49367,1.32886,-0.3906,0.72538,10.65421,5.15107,-5.47156,0.67281
40.78,32.09191,-7.58612,2.21293,4.80388,-0.9349,-0.32587,4.85444,-0.42039,-2.03129,0.77059,0.00544,-0.07814,-0.1002,5.5161,-0.75923,1.44198,1.7743,-0.03089,-0.03297,0.11178,-153.88653,16.5054,-5.24764,40.11178,-12.93969,5.0773,2.50458,1.5038,-0.37022,0.76003,10.65113,5.16502,-5.47238,0.6745
40.8,32.05498,-7.13126,1.97265,4.83647,-0.82898,-0.3175,4.78932,-0.40083,-2.00064,0.76549,0.0043,-0.07807,-0.09733,5.49354,-0.64405,1.47258,1.73777,-0.02676,-0.03574,0.10706,-153.88134,16.47303,-5.17356,40.24067,-12.95049,5.09478,2.51216,1.63891,-0.35039,0.78801,10.64701,5.17522,-5.47333,0.67689
40.82,32.08481,-6.60715,1.6416,4.87788,-0.71478,-0.30955,4.71665,-0.38231,-1.9683,0.7603,0.00347,-0.07759,-0.09413,5.48051,-0.51071,1.51197,1.69697,-0.02212,-0.03908,0.10189,-153.95713,16.41374,-5.06911,40.24587,-12.96341,5.09189,2.51033,1.72532,-0.33027,0.80528,10.64215,5.18213,-5.47314,0.68034
40.84,32.15505,-6.04626,1.25606,4.92485,-0.59408,-0.30112,4.64468,-0.3651,-1.93667,0.75653,0.00273,-0.07709,-0.09085,5.47553,-0.36694,1.55707,1.65521,-0.0173,-0.0428,0.09663,-154.02734,16.33578,-4.95011,40.20103,-12.97354,5.08009,2.50449,1.75527,-0.31266,0.81417,10.63598,5.18367,-5.47337,0.68425
40.86,32.24519,-5.50006,0.85563,4.97246,-0.47293,-0.29213,4.57969,-0.35137,-1.90841,0.7553,0.00193,-0.07686,-0.08778,5.47751,-0.22585,1.60325,1.61736,-0.01275,-0.04659,0.0918,-154.01935,16.25221,-4.83674,40.16971,-12.97596,5.06967,2.49939,1.72413,-0.30018,0.81719,10.62878,5.17821,-5.47548,0.68843
40.88,32.34735,-5.01771,0.491,5.01376,-0.36564,-0.28347,4.52637,-0.3424,-1.88551,0.7566,0.00119,-0.07648,-0.08509,5.48871,-0.10208,1.64691,1.5896,-0.00895,-0.05032,0.08803,-153.96043,16.14649,-4.70568,40.1267,-12.97217,5.05697,2.49264,1.62873,-0.29335,0.8154,10.61961,5.16604,-5.4791,0.69312
40.9,32.51193,-4.64767,0.22137,5.04906,-0.27957,-0.27408,4.50541,-0.32207,-1.8651,0.7677,0.00057,-0.07515,-0.08311,5.52022,0.00219,1.6887,1.57622,-0.00633,-0.05384,0.08605,-153.84838,16.03759,-4.59464,40.0734,-12.96199,5.04074,2.48514,1.46975,-0.2896,0.80197,10.61134,5.14719,-5.48382,0.69715
40.92,32.77065,-4.42666,0.09123,5.07654,-0.22684,-0.26413,4.5289,-0.28163,-1.8452,0.79164,9e-05,-0.07236,-0.0821,5.58044,0.07392,1.72608,1.58204,-0.0053,-0.05675,0.08649,-153.69071,15.94648,-4.53092,40.00514,-12.94668,5.01693,2.47679,1.24954,-0.28627,0.77088,10.60654,5.12172,-5.48943,0.69921
40.94,33.14986,-4.38398,0.11394,5.09251,-0.21278,-0.25444,4.60026,-0.22396,-1.82794,0.8322,6e-05,-0.06783,-0.08258,5.67534,0.09272,1.75153,1.61543,-0.00674,-0.05827,0.09047,-153.48874,15.84764,-4.48248,39.92723,-12.92554,4.98945,2.46763,0.96939,-0.28496,0.72909,10.60232,5.09014,-5.49607,0.70078
40.96,33.66667,-4.52098,0.27954,5.09384,-0.2424,-0.24648,4.71448,-0.16043,-1.81658,0.88864,0.00065,-0.06181,-0.08486,5.80462,0.03689,1.75685,1.68256,-0.01119,-0.05765,0.09867,-153.24439,15.72604,-4.42345,39.84375,-12.89862,4.96139,2.4576,0.6317,-0.28721,0.68347,10.59529,5.05288,-5.50405,0.70307
40.98,34.29723,-4.78868,0.55069,5.07508,-0.33674,-0.24555,4.83558,-0.13126,-1.81758,0.94032,0.00132,-0.05559,-0.08811,5.94923,-0.12945,1.73173,1.78462,-0.01831,-0.05461,0.11032,-152.96346,15.6164,-4.3544,39.75167,-12.86806,4.93047,2.44639,0.24089,-0.29054,0.63108,10.58507,5.01017,-5.51311,0.70514
41,35.06816,-5.1535,0.94721,5.05551,-0.42856,-0.23571,5.05477,-0.04483,-1.81233,1.03769,0.00334,-0.0468,-0.09423,6.13931,-0.30731,1.69766,1.90749,-0.02842,-0.04903,0.12646,-152.66446,15.45435,-4.30473,39.65417,-12.83172,4.9011,2.43599,-0.18946,-0.29349,0.57412,10.57632,4.96409,-5.52283,0.7081
41.02,35.91348,-5.52128,1.44752,5.04821,-0.42334,-0.19568,5.48532,0.21412,-1.77773,1.236,0.00806,-0.03465,-0.10547,6.34992,-0.33471,1.68648,2.00859,-0.03976,-0.04089,0.14506,-152.38946,15.17255,-4.30826,39.53498,-12.78897,4.87498,2.42728,-0.64403,-0.29431,0.51329,10.57418,4.91744,-5.53272,0.71299
41.04,36.56567,-5.70154,1.89387,5.01467,-0.37644,-0.14249,5.9459,0.49631,-1.73688,1.44512,0.01283,-0.02603,-0.11738,6.43118,-0.27395,1.67874,2.05803,-0.04828,-0.03205,0.15908,-152.11418,14.84921,-4.33326,39.41144,-12.74268,4.85132,2.41981,-1.11894,-0.29283,0.44916,10.57387,4.86945,-5.54293,0.71854
41.06,36.86982,-5.67164,2.20671,4.95553,-0.33988,-0.09232,6.28647,0.66838,-1.71339,1.59682,0.0153,-0.02411,-0.12544,6.34614,-0.20825,1.65648,2.05392,-0.0526,-0.02461,0.16564,-151.82642,14.5436,-4.34887,39.2928,-12.69619,4.82746,2.41267,-1.60966,-0.28839,0.38337,10.56988,4.81986,-5.55374,0.72413
41.08,36.75883,-5.55246,2.39215,4.8732,-0.25643,-0.03598,6.50392,0.78718,-1.68987,1.70733,0.01518,-0.02806,-0.1288,6.09225,-0.07268,1.63556,1.97339,-0.05146,-0.02028,0.16323,-151.58786,14.25374,-4.37091,39.13738,-12.65167,4.79817,2.40342,-2.10016,-0.27793,0.3146,10.56664,4.77217,-5.56344,0.73064
41.1,36.20647,-5.14623,2.45384,4.78164,-0.16851,0.01865,6.55044,0.80131,-1.68041,1.75235,0.01266,-0.0361,-0.12643,5.7236,0.08593,1.61641,1.83093,-0.04652,-0.01948,0.15361,-151.28319,13.94359,-4.38704,39.05777,-12.60482,4.78202,2.40015,-2.58089,-0.26518,0.2496,10.55936,4.72311,-5.57482,0.7365
41.12,35.24829,-4.2023,2.39452,4.71967,-0.13943,0.06161,6.46729,0.67134,-1.70385,1.72323,0.00917,-0.04478,-0.11964,5.33845,0.20285,1.59548,1.66364,-0.04118,-0.0205,0.14135,-150.76606,13.57234,-4.39177,39.1923,-12.55022,4.8018,2.41288,-3.04248,-0.25366,0.19169,10.54349,4.66835,-5.59072,0.73942
41.14,33.9954,-3.12949,2.24472,4.67585,-0.10122,0.10207,6.31557,0.50593,-1.73174,1.6557,0.00473,-0.05296,-0.10975,4.95706,0.31738,1.5785,1.46984,-0.03446,-0.0234,0.12657,-150.20211,13.19275,-4.39258,39.3993,-12.49582,4.83536,2.43165,-3.47061,-0.23902,0.13849,10.52436,4.61432,-5.60737,0.74163
41.16,32.59631,-2.21124,2.05442,4.63042,-0.00505,0.14679,6.11127,0.38402,-1.74083,1.57452,-0.00071,-0.05992,-0.09752,4.58702,0.46106,1.57239,1.24999,-0.02565,-0.02887,0.10948,-149.71074,12.84444,-4.3971,39.57652,-12.44743,4.86375,2.44861,-3.85135,-0.2177,0.08842,10.50828,4.56635,-5.62194,0.74458
41.18,31.11011,-1.2921,1.87209,4.58189,0.13328,0.19722,5.86971,0.33185,-1.72481,1.49462,-0.00578,-0.06404,-0.08507,4.23349,0.651,1.5848,1.01468,-0.01614,-0.03688,0.09243,-149.23615,12.4846,-4.41429,39.77639,-12.40333,4.89578,2.46769,-4.17703,-0.19196,0.04165,10.49505,4.52297,-5.63574,0.74705
41.2,29.87687,-0.49487,1.66011,4.55151,0.28729,0.24126,5.65215,0.30668,-1.70527,1.41871,-0.01043,-0.06604,-0.07373,3.98703,0.7884,1.59542,0.81751,-0.00759,-0.04373,0.07813,-148.82283,12.19186,-4.41856,39.96139,-12.36526,4.92781,2.48611,-4.44936,-0.16109,0.00337,10.48137,4.48541,-5.64781,0.75014
41.22,29.25109,0.13292,1.34853,4.5669,0.42743,0.26547,5.53572,0.2468,-1.71019,1.34804,-0.01479,-0.0677,-0.06463,3.93062,0.77613,1.58372,0.71025,-0.00101,-0.0446,0.06757,-148.51433,12.06312,-4.39251,40.09381,-12.33375,4.95766,2.50167,-4.67445,-0.12388,-0.02032,10.46364,4.45486,-5.65698,0.75517
41.24,28.96709,0.75591,1.02454,4.6024,0.56171,0.28174,5.47291,0.21029,-1.71356,1.29546,-0.01792,-0.06817,-0.05826,3.95669,0.72519,1.56975,0.6494,0.00425,-0.04277,0.05959,-148.26155,11.99714,-4.35266,40.21204,-12.30786,4.98672,2.51595,-4.84886,-0.08379,-0.03512,10.44594,4.42997,-5.66445,0.76054
41.26,28.77144,1.4087,0.76585,4.63064,0.69835,0.2997,5.41391,0.23796,-1.69666,1.26513,-0.01971,-0.06687,-0.05405,3.9797,0.72081,1.57009,0.59536,0.00886,-0.04179,0.05328,-148.02691,11.91363,-4.3239,40.34284,-12.28572,5.01692,2.53104,-4.97252,-0.04509,-0.04545,10.4326,4.4095,-5.67098,0.76498
41.28,28.64678,2.00785,0.5351,4.65544,0.82092,0.31379,5.37372,0.28225,-1.67729,1.24363,-0.02105,-0.06493,-0.05073,4.02113,0.71987,1.5765,0.55098,0.01314,-0.04074,0.04776,-147.78734,11.82224,-4.29237,40.50803,-12.26547,5.05357,2.54824,-5.05438,-0.01091,-0.04945,10.42328,4.39125,-5.67769,0.76849
41.3,28.63725,2.4719,0.35555,4.68027,0.9082,0.32113,5.34369,0.33644,-1.65568,1.23399,-0.02178,-0.0631,-0.04886,4.06847,0.72855,1.58244,0.52999,0.01586,-0.03944,0.04467,-147.6316,11.76112,-4.26392,40.60832,-12.25167,5.07935,2.56053,-5.10959,0.01993,-0.04832,10.41232,4.37871,-5.68212,0.77214
41.32,28.73818,2.71892,0.25578,4.70413,0.94559,0.32023,5.31141,0.40665,-1.62789,1.24419,-0.02143,-0.062,-0.04936,4.10615,0.76609,1.58368,0.54826,0.01562,-0.03787,0.04617,-147.68152,11.77037,-4.25519,40.51387,-12.25142,5.07547,2.56004,-5.15568,0.0509,-0.04713,10.39235,4.37659,-5.68026,0.77666
41.34,28.87837,2.82563,0.1738,4.72521,0.94452,0.31256,5.28497,0.46029,-1.60765,1.26014,-0.02102,-0.06214,-0.05046,4.14418,0.80302,1.58098,0.58533,0.01378,-0.0359,0.04988,-147.80516,11.80743,-4.25205,40.35371,-12.25639,5.06063,2.55442,-5.19421,0.07659,-0.04351,10.36975,4.37873,-5.67623,0.78101
41.36,28.97989,2.87828,0.06468,4.7389,0.92156,0.30118,5.26791,0.47979,-1.60282,1.27196,-0.02128,-0.06365,-0.05076,4.18241,0.82363,1.57636,0.62034,0.01163,-0.03373,0.05366,-147.89765,11.82601,-4.24328,40.23226,-12.25964,5.05114,2.55028,-5.2264,0.09251,-0.03633,10.34937,4.37996,-5.67315,0.78426
41.38,29.03636,2.904,-0.0698,4.74316,0.88218,0.28698,5.25587,0.4705,-1.61099,1.28292,-0.02204,-0.06658,-0.05055,4.21252,0.83516,1.56688,0.65737,0.00895,-0.03121,0.05781,-148.02507,11.81669,-4.22836,40.09032,-12.26444,5.04115,2.54481,-5.26373,0.09858,-0.02495,10.3244,4.38164,-5.6698,0.78704
41.4,29.02656,2.84764,-0.24307,4.74067,0.82704,0.26878,5.25325,0.42763,-1.63277,1.29265,-0.02304,-0.071,-0.05037,4.24891,0.82021,1.55161,0.70113,0.00537,-0.02795,0.06298,-148.11727,11.85678,-4.22941,39.97094,-12.26845,5.03009,2.53897,-5.29751,0.10085,-0.01815,10.30618,4.38367,-5.66654,0.78839
41.42,28.93919,2.63603,-0.46171,4.73535,0.75567,0.24528,5.26554,0.3502,-1.66773,1.30084,-0.02395,-0.07678,-0.05088,4.30926,0.7614,1.53164,0.75496,0.00055,-0.02369,0.06983,-148.08263,12.03597,-4.28414,39.93442,-12.26872,5.01925,2.53549,-5.31413,0.10657,-0.02639,10.30843,4.38586,-5.66421,0.78722
41.44,28.80727,2.38118,-0.70666,4.72176,0.68098,0.2204,5.28954,0.258,-1.70938,1.31269,-0.0245,-0.08327,-0.05227,4.37955,0.68066,1.50835,0.81579,-0.00489,-0.01885,0.07754,-148.01721,12.26694,-4.35667,39.91959,-12.26899,5.00813,2.53209,-5.32269,0.11026,-0.03941,10.31807,4.38878,-5.66194,0.7846
41.46,28.6673,2.18588,-0.95475,4.69612,0.6153,0.19784,5.32374,0.17347,-1.75055,1.33292,-0.02444,-0.08968,-0.05468,4.44903,0.59996,1.48492,0.87949,-0.01034,-0.014,0.08537,-147.98201,12.47423,-4.42255,39.89552,-12.27065,4.99741,2.52783,-5.33023,0.10734,-0.04884,10.3222,4.39246,-5.65946,0.78159
41.48,28.56065,2.03187,-1.18171,4.66251,0.56079,0.1779,5.37116,0.11508,-1.78491,1.36441,-0.02344,-0.09524,-0.05859,4.52568,0.5248,1.46616,0.94695,-0.01597,-0.00934,0.09388,-147.96352,12.68159,-4.49427,39.86763,-12.27361,4.98812,2.52352,-5.32646,0.10012,-0.05557,10.32392,4.39786,-5.65653,0.77803
41.5,28.51886,1.91393,-1.37084,4.61901,0.51722,0.15912,5.44034,0.0919,-1.80787,1.41597,-0.02048,-0.09936,-0.06572,4.62273,0.4542,1.4545,1.02863,-0.02175,-0.00519,0.10311,-147.95624,12.90603,-4.55745,39.8536,-12.27966,4.97747,2.51831,-5.2994,0.0912,-0.06298,10.33006,4.40523,-5.65333,0.77357
41.52,28.54649,1.8204,-1.4957,4.55922,0.48315,0.14025,5.53718,0.11567,-1.81508,1.4963,-0.0146,-0.10145,-0.07768,4.74911,0.39296,1.45387,1.13267,-0.02759,-0.00237,0.11291,-147.96396,13.15308,-4.57739,39.86566,-12.29204,4.9606,2.51,-5.23472,0.08218,-0.07243,10.35007,4.4152,-5.6498,0.76807
41.54,28.71647,1.73594,-1.51278,4.49159,0.45871,0.12197,5.6589,0.20502,-1.80014,1.60396,-0.00603,-0.10041,-0.0939,4.90568,0.35511,1.47126,1.25348,-0.03358,-0.00166,0.1238,-147.9879,13.41337,-4.58413,39.89625,-12.30831,4.9425,2.50084,-5.1327,0.0716,-0.08013,10.37527,4.42824,-5.64587,0.76179
41.56,29.06744,1.65059,-1.37783,4.42433,0.44608,0.10552,5.79904,0.37817,-1.75667,1.73532,0.00479,-0.09533,-0.11341,5.08678,0.35988,1.51376,1.38276,-0.03951,-0.00381,0.13577,-148.04678,13.67644,-4.60395,39.92276,-12.3278,4.92753,2.49282,-4.9953,0.05831,-0.08297,10.39798,4.44496,-5.64116,0.75513
41.58,29.51131,1.55726,-1.049,4.35245,0.44746,0.09264,5.94704,0.65981,-1.67824,1.88867,0.01757,-0.08604,-0.13559,5.27606,0.43819,1.58943,1.51007,-0.04479,-0.00984,0.14774,-148.14026,13.94451,-4.61859,39.94984,-12.35214,4.91109,2.48406,-4.81552,0.04333,-0.0814,10.42463,4.46633,-5.63505,0.74808
41.6,30.14158,1.33059,-0.54692,4.29352,0.44156,0.07487,6.09977,0.9669,-1.58113,2.04461,0.03186,-0.07211,-0.1595,5.49863,0.53321,1.68691,1.64771,-0.04927,-0.01994,0.15954,-148.24678,14.215,-4.64899,39.99258,-12.37799,4.9007,2.47786,-4.60224,0.02587,-0.07599,10.44779,4.48967,-5.62924,0.74062
41.62,30.91402,0.74878,0.10284,4.26466,0.39918,0.04141,6.22029,1.1566,-1.49518,2.15649,0.04544,-0.05354,-0.1809,5.76611,0.56423,1.78817,1.8009,-0.05176,-0.03491,0.16946,-148.33379,14.48658,-4.72324,40.07056,-12.40112,4.90499,2.47791,-4.37132,0.00577,-0.06914,10.45692,4.51123,-5.62549,0.73247
41.64,31.39055,-0.0881,0.92315,4.24481,0.33712,0.0015,6.24412,1.27558,-1.41323,2.19813,0.05543,-0.03304,-0.19453,5.98912,0.61419,1.90342,1.91999,-0.05006,-0.05517,0.17336,-148.42308,14.75901,-4.81798,40.16088,-12.42449,4.915,2.48077,-4.12093,-0.01568,-0.06032,10.46335,4.53341,-5.62231,0.72389
41.66,31.36881,-0.98034,1.87627,4.2213,0.26737,-0.03751,6.16361,1.38349,-1.32712,2.17099,0.06104,-0.0136,-0.19924,6.1187,0.74249,2.0365,1.97718,-0.04373,-0.07897,0.16959,-148.52787,15.02635,-4.905,40.24356,-12.44957,4.92298,2.48275,-3.85791,-0.03776,-0.0488,10.47303,4.55728,-5.61843,0.71557
41.68,30.80472,-1.87901,2.85187,4.19673,0.16952,-0.08164,5.96649,1.40014,-1.25927,2.05842,0.06133,0.002,-0.19405,6.15679,0.88168,2.16614,1.97884,-0.03251,-0.10434,0.15743,-148.59878,15.3089,-4.98883,40.34444,-12.47325,4.93135,2.48516,-3.60022,-0.05908,-0.039,10.48333,4.57955,-5.61525,0.70716
41.7,29.86896,-2.64741,3.77218,4.17177,0.0647,-0.12348,5.70275,1.38675,-1.20425,1.89354,0.05807,0.01245,-0.1821,6.09858,1.06252,2.28737,1.92858,-0.01907,-0.12735,0.13997,-148.69902,15.54936,-5.08016,40.40699,-12.49539,4.93887,2.48728,-3.36479,-0.08124,-0.02758,10.49301,4.60072,-5.61192,0.69978
41.72,28.92165,-3.25416,4.60373,4.15227,-0.01793,-0.15433,5.46394,1.42653,-1.1506,1.73476,0.0546,0.01957,-0.16923,5.98835,1.30787,2.39705,1.85434,-0.00829,-0.14461,0.12424,-148.90647,15.69189,-5.19278,40.36361,-12.51576,4.94384,2.48834,-3.16835,-0.10537,-0.01014,10.50102,4.62231,-5.60637,0.69474
41.74,28.03604,-3.71444,5.27225,4.13506,-0.09837,-0.18013,5.25004,1.44162,-1.11569,1.58439,0.05069,0.02317,-0.15658,5.86441,1.51386,2.47588,1.78396,-0.0002,-0.15662,0.11132,-149.11958,15.7902,-5.31221,40.27778,-12.53144,4.94737,2.48898,-3.02677,-0.12795,0.00413,10.50784,4.6397,-5.60108,0.69107
41.76,27.22843,-4.03497,5.69529,4.11472,-0.19209,-0.20522,5.0451,1.36349,-1.11628,1.44153,0.04596,0.02199,-0.14475,5.73577,1.5972,2.50521,1.7347,0.00563,-0.16336,0.10102,-149.25574,15.88912,-5.41766,40.20247,-12.54016,4.94791,2.48894,-2.95319,-0.14626,0.00883,10.5137,4.64947,-5.59769,0.68808
41.78,26.55135,-4.28833,5.8159,4.09128,-0.29459,-0.23047,4.84503,1.16625,-1.16306,1.31643,0.04112,0.0155,-0.13536,5.60093,1.51692,2.46779,1.72696,0.00721,-0.16311,0.09588,-149.3441,16.00892,-5.53798,40.108,-12.54156,4.94802,2.4893,-2.95887,-0.15934,0.00397,10.51611,4.6518,-5.59554,0.68625
41.8,26.52033,-4.41831,5.72336,4.07872,-0.3614,-0.24071,4.75604,0.99697,-1.21259,1.27765,0.03918,0.0097,-0.13332,5.52672,1.34967,2.39412,1.76968,0.00315,-0.15806,0.09972,-149.36613,16.05488,-5.61978,40.01395,-12.53537,4.94225,2.48744,-3.03922,-0.16818,-0.01024,10.5192,4.64604,-5.59549,0.68566
41.82,27.5419,-4.3384,5.53274,4.08662,-0.34913,-0.22153,4.88646,1.01014,-1.21877,1.38795,0.04254,0.01069,-0.14229,5.58006,1.20672,2.32749,1.85943,-0.00648,-0.15131,0.11443,-149.31162,15.93076,-5.60698,39.93424,-12.52296,4.92335,2.47946,-3.18039,-0.17372,-0.03422,10.52986,4.63241,-5.5979,0.68625
41.84,28.97953,-4.08197,5.11811,4.09601,-0.30743,-0.18989,5.10687,1.04652,-1.22686,1.56847,0.04782,0.01131,-0.15676,5.67078,1.00617,2.23099,1.98006,-0.01986,-0.13961,0.13519,-149.19907,15.73783,-5.5603,39.85803,-12.50427,4.89999,2.46983,-3.38287,-0.17478,-0.06651,10.54154,4.61193,-5.60226,0.68797
41.86,30.37122,-3.75803,4.39793,4.10761,-0.28203,-0.16242,5.30035,0.96145,-1.27616,1.74588,0.0519,0.00594,-0.17131,5.72685,0.67761,2.07445,2.11497,-0.03514,-0.12107,0.15739,-149.04668,15.56844,-5.52526,39.77637,-12.48034,4.87721,2.46129,-3.63949,-0.16963,-0.10574,10.54928,4.58627,-5.6075,0.69084
41.88,31.62993,-3.32684,3.43093,4.11513,-0.26838,-0.13741,5.46183,0.78741,-1.35235,1.91279,0.05441,-0.00447,-0.18474,5.74446,0.2701,1.8762,2.24329,-0.05049,-0.09784,0.17875,-148.88988,15.42372,-5.49231,39.6665,-12.45417,4.84925,2.45168,-3.92498,-0.15688,-0.15177,10.55813,4.55863,-5.61296,0.69485
41.9,32.64682,-2.68205,2.28975,4.13796,-0.24187,-0.10891,5.6073,0.58422,-1.44145,2.05592,0.05481,-0.01909,-0.19467,5.72,-0.12128,1.66542,2.3284,-0.06393,-0.07058,0.19586,-148.68022,15.22848,-5.44504,39.61014,-12.42512,4.82892,2.44517,-4.22234,-0.14162,-0.19626,10.5619,4.52773,-5.61978,0.69933
41.92,33.21978,-1.68176,1.04474,4.19735,-0.17302,-0.06922,5.74705,0.41426,-1.53262,2.15478,0.05192,-0.03801,-0.19746,5.62871,-0.37633,1.47826,2.3174,-0.07231,-0.04049,0.20311,-148.34997,14.90764,-5.37809,39.70786,-12.39181,4.8325,2.44777,-4.51383,-0.13042,-0.23039,10.55384,4.49153,-5.62984,0.70311
41.94,33.09781,-0.54193,-0.23877,4.26095,-0.0867,-0.02522,5.80879,0.21381,-1.636,2.17814,0.04432,-0.06135,-0.19066,5.44821,-0.53236,1.31577,2.20915,-0.0738,-0.01218,0.19852,-148.00319,14.54847,-5.29788,39.8641,-12.36032,4.84502,2.45384,-4.76953,-0.11827,-0.25607,10.54155,4.45684,-5.64034,0.70719
41.96,32.29961,0.46549,-1.46761,4.3061,-0.00112,0.01694,5.76825,-0.05225,-1.75513,2.12112,0.03228,-0.08672,-0.17476,5.20757,-0.63945,1.17779,2.0328,-0.06935,0.01074,0.18461,-147.72414,14.23388,-5.2278,40.00168,-12.33549,4.85565,2.45999,-4.9617,-0.09954,-0.27698,10.53275,4.42971,-5.6487,0.71151
41.98,30.8957,1.33414,-2.53042,4.3386,0.10508,0.06399,5.66302,-0.30428,-1.873,1.99905,0.0163,-0.11133,-0.15003,4.92357,-0.63195,1.0921,1.78225,-0.05893,0.0261,0.16192,-147.48984,13.91422,-5.17031,40.16463,-12.31858,4.86916,2.46812,-5.07147,-0.07723,-0.29111,10.52781,4.41016,-5.65564,0.71537
42,29.26548,1.89076,-3.40232,4.34898,0.21009,0.1064,5.51727,-0.58145,-1.99469,1.84273,-0.0005,-0.13269,-0.12233,4.65828,-0.60655,1.0375,1.52704,-0.04685,0.03417,0.13771,-147.35544,13.65002,-5.10415,40.31579,-12.31008,4.88692,2.47758,-5.09089,-0.05259,-0.28774,10.52199,4.40103,-5.6603,0.7194
42.02,28.00739,2.14394,-4.1289,4.33497,0.28732,0.13236,5.38854,-0.90886,-2.11843,1.70671,-0.01297,-0.14962,-0.10161,4.49055,-0.66959,0.98231,1.35693,-0.03875,0.03895,0.12095,-147.39876,13.51639,-5.00291,40.39504,-12.3105,4.90968,2.48675,-5.01898,-0.02682,-0.25652,10.50905,4.40521,-5.66147,0.72406
42.04,27.1044,2.28912,-4.65333,4.30574,0.35778,0.15139,5.30566,-1.16653,-2.21709,1.60963,-0.02119,-0.16188,-0.08778,4.39357,-0.71999,0.95231,1.24206,-0.03327,0.04071,0.10965,-147.55793,13.43692,-4.89297,40.46196,-12.32089,4.93666,2.49703,-4.84413,-0.00276,-0.2056,10.49541,4.42136,-5.66002,0.72829
42.06,26.40832,2.39093,-4.90765,4.26462,0.43421,0.17046,5.265,-1.27532,-2.2721,1.55154,-0.02632,-0.16878,-0.07839,4.33098,-0.67696,0.96952,1.14859,-0.02851,0.03798,0.10111,-147.79049,13.34954,-4.79276,40.5555,-12.34242,4.96608,2.50833,-4.56012,0.01717,-0.14286,10.48721,4.44843,-5.65647,0.73131
42.08,25.966,2.47427,-4.89579,4.212,0.50818,0.18776,5.26369,-1.23568,-2.27893,1.54072,-0.02752,-0.16999,-0.07477,4.29835,-0.54994,1.02811,1.08547,-0.02497,0.0312,0.09613,-148.11311,13.26581,-4.70007,40.66501,-12.37332,5.00213,2.52197,-4.17674,0.02868,-0.06315,10.48017,4.48584,-5.65129,0.73314
42.1,26.03511,2.45321,-4.67036,4.1592,0.54798,0.19321,5.30835,-1.09267,-2.24647,1.58253,-0.02383,-0.16639,-0.07956,4.33133,-0.41968,1.09881,1.09001,-0.02494,0.024,0.09786,-148.5211,13.20636,-4.60257,40.76969,-12.4157,5.03516,2.53377,-3.69811,0.03253,0.02736,10.47747,4.53413,-5.64336,0.73392
42.12,26.75348,2.18553,-4.29098,4.10642,0.5264,0.17763,5.39853,-0.90695,-2.1893,1.67477,-0.01497,-0.15926,-0.09438,4.46536,-0.36885,1.15165,1.19719,-0.03047,0.01995,0.109,-148.99723,13.18693,-4.48898,40.85207,-12.47133,5.05345,2.53918,-3.13118,0.02888,0.12332,10.4811,4.59325,-5.63188,0.73423
42.14,27.76202,1.75536,-3.73416,4.05353,0.47519,0.15252,5.5004,-0.66275,-2.10308,1.79323,-0.0033,-0.14801,-0.11405,4.64144,-0.3247,1.20754,1.35218,-0.03813,0.01551,0.12435,-149.53973,13.18707,-4.37626,40.92546,-12.53649,5.0687,2.54259,-2.49306,0.01337,0.22822,10.48826,4.6607,-5.6183,0.73348
42.16,28.73349,1.27925,-2.98679,4.00025,0.42717,0.12907,5.5865,-0.33683,-1.98112,1.91725,0.00922,-0.13235,-0.13402,4.8027,-0.21305,1.28688,1.5031,-0.04478,0.0076,0.13913,-150.12757,13.1743,-4.26653,41.01496,-12.60609,5.08835,2.547,-1.80197,-0.01651,0.3427,10.4958,4.73365,-5.6039,0.7314
42.18,29.64414,0.7502,-2.08817,3.94216,0.38596,0.10728,5.63644,0.04278,-1.82847,2.03996,0.02207,-0.11334,-0.15368,4.93462,-0.0518,1.3777,1.6513,-0.05064,-0.00301,0.1534,-150.76106,13.12898,-4.13508,41.09962,-12.67989,5.10884,2.55003,-1.07447,-0.06174,0.4672,10.50033,4.81037,-5.58884,0.72844
42.2,30.4608,0.07018,-1.10045,3.91104,0.33047,0.08282,5.6651,0.40728,-1.67142,2.13298,0.03357,-0.09205,-0.17033,5.06196,0.11215,1.47118,1.7857,-0.05484,-0.01531,0.16524,-151.38915,13.12249,-4.04613,41.20414,-12.75645,5.12927,2.55394,-0.31752,-0.11604,0.58925,10.51324,4.89052,-5.57292,0.72381
42.22,31.11616,-0.92295,-0.06966,3.94313,0.23509,0.05019,5.68453,0.6781,-1.54143,2.15877,0.04143,-0.06984,-0.18001,5.21448,0.23128,1.56299,1.88997,-0.0559,-0.02889,0.17187,-151.95955,13.23963,-4.0708,41.35275,-12.83675,5.14747,2.56115,0.46219,-0.17313,0.69498,10.54653,4.9735,-5.55643,0.71626
42.24,31.45435,-2.12215,0.99431,4.0004,0.12524,0.01433,5.6559,0.88556,-1.4261,2.12571,0.04575,-0.04817,-0.18278,5.33395,0.35064,1.65604,1.95489,-0.0537,-0.04456,0.17309,-152.49495,13.39759,-4.14154,41.51552,-12.91665,5.16465,2.56927,1.23855,-0.23727,0.79421,10.58625,5.05619,-5.53983,0.70742
42.26,31.42818,-3.34739,2.05087,4.05345,0.02071,-0.02019,5.57334,1.06185,-1.31699,2.05391,0.04741,-0.02843,-0.1803,5.3855,0.50246,1.75146,1.97972,-0.04881,-0.0619,0.16973,-153.01676,13.5181,-4.18992,41.6653,-12.99316,5.18099,2.57551,1.98776,-0.31022,0.89467,10.62096,5.13552,-5.52381,0.69862
42.28,31.03193,-4.62153,3.03551,4.11185,-0.09277,-0.05723,5.45703,1.16879,-1.23364,1.93627,0.04582,-0.01232,-0.1722,5.39486,0.64598,1.84364,1.96758,-0.04129,-0.0796,0.16164,-153.46326,13.62927,-4.22363,41.83754,-13.0652,5.19585,2.58067,2.70128,-0.38704,0.98962,10.65742,5.20983,-5.50917,0.68925
42.3,30.41667,-5.81614,3.92115,4.16886,-0.20846,-0.09371,5.32669,1.23648,-1.17064,1.79784,0.04273,0.00018,-0.16131,5.37123,0.80386,1.93716,1.9284,-0.03241,-0.097,0.1508,-153.92231,13.74178,-4.29277,41.95122,-13.13237,5.20847,2.58529,3.35795,-0.46415,1.0768,10.68953,5.27925,-5.49452,0.68056
42.32,29.85397,-6.81974,4.69847,4.21807,-0.31812,-0.12593,5.20648,1.29963,-1.11864,1.67274,0.04043,0.0102,-0.1514,5.33455,0.99766,2.0349,1.88241,-0.02431,-0.11364,0.14068,-154.51177,13.87461,-4.46818,41.90473,-13.19542,5.21952,2.59124,3.93878,-0.53714,1.15122,10.71257,5.34485,-5.47729,0.67351
42.34,29.33505,-7.70172,5.32489,4.26086,-0.42889,-0.1571,5.10574,1.32518,-1.09106,1.55661,0.03811,0.01667,-0.14225,5.31023,1.17196,2.12721,1.84051,-0.01738,-0.12857,0.13189,-155.09424,14.01194,-4.67941,41.80098,-13.25096,5.22834,2.59702,4.44073,-0.60432,1.21351,10.73163,5.40333,-5.46025,0.66768
42.36,28.80808,-8.50964,5.76299,4.29556,-0.54406,-0.18929,5.02327,1.28728,-1.09734,1.44412,0.03516,0.01862,-0.1336,5.30974,1.282,2.20472,1.81055,-0.01179,-0.14099,0.12466,-155.57821,14.1388,-4.86584,41.70773,-13.29791,5.23391,2.60105,4.86207,-0.66396,1.2646,10.75109,5.4522,-5.44567,0.6625
42.38,28.32851,-9.27636,6.00335,4.32262,-0.66537,-0.22282,4.95105,1.17594,-1.13936,1.33772,0.03211,0.0163,-0.12624,5.33954,1.3118,2.26145,1.80372,-0.00832,-0.15049,0.11996,-155.98933,14.28385,-5.07438,41.60744,-13.33603,5.23704,2.60555,5.1962,-0.71278,1.30049,10.77143,5.49238,-5.43242,0.65839
42.4,28.06656,-9.80161,6.07257,4.33178,-0.7571,-0.24683,4.92012,1.06782,-1.19042,1.27051,0.03031,0.01197,-0.12245,5.40817,1.30483,2.3063,1.82377,-0.00812,-0.15735,0.12033,-156.33676,14.39861,-5.24346,41.48238,-13.36476,5.23652,2.60724,5.43665,-0.75012,1.32518,10.7856,5.52217,-5.4216,0.6551
42.42,28.22988,-9.88365,6.0148,4.3174,-0.78092,-0.24998,4.96891,1.04738,-1.22084,1.27812,0.03098,0.00854,-0.12413,5.52551,1.315,2.3511,1.87276,-0.01239,-0.16223,0.12867,-156.62912,14.43613,-5.30489,41.31194,-13.38328,5.2291,2.60195,5.57968,-0.77573,1.34295,10.78573,5.53969,-5.41493,0.65188
42.44,28.65289,-9.7087,5.81465,4.29265,-0.76444,-0.24166,5.05311,1.04109,-1.25197,1.32301,0.0327,0.00452,-0.12864,5.68061,1.29201,2.38212,1.94945,-0.02025,-0.16428,0.14264,-156.85805,14.44536,-5.32529,41.12294,-13.39298,5.21795,2.59402,5.63268,-0.78876,1.35027,10.77835,5.54729,-5.411,0.64968
42.46,29.14387,-9.45148,5.46307,4.2667,-0.73524,-0.23099,5.1324,0.98382,-1.30258,1.37,0.03413,-0.00166,-0.1336,5.8608,1.19331,2.38738,2.04991,-0.0305,-0.16297,0.15957,-157.01927,14.47088,-5.36174,40.93623,-13.39476,5.20599,2.58723,5.60619,-0.78917,1.34419,10.77001,5.54738,-5.40833,0.64893
42.48,29.72151,-9.10002,4.99756,4.23679,-0.69026,-0.217,5.21016,0.90446,-1.36087,1.42552,0.03554,-0.00896,-0.13936,6.05899,1.04236,2.37081,2.17033,-0.04292,-0.15891,0.17953,-157.16666,14.51616,-5.40538,40.69993,-13.39117,5.18854,2.57896,5.50533,-0.77855,1.32647,10.75645,5.54125,-5.40618,0.64921
42.5,30.33804,-8.56411,4.44986,4.20983,-0.6263,-0.19887,5.29049,0.82104,-1.41899,1.48317,0.03646,-0.01661,-0.14451,6.26567,0.86166,2.3363,2.29529,-0.05695,-0.15109,0.20111,-157.19146,14.51797,-5.41152,40.5369,-13.3792,5.17501,2.57221,5.34667,-0.75924,1.30261,10.743,5.52716,-5.40748,0.65071
42.52,30.8801,-7.75484,3.85065,4.18955,-0.54435,-0.17624,5.37561,0.74428,-1.47173,1.53371,0.03626,-0.0241,-0.14725,6.4665,0.67231,2.28752,2.40543,-0.07175,-0.13854,0.22221,-156.96058,14.40062,-5.32674,40.59583,-13.35495,5.1766,2.57083,5.15213,-0.73411,1.27883,10.73921,5.50298,-5.41578,0.65299
42.54,31.36327,-6.82234,3.23476,4.17595,-0.45983,-0.15238,5.45544,0.67492,-1.51697,1.57942,0.0353,-0.03103,-0.14853,6.64259,0.4768,2.22088,2.50047,-0.08664,-0.12249,0.24219,-156.61702,14.23762,-5.20353,40.73539,-13.32378,5.18287,2.57129,4.92311,-0.70479,1.25223,10.73653,5.47306,-5.42698,0.65621
42.56,31.79018,-5.92553,2.63251,4.16865,-0.38855,-0.13078,5.51849,0.60498,-1.5555,1.61953,0.0339,-0.03725,-0.14912,6.7815,0.26868,2.13192,2.58392,-0.10104,-0.10431,0.26065,-156.28991,14.09547,-5.09695,40.83069,-13.29133,5.18546,2.57112,4.66505,-0.67283,1.22077,10.73042,5.44132,-5.43765,0.66013
42.58,32.12091,-5.07025,2.0685,4.1691,-0.33619,-0.11208,5.56021,0.53189,-1.58648,1.64958,0.03184,-0.04266,-0.14853,6.87752,0.04892,2.02333,2.65233,-0.11423,-0.08516,0.27683,-155.93616,13.94578,-4.97917,40.93129,-13.25673,5.18793,2.57096,4.39289,-0.64005,1.1873,10.72486,5.40735,-5.44914,0.66465
42.6,32.36149,-4.24083,1.58404,4.18539,-0.2886,-0.09241,5.59538,0.48578,-1.60149,1.67448,0.02954,-0.04626,-0.14696,6.88423,-0.13019,1.89523,2.67464,-0.12481,-0.06342,0.2873,-155.57842,13.79664,-4.87458,41.03048,-13.22203,5.19007,2.57173,4.11211,-0.60784,1.15287,10.71738,5.37301,-5.46014,0.66947
42.62,32.48136,-3.43517,1.22474,4.22394,-0.23008,-0.06742,5.63489,0.49735,-1.59254,1.69832,0.02735,-0.04739,-0.14454,6.72921,-0.19568,1.74648,2.60604,-0.13036,-0.03809,0.28702,-155.2394,13.65788,-4.81819,41.1225,-13.18962,5.19118,2.57484,3.82525,-0.57682,1.11778,10.70495,5.34058,-5.4687,0.67412
42.64,32.40523,-2.75011,0.99766,4.2772,-0.17561,-0.04093,5.65516,0.53162,-1.56877,1.71067,0.02484,-0.04719,-0.14081,6.43274,-0.17968,1.58947,2.45565,-0.12956,-0.01472,0.27584,-154.90769,13.51924,-4.77281,41.2136,-13.15848,5.19171,2.57857,3.5435,-0.54784,1.08379,10.6916,5.30925,-5.47632,0.67878
42.66,32.13395,-2.2589,0.89734,4.33832,-0.1364,-0.01628,5.64182,0.56059,-1.53834,1.70594,0.02178,-0.04646,-0.1357,6.0446,-0.12325,1.43728,2.25355,-0.12294,0.00264,0.25656,-154.58456,13.38199,-4.72508,41.29885,-13.12839,5.19282,2.58212,3.27436,-0.5212,1.05165,10.68014,5.27862,-5.48399,0.6834
42.68,31.67858,-1.94751,0.92573,4.40319,-0.1065,0.00806,5.5979,0.59474,-1.50032,1.68774,0.01824,-0.04536,-0.12936,5.56667,-0.00763,1.29428,2.00843,-0.11084,0.01351,0.2304,-154.24326,13.23404,-4.67593,41.41865,-13.09824,5.19528,2.58656,3.02111,-0.49688,1.02227,10.67321,5.24917,-5.49167,0.68783
42.7,31.09833,-1.85694,1.06969,4.47733,-0.07232,0.03271,5.53481,0.62648,-1.45977,1.65567,0.01463,-0.04375,-0.12207,5.04427,0.15095,1.18201,1.69695,-0.0923,0.01697,0.19457,-153.96033,13.10213,-4.63044,41.48042,-13.07116,5.1955,2.58933,2.77673,-0.47455,0.9948,10.66276,5.22137,-5.49847,0.69212
42.72,30.43525,-1.99905,1.28205,4.56708,-0.0184,0.0582,5.46949,0.64796,-1.42303,1.60948,0.01131,-0.04149,-0.11406,4.53212,0.32566,1.11282,1.29405,-0.06621,0.01406,0.14691,-153.81882,13.01909,-4.60282,41.37999,-13.04897,5.19053,2.58824,2.53191,-0.45386,0.9684,10.63907,5.19581,-5.50303,0.69596
42.74,29.68526,-2.22777,1.4893,4.65283,0.04614,0.08386,5.39892,0.66412,-1.391,1.55733,0.0081,-0.0394,-0.10582,4.06382,0.49569,1.06709,0.86017,-0.03567,0.00742,0.09478,-153.73679,12.95156,-4.57803,41.22162,-13.02922,5.18341,2.58535,2.29139,-0.43398,0.94306,10.61127,5.17171,-5.50659,0.69946
42.76,28.88368,-2.40845,1.64015,4.72042,0.1176,0.10966,5.32479,0.68175,-1.36417,1.5065,0.00496,-0.03796,-0.09781,3.66051,0.6496,1.0324,0.4467,-0.00393,-0.0003,0.04442,-153.63603,12.87851,-4.55237,41.09773,-13.00954,5.17761,2.58303,2.05803,-0.41463,0.91938,10.58653,5.14829,-5.51051,0.70266
42.78,28.06358,-2.51193,1.70846,4.77273,0.21062,0.13779,5.26394,0.70994,-1.34411,1.45781,0.00195,-0.03689,-0.08989,3.31293,0.78928,1.00443,0.04157,0.02853,-0.00832,-0.00386,-153.55961,12.80341,-4.52965,40.95822,-12.99088,5.17243,2.58052,1.82207,-0.39571,0.89674,10.55717,5.1255,-5.51388,0.70538
42.8,27.29193,-2.39073,1.65296,4.79508,0.30623,0.16383,5.21445,0.73308,-1.3304,1.42418,-1e-05,-0.03619,-0.08415,3.07683,0.85066,0.9742,-0.31514,0.06051,-0.01069,-0.04912,-153.47817,12.7385,-4.501,40.83189,-12.97266,5.16559,2.57702,1.59145,-0.37645,0.87358,10.53364,5.10315,-5.51769,0.70801
42.82,26.60982,-1.93483,1.4626,4.78118,0.38378,0.18298,5.17339,0.74058,-1.31802,1.42029,0.00031,-0.03576,-0.0831,2.98416,0.79717,0.94259,-0.59691,0.09472,0.00202,-0.09415,-153.34117,12.69638,-4.4601,40.77068,-12.95331,5.1552,2.57236,1.3786,-0.35588,0.84778,10.52988,5.08125,-5.52302,0.71082
42.84,25.96354,-1.34003,1.2007,4.74423,0.462,0.19955,5.15347,0.75745,-1.30575,1.4357,0.00212,-0.03525,-0.08479,2.94439,0.70531,0.91875,-0.84552,0.13129,0.02285,-0.13819,-153.19462,12.6629,-4.41116,40.72638,-12.93423,5.1429,2.56661,1.17131,-0.33554,0.82135,10.53216,5.05979,-5.5288,0.71346
42.86,25.34035,-0.74684,0.9222,4.69177,0.5514,0.21661,5.16064,0.80233,-1.29297,1.46014,0.00456,-0.03436,-0.08735,2.90424,0.61799,0.90435,-1.07689,0.16727,0.04317,-0.17858,-153.06376,12.62741,-4.36772,40.67405,-12.91593,5.13181,2.56111,0.96224,-0.3168,0.79579,10.53026,5.03887,-5.53434,0.71547
42.88,24.74278,-0.15496,0.65157,4.62165,0.63767,0.23274,5.18694,0.87397,-1.2756,1.49516,0.00789,-0.0328,-0.09113,2.8757,0.51441,0.90154,-1.28689,0.20331,0.06356,-0.21614,-152.95853,12.57704,-4.31471,40.60959,-12.89873,5.12072,2.55489,0.75711,-0.3007,0.77222,10.52592,5.01873,-5.53957,0.71728
42.9,24.22566,0.30403,0.42643,4.53909,0.71079,0.24344,5.22971,0.95688,-1.25794,1.53762,0.01178,-0.03108,-0.09605,2.8621,0.42527,0.91266,-1.43938,0.23288,0.07992,-0.24573,-152.82923,12.55362,-4.27907,40.57389,-12.882,5.11051,2.54914,0.56595,-0.28697,0.74874,10.52479,5.00009,-5.54467,0.71849
42.92,23.77321,0.47697,0.27081,4.44254,0.76363,0.24452,5.28667,1.03168,-1.24673,1.58295,0.01575,-0.0299,-0.10175,2.87286,0.38884,0.93867,-1.51218,0.24993,0.09012,-0.26411,-152.61439,12.5911,-4.27194,40.61789,-12.86558,5.10107,2.54406,0.40132,-0.27541,0.72418,10.53435,4.98415,-5.54924,0.71849
42.94,23.38363,0.50573,0.182,4.34001,0.79837,0.24003,5.34913,1.10839,-1.23583,1.62927,0.0198,-0.02865,-0.10782,2.90379,0.37475,0.97411,-1.54154,0.25985,0.09672,-0.276,-152.3811,12.65405,-4.28121,40.69041,-12.85022,5.09279,2.53972,0.26223,-0.26755,0.70079,10.54751,4.97064,-5.55328,0.71785
42.96,23.05072,0.51379,0.15441,4.2395,0.82081,0.2341,5.41117,1.19817,-1.21932,1.67477,0.02395,-0.02672,-0.1138,2.94239,0.35628,1.01058,-1.55557,0.26657,0.10125,-0.28428,-152.1833,12.70494,-4.28945,40.7501,-12.83761,5.08564,2.53561,0.14938,-0.2652,0.68151,10.55913,4.95941,-5.55674,0.71697
42.98,22.73523,0.48661,0.18169,4.14052,0.83198,0.22623,5.46957,1.29167,-1.19939,1.71824,0.02801,-0.0245,-0.11957,2.99064,0.33756,1.04637,-1.55737,0.26864,0.10482,-0.28854,-151.97579,12.74707,-4.28389,40.83614,-12.82735,5.07785,2.53045,0.07588,-0.26884,0.6677,10.57748,4.9511,-5.55997,0.71575
43,22.47383,0.42731,0.25686,4.049,0.83272,0.21685,5.52255,1.38168,-1.17853,1.75607,0.03185,-0.02196,-0.12491,3.05148,0.32907,1.08184,-1.53576,0.26638,0.10529,-0.28827,-151.83792,12.80314,-4.30426,40.88268,-12.82052,5.07371,2.52779,0.02859,-0.27733,0.65603,10.5887,4.94565,-5.5621,0.71429
43.02,22.31575,0.34401,0.37063,3.97128,0.82431,0.20657,5.56912,1.46233,-1.15907,1.78494,0.03538,-0.01899,-0.12971,3.12765,0.34206,1.11887,-1.48165,0.26201,0.10043,-0.28459,-151.87536,12.88902,-4.37994,40.80266,-12.8178,5.07681,2.53054,-0.00816,-0.2897,0.64407,10.57795,4.94289,-5.5622,0.71276
43.04,22.18608,0.26519,0.50366,3.90393,0.81116,0.19631,5.60743,1.53227,-1.14079,1.80735,0.03853,-0.01597,-0.13392,3.21327,0.36195,1.15583,-1.41838,0.25574,0.09406,-0.2789,-151.98566,12.98818,-4.47917,40.68156,-12.81854,5.08331,2.53563,-0.01756,-0.30602,0.63443,10.56051,4.94306,-5.56123,0.71095
43.06,22.02256,0.22404,0.63751,3.84397,0.798,0.18709,5.63632,1.59188,-1.1229,1.82598,0.04132,-0.01317,-0.13759,3.29924,0.37369,1.18931,-1.36499,0.24805,0.0891,-0.27253,-152.08622,13.08386,-4.56764,40.58764,-12.82158,5.08941,2.54001,0.01298,-0.32648,0.63014,10.54901,4.94627,-5.55984,0.70894
43.08,21.83191,0.21265,0.76192,3.79051,0.78613,0.17889,5.65509,1.63692,-1.10676,1.84077,0.04377,-0.01064,-0.14081,3.38416,0.3813,1.22002,-1.3171,0.23974,0.08473,-0.26582,-152.20673,13.1733,-4.65989,40.49762,-12.82733,5.09667,2.54538,0.07741,-0.34951,0.62998,10.5411,4.95228,-5.55818,0.707
43.1,21.63236,0.23612,0.86958,3.74906,0.77641,0.17252,5.66646,1.67042,-1.0936,1.85106,0.04572,-0.0085,-0.14334,3.46424,0.38415,1.24819,-1.27522,0.23142,0.0808,-0.25927,-152.35238,13.28755,-4.75782,40.3995,-12.83553,5.10477,2.55086,0.16327,-0.37355,0.63231,10.52905,4.96057,-5.55547,0.70469
43.12,21.44582,0.2958,0.95727,3.72573,0.76937,0.16884,5.67408,1.6979,-1.08394,1.85659,0.04708,-0.00685,-0.14497,3.53523,0.38095,1.27377,-1.24072,0.22366,0.07729,-0.2534,-152.52376,13.46256,-4.85875,40.28219,-12.84563,5.11333,2.5555,0.25767,-0.39775,0.63702,10.50501,4.97054,-5.55105,0.70138
43.14,21.25029,0.38311,1.02056,3.71322,0.76582,0.16703,5.67526,1.71484,-1.07767,1.85829,0.04795,-0.00565,-0.14593,3.59597,0.37332,1.29595,-1.21297,0.21671,0.0742,-0.24828,-152.71854,13.66049,-4.96154,40.15535,-12.85746,5.12203,2.56003,0.36429,-0.42085,0.64442,10.47661,4.98212,-5.54603,0.69786
43.16,21.02116,0.48887,1.05796,3.70459,0.76603,0.16634,5.66787,1.71815,-1.07427,1.85715,0.04843,-0.00488,-0.14645,3.64549,0.36189,1.31378,-1.19241,0.21068,0.07175,-0.244,-152.92514,13.85099,-5.06588,40.03344,-12.87101,5.13123,2.56497,0.48758,-0.44126,0.65358,10.45215,4.99546,-5.54085,0.69436
43.18,20.77648,0.60333,1.0739,3.70003,0.76958,0.16675,5.6533,1.71124,-1.07278,1.85371,0.04861,-0.00444,-0.14661,3.68368,0.34796,1.32798,-1.17721,0.2057,0.06973,-0.2406,-153.14152,14.06914,-5.17895,39.90898,-12.88554,5.14196,2.57076,0.61566,-0.45786,0.6627,10.42415,5.00958,-5.53529,0.69055
43.2,20.5087,0.72842,1.07166,3.70181,0.77522,0.1682,5.63085,1.69536,-1.0745,1.84466,0.04813,-0.00435,-0.14579,3.70988,0.33179,1.33743,-1.16847,0.20168,0.06824,-0.23798,-153.37367,14.2472,-5.27465,39.79033,-12.90127,5.15085,2.57547,0.7576,-0.47098,0.67588,10.40267,5.0256,-5.52974,0.6876
43.22,20.20564,0.86267,1.05614,3.71267,0.78108,0.17054,5.59989,1.67161,-1.0806,1.82632,0.04661,-0.00467,-0.14335,3.72382,0.31333,1.34088,-1.16812,0.19842,0.06744,-0.23602,-153.62959,14.29122,-5.30727,39.68939,-12.91788,5.15374,2.57596,0.92489,-0.48204,0.69997,10.39861,5.04483,-5.5251,0.68758
43.24,19.88948,0.99156,1.0352,3.72888,0.7872,0.17345,5.56069,1.64279,-1.08821,1.80155,0.04442,-0.00514,-0.13984,3.72819,0.29476,1.34055,-1.1721,0.19594,0.06703,-0.23465,-153.89747,14.2909,-5.31936,39.59668,-12.93498,5.15483,2.57518,1.10383,-0.48939,0.72827,10.40129,5.06579,-5.52056,0.68851
43.26,19.57527,1.10676,1.01551,3.74685,0.79381,0.17662,5.51349,1.6109,-1.09461,1.77282,0.0419,-0.00554,-0.13579,3.72563,0.27768,1.33835,-1.17721,0.19421,0.06674,-0.23379,-154.17281,14.31604,-5.34001,39.50076,-12.95305,5.15684,2.57495,1.28229,-0.49237,0.75525,10.40057,5.08704,-5.51572,0.68894
43.28,19.26634,1.21059,1.00241,3.76882,0.79932,0.17993,5.4591,1.57722,-1.09907,1.73917,0.03891,-0.00588,-0.13107,3.71699,0.26198,1.33445,-1.184,0.19304,0.06654,-0.23332,-154.46531,14.34458,-5.36788,39.3986,-12.97185,5.16001,2.57549,1.46446,-0.49206,0.78249,10.39919,5.1093,-5.51065,0.6897
43.3,18.96922,1.28185,1.00279,3.79251,0.80374,0.18314,5.39348,1.54483,-1.10147,1.69963,0.03552,-0.00594,-0.12547,3.70514,0.25024,1.3298,-1.19009,0.19238,0.06644,-0.23313,-154.75053,14.36606,-5.38165,39.31224,-12.99186,5.16143,2.57494,1.65548,-0.49008,0.81161,10.40026,5.13227,-5.50532,0.69007
43.32,18.69269,1.29825,1.0228,3.81467,0.80745,0.18598,5.31207,1.51735,-1.10162,1.65408,0.03195,-0.0053,-0.11893,3.69319,0.24546,1.32556,-1.19261,0.19227,0.06647,-0.23309,-154.99254,14.3817,-5.36791,39.26941,-13.01298,5.15945,2.57223,1.86181,-0.4873,0.84202,10.40801,5.15572,-5.49903,0.68864
43.34,18.44253,1.27589,1.06288,3.83855,0.8089,0.18841,5.22085,1.49425,-1.09805,1.604,0.02806,-0.00429,-0.11175,3.68099,0.24579,1.32187,-1.19343,0.19248,0.06649,-0.2332,-155.22731,14.38963,-5.34034,39.24282,-13.03576,5.15575,2.56841,2.08091,-0.48493,0.87462,10.41834,5.18004,-5.49248,0.68666
43.36,18.22081,1.23063,1.1217,3.86616,0.80714,0.19036,5.12544,1.47557,-1.08969,1.55131,0.02391,-0.00306,-0.10431,3.66864,0.24967,1.319,-1.194,0.19284,0.06639,-0.23342,-155.47687,14.40277,-5.32128,39.21344,-13.05927,5.15376,2.56551,2.31085,-0.48354,0.90841,10.42808,5.20579,-5.4856,0.68481
43.38,18.02466,1.16665,1.1974,3.89502,0.80294,0.19173,5.02583,1.46444,-1.07692,1.4987,0.02003,-0.00113,-0.09693,3.65758,0.25793,1.31753,-1.19335,0.19335,0.06616,-0.23372,-155.74149,14.41736,-5.30105,39.18175,-13.08426,5.15119,2.56215,2.55475,-0.48425,0.94449,10.4388,5.23284,-5.4785,0.68286
43.4,17.88029,1.05986,1.29096,3.92551,0.79489,0.19226,4.92938,1.45828,-1.06087,1.44585,0.01569,0.00028,-0.08956,3.6492,0.27075,1.31762,-1.19222,0.19394,0.06587,-0.23412,-156.00738,14.42826,-5.28225,39.15944,-13.11042,5.15084,2.56003,2.81178,-0.48731,0.98213,10.44901,5.26102,-5.47113,0.68078
43.42,17.81068,0.88767,1.40177,3.95946,0.78163,0.19192,4.84576,1.45325,-1.04378,1.39073,0.01003,-0.00037,-0.08191,3.64393,0.28722,1.3191,-1.19243,0.19457,0.06561,-0.23468,-156.2655,14.43575,-5.26833,39.15535,-13.13727,5.15568,2.56091,3.07873,-0.4931,1.02092,10.45564,5.28974,-5.46398,0.67873
43.44,17.79519,0.67746,1.52122,3.99032,0.76533,0.19058,4.77502,1.4549,-1.02601,1.34093,0.00461,-0.00165,-0.07501,3.64292,0.30778,1.32256,-1.1924,0.19525,0.06534,-0.23535,-156.52476,14.43905,-5.25565,39.16074,-13.16501,5.16271,2.56306,3.35813,-0.50177,1.06141,10.46172,5.31944,-5.4567,0.67656
43.46,17.81451,0.46196,1.63854,4.01344,0.74817,0.18826,4.71902,1.46673,-1.00864,1.30279,0.00047,-0.00249,-0.06971,3.6464,0.33162,1.32818,-1.19151,0.19599,0.06501,-0.23608,-156.79568,14.44295,-5.2417,39.16573,-13.19407,5.16913,2.56472,3.65031,-0.51357,1.10391,10.46886,5.35035,-5.44921,0.6743
43.48,17.86971,0.23498,1.74849,4.03232,0.7304,0.18542,4.68522,1.4866,-0.99515,1.27304,-0.00303,-0.00374,-0.06558,3.6519,0.3561,1.33518,-1.19251,0.19676,0.06459,-0.23694,-157.08088,14.44805,-5.23105,39.16715,-13.22408,5.1764,2.56665,3.95246,-0.52804,1.14755,10.47595,5.38246,-5.44119,0.67182
43.5,17.96444,0.00933,1.84207,4.02908,0.71379,0.18111,4.67191,1.51507,-0.98197,1.26685,-0.0046,-0.00482,-0.06454,3.66578,0.3845,1.34436,-1.1898,0.19759,0.06439,-0.23776,-157.36332,14.44975,-5.21672,39.18018,-13.25491,5.18372,2.56875,4.26421,-0.5454,1.1924,10.48417,5.41513,-5.4335,0.66936
43.52,18.1008,-0.20562,1.91056,3.9851,0.69873,0.17408,4.67554,1.55118,-0.9654,1.29992,-0.00288,-0.00483,-0.06849,3.69565,0.42051,1.35662,-1.17619,0.19851,0.06476,-0.23831,-157.63069,14.44065,-5.18674,39.2172,-13.28675,5.18978,2.57002,4.58469,-0.56568,1.23894,10.49387,5.4477,-5.42687,0.66762
43.54,18.2477,-0.40814,1.9496,3.91451,0.68639,0.16594,4.70052,1.59149,-0.95186,1.35742,0.0007,-0.00491,-0.07559,3.73159,0.4565,1.36938,-1.15923,0.1994,0.06548,-0.23873,-157.89433,14.42666,-5.15376,39.26726,-13.31938,5.19611,2.57131,4.9124,-0.58867,1.28652,10.50463,5.48073,-5.42059,0.66584
43.56,18.37872,-0.59325,1.95674,3.83155,0.67769,0.15807,4.74997,1.63226,-0.94712,1.42522,0.00483,-0.00587,-0.08403,3.76575,0.48646,1.38069,-1.14487,0.20022,0.06632,-0.23917,-158.17179,14.41387,-5.12498,39.31492,-13.3526,5.20319,2.57306,5.24467,-0.61442,1.33477,10.5141,5.51455,-5.41397,0.66389
43.58,18.50533,-0.76882,1.93237,3.74029,0.66814,0.14993,4.82234,1.66599,-0.95333,1.50047,0.00935,-0.00762,-0.09328,3.80062,0.51083,1.39065,-1.12975,0.201,0.06727,-0.23945,-158.48372,14.40268,-5.09392,39.34369,-13.38721,5.20922,2.57418,5.58141,-0.64328,1.38455,10.52128,5.54961,-5.4067,0.66212
43.6,18.54375,-0.91222,1.87302,3.61968,0.67054,0.14279,4.90352,1.7032,-0.96234,1.59093,0.01494,-0.00992,-0.10458,3.83081,0.5281,1.39741,-1.11738,0.20157,0.06859,-0.23971,-158.76098,14.37807,-5.05858,39.4159,-13.42162,5.21756,2.57621,5.9302,-0.67451,1.43497,10.53113,5.58492,-5.4003,0.65964
43.62,18.38913,-0.99707,1.77651,3.44338,0.7005,0.1382,4.97467,1.7583,-0.96269,1.70611,0.02245,-0.01235,-0.11958,3.8507,0.53756,1.39928,-1.11186,0.20168,0.07059,-0.24013,-158.92147,14.33405,-5.02713,39.60245,-13.45406,5.23285,2.5813,6.30289,-0.70621,1.48336,10.55194,5.61969,-5.39625,0.65428
43.64,18.10738,-1.05448,1.65401,3.2441,0.74115,0.13515,5.03913,1.81324,-0.96343,1.82538,0.03032,-0.015,-0.13529,3.86405,0.5395,1.3975,-1.10928,0.20154,0.07286,-0.24047,-159.05445,14.27764,-4.99189,39.82941,-13.48684,5.25034,2.58717,6.6944,-0.73956,1.53299,10.57496,5.65536,-5.3929,0.64792
43.66,17.76582,-1.10672,1.51576,3.05082,0.77904,0.13278,5.09982,1.85312,-0.97173,1.93181,0.03718,-0.01808,-0.1492,3.87399,0.53433,1.3932,-1.10658,0.20132,0.07505,-0.24059,-159.22545,14.22573,-4.95951,40.04219,-13.52204,5.26806,2.59332,7.10483,-0.77536,1.58618,10.59563,5.69344,-5.38869,0.64191
43.68,17.34533,-1.15572,1.36755,2.85022,0.82008,0.13129,5.14143,1.88465,-0.9784,2.03156,0.0436,-0.02121,-0.1624,3.88117,0.52476,1.3867,-1.10285,0.20086,0.07743,-0.2405,-159.41452,14.17013,-4.92053,40.2604,-13.55955,5.28552,2.59903,7.54293,-0.81248,1.64295,10.61731,5.734,-5.38411,0.63579
43.7,16.85149,-1.18924,1.21478,2.66777,0.85745,0.13112,5.16972,1.90481,-0.98823,2.10969,0.04852,-0.02423,-0.17262,3.88155,0.50793,1.37742,-1.10332,0.20038,0.0795,-0.24033,-159.62471,14.11899,-4.8957,40.48493,-13.59945,5.30583,2.60683,8.01053,-0.85062,1.70382,10.63691,5.77748,-5.379,0.62916
43.72,16.29826,-1.1944,1.06267,2.53442,0.88307,0.13258,5.19719,1.91072,-1.00843,2.1505,0.05076,-0.02718,-0.17728,3.87042,0.48043,1.36489,-1.11445,0.20022,0.08064,-0.24034,-159.86458,14.07515,-4.90936,40.71353,-13.64257,5.3337,2.61956,8.50921,-0.88965,1.77064,10.65125,5.82387,-5.37324,0.62307
43.74,15.70969,-1.18489,0.91905,2.42606,0.90426,0.13488,5.20884,1.90916,-1.02735,2.17032,0.05158,-0.02969,-0.17898,3.85512,0.44951,1.35119,-1.12936,0.2001,0.08144,-0.24035,-160.13539,14.03884,-4.938,40.94359,-13.68923,5.3647,2.63455,9.04682,-0.9278,1.84217,10.66441,5.87426,-5.36638,0.61633
43.76,15.10856,-1.17625,0.79238,2.32286,0.92569,0.13732,5.19381,1.90505,-1.03637,2.18232,0.05199,-0.03151,-0.17989,3.84224,0.4213,1.33825,-1.14222,0.19979,0.08236,-0.24023,-160.43855,14.00684,-4.96239,41.17436,-13.73979,5.39587,2.6492,9.6303,-0.96426,1.9199,10.68019,5.92917,-5.35873,0.60905
43.78,14.48525,-1.15845,0.68635,2.22828,0.9466,0.14004,5.15593,1.90159,-1.03648,2.18569,0.05185,-0.03274,-0.17968,3.82973,0.3946,1.32608,-1.15618,0.19953,0.08308,-0.24014,-160.72566,13.97975,-4.9969,41.45,-13.79338,5.43042,2.66635,10.26335,-0.99758,2.00312,10.70076,5.98692,-5.3517,0.60413
43.8,13.89932,-1.14287,0.60586,2.1556,0.96415,0.14262,5.10791,1.89333,-1.0324,2.1774,0.05119,-0.03312,-0.17823,3.82228,0.37377,1.31616,-1.16757,0.19897,0.08397,-0.23989,-161.11696,13.96406,-5.02333,41.66371,-13.85245,5.46266,2.68163,10.93711,-1.02912,2.09389,10.71804,6.0525,-5.34105,0.59354
43.82,13.41452,-1.13946,0.5538,2.11829,0.97581,0.14468,5.06371,1.87304,-1.02984,2.15469,0.05013,-0.03243,-0.17554,3.82553,0.36416,1.3099,-1.17164,0.19754,0.08563,-0.2392,-161.74781,13.97113,-5.01487,41.69332,-13.91944,5.48499,2.68921,11.64047,-1.06094,2.19283,10.7232,6.13097,-5.32233,0.56756
43.84,12.98256,-1.13668,0.52751,2.10132,0.98496,0.14646,5.01862,1.84924,-1.02612,2.12534,0.04887,-0.03124,-0.17225,3.83432,0.36178,1.30654,-1.17295,0.19583,0.08745,-0.2384,-162.48483,13.99069,-4.99975,41.65707,-13.99179,5.50504,2.69485,12.38215,-1.0912,2.2986,10.72693,6.21663,-5.30038,0.53588
43.86,12.55964,-1.12192,0.52153,2.08901,0.99519,0.14816,4.96779,1.8286,-1.01882,2.09718,0.04768,-0.03001,-0.1691,3.84447,0.36336,1.30539,-1.17497,0.19423,0.08906,-0.23774,-163.20782,14.01678,-4.99517,41.6604,-14.06694,5.5277,2.70265,13.16768,-1.11822,2.40899,10.73838,6.30496,-5.27866,0.50658
43.88,12.14601,-1.10053,0.53051,2.08155,1.00604,0.14965,4.91708,1.80843,-1.01128,2.07038,0.04671,-0.0288,-0.16621,3.85695,0.37093,1.30624,-1.17654,0.1923,0.09093,-0.23707,-163.93637,14.05644,-4.9857,41.68204,-14.14558,5.55315,2.71106,13.98885,-1.14353,2.52353,10.7544,6.39584,-5.25744,0.47648
43.9,11.78932,-1.07637,0.55168,2.08663,1.01632,0.15094,4.87392,1.78616,-1.00724,2.04535,0.04573,-0.02813,-0.1635,3.86954,0.38009,1.30961,-1.17831,0.19089,0.09219,-0.23669,-164.74415,14.09208,-4.99005,41.65823,-14.22843,5.57565,2.71903,14.83801,-1.16843,2.64407,10.77291,6.49224,-5.23324,0.44595
43.92,11.54309,-1.05056,0.58205,2.11222,1.02493,0.15209,4.84432,1.75943,-1.00985,2.02253,0.04447,-0.02853,-0.16088,3.87973,0.38507,1.31609,-1.18079,0.1911,0.0917,-0.23699,-165.72674,14.09558,-5.04511,41.50683,-14.31716,5.59064,2.72621,15.70717,-1.19346,2.77257,10.79161,6.59714,-5.20212,0.41714
43.94,11.34832,-1.02202,0.61105,2.14691,1.03305,0.15311,4.82592,1.72822,-1.01952,2.00317,0.04322,-0.02989,-0.15857,3.8879,0.38876,1.32388,-1.18359,0.19186,0.09058,-0.23757,-166.78889,14.09922,-5.11878,41.30435,-14.40989,5.60286,2.73292,16.5942,-1.21948,2.90306,10.81378,6.70639,-5.16812,0.38812
43.96,11.15315,-0.99286,0.63025,2.17945,1.04182,0.15408,4.81546,1.69362,-1.03578,1.98857,0.04224,-0.03211,-0.15677,3.89416,0.39308,1.33135,-1.18653,0.19235,0.08968,-0.23812,-167.83774,14.11274,-5.18168,41.12791,-14.50432,5.61697,2.73992,17.49574,-1.2477,3.03349,10.8402,6.81616,-5.13499,0.35888
43.98,10.98554,-0.94957,0.63547,2.21116,1.0512,0.1551,4.81291,1.65392,-1.05916,1.97864,0.0414,-0.0353,-0.1554,3.89843,0.39514,1.33851,-1.18802,0.19302,0.08857,-0.23869,-168.92806,14.11334,-5.26269,40.9315,-14.60028,5.63311,2.74805,18.40652,-1.27843,3.16498,10.86902,6.92713,-5.10084,0.33137
44,10.80966,-0.92727,0.62626,2.24211,1.05904,0.15612,4.82157,1.60951,-1.09167,1.97084,0.04041,-0.0396,-0.15409,3.89808,0.39426,1.34383,-1.19155,0.19351,0.08755,-0.23926,-169.99882,14.15194,-5.31522,40.7603,-14.69877,5.64585,2.75394,19.3241,-1.31507,3.29441,10.90185,7.03934,-5.06754,0.30014
44.02,10.58716,-0.96053,0.60445,2.27297,1.06349,0.15716,4.84419,1.56292,-1.1346,1.96236,0.03896,-0.04504,-0.15248,3.89022,0.39027,1.34572,-1.20143,0.19336,0.08708,-0.2398,-170.97863,14.29114,-5.27448,40.66935,-14.8013,5.64795,2.75256,20.24705,-1.3624,3.41945,10.93999,7.15278,-5.03748,0.25697
44.04,10.34978,-1.01945,0.56934,2.30045,1.06544,0.15828,4.87465,1.51304,-1.18451,1.95335,0.03712,-0.05129,-0.15055,3.87743,0.38235,1.34477,-1.21302,0.19302,0.08678,-0.24026,-171.93312,14.46788,-5.20264,40.60804,-14.90584,5.64622,2.74865,21.17289,-1.4178,3.54419,10.98037,7.26657,-5.00827,0.20978
44.06,10.12462,-1.07966,0.52268,2.32165,1.06581,0.15953,4.90679,1.46108,-1.23727,1.94422,0.03501,-0.05789,-0.14836,3.86197,0.37047,1.34156,-1.22234,0.19284,0.08636,-0.24057,-172.91994,14.62625,-5.14647,40.53346,-15.01121,5.64686,2.7459,22.09964,-1.47715,3.67128,11.02051,7.37993,-4.97853,0.16476
44.08,9.91634,-1.1418,0.46995,2.34021,1.06514,0.16119,4.93978,1.41321,-1.29064,1.93366,0.03258,-0.0645,-0.14592,3.84287,0.35452,1.33595,-1.2307,0.19277,0.08581,-0.24077,-173.95355,14.77594,-5.07808,40.43132,-15.11829,5.64532,2.74134,23.0261,-1.54003,3.79966,11.05998,7.49415,-4.94788,0.11785
44.1,9.67706,-1.25149,0.417,2.34695,1.05886,0.16245,4.96983,1.3627,-1.34172,1.91868,0.02954,-0.07077,-0.1425,3.82079,0.33682,1.32701,-1.23822,0.1926,0.08547,-0.24074,-174.93656,14.93149,-5.01611,40.38643,-15.22406,5.64668,2.73841,23.95456,-1.60493,3.92884,11.10092,7.60612,-4.91847,0.07368
44.12,9.34681,-1.46264,0.37105,2.33027,1.04218,0.16238,4.99161,1.30461,-1.38666,1.8975,0.02569,-0.07628,-0.13754,3.79684,0.3204,1.31419,-1.2445,0.19214,0.08561,-0.24039,-175.74134,15.10036,-4.96571,40.50835,-15.32661,5.65708,2.74058,24.88578,-1.66948,4.05996,11.14389,7.71186,-4.89371,0.03815
44.14,8.98716,-1.73236,0.33806,2.30216,1.01914,0.16174,5.00516,1.25052,-1.42173,1.87118,0.02134,-0.08045,-0.13163,3.7706,0.30437,1.29856,-1.25008,0.1916,0.08595,-0.23983,-176.49361,15.26937,-4.92601,40.68865,-15.42698,5.67074,2.74465,25.81588,-1.73353,4.1928,11.18537,7.81568,-4.87035,0.00541
44.16,8.64495,-2.02681,0.32313,2.27226,0.99361,0.16116,5.00982,1.21181,-1.44355,1.84191,0.01688,-0.08283,-0.12558,3.74214,0.28839,1.28148,-1.25502,0.19123,0.08616,-0.23918,-177.29099,15.41767,-4.88509,40.8412,-15.52716,5.68325,2.74784,26.74409,-1.79625,4.32694,11.22439,7.92036,-4.84595,-0.02879
44.18,8.29756,-2.34906,0.32951,2.23758,0.96621,0.16047,5.00118,1.1963,-1.44967,1.81391,0.01264,-0.0834,-0.12015,3.71242,0.27424,1.26407,-1.25828,0.1912,0.08607,-0.23851,-178.08795,15.55811,-4.81239,40.99882,-15.63517,5.69414,2.74913,27.67198,-1.85822,4.46361,11.2612,8.02262,-4.82388,-0.06291
44.2,7.95722,-2.73493,0.36091,2.19871,0.93198,0.15878,4.98813,1.18217,-1.43933,1.779,0.00835,-0.08133,-0.11384,3.6828,0.26306,1.24519,-1.26369,0.19083,0.08646,-0.23768,-178.89668,15.67902,-4.81093,41.15525,-15.72589,5.70881,2.75462,28.60151,-1.9228,4.59813,11.29852,8.12717,-4.79793,-0.09668
44.22,7.63184,-3.22406,0.42079,2.15731,0.88538,0.15519,4.97843,1.14502,-1.41233,1.72555,0.00334,-0.07579,-0.10446,3.6542,0.25569,1.22308,-1.27642,0.18909,0.08839,-0.2364,-179.69493,15.75957,-4.98737,41.33316,-15.76629,5.73295,2.77169,29.53764,-1.9942,4.72094,11.34299,8.24048,-4.75892,-0.1308
44.24,7.30046,-3.77689,0.50606,2.11186,0.83228,0.15016,4.96469,1.10965,-1.36934,1.66573,-0.00136,-0.06746,-0.09466,3.62858,0.25303,1.2014,-1.29146,0.18684,0.09086,-0.23491,-180.49438,15.82014,-5.23773,41.50661,-15.78773,5.76036,2.79303,30.48156,-2.07439,4.83692,11.39271,8.3546,-4.71583,-0.16325
44.26,6.95362,-4.35799,0.61131,2.06234,0.77829,0.14425,4.94337,1.09616,-1.3131,1.6117,-0.00491,-0.05745,-0.08668,3.60736,0.25569,1.18325,-1.30556,0.18483,0.09302,-0.23351,-181.28497,15.87547,-5.46381,41.67046,-15.81492,5.78558,2.81267,31.43295,-2.16614,4.95148,11.44464,8.46405,-4.67555,-0.19417
44.28,6.57133,-4.97302,0.73037,2.01036,0.72296,0.13743,4.91473,1.09774,-1.24729,1.55993,-0.00802,-0.04674,-0.07944,3.58936,0.26362,1.1671,-1.32352,0.18222,0.09566,-0.23202,-181.9794,15.91433,-5.6611,41.88561,-15.83691,5.81138,2.8315,32.39508,-2.273,5.0572,11.50426,8.57374,-4.63117,-0.22681
44.3,6.20935,-5.60924,0.85647,1.95151,0.6651,0.12873,4.89502,1.09805,-1.17332,1.51441,-0.0087,-0.03357,-0.07477,3.58225,0.2766,1.15702,-1.33759,0.18033,0.09781,-0.23087,-182.79048,15.9674,-5.93938,41.99291,-15.8572,5.8348,2.85318,33.35999,-2.40045,5.16574,11.56139,8.67468,-4.59452,-0.25258
44.32,5.93427,-6.25277,0.98459,1.88026,0.60459,0.11729,4.8992,1.08027,-1.09104,1.47854,-0.00504,-0.01559,-0.07421,3.59412,0.29371,1.1577,-1.33894,0.18094,0.09821,-0.23081,-183.97529,16.08215,-6.47238,41.80386,-15.87969,5.858,2.88558,34.31606,-2.55563,5.29489,11.60245,8.75715,-4.58045,-0.26245
44.34,5.67881,-6.90224,1.10555,1.80243,0.54355,0.10425,4.91331,1.05684,-1.00463,1.45021,0.00108,0.00423,-0.07624,3.61708,0.31374,1.16431,-1.33707,0.18237,0.09815,-0.23128,-185.27182,16.22163,-7.09196,41.50582,-15.90076,5.87953,2.92116,35.26501,-2.73621,5.43158,11.63845,8.83194,-4.57511,-0.26691
44.36,5.39233,-7.5592,1.20912,1.72256,0.48435,0.09052,4.9272,1.03744,-0.91888,1.42832,0.00815,0.02329,-0.0796,3.64441,0.3354,1.17271,-1.33961,0.18324,0.09863,-0.23178,-186.46058,16.35226,-7.65573,41.2548,-15.91865,5.89837,2.95421,36.20561,-2.93787,5.56329,11.67837,8.90658,-4.56727,-0.27368
44.38,5.11807,-8.22992,1.29059,1.64048,0.4286,0.07631,4.94225,1.00963,-0.83621,1.40797,0.01601,0.04246,-0.08306,3.67703,0.35699,1.18345,-1.34455,0.18395,0.09928,-0.23243,-187.64776,16.51114,-8.34332,40.9757,-15.92554,5.92878,2.99617,37.12509,-3.16345,5.69426,11.71762,8.97802,-4.56084,-0.27826
44.4,4.84783,-8.87115,1.34242,1.55946,0.37154,0.06127,4.97066,0.98304,-0.75637,1.40462,0.02656,0.06059,-0.0909,3.71609,0.37766,1.19555,-1.34848,0.18467,0.10005,-0.23313,-188.7563,16.63123,-8.80422,40.71254,-15.94217,5.93313,3.02143,38.01155,-3.39787,5.82651,11.75435,9.04522,-4.55693,-0.28443
44.42,4.56984,-9.4478,1.36516,1.48116,0.30727,0.04491,5.03211,0.97225,-0.67624,1.43989,0.04178,0.07717,-0.10771,3.76256,0.39684,1.20782,-1.34759,0.18552,0.10099,-0.23375,-189.63884,16.63442,-8.61571,40.55562,-15.99786,5.86044,2.99802,38.8511,-3.61997,5.96334,11.78669,9.10669,-4.55634,-0.29975
44.44,4.31186,-9.99193,1.36127,1.40756,0.2405,0.02793,5.11037,0.96049,-0.60335,1.49061,0.05751,0.09334,-0.12604,3.81245,0.41248,1.21919,-1.34491,0.18629,0.10208,-0.23422,-190.43117,16.59384,-8.1834,40.41039,-16.06173,5.76052,2.95662,39.62615,-3.83707,6.10065,11.81465,9.16194,-4.55806,-0.31637
44.46,4.08081,-10.5376,1.33248,1.33945,0.17498,0.011,5.18819,0.93126,-0.54445,1.53479,0.07104,0.1087,-0.14092,3.86173,0.42388,1.22881,-1.34342,0.18675,0.10333,-0.23451,-191.18887,16.56362,-7.83789,40.23823,-16.10812,5.67308,2.92296,40.3189,-4.05136,6.23215,11.83999,9.21069,-4.5605,-0.32984
44.48,3.87011,-11.10646,1.29111,1.27179,0.1082,-0.00588,5.27865,0.88438,-0.49469,1.5815,0.08363,0.1243,-0.15483,3.91024,0.43229,1.23682,-1.34006,0.18711,0.10474,-0.23463,-191.81163,16.54047,-7.50666,40.09049,-16.15877,5.56171,2.8849,40.90786,-4.24692,6.36621,11.85908,9.24815,-4.56851,-0.34838
44.5,3.64276,-11.58069,1.21625,1.2231,0.0413,-0.02208,5.34693,0.82468,-0.4704,1.60744,0.09147,0.13503,-0.16309,3.95426,0.43471,1.24102,-1.33811,0.18717,0.10609,-0.23453,-192.451,16.45745,-7.04534,39.8535,-16.17277,5.4799,2.8474,41.3738,-4.41786,6.47047,11.88,9.27935,-4.57194,-0.35318
44.52,3.35041,-11.82602,1.08433,1.21367,-0.02448,-0.03703,5.34894,0.75818,-0.48814,1.58306,0.09109,0.13442,-0.16148,3.99025,0.42816,1.23917,-1.3418,0.18666,0.10715,-0.23417,-193.27991,16.23611,-6.30111,39.40064,-16.09818,5.50469,2.82046,41.69481,-4.55817,6.50751,11.9102,9.3092,-4.56163,-0.32303
44.54,3.00302,-11.95592,0.93279,1.22353,-0.08881,-0.05046,5.3192,0.68187,-0.52826,1.52902,0.08599,0.12837,-0.15425,4.01925,0.41673,1.23356,-1.34676,0.18594,0.10796,-0.23366,-194.09168,15.95765,-5.43241,38.84144,-15.98169,5.55586,2.79442,41.84299,-4.65449,6.50087,11.94176,9.32805,-4.54709,-0.27836
44.56,2.60484,-12.08161,0.79549,1.23417,-0.15238,-0.06222,5.28743,0.59193,-0.5738,1.46367,0.07936,0.12197,-0.14517,4.04201,0.40415,1.22627,-1.34954,0.18531,0.10865,-0.23305,-194.69192,15.69336,-4.61036,38.2869,-15.85914,5.57886,2.76418,41.789,-4.69693,6.47468,11.96651,9.32684,-4.53761,-0.23699
44.58,2.11195,-12.16683,0.67241,1.2456,-0.21847,-0.07264,5.24185,0.4878,-0.62504,1.38266,0.07057,0.1141,-0.13305,4.05832,0.38982,1.21663,-1.35082,0.18463,0.10927,-0.23225,-194.99531,15.42814,-3.77441,37.80873,-15.70344,5.62469,2.7399,41.50003,-4.68487,6.4337,11.97663,9.30002,-4.54041,-0.19983
44.6,1.55756,-12.18884,0.56952,1.27117,-0.27453,-0.07996,5.18279,0.39215,-0.68419,1.27917,0.05914,0.10494,-0.11758,4.06518,0.37507,1.20616,-1.3529,0.18409,0.10935,-0.23157,-195.3148,15.14022,-2.92823,37.10086,-15.53947,5.60675,2.698,40.96345,-4.60941,6.33055,11.99193,9.25897,-4.52797,-0.1484
44.62,0.99714,-12.12779,0.49296,1.32424,-0.30532,-0.08218,5.11209,0.32795,-0.75174,1.14722,0.04509,0.09457,-0.09916,4.05992,0.36174,1.19664,-1.35813,0.1839,0.10842,-0.23138,-196.00744,14.83034,-2.13669,35.80561,-15.40358,5.42899,2.61232,40.16805,-4.46669,6.11898,12.03273,9.21633,-4.47108,-0.06171
44.64,0.34845,-12.02196,0.45033,1.38675,-0.32486,-0.08153,5.02871,0.27626,-0.81916,0.99522,0.02969,0.08348,-0.07842,4.04595,0.35025,1.18749,-1.36464,0.18393,0.10694,-0.23139,-196.66191,14.51673,-1.35484,34.28872,-15.25635,5.18691,2.50804,39.0711,-4.26634,5.85704,12.06818,9.15398,-4.40286,0.03692
44.66,-0.4361,-11.90287,0.44624,1.44312,-0.34482,-0.08,4.93571,0.22309,-0.87862,0.83377,0.01419,0.0728,-0.0564,4.02668,0.34093,1.17823,-1.37071,0.18401,0.10536,-0.23136,-196.94458,14.22168,-0.57,32.84923,-15.0715,4.95876,2.40626,37.63871,-4.02099,5.59482,12.07382,9.05693,-4.35156,0.12699
44.68,-1.30828,-11.75245,0.47764,1.49503,-0.36052,-0.07726,4.83323,0.17646,-0.92858,0.66554,-0.00107,0.06281,-0.03364,4.0025,0.33445,1.16872,-1.37755,0.18407,0.10367,-0.23125,-196.91229,13.95675,0.12341,31.41363,-14.86384,4.75249,2.30785,35.85907,-3.74275,5.33037,12.05073,8.92633,-4.31346,0.21797
44.7,-2.32126,-11.60805,0.54684,1.54906,-0.37388,-0.07403,4.72765,0.13904,-0.97587,0.48428,-0.01664,0.05274,-0.00946,3.97382,0.33116,1.16147,-1.38556,0.18451,0.10164,-0.23146,-196.68019,13.68967,0.94073,29.91133,-14.61889,4.47142,2.19007,33.7332,-3.42929,5.0567,12.00544,8.76935,-4.27804,0.30025
44.72,-3.54174,-11.51377,0.65658,1.61264,-0.38854,-0.07132,4.62621,0.1121,-1.02839,0.28263,-0.03305,0.04154,0.01695,3.94109,0.33146,1.15933,-1.39498,0.18585,0.09897,-0.23242,-196.39548,13.37203,2.13945,28.25698,-14.30608,4.01036,2.02721,31.27615,-3.07784,4.76973,11.95158,8.59666,-4.23605,0.36179
44.74,-4.87016,-11.42081,0.79492,1.67746,-0.40254,-0.06903,4.5272,0.09496,-1.07946,0.07475,-0.04903,0.02996,0.04393,3.90696,0.33502,1.15965,-1.40616,0.18759,0.09608,-0.23374,-195.88786,13.06933,3.44291,26.56137,-13.95591,3.4851,1.84449,28.49181,-2.71799,4.50179,11.87989,8.40101,-4.20498,0.41283
44.76,-6.21186,-11.28605,0.94877,1.73639,-0.41498,-0.06714,4.43098,0.08592,-1.12431,-0.12643,-0.06369,0.01886,0.07004,3.87435,0.34083,1.16013,-1.41913,0.18931,0.09337,-0.23505,-195.02624,12.82104,4.63042,24.91772,-13.58938,2.99525,1.66717,25.39257,-2.37382,4.27794,11.78001,8.17604,-4.19745,0.45948
44.78,-7.55626,-11.12106,1.11329,1.79551,-0.42738,-0.0661,4.34183,0.08645,-1.16777,-0.32213,-0.07731,0.00777,0.09539,3.84431,0.34837,1.16171,-1.43399,0.19124,0.09068,-0.23654,-193.93539,12.55836,5.80078,23.25048,-13.16237,2.50749,1.4882,22.01751,-2.05063,4.10721,11.66146,7.93289,-4.20821,0.49867
44.8,-8.88693,-10.91683,1.27996,1.84858,-0.43862,-0.06589,4.25988,0.09266,-1.20751,-0.50403,-0.08936,-0.00314,0.11897,3.81903,0.35693,1.1641,-1.44998,0.19314,0.08837,-0.23806,-192.4626,12.40635,6.88532,21.6975,-12.78434,2.02935,1.30832,18.402,-1.7521,3.98173,11.52111,7.66282,-4.24256,0.52803
44.82,-10.20084,-10.66205,1.44014,1.88726,-0.4467,-0.06629,4.18289,0.10049,-1.23909,-0.66564,-0.09907,-0.01393,0.13975,3.80027,0.36565,1.1666,-1.46673,0.19468,0.08691,-0.23939,-190.43232,12.48109,7.85211,20.44383,-12.58153,1.54451,1.12596,14.59346,-1.46914,3.85175,11.36437,7.35066,-4.2981,0.54925
44.84,-11.44438,-10.36622,1.59099,1.92079,-0.45449,-0.06761,4.11505,0.11316,-1.2672,-0.80754,-0.10699,-0.02426,0.1579,3.78821,0.37421,1.16971,-1.48362,0.19611,0.08593,-0.24069,-188.11787,12.62889,8.73481,19.29823,-12.42523,1.0799,0.95301,10.65509,-1.20013,3.7142,11.20229,7.01336,-4.36441,0.56489
44.86,-12.58092,-10.03797,1.72971,1.95659,-0.46367,-0.06997,4.05737,0.13211,-1.29442,-0.93031,-0.11353,-0.03407,0.17345,3.78246,0.38212,1.17346,-1.50031,0.19762,0.08512,-0.24203,-185.7222,12.73256,9.5724,18.13365,-12.21879,0.64716,0.79206,6.65461,-0.95174,3.60126,11.03956,6.67037,-4.43839,0.5757
44.88,-13.65102,-9.71257,1.85568,1.99327,-0.47284,-0.07301,4.00179,0.1555,-1.31606,-1.03873,-0.11748,-0.04561,0.18592,3.78123,0.38962,1.17743,-1.51785,0.19917,0.08438,-0.24339,-183.23134,12.78211,10.49438,17.0449,-12.00413,0.14493,0.61985,2.67832,-0.72393,3.52833,10.89797,6.32712,-4.51715,0.58504
44.9,-14.53738,-9.34128,1.96361,2.02698,-0.48594,-0.07705,3.96375,0.18014,-1.33741,-1.11305,-0.12169,-0.05242,0.19535,3.78738,0.39502,1.18169,-1.53102,0.2005,0.08414,-0.24452,-180.74016,12.9074,11.11444,15.91578,-11.79283,-0.16234,0.49818,-1.25332,-0.49638,3.41097,10.72943,5.97614,-4.59939,0.5865
44.92,-15.12447,-8.86372,2.05016,2.05394,-0.50854,-0.08263,3.96191,0.20245,-1.36785,-1.13613,-0.13118,-0.04578,0.20349,3.80407,0.39581,1.18638,-1.53384,0.20133,0.08487,-0.24509,-178.40599,13.26114,10.99555,14.56711,-11.60413,0.0331,0.49014,-5.15129,-0.23254,3.09909,10.45618,5.60589,-4.67893,0.57684
44.94,-15.54227,-8.37995,2.11911,2.07646,-0.53501,-0.08881,3.97571,0.22246,-1.39891,-1.13508,-0.14229,-0.03409,0.21051,3.82467,0.39328,1.19052,-1.53168,0.20188,0.08597,-0.24532,-176.21567,13.68429,10.60992,13.18947,-11.43253,0.39699,0.51437,-8.89019,0.05463,2.66935,10.13276,5.23783,-4.74802,0.56752
44.96,-15.90482,-7.96677,2.17126,2.09816,-0.56105,-0.09487,3.98882,0.2401,-1.42461,-1.13054,-0.15168,-0.02445,0.21619,3.84361,0.38858,1.19347,-1.52899,0.20237,0.08689,-0.24545,-174.21678,14.05213,10.33818,11.89873,-11.27445,0.67159,0.51445,-12.32476,0.33757,2.24083,9.82682,4.89639,-4.80537,0.56288
44.98,-16.22793,-7.60835,2.20767,2.12103,-0.59201,-0.1016,4.00626,0.25484,-1.45146,-1.12192,-0.16216,-0.01316,0.22221,3.86096,0.38025,1.19558,-1.52343,0.2028,0.08769,-0.24544,-172.56412,14.43919,10.11974,10.59867,-11.15419,0.97044,0.50744,-15.38434,0.62451,1.77401,9.53859,4.58367,-4.8498,0.56127
45,-16.38504,-7.31875,2.21309,2.1368,-0.61598,-0.10689,4.02996,0.26089,-1.4725,-1.10156,-0.16927,-0.00454,0.22531,3.87551,0.36948,1.19571,-1.5162,0.20304,0.08846,-0.24521,-171.17962,14.80549,9.77258,9.4157,-11.04646,1.25035,0.50268,-18.02741,0.90141,1.29599,9.23406,4.30875,-4.87418,0.56171
45.02,-16.24233,-7.10999,2.17119,2.13602,-0.61855,-0.10817,4.06324,0.25062,-1.47933,-1.06136,-0.16749,-0.00387,0.22162,3.88659,0.3582,1.19261,-1.50926,0.20294,0.08933,-0.24468,-169.97825,15.10378,9.08561,8.48106,-10.92332,1.4456,0.51291,-20.22628,1.14618,0.86371,8.86477,4.08169,-4.87088,0.56385
45.04,-15.9495,-6.97283,2.10176,2.13007,-0.61379,-0.10788,4.10258,0.23119,-1.48108,-1.01278,-0.16238,-0.00578,0.21512,3.89429,0.34515,1.18794,-1.50098,0.20275,0.09008,-0.24403,-169.20379,15.39466,8.31321,7.64753,-10.83288,1.62022,0.52773,-21.86026,1.36165,0.45296,8.49325,3.90912,-4.84343,0.56567
45.06,-15.6508,-6.8955,2.02024,2.1286,-0.61289,-0.10805,4.14208,0.20915,-1.48486,-0.96748,-0.15825,-0.00655,0.20933,3.89847,0.32929,1.18292,-1.49084,0.20262,0.09057,-0.2434,-169.06574,15.72964,7.65942,6.79291,-10.81317,1.80876,0.53464,-22.81401,1.54549,0.05843,8.18333,3.79837,-4.79592,0.56684
45.08,-15.32681,-6.87342,1.9241,2.12854,-0.61174,-0.10805,4.18211,0.1845,-1.48762,-0.92242,-0.15346,-0.00768,0.20317,3.89939,0.31178,1.1772,-1.4801,0.20249,0.0909,-0.24277,-169.66295,16.13759,6.93882,5.85296,-10.86278,2.01427,0.54393,-23.06376,1.68465,-0.28498,7.90945,3.75356,-4.72481,0.57137
45.1,-14.92336,-6.89665,1.81563,2.13227,-0.61031,-0.10798,4.21944,0.15894,-1.49048,-0.87918,-0.14878,-0.00888,0.19707,3.89799,0.2928,1.17164,-1.46822,0.20243,0.091,-0.2422,-170.78415,16.52662,6.45621,5.08024,-10.97316,2.19804,0.54239,-22.50576,1.76678,-0.60773,7.74083,3.78634,-4.63318,0.56426
45.12,-14.39083,-6.95445,1.69545,2.14319,-0.6091,-0.10812,4.25001,0.13369,-1.49538,-0.8407,-0.14531,-0.00957,0.19185,3.89523,0.27231,1.16733,-1.45453,0.20251,0.09076,-0.24174,-172.15983,16.77834,6.57166,4.77338,-11.13102,2.31172,0.51434,-21.04185,1.77919,-0.94017,7.7563,3.90796,-4.52751,0.5279
45.14,-13.7857,-7.03912,1.56124,2.15934,-0.60822,-0.10859,4.27433,0.10909,-1.50068,-0.80508,-0.14229,-0.01028,0.18713,3.89163,0.25108,1.16376,-1.44028,0.20257,0.09034,-0.24132,-174.0885,17.00716,6.94615,4.63457,-11.35401,2.40536,0.4757,-18.73723,1.71783,-1.21587,7.88549,4.11081,-4.40441,0.47782
45.16,-13.1724,-7.14003,1.41127,2.17966,-0.60835,-0.10964,4.29266,0.08572,-1.50544,-0.77164,-0.13941,-0.0111,0.18289,3.88764,0.22949,1.16057,-1.42656,0.20247,0.08986,-0.24087,-176.82696,17.31616,7.29065,4.39476,-11.65711,2.52425,0.4393,-15.65747,1.57882,-1.38334,8.07563,4.38758,-4.26274,0.4267
45.18,-12.55734,-7.24938,1.24351,2.20572,-0.60774,-0.1113,4.3045,0.06433,-1.50911,-0.74118,-0.13678,-0.01178,0.17929,3.88342,0.20778,1.15805,-1.41411,0.20223,0.08921,-0.24043,-180.31173,17.67734,7.58368,4.0851,-12.02564,2.64922,0.40763,-11.82692,1.35846,-1.44611,8.34051,4.73908,-4.10652,0.36651
45.2,-11.86538,-7.36352,1.0609,2.23589,-0.61037,-0.11399,4.30799,0.04327,-1.51251,-0.71128,-0.13466,-0.01261,0.17597,3.88099,0.18574,1.15668,-1.40028,0.20163,0.08861,-0.23982,-184.32083,18.06876,8.16971,3.88123,-12.46851,2.78453,0.36061,-7.30163,1.05909,-1.39506,8.68652,5.15536,-3.9404,0.29937
45.22,-11.01839,-7.47122,0.86593,2.26738,-0.62058,-0.11812,4.30112,0.0198,-1.51742,-0.67921,-0.13343,-0.01406,0.17251,3.88242,0.16261,1.15656,-1.38219,0.2004,0.08844,-0.23882,-188.61738,18.46737,9.48056,3.95476,-13.00069,2.94912,0.27075,-2.17136,0.6834,-1.22848,9.11246,5.62292,-3.76871,0.22901
45.24,-10.10309,-7.57317,0.65942,2.30289,-0.63366,-0.12338,4.28625,-0.00424,-1.52099,-0.64726,-0.13255,-0.0155,0.1691,3.88606,0.13937,1.15761,-1.36255,0.19871,0.08837,-0.23758,-193.23537,18.88957,11.09712,4.15686,-13.58622,3.12305,0.16034,3.41116,0.23392,-0.94923,9.58679,6.13595,-3.59704,0.14946
45.26,-9.19927,-7.66632,0.44588,2.34372,-0.64555,-0.12942,4.26605,-0.02671,-1.52123,-0.61748,-0.13163,-0.01649,0.16594,3.89063,0.11712,1.15969,-1.34376,0.19669,0.08818,-0.23621,-198.20258,19.35385,12.63142,4.30585,-14.19459,3.29843,0.05256,9.26524,-0.27769,-0.56594,10.08039,6.68197,-3.42929,0.05878
45.28,-8.28956,-7.74407,0.23439,2.3861,-0.6576,-0.13607,4.24093,-0.0476,-1.52061,-0.58914,-0.13102,-0.01752,0.16281,3.89681,0.09605,1.16224,-1.32541,0.19416,0.0882,-0.23459,-203.30694,19.75806,14.35384,4.45012,-14.82292,3.50473,-0.06913,15.20706,-0.83232,-0.09479,10.58299,7.23949,-3.27025,-0.03816
45.3,-7.35522,-7.79923,0.03761,2.4352,-0.67026,-0.14352,4.21195,-0.06722,-1.51422,-0.56283,-0.13,-0.01779,0.15984,3.90535,0.07706,1.16685,-1.30474,0.19159,0.08799,-0.23291,-208.27579,20.29701,15.87211,4.68016,-15.42553,3.66045,-0.18201,21.02324,-1.4203,0.43715,11.06932,7.79298,-3.1263,-0.14759
45.32,-6.38322,-7.83364,-0.12891,2.49754,-0.68308,-0.15187,4.18079,-0.08539,-1.49623,-0.53918,-0.1278,-0.01608,0.15741,3.91707,0.06132,1.17563,-1.27845,0.18965,0.08693,-0.23138,-212.80629,21.22129,16.67364,5.10289,-15.95266,3.66007,-0.25179,26.50842,-2.04888,1.00164,11.52058,8.32253,-2.99978,-0.27676
45.34,-5.38701,-7.83114,-0.25398,2.56386,-0.69654,-0.16034,4.14907,-0.10014,-1.47415,-0.51812,-0.12526,-0.01391,0.15519,3.93205,0.04858,1.18621,-1.24884,0.18784,0.08582,-0.22976,-216.82098,22.28197,17.18507,5.61425,-16.41382,3.59359,-0.30467,31.4817,-2.69307,1.57537,11.93152,8.80204,-2.89013,-0.41226
45.36,-4.38362,-7.78266,-0.32626,2.6267,-0.71093,-0.16814,4.1197,-0.10946,-1.45427,-0.49957,-0.12305,-0.01234,0.15301,3.95,0.03908,1.19653,-1.21815,0.18596,0.08524,-0.22796,-220.28332,23.24275,17.76722,6.1111,-16.82004,3.54172,-0.36261,35.79425,-3.31188,2.1287,12.28951,9.21457,-2.7996,-0.54345
45.38,-3.36864,-7.68448,-0.33533,2.68809,-0.72477,-0.17478,4.09663,-0.11335,-1.43485,-0.48193,-0.12106,-0.01021,0.15138,3.97109,0.03355,1.20762,-1.18499,0.18458,0.08481,-0.2262,-223.01876,24.15316,18.3257,6.68782,-17.16099,3.47133,-0.41858,39.36768,-3.89096,2.64265,12.58462,9.55139,-2.73193,-0.67641
45.4,-2.31662,-7.52254,-0.27636,2.7428,-0.74345,-0.1806,4.07898,-0.11298,-1.42041,-0.46832,-0.11916,-0.01011,0.14937,3.9953,0.03096,1.21692,-1.15004,0.18339,0.08537,-0.22436,-225.16645,25.04891,18.72831,7.18532,-17.41554,3.38757,-0.46717,42.18944,-4.42992,3.08702,12.819,9.81703,-2.67687,-0.79439
45.42,-1.21869,-7.27906,-0.15248,2.78579,-0.77229,-0.18618,4.06358,-0.11114,-1.41646,-0.46508,-0.1171,-0.01553,0.14558,4.02202,0.02883,1.22099,-1.11451,0.1821,0.08781,-0.22234,-226.90415,25.976,18.81973,7.44385,-17.5614,3.30869,-0.50125,44.2901,-4.93297,3.42228,12.99402,10.02146,-2.62136,-0.87888
45.44,-0.09733,-6.96079,0.03075,2.8183,-0.80402,-0.1902,4.05736,-0.10849,-1.4201,-0.46464,-0.11515,-0.02306,0.14122,4.05013,0.02774,1.22153,-1.07829,0.18133,0.09135,-0.22043,-228.13726,26.88542,18.77334,7.61743,-17.62972,3.22033,-0.52921,44.23555,-5.182,3.41539,12.97623,10.02159,-2.59987,-0.92419
45.46,1.02703,-6.5771,0.2656,2.84251,-0.83324,-0.19179,4.06461,-0.10605,-1.42853,-0.46176,-0.11361,-0.0301,0.1373,4.0786,0.02824,1.22014,-1.04104,0.1816,0.09524,-0.21882,-228.7957,27.73166,18.75273,7.83552,-17.65053,3.1216,-0.5586,44.14846,-5.43017,3.41891,12.95999,10.0163,-2.58144,-0.97245
45.48,2.11515,-6.12879,0.53833,2.8631,-0.86067,-0.19163,4.07755,-0.10645,-1.44116,-0.46678,-0.11181,-0.03893,0.13235,4.10627,0.02782,1.21599,-1.00238,0.18303,0.09907,-0.21748,-228.87275,28.59176,18.58993,8.12628,-17.61396,3.03319,-0.57722,44.07665,-5.69519,3.44918,12.9485,10.00806,-2.57026,-1.02892
45.5,3.23795,-5.63517,0.83501,2.86606,-0.88524,-0.18874,4.10799,-0.10826,-1.4603,-0.45677,-0.11094,-0.0456,0.12876,4.13261,0.0281,1.20853,-0.96528,0.18463,0.10418,-0.21629,-228.66272,29.32759,18.59251,8.28415,-17.54407,2.90521,-0.61167,44.02113,-5.94744,3.45857,12.94953,10.00752,-2.54357,-1.0662
45.52,4.49527,-5.12844,1.14424,2.83409,-0.90697,-0.18201,4.17351,-0.10974,-1.48941,-0.40151,-0.11304,-0.04506,0.13077,4.15789,0.03215,1.19836,-0.93138,0.18512,0.11211,-0.215,-228.48115,29.77762,19.12869,8.06985,-17.46377,2.68942,-0.69104,43.98132,-6.15273,3.39204,12.97137,10.0269,-2.47553,-1.05133
45.54,5.73024,-4.62351,1.4504,2.78879,-0.92481,-0.17327,4.25197,-0.11195,-1.52264,-0.33313,-0.11637,-0.04232,0.13512,4.18063,0.03662,1.1867,-0.89832,0.18524,0.12072,-0.21351,-227.99197,30.10596,19.83087,7.72832,-17.35066,2.4338,-0.78617,43.95467,-6.33551,3.29918,13.00404,10.05334,-2.39207,-1.01692
45.56,6.81633,-4.13377,1.73325,2.74701,-0.93851,-0.16426,4.32343,-0.11803,-1.55455,-0.27725,-0.11941,-0.04089,0.13913,4.19893,0.03796,1.17421,-0.86529,0.18554,0.12826,-0.21185,-226.88422,30.43857,20.40014,7.47835,-17.18325,2.1848,-0.87165,43.88015,-6.50487,3.21344,13.0341,10.07053,-2.31724,-0.99034
45.58,7.80517,-3.68388,1.97393,2.69675,-0.9514,-0.15534,4.39118,-0.129,-1.58518,-0.21733,-0.12312,-0.03797,0.14511,4.21184,0.03552,1.16146,-0.83197,0.18519,0.13551,-0.20976,-225.21554,30.77068,20.86988,7.2297,-16.94664,1.96997,-0.94291,41.79849,-6.35002,2.81717,12.90101,9.89378,-2.28899,-0.93591
45.6,8.53285,-3.28336,2.15809,2.65983,-0.95772,-0.14711,4.4408,-0.14133,-1.60933,-0.17614,-0.1257,-0.03613,0.14923,4.21909,0.03189,1.14864,-0.80677,0.18428,0.14144,-0.2076,-222.93818,30.9427,21.41353,7.02043,-16.68137,1.67716,-1.03218,39.1148,-6.04616,2.33752,12.7294,9.65787,-2.27592,-0.87696
45.62,8.83111,-2.93111,2.27372,2.66239,-0.95106,-0.14015,4.45591,-0.15117,-1.62181,-0.18133,-0.12467,-0.03915,0.14617,4.22174,0.03061,1.13509,-0.80044,0.18272,0.14543,-0.20576,-220.03243,30.79048,22.22852,6.89278,-16.43485,1.17194,-1.17641,35.81347,-5.55707,1.77778,12.5202,9.3608,-2.28092,-0.8211
45.64,8.84487,-2.63274,2.30734,2.68065,-0.93927,-0.13506,4.44672,-0.16232,-1.62507,-0.20315,-0.12193,-0.04326,0.14027,4.21852,0.02816,1.12245,-0.80661,0.18023,0.14839,-0.20397,-216.53175,30.47396,23.0836,6.8103,-16.15041,0.60614,-1.32999,31.91347,-4.92034,1.1513,12.27616,9.00618,-2.30782,-0.76218
45.66,8.71313,-2.39144,2.25194,2.69512,-0.92848,-0.13226,4.42194,-0.17836,-1.62179,-0.21886,-0.1193,-0.04585,0.13529,4.20867,0.0213,1.11165,-0.81964,0.17656,0.15117,-0.20197,-212.50962,30.14801,23.77725,6.74419,-15.79305,0.10093,-1.45765,27.49563,-4.17403,0.48242,12.00494,8.60159,-2.35902,-0.69897
45.68,8.46556,-2.20473,2.1113,2.70869,-0.91797,-0.13165,4.37803,-0.19635,-1.61257,-0.23073,-0.11584,-0.049,0.12875,4.19495,0.01117,1.0997,-0.84412,0.17021,0.15534,-0.19903,-208.10833,29.78044,24.43233,6.69165,-15.39063,-0.41298,-1.57954,22.69488,-3.32972,-0.20589,11.71885,8.15997,-2.43367,-0.6349
45.7,7.97888,-2.03326,1.9013,2.73184,-0.90098,-0.13292,4.32385,-0.21693,-1.59625,-0.24984,-0.11298,-0.05055,0.12386,4.17463,-0.00086,1.09512,-0.87458,0.16578,0.15654,-0.19778,-203.44382,29.33654,24.9468,6.68239,-14.95783,-0.85505,-1.67505,17.67397,-2.41782,-0.88157,11.43157,7.69845,-2.52397,-0.57068
45.72,7.10346,-1.81733,1.64393,2.7772,-0.86756,-0.13533,4.26886,-0.24142,-1.57105,-0.29109,-0.11271,-0.0477,0.12503,4.14627,-0.01488,1.10855,-0.90096,0.16905,0.14876,-0.20158,-198.6303,28.80294,25.20811,6.74609,-14.51116,-1.13958,-1.72362,12.59982,-1.47837,-1.49907,11.15361,7.23369,-2.61842,-0.50692
45.74,6.08168,-1.55708,1.35405,2.82959,-0.8222,-0.13794,4.20871,-0.2676,-1.54118,-0.33956,-0.11345,-0.04347,0.12817,4.11999,-0.03306,1.12872,-0.92294,0.17401,0.13751,-0.20603,-193.85968,28.23024,25.36858,6.84138,-14.06835,-1.3601,-1.75221,7.62288,-0.53999,-2.03586,10.89319,6.77827,-2.71786,-0.44692
45.76,5.13601,-1.28359,1.05539,2.87605,-0.77315,-0.14024,4.14364,-0.29278,-1.5111,-0.38163,-0.11405,-0.04007,0.13034,4.10101,-0.05466,1.14744,-0.94233,0.17658,0.12756,-0.20867,-189.31289,27.67074,25.54997,6.91938,-13.64112,-1.58662,-1.78081,2.87581,0.37198,-2.48707,10.65976,6.34441,-2.82255,-0.39206
45.78,4.22348,-0.98581,0.77571,2.92754,-0.71706,-0.14172,4.07973,-0.31577,-1.48021,-0.42666,-0.11503,-0.03653,0.13286,4.08892,-0.0775,1.17002,-0.95264,0.17952,0.11608,-0.21054,-185.08818,27.15647,25.78181,6.98241,-13.24497,-1.82329,-1.81119,-1.52776,1.22941,-2.83732,10.46356,5.94446,-2.92466,-0.3419
45.8,3.47454,-0.66939,0.53045,2.96721,-0.66178,-0.14203,4.02155,-0.33716,-1.45361,-0.46154,-0.11611,-0.03366,0.13509,4.08369,-0.10073,1.18992,-0.95842,0.18069,0.10689,-0.21095,-181.22843,26.60403,25.93251,7.06181,-12.87839,-1.99834,-1.82688,-5.51816,2.01398,-3.0918,10.29607,5.58196,-3.02385,-0.29901
45.82,3.0452,-0.34049,0.32826,2.97412,-0.61878,-0.14127,3.97365,-0.35865,-1.43736,-0.47,-0.11685,-0.03252,0.13613,4.08298,-0.12332,1.19763,-0.96955,0.17824,0.10464,-0.21049,-177.75463,25.93411,25.84434,7.18213,-12.53864,-2.03532,-1.81071,-9.05667,2.70618,-3.27056,10.14406,5.25742,-3.11616,-0.26576
45.84,2.82943,-0.02852,0.18423,2.9693,-0.58334,-0.1396,3.93756,-0.37713,-1.42745,-0.46792,-0.1175,-0.03209,0.13672,4.08508,-0.14196,1.20038,-0.97933,0.17537,0.10498,-0.21003,-174.73348,25.24614,25.71429,7.3106,-12.24079,-2.0253,-1.787,-12.10437,3.28899,-3.37394,10.01819,4.97742,-3.19641,-0.23836
45.86,2.73794,0.25547,0.101,2.96976,-0.55051,-0.13709,3.91304,-0.39119,-1.42068,-0.46752,-0.11819,-0.03178,0.13728,4.08943,-0.15572,1.20396,-0.98208,0.17401,0.10463,-0.20977,-172.21429,24.63204,25.69047,7.41079,-11.99527,-2.04334,-1.77376,-14.63717,3.75682,-3.39991,9.9322,4.7472,-3.2616,-0.21436
45.88,2.77494,0.53328,0.0658,2.97041,-0.52317,-0.13402,3.89954,-0.40419,-1.41828,-0.46558,-0.11887,-0.03176,0.1378,4.09501,-0.16685,1.20565,-0.98095,0.17326,0.10499,-0.20957,-170.16641,24.05046,25.73207,7.50517,-11.79741,-2.06925,-1.76562,-16.65976,4.10143,-3.33582,9.88495,4.56715,-3.30698,-0.19313
45.9,2.94631,0.72803,0.07784,2.96914,-0.50102,-0.13043,3.89743,-0.41211,-1.41978,-0.45965,-0.11941,-0.03207,0.13793,4.101,-0.17234,1.20639,-0.97583,0.1733,0.10546,-0.2096,-168.5806,23.51949,25.81002,7.57779,-11.64669,-2.08665,-1.76124,-18.21852,4.33878,-3.25923,9.85866,4.42722,-3.34513,-0.1766
45.92,3.25064,0.75922,0.13552,2.96431,-0.48216,-0.12622,3.90688,-0.40986,-1.42437,-0.44745,-0.1197,-0.03271,0.1372,4.10675,-0.16874,1.2078,-0.96624,0.17448,0.1051,-0.21004,-167.43891,23.03907,25.93513,7.61296,-11.54178,-2.08394,-1.76196,-19.3719,4.48952,-3.26478,9.83483,4.31555,-3.38991,-0.16598
45.94,3.62798,0.70615,0.21412,2.95818,-0.46784,-0.12198,3.92385,-0.40427,-1.43124,-0.4323,-0.11984,-0.0335,0.13614,4.11184,-0.16142,1.20873,-0.95438,0.17616,0.10459,-0.21064,-166.68576,22.60502,26.09588,7.63202,-11.47726,-2.07543,-1.7667,-20.13779,4.54733,-3.28864,9.82383,4.23676,-3.42765,-0.15859
45.96,4.01581,0.64066,0.29168,2.95408,-0.45802,-0.1182,3.94459,-0.40086,-1.4393,-0.41808,-0.11996,-0.03425,0.1352,4.11609,-0.15502,1.20886,-0.94165,0.17799,0.10419,-0.2112,-166.26614,22.21439,26.29414,7.6511,-11.44797,-2.07739,-1.77578,-20.53635,4.509,-3.26376,9.83838,4.19481,-3.4478,-0.15219
45.98,4.40317,0.56815,0.35798,2.95091,-0.44979,-0.11478,3.96807,-0.39848,-1.44829,-0.40317,-0.1201,-0.03497,0.13418,4.11922,-0.14961,1.20851,-0.92879,0.18001,0.10354,-0.21179,-166.15402,21.82098,26.58616,7.65198,-11.44986,-2.0844,-1.79234,-20.61116,4.38424,-3.20306,9.88009,4.18399,-3.45476,-0.14666
46,4.77186,0.41733,0.41757,2.94836,-0.44934,-0.11257,3.99163,-0.39604,-1.45626,-0.38923,-0.12006,-0.03552,0.13322,4.12133,-0.14343,1.20801,-0.91624,0.18191,0.10296,-0.21231,-166.27231,21.53426,26.80232,7.67163,-11.47848,-2.09371,-1.80649,-20.44133,4.20562,-3.15767,9.91759,4.19537,-3.45526,-0.14342
46.02,5.11286,0.1123,0.47905,2.94646,-0.46368,-0.11242,4.01285,-0.39259,-1.4612,-0.37833,-0.1196,-0.03578,0.13252,4.12273,-0.1344,1.20775,-0.9041,0.1834,0.10282,-0.21261,-166.54017,21.49321,26.74454,7.75872,-11.52979,-2.10505,-1.80701,-20.11168,4.00993,-3.18206,9.91302,4.2197,-3.45558,-0.14396
46.04,5.42118,-0.25297,0.52855,2.94528,-0.48465,-0.11367,4.03206,-0.38885,-1.46452,-0.36841,-0.11895,-0.03585,0.13187,4.1235,-0.12501,1.20756,-0.89301,0.18463,0.10275,-0.2128,-166.95909,21.55899,26.59221,7.86496,-11.5998,-2.11695,-1.80354,-19.6235,3.78859,-3.22695,9.89981,4.25827,-3.45249,-0.14673
46.06,5.69513,-0.60168,0.55697,2.94494,-0.5054,-0.1157,4.04959,-0.38546,-1.4674,-0.35814,-0.11828,-0.03582,0.13116,4.12382,-0.11709,1.20739,-0.88327,0.18576,0.10249,-0.21293,-167.52851,21.60647,26.51262,7.95501,-11.68451,-2.132,-1.80542,-18.97751,3.53392,-3.24145,9.90667,4.3128,-3.44249,-0.14977
46.08,5.94074,-0.94916,0.57032,2.94495,-0.52639,-0.11841,4.06527,-0.38163,-1.46942,-0.3479,-0.11738,-0.03569,0.13047,4.12401,-0.10949,1.20741,-0.8748,0.18677,0.10205,-0.21301,-168.19232,21.69991,26.43138,8.06228,-11.78103,-2.15097,-1.80823,-18.22425,3.26851,-3.24695,9.91494,4.37807,-3.42839,-0.15331
46.1,6.15218,-1.29998,0.57394,2.94523,-0.55022,-0.12239,4.07864,-0.37716,-1.47119,-0.33808,-0.1166,-0.03544,0.12972,4.12454,-0.10208,1.20771,-0.86766,0.18749,0.10178,-0.21296,-168.96161,21.78794,26.35259,8.1325,-11.88702,-2.16565,-1.81159,-17.37983,2.99863,-3.24781,9.93458,4.45197,-3.41182,-0.15811
46.12,6.32005,-1.64994,0.57194,2.94597,-0.57926,-0.12823,4.0895,-0.37221,-1.47348,-0.32952,-0.11635,-0.03508,0.12887,4.12584,-0.0951,1.2082,-0.86208,0.18767,0.10209,-0.21269,-169.85675,21.80816,26.27704,8.09929,-12.00041,-2.16462,-1.81438,-16.45583,2.72806,-3.24412,9.97474,4.53289,-3.39359,-0.16462
46.14,6.46509,-1.9908,0.56645,2.9461,-0.60952,-0.13491,4.09895,-0.36663,-1.47632,-0.32128,-0.1162,-0.03463,0.12796,4.12799,-0.08796,1.20905,-0.85757,0.18758,0.10264,-0.21233,-170.8214,21.81628,26.20103,8.03023,-12.11936,-2.15815,-1.81711,-15.47782,2.4692,-3.23646,10.02347,4.61897,-3.3743,-0.17212
46.16,6.60171,-2.30953,0.55822,2.94485,-0.63713,-0.14152,4.10804,-0.36051,-1.47981,-0.31274,-0.11585,-0.0342,0.12706,4.13095,-0.08033,1.21032,-0.85383,0.18744,0.10311,-0.21199,-171.81236,21.85197,26.13254,7.97881,-12.24199,-2.15526,-1.82087,-14.46415,2.23028,-3.22265,10.07103,4.70893,-3.35375,-0.17955
46.18,6.74031,-2.61044,0.55014,2.9435,-0.66235,-0.14805,4.11703,-0.35378,-1.48388,-0.30542,-0.11545,-0.03392,0.12626,4.13506,-0.072,1.21199,-0.85068,0.18712,0.10376,-0.21162,-172.84459,21.9201,26.04639,7.90621,-12.36995,-2.15155,-1.82377,-13.41767,2.01434,-3.20749,10.12117,4.80214,-3.33313,-0.18753
46.2,6.86373,-2.873,0.5403,2.93863,-0.68502,-0.15423,4.12573,-0.34875,-1.48995,-0.29596,-0.11494,-0.03351,0.12526,4.1395,-0.06457,1.2137,-0.84819,0.18682,0.10433,-0.21131,-173.90151,21.96965,25.99496,7.85496,-12.49873,-2.1476,-1.82865,-12.33938,1.81772,-3.18199,10.17243,4.89888,-3.31032,-0.19521
46.22,6.95426,-3.06873,0.52479,2.92631,-0.7051,-0.1598,4.13343,-0.34865,-1.49977,-0.27977,-0.11419,-0.03259,0.12369,4.14327,-0.06034,1.215,-0.84631,0.18678,0.10447,-0.21119,-174.9611,21.94018,26.04898,7.88386,-12.62387,-2.14438,-1.83998,-11.22719,1.63621,-3.13688,10.22244,4.99994,-3.28244,-0.20143
46.24,7.03422,-3.22254,0.50784,2.91084,-0.72186,-0.16456,4.14035,-0.35155,-1.51139,-0.26187,-0.11334,-0.03159,0.12197,4.14669,-0.05768,1.21595,-0.8448,0.18679,0.10452,-0.21114,-176.048,21.89386,26.13631,7.93736,-12.75029,-2.1407,-1.85349,-10.07609,1.47383,-3.08293,10.27423,5.10522,-3.25172,-0.20742
46.26,7.12163,-3.35638,0.49279,2.89565,-0.73468,-0.16834,4.14644,-0.35602,-1.52317,-0.24615,-0.11255,-0.03084,0.12045,4.14989,-0.05531,1.2166,-0.84333,0.1867,0.10476,-0.21107,-177.18131,21.88162,26.20545,7.97524,-12.88238,-2.13698,-1.86616,-8.88044,1.33137,-3.02711,10.32915,5.21473,-3.22067,-0.2139
46.28,7.21099,-3.46652,0.47836,2.8795,-0.74529,-0.17131,4.15029,-0.36425,-1.5357,-0.2295,-0.11184,-0.03002,0.11893,4.15198,-0.0547,1.21674,-0.84119,0.18659,0.10504,-0.21099,-178.36391,21.87929,26.29965,8.01768,-13.02013,-2.13481,-1.88123,-7.63364,1.2043,-2.96657,10.38545,5.32907,-3.18859,-0.22058
46.3,7.28936,-3.54582,0.46436,2.86382,-0.75009,-0.17268,4.153,-0.37372,-1.54719,-0.2171,-0.1112,-0.02964,0.11774,4.15287,-0.05435,1.21605,-0.84011,0.18649,0.10538,-0.21097,-179.59612,21.89625,26.35573,8.05805,-13.16251,-2.13043,-1.89383,-6.32377,1.0882,-2.89639,10.4463,5.45003,-3.15395,-0.22774
46.32,7.34163,-3.59155,0.4518,2.85024,-0.74514,-0.17157,4.15608,-0.38075,-1.55553,-0.21525,-0.11064,-0.03036,0.11735,4.15267,-0.05205,1.21426,-0.84207,0.18642,0.1058,-0.21109,-180.87601,21.93341,26.29492,8.08871,-13.30786,-2.11976,-1.89786,-4.93953,0.9777,-2.81009,10.51465,5.57956,-3.11494,-0.23548
46.34,7.3758,-3.60887,0.4406,2.83797,-0.73528,-0.16894,4.15685,-0.38861,-1.56183,-0.21782,-0.11029,-0.03152,0.11737,4.15058,-0.04982,1.21155,-0.8451,0.18637,0.10625,-0.21127,-182.21576,21.99056,26.19188,8.12049,-13.45926,-2.10625,-1.89914,-3.47841,0.871,-2.71392,10.58731,5.71711,-3.07269,-0.2439
46.36,7.3967,-3.61056,0.43279,2.82634,-0.725,-0.16567,4.1531,-0.39918,-1.5667,-0.2198,-0.11029,-0.03255,0.11747,4.14601,-0.04878,1.20815,-0.84758,0.18632,0.10666,-0.21139,-183.63482,22.06164,26.11508,8.15105,-13.62006,-2.09424,-1.90288,-1.93995,0.76574,-2.61097,10.66142,5.86198,-3.02863,-0.25274
46.38,7.39898,-3.58875,0.42933,2.81457,-0.71376,-0.16167,4.14485,-0.41101,-1.5692,-0.22253,-0.1107,-0.03356,0.11783,4.13903,-0.04829,1.20392,-0.85008,0.18626,0.10711,-0.21148,-185.13534,22.12027,26.04202,8.17237,-13.78728,-2.08377,-1.90722,-0.31951,0.65812,-2.49757,10.74203,6.01485,-2.98212,-0.26177
46.4,7.37408,-3.5568,0.43388,2.80605,-0.70184,-0.15707,4.13275,-0.42184,-1.56856,-0.22678,-0.1114,-0.0346,0.11828,4.12982,-0.04703,1.19947,-0.85307,0.18626,0.10743,-0.2116,-186.68292,22.2303,25.95958,8.21381,-13.96445,-2.06989,-1.91167,1.36866,0.54871,-2.37868,10.81864,6.17439,-2.93352,-0.27188
46.42,7.32178,-3.53167,0.45082,2.80439,-0.68913,-0.15196,4.11747,-0.42871,-1.56407,-0.23209,-0.11202,-0.03573,0.11819,4.11881,-0.04335,1.19561,-0.85673,0.18646,0.10743,-0.21179,-188.2161,22.45896,25.87198,8.32578,-14.15443,-2.04993,-1.91753,3.10686,0.43652,-2.25878,10.88248,6.33897,-2.88289,-0.28443
46.44,7.23865,-3.50643,0.48144,2.80541,-0.67772,-0.14677,4.09884,-0.4318,-1.55555,-0.2384,-0.11288,-0.03673,0.11812,4.10615,-0.03774,1.19199,-0.86096,0.18674,0.10729,-0.21201,-189.75543,22.72914,25.77136,8.46621,-14.35049,-2.02582,-1.92295,4.88312,0.31882,-2.13404,10.94332,6.50706,-2.83173,-0.29796
46.46,7.12533,-3.46964,0.52578,2.80499,-0.6688,-0.14183,4.07721,-0.43114,-1.54325,-0.24464,-0.11411,-0.03738,0.11831,4.09234,-0.03085,1.18837,-0.86548,0.18701,0.10717,-0.21221,-191.31555,22.97888,25.66361,8.5939,-14.547,-2.0012,-1.92752,6.67372,0.19757,-2.00433,11.00782,6.67631,-2.78127,-0.31148
46.48,6.99385,-3.42743,0.58595,2.80226,-0.6603,-0.13689,4.05321,-0.42309,-1.52706,-0.24747,-0.11484,-0.03786,0.11711,4.07827,-0.02135,1.18513,-0.87048,0.18729,0.10701,-0.21244,-192.84809,23.20449,25.59326,8.72495,-14.74169,-1.97992,-1.93442,8.4375,0.07678,-1.87242,11.0705,6.84382,-2.73109,-0.32505
46.5,6.82932,-3.41319,0.66386,2.80023,-0.6595,-0.13333,4.03147,-0.411,-1.50789,-0.25455,-0.1162,-0.03777,0.11778,4.06436,-0.01064,1.18282,-0.87532,0.1876,0.10678,-0.21267,-194.28212,23.43532,25.42727,8.87723,-14.9267,-1.94695,-1.93335,10.1263,-0.03782,-1.74705,11.12931,7.00226,-2.68743,-0.33781
46.52,6.61296,-3.45781,0.76007,2.80333,-0.67492,-0.13279,4.01847,-0.39872,-1.48723,-0.27502,-0.11947,-0.03636,0.12454,4.05095,-0.00099,1.18185,-0.87953,0.18794,0.10645,-0.21289,-195.53794,23.70146,25.01302,9.06806,-15.09213,-1.88894,-1.91272,11.68268,-0.13856,-1.63713,11.18071,7.14306,-2.65667,-0.34853
46.54,6.38134,-3.55267,0.87365,2.80548,-0.69845,-0.13394,4.0123,-0.3803,-1.46471,-0.29695,-0.12171,-0.0341,0.13172,4.03957,0.00959,1.18237,-0.8831,0.18829,0.10603,-0.21313,-196.58303,23.96252,24.48056,9.28074,-15.23542,-1.81617,-1.88135,13.04463,-0.21881,-1.54278,11.22098,7.26358,-2.6368,-0.35776
46.56,6.17006,-3.69198,1.0018,2.80215,-0.72346,-0.13568,4.01199,-0.35209,-1.44072,-0.31266,-0.12157,-0.03157,0.13583,4.0316,0.02251,1.18442,-0.886,0.18862,0.10556,-0.21339,-197.38244,24.1675,23.95789,9.49704,-15.3528,-1.7417,-1.84791,14.14394,-0.26949,-1.46884,11.24599,7.35972,-2.62564,-0.36523
46.58,5.96819,-3.87097,1.13893,2.79785,-0.75163,-0.13856,4.02453,-0.31595,-1.41762,-0.32849,-0.12026,-0.02761,0.14024,4.02772,0.03593,1.18797,-0.88888,0.18892,0.10507,-0.21369,-197.88171,24.31868,23.42912,9.7103,-15.43789,-1.67648,-1.81348,14.90892,-0.2785,-1.42941,11.25131,7.42371,-2.62259,-0.36888
46.6,5.8239,-4.13294,1.28565,2.78538,-0.78302,-0.14231,4.0393,-0.27789,-1.39352,-0.33818,-0.1162,-0.02479,0.14025,4.02894,0.05103,1.19376,-0.88866,0.18915,0.10451,-0.21395,-197.96758,24.43939,22.7694,9.95013,-15.47879,-1.57487,-1.76211,15.27495,-0.24345,-1.4246,11.23588,7.44862,-2.64087,-0.37093
46.62,5.78437,-4.51534,1.44047,2.75553,-0.81706,-0.14643,4.04138,-0.24642,-1.36799,-0.33568,-0.10857,-0.02695,0.13094,4.03615,0.06927,1.20262,-0.88206,0.18929,0.10387,-0.21411,-197.52275,24.55434,21.86157,10.25359,-15.46209,-1.38172,-1.67609,15.1813,-0.16203,-1.45621,11.19725,7.42793,-2.69454,-0.37477
46.64,5.82528,-4.95741,1.59116,2.71992,-0.85255,-0.1511,4.04432,-0.21954,-1.34724,-0.33005,-0.1,-0.03071,0.11898,4.04921,0.08813,1.21353,-0.87194,0.18931,0.10322,-0.21418,-196.55319,24.63022,20.81987,10.58895,-15.38827,-1.15313,-1.57238,14.57233,-0.01972,-1.54229,11.13168,7.35663,-2.7725,-0.37494
46.66,5.91754,-5.40521,1.72883,2.68774,-0.88795,-0.15636,4.05746,-0.19505,-1.33405,-0.32768,-0.09232,-0.03384,0.10929,4.06765,0.10551,1.22553,-0.861,0.18922,0.10261,-0.21421,-195.08876,24.64319,19.76448,10.91262,-15.26064,-0.93674,-1.46676,13.40714,0.19586,-1.70084,11.03617,7.23158,-2.86452,-0.36759
46.68,6.05258,-5.86701,1.85284,2.65575,-0.92408,-0.16191,4.07126,-0.17811,-1.32678,-0.32732,-0.08474,-0.03848,0.09931,4.09079,0.12177,1.2385,-0.84939,0.18896,0.1022,-0.21418,-193.0898,24.59122,18.72378,11.24336,-15.07209,-0.71798,-1.35771,11.66198,0.49205,-1.94881,10.90642,7.05057,-2.97262,-0.35526
46.7,6.28913,-6.31563,1.9592,2.63116,-0.9572,-0.16732,4.08987,-0.1648,-1.3261,-0.32624,-0.07863,-0.04218,0.09135,4.11743,0.13624,1.25176,-0.83462,0.18867,0.10168,-0.21402,-190.56202,24.5098,17.51977,11.57138,-14.83037,-0.49651,-1.2366,9.35528,0.85524,-2.25851,10.75627,6.81504,-3.10353,-0.33163
46.72,6.6829,-6.72328,2.04518,2.62095,-0.98307,-0.17207,4.12054,-0.14993,-1.33181,-0.3206,-0.0754,-0.04178,0.08838,4.14558,0.14796,1.26443,-0.81362,0.18856,0.10063,-0.21362,-187.54288,24.44302,15.96651,11.87753,-14.54734,-0.27745,-1.09575,6.53996,1.26162,-2.58127,10.60957,6.52955,-3.26243,-0.29088
46.74,7.16414,-7.09706,2.1132,2.62118,-1.00508,-0.17607,4.15224,-0.13907,-1.34103,-0.31418,-0.07377,-0.04025,0.08764,4.17315,0.15725,1.27592,-0.79026,0.18846,0.09952,-0.21307,-184.07414,24.3602,14.27822,12.17689,-14.21904,-0.06027,-0.94633,3.25078,1.72145,-2.94747,10.45804,6.19695,-3.44284,-0.24086
46.76,7.66061,-7.44854,2.16685,2.62807,-1.02659,-0.17933,4.17586,-0.1371,-1.35134,-0.31077,-0.0728,-0.0399,0.08715,4.19793,0.16432,1.28579,-0.76763,0.18829,0.09866,-0.21244,-180.22383,24.2255,12.66053,12.47673,-13.84536,0.14826,-0.80025,-0.46026,2.24242,-3.38758,10.29224,5.82312,-3.63575,-0.18671
46.78,8.15712,-7.7774,2.20858,2.63905,-1.04725,-0.18161,4.19076,-0.14685,-1.3609,-0.30711,-0.07232,-0.03994,0.08651,4.21712,0.16815,1.2935,-0.74317,0.18824,0.09762,-0.21169,-176.09045,24.07722,11.08892,12.75225,-13.43684,0.34547,-0.65795,-4.5004,2.80646,-3.87004,10.1209,5.41926,-3.83388,-0.12802
46.8,8.69478,-8.06651,2.23835,2.66711,-1.06457,-0.18259,4.20028,-0.15413,-1.3715,-0.30928,-0.07374,-0.03975,0.08874,4.22968,0.17062,1.29817,-0.72221,0.18804,0.09705,-0.21094,-171.71552,23.88829,9.4796,13.05802,-13.0054,0.53883,-0.51211,-8.77541,3.39933,-4.39947,9.95333,4.98826,-4.05368,-0.06359
46.82,9.3257,-8.29311,2.25563,2.72577,-1.07627,-0.18203,4.20847,-0.14183,-1.38575,-0.32462,-0.07901,-0.0384,0.09775,4.23546,0.17357,1.29904,-0.71078,0.18728,0.09782,-0.2103,-167.14912,23.62795,7.76733,13.44119,-12.56479,0.72682,-0.35917,-13.18919,4.00474,-5.01873,9.80553,4.53106,-4.31464,0.01059
46.84,9.9604,-8.48793,2.26916,2.79982,-1.08467,-0.18005,4.21045,-0.1249,-1.39937,-0.34517,-0.08589,-0.03631,0.10924,4.23191,0.17555,1.29653,-0.70373,0.18644,0.09894,-0.20975,-162.52018,23.35054,6.03804,13.84856,-12.12055,0.91165,-0.20488,-17.64491,4.60087,-5.6853,9.67413,4.06494,-4.59211,0.09384
46.86,10.52284,-8.68266,2.2868,2.87511,-1.09291,-0.17696,4.20175,-0.11524,-1.40848,-0.36363,-0.09232,-0.03425,0.11941,4.21709,0.17556,1.29116,-0.69659,0.18583,0.09969,-0.20923,-157.95616,23.08875,4.39755,14.23302,-11.67853,1.08793,-0.05737,-22.05314,5.17642,-6.35365,9.55233,3.60569,-4.86297,0.18167
46.88,11.04835,-8.86307,2.30741,2.95183,-1.10195,-0.17303,4.18318,-0.10609,-1.41444,-0.37941,-0.09948,-0.03086,0.1303,4.1914,0.17322,1.28256,-0.6891,0.18511,0.10058,-0.20861,-153.55832,22.82451,2.88846,14.57469,-11.25145,1.22565,0.07442,-26.32912,5.72604,-7.05969,9.45952,3.15734,-5.13248,0.27613
46.9,11.46431,-9.06076,2.34343,3.03576,-1.10743,-0.16803,4.15998,-0.09717,-1.41538,-0.39474,-0.10492,-0.02862,0.13851,4.15642,0.17412,1.27241,-0.68744,0.18485,0.10088,-0.20838,-149.24082,22.59749,1.29355,14.98779,-10.83389,1.41416,0.22318,-30.43343,6.21835,-7.68449,9.35607,2.72763,-5.3983,0.3723
46.92,11.68851,-9.30862,2.40796,3.13319,-1.10401,-0.16165,4.13529,-0.09077,-1.40775,-0.41376,-0.10532,-0.03145,0.13974,4.11454,0.18475,1.26289,-0.69884,0.18576,0.09964,-0.20913,-144.90712,22.46263,-0.60661,15.58334,-10.41384,1.75063,0.42092,-34.34856,6.62377,-8.06644,9.18903,2.32378,-5.655,0.45823
46.94,11.80182,-9.57713,2.48991,3.23372,-1.09795,-0.15501,4.10752,-0.08264,-1.39457,-0.43085,-0.10382,-0.03531,0.1382,4.06762,0.20017,1.25301,-0.71608,0.18709,0.09784,-0.21026,-140.73101,22.36795,-2.57517,16.24465,-10.00841,2.1277,0.63005,-38.03199,6.96113,-8.30865,8.99636,1.94355,-5.90526,0.53891
46.96,11.88269,-9.84827,2.57947,3.32809,-1.09443,-0.14911,4.07496,-0.07088,-1.37834,-0.4414,-0.10273,-0.0373,0.13689,4.01863,0.21676,1.24268,-0.73254,0.18831,0.0962,-0.21133,-136.85046,22.27233,-4.41397,16.86272,-9.63079,2.46215,0.82144,-41.45315,7.24913,-8.52193,8.82312,1.58565,-6.14888,0.62044
46.98,11.93718,-10.15263,2.68062,3.41847,-1.09217,-0.14406,4.03326,-0.05843,-1.35545,-0.45013,-0.10014,-0.0407,0.13357,3.97152,0.23809,1.23398,-0.75072,0.18976,0.09428,-0.21257,-133.26918,22.18812,-6.13625,17.42051,-9.27281,2.78191,1.00091,-44.63406,7.48904,-8.70025,8.66034,1.25188,-6.37979,0.69744
47,11.95275,-10.44849,2.77719,3.50191,-1.09134,-0.14095,4.00391,-0.03675,-1.33656,-0.44984,-0.09928,-0.03972,0.13159,3.92998,0.25953,1.22606,-0.76864,0.19111,0.09265,-0.21376,-129.78863,22.10941,-7.92309,18.08554,-8.93901,3.09956,1.18499,-47.58661,7.65903,-8.74622,8.49392,0.93365,-6.61669,0.77721
47.02,11.89775,-10.69101,2.85117,3.57765,-1.09175,-0.141,4.01495,0.00707,-1.33694,-0.43529,-0.10458,-0.02726,0.13587,3.89747,0.27619,1.21755,-0.78497,0.19199,0.09196,-0.21468,-126.19406,22.01652,-9.94739,19.03967,-8.63337,3.42299,1.38753,-50.33256,7.72435,-8.52156,8.30084,0.61955,-6.88303,0.86914
47.04,11.84152,-10.94173,2.9061,3.64448,-1.09396,-0.14385,4.04174,0.05879,-1.34603,-0.41852,-0.11232,-0.01162,0.14245,3.8766,0.29146,1.21159,-0.79959,0.19276,0.09156,-0.21551,-122.665,21.92631,-12.01903,20.08341,-8.34654,3.73905,1.59143,-52.91607,7.72081,-8.16172,8.10738,0.31273,-7.15853,0.96288
47.06,11.85177,-11.24843,2.94118,3.70265,-1.09734,-0.14894,4.07058,0.11052,-1.35582,-0.40543,-0.11935,0.00153,0.14831,3.86897,0.3077,1.21016,-0.81294,0.19368,0.09094,-0.21636,-119.34191,21.8376,-13.96906,21.05274,-8.07012,4.0339,1.78144,-55.37776,7.67971,-7.79227,7.93957,0.01685,-7.42603,1.05161
47.08,11.8859,-11.5899,2.94732,3.76188,-1.09668,-0.15581,4.12671,0.17761,-1.37742,-0.39549,-0.12799,0.01624,0.15586,3.8744,0.32519,1.21087,-0.83126,0.19489,0.09012,-0.21749,-116.14768,21.73389,-15.86057,21.99592,-7.79719,4.32031,1.96059,-57.76773,7.58225,-7.32847,7.76345,-0.27345,-7.69222,1.14069
47.1,12.07699,-11.96865,2.9134,3.79746,-1.10068,-0.16533,4.17649,0.22925,-1.3942,-0.3794,-0.13459,0.02793,0.16122,3.89354,0.33586,1.21728,-0.837,0.19562,0.08965,-0.21799,-113.01157,21.64229,-17.69497,22.94328,-7.54089,4.57379,2.13445,-60.05584,7.45794,-6.90638,7.65763,-0.56143,-7.96061,1.22256
47.12,12.57251,-12.3811,2.83076,3.77903,-1.12133,-0.17866,4.17225,0.22498,-1.38289,-0.34635,-0.13424,0.03056,0.15971,3.9265,0.33092,1.2339,-0.80845,0.19494,0.0902,-0.21676,-109.8906,21.58934,-19.44347,23.90862,-7.32003,4.77311,2.30894,-62.18183,7.34856,-6.71477,7.72788,-0.84888,-8.23205,1.28862
47.14,13.19478,-12.7872,2.714,3.74102,-1.14774,-0.1938,4.14901,0.19589,-1.36474,-0.3092,-0.13136,0.02966,0.1559,3.96693,0.31922,1.25375,-0.76822,0.19367,0.09118,-0.21478,-106.8081,21.54571,-21.12736,24.86636,-7.11382,4.93661,2.47719,-64.21863,7.22393,-6.60234,7.88328,-1.13716,-8.50355,1.34742
47.16,13.80549,-13.16772,2.58406,3.71182,-1.17058,-0.20884,4.138,0.17314,-1.35544,-0.27802,-0.12933,0.02963,0.15336,4.00978,0.30957,1.2718,-0.73442,0.19255,0.09214,-0.21294,-103.79899,21.47722,-22.74133,25.7838,-6.90534,5.0849,2.63253,-66.22832,7.05366,-6.43381,8.04093,-1.4255,-8.77344,1.40563
47.18,14.44869,-13.51481,2.44986,3.67884,-1.19614,-0.22408,4.11273,0.13593,-1.34456,-0.24792,-0.12664,0.02841,0.15056,4.05198,0.29765,1.28952,-0.69625,0.191,0.09349,-0.21062,-100.85804,21.38292,-24.26837,26.66243,-6.7034,5.24203,2.77869,-68.19737,6.84935,-6.26224,8.21487,-1.71409,-9.04149,1.46419
47.2,15.0609,-13.80811,2.32323,3.65661,-1.21956,-0.23778,4.08872,0.1029,-1.33869,-0.2278,-0.12416,0.0265,0.14834,4.09006,0.28801,1.30356,-0.6646,0.18974,0.09472,-0.20855,-97.96019,21.30181,-25.76678,27.52162,-6.50362,5.32427,2.91308,-70.0676,6.62467,-6.11281,8.44236,-2.00327,-9.30528,1.5139
47.22,15.57891,-14.03093,2.21313,3.66435,-1.23282,-0.24796,4.09726,0.10383,-1.34815,-0.22695,-0.12313,0.02546,0.14788,4.1227,0.2868,1.31069,-0.65382,0.18982,0.09526,-0.20786,-95.10135,21.27676,-27.30145,28.36935,-6.30561,5.24046,3.03511,-71.74636,6.38073,-5.94328,8.78012,-2.28619,-9.57523,1.54037
47.24,16.05672,-14.19353,2.12184,3.6842,-1.24093,-0.25548,4.11305,0.11256,-1.36159,-0.23412,-0.12214,0.02421,0.14766,4.14896,0.28722,1.31406,-0.64985,0.19027,0.09566,-0.20762,-92.31805,21.27596,-28.81549,29.19358,-6.11684,5.09581,3.14979,-73.28322,6.13437,-5.82052,9.167,-2.56779,-9.8345,1.55674
47.26,16.52798,-14.30151,2.04967,3.70406,-1.24783,-0.26119,4.11741,0.10997,-1.37151,-0.24127,-0.12053,0.02236,0.14696,4.16815,0.28429,1.31594,-0.6426,0.19033,0.09635,-0.20709,-89.64329,21.2656,-30.26366,29.98421,-5.94201,4.97407,3.2601,-74.71341,5.88608,-5.74572,9.54743,-2.8473,-10.07878,1.57442
47.28,16.97129,-14.3611,1.99539,3.72984,-1.25287,-0.26509,4.12082,0.10513,-1.38306,-0.25199,-0.11942,0.02109,0.14685,4.18012,0.27888,1.31563,-0.63604,0.19026,0.09716,-0.20661,-87.10943,21.24158,-31.66812,30.73065,-5.78676,4.84739,3.36678,-75.9018,5.58259,-5.49262,10.00468,-3.09569,-10.36024,1.57637
47.3,17.3868,-14.34066,1.95191,3.75645,-1.25077,-0.26646,4.11807,0.09409,-1.39042,-0.2631,-0.11698,0.01789,0.14548,4.18582,0.27133,1.31379,-0.63108,0.19003,0.09793,-0.20617,-84.6672,21.27431,-33.05491,31.48654,-5.64129,4.71562,3.47075,-77.08523,5.40089,-5.69553,10.34479,-3.38164,-10.53439,1.59936
47.32,17.7826,-14.21058,1.91152,3.77676,-1.23643,-0.26469,4.10077,0.07102,-1.38636,-0.27044,-0.11095,0.00938,0.14054,4.18669,0.26212,1.31117,-0.6281,0.18946,0.09867,-0.20565,-82.26443,21.43388,-34.44191,32.31616,-5.49503,4.58974,3.57313,-78.57263,5.54916,-7.09498,10.32896,-3.79016,-10.42354,1.69641
47.34,18.14267,-14.001,1.87011,3.79641,-1.21481,-0.26107,4.07821,0.04317,-1.37926,-0.27786,-0.10423,-0.00105,0.13482,4.18311,0.25037,1.30807,-0.62733,0.18868,0.09929,-0.20524,-79.98879,21.66058,-35.82249,33.16268,-5.36327,4.46326,3.67464,-80.08823,5.85584,-8.99217,10.17648,-4.22714,-10.18393,1.83092
47.36,18.46076,-13.73692,1.82181,3.81858,-1.19037,-0.2568,4.0558,0.01403,-1.37452,-0.28719,-0.09888,-0.01069,0.13034,4.17559,0.23489,1.30472,-0.62817,0.18772,0.09988,-0.20498,-77.90784,21.89988,-37.19472,33.98551,-5.25874,4.34132,3.77825,-81.3798,6.14724,-10.74984,10.06751,-4.62098,-9.96329,1.9624
47.38,18.75243,-13.42154,1.75916,3.83936,-1.16203,-0.25195,4.02832,-0.01854,-1.3683,-0.29652,-0.0936,-0.02142,0.12553,4.16595,0.21597,1.30087,-0.63101,0.1862,0.10094,-0.20469,-76.02003,22.17875,-38.60836,34.8148,-5.18005,4.24268,3.89177,-82.48698,6.43757,-12.42029,9.96459,-5.00045,-9.73573,2.08981
47.4,18.97456,-13.0429,1.67808,3.86225,-1.12934,-0.24676,4.00405,-0.0514,-1.36368,-0.30566,-0.08986,-0.03019,0.12228,4.15431,0.19476,1.29866,-0.63592,0.1851,0.10096,-0.20482,-74.28737,22.51309,-39.98567,35.63986,-5.11986,4.12318,4.00016,-83.58918,6.85241,-14.41827,9.78026,-5.35035,-9.43304,2.25313
47.42,19.08056,-12.58814,1.57578,3.89259,-1.09249,-0.24151,3.99389,-0.08105,-1.36479,-0.31415,-0.08945,-0.03322,0.12302,4.14066,0.1725,1.30081,-0.64217,0.18561,0.09805,-0.20582,-72.66632,22.9151,-41.24742,36.44301,-5.07424,3.92818,4.08548,-84.90895,7.54011,-17.23201,9.42987,-5.65174,-8.98067,2.51154
47.44,19.12184,-12.0939,1.44825,3.92358,-1.05305,-0.23648,3.98821,-0.11121,-1.3671,-0.31973,-0.09028,-0.03402,0.12491,4.12766,0.1489,1.30459,-0.64931,0.1865,0.09416,-0.20698,-71.17284,23.38384,-42.4933,37.25702,-5.04121,3.71972,4.16446,-86.27214,8.34731,-20.30151,9.01256,-5.91941,-8.46418,2.81519
47.46,19.14649,-11.59957,1.29452,3.95039,-1.01313,-0.23203,3.97959,-0.14442,-1.36754,-0.32145,-0.09088,-0.03537,0.12587,4.11722,0.12409,1.30799,-0.65707,0.18691,0.09079,-0.2079,-69.83385,23.91034,-43.80736,38.1017,-5.0257,3.5423,4.25454,-87.48607,9.11865,-23.13294,8.62678,-6.16475,-7.96755,3.11173
47.48,19.14481,-11.09442,1.11438,3.97646,-0.97221,-0.2282,3.97176,-0.17965,-1.36771,-0.32047,-0.09184,-0.03634,0.12674,4.10949,0.09901,1.31218,-0.66497,0.1875,0.08702,-0.2087,-68.65092,24.50002,-45.19954,38.97822,-5.04463,3.35823,4.35934,-88.68458,9.91573,-26.03566,8.24914,-6.39849,-7.44841,3.4347
47.5,19.12554,-10.61908,0.91103,3.99632,-0.93305,-0.22527,3.96523,-0.21714,-1.3677,-0.31373,-0.0929,-0.03679,0.12718,4.1052,0.07374,1.31507,-0.67306,0.1878,0.08395,-0.2093,-67.51187,25.15636,-46.56206,39.87166,-5.0381,3.22147,4.45205,-89.7064,10.69654,-28.5815,7.88194,-6.58457,-6.96237,3.7349
47.52,19.10117,-10.22542,0.68907,4.00375,-0.89888,-0.22355,3.95902,-0.25751,-1.36733,-0.29794,-0.09361,-0.03684,0.12652,4.10491,0.04823,1.3142,-0.68186,0.1873,0.08286,-0.20967,-66.26554,25.88765,-47.79953,40.76921,-4.93243,3.19625,4.50052,-90.30756,11.41319,-30.28747,7.51046,-6.68635,-6.57558,3.94663
47.54,19.07837,-9.87009,0.44856,4.00579,-0.86707,-0.22282,3.95463,-0.30029,-1.36746,-0.27686,-0.09434,-0.03662,0.12545,4.10819,0.02323,1.31159,-0.69095,0.18675,0.08248,-0.20997,-64.99867,26.68086,-49.01251,41.68141,-4.79265,3.21655,4.53559,-90.67993,12.12011,-31.66351,7.14695,-6.74896,-6.2286,4.12388
47.56,19.06543,-9.52369,0.19126,4.00826,-0.83549,-0.22281,3.9522,-0.34521,-1.36848,-0.25395,-0.09518,-0.03651,0.12436,4.11446,-0.00062,1.30886,-0.69978,0.18668,0.08186,-0.21021,-63.79377,27.52749,-50.28789,42.61834,-4.6757,3.2286,4.58359,-91.01197,12.84844,-33.09045,6.81182,-6.81104,-5.87537,4.31365
47.58,19.06251,-9.21205,-0.07721,4.01026,-0.80506,-0.22353,3.94909,-0.39286,-1.37049,-0.22952,-0.09581,-0.03695,0.12264,4.12312,-0.02316,1.30547,-0.70839,0.1871,0.08104,-0.21046,-62.57774,28.44932,-51.63861,43.57947,-4.55005,3.23856,4.6314,-91.28368,13.61762,-34.53178,6.50363,-6.86545,-5.51217,4.51123
47.6,19.0774,-8.88408,-0.35186,4.01087,-0.77451,-0.22464,3.95175,-0.44095,-1.37448,-0.20298,-0.09669,-0.03703,0.12174,4.13409,-0.0447,1.30071,-0.71703,0.18751,0.0809,-0.21057,-61.39033,29.37216,-52.90094,44.5277,-4.43317,3.27629,4.68335,-91.44421,14.3446,-35.73138,6.21073,-6.90428,-5.19886,4.68222
47.62,19.12476,-8.48828,-0.62444,4.00916,-0.74306,-0.22584,3.96957,-0.48575,-1.38175,-0.17311,-0.0985,-0.03537,0.12364,4.14722,-0.06516,1.29402,-0.72557,0.18728,0.08242,-0.21033,-60.27258,30.21662,-53.9005,45.43461,-4.35168,3.37427,4.74924,-91.45271,14.93895,-36.43298,5.90922,-6.9228,-4.99521,4.78908
47.64,19.18301,-8.07541,-0.88667,4.00679,-0.71177,-0.22709,3.99288,-0.52901,-1.39169,-0.14341,-0.10038,-0.03363,0.12643,4.1608,-0.08381,1.28607,-0.73403,0.18694,0.08458,-0.20996,-59.18018,31.03807,-54.79137,46.31264,-4.28017,3.4936,4.81854,-91.39537,15.48298,-36.93138,5.61372,-6.93301,-4.8362,4.86906
47.66,19.24187,-7.68705,-1.13027,4.00564,-0.68135,-0.22829,4.0137,-0.57197,-1.40335,-0.11726,-0.10177,-0.03286,0.12884,4.17315,-0.1,1.27772,-0.7421,0.18695,0.08646,-0.20962,-58.0598,31.89813,-55.72029,47.18914,-4.20071,3.59977,4.88498,-91.36417,16.06058,-37.5086,5.33356,-6.94651,-4.66204,4.96018
47.68,19.32518,-7.32895,-1.34333,4.00478,-0.65277,-0.22927,4.03889,-0.61079,-1.41681,-0.09317,-0.10324,-0.03133,0.13242,4.18386,-0.11282,1.26931,-0.74831,0.18697,0.08841,-0.20917,-56.84705,32.83087,-56.69018,48.08311,-4.11389,3.71146,4.95438,-91.36534,16.68475,-38.11064,5.02789,-6.96348,-4.47932,5.0568
47.7,19.3712,-6.95951,-1.5319,4.00513,-0.62428,-0.22984,4.05391,-0.6497,-1.4308,-0.07733,-0.10402,-0.03184,0.13497,4.19171,-0.12396,1.26023,-0.75593,0.18716,0.09027,-0.20888,-55.76301,33.6596,-57.52848,48.89636,-4.03561,3.80884,5.0145,-91.33339,17.23614,-38.63779,4.78978,-6.97635,-4.32679,5.13863
47.72,19.32312,-6.54215,-1.70506,4.00877,-0.59437,-0.23001,4.03865,-0.69467,-1.44294,-0.0772,-0.10302,-0.03823,0.1334,4.19545,-0.13521,1.24976,-0.76853,0.18777,0.09177,-0.20906,-55.07884,34.17116,-58.03991,49.52044,-3.9839,3.86601,5.04981,-91.21372,17.57444,-38.99442,4.722,-6.9799,-4.24273,5.18622
47.74,19.24344,-6.13415,-1.84719,4.01327,-0.56588,-0.22967,4.01174,-0.73811,-1.45402,-0.08569,-0.10149,-0.04639,0.13074,4.19553,-0.1444,1.23935,-0.78188,0.18845,0.09305,-0.20941,-54.5355,34.56231,-58.41194,50.06305,-3.94152,3.90795,5.07404,-91.07958,17.83675,-39.2881,4.71826,-6.98154,-4.18606,5.21963
47.76,19.18919,-5.78158,-1.94732,4.01706,-0.54111,-0.22883,3.98775,-0.7753,-1.46518,-0.09712,-0.10048,-0.05324,0.12949,4.19254,-0.14976,1.23017,-0.79249,0.18898,0.09421,-0.20969,-53.91223,35.01127,-58.82235,50.61318,-3.89171,3.95279,5.09886,-91.00276,18.14682,-39.63292,4.68421,-6.98888,-4.1165,5.26066
47.78,19.16575,-5.46419,-2.01183,4.02133,-0.5204,-0.22773,3.95575,-0.81142,-1.47452,-0.1139,-0.09917,-0.06132,0.12768,4.18654,-0.1523,1.22171,-0.80111,0.18933,0.09532,-0.20997,-53.25795,35.47022,-59.23742,51.17094,-3.83501,3.99719,5.12034,-90.97993,18.47374,-40.01161,4.63496,-7.00176,-4.04045,5.30473
47.8,19.10748,-5.2115,-2.03614,4.02229,-0.50336,-0.22595,3.93332,-0.83835,-1.48583,-0.13351,-0.099,-0.06704,0.12792,4.17806,-0.15074,1.21533,-0.80845,0.18968,0.09601,-0.21031,-52.6795,35.87891,-59.57226,51.6451,-3.78783,4.03153,5.1374,-90.95625,18.77755,-40.36454,4.62324,-7.01262,-3.97949,5.34273
47.82,18.93626,-5.05512,-2.0143,4.01555,-0.48893,-0.22291,3.94416,-0.84534,-1.50485,-0.15305,-0.10218,-0.06548,0.13416,4.16787,-0.14352,1.21261,-0.8153,0.19024,0.09586,-0.2108,-52.26012,36.1846,-59.7467,51.94836,-3.76722,4.04613,5.14923,-90.86762,19.03396,-40.65087,4.71298,-7.01279,-3.95431,5.36638
47.84,18.73395,-4.9614,-1.95513,4.00503,-0.47876,-0.21941,3.96607,-0.84396,-1.52672,-0.17575,-0.10676,-0.06134,0.14265,4.15677,-0.13252,1.21215,-0.82071,0.19078,0.09533,-0.21135,-51.91816,36.43567,-59.84706,52.16955,-3.75676,4.0514,5.15689,-90.77872,19.26556,-40.91145,4.83925,-7.01076,-3.94332,5.38368
47.86,18.56698,-4.90712,-1.86422,3.99374,-0.47428,-0.21611,3.98351,-0.84147,-1.54726,-0.20334,-0.11111,-0.05828,0.15059,4.14563,-0.11911,1.21285,-0.82378,0.19112,0.09481,-0.21183,-51.54852,36.69427,-59.9628,52.40038,-3.74045,4.05801,5.16259,-90.74776,19.51079,-41.19842,4.94217,-7.01427,-3.92442,5.40447
47.88,18.41212,-4.88415,-1.74096,3.98163,-0.47375,-0.21282,4.00965,-0.83034,-1.56954,-0.23333,-0.11651,-0.05383,0.15975,4.13541,-0.10297,1.21507,-0.82539,0.19128,0.09431,-0.21226,-51.11188,36.95914,-60.07837,52.652,-3.72086,4.06348,5.16606,-90.75159,19.78289,-41.53171,5.05025,-7.02145,-3.90279,5.42848
47.9,18.26795,-4.92765,-1.58984,3.9661,-0.48025,-0.20991,4.02912,-0.81986,-1.58823,-0.26757,-0.12057,-0.05073,0.1676,4.12669,-0.08465,1.21877,-0.82454,0.19145,0.09357,-0.21266,-50.80893,37.16264,-60.15021,52.81555,-3.70712,4.06504,5.16706,-90.78213,20.00298,-41.79542,5.14809,-7.02816,-3.88674,5.4464
47.92,18.13945,-5.07316,-1.41698,3.94451,-0.497,-0.20777,4.02133,-0.82139,-1.59639,-0.30825,-0.11998,-0.05282,0.17091,4.11964,-0.0649,1.2237,-0.8202,0.19187,0.09226,-0.21308,-50.84639,37.23186,-60.1318,52.78737,-3.70775,4.06017,5.16548,-90.82866,20.08238,-41.86407,5.2192,-7.03029,-3.88305,5.44816
47.94,18.02183,-5.26636,-1.22708,3.92001,-0.51946,-0.20614,4.00766,-0.82378,-1.60021,-0.34987,-0.1174,-0.05666,0.17245,4.11501,-0.04395,1.22968,-0.81388,0.19233,0.09078,-0.21343,-51.01161,37.23685,-60.07044,52.67973,-3.7139,4.05173,5.1619,-90.89258,20.10563,-41.85746,5.27975,-7.03147,-3.8851,5.4435
47.96,17.91214,-5.45782,-1.02692,3.89563,-0.54363,-0.20477,4.00301,-0.81908,-1.60458,-0.38744,-0.11505,-0.0597,0.1742,4.11322,-0.02216,1.23637,-0.80712,0.19267,0.0895,-0.21367,-51.11438,37.24324,-60.01241,52.5963,-3.71698,4.04314,5.15712,-90.97937,20.14948,-41.88734,5.34282,-7.03573,-3.88432,5.44209
47.98,17.79062,-5.64546,-0.824,3.87069,-0.56891,-0.20355,3.99707,-0.81053,-1.60711,-0.42056,-0.11143,-0.06322,0.17477,4.11382,0.00018,1.24355,-0.80074,0.19316,0.08801,-0.21396,-51.1779,37.24002,-59.95641,52.53349,-3.71807,4.03478,5.1519,-91.0749,20.19376,-41.94049,5.42202,-7.04195,-3.88032,5.44251
48,17.68871,-5.83167,-0.6312,3.8452,-0.59593,-0.20278,3.99891,-0.8046,-1.60948,-0.44593,-0.10811,-0.06689,0.17484,4.11689,0.02109,1.25082,-0.79322,0.19331,0.08705,-0.21399,-51.32249,37.19347,-59.86541,52.40714,-3.72231,4.0229,5.14416,-91.1939,20.21379,-41.93625,5.46722,-7.04763,-3.88312,5.4386
48.02,17.6481,-6.02262,-0.46077,3.8192,-0.62563,-0.20278,4.01852,-0.80698,-1.6128,-0.45992,-0.1074,-0.07038,0.17542,4.12241,0.03819,1.25783,-0.78215,0.19246,0.08755,-0.21339,-51.67443,37.07544,-59.7115,52.12555,-3.73375,4.00487,5.13185,-91.36103,20.19026,-41.80258,5.42092,-7.05042,-3.90139,5.42555
48.04,17.61684,-6.19689,-0.31496,3.7934,-0.65446,-0.20291,4.04319,-0.81459,-1.61392,-0.46199,-0.10725,-0.07369,0.17502,4.12885,0.05217,1.26426,-0.77096,0.19126,0.08857,-0.2126,-52.10229,36.92068,-59.52709,51.78295,-3.74804,3.98361,5.11739,-91.54775,20.14555,-41.61253,5.33935,-7.05236,-3.92651,5.4085
48.06,17.55517,-6.33507,-0.1932,3.76863,-0.67931,-0.20263,4.06323,-0.82255,-1.61091,-0.45266,-0.10615,-0.07676,0.17267,4.13489,0.0636,1.26989,-0.76231,0.19024,0.08939,-0.21196,-52.48495,36.76158,-59.34452,51.46417,-3.76066,3.96253,5.10294,-91.73061,20.10383,-41.44381,5.27553,-7.05578,-3.94955,5.39301
48.08,17.48026,-6.4424,-0.09603,3.74436,-0.7007,-0.20213,4.07587,-0.8294,-1.6018,-0.43303,-0.10494,-0.08032,0.1688,4.13993,0.0709,1.27438,-0.75433,0.18906,0.09045,-0.21127,-52.85532,36.59613,-59.16833,51.15549,-3.77079,3.94247,5.08845,-91.92563,20.06119,-41.29571,5.21824,-7.06106,-3.967,5.38029
48.1,17.38656,-6.50939,-0.02952,3.72344,-0.71526,-0.20072,4.09368,-0.84379,-1.58948,-0.39888,-0.10315,-0.08122,0.16286,4.1433,0.07491,1.27754,-0.75026,0.18808,0.09132,-0.21079,-53.24406,36.40871,-58.9563,50.80725,-3.78464,3.91778,5.07168,-92.12036,20.00594,-41.09522,5.13763,-7.06512,-3.99712,5.3617
48.12,17.26538,-6.53519,0.00346,3.70866,-0.71984,-0.19765,4.12974,-0.876,-1.57515,-0.34415,-0.09981,-0.07576,0.15424,4.14453,0.07714,1.27926,-0.75375,0.18776,0.09138,-0.21085,-53.66076,36.19495,-58.67396,50.37593,-3.80696,3.88501,5.05092,-92.30169,19.93079,-40.76346,4.99904,-7.06443,-4.05851,5.32828
48.14,17.12805,-6.53926,0.01904,3.69816,-0.71671,-0.19356,4.16626,-0.91463,-1.55076,-0.27732,-0.09561,-0.06708,0.14373,4.14345,0.07621,1.2794,-0.76087,0.18767,0.09124,-0.21112,-54.09415,35.96629,-58.35673,49.90342,-3.83251,3.84739,5.02773,-92.48856,19.84714,-40.37995,4.83766,-7.06257,-4.13314,5.28927
48.16,16.98111,-6.53146,0.03076,3.69001,-0.70829,-0.18904,4.19021,-0.94936,-1.51357,-0.20814,-0.09133,-0.05783,0.1325,4.1402,0.07142,1.27798,-0.76826,0.18753,0.09132,-0.21138,-54.51487,35.73533,-58.0397,49.43909,-3.85555,3.80913,5.00386,-92.69211,19.76765,-40.02131,4.68824,-7.06314,-4.20329,5.25321
48.18,16.82652,-6.5186,0.0413,3.68352,-0.6961,-0.18415,4.20619,-0.98495,-1.46547,-0.13686,-0.08713,-0.04681,0.12137,4.13516,0.06354,1.2751,-0.7761,0.1875,0.09142,-0.21163,-54.89231,35.51752,-57.73005,48.98949,-3.8747,3.77376,4.98041,-92.92073,19.70046,-39.67473,4.52592,-7.0663,-4.26663,5.22034
48.2,16.66924,-6.4868,0.05502,3.68311,-0.67578,-0.1786,4.21571,-1.01805,-1.40694,-0.06778,-0.08288,-0.03451,0.10959,4.129,0.05406,1.27083,-0.78549,0.18763,0.09165,-0.21197,-55.32988,35.26611,-57.37395,48.4867,-3.89748,3.72749,4.95174,-93.1581,19.6195,-39.30543,4.37874,-7.0689,-4.34686,5.18173
48.22,16.52196,-6.41319,0.07363,3.69427,-0.64166,-0.172,4.2205,-1.04436,-1.33828,-0.0054,-0.07827,-0.02124,0.09613,4.12246,0.04464,1.26523,-0.79782,0.18801,0.09206,-0.21254,-55.94651,34.93622,-56.92611,47.855,-3.93107,3.65575,4.91234,-93.38598,19.50253,-38.89288,4.28619,-7.06666,-4.46873,5.12855
48.24,16.38264,-6.32524,0.09774,3.71081,-0.60205,-0.16519,4.22155,-1.06893,-1.26371,0.05095,-0.07411,-0.00675,0.08332,4.11639,0.03529,1.25872,-0.81081,0.18858,0.09261,-0.21313,-56.6169,34.57747,-56.43241,47.16913,-3.96754,3.57236,4.86771,-93.62291,19.37434,-38.45865,4.21293,-7.06334,-4.60831,5.06954
48.26,16.24599,-6.24003,0.12643,3.72716,-0.5636,-0.15885,4.21854,-1.09597,-1.18718,0.10117,-0.07109,0.00842,0.07286,4.11156,0.02593,1.25169,-0.82264,0.1893,0.09323,-0.2136,-57.23455,34.23345,-55.9403,46.49759,-3.99951,3.49062,4.82313,-93.89359,19.26297,-38.03934,4.12907,-7.06311,-4.74138,5.01419
48.28,16.11907,-6.15766,0.15923,3.74517,-0.52387,-0.15267,4.21271,-1.12688,-1.10745,0.14546,-0.06861,0.02425,0.06346,4.10829,0.01839,1.2446,-0.8345,0.19046,0.09352,-0.21413,-57.83641,33.89258,-55.45381,45.82326,-4.0268,3.40924,4.77823,-94.2015,19.16579,-37.64963,4.04866,-7.06587,-4.8711,4.96311
48.3,15.99724,-6.06926,0.19229,3.76221,-0.489,-0.14766,4.2057,-1.1572,-1.03552,0.18201,-0.06765,0.03842,0.0572,4.10793,0.01086,1.23738,-0.844,0.19127,0.09454,-0.21433,-58.41833,33.54403,-54.91545,45.12308,-4.05646,3.31816,4.72848,-94.52009,19.06421,-37.2146,3.96816,-7.06818,-5.01388,4.90523
48.32,15.88405,-5.95942,0.2188,3.77561,-0.46592,-0.14496,4.20031,-1.18216,-0.98525,0.20929,-0.06936,0.04826,0.05643,4.11206,0.00068,1.22969,-0.84803,0.1906,0.09775,-0.21363,-58.96239,33.18155,-54.26702,44.3793,-4.09583,3.20805,4.67024,-94.8207,18.93578,-36.64554,3.8815,-7.0671,-5.18752,4.82926
48.34,15.78077,-5.85226,0.24229,3.78688,-0.44963,-0.14357,4.1962,-1.2063,-0.94694,0.2315,-0.07137,0.05519,0.05709,4.11935,-0.00903,1.22238,-0.84924,0.1894,0.10167,-0.21248,-59.48323,32.80964,-53.56575,43.61332,-4.13696,3.08759,4.60739,-95.13556,18.80107,-36.02403,3.79554,-7.06509,-5.37524,4.74649
48.36,15.68441,-5.77083,0.26795,3.79686,-0.43621,-0.14263,4.19155,-1.2347,-0.90937,0.25299,-0.07166,0.06125,0.05614,4.12846,-0.01596,1.21617,-0.85008,0.18841,0.10514,-0.21133,-59.98407,32.43833,-52.86783,42.84571,-4.1727,2.96717,4.54438,-95.49115,18.68109,-35.4244,3.71372,-7.0656,-5.56026,4.66781
48.38,15.58799,-5.71029,0.29459,3.80543,-0.42701,-0.14238,4.1871,-1.26905,-0.87202,0.27585,-0.07027,0.06767,0.05452,4.13977,-0.02188,1.21064,-0.84998,0.18696,0.10904,-0.2099,-60.44286,32.07256,-52.17026,42.08164,-4.20417,2.84934,4.4831,-95.89183,18.5787,-34.84059,3.62415,-7.07008,-5.74358,4.59408
48.4,15.49129,-5.69449,0.33166,3.81086,-0.42354,-0.14285,4.17797,-1.2984,-0.83532,0.29787,-0.06522,0.07141,0.04868,4.15161,-0.02503,1.20704,-0.84871,0.18582,0.11208,-0.20861,-60.908,31.68823,-51.42879,41.29608,-4.23456,2.71787,4.41467,-96.29539,18.4666,-34.20907,3.55538,-7.07106,-5.93971,4.51219
48.42,15.39876,-5.74268,0.38593,3.81086,-0.42656,-0.14394,4.16422,-1.30973,-0.80505,0.31762,-0.05547,0.06876,0.03592,4.16184,-0.02329,1.20687,-0.84654,0.18602,0.11261,-0.20812,-61.43878,31.26583,-50.60589,40.45631,-4.2678,2.55455,4.33039,-96.64962,18.31962,-33.461,3.54441,-7.05975,-6.16418,4.40791
48.44,15.31256,-5.83232,0.4466,3.80779,-0.43423,-0.14549,4.15353,-1.31505,-0.78021,0.34096,-0.04308,0.0641,0.01944,4.17122,-0.01938,1.20879,-0.84399,0.18654,0.1122,-0.20794,-61.97738,30.828,-49.74415,39.59727,-4.30014,2.37754,4.24016,-96.99746,18.1645,-32.6601,3.55992,-7.04364,-6.40196,4.29541
48.46,15.22559,-5.94265,0.50539,3.80376,-0.44427,-0.14724,4.14894,-1.32568,-0.75822,0.36942,-0.02963,0.06067,0.00243,4.18025,-0.01542,1.2116,-0.84172,0.18655,0.11209,-0.20771,-62.47967,30.39378,-48.88651,38.74733,-4.32839,2.20326,4.15269,-97.37813,18.02376,-31.86681,3.57138,-7.02982,-6.63879,4.18745
48.48,15.14785,-6.05723,0.55748,3.79798,-0.4558,-0.14898,4.15295,-1.33839,-0.74911,0.39833,-0.01675,0.05537,-0.01257,4.18791,-0.01132,1.21544,-0.83972,0.18634,0.11184,-0.20758,-62.96622,29.96696,-48.0361,37.89394,-4.35482,2.02892,4.06772,-97.79057,17.8978,-31.07141,3.57358,-7.01713,-6.87909,4.08238
48.5,15.07079,-6.1708,0.59716,3.79183,-0.46882,-0.15078,4.16613,-1.35508,-0.75152,0.42557,-0.00348,0.0492,-0.02948,4.19363,-0.00757,1.22027,-0.83834,0.18591,0.11139,-0.20756,-63.44161,29.52626,-47.15652,37.04756,-4.37753,1.84859,3.97925,-98.1732,17.76349,-30.23632,3.61336,-6.99907,-7.12438,3.97166
48.52,14.99865,-6.26647,0.60727,3.78727,-0.48341,-0.15276,4.19572,-1.38134,-0.77321,0.44976,0.01137,0.04359,-0.05368,4.19706,-0.00487,1.22586,-0.83788,0.18517,0.11092,-0.20758,-63.91479,29.04957,-46.20905,36.21524,-4.39492,1.65402,3.88096,-98.46545,17.59421,-29.32488,3.73772,-6.96854,-7.37573,3.84663
48.54,14.92717,-6.29751,0.58315,3.78336,-0.4971,-0.15446,4.23463,-1.41556,-0.82634,0.44915,0.02387,0.03501,-0.07586,4.19738,-0.00336,1.23185,-0.8383,0.18423,0.11029,-0.20772,-64.38322,28.56511,-45.24104,35.39453,-4.40943,1.45544,3.78062,-98.70951,17.41213,-28.36824,3.90225,-6.93099,-7.63115,3.71595
48.56,14.83074,-6.2612,0.54452,3.77969,-0.50772,-0.15549,4.2627,-1.45336,-0.89325,0.41283,0.03242,0.02259,-0.09071,4.19403,-0.00317,1.23779,-0.83939,0.18313,0.10957,-0.20798,-64.85275,28.09616,-44.29468,34.58039,-4.4243,1.26054,3.68544,-98.95318,17.23616,-27.39912,4.05776,-6.8918,-7.88882,3.58817
48.58,14.68863,-6.17142,0.5034,3.77802,-0.51481,-0.15589,4.26817,-1.49244,-0.95611,0.34061,0.03847,0.00991,-0.10326,4.18683,-0.00474,1.24306,-0.84095,0.18161,0.1092,-0.20819,-65.34779,27.63696,-43.36187,33.76674,-4.44327,1.05858,3.59341,-99.17223,17.05061,-26.40471,4.21858,-6.8471,-8.1528,3.45889
48.6,14.51973,-6.05796,0.48417,3.77739,-0.517,-0.15531,4.25184,-1.52205,-0.99451,0.26046,0.0415,-0.00158,-0.10889,4.17387,-0.0073,1.24785,-0.84377,0.18056,0.10802,-0.20875,-65.81583,27.19571,-42.44417,32.99619,-4.45596,0.87596,3.50521,-99.32962,16.86166,-25.37491,4.40037,-6.79689,-8.41207,3.33101
48.62,14.40044,-5.93623,0.48465,3.77635,-0.51281,-0.15328,4.24693,-1.54059,-1.01589,0.22387,0.04131,-0.01221,-0.10438,4.15289,-0.01005,1.25221,-0.84885,0.18108,0.10453,-0.21014,-66.18722,26.7897,-41.55075,32.32479,-4.45069,0.74035,3.42074,-99.39552,16.68676,-24.30275,4.61184,-6.74223,-8.65509,3.20932
48.64,14.31241,-5.79967,0.48934,3.778,-0.50227,-0.15012,4.24994,-1.55451,-1.02924,0.21495,0.03864,-0.01984,-0.09689,4.12511,-0.01384,1.25462,-0.85495,0.18218,0.10033,-0.21172,-66.54626,26.41034,-40.68178,31.702,-4.44189,0.62701,3.34075,-99.38069,16.50136,-23.19144,4.84524,-6.68059,-8.8915,3.08955
48.66,14.21665,-5.64115,0.49318,3.78481,-0.4851,-0.14604,4.24595,-1.56706,-1.0316,0.21201,0.03442,-0.02342,-0.09132,4.09124,-0.01929,1.25384,-0.86154,0.1832,0.09665,-0.2131,-66.9664,26.05437,-39.8426,31.08218,-4.44152,0.51205,3.26584,-99.3026,16.29287,-22.05093,5.08551,-6.60984,-9.13076,2.96873
48.68,14.11674,-5.44867,0.49294,3.79601,-0.46167,-0.14084,4.23971,-1.57804,-1.02564,0.22117,0.02847,-0.02454,-0.0854,4.05015,-0.02568,1.2499,-0.86938,0.18489,0.09256,-0.21459,-67.44742,25.72667,-39.02232,30.46846,-4.45077,0.38512,3.19319,-99.15927,16.07115,-20.86625,5.32444,-6.52916,-9.37607,2.8469
48.7,14.00346,-5.23999,0.48242,3.8143,-0.43071,-0.13495,4.22142,-1.58653,-1.0081,0.23021,0.02148,-0.02301,-0.07895,4.00266,-0.03403,1.24147,-0.87844,0.18658,0.08937,-0.21593,-67.93208,25.42986,-38.24897,29.89679,-4.45691,0.29827,3.12957,-98.92454,15.82305,-19.67945,5.59748,-6.4416,-9.60512,2.72887
48.72,13.86958,-5.04969,0.45611,3.84311,-0.39121,-0.12905,4.17949,-1.59175,-0.97391,0.226,0.01427,-0.01804,-0.07244,3.94979,-0.04542,1.22754,-0.88897,0.18755,0.08853,-0.21695,-68.36169,25.15957,-37.5513,29.39929,-4.44617,0.31566,3.08316,-98.57557,15.52586,-18.52995,5.94053,-6.35142,-9.79486,2.6187
48.74,13.71071,-4.8494,0.40839,3.87926,-0.34638,-0.12289,4.12343,-1.59578,-0.92958,0.21681,0.00652,-0.01132,-0.06499,3.89109,-0.05889,1.20895,-0.90221,0.18877,0.0887,-0.21803,-68.79368,24.91538,-36.89255,28.93486,-4.43241,0.37243,3.04395,-98.14775,15.20516,-17.38765,6.31792,-6.25685,-9.96756,2.51219
48.76,13.52421,-4.62101,0.33471,3.9203,-0.29923,-0.11635,4.06075,-1.60081,-0.8807,0.20815,-0.00179,-0.00414,-0.05668,3.82705,-0.0737,1.18655,-0.91928,0.19098,0.08879,-0.21946,-69.27598,24.69371,-36.2378,28.46697,-4.42741,0.41292,3.00411,-97.68185,14.88155,-16.22167,6.69193,-6.15622,-10.14434,2.4063
48.78,13.30835,-4.38374,0.23318,3.96751,-0.25062,-0.1101,3.9886,-1.60746,-0.82623,0.19672,-0.01022,0.00361,-0.04793,3.75943,-0.09064,1.16088,-0.94087,0.19416,0.08881,-0.22131,-69.78139,24.49044,-35.60677,28.00519,-4.425,0.46597,2.96768,-97.17778,14.54447,-15.02363,7.07094,-6.04715,-10.32518,2.29907
48.8,13.08747,-4.14039,0.11008,4.01663,-0.20579,-0.10427,3.91167,-1.611,-0.77025,0.18219,-0.01871,0.01142,-0.03804,3.69219,-0.10904,1.13208,-0.96492,0.19739,0.09024,-0.22316,-70.30589,24.30826,-34.96625,27.54661,-4.42651,0.50723,2.92955,-96.64035,14.22211,-13.86818,7.46783,-5.94253,-10.48787,2.2001
48.82,12.89436,-3.88587,-0.02419,4.06354,-0.16891,-0.0986,3.83727,-1.60515,-0.71704,0.16392,-0.02727,0.01873,-0.02615,3.62995,-0.12745,1.10026,-0.9899,0.19951,0.09492,-0.22443,-70.86096,24.1473,-34.27327,27.07776,-4.43542,0.50434,2.88378,-96.06526,13.94037,-12.83048,7.8995,-5.85512,-10.61137,2.11848
48.84,12.72482,-3.64769,-0.1583,4.10881,-0.14217,-0.09436,3.76144,-1.593,-0.66645,0.14049,-0.03548,0.02555,-0.01366,3.57521,-0.1463,1.06782,-1.01523,0.20125,0.10137,-0.22536,-71.42837,24.00089,-33.56666,26.60581,-4.44748,0.48707,2.83609,-95.46936,13.67859,-11.83968,8.34474,-5.77488,-10.71726,2.04451
48.86,12.58178,-3.44857,-0.2747,4.15324,-0.12632,-0.09243,3.68343,-1.57496,-0.61677,0.11276,-0.04291,0.03184,-0.00157,3.5312,-0.16482,1.03744,-1.04086,0.20325,0.10816,-0.2263,-71.99451,23.86071,-32.87255,26.13671,-4.45961,0.47706,2.79004,-94.86858,13.41948,-10.82953,8.78611,-5.69102,-10.82731,1.96985
48.88,12.48808,-3.2807,-0.35269,4.19821,-0.1171,-0.09196,3.61259,-1.54243,-0.56577,0.08154,-0.04936,0.03761,0.0107,3.50257,-0.1798,1.01024,-1.06872,0.20479,0.11623,-0.22703,-72.5875,23.71348,-32.15921,25.64719,-4.47394,0.46844,2.74395,-94.24964,13.16003,-9.80722,9.24118,-5.60001,-10.94494,1.89509
48.9,12.47146,-3.1933,-0.36757,4.22772,-0.13385,-0.0959,3.53586,-1.50372,-0.52669,0.04357,-0.05488,0.04183,0.0218,3.49429,-0.19304,0.98903,-1.08266,0.20582,0.12448,-0.22697,-73.13627,23.58656,-31.47986,25.18868,-4.48675,0.45239,2.69799,-93.64877,12.93298,-8.82557,9.68171,-5.52386,-11.03935,1.82689
48.92,12.51084,-3.21466,-0.30193,4.22017,-0.19637,-0.1074,3.43725,-1.47188,-0.51165,-0.00433,-0.05974,0.04328,0.0307,3.50947,-0.20761,0.97567,-1.06723,0.20651,0.1313,-0.22576,-73.57113,23.51372,-30.89321,24.80887,-4.49462,0.42078,2.65275,-93.10567,12.77878,-7.94312,10.07899,-5.48808,-11.07603,1.77256
48.94,12.63314,-3.31792,-0.15062,4.18871,-0.28515,-0.12332,3.33903,-1.43492,-0.51306,-0.05621,-0.06351,0.04183,0.03784,3.54821,-0.21834,0.96967,-1.03237,0.20601,0.13777,-0.22328,-73.95911,23.45651,-30.34356,24.46062,-4.50024,0.38174,2.60787,-92.5897,12.65576,-7.1028,10.4594,-5.46768,-11.0895,1.72371
48.96,12.83854,-3.47327,0.08596,4.14515,-0.38187,-0.1407,3.26046,-1.38431,-0.52436,-0.107,-0.06558,0.03794,0.04338,3.6096,-0.22062,0.97023,-0.98848,0.20381,0.14461,-0.21948,-74.36848,23.38018,-29.77674,24.09448,-4.50702,0.34455,2.56323,-92.07411,12.52865,-6.24724,10.84384,-5.44065,-11.11115,1.67386
48.98,13.10509,-3.63648,0.3994,4.09446,-0.48421,-0.15884,3.20105,-1.32597,-0.54382,-0.15799,-0.06587,0.03259,0.0476,3.6908,-0.21522,0.9756,-0.94113,0.2001,0.15129,-0.21463,-74.78576,23.28986,-29.18922,23.71753,-4.51435,0.31139,2.51848,-91.55303,12.40207,-5.37556,11.23819,-5.41502,-11.13571,1.62575
49,13.45586,-3.95002,0.7713,4.00574,-0.61242,-0.18031,3.16794,-1.27172,-0.6032,-0.1957,-0.06396,0.02113,0.0453,3.78891,-0.20411,0.98901,-0.86323,0.19408,0.15673,-0.20721,-75.18087,23.19843,-28.64272,23.36365,-4.51989,0.26738,2.47471,-91.07125,12.28645,-4.54097,11.60309,-5.3911,-11.14629,1.57802
49.02,13.89529,-4.59706,1.1615,3.84223,-0.79023,-0.20805,3.17462,-1.24074,-0.74154,-0.19661,-0.05823,-0.00131,0.02722,3.89255,-0.19277,1.01176,-0.72225,0.18443,0.15988,-0.19481,-75.5183,23.11721,-28.19745,23.07014,-4.52087,0.1943,2.43252,-90.66818,12.18897,-3.78929,11.9037,-5.36479,-11.13054,1.52688
49.04,14.32191,-5.38141,1.53917,3.64179,-0.9865,-0.23671,3.23215,-1.22346,-0.92853,-0.16468,-0.04809,-0.02691,-0.00468,3.99007,-0.18267,1.03741,-0.55464,0.17172,0.16048,-0.17899,-75.83505,23.03221,-27.79299,22.80124,-4.51956,0.11063,2.39131,-90.30378,12.09678,-3.07353,12.17406,-5.33981,-11.10134,1.47608
49.06,14.66023,-6.13799,1.89589,3.43952,-1.17374,-0.26259,3.33282,-1.20945,-1.13168,-0.11699,-0.03487,-0.04979,-0.04351,4.07848,-0.17234,1.06299,-0.39319,0.15751,0.15876,-0.16218,-76.16986,22.93156,-27.36951,22.52014,-4.51885,0.03223,2.35049,-89.92969,11.99614,-2.34378,12.45491,-5.3153,-11.07432,1.42677
49.08,14.89685,-6.96064,2.21856,3.22384,-1.36709,-0.28806,3.45166,-1.21534,-1.35658,-0.05884,-0.01895,-0.06979,-0.09047,4.1446,-0.16825,1.08521,-0.2277,0.14211,0.15553,-0.14385,-76.50929,22.83009,-26.93247,22.23192,-4.51951,-0.05065,2.30922,-89.56143,11.89667,-1.583,12.73052,-5.28566,-11.05836,1.3769
49.1,15.01699,-7.7688,2.5231,2.99795,-1.54988,-0.30882,3.61418,-1.19675,-1.58469,0.00933,-0.00188,-0.08528,-0.14072,4.202,-0.1622,1.1125,-0.06308,0.1253,0.14738,-0.1249,-76.85322,22.70742,-26.5278,21.96125,-4.51685,-0.12751,2.27051,-89.20148,11.78159,-0.8877,13.00149,-5.26605,-11.01521,1.33084
49.12,15.04306,-8.47204,2.8409,2.76641,-1.70626,-0.3208,3.85019,-1.09663,-1.79454,0.08953,0.01408,-0.0976,-0.18713,4.2779,-0.13861,1.16066,0.09989,0.10738,0.12921,-0.10614,-77.20778,22.53966,-26.20476,21.7295,-4.50528,-0.18433,2.23774,-88.85273,11.63259,-0.3663,13.26642,-5.27615,-10.89759,1.29418
49.14,14.94876,-9.08802,3.1468,2.53172,-1.84468,-0.32803,4.08901,-0.96684,-1.98322,0.16129,0.02853,-0.10831,-0.22894,4.3533,-0.10795,1.22103,0.26535,0.09005,0.10493,-0.08726,-77.56316,22.35527,-25.91544,21.51639,-4.49046,-0.23425,2.20756,-88.50814,11.46895,0.0893,13.52698,-5.29465,-10.75436,1.26098
49.16,14.69665,-9.6089,3.41354,2.29898,-1.96976,-0.33339,4.27552,-0.85483,-2.14774,0.21075,0.04163,-0.11699,-0.26644,4.40581,-0.07964,1.28119,0.43092,0.07444,0.07939,-0.06851,-77.91928,22.17674,-25.61324,21.29763,-4.47738,-0.28766,2.17699,-88.15914,11.30591,0.57466,13.78917,-5.30609,-10.62493,1.2264
49.18,14.30472,-10.01571,3.64526,2.0601,-2.08439,-0.33673,4.41498,-0.74027,-2.28533,0.24817,0.05295,-0.12333,-0.29976,4.43343,-0.04596,1.34181,0.60104,0.06031,0.05186,-0.04954,-78.29322,21.99553,-25.30164,21.06506,-4.46328,-0.34101,2.14595,-87.80313,11.13721,1.06514,14.05654,-5.32187,-10.48084,1.19235
49.2,13.84514,-10.18933,3.82073,1.8515,-2.15291,-0.33623,4.50744,-0.64812,-2.37869,0.26776,0.06191,-0.12834,-0.32359,4.45939,-0.01002,1.40718,0.75109,0.04946,0.02356,-0.03307,-78.62919,21.81965,-25.01556,20.86098,-4.44988,-0.39293,2.11729,-87.45746,10.96779,1.5295,14.319,-5.32748,-10.36055,1.1577
49.22,13.44213,-10.05173,3.91582,1.71613,-2.1374,-0.32758,4.57274,-0.60502,-2.42478,0.26469,0.06834,-0.13389,-0.33471,4.51387,0.01985,1.48304,0.85371,0.0438,-0.00437,-0.02223,-78.86428,21.65931,-24.78854,20.73221,-4.43995,-0.44327,2.09371,-87.13595,10.80323,1.94807,14.57038,-5.30506,-10.31252,1.12062
49.24,13.07893,-9.72321,3.94427,1.6177,-2.07178,-0.31357,4.61632,-0.5819,-2.44282,0.26021,0.07274,-0.13849,-0.33934,4.5676,0.05391,1.55993,0.92807,0.04169,-0.03074,-0.01473,-79.04972,21.50499,-24.58395,20.63184,-4.42979,-0.49234,2.07217,-86.83582,10.64029,2.34079,14.81458,-5.27407,-10.29044,1.08307
49.26,12.71756,-9.31856,3.9201,1.52415,-1.99219,-0.29786,4.63169,-0.55987,-2.44426,0.26938,0.0754,-0.13971,-0.34253,4.59369,0.09273,1.62642,0.99241,0.04116,-0.05448,-0.00808,-79.22971,21.34931,-24.36429,20.51689,-4.41679,-0.54231,2.04967,-86.54556,10.47571,2.74206,15.0637,-5.24929,-10.25787,1.04595
49.28,12.35757,-8.87501,3.84296,1.43941,-1.90555,-0.28182,4.62812,-0.54065,-2.43245,0.29384,0.07629,-0.13588,-0.34566,4.60249,0.11807,1.68267,1.04381,0.04211,-0.07751,-0.00195,-79.37248,21.19214,-24.13827,20.41095,-4.40159,-0.5943,2.02684,-86.25105,10.30696,3.15554,15.33602,-5.22639,-10.22311,1.00783
49.3,12.08304,-8.37485,3.71197,1.3808,-1.79667,-0.26327,4.61726,-0.53419,-2.40303,0.32955,0.07557,-0.13256,-0.34369,4.59688,0.15452,1.72485,1.07082,0.04424,-0.09268,0.00156,-79.4807,21.03456,-23.91248,20.29249,-4.38126,-0.64384,2.0046,-86.03549,10.14837,3.5355,15.5693,-5.20593,-10.20232,0.97222
49.32,12.01919,-7.81513,3.52272,1.37099,-1.64972,-0.24161,4.60892,-0.55509,-2.3518,0.36905,0.07299,-0.13612,-0.33141,4.58215,0.22322,1.74927,1.0675,0.04638,-0.0922,0.00022,-79.55062,20.88158,-23.68601,20.14162,-4.35327,-0.68779,1.98348,-85.99277,10.02181,3.83445,15.69403,-5.18936,-10.21203,0.94231
49.34,12.0777,-7.30757,3.28813,1.38835,-1.49818,-0.22053,4.60503,-0.58766,-2.28821,0.41683,0.06875,-0.13973,-0.31481,4.56294,0.28404,1.7586,1.051,0.04846,-0.08478,-0.00273,-79.5747,20.71911,-23.45054,19.97414,-4.3185,-0.72999,1.96249,-86.04496,9.90309,4.10306,15.78011,-5.1775,-10.2362,0.91456
49.36,12.17423,-6.94327,3.01556,1.40992,-1.37455,-0.20357,4.6041,-0.6226,-2.223,0.47747,0.06334,-0.13851,-0.30025,4.53887,0.30278,1.75462,1.03653,0.05016,-0.07741,-0.00457,-79.54068,20.54335,-23.20258,19.80699,-4.27748,-0.77414,1.94074,-86.11866,9.78044,4.38049,15.89403,-5.17186,-10.25722,0.88604
49.38,12.29363,-6.71559,2.69852,1.43376,-1.28544,-0.19164,4.60177,-0.68212,-2.15774,0.545,0.05558,-0.13448,-0.2871,4.51116,0.26754,1.73634,1.02498,0.05127,-0.06711,-0.00623,-79.40501,20.37127,-22.93532,19.66508,-4.23039,-0.8208,1.918,-86.24652,9.68094,4.6755,16.0127,-5.17257,-10.27992,0.85651
49.4,12.54684,-6.60574,2.3598,1.48671,-1.19495,-0.17934,4.6134,-0.72601,-2.08036,0.61246,0.04891,-0.12895,-0.27056,4.48282,0.22845,1.71172,1.00756,0.0522,-0.05724,-0.00762,-79.2865,20.14922,-22.66073,19.46492,-4.17469,-0.8657,1.89545,-86.43113,9.54279,4.9345,16.1279,-5.17948,-10.30979,0.82951
49.42,12.98008,-6.55519,2.02589,1.59449,-1.06118,-0.16004,4.64025,-0.70566,-1.96403,0.66181,0.04497,-0.12054,-0.24259,4.44476,0.24523,1.68631,0.9664,0.05353,-0.05157,-0.00912,-79.32709,19.8197,-22.39693,19.11021,-4.10691,-0.90395,1.87424,-86.66635,9.29225,5.10286,16.23058,-5.19171,-10.35321,0.80879
49.44,13.35572,-6.54096,1.6829,1.72672,-0.92129,-0.13867,4.64938,-0.67227,-1.81655,0.67481,0.03803,-0.10671,-0.20569,4.38429,0.26664,1.65602,0.90466,0.0551,-0.04771,-0.01161,-79.40046,19.44479,-22.12991,18.70051,-4.0328,-0.93989,1.85364,-86.9438,9.00103,5.23699,16.32524,-5.20856,-10.4028,0.79089
49.46,13.53254,-6.57741,1.32306,1.8559,-0.80547,-0.1198,4.62645,-0.66275,-1.6595,0.64979,0.02603,-0.08787,-0.16587,4.30451,0.2521,1.62008,0.83276,0.05647,-0.0442,-0.01498,-79.40799,19.08153,-21.85286,18.3197,-3.95689,-0.97722,1.83306,-87.24224,8.73035,5.3889,16.42347,-5.22881,-10.45131,0.77272
49.48,13.4951,-6.64694,0.96553,1.98073,-0.696,-0.10067,4.56718,-0.65995,-1.49053,0.57952,0.00926,-0.0642,-0.12187,4.20362,0.22531,1.57762,0.74218,0.05803,-0.04082,-0.0198,-79.42264,18.73864,-21.58479,17.9208,-3.87769,-1.01462,1.81307,-87.54387,8.47691,5.54026,16.52648,-5.24712,-10.50318,0.75463
49.5,13.27697,-6.68187,0.60841,2.1229,-0.57905,-0.07978,4.48707,-0.65568,-1.32527,0.45707,-0.01105,-0.03604,-0.07373,4.09524,0.1974,1.54244,0.6431,0.05917,-0.04166,-0.0241,-79.42917,18.36422,-21.30359,17.54756,-3.80282,-1.04947,1.79474,-87.85459,8.19206,5.68634,16.61088,-5.27099,-10.54984,0.73971
49.52,12.92333,-6.60162,0.2462,2.3084,-0.44041,-0.05506,4.40187,-0.64046,-1.17971,0.27545,-0.03591,-0.00267,-0.02086,3.9967,0.17663,1.52878,0.54856,0.05858,-0.05072,-0.02484,-79.40262,17.89751,-20.98099,17.25366,-3.74214,-1.08005,1.77935,-88.17759,7.81673,5.82992,16.6561,-5.30879,-10.58156,0.7305
49.54,12.41092,-6.4139,-0.11036,2.50478,-0.2853,-0.0267,4.30063,-0.61747,-1.06055,0.05298,-0.06616,0.03425,0.03273,3.9051,0.15689,1.52033,0.45369,0.05664,-0.06178,-0.02335,-79.40147,17.41304,-20.65118,16.98562,-3.68957,-1.10761,1.76644,-88.48292,7.40946,5.96855,16.677,-5.34896,-10.60619,0.72478
49.56,11.76713,-6.13373,-0.44904,2.68366,-0.11686,0.00491,4.18466,-0.58553,-0.97142,-0.17833,-0.09865,0.07188,0.08224,3.82227,0.13726,1.50874,0.35611,0.0542,-0.07058,-0.02125,-79.46698,16.97217,-20.34364,16.70709,-3.64048,-1.1341,1.75541,-88.7413,7.02097,6.10736,16.69046,-5.38112,-10.63033,0.72015
49.58,11.02766,-5.74355,-0.76026,2.85382,0.08397,0.04326,4.06669,-0.52334,-0.91215,-0.40823,-0.13197,0.11159,0.12742,3.75211,0.13604,1.50451,0.25123,0.05149,-0.0794,-0.01796,-79.6231,16.55954,-20.07046,16.41481,-3.6014,-1.16064,1.74767,-88.92416,6.62454,6.25578,16.71009,-5.40419,-10.65482,0.71662
49.6,10.37713,-5.16371,-1.0588,3.00311,0.27999,0.08094,3.96581,-0.47108,-0.8896,-0.59321,-0.15932,0.14397,0.1608,3.70594,0.12524,1.50087,0.17611,0.04816,-0.08538,-0.01305,-79.82024,16.17415,-19.78616,16.15348,-3.5659,-1.18138,1.74105,-89.08354,6.24283,6.3812,16.67915,-5.42473,-10.66782,0.71702
49.62,10.04685,-4.28651,-1.34861,3.1268,0.43092,0.10913,3.8985,-0.4728,-0.89013,-0.70719,-0.17577,0.16017,0.18012,3.70293,0.08455,1.49188,0.17545,0.04371,-0.08583,-0.00601,-80.00773,15.81869,-19.44166,15.96509,-3.52508,-1.18859,1.73303,-89.26039,5.90194,6.43924,16.55391,-5.45096,-10.65525,0.72437
49.64,9.90901,-3.23131,-1.59718,3.23501,0.57459,0.13516,3.85428,-0.47991,-0.89515,-0.78366,-0.18578,0.16928,0.19239,3.72905,0.05287,1.48842,0.21269,0.03898,-0.08463,0.00241,-80.24395,15.49547,-19.08905,15.80786,-3.48902,-1.18998,1.72626,-89.40145,5.5774,6.47115,16.37893,-5.47276,-10.62996,0.73552
49.66,9.80484,-2.12561,-1.78787,3.33028,0.7381,0.16447,3.82408,-0.45652,-0.89913,-0.84355,-0.19228,0.17811,0.20085,3.76678,0.05724,1.49845,0.25179,0.03489,-0.08457,0.01117,-80.58159,15.20319,-18.77184,15.64145,-3.46532,-1.19237,1.72263,-89.44684,5.24524,6.51404,16.20683,-5.48141,-10.60435,0.74713
49.68,9.73659,-0.95202,-1.93416,3.41413,0.90896,0.19414,3.80863,-0.41693,-0.90017,-0.89081,-0.1954,0.18524,0.20548,3.81277,0.0892,1.51969,0.29821,0.03122,-0.08528,0.02059,-81.01053,14.91129,-18.46531,15.47987,-3.44808,-1.19183,1.72055,-89.37619,4.88259,6.56244,16.05358,-5.48489,-10.57711,0.76166
49.7,9.69457,0.10708,-2.0259,3.47227,1.053,0.21675,3.81056,-0.37555,-0.90236,-0.91448,-0.19365,0.18822,0.20587,3.87286,0.13642,1.54463,0.36107,0.02828,-0.08555,0.02941,-81.48626,14.69034,-18.19035,15.3274,-3.44391,-1.19113,1.72149,-89.30817,4.57511,6.5872,15.82602,-5.47193,-10.53964,0.77567
49.72,9.71523,0.87773,-2.05005,3.49747,1.13864,0.22657,3.83349,-0.34336,-0.91048,-0.90433,-0.18588,0.18555,0.20235,3.95657,0.18445,1.5635,0.45069,0.02628,-0.08406,0.0364,-81.95792,14.62128,-17.97596,15.18861,-3.46126,-1.19573,1.72714,-89.38995,4.4197,6.56696,15.41255,-5.42679,-10.48324,0.78366
49.74,9.74125,1.46032,-2.02758,3.50622,1.18568,0.22854,3.86908,-0.31277,-0.91968,-0.8835,-0.17564,0.18031,0.19725,4.05018,0.23488,1.57943,0.55231,0.02468,-0.08213,0.04282,-82.45766,14.61473,-17.78934,15.05773,-3.48967,-1.19987,1.73506,-89.48473,4.31736,6.52228,14.93435,-5.3671,-10.41791,0.79057
49.76,9.70064,1.94272,-1.97644,3.51067,1.21558,0.22762,3.90951,-0.27628,-0.92616,-0.87055,-0.16533,0.17564,0.19192,4.13868,0.29502,1.59815,0.6496,0.02325,-0.08111,0.04944,-83.01501,14.58769,-17.60149,14.92557,-3.52126,-1.20168,1.7431,-89.48018,4.17692,6.48546,14.49261,-5.3066,-10.35397,0.7991
49.78,9.58849,2.327,-1.90458,3.50909,1.2246,0.22307,3.95645,-0.24219,-0.93112,-0.86262,-0.15398,0.17184,0.18624,4.22172,0.35883,1.61571,0.74821,0.02199,-0.0806,0.05591,-83.57302,14.54859,-17.40891,14.81872,-3.55728,-1.20965,1.75041,-89.43952,4.01754,6.47176,14.05146,-5.23634,-10.28803,0.80363
49.8,9.43979,2.51559,-1.80066,3.49858,1.20471,0.2139,4.00066,-0.20883,-0.93769,-0.86115,-0.14424,0.16736,0.1816,4.30279,0.41802,1.63097,0.84329,0.02068,-0.08016,0.06223,-84.18326,14.53013,-17.23147,14.6731,-3.59449,-1.20461,1.75913,-89.36839,3.87859,6.41436,13.61656,-5.17443,-10.22293,0.81454
49.82,9.29274,2.41525,-1.65052,3.47699,1.15149,0.19996,4.03117,-0.17013,-0.95109,-0.86663,-0.13937,0.15999,0.17964,4.38535,0.46856,1.64425,0.92702,0.01912,-0.07937,0.06838,-84.92775,14.56281,-17.08663,14.39733,-3.62902,-1.16382,1.77175,-89.27383,3.79226,6.23883,13.18661,-5.14578,-10.16102,0.84588
49.84,9.13421,2.18475,-1.47937,3.44813,1.0808,0.18391,4.05517,-0.13313,-0.96801,-0.87717,-0.13666,0.15192,0.17901,4.4651,0.51173,1.65526,1.00749,0.01735,-0.07861,0.07445,-85.69279,14.60461,-16.95138,14.07959,-3.66064,-1.10989,1.78517,-89.18283,3.72812,6.02481,12.76684,-5.1295,-10.10199,0.88294
49.86,8.94519,1.97793,-1.31013,3.41707,1.01056,0.16866,4.07726,-0.1022,-0.98377,-0.89299,-0.13419,0.14532,0.17887,4.53626,0.55302,1.66532,1.08957,0.0155,-0.07856,0.08054,-86.39647,14.61082,-16.80017,13.78283,-3.68917,-1.06243,1.79653,-89.12035,3.65104,5.83799,12.357,-5.11103,-10.04508,0.91483
49.88,8.74366,1.81515,-1.14327,3.38854,0.9481,0.15585,4.09316,-0.07291,-1.0007,-0.90998,-0.13319,0.13855,0.17964,4.59652,0.60259,1.67577,1.16915,0.01371,-0.07939,0.08651,-87.07813,14.57471,-16.60955,13.45784,-3.71151,-1.01665,1.80536,-89.12105,3.55356,5.64229,11.92329,-5.10297,-9.9867,0.94768
49.9,8.59522,1.62997,-0.97437,3.35446,0.87967,0.14194,4.10247,-0.05173,-1.01305,-0.93358,-0.13284,0.13361,0.1809,4.6581,0.63192,1.68551,1.25161,0.01175,-0.08063,0.09243,-87.65202,14.54156,-16.45832,13.17545,-3.72853,-0.96671,1.81422,-89.14698,3.50297,5.46161,11.54947,-5.09357,-9.93889,0.97561
49.92,8.55829,1.32763,-0.79604,3.30343,0.78778,0.12246,4.10309,-0.04557,-1.01227,-0.97336,-0.13205,0.13349,0.18231,4.73122,0.60391,1.69163,1.34216,0.00934,-0.08169,0.09832,-88.02976,14.55955,-16.434,13.01512,-3.7429,-0.90862,1.82598,-89.14948,3.57022,5.33499,11.33215,-5.06658,-9.91587,0.99056
49.94,8.5489,0.98753,-0.61772,3.24633,0.69071,0.10179,4.09207,-0.04483,-1.00455,-1.02042,-0.13172,0.13531,0.18406,4.79729,0.55325,1.69537,1.42913,0.00711,-0.08315,0.10338,-88.29576,14.58185,-16.45003,12.90184,-3.75149,-0.84653,1.83762,-89.18718,3.68392,5.22298,11.17071,-5.03868,-9.90294,1.00059
49.96,8.51089,0.69621,-0.45083,3.19387,0.60539,0.08367,4.07035,-0.04327,-0.9957,-1.0669,-0.1325,0.13676,0.18639,4.84315,0.511,1.69775,1.50558,0.00555,-0.08542,0.10727,-88.53449,14.56638,-16.43258,12.76694,-3.7536,-0.78667,1.84685,-89.30454,3.78098,5.09884,10.98214,-5.02117,-9.88795,1.01154
49.98,8.47321,0.42512,-0.29502,3.14119,0.52722,0.06648,4.03773,-0.04331,-0.98268,-1.11673,-0.13392,0.13878,0.18892,4.86911,0.46346,1.69553,1.57461,0.00437,-0.08789,0.11036,-88.76546,14.52166,-16.39331,12.60645,-3.75207,-0.7318,1.8539,-89.48578,3.87247,4.99512,10.78398,-5.00629,-9.8771,1.02021
50,8.39095,0.10837,-0.14193,3.09252,0.44503,0.04934,3.9974,-0.0418,-0.96951,-1.16406,-0.13562,0.14045,0.19171,4.87744,0.41405,1.69062,1.63064,0.00413,-0.09077,0.11164,-88.91349,14.48836,-16.38764,12.50133,-3.74585,-0.66782,1.86167,-89.68066,3.98236,4.85561,10.60972,-4.99715,-9.86418,1.02939
50.02,8.20921,-0.32169,0.01891,3.05309,0.34713,0.0316,3.95446,-0.0356,-0.96141,-1.20173,-0.13718,0.14063,0.19489,4.87307,0.37104,1.68675,1.66816,0.00555,-0.09442,0.11001,-88.89147,14.51304,-16.48122,12.5451,-3.733,-0.57681,1.87393,-89.82769,4.13487,4.62015,10.49725,-4.99763,-9.8412,1.04186
50.04,7.99183,-0.81945,0.17999,3.01812,0.24184,0.01335,3.90836,-0.02774,-0.95451,-1.2352,-0.13851,0.14038,0.198,4.85334,0.32708,1.67984,1.69506,0.00781,-0.09814,0.10688,-88.81993,14.56383,-16.61685,12.64758,-3.71863,-0.47632,1.88793,-89.95069,4.30202,4.34727,10.40772,-5.00009,-9.81428,1.05526
50.06,7.78079,-1.33437,0.33279,2.98468,0.1379,-0.00482,3.85861,-0.01998,-0.94587,-1.26875,-0.13968,0.14034,0.20076,4.81566,0.27736,1.66638,1.7176,0.01021,-0.10141,0.1035,-88.81686,14.61367,-16.74506,12.72068,-3.70808,-0.38045,1.90154,-90.06869,4.45513,4.08924,10.30047,-4.99895,-9.78754,1.0685
50.08,7.55427,-1.88904,0.4796,2.95222,0.03001,-0.02316,3.80749,-0.01173,-0.93633,-1.30122,-0.14027,0.14041,0.20309,4.76321,0.22178,1.64748,1.73577,0.01282,-0.10431,0.09976,-88.86281,14.68385,-16.88405,12.80089,-3.70144,-0.27889,1.91658,-90.12656,4.60956,3.84154,10.20875,-4.99011,-9.76087,1.08064
50.1,7.35149,-2.49851,0.6196,2.92582,-0.08091,-0.04197,3.75775,-0.00266,-0.92794,-1.33033,-0.14071,0.14035,0.20507,4.70279,0.16223,1.62477,1.74901,0.01557,-0.10675,0.09569,-88.98325,14.77499,-17.04963,12.87655,-3.70309,-0.18211,1.93289,-90.13957,4.74403,3.56954,10.08874,-4.97949,-9.72722,1.09597
50.12,7.21497,-3.18209,0.75135,2.91276,-0.19293,-0.06171,3.71157,0.0077,-0.92288,-1.35452,-0.14174,0.13983,0.20692,4.64398,0.09954,1.60036,1.75695,0.01845,-0.10868,0.09121,-89.20901,14.88215,-17.2491,12.927,-3.71857,-0.10588,1.94941,-90.13506,4.8318,3.23378,9.88528,-4.97469,-9.67913,1.11958
50.14,7.11631,-3.91372,0.86876,2.90605,-0.30712,-0.08186,3.6699,0.01773,-0.91936,-1.37534,-0.14269,0.13926,0.20848,4.58563,0.03158,1.57356,1.76308,0.02119,-0.11008,0.08685,-89.53947,15.01635,-17.47818,12.97265,-3.7459,-0.03349,1.96804,-90.04389,4.89913,2.8777,9.65782,-4.96402,-9.62362,1.14634
50.16,7.03764,-4.67079,0.96719,2.89999,-0.42416,-0.10209,3.6324,0.02634,-0.91566,-1.39506,-0.14307,0.13901,0.20964,4.52741,-0.0454,1.54341,1.77085,0.02355,-0.11094,0.08303,-89.97702,15.18136,-17.72347,13.02358,-3.78358,0.04638,1.98976,-89.82003,4.96505,2.53985,9.44764,-4.93861,-9.56653,1.17246
50.18,6.96477,-5.46874,1.04834,2.89961,-0.54568,-0.1232,3.59715,0.03509,-0.91285,-1.41564,-0.14341,0.13872,0.21074,4.47899,-0.13792,1.51141,1.78028,0.02578,-0.11145,0.07939,-90.51689,15.39249,-18.00736,13.07561,-3.8335,0.12606,2.01453,-89.47396,5.03067,2.20057,9.23766,-4.90144,-9.50602,1.19927
50.2,6.9912,-6.25839,1.10882,2.89781,-0.66385,-0.14315,3.56992,0.0407,-0.91048,-1.43007,-0.14321,0.1389,0.21131,4.42818,-0.22755,1.4763,1.79478,0.02695,-0.11121,0.07733,-91.16855,15.5985,-18.28265,13.12948,-3.89216,0.21575,2.0423,-89.00826,5.07594,1.88233,9.03607,-4.85236,-9.44251,1.22623
50.22,7.23317,-6.98247,1.14711,2.88489,-0.77012,-0.15952,3.55856,0.03806,-0.90834,-1.43004,-0.14184,0.14016,0.21075,4.35901,-0.29139,1.43604,1.81845,0.02598,-0.10985,0.0785,-91.94575,15.7352,-18.48354,13.18174,-3.95519,0.32887,2.07295,-88.41749,5.07852,1.61053,8.8659,-4.78978,-9.37732,1.25157
50.24,7.57614,-7.69514,1.18061,2.87067,-0.87297,-0.17466,3.55413,0.03365,-0.90695,-1.4244,-0.14013,0.14162,0.20986,4.28879,-0.34816,1.39409,1.84836,0.0239,-0.10807,0.0813,-92.81136,15.85566,-18.6694,13.23475,-4.02406,0.45183,2.1063,-87.73165,5.06494,1.35867,8.7055,-4.71773,-9.31019,1.27671
50.26,7.91204,-8.43963,1.22737,2.86161,-0.97935,-0.19038,3.5488,0.03447,-0.90606,-1.42089,-0.13861,0.14271,0.20921,4.2305,-0.41257,1.3539,1.88178,0.02167,-0.10653,0.08431,-93.73062,16.00645,-18.88424,13.28976,-4.09941,0.5747,2.14212,-86.96878,5.05885,1.10873,8.54768,-4.63851,-9.24202,1.30187
50.28,8.26712,-9.20533,1.29776,2.85053,-1.08785,-0.20576,3.5459,0.0413,-0.9053,-1.41609,-0.13703,0.14377,0.2085,4.17601,-0.47267,1.31622,1.91974,0.01918,-0.10545,0.08776,-94.68597,16.1685,-19.09705,13.35244,-4.17866,0.70248,2.18007,-86.14353,5.06069,0.85866,8.39929,-4.55385,-9.17259,1.32749
50.3,8.60994,-9.9831,1.40103,2.84501,-1.19573,-0.22103,3.54217,0.05639,-0.90462,-1.41256,-0.13542,0.14431,0.20804,4.1308,-0.5285,1.28366,1.95939,0.0163,-0.10465,0.09165,-95.68581,16.32721,-19.33255,13.40876,-4.26019,0.82993,2.21958,-85.27855,5.05012,0.6349,8.24578,-4.46468,-9.10453,1.35189
50.32,8.89777,-10.76715,1.54472,2.85536,-1.29991,-0.23669,3.53293,0.08257,-0.90352,-1.41498,-0.13372,0.14379,0.20826,4.10508,-0.58352,1.25957,1.99701,0.01295,-0.10381,0.09589,-96.73889,16.46282,-19.61844,13.4473,-4.34162,0.95086,2.25977,-84.39896,5.00262,0.46377,8.06846,-4.37215,-9.03967,1.37346
50.34,9.13885,-11.55783,1.73001,2.86753,-1.4034,-0.25227,3.52378,0.11896,-0.90288,-1.41864,-0.1319,0.14277,0.20874,4.09071,-0.63255,1.24307,2.03547,0.0094,-0.10344,0.10031,-97.80764,16.58892,-19.92216,13.47996,-4.42266,1.06986,2.30073,-83.51259,4.94386,0.31742,7.88359,-4.27844,-8.97699,1.39393
50.36,9.33248,-12.35665,1.95255,2.87052,-1.50972,-0.26762,3.51899,0.16425,-0.90336,-1.42077,-0.12992,0.14172,0.20917,4.08297,-0.67528,1.2329,2.07623,0.00595,-0.10385,0.1046,-98.8553,16.72146,-20.2226,13.51893,-4.50221,1.19115,2.34249,-82.62417,4.89591,0.16768,7.70831,-4.18514,-8.91484,1.41435
50.38,9.45783,-13.14361,2.20364,2.86828,-1.61657,-0.28291,3.51606,0.2185,-0.90281,-1.42656,-0.12719,0.14078,0.20953,4.09095,-0.71618,1.23052,2.11558,0.00264,-0.10463,0.10852,-99.88104,16.84268,-20.52251,13.56256,-4.57639,1.31727,2.38485,-81.74179,4.84331,0.01351,7.54244,-4.09473,-8.85324,1.43476
50.4,9.51731,-13.90029,2.45888,2.85319,-1.72412,-0.29805,3.52064,0.27195,-0.90811,-1.42434,-0.12518,0.13942,0.21007,4.09995,-0.75963,1.22849,2.15738,-0.00087,-0.10558,0.11271,-100.86617,16.97417,-20.82438,13.60127,-4.65132,1.43417,2.42643,-80.90403,4.79888,-0.11808,7.36553,-4.00544,-8.79557,1.45369
50.42,9.51021,-14.61493,2.68697,2.81624,-1.83453,-0.31311,3.53848,0.31223,-0.9285,-1.40004,-0.12576,0.13689,0.2112,4.08837,-0.81465,1.21509,2.20668,-0.00515,-0.10631,0.11805,-101.78684,17.14311,-21.12408,13.62618,-4.73448,1.52509,2.46515,-80.15847,4.78072,-0.19719,7.14914,-3.91471,-8.74573,1.46989
50.44,9.41881,-15.24215,2.87516,2.76521,-1.94172,-0.32762,3.56226,0.34127,-0.95538,-1.36806,-0.12705,0.13419,0.2124,4.07436,-0.88389,1.19482,2.25475,-0.00977,-0.10632,0.12364,-102.64456,17.31972,-21.42107,13.64586,-4.81709,1.60503,2.50201,-79.47884,4.76777,-0.26056,6.92278,-3.82758,-8.69962,1.4848
50.46,9.24925,-15.7638,3.01243,2.70683,-2.04244,-0.34131,3.58561,0.3608,-0.98176,-1.33995,-0.12764,0.13211,0.21332,4.0708,-0.97129,1.17008,2.29625,-0.01443,-0.10516,0.12889,-103.43583,17.47581,-21.7077,13.67229,-4.89061,1.68759,2.53779,-78.84804,4.7425,-0.33482,6.70687,-3.74835,-8.65441,1.49964
50.48,9.01806,-16.20534,3.07758,2.64048,-2.14194,-0.35496,3.60583,0.36516,-1.01314,-1.31061,-0.12827,0.12982,0.2144,4.0609,-1.09278,1.12898,2.33542,-0.0198,-0.1022,0.1346,-104.16903,17.61648,-21.97608,13.68623,-4.95694,1.77022,2.57186,-78.30007,4.71166,-0.39573,6.4775,-3.67535,-8.6129,1.51322
50.5,8.75444,-16.45421,3.06759,2.56871,-2.21922,-0.36479,3.62832,0.34981,-1.04115,-1.28258,-0.12885,0.1287,0.21483,4.06123,-1.21657,1.08633,2.36651,-0.02479,-0.09841,0.13984,-104.80361,17.74452,-22.24349,13.72045,-5.01732,1.84439,2.6037,-77.79786,4.67186,-0.48161,6.27778,-3.61219,-8.57172,1.52697
50.52,8.49245,-16.4033,2.98826,2.4941,-2.25256,-0.36704,3.66191,0.31112,-1.05534,-1.25829,-0.12913,0.13056,0.21354,4.09455,-1.30169,1.06318,2.38424,-0.02794,-0.09532,0.14339,-105.297,17.86507,-22.53994,13.81168,-5.07345,1.90126,2.63322,-77.29427,4.61628,-0.6378,6.15687,-3.56311,-8.5268,1.54221
50.54,8.24993,-16.20809,2.83733,2.42193,-2.26269,-0.36544,3.69772,0.25391,-1.06456,-1.23462,-0.1293,0.13354,0.21147,4.13488,-1.38167,1.04068,2.39617,-0.03051,-0.09185,0.14645,-105.68772,17.97085,-22.83405,13.92596,-5.12324,1.9492,2.66018,-76.83951,4.55489,-0.81597,6.06805,-3.52389,-8.48291,1.55709
50.56,8.02247,-15.99341,2.62269,2.35468,-2.26931,-0.36342,3.72578,0.18334,-1.07584,-1.20987,-0.12961,0.13604,0.20953,4.15848,-1.4837,1.0027,2.40764,-0.03357,-0.08711,0.15,-106.01909,18.05537,-23.1053,14.02816,-5.16473,1.99717,2.68479,-76.48281,4.49658,-0.98426,5.96338,-3.49234,-8.44254,1.57106
50.58,7.81723,-15.76847,2.36388,2.28953,-2.27315,-0.36073,3.7456,0.09812,-1.08716,-1.18112,-0.13055,0.13848,0.20749,4.16265,-1.5946,0.95387,2.41822,-0.03674,-0.08181,0.15372,-106.29284,18.12407,-23.36708,14.11566,-5.1995,2.04265,2.70742,-76.22978,4.43937,-1.16985,5.83286,-3.46995,-8.40223,1.58514
50.6,7.6323,-15.5409,2.08629,2.23934,-2.26599,-0.35689,3.76047,0.01495,-1.09292,-1.1584,-0.13067,0.14104,0.20516,4.16343,-1.69069,0.90772,2.42315,-0.0393,-0.07665,0.15685,-106.48515,18.17595,-23.6085,14.23031,-5.22744,2.08394,2.72713,-76.00409,4.39823,-1.33483,5.75284,-3.45282,-8.36783,1.59709
50.62,7.4656,-15.29355,1.81075,2.21671,-2.23681,-0.35111,3.7769,-0.04805,-1.08629,-1.15308,-0.12809,0.14398,0.20225,4.17703,-1.74552,0.87809,2.41708,-0.04058,-0.07214,0.15869,-106.57501,18.21055,-23.82586,14.41722,-5.24778,2.12228,2.74343,-75.71534,4.39327,-1.43934,5.81598,-3.43605,-8.34526,1.60438
50.64,7.30957,-15.11112,1.55755,2.21032,-2.20405,-0.34567,3.78582,-0.09835,-1.07224,-1.1552,-0.12468,0.14705,0.1991,4.18271,-1.77287,0.85605,2.40527,-0.04097,-0.06852,0.15964,-106.6023,18.23356,-24.02398,14.62826,-5.26311,2.1568,2.7571,-75.44073,4.41028,-1.52148,5.93112,-3.42275,-8.32829,1.60944
50.66,7.16245,-15.05883,1.3429,2.20924,-2.18402,-0.34256,3.77955,-0.14361,-1.05591,-1.15621,-0.12201,0.14995,0.19616,4.16063,-1.78649,0.83199,2.39325,-0.04105,-0.06582,0.16033,-106.60264,18.25053,-24.2139,14.82342,-5.27427,2.18975,2.76917,-75.24883,4.43986,-1.61625,6.01927,-3.41566,-8.31139,1.6145
50.68,7.03088,-15.06035,1.17008,2.20908,-2.16843,-0.34035,3.76622,-0.18366,-1.03269,-1.15691,-0.11892,0.15323,0.19283,4.10913,-1.7674,0.80998,2.37924,-0.04082,-0.064,0.16093,-106.57972,18.26109,-24.41102,15.01657,-5.27975,2.22336,2.78013,-75.13604,4.50343,-1.74095,6.09399,-3.41493,-8.29225,1.62043
50.7,6.89532,-15.28506,1.07015,2.23063,-2.16949,-0.34241,3.73079,-0.19929,-1.00965,-1.16718,-0.11702,0.15579,0.19064,4.05482,-1.74191,0.79484,2.36478,-0.03975,-0.06383,0.16045,-106.51036,18.27652,-24.57192,15.21311,-5.28492,2.2503,2.78842,-75.01941,4.56152,-1.81445,6.19609,-3.41491,-8.28162,1.62327
50.72,6.72111,-15.94378,1.07548,2.2987,-2.20285,-0.35284,3.65666,-0.16818,-0.99662,-1.19837,-0.11839,0.15627,0.19153,4.02937,-1.7462,0.79057,2.3514,-0.03726,-0.06615,0.15767,-106.35857,18.31565,-24.64599,15.41939,-5.29611,2.26175,2.79204,-74.81813,4.56682,-1.74484,6.3585,-3.41042,-8.29201,1.61942
50.74,6.5345,-16.76556,1.14926,2.38433,-2.24706,-0.36654,3.56957,-0.11341,-0.98488,-1.23734,-0.1208,0.15614,0.19347,4.00631,-1.74735,0.7937,2.33592,-0.03399,-0.06984,0.15369,-106.16231,18.36475,-24.68731,15.62607,-5.30722,2.26669,2.79318,-74.60806,4.56379,-1.62557,6.54572,-3.40625,-8.31037,1.61278
50.76,6.35491,-17.53104,1.25696,2.46291,-2.28689,-0.37942,3.48936,-0.0559,-0.96926,-1.27355,-0.12261,0.15651,0.19493,3.96768,-1.72399,0.8004,2.31712,-0.03057,-0.07387,0.14956,-105.9455,18.4097,-24.73408,15.82769,-5.31344,2.27202,2.79355,-74.45767,4.58443,-1.5357,6.72148,-3.40721,-8.32624,1.60697
50.78,6.14446,-18.33411,1.40586,2.54453,-2.32883,-0.39297,3.40956,0.01407,-0.95508,-1.31122,-0.12462,0.15663,0.19669,3.93288,-1.69576,0.81271,2.29613,-0.02669,-0.07854,0.14466,-105.66176,18.46609,-24.77557,16.04603,-5.3167,2.27774,2.79337,-74.33515,4.6103,-1.44981,6.89932,-3.41312,-8.34294,1.60167
50.8,5.98173,-18.95554,1.55409,2.61701,-2.35628,-0.40377,3.34145,0.07771,-0.93914,-1.34562,-0.12599,0.15712,0.19792,3.89715,-1.65805,0.82722,2.27154,-0.02297,-0.08259,0.13974,-105.38763,18.5062,-24.79848,16.2302,-5.31555,2.27675,2.79056,-74.24607,4.63859,-1.35658,7.07808,-3.42014,-8.36195,1.59473
50.82,5.96032,-19.13506,1.65348,2.66587,-2.35062,-0.40788,3.29757,0.11143,-0.9169,-1.37263,-0.12578,0.1588,0.1977,3.85381,-1.60442,0.83964,2.24271,-0.02028,-0.08461,0.13589,-105.22237,18.49876,-24.80308,16.31865,-5.30843,2.26364,2.78376,-74.19842,4.67472,-1.25565,7.26094,-3.42307,-8.3838,1.58372
50.84,6.00761,-19.09205,1.72837,2.70449,-2.32873,-0.4084,3.2665,0.13186,-0.89494,-1.39626,-0.12506,0.16065,0.19707,3.81888,-1.55439,0.85167,2.21383,-0.01815,-0.08559,0.13256,-105.06771,18.47565,-24.7892,16.36731,-5.29707,2.24414,2.7745,-74.18156,4.70721,-1.1497,7.44482,-3.42718,-8.40748,1.57129
50.86,6.06254,-19.0071,1.79914,2.74266,-2.30408,-0.40782,3.24004,0.15227,-0.87767,-1.419,-0.1245,0.16201,0.1967,3.80322,-1.51959,0.86503,2.18785,-0.01619,-0.08633,0.12928,-104.84148,18.46143,-24.76574,16.42937,-5.28234,2.22418,2.76465,-74.19126,4.73134,-1.05029,7.62611,-3.437,-8.43145,1.55997
50.88,6.11765,-18.83521,1.85798,2.77814,-2.27249,-0.40532,3.21951,0.16897,-0.86198,-1.44165,-0.12375,0.16326,0.19624,3.80943,-1.49694,0.88074,2.1639,-0.0145,-0.08657,0.12622,-104.54332,18.4387,-24.7549,16.52223,-5.26257,2.20624,2.75534,-74.20748,4.74031,-0.94298,7.82605,-3.44922,-8.45768,1.54802
50.9,6.28742,-18.5843,1.88992,2.80984,-2.23683,-0.40111,3.20959,0.17555,-0.85244,-1.45753,-0.12312,0.16393,0.19592,3.82258,-1.48827,0.89243,2.14584,-0.01347,-0.08619,0.12399,-104.2665,18.42797,-24.69351,16.54756,-5.24249,2.1794,2.74258,-74.2732,4.74698,-0.85312,7.99485,-3.46646,-8.48195,1.53764
50.92,6.69964,-18.27236,1.88079,2.8367,-2.20103,-0.39565,3.21509,0.16533,-0.85467,-1.45911,-0.123,0.16344,0.19605,3.82483,-1.4956,0.89289,2.13796,-0.0135,-0.08511,0.12326,-104.1216,18.45458,-24.50473,16.38813,-5.22738,2.13165,2.72166,-74.43732,4.76657,-0.81644,8.074,-3.49254,-8.49799,1.53191
50.94,7.22804,-17.93998,1.84861,2.86196,-2.16547,-0.38941,3.22948,0.14669,-0.8625,-1.4542,-0.12304,0.16243,0.19634,3.83004,-1.51375,0.88924,2.13645,-0.01413,-0.08364,0.12341,-104.00799,18.48807,-24.26668,16.16442,-5.2129,2.07543,2.69769,-74.64471,4.78243,-0.7956,8.1212,-3.52284,-8.51175,1.52793
50.96,7.7564,-17.63337,1.8104,2.8891,-2.13131,-0.3831,3.24594,0.12781,-0.87095,-1.44967,-0.12301,0.16142,0.19661,3.84972,-1.53822,0.8877,2.1378,-0.0149,-0.0821,0.12381,-103.83874,18.5071,-24.04637,15.97905,-5.19509,2.02215,2.67504,-74.84887,4.78242,-0.76448,8.18449,-3.55384,-8.52745,1.52324
50.98,8.33047,-17.35913,1.76114,2.91732,-2.09979,-0.37703,3.26451,0.10501,-0.8809,-1.44279,-0.12296,0.16035,0.19685,3.87521,-1.56767,0.88582,2.14234,-0.01589,-0.08049,0.12462,-103.68623,18.51211,-23.81377,15.77077,-5.17584,1.96826,2.65188,-75.06487,4.77026,-0.73929,8.24246,-3.58662,-8.54298,1.51935
51,8.91966,-17.1266,1.70225,2.94759,-2.0716,-0.3716,3.28543,0.08327,-0.89249,-1.43553,-0.12309,0.15907,0.19729,3.90343,-1.59877,0.88329,2.14998,-0.01706,-0.07893,0.12579,-103.48731,18.5114,-23.58722,15.59346,-5.15707,1.91351,2.62932,-75.29287,4.7546,-0.70167,8.30008,-3.61975,-8.5593,1.51493
51.02,9.48595,-16.94563,1.63593,2.98148,-2.04702,-0.36721,3.3093,0.06943,-0.90587,-1.4307,-0.12361,0.15738,0.1982,3.93262,-1.62812,0.88024,2.16054,-0.01838,-0.07757,0.12722,-103.15807,18.51363,-23.39296,15.51615,-5.14105,1.85775,2.60891,-75.54057,4.74261,-0.6273,8.35756,-3.65247,-8.57813,1.50887
51.04,10.04685,-16.80469,1.5597,3.01673,-2.02526,-0.36387,3.33317,0.05747,-0.91988,-1.42616,-0.12433,0.15553,0.19927,3.96012,-1.65591,0.8763,2.17259,-0.01977,-0.07633,0.12884,-102.7917,18.505,-23.20448,15.47055,-5.12576,1.80179,2.5892,-75.80135,4.7308,-0.53792,8.41431,-3.68526,-8.59796,1.50227
51.06,10.61032,-16.69787,1.47345,3.052,-2.00555,-0.36159,3.35461,0.04358,-0.93313,-1.42068,-0.12504,0.15384,0.20028,3.98504,-1.68181,0.8718,2.18462,-0.02113,-0.07515,0.13052,-102.4548,18.47484,-23.00946,15.40927,-5.10916,1.74668,2.56938,-76.06746,4.71545,-0.45056,8.47301,-3.71831,-8.61804,1.4956
51.08,11.18041,-16.62414,1.37715,3.08801,-1.98696,-0.36033,3.3754,0.03129,-0.94598,-1.41518,-0.12589,0.15211,0.20135,4.00498,-1.7033,0.86647,2.19625,-0.0225,-0.074,0.13227,-102.13594,18.43364,-22.81362,15.33077,-5.0942,1.68851,2.54943,-76.36885,4.70364,-0.37291,8.51077,-3.75324,-8.63672,1.49011
51.1,11.69351,-16.5579,1.27466,3.12102,-1.96965,-0.36011,3.39147,0.01726,-0.95716,-1.40936,-0.12666,0.15067,0.20226,4.02299,-1.72424,0.86066,2.20689,-0.0237,-0.07301,0.13388,-101.79362,18.3663,-22.61152,15.28956,-5.07409,1.63692,2.52982,-76.64309,4.6905,-0.26499,8.58554,-3.78602,-8.65979,1.48167
51.12,12.07475,-16.47815,1.17241,3.14676,-1.95464,-0.361,3.39786,-0.00268,-0.96514,-1.40263,-0.1271,0.14991,0.20271,4.044,-1.74929,0.85523,2.21604,-0.02447,-0.07237,0.13512,-101.37569,18.25663,-22.40282,15.35032,-5.04071,1.6048,2.51136,-76.81309,4.66866,-0.08443,8.76952,-3.81229,-8.69463,1.46511
51.14,12.38393,-16.39054,1.07003,3.16821,-1.94017,-0.36256,3.39959,-0.02344,-0.97102,-1.39598,-0.12743,0.14948,0.20296,4.06371,-1.77379,0.84992,2.22354,-0.02502,-0.07188,0.13611,-100.92562,18.12965,-22.18808,15.44729,-5.00165,1.57892,2.49289,-76.95615,4.65057,0.12713,8.9949,-3.83648,-8.73443,1.44509
51.16,12.67148,-16.29943,0.96866,3.18772,-1.92474,-0.36434,3.4007,-0.04103,-0.97566,-1.39014,-0.12778,0.14908,0.2032,4.07941,-1.79394,0.84475,2.22923,-0.02552,-0.07137,0.13695,-100.48757,18.00564,-21.9672,15.51759,-4.96344,1.54861,2.47359,-77.13721,4.64571,0.33052,9.20471,-3.8635,-8.77344,1.42588
51.18,12.91469,-16.20638,0.8749,3.20438,-1.90885,-0.36622,3.39976,-0.0563,-0.97887,-1.38486,-0.12809,0.1488,0.20335,4.09409,-1.81143,0.84061,2.23336,-0.02584,-0.07102,0.13752,-99.99699,17.89502,-21.76905,15.61802,-4.92175,1.52234,2.4552,-77.35106,4.6656,0.5149,9.41098,-3.89433,-8.81209,1.40757
51.2,13.10757,-16.07453,0.79106,3.21681,-1.89182,-0.36775,3.39749,-0.06889,-0.98021,-1.3812,-0.12829,0.14865,0.2034,4.1064,-1.82725,0.83707,2.23572,-0.0261,-0.07063,0.13792,-99.55081,17.77637,-21.51868,15.66275,-4.88015,1.4878,2.43339,-77.54972,4.68397,0.74308,9.64104,-3.92224,-8.85503,1.38555
51.22,13.25028,-15.87024,0.71966,3.22421,-1.87323,-0.36856,3.39491,-0.07765,-0.97901,-1.38056,-0.12834,0.14869,0.20333,4.11419,-1.84198,0.83358,2.23611,-0.02648,-0.06995,0.13829,-99.26246,17.61621,-21.13261,15.55611,-4.84267,1.43169,2.40354,-77.67894,4.66514,1.0772,9.9235,-3.94029,-8.906,1.35489
51.24,13.3479,-15.62604,0.66573,3.2278,-1.85375,-0.36869,3.39175,-0.08301,-0.9762,-1.38175,-0.12826,0.14881,0.20318,4.12064,-1.85578,0.83119,2.23542,-0.02679,-0.06929,0.1385,-99.01068,17.45546,-20.69476,15.39295,-4.80536,1.36715,2.37042,-77.78498,4.64577,1.45693,10.23297,-3.95496,-8.96174,1.32028
51.26,13.41401,-15.3706,0.63223,3.22935,-1.8339,-0.36825,3.38809,-0.08502,-0.97265,-1.38383,-0.12816,0.14892,0.203,4.12775,-1.86856,0.83049,2.23435,-0.02695,-0.06887,0.13851,-98.69291,17.32804,-20.28091,15.25672,-4.76477,1.30477,2.33801,-77.91929,4.6569,1.82264,10.53602,-3.97337,-9.01822,1.28647
51.28,13.45144,-15.09353,0.61992,3.22981,-1.81398,-0.36727,3.38405,-0.08264,-0.96776,-1.38795,-0.12801,0.14907,0.2028,4.13506,-1.88108,0.831,2.2328,-0.02707,-0.06851,0.13837,-98.33808,17.21436,-19.89075,15.13589,-4.72023,1.24861,2.30699,-78.05724,4.68275,2.16329,10.84774,-3.99639,-9.07072,1.25319
51.3,13.46654,-14.80904,0.62601,3.22765,-1.79406,-0.36563,3.37991,-0.07888,-0.96288,-1.39186,-0.12779,0.14916,0.20259,4.14013,-1.89219,0.83257,2.23143,-0.02699,-0.06848,0.13807,-97.98629,17.13321,-19.4463,14.97144,-4.67876,1.17742,2.27187,-78.194,4.72635,2.57145,11.16339,-4.01283,-9.13532,1.21594
51.32,13.47044,-14.5279,0.64454,3.22094,-1.77352,-0.36318,3.37593,-0.07813,-0.95985,-1.39256,-0.12751,0.14906,0.20241,4.13936,-1.90091,0.83465,2.23097,-0.02653,-0.06905,0.1376,-97.68515,17.11566,-18.86814,14.69458,-4.64937,1.06697,2.22716,-78.32009,4.79594,3.15859,11.48403,-4.00849,-9.23211,1.16881
51.34,13.46132,-14.24809,0.67526,3.21295,-1.75355,-0.36036,3.3712,-0.07718,-0.95698,-1.39284,-0.12719,0.14892,0.20223,4.1343,-1.90773,0.83678,2.23036,-0.02587,-0.06989,0.13698,-97.39903,17.12826,-18.23991,14.37618,-4.62359,0.94297,2.17929,-78.44131,4.87666,3.8151,11.8079,-3.99672,-9.34086,1.11803
51.36,13.4388,-13.96917,0.71615,3.20645,-1.73497,-0.35756,3.3648,-0.07395,-0.95305,-1.39468,-0.12683,0.14882,0.20203,4.12573,-1.91296,0.83836,2.22869,-0.02516,-0.0707,0.13625,-97.09137,17.14727,-17.64238,14.08188,-4.59461,0.82682,2.13379,-78.56118,4.95872,4.44671,12.13316,-3.9885,-9.44504,1.06856
51.38,13.41322,-13.6916,0.76005,3.20065,-1.71707,-0.35479,3.35639,-0.07183,-0.94887,-1.39627,-0.12644,0.14875,0.20179,4.10961,-1.91639,0.8382,2.22626,-0.0244,-0.07153,0.13551,-96.79164,17.1842,-17.05835,13.78329,-4.56656,0.71013,2.08936,-78.66973,5.04299,5.10604,12.46267,-3.97743,-9.55295,1.01794
51.4,13.36787,-13.43075,0.80726,3.19695,-1.70179,-0.35244,3.3456,-0.0676,-0.94379,-1.39947,-0.12604,0.14872,0.20156,4.09072,-1.91581,0.83771,2.22174,-0.02344,-0.07238,0.13448,-96.49114,17.21914,-16.45644,13.49378,-4.53745,0.59551,2.04486,-78.77381,5.12201,5.74048,12.79061,-3.96711,-9.65698,0.96853
51.42,13.28492,-13.19983,0.85934,3.19712,-1.6911,-0.35092,3.33197,-0.05699,-0.9367,-1.40694,-0.12563,0.14873,0.20137,4.0757,-1.90881,0.83895,2.21357,-0.0221,-0.07327,0.13285,-96.17781,17.22871,-15.79993,13.23045,-4.50439,0.4868,1.99901,-78.87486,5.18909,6.27763,13.11829,-3.96106,-9.74784,0.92244
51.44,13.18309,-12.99109,0.91016,3.1996,-1.6832,-0.35007,3.31553,-0.04492,-0.92885,-1.41567,-0.12522,0.14879,0.20119,4.05742,-1.89651,0.83983,2.20291,-0.02058,-0.07417,0.13093,-95.87735,17.22893,-15.12827,12.97874,-4.47101,0.38096,1.9535,-78.96484,5.24581,6.78554,13.44367,-3.95515,-9.8338,0.87771
51.46,13.08243,-12.79602,0.95542,3.20335,-1.67636,-0.34969,3.2964,-0.03512,-0.92104,-1.42358,-0.12484,0.14892,0.20098,4.03061,-1.88036,0.83873,2.19088,-0.01905,-0.07501,0.12903,-95.6099,17.23586,-14.4822,12.7267,-4.44018,0.27713,1.91012,-79.03221,5.29601,7.30989,13.77065,-3.94595,-9.92101,0.83287
51.48,12.98413,-12.61901,0.99745,3.20898,-1.67055,-0.3498,3.27429,-0.02623,-0.9124,-1.43201,-0.12421,0.14917,0.20071,3.99918,-1.85916,0.83745,2.17718,-0.01743,-0.0759,0.127,-95.39004,17.2374,-13.81595,12.46015,-4.41294,0.17023,1.86657,-79.07112,5.33365,7.8604,14.10315,-3.93127,-10.01072,0.78683
51.5,12.87738,-12.46965,1.03942,3.21516,-1.66764,-0.35051,3.25161,-0.01728,-0.90488,-1.43904,-0.12404,0.14938,0.20055,3.96298,-1.83438,0.8351,2.16281,-0.01586,-0.07676,0.125,-95.17588,17.2351,-13.20419,12.22854,-4.3852,0.07481,1.82719,-79.09835,5.36649,8.36642,14.42642,-3.91947,-10.092,0.74453
51.52,12.75216,-12.3541,1.08459,3.22031,-1.66976,-0.35187,3.23165,-0.00746,-0.90107,-1.44213,-0.12528,0.14931,0.20074,3.92199,-1.80853,0.83039,2.14925,-0.01447,-0.07754,0.12323,-94.90612,17.23008,-12.72192,12.0969,-4.35133,0.00622,1.79614,-79.13439,5.4044,8.7576,14.72039,-3.92048,-10.15244,0.71158
51.54,12.63525,-12.26485,1.13505,3.22552,-1.6744,-0.35349,3.21326,0.00276,-0.89884,-1.44363,-0.12699,0.14914,0.20107,3.88084,-1.78132,0.82599,2.1368,-0.0132,-0.07839,0.12161,-94.63859,17.21868,-12.29418,12.00166,-4.31718,-0.05115,1.76897,-79.16022,5.43877,9.1041,14.99942,-3.92482,-10.20442,0.6827
51.56,12.55371,-12.19305,1.19262,3.23166,-1.67936,-0.35496,3.19582,0.01279,-0.89668,-1.44554,-0.12844,0.14901,0.20142,3.84412,-1.75361,0.82398,2.12616,-0.01202,-0.07942,0.12012,-94.42083,17.20244,-11.85411,11.8893,-4.28761,-0.11131,1.74183,-79.15122,5.46554,9.46864,15.28515,-3.92299,-10.25819,0.65276
51.58,12.51214,-12.13207,1.25938,3.23828,-1.68565,-0.35616,3.18198,0.02307,-0.89641,-1.44679,-0.13018,0.14878,0.20194,3.81547,-1.72819,0.82411,2.11866,-0.01089,-0.08068,0.11878,-94.23152,17.18474,-11.39252,11.77666,-4.26117,-0.17393,1.71443,-79.10001,5.48804,9.85278,15.58062,-3.91713,-10.3123,0.62272
51.6,12.53215,-12.09733,1.33871,3.24455,-1.69231,-0.35666,3.17243,0.03242,-0.89706,-1.4482,-0.13158,0.14857,0.20252,3.79448,-1.70696,0.82669,2.1162,-0.01021,-0.08199,0.11804,-94.06099,17.15433,-11.00187,11.68022,-4.23606,-0.22617,1.69121,-79.05336,5.50068,10.19374,15.85091,-3.91169,-10.36103,0.59553
51.62,12.62887,-12.11145,1.43499,3.25101,-1.69804,-0.35618,3.16573,0.04055,-0.89665,-1.45208,-0.13178,0.1486,0.20297,3.78294,-1.69221,0.83318,2.11981,-0.01036,-0.08314,0.11826,-93.90332,17.09348,-10.77117,11.61222,-4.21064,-0.25499,1.6765,-79.06159,5.48991,10.44102,16.05609,-3.91077,-10.39986,0.57381
51.64,12.80762,-12.14181,1.5422,3.25634,-1.70397,-0.35458,3.1661,0.04649,-0.89835,-1.456,-0.1317,0.1486,0.20357,3.78337,-1.68624,0.84169,2.13049,-0.01109,-0.08427,0.11928,-93.76036,17.01827,-10.60898,11.55829,-4.18684,-0.2742,1.66573,-79.07749,5.46642,10.64307,16.2341,-3.91081,-10.43316,0.55511
51.66,13.06205,-12.1567,1.65356,3.26029,-1.71032,-0.35186,3.17577,0.04984,-0.90421,-1.45875,-0.13199,0.14839,0.20448,3.79899,-1.6913,0.85117,2.14812,-0.01211,-0.08545,0.12085,-93.63583,16.94462,-10.426,11.50235,-4.16606,-0.29633,1.65442,-79.05664,5.43773,10.85765,16.41801,-3.90743,-10.46658,0.53641
51.68,13.35492,-12.15795,1.76943,3.26767,-1.71534,-0.34847,3.18794,0.0539,-0.91133,-1.46493,-0.13218,0.14817,0.20558,3.83881,-1.71147,0.86534,2.1697,-0.01329,-0.08657,0.12264,-93.5428,16.86289,-10.21598,11.43107,-4.14764,-0.32039,1.64265,-78.97643,5.38444,11.11184,16.62291,-3.89736,-10.50228,0.51603
51.7,13.75184,-12.13242,1.86896,3.26467,-1.72021,-0.34317,3.2181,0.04796,-0.92503,-1.46345,-0.13278,0.14756,0.20694,3.87312,-1.7374,0.87241,2.19984,-0.01521,-0.08735,0.12559,-93.43611,16.78319,-10.08876,11.3946,-4.13149,-0.33634,1.63478,-78.94551,5.34367,11.27198,16.77319,-3.89442,-10.52898,0.50172
51.72,14.32816,-12.05799,1.92444,3.2338,-1.72543,-0.33431,3.28627,0.01871,-0.9519,-1.43946,-0.13445,0.14605,0.20863,3.86066,-1.75472,0.85674,2.24361,-0.01862,-0.08745,0.13086,-93.26082,16.71928,-10.16122,11.45317,-4.11724,-0.33515,1.6351,-79.0892,5.36131,11.19469,16.78205,-3.91324,-10.5351,0.50204
51.74,14.94101,-11.93244,1.94499,3.1922,-1.72632,-0.3239,3.36783,-0.01914,-0.98248,-1.40724,-0.1363,0.1443,0.21023,3.8311,-1.7711,0.83207,2.28881,-0.0225,-0.08695,0.1367,-93.07296,16.65476,-10.31665,11.54747,-4.10517,-0.32576,1.63924,-79.2847,5.38787,11.02257,16.73368,-3.93974,-10.53187,0.50892
51.76,15.48016,-11.74974,1.93606,3.15373,-1.72008,-0.31379,3.44379,-0.05513,-1.01005,-1.37818,-0.13778,0.14268,0.21151,3.80967,-1.7945,0.80885,2.32652,-0.02602,-0.08594,0.14176,-92.91929,16.57963,-10.44341,11.62699,-4.09563,-0.31809,1.64295,-79.4191,5.38533,10.88585,16.70677,-3.95991,-10.53025,0.5142
51.78,15.98791,-11.49453,1.87865,3.10943,-1.70623,-0.30334,3.52372,-0.09632,-1.03772,-1.34288,-0.13932,0.141,0.21239,3.76889,-1.81539,0.77696,2.35954,-0.02969,-0.0842,0.14672,-92.80339,16.49695,-10.53772,11.69297,-4.08997,-0.31593,1.64582,-79.51423,5.36582,10.7838,16.68713,-3.97312,-10.53129,0.5182
51.8,16.36057,-11.20175,1.79,3.0687,-1.6871,-0.29431,3.589,-0.13341,-1.05898,-1.31261,-0.14018,0.13942,0.21278,3.73922,-1.83909,0.74943,2.38101,-0.03263,-0.082,0.15046,-92.68683,16.40794,-10.7192,11.79274,-4.0851,-0.29898,1.65322,-79.62249,5.33645,10.58878,16.63023,-3.99403,-10.52046,0.52882
51.82,16.48189,-10.93197,1.69606,3.04539,-1.66716,-0.28894,3.61832,-0.15516,-1.06728,-1.30319,-0.13961,0.13796,0.21279,3.76583,-1.87666,0.74376,2.38449,-0.03374,-0.07981,0.15169,-92.54632,16.31214,-11.11174,11.96282,-4.07823,-0.24614,1.6704,-79.79216,5.30036,10.1646,16.49188,-4.03884,-10.4825,0.5549
51.84,16.4705,-10.65127,1.5723,3.02702,-1.64467,-0.2855,3.63121,-0.17375,-1.06921,-1.29916,-0.13845,0.13657,0.21236,3.80593,-1.91694,0.74283,2.37839,-0.03417,-0.07727,0.15188,-92.42018,16.21161,-11.58778,12.16656,-4.07287,-0.17817,1.69231,-79.97232,5.2564,9.65173,16.31395,-4.09028,-10.43225,0.58791
51.86,16.42326,-10.33642,1.40498,3.00448,-1.61829,-0.28257,3.64291,-0.19767,-1.07,-1.28874,-0.13734,0.13523,0.21146,3.82677,-1.95099,0.73399,2.3692,-0.03474,-0.0742,0.15212,-92.35606,16.1134,-12.03728,12.35803,-4.07305,-0.1141,1.71419,-80.09857,5.20296,9.17552,16.14583,-4.13215,-10.38369,0.61981
51.88,16.32517,-10.04699,1.21503,2.98428,-1.59213,-0.28104,3.64672,-0.22049,-1.06923,-1.27757,-0.13627,0.13351,0.21048,3.8447,-1.98142,0.72473,2.35586,-0.035,-0.07108,0.15193,-92.37019,16.01118,-12.48149,12.53492,-4.07963,-0.05411,1.73581,-80.15462,5.13303,8.71039,15.99192,-4.16759,-10.33504,0.65212
51.9,16.19224,-9.76411,1.00866,2.96219,-1.56587,-0.28,3.64685,-0.24753,-1.06443,-1.26461,-0.13474,0.1328,0.20877,3.8526,-2.00457,0.71252,2.34025,-0.03542,-0.06759,0.15185,-92.40733,15.92659,-12.97866,12.74905,-4.08959,0.02166,1.76324,-80.2264,5.07765,8.20297,15.79085,-4.2012,-10.27622,0.689
51.92,16.03962,-9.4384,0.78976,2.93042,-1.53799,-0.27809,3.64965,-0.28762,-1.05216,-1.24747,-0.13199,0.1349,0.20539,3.83868,-2.0146,0.69326,2.32429,-0.03669,-0.06321,0.15259,-92.39942,15.88159,-13.582,13.06294,-4.09986,0.13298,1.80319,-80.40148,5.07291,7.60933,15.48536,-4.23676,-10.19854,0.73416
51.94,15.89251,-9.18838,0.58423,2.89886,-1.51585,-0.27683,3.65096,-0.32956,-1.03733,-1.2295,-0.1289,0.13797,0.20158,3.81529,-2.01347,0.67368,2.30895,-0.03811,-0.05897,0.15354,-92.42092,15.85928,-14.2419,13.41661,-4.11421,0.2604,1.8496,-80.57627,5.08345,6.97739,15.13779,-4.26895,-10.11077,0.78382
51.96,15.77451,-9.09635,0.41071,2.87397,-1.50498,-0.27719,3.64896,-0.36557,-1.02433,-1.21282,-0.12619,0.14059,0.19835,3.78907,-2.00209,0.65798,2.29529,-0.03923,-0.05562,0.15438,-92.53777,15.84008,-14.89508,13.75649,-4.13637,0.38415,1.89623,-80.66145,5.07865,6.36463,14.80504,-4.29197,-10.02306,0.83342
51.98,15.67267,-9.07545,0.26751,2.84796,-1.50168,-0.2778,3.64557,-0.40435,-1.00926,-1.19688,-0.12296,0.14398,0.19491,3.7544,-1.97744,0.64516,2.28287,-0.04037,-0.05269,0.15547,-92.73109,15.83348,-15.567,14.10302,-4.16617,0.51049,1.94585,-80.67332,5.08016,5.76974,14.48733,-4.30541,-9.93538,0.88271
52,15.65582,-9.32549,0.17571,2.83872,-1.51566,-0.28118,3.64066,-0.42772,-1.00067,-1.18365,-0.12115,0.14616,0.19288,3.71971,-1.94549,0.63611,2.27579,-0.04121,-0.05122,0.15647,-92.97853,15.84158,-16.26249,14.45651,-4.20004,0.6436,1.99799,-80.64956,5.06253,5.14287,14.13293,-4.31594,-9.83855,0.9364
52.02,15.80521,-10.08763,0.15778,2.86868,-1.55793,-0.2904,3.63473,-0.41204,-1.00949,-1.17585,-0.12324,0.14471,0.19434,3.69618,-1.91418,0.6317,2.27863,-0.04139,-0.05244,0.15695,-93.26973,15.86695,-16.97553,14.80037,-4.23566,0.78591,2.05149,-80.63143,4.99387,4.43528,13.68365,-4.33138,-9.72326,0.99964
52.04,16.03597,-11.06417,0.18553,2.91488,-1.61249,-0.30171,3.62832,-0.38113,-1.0241,-1.17103,-0.12669,0.14211,0.19712,3.67468,-1.88026,0.63029,2.28622,-0.04131,-0.05492,0.1573,-93.60225,15.90818,-17.70832,15.14676,-4.27398,0.93431,2.10731,-80.58151,4.907,3.70484,13.20396,-4.34524,-9.60069,1.06656
52.06,16.27138,-12.00934,0.23306,2.95799,-1.6666,-0.31214,3.62215,-0.35332,-1.03589,-1.16748,-0.12954,0.14025,0.19954,3.65003,-1.84195,0.63092,2.29434,-0.04129,-0.0575,0.15782,-93.9727,15.95774,-18.45422,15.50328,-4.31591,1.08407,2.16543,-80.4711,4.82522,2.99964,12.74736,-4.35175,-9.48072,1.13179
52.08,16.53201,-12.99669,0.30179,3.00546,-1.72246,-0.3227,3.61772,-0.31907,-1.04925,-1.16469,-0.13286,0.13796,0.20237,3.6287,-1.80443,0.63301,2.30444,-0.04124,-0.06047,0.1583,-94.36072,16.01234,-19.20976,15.86599,-4.36048,1.23678,2.2256,-80.32276,4.72876,2.31283,12.29071,-4.35555,-9.36258,1.19708
52.1,16.76618,-13.8883,0.37082,3.04767,-1.7729,-0.33206,3.61304,-0.28891,-1.05984,-1.16297,-0.13552,0.13634,0.20472,3.60914,-1.76951,0.63665,2.3135,-0.04106,-0.06329,0.15863,-94.76127,16.07832,-19.97971,16.23132,-4.40385,1.39104,2.2872,-80.1482,4.64356,1.62135,11.84724,-4.35614,-9.24181,1.26176
52.12,16.91172,-14.51328,0.41522,3.07267,-1.81001,-0.33855,3.60591,-0.27661,-1.06243,-1.16337,-0.13612,0.13688,0.20554,3.5886,-1.73806,0.64221,2.31792,-0.04066,-0.06528,0.15877,-95.17247,16.16744,-20.78231,16.59608,-4.44234,1.54743,2.3505,-79.96797,4.60534,0.88911,11.42789,-4.35311,-9.11283,1.32583
52.14,17.00452,-14.98827,0.44179,3.08875,-1.83871,-0.34351,3.5996,-0.27093,-1.06261,-1.16397,-0.13602,0.13802,0.20579,3.57218,-1.71294,0.64802,2.32041,-0.04019,-0.06677,0.15878,-95.57175,16.265,-21.59798,16.9597,-4.47709,1.70412,2.41458,-79.79013,4.57886,0.15328,11.02007,-4.34974,-8.98245,1.38907
52.16,17.07342,-15.39798,0.45578,3.10175,-1.86232,-0.34783,3.59661,-0.26398,-1.06417,-1.16327,-0.13621,0.13866,0.20612,3.56314,-1.69551,0.65281,2.32283,-0.03979,-0.06798,0.15871,-95.93751,16.35598,-22.40816,17.3259,-4.50917,1.86039,2.4788,-79.61998,4.53818,-0.56018,10.61804,-4.34825,-8.85652,1.45124
52.18,17.11039,-15.70326,0.44923,3.1101,-1.87868,-0.35123,3.59554,-0.25987,-1.06545,-1.1622,-0.13624,0.1393,0.20624,3.56015,-1.68552,0.65694,2.32393,-0.03941,-0.06874,0.15852,-96.25587,16.43827,-23.23042,17.70414,-4.53604,2.02223,2.54449,-79.49022,4.49312,-1.27894,10.20784,-4.35208,-8.73021,1.51398
52.2,17.10159,-15.91169,0.42315,3.11099,-1.88958,-0.35373,3.59721,-0.25888,-1.06745,-1.15932,-0.13625,0.13967,0.20625,3.56165,-1.68275,0.65899,2.3244,-0.03913,-0.06907,0.15837,-96.5423,16.53049,-24.02809,18.06319,-4.55882,2.17178,2.60691,-79.36227,4.45467,-1.96014,9.82964,-4.35514,-8.61158,1.57312
52.22,17.03746,-16.04527,0.38159,3.10189,-1.89774,-0.35546,3.60282,-0.26031,-1.07167,-1.1527,-0.13651,0.13945,0.20628,3.56584,-1.68627,0.65742,2.32527,-0.03902,-0.06903,0.15847,-96.80781,16.65767,-24.76438,18.37446,-4.57901,2.28821,2.66069,-79.1906,4.43858,-2.5647,9.52837,-4.35075,-8.50822,1.62442
52.24,16.94139,-16.11068,0.32412,3.08746,-1.90223,-0.35662,3.61009,-0.26481,-1.07659,-1.14456,-0.13679,0.13897,0.20624,3.5716,-1.69482,0.65355,2.3255,-0.039,-0.06864,0.15862,-97.03433,16.79505,-25.46946,18.66357,-4.59496,2.39107,2.71028,-79.03206,4.43514,-3.13551,9.2595,-4.34645,-8.41229,1.67191
52.26,16.84419,-16.12974,0.25286,3.0729,-1.90287,-0.35752,3.61719,-0.2718,-1.08132,-1.13655,-0.13698,0.13844,0.20611,3.57752,-1.70686,0.6483,2.32461,-0.03899,-0.06797,0.1587,-97.19975,16.92084,-26.1716,18.95937,-4.60468,2.49717,2.75968,-78.93888,4.43332,-3.71055,8.98031,-4.34977,-8.31715,1.71987
52.28,16.75059,-16.12777,0.17401,3.05828,-1.90188,-0.35828,3.62383,-0.28035,-1.08621,-1.1281,-0.13723,0.13781,0.20592,3.58131,-1.72081,0.64104,2.32301,-0.03904,-0.06711,0.15879,-97.30832,17.04669,-26.89082,19.25723,-4.60739,2.60358,2.80881,-78.91967,4.44613,-4.31317,8.68981,-4.36154,-8.2203,1.76981
52.3,16.65964,-16.09243,0.08959,3.04528,-1.89834,-0.35889,3.62842,-0.29155,-1.09026,-1.12039,-0.13735,0.13709,0.2057,3.58223,-1.73591,0.63259,2.32023,-0.03904,-0.06611,0.15879,-97.37573,17.16587,-27.53918,19.53586,-4.60741,2.69967,2.85306,-78.91079,4.46493,-4.8515,8.43344,-4.37219,-8.13387,1.81401
52.32,16.56739,-16.00702,0.00186,3.0355,-1.89087,-0.35931,3.62929,-0.30666,-1.09229,-1.11481,-0.13711,0.13633,0.20545,3.58005,-1.75152,0.62416,2.31571,-0.03889,-0.06508,0.15859,-97.42619,17.26536,-28.02062,19.76799,-4.61022,2.77466,2.88754,-78.85154,4.47912,-5.23684,8.25251,-4.37269,-8.06934,1.84489
52.34,16.4925,-15.91586,-0.0794,3.02999,-1.88293,-0.3597,3.62629,-0.32296,-1.09287,-1.11075,-0.13678,0.13557,0.2052,3.57254,-1.76573,0.61494,2.31033,-0.03868,-0.06407,0.1583,-97.44397,17.35824,-28.42442,19.97553,-4.61136,2.83898,2.91673,-78.80214,4.50311,-5.55968,8.10388,-4.37209,-8.01504,1.87007
52.36,16.45111,-15.85668,-0.1445,3.02977,-1.87744,-0.36019,3.61923,-0.33804,-1.09239,-1.10777,-0.13655,0.13485,0.20497,3.55819,-1.77666,0.60464,2.30493,-0.03847,-0.06317,0.15804,-97.40772,17.46032,-28.84335,20.18662,-4.60653,2.90352,2.94539,-78.82539,4.55293,-5.91173,7.94227,-4.3794,-7.959,1.8973
52.38,16.44367,-15.83793,-0.1864,3.03482,-1.87503,-0.36073,3.60747,-0.35193,-1.09026,-1.10604,-0.13631,0.13422,0.20475,3.53606,-1.78327,0.59389,2.30005,-0.03821,-0.06254,0.1578,-97.31445,17.57009,-29.28056,20.40719,-4.59463,2.97052,2.97384,-78.92099,4.629,-6.30663,7.76877,-4.39505,-7.89861,1.92712
52.4,16.47075,-15.83988,-0.20002,3.04695,-1.87557,-0.36128,3.59059,-0.36249,-1.08636,-1.10732,-0.1362,0.13371,0.20462,3.50921,-1.78523,0.58373,2.29551,-0.03795,-0.06209,0.15757,-97.20167,17.68776,-29.6366,20.59324,-4.58344,3.02344,2.99653,-79.01848,4.72422,-6.61778,7.62736,-4.40811,-7.85203,1.95047
52.42,16.53007,-15.84222,-0.17944,3.06859,-1.87872,-0.36181,3.56829,-0.36656,-1.08052,-1.11402,-0.13638,0.13333,0.20471,3.48261,-1.78197,0.57595,2.29092,-0.03775,-0.06175,0.15733,-97.11142,17.81959,-29.81605,20.6954,-4.58104,3.04632,3.0081,-79.04679,4.83607,-6.71392,7.56193,-4.40698,-7.83853,1.9576
52.44,16.62349,-15.87527,-0.11612,3.09651,-1.8865,-0.36233,3.54137,-0.36498,-1.07263,-1.12405,-0.13668,0.13314,0.20491,3.45323,-1.77216,0.5707,2.28813,-0.03754,-0.06185,0.15716,-97.00608,17.96182,-29.91474,20.76145,-4.57973,3.05533,3.01393,-79.07547,4.96736,-6.72609,7.52659,-4.40332,-7.83887,1.95829
52.46,16.75083,-15.9733,-0.0018,3.12783,-1.90095,-0.36292,3.51081,-0.35762,-1.06261,-1.13579,-0.13699,0.13317,0.20514,3.4194,-1.75421,0.56859,2.28879,-0.03731,-0.0627,0.15714,-96.85335,18.11608,-30.03157,20.83262,-4.57243,3.06625,3.01951,-79.17063,5.12549,-6.78374,7.48008,-4.40744,-7.8346,1.9617
52.48,16.89785,-16.1371,0.1684,3.16325,-1.92208,-0.36372,3.47663,-0.34196,-1.05025,-1.15068,-0.13728,0.1334,0.20546,3.38754,-1.72775,0.57255,2.29263,-0.03695,-0.06441,0.15716,-96.63176,18.29937,-30.1702,20.92158,-4.55901,3.07911,3.02509,-79.33371,5.32085,-6.87775,7.41974,-4.41868,-7.82758,1.96721
52.5,17.07099,-16.33073,0.38671,3.19654,-1.94953,-0.36446,3.4426,-0.32093,-1.03679,-1.16526,-0.13765,0.1339,0.20576,3.35149,-1.6931,0.57939,2.30164,-0.03674,-0.06689,0.15754,-96.42421,18.46811,-30.22169,20.95895,-4.54654,3.07848,3.02452,-79.49095,5.51305,-6.90095,7.39261,-4.42853,-7.83128,1.96753
52.52,17.28032,-16.50604,0.63898,3.22118,-1.98149,-0.36467,3.41376,-0.29788,-1.02373,-1.17582,-0.13816,0.13474,0.20594,3.30332,-1.65054,0.58478,2.31769,-0.03704,-0.06993,0.1586,-96.31988,18.57019,-30.06692,20.87202,-4.54244,3.04772,3.01113,-79.55778,5.65224,-6.73515,7.45444,-4.42781,-7.8613,1.95429
52.54,17.49214,-16.68953,0.92395,3.23871,-2.01793,-0.36487,3.38877,-0.2705,-1.01074,-1.18418,-0.13868,0.13576,0.20601,3.25532,-1.60179,0.5941,2.33896,-0.0375,-0.07373,0.15999,-96.22704,18.65686,-29.82955,20.73444,-4.53887,3.00401,2.99189,-79.62276,5.78212,-6.49889,7.5464,-4.42622,-7.90214,1.9362
52.56,17.67707,-16.90346,1.23615,3.25047,-2.05797,-0.36549,3.36732,-0.23672,-0.99753,-1.19203,-0.13905,0.13685,0.206,3.21836,-1.54843,0.6115,2.36351,-0.03781,-0.07837,0.16137,-96.06251,18.76138,-29.61285,20.61628,-4.52888,2.96257,2.97293,-79.75815,5.93536,-6.30365,7.62282,-4.4324,-7.93927,1.92058
52.58,17.84058,-17.11464,1.55684,3.25591,-2.09693,-0.36619,3.35379,-0.19628,-0.98459,-1.19947,-0.13901,0.13795,0.20586,3.19194,-1.48966,0.63543,2.3905,-0.0381,-0.08351,0.16272,-95.84905,18.86041,-29.3911,20.50104,-4.51364,2.91919,2.95242,-79.93621,6.09099,-6.11048,7.70383,-4.44339,-7.97758,1.90494
52.6,17.94133,-17.28204,1.85852,3.24329,-2.13646,-0.36709,3.34761,-0.16202,-0.9747,-1.19849,-0.13915,0.13902,0.20537,3.17717,-1.43866,0.66306,2.41998,-0.03838,-0.08901,0.1642,-95.60338,18.96719,-29.13385,20.36298,-4.49625,2.87076,2.92941,-80.1577,6.25317,-5.91208,7.7835,-4.45906,-8.01859,1.88875
52.62,17.93208,-17.37472,2.11257,3.20187,-2.17908,-0.36853,3.34661,-0.14696,-0.97092,-1.18174,-0.14025,0.14002,0.20442,3.17596,-1.41285,0.69065,2.45183,-0.03867,-0.09475,0.16594,-95.33653,19.09972,-28.80922,20.18085,-4.47977,2.81482,2.90312,-80.42171,6.42896,-5.7065,7.85629,-4.47931,-8.06328,1.87134
52.64,17.8483,-17.36175,2.30479,3.13946,-2.21549,-0.36971,3.35538,-0.14546,-0.972,-1.15478,-0.14147,0.14091,0.20309,3.1886,-1.40304,0.71795,2.48299,-0.039,-0.10009,0.16771,-95.0294,19.23004,-28.45203,19.98363,-4.4604,2.75451,2.87462,-80.73125,6.60426,-5.4982,7.92624,-4.50446,-8.1103,1.85353
52.66,17.72678,-17.23146,2.42377,3.06511,-2.23846,-0.3702,3.37671,-0.15138,-0.9769,-1.12351,-0.14221,0.14164,0.20158,3.21526,-1.40338,0.74391,2.51141,-0.03947,-0.1045,0.16936,-94.66931,19.33466,-28.09341,19.79406,-4.43508,2.6932,2.84503,-81.09003,6.76699,-5.29509,7.99594,-4.53495,-8.1579,1.836
52.68,17.57148,-17.02961,2.45894,2.98449,-2.24988,-0.371,3.40706,-0.16292,-0.9871,-1.09054,-0.14309,0.14219,0.20026,3.25632,-1.42632,0.76407,2.53775,-0.04022,-0.10785,0.17102,-94.29008,19.40379,-27.70847,19.5893,-4.40652,2.629,2.81383,-81.48729,6.90592,-5.07609,8.06625,-4.57036,-8.20824,1.81759
52.7,17.36488,-16.59769,2.39917,2.87954,-2.24538,-0.36958,3.44887,-0.20166,-1.00282,-1.04407,-0.14358,0.14258,0.19859,3.30418,-1.45844,0.77937,2.55979,-0.0412,-0.10962,0.17295,-93.8294,19.46396,-27.33679,19.41034,-4.37119,2.56536,2.78205,-81.94091,7.04719,-4.8866,8.1319,-4.61078,-8.25674,1.80076
52.72,17.08011,-15.76324,2.24161,2.72734,-2.22159,-0.36313,3.50354,-0.29364,-1.02395,-0.96969,-0.14289,0.14269,0.19589,3.34799,-1.48201,0.79162,2.57542,-0.04228,-0.10938,0.17549,-93.22806,19.54216,-27.02265,19.29377,-4.32593,2.50537,2.75045,-82.46997,7.2205,-4.77948,8.19011,-4.65526,-8.29767,1.78781
52.74,16.74809,-14.74459,2.01024,2.55731,-2.18462,-0.35485,3.56214,-0.41281,-1.05098,-0.88374,-0.14226,0.14226,0.19332,3.3929,-1.51127,0.79734,2.58704,-0.04361,-0.10757,0.17844,-92.56037,19.60485,-26.72523,19.20373,-4.27492,2.44691,2.71875,-83.04893,7.39281,-4.70063,8.24077,-4.70407,-8.33643,1.77665
52.76,16.40933,-13.72968,1.72993,2.39466,-2.14194,-0.34732,3.61818,-0.53488,-1.08348,-0.8013,-0.14254,0.14134,0.19181,3.44138,-1.55688,0.7939,2.59697,-0.04532,-0.10463,0.18163,-91.89789,19.62471,-26.41336,19.10401,-4.22241,2.38776,2.68652,-83.64712,7.53856,-4.60747,8.29339,-4.75553,-8.37713,1.76466
52.78,16.05729,-12.67352,1.41193,2.22764,-2.09852,-0.33968,3.66802,-0.67124,-1.12105,-0.71731,-0.14318,0.13966,0.19093,3.48122,-1.61621,0.78003,2.60532,-0.04739,-0.10053,0.18531,-91.25427,19.60154,-26.06756,18.9818,-4.17044,2.32315,2.65219,-84.26551,7.66672,-4.49524,8.34701,-4.80664,-8.42075,1.75139
52.8,15.70294,-11.66002,1.09011,2.07957,-2.04798,-0.33165,3.71223,-0.80265,-1.15992,-0.63798,-0.14486,0.13777,0.19093,3.52582,-1.66699,0.7643,2.6111,-0.04942,-0.09587,0.18887,-90.55224,19.57386,-25.7873,18.91527,-4.11197,2.27061,2.62186,-84.90208,7.78673,-4.42028,8.39075,-4.86329,-8.45952,1.74068
52.82,15.35745,-10.77967,0.79587,1.97562,-1.98265,-0.32282,3.75157,-0.90541,-1.19333,-0.57017,-0.14835,0.13712,0.19189,3.59063,-1.68625,0.75582,2.61334,-0.05096,-0.0914,0.19163,-89.70318,19.57858,-25.67399,18.99177,-4.03938,2.24878,2.60183,-85.55717,7.90292,-4.44195,8.40708,-4.93216,-8.48453,1.73675
52.84,15.0276,-9.97997,0.52542,1.8965,-1.91283,-0.31297,3.78114,-0.99451,-1.22185,-0.50848,-0.15221,0.13684,0.19294,3.65327,-1.69146,0.74644,2.61298,-0.05231,-0.08679,0.19413,-88.80848,19.58632,-25.62576,19.12226,-3.96226,2.23882,2.58569,-86.21395,8.01629,-4.50254,8.41254,-5.00515,-8.50374,1.73554
52.86,14.72372,-9.22812,0.27605,1.82644,-1.84841,-0.3023,3.79531,-1.0847,-1.24707,-0.44886,-0.15555,0.13603,0.19351,3.69312,-1.69816,0.72878,2.61108,-0.05369,-0.08181,0.19678,-87.95859,19.56875,-25.55229,19.22944,-3.88861,2.22464,2.56811,-86.85656,8.12315,-4.55,8.42266,-5.07476,-8.52442,1.73331
52.88,14.43284,-8.52769,0.05733,1.7633,-1.79079,-0.29074,3.78504,-1.18038,-1.26427,-0.38983,-0.15899,0.13577,0.19352,3.70376,-1.70043,0.70357,2.60719,-0.05492,-0.07674,0.19935,-87.13763,19.53585,-25.47168,19.32605,-3.81784,2.20902,2.55035,-87.47824,8.21209,-4.58125,8.43094,-5.14152,-8.54715,1.72993
52.9,14.20721,-7.91615,-0.12604,1.73512,-1.7292,-0.27809,3.7721,-1.25219,-1.27849,-0.33941,-0.16132,0.134,0.19296,3.7073,-1.68897,0.67841,2.59802,-0.05572,-0.07169,0.20119,-86.31024,19.51198,-25.4259,19.45472,-3.74604,2.20062,2.53462,-88.08861,8.32198,-4.64891,8.43903,-5.20962,-8.56369,1.72893
52.92,14.10536,-7.42701,-0.27453,1.77084,-1.65236,-0.26424,3.78669,-1.26773,-1.29854,-0.30542,-0.16119,0.12778,0.19197,3.72858,-1.6543,0.66071,2.57975,-0.05583,-0.06675,0.2016,-85.44349,19.52182,-25.45698,19.65795,-3.6689,2.20791,2.5231,-88.70891,8.50003,-4.80855,8.44197,-5.28472,-8.56485,1.73455
52.94,14.06038,-6.99776,-0.39316,1.83986,-1.57278,-0.2498,3.79874,-1.26182,-1.31613,-0.28145,-0.1603,0.11982,0.19059,3.73892,-1.60425,0.64402,2.55189,-0.05523,-0.0619,0.20065,-84.57217,19.54987,-25.51967,19.89265,-3.59117,2.22131,2.51327,-89.31375,8.70325,-5.00159,8.44665,-5.3608,-8.55998,1.7425
52.96,14.01186,-6.57542,-0.48569,1.91347,-1.50047,-0.23534,3.78324,-1.26297,-1.32414,-0.26112,-0.15999,0.11268,0.18905,3.71466,-1.54678,0.62306,2.51515,-0.05395,-0.05718,0.19851,-83.743,19.58376,-25.57183,20.10738,-3.51797,2.23223,2.50301,-89.89026,8.9001,-5.17796,8.45236,-5.43251,-8.55728,1.74902
52.98,13.96924,-6.16984,-0.55255,1.99363,-1.43169,-0.22099,3.75237,-1.25936,-1.32791,-0.24202,-0.15979,0.10491,0.18736,3.66232,-1.47613,0.59986,2.47003,-0.05204,-0.0528,0.19518,-82.93586,19.6428,-25.65044,20.32668,-3.4457,2.24699,2.49396,-90.46666,9.11841,-5.36436,8.43938,-5.50284,-8.55163,1.75661
53,13.89029,-5.76945,-0.59454,2.09024,-1.36222,-0.20739,3.70154,-1.25142,-1.31916,-0.24291,-0.16008,0.0995,0.18627,3.60091,-1.3995,0.58329,2.4098,-0.04888,-0.04876,0.1895,-82.16102,19.7069,-25.69979,20.5369,-3.37944,2.25724,2.48385,-90.97942,9.32467,-5.53644,8.46081,-5.56865,-8.54862,1.76241
53.02,13.72893,-5.35576,-0.61293,2.2148,-1.28714,-0.1951,3.6278,-1.24051,-1.28863,-0.28494,-0.1613,0.10021,0.1867,3.55304,-1.32558,0.583,2.32674,-0.04386,-0.045,0.18029,-81.43408,19.74667,-25.6495,20.71934,-3.32559,2.25243,2.46982,-91.35539,9.47249,-5.66253,8.57562,-5.62646,-8.55526,1.76342
53.04,13.49666,-4.94314,-0.61127,2.34654,-1.20942,-0.18406,3.5453,-1.22488,-1.24852,-0.34556,-0.16284,0.10384,0.18786,3.50863,-1.24885,0.59273,2.22976,-0.03773,-0.04187,0.16885,-80.74421,19.7932,-25.56956,20.89411,-3.27821,2.24326,2.45498,-91.65945,9.60733,-5.77136,8.72711,-5.67878,-8.56497,1.76233
53.06,13.21179,-4.54211,-0.5956,2.46682,-1.13174,-0.17413,3.46562,-1.20567,-1.20882,-0.40613,-0.16435,0.10806,0.18923,3.46008,-1.1658,0.60749,2.12792,-0.03119,-0.03958,0.15648,-80.09078,19.87339,-25.52049,21.06931,-3.23336,2.23882,2.44196,-91.94659,9.76478,-5.88231,8.86322,-5.72745,-8.57252,1.76147
53.08,12.88226,-4.13714,-0.57222,2.58394,-1.04914,-0.16512,3.39774,-1.17884,-1.16917,-0.47507,-0.16527,0.11393,0.19083,3.42402,-1.07763,0.63223,2.01979,-0.02412,-0.03807,0.143,-79.47811,19.97924,-25.49325,21.24609,-3.19215,2.23683,2.43025,-92.19407,9.93311,-6.00609,8.99876,-5.77275,-8.57729,1.76154
53.1,12.49145,-3.79359,-0.54546,2.67906,-0.97323,-0.15838,3.33643,-1.15897,-1.13154,-0.53877,-0.16666,0.12051,0.19272,3.39533,-0.99604,0.66239,1.9146,-0.01709,-0.03751,0.12949,-78.90564,20.10198,-25.45415,21.42224,-3.1573,2.23485,2.41948,-92.37882,10.10489,-6.09325,9.14668,-5.80964,-8.58573,1.75858
53.12,12.02381,-3.58769,-0.51872,2.73131,-0.91735,-0.15545,3.27479,-1.16181,-1.09767,-0.58106,-0.16972,0.12634,0.19492,3.36662,-0.93199,0.69295,1.82338,-0.01063,-0.03809,0.11719,-78.36272,20.23365,-25.36275,21.5993,-3.13157,2.2304,2.4093,-92.46847,10.27141,-6.08728,9.3286,-5.83227,-8.6045,1.74763
53.14,11.54076,-3.44771,-0.49992,2.75972,-0.87051,-0.15475,3.22775,-1.17417,-1.06958,-0.61088,-0.17252,0.13169,0.19648,3.35402,-0.87714,0.72775,1.74347,-0.00474,-0.03939,0.10604,-77.86553,20.37664,-25.26185,21.77334,-3.11256,2.22645,2.40039,-92.48729,10.43589,-6.04349,9.52232,-5.84574,-8.62661,1.73365
53.16,11.07799,-3.30768,-0.4942,2.78021,-0.8231,-0.15479,3.20477,-1.18463,-1.0483,-0.63663,-0.17378,0.13683,0.19699,3.36787,-0.82407,0.76895,1.67167,0.00064,-0.04108,0.09592,-77.41352,20.53563,-25.18805,21.94937,-3.09758,2.22579,2.39345,-92.45746,10.60514,-6.01114,9.7101,-5.85501,-8.64573,1.72093
53.18,10.60247,-3.18883,-0.49864,2.79537,-0.77615,-0.15559,3.19948,-1.19372,-1.03108,-0.6608,-0.17416,0.14139,0.19677,3.40769,-0.77256,0.81669,1.60753,0.00564,-0.04322,0.08676,-76.96104,20.71033,-25.12098,22.14823,-3.08683,2.22892,2.38877,-92.35817,10.77194,-5.97438,9.9101,-5.85923,-8.66372,1.70808
53.2,10.20683,-3.0666,-0.51646,2.78973,-0.73918,-0.15741,3.20787,-1.21337,-1.02371,-0.66357,-0.17302,0.14426,0.19471,3.45981,-0.7331,0.85952,1.56283,0.00912,-0.04513,0.08031,-76.606,20.876,-25.06952,22.30596,-3.08029,2.23091,2.38455,-92.23246,10.93298,-5.92629,10.09437,-5.85829,-8.68213,1.69513
53.22,9.99175,-2.91118,-0.54674,2.74494,-0.72264,-0.16052,3.22329,-1.25676,-1.03148,-0.62115,-0.16938,0.14475,0.18956,3.50867,-0.7155,0.88582,1.55088,0.00992,-0.04601,0.07848,-76.4635,21.006,-25.03962,22.34989,-3.078,2.22582,2.37854,-92.12303,11.08629,-5.85348,10.23663,-5.852,-8.70279,1.68209
53.24,9.86452,-2.74242,-0.57768,2.68583,-0.7166,-0.16417,3.24365,-1.30725,-1.04802,-0.55496,-0.16373,0.14285,0.18192,3.56304,-0.7073,0.90436,1.55849,0.00918,-0.04629,0.07946,-76.40488,21.11966,-25.02038,22.35268,-3.07816,2.21881,2.37255,-92.00335,11.22993,-5.77334,10.36092,-5.84246,-8.72355,1.66954
53.26,9.74463,-2.5746,-0.60089,2.63422,-0.71147,-0.16747,3.26798,-1.35087,-1.06729,-0.48623,-0.15731,0.13925,0.17339,3.6296,-0.69752,0.92304,1.57273,0.00793,-0.04639,0.08155,-76.32125,21.23213,-24.99943,22.37699,-3.07959,2.21414,2.36799,-91.84656,11.35939,-5.69494,10.49196,-5.83132,-8.74301,1.65742
53.28,9.6285,-2.38188,-0.61502,2.58172,-0.70895,-0.17009,3.28653,-1.39565,-1.08751,-0.40831,-0.14988,0.13395,0.16322,3.69895,-0.68881,0.93955,1.59507,0.00607,-0.04627,0.08488,-76.2238,21.3548,-24.98082,22.41591,-3.08229,2.20966,2.36416,-91.6382,11.48854,-5.60354,10.64959,-5.81746,-8.76474,1.64425
53.3,9.60633,-2.21257,-0.61878,2.54062,-0.71217,-0.1725,3.31511,-1.43141,-1.11819,-0.32293,-0.14219,0.12632,0.15295,3.77019,-0.68203,0.94805,1.62683,0.00318,-0.04535,0.08989,-76.17078,21.43666,-24.96156,22.42761,-3.08449,2.20536,2.3605,-91.47813,11.57896,-5.5282,10.75172,-5.8057,-8.78154,1.63445
53.32,9.78001,-2.11483,-0.61383,2.52581,-0.72374,-0.1753,3.37556,-1.44585,-1.17025,-0.23422,-0.13605,0.11567,0.14527,3.84657,-0.67851,0.94242,1.66923,-0.00122,-0.04295,0.09702,-76.22316,21.42311,-24.94361,22.37027,-3.08353,2.20207,2.35655,-91.47826,11.59258,-5.51024,10.70633,-5.80072,-8.78464,1.63271
53.34,10.04757,-2.04268,-0.59895,2.52436,-0.7387,-0.17752,3.44685,-1.45247,-1.23139,-0.14201,-0.13109,0.10315,0.13883,3.92236,-0.67682,0.92885,1.71809,-0.00649,-0.03981,0.10535,-76.31589,21.37236,-24.92617,22.28705,-3.08134,2.19886,2.35263,-91.53492,11.57012,-5.51231,10.6079,-5.79826,-8.78289,1.63398
53.36,10.30684,-1.95362,-0.57299,2.52609,-0.75214,-0.17837,3.51027,-1.46076,-1.29015,-0.04803,-0.12654,0.09015,0.13215,3.99414,-0.67518,0.91417,1.768,-0.01192,-0.03663,0.11386,-76.38959,21.33578,-24.90668,22.21599,-3.07986,2.1952,2.34899,-91.55887,11.54823,-5.50471,10.53791,-5.79464,-8.7833,1.63416
53.38,10.58612,-1.85491,-0.53879,2.53293,-0.76534,-0.17826,3.57129,-1.46704,-1.34948,0.04694,-0.12243,0.07649,0.12549,4.06472,-0.67564,0.89676,1.81836,-0.01762,-0.03315,0.12253,-76.4636,21.29009,-24.88833,22.14821,-3.0773,2.19215,2.34547,-91.59584,11.51365,-5.48674,10.45985,-5.79075,-8.78452,1.63446
53.4,10.88268,-1.76836,-0.49531,2.54615,-0.77526,-0.17692,3.63356,-1.47221,-1.40789,0.14188,-0.119,0.06285,0.11944,4.1299,-0.67481,0.87912,1.86885,-0.02328,-0.02992,0.13111,-76.54748,21.25617,-24.86866,22.06775,-3.07589,2.18811,2.34238,-91.63581,11.47715,-5.49406,10.38356,-5.78881,-8.78248,1.63633
53.42,11.1934,-1.71541,-0.44189,2.56745,-0.77766,-0.17396,3.70023,-1.47816,-1.46301,0.23614,-0.11675,0.05007,0.1148,4.18485,-0.66804,0.86432,1.91895,-0.02852,-0.02753,0.13928,-76.6662,21.26477,-24.84552,21.94171,-3.07996,2.18221,2.34037,-91.66518,11.45632,-5.57045,10.32009,-5.79149,-8.77284,1.64181
53.44,11.50509,-1.68054,-0.38322,2.59206,-0.77631,-0.17014,3.7687,-1.48366,-1.51535,0.33015,-0.11515,0.03773,0.11077,4.23481,-0.65919,0.85207,1.96643,-0.03337,-0.02568,0.14684,-76.79896,21.2889,-24.82062,21.79978,-3.08572,2.17549,2.33882,-91.69815,11.44003,-5.67228,10.26019,-5.79618,-8.76028,1.64878
53.46,11.8067,-1.64818,-0.32364,2.61566,-0.77405,-0.16613,3.83494,-1.4886,-1.56483,0.42443,-0.11331,0.02555,0.10622,4.28426,-0.65099,0.84222,2.0094,-0.03784,-0.0241,0.15364,-76.92739,21.30976,-24.7971,21.66605,-3.09024,2.16905,2.33719,-91.74445,11.42166,-5.76169,10.19711,-5.80038,-8.74892,1.65544
53.48,12.11329,-1.62017,-0.26635,2.63956,-0.76876,-0.16187,3.90123,-1.49309,-1.61176,0.51947,-0.11117,0.01361,0.10116,4.33472,-0.64044,0.83443,2.0483,-0.04203,-0.02272,0.1598,-77.07586,21.33918,-24.77853,21.51691,-3.09481,2.16286,2.33584,-91.80956,11.41085,-5.85911,10.12375,-5.80485,-8.73725,1.66265
53.5,12.37301,-1.61949,-0.20934,2.65913,-0.7644,-0.15797,3.96686,-1.49844,-1.65491,0.61343,-0.10886,0.00211,0.09598,4.37787,-0.63065,0.83203,2.08086,-0.04527,-0.02224,0.16463,-77.19984,21.36482,-24.75148,21.39117,-3.09947,2.15559,2.33425,-91.86521,11.39936,-5.94853,10.06763,-5.80992,-8.72603,1.6695
53.52,12.52573,-1.66897,-0.15038,2.66893,-0.7656,-0.15508,4.02987,-1.50722,-1.69316,0.70528,-0.10669,-0.00889,0.0913,4.40322,-0.62648,0.83838,2.10459,-0.04679,-0.02347,0.16735,-77.23256,21.36994,-24.69873,21.34643,-3.10343,2.14614,2.33177,-91.87816,11.37814,-6.01494,10.062,-5.81553,-8.71613,1.67479
53.54,12.62567,-1.74594,-0.09603,2.67355,-0.76836,-0.15287,4.09199,-1.51793,-1.72799,0.79584,-0.10429,-0.01954,0.08649,4.41998,-0.6237,0.84918,2.12146,-0.04732,-0.02549,0.16872,-77.23491,21.3725,-24.64069,21.32931,-3.10717,2.13617,2.3291,-91.88014,11.36103,-6.07578,10.07291,-5.82154,-8.7066,1.67973
53.56,12.71829,-1.83222,-0.05122,2.6766,-0.76976,-0.15105,4.15357,-1.52958,-1.76082,0.88591,-0.10132,-0.03002,0.08098,4.43609,-0.61884,0.86035,2.13361,-0.04755,-0.02744,0.16946,-77.26058,21.37904,-24.58587,21.29448,-3.11112,2.12655,2.32658,-91.8947,11.35352,-6.13942,10.07414,-5.8274,-8.6971,1.68487
53.58,12.78309,-1.92981,-0.01657,2.67671,-0.77126,-0.14979,4.21163,-1.54618,-1.79217,0.97676,-0.0984,-0.04063,0.07561,4.44705,-0.61388,0.87127,2.14156,-0.04743,-0.0294,0.16958,-77.27521,21.39121,-24.52917,21.26456,-3.1152,2.11644,2.32396,-91.91562,11.35928,-6.21223,10.0729,-5.83398,-8.68638,1.69072
53.6,12.82254,-2.04477,0.00941,2.67486,-0.77334,-0.1492,4.26934,-1.55968,-1.81952,1.06003,-0.09464,-0.05032,0.06925,4.45423,-0.60816,0.88303,2.14316,-0.04672,-0.03138,0.16874,-77.30658,21.39504,-24.47436,21.23043,-3.11892,2.10684,2.3215,-91.92245,11.36098,-6.26575,10.08232,-5.83889,-8.67858,1.69485
53.62,12.84648,-2.18668,0.0288,2.67262,-0.77634,-0.14935,4.33261,-1.5599,-1.84087,1.12779,-0.08861,-0.05787,0.06008,4.46014,-0.60064,0.8969,2.13629,-0.0452,-0.0334,0.16659,-77.3992,21.37231,-24.42371,21.17256,-3.12232,2.09889,2.31938,-91.89272,11.33458,-6.26328,10.11598,-5.83935,-8.67848,1.69445
53.64,12.84778,-2.33939,0.03901,2.66936,-0.78029,-0.15011,4.39415,-1.55621,-1.85855,1.18634,-0.08192,-0.06419,0.05011,4.46164,-0.59278,0.90989,2.1238,-0.04324,-0.03517,0.16367,-77.50833,21.33957,-24.37364,21.10949,-3.12551,2.09132,2.31735,-91.85094,11.30211,-6.24267,10.15667,-5.83831,-8.68119,1.69262
53.66,12.82758,-2.49023,0.03968,2.6652,-0.78481,-0.15129,4.44839,-1.55643,-1.87472,1.24173,-0.07593,-0.07035,0.04095,4.45676,-0.58546,0.9192,2.10854,-0.04125,-0.03645,0.16053,-77.60581,21.31049,-24.32387,21.05015,-3.12874,2.08359,2.31529,-91.81334,11.27735,-6.22947,10.19311,-5.83785,-8.68272,1.69132
53.68,12.78623,-2.63945,0.03507,2.66121,-0.78927,-0.15276,4.50117,-1.55741,-1.89004,1.29502,-0.06991,-0.07658,0.0314,4.44546,-0.57871,0.92502,2.0914,-0.03913,-0.03743,0.15722,-77.71048,21.27708,-24.27335,20.9886,-3.13208,2.07602,2.31323,-91.76239,11.25093,-6.21837,10.23948,-5.83737,-8.68422,1.68994
53.7,12.73337,-2.7958,0.02938,2.657,-0.79604,-0.15469,4.54084,-1.55492,-1.89954,1.33528,-0.06521,-0.08117,0.02377,4.43,-0.571,0.9287,2.06931,-0.03697,-0.03772,0.15346,-77.80298,21.24166,-24.22184,20.93074,-3.13529,2.06859,2.31114,-91.72976,11.22621,-6.20031,10.26766,-5.83664,-8.68608,1.68858
53.72,12.67871,-2.97117,0.02733,2.65164,-0.80784,-0.15723,4.5549,-1.5449,-1.89842,1.35164,-0.06334,-0.08225,0.02084,4.41333,-0.55992,0.93218,2.03854,-0.03486,-0.03685,0.14894,-77.86603,21.21062,-24.16835,20.87675,-3.13875,2.06169,2.30916,-91.76451,11.21634,-6.17575,10.23611,-5.8357,-8.68675,1.6887
53.74,12.62385,-3.15676,0.03486,2.64722,-0.82193,-0.16001,4.55807,-1.52843,-1.89191,1.35673,-0.06277,-0.08179,0.01987,4.39387,-0.54709,0.93459,2.00412,-0.03272,-0.03545,0.14412,-77.91666,21.17698,-24.11455,20.82754,-3.14201,2.05532,2.30723,-91.81925,11.20672,-6.14747,10.18629,-5.83464,-8.68731,1.68909
53.76,12.57283,-3.34524,0.05843,2.64541,-0.83598,-0.1627,4.56281,-1.50719,-1.88426,1.36212,-0.06234,-0.08149,0.01865,4.37049,-0.53351,0.93529,1.97062,-0.03058,-0.03407,0.13944,-77.97161,21.13735,-24.06127,20.77986,-3.1451,2.04894,2.30525,-91.86338,11.18995,-6.11911,10.1453,-5.83396,-8.68798,1.68926
53.78,12.53592,-3.53293,0.10269,2.64512,-0.85032,-0.16516,4.56852,-1.48023,-1.87434,1.36717,-0.06231,-0.08086,0.01762,4.34532,-0.51766,0.93589,1.93697,-0.0285,-0.03258,0.13482,-78.03079,21.09865,-24.00309,20.72604,-3.14861,2.04173,2.30299,-91.91671,11.17825,-6.08821,10.09754,-5.83281,-8.68897,1.6894
53.8,12.50954,-3.73665,0.17258,2.64916,-0.86554,-0.16753,4.57132,-1.44271,-1.86121,1.36707,-0.063,-0.07964,0.0174,4.31861,-0.50113,0.93626,1.90521,-0.0264,-0.03131,0.13035,-78.08779,21.04562,-23.95309,20.68241,-3.15155,2.03592,2.30114,-91.95799,11.147,-6.06163,10.06009,-5.83256,-8.68911,1.68966
53.82,12.48764,-3.97774,0.27168,2.6611,-0.88253,-0.17008,4.56747,-1.39054,-1.84467,1.35686,-0.06477,-0.07769,0.01862,4.29015,-0.48598,0.93583,1.87772,-0.02414,-0.03067,0.12612,-78.1358,20.96022,-23.93019,20.66861,-3.15256,2.03437,2.30063,-91.96226,11.06586,-6.04991,10.05252,-5.83529,-8.68621,1.69079
53.84,12.48463,-4.23319,0.39816,2.67759,-0.90004,-0.17238,4.56268,-1.32831,-1.82602,1.34329,-0.06716,-0.07537,0.02047,4.26179,-0.47005,0.93617,1.85359,-0.02193,-0.03042,0.12219,-78.1836,20.85941,-23.91337,20.66348,-3.15318,2.03391,2.30052,-91.95655,10.9644,-6.03867,10.05312,-5.83917,-8.68283,1.69204
53.86,12.50962,-4.4787,0.54824,2.69598,-0.91676,-0.17412,4.56242,-1.26101,-1.80673,1.33302,-0.06971,-0.07313,0.02208,4.23486,-0.45215,0.93812,1.83222,-0.0199,-0.03039,0.11862,-78.23042,20.76454,-23.89476,20.65551,-3.1538,2.03302,2.30025,-91.95977,10.87294,-6.02756,10.04882,-5.84262,-8.67989,1.6933
53.88,12.55876,-4.72442,0.71895,2.71798,-0.93373,-0.17553,4.56558,-1.19,-1.78757,1.32429,-0.07264,-0.07088,0.02387,4.2101,-0.43292,0.94106,1.8133,-0.01803,-0.03052,0.11529,-78.28429,20.66302,-23.87555,20.64255,-3.15459,2.03202,2.30006,-91.9661,10.77246,-6.01698,10.04167,-5.8467,-8.67605,1.69504
53.9,12.62594,-4.95605,0.90215,2.74058,-0.94961,-0.17631,4.56662,-1.11398,-1.767,1.31501,-0.07572,-0.06889,0.02553,4.18601,-0.41328,0.94581,1.79946,-0.01634,-0.03119,0.11259,-78.32374,20.56907,-23.85723,20.63937,-3.15478,2.03118,2.30002,-91.96802,10.68367,-6.00481,10.04196,-5.84987,-8.6738,1.69599
53.92,12.69768,-5.15902,1.08777,2.75993,-0.96267,-0.17608,4.55858,-1.03441,-1.74344,1.30355,-0.07869,-0.06752,0.02671,4.16064,-0.39392,0.95345,1.7934,-0.01486,-0.03291,0.11095,-78.32906,20.49983,-23.84388,20.65834,-3.1541,2.03105,2.30037,-91.9597,10.629,-5.98375,10.05877,-5.85082,-8.67578,1.69498
53.94,12.77668,-5.34686,1.2694,2.77869,-0.9753,-0.17543,4.54465,-0.9562,-1.71928,1.2895,-0.08172,-0.06654,0.02779,4.13577,-0.37458,0.9623,1.79192,-0.01358,-0.0351,0.10992,-78.3184,20.43905,-23.83007,20.68761,-3.15283,2.03077,2.3009,-91.94451,10.58592,-5.96034,10.08483,-5.85059,-8.6794,1.69314
53.96,12.86124,-5.5284,1.43998,2.79869,-0.98925,-0.17485,4.52748,-0.88553,-1.69688,1.27358,-0.08493,-0.06582,0.02914,4.11296,-0.35534,0.97096,1.79217,-0.01247,-0.03728,0.10912,-78.31426,20.37946,-23.81623,20.70875,-3.15193,2.03037,2.30163,-91.93506,10.5392,-5.93613,10.10408,-5.85106,-8.6826,1.6921
53.98,12.93734,-5.70028,1.58967,2.81874,-1.00351,-0.17432,4.50135,-0.83194,-1.67654,1.25702,-0.08833,-0.06547,0.03092,4.09061,-0.33706,0.9796,1.79431,-0.01149,-0.03956,0.10858,-78.29877,20.32172,-23.8066,20.7403,-3.15046,2.03047,2.30281,-91.91717,10.49237,-5.91527,10.13158,-5.8515,-8.68545,1.69112
54,13.01444,-5.86795,1.71179,2.83575,-1.02029,-0.17412,4.47153,-0.77886,-1.65743,1.23105,-0.09115,-0.06532,0.03229,4.07169,-0.31909,0.98824,1.79916,-0.01078,-0.04191,0.10849,-78.29348,20.27407,-23.7882,20.75568,-3.14954,2.02946,2.30381,-91.90716,10.45179,-5.88909,10.14911,-5.85125,-8.68897,1.69039
54.02,13.10289,-6.0416,1.80219,2.84736,-1.04192,-0.17454,4.44486,-0.70862,-1.63926,1.1855,-0.09287,-0.06531,0.03294,4.06042,-0.30056,0.99688,1.80728,-0.01048,-0.04423,0.10902,-78.32304,20.25211,-23.74573,20.72248,-3.15085,2.02517,2.30376,-91.9169,10.43234,-5.85384,10.14247,-5.84871,-8.69287,1.69017
54.04,13.17511,-6.21117,1.85396,2.85321,-1.06563,-0.17551,4.41284,-0.64522,-1.6236,1.12791,-0.09372,-0.06544,0.03326,4.05416,-0.2835,1.00581,1.81745,-0.01043,-0.04658,0.10993,-78.36853,20.2394,-23.694,20.67113,-3.15322,2.01944,2.3034,-91.93035,10.41728,-5.81297,10.12732,-5.84514,-8.697,1.69
54.06,13.21095,-6.37094,1.86202,2.85402,-1.08899,-0.17701,4.37153,-0.60794,-1.61249,1.06618,-0.09399,-0.06572,0.03388,4.05151,-0.26977,1.01506,1.82825,-0.01045,-0.04895,0.11095,-78.40904,20.2261,-23.64706,20.6303,-3.15556,2.01448,2.30339,-91.93287,10.39646,-5.77335,10.11737,-5.84147,-8.701,1.68982
54.08,13.21336,-6.53309,1.82552,2.8516,-1.11174,-0.17917,4.32674,-0.59556,-1.60843,0.99936,-0.0944,-0.06646,0.03636,4.05579,-0.26032,1.02405,1.83915,-0.01054,-0.05119,0.112,-78.44692,20.2324,-23.60388,20.59057,-3.15845,2.0103,2.30365,-91.92855,10.39103,-5.73201,10.107,-5.83646,-8.70536,1.68948
54.1,13.17593,-6.66274,1.74295,2.83534,-1.13343,-0.18174,4.27819,-0.59109,-1.60614,0.92549,-0.09189,-0.06711,0.03555,4.06544,-0.25497,1.03498,1.85211,-0.01085,-0.0536,0.11343,-78.51076,20.21836,-23.56365,20.54594,-3.16256,2.00558,2.30413,-91.91324,10.35529,-5.692,10.09592,-5.83171,-8.70841,1.68951
54.12,13.09463,-6.72548,1.61741,2.79419,-1.15385,-0.18451,4.22525,-0.57411,-1.60011,0.84419,-0.08361,-0.0676,0.02598,4.07861,-0.25379,1.0501,1.86931,-0.01156,-0.05645,0.11567,-78.64048,20.13638,-23.52939,20.48611,-3.16862,1.9982,2.30467,-91.87504,10.23553,-5.66109,10.09068,-5.82834,-8.70782,1.6901
54.14,12.97303,-6.7561,1.45536,2.73809,-1.17176,-0.18755,4.17634,-0.55794,-1.59926,0.765,-0.07283,-0.0698,0.01296,4.09904,-0.25816,1.06709,1.8881,-0.01247,-0.05935,0.11825,-78.80365,20.03287,-23.5015,20.42119,-3.17645,1.9908,2.30571,-91.82042,10.08417,-5.63044,10.08492,-5.82459,-8.70595,1.6909
54.16,12.81924,-6.78419,1.2615,2.67684,-1.18617,-0.19089,4.13683,-0.55386,-1.60998,0.69219,-0.06214,-0.07471,0.00098,4.12948,-0.26902,1.08401,1.90631,-0.01341,-0.062,0.12077,-78.9716,19.94542,-23.47823,20.36197,-3.1856,1.98513,2.30734,-91.75109,9.94632,-5.5978,10.07794,-5.81852,-8.70403,1.69152
54.18,12.63713,-6.8214,1.04528,2.61162,-1.19877,-0.19476,4.10558,-0.55143,-1.62959,0.61762,-0.05135,-0.08177,-0.01021,4.17149,-0.28579,1.10134,1.924,-0.01444,-0.06432,0.12326,-79.17725,19.85533,-23.45532,20.29026,-3.19716,1.97883,2.30924,-91.65924,9.7995,-5.56052,10.07301,-5.81002,-8.70243,1.69189
54.2,12.41569,-6.80331,0.80376,2.53344,-1.20614,-0.1981,4.082,-0.55213,-1.65925,0.55779,-0.03928,-0.09296,-0.02461,4.21707,-0.30711,1.1195,1.94204,-0.01546,-0.06663,0.12587,-79.36945,19.76968,-23.44463,20.24653,-3.20965,1.97582,2.31243,-91.56003,9.65771,-5.52627,10.0598,-5.80098,-8.69889,1.69308
54.22,12.12945,-6.64449,0.53088,2.43058,-1.20387,-0.19959,4.06293,-0.55883,-1.70259,0.52853,-0.02516,-0.10967,-0.04667,4.25617,-0.33067,1.1394,1.96143,-0.01629,-0.06939,0.12875,-79.47926,19.70361,-23.46179,20.28268,-3.2204,1.98156,2.31807,-91.46754,9.54282,-5.50303,10.02982,-5.79365,-8.69137,1.69618
54.24,11.78659,-6.44372,0.25417,2.31839,-1.19828,-0.2005,4.04238,-0.56736,-1.75258,0.49883,-0.01203,-0.1281,-0.0699,4.29501,-0.35495,1.16007,1.98043,-0.01705,-0.07213,0.13167,-79.57248,19.64099,-23.49042,20.34715,-3.23176,1.99074,2.32497,-91.3693,9.43318,-5.48158,9.99241,-5.78592,-8.68225,1.69984
54.26,11.40927,-6.28791,0.00115,2.21022,-1.19442,-0.20176,4.0162,-0.57375,-1.79835,0.44817,-0.00164,-0.1456,-0.08936,4.33789,-0.37809,1.18074,1.99731,-0.01775,-0.07453,0.13435,-79.69697,19.5741,-23.51765,20.39967,-3.24504,1.99923,2.33193,-91.25217,9.31721,-5.45624,9.95881,-5.77582,-8.67357,1.70306
54.28,10.99376,-6.15011,-0.21902,2.09897,-1.19044,-0.20259,3.97752,-0.5716,-1.83332,0.38455,0.0073,-0.16076,-0.10928,4.37779,-0.39619,1.20309,2.01277,-0.01825,-0.07708,0.13689,-79.83346,19.50359,-23.54646,20.45228,-3.25935,2.00828,2.33918,-91.12864,9.19777,-5.42948,9.9212,-5.76512,-8.66437,1.70645
54.3,10.588,-6.07183,-0.40027,2.00084,-1.18888,-0.2037,3.9392,-0.57258,-1.85456,0.31135,0.01244,-0.17377,-0.12275,4.41473,-0.41259,1.22201,2.02527,-0.01874,-0.07896,0.13905,-79.9706,19.43324,-23.57907,20.51176,-3.27415,2.01862,2.34685,-90.99411,9.08072,-5.40326,9.88793,-5.75285,-8.6553,1.70953
54.32,10.25939,-6.07919,-0.54315,1.93505,-1.1932,-0.20606,3.92365,-0.58572,-1.86725,0.23625,0.0119,-0.18778,-0.12181,4.44993,-0.43249,1.23128,2.03329,-0.01951,-0.07916,0.14058,-80.1035,19.3714,-23.62266,20.57868,-3.28926,2.03085,2.35509,-90.84071,8.97195,-5.37581,9.86857,-5.73811,-8.6474,1.7116
54.34,9.99699,-6.11931,-0.6443,1.88642,-1.19963,-0.20846,3.91848,-0.59199,-1.87071,0.17081,0.00937,-0.20008,-0.11603,4.47754,-0.44963,1.23591,2.0384,-0.02025,-0.07872,0.1417,-80.23381,19.31033,-23.67006,20.64799,-3.30444,2.04412,2.36356,-90.6806,8.86557,-5.34913,9.85541,-5.7226,-8.63963,1.71333
54.36,9.77962,-6.16581,-0.69886,1.84187,-1.20592,-0.21007,3.90958,-0.57653,-1.86083,0.11898,0.00682,-0.20805,-0.11327,4.49389,-0.45956,1.24023,2.04202,-0.02074,-0.07849,0.1426,-80.36337,19.24269,-23.71491,20.71595,-3.31943,2.057,2.37169,-90.52623,8.75577,-5.32342,9.83923,-5.70763,-8.63183,1.71511
54.38,9.61171,-6.21763,-0.70839,1.8033,-1.21358,-0.21111,3.90124,-0.53949,-1.83948,0.07885,0.00344,-0.2132,-0.11185,4.4989,-0.46571,1.24231,2.04479,-0.02118,-0.07819,0.14343,-80.4857,19.16224,-23.75438,20.78733,-3.33382,2.06956,2.37943,-90.37565,8.63515,-5.29253,9.82319,-5.69346,-8.62431,1.71643
54.4,9.53644,-6.28204,-0.68072,1.78013,-1.21986,-0.21152,3.8987,-0.49186,-1.81117,0.06329,-0.00095,-0.21409,-0.11063,4.49455,-0.46662,1.24164,2.04519,-0.02139,-0.07775,0.14383,-80.60254,19.09297,-23.79925,20.85137,-3.3476,2.08198,2.38692,-90.23598,8.52978,-5.27184,9.80646,-5.67973,-8.61673,1.71808
54.42,9.59237,-6.36032,-0.62492,1.78181,-1.22095,-0.21117,3.90521,-0.44647,-1.78142,0.08447,-0.00601,-0.20906,-0.10922,4.48336,-0.46055,1.23804,2.04162,-0.02114,-0.07714,0.14341,-80.71217,19.0666,-23.8648,20.89805,-3.36004,2.09416,2.39426,-90.11237,8.47114,-5.28124,9.79025,-5.66637,-8.60848,1.72115
54.44,9.72814,-6.44417,-0.53831,1.79773,-1.22042,-0.21019,3.91495,-0.39491,-1.74811,0.12362,-0.01214,-0.20125,-0.10751,4.46465,-0.45114,1.23196,2.03665,-0.02073,-0.07644,0.14269,-80.80906,19.05184,-23.93228,20.93977,-3.37125,2.10539,2.40107,-90.00324,8.4284,-5.29967,9.7735,-5.65396,-8.6005,1.72434
54.46,9.89693,-6.52317,-0.42042,1.81703,-1.22089,-0.20864,3.92185,-0.32928,-1.70867,0.16591,-0.0193,-0.19281,-0.10654,4.43777,-0.44112,1.22425,2.03265,-0.02039,-0.07581,0.14215,-80.89325,19.02827,-23.99555,20.98175,-3.38121,2.11629,2.40736,-89.90588,8.37946,-5.31668,9.75737,-5.64333,-8.5928,1.72739
54.48,10.0916,-6.60125,-0.27673,1.83933,-1.22159,-0.2065,3.92459,-0.25422,-1.6651,0.21346,-0.02575,-0.18236,-0.10792,4.40406,-0.43039,1.21522,2.02938,-0.02005,-0.07528,0.14166,-80.95936,19.00175,-24.05649,21.02465,-3.38983,2.12661,2.41306,-89.82536,8.3306,-5.33566,9.73921,-5.63431,-8.58514,1.73036
54.5,10.33608,-6.68203,-0.11535,1.8713,-1.22241,-0.20409,3.93088,-0.17917,-1.62352,0.26026,-0.03484,-0.17493,-0.10577,4.36687,-0.41899,1.2049,2.02659,-0.01977,-0.07474,0.14124,-81.01833,18.9802,-24.11248,21.0599,-3.39705,2.13614,2.41804,-89.75261,8.28947,-5.35549,9.72723,-5.62656,-8.57836,1.73291
54.52,10.66402,-6.77178,0.05514,1.92044,-1.22346,-0.20178,3.9526,-0.1129,-1.59405,0.30129,-0.05016,-0.17768,-0.09426,4.3297,-0.4065,1.19343,2.02403,-0.01966,-0.07406,0.14092,-81.08529,18.96997,-24.15693,21.07673,-3.40296,2.1445,2.42192,-89.68417,8.26565,-5.37798,9.72435,-5.62028,-8.5726,1.73538
54.54,11.02288,-6.8639,0.23094,1.97601,-1.22476,-0.19942,3.98264,-0.04927,-1.57538,0.34292,-0.06585,-0.18508,-0.08194,4.29203,-0.39391,1.18161,2.02215,-0.01961,-0.0734,0.14068,-81.14693,18.96625,-24.19464,21.08431,-3.40762,2.15196,2.42508,-89.62474,8.25089,-5.40026,9.72611,-5.61533,-8.56783,1.73759
54.56,11.36458,-6.94842,0.40795,2.02819,-1.22635,-0.19687,4.01224,0.01525,-1.56194,0.38636,-0.07868,-0.19254,-0.07388,4.2533,-0.38224,1.17006,2.02134,-0.0196,-0.07291,0.14055,-81.19096,18.9661,-24.23339,21.09324,-3.41086,2.15871,2.42783,-89.57857,8.24165,-5.42478,9.7289,-5.61164,-8.56325,1.73958
54.58,11.69507,-7.03699,0.58049,2.07876,-1.22832,-0.1944,4.04722,0.07332,-1.55596,0.42912,-0.09077,-0.20266,-0.06521,4.21494,-0.37113,1.15901,2.02137,-0.01964,-0.07253,0.14053,-81.21499,18.97084,-24.2717,21.10639,-3.41251,2.1658,2.43028,-89.54993,8.24014,-5.45764,9.72852,-5.61031,-8.55801,1.74233
54.6,11.98391,-7.10877,0.74133,2.12586,-1.22965,-0.192,4.07589,0.12235,-1.55082,0.46318,-0.09911,-0.21034,-0.0596,4.17969,-0.36107,1.14905,2.02175,-0.01965,-0.0723,0.14049,-81.24027,18.98023,-24.30045,21.10725,-3.41357,2.17017,2.43183,-89.52566,8.24388,-5.47834,9.73356,-5.60882,-8.55515,1.7438
54.62,12.19705,-7.14097,0.88122,2.16767,-1.22945,-0.18968,4.08395,0.1587,-1.54242,0.47478,-0.10088,-0.2111,-0.06095,4.15019,-0.35212,1.14078,2.02203,-0.01956,-0.07226,0.14028,-81.30194,18.9836,-24.29821,21.06865,-3.41599,2.16743,2.43122,-89.4941,8.23993,-5.45442,9.74921,-5.60454,-8.55936,1.74117
54.64,12.34105,-7.14636,0.99461,2.20386,-1.22819,-0.18764,4.0829,0.17554,-1.53826,0.46571,-0.09913,-0.20966,-0.06276,4.12575,-0.34423,1.13423,2.02217,-0.0194,-0.07237,0.13998,-81.36832,18.99035,-24.28483,21.01781,-3.41813,2.16212,2.42978,-89.46417,8.23947,-5.41648,9.76987,-5.59967,-8.56619,1.73701
54.66,12.42948,-7.14062,1.07998,2.23399,-1.22643,-0.18603,4.083,0.17091,-1.54261,0.44126,-0.09626,-0.20962,-0.06062,4.10551,-0.33733,1.12935,2.02217,-0.01924,-0.07257,0.13967,-81.42128,19.00374,-24.27344,20.97108,-3.41948,2.15719,2.42833,-89.4447,8.24644,-5.38512,9.78831,-5.59639,-8.57208,1.73365
54.68,12.47377,-7.12993,1.13695,2.26022,-1.22396,-0.18493,4.08632,0.14737,-1.55545,0.40265,-0.09226,-0.21088,-0.05511,4.09079,-0.33024,1.12612,2.02169,-0.01905,-0.07283,0.13925,-81.4751,19.01865,-24.26747,20.92208,-3.42006,2.15241,2.4269,-89.42888,8.25561,-5.35687,9.80965,-5.59367,-8.57826,1.73033
54.7,12.45605,-7.09026,1.16251,2.27669,-1.2205,-0.18421,4.08306,0.11088,-1.57247,0.3551,-0.08606,-0.21062,-0.05123,4.08119,-0.32591,1.12524,2.02099,-0.01881,-0.07327,0.13881,-81.51576,19.03987,-24.2465,20.87512,-3.42064,2.14632,2.42486,-89.42379,8.27296,-5.32303,9.82412,-5.59116,-8.58467,1.72683
54.72,12.36348,-6.99097,1.15605,2.27725,-1.21534,-0.18358,4.06282,0.07244,-1.58759,0.30943,-0.0765,-0.20554,-0.0566,4.07651,-0.3278,1.12767,2.02045,-0.01848,-0.07404,0.1385,-81.5364,19.07447,-24.18997,20.82661,-3.42278,2.13776,2.42172,-89.4364,8.30586,-5.27356,9.82208,-5.58876,-8.59181,1.72276
54.74,12.2506,-6.87917,1.12903,2.26954,-1.20979,-0.18334,4.04222,0.03773,-1.60403,0.27459,-0.0655,-0.19909,-0.06757,4.07669,-0.33208,1.13227,2.01986,-0.0181,-0.07496,0.13818,-81.54627,19.11142,-24.11981,20.78155,-3.42512,2.12827,2.41812,-89.45928,8.34377,-5.21886,9.81135,-5.58648,-8.59928,1.71859
54.76,12.1537,-6.788,1.09086,2.26056,-1.20479,-0.18365,4.03179,0.0077,-1.62441,0.25058,-0.05506,-0.19427,-0.07933,4.0817,-0.33549,1.13815,2.01902,-0.01771,-0.07585,0.1378,-81.5626,19.14111,-24.05388,20.73549,-3.42731,2.11903,2.41467,-89.48013,8.37601,-5.16594,9.80361,-5.58425,-8.60662,1.71454
54.78,12.07209,-6.7031,1.04574,2.2503,-1.19961,-0.18429,4.02421,-0.01216,-1.64465,0.23854,-0.04342,-0.18783,-0.09633,4.09256,-0.33827,1.14614,2.01782,-0.01727,-0.07682,0.13736,-81.5913,19.16438,-23.98185,20.68129,-3.43008,2.10924,2.41101,-89.50365,8.40415,-5.10845,9.79237,-5.58209,-8.61432,1.71034
54.8,12.00604,-6.6468,1.0012,2.2373,-1.1972,-0.18544,4.02078,-0.02749,-1.66222,0.23615,-0.03406,-0.18285,-0.10998,4.10348,-0.34148,1.15387,2.01766,-0.0169,-0.07772,0.13702,-81.60077,19.18389,-23.92093,20.64435,-3.43189,2.10083,2.40778,-89.52616,8.42936,-5.05733,9.78333,-5.57981,-8.6211,1.70641
54.82,11.95398,-6.6419,0.96429,2.21952,-1.20087,-0.18729,4.0211,-0.04647,-1.67209,0.23987,-0.03257,-0.18421,-0.10893,4.10713,-0.34681,1.15825,2.02017,-0.01679,-0.07835,0.13693,-81.56074,19.20825,-23.89683,20.64716,-3.43184,2.09576,2.40585,-89.54956,8.45829,-5.02768,9.77794,-5.57781,-8.6263,1.7037
54.84,11.92343,-6.66937,0.9383,2.20152,-1.20783,-0.18946,4.01959,-0.06189,-1.67274,0.24875,-0.03509,-0.18685,-0.10199,4.10877,-0.3519,1.16165,2.02414,-0.01679,-0.0789,0.137,-81.50276,19.22551,-23.88386,20.66623,-3.43089,2.09189,2.40439,-89.57207,8.4811,-5.00277,9.77434,-5.57618,-8.63069,1.70143
54.86,11.92191,-6.7089,0.92433,2.18719,-1.21572,-0.19164,4.01352,-0.06786,-1.66553,0.26305,-0.03791,-0.1872,-0.097,4.11247,-0.35531,1.16578,2.02865,-0.0168,-0.07947,0.13716,-81.45857,19.2334,-23.86616,20.67504,-3.43055,2.08784,2.40279,-89.59545,8.49722,-4.97845,9.76919,-5.57469,-8.63501,1.69914
54.88,11.94248,-6.76493,0.92424,2.17376,-1.22617,-0.19385,4.0006,-0.06499,-1.6506,0.28559,-0.04127,-0.18599,-0.09222,4.11473,-0.35834,1.16967,2.03426,-0.01686,-0.08005,0.13746,-81.40638,19.23291,-23.83834,20.68624,-3.43026,2.08241,2.40067,-89.62228,8.50684,-4.94189,9.76029,-5.5723,-8.64083,1.69601
54.9,12.00244,-6.83787,0.93795,2.16684,-1.23731,-0.19596,3.9927,-0.05759,-1.63474,0.30808,-0.04701,-0.18668,-0.08616,4.11776,-0.35896,1.17317,2.04105,-0.01701,-0.08061,0.13791,-81.35689,19.22366,-23.82915,20.70198,-3.42861,2.07982,2.39936,-89.64405,8.50987,-4.92973,9.75977,-5.57227,-8.64356,1.69449
54.92,12.12661,-6.93617,0.96578,2.17329,-1.24704,-0.19791,4.00628,-0.04944,-1.6267,0.32208,-0.05701,-0.19326,-0.07775,4.12501,-0.35488,1.17636,2.04908,-0.01726,-0.08117,0.13848,-81.32011,19.2007,-23.87163,20.73049,-3.42391,2.08497,2.40051,-89.6582,8.50548,-4.98847,9.77582,-5.57917,-8.6378,1.6983
54.94,12.28669,-7.05237,1.00659,2.1853,-1.2571,-0.1997,4.03018,-0.03536,-1.62234,0.33948,-0.06773,-0.20177,-0.07033,4.13338,-0.3489,1.17937,2.05826,-0.0176,-0.08175,0.13919,-81.28275,19.17077,-23.92959,20.76384,-3.4176,2.09249,2.40225,-89.67084,8.49677,-5.07206,9.79929,-5.58867,-8.62918,1.70375
54.96,12.45407,-7.17724,1.05744,2.1966,-1.26893,-0.20139,4.05327,-0.01402,-1.61733,0.36527,-0.0769,-0.20909,-0.06572,4.14082,-0.34355,1.1824,2.06834,-0.018,-0.08238,0.14004,-81.23487,19.1399,-23.97653,20.79538,-3.41105,2.09846,2.40341,-89.6918,8.48665,-5.14295,9.81855,-5.5979,-8.62203,1.70843
54.98,12.62625,-7.31925,1.11564,2.20882,-1.28249,-0.20312,4.08317,0.00687,-1.61513,0.39208,-0.08606,-0.21742,-0.0614,4.14842,-0.33949,1.18499,2.07947,-0.01847,-0.08305,0.14097,-81.17349,19.11163,-24.02923,20.83298,-3.40345,2.10471,2.40463,-89.71582,8.48015,-5.22135,9.84257,-5.6083,-8.6146,1.71356
55,12.78425,-7.44497,1.17442,2.21966,-1.29508,-0.20449,4.10964,0.02703,-1.61256,0.41641,-0.09259,-0.22337,-0.05916,4.15771,-0.33454,1.18897,2.09059,-0.01895,-0.08383,0.14197,-81.11396,19.08424,-24.07105,20.85723,-3.39552,2.10983,2.40524,-89.75419,8.4745,-5.29532,9.85928,-5.61919,-8.60762,1.7184
55.02,12.91379,-7.50821,1.22372,2.22664,-1.30365,-0.20503,4.11944,0.04705,-1.60756,0.43386,-0.09381,-0.22366,-0.06056,4.16991,-0.32645,1.19625,2.10071,-0.01937,-0.08481,0.14302,-81.0681,19.05592,-24.08127,20.85047,-3.38823,2.11092,2.40436,-89.8238,8.46732,-5.34918,9.85114,-5.62971,-8.60264,1.72194
55.04,13.01117,-7.53955,1.2622,2.23066,-1.31077,-0.20526,4.12436,0.05822,-1.60569,0.44086,-0.09238,-0.22196,-0.06223,4.18448,-0.31836,1.20518,2.11036,-0.01977,-0.08589,0.14407,-81.01593,19.03118,-24.08103,20.83558,-3.38004,2.11086,2.40287,-89.90983,8.46262,-5.39507,9.83563,-5.64084,-8.59868,1.72503
55.06,13.07966,-7.572,1.29115,2.23214,-1.319,-0.20563,4.1338,0.05591,-1.61005,0.43783,-0.09059,-0.2212,-0.06184,4.20038,-0.31316,1.21408,2.12021,-0.0202,-0.08701,0.14509,-80.95014,19.01197,-24.08224,20.82295,-3.37083,2.11055,2.40122,-90.00416,8.4652,-5.44624,9.82465,-5.65322,-8.59464,1.72837
55.08,13.12762,-7.59773,1.30849,2.23094,-1.32752,-0.20605,4.14786,0.04244,-1.62018,0.42712,-0.08849,-0.22125,-0.05931,4.21735,-0.31086,1.2227,2.1304,-0.02067,-0.08815,0.14614,-80.87503,18.99664,-24.08593,20.80985,-3.36014,2.11036,2.3995,-90.11486,8.47452,-5.50642,9.81137,-5.66771,-8.58991,1.73257
55.1,13.14216,-7.59918,1.31238,2.22635,-1.334,-0.2062,4.15882,0.02262,-1.6324,0.41258,-0.08507,-0.22002,-0.05879,4.23644,-0.31058,1.23238,2.13948,-0.02107,-0.08932,0.14709,-80.78682,18.98422,-24.07316,20.79314,-3.34904,2.10753,2.39686,-90.23194,8.4849,-5.5461,9.80097,-5.68177,-8.58803,1.73526
55.12,13.10982,-7.56215,1.30201,2.21733,-1.33683,-0.20581,4.15653,0.00306,-1.64175,0.40064,-0.07864,-0.21453,-0.06636,4.25786,-0.31172,1.24424,2.14614,-0.02133,-0.09053,0.14782,-80.68033,18.9736,-24.01779,20.7701,-3.33908,2.09804,2.39216,-90.3506,8.49331,-5.53006,9.79307,-5.69301,-8.59304,1.73459
55.14,13.06209,-7.49876,1.27975,2.20628,-1.33603,-0.20494,4.15202,-0.01583,-1.6505,0.39419,-0.07111,-0.20744,-0.07756,4.27991,-0.31577,1.256,2.15173,-0.02156,-0.09166,0.14848,-80.56425,18.96359,-23.94815,20.74246,-3.32865,2.08624,2.38662,-90.4766,8.50082,-5.49403,9.78658,-5.7039,-8.60073,1.73257
55.16,13.02104,-7.42442,1.24756,2.19498,-1.33252,-0.20369,4.15192,-0.03572,-1.66005,0.39214,-0.0646,-0.20136,-0.08791,4.30036,-0.3241,1.2654,2.15771,-0.02187,-0.09264,0.14925,-80.44334,18.9505,-23.88029,20.71439,-3.31712,2.07482,2.38118,-90.61465,8.50882,-5.4678,9.78112,-5.71658,-8.60773,1.73133
55.18,12.97401,-7.33876,1.20554,2.18212,-1.32755,-0.20215,4.14513,-0.05433,-1.66602,0.397,-0.05662,-0.19264,-0.10186,4.31646,-0.33819,1.27139,2.16455,-0.02234,-0.09338,0.15025,-80.31249,18.94546,-23.80991,20.686,-3.30484,2.06255,2.37555,-90.76658,8.52847,-5.43754,9.77184,-5.72992,-8.61513,1.73011
55.2,12.94532,-7.20879,1.15436,2.17453,-1.3129,-0.19939,4.14375,-0.0749,-1.67054,0.4003,-0.05238,-0.18729,-0.10995,4.3323,-0.35241,1.27612,2.16964,-0.02272,-0.09395,0.15109,-80.18534,18.91749,-23.7378,20.65746,-3.29171,2.05057,2.36998,-90.91958,8.52559,-5.41494,9.76844,-5.74417,-8.62198,1.72932
55.22,12.96505,-6.99991,1.0942,2.17928,-1.27982,-0.1944,4.16501,-0.09989,-1.67873,0.39275,-0.05959,-0.19452,-0.10046,4.3522,-0.35959,1.28232,2.16996,-0.02267,-0.09449,0.15129,-80.08949,18.8278,-23.66662,20.61983,-3.27835,2.03989,2.36473,-91.06474,8.45684,-5.4141,9.77664,-5.75999,-8.62712,1.72972
55.24,13.01581,-6.74191,1.02588,2.19157,-1.23589,-0.18807,4.19214,-0.12367,-1.68811,0.38597,-0.07041,-0.20553,-0.08579,4.36889,-0.36499,1.2865,2.16801,-0.02252,-0.09482,0.1513,-80.00461,18.71402,-23.5946,20.58123,-3.26479,2.02987,2.35978,-91.20501,8.36351,-5.42053,9.79021,-5.77614,-8.63133,1.73044
55.26,13.07595,-6.46587,0.95237,2.20691,-1.18808,-0.18121,4.21019,-0.14206,-1.69516,0.38671,-0.07929,-0.21418,-0.07512,4.37609,-0.37244,1.28594,2.16612,-0.02251,-0.09483,0.1515,-79.92016,18.60728,-23.52331,20.54448,-3.25148,2.01983,2.35519,-91.34779,8.28007,-5.42275,9.79929,-5.79211,-8.63583,1.73149
55.28,13.15745,-6.17192,0.87675,2.22563,-1.13529,-0.17375,4.22605,-0.15468,-1.7014,0.39254,-0.08881,-0.22355,-0.06361,4.37287,-0.3776,1.28218,2.16349,-0.02246,-0.09479,0.15172,-79.85293,18.5004,-23.45046,20.49966,-3.23929,2.00902,2.3508,-91.47958,8.19712,-5.42498,9.81322,-5.80648,-8.64096,1.73238
55.3,13.25442,-5.83519,0.79739,2.25528,-1.07311,-0.16546,4.23311,-0.16512,-1.70656,0.39787,-0.09574,-0.23108,-0.05523,4.36394,-0.38091,1.27469,2.15805,-0.02247,-0.09424,0.15176,-79.77971,18.38877,-23.38882,20.47421,-3.22655,2.00144,2.34767,-91.61042,8.1103,-5.43027,9.81766,-5.82167,-8.64375,1.73447
55.32,13.34653,-5.43335,0.71225,2.30292,-0.99741,-0.15612,4.2216,-0.17874,-1.71036,0.39301,-0.09647,-0.23445,-0.05373,4.35476,-0.38256,1.2631,2.14782,-0.02271,-0.09267,0.15149,-79.67437,18.26933,-23.35012,20.49633,-3.21169,2.0012,2.34698,-91.74327,8.01479,-5.44052,9.8039,-5.84016,-8.64176,1.73872
55.34,13.43192,-4.99702,0.62618,2.36139,-0.91386,-0.14638,4.19639,-0.19594,-1.71157,0.37505,-0.09402,-0.23572,-0.05316,4.34035,-0.37976,1.24917,2.13373,-0.02291,-0.0907,0.15086,-79.56592,18.15041,-23.32403,20.53894,-3.19699,2.00436,2.34776,-91.86661,7.91903,-5.45252,9.78225,-5.85873,-8.63766,1.74392
55.36,13.51113,-4.56322,0.54466,2.42368,-0.82844,-0.13691,4.16207,-0.2153,-1.70957,0.34471,-0.09061,-0.23641,-0.04941,4.31705,-0.37001,1.23487,2.11728,-0.02287,-0.08891,0.14993,-79.4831,18.03807,-23.2985,20.57363,-3.18463,2.0071,2.34891,-91.96943,7.82851,-5.46195,9.76295,-5.87453,-8.63395,1.74885
55.38,13.57592,-4.14054,0.46898,2.48846,-0.74084,-0.12765,4.12241,-0.23508,-1.70744,0.30417,-0.08552,-0.23758,-0.04157,4.28778,-0.34987,1.22192,2.09949,-0.02269,-0.08743,0.14879,-79.41922,17.93371,-23.27798,20.60377,-3.17417,2.01054,2.35076,-92.05201,7.73938,-5.4745,9.74318,-5.88903,-8.62973,1.75457
55.4,13.62503,-3.69929,0.39417,2.56079,-0.65274,-0.11923,4.06941,-0.26351,-1.69998,0.24563,-0.07851,-0.23528,-0.03585,4.25893,-0.32932,1.20956,2.07633,-0.02216,-0.08573,0.14693,-79.35563,17.83353,-23.26258,20.65344,-3.16457,2.01528,2.35336,-92.12154,7.65884,-5.47833,9.71954,-5.90072,-8.62507,1.75906
55.42,13.6571,-3.20335,0.31513,2.64695,-0.56519,-0.1122,3.99447,-0.3055,-1.67811,0.16647,-0.06956,-0.2247,-0.04151,4.23967,-0.32044,1.19738,2.04262,-0.02101,-0.08324,0.14365,-79.27372,17.7251,-23.25062,20.74988,-3.1551,2.02233,2.35673,-92.18756,7.58484,-5.45123,9.68672,-5.90834,-8.62015,1.75979
55.44,13.69391,-2.70402,0.23759,2.73597,-0.48148,-0.10634,3.91966,-0.34548,-1.65177,0.09327,-0.05855,-0.21035,-0.05347,4.2271,-0.31277,1.18805,2.00457,-0.01955,-0.08066,0.1397,-79.19073,17.62115,-23.24153,20.86134,-3.14665,2.0302,2.36049,-92.24556,7.51892,-5.41542,9.64926,-5.91364,-8.6147,1.75936
55.46,13.73971,-2.24134,0.16626,2.81837,-0.40426,-0.1014,3.86047,-0.37513,-1.63209,0.03862,-0.04673,-0.19722,-0.06633,4.22124,-0.29825,1.18425,1.96801,-0.01805,-0.07859,0.13576,-79.11804,17.52727,-23.23543,20.9648,-3.13963,2.03817,2.36433,-92.2866,7.45264,-5.38047,9.61434,-5.91796,-8.60951,1.75908
55.48,13.79315,-1.76726,0.09542,2.90007,-0.33001,-0.0969,3.8142,-0.39803,-1.61873,-0.00026,-0.03271,-0.18222,-0.08524,4.23313,-0.28327,1.18706,1.93069,-0.01639,-0.07679,0.13163,-79.04601,17.41895,-23.23369,21.08051,-3.13246,2.04809,2.36844,-92.315,7.36536,-5.34527,9.58004,-5.92208,-8.60305,1.75834
55.5,13.85965,-1.37076,0.03557,2.96475,-0.27445,-0.0945,3.78818,-0.41632,-1.61515,-0.02278,-0.01914,-0.16838,-0.10312,4.24719,-0.26723,1.19144,1.89854,-0.01503,-0.07502,0.12791,-78.97259,17.34991,-23.22909,21.17909,-3.12745,2.05528,2.37177,-92.33825,7.31372,-5.30804,9.54709,-5.92387,-8.59886,1.75722
55.52,13.94431,-1.15188,0.00042,2.99493,-0.25413,-0.09598,3.7842,-0.43329,-1.61765,-0.03256,-0.01139,-0.16074,-0.11018,4.24508,-0.25046,1.19104,1.87896,-0.01456,-0.07297,0.1254,-78.89095,17.38821,-23.21545,21.22807,-3.12754,2.05474,2.37324,-92.37001,7.36983,-5.2712,9.51206,-5.92163,-8.601,1.75662
55.54,14.03306,-1.01701,-0.01828,3.00608,-0.2539,-0.09937,3.79328,-0.44913,-1.62025,-0.0327,-0.00663,-0.15436,-0.11355,4.24638,-0.2366,1.18908,1.86626,-0.01462,-0.07046,0.12366,-78.80808,17.46249,-23.19922,21.2569,-3.12959,2.05169,2.37373,-92.40429,7.45902,-5.23404,9.47584,-5.91767,-8.60547,1.75578
55.56,14.11753,-0.87794,-0.03059,3.01205,-0.2597,-0.10282,3.81046,-0.46307,-1.62178,-0.02584,-0.00176,-0.14563,-0.11907,4.26664,-0.22931,1.1877,1.85551,-0.01492,-0.06734,0.12231,-78.72519,17.51428,-23.18545,21.29412,-3.13095,2.05001,2.374,-92.43441,7.52025,-5.19842,9.44072,-5.91428,-8.60867,1.75447
55.58,14.20007,-0.73558,-0.03916,3.01314,-0.27232,-0.10648,3.83413,-0.47686,-1.62042,-0.01651,0.00225,-0.13562,-0.12455,4.30296,-0.23547,1.18346,1.84737,-0.01563,-0.06332,0.12164,-78.62573,17.55227,-23.16205,21.34307,-3.1326,2.04843,2.37369,-92.46663,7.56407,-5.1465,9.40261,-5.91115,-8.61225,1.75209
55.6,14.28498,-0.65415,-0.03692,2.99891,-0.29924,-0.11085,3.86922,-0.48613,-1.61918,0.00706,0.00477,-0.12499,-0.12835,4.33662,-0.24137,1.17168,1.84144,-0.01686,-0.05792,0.12138,-78.56011,17.60407,-23.15401,21.35997,-3.13471,2.04599,2.37285,-92.49255,7.61871,-5.12127,9.37506,-5.9072,-8.61596,1.75002
55.62,14.37029,-0.70783,-0.01646,2.95666,-0.34849,-0.11642,3.92147,-0.48561,-1.62125,0.05861,0.00528,-0.11449,-0.12919,4.3452,-0.22983,1.14734,1.83731,-0.01867,-0.0507,0.12119,-78.59404,17.70286,-23.19682,21.28782,-3.13728,2.04237,2.37181,-92.4901,7.71024,-5.16958,9.38312,-5.90071,-8.62008,1.74899
55.64,14.45542,-0.80892,0.00578,2.90369,-0.40732,-0.12221,3.98362,-0.48022,-1.62405,0.12293,0.00476,-0.10402,-0.12902,4.34239,-0.21765,1.11211,1.83098,-0.02087,-0.04177,0.1211,-78.66121,17.81615,-23.25824,21.1853,-3.13986,2.03845,2.37049,-92.47806,7.81366,-5.245,9.40564,-5.89319,-8.62406,1.74823
55.66,14.54084,-0.8742,0.01544,2.85515,-0.46358,-0.12727,4.04929,-0.47453,-1.62666,0.18631,0.00445,-0.0932,-0.12972,4.34148,-0.21887,1.06843,1.81957,-0.02325,-0.03143,0.12112,-78.71148,17.913,-23.31151,21.09901,-3.14227,2.03509,2.36891,-92.47384,7.90227,-5.30545,9.42162,-5.88651,-8.62803,1.74697
55.68,14.62736,-0.93848,0.0151,2.80411,-0.52008,-0.13189,4.11822,-0.46725,-1.62946,0.25125,0.00421,-0.08261,-0.13034,4.33092,-0.22722,1.01532,1.80583,-0.02577,-0.02011,0.12125,-78.77821,18.00337,-23.36059,20.99943,-3.14519,2.03036,2.3668,-92.47395,7.98836,-5.36999,9.43727,-5.87938,-8.63229,1.7454
55.7,14.72297,-0.9745,0.00269,2.76391,-0.57158,-0.13577,4.19241,-0.45951,-1.63731,0.3189,0.00445,-0.07272,-0.13214,4.31505,-0.23619,0.95817,1.77874,-0.02795,-0.00759,0.12043,-78.82401,18.09475,-23.4192,20.9208,-3.14708,2.02802,2.36523,-92.47287,8.07694,-5.43475,9.45557,-5.87315,-8.63598,1.74404
55.72,14.83917,-0.94609,-0.02171,2.75081,-0.61177,-0.1386,4.27483,-0.45249,-1.65575,0.39068,0.00579,-0.06361,-0.1367,4.30038,-0.23783,0.90295,1.72477,-0.02924,0.0066,0.11737,-78.80243,18.19929,-23.50614,20.90473,-3.14602,2.03333,2.36577,-92.46812,8.18166,-5.50673,9.47924,-5.8694,-8.63602,1.74415
55.74,14.9668,-0.89123,-0.05285,2.75067,-0.64426,-0.14077,4.35923,-0.44613,-1.67948,0.46229,0.00782,-0.05554,-0.14225,4.27792,-0.2339,0.85047,1.6556,-0.02952,0.02077,0.11267,-78.75928,18.30868,-23.60356,20.91045,-3.14404,2.04095,2.36694,-92.46452,8.29453,-5.58331,9.50347,-5.86684,-8.63462,1.74494
55.76,15.09468,-0.84048,-0.08685,2.75218,-0.6718,-0.14262,4.43994,-0.44142,-1.70374,0.52913,0.01025,-0.0485,-0.14745,4.24201,-0.22665,0.80137,1.58247,-0.02893,0.03357,0.10709,-78.72769,18.41504,-23.69489,20.90823,-3.1422,2.04725,2.36751,-92.4623,8.40657,-5.6562,9.52718,-5.86373,-8.63405,1.74503
55.78,15.22282,-0.79347,-0.11994,2.75905,-0.69366,-0.14424,4.52009,-0.43959,-1.73055,0.59303,0.01355,-0.042,-0.15265,4.1911,-0.20775,0.75633,1.50132,-0.02753,0.04543,0.10026,-78.70092,18.53593,-23.79507,20.90053,-3.14054,2.05457,2.36825,-92.46102,8.53425,-5.73666,9.55178,-5.86039,-8.63342,1.74516
55.8,15.34549,-0.74534,-0.1503,2.77138,-0.70756,-0.14548,4.58865,-0.44115,-1.75647,0.64873,0.0165,-0.03755,-0.15753,4.13229,-0.18768,0.72591,1.41609,-0.02443,0.05374,0.09203,-78.6686,18.64414,-23.88562,20.90403,-3.13889,2.06096,2.36849,-92.46267,8.65087,-5.80972,9.57228,-5.85811,-8.63255,1.74498
55.82,15.46291,-0.68041,-0.17939,2.78814,-0.71154,-0.14616,4.63215,-0.44637,-1.77745,0.69104,0.0176,-0.03679,-0.16175,4.07294,-0.17836,0.71876,1.33405,-0.01911,0.05601,0.08265,-78.62911,18.71033,-23.94893,20.92794,-3.13801,2.06484,2.36768,-92.46357,8.72633,-5.85828,9.58864,-5.85797,-8.63032,1.74372
55.84,15.57029,-0.62183,-0.20245,2.80887,-0.70853,-0.14665,4.66136,-0.45535,-1.79622,0.72528,0.01802,-0.03779,-0.16548,4.00637,-0.16691,0.72616,1.25198,-0.01246,0.0544,0.07219,-78.58292,18.7648,-24.00216,20.96317,-3.1371,2.06781,2.36641,-92.46483,8.78965,-5.89928,9.60265,-5.8587,-8.62784,1.742
55.86,15.66328,-0.59103,-0.21608,2.83188,-0.70174,-0.14731,4.68527,-0.46867,-1.81449,0.75612,0.01885,-0.03892,-0.16874,3.92562,-0.14233,0.74,1.16832,-0.00526,0.05083,0.06088,-78.54071,18.83497,-24.06105,20.99267,-3.13639,2.07113,2.36532,-92.46351,8.86594,-5.94455,9.61824,-5.85887,-8.62548,1.74032
55.88,15.73852,-0.58209,-0.22233,2.85478,-0.69283,-0.14819,4.69955,-0.48684,-1.83065,0.78435,0.01964,-0.04052,-0.17159,3.82823,-0.10196,0.75818,1.08784,0.00206,0.04564,0.04942,-78.49315,18.91889,-24.12789,21.02711,-3.13523,2.07487,2.36459,-92.45765,8.95391,-5.99485,9.63806,-5.85904,-8.62296,1.73891
55.9,15.80599,-0.60399,-0.22038,2.88296,-0.67844,-0.14902,4.70754,-0.5068,-1.84516,0.80643,0.02033,-0.04247,-0.17388,3.73578,-0.0683,0.78967,1.00481,0.01083,0.03713,0.03635,-78.45352,18.99085,-24.17688,21.05404,-3.13486,2.07732,2.36368,-92.45948,9.02662,-6.0327,9.64627,-5.85955,-8.62089,1.73766
55.92,15.87078,-0.67251,-0.21073,2.92262,-0.655,-0.14951,4.71457,-0.52503,-1.85898,0.81849,0.02089,-0.04467,-0.17539,3.67155,-0.06358,0.8449,0.91065,0.02255,0.02337,0.01967,-78.43648,19.01609,-24.17276,21.05926,-3.13636,2.07558,2.36155,-92.49019,9.04903,-6.03621,9.61947,-5.86095,-8.62091,1.73608
55.94,15.92251,-0.76714,-0.20075,2.96693,-0.62842,-0.14994,4.71842,-0.54379,-1.87163,0.82606,0.02141,-0.04691,-0.17652,3.61671,-0.06487,0.91037,0.81517,0.03498,0.00751,0.00153,-78.4265,19.02714,-24.15074,21.05745,-3.13845,2.07214,2.35932,-92.52898,9.05556,-6.02868,9.58154,-5.86235,-8.62142,1.73464
55.96,15.96259,-0.87251,-0.19346,3.01029,-0.60394,-0.15057,4.71854,-0.56522,-1.88312,0.83408,0.022,-0.049,-0.17756,3.55698,-0.05585,0.97342,0.72617,0.04644,-0.00769,-0.01614,-78.41283,19.04923,-24.1366,21.05821,-3.1403,2.06951,2.35781,-92.56073,9.07274,-6.02579,9.54997,-5.86364,-8.62135,1.7339
55.98,15.99241,-0.98152,-0.18865,3.05432,-0.58061,-0.15124,4.71794,-0.58947,-1.89431,0.84146,0.02237,-0.05127,-0.17836,3.49989,-0.04345,1.03704,0.63973,0.05743,-0.02303,-0.03409,-78.39096,19.07309,-24.12041,21.06305,-3.14187,2.06651,2.35663,-92.59145,9.09091,-6.02342,9.51836,-5.86499,-8.62176,1.73356
56,16.03952,-1.11106,-0.18118,3.09945,-0.56031,-0.15189,4.7181,-0.61057,-1.90584,0.84776,0.02321,-0.0529,-0.17941,3.45255,-0.03423,1.09798,0.56416,0.06713,-0.03707,-0.05077,-78.38236,19.09202,-24.10424,21.05965,-3.14373,2.06352,2.35585,-92.61922,9.10492,-6.01528,9.48783,-5.86582,-8.62197,1.73327
56.02,16.13743,-1.28393,-0.16311,3.14632,-0.54494,-0.15243,4.72111,-0.62144,-1.91839,0.85296,0.0255,-0.05276,-0.18132,3.42117,-0.03349,1.15478,0.50657,0.07519,-0.04846,-0.06462,-78.40443,19.10306,-24.09392,21.03935,-3.14556,2.06177,2.35567,-92.6438,9.11089,-5.9903,9.45654,-5.86546,-8.62186,1.73259
56.04,16.26505,-1.47294,-0.13477,3.19351,-0.53376,-0.15288,4.72815,-0.62727,-1.93236,0.8572,0.02824,-0.05207,-0.18356,3.4012,-0.03533,1.20857,0.46013,0.0822,-0.05836,-0.07662,-78.43711,19.10953,-24.08689,21.01317,-3.14732,2.06056,2.35587,-92.66307,9.11267,-5.96148,9.42914,-5.86432,-8.62155,1.73175
56.06,16.40732,-1.65612,-0.09668,3.2395,-0.5265,-0.1533,4.74016,-0.63242,-1.94786,0.86105,0.03062,-0.05172,-0.18572,3.38832,-0.03491,1.25818,0.41978,0.08834,-0.06748,-0.08747,-78.46531,19.11323,-24.07631,20.98951,-3.14911,2.05895,2.35621,-92.68176,9.11322,-5.93317,9.40241,-5.86341,-8.6216,1.73118
56.08,16.57402,-1.83487,-0.04646,3.28577,-0.52237,-0.15359,4.7606,-0.63386,-1.96539,0.86435,0.03319,-0.05093,-0.18814,3.38679,-0.03604,1.30553,0.38335,0.09388,-0.07624,-0.09736,-78.49161,19.12156,-24.06644,20.96453,-3.15088,2.0574,2.35679,-92.70827,9.11943,-5.90341,9.36802,-5.86261,-8.62137,1.73095
56.1,16.76264,-2.01684,0.01987,3.32741,-0.52366,-0.15396,4.78188,-0.63175,-1.98317,0.86663,0.03515,-0.05084,-0.19019,3.3921,-0.03406,1.3426,0.36242,0.0977,-0.08243,-0.10412,-78.52581,19.11411,-24.05568,20.93965,-3.15275,2.05558,2.35741,-92.71994,9.11014,-5.87465,9.34844,-5.86149,-8.62142,1.73058
56.12,16.96578,-2.21987,0.10592,3.35898,-0.53328,-0.15471,4.79481,-0.62653,-1.9991,0.86757,0.03549,-0.05289,-0.19101,3.40009,-0.02511,1.36128,0.36771,0.09876,-0.08329,-0.10562,-78.57331,19.05865,-24.03534,20.92403,-3.15392,2.05294,2.35761,-92.69517,9.05105,-5.83989,9.36325,-5.86041,-8.62376,1.72954
56.14,17.17869,-2.4208,0.20302,3.38481,-0.54692,-0.15553,4.807,-0.6179,-2.01417,0.86763,0.03514,-0.05559,-0.19131,3.41596,-0.01605,1.37061,0.38466,0.09834,-0.08154,-0.10436,-78.62863,18.98837,-24.01372,20.90799,-3.15518,2.04991,2.35775,-92.65744,8.97551,-5.80374,9.39087,-5.85926,-8.62658,1.72824
56.16,17.39629,-2.604,0.30238,3.40879,-0.56104,-0.15623,4.82442,-0.60605,-2.02921,0.8674,0.03485,-0.05778,-0.19167,3.44223,-0.01191,1.378,0.40121,0.09757,-0.07967,-0.10253,-78.67984,18.92404,-23.99118,20.89207,-3.1565,2.04708,2.35793,-92.62792,8.90645,-5.76817,9.41165,-5.85819,-8.62917,1.72712
56.18,17.61554,-2.77024,0.39856,3.43121,-0.57559,-0.15693,4.8437,-0.59106,-2.04395,0.86725,0.0344,-0.05992,-0.1919,3.47735,-0.01449,1.38237,0.41886,0.09636,-0.07689,-0.09993,-78.74314,18.85023,-23.97033,20.87176,-3.15774,2.04426,2.35809,-92.59127,8.82592,-5.73194,9.43894,-5.85679,-8.63156,1.72577
56.2,17.80959,-2.91495,0.48752,3.44642,-0.59003,-0.15748,4.86082,-0.57612,-2.05567,0.86648,0.03372,-0.06183,-0.19182,3.51658,-0.01899,1.38186,0.4401,0.09438,-0.07367,-0.09612,-78.78488,18.791,-23.94755,20.85991,-3.15914,2.04136,2.3582,-92.57047,8.75999,-5.69653,9.4531,-5.85615,-8.63439,1.72473
56.22,17.94944,-3.02614,0.56412,3.44837,-0.6034,-0.15761,4.87158,-0.5657,-2.06154,0.86473,0.03273,-0.06329,-0.19132,3.55426,-0.02025,1.37437,0.46765,0.09133,-0.0707,-0.09065,-78.76021,18.78392,-23.92339,20.87387,-3.16094,2.03908,2.35851,-92.58596,8.75163,-5.67231,9.43887,-5.85594,-8.63743,1.72421
56.24,18.05077,-3.1122,0.62409,3.44379,-0.61534,-0.15759,4.87763,-0.55724,-2.06375,0.86279,0.0316,-0.0645,-0.19056,3.5918,-0.02385,1.36351,0.49636,0.08787,-0.06775,-0.0846,-78.71201,18.79214,-23.89807,20.89827,-3.16273,2.03694,2.35877,-92.61238,8.75958,-5.65178,9.41624,-5.85604,-8.64057,1.72372
56.26,18.13028,-3.18329,0.66516,3.43902,-0.62546,-0.15763,4.88096,-0.54875,-2.06442,0.86164,0.03053,-0.0655,-0.18974,3.62994,-0.03435,1.35283,0.52107,0.08466,-0.06479,-0.07905,-78.67831,18.78928,-23.87259,20.91626,-3.1646,2.03458,2.35891,-92.6347,8.75474,-5.62878,9.39645,-5.8563,-8.64363,1.72327
56.28,18.18307,-3.24306,0.68613,3.4325,-0.63378,-0.15773,4.87877,-0.54262,-2.0628,0.86233,0.02943,-0.06643,-0.18884,3.66421,-0.0502,1.34092,0.54357,0.08161,-0.0618,-0.07383,-78.63211,18.792,-23.84586,20.9395,-3.16668,2.03211,2.35894,-92.66098,8.75553,-5.60313,9.37345,-5.85624,-8.64736,1.72228
56.3,18.20243,-3.28339,0.68978,3.42462,-0.64015,-0.15782,4.87464,-0.53732,-2.05934,0.86198,0.02847,-0.06696,-0.18789,3.69648,-0.06659,1.33025,0.5609,0.07888,-0.05948,-0.0693,-78.6046,18.78523,-23.82505,20.95541,-3.16815,2.03034,2.35897,-92.67593,8.7465,-5.58588,9.36031,-5.8565,-8.64948,1.72186
56.32,18.18593,-3.30029,0.68154,3.41663,-0.64491,-0.15785,4.8738,-0.53014,-2.05484,0.85719,0.02784,-0.06669,-0.18692,3.73013,-0.07812,1.32416,0.56975,0.07667,-0.05874,-0.06586,-78.63862,18.74472,-23.81674,20.94576,-3.16823,2.02968,2.35912,-92.66118,8.69996,-5.58259,9.37173,-5.85849,-8.64777,1.72325
56.34,18.1445,-3.30427,0.66052,3.40832,-0.64813,-0.15792,4.87222,-0.52401,-2.04949,0.8515,0.02738,-0.06612,-0.18597,3.76004,-0.08782,1.31979,0.57328,0.0749,-0.05874,-0.06324,-78.69296,18.6937,-23.8154,20.92748,-3.1678,2.02977,2.35936,-92.63671,8.64308,-5.58652,9.39131,-5.86093,-8.64452,1.7253
56.36,18.08766,-3.31231,0.62819,3.40012,-0.65039,-0.15812,4.86723,-0.52068,-2.04373,0.84772,0.02695,-0.06564,-0.18511,3.78266,-0.09823,1.3151,0.57397,0.07348,-0.05878,-0.06123,-78.73681,18.64528,-23.80968,20.91348,-3.16781,2.02914,2.35946,-92.61574,8.59127,-5.58674,9.4076,-5.8631,-8.64223,1.72689
56.38,18.01993,-3.31795,0.58802,3.39287,-0.65156,-0.1584,4.86143,-0.51952,-2.03834,0.84442,0.02661,-0.06515,-0.18437,3.79979,-0.10701,1.31135,0.57169,0.07239,-0.05924,-0.05979,-78.78592,18.59139,-23.80391,20.89745,-3.16759,2.02877,2.35954,-92.59091,8.53554,-5.59011,9.42701,-5.86549,-8.63912,1.72871
56.4,17.94577,-3.32728,0.5432,3.38535,-0.65254,-0.15882,4.85506,-0.52015,-2.03347,0.8421,0.02634,-0.06478,-0.18372,3.81161,-0.11385,1.30754,0.56609,0.07167,-0.05963,-0.05903,-78.82603,18.54167,-23.80171,20.88576,-3.16732,2.02877,2.35978,-92.57036,8.48482,-5.58606,9.44184,-5.86749,-8.63741,1.73011
56.42,17.86893,-3.34173,0.49572,3.37607,-0.65405,-0.15946,4.84784,-0.52254,-2.02931,0.8416,0.02607,-0.06473,-0.18307,3.81827,-0.11914,1.3023,0.5568,0.07141,-0.05936,-0.05907,-78.84151,18.51541,-23.81444,20.88339,-3.16695,2.0299,2.36066,-92.56729,8.46107,-5.576,9.44249,-5.8683,-8.63743,1.73118
56.44,17.79496,-3.36053,0.44868,3.36679,-0.65571,-0.1602,4.84132,-0.5263,-2.02625,0.84182,0.02585,-0.06486,-0.18252,3.8213,-0.12187,1.29699,0.54555,0.07143,-0.05893,-0.05958,-78.8479,18.49528,-23.83106,20.88517,-3.16643,2.03124,2.36163,-92.56747,8.44412,-5.55911,9.43998,-5.86861,-8.63869,1.73173
56.46,17.73021,-3.38226,0.40412,3.35911,-0.65707,-0.16096,4.83639,-0.53124,-2.02459,0.84202,0.02568,-0.06507,-0.18211,3.82185,-0.12166,1.2925,0.53399,0.07155,-0.05872,-0.06026,-78.85801,18.47107,-23.84428,20.88535,-3.16598,2.0323,2.36249,-92.5664,8.42501,-5.54411,9.43876,-5.86915,-8.63945,1.73241
56.48,17.67839,-3.40859,0.36398,3.3525,-0.65859,-0.16173,4.83299,-0.53714,-2.02439,0.84235,0.02553,-0.06546,-0.1818,3.82046,-0.11828,1.28841,0.52229,0.07178,-0.0586,-0.06105,-78.87017,18.44641,-23.85927,20.88469,-3.1655,2.03346,2.36335,-92.56568,8.40575,-5.53057,9.43737,-5.86981,-8.63997,1.73315
56.5,17.63994,-3.43407,0.32823,3.34715,-0.65985,-0.16247,4.83077,-0.5434,-2.02487,0.84254,0.02543,-0.06587,-0.18156,3.8184,-0.11338,1.28474,0.51147,0.07204,-0.05841,-0.06188,-78.87571,18.42767,-23.87306,20.88679,-3.16516,2.03471,2.36414,-92.56588,8.39363,-5.51511,9.43589,-5.87011,-8.64128,1.73361
56.52,17.61682,-3.45907,0.2974,3.34356,-0.66071,-0.16314,4.829,-0.54919,-2.025,0.84249,0.02539,-0.06609,-0.18139,3.81683,-0.10853,1.28166,0.50262,0.07228,-0.05805,-0.06267,-78.85678,18.4174,-23.87902,20.90234,-3.16481,2.03598,2.36477,-92.56695,8.38974,-5.48523,9.43426,-5.8693,-8.64517,1.73284
56.54,17.61163,-3.48286,0.27256,3.34134,-0.66143,-0.16374,4.82777,-0.55459,-2.0252,0.8422,0.02538,-0.06629,-0.18124,3.81579,-0.10282,1.2789,0.49557,0.07248,-0.05759,-0.06334,-78.82815,18.41474,-23.88442,20.92315,-3.16441,2.0372,2.36532,-92.56799,8.39357,-5.45519,9.43388,-5.86802,-8.64953,1.73174
56.56,17.62274,-3.50837,0.25509,3.34001,-0.66237,-0.16425,4.82725,-0.55942,-2.02581,0.84165,0.02536,-0.06655,-0.18108,3.81525,-0.09533,1.27634,0.48994,0.07263,-0.05718,-0.06383,-78.80639,18.41229,-23.88968,20.93964,-3.16427,2.03836,2.36578,-92.56908,8.39499,-5.42464,9.43355,-5.86696,-8.65379,1.7306
56.58,17.6464,-3.53445,0.24506,3.33948,-0.66339,-0.16465,4.82715,-0.56303,-2.02631,0.84105,0.02534,-0.06678,-0.18093,3.8157,-0.08643,1.27419,0.48541,0.07276,-0.05684,-0.06415,-78.78067,18.41308,-23.89902,20.95977,-3.16386,2.0399,2.36636,-92.57494,8.39802,-5.39391,9.42992,-5.86585,-8.65803,1.72955
56.6,17.68953,-3.55405,0.24089,3.33989,-0.66432,-0.16492,4.82658,-0.56597,-2.02637,0.8398,0.0253,-0.067,-0.1807,3.81728,-0.07794,1.27199,0.48339,0.07278,-0.05633,-0.06426,-78.76006,18.41921,-23.90269,20.97454,-3.16379,2.04055,2.36659,-92.57598,8.40319,-5.36474,9.43017,-5.86527,-8.66241,1.72852
56.62,17.76199,-3.55997,0.24076,3.34145,-0.66518,-0.16507,4.82465,-0.56895,-2.02576,0.83724,0.02522,-0.06722,-0.18036,3.82024,-0.07173,1.2693,0.48557,0.0726,-0.05537,-0.06411,-78.75584,18.43465,-23.88859,20.97248,-3.16488,2.03874,2.3659,-92.56084,8.41283,-5.34062,9.4427,-5.86587,-8.66594,1.7278
56.64,17.84838,-3.5591,0.24572,3.34363,-0.66598,-0.1651,4.82186,-0.57097,-2.02435,0.83409,0.02513,-0.06737,-0.17993,3.82429,-0.06645,1.26663,0.48971,0.07234,-0.05425,-0.06381,-78.75843,18.4543,-23.86891,20.96401,-3.1665,2.03585,2.36489,-92.54294,8.42368,-5.31674,9.4566,-5.86708,-8.66954,1.72719
56.66,17.93632,-3.55665,0.25629,3.34586,-0.66673,-0.16504,4.81882,-0.57126,-2.02216,0.83096,0.02501,-0.06743,-0.17946,3.8293,-0.06074,1.26449,0.49372,0.07212,-0.05324,-0.06348,-78.75752,18.47399,-23.85275,20.95959,-3.16775,2.03345,2.36399,-92.52527,8.43358,-5.29339,9.47117,-5.86807,-8.67311,1.72651
56.68,18.02743,-3.55038,0.27125,3.34815,-0.66747,-0.16488,4.81525,-0.57002,-2.01915,0.82786,0.02487,-0.06738,-0.17893,3.83594,-0.0554,1.26286,0.49771,0.07193,-0.05221,-0.06322,-78.75922,18.49461,-23.83383,20.9518,-3.16932,2.03072,2.36294,-92.50944,8.44257,-5.26739,9.48312,-5.86903,-8.67708,1.72565
56.7,18.11527,-3.5393,0.28849,3.35032,-0.66783,-0.16465,4.8113,-0.56814,-2.01547,0.82429,0.0247,-0.06727,-0.17834,3.842,-0.05021,1.26162,0.5012,0.07183,-0.05129,-0.06298,-78.75969,18.51638,-23.82103,20.9475,-3.17057,2.02858,2.3621,-92.49131,8.45365,-5.24884,9.49844,-5.87017,-8.68007,1.72519
56.72,18.19302,-3.52603,0.30623,3.35197,-0.66754,-0.16439,4.80727,-0.56651,-2.01135,0.81968,0.02444,-0.06716,-0.17768,3.84482,-0.04446,1.26058,0.50341,0.07193,-0.05067,-0.06271,-78.75719,18.53449,-23.81704,20.95189,-3.1711,2.02695,2.36155,-92.4667,8.46518,-5.24687,9.52375,-5.87185,-8.68097,1.72569
56.74,18.26323,-3.51007,0.3237,3.35327,-0.66695,-0.16411,4.80306,-0.56481,-2.00685,0.81455,0.02414,-0.06702,-0.17696,3.84682,-0.03867,1.26009,0.50409,0.07219,-0.05015,-0.06262,-78.75657,18.55143,-23.81721,20.95706,-3.17154,2.02549,2.36112,-92.43896,8.4765,-5.24885,9.55229,-5.87364,-8.68151,1.72632
56.76,18.32533,-3.48957,0.33983,3.35439,-0.66611,-0.16381,4.79872,-0.56292,-2.00213,0.80933,0.02384,-0.06684,-0.17619,3.85015,-0.0331,1.26046,0.50281,0.07261,-0.0496,-0.06286,-78.75661,18.5666,-23.81638,20.96194,-3.17209,2.02441,2.36071,-92.41392,8.4874,-5.24884,9.5769,-5.87529,-8.68217,1.72689
56.78,18.37644,-3.46563,0.35316,3.35496,-0.66493,-0.16348,4.79442,-0.56125,-1.99745,0.80361,0.02348,-0.06671,-0.1754,3.85376,-0.02685,1.2615,0.49913,0.07324,-0.04909,-0.06339,-78.75829,18.57828,-23.81308,20.96664,-3.17278,2.0228,2.36015,-92.38285,8.49716,-5.25065,9.60675,-5.87696,-8.68258,1.72759
56.8,18.41723,-3.43982,0.36249,3.35563,-0.66371,-0.16321,4.79015,-0.56055,-1.99294,0.79766,0.02318,-0.06654,-0.17453,3.85836,-0.02144,1.26358,0.49284,0.07397,-0.04848,-0.06441,-78.76104,18.58734,-23.81049,20.97192,-3.17343,2.02173,2.35971,-92.35695,8.50675,-5.24948,9.63013,-5.87832,-8.68326,1.72804
56.82,18.45259,-3.41312,0.36691,3.35731,-0.66267,-0.16304,4.7858,-0.56148,-1.98853,0.79187,0.0231,-0.06618,-0.17352,3.86487,-0.01888,1.26717,0.48407,0.07457,-0.04757,-0.06613,-78.77121,18.59552,-23.81206,20.97152,-3.17419,2.02206,2.35957,-92.34563,8.51893,-5.24418,9.63787,-5.8785,-8.68453,1.72787
56.84,18.47838,-3.38377,0.3656,3.35916,-0.66159,-0.16293,4.7816,-0.56385,-1.98465,0.78565,0.02306,-0.06585,-0.17245,3.87265,-0.01705,1.27174,0.47232,0.07522,-0.04644,-0.06837,-78.78328,18.60204,-23.81571,20.97001,-3.17502,2.02286,2.35954,-92.33694,8.53096,-5.23675,9.64164,-5.8783,-8.68607,1.72753
56.86,18.49296,-3.35254,0.3585,3.36071,-0.66042,-0.16286,4.77766,-0.56732,-1.98154,0.77858,0.02297,-0.06569,-0.17134,3.88126,-0.01418,1.27692,0.45737,0.07599,-0.04522,-0.07097,-78.7968,18.60389,-23.81497,20.96829,-3.17607,2.02342,2.35938,-92.32474,8.54238,-5.23119,9.64816,-5.87802,-8.6872,1.72727
56.88,18.49507,-3.32154,0.34582,3.36195,-0.65944,-0.16286,4.77391,-0.57203,-1.97913,0.7705,0.02289,-0.06563,-0.17017,3.89101,-0.01089,1.28287,0.43922,0.07672,-0.04369,-0.07406,-78.80944,18.60452,-23.81382,20.96651,-3.17714,2.02415,2.35922,-92.31289,8.55404,-5.22202,9.65336,-5.87766,-8.68882,1.72693
56.9,18.49214,-3.29169,0.32759,3.36335,-0.65879,-0.16296,4.77037,-0.57802,-1.97773,0.76189,0.02274,-0.06581,-0.16898,3.90179,-0.00703,1.28924,0.41883,0.07759,-0.04225,-0.07732,-78.81992,18.59884,-23.80953,20.96602,-3.17814,2.02437,2.35891,-92.30183,8.56239,-5.21527,9.65802,-5.87736,-8.69003,1.72669
56.92,18.49204,-3.26695,0.30462,3.36529,-0.65881,-0.16321,4.76704,-0.58503,-1.9775,0.75317,0.0224,-0.06635,-0.16786,3.91299,-0.0022,1.29545,0.39733,0.07884,-0.04156,-0.08038,-78.83284,18.58186,-23.80322,20.9617,-3.17883,2.02421,2.3584,-92.29985,8.56408,-5.22186,9.65725,-5.87707,-8.6892,1.72708
56.94,18.48622,-3.2477,0.2773,3.36725,-0.65952,-0.16362,4.76377,-0.59312,-1.97821,0.74393,0.02199,-0.06711,-0.16673,3.92475,0.00324,1.30157,0.37482,0.08018,-0.04112,-0.08345,-78.83872,18.56099,-23.79695,20.95857,-3.17905,2.0239,2.35773,-92.30243,8.56318,-5.23043,9.6544,-5.87711,-8.68802,1.72768
56.96,18.47145,-3.23322,0.24591,3.36884,-0.66063,-0.16416,4.76032,-0.60226,-1.97948,0.73381,0.0216,-0.06795,-0.16552,3.93657,0.009,1.30735,0.35169,0.08137,-0.0405,-0.08664,-78.83688,18.54179,-23.79151,20.95372,-3.17926,2.0236,2.35691,-92.30676,8.56487,-5.23959,9.65313,-5.8772,-8.68691,1.72798
56.98,18.4491,-3.22487,0.21126,3.36975,-0.66228,-0.16483,4.75625,-0.61217,-1.98083,0.72299,0.02114,-0.06893,-0.16427,3.94646,0.0152,1.312,0.32918,0.08247,-0.03986,-0.08965,-78.82145,18.52144,-23.78531,20.95029,-3.17881,2.02308,2.35586,-92.31686,8.56579,-5.2484,9.65105,-5.87807,-8.68612,1.72828
57,18.42413,-3.23057,0.17477,3.37084,-0.66476,-0.16575,4.75245,-0.62324,-1.98323,0.71206,0.02077,-0.06995,-0.16297,3.95783,0.02124,1.31624,0.30923,0.08348,-0.03936,-0.09237,-78.79105,18.5033,-23.78016,20.94504,-3.17794,2.02215,2.35453,-92.33492,8.56747,-5.2561,9.64856,-5.87961,-8.68556,1.72835
57.02,18.4004,-3.25966,0.13839,3.37334,-0.66843,-0.16706,4.74961,-0.63574,-1.98777,0.70144,0.02074,-0.07091,-0.16157,3.97312,0.02664,1.32031,0.29374,0.08443,-0.03911,-0.09477,-78.73708,18.48955,-23.77286,20.94095,-3.17654,2.02066,2.35271,-92.35885,8.56956,-5.2585,9.64958,-5.8822,-8.68633,1.72798
57.04,18.37946,-3.30245,0.1019,3.37607,-0.67252,-0.16858,4.74714,-0.64947,-1.99307,0.69114,0.02078,-0.07187,-0.16015,3.98895,0.03139,1.32343,0.28394,0.08519,-0.03913,-0.09645,-78.65754,18.48267,-23.76993,20.93788,-3.17402,2.01874,2.3506,-92.39611,8.5739,-5.26141,9.65012,-5.8863,-8.68769,1.7275
57.06,18.35919,-3.34791,0.06508,3.37788,-0.67627,-0.17015,4.74427,-0.66417,-1.99791,0.68093,0.02073,-0.07287,-0.15871,4.00136,0.03516,1.32439,0.28061,0.08567,-0.03936,-0.09713,-78.55399,18.48364,-23.77469,20.93248,-3.17003,2.01651,2.34826,-92.4516,8.57899,-5.26763,9.64863,-5.89233,-8.6891,1.72694
57.08,18.33241,-3.39009,0.02824,3.37919,-0.67927,-0.17173,4.73984,-0.67956,-2.00232,0.67032,0.0208,-0.07376,-0.15722,4.00538,0.03737,1.32083,0.28369,0.08608,-0.03977,-0.09694,-78.41665,18.49754,-23.78943,20.93139,-3.16405,2.01412,2.34581,-92.52214,8.58644,-5.2756,9.65053,-5.90056,-8.69102,1.72626
57.1,18.33134,-3.43423,-0.00541,3.38065,-0.68132,-0.17325,4.73824,-0.69672,-2.00718,0.6612,0.0206,-0.07487,-0.15581,4.01669,0.03741,1.31905,0.29737,0.08573,-0.04064,-0.09512,-78.25511,18.52329,-23.81448,20.92719,-3.15586,2.01114,2.34319,-92.61924,8.59278,-5.28629,9.64605,-5.91158,-8.69303,1.72569
57.12,18.38975,-3.48122,-0.0331,3.38292,-0.68198,-0.17456,4.74423,-0.71668,-2.01326,0.65524,0.01966,-0.07664,-0.15459,4.05314,0.03459,1.32532,0.32576,0.08382,-0.04215,-0.09085,-78.07988,18.55973,-23.84896,20.9137,-3.14595,2.00688,2.34046,-92.75278,8.5948,-5.30204,9.62622,-5.92588,-8.69421,1.72574
57.14,18.47955,-3.50558,-0.05739,3.38623,-0.68015,-0.17553,4.75326,-0.73831,-2.01984,0.65037,0.01848,-0.07866,-0.15344,4.09664,0.02822,1.33106,0.36453,0.081,-0.04388,-0.08482,-77.89003,18.61588,-23.89928,20.89781,-3.13383,2.00255,2.33811,-92.90836,8.59731,-5.32467,9.60331,-5.94287,-8.695,1.72618
57.16,18.57549,-3.48396,-0.07955,3.39083,-0.67455,-0.17598,4.76121,-0.76007,-2.02606,0.64455,0.01741,-0.08059,-0.15223,4.13201,0.01744,1.32978,0.409,0.07788,-0.0454,-0.0778,-77.68924,18.6985,-23.96884,20.88594,-3.1203,1.99825,2.33668,-93.07538,8.6024,-5.34949,9.58179,-5.96189,-8.69605,1.72706
57.18,18.68469,-3.40226,-0.09795,3.39787,-0.6641,-0.17569,4.76871,-0.78131,-2.03173,0.63701,0.01626,-0.0826,-0.1509,4.16372,0.00125,1.32228,0.4577,0.07424,-0.04641,-0.06998,-77.49672,18.80981,-24.0594,20.8758,-3.10653,1.9943,2.33663,-93.2459,8.60748,-5.37201,9.55899,-5.98182,-8.69765,1.72843
57.2,18.83019,-3.261,-0.11006,3.40777,-0.64889,-0.17458,4.77794,-0.80313,-2.03811,0.63009,0.01512,-0.08467,-0.1496,4.19723,-0.01936,1.31167,0.5123,0.0702,-0.04743,-0.06099,-77.33984,18.94878,-24.16487,20.86616,-3.09224,1.99278,2.33839,-93.39938,8.61423,-5.40491,9.54057,-6.00131,-8.69725,1.73108
57.22,19.03702,-3.06543,-0.11299,3.4211,-0.62905,-0.17256,4.79041,-0.8269,-2.04623,0.62621,0.0141,-0.08672,-0.14848,4.23924,-0.04281,1.30158,0.57478,0.06591,-0.04897,-0.05036,-77.23476,19.12456,-24.30228,20.86619,-3.08231,1.99134,2.34339,-93.5117,8.62178,-5.45911,9.52987,-6.01887,-8.69211,1.7365
57.24,19.28611,-2.79309,-0.10502,3.43907,-0.60323,-0.16936,4.8034,-0.8501,-2.05444,0.62204,0.01302,-0.08886,-0.14728,4.28339,-0.07001,1.28869,0.63895,0.06151,-0.05006,-0.03928,-77.23341,19.32664,-24.44804,20.86682,-3.07626,1.99509,2.35184,-93.54592,8.62434,-5.51463,9.52677,-6.02941,-8.68415,1.74336
57.26,19.56073,-2.43089,-0.0826,3.46278,-0.57047,-0.16476,4.81359,-0.87016,-2.06094,0.6145,0.01173,-0.09108,-0.14572,4.3244,-0.10075,1.27123,0.69947,0.0572,-0.05022,-0.02879,-77.37104,19.55568,-24.60556,20.87623,-3.07664,2.00579,2.36487,-93.46216,8.61748,-5.55544,9.52668,-6.02776,-8.67451,1.75131
57.28,19.85927,-1.98733,-0.04152,3.49194,-0.5313,-0.15868,4.81913,-0.8867,-2.06473,0.60335,0.01033,-0.0932,-0.14375,4.37076,-0.1327,1.25264,0.75668,0.05302,-0.04985,-0.0187,-77.65314,19.86288,-24.86492,20.91154,-3.10864,2.00962,2.38782,-93.21444,8.60388,-5.57344,9.52629,-6.00897,-8.66271,1.76179
57.3,20.21603,-1.47986,0.02421,3.52841,-0.48679,-0.15129,4.82415,-0.90004,-2.06778,0.59131,0.00855,-0.09557,-0.14152,4.40605,-0.16379,1.233,0.80921,0.04948,-0.04914,-0.00998,-78.24432,20.10963,-24.97528,20.92818,-3.12613,2.04956,2.41171,-92.71173,8.55762,-5.57424,9.545,-5.96254,-8.64525,1.77165
57.32,20.67063,-0.92005,0.11926,3.57441,-0.43787,-0.1429,4.83193,-0.91155,-2.07184,0.58113,0.0061,-0.09863,-0.1392,4.41109,-0.19187,1.21309,0.85538,0.04711,-0.04837,-0.00375,-79.33059,20.1582,-24.73349,20.88702,-3.05963,2.18819,2.42915,-91.84908,8.45346,-5.57128,9.60666,-5.87749,-8.61768,1.77815
57.34,21.188,-0.35004,0.24818,3.62712,-0.3874,-0.13364,4.83756,-0.91874,-2.07354,0.57069,0.00326,-0.10175,-0.13656,4.40384,-0.21401,1.19666,0.89632,0.04552,-0.0479,0.00086,-80.82779,20.14415,-24.31663,20.83311,-2.98732,2.36475,2.45359,-90.58562,8.30064,-5.52933,9.6919,-5.74781,-8.58327,1.78325
57.36,21.73384,0.19759,0.41114,3.68387,-0.33803,-0.12374,4.83583,-0.91967,-2.06986,0.55791,0.00025,-0.1044,-0.13339,4.39923,-0.22812,1.18555,0.93276,0.04439,-0.0479,0.00463,-82.67104,20.18499,-23.93662,20.81379,-2.97106,2.53654,2.49401,-88.87826,8.10269,-5.41568,9.78176,-5.56813,-8.54445,1.78915
57.38,22.31681,0.73589,0.60056,3.74548,-0.29022,-0.1135,4.82389,-0.91644,-2.06017,0.54321,-0.00299,-0.10663,-0.12978,4.39428,-0.23285,1.17972,0.96397,0.0438,-0.04842,0.00737,-84.90843,20.31429,-23.88083,20.88558,-2.94852,2.76698,2.55973,-86.65674,7.85144,-5.24622,9.87736,-5.33355,-8.49667,1.79757
57.4,22.90015,1.10269,0.83273,3.80412,-0.25332,-0.10391,4.81379,-0.90336,-2.04709,0.53097,-0.0064,-0.10836,-0.12586,4.37763,-0.22701,1.17907,0.99251,0.04375,-0.04968,0.00917,-87.70217,20.29959,-23.15391,20.85729,-3.04292,2.94499,2.62,-83.85007,7.52276,-4.9618,9.99176,-5.02517,-8.44818,1.79936
57.42,23.43678,1.14321,1.12073,3.85112,-0.23571,-0.09581,4.81731,-0.87447,-2.03263,0.52534,-0.00992,-0.10952,-0.12175,4.33716,-0.21107,1.18266,1.02072,0.0442,-0.05183,0.01018,-91.31209,19.85392,-20.47456,20.4686,-3.42704,2.91149,2.62186,-80.38513,7.08519,-4.49331,10.14099,-4.6261,-8.40488,1.78582
57.44,23.91506,0.94623,1.44181,3.88778,-0.23461,-0.08938,4.82211,-0.83361,-2.01254,0.52465,-0.01344,-0.10984,-0.11759,4.28397,-0.1852,1.19031,1.04685,0.04498,-0.05469,0.01058,-95.68147,19.24658,-16.94354,19.94864,-3.95684,2.81455,2.59503,-76.23776,6.564,-3.90937,10.30702,-4.14161,-8.35871,1.76505
57.46,24.33011,0.59647,1.77295,3.91571,-0.24701,-0.08479,4.81863,-0.78485,-1.98471,0.52721,-0.01681,-0.10922,-0.11352,4.23057,-0.14905,1.2025,1.0692,0.04596,-0.05819,0.01057,-100.71531,18.7105,-13.56208,19.49508,-4.51222,2.77444,2.57319,-71.38089,5.96454,-3.24571,10.47572,-3.57807,-8.30296,1.74325
57.48,24.69269,0.13575,2.09443,3.93571,-0.27012,-0.08214,4.80941,-0.73163,-1.95214,0.53366,-0.01999,-0.10799,-0.10982,4.17587,-0.10544,1.21803,1.08767,0.0471,-0.06215,0.01009,-106.61871,18.15163,-9.93205,18.98659,-5.16248,2.69725,2.53487,-65.74821,5.25831,-2.47954,10.66408,-2.94006,-8.22938,1.72253
57.5,24.88356,-0.71485,2.44542,3.92868,-0.32257,-0.08316,4.80597,-0.65889,-1.91247,0.55329,-0.02249,-0.10521,-0.10711,4.11881,-0.05122,1.23918,1.10733,0.04826,-0.0671,0.00981,-113.18196,17.63798,-6.00065,18.52684,-5.866,2.70688,2.48214,-59.42517,4.5185,-1.65581,10.82897,-2.20183,-8.15865,1.68831
57.52,24.79242,-2.25839,2.87146,3.87643,-0.42349,-0.0895,4.81811,-0.54732,-1.86114,0.5963,-0.02387,-0.10001,-0.10583,4.06002,0.01795,1.26904,1.13292,0.04931,-0.07363,0.01044,-120.12781,17.16935,-1.62697,18.25295,-6.54784,2.99885,2.4149,-52.47831,3.78801,-0.78526,10.95223,-1.336,-8.11117,1.61855
57.54,24.55042,-4.18475,3.30791,3.79546,-0.55403,-0.10001,4.83869,-0.41396,-1.80329,0.65919,-0.02414,-0.09334,-0.10668,4.0059,0.09371,1.30478,1.16223,0.05025,-0.08113,0.01161,-127.68894,16.73919,2.99096,18.08648,-7.25549,3.42271,2.32521,-44.84953,3.00687,0.12098,11.05584,-0.39188,-8.04619,1.53594
57.56,24.2854,-6.20849,3.69552,3.70315,-0.69573,-0.11347,4.86345,-0.27697,-1.74601,0.7372,-0.02344,-0.08632,-0.11,3.96473,0.16931,1.34451,1.19268,0.05111,-0.08905,0.01297,-136.04517,16.35597,7.74347,17.92898,-8.03502,3.84115,2.2058,-36.53738,2.13134,1.07385,11.15416,0.5895,-7.93929,1.45537
57.58,24.03561,-8.36825,4.03655,3.60437,-0.84624,-0.12956,4.89694,-0.13349,-1.69144,0.83032,-0.02209,-0.07965,-0.1152,3.94284,0.24718,1.39068,1.22286,0.0519,-0.0975,0.01458,-145.27864,15.73186,13.5781,17.66138,-8.86328,4.31776,2.00854,-27.6128,1.1404,2.13755,11.27513,1.6118,-7.8025,1.35736
57.6,23.73221,-10.7298,4.3291,3.48123,-1.02009,-0.15001,4.94751,0.01571,-1.63791,0.95122,-0.0188,-0.07147,-0.12512,3.93113,0.31464,1.43789,1.26399,0.05241,-0.10636,0.01714,-154.55117,15.63409,18.10067,17.69839,-9.73642,4.81893,1.84859,-18.42715,0.19486,3.02573,11.27206,2.60632,-7.60159,1.27731
57.62,23.28946,-13.37502,4.56645,3.3143,-1.2354,-0.17683,5.02157,0.16893,-1.58331,1.11076,-0.01234,-0.05932,-0.14216,3.91643,0.35421,1.47736,1.32875,0.05231,-0.11524,0.0214,-162.60361,17.24871,17.89699,18.53334,-10.68726,5.29904,1.92231,-9.296,-0.64042,3.59312,11.05231,3.50687,-7.32194,1.23419
57.64,22.8753,-16.14335,4.72632,3.13618,-1.46833,-0.20746,5.11587,0.31807,-1.53337,1.29218,-0.00462,-0.04577,-0.16236,3.91095,0.37414,1.51282,1.40404,0.05183,-0.12385,0.0266,-170.02329,19.63537,15.6651,19.67817,-11.70417,5.80644,2.10742,-0.26945,-1.54992,4.1516,10.7527,4.32439,-6.99926,1.17932
57.66,22.60614,-18.8787,4.79692,2.97131,-1.69597,-0.23918,5.2266,0.4536,-1.49389,1.47884,0.00288,-0.0335,-0.183,3.92403,0.38341,1.54788,1.47855,0.0512,-0.13197,0.03206,-177.40014,21.85868,14.06211,20.65082,-12.77202,6.35559,2.25515,8.45076,-2.56563,4.81858,10.43937,5.04153,-6.64269,1.09043
57.68,22.41277,-21.65495,4.79104,2.8151,-1.92488,-0.27236,5.35218,0.57314,-1.46664,1.66528,0.01015,-0.02181,-0.20419,3.94603,0.37545,1.57683,1.55681,0.05015,-0.13912,0.03814,-184.06544,24.41509,11.81527,21.60813,-13.88391,6.94103,2.43951,16.48016,-3.62085,5.49174,10.06761,5.60254,-6.24037,0.97552
57.7,22.31787,-24.22294,4.7031,2.66178,-2.14362,-0.30492,5.49345,0.66788,-1.44068,1.85135,0.01733,-0.01096,-0.22507,3.97466,0.35515,1.60212,1.63308,0.04913,-0.14568,0.04415,-190.06653,26.71179,9.64452,22.40984,-15.03598,7.53979,2.6162,23.44039,-4.58363,6.02571,9.54634,5.94504,-5.78208,0.84888
57.72,22.3368,-26.29319,4.5333,2.49997,-2.3398,-0.33438,5.65103,0.72996,-1.40158,2.03519,0.02478,-0.00217,-0.24499,4.00995,0.33047,1.62904,1.69977,0.04877,-0.15229,0.04913,-195.65164,27.88723,8.74886,22.86824,-16.23026,8.11683,2.69908,29.14058,-5.27868,6.40573,8.85429,6.02905,-5.27024,0.71277
57.74,22.38255,-28.07182,4.31899,2.33795,-2.52111,-0.36155,5.81774,0.76295,-1.35827,2.20036,0.03199,0.00435,-0.26338,4.04477,0.29811,1.65171,1.76079,0.04858,-0.15821,0.05365,-200.37226,28.58007,8.19148,23.09008,-17.45676,8.68104,2.74585,33.50469,-5.73737,6.67622,8.03694,5.8608,-4.70429,0.56205
57.76,22.39895,-29.74215,4.09347,2.1879,-2.6928,-0.38717,5.98868,0.77123,-1.32,2.33634,0.03829,0.00884,-0.27975,4.07274,0.25574,1.66526,1.81978,0.04811,-0.16287,0.05829,-203.97404,29.31632,7.37605,23.16475,-18.69837,9.25108,2.80128,36.50632,-6.02896,6.77598,7.09367,5.4613,-4.07996,0.40621
57.78,22.33342,-31.28991,3.8752,2.04135,-2.85692,-0.41082,6.16313,0.75601,-1.28227,2.44203,0.04349,0.01106,-0.29397,4.08909,0.20428,1.67055,1.87718,0.04747,-0.16662,0.06297,-206.48974,29.91409,6.45038,23.20378,-19.92646,9.828,2.86034,38.25132,-6.13785,6.68326,6.02646,4.86725,-3.41336,0.25849
57.8,22.30327,-32.48562,3.65496,1.91411,-2.99133,-0.43008,6.33991,0.71069,-1.24116,2.52031,0.04863,0.01125,-0.30597,4.09944,0.15187,1.66911,1.92615,0.04678,-0.16925,0.06722,-208.40444,30.33201,5.80322,22.95127,-21.11501,10.34129,2.89331,38.27529,-5.99498,6.25295,4.855,4.08311,-2.74004,0.13892
57.82,22.47561,-33.09366,3.41716,1.82794,-3.07292,-0.44297,6.5268,0.62987,-1.19553,2.58334,0.05531,0.00977,-0.3167,4.11262,0.10739,1.66333,1.96019,0.04618,-0.17054,0.07062,-210.31417,30.55039,5.88699,22.08879,-22.23283,10.70142,2.85996,36.92025,-5.654,5.51462,3.66885,3.20004,-2.09687,0.05495
57.84,22.69595,-33.37099,3.19029,1.7617,-3.12382,-0.45124,6.72423,0.52156,-1.14962,2.63173,0.06261,0.00633,-0.32671,4.1197,0.06534,1.65256,1.98671,0.04555,-0.17097,0.07365,-211.87249,30.61394,6.3308,21.06586,-23.21268,10.94915,2.79315,35.67975,-5.32734,4.85294,2.62217,2.40955,-1.51452,-0.01249
57.86,22.82511,-33.56431,2.99973,1.69704,-3.16529,-0.45667,6.92356,0.39394,-1.10296,2.66097,0.06934,0.00091,-0.33571,4.11117,0.02083,1.63522,2.01237,0.04473,-0.17086,0.0768,-212.76909,30.62782,6.71795,20.25616,-24.01405,11.13827,2.73556,34.56666,-5.01819,4.29583,1.73983,1.74012,-1.01927,-0.06112
57.88,22.91505,-33.66358,2.84585,1.63381,-3.19835,-0.45948,7.11995,0.25072,-1.04489,2.67385,0.07574,-0.00634,-0.34361,4.08593,-0.0219,1.61195,2.03737,0.0438,-0.17041,0.08004,-213.24938,30.53555,7.19197,19.59419,-24.64256,11.25251,2.67854,33.60775,-4.71227,3.8516,1.04134,1.20182,-0.61983,-0.09436
57.9,23.00252,-33.57549,2.71047,1.59062,-3.20872,-0.45887,7.2967,0.09606,-0.99078,2.67647,0.08207,-0.01406,-0.35033,4.05512,-0.05995,1.58635,2.05583,0.04282,-0.16936,0.08292,-213.50512,30.4519,7.7773,18.98807,-25.11751,11.29513,2.6136,32.80674,-4.41972,3.52049,0.52996,0.78997,-0.31418,-0.1148
57.92,23.13599,-33.20975,2.57582,1.58711,-3.18118,-0.45413,7.44245,-0.05942,-0.96244,2.68136,0.08896,-0.02013,-0.35617,4.03142,-0.09046,1.56257,2.0619,0.04187,-0.16746,0.08499,-213.71721,30.53076,8.4686,18.32047,-25.46818,11.27278,2.53227,32.15438,-4.15357,3.29649,0.19739,0.4913,-0.09344,-0.12615
57.94,23.2916,-32.7196,2.46248,1.6019,-3.13705,-0.44726,7.55553,-0.20212,-0.93992,2.68357,0.09571,-0.02509,-0.3605,4.00435,-0.11388,1.53862,2.06248,0.04097,-0.16519,0.08665,-213.88062,30.64189,9.24095,17.68648,-25.71121,11.20254,2.44502,31.62081,-3.88611,3.15628,0.01075,0.2883,0.05467,-0.13153
57.96,23.42786,-32.25043,2.38813,1.6139,-3.09634,-0.44009,7.63203,-0.3239,-0.90253,2.67588,0.10154,-0.0297,-0.3626,3.96383,-0.13075,1.51256,2.06386,0.04012,-0.16304,0.08831,-213.95815,30.69408,10.02844,17.17161,-25.86547,11.10404,2.3646,31.17587,-3.59727,3.0785,-0.06432,0.16199,0.14378,-0.13289
57.98,23.57759,-31.79309,2.34486,1.625,-3.05673,-0.43266,7.67135,-0.42231,-0.84927,2.66674,0.1073,-0.03297,-0.3627,3.91189,-0.13662,1.4861,2.06538,0.03939,-0.1612,0.08997,-214.03009,30.72445,10.87731,16.70976,-25.96133,10.97212,2.28452,30.80724,-3.28808,3.05352,-0.04593,0.09411,0.18767,-0.13194
58,23.69611,-31.33206,2.32658,1.64425,-3.01663,-0.42557,7.66469,-0.48903,-0.80437,2.64296,0.11076,-0.03569,-0.36024,3.85957,-0.13988,1.46071,2.06344,0.03877,-0.15911,0.09107,-214.1164,30.74479,11.6896,16.31711,-26.00316,10.84433,2.21004,30.49209,-2.96859,3.0547,0.0371,0.06863,0.19871,-0.12979
58.02,23.73465,-30.86695,2.32728,1.68054,-2.9754,-0.41945,7.60998,-0.52041,-0.79581,2.58866,0.10931,-0.03885,-0.35502,3.81849,-0.15145,1.43756,2.05452,0.03818,-0.15618,0.09108,-214.20794,30.73818,12.38183,16.03913,-25.98758,10.76053,2.14481,30.21332,-2.65089,3.0581,0.1582,0.07216,0.18738,-0.12734
58.04,23.74225,-30.43088,2.33865,1.72133,-2.9366,-0.41423,7.52805,-0.53016,-0.79812,2.52474,0.10595,-0.04177,-0.34837,3.78087,-0.16223,1.41665,2.04245,0.03774,-0.15312,0.09051,-214.33516,30.72281,13.02736,15.80807,-25.94682,10.69174,2.0844,29.97635,-2.33238,3.07308,0.31138,0.09352,0.16246,-0.12509
58.06,23.75502,-30.05686,2.35716,1.75447,-2.90452,-0.40987,7.43246,-0.5288,-0.78849,2.46628,0.10291,-0.04378,-0.34116,3.73893,-0.1653,1.39744,2.03134,0.0375,-0.15055,0.08991,-214.51691,30.70048,13.69818,15.57232,-25.90605,10.6129,2.02368,29.78669,-2.00985,3.10924,0.4929,0.12424,0.13053,-0.12348
58.08,23.76195,-29.7335,2.37763,1.78241,-2.87891,-0.4065,7.32032,-0.52144,-0.7791,2.40267,0.09906,-0.04449,-0.33331,3.69674,-0.16673,1.37983,2.02084,0.03734,-0.14824,0.08927,-214.74498,30.68077,14.39971,15.33708,-25.86518,10.53328,1.96009,29.59737,-1.69013,3.14824,0.68409,0.15464,0.09687,-0.12112
58.1,23.72142,-29.45897,2.39566,1.80592,-2.85624,-0.40372,7.21648,-0.50856,-0.7664,2.35238,0.09591,-0.04625,-0.326,3.65926,-0.16434,1.36578,2.00862,0.03748,-0.14624,0.08814,-214.99258,30.65585,15.02497,15.11971,-25.82782,10.46375,1.90429,29.43423,-1.38578,3.18474,0.87611,0.1826,0.06473,-0.11836
58.12,23.58848,-29.2351,2.41139,1.82456,-2.83303,-0.401,7.14789,-0.48759,-0.74224,2.33791,0.09519,-0.05188,-0.32029,3.6306,-0.15451,1.35729,1.99237,0.03814,-0.14469,0.08601,-215.22426,30.60971,15.46694,14.94444,-25.79733,10.41358,1.86755,29.36136,-1.11072,3.23187,1.07164,0.21038,0.03528,-0.11754
58.14,23.39329,-29.04688,2.42673,1.83826,-2.81134,-0.39846,7.09156,-0.46409,-0.71643,2.3346,0.09508,-0.05843,-0.31494,3.60811,-0.14317,1.35221,1.97508,0.03903,-0.14346,0.08349,-215.46487,30.56139,15.83608,14.77777,-25.77392,10.37344,1.83715,29.37901,-0.87081,3.30588,1.27339,0.23623,0.00909,-0.11953
58.16,23.17187,-28.88295,2.44538,1.84616,-2.79336,-0.3962,7.02979,-0.44151,-0.69323,2.32521,0.09451,-0.06374,-0.30924,3.58814,-0.13457,1.34839,1.95965,0.03991,-0.14247,0.08115,-215.72994,30.53157,16.22494,14.5924,-25.75858,10.33363,1.80281,29.48612,-0.66663,3.42175,1.48544,0.25908,-0.01403,-0.12463
58.18,22.91705,-28.75201,2.47367,1.84797,-2.779,-0.39403,6.97198,-0.41687,-0.66492,2.31957,0.0939,-0.0696,-0.3034,3.57054,-0.12797,1.34591,1.94541,0.0408,-0.14168,0.07883,-215.96723,30.50991,16.62967,14.43154,-25.75019,10.29554,1.76704,29.67706,-0.49406,3.58091,1.70704,0.27848,-0.03458,-0.13263
58.2,22.61598,-28.6185,2.5114,1.84838,-2.76366,-0.39149,6.91034,-0.38569,-0.64676,2.3076,0.09351,-0.07335,-0.29742,3.55756,-0.12262,1.34518,1.93228,0.04173,-0.14118,0.07658,-216.2815,30.4967,16.97515,14.20686,-25.74745,10.26302,1.73261,29.94871,-0.38313,3.76519,1.91842,0.29465,-0.05182,-0.1425
58.22,22.26975,-28.43937,2.55753,1.85242,-2.74251,-0.38812,6.83549,-0.3442,-0.65461,2.27696,0.0939,-0.07192,-0.29151,3.55096,-0.11704,1.34659,1.92041,0.04273,-0.14111,0.07452,-216.81919,30.45577,17.21932,13.80861,-25.74839,10.23577,1.69909,30.30143,-0.37088,3.95451,2.09822,0.30807,-0.06497,-0.15295
58.24,21.89411,-28.25387,2.61898,1.85747,-2.72049,-0.38431,6.75683,-0.29507,-0.6715,2.24028,0.09459,-0.06871,-0.28559,3.54699,-0.11217,1.34879,1.90966,0.0437,-0.14123,0.07261,-217.42675,30.42173,17.39544,13.34865,-25.75223,10.21408,1.66781,30.72205,-0.43454,4.16681,2.26063,0.31897,-0.07593,-0.16452
58.26,21.51873,-28.09426,2.6994,1.86106,-2.70208,-0.38042,6.68275,-0.24169,-0.68369,2.20645,0.09519,-0.06639,-0.27962,3.54202,-0.10888,1.35048,1.90022,0.04455,-0.14135,0.07087,-217.98834,30.40042,17.57124,12.92029,-25.75839,10.19458,1.63662,31.19324,-0.54401,4.41486,2.41868,0.3277,-0.08622,-0.17767
58.28,21.18002,-27.9276,2.79237,1.86396,-2.68543,-0.37629,6.61572,-0.18555,-0.69284,2.17091,0.09625,-0.06464,-0.27364,3.5355,-0.10614,1.35157,1.89208,0.04533,-0.14159,0.06935,-218.63522,30.27338,17.86666,12.45713,-25.76949,10.16276,1.59226,31.703,-0.6909,4.6854,2.56782,0.33486,-0.09574,-0.19167
58.3,20.81408,-27.81968,2.90049,1.87118,-2.67294,-0.37243,6.55339,-0.13035,-0.71199,2.1373,0.09659,-0.06268,-0.26802,3.53004,-0.1042,1.35227,1.88444,0.04594,-0.14164,0.06797,-219.14874,30.31866,17.89216,12.03776,-25.77527,10.1598,1.57313,32.23083,-0.90921,4.973,2.69627,0.34066,-0.10463,-0.20621
58.32,20.34023,-27.85147,3.02704,1.88895,-2.66802,-0.36957,6.49298,-0.08135,-0.75532,2.10892,0.09492,-0.05979,-0.26303,3.52957,-0.1035,1.35322,1.87625,0.04623,-0.14119,0.06661,-219.26967,30.8669,17.22424,11.75807,-25.76704,10.22972,1.62237,32.7531,-1.23714,5.27162,2.79078,0.34526,-0.11281,-0.22097
58.34,19.85843,-27.94614,3.1573,1.91198,-2.66867,-0.3674,6.4446,-0.0423,-0.81061,2.08069,0.09251,-0.05743,-0.25849,3.53083,-0.10333,1.35386,1.86834,0.04635,-0.14051,0.06537,-219.25942,31.58068,16.27999,11.52571,-25.75163,10.32882,1.69739,33.25243,-1.61687,5.56809,2.86112,0.34898,-0.12031,-0.23523
58.36,19.45891,-28.04885,3.28146,1.93617,-2.67314,-0.36571,6.41637,-0.01272,-0.8668,2.05134,0.09049,-0.0566,-0.25441,3.5315,-0.10326,1.3539,1.86148,0.04641,-0.13987,0.06432,-219.32334,32.16319,15.45165,11.27977,-25.73661,10.41669,1.76037,33.70613,-1.99229,5.84835,2.91443,0.3517,-0.12702,-0.24817
58.38,19.11392,-28.17688,3.40009,1.96579,-2.68058,-0.36473,6.40694,0.00948,-0.92962,2.02215,0.08879,-0.05664,-0.251,3.53568,-0.10397,1.35456,1.85496,0.04642,-0.13919,0.06336,-219.40587,32.72421,14.70343,11.03029,-25.72885,10.49372,1.81807,34.09356,-2.37188,6.09899,2.94214,0.35336,-0.13221,-0.2593
58.4,18.82623,-28.32904,3.50451,1.99438,-2.69284,-0.36447,6.4116,0.02011,-0.9975,1.99402,0.08648,-0.05789,-0.24817,3.53833,-0.10533,1.3538,1.85025,0.04629,-0.13843,0.06265,-219.44984,33.26912,13.7314,10.81067,-25.70055,10.60043,1.89162,34.39748,-2.72878,6.32188,2.95393,0.35396,-0.13715,-0.26866
58.42,18.59487,-28.49634,3.58499,2.01345,-2.71146,-0.36479,6.42255,0.01416,-1.06744,1.96815,0.08242,-0.06075,-0.24575,3.53259,-0.10661,1.34899,1.84907,0.04594,-0.1375,0.06237,-219.39446,33.7892,12.21863,10.66733,-25.61766,10.78282,2.0026,34.60089,-3.03103,6.51977,2.96203,0.35325,-0.14352,-0.27633
58.44,18.41021,-28.66496,3.64852,2.03092,-2.73201,-0.36565,6.43847,0.0024,-1.13925,1.94512,0.07777,-0.06429,-0.24381,3.52597,-0.1089,1.34313,1.84974,0.04548,-0.13654,0.0623,-219.31386,34.29781,10.47838,10.55119,-25.51257,10.99421,2.12969,34.6897,-3.28981,6.67472,2.9537,0.35068,-0.14941,-0.2817
58.46,18.26266,-28.82252,3.70164,2.05249,-2.75075,-0.36699,6.45712,-0.00571,-1.21178,1.92522,0.07351,-0.06762,-0.24247,3.52421,-0.11246,1.33874,1.85083,0.04503,-0.13566,0.06225,-219.26989,34.77892,8.81925,10.42293,-25.41461,11.19215,2.25064,34.65784,-3.51114,6.77211,2.92143,0.34602,-0.15323,-0.28426
58.48,18.1174,-28.97957,3.74388,2.07441,-2.76785,-0.3686,6.46841,-0.01207,-1.28646,1.9084,0.06894,-0.07035,-0.24173,3.52381,-0.11466,1.3349,1.85244,0.04455,-0.13479,0.06219,-219.1724,35.23188,7.21057,10.35412,-25.30976,11.38985,2.37096,34.50671,-3.68448,6.80754,2.87211,0.33953,-0.15575,-0.28397
58.5,18.01014,-29.05441,3.76787,2.09764,-2.77918,-0.37021,6.47756,-0.01171,-1.35058,1.89622,0.065,-0.07287,-0.24114,3.5281,-0.12195,1.33201,1.85437,0.04411,-0.13401,0.06216,-219.18999,35.70514,5.4277,10.18936,-25.20655,11.59396,2.49837,34.2338,-3.81605,6.80242,2.80931,0.33041,-0.15637,-0.28148
58.52,17.98271,-28.95711,3.76512,2.12395,-2.78026,-0.37158,6.49389,0.00017,-1.39043,1.88963,0.06277,-0.07565,-0.2399,3.54199,-0.14228,1.3308,1.85629,0.04379,-0.13342,0.06218,-219.51402,36.27479,3.19508,9.75625,-25.11509,11.81281,2.64219,33.84183,-3.9205,6.78385,2.73825,0.31806,-0.15429,-0.2776
58.54,17.95631,-28.75288,3.74215,2.14953,-2.77318,-0.37254,6.50388,0.01698,-1.41749,1.88622,0.06114,-0.07773,-0.23832,3.56079,-0.16779,1.33066,1.85725,0.04355,-0.13284,0.06206,-219.95599,36.88216,0.80436,9.2382,-25.02423,12.03561,2.79202,33.35371,-3.99289,6.73548,2.66592,0.30388,-0.15081,-0.27217
58.56,17.86305,-28.49828,3.70509,2.17174,-2.76003,-0.37297,6.49787,0.033,-1.44261,1.88307,0.05931,-0.07866,-0.23678,3.58113,-0.19213,1.33123,1.85642,0.0434,-0.13213,0.06166,-220.35024,37.49717,-1.50977,8.77657,-24.92795,12.25371,2.93984,32.80033,-4.03255,6.64887,2.59883,0.28915,-0.14687,-0.26524
58.58,17.70336,-28.19454,3.65482,2.19124,-2.74165,-0.37299,6.48075,0.04839,-1.46478,1.87768,0.05738,-0.07948,-0.23475,3.605,-0.21766,1.33296,1.85382,0.0434,-0.13141,0.06097,-220.68766,38.18753,-3.93688,8.3631,-24.82435,12.4844,3.09515,32.21428,-4.05557,6.54582,2.54558,0.27386,-0.14247,-0.25771
58.6,17.47989,-27.76694,3.58284,2.20531,-2.71345,-0.37187,6.45552,0.05736,-1.47922,1.87241,0.05602,-0.07876,-0.23286,3.63045,-0.2445,1.33487,1.84821,0.04346,-0.13038,0.05993,-221.15324,38.83337,-6.17681,7.87717,-24.72572,12.68741,3.23822,31.60641,-4.04361,6.42945,2.50347,0.25921,-0.13828,-0.24964
58.62,17.19902,-27.14201,3.48056,2.21125,-2.67054,-0.36876,6.42666,0.05329,-1.48176,1.8703,0.05593,-0.07491,-0.23197,3.65464,-0.2718,1.33573,1.83831,0.04348,-0.12871,0.05852,-221.91307,39.2934,-7.91515,7.20847,-24.64408,12.81963,3.34942,30.98609,-3.9704,6.30311,2.47033,0.24655,-0.13508,-0.24103
58.64,16.84728,-26.40846,3.36009,2.21158,-2.61957,-0.36452,6.39691,0.03786,-1.4805,1.86525,0.05635,-0.07014,-0.23112,3.67961,-0.2999,1.33655,1.82537,0.04358,-0.12673,0.05679,-222.78917,39.71756,-9.45253,6.45724,-24.57041,12.92382,3.44722,30.40892,-3.86936,6.18673,2.45583,0.23556,-0.13256,-0.23293
58.66,16.41334,-25.65359,3.23347,2.20831,-2.56697,-0.35992,6.36629,0.01304,-1.48281,1.85176,0.05653,-0.06634,-0.22945,3.70639,-0.32805,1.33808,1.81055,0.04384,-0.12471,0.05478,-223.59906,40.22972,-11.05602,5.74774,-24.49293,13.0376,3.54941,29.91873,-3.76708,6.09794,2.46503,0.22593,-0.13073,-0.22631
58.68,15.91151,-24.86721,3.09961,2.20165,-2.51231,-0.35482,6.33741,-0.0225,-1.48839,1.82936,0.05639,-0.06356,-0.2268,3.73257,-0.35527,1.3394,1.79383,0.04415,-0.1225,0.05263,-224.33333,40.81906,-12.86378,5.10663,-24.40116,13.16666,3.66989,29.51462,-3.64893,6.04888,2.49747,0.21788,-0.13043,-0.22162
58.7,15.34625,-24.05407,2.96761,2.19151,-2.45726,-0.34935,6.30986,-0.06928,-1.49646,1.79838,0.05634,-0.06092,-0.22371,3.75962,-0.38229,1.34144,1.77592,0.04466,-0.12039,0.05019,-225.20034,41.36568,-14.22532,4.34529,-24.33507,13.25779,3.75333,29.23341,-3.53129,6.02122,2.53904,0.21243,-0.13039,-0.21858
58.72,14.72762,-23.22169,2.84763,2.17782,-2.40333,-0.34365,6.28353,-0.12755,-1.505,1.76038,0.05692,-0.05742,-0.22096,3.78942,-0.41099,1.34533,1.75792,0.0456,-0.11876,0.04733,-226.42814,41.75669,-14.35725,3.22548,-24.34412,13.24782,3.73285,29.11526,-3.43749,5.99183,2.57424,0.21044,-0.12921,-0.21676
58.74,14.07315,-22.39024,2.73879,2.1632,-2.35138,-0.33781,6.25797,-0.1945,-1.51693,1.71277,0.05731,-0.05446,-0.21753,3.81822,-0.43881,1.34941,1.74007,0.04666,-0.11728,0.04438,-227.76872,42.08532,-14.04457,1.98476,-24.38051,13.20048,3.67494,29.11757,-3.34051,5.98193,2.61284,0.21101,-0.12823,-0.21659
58.76,13.40236,-21.57957,2.64259,2.14971,-2.30244,-0.33195,6.23213,-0.26605,-1.53361,1.65369,0.05685,-0.05311,-0.2126,3.84313,-0.46391,1.3524,1.72261,0.04763,-0.11573,0.04162,-229.01642,42.45128,-13.96129,0.82607,-24.40316,13.17238,3.63672,29.19934,-3.22098,6.00581,2.66772,0.21337,-0.12838,-0.21828
58.78,12.75508,-20.79456,2.56536,2.13662,-2.25695,-0.32609,6.20883,-0.33947,-1.54891,1.58795,0.05618,-0.05241,-0.20688,3.86393,-0.48809,1.35453,1.70622,0.04855,-0.11428,0.03905,-230.32956,42.87705,-13.79977,-0.41601,-24.42952,13.13615,3.59122,29.35979,-3.0923,6.048,2.74409,0.21764,-0.12913,-0.22136
58.8,12.07729,-20.05107,2.51523,2.12744,-2.21701,-0.32063,6.17993,-0.40808,-1.57367,1.51136,0.05436,-0.0532,-0.19994,3.8815,-0.50768,1.35564,1.6912,0.04932,-0.11282,0.03675,-231.51359,43.14602,-13.70308,-1.50322,-24.45303,13.10927,3.55349,29.56931,-2.92632,6.09912,2.8248,0.22404,-0.12956,-0.22518
58.82,11.29182,-19.34987,2.49938,2.12636,-2.18424,-0.31596,6.1383,-0.46446,-1.62287,1.41747,0.05028,-0.05669,-0.19121,3.89727,-0.51859,1.35547,1.67737,0.04982,-0.11115,0.03479,-232.31451,42.99511,-13.89731,-2.12223,-24.46289,13.11943,3.54639,29.79301,-2.69085,6.15062,2.89042,0.23265,-0.12862,-0.22908
58.84,10.49657,-18.70897,2.51988,2.12896,-2.15792,-0.31194,6.09877,-0.50662,-1.68003,1.32012,0.04563,-0.06123,-0.18231,3.91017,-0.52516,1.35442,1.66517,0.05016,-0.10951,0.03314,-233.00737,42.67674,-14.17319,-2.59921,-24.46986,13.14077,3.54794,30.0242,-2.4202,6.19622,2.96219,0.24288,-0.12678,-0.23294
58.86,9.76976,-18.12869,2.5715,2.13181,-2.13626,-0.30835,6.0711,-0.53267,-1.73207,1.23235,0.04175,-0.06524,-0.17473,3.9195,-0.53157,1.3527,1.65472,0.05037,-0.10805,0.03176,-233.77139,42.40856,-14.41615,-3.15915,-24.47774,13.15712,3.54616,30.25714,-2.1425,6.23279,3.0608,0.25418,-0.1246,-0.2367
58.88,9.06672,-17.56006,2.645,2.13675,-2.11679,-0.30513,6.05019,-0.53805,-1.78597,1.15381,0.03841,-0.06874,-0.16856,3.92737,-0.53742,1.35046,1.64423,0.0505,-0.10658,0.03048,-234.52686,42.04956,-14.6431,-3.68669,-24.49032,13.17483,3.54159,30.48375,-1.85288,6.25142,3.18415,0.26639,-0.12155,-0.24003
58.9,8.45224,-17.14187,2.74554,2.14013,-2.1047,-0.30285,6.03845,-0.52314,-1.8287,1.0973,0.03618,-0.07115,-0.16492,3.93279,-0.54212,1.34812,1.63671,0.05049,-0.10541,0.02956,-235.29955,41.75523,-14.92401,-4.26287,-24.49389,13.19344,3.54453,30.66925,-1.55735,6.26371,3.31426,0.27898,-0.11822,-0.24291
58.92,8.00429,-17.04972,2.88266,2.13804,-2.10705,-0.3023,6.03745,-0.48852,-1.8459,1.07688,0.03565,-0.07147,-0.16485,3.93445,-0.54574,1.34599,1.63612,0.0503,-0.10485,0.02933,-236.14254,41.74522,-15.34277,-5.01341,-24.47034,13.2117,3.56611,30.77088,-1.26524,6.28735,3.42838,0.29128,-0.11552,-0.24549
58.94,7.64274,-17.09512,3.03017,2.13322,-2.11403,-0.30252,6.03982,-0.43274,-1.84774,1.08589,0.03637,-0.06955,-0.16765,3.93596,-0.54976,1.3441,1.63733,0.05004,-0.1045,0.0293,-236.99803,41.81221,-15.8034,-5.8092,-24.43759,13.22968,3.59372,30.81705,-0.98663,6.3079,3.5408,0.30315,-0.11297,-0.24768
58.96,7.30323,-17.13053,3.16632,2.12847,-2.11791,-0.30277,6.0399,-0.35722,-1.84357,1.11603,0.03792,-0.06544,-0.17261,3.94012,-0.55587,1.34236,1.63641,0.04983,-0.10399,0.02904,-237.83213,41.80916,-16.22414,-6.56894,-24.40983,13.24676,3.61758,30.83712,-0.72912,6.31611,3.66308,0.31445,-0.11019,-0.24952
58.98,6.99041,-17.23878,3.2968,2.12474,-2.12282,-0.30364,6.03241,-0.26459,-1.83601,1.16303,0.04022,-0.05916,-0.17952,3.94707,-0.56557,1.3403,1.63582,0.04965,-0.10336,0.02868,-238.68344,41.89661,-16.72414,-7.37735,-24.37768,13.26892,3.64816,30.81152,-0.49642,6.3252,3.77892,0.32465,-0.10749,-0.2513
59,6.73569,-17.32351,3.40574,2.11682,-2.12173,-0.3039,6.03251,-0.1626,-1.81037,1.23594,0.04325,-0.05082,-0.18803,3.95571,-0.57513,1.33891,1.63215,0.04955,-0.10266,0.02819,-239.47683,41.83699,-17.06273,-8.09646,-24.35244,13.27977,3.66617,30.77882,-0.29327,6.32488,3.89113,0.33424,-0.10504,-0.25289
59.02,6.57163,-17.25728,3.48148,2.09912,-2.1055,-0.30205,6.06362,-0.05726,-1.74988,1.34404,0.0471,-0.04098,-0.19784,3.96492,-0.57958,1.33965,1.6208,0.04958,-0.10194,0.02758,-240.12746,41.34875,-16.98249,-8.56523,-24.34891,13.26293,3.65009,30.78851,-0.12417,6.29979,4.00558,0.34394,-0.10306,-0.2539
59.04,6.45388,-17.15898,3.54328,2.07808,-2.0834,-0.29953,6.11166,0.04817,-1.67823,1.46408,0.05145,-0.03077,-0.20836,3.9753,-0.58354,1.34103,1.60692,0.0497,-0.10119,0.02687,-240.72086,40.73322,-16.74284,-8.95238,-24.35383,13.23512,3.62079,30.80178,0.01704,6.26784,4.10567,0.35287,-0.10132,-0.25477
59.06,6.34139,-17.10761,3.59684,2.05972,-2.0627,-0.29749,6.16418,0.14418,-1.6176,1.57512,0.05579,-0.02124,-0.21873,3.98765,-0.59023,1.34195,1.59449,0.04987,-0.10036,0.0261,-241.32054,40.22103,-16.57288,-9.38104,-24.3557,13.21183,3.59778,30.78539,0.13472,6.24119,4.17899,0.36031,-0.09962,-0.25579
59.08,6.23821,-17.04072,3.63209,2.04314,-2.03977,-0.29534,6.23269,0.22008,-1.56299,1.67571,0.0598,-0.01366,-0.22841,4.00216,-0.5964,1.34337,1.58139,0.05002,-0.09948,0.02542,-241.93373,39.74373,-16.482,-9.82559,-24.35727,13.19472,3.58105,30.74796,0.22266,6.20997,4.2243,0.36661,-0.09828,-0.25641
59.1,6.15985,-17.0137,3.64518,2.0268,-2.02163,-0.29368,6.30599,0.26322,-1.52456,1.75725,0.06337,-0.00827,-0.23682,4.01484,-0.60333,1.34441,1.57178,0.0503,-0.09884,0.02472,-242.4894,39.2652,-16.2139,-10.2403,-24.36358,13.16378,3.54986,30.69941,0.29103,6.18732,4.24252,0.37085,-0.09661,-0.25748
59.12,6.11446,-17.10641,3.63647,2.00817,-2.01756,-0.29337,6.36599,0.26308,-1.51163,1.81282,0.06655,-0.00441,-0.24333,4.02117,-0.61301,1.34412,1.57074,0.0509,-0.09878,0.02377,-242.92157,38.73962,-15.46098,-10.58466,-24.37846,13.09418,3.47634,30.64373,0.355,6.1914,4.23334,0.37183,-0.09352,-0.26013
59.14,6.0876,-17.23157,3.6004,1.9907,-2.02046,-0.29363,6.41748,0.22209,-1.51478,1.8414,0.06862,-0.00326,-0.24728,4.02431,-0.62177,1.34358,1.57431,0.05155,-0.09907,0.02295,-243.29759,38.20835,-14.52388,-10.89488,-24.39747,13.00993,3.38758,30.57725,0.39624,6.20666,4.1941,0.37037,-0.09019,-0.26288
59.16,6.05771,-17.32754,3.53712,1.97708,-2.02491,-0.2939,6.46352,0.1449,-1.52563,1.84312,0.06914,-0.00559,-0.24837,4.02711,-0.62688,1.34383,1.57939,0.05205,-0.09957,0.0225,-243.689,37.71443,-13.67057,-11.22422,-24.41631,12.93169,3.30634,30.49085,0.40181,6.22176,4.11981,0.36715,-0.0875,-0.26465
59.18,6.01365,-17.41045,3.45528,1.96386,-2.03303,-0.29423,6.49964,0.03062,-1.53755,1.82364,0.06887,-0.01031,-0.24706,4.02818,-0.62965,1.34491,1.58732,0.05257,-0.10045,0.02213,-244.0834,37.21311,-12.83642,-11.55578,-24.42843,12.85691,3.22516,30.37188,0.38145,6.24515,4.0026,0.36149,-0.08455,-0.26592
59.2,6.0017,-17.50281,3.35907,1.95797,-2.04589,-0.295,6.51355,-0.09795,-1.56499,1.77439,0.06618,-0.01803,-0.24251,4.02759,-0.62748,1.34651,1.59871,0.05278,-0.10164,0.02246,-244.4398,36.75269,-11.92664,-11.87859,-24.45535,12.77169,3.14072,30.2753,0.32327,6.27346,3.86942,0.35454,-0.08315,-0.26611
59.22,6.07936,-17.62744,3.25817,1.96848,-2.06372,-0.29667,6.49711,-0.21006,-1.62757,1.68588,0.05928,-0.02944,-0.23384,4.02631,-0.6167,1.3485,1.61394,0.05226,-0.10303,0.02424,-244.73218,36.38019,-10.81572,-12.19598,-24.52446,12.65647,3.04794,30.26516,0.21226,6.30199,3.7549,0.34811,-0.08551,-0.26484
59.24,6.19275,-17.77451,3.17232,1.9852,-2.08513,-0.29875,6.46983,-0.31245,-1.70261,1.58119,0.05089,-0.04248,-0.22339,4.025,-0.60127,1.35203,1.63217,0.05148,-0.1048,0.02661,-244.98955,36.0345,-9.64322,-12.49655,-24.60681,12.53164,2.95317,30.28344,0.06854,6.3379,3.63526,0.34118,-0.08932,-0.26316
59.26,6.30162,-17.9284,3.11172,2.00009,-2.10779,-0.30076,6.44976,-0.40995,-1.77159,1.48269,0.04331,-0.05517,-0.21354,4.0253,-0.58412,1.35836,1.65211,0.05082,-0.10705,0.02883,-245.25638,35.65572,-8.51997,-12.79243,-24.68063,12.41367,2.86134,30.28349,-0.08897,6.38464,3.4926,0.33308,-0.09285,-0.26173
59.28,6.43127,-18.0859,3.07884,2.01653,-2.12974,-0.30273,6.43707,-0.48435,-1.84318,1.39316,0.03629,-0.06706,-0.20485,4.02912,-0.56385,1.36783,1.67314,0.05013,-0.10964,0.03113,-245.57002,35.23508,-7.28948,-13.13393,-24.76078,12.28398,2.76067,30.28894,-0.26335,6.43956,3.34577,0.32484,-0.09706,-0.26049
59.3,6.59724,-18.29094,3.0752,2.0305,-2.15289,-0.30484,6.44177,-0.53719,-1.90865,1.32588,0.0305,-0.078,-0.19887,4.03653,-0.54405,1.38114,1.69516,0.04967,-0.11277,0.03311,-245.79975,34.83531,-6.26206,-13.37877,-24.82899,12.17591,2.67763,30.29977,-0.44092,6.50183,3.19992,0.31645,-0.10093,-0.25987
59.32,6.8164,-18.58386,3.09519,2.03734,-2.17948,-0.30725,6.47446,-0.5765,-1.95803,1.29363,0.02645,-0.0879,-0.19697,4.04714,-0.52996,1.39879,1.71818,0.04976,-0.11664,0.03427,-245.79603,34.52936,-5.80651,-13.36644,-24.86388,12.12977,2.64291,30.31258,-0.60663,6.57059,3.05691,0.30775,-0.10315,-0.26026
59.34,7.08677,-18.92103,3.13485,2.04157,-2.20495,-0.30969,6.52791,-0.58857,-1.99836,1.29507,0.02397,-0.09575,-0.19905,4.06387,-0.51777,1.42115,1.74006,0.05023,-0.12092,0.03476,-245.71379,34.24032,-5.5602,-13.2624,-24.88707,12.10658,2.62592,30.33311,-0.76242,6.64118,2.92721,0.29964,-0.10485,-0.26114
59.36,7.39732,-19.25747,3.19175,2.04659,-2.22549,-0.3119,6.59512,-0.56349,-2.03531,1.32717,0.02295,-0.10089,-0.20484,4.089,-0.50495,1.44835,1.75878,0.05093,-0.12531,0.03466,-245.67533,33.90434,-5.22071,-13.19586,-24.91477,12.07346,2.60145,30.36193,-0.90879,6.70966,2.81734,0.29277,-0.1067,-0.26222
59.38,7.74105,-19.59875,3.26401,2.05229,-2.24259,-0.31406,6.67378,-0.50153,-2.07075,1.38545,0.02279,-0.10386,-0.21402,4.12279,-0.49423,1.4804,1.77384,0.05199,-0.1298,0.03375,-245.64844,33.53848,-4.8456,-13.13375,-24.94516,12.03695,2.57423,30.4029,-1.04241,6.77324,2.73055,0.2871,-0.1081,-0.26353
59.4,8.13041,-19.94956,3.35039,2.05928,-2.25407,-0.31585,6.76651,-0.41647,-2.09126,1.47488,0.02458,-0.10395,-0.22639,4.16405,-0.48255,1.51717,1.78234,0.05343,-0.13411,0.03177,-245.60166,33.18226,-4.59064,-13.04183,-24.96684,12.01396,2.5568,30.44247,-1.15192,6.82824,2.6644,0.28286,-0.1093,-0.26484
59.42,8.5757,-20.31223,3.45268,2.06754,-2.25741,-0.31684,6.87906,-0.32658,-2.07945,1.60001,0.02979,-0.10079,-0.2415,4.20979,-0.4669,1.55774,1.78136,0.05526,-0.13788,0.02852,-245.50082,32.88122,-4.64569,-12.88225,-24.96581,12.02543,2.56422,30.46377,-1.22524,6.87066,2.6143,0.28024,-0.11066,-0.26589
59.44,9.04048,-20.67197,3.57036,2.07981,-2.25591,-0.31749,6.99997,-0.22572,-2.05236,1.73868,0.03669,-0.09608,-0.25775,4.26111,-0.45017,1.60149,1.77061,0.05751,-0.14103,0.02395,-245.38174,32.61012,-4.82323,-12.69846,-24.95635,12.05028,2.58116,30.48047,-1.27369,6.90066,2.58327,0.27892,-0.11167,-0.26675
59.46,9.49207,-21.00539,3.693,2.09809,-2.25224,-0.31814,7.11728,-0.1133,-2.02638,1.87129,0.04347,-0.09132,-0.27352,4.31743,-0.43524,1.64717,1.74985,0.06022,-0.14345,0.01807,-245.27873,32.33094,-4.93887,-12.53143,-24.9512,12.06836,2.59313,30.50354,-1.30726,6.91822,2.57261,0.27861,-0.112,-0.26746
59.48,9.91452,-21.3096,3.81177,2.12041,-2.24668,-0.3186,7.23045,-0.0068,-1.99245,1.99409,0.05022,-0.08782,-0.2877,4.37262,-0.42319,1.69232,1.71782,0.06339,-0.14489,0.01078,-245.15909,32.04076,-5.08692,-12.34354,-24.94447,12.09014,2.6078,30.52849,-1.3196,6.91926,2.57926,0.27933,-0.11166,-0.2678
59.5,10.32277,-21.55702,3.90416,2.15402,-2.23902,-0.31915,7.32126,0.08684,-1.96411,2.09337,0.05637,-0.0841,-0.29943,4.43354,-0.40841,1.73756,1.67163,0.06695,-0.1449,0.00207,-245.06289,31.81182,-5.19701,-12.19134,-24.93875,12.10703,2.61909,30.54849,-1.32843,6.91533,2.59676,0.28043,-0.11107,-0.26806
59.52,10.73765,-21.71969,3.94126,2.20675,-2.22911,-0.32017,7.36871,0.16025,-1.95871,2.15666,0.06125,-0.07738,-0.30811,4.50575,-0.3865,1.78299,1.61002,0.07075,-0.14314,-0.00784,-245.02931,31.72441,-5.16119,-12.13386,-24.93733,12.10635,2.61716,30.55671,-1.35627,6.9214,2.61817,0.28116,-0.11077,-0.26861
59.54,11.11623,-21.80409,3.92229,2.26991,-2.21841,-0.32135,7.3766,0.20295,-1.95959,2.18372,0.06435,-0.07091,-0.31224,4.5793,-0.36241,1.82496,1.53469,0.0749,-0.13966,-0.01892,-245.02369,31.70009,-5.08008,-12.11797,-24.93752,12.09998,2.61096,30.55658,-1.38663,6.92652,2.64401,0.28183,-0.11045,-0.26911
59.56,11.41971,-21.81716,3.85193,2.33583,-2.20836,-0.3225,7.34927,0.20918,-1.95379,2.17596,0.06536,-0.06734,-0.31114,4.64285,-0.34219,1.8595,1.44883,0.07941,-0.1346,-0.03094,-245.00227,31.66875,-5.02549,-12.08689,-24.93699,12.09607,2.60699,30.55292,-1.40765,6.92331,2.67446,0.28265,-0.10986,-0.26934
59.58,11.63798,-21.76927,3.7289,2.40455,-2.19966,-0.32382,7.27977,0.17344,-1.94153,2.13425,0.06461,-0.06464,-0.30553,4.68645,-0.33095,1.88303,1.35807,0.08397,-0.12817,-0.04304,-244.95981,31.6481,-4.9697,-12.0417,-24.93641,12.09266,2.60294,30.54261,-1.42717,6.92079,2.70481,0.28325,-0.1094,-0.26953
59.6,11.78846,-21.62494,3.56222,2.47479,-2.19106,-0.32516,7.17188,0.11912,-1.93173,2.05184,0.06069,-0.06567,-0.29349,4.74075,-0.30998,1.90594,1.25785,0.08914,-0.12056,-0.0562,-244.95027,31.64507,-4.9035,-12.03215,-24.93604,12.0867,2.59762,30.52542,-1.44572,6.91657,2.73545,0.2837,-0.10893,-0.26962
59.62,11.88878,-21.34753,3.36915,2.54597,-2.18082,-0.32636,7.03328,0.07441,-1.93473,1.92126,0.05198,-0.07309,-0.27286,4.83392,-0.25777,1.93835,1.14179,0.09566,-0.11186,-0.0718,-245.07158,31.6479,-4.79921,-12.14772,-24.93881,12.07323,2.58785,30.50277,-1.46313,6.9072,2.76721,0.28413,-0.10817,-0.26957
59.64,11.90616,-21.01207,3.17595,2.61218,-2.17131,-0.32764,6.87084,0.02405,-1.93841,1.75807,0.04038,-0.08234,-0.24647,4.93478,-0.19244,1.97187,1.02659,0.10277,-0.10318,-0.08749,-245.23345,31.65762,-4.68207,-12.30346,-24.94245,12.05711,2.57661,30.4733,-1.48014,6.90041,2.79624,0.2843,-0.10758,-0.26954
59.66,11.82592,-20.68074,3.00165,2.66847,-2.16399,-0.3291,6.69392,-0.04351,-1.93471,1.58019,0.02777,-0.09022,-0.21769,5.01355,-0.12944,1.99982,0.92699,0.10979,-0.09575,-0.10143,-245.3671,31.66609,-4.57533,-12.43314,-24.94505,12.04279,2.56666,30.43684,-1.49706,6.90223,2.8191,0.28404,-0.10748,-0.26965
59.68,11.6697,-20.3493,2.85544,2.71743,-2.15693,-0.3308,6.5085,-0.11755,-1.9312,1.39128,0.01418,-0.09674,-0.18748,5.05823,-0.06426,2.02308,0.84091,0.11709,-0.09002,-0.11445,-245.52121,31.64797,-4.44139,-12.58406,-24.9484,12.02568,2.55405,30.39435,-1.52105,6.91648,2.83289,0.28316,-0.10784,-0.27001
59.7,11.45785,-20.09267,2.78488,2.7423,-2.15391,-0.33235,6.33815,-0.18034,-1.92165,1.20553,9e-05,-0.10273,-0.15589,5.12534,0.02015,2.05576,0.78651,0.12388,-0.08795,-0.12374,-245.64044,31.66916,-4.35846,-12.69736,-24.95045,12.01338,2.54671,30.34746,-1.53144,6.92895,2.84577,0.28243,-0.10843,-0.27024
59.72,11.20652,-19.97732,2.82448,2.72576,-2.15942,-0.3334,6.20074,-0.21781,-1.90067,1.03644,-0.01471,-0.10807,-0.12183,5.25852,0.14063,2.09271,0.77964,0.12824,-0.08934,-0.12507,-245.65108,31.80761,-4.41613,-12.69567,-24.94848,12.01408,2.55429,30.2984,-1.50161,6.92118,2.86823,0.28283,-0.10893,-0.26985
59.74,10.9335,-19.94732,2.93394,2.68124,-2.16913,-0.33418,6.08706,-0.24005,-1.87774,0.88836,-0.0295,-0.1108,-0.0887,5.38225,0.27886,2.10713,0.80965,0.12976,-0.09256,-0.11956,-245.62188,31.98683,-4.52531,-12.65427,-24.94503,12.01997,2.56769,30.24842,-1.4567,6.9086,2.89014,0.28349,-0.10949,-0.26928
59.76,10.65464,-19.97177,3.07828,2.62192,-2.17952,-0.33494,5.98895,-0.25492,-1.85961,0.76563,-0.04288,-0.11101,-0.06003,5.44282,0.41433,2.0912,0.86469,0.1288,-0.09716,-0.10943,-245.61854,32.14212,-4.60867,-12.63979,-24.94306,12.02318,2.57781,30.19965,-1.41597,6.90315,2.90345,0.28375,-0.1102,-0.26887
59.78,10.36137,-20.05784,3.24508,2.55,-2.19077,-0.33569,5.90282,-0.25566,-1.84877,0.66717,-0.05525,-0.10963,-0.03414,5.44029,0.5428,2.03917,0.93305,0.12481,-0.10085,-0.09492,-245.60393,32.32596,-4.71709,-12.61436,-24.9397,12.02854,2.5905,30.15331,-1.36607,6.89484,2.91387,0.28411,-0.11087,-0.2684
59.8,10.10769,-20.19439,3.43179,2.44919,-2.20547,-0.33578,5.8512,-0.24588,-1.83082,0.61947,-0.06352,-0.10768,-0.01812,5.42504,0.65709,1.956,1.05132,0.11626,-0.10814,-0.07176,-245.59222,32.4693,-4.78633,-12.59747,-24.93819,12.03067,2.59946,30.11474,-1.32088,6.88823,2.91805,0.28427,-0.11141,-0.26801
59.82,9.91447,-20.33079,3.61379,2.30075,-2.22693,-0.33455,5.85575,-0.22879,-1.78851,0.64715,-0.06431,-0.10699,-0.01944,5.44434,0.73774,1.82696,1.24819,0.10181,-0.12192,-0.03556,-245.60092,32.47311,-4.72334,-12.61131,-24.94277,12.02135,2.59486,30.09009,-1.29821,6.8903,2.91106,0.28381,-0.11177,-0.26797
59.84,9.70097,-20.42632,3.73422,2.12951,-2.2503,-0.33251,5.88883,-0.19695,-1.73427,0.71973,-0.06073,-0.1072,-0.03034,5.46062,0.7591,1.64158,1.46055,0.08371,-0.13445,0.00676,-245.61361,32.43497,-4.61812,-12.6329,-24.94936,12.00855,2.58615,30.07606,-1.28133,6.89214,2.89952,0.28323,-0.11188,-0.26801
59.86,9.4282,-20.48174,3.77291,1.95903,-2.27141,-0.33009,5.93373,-0.1446,-1.68359,0.81161,-0.05546,-0.10786,-0.04428,5.46934,0.71754,1.42852,1.64917,0.06419,-0.14175,0.04866,-245.62096,32.42815,-4.54053,-12.64886,-24.95477,11.99802,2.58007,30.06933,-1.25826,6.88774,2.88833,0.28289,-0.11173,-0.26795
59.88,9.07689,-20.49987,3.73244,1.78621,-2.29237,-0.32723,6.00167,-0.06785,-1.63684,0.91889,-0.04855,-0.10917,-0.061,5.51562,0.62131,1.20923,1.81688,0.04371,-0.14477,0.08915,-245.63447,32.43268,-4.45851,-12.67434,-24.96059,11.98661,2.57309,30.06998,-1.23423,6.87699,2.87763,0.2828,-0.11129,-0.26778
59.9,8.71311,-20.46621,3.61539,1.61868,-2.30859,-0.32349,6.10181,0.02221,-1.58503,1.04986,-0.03935,-0.11089,-0.08288,5.63248,0.47763,1.004,1.97177,0.02454,-0.14623,0.12744,-245.64319,32.41942,-4.37114,-12.6927,-24.96721,11.97508,2.56591,30.07922,-1.21128,6.86769,2.86572,0.28262,-0.11074,-0.26773
59.92,8.412,-20.36769,3.42707,1.4631,-2.31476,-0.31834,6.25066,0.11201,-1.51645,1.21481,-0.0277,-0.11192,-0.11259,5.84854,0.29421,0.82486,2.12202,0.0104,-0.14861,0.16309,-245.65579,32.36412,-4.27757,-12.70412,-24.97783,11.96383,2.55866,30.09803,-1.19032,6.87044,2.851,0.28195,-0.11038,-0.26807
59.94,8.1151,-20.25239,3.20224,1.32256,-2.31566,-0.31249,6.44533,0.20641,-1.44718,1.38712,-0.01631,-0.11212,-0.1441,6.15717,0.11479,0.6852,2.25701,0.00146,-0.15073,0.19368,-245.66946,32.28806,-4.1773,-12.71357,-24.98989,11.95245,2.55083,30.12233,-1.1712,6.87674,2.83619,0.28118,-0.11005,-0.26853
59.96,7.7947,-20.15176,2.98393,1.19949,-2.31516,-0.30649,6.67098,0.30874,-1.38772,1.54598,-0.00669,-0.11234,-0.17264,6.5354,-0.01662,0.58482,2.37437,-0.00375,-0.15291,0.21783,-245.68507,32.22932,-4.08375,-12.72864,-25.00101,11.94116,2.54328,30.14803,-1.15266,6.87984,2.82447,0.28065,-0.10963,-0.26888
59.98,7.45761,-20.06269,2.79257,1.08693,-2.31289,-0.29998,6.92877,0.41491,-1.31904,1.69811,0.00128,-0.11173,-0.19983,6.97668,-0.08613,0.50268,2.48109,-0.00377,-0.15892,0.2355,-245.69284,32.15654,-3.97887,-12.73277,-25.01332,11.92912,2.53531,30.1747,-1.13118,6.88635,2.8148,0.28008,-0.10926,-0.26931
60,7.27215,-20.01853,2.6983,1.012,-2.30741,-0.29398,7.17171,0.51023,-1.26499,1.82684,0.00716,-0.11117,-0.22235,7.3908,-0.06814,0.45124,2.57873,-0.00064,-0.16611,0.24853,-245.71679,32.10325,-3.89117,-12.75909,-25.02412,11.91839,2.52793,30.20125,-1.11424,6.88843,2.80895,0.27986,-0.10887,-0.26952
60.02,7.46177,-20.03516,2.73979,1.00498,-2.29804,-0.28965,7.34453,0.58397,-1.26133,1.91498,0.01123,-0.11236,-0.23668,7.69786,0.01018,0.45429,2.66203,0.00122,-0.16632,0.26118,-245.78231,32.10827,-3.84463,-12.84588,-25.03,11.91058,2.5224,30.22729,-1.11097,6.8744,2.80961,0.28057,-0.10832,-0.26915
60.04,7.86268,-20.07105,2.85535,1.03392,-2.28768,-0.28621,7.46924,0.64918,-1.27262,1.97751,0.01399,-0.11364,-0.24602,7.94121,0.10946,0.47855,2.72408,0.00331,-0.16317,0.27154,-245.8632,32.12902,-3.8128,-12.95278,-25.03446,11.90363,2.51762,30.25212,-1.11004,6.85542,2.81489,0.28167,-0.10773,-0.26854
60.06,8.29634,-20.10923,3.00465,1.06979,-2.27891,-0.283,7.57014,0.71536,-1.26808,2.02645,0.01555,-0.11361,-0.2529,8.15952,0.22418,0.49202,2.76646,0.00752,-0.16125,0.27807,-245.93594,32.13232,-3.7708,-13.04693,-25.03976,11.89637,2.51241,30.27518,-1.1026,6.83913,2.82301,0.28278,-0.10717,-0.26798
60.08,8.77032,-20.14436,3.18209,1.11498,-2.27096,-0.28025,7.63717,0.77564,-1.25598,2.05936,0.01591,-0.11269,-0.25696,8.33655,0.35152,0.50188,2.7931,0.01302,-0.15596,0.28388,-246.01861,32.15418,-3.73168,-13.15723,-25.04503,11.88927,2.5071,30.29764,-1.09739,6.81944,2.83558,0.28415,-0.10651,-0.26727
60.1,9.27296,-20.20428,3.36092,1.1757,-2.26607,-0.2787,7.66253,0.82983,-1.24558,2.07221,0.01552,-0.11134,-0.25747,8.46377,0.46448,0.51405,2.80103,0.01814,-0.15268,0.28532,-246.08474,32.13161,-3.68352,-13.23628,-25.05008,11.88118,2.50191,30.31657,-1.0785,6.80226,2.84954,0.2855,-0.10592,-0.26659
60.12,9.79438,-20.3273,3.5207,1.25834,-2.26692,-0.27917,7.64193,0.87934,-1.24584,2.06124,0.01485,-0.1101,-0.25377,8.54708,0.5422,0.53545,2.78914,0.02118,-0.15952,0.27841,-246.1214,31.97265,-3.59143,-13.24017,-25.05696,11.86997,2.49539,30.32815,-1.02438,6.79589,2.86096,0.28645,-0.10564,-0.26616
60.14,10.2986,-20.48065,3.66949,1.34778,-2.27037,-0.28084,7.5907,0.91859,-1.24965,2.03439,0.01372,-0.10878,-0.24751,8.60606,0.61283,0.56312,2.76902,0.02374,-0.16938,0.26872,-246.13973,31.76887,-3.48544,-13.21065,-25.06397,11.85715,2.48841,30.33617,-0.95797,6.79245,2.87211,0.2873,-0.10544,-0.2658
60.16,10.74881,-20.63566,3.81422,1.42952,-2.27424,-0.28294,7.52566,0.94534,-1.24846,2.00072,0.01204,-0.10717,-0.24045,8.65775,0.69914,0.58909,2.75113,0.02723,-0.17713,0.2611,-246.17156,31.58566,-3.38194,-13.20073,-25.07099,11.84511,2.48131,30.34363,-0.89669,6.78626,2.88429,0.28824,-0.10515,-0.2654
60.18,11.15263,-20.80829,3.95106,1.50639,-2.2794,-0.28574,7.44806,0.96102,-1.24699,1.9603,0.01011,-0.10545,-0.23255,8.70509,0.79634,0.61611,2.73658,0.03118,-0.1853,0.25427,-246.20309,31.37574,-3.27806,-13.18211,-25.07816,11.83231,2.47469,30.3487,-0.83232,6.78111,2.89518,0.28907,-0.10492,-0.26503
60.2,11.49143,-20.97439,4.07437,1.57274,-2.28316,-0.28872,7.36417,0.96464,-1.24544,1.91598,0.00785,-0.1039,-0.22428,8.74938,0.89701,0.64619,2.72486,0.03505,-0.19361,0.24812,-246.22814,31.2093,-3.17804,-13.16709,-25.08469,11.82094,2.46761,30.35279,-0.77899,6.77654,2.90487,0.28978,-0.10472,-0.26475
60.22,11.74229,-21.10579,4.18042,1.62197,-2.28224,-0.29123,7.28118,0.95671,-1.24179,1.87139,0.00514,-0.10269,-0.2162,8.79123,0.99426,0.67963,2.71494,0.03867,-0.20107,0.24302,-246.23428,31.17677,-3.08917,-13.16789,-25.08936,11.81342,2.45958,30.35764,-0.75499,6.77136,2.91421,0.29037,-0.10447,-0.26455
60.24,11.92981,-21.22247,4.26981,1.65956,-2.27956,-0.29367,7.1977,0.94052,-1.2386,1.82606,0.00226,-0.10165,-0.20816,8.8308,1.08696,0.71527,2.70748,0.04205,-0.20836,0.23848,-246.23027,31.18523,-3.0077,-13.169,-25.09321,11.80736,2.45152,30.36121,-0.74686,6.76851,2.9208,0.29072,-0.10434,-0.26448
60.26,12.0779,-21.33549,4.34384,1.68995,-2.27707,-0.29629,7.1136,0.91946,-1.23648,1.78001,-0.00062,-0.10058,-0.2001,8.86817,1.17433,0.74961,2.70372,0.04538,-0.21539,0.23461,-246.23308,31.16781,-2.93078,-13.16851,-25.09702,11.80163,2.44418,30.36199,-0.74535,6.76995,2.9231,0.29074,-0.10442,-0.26457
60.28,12.18824,-21.43009,4.4033,1.71374,-2.27269,-0.29871,7.03303,0.89753,-1.23232,1.73525,-0.00355,-0.0993,-0.19236,8.90223,1.25211,0.77923,2.70376,0.04927,-0.22114,0.23224,-246.24415,31.14883,-2.81974,-13.17957,-25.1026,11.79185,2.43316,30.36023,-0.75751,6.7762,2.92097,0.29042,-0.10473,-0.26482
60.3,12.25706,-21.49969,4.44094,1.73096,-2.26919,-0.3011,6.94994,0.86969,-1.23342,1.68772,-0.00662,-0.09834,-0.184,8.91544,1.30582,0.81145,2.6945,0.05136,-0.22661,0.2273,-246.23359,31.13066,-2.77622,-13.16252,-25.10412,11.79023,2.42923,30.35736,-0.78251,6.7865,2.91536,0.28977,-0.10521,-0.26522
60.32,12.27269,-21.54854,4.45233,1.7411,-2.26993,-0.3037,6.85771,0.82942,-1.24798,1.63244,-0.00996,-0.0983,-0.17386,8.88548,1.32466,0.85193,2.65751,0.0493,-0.2331,0.21372,-246.15411,31.09708,-2.91488,-13.05709,-25.09472,11.80955,2.4429,30.35472,-0.81569,6.79941,2.90718,0.28886,-0.10578,-0.26574
60.34,12.26008,-21.57146,4.45694,1.74895,-2.27117,-0.30609,6.76475,0.78525,-1.26761,1.57381,-0.01358,-0.09851,-0.16291,8.81741,1.32434,0.8972,2.59986,0.0467,-0.23804,0.19535,-246.04898,31.06414,-3.11545,-12.92139,-25.0817,11.83609,2.46298,30.35213,-0.8614,6.81597,2.89595,0.28768,-0.10649,-0.26638
60.36,12.24738,-21.56631,4.46887,1.75867,-2.26991,-0.30795,6.678,0.74488,-1.28555,1.51589,-0.01733,-0.09849,-0.15205,8.72525,1.31707,0.94011,2.53264,0.04563,-0.24065,0.17648,-245.96041,31.03608,-3.2846,-12.80703,-25.07118,11.859,2.47941,30.34884,-0.91911,6.83626,2.88167,0.28626,-0.10737,-0.2671
60.38,12.22803,-21.54964,4.48536,1.76847,-2.26797,-0.30934,6.59735,0.70814,-1.3035,1.45798,-0.02112,-0.09849,-0.14092,8.61719,1.303,0.96739,2.45154,0.04543,-0.24282,0.15415,-245.85728,30.98239,-3.47126,-12.67271,-25.05765,11.88418,2.49752,30.34618,-0.98087,6.85819,2.86524,0.2847,-0.1083,-0.26785
60.4,12.22626,-21.48921,4.51803,1.78619,-2.26304,-0.31023,6.52194,0.6708,-1.32515,1.4002,-0.02512,-0.0988,-0.12999,8.46888,1.28857,1.02379,2.3578,0.04638,-0.24126,0.13328,-245.76644,30.97876,-3.63902,-12.56627,-25.04838,11.90615,2.51364,30.34567,-1.05641,6.88282,2.84716,0.28303,-0.10936,-0.26863
60.42,12.21387,-21.3511,4.55625,1.8202,-2.25268,-0.31064,6.44997,0.62831,-1.35487,1.34242,-0.02932,-0.09974,-0.11972,8.23188,1.27122,1.15405,2.24784,0.04727,-0.23178,0.12002,-245.70142,31.11245,-3.72658,-12.5301,-25.05033,11.91579,2.5218,30.34905,-1.1575,6.91198,2.82805,0.28125,-0.11065,-0.26947
60.44,12.11357,-21.17112,4.55729,1.86296,-2.23953,-0.3106,6.38682,0.58564,-1.3889,1.28768,-0.03341,-0.10146,-0.11026,7.93157,1.24597,1.29281,2.10845,0.04815,-0.21754,0.10693,-245.64441,31.29712,-3.79196,-12.51878,-25.0563,11.92171,2.5275,30.35628,-1.26453,6.94145,2.80907,0.27951,-0.11194,-0.27027
60.46,11.91865,-20.98196,4.50775,1.90774,-2.22572,-0.31011,6.33684,0.54741,-1.42424,1.23875,-0.03711,-0.10388,-0.10173,7.6187,1.21485,1.39968,1.94052,0.04973,-0.2016,0.08935,-245.57847,31.46054,-3.87233,-12.49317,-25.06001,11.93017,2.53441,30.36727,-1.36077,6.96766,2.79107,0.27799,-0.11306,-0.27096
60.48,11.62715,-20.78541,4.40698,1.95542,-2.21126,-0.30929,6.29626,0.5113,-1.46525,1.19384,-0.04017,-0.10684,-0.09387,7.28267,1.17896,1.49303,1.74097,0.05214,-0.18294,0.06888,-245.51928,31.65546,-3.94813,-12.48208,-25.06512,11.93694,2.54097,30.38359,-1.4484,6.99036,2.77566,0.27672,-0.114,-0.27152
60.5,11.28279,-20.56516,4.26064,2.00719,-2.19566,-0.30824,6.27528,0.47842,-1.50501,1.16318,-0.04299,-0.11133,-0.08878,6.95607,1.14658,1.5671,1.51011,0.05623,-0.16268,0.04387,-245.45028,31.81096,-4.02461,-12.45478,-25.06847,11.94522,2.54653,30.40274,-1.52084,7.00805,2.76187,0.27578,-0.11469,-0.27192
60.52,10.94806,-20.31244,4.08601,2.06463,-2.17871,-0.30721,6.28572,0.45071,-1.53548,1.15819,-0.04611,-0.11857,-0.08876,6.67701,1.12523,1.62036,1.25514,0.0626,-0.14171,0.01346,-245.36333,31.8145,-4.10495,-12.37906,-25.06631,11.96038,2.55017,30.42284,-1.56979,7.01912,2.74832,0.2752,-0.11506,-0.2721
60.54,10.62852,-20.05377,3.89321,2.12331,-2.16146,-0.30621,6.31678,0.42516,-1.56488,1.16948,-0.04903,-0.12715,-0.09192,6.42928,1.10965,1.66896,0.98391,0.07074,-0.12018,-0.01972,-245.2652,31.78017,-4.1854,-12.28511,-25.06247,11.97721,2.55304,30.44432,-1.59964,7.02354,2.73777,0.27501,-0.11512,-0.27207
60.56,10.32688,-19.80819,3.68936,2.17947,-2.14492,-0.30529,6.35829,0.39966,-1.60011,1.18795,-0.05143,-0.13595,-0.09633,6.20395,1.09524,1.72202,0.70403,0.08029,-0.09902,-0.05401,-245.17247,31.78422,-4.26035,-12.20351,-25.06011,11.99183,2.55568,30.46763,-1.61334,7.02152,2.73248,0.27522,-0.11489,-0.27187
60.58,10.05312,-19.55833,3.47818,2.23634,-2.12848,-0.30467,6.40934,0.3737,-1.64079,1.21288,-0.05401,-0.14541,-0.10171,6.00288,1.08037,1.78056,0.41687,0.09126,-0.07848,-0.08942,-245.081,31.73889,-4.35793,-12.11502,-25.05561,12.01122,2.55897,30.49374,-1.60903,7.01308,2.73109,0.27581,-0.1144,-0.27147
60.6,9.85298,-19.34229,3.2814,2.28425,-2.11444,-0.30428,6.47564,0.34915,-1.6793,1.25027,-0.05611,-0.15446,-0.10966,5.84389,1.06675,1.83867,0.14397,0.10317,-0.05944,-0.12402,-244.97544,31.79834,-4.41196,-12.03039,-25.0542,12.02144,2.5614,30.51331,-1.59127,6.99832,2.7356,0.27672,-0.11359,-0.27093
60.62,9.75709,-19.21506,3.1259,2.31182,-2.10505,-0.30385,6.56367,0.32802,-1.70698,1.30621,-0.05691,-0.16163,-0.12206,5.74049,1.06028,1.89374,-0.09207,0.11531,-0.04237,-0.1556,-244.83116,32.19005,-4.35674,-11.9617,-25.06382,12.00649,2.56298,30.51418,-1.56873,6.97781,2.74856,0.27786,-0.11239,-0.27031
60.64,9.72313,-19.13996,3.00033,2.32991,-2.09908,-0.30386,6.66093,0.3088,-1.72999,1.36937,-0.05763,-0.1675,-0.13606,5.66769,1.05655,1.94828,-0.30238,0.12754,-0.02618,-0.18465,-244.68084,32.68004,-4.25758,-11.90354,-25.07708,11.98239,2.5635,30.50597,-1.53759,6.95292,2.7665,0.27919,-0.11098,-0.26962
60.66,9.70749,-19.07671,2.88931,2.34749,-2.09492,-0.30461,6.75458,0.29006,-1.75425,1.42979,-0.05912,-0.17275,-0.14922,5.60288,1.04896,2.0024,-0.50081,0.13987,-0.01043,-0.21197,-244.54275,33.10652,-4.17694,-11.84622,-25.08806,11.96286,2.564,30.49674,-1.49813,6.92569,2.78631,0.28062,-0.10954,-0.26887
60.68,9.69311,-19.03793,2.79653,2.36157,-2.09204,-0.3058,6.84367,0.27254,-1.77641,1.48848,-0.06145,-0.17682,-0.16234,5.53963,1.03854,2.05597,-0.69195,0.1519,0.00382,-0.23769,-244.35989,33.61742,-4.09272,-11.75622,-25.10122,11.94104,2.56698,30.47927,-1.46097,6.89766,2.80894,0.28205,-0.10807,-0.26815
60.7,9.71619,-19.04388,2.73517,2.37224,-2.09436,-0.30802,6.9241,0.25811,-1.79323,1.54348,-0.06373,-0.17956,-0.17408,5.494,1.03049,2.09716,-0.84501,0.16356,0.01885,-0.25928,-244.27212,33.97955,-4.01324,-11.7378,-25.11089,11.92262,2.566,30.46371,-1.41631,6.87096,2.82999,0.28341,-0.10679,-0.26746
60.72,9.82365,-19.12632,2.7195,2.38058,-2.10679,-0.31204,6.99246,0.24754,-1.80215,1.59306,-0.06462,-0.18144,-0.18295,5.48664,1.03553,2.12213,-0.92995,0.1755,0.03827,-0.2747,-244.45535,33.89041,-3.94025,-11.92098,-25.10949,11.9149,2.55246,30.4634,-1.35159,6.84811,2.84391,0.28466,-0.10596,-0.26674
60.74,9.95254,-19.26698,2.73583,2.38648,-2.12343,-0.31687,7.0476,0.23861,-1.80474,1.63664,-0.06496,-0.18244,-0.19012,5.4952,1.05246,2.14358,-0.97946,0.18716,0.05802,-0.28627,-244.73652,33.64013,-3.86875,-12.17626,-25.10486,11.91089,2.53447,30.46548,-1.28754,6.83025,2.85382,0.28566,-0.10548,-0.26614
60.76,10.05419,-19.43127,2.76502,2.3912,-2.1393,-0.32172,7.08775,0.22811,-1.8033,1.67297,-0.06578,-0.18248,-0.19638,5.49571,1.07402,2.16764,-1.02303,0.19806,0.07485,-0.29629,-244.96988,33.46019,-3.80072,-12.39286,-25.10229,11.90553,2.5194,30.46048,-1.24283,6.81884,2.86144,0.28629,-0.10526,-0.26578
60.78,10.15101,-19.60848,2.79945,2.39544,-2.15634,-0.32688,7.11301,0.213,-1.79693,1.70201,-0.06692,-0.18181,-0.20149,5.48598,1.09744,2.19312,-1.05975,0.2088,0.09086,-0.30521,-245.24007,33.24931,-3.71265,-12.64625,-25.09899,11.89836,2.50171,30.45297,-1.21706,6.81611,2.86377,0.28648,-0.10545,-0.26565
60.8,10.21978,-19.83272,2.85881,2.39714,-2.17128,-0.33156,7.123,0.197,-1.78742,1.72186,-0.06764,-0.18038,-0.20492,5.48786,1.13638,2.21625,-1.06375,0.21739,0.10097,-0.30996,-245.45202,33.02735,-3.65882,-12.83112,-25.09535,11.89571,2.48933,30.44235,-1.2054,6.81928,2.86354,0.28632,-0.1059,-0.26573
60.82,10.22181,-20.12983,2.96199,2.39404,-2.18006,-0.33486,7.1184,0.18457,-1.77741,1.73108,-0.06708,-0.17818,-0.20626,5.5216,1.2044,2.22956,-1.01061,0.22194,0.10047,-0.30764,-245.46917,32.82645,-3.70528,-12.80125,-25.09151,11.9046,2.49328,30.42668,-1.20084,6.82424,2.86441,0.28594,-0.10636,-0.266
60.84,10.18783,-20.44972,3.08033,2.38828,-2.18619,-0.3374,7.10297,0.16976,-1.76621,1.73241,-0.06602,-0.17566,-0.20619,5.55801,1.28385,2.23115,-0.92851,0.2236,0.09452,-0.30114,-245.42423,32.62157,-3.78988,-12.7006,-25.08777,11.91827,2.50322,30.40897,-1.20974,6.83456,2.86314,0.28526,-0.10702,-0.26645
60.86,10.14543,-20.74992,3.19048,2.38182,-2.19224,-0.33967,7.08048,0.1475,-1.75355,1.7284,-0.06524,-0.17313,-0.20543,5.57338,1.35846,2.22515,-0.84435,0.22405,0.08729,-0.29355,-245.40786,32.40815,-3.85433,-12.6329,-25.08399,11.92919,2.51027,30.39107,-1.23752,6.85273,2.85765,0.28421,-0.10802,-0.26709
60.88,10.08559,-21.02688,3.29641,2.37515,-2.19711,-0.34148,7.05376,0.11901,-1.7405,1.72009,-0.06439,-0.1707,-0.20404,5.57114,1.4271,2.21032,-0.75544,0.22414,0.07964,-0.28462,-245.38776,32.16414,-3.91649,-12.5582,-25.07975,11.94144,2.51726,30.37307,-1.27748,6.87629,2.84933,0.28291,-0.10922,-0.26788
60.9,10.02967,-21.32463,3.41684,2.36449,-2.20296,-0.34268,7.02602,0.09039,-1.72835,1.70887,-0.0636,-0.16845,-0.20225,5.56484,1.49774,2.18196,-0.64502,0.21989,0.06586,-0.27213,-245.36219,31.96331,-3.98843,-12.4849,-25.0765,11.9528,2.52581,30.35691,-1.32493,6.90178,2.84107,0.28156,-0.11051,-0.2687
60.92,9.99567,-21.68314,3.5664,2.34557,-2.21265,-0.34321,7.00048,0.06941,-1.71824,1.69645,-0.06308,-0.16649,-0.20029,5.5672,1.57221,2.12866,-0.49465,0.20645,0.0403,-0.25222,-245.35284,31.89078,-4.08882,-12.44403,-25.07686,11.96085,2.53809,30.34491,-1.37249,6.9244,2.83631,0.28041,-0.11176,-0.26941
60.94,9.98542,-22.0336,3.72237,2.32298,-2.22482,-0.34326,6.97986,0.05276,-1.70989,1.68491,-0.06258,-0.16479,-0.19851,5.57138,1.62988,2.05077,-0.31971,0.18866,0.01117,-0.22634,-245.34187,31.86459,-4.19504,-12.4095,-25.07832,11.96807,2.55156,30.33629,-1.41639,6.94449,2.83375,0.27944,-0.11291,-0.27003
60.96,9.99647,-22.33343,3.86941,2.30103,-2.23833,-0.34305,6.9661,0.03766,-1.70277,1.67613,-0.06195,-0.16337,-0.1972,5.57201,1.65911,1.95891,-0.14028,0.17136,-0.01491,-0.19823,-245.3279,31.82303,-4.29832,-12.37261,-25.07938,11.97554,2.56403,30.33049,-1.45351,6.96199,2.83184,0.27862,-0.11389,-0.27056
60.98,10.02199,-22.60702,4.01115,2.27901,-2.25419,-0.3426,6.95962,0.02887,-1.69729,1.671,-0.06127,-0.16232,-0.19632,5.57556,1.65874,1.8544,0.04426,0.15329,-0.0395,-0.1671,-245.3084,31.79511,-4.41931,-12.33121,-25.08058,11.98399,2.57861,30.32997,-1.47454,6.97256,2.83324,0.27818,-0.11457,-0.27088
61,10.08902,-22.82177,4.13819,2.25613,-2.27319,-0.34204,6.96289,0.02751,-1.69249,1.67122,-0.06042,-0.16117,-0.19653,5.59799,1.62365,1.7306,0.24345,0.135,-0.06081,-0.13297,-245.29192,31.77145,-4.50474,-12.29883,-25.08129,11.99002,2.58914,30.33199,-1.48533,6.9791,2.83529,0.27796,-0.115,-0.27106
61.02,10.22213,-22.92532,4.22987,2.23145,-2.29584,-0.34147,6.97819,0.0335,-1.68696,1.67827,-0.05927,-0.15934,-0.19858,5.65568,1.54263,1.57754,0.46539,0.11743,-0.07714,-0.097,-245.30181,31.73972,-4.49188,-12.30221,-25.08144,11.98984,2.58766,30.33289,-1.49581,6.98626,2.83459,0.27776,-0.11531,-0.27126
61.04,10.37224,-22.94957,4.28046,2.20692,-2.3215,-0.34095,7.00163,0.04928,-1.68126,1.691,-0.05797,-0.15721,-0.20169,5.74369,1.41311,1.40784,0.69484,0.09992,-0.09001,-0.05941,-245.31237,31.71262,-4.44485,-12.31132,-25.08075,11.98727,2.58279,30.33686,-1.49301,6.98867,2.83424,0.27783,-0.11533,-0.2713
61.06,10.51178,-22.93393,4.2978,2.18436,-2.34916,-0.34055,7.02952,0.07579,-1.67559,1.70817,-0.0566,-0.1551,-0.20522,5.86105,1.24564,1.23913,0.92005,0.08259,-0.09999,-0.02087,-245.31887,31.70222,-4.41964,-12.31549,-25.08049,11.98603,2.58002,30.34702,-1.46753,6.98269,2.83701,0.27837,-0.11498,-0.27109
61.08,10.65035,-22.88133,4.2847,2.16266,-2.37832,-0.34022,7.06176,0.11288,-1.66843,1.73005,-0.05511,-0.1527,-0.20931,6.02052,1.04748,1.07321,1.14463,0.0661,-0.10735,0.01696,-245.32772,31.70466,-4.39839,-12.3222,-25.0796,11.98552,2.57708,30.36085,-1.42485,6.97046,2.8413,0.27926,-0.11433,-0.27069
61.1,10.81375,-22.79525,4.25389,2.14492,-2.4087,-0.34028,7.0932,0.15712,-1.66155,1.7537,-0.05367,-0.15015,-0.21359,6.22413,0.83894,0.92306,1.37071,0.05001,-0.11324,0.05638,-245.33851,31.70426,-4.3559,-12.33281,-25.08053,11.98197,2.57255,30.38043,-1.36572,6.95358,2.8464,0.28043,-0.11345,-0.27013
61.12,11.04354,-22.69463,4.23391,2.13464,-2.44062,-0.34111,7.11805,0.20455,-1.657,1.77598,-0.05245,-0.14765,-0.21764,6.47885,0.65331,0.80283,1.60387,0.03566,-0.11737,0.10023,-245.35753,31.67287,-4.25418,-12.35463,-25.08707,11.97129,2.56385,30.40798,-1.28835,6.93329,2.85203,0.28182,-0.11241,-0.26941
61.14,11.33822,-22.60178,4.24127,2.12896,-2.47204,-0.34234,7.13785,0.2542,-1.65259,1.79747,-0.05135,-0.14504,-0.2215,6.78408,0.50861,0.70984,1.83721,0.0253,-0.11965,0.14374,-245.3735,31.63275,-4.13171,-12.3749,-25.095,11.95832,2.55397,30.43916,-1.20068,6.91077,2.8576,0.28335,-0.11126,-0.26861
61.16,11.67026,-22.53509,4.27847,2.12519,-2.50131,-0.34364,7.15377,0.30468,-1.64639,1.81858,-0.05027,-0.14221,-0.22517,7.12513,0.40923,0.63592,2.06207,0.01899,-0.12157,0.18299,-245.39464,31.59883,-4.01785,-12.39844,-25.10255,11.94605,2.54449,30.47009,-1.1084,6.88671,2.86329,0.28495,-0.11006,-0.26777
61.18,12.02674,-22.51409,4.34876,2.12403,-2.52906,-0.34523,7.16372,0.35282,-1.63866,1.83809,-0.04921,-0.13913,-0.22859,7.49091,0.36126,0.57441,2.28033,0.01826,-0.12468,0.21792,-245.41634,31.58129,-3.90342,-12.42477,-25.11044,11.9335,2.53494,30.50016,-1.01538,6.86257,2.86857,0.28652,-0.10888,-0.26694
61.2,12.40756,-22.50637,4.44632,2.12637,-2.55117,-0.34671,7.16577,0.39408,-1.6316,1.85327,-0.04839,-0.13634,-0.23123,7.83283,0.37025,0.53175,2.4685,0.01858,-0.12487,0.2491,-245.43319,31.53539,-3.78923,-12.44079,-25.11754,11.9216,2.52595,30.5284,-0.92521,6.83998,2.87286,0.28797,-0.10778,-0.26618
61.22,12.81539,-22.44314,4.53847,2.13276,-2.56369,-0.34769,7.15833,0.42438,-1.62767,1.86161,-0.04796,-0.13442,-0.2326,8.1086,0.41935,0.51344,2.60825,0.01261,-0.11478,0.27885,-245.46227,31.40286,-3.67077,-12.45086,-25.12408,11.91076,2.51674,30.55395,-0.84091,6.82035,2.87507,0.28917,-0.10681,-0.26555
61.24,13.20283,-22.34646,4.60096,2.14203,-2.56958,-0.34847,7.14311,0.44325,-1.62515,1.86453,-0.04777,-0.13299,-0.23314,8.33179,0.48271,0.50398,2.71532,0.00522,-0.09868,0.30441,-245.4899,31.24166,-3.55481,-12.45332,-25.12982,11.9008,2.50831,30.57508,-0.76739,6.80442,2.87564,0.2901,-0.10605,-0.26506
61.26,13.53149,-22.26195,4.631,2.1527,-2.5717,-0.34931,7.12198,0.45093,-1.62246,1.86363,-0.04763,-0.13167,-0.23327,8.5135,0.55052,0.48996,2.80205,0.00124,-0.08169,0.32366,-245.51494,31.09157,-3.44427,-12.45481,-25.13537,11.89136,2.50019,30.59049,-0.7085,6.79292,2.87449,0.2907,-0.10553,-0.26473
61.28,13.8044,-22.18592,4.62848,2.16368,-2.57019,-0.35016,7.09508,0.44642,-1.6208,1.85875,-0.04754,-0.13056,-0.23301,8.64484,0.6264,0.47135,2.8685,-0.00054,-0.05941,0.33807,-245.55594,30.91092,-3.30598,-12.46724,-25.14315,11.8785,2.48997,30.601,-0.664,6.78646,2.8715,0.29093,-0.10528,-0.26457
61.3,13.9963,-22.07319,4.56028,2.17669,-2.5617,-0.35071,7.06597,0.42895,-1.62051,1.84938,-0.04765,-0.13007,-0.23215,8.71317,0.67374,0.4566,2.90112,-0.0016,-0.03914,0.34447,-245.5757,30.76254,-3.22153,-12.46266,-25.1467,11.87264,2.48331,30.60445,-0.6429,6.78633,2.86607,0.29076,-0.10536,-0.2646
61.32,14.1034,-21.8695,4.4028,2.194,-2.5429,-0.35068,7.03922,0.39879,-1.62165,1.83521,-0.04819,-0.13066,-0.23044,8.72842,0.66031,0.45608,2.89555,-0.00426,-0.03106,0.34425,-245.54087,30.69912,-3.27288,-12.41479,-25.13862,11.88549,2.48355,30.59901,-0.65232,6.79324,2.85737,0.29017,-0.10584,-0.26482
61.34,14.16311,-21.62447,4.20031,2.21224,-2.5183,-0.35032,7.01422,0.35772,-1.62477,1.81793,-0.04889,-0.13189,-0.22838,8.71174,0.62441,0.46206,2.8728,-0.00678,-0.02734,0.34208,-245.4851,30.66705,-3.3784,-12.35062,-25.12665,11.90495,2.48697,30.58781,-0.68622,6.80683,2.84632,0.2892,-0.10664,-0.26523
61.36,14.19062,-21.38672,3.98966,2.22834,-2.49222,-0.34993,6.99069,0.30852,-1.6299,1.79934,-0.04952,-0.13333,-0.22637,8.67328,0.59536,0.4651,2.84805,-0.00704,-0.02054,0.33971,-245.43627,30.61429,-3.45989,-12.29187,-25.11634,11.92128,2.48912,30.57415,-0.73852,6.82663,2.83389,0.28788,-0.10771,-0.26583
61.38,14.19447,-21.13564,3.77604,2.24351,-2.4646,-0.34948,6.97086,0.25382,-1.63684,1.77988,-0.05023,-0.13515,-0.22433,8.61704,0.57234,0.46664,2.82206,-0.00593,-0.01026,0.33768,-245.39401,30.50325,-3.5302,-12.2346,-25.10519,11.9384,2.48911,30.55833,-0.80621,6.85268,2.81876,0.28624,-0.10906,-0.26659
61.4,14.17275,-20.88979,3.56069,2.2561,-2.43569,-0.34884,6.95444,0.19575,-1.64527,1.76049,-0.05073,-0.13701,-0.22255,8.54675,0.5385,0.47371,2.78909,-0.00328,-0.00503,0.3345,-245.33234,30.48587,-3.63114,-12.16997,-25.09514,11.95569,2.49378,30.54067,-0.89606,6.88266,2.80482,0.28441,-0.11052,-0.26747
61.42,14.11548,-20.69134,3.3508,2.26332,-2.40634,-0.34781,6.94001,0.13722,-1.65449,1.74243,-0.05062,-0.13839,-0.2214,8.46251,0.47933,0.49325,2.73954,0.0014,-0.01471,0.32824,-245.23489,30.73923,-3.80671,-12.09885,-25.09026,11.97123,2.51195,30.52151,-1.01462,6.91264,2.79718,0.28257,-0.11185,-0.2684
61.44,14.03901,-20.52142,3.16926,2.268,-2.37788,-0.34666,6.92829,0.08164,-1.66387,1.72575,-0.05027,-0.13956,-0.2206,8.363,0.42334,0.51968,2.67759,0.0074,-0.0299,0.31912,-245.1201,31.08333,-4.00802,-12.02161,-25.08691,11.9865,2.53442,30.50111,-1.14722,6.94322,2.79185,0.28072,-0.11315,-0.26934
61.46,13.96225,-20.35979,3.03382,2.27188,-2.35167,-0.3456,6.91934,0.03176,-1.67278,1.71062,-0.04995,-0.14068,-0.21995,8.25528,0.39202,0.5465,2.61194,0.01399,-0.04246,0.30906,-245.01589,31.37427,-4.19982,-11.94954,-25.08281,12.00264,2.55477,30.48022,-1.27981,6.97435,2.78623,0.27888,-0.11446,-0.27026
61.48,13.88421,-20.21511,2.94371,2.27309,-2.327,-0.34432,6.91158,-0.01135,-1.68047,1.69778,-0.04945,-0.14147,-0.21958,8.14316,0.37459,0.57454,2.53945,0.02276,-0.05585,0.29701,-244.90463,31.68728,-4.39332,-11.87361,-25.079,12.01819,2.57546,30.45987,-1.41329,7.00255,2.78286,0.2772,-0.11558,-0.27106
61.5,13.81643,-20.10717,2.9111,2.27628,-2.30663,-0.34344,6.90541,-0.04473,-1.68702,1.6864,-0.04904,-0.14211,-0.21932,8.02027,0.38835,0.61026,2.45499,0.0292,-0.06994,0.28212,-244.80348,31.97057,-4.5838,-11.80479,-25.07468,12.03403,2.59514,30.4391,-1.53694,7.0282,2.78041,0.2757,-0.1166,-0.27177
61.52,13.76164,-20.0668,2.94502,2.28745,-2.29383,-0.34376,6.90172,-0.06549,-1.69289,1.6753,-0.04904,-0.14285,-0.21891,7.8722,0.45169,0.65881,2.35193,0.0285,-0.08357,0.2625,-244.73117,32.1634,-4.7761,-11.75409,-25.06705,12.0522,2.61237,30.41728,-1.63941,7.05274,2.77718,0.27438,-0.1177,-0.27243
61.54,13.68358,-20.067,3.0149,2.30129,-2.28483,-0.34439,6.89907,-0.07676,-1.69758,1.66549,-0.04915,-0.14343,-0.21855,7.69864,0.53355,0.71256,2.22949,0.02633,-0.09537,0.23765,-244.67005,32.33176,-4.96119,-11.71226,-25.05867,12.07072,2.6282,30.39694,-1.72392,7.07231,2.7755,0.27336,-0.11861,-0.27295
61.56,13.56819,-20.07701,3.09273,2.31346,-2.27665,-0.34464,6.89663,-0.08124,-1.70082,1.65775,-0.04915,-0.14366,-0.21834,7.51275,0.60827,0.76391,2.09523,0.0266,-0.10416,0.20957,-244.60166,32.52564,-5.14828,-11.66628,-25.05107,12.08829,2.64427,30.38025,-1.7925,7.08407,2.77718,0.27273,-0.11912,-0.27323
61.58,13.41397,-20.10559,3.16896,2.32625,-2.2706,-0.34488,6.89441,-0.07895,-1.70331,1.65115,-0.04925,-0.14368,-0.21823,7.31815,0.67491,0.80821,1.95415,0.02827,-0.11004,0.17808,-244.52746,32.73745,-5.36543,-11.61459,-25.04169,12.10933,2.66255,30.368,-1.83942,7.08785,2.78211,0.27257,-0.11933,-0.2733
61.6,13.22087,-20.12591,3.23369,2.33954,-2.26385,-0.3447,6.89281,-0.07226,-1.7045,1.64629,-0.04923,-0.14347,-0.21809,7.10552,0.73217,0.85723,1.79435,0.03033,-0.10985,0.14609,-244.46775,32.94293,-5.52048,-11.58265,-25.03575,12.12297,2.6758,30.36006,-1.86808,7.08621,2.78825,0.27268,-0.11919,-0.27321
61.62,12.99337,-20.11221,3.28573,2.3524,-2.25288,-0.34356,6.89218,-0.06426,-1.7037,1.64409,-0.04878,-0.1429,-0.21788,6.86742,0.78724,0.92735,1.60058,0.03146,-0.10229,0.11738,-244.46136,33.13442,-5.51181,-11.61615,-25.03998,12.11646,2.67544,30.35587,-1.88501,7.0831,2.79302,0.27285,-0.11868,-0.27306
61.64,12.74714,-20.09589,3.32828,2.36642,-2.24053,-0.34203,6.89112,-0.05349,-1.70157,1.64326,-0.04823,-0.14211,-0.21757,6.62931,0.84195,1.00453,1.39137,0.03311,-0.09195,0.08975,-244.47334,33.31991,-5.44032,-11.67412,-25.04781,12.10229,2.66973,30.35666,-1.88515,7.07649,2.79794,0.27321,-0.11791,-0.27281
61.66,12.49749,-20.08853,3.36052,2.38247,-2.22879,-0.34052,6.88815,-0.03896,-1.69863,1.6427,-0.04785,-0.14116,-0.21719,6.41108,0.89186,1.07579,1.18461,0.03642,-0.08086,0.06182,-244.47209,33.52218,-5.40004,-11.71978,-25.05397,12.09167,2.66647,30.36278,-1.86629,7.06521,2.8042,0.27389,-0.11701,-0.27245
61.68,12.24956,-20.0875,3.38644,2.39919,-2.21716,-0.33887,6.8827,-0.02163,-1.69441,1.64279,-0.04741,-0.13978,-0.21691,6.20735,0.94127,1.14875,0.9742,0.04076,-0.06834,0.035,-244.46565,33.76134,-5.36589,-11.7664,-25.0606,12.08033,2.66454,30.37217,-1.83245,7.05289,2.81082,0.27468,-0.11603,-0.27209
61.7,12.03065,-20.07551,3.40485,2.42025,-2.20483,-0.33733,6.8743,-0.0024,-1.68903,1.64249,-0.04725,-0.13861,-0.21614,6.02708,0.98429,1.21877,0.76947,0.04707,-0.05582,0.00818,-244.4702,33.95631,-5.3111,-11.8199,-25.06687,12.06881,2.65962,30.38708,-1.78838,7.03786,2.81672,0.27567,-0.11501,-0.27167
61.72,11.8671,-20.03332,3.41444,2.44963,-2.19117,-0.33621,6.86246,0.01725,-1.68291,1.64038,-0.04778,-0.13846,-0.21415,5.87773,1.01569,1.27975,0.58136,0.05599,-0.04339,-0.02013,-244.52871,33.99778,-5.18802,-11.90988,-25.07281,12.05561,2.64451,30.41013,-1.73949,7.01758,2.82113,0.27699,-0.11406,-0.27109
61.74,11.74129,-19.9825,3.42228,2.48311,-2.17695,-0.3353,6.84762,0.03678,-1.67601,1.63724,-0.04858,-0.1386,-0.21164,5.74754,1.045,1.33981,0.40191,0.06634,-0.02984,-0.04817,-244.60169,33.98999,-5.04191,-12.0097,-25.07822,12.04233,2.62661,30.43571,-1.68791,6.9968,2.8242,0.27838,-0.11319,-0.2705
61.76,11.6375,-19.93604,3.43103,2.51684,-2.163,-0.33442,6.8304,0.05536,-1.66859,1.63359,-0.04929,-0.1385,-0.2092,5.62875,1.07734,1.4042,0.22565,0.07761,-0.01528,-0.07493,-244.65808,34.00693,-4.90987,-12.0971,-25.08347,12.02939,2.61094,30.45921,-1.63542,6.97922,2.82611,0.2796,-0.11243,-0.27003
61.78,11.55882,-19.87496,3.43632,2.55148,-2.14863,-0.33368,6.81077,0.06999,-1.66154,1.62863,-0.0501,-0.13856,-0.20652,5.52163,1.11058,1.47261,0.0537,0.09016,9e-05,-0.10126,-244.72567,34.01317,-4.77145,-12.19855,-25.089,12.01612,2.59421,30.4808,-1.59216,6.96532,2.82561,0.28066,-0.11188,-0.26965
61.8,11.51172,-19.83647,3.44843,2.58661,-2.13473,-0.33307,6.79147,0.08446,-1.65404,1.62344,-0.05081,-0.13858,-0.20395,5.43493,1.1484,1.54833,-0.10544,0.10379,0.01449,-0.12653,-244.77689,34.01666,-4.63441,-12.2786,-25.09441,12.00292,2.57893,30.49834,-1.54635,6.95276,2.8255,0.28157,-0.11135,-0.26935
61.82,11.49309,-19.8626,3.47795,2.62186,-2.122,-0.33255,6.77592,0.10413,-1.64494,1.61935,-0.05114,-0.13824,-0.20194,5.37555,1.19493,1.63464,-0.24389,0.11817,0.02609,-0.1503,-244.78449,34.0432,-4.50255,-12.30113,-25.10023,11.99009,2.56736,30.50987,-1.48381,6.93901,2.82885,0.28235,-0.11059,-0.26911
61.84,11.4958,-19.91098,3.51202,2.65621,-2.10959,-0.33217,6.76198,0.12264,-1.63597,1.61507,-0.05134,-0.13792,-0.20011,5.33656,1.24525,1.73073,-0.3673,0.1335,0.03585,-0.17356,-244.77493,34.0699,-4.37186,-12.30003,-25.10596,11.97714,2.55694,30.51625,-1.42314,6.92671,2.83286,0.28296,-0.10986,-0.26894
61.86,11.51183,-19.94676,3.53784,2.68898,-2.09692,-0.33198,6.74805,0.13553,-1.62837,1.60975,-0.05156,-0.13785,-0.1982,5.31039,1.29264,1.83481,-0.48172,0.15007,0.04489,-0.19702,-244.77721,34.08185,-4.2409,-12.31105,-25.1114,11.96436,2.54627,30.51855,-1.37883,6.9181,2.83481,0.28333,-0.10933,-0.26881
61.88,11.53719,-19.9676,3.54981,2.72241,-2.08335,-0.33198,6.73613,0.14585,-1.62164,1.60357,-0.05177,-0.138,-0.19624,5.29209,1.33185,1.94387,-0.58897,0.16791,0.05385,-0.22085,-244.77532,34.08904,-4.09647,-12.31648,-25.11791,11.9505,2.53529,30.51621,-1.34508,6.91146,2.83612,0.2835,-0.10884,-0.26872
61.9,11.57027,-19.99382,3.55656,2.7505,-2.07145,-0.33215,6.72317,0.15062,-1.61589,1.59696,-0.05188,-0.1382,-0.19438,5.29713,1.36553,2.05931,-0.67453,0.18614,0.06014,-0.2438,-244.78248,34.08565,-3.97502,-12.32759,-25.12264,11.93897,2.52556,30.51132,-1.32491,6.90809,2.83651,0.2835,-0.10858,-0.26866
61.92,11.6087,-20.05451,3.57045,2.76608,-2.06443,-0.33251,6.70476,0.14546,-1.61143,1.59024,-0.05183,-0.13833,-0.19279,5.34445,1.4012,2.18738,-0.72558,0.20419,0.06066,-0.26518,-244.82375,34.06147,-3.90651,-12.36578,-25.12306,11.93349,2.51849,30.50614,-1.3215,6.90927,2.83583,0.28337,-0.10881,-0.2686
61.94,11.64863,-20.11199,3.57315,2.77721,-2.05944,-0.33299,6.68449,0.13533,-1.60754,1.58284,-0.05169,-0.13848,-0.19124,5.41354,1.42821,2.31991,-0.75839,0.22241,0.05871,-0.28618,-244.87715,34.0264,-3.86384,-12.41244,-25.12204,11.93072,2.51323,30.49985,-1.3303,6.91333,2.83445,0.28312,-0.10925,-0.26857
61.96,11.69083,-20.13315,3.54773,2.79058,-2.05432,-0.33356,6.66499,0.12402,-1.60377,1.57422,-0.05157,-0.13871,-0.18951,5.48425,1.43334,2.44802,-0.78544,0.24112,0.0574,-0.30733,-244.922,33.98636,-3.81249,-12.4506,-25.12143,11.92725,2.50768,30.49209,-1.34884,6.91927,2.83256,0.28272,-0.10973,-0.2686
61.98,11.73136,-20.11801,3.49335,2.80299,-2.05067,-0.33419,6.64375,0.10805,-1.60081,1.56425,-0.05144,-0.13908,-0.18761,5.55787,1.41308,2.57263,-0.8043,0.26059,0.05591,-0.32819,-244.97395,33.96123,-3.75206,-12.49875,-25.12141,11.92265,2.50118,30.48313,-1.37836,6.92742,2.83052,0.28222,-0.11032,-0.2687
62,11.78298,-20.09281,3.42733,2.81742,-2.04827,-0.33487,6.62528,0.09484,-1.59712,1.55408,-0.05132,-0.13934,-0.1857,5.63887,1.37771,2.68679,-0.80709,0.27787,0.05343,-0.34739,-245.02221,33.88946,-3.70908,-12.53428,-25.12049,11.92047,2.49619,30.47555,-1.41223,6.93747,2.82747,0.28162,-0.11095,-0.26888
62.02,11.87021,-20.09358,3.3753,2.83872,-2.04589,-0.33562,6.61575,0.09374,-1.59105,1.54496,-0.0512,-0.13927,-0.18392,5.73785,1.34373,2.78921,-0.78797,0.29008,0.04966,-0.36419,-245.06412,33.69053,-3.70986,-12.54024,-25.11836,11.92397,2.49524,30.47271,-1.44269,6.94911,2.82211,0.28088,-0.1115,-0.26917
62.04,11.97543,-20.10583,3.32725,2.86111,-2.04555,-0.33644,6.61157,0.09669,-1.58484,1.53668,-0.05111,-0.13914,-0.18226,5.84295,1.30248,2.88061,-0.7538,0.29868,0.0443,-0.37837,-245.10349,33.44958,-3.72911,-12.53449,-25.1157,11.92993,2.496,30.47194,-1.47425,6.96216,2.81582,0.28007,-0.11207,-0.26953
62.06,12.07445,-20.11775,3.27169,2.88057,-2.04857,-0.33738,6.61079,0.09833,-1.58033,1.52934,-0.05106,-0.13919,-0.18071,5.93574,1.2444,2.95753,-0.71237,0.30512,0.03806,-0.38952,-245.14303,33.22984,-3.74186,-12.53247,-25.11356,11.93495,2.49602,30.47136,-1.50989,6.97617,2.80983,0.27928,-0.11269,-0.26995
62.08,12.17178,-20.13571,3.21575,2.90058,-2.05287,-0.33845,6.61733,0.10327,-1.57714,1.52357,-0.05105,-0.13937,-0.17937,6.01585,1.1733,3.01934,-0.6631,0.30978,0.03338,-0.39746,-245.19622,32.99314,-3.75038,-12.54264,-25.11112,11.93992,2.49537,30.47259,-1.54684,6.99124,2.80298,0.27846,-0.11332,-0.27045
62.1,12.24229,-20.21618,3.18513,2.9117,-2.06326,-0.33976,6.63021,0.10856,-1.57597,1.52149,-0.05109,-0.1397,-0.17855,6.0707,1.11454,3.05283,-0.60615,0.30759,0.02364,-0.39953,-245.22456,32.77671,-3.76678,-12.52673,-25.1088,11.94541,2.49631,30.47388,-1.57953,7.00464,2.79737,0.27777,-0.1139,-0.2709
62.12,12.26423,-20.40734,3.20371,2.90326,-2.08522,-0.34145,6.64785,0.11007,-1.57771,1.5253,-0.05118,-0.14028,-0.1786,6.08718,1.09369,3.04545,-0.54028,0.2915,-0.00024,-0.39249,-245.2027,32.63636,-3.81167,-12.45687,-25.10753,11.95286,2.50216,30.47289,-1.60173,7.01295,2.79573,0.27737,-0.11431,-0.2712
62.14,12.25329,-20.66743,3.25628,2.88446,-2.11235,-0.34341,6.67294,0.11253,-1.58169,1.53402,-0.05127,-0.14103,-0.17938,6.07011,1.09395,3.00285,-0.46366,0.26781,-0.0291,-0.37662,-245.15773,32.52041,-3.8622,-12.36275,-25.1061,11.96061,2.50952,30.47212,-1.61619,7.01828,2.79554,0.27714,-0.1146,-0.27142
62.16,12.21287,-20.96135,3.32809,2.86291,-2.13918,-0.34554,6.7072,0.1196,-1.58737,1.54684,-0.05134,-0.14191,-0.18076,6.0193,1.10006,2.93411,-0.38187,0.24337,-0.05371,-0.3553,-245.12754,32.39534,-3.90802,-12.28341,-25.10511,11.96783,2.51559,30.47329,-1.62518,7.02234,2.79506,0.277,-0.11481,-0.27163
62.18,12.14711,-21.27444,3.4153,2.83671,-2.16657,-0.34787,6.75072,0.13117,-1.59462,1.56482,-0.05139,-0.14295,-0.1829,5.92711,1.11542,2.84316,-0.29951,0.21359,-0.07727,-0.32915,-245.09673,32.27173,-3.96017,-12.19952,-25.10406,11.97595,2.52236,30.47612,-1.62451,7.02296,2.79588,0.27704,-0.11488,-0.27173
62.2,12.02645,-21.65509,3.53744,2.80313,-2.19401,-0.35026,6.80006,0.1442,-1.60374,1.58795,-0.05127,-0.1441,-0.18592,5.80139,1.14797,2.70941,-0.20713,0.18912,-0.09365,-0.29631,-245.06133,32.16296,-4.0028,-12.11849,-25.10262,11.98275,2.52853,30.47868,-1.61839,7.02281,2.79598,0.27713,-0.11487,-0.27183
62.22,11.80011,-22.13231,3.69244,2.75938,-2.22102,-0.35259,6.8511,0.15527,-1.61519,1.6161,-0.05079,-0.14529,-0.18992,5.64418,1.18392,2.49249,-0.08843,0.17683,-0.095,-0.25177,-245.01889,32.07351,-4.01499,-12.05173,-25.10045,11.98664,2.53169,30.47895,-1.61211,7.02573,2.79206,0.27702,-0.11483,-0.2721
62.24,11.51409,-22.57638,3.8138,2.70976,-2.2465,-0.35478,6.908,0.16786,-1.62848,1.65039,-0.05003,-0.14661,-0.19501,5.45891,1.1816,2.21063,0.05386,0.15884,-0.08602,-0.19752,-244.97978,32.00081,-4.02008,-11.9959,-25.09832,11.98941,2.53425,30.47844,-1.60105,7.02836,2.78729,0.27691,-0.11474,-0.27235
62.26,11.24498,-22.92364,3.87762,2.65886,-2.26959,-0.35682,6.97484,0.18583,-1.6432,1.69203,-0.04903,-0.14813,-0.20129,5.28276,1.12984,1.91429,0.21187,0.13067,-0.07303,-0.14052,-244.94129,31.92775,-4.03098,-11.93767,-25.09642,11.99328,2.53726,30.47858,-1.58092,7.02825,2.78356,0.27695,-0.11457,-0.27245
62.28,11.01087,-23.20328,3.89176,2.60509,-2.29156,-0.35872,7.05039,0.20845,-1.65965,1.74185,-0.04768,-0.14982,-0.20894,5.15792,1.02693,1.61163,0.39776,0.09558,-0.05481,-0.08035,-244.89327,31.86094,-4.04655,-11.87318,-25.09402,11.99674,2.54082,30.47788,-1.55457,7.02816,2.7797,0.27698,-0.11435,-0.2725
62.3,10.8706,-23.38197,3.86323,2.55354,-2.30883,-0.36016,7.13896,0.23758,-1.67825,1.79983,-0.04602,-0.15182,-0.21793,5.11428,0.88737,1.32864,0.60269,0.05568,-0.03422,-0.022,-244.85418,31.79844,-4.04952,-11.81865,-25.09223,11.99966,2.54269,30.47739,-1.52271,7.02503,2.77738,0.27719,-0.11414,-0.27237
62.32,10.86804,-23.42421,3.81063,2.50967,-2.31745,-0.36079,7.2467,0.2761,-1.69886,1.86598,-0.04413,-0.15423,-0.22821,5.16452,0.74259,1.08483,0.81142,0.01742,-0.0155,0.02905,-244.83769,31.73268,-4.01925,-11.78297,-25.09198,11.99984,2.53975,30.47924,-1.48553,7.01489,2.77958,0.27788,-0.11406,-0.27188
62.34,11.00913,-23.41891,3.77499,2.47085,-2.32206,-0.36101,7.37012,0.32352,-1.72201,1.94081,-0.04192,-0.15701,-0.23984,5.32721,0.61396,0.88633,1.03433,-0.01763,0.00087,0.0755,-244.83292,31.67047,-3.97347,-11.76064,-25.09304,11.99861,2.53443,30.48102,-1.44442,7.00178,2.78394,0.27875,-0.11402,-0.27123
62.36,11.28676,-23.44923,3.7952,2.43457,-2.32682,-0.36114,7.50629,0.37945,-1.74753,2.02428,-0.0393,-0.16008,-0.25281,5.60764,0.52209,0.74005,1.27666,-0.05077,0.01471,0.1196,-244.8189,31.61906,-3.93851,-11.73357,-25.093,11.99838,2.53053,30.48136,-1.40081,6.98913,2.78904,0.27957,-0.11394,-0.27059
62.38,11.69635,-23.51538,3.88928,2.40115,-2.33122,-0.36103,7.65694,0.44432,-1.7736,2.11558,-0.03637,-0.16344,-0.26686,5.9996,0.48655,0.6355,1.5375,-0.08173,0.02589,0.16188,-244.79394,31.53793,-3.89299,-11.69324,-25.09352,11.99747,2.52587,30.48189,-1.35115,6.97491,2.79577,0.28047,-0.11387,-0.2699
62.4,12.21603,-23.66364,4.06882,2.37829,-2.33484,-0.36104,7.81255,0.5147,-1.80421,2.20905,-0.03324,-0.16709,-0.2813,6.42493,0.52121,0.58831,1.78249,-0.10666,0.03169,0.19745,-244.78698,31.51898,-3.86336,-11.68353,-25.09395,11.99699,2.52172,30.4803,-1.307,6.96063,2.80414,0.28134,-0.11373,-0.26925
62.42,12.79083,-23.91017,4.29466,2.37435,-2.33758,-0.36165,7.96081,0.58526,-1.84219,2.29816,-0.03025,-0.17075,-0.29554,6.77834,0.59546,0.60524,1.96867,-0.12152,0.03031,0.2208,-244.82595,31.66416,-3.87227,-11.75255,-25.09247,11.99837,2.51963,30.4735,-1.28132,6.94796,2.81421,0.28204,-0.11344,-0.26876
62.44,13.38115,-24.18817,4.52752,2.38326,-2.33949,-0.36239,8.09793,0.65226,-1.88328,2.37996,-0.02736,-0.1745,-0.30874,7.0774,0.683,0.64968,2.11456,-0.12922,0.02542,0.23605,-244.88593,31.871,-3.89973,-11.85503,-25.09102,12.00087,2.51841,30.46533,-1.26372,6.93581,2.82563,0.28269,-0.11309,-0.26835
62.46,13.96418,-24.46338,4.75577,2.39926,-2.34122,-0.36294,8.21945,0.71048,-1.92182,2.45146,-0.02464,-0.1782,-0.32029,7.3555,0.7838,0.69436,2.24189,-0.13326,0.02052,0.24774,-244.93272,32.04362,-3.91669,-11.93955,-25.08984,12.00228,2.51638,30.45909,-1.24511,6.92331,2.83788,0.28337,-0.11275,-0.26799
62.48,14.51807,-24.71729,4.96082,2.42372,-2.34204,-0.36328,8.32086,0.75174,-1.95112,2.50897,-0.02302,-0.18089,-0.33041,7.60188,0.89204,0.72808,2.34767,-0.13382,0.0172,0.2563,-244.98358,32.2385,-3.93918,-12.03337,-25.08785,12.00515,2.51461,30.45285,-1.2327,6.91033,2.85107,0.28405,-0.1124,-0.26768
62.5,15.01167,-24.91829,5.07623,2.46231,-2.34043,-0.36352,8.36618,0.76667,-1.98689,2.5367,-0.02086,-0.18472,-0.33526,7.74142,0.97276,0.77724,2.39848,-0.12752,0.01089,0.25528,-245.02816,32.39376,-3.95619,-12.11401,-25.08702,12.00608,2.51306,30.44954,-1.2222,6.90015,2.86319,0.28461,-0.11212,-0.26749
62.52,15.43072,-25.03866,5.04356,2.51917,-2.33547,-0.36378,8.31209,0.7409,-2.0458,2.51622,-0.01631,-0.19173,-0.33059,7.71412,0.99494,0.88886,2.36612,-0.11048,-0.00529,0.23737,-245.06482,32.43379,-3.95314,-12.16287,-25.09019,12.00164,2.51297,30.45248,-1.20735,6.897,2.87194,0.28485,-0.11199,-0.26753
62.54,15.78252,-25.0667,4.9113,2.59001,-2.32657,-0.36384,8.17698,0.67065,-2.10501,2.45088,-0.01214,-0.19928,-0.31822,7.60843,1.00091,1.03531,2.29,-0.08652,-0.02572,0.20916,-245.09199,32.4307,-3.94284,-12.19341,-25.0938,11.99552,2.51344,30.45795,-1.19594,6.89755,2.87862,0.28491,-0.11196,-0.2677
62.56,16.06604,-24.98647,4.71302,2.66922,-2.31381,-0.36352,7.98541,0.55534,-2.14682,2.34826,-0.01051,-0.20511,-0.30085,7.49303,1.01595,1.17847,2.20455,-0.06076,-0.04452,0.17859,-245.12814,32.44739,-3.94054,-12.2347,-25.0973,11.99091,2.51376,30.46257,-1.1937,6.89897,2.88424,0.2849,-0.11198,-0.2679
62.58,16.27256,-24.83027,4.447,2.75211,-2.30062,-0.36315,7.7345,0.38766,-2.1734,2.2093,-0.01141,-0.20809,-0.27965,7.35016,1.02492,1.3262,2.11265,-0.03406,-0.06239,0.14591,-245.17329,32.4575,-3.92407,-12.28184,-25.10145,11.98396,2.51299,30.46647,-1.19706,6.90281,2.88789,0.28476,-0.11209,-0.26818
62.6,16.41572,-24.48859,4.11671,2.84954,-2.27816,-0.36231,7.42039,0.19644,-2.19054,2.02177,-0.01464,-0.21161,-0.24806,7.20502,1.03738,1.48216,2.00683,-0.00454,-0.08028,0.10853,-245.20128,32.45981,-3.93247,-12.30918,-25.1041,11.98126,2.51389,30.47047,-1.20831,6.90785,2.88978,0.28454,-0.11226,-0.26848
62.62,16.49647,-23.82264,3.74782,2.97506,-2.23552,-0.36047,7.03289,0.01793,-2.19857,1.76392,-0.0216,-0.21542,-0.19686,7.09743,1.06918,1.65506,1.8773,0.03097,-0.09937,0.0618,-245.16631,32.44992,-4.01145,-12.27334,-25.10113,11.99107,2.51833,30.47623,-1.23108,6.91206,2.89024,0.28434,-0.11245,-0.26873
62.64,16.47541,-22.99881,3.39323,3.10846,-2.18577,-0.35847,6.60465,-0.15707,-2.18753,1.45469,-0.03399,-0.21117,-0.13443,7.00422,1.09833,1.82051,1.74694,0.06611,-0.1148,0.01315,-245.11347,32.43395,-4.11277,-12.21737,-25.09632,12.00514,2.52432,30.48224,-1.26023,6.91675,2.88919,0.2841,-0.11267,-0.26896
62.66,16.34703,-22.18161,3.08778,3.23264,-2.13934,-0.35693,6.18321,-0.32777,-2.16094,1.1268,-0.05108,-0.19717,-0.07108,6.89407,1.10763,1.95425,1.63127,0.09591,-0.12409,-0.03037,-245.0758,32.42089,-4.20316,-12.17323,-25.09271,12.01693,2.5293,30.48687,-1.29188,6.92236,2.88652,0.2838,-0.11289,-0.26916
62.68,16.13901,-21.35502,2.8492,3.35407,-2.09066,-0.35562,5.78002,-0.47048,-2.12859,0.78432,-0.07238,-0.17434,-0.00647,6.76981,1.10044,2.07404,1.51926,0.1244,-0.13026,-0.07444,-245.04654,32.38793,-4.29583,-12.13089,-25.08838,12.02995,2.53383,30.4921,-1.3261,6.92736,2.8829,0.28352,-0.11307,-0.2693
62.7,15.82002,-20.63655,2.69486,3.45606,-2.0482,-0.35493,5.4286,-0.56748,-2.08983,0.45106,-0.09631,-0.14369,0.05555,6.60593,1.08873,2.11867,1.41582,0.14113,-0.12622,-0.10353,-244.99795,32.39091,-4.38993,-12.07417,-25.08454,12.04171,2.54009,30.49629,-1.36319,6.9337,2.87739,0.28319,-0.11327,-0.26942
62.72,15.36071,-20.1278,2.62067,3.52084,-2.02204,-0.3554,5.15411,-0.60982,-2.04827,0.14981,-0.12182,-0.10701,0.1119,6.37778,1.08121,2.02515,1.32691,0.1361,-0.10726,-0.10081,-244.89782,32.50712,-4.48605,-11.98846,-25.08225,12.0498,2.55234,30.49694,-1.40508,6.94424,2.86836,0.2827,-0.11363,-0.26958
62.74,14.85511,-19.73391,2.59384,3.5615,-2.00254,-0.3564,4.94172,-0.60193,-2.01415,-0.11269,-0.1475,-0.0669,0.16074,6.1298,1.06111,1.86471,1.25041,0.12123,-0.08233,-0.08477,-244.77355,32.66255,-4.58665,-11.88544,-25.08011,12.0571,2.56676,30.49722,-1.45001,6.95636,2.85711,0.28214,-0.11403,-0.26973
62.76,14.39722,-19.39729,2.59459,3.58931,-1.98203,-0.3574,4.77843,-0.54688,-1.99043,-0.33073,-0.17135,-0.02642,0.20077,5.90484,1.01829,1.69751,1.1899,0.10552,-0.05826,-0.06866,-244.66484,32.79536,-4.6833,-11.79156,-25.07814,12.06493,2.57983,30.4994,-1.49629,6.968,2.84406,0.28154,-0.11437,-0.26984
62.78,14.01805,-19.13678,2.61506,3.60596,-1.96208,-0.35864,4.65946,-0.43844,-1.9748,-0.5067,-0.19254,0.01452,0.23293,5.71637,0.95524,1.51085,1.15184,0.08558,-0.03301,-0.04753,-244.56295,32.93247,-4.78097,-11.70664,-25.07641,12.07208,2.5934,30.50278,-1.54673,6.98045,2.82849,0.28087,-0.11475,-0.26996
62.8,13.70367,-18.8991,2.61227,3.59588,-1.94475,-0.35935,4.57192,-0.3148,-1.95032,-0.60954,-0.20711,0.04753,0.25116,5.58856,0.87624,1.31394,1.14831,0.06283,-0.00823,-0.02301,-244.44092,33.06658,-4.87812,-11.59815,-25.07383,12.08042,2.60669,30.50741,-1.59798,6.99463,2.81089,0.28006,-0.11516,-0.27013
62.82,13.39384,-18.62127,2.55628,3.54219,-1.93268,-0.35878,4.49917,-0.21721,-1.89594,-0.61803,-0.21274,0.06546,0.25249,5.5363,0.78569,1.11752,1.18767,0.03922,0.01399,0.00278,-244.2488,33.17276,-4.96995,-11.40728,-25.06861,12.09224,2.61872,30.51352,-1.64407,7.01129,2.79227,0.27907,-0.11563,-0.27038
62.84,13.12721,-18.34358,2.48575,3.46632,-1.92296,-0.35747,4.43553,-0.11949,-1.81905,-0.57153,-0.21079,0.07657,0.24335,5.55301,0.68866,0.92499,1.2596,0.01386,0.03456,0.03077,-244.03522,33.2698,-5.05829,-11.19213,-25.06251,12.10547,2.63009,30.52079,-1.69089,7.03031,2.77187,0.27791,-0.11618,-0.27073
62.86,12.95183,-18.11034,2.43026,3.38861,-1.91242,-0.35586,4.38046,0.00142,-1.73127,-0.50176,-0.20295,0.08686,0.22866,5.62802,0.59076,0.74137,1.35236,-0.01293,0.05428,0.06027,-243.83488,33.37249,-5.15126,-10.99532,-25.0572,12.11811,2.64183,30.52929,-1.74281,7.05137,2.74964,0.27661,-0.11685,-0.27117
62.88,12.82794,-17.92535,2.38989,3.30667,-1.90242,-0.35392,4.33034,0.14123,-1.6314,-0.41369,-0.18995,0.09696,0.20873,5.75494,0.49304,0.55928,1.46173,-0.0411,0.07433,0.09082,-243.60946,33.47852,-5.24127,-10.77772,-25.0514,12.13082,2.65443,30.53722,-1.79482,7.07539,2.72624,0.27515,-0.11767,-0.27173
62.9,12.77553,-17.78903,2.36502,3.22241,-1.89276,-0.3512,4.29419,0.27402,-1.51664,-0.29198,-0.16909,0.10276,0.18201,5.91627,0.40797,0.40242,1.58233,-0.06742,0.09077,0.11966,-243.42102,33.57764,-5.34009,-10.59888,-25.04623,12.14424,2.66577,30.54698,-1.8509,7.09926,2.7038,0.27368,-0.11852,-0.27235
62.92,12.82204,-17.71563,2.3628,3.13768,-1.88283,-0.34721,4.29191,0.37432,-1.38264,-0.11321,-0.13808,0.10075,0.14617,6.08822,0.34435,0.29939,1.71053,-0.08785,0.09887,0.14395,-243.34152,33.64769,-5.46239,-10.52807,-25.04231,12.16138,2.67394,30.56208,-1.91507,7.11859,2.68534,0.2724,-0.11918,-0.27294
62.94,12.91928,-17.74293,2.39709,3.05747,-1.87342,-0.34267,4.32087,0.46799,-1.23881,0.09478,-0.1024,0.09789,0.10514,6.26115,0.29077,0.22295,1.83746,-0.10467,0.10324,0.16522,-243.30117,33.70801,-5.59023,-10.4978,-25.03918,12.17918,2.68071,30.57756,-1.97879,7.13589,2.67048,0.27126,-0.1198,-0.27353
62.96,13.02486,-17.86474,2.46438,2.98679,-1.865,-0.33823,4.36817,0.56879,-1.09628,0.29812,-0.06684,0.09932,0.06414,6.42932,0.24195,0.14876,1.95494,-0.12036,0.10803,0.18486,-243.23648,33.77558,-5.71628,-10.44811,-25.03558,12.19619,2.68839,30.58946,-2.0348,7.15278,2.65946,0.27021,-0.12044,-0.27414
62.98,13.12742,-18.05864,2.55699,2.92294,-1.85753,-0.33356,4.43411,0.65358,-0.95138,0.50381,-0.03119,0.10312,0.02277,6.58245,0.20477,0.08337,2.0638,-0.134,0.11145,0.20235,-243.15646,33.84911,-5.85259,-10.38769,-25.03165,12.21547,2.69648,30.60027,-2.08463,7.16739,2.65387,0.26936,-0.12101,-0.2747
63,13.2338,-18.30979,2.6605,2.87767,-1.8513,-0.32953,4.51004,0.72017,-0.82161,0.68633,0.00108,0.10928,-0.01467,6.70222,0.17378,0.03455,2.14792,-0.14424,0.11377,0.21567,-243.10884,33.91715,-5.96969,-10.35944,-25.02854,12.23041,2.70387,30.60447,-2.12053,7.17736,2.65405,0.26882,-0.12145,-0.27515
63.02,13.36345,-18.58952,2.75335,2.8636,-1.84682,-0.32716,4.58065,0.77376,-0.7272,0.81348,0.02685,0.11814,-0.04343,6.77182,0.14212,0.00834,2.19168,-0.1501,0.11562,0.22303,-243.14868,33.9696,-6.03133,-10.41296,-25.02852,12.23285,2.70909,30.59666,-2.13453,7.18067,2.66001,0.26868,-0.12172,-0.27538
63.04,13.47741,-18.84831,2.82599,2.86893,-1.84379,-0.32565,4.63674,0.7988,-0.65765,0.89667,0.04695,0.12747,-0.0649,6.79181,0.11862,0.00096,2.20443,-0.15211,0.11597,0.2255,-243.21971,34.01704,-6.07124,-10.49648,-25.02957,12.23075,2.71323,30.58226,-2.13127,7.1777,2.67217,0.26892,-0.12177,-0.27543
63.06,13.53379,-19.05101,2.87345,2.88236,-1.84217,-0.32435,4.67084,0.78092,-0.6015,0.94783,0.06197,0.13564,-0.08055,6.7659,0.11182,0.00553,2.19591,-0.15119,0.11435,0.22444,-243.27505,34.07645,-6.12048,-10.56795,-25.03008,12.23079,2.71812,30.56624,-2.11544,7.16948,2.69033,0.26952,-0.12162,-0.27531
63.08,13.53953,-19.19885,2.89267,2.90239,-1.84314,-0.32349,4.68026,0.7105,-0.55537,0.97079,0.07237,0.14268,-0.09123,6.69543,0.1251,0.01948,2.17063,-0.14778,0.11067,0.22054,-243.32481,34.13477,-6.18681,-10.63193,-25.03058,12.23211,2.72461,30.54941,-2.08476,7.15622,2.71352,0.27043,-0.12125,-0.27504
63.1,13.49115,-19.25101,2.87485,2.93756,-1.84458,-0.32336,4.65542,0.62398,-0.54986,0.93447,0.07351,0.14494,-0.0908,6.56759,0.14727,0.06203,2.10604,-0.13932,0.10485,0.21004,-243.38887,34.20802,-6.21191,-10.71521,-25.03132,12.22916,2.7272,30.52833,-2.0406,7.13679,2.74045,0.27168,-0.12066,-0.27456
63.12,13.38074,-19.17715,2.8181,2.99806,-1.84366,-0.32421,4.59115,0.56547,-0.61601,0.80461,0.06077,0.13929,-0.07297,6.37548,0.16871,0.1534,1.97759,-0.1231,0.09741,0.18882,-243.48445,34.33513,-6.14947,-10.84478,-25.0323,12.21769,2.72049,30.49803,-1.98609,7.11015,2.77018,0.2733,-0.11981,-0.27382
63.14,13.21081,-19.03918,2.74355,3.06841,-1.84398,-0.32581,4.5064,0.49825,-0.71926,0.62372,0.03979,0.1296,-0.04529,6.14921,0.20356,0.27399,1.81685,-0.10205,0.08861,0.16143,-243.58687,34.47449,-6.04887,-10.98572,-25.03307,12.20265,2.71023,30.46648,-1.92208,7.07924,2.80065,0.27515,-0.11879,-0.27293
63.16,12.99141,-18.88873,2.67056,3.135,-1.84789,-0.32782,4.41696,0.39701,-0.82859,0.43045,0.01564,0.11916,-0.01457,5.91412,0.25999,0.40425,1.65234,-0.07913,0.07883,0.1322,-243.68579,34.60884,-5.96172,-11.11978,-25.03397,12.18837,2.70125,30.43989,-1.85156,7.04721,2.83007,0.27704,-0.11769,-0.27201
63.18,12.73565,-18.74058,2.60929,3.2028,-1.85301,-0.33023,4.32557,0.27814,-0.94347,0.22135,-0.01162,0.10886,0.01952,5.67572,0.33272,0.5428,1.47986,-0.05442,0.06944,0.10086,-243.78409,34.77728,-5.88608,-11.25667,-25.0342,12.17539,2.69356,30.41507,-1.77892,7.01398,2.85739,0.27898,-0.11653,-0.27103
63.2,12.44064,-18.61773,2.56732,3.26211,-1.8629,-0.33315,4.2476,0.16579,-1.07796,-6e-05,-0.04269,0.0978,0.05801,5.44826,0.4103,0.69891,1.30564,-0.02712,0.05943,0.06683,-243.89575,34.89081,-5.7848,-11.39786,-25.03627,12.16016,2.68303,30.39903,-1.70385,6.983,2.88032,0.28079,-0.11541,-0.27012
63.22,12.10658,-18.55732,2.55177,3.30193,-1.88241,-0.33675,4.20084,0.07884,-1.24599,-0.22869,-0.07793,0.08557,0.10176,5.24547,0.48426,0.88233,1.13689,0.00364,0.04776,0.02944,-244.02865,34.82459,-5.60585,-11.53437,-25.04332,12.13799,2.66528,30.40022,-1.62392,6.9581,2.89628,0.28227,-0.11444,-0.26945
63.24,11.75492,-18.56817,2.5689,3.33087,-1.90522,-0.3406,4.1803,0.00933,-1.41941,-0.45151,-0.11383,0.07575,0.14675,5.07192,0.55568,1.07046,0.97657,0.03546,0.03748,-0.00904,-244.17469,34.69892,-5.40641,-11.67345,-25.05235,12.11378,2.64515,30.4097,-1.54752,6.93794,2.90615,0.28348,-0.11361,-0.26892
63.26,11.41149,-18.64045,2.61691,3.35597,-1.92606,-0.34432,4.17542,-0.04427,-1.57577,-0.65754,-0.14757,0.07026,0.18939,4.92671,0.62132,1.24423,0.82835,0.06609,0.03058,-0.04615,-244.31616,34.60003,-5.21778,-11.81023,-25.06021,12.09092,2.6262,30.41985,-1.48092,6.92096,2.91078,0.28448,-0.1129,-0.26845
63.28,11.07933,-18.76981,2.68841,3.37598,-1.94566,-0.34798,4.184,-0.06766,-1.72043,-0.84668,-0.179,0.06773,0.22962,4.80559,0.67201,1.40594,0.69233,0.09523,0.02599,-0.08151,-244.47625,34.48696,-5.01307,-11.96185,-25.06902,12.0659,2.60563,30.43141,-1.4255,6.9092,2.90967,0.28517,-0.11237,-0.26812
63.3,10.76558,-18.93404,2.77555,3.38696,-1.96221,-0.35108,4.20351,-0.06891,-1.84326,-1.00249,-0.20642,0.06916,0.26508,4.71878,0.7077,1.5444,0.58078,0.12233,0.02511,-0.11397,-244.6053,34.37335,-4.83678,-12.08079,-25.07635,12.04508,2.58825,30.44468,-1.38171,6.90178,2.90397,0.2856,-0.11203,-0.26787
63.32,10.47918,-19.10078,2.86693,3.38573,-1.97359,-0.35313,4.2331,-0.06387,-1.9392,-1.11293,-0.22865,0.07597,0.29393,4.67745,0.7349,1.65584,0.50409,0.14829,0.03019,-0.14352,-244.64125,34.27163,-4.7411,-12.10777,-25.07842,12.03692,2.5792,30.46076,-1.34997,6.89742,2.89549,0.28588,-0.11191,-0.26765
63.34,10.22183,-19.25208,2.94659,3.37619,-1.98035,-0.35436,4.26403,-0.04604,-2.01561,-1.18815,-0.24601,0.08499,0.31649,4.66167,0.74885,1.74484,0.4536,0.17181,0.03844,-0.16897,-244.64581,34.16665,-4.67066,-12.1017,-25.0788,12.03233,2.57268,30.47626,-1.33088,6.89692,2.88445,0.28593,-0.11197,-0.26751
63.36,9.99471,-19.37136,3.00166,3.36293,-1.98262,-0.35499,4.28656,-0.00907,-2.07465,-1.23644,-0.25875,0.09323,0.33318,4.6542,0.74175,1.81151,0.42185,0.19122,0.04703,-0.18926,-244.67233,34.05217,-4.58905,-12.11416,-25.08037,12.02623,2.56539,30.48776,-1.32459,6.90048,2.87128,0.28575,-0.11218,-0.26748
63.38,9.79212,-19.43932,3.02626,3.34675,-1.98003,-0.35505,4.3,0.04444,-2.11847,-1.25844,-0.26635,0.10045,0.34417,4.65909,0.71134,1.86192,0.40827,0.20791,0.0561,-0.20597,-244.69606,33.91861,-4.49591,-12.12432,-25.08107,12.02041,2.55626,30.49604,-1.33215,6.9069,2.85697,0.28539,-0.11254,-0.26753
63.4,9.62324,-19.44663,3.0071,3.3222,-1.97379,-0.35403,4.2999,0.08812,-2.13568,-1.24504,-0.26914,0.10481,0.34737,4.66469,0.67115,1.87042,0.42126,0.21632,0.06351,-0.21302,-244.71466,33.80115,-4.42781,-12.12555,-25.08273,12.01463,2.55082,30.50051,-1.34495,6.91503,2.84426,0.28493,-0.11293,-0.26765
63.42,9.49401,-19.39956,2.93506,3.28373,-1.96555,-0.35141,4.2833,0.09787,-2.11518,-1.19246,-0.26877,0.10534,0.34172,4.66169,0.63611,1.80877,0.46578,0.21069,0.06783,-0.2043,-244.73244,33.73129,-4.40066,-12.11649,-25.08863,12.0052,2.5534,30.50061,-1.35047,6.92288,2.8366,0.28442,-0.11319,-0.26781
63.44,9.39197,-19.29074,2.82064,3.2373,-1.95588,-0.34789,4.2538,0.09356,-2.06956,-1.11395,-0.26406,0.10319,0.32946,4.66606,0.59141,1.70595,0.53146,0.19652,0.07073,-0.1863,-244.74751,33.68081,-4.39637,-12.10321,-25.09565,11.99558,2.55935,30.49802,-1.35645,6.93048,2.83211,0.28391,-0.1134,-0.268
63.46,9.31495,-19.13133,2.68075,3.18911,-1.94578,-0.34423,4.21484,0.09707,-2.01092,-1.02217,-0.25452,0.09943,0.31287,4.6907,0.52431,1.5892,0.60921,0.17886,0.07354,-0.16491,-244.76355,33.62012,-4.38572,-12.09338,-25.10183,11.98703,2.56363,30.4938,-1.36764,6.93739,2.82917,0.28342,-0.11361,-0.26819
63.48,9.26253,-18.9612,2.53321,3.14006,-1.93654,-0.34045,4.16556,0.11666,-1.9389,-0.92265,-0.24149,0.09588,0.29252,4.74042,0.43889,1.45634,0.69804,0.1577,0.07751,-0.14026,-244.77305,33.55763,-4.3706,-12.07687,-25.10928,11.97608,2.56831,30.48946,-1.37516,6.94191,2.82958,0.28304,-0.11374,-0.26836
63.5,9.26361,-18.75503,2.37863,3.08533,-1.93143,-0.33675,4.11955,0.12804,-1.85201,-0.80293,-0.22331,0.09027,0.26767,4.82145,0.34025,1.30495,0.80632,0.13053,0.08085,-0.10943,-244.78349,33.5055,-4.3701,-12.06699,-25.11393,11.96951,2.57312,30.48406,-1.38834,6.94647,2.83069,0.28264,-0.11387,-0.26855
63.52,9.357,-18.50258,2.2244,3.01918,-1.93405,-0.33332,4.09516,0.10833,-1.74453,-0.63949,-0.19716,0.08048,0.2356,4.94373,0.23439,1.13082,0.94674,0.09444,0.08249,-0.06847,-244.80785,33.47949,-4.40357,-12.08401,-25.11143,11.97377,2.57687,30.476,-1.42052,6.95497,2.82841,0.28206,-0.11415,-0.26887
63.54,9.53136,-18.31624,2.11766,2.95077,-1.94366,-0.33056,4.09192,0.10062,-1.62425,-0.44692,-0.16629,0.07129,0.19805,5.11176,0.12341,0.95004,1.10858,0.05471,0.08622,-0.02303,-244.83689,33.46749,-4.45133,-12.11087,-25.10659,11.98239,2.58054,30.46786,-1.45763,6.96395,2.82586,0.28145,-0.11446,-0.26922
63.56,9.76496,-18.2646,2.09221,2.8883,-1.95956,-0.32887,4.10972,0.13217,-1.50493,-0.24934,-0.135,0.06614,0.15955,5.32076,0.01422,0.78151,1.27727,0.0166,0.09343,0.02074,-244.85762,33.45045,-4.49211,-12.12966,-25.10266,11.98844,2.58394,30.46179,-1.48873,6.97087,2.82527,0.28094,-0.1147,-0.26953
63.58,10.06095,-18.3418,2.15579,2.82938,-1.98299,-0.32824,4.15809,0.18461,-1.38408,-0.03852,-0.10275,0.06365,0.11948,5.57007,-0.07673,0.6237,1.4558,-0.02074,0.1028,0.06428,-244.88243,33.44072,-4.53349,-12.15573,-25.0987,11.99539,2.58774,30.457,-1.51915,6.97792,2.82461,0.28041,-0.11493,-0.26985
63.6,10.40602,-18.5606,2.31335,2.78178,-2.01385,-0.32939,4.22857,0.25229,-1.27481,0.16354,-0.07314,0.06399,0.08183,5.82593,-0.15057,0.49994,1.62941,-0.05318,0.11229,0.10282,-244.90033,33.42616,-4.58094,-12.17265,-25.09473,12.00243,2.59133,30.45409,-1.54834,6.98428,2.82463,0.27993,-0.11516,-0.27015
63.62,10.77651,-18.92323,2.55834,2.75417,-2.05225,-0.33311,4.30032,0.33323,-1.19444,0.32308,-0.05,0.06782,0.05202,6.0405,-0.21546,0.43559,1.77902,-0.07649,0.11901,0.13098,-244.89661,33.3802,-4.62586,-12.15852,-25.0915,12.00764,2.59274,30.45409,-1.57398,6.9886,2.82629,0.27957,-0.11539,-0.2704
63.64,11.14539,-19.39706,2.88494,2.74097,-2.09697,-0.33873,4.37152,0.41491,-1.13076,0.45356,-0.03101,0.07344,0.02757,6.21318,-0.25285,0.41707,1.90587,-0.09309,0.12206,0.15184,-244.88741,33.32537,-4.67224,-12.1365,-25.08879,12.01284,2.59354,30.45578,-1.59875,6.99263,2.8284,0.27925,-0.11562,-0.27064
63.66,11.49127,-19.962,3.28961,2.73721,-2.14668,-0.34564,4.44164,0.48991,-1.0703,0.56911,-0.01443,0.07964,0.00598,6.35057,-0.24474,0.42932,2.01427,-0.10523,0.12126,0.16835,-244.88207,33.27472,-4.71983,-12.12061,-25.08627,12.01833,2.59503,30.45833,-1.62336,6.99763,2.83033,0.27891,-0.11587,-0.2709
63.68,11.7968,-20.61057,3.75701,2.74179,-2.20137,-0.3539,4.50025,0.55504,-1.01081,0.666,-0.00036,0.08691,-0.01276,6.4464,-0.18904,0.46543,2.10971,-0.11379,0.11598,0.18131,-244.87278,33.22562,-4.76264,-12.10277,-25.08308,12.02325,2.59597,30.46189,-1.6481,7.00302,2.83256,0.2786,-0.11615,-0.27116
63.7,12.05664,-21.32327,4.28344,2.7623,-2.25406,-0.36288,4.5433,0.61708,-0.96266,0.73513,0.00915,0.09269,-0.02576,6.45334,-0.09983,0.55405,2.15602,-0.11429,0.10428,0.18552,-244.85989,33.16714,-4.81088,-12.07957,-25.08042,12.02902,2.59807,30.46651,-1.66815,7.00766,2.8359,0.27835,-0.11637,-0.27139
63.72,12.26801,-22.08055,4.8542,2.80633,-2.29691,-0.37176,4.57276,0.68611,-0.94101,0.76942,0.0117,0.09337,-0.03001,6.32671,0.00452,0.72426,2.11392,-0.10192,0.08441,0.17532,-244.82563,33.09341,-4.87866,-12.03086,-25.07801,12.03994,2.60519,30.47236,-1.67876,7.01021,2.84122,0.27824,-0.11646,-0.27156
63.74,12.41119,-22.86428,5.425,2.86217,-2.3314,-0.3801,4.58926,0.75482,-0.93098,0.78379,0.0105,0.09153,-0.02974,6.12525,0.13422,0.9295,2.02303,-0.08326,0.0588,0.1578,-244.78321,33.01758,-4.95579,-11.97375,-25.07591,12.05286,2.6143,30.47924,-1.68207,7.01086,2.84849,0.27827,-0.11646,-0.27166
63.76,12.46991,-23.64217,5.95862,2.91796,-2.35872,-0.38735,4.59148,0.81234,-0.91757,0.79244,0.00853,0.08964,-0.02885,5.90274,0.2935,1.12981,1.91925,-0.06418,0.03088,0.13928,-244.7477,32.94354,-5.02405,-11.92402,-25.07388,12.0642,2.62203,30.48741,-1.67913,7.00959,2.85726,0.27846,-0.11637,-0.27169
63.78,12.43815,-24.35562,6.41628,2.97063,-2.37528,-0.39276,4.5813,0.85208,-0.90838,0.79782,0.00551,0.08639,-0.02701,5.65554,0.46916,1.32246,1.79864,-0.04455,0.00262,0.11887,-244.705,32.88368,-5.11117,-11.86718,-25.07139,12.07759,2.63228,30.49731,-1.66897,7.00546,2.8684,0.27884,-0.11614,-0.27162
63.8,12.33544,-24.99654,6.77553,3.02251,-2.37336,-0.39524,4.56914,0.88442,-0.90026,0.80103,0.00196,0.08276,-0.02455,5.40634,0.6407,1.50927,1.64753,-0.02321,-0.02641,0.09585,-244.66666,32.81143,-5.16663,-11.81654,-25.06952,12.08728,2.63913,30.50885,-1.64729,6.99885,2.88041,0.27942,-0.11581,-0.27144
63.82,12.17894,-25.61496,7.02011,3.07846,-2.35138,-0.39498,4.56118,0.92048,-0.89093,0.80179,-0.00159,0.07998,-0.02181,5.17589,0.78976,1.69675,1.44907,0.00134,-0.05865,0.06911,-244.64437,32.70954,-5.12809,-11.78976,-25.06944,12.08606,2.63605,30.52196,-1.61099,6.99098,2.89103,0.28012,-0.11541,-0.27112
63.84,11.94882,-26.08613,7.10159,3.12288,-2.311,-0.39171,4.56237,0.93583,-0.88709,0.81076,-0.00492,0.07657,-0.01964,4.96483,0.91818,1.86721,1.2245,0.02555,-0.08982,0.04043,-244.62739,32.59783,-5.06148,-11.76999,-25.07014,12.08137,2.63019,30.53728,-1.5637,6.98096,2.90113,0.28097,-0.11491,-0.27069
63.86,11.65666,-26.33693,6.99307,3.14123,-2.25925,-0.38627,4.5713,0.90665,-0.89502,0.8363,-0.00777,0.07133,-0.01894,4.77899,1.01558,2.00408,1.00223,0.04616,-0.11629,0.01254,-244.60728,32.4929,-5.00832,-11.74438,-25.07022,12.07855,2.62608,30.55502,-1.5099,6.96863,2.911,0.28197,-0.11431,-0.27017
63.88,11.37103,-26.51533,6.70369,3.1444,-2.21496,-0.38282,4.57441,0.82867,-0.92628,0.87302,-0.01056,0.06378,-0.01909,4.61868,1.06102,2.1143,0.78556,0.06378,-0.14131,-0.01452,-244.59826,32.4207,-4.95843,-11.73153,-25.07093,12.07471,2.62254,30.57417,-1.45107,6.95587,2.91928,0.283,-0.11363,-0.2696
63.9,11.15345,-26.30984,6.22739,3.11482,-2.1365,-0.37367,4.63704,0.71391,-0.95866,0.9443,-0.01162,0.05542,-0.02258,4.50479,1.06712,2.18805,0.58502,0.0751,-0.15944,-0.03686,-244.57463,32.29466,-4.8994,-11.69631,-25.07057,12.07203,2.61805,30.5953,-1.39022,6.94217,2.92376,0.28407,-0.11298,-0.26897
63.92,11.00798,-25.35508,5.56225,3.02707,-1.97273,-0.34903,4.82803,0.57851,-0.96143,1.07961,-0.00864,0.04805,-0.03285,4.45104,1.04178,2.21092,0.40871,0.0784,-0.16454,-0.05039,-244.51953,32.01934,-4.81302,-11.61149,-25.06788,12.07274,2.6087,30.61745,-1.33249,6.9265,2.92193,0.28522,-0.11245,-0.26824
63.94,10.94478,-24.06807,4.7656,2.90613,-1.77402,-0.31841,5.09271,0.42159,-0.96552,1.25825,-0.003,0.03973,-0.0479,4.43006,0.96908,2.20061,0.25819,0.07711,-0.16375,-0.05734,-244.45189,31.68515,-4.71842,-11.50503,-25.06408,12.0748,2.59829,30.63895,-1.28019,6.91218,2.91397,0.28623,-0.11204,-0.26753
63.96,10.97558,-22.78646,3.89171,2.77846,-1.58871,-0.29071,5.3839,0.22888,-1.00022,1.45431,0.00342,0.02863,-0.06484,4.42119,0.84187,2.17462,0.13668,0.07309,-0.16301,-0.05949,-244.39787,31.37068,-4.63093,-11.40908,-25.06084,12.07646,2.5896,30.65725,-1.23555,6.90201,2.90031,0.28692,-0.11177,-0.26696
63.98,10.99044,-21.38719,2.95678,2.63722,-1.4063,-0.26405,5.69767,-0.01388,-1.05213,1.66444,0.01058,0.01497,-0.08367,4.41813,0.66183,2.13432,0.0423,0.06599,-0.16147,-0.05631,-244.35691,31.07122,-4.53171,-11.32502,-25.05778,12.07741,2.57922,30.66833,-1.20854,6.89575,2.87972,0.28728,-0.11172,-0.26654
64,11.13295,-19.86277,1.99999,2.50553,-1.21232,-0.23468,6.07096,-0.24045,-1.12649,1.88313,0.01818,-7e-05,-0.10264,4.43094,0.48171,2.08449,-0.03002,0.05683,-0.15658,-0.04832,-244.30568,30.69907,-4.44298,-11.21428,-25.05458,12.0794,2.57155,30.67799,-1.18167,6.89473,2.85329,0.2872,-0.11186,-0.26633
64.02,11.51366,-18.14686,1.02877,2.40556,-0.99098,-0.19767,6.52699,-0.36903,-1.23153,2.09175,0.02527,-0.01546,-0.11741,4.45749,0.35877,2.02392,-0.08953,0.0459,-0.1451,-0.03535,-244.21902,30.13239,-4.36281,-11.03226,-25.05206,12.08166,2.56922,30.69394,-1.13017,6.90051,2.82307,0.2866,-0.11217,-0.26642
64.04,11.74144,-16.18739,0.03515,2.32739,-0.75825,-0.15698,6.9418,-0.47558,-1.35346,2.25035,0.02934,-0.03137,-0.12465,4.46459,0.25428,1.95376,-0.14486,0.03423,-0.12958,-0.02075,-244.11808,29.49286,-4.29071,-10.82298,-25.04896,12.08452,2.56925,30.70685,-1.07874,6.91157,2.78876,0.28557,-0.11269,-0.26677
64.06,11.58903,-14.08303,-0.9417,2.26302,-0.53,-0.11689,7.2266,-0.61268,-1.47385,2.34332,0.02943,-0.04713,-0.1245,4.44023,0.14288,1.8785,-0.19945,0.02335,-0.11368,-0.00675,-244.02437,28.87931,-4.21494,-10.62555,-25.04548,12.08747,2.56874,30.70982,-1.04475,6.92651,2.75106,0.2842,-0.11347,-0.26732
64.08,11.08947,-11.85157,-1.85606,2.20395,-0.28907,-0.07337,7.37928,-0.71603,-1.57217,2.38187,0.02637,-0.06076,-0.11778,4.37729,0.05607,1.79601,-0.25951,0.01173,-0.09719,0.00996,-243.91044,28.24571,-4.12779,-10.40869,-25.04335,12.08847,2.56858,30.70714,-1.01828,6.94665,2.71089,0.28247,-0.11454,-0.26809
64.1,10.3546,-9.69877,-2.67264,2.19521,-0.06121,-0.03229,7.37868,-0.8287,-1.66314,2.34627,0.01924,-0.0713,-0.10432,4.3034,-0.02799,1.70905,-0.32195,0.00825,-0.07894,0.01538,-243.82246,27.62716,-4.06529,-10.22155,-25.03833,12.09345,2.56826,30.69816,-0.99581,6.96533,2.67282,0.28066,-0.11558,-0.26892
64.12,9.64726,-7.79976,-3.37224,2.28742,0.1187,-6e-05,7.27121,-1.01258,-1.77125,2.23183,0.00824,-0.07924,-0.08606,4.25744,-0.13167,1.62151,-0.38895,0.0237,-0.05849,-0.00649,-243.83534,27.06078,-4.07655,-10.13952,-25.02693,12.10998,2.56582,30.68198,-0.97227,6.97402,2.64197,0.27913,-0.11614,-0.26959
64.14,8.9694,-6.05551,-3.92421,2.4265,0.28102,0.03077,7.10628,-1.17409,-1.85773,2.08717,-0.00328,-0.0839,-0.06716,4.20859,-0.21651,1.53473,-0.47156,0.04763,-0.03729,-0.03907,-243.87551,26.52061,-4.11448,-10.09229,-25.01309,12.13037,2.563,30.66326,-0.94588,6.97805,2.6168,0.27775,-0.11652,-0.27014
64.16,8.24824,-4.40793,-4.29932,2.56485,0.45082,0.06567,6.89857,-1.24398,-1.89231,1.94666,-0.01325,-0.08457,-0.0502,4.13417,-0.26274,1.45303,-0.56702,0.07187,-0.01841,-0.06937,-243.89469,25.98212,-4.13812,-10.03158,-25.00062,12.14812,2.56013,30.64586,-0.91513,6.98136,2.59539,0.27646,-0.11691,-0.2706
64.18,7.53102,-2.86301,-4.49843,2.71081,0.62265,0.10401,6.66984,-1.2343,-1.88341,1.81226,-0.02139,-0.08182,-0.03589,4.04926,-0.28162,1.38354,-0.66997,0.09876,-0.00112,-0.10166,-243.88673,25.40587,-4.17761,-9.94677,-24.9861,12.1695,2.55771,30.63319,-0.86928,6.97889,2.58072,0.27544,-0.11699,-0.27082
64.2,6.93212,-1.58628,-4.50887,2.87148,0.77411,0.14097,6.43735,-1.16974,-1.84238,1.68205,-0.02782,-0.07537,-0.024,3.96307,-0.27692,1.32715,-0.77334,0.12537,0.01356,-0.13234,-243.90993,24.94097,-4.19651,-9.91308,-24.97435,12.18468,2.55404,30.62068,-0.82679,6.9739,2.57054,0.2747,-0.11707,-0.2708
64.22,6.54551,-0.72883,-4.32672,3.05395,0.87998,0.17085,6.21832,-1.07614,-1.78049,1.55267,-0.03278,-0.06505,-0.01399,3.88146,-0.25071,1.27869,-0.87204,0.14851,0.02413,-0.15785,-244.05221,24.74209,-4.14585,-10.034,-24.97263,12.1819,2.54631,30.60355,-0.80993,6.97184,2.56126,0.27416,-0.11764,-0.27061
64.24,6.29189,-0.12278,-3.98049,3.24372,0.95983,0.19743,6.02107,-0.94007,-1.69605,1.43188,-0.03595,-0.0521,-0.00648,3.80613,-0.20837,1.24076,-0.96174,0.16915,0.03237,-0.18034,-244.23142,24.65639,-4.06853,-10.21031,-24.97421,12.17219,2.53672,30.58932,-0.79411,6.96648,2.5562,0.274,-0.11814,-0.27016
64.26,6.08851,0.37721,-3.50006,3.42579,1.03218,0.22389,5.84942,-0.75273,-1.5898,1.32605,-0.03724,-0.03755,-0.00161,3.73643,-0.15561,1.21469,-1.04048,0.1878,0.0399,-0.20066,-244.37857,24.54394,-4.00438,-10.35763,-24.9738,12.16538,2.52743,30.58499,-0.75963,6.95401,2.55745,0.27427,-0.1182,-0.2694
64.28,5.93598,0.78293,-2.91342,3.60783,1.084,0.24754,5.70994,-0.53827,-1.47435,1.22973,-0.03735,-0.02171,0.00169,3.67392,-0.09916,1.19512,-1.11367,0.20395,0.04781,-0.21873,-244.53201,24.38423,-3.94984,-10.51187,-24.97307,12.16035,2.5172,30.59365,-0.71229,6.93842,2.56223,0.27492,-0.11806,-0.26846
64.3,5.85128,0.93963,-2.22502,3.76995,1.118,0.26547,5.6042,-0.30651,-1.35449,1.1456,-0.03618,-0.00555,0.00321,3.62587,-0.03527,1.1856,-1.16555,0.21565,0.05381,-0.23176,-244.66987,24.36841,-3.87058,-10.67141,-24.97448,12.15009,2.50654,30.60515,-0.66116,6.917,2.57442,0.27609,-0.11759,-0.26739
64.32,5.84369,0.69335,-1.44013,3.88932,1.14665,0.27574,5.5326,-0.06303,-1.23291,1.07622,-0.03365,0.01008,0.00282,3.59805,0.04351,1.19079,-1.18263,0.22217,0.05489,-0.23838,-244.73803,24.71043,-3.71782,-10.80849,-24.97935,12.12631,2.49592,30.60659,-0.61537,6.886,2.59856,0.27796,-0.11654,-0.26618
64.34,5.86969,0.26029,-0.62075,3.98272,1.16386,0.28008,5.49835,0.17386,-1.11971,1.01768,-0.03048,0.02502,0.00153,3.58433,0.12643,1.20319,-1.18521,0.22561,0.05414,-0.24188,-244.79205,25.19311,-3.54319,-10.9498,-24.98639,12.09783,2.48508,30.61227,-0.56981,6.85223,2.63115,0.28037,-0.11528,-0.26508
64.36,5.90282,-0.16,0.17199,4.06509,1.16831,0.28118,5.50246,0.39042,-1.02304,0.96764,-0.02728,0.03902,0.00011,3.57931,0.20171,1.21671,-1.18898,0.22743,0.05437,-0.2445,-244.85907,25.60485,-3.37745,-11.09718,-24.99305,12.07147,2.47296,30.63482,-0.51697,6.82094,2.67014,0.2832,-0.11406,-0.26428
64.38,5.92178,-0.60142,0.91378,4.13434,1.16954,0.27965,5.54203,0.58105,-0.94626,0.9233,-0.02449,0.05182,-0.00084,3.58212,0.26779,1.2312,-1.19427,0.22783,0.05493,-0.24622,-244.9071,26.02668,-3.207,-11.23078,-24.99854,12.04493,2.46063,30.66766,-0.45905,6.79051,2.71861,0.28666,-0.11284,-0.26383
64.4,6.00513,-1.01021,1.5805,4.18039,1.16865,0.27591,5.6086,0.74628,-0.88378,0.89793,-0.02089,0.0626,-0.00335,3.59585,0.32653,1.24946,-1.19067,0.22646,0.05463,-0.24634,-244.98875,26.44347,-3.04246,-11.3908,-25.00605,12.01808,2.44755,30.71664,-0.4014,6.76561,2.78011,0.29068,-0.11176,-0.26398
64.42,6.26591,-1.30595,2.15318,4.19608,1.16864,0.27113,5.69198,0.88899,-0.82708,0.90637,-0.01505,0.07072,-0.00977,3.62292,0.38159,1.27501,-1.1663,0.22312,0.05227,-0.24431,-245.16497,26.8199,-2.88832,-11.62099,-25.01977,11.98984,2.43259,30.79,-0.3492,6.75271,2.85886,0.29517,-0.11098,-0.26504
64.44,6.59787,-1.51653,2.62518,4.19498,1.17698,0.26672,5.78746,1.00577,-0.78087,0.93258,-0.00859,0.07699,-0.01764,3.65489,0.42876,1.30289,-1.13536,0.21901,0.04899,-0.24153,-245.37609,27.18527,-2.74547,-11.87598,-25.03552,11.96159,2.41698,30.87651,-0.29332,6.74459,2.95677,0.30047,-0.11034,-0.26678
64.46,6.89317,-1.66144,2.99347,4.18816,1.19635,0.26343,5.88911,1.09545,-0.74933,0.96221,-0.00284,0.08199,-0.0249,3.68415,0.46359,1.32777,-1.11128,0.2151,0.04622,-0.23919,-245.56977,27.543,-2.61357,-12.11155,-25.04907,11.93521,2.40286,30.96594,-0.2244,6.73482,3.07495,0.30683,-0.10966,-0.26893
64.48,7.18529,-1.72087,3.25955,4.17419,1.22567,0.26139,5.98436,1.16199,-0.7278,0.99769,0.00284,0.08564,-0.03257,3.7092,0.48933,1.35035,-1.09001,0.21136,0.04362,-0.2371,-245.80236,27.8497,-2.40804,-12.3684,-25.06716,11.90152,2.38226,31.05975,-0.13987,6.72702,3.21569,0.31412,-0.1091,-0.27159
64.5,7.41913,-1.74593,3.43553,4.1537,1.25773,0.2599,6.07641,1.20705,-0.71421,1.03818,0.00771,0.08806,-0.03958,3.72965,0.50662,1.3694,-1.07369,0.20794,0.04118,-0.23533,-245.9949,28.20813,-2.35278,-12.59382,-25.07673,11.88295,2.37293,31.14342,-0.04255,6.70759,3.37863,0.32266,-0.10815,-0.27426
64.52,7.52389,-1.8058,3.53546,4.12662,1.28531,0.25821,6.17487,1.23329,-0.70774,1.08325,0.01075,0.08913,-0.04443,3.74619,0.515,1.38348,-1.06578,0.20494,0.03903,-0.23395,-246.05127,28.73018,-2.7144,-12.72399,-25.06132,11.90518,2.39477,31.19744,0.06296,6.65923,3.5596,0.3327,-0.10613,-0.27626
64.54,7.54983,-1.85806,3.55499,4.09432,1.30923,0.25675,6.26469,1.24317,-0.70684,1.13057,0.01283,0.08888,-0.04827,3.7571,0.51592,1.39307,-1.06393,0.20234,0.03724,-0.23292,-246.0611,29.30313,-3.21912,-12.81788,-25.03733,11.94167,2.42739,31.22678,0.18063,6.59207,3.75648,0.34358,-0.10352,-0.27773
64.56,7.53664,-1.86788,3.48958,4.05984,1.33147,0.25577,6.33373,1.23803,-0.71109,1.17698,0.01461,0.08751,-0.05189,3.76068,0.50977,1.39835,-1.06743,0.20014,0.036,-0.23231,-246.09303,29.84656,-3.65325,-12.92134,-25.01728,11.97151,2.45527,31.23143,0.31384,6.51342,3.9636,0.35463,-0.10065,-0.27868
64.58,7.46904,-1.87908,3.3485,4.02183,1.35232,0.25497,6.38746,1.22217,-0.71989,1.224,0.01573,0.08496,-0.05479,3.75709,0.49684,1.39954,-1.07727,0.19829,0.03518,-0.23208,-246.13825,30.3828,-4.12147,-13.0332,-24.99471,12.00369,2.4836,31.19649,0.4586,6.41293,4.16892,0.36552,-0.09684,-0.27859
64.6,7.36396,-1.83595,3.12828,3.98535,1.36328,0.25403,6.42106,1.18906,-0.73273,1.26601,0.01649,0.08169,-0.05717,3.75158,0.47557,1.39724,-1.09066,0.19664,0.03501,-0.23209,-246.14859,30.9532,-4.55547,-13.11506,-24.97581,12.03384,2.51333,31.12606,0.61193,6.29504,4.37051,0.37592,-0.09299,-0.27721
64.62,7.24077,-1.68169,2.82895,3.9562,1.35486,0.25251,6.42863,1.13148,-0.74884,1.29683,0.01745,0.07833,-0.05962,3.75029,0.44494,1.39223,-1.10467,0.19502,0.03573,-0.23227,-246.08587,31.60527,-4.87885,-13.13691,-24.96963,12.05893,2.54543,31.02043,0.77409,6.16694,4.56326,0.38541,-0.09011,-0.27416
64.64,7.09995,-1.48609,2.47298,3.9301,1.33633,0.25047,6.41887,1.06033,-0.76739,1.32178,0.01833,0.07477,-0.06182,3.75031,0.40802,1.38556,-1.12052,0.19343,0.03692,-0.23255,-245.98952,32.28909,-5.15569,-13.13507,-24.9675,12.0807,2.57777,30.8693,0.93955,6.01738,4.72792,0.39339,-0.08701,-0.26903
64.66,6.95269,-1.31123,2.08469,3.90461,1.31593,0.24813,6.3996,0.98583,-0.78742,1.34524,0.01897,0.07089,-0.06355,3.74904,0.36802,1.37824,-1.13901,0.19184,0.03824,-0.2329,-245.90854,32.96326,-5.43065,-13.15415,-24.9645,12.1008,2.6078,30.66022,1.10214,5.83961,4.84378,0.39918,-0.08268,-0.26163
64.68,6.80882,-1.15408,1.68049,3.88169,1.29189,0.24536,6.37367,0.90859,-0.8083,1.36661,0.01951,0.06679,-0.06507,3.74879,0.32583,1.37073,-1.15983,0.19019,0.03983,-0.23342,-245.77854,33.7077,-5.81387,-13.13934,-24.95778,12.13354,2.64855,30.36823,1.25876,5.63822,4.89012,0.40218,-0.07728,-0.25185
64.7,6.69199,-0.9923,1.27614,3.86314,1.26307,0.24228,6.33959,0.82945,-0.82715,1.38163,0.0201,0.06354,-0.06623,3.75117,0.28479,1.36495,-1.17798,0.18854,0.0412,-0.23371,-245.69945,34.34234,-5.96056,-13.1839,-24.95876,12.13841,2.66791,30.06529,1.39726,5.41205,4.88719,0.40241,-0.07141,-0.23983
64.72,6.63518,-0.80065,0.88701,3.85118,1.22759,0.23888,6.29577,0.75006,-0.84082,1.38658,0.02092,0.0624,-0.06687,3.75767,0.24861,1.36296,-1.18745,0.187,0.04176,-0.2333,-245.81819,34.65602,-5.45013,-13.42678,-24.98052,12.06599,2.62482,29.81728,1.50085,5.15612,4.85822,0.39936,-0.06557,-0.22548
64.74,6.62572,-0.62035,0.53317,3.84424,1.18809,0.23522,6.24986,0.67556,-0.84942,1.38565,0.02195,0.06257,-0.06736,3.76768,0.21742,1.3637,-1.19257,0.18559,0.04199,-0.23269,-245.98943,34.85188,-4.70175,-13.73225,-25.01023,11.96463,2.55954,29.52809,1.56413,4.87106,4.75866,0.39116,-0.0591,-0.20831
64.76,6.659,-0.49055,0.23173,3.84125,1.14725,0.23136,6.20863,0.61062,-0.85329,1.38281,0.02313,0.06335,-0.06794,3.78012,0.19159,1.3662,-1.19687,0.18433,0.04225,-0.23227,-246.09087,35.08725,-4.06113,-13.99086,-25.03464,11.87622,2.50586,29.1387,1.58322,4.57266,4.56176,0.37777,-0.052,-0.18933
64.78,6.7697,-0.38342,-0.01178,3.84453,1.10263,0.2271,6.17375,0.55511,-0.85207,1.37852,0.02457,0.06516,-0.06867,3.7959,0.17256,1.37115,-1.19693,0.18323,0.04222,-0.23178,-246.22387,35.32413,-3.38897,-14.31843,-25.05763,11.78458,2.448,28.65249,1.53741,4.27241,4.27663,0.35903,-0.0448,-0.16922
64.8,6.8902,-0.33337,-0.19103,3.84857,1.06139,0.22314,6.14146,0.51194,-0.84342,1.36809,0.02601,0.06793,-0.06925,3.81298,0.1598,1.37741,-1.1961,0.18252,0.04233,-0.23155,-246.2179,35.48223,-2.69829,-14.50652,-25.0807,11.68945,2.39317,28.12862,1.42602,3.96914,3.92183,0.33523,-0.03797,-0.14863
64.82,6.93977,-0.38707,-0.30288,3.8474,1.03224,0.22032,6.10712,0.48381,-0.82494,1.34606,0.02717,0.07151,-0.06933,3.82881,0.15146,1.38336,-1.19926,0.18253,0.04304,-0.23206,-245.86617,35.51278,-2.08508,-14.30465,-25.10394,11.60005,2.35752,27.62268,1.24912,3.66441,3.52397,0.30681,-0.03226,-0.12851
64.84,6.98877,-0.4818,-0.35848,3.8455,1.00879,0.21806,6.07533,0.46653,-0.8002,1.31767,0.02808,0.07586,-0.06901,3.84551,0.1474,1.38956,-1.20151,0.18297,0.04398,-0.23282,-245.38018,35.4734,-1.45614,-13.96783,-25.12756,11.50706,2.3252,27.07551,0.97647,3.38377,3.0813,0.27417,-0.02795,-0.1099
64.86,7.0911,-0.57302,-0.36994,3.84658,0.98512,0.21578,6.04974,0.45587,-0.77269,1.28784,0.02883,0.08082,-0.06845,3.86437,0.14689,1.39615,-1.19935,0.18363,0.04481,-0.23346,-244.92008,35.4403,-0.79254,-13.69215,-25.15002,11.41129,2.28854,26.46057,0.59653,3.15378,2.60092,0.23836,-0.02536,-0.09373
64.88,7.22352,-0.68135,-0.34398,3.84969,0.96236,0.21372,6.02784,0.45054,-0.74205,1.25485,0.02938,0.0863,-0.06762,3.88402,0.14726,1.40244,-1.1947,0.18469,0.04543,-0.23404,-244.43811,35.45572,-0.23986,-13.41706,-25.17123,11.33112,2.26246,25.83017,0.12023,2.99187,2.12536,0.20102,-0.02546,-0.08127
64.9,7.32001,-0.74999,-0.30131,3.84984,0.94642,0.21216,6.0049,0.44726,-0.71245,1.21798,0.02921,0.09165,-0.0659,3.9033,0.14829,1.40675,-1.18722,0.18567,0.04658,-0.23455,-243.94215,35.38568,0.54664,-13.11226,-25.19667,11.21717,2.21528,25.24044,-0.4499,2.89178,1.63943,0.1651,-0.02714,-0.07248
64.92,7.31488,-0.71475,-0.26344,3.84139,0.94347,0.21127,5.97477,0.44194,-0.68822,1.17693,0.0278,0.09615,-0.06275,3.92133,0.1509,1.40761,-1.17521,0.18599,0.04903,-0.23487,-243.46346,35.08138,1.9865,-12.75767,-25.23293,11.01951,2.10622,24.75823,-1.08617,2.84636,1.13119,0.13409,-0.02936,-0.06712
64.94,7.22844,-0.62112,-0.22855,3.82884,0.94874,0.21112,5.93868,0.43444,-0.66748,1.13184,0.02563,0.1001,-0.05868,3.93591,0.15176,1.40542,-1.16115,0.186,0.0519,-0.23498,-243.0432,34.72109,3.6518,-12.38575,-25.27608,10.78727,1.97538,24.4407,-1.75328,2.88487,0.67255,0.11024,-0.03408,-0.06706
64.96,7.08769,-0.50834,-0.19296,3.81626,0.95734,0.21165,5.89749,0.42457,-0.64824,1.08359,0.02316,0.10378,-0.05419,3.94552,0.14886,1.40082,-1.14652,0.186,0.05444,-0.23485,-242.71784,34.44854,5.20812,-12.03095,-25.32453,10.56746,1.85356,24.34863,-2.43495,3.03441,0.33126,0.09609,-0.04276,-0.0744
64.98,6.87574,-0.37413,-0.15975,3.80048,0.97052,0.21263,5.84512,0.40902,-0.62973,1.03226,0.02038,0.10706,-0.04924,3.95014,0.14462,1.39401,-1.1287,0.18584,0.05676,-0.23434,-242.49055,34.23694,6.75791,-11.66437,-25.38465,10.38208,1.72996,24.55888,-3.12123,3.30514,0.14513,0.09479,-0.05549,-0.09044
65,6.52156,-0.15911,-0.13796,3.78354,0.99333,0.21533,5.79042,0.3937,-0.61672,0.97765,0.01712,0.10968,-0.04367,3.94476,0.13552,1.38362,-1.1169,0.18521,0.0591,-0.2338,-242.51561,34.0712,8.33419,-11.35244,-25.4543,10.13143,1.60305,24.93589,-3.78148,3.58738,0.00338,0.09679,-0.06555,-0.10548
65.02,5.95529,0.20103,-0.13599,3.76908,1.0301,0.22108,5.74454,0.38617,-0.61428,0.91957,0.0132,0.11152,-0.03729,3.9243,0.11807,1.36793,-1.12182,0.18354,0.06201,-0.23356,-242.90601,33.9318,10.00694,-11.13154,-25.53789,9.69983,1.46417,25.28658,-4.37515,3.76012,-0.22657,0.08989,-0.0659,-0.10925
65.04,5.22081,0.64064,-0.14157,3.75261,1.07729,0.22858,5.69723,0.37973,-0.61597,0.8589,0.00901,0.11289,-0.03051,3.89232,0.09823,1.34893,-1.13479,0.18116,0.06504,-0.23321,-243.63128,33.84886,11.69901,-10.97064,-25.62965,9.20213,1.31823,25.84298,-4.90991,3.93968,-0.38983,0.08715,-0.06344,-0.11405
65.06,4.37351,1.09325,-0.14161,3.73114,1.13028,0.23658,5.64084,0.36941,-0.61608,0.79652,0.0049,0.11412,-0.02373,3.85338,0.08206,1.32917,-1.1492,0.17848,0.06787,-0.23261,-244.62611,33.83404,13.3598,-10.81647,-25.73469,8.73949,1.16973,26.61301,-5.39778,4.13889,-0.42526,0.08663,-0.0587,-0.1211
65.08,3.4321,1.58,-0.13949,3.70738,1.1872,0.24518,5.57782,0.3569,-0.61634,0.73206,0.00076,0.11522,-0.0168,3.80843,0.07183,1.30809,-1.16831,0.17479,0.07174,-0.2319,-245.83519,33.8263,15.2168,-10.61849,-25.89568,8.28147,0.99196,27.59935,-5.82345,4.30842,-0.32228,0.08914,-0.05084,-0.13004
65.1,2.32432,2.09277,-0.13963,3.67631,1.25525,0.25457,5.51805,0.34421,-0.61707,0.66908,-0.00313,0.11607,-0.0102,3.75615,0.0602,1.2882,-1.1937,0.17187,0.07412,-0.23141,-247.51285,33.93454,16.73631,-10.57182,-25.99368,7.80499,0.84854,28.766,-6.18224,4.47697,-0.16723,0.0927,-0.03934,-0.14039
65.12,0.96837,2.6123,-0.14782,3.63163,1.34274,0.26498,5.47163,0.3339,-0.61821,0.61102,-0.00646,0.11657,-0.00448,3.69543,0.03735,1.2731,-1.2264,0.17236,0.07155,-0.23188,-249.86055,34.22954,17.37518,-10.85967,-25.87379,7.2742,0.79356,30.0309,-6.46402,4.69266,-0.07073,0.09462,-0.02364,-0.1507
65.14,-0.50531,3.15233,-0.17447,3.5801,1.43795,0.27551,5.4323,0.32286,-0.62058,0.557,-0.00942,0.11679,0.0007,3.63319,0.01053,1.26046,-1.26319,0.17402,0.06722,-0.23291,-252.4394,34.55816,17.67302,-11.26241,-25.6518,6.71827,0.75797,31.34807,-6.65978,4.88284,0.04482,0.09759,-0.00503,-0.16041
65.16,-1.97804,3.70976,-0.22984,3.52732,1.53113,0.28541,5.39473,0.3082,-0.6246,0.5065,-0.01217,0.11681,0.00555,3.57492,-0.01529,1.24827,-1.3016,0.17506,0.06384,-0.23407,-254.83524,34.79347,18.12438,-11.5911,-25.43081,6.1637,0.68813,32.6979,-6.76613,4.97755,0.26013,0.10717,0.01395,-0.17002
65.18,-3.46796,4.27949,-0.32447,3.47124,1.62655,0.29505,5.36271,0.29199,-0.6311,0.45943,-0.01463,0.11651,0.00998,3.51874,-0.04654,1.23706,-1.34185,0.17652,0.05971,-0.23544,-256.75131,34.86441,18.79346,-11.72553,-25.14104,5.54881,0.56414,34.01595,-6.77539,4.96365,0.54289,0.12839,0.03146,-0.17897
65.2,-4.9006,4.8814,-0.47056,3.41439,1.71662,0.30335,5.3388,0.26854,-0.6412,0.42369,-0.01658,0.11568,0.01344,3.47246,-0.0821,1.22613,-1.38124,0.17752,0.05676,-0.23683,-258.17828,34.91487,18.95392,-12.05603,-24.74233,4.99082,0.49523,35.2262,-6.7108,4.89889,0.84646,0.16838,0.03974,-0.187
65.22,-6.20992,5.53697,-0.67937,3.36035,1.79356,0.30928,5.32511,0.23014,-0.65611,0.40725,-0.01784,0.11416,0.0154,3.44482,-0.11967,1.21464,-1.41803,0.17698,0.05772,-0.23811,-259.12636,35.14144,17.70969,-13.0736,-24.17337,4.62334,0.62137,36.24224,-6.59341,4.85711,1.12036,0.23712,0.02794,-0.19466
65.24,-7.41203,6.21438,-0.94315,3.30758,1.8635,0.31385,5.32018,0.1833,-0.67596,0.40321,-0.0186,0.112,0.01636,3.42849,-0.16262,1.20298,-1.45308,0.17594,0.06023,-0.23924,-258.62201,35.25047,15.84796,-14.1893,-23.40978,4.30536,0.81259,37.05754,-6.41207,4.79066,1.4069,0.35074,-0.0079,-0.20595
65.26,-8.52254,6.88423,-1.24789,3.25528,1.93022,0.31783,5.32182,0.13433,-0.69986,0.40457,-0.01909,0.10934,0.01683,3.41686,-0.21226,1.19145,-1.48687,0.17518,0.0624,-0.24025,-255.66408,34.94236,14.14244,-14.88435,-22.41432,3.90772,0.94987,37.70131,-6.1767,4.65682,1.75039,0.52896,-0.07243,-0.22552
65.28,-9.58504,7.5319,-1.58372,3.20411,1.99239,0.32111,5.33062,0.08241,-0.72641,0.4105,-0.01938,0.10639,0.01696,3.41047,-0.26745,1.17986,-1.51973,0.17445,0.06477,-0.24113,-249.84473,34.20581,12.32086,-15.33685,-21.02956,3.42185,1.07384,33.84072,-5.4506,3.34448,1.5023,0.40415,-0.16295,-0.15236
65.3,-10.4396,8.16098,-1.93175,3.15682,2.04316,0.32283,5.34398,0.02948,-0.75654,0.42464,-0.01935,0.10293,0.01639,3.41055,-0.32207,1.16864,-1.54681,0.17354,0.06744,-0.24162,-240.04071,32.94424,10.46191,-15.16935,-19.44437,2.95701,1.16692,23.68965,-3.94841,0.42063,1.17034,-0.18621,-0.3016,0.03672
65.32,-10.90525,8.79349,-2.27147,3.1156,2.07557,0.32209,5.35827,-0.02189,-0.79119,0.45121,-0.01887,0.09872,0.01466,3.41879,-0.36918,1.1584,-1.56256,0.1723,0.07046,-0.24143,-225.18483,31.05992,8.73436,-13.98201,-17.89279,2.61076,1.22132,10.37393,-1.96226,-3.43377,1.54259,-0.96287,-0.50677,0.27318
65.34,-11.19701,9.38902,-2.58903,3.07853,2.09617,0.31988,5.37375,-0.06972,-0.82595,0.48128,-0.01825,0.09446,0.0126,3.43019,-0.41106,1.14869,-1.57251,0.17093,0.07354,-0.24091,-205.38676,28.49025,7.1743,-12.10039,-15.9939,2.22622,1.24467,-6.451,0.55888,-8.54951,2.70659,-1.94487,-0.77879,0.5722
65.36,-11.50385,9.92804,-2.87626,3.04376,2.11261,0.31733,5.38995,-0.11306,-0.85745,0.507,-0.0178,0.09069,0.01093,3.43969,-0.45046,1.13907,-1.58149,0.1697,0.07634,-0.24037,-180.88495,25.20873,5.83108,-9.73347,-13.50067,1.68886,1.22533,-26.30651,3.60268,-14.85147,5.26711,-3.08448,-1.12853,0.90182
65.38,-11.7839,10.46585,-3.13157,3.01079,2.12558,0.31452,5.40339,-0.15303,-0.88595,0.53065,-0.01746,0.08733,0.00942,3.44814,-0.48512,1.12945,-1.58694,0.16837,0.07913,-0.23967,-151.93375,21.2654,4.70841,-6.82542,-10.56977,1.03719,1.16008,-48.21303,7.11225,-22.24241,9.81745,-4.31625,-1.555,1.23674
65.4,-12.06425,10.9051,-3.33029,2.9819,2.13397,0.31166,5.41454,-0.18451,-0.90925,0.54603,-0.0175,0.08464,0.00867,3.45154,-0.51385,1.12022,-1.59263,0.16744,0.08143,-0.23913,-119.78804,16.83846,4.03947,-3.5282,-7.2524,0.31974,1.04449,-71.70744,10.98574,-30.5594,15.73005,-5.63853,-2.02358,1.59434
65.42,-12.37817,11.12527,-3.44723,2.95955,2.13668,0.309,5.42535,-0.20184,-0.92538,0.54576,-0.01825,0.08292,0.00944,3.44518,-0.53639,1.11178,-1.60385,0.16756,0.08264,-0.2392,-86.49205,12.2297,3.88123,-0.05541,-3.71033,-0.40852,0.88538,-97.22194,15.10874,-39.6086,20.76596,-7.15472,-2.46182,2.05399
65.44,-12.71684,11.2635,-3.50959,2.94027,2.1382,0.30688,5.43246,-0.21146,-0.93622,0.53637,-0.01944,0.08188,0.01105,3.43316,-0.55361,1.10367,-1.61639,0.16812,0.08341,-0.23952,-54.42761,7.75437,3.93411,3.29219,-0.3529,-1.10974,0.70554,-122.5477,19.21081,-48.76909,24.97303,-8.72886,-2.8376,2.56956
65.46,-13.08524,11.42704,-3.54294,2.92078,2.14238,0.30555,5.43367,-0.21921,-0.94361,0.5233,-0.02081,0.08129,0.01296,3.41911,-0.56717,1.0954,-1.62735,0.16859,0.08425,-0.23983,-25.60799,3.70018,4.03071,6.26186,2.54769,-1.74267,0.52252,-144.62511,22.9781,-57.23915,29.54943,-10.14335,-3.14565,3.0399
65.48,-13.46044,11.58477,-3.54512,2.90199,2.14843,0.30501,5.43058,-0.22499,-0.94889,0.50551,-0.02247,0.08095,0.01534,3.40295,-0.57819,1.08727,-1.63846,0.1692,0.08494,-0.24025,-1.2117,0.25634,4.13654,8.71777,4.89157,-2.26329,0.33944,-163.04181,26.33006,-64.8551,33.84384,-11.4417,-3.34569,3.49887
65.5,-13.8788,11.73618,-3.52601,2.88309,2.15724,0.30546,5.42321,-0.22781,-0.95062,0.48453,-0.02419,0.08112,0.01791,3.3856,-0.58655,1.07918,-1.64898,0.16972,0.08576,-0.24066,18.20582,-2.49491,4.24222,10.46461,6.5765,-2.63791,0.19353,-178.07196,29.12394,-71.24045,37.23434,-12.56896,-3.4393,3.91263
65.52,-14.39729,11.89084,-3.49907,2.86282,2.17042,0.30711,5.41134,-0.22705,-0.94702,0.46208,-0.02571,0.08209,0.02037,3.3681,-0.59237,1.07087,-1.65789,0.16983,0.08712,-0.24086,32.78793,-4.50724,4.27452,11.51018,7.61467,-2.86435,0.13235,-190.3762,31.21428,-75.9918,39.17874,-13.4323,-3.45241,4.21931
65.54,-14.92497,12.05604,-3.46617,2.84286,2.18669,0.30977,5.39723,-0.22571,-0.94239,0.4395,-0.02718,0.08322,0.02279,3.35186,-0.59767,1.06283,-1.66583,0.16973,0.08869,-0.24093,43.04467,-5.83493,4.15754,11.9643,8.09771,-2.95154,0.12422,-199.98076,32.75428,-79.51065,40.04369,-14.16315,-3.36252,4.48844
65.56,-15.39231,12.24271,-3.43032,2.82443,2.20467,0.31321,5.38268,-0.22644,-0.94003,0.41839,-0.02865,0.08398,0.02513,3.33815,-0.60407,1.05543,-1.67311,0.16955,0.09024,-0.24093,46.41899,-6.16064,3.86421,11.53347,7.84121,-2.83814,0.14283,-206.73642,33.91636,-82.20273,40.51445,-14.86752,-3.15956,4.77414
65.58,-15.85505,12.44508,-3.39838,2.8065,2.22468,0.31735,5.36803,-0.22947,-0.9387,0.39861,-0.03,0.08449,0.02731,3.32706,-0.61215,1.04858,-1.6801,0.16916,0.09189,-0.2408,45.36163,-5.84087,3.44889,10.37923,7.04759,-2.56454,0.16312,-211.38738,34.76331,-84.13148,40.4451,-15.52988,-2.87563,5.06148
65.6,-16.15091,12.69016,-3.37231,2.79377,2.24549,0.3222,5.35534,-0.23416,-0.94138,0.38535,-0.03114,0.08446,0.02897,3.32005,-0.62073,1.0429,-1.68404,0.1686,0.09351,-0.24046,44.02534,-5.46302,2.91619,9.00817,6.08438,-2.21838,0.19911,-214.38469,35.3188,-85.50173,40.0614,-16.20311,-2.50621,5.37769
65.62,-16.10956,13.01528,-3.35387,2.79043,2.26633,0.32781,5.34733,-0.23981,-0.95192,0.38412,-0.03205,0.08349,0.02978,3.31801,-0.62836,1.03871,-1.68212,0.16789,0.09491,-0.23978,42.59838,-5.06523,2.2538,7.58278,5.03644,-1.82384,0.266,-215.99024,35.59883,-86.52784,39.74048,-16.92012,-2.04337,5.74531
65.64,-15.87695,13.37886,-3.34304,2.79402,2.28661,0.33375,5.34294,-0.24675,-0.96597,0.39084,-0.03262,0.08201,0.02987,3.31974,-0.63567,1.03599,-1.67665,0.16707,0.09617,-0.23888,41.14009,-4.66344,1.56569,6.17717,3.99771,-1.4225,0.30837,-216.67292,35.69617,-87.24412,39.38988,-17.58606,-1.5626,6.11019
65.66,-15.58891,13.74589,-3.33876,2.80207,2.30602,0.33963,5.34151,-0.25504,-0.98006,0.40149,-0.03282,0.08037,0.02944,3.32389,-0.64332,1.03455,-1.66986,0.16619,0.09732,-0.2379,39.69827,-4.27404,0.94192,4.85125,3.04485,-1.05171,0.30383,-216.73407,35.70581,-87.70516,39.01484,-18.12287,-1.12624,6.42941
65.68,-15.26789,14.13393,-3.3421,2.81316,2.32568,0.34541,5.34501,-0.26311,-0.99559,0.41604,-0.03274,0.07857,0.02856,3.32817,-0.65082,1.03321,-1.66209,0.16523,0.09845,-0.23679,38.34431,-3.91757,0.40809,3.67191,2.22381,-0.73078,0.2689,-216.2767,35.66907,-87.99986,38.84554,-18.50824,-0.73583,6.6987
65.7,-14.73961,14.50105,-3.33368,2.83586,2.34079,0.35077,5.34968,-0.27086,-1.00797,0.43629,-0.0321,0.07691,0.02687,3.33662,-0.65501,1.03509,-1.64982,0.1645,0.09905,-0.23566,37.1632,-3.60907,-0.06976,2.70948,1.55285,-0.46603,0.22357,-215.74585,35.54208,-88.18885,38.61002,-18.80196,-0.41543,6.92074
65.72,-13.80914,14.79905,-3.28988,2.87961,2.3453,0.35536,5.35037,-0.2785,-1.01149,0.46406,-0.03055,0.07581,0.02398,3.35413,-0.65265,1.0439,-1.62899,0.1644,0.0984,-0.23469,36.21349,-3.35442,-0.53478,2.0132,1.0314,-0.25767,0.17699,-215.59696,35.26176,-88.3503,37.9722,-19.08251,-0.18229,7.10285
65.74,-12.71311,15.05138,-3.21697,2.93426,2.3438,0.35921,5.35067,-0.28305,-1.00931,0.49444,-0.02851,0.07523,0.0205,3.37357,-0.64468,1.05529,-1.6037,0.16467,0.09717,-0.23374,35.41278,-3.15387,-0.93949,1.5225,0.64704,-0.10471,0.12635,-215.59314,34.94008,-88.4987,37.286,-19.29852,-0.01452,7.24104
65.76,-11.66555,15.28171,-3.12162,2.99049,2.34085,0.36241,5.35304,-0.28276,-1.00414,0.52272,-0.02638,0.07513,0.01702,3.389,-0.63243,1.06553,-1.57767,0.16508,0.09592,-0.23272,34.68926,-3.00673,-1.24714,1.17637,0.38046,-0.00101,0.07668,-215.52999,34.65775,-88.63836,36.82872,-19.40775,0.10753,7.33491
65.78,-10.61093,15.50823,-2.99962,3.04985,2.33569,0.365,5.35398,-0.27982,-0.99506,0.54976,-0.02416,0.07554,0.0135,3.40191,-0.61654,1.07544,-1.5493,0.16594,0.09415,-0.23177,34.04863,-2.91353,-1.47788,0.97291,0.20991,0.06294,0.03532,-215.5832,34.38338,-88.8933,36.49582,-19.44661,0.20212,7.40687
65.8,-9.59133,15.64653,-2.83641,3.11156,2.32665,0.36668,5.35423,-0.26899,-0.98039,0.57064,-0.02197,0.07668,0.01028,3.41156,-0.59208,1.0846,-1.51996,0.16671,0.09282,-0.23064,33.45793,-2.87834,-1.659,0.87205,0.11314,0.0979,0.00564,-215.66339,34.14845,-88.99298,36.18892,-19.44932,0.23976,7.43428
65.82,-8.66676,15.59914,-2.621,3.17372,2.313,0.36723,5.35627,-0.24439,-0.95888,0.58001,-0.01999,0.07876,0.0078,3.41666,-0.5545,1.09249,-1.49191,0.16669,0.09317,-0.22897,32.88501,-2.90636,-1.81457,0.83402,0.07012,0.1141,-0.01166,-215.61087,33.98699,-88.59306,35.84308,-19.4444,0.18393,7.38638
65.84,-7.8206,15.46847,-2.37619,3.23404,2.29673,0.36683,5.35627,-0.21392,-0.93378,0.5815,-0.01834,0.08139,0.006,3.41903,-0.51047,1.09912,-1.46422,0.16646,0.09408,-0.22715,32.12602,-2.95768,-1.90567,0.79035,0.04616,0.11754,-0.02134,-215.57257,33.86654,-88.03294,35.49202,-19.42913,0.08574,7.30616
65.86,-7.05012,15.34133,-2.12607,3.29014,2.27997,0.36571,5.3523,-0.18404,-0.90844,0.57848,-0.01712,0.08421,0.00483,3.41994,-0.46615,1.10463,-1.43668,0.16643,0.09472,-0.22548,31.36036,-3.05173,-1.94023,0.78938,0.0429,0.11087,-0.02328,-215.64248,33.75981,-87.59898,35.19407,-19.39587,-0.00987,7.22942
65.88,-6.36876,15.19652,-1.88027,3.34136,2.26367,0.36408,5.34763,-0.15343,-0.88345,0.57057,-0.01637,0.08714,0.00435,3.41861,-0.4227,1.10957,-1.41099,0.1663,0.09558,-0.22375,30.73789,-3.21767,-1.95208,0.87744,0.06349,0.09841,-0.01698,-215.73988,33.66263,-87.1841,34.96593,-19.35444,-0.10947,7.14862
65.9,-5.78638,15.01836,-1.64901,3.38556,2.24455,0.36121,5.33734,-0.12572,-0.86112,0.55698,-0.01629,0.08998,0.00481,3.42039,-0.37942,1.11399,-1.38721,0.16601,0.09624,-0.2224,30.20394,-3.44015,-1.95289,1.01024,0.09625,0.08449,-0.00491,-215.92628,33.59978,-86.76309,34.64789,-19.31864,-0.2192,7.06587
65.92,-5.31253,14.79384,-1.44341,3.42064,2.2192,0.35632,5.31593,-0.10541,-0.84386,0.5371,-0.01706,0.09251,0.00642,3.43177,-0.33549,1.11757,-1.3657,0.16541,0.09638,-0.22195,29.71136,-3.69826,-1.95193,1.14606,0.13244,0.07173,0.01016,-216.28212,33.60245,-86.30463,34.05704,-19.30181,-0.35012,6.98151
65.94,-4.92917,14.54616,-1.28038,3.44765,2.1916,0.35045,5.29089,-0.0913,-0.83241,0.51438,-0.01851,0.09455,0.00885,3.44893,-0.29581,1.12205,-1.34754,0.16453,0.09625,-0.22198,29.24824,-3.98815,-1.94293,1.30172,0.16817,0.06009,0.02567,-216.71578,33.62697,-85.82246,33.36293,-19.2958,-0.4875,6.89812
65.96,-4.6233,14.30293,-1.17502,3.46717,2.16555,0.34455,5.26851,-0.08244,-0.82722,0.49195,-0.02044,0.09596,0.01177,3.46847,-0.26459,1.12836,-1.33452,0.16345,0.0962,-0.2222,28.80477,-4.30882,-1.91962,1.49257,0.20105,0.0496,0.03988,-217.14542,33.64976,-85.37122,32.72971,-19.28967,-0.61691,6.82131
65.98,-4.38033,14.04732,-1.1311,3.47906,2.14028,0.33844,5.24854,-0.07927,-0.82779,0.47067,-0.02265,0.0968,0.01495,3.49325,-0.24071,1.13509,-1.32853,0.16159,0.09702,-0.22266,28.36096,-4.65383,-1.88652,1.70883,0.22902,0.04084,0.05171,-217.58837,33.71499,-84.88867,32.08137,-19.2917,-0.75616,6.74407
66,-4.20922,13.80447,-1.1562,3.48293,2.11435,0.33233,5.23017,-0.08385,-0.83706,0.45249,-0.02534,0.09669,0.01854,3.52158,-0.22679,1.14589,-1.3259,0.16059,0.09649,-0.22373,27.90421,-4.98992,-1.84698,1.92165,0.2507,0.03354,0.06055,-218.08824,33.724,-84.45342,31.42935,-19.29357,-0.86895,6.68294
66.02,-4.12254,13.60026,-1.2543,3.47864,2.08581,0.3264,5.2124,-0.09771,-0.85821,0.43889,-0.02875,0.09527,0.02286,3.5501,-0.22592,1.16506,-1.32165,0.16263,0.09177,-0.22577,27.43462,-5.2805,-1.80884,2.10357,0.26563,0.02722,0.06634,-218.65288,33.56117,-84.27057,30.86719,-19.26701,-0.92566,6.65797
66.04,-4.08252,13.40926,-1.41634,3.46759,2.0563,0.32064,5.19851,-0.11788,-0.88638,0.43073,-0.0323,0.09308,0.02719,3.58112,-0.23523,1.18726,-1.31923,0.16542,0.08564,-0.22794,26.9676,-5.54265,-1.77511,2.27664,0.2751,0.02207,0.06942,-219.28432,33.33878,-84.11486,30.28726,-19.24228,-0.95321,6.65054
66.06,-4.0569,13.2076,-1.62973,3.45175,2.02748,0.31512,5.19172,-0.14095,-0.91707,0.42822,-0.03543,0.09062,0.03092,3.61614,-0.25172,1.20844,-1.32174,0.16744,0.0804,-0.22988,26.51616,-5.79598,-1.74983,2.46262,0.28052,0.01844,0.07045,-219.93396,33.14591,-83.85125,29.67071,-19.23056,-0.98259,6.6429
66.08,-4.05779,12.98332,-1.88135,3.43302,1.99753,0.30966,5.19149,-0.1652,-0.95071,0.42951,-0.03829,0.08795,0.03432,3.65314,-0.27447,1.22992,-1.32554,0.1698,0.07443,-0.23165,26.08422,-6.03542,-1.74633,2.65894,0.2826,0.0167,0.07025,-220.50769,32.94215,-83.85012,29.22598,-19.17227,-1.05863,6.63745
66.1,-4.01522,12.79309,-2.16294,3.41185,1.96909,0.30481,5.19914,-0.1919,-0.98346,0.4405,-0.04026,0.08517,0.03648,3.69267,-0.30281,1.25023,-1.33105,0.17134,0.0696,-0.23308,25.72149,-6.24656,-1.7553,2.84986,0.28287,0.01562,0.06967,-221.34698,32.71834,-83.23183,28.36336,-19.21661,-1.03758,6.6448
66.12,-3.85727,12.71045,-2.46658,3.38779,1.94612,0.30119,5.21539,-0.22293,-1.01157,0.46754,-0.04075,0.08233,0.03646,3.73547,-0.33586,1.2676,-1.34002,0.17072,0.06842,-0.23439,25.47747,-6.41803,-1.76579,3.01447,0.28167,0.01382,0.06946,-222.73627,32.46363,-80.93166,26.50143,-19.51976,-0.72128,6.67294
66.14,-3.63273,12.6753,-2.76643,3.36538,1.92527,0.29826,5.23803,-0.2539,-1.03588,0.50269,-0.0402,0.07966,0.03508,3.77837,-0.37025,1.28295,-1.34872,0.16947,0.06853,-0.23556,25.35122,-6.56696,-1.80453,3.1718,0.28041,0.013,0.07072,-224.44278,32.18161,-77.98286,24.19027,-19.91303,-0.30558,6.6971
66.16,-3.38478,12.63825,-3.03765,3.34824,1.90432,0.29563,5.26461,-0.28062,-1.05677,0.53846,-0.03907,0.07739,0.03312,3.81851,-0.40255,1.29683,-1.35413,0.16865,0.06814,-0.23645,25.32704,-6.7141,-1.89046,3.34335,0.2802,0.01433,0.07409,-226.16292,31.86383,-75.24755,21.95538,-20.26103,0.05169,6.70798
66.18,-3.1055,12.63075,-3.26657,3.3362,1.88483,0.29357,5.29204,-0.30223,-1.07372,0.57394,-0.03761,0.07553,0.03092,3.85529,-0.43088,1.30935,-1.35528,0.16766,0.06794,-0.23705,25.40451,-6.88331,-2.0259,3.53733,0.2816,0.01737,0.08019,-227.54226,31.48311,-72.45237,20.02708,-20.54319,0.49762,6.71935
66.2,-2.74145,12.65282,-3.43562,3.3345,1.86808,0.29248,5.32051,-0.32021,-1.08195,0.61124,-0.03507,0.07437,0.02734,3.88588,-0.45393,1.31871,-1.3529,0.16685,0.06782,-0.23721,25.63523,-7.01922,-2.19332,3.71624,0.28516,0.02162,0.08845,-229.75407,31.10707,-69.5053,17.28983,-20.9418,0.79619,6.69683
66.22,-2.21493,12.71256,-3.53159,3.3491,1.85489,0.29269,5.34908,-0.33868,-1.07685,0.65427,-0.03048,0.07411,0.02086,3.90865,-0.47041,1.32325,-1.34682,0.16672,0.06745,-0.23669,26.07844,-7.05368,-2.3696,3.8412,0.29139,0.02652,0.09787,-234.28908,30.75559,-66.23854,12.30633,-21.69972,0.65092,6.59788
66.24,-1.60799,12.8142,-3.54886,3.37493,1.84706,0.29434,5.37205,-0.35378,-1.06245,0.69547,-0.02518,0.07471,0.01344,3.92262,-0.47913,1.32454,-1.33646,0.16678,0.06708,-0.23572,26.65741,-7.06869,-2.56288,3.95243,0.30028,0.03184,0.10873,-239.58145,30.38208,-62.88574,6.54717,-22.56331,0.35686,6.482
66.26,-0.97632,12.94627,-3.48254,3.40774,1.84355,0.29717,5.38371,-0.36208,-1.04187,0.72906,-0.02032,0.07601,0.00674,3.92772,-0.47824,1.3244,-1.32029,0.16672,0.06668,-0.23445,27.29049,-7.13103,-2.7796,4.08527,0.3115,0.03752,0.12121,-244.38121,29.95578,-59.63958,1.20171,-23.33554,0.14366,6.37822
66.28,-0.23939,13.13905,-3.33655,3.44735,1.84116,0.30066,5.37708,-0.37004,-1.01404,0.76034,-0.0154,0.07776,-0.00021,3.92746,-0.46597,1.32332,-1.29433,0.16651,0.06603,-0.23261,27.96874,-7.2132,-3.00064,4.23491,0.32483,0.04327,0.13438,-249.5084,29.37215,-56.00325,-4.59128,-24.16792,-0.07065,6.25987
66.3,0.442,13.26418,-3.10798,3.49255,1.84595,0.30564,5.365,-0.36498,-0.97905,0.77796,-0.0114,0.0806,-0.0056,3.91172,-0.44595,1.31943,-1.27079,0.16659,0.06542,-0.23092,28.6541,-7.33109,-3.21469,4.36758,0.33962,0.04798,0.14745,-253.86665,29.00574,-53.20032,-9.61115,-24.84346,-0.29437,6.17241
66.32,0.87625,13.15683,-2.79674,3.54188,1.86397,0.31281,5.36511,-0.33028,-0.93689,0.76851,-0.00945,0.08528,-0.0073,3.86921,-0.42327,1.31065,-1.26531,0.1675,0.06523,-0.23035,29.29453,-7.50684,-3.41337,4.44051,0.35483,0.0503,0.15968,-256.14425,29.33605,-52.70671,-12.4201,-25.09281,-0.53682,6.17276
66.34,1.25164,12.9351,-2.43456,3.59145,1.88312,0.31977,5.35955,-0.28367,-0.89006,0.74726,-0.00841,0.09055,-0.00751,3.81522,-0.39468,1.29982,-1.26404,0.16866,0.06507,-0.23001,29.85677,-7.7053,-3.58294,4.47983,0.36958,0.05079,0.17032,-257.55992,29.93373,-53.03083,-14.39349,-25.20076,-0.78957,6.20598
66.36,1.72105,12.70062,-2.05546,3.6387,1.89523,0.32487,5.33506,-0.2405,-0.84182,0.72692,-0.00746,0.09539,-0.00785,3.76253,-0.35848,1.28965,-1.25628,0.16963,0.06462,-0.22928,30.31672,-7.90295,-3.71625,4.51069,0.3832,0.05013,0.17899,-259.12449,30.43213,-52.9652,-16.63959,-25.37708,-1.02864,6.22571
66.38,2.24059,12.394,-1.67864,3.68431,1.90223,0.32841,5.29964,-0.1971,-0.79306,0.70481,-0.00686,0.09989,-0.00775,3.70721,-0.32058,1.27908,-1.25044,0.17065,0.06412,-0.22863,30.65767,-8.09837,-3.81203,4.50696,0.39479,0.04772,0.18547,-260.85929,31.02927,-52.91615,-19.06136,-25.49641,-1.29849,6.23335
66.4,2.73694,12.04924,-1.33559,3.72039,1.90391,0.32945,5.25502,-0.15626,-0.74909,0.68348,-0.00656,0.1036,-0.00745,3.65646,-0.27965,1.26938,-1.24179,0.17146,0.06347,-0.22776,30.86493,-8.28017,-3.86672,4.4849,0.40426,0.0446,0.18919,-261.79993,31.59726,-52.98819,-20.77347,-25.68056,-1.50251,6.26761
66.42,3.12736,11.71642,-1.05488,3.73916,1.90119,0.32729,5.20252,-0.12072,-0.71499,0.66604,-0.00643,0.10616,-0.00727,3.61815,-0.2324,1.26238,-1.22335,0.1718,0.06243,-0.22628,30.93683,-8.43467,-3.88257,4.47022,0.41213,0.0423,0.18997,-260.81549,31.98218,-53.23723,-20.79321,-26.11018,-1.5129,6.37798
66.44,3.46998,11.36047,-0.84323,3.74827,1.8952,0.32306,5.14727,-0.09034,-0.68876,0.65236,-0.00649,0.1077,-0.00703,3.58641,-0.18727,1.25657,-1.20474,0.17199,0.06132,-0.22477,30.90535,-8.56323,-3.87166,4.43888,0.41789,0.04005,0.18859,-259.08024,32.39801,-53.61901,-20.11876,-26.59193,-1.45123,6.51227
66.46,3.81896,10.97145,-0.70694,3.75392,1.88693,0.31773,5.09291,-0.06622,-0.66863,0.64295,-0.00668,0.10835,-0.00671,3.5575,-0.15106,1.25083,-1.19255,0.17229,0.06038,-0.22364,30.80142,-8.66523,-3.84665,4.37391,0.42119,0.03726,0.18598,-257.70136,32.93896,-53.9727,-19.70032,-27.00926,-1.41867,6.63001
66.48,4.09942,10.56525,-0.654,3.75334,1.87907,0.31164,5.04323,-0.047,-0.65481,0.6382,-0.00686,0.10837,-0.00648,3.53272,-0.12287,1.24571,-1.18477,0.17272,0.05954,-0.22277,30.63423,-8.72731,-3.81919,4.279,0.42225,0.03445,0.18264,-256.13764,33.58369,-54.34531,-19.12014,-27.48347,-1.36296,6.76149
66.5,4.37728,10.18578,-0.68587,3.74986,1.86966,0.30474,4.99776,-0.03904,-0.65128,0.63771,-0.00735,0.10721,-0.00603,3.51526,-0.1065,1.24071,-1.18321,0.17305,0.05903,-0.22233,30.46987,-8.77275,-3.78908,4.17965,0.42195,0.03219,0.17892,-254.88129,34.23286,-54.73726,-18.61665,-27.81502,-1.32206,6.86901
66.52,4.73793,9.88482,-0.80006,3.74754,1.85652,0.29692,4.95543,-0.05062,-0.66273,0.64051,-0.00858,0.10418,-0.00491,3.50832,-0.10639,1.23479,-1.1906,0.17301,0.05918,-0.22254,30.37571,-8.83771,-3.75154,4.10483,0.42138,0.031,0.17505,-254.70492,34.72101,-55.12034,-18.59987,-27.77269,-1.36321,6.90068
66.54,5.0825,9.64425,-0.98481,3.74459,1.84422,0.2892,4.92082,-0.07388,-0.68359,0.64604,-0.01015,0.10034,-0.00348,3.50855,-0.11822,1.22925,-1.20349,0.17284,0.05966,-0.22315,30.32774,-8.88875,-3.72347,4.0349,0.42023,0.03061,0.17172,-254.95013,35.09688,-55.50878,-18.73438,-27.60647,-1.4257,6.90608
66.56,5.33984,9.44406,-1.2236,3.74006,1.83632,0.28242,4.89789,-0.10219,-0.70896,0.65339,-0.01175,0.09658,-0.00203,3.51278,-0.13817,1.225,-1.21931,0.17278,0.06019,-0.22396,30.3031,-8.89863,-3.7187,3.95157,0.41814,0.03075,0.16955,-255.1127,35.46447,-55.8999,-18.80131,-27.5059,-1.47157,6.92435
66.58,5.53843,9.2871,-1.49828,3.73547,1.83142,0.27618,4.8879,-0.13893,-0.74039,0.66047,-0.01359,0.09265,-0.0003,3.52212,-0.16602,1.22107,-1.23934,0.17262,0.06097,-0.22503,30.31431,-8.88776,-3.73237,3.86847,0.41572,0.03185,0.1684,-255.34375,35.81329,-56.19108,-18.92938,-27.37743,-1.54861,6.92564
66.6,5.71203,9.19311,-1.78735,3.73311,1.82885,0.27174,4.88506,-0.17636,-0.77263,0.66876,-0.01538,0.08927,0.00142,3.5347,-0.19725,1.22036,-1.25738,0.1725,0.0614,-0.22613,30.38202,-8.83178,-3.77174,3.78281,0.4127,0.03326,0.16887,-255.62538,36.05032,-56.63512,-19.00503,-27.27777,-1.56889,6.95089
66.62,5.89665,9.17414,-2.0661,3.73518,1.82757,0.2706,4.8818,-0.20318,-0.79848,0.68057,-0.01672,0.08744,0.0027,3.54772,-0.22663,1.22628,-1.26635,0.17269,0.06079,-0.22702,30.5227,-8.69777,-3.84529,3.68575,0.40851,0.03408,0.17146,-255.93587,36.10522,-57.60954,-18.8723,-27.29125,-1.41284,7.06269
66.64,6.08024,9.18588,-2.31321,3.74063,1.8259,0.27115,4.88266,-0.22421,-0.82044,0.69196,-0.01786,0.0866,0.00384,3.562,-0.25341,1.23574,-1.27086,0.17291,0.05968,-0.22781,30.70003,-8.5233,-3.93804,3.58954,0.40386,0.03504,0.17521,-256.26705,36.0795,-58.73001,-18.68352,-27.33623,-1.20138,7.19932
66.66,6.25286,9.18674,-2.51057,3.74829,1.82264,0.27207,4.89112,-0.24293,-0.84039,0.69992,-0.01898,0.08627,0.00508,3.5777,-0.27618,1.2461,-1.27454,0.17299,0.05853,-0.22856,30.87561,-8.33872,-4.03671,3.50046,0.39919,0.03659,0.17929,-256.56528,36.07938,-59.72543,-18.53893,-27.36368,-1.02393,7.31871
66.68,6.44578,9.17617,-2.64197,3.75872,1.81673,0.2739,4.90223,-0.25283,-0.8545,0.70513,-0.01992,0.08683,0.00624,3.5921,-0.29197,1.25821,-1.27493,0.17309,0.05718,-0.22921,31.04375,-8.13517,-4.14006,3.41062,0.39411,0.03811,0.18356,-256.84904,36.12019,-60.88938,-18.35298,-27.3943,-0.81283,7.45844
66.7,6.65227,9.13126,-2.70223,3.77195,1.807,0.27583,4.91498,-0.25745,-0.86425,0.70804,-0.02061,0.0878,0.00716,3.60664,-0.29845,1.27151,-1.27148,0.17301,0.05541,-0.22967,31.18082,-7.93004,-4.23693,3.33644,0.38925,0.03997,0.18756,-257.10197,36.1117,-61.71108,-18.24813,-27.42466,-0.66056,7.55985
66.72,6.86281,9.0229,-2.69267,3.78791,1.79258,0.27682,4.92902,-0.26304,-0.87246,0.70891,-0.02105,0.08854,0.00772,3.62428,-0.29359,1.28552,-1.26354,0.17246,0.05299,-0.22987,31.26789,-7.74053,-4.3172,3.29855,0.38543,0.04277,0.19092,-257.28958,35.95746,-61.59682,-18.38091,-27.45187,-0.67642,7.55671
66.74,7.09715,8.87448,-2.61339,3.80599,1.77435,0.27768,4.94125,-0.26334,-0.87643,0.70818,-0.02122,0.08941,0.00796,3.64016,-0.2788,1.2997,-1.25199,0.17178,0.0502,-0.22988,31.30442,-7.55963,-4.38271,3.27716,0.38197,0.04565,0.1936,-257.44217,35.76888,-61.14213,-18.59151,-27.47866,-0.75391,7.51479
66.76,7.36584,8.70269,-2.46865,3.82541,1.75299,0.27891,4.94975,-0.25432,-0.87451,0.70582,-0.02116,0.09069,0.00803,3.65094,-0.25574,1.31354,-1.23783,0.17125,0.04729,-0.22978,31.29534,-7.38172,-4.43603,3.25704,0.37841,0.04799,0.19561,-257.58283,35.64803,-60.83291,-18.75702,-27.50344,-0.80767,7.48803
66.78,7.67404,8.48536,-2.26671,3.84617,1.72764,0.28002,4.95343,-0.23894,-0.86798,0.70154,-0.0209,0.09221,0.00795,3.65945,-0.2235,1.32763,-1.21922,0.17078,0.04407,-0.22947,31.25595,-7.1991,-4.47904,3.24682,0.37506,0.05003,0.19709,-257.74557,35.57557,-60.59101,-18.96494,-27.53411,-0.84259,7.47294
66.8,7.96998,8.29079,-2.02991,3.86671,1.70255,0.28145,4.95536,-0.21868,-0.85856,0.69764,-0.02044,0.09361,0.0076,3.66073,-0.18932,1.33888,-1.20276,0.17046,0.04106,-0.22928,31.15982,-7.04913,-4.50282,3.24152,0.37207,0.05159,0.19773,-257.83657,35.48582,-60.14868,-19.10541,-27.55106,-0.92995,7.42591
66.82,8.19066,8.20133,-1.78238,3.8854,1.68278,0.28387,4.96012,-0.1941,-0.8479,0.69686,-0.01974,0.09457,0.00684,3.64934,-0.16211,1.34382,-1.19692,0.1705,0.03891,-0.22964,30.97534,-6.98007,-4.49602,3.234,0.36971,0.05242,0.19723,-257.73178,35.29453,-59.1861,-19.02559,-27.52925,-1.15643,7.2935
66.84,8.38768,8.15929,-1.52489,3.90363,1.66487,0.2865,4.96483,-0.16704,-0.83596,0.69695,-0.01891,0.09534,0.0059,3.63372,-0.13677,1.34598,-1.19449,0.17073,0.03714,-0.23018,30.76176,-6.94497,-4.47549,3.23071,0.36792,0.05284,0.19631,-257.5552,35.0674,-58.03753,-18.87498,-27.49282,-1.43181,7.13083
66.86,8.59746,8.11536,-1.25764,3.92237,1.64608,0.28876,4.96736,-0.1384,-0.82252,0.6958,-0.01807,0.09617,0.00498,3.62048,-0.10947,1.34831,-1.18987,0.1711,0.03533,-0.23065,30.5673,-6.90514,-4.45447,3.23445,0.36654,0.05309,0.19552,-257.41187,34.85567,-56.99642,-18.77013,-27.46333,-1.6787,6.98543
66.88,8.78049,8.10519,-0.99303,3.94109,1.62915,0.29097,4.9711,-0.10765,-0.80862,0.6944,-0.01725,0.09712,0.0041,3.60768,-0.08595,1.34933,-1.18789,0.17187,0.03371,-0.23128,30.37513,-6.89111,-4.42406,3.24093,0.36577,0.05312,0.19463,-257.18474,34.59176,-55.81946,-18.59803,-27.42498,-1.95526,6.8192
66.9,8.96508,8.11827,-0.73301,3.95962,1.61261,0.29267,4.97359,-0.0783,-0.79405,0.69195,-0.01645,0.09785,0.00325,3.59953,-0.06074,1.35064,-1.18331,0.17241,0.03224,-0.2318,30.22469,-6.85828,-4.40323,3.24906,0.365,0.05303,0.19423,-257.06231,34.36168,-54.87078,-18.5351,-27.39753,-2.18127,6.6874
66.92,9.19007,8.12991,-0.47574,3.97823,1.59369,0.29333,4.97111,-0.05429,-0.77823,0.68736,-0.01568,0.09796,0.00244,3.60067,-0.02662,1.35479,-1.16879,0.17198,0.03061,-0.23179,30.16188,-6.74737,-4.41564,3.25781,0.36344,0.05288,0.19499,-257.26218,34.26551,-54.61675,-18.78321,-27.40647,-2.255,6.66066
66.94,9.40565,8.15951,-0.22755,3.99606,1.57571,0.29347,4.96774,-0.03237,-0.76218,0.68136,-0.01501,0.0979,0.00177,3.60625,0.00881,1.35922,-1.15148,0.17119,0.02909,-0.23159,30.14335,-6.61674,-4.43906,3.26454,0.36169,0.05267,0.19622,-257.55859,34.20362,-54.60137,-19.13377,-27.42731,-2.27609,6.67
66.96,9.57976,8.21546,0.00644,4.0127,1.56075,0.29347,4.96614,-0.00999,-0.74667,0.67459,-0.0145,0.09804,0.00128,3.61283,0.03947,1.36226,-1.13664,0.17054,0.02783,-0.23147,30.13466,-6.51024,-4.45737,3.26747,0.36019,0.05243,0.19739,-257.79037,34.08595,-54.46045,-19.43575,-27.4424,-2.32241,6.66148
66.98,9.7363,8.28683,0.223,4.02927,1.54655,0.2932,4.96414,0.01112,-0.73142,0.66719,-0.01408,0.09817,0.00089,3.62171,0.06571,1.36588,-1.12098,0.16982,0.02622,-0.23111,30.14286,-6.40512,-4.47994,3.26516,0.35861,0.05219,0.19869,-258.02502,33.91469,-54.34207,-19.7456,-27.4588,-2.36507,6.65721
67,9.85576,8.36098,0.41665,4.04206,1.53647,0.29263,4.96257,0.02931,-0.71791,0.65968,-0.01386,0.09834,0.00072,3.6302,0.09112,1.36626,-1.10727,0.16858,0.02559,-0.23077,30.16492,-6.32206,-4.49947,3.26139,0.3572,0.05196,0.19986,-258.26015,33.80306,-54.2307,-20.06018,-27.47478,-2.40195,6.65298
67.02,9.91883,8.41011,0.58162,4.04664,1.53442,0.29167,4.96306,0.04285,-0.70826,0.65257,-0.01399,0.09855,0.00096,3.63503,0.12037,1.35862,-1.09942,0.16615,0.02784,-0.2308,30.19794,-6.28651,-4.50675,3.2609,0.35631,0.05172,0.20063,-258.503,33.8776,-54.06912,-20.38879,-27.48859,-2.43604,6.63972
67.04,9.9539,8.45362,0.70287,4.04706,1.53655,0.29052,4.963,0.05057,-0.70185,0.64732,-0.01424,0.09858,0.00128,3.63839,0.14676,1.34794,-1.09344,0.16287,0.03093,-0.23065,30.23299,-6.27645,-4.50927,3.26005,0.35565,0.05149,0.2011,-258.75804,34.02757,-53.91417,-20.72395,-27.50219,-2.46485,6.62594
67.06,9.98692,8.49568,0.76718,4.0467,1.53941,0.28934,4.96074,0.05163,-0.69859,0.64528,-0.01445,0.09824,0.00143,3.64183,0.16466,1.33806,-1.08755,0.15917,0.03342,-0.23013,30.26143,-6.27547,-4.51204,3.25647,0.35503,0.05123,0.2013,-259.01154,34.13825,-53.75927,-21.04747,-27.51551,-2.49556,6.6125
67.08,10.04095,8.50676,0.76779,4.0437,1.54474,0.28789,4.95744,0.04324,-0.70129,0.6468,-0.01477,0.09719,0.00156,3.64359,0.17767,1.32607,-1.0847,0.15434,0.03695,-0.22945,30.28946,-6.28365,-4.51625,3.25229,0.35443,0.05084,0.20132,-259.3213,34.26186,-53.59168,-21.42165,-27.53122,-2.52844,6.59824
67.1,10.04755,8.56809,0.6869,4.03859,1.55232,0.28694,4.95121,0.0274,-0.70674,0.65469,-0.01484,0.09588,0.00122,3.64567,0.17883,1.31551,-1.08285,0.14997,0.03889,-0.22861,30.2981,-6.31839,-4.50962,3.24852,0.3543,0.05043,0.20071,-259.54759,34.39433,-53.45844,-21.69358,-27.54159,-2.5552,6.5859
67.12,9.91861,8.77298,0.51062,4.03206,1.5616,0.28739,4.93982,0.00811,-0.71011,0.67186,-0.01422,0.09493,-0.00012,3.65052,0.15956,1.31126,-1.07972,0.14826,0.03566,-0.22788,30.26417,-6.39812,-4.47807,3.24541,0.35517,0.05017,0.19899,-259.48666,34.50871,-53.41259,-21.64694,-27.53459,-2.56979,6.57715
67.14,9.73857,9.03894,0.25284,4.02304,1.57336,0.2884,4.92652,-0.01817,-0.71676,0.69581,-0.01334,0.09362,-0.00195,3.65662,0.12873,1.30858,-1.07864,0.14736,0.03111,-0.2271,30.21445,-6.49879,-4.43641,3.24353,0.3565,0.0499,0.19679,-259.33138,34.62714,-53.40104,-21.49181,-27.52186,-2.57831,6.57015
67.16,9.57862,9.29867,-0.06984,4.01075,1.58793,0.28927,4.91442,-0.05352,-0.73058,0.72402,-0.01254,0.0914,-0.00383,3.66298,0.09405,1.30406,-1.08162,0.14581,0.02797,-0.22628,30.17053,-6.5991,-4.39748,3.24286,0.35787,0.04949,0.19467,-259.23679,34.75802,-53.38256,-21.39751,-27.51233,-2.58832,6.56324
67.18,9.40335,9.57888,-0.44841,3.99449,1.60603,0.29033,4.90391,-0.09361,-0.74808,0.75686,-0.01159,0.08871,-0.00599,3.66961,0.05454,1.29973,-1.08734,0.14466,0.02398,-0.22571,30.12369,-6.70468,-4.3556,3.24307,0.3595,0.04916,0.19248,-259.10684,34.87057,-53.34029,-21.26882,-27.50043,-2.60302,6.55288
67.2,9.23079,9.90352,-0.87156,3.97618,1.62541,0.29134,4.89575,-0.14084,-0.7718,0.79257,-0.01078,0.0853,-0.00808,3.6813,0.01104,1.29497,-1.09327,0.14313,0.02204,-0.22451,30.08892,-6.80464,-4.3173,3.24443,0.36102,0.04861,0.19058,-259.02069,35.02275,-53.3521,-21.18226,-27.49252,-2.60697,6.54932
67.22,9.09148,10.29854,-1.32638,3.95941,1.64236,0.29193,4.89051,-0.19908,-0.80537,0.82859,-0.01056,0.08081,-0.00955,3.70329,-0.03515,1.28838,-1.09707,0.13995,0.02597,-0.22155,30.0838,-6.88517,-4.2912,3.24723,0.36197,0.04749,0.18944,-259.08467,35.27212,-53.50559,-21.2402,-27.49791,-2.58129,6.56377
67.24,8.96085,10.73643,-1.79037,3.94082,1.65992,0.29228,4.88868,-0.26067,-0.84269,0.86508,-0.01054,0.07593,-0.01081,3.73079,-0.08141,1.28166,-1.09933,0.13657,0.03189,-0.21796,30.09319,-6.95497,-4.27014,3.2503,0.36269,0.0462,0.18871,-259.19089,35.56004,-53.708,-21.34313,-27.50763,-2.54521,6.58462
67.26,8.82312,11.18838,-2.24136,3.91847,1.68008,0.29251,4.89043,-0.31925,-0.87885,0.90161,-0.0104,0.07121,-0.01216,3.759,-0.12499,1.27587,-1.10074,0.13393,0.03681,-0.21477,30.10521,-7.01957,-4.2492,3.25251,0.36344,0.04506,0.18814,-259.26477,35.83318,-53.8849,-21.42114,-27.51494,-2.51452,6.60215
67.28,8.68401,11.66319,-2.66337,3.89782,1.69835,0.2925,4.895,-0.37454,-0.91405,0.93542,-0.01039,0.06671,-0.01326,3.78783,-0.16463,1.26965,-1.10036,0.13151,0.04218,-0.21115,30.12118,-7.07666,-4.2289,3.25443,0.36409,0.04393,0.18779,-259.34459,36.0859,-54.07227,-21.4992,-27.52297,-2.48171,6.61987
67.3,8.55484,12.12954,-3.03628,3.87071,1.7214,0.29226,4.90034,-0.42411,-0.94517,0.96777,-0.01026,0.06265,-0.01445,3.81759,-0.19876,1.26568,-1.09668,0.12983,0.04685,-0.20842,30.14547,-7.12325,-4.21397,3.25408,0.36455,0.04296,0.18766,-259.42115,36.38528,-54.24549,-21.59377,-27.53119,-2.45137,6.63818
67.32,8.45235,12.54752,-3.33994,3.82625,1.75779,0.29189,4.90281,-0.46549,-0.96835,1.0013,-0.00963,0.05924,-0.0163,3.84942,-0.2256,1.26776,-1.08737,0.12945,0.04921,-0.20832,30.18285,-7.15687,-4.21037,3.24886,0.36474,0.04234,0.18772,-259.4936,36.82371,-54.37953,-21.73718,-27.53954,-2.42837,6.65889
67.34,8.36641,12.93555,-3.56508,3.77926,1.7971,0.29152,4.90119,-0.49816,-0.98452,1.03031,-0.00895,0.05656,-0.01808,3.87904,-0.24469,1.27219,-1.07349,0.12967,0.05051,-0.20919,30.22473,-7.18108,-4.21218,3.2411,0.36474,0.04191,0.1879,-259.57002,37.3042,-54.49387,-21.90131,-27.54823,-2.40887,6.67968
67.36,8.28941,13.30682,-3.70387,3.74201,1.83114,0.29131,4.89352,-0.52163,-0.99379,1.05078,-0.00855,0.05473,-0.01931,3.90246,-0.25504,1.27589,-1.05608,0.13002,0.05164,-0.2097,30.2633,-7.20115,-4.21373,3.23288,0.36467,0.0415,0.18811,-259.63842,37.76502,-54.61823,-22.04784,-27.55608,-2.38857,6.69951
67.38,8.23404,13.65368,-3.74688,3.71021,1.86343,0.2914,4.87405,-0.53651,-0.99408,1.06602,-0.00821,0.05364,-0.02039,3.92168,-0.25452,1.28035,-1.03234,0.13057,0.05235,-0.21037,30.30351,-7.2146,-4.21959,3.22304,0.36444,0.04118,0.18836,-259.73867,38.25726,-54.74997,-22.22898,-27.56601,-2.3652,6.72222
67.4,8.18582,13.95619,-3.69369,3.69306,1.89135,0.29218,4.84976,-0.54015,-0.98689,1.06728,-0.00837,0.05379,-0.02046,3.9269,-0.24541,1.28285,-1.00941,0.13144,0.05243,-0.21094,30.33609,-7.22748,-4.22228,3.21348,0.36427,0.0409,0.1885,-259.78776,38.70788,-54.86014,-22.35146,-27.57272,-2.349,6.73914
67.42,8.12183,14.20021,-3.55004,3.70115,1.91136,0.29399,4.82936,-0.53004,-0.97458,1.04447,-0.00958,0.05574,-0.01849,3.90757,-0.2306,1.2803,-0.99585,0.13276,0.05171,-0.21101,30.35016,-7.24667,-4.21204,3.20636,0.36446,0.04059,0.18836,-259.70159,39.01752,-54.89973,-22.31846,-27.57125,-2.35203,6.74008
67.44,8.06309,14.39738,-3.31733,3.72565,1.92699,0.29663,4.80343,-0.50998,-0.95551,1.00801,-0.01133,0.05881,-0.01551,3.8731,-0.20682,1.27499,-0.98486,0.13429,0.05062,-0.2109,30.35745,-7.26575,-4.19818,3.2001,0.36476,0.0403,0.18811,-259.56745,39.27904,-54.9121,-22.22945,-27.56717,-2.36242,6.73481
67.46,8.0232,14.56357,-3.00344,3.75919,1.94064,0.29984,4.76471,-0.48396,-0.92891,0.96692,-0.0132,0.06243,-0.01236,3.83189,-0.17207,1.26886,-0.97069,0.13582,0.04957,-0.21076,30.3669,-7.28015,-4.18773,3.19357,0.36496,0.04005,0.18786,-259.45898,39.56705,-54.93968,-22.16687,-27.56423,-2.36933,6.73253
67.48,7.98911,14.71228,-2.62697,3.80217,1.95135,0.30343,4.71426,-0.45384,-0.89652,0.92087,-0.01523,0.06659,-0.00894,3.78344,-0.12857,1.26209,-0.95453,0.13738,0.04834,-0.21047,30.376,-7.29114,-4.17628,3.18758,0.36519,0.03977,0.18757,-259.34213,39.86062,-54.96447,-22.10269,-27.56105,-2.37685,6.72983
67.5,7.96739,14.80961,-2.20929,3.85447,1.96049,0.30753,4.66524,-0.41861,-0.86225,0.86846,-0.01756,0.07105,-0.00502,3.72759,-0.08013,1.25263,-0.94325,0.13883,0.04747,-0.21026,30.3857,-7.29866,-4.1679,3.18247,0.36536,0.03958,0.18734,-259.23918,40.13028,-54.98946,-22.03694,-27.55853,-2.38442,6.72691
67.52,7.96554,14.8055,-1.77457,3.91548,1.96917,0.31211,4.63277,-0.3761,-0.83042,0.80752,-0.02032,0.07557,-0.00032,3.6652,-0.03154,1.23816,-0.94538,0.1399,0.04775,-0.21048,30.39739,-7.30125,-4.16838,3.17884,0.36533,0.03969,0.18729,-259.18577,40.32713,-55.00259,-21.97749,-27.56011,-2.39129,6.72324
67.54,7.96272,14.762,-1.35502,3.97836,1.97643,0.31648,4.60646,-0.33299,-0.80136,0.74543,-0.02316,0.07984,0.00455,3.60301,0.01503,1.22238,-0.95425,0.1407,0.04853,-0.21086,30.40978,-7.30058,-4.17165,3.17671,0.36522,0.0399,0.18735,-259.14754,40.49281,-55.0087,-21.91933,-27.56288,-2.39827,6.71873
67.56,7.95417,14.73389,-0.98401,4.03659,1.98258,0.32029,4.5805,-0.29576,-0.77603,0.68971,-0.02571,0.08356,0.00895,3.54786,0.05685,1.20867,-0.96407,0.14125,0.04932,-0.2112,30.42212,-7.29834,-4.17308,3.176,0.3651,0.04006,0.18743,-259.10326,40.67351,-55.01707,-21.86623,-27.56497,-2.40512,6.71471
67.58,7.93341,14.70373,-0.69114,4.08777,1.9892,0.32365,4.56679,-0.26457,-0.7586,0.63901,-0.02811,0.08653,0.01311,3.50214,0.08817,1.19595,-0.98023,0.14127,0.05087,-0.21171,30.43184,-7.29892,-4.17336,3.17752,0.36497,0.04026,0.18753,-259.04557,40.84476,-55.02468,-21.79326,-27.56749,-2.41317,6.71048
67.6,7.94222,14.71255,-0.49714,4.12592,1.99515,0.32655,4.55921,-0.2443,-0.74845,0.60609,-0.02966,0.08829,0.01579,3.47152,0.10917,1.18785,-0.99385,0.14106,0.05158,-0.21198,30.44133,-7.29489,-4.1735,3.17988,0.36477,0.04037,0.18769,-259.0087,41.02574,-55.03451,-21.75754,-27.56912,-2.41844,6.70745
67.62,8.03997,14.80648,-0.41514,4.14696,1.99914,0.32915,4.54966,-0.23993,-0.74351,0.60397,-0.02964,0.08854,0.01564,3.46095,0.12032,1.18826,-0.99537,0.14096,0.04945,-0.21154,30.45445,-7.27652,-4.17529,3.18106,0.36439,0.04027,0.18797,-259.0353,41.25468,-55.07042,-21.83158,-27.5678,-2.41301,6.71058
67.64,8.18093,14.9535,-0.45431,4.1499,2.00305,0.33162,4.55154,-0.24827,-0.748,0.62397,-0.02859,0.08731,0.01365,3.47009,0.118,1.19444,-0.99161,0.1404,0.04625,-0.21054,30.46455,-7.25685,-4.17622,3.18312,0.36396,0.04007,0.18825,-259.0846,41.49309,-55.10599,-21.944,-27.56543,-2.40577,6.71441
67.66,8.32272,15.12101,-0.61275,4.13532,2.00767,0.33397,4.57372,-0.26587,-0.76441,0.65694,-0.02701,0.08475,0.01078,3.49744,0.09993,1.204,-0.98917,0.13905,0.04344,-0.20921,30.4673,-7.24589,-4.17442,3.18745,0.36356,0.03989,0.18845,-259.12058,41.72316,-55.1343,-22.03604,-27.56368,-2.40086,6.71735
67.68,8.48548,15.30901,-0.87781,4.10824,2.01179,0.33615,4.61263,-0.29183,-0.78954,0.69933,-0.02495,0.08137,0.00725,3.5395,0.06304,1.21573,-0.99291,0.13699,0.04046,-0.20778,30.46693,-7.23946,-4.17289,3.19241,0.36312,0.03971,0.18862,-259.16515,41.98507,-55.1908,-22.13653,-27.56102,-2.38993,6.72335
67.7,8.62844,15.52894,-1.22347,4.05639,2.01403,0.33778,4.66076,-0.32573,-0.82553,0.76125,-0.02225,0.0761,0.00232,3.60093,0.02588,1.23357,-0.98164,0.13444,0.03737,-0.20509,30.45474,-7.24319,-4.165,3.19938,0.36286,0.03941,0.18858,-259.1968,42.20169,-55.19094,-22.22609,-27.55998,-2.39068,6.72312
67.72,8.68306,15.80353,-1.6206,3.96308,2.01215,0.3379,4.70696,-0.36681,-0.87524,0.85493,-0.0188,0.06748,-0.00485,3.68739,0.0116,1.26177,-0.92852,0.13154,0.03454,-0.19956,30.42024,-7.26519,-4.14143,3.21042,0.36312,0.03878,0.1881,-259.17074,42.29484,-55.03205,-22.2668,-27.56242,-2.42581,6.70338
67.74,8.66607,16.08111,-2.04387,3.84893,2.00281,0.33574,4.75087,-0.41004,-0.93119,0.95782,-0.01528,0.05746,-0.01251,3.78451,0.00457,1.293,-0.86131,0.12821,0.03224,-0.19278,30.37648,-7.29636,-4.11209,3.22217,0.3636,0.03801,0.1874,-259.12411,42.34303,-54.81626,-22.28795,-27.56611,-2.47269,6.67689
67.76,8.61336,16.32443,-2.46528,3.73465,1.98676,0.33185,4.79384,-0.45086,-0.98671,1.05166,-0.01221,0.0478,-0.01926,3.87949,-0.00674,1.32166,-0.80311,0.12474,0.0305,-0.18627,30.33467,-7.33035,-4.08479,3.23222,0.36409,0.03727,0.18666,-259.08986,42.41598,-54.63145,-22.31564,-27.56924,-2.51388,6.65373
67.78,8.51146,16.55184,-2.85394,3.61446,1.96318,0.32622,4.82564,-0.48713,-1.03999,1.14358,-0.00941,0.03805,-0.02572,3.96999,-0.00766,1.34959,-0.73813,0.12131,0.02905,-0.17894,30.2939,-7.36747,-4.05586,3.24134,0.36473,0.03638,0.18583,-259.06621,42.48873,-54.43013,-22.35827,-27.57268,-2.5568,6.62948
67.8,8.38925,16.70869,-3.18625,3.50678,1.93295,0.31938,4.85257,-0.51815,-1.0876,1.21776,-0.00733,0.02946,-0.03075,4.04949,-0.00774,1.37263,-0.685,0.11826,0.02835,-0.17294,30.25694,-7.40757,-4.02945,3.24726,0.36541,0.03566,0.18496,-259.02226,42.54535,-54.24712,-22.36396,-27.57556,-2.59836,6.60581
67.82,8.2999,16.74742,-3.44791,3.4349,1.9011,0.31245,4.88749,-0.54508,-1.12752,1.25626,-0.00649,0.02349,-0.03308,4.11352,-0.02164,1.38631,-0.66721,0.11631,0.02862,-0.17118,30.22522,-7.45212,-4.01003,3.24688,0.36603,0.03549,0.18401,-258.91562,42.56998,-54.12952,-22.26386,-27.57582,-2.63363,6.58635
67.84,8.23253,16.73152,-3.6288,3.38479,1.86973,0.30588,4.91726,-0.56622,-1.1587,1.27629,-0.00628,0.01919,-0.03411,4.16068,-0.0333,1.39422,-0.6606,0.11531,0.02898,-0.17121,30.20167,-7.49733,-3.99388,3.24271,0.36665,0.0355,0.18306,-258.78918,42.57478,-54.03323,-22.12916,-27.57562,-2.6666,6.56862
67.86,8.16863,16.70809,-3.72718,3.34412,1.8394,0.29972,4.93187,-0.58033,-1.1807,1.29124,-0.00623,0.01576,-0.03494,4.18981,-0.03117,1.39898,-0.64648,0.11498,0.02888,-0.17087,30.18816,-7.54094,-3.97777,3.23703,0.36733,0.03538,0.18217,-258.67661,42.57882,-53.93122,-22.01662,-27.57588,-2.69919,6.55072
67.88,8.1097,16.6764,-3.75116,3.31576,1.81109,0.29409,4.93705,-0.59014,-1.19562,1.29768,-0.0065,0.01312,-0.03536,4.20176,-0.01927,1.39903,-0.62801,0.11524,0.02855,-0.17057,30.18086,-7.58537,-3.96106,3.2286,0.36804,0.03525,0.18125,-258.53518,42.56501,-53.80123,-21.88057,-27.57528,-2.7382,6.52912
67.9,8.07017,16.61294,-3.70343,3.30588,1.7878,0.2899,4.93234,-0.59228,-1.19981,1.29417,-0.00701,0.01221,-0.03505,4.19483,-0.00444,1.39554,-0.61517,0.1163,0.02794,-0.17118,30.18805,-7.62362,-3.94781,3.22008,0.36866,0.03509,0.18053,-258.43337,42.56608,-53.73488,-21.77916,-27.5757,-2.76343,6.51615
67.92,8.06636,16.49429,-3.58836,3.32024,1.77276,0.28811,4.9156,-0.58234,-1.18894,1.28026,-0.00771,0.01403,-0.03374,4.16829,0.00636,1.39054,-0.61838,0.11837,0.02685,-0.1735,30.2204,-7.64703,-3.9429,3.21544,0.36908,0.0348,0.18033,-258.43867,42.62076,-53.82992,-21.76842,-27.57829,-2.75447,6.52361
67.94,8.07477,16.35282,-3.42802,3.34954,1.76346,0.28776,4.89254,-0.56661,-1.17015,1.25943,-0.00856,0.0172,-0.03191,4.12915,0.01691,1.38315,-0.62736,0.1209,0.02569,-0.17649,30.26223,-7.66338,-3.94067,3.21242,0.36938,0.03446,0.18031,-258.48137,42.69276,-53.98404,-21.79033,-27.58179,-2.73262,6.53903
67.96,8.0744,16.21989,-3.24275,3.38389,1.75707,0.28793,4.86664,-0.55018,-1.14946,1.2364,-0.00947,0.02045,-0.03009,4.08374,0.031,1.3731,-0.63188,0.12343,0.02467,-0.17911,30.29997,-7.67921,-3.93656,3.20956,0.36966,0.03415,0.18023,-258.50102,42.75587,-54.11019,-21.79626,-27.58456,-2.71613,6.55148
67.98,8.07153,16.08247,-3.04069,3.42237,1.75297,0.28861,4.83583,-0.53169,-1.12582,1.2126,-0.01037,0.02404,-0.02827,4.03405,0.04539,1.36201,-0.63485,0.12589,0.02336,-0.18138,30.33608,-7.69226,-3.933,3.20908,0.36986,0.03386,0.18021,-258.52485,42.81908,-54.2492,-21.79965,-27.58798,-2.69897,6.56484
68,8.06118,15.95656,-2.84076,3.4656,1.75329,0.29007,4.80899,-0.51318,-1.10216,1.18675,-0.01126,0.02761,-0.02645,3.98497,0.05829,1.34954,-0.64019,0.12814,0.02294,-0.18384,30.3632,-7.70111,-3.92702,3.21008,0.37003,0.03353,0.18009,-258.55262,42.88611,-54.369,-21.82027,-27.59048,-2.68125,6.57781
68.02,8.03999,15.8571,-2.66115,3.51468,1.76019,0.29252,4.79635,-0.4966,-1.08174,1.15706,-0.01219,0.03075,-0.02461,3.94155,0.06872,1.33495,-0.65201,0.12995,0.02503,-0.18717,30.37358,-7.70332,-3.91539,3.21113,0.37026,0.03306,0.17967,-258.57824,42.941,-54.4118,-21.87598,-27.59139,-2.66409,6.58628
68.04,8.00656,15.77041,-2.50281,3.56395,1.76993,0.29531,4.78958,-0.48108,-1.06316,1.12736,-0.01306,0.03362,-0.02286,3.90353,0.07608,1.32027,-0.6668,0.13114,0.02807,-0.19037,30.37201,-7.70153,-3.90132,3.21414,0.37048,0.03256,0.17913,-258.60945,42.99929,-54.43016,-21.94974,-27.59195,-2.64701,6.59371
68.06,7.9635,15.68614,-2.36639,3.60846,1.77924,0.29787,4.78274,-0.46625,-1.04581,1.10114,-0.01375,0.03626,-0.02135,3.87118,0.0807,1.30732,-0.68136,0.13173,0.03083,-0.19291,30.36288,-7.6973,-3.88781,3.22017,0.37067,0.03213,0.17864,-258.63991,43.06016,-54.45317,-22.01539,-27.59259,-2.63111,6.60106
68.08,7.91835,15.61252,-2.26018,3.64937,1.78904,0.30032,4.78127,-0.45256,-1.03126,1.07742,-0.01432,0.03855,-0.02004,3.84756,0.08181,1.29604,-0.69887,0.13158,0.03458,-0.19558,30.34708,-7.69087,-3.87476,3.22843,0.37083,0.03175,0.17815,-258.67347,43.14735,-54.49955,-22.08277,-27.5935,-2.6098,6.61175
68.1,7.8571,15.54739,-2.18367,3.68308,1.7986,0.30243,4.78164,-0.44191,-1.01906,1.05782,-0.01472,0.04052,-0.01899,3.82905,0.08046,1.28691,-0.71532,0.13116,0.03718,-0.19721,30.32289,-7.68134,-3.86114,3.23822,0.371,0.03141,0.17766,-258.70479,43.20446,-54.49808,-22.14976,-27.5932,-2.59942,6.61642
68.12,7.76485,15.48862,-2.13284,3.70576,1.80698,0.30401,4.77882,-0.43651,-1.00849,1.04411,-0.01494,0.04222,-0.01826,3.81032,0.07842,1.2805,-0.72545,0.13135,0.03567,-0.19659,30.2877,-7.66855,-3.84582,3.24909,0.37122,0.03115,0.17718,-258.71056,43.16398,-54.3639,-22.19925,-27.58889,-2.62015,6.60361
68.14,7.6622,15.43767,-2.10871,3.72104,1.81483,0.3052,4.77858,-0.43449,-1.0005,1.03448,-0.01501,0.04362,-0.01778,3.79603,0.07447,1.27649,-0.73361,0.13166,0.03278,-0.19526,30.24896,-7.6531,-3.83095,3.26,0.37144,0.03096,0.17674,-258.71332,43.08998,-54.18165,-22.24828,-27.58361,-2.65174,6.58448
68.16,7.56447,15.39143,-2.1093,3.73191,1.82214,0.30607,4.78462,-0.43414,-0.9956,1.02738,-0.01501,0.04474,-0.01745,3.78861,0.06789,1.27419,-0.74334,0.13171,0.03063,-0.1944,30.21304,-7.63625,-3.81843,3.2701,0.37162,0.03083,0.1764,-258.71716,43.03561,-54.02465,-22.29754,-27.57888,-2.6774,6.56883
68.18,7.46187,15.35811,-2.13044,3.73865,1.82866,0.30666,4.79491,-0.43674,-0.99355,1.02239,-0.01498,0.0456,-0.01719,3.7828,0.05952,1.27256,-0.75248,0.13175,0.02767,-0.19307,30.17825,-7.61845,-3.80704,3.27822,0.37178,0.03078,0.17612,-258.71316,42.97864,-53.8537,-22.34638,-27.57294,-2.7064,6.5513
68.2,7.35596,15.30766,-2.1614,3.74009,1.83391,0.30676,4.80791,-0.4394,-0.99281,1.01941,-0.01487,0.04634,-0.01708,3.7828,0.04997,1.27262,-0.76164,0.13175,0.02578,-0.19248,30.15119,-7.59995,-3.79862,3.28527,0.37187,0.03074,0.17595,-258.7194,42.91592,-53.70156,-22.39472,-27.56931,-2.73127,6.53605
68.22,7.25517,15.21054,-2.19112,3.73506,1.83778,0.30617,4.82166,-0.43882,-0.99166,1.01877,-0.01456,0.04709,-0.01726,3.79491,0.03963,1.27585,-0.77228,0.13164,0.02763,-0.19444,30.1391,-7.58165,-3.79517,3.29249,0.37177,0.03066,0.17598,-258.78094,42.85689,-53.61283,-22.4646,-27.57357,-2.74257,6.52937
68.24,7.14889,15.09352,-2.21878,3.72647,1.83998,0.30518,4.83566,-0.43729,-0.99071,1.01865,-0.01423,0.0478,-0.01746,3.81045,0.02944,1.28015,-0.78323,0.13142,0.03065,-0.19709,30.13514,-7.56501,-3.79341,3.29802,0.37159,0.03056,0.17605,-258.86168,42.79884,-53.54753,-22.54208,-27.58042,-2.74927,6.52556
68.26,7.03085,14.97588,-2.24282,3.71709,1.84015,0.30404,4.84949,-0.43635,-0.9903,1.01766,-0.01402,0.04846,-0.01751,3.82305,0.02028,1.28398,-0.79417,0.13115,0.03295,-0.19923,30.13404,-7.54982,-3.79153,3.30055,0.3714,0.03047,0.17609,-258.931,42.73228,-53.47198,-22.61447,-27.58612,-2.7578,6.52018
68.28,6.91485,14.85353,-2.25697,3.70651,1.83927,0.30283,4.8606,-0.43487,-0.98886,1.01636,-0.01381,0.04916,-0.01757,3.8368,0.01249,1.2885,-0.80532,0.13059,0.03606,-0.20168,30.13692,-7.53694,-3.78896,3.30105,0.37118,0.03028,0.17609,-259.01297,42.65739,-53.39092,-22.69787,-27.59272,-2.76758,6.51435
68.3,6.77533,14.71257,-2.25699,3.69647,1.83489,0.30136,4.87128,-0.43163,-0.98758,1.01221,-0.01383,0.04986,-0.01727,3.84545,0.00754,1.29222,-0.81748,0.13012,0.03797,-0.20346,30.14258,-7.52794,-3.78593,3.2995,0.37098,0.03015,0.17603,-259.07148,42.59489,-53.32915,-22.7594,-27.59775,-2.77356,6.51023
68.32,6.58054,14.53924,-2.24014,3.68914,1.82397,0.29944,4.88493,-0.42529,-0.9882,1.00225,-0.01437,0.05047,-0.01618,3.8409,0.00679,1.29311,-0.83145,0.13039,0.03589,-0.20346,30.14968,-7.52512,-3.78222,3.29602,0.37094,0.03031,0.17588,-259.07381,42.57922,-53.32403,-22.77243,-27.59775,-2.77026,6.51137
68.34,6.37197,14.34984,-2.20535,3.68359,1.80992,0.29734,4.89754,-0.41658,-0.98843,0.9893,-0.01512,0.05112,-0.01476,3.83156,0.00923,1.29326,-0.84559,0.13081,0.03246,-0.20277,30.15786,-7.52704,-3.7773,3.29153,0.37096,0.03051,0.17567,-259.05619,42.58453,-53.34653,-22.76616,-27.59605,-2.76291,6.51489
68.36,6.18297,14.15891,-2.15344,3.67932,1.79561,0.29535,4.9063,-0.40643,-0.98657,0.97571,-0.01582,0.05191,-0.01339,3.82367,0.01394,1.29424,-0.85875,0.13101,0.02965,-0.20229,30.16686,-7.53163,-3.7708,3.28712,0.37101,0.03058,0.17541,-259.05085,42.57632,-53.35842,-22.76812,-27.59506,-2.75735,6.51725
68.38,6.01057,13.96819,-2.08706,3.67792,1.77957,0.29337,4.91259,-0.3951,-0.9837,0.96101,-0.01657,0.05275,-0.01192,3.81425,0.02076,1.29517,-0.87058,0.13124,0.02622,-0.20144,30.17733,-7.53777,-3.76291,3.28365,0.37116,0.03067,0.17511,-259.04563,42.56355,-53.36175,-22.77301,-27.5942,-2.75215,6.51905
68.4,5.86027,13.77374,-2.01011,3.67784,1.76446,0.2915,4.91711,-0.38243,-0.97958,0.94575,-0.01726,0.05366,-0.01051,3.80647,0.02934,1.29659,-0.881,0.13137,0.0234,-0.20071,30.18627,-7.54935,-3.75396,3.28032,0.37133,0.03058,0.17479,-259.03709,42.55919,-53.38428,-22.76564,-27.5931,-2.7457,6.52193
68.42,5.73976,13.56893,-1.92751,3.67691,1.75376,0.28989,4.92053,-0.36836,-0.97382,0.93085,-0.01774,0.05466,-0.00935,3.80429,0.03932,1.2993,-0.89058,0.13132,0.0229,-0.20088,30.19037,-7.57043,-3.74453,3.27623,0.37142,0.03004,0.1745,-259.00214,42.56167,-53.42854,-22.71153,-27.59113,-2.73992,6.52491
68.44,5.65143,13.37244,-1.84805,3.67785,1.7449,0.28847,4.92305,-0.35483,-0.9681,0.91672,-0.01814,0.05557,-0.00831,3.80449,0.04942,1.30231,-0.89903,0.13129,0.02315,-0.20129,30.19339,-7.59594,-3.73477,3.27327,0.37156,0.02934,0.17423,-258.96013,42.56972,-53.48732,-22.64211,-27.58862,-2.73319,6.5289
68.46,5.60374,13.19925,-1.78022,3.68283,1.73599,0.28716,4.92473,-0.34374,-0.96389,0.90403,-0.01853,0.05626,-0.00732,3.80507,0.05834,1.30502,-0.90606,0.13138,0.02303,-0.20147,30.19841,-7.62152,-3.72503,3.2729,0.37185,0.02872,0.17399,-258.92606,42.57621,-53.54164,-22.58273,-27.58663,-2.72659,6.53276
68.48,5.59568,13.05221,-1.73123,3.69027,1.72935,0.28609,4.92641,-0.33572,-0.96177,0.89342,-0.0189,0.05664,-0.00643,3.80676,0.06493,1.30739,-0.91282,0.1315,0.02304,-0.20166,30.20463,-7.64908,-3.71555,3.27507,0.37226,0.02803,0.17381,-258.88545,42.58483,-53.58919,-22.51735,-27.58456,-2.72131,6.53535
68.5,5.6322,12.93955,-1.70658,3.70226,1.72271,0.28523,4.92769,-0.33173,-0.96214,0.8853,-0.01921,0.05669,-0.00569,3.81121,0.06837,1.30973,-0.91765,0.13172,0.02309,-0.20176,30.21371,-7.67695,-3.70737,3.28057,0.37285,0.02748,0.17372,-258.85284,42.59487,-53.65206,-22.45602,-27.58225,-2.71362,6.53975
68.52,5.71625,12.86442,-1.7088,3.7216,1.7127,0.28444,4.92793,-0.33259,-0.96513,0.87947,-0.01944,0.05641,-0.00513,3.82024,0.06795,1.31235,-0.91866,0.13213,0.02303,-0.20162,30.22855,-7.70191,-3.70199,3.29096,0.37372,0.02734,0.17378,-258.82978,42.59959,-53.75268,-22.39759,-27.57784,-2.6989,6.5491
68.54,5.84332,12.82967,-1.73877,3.74498,1.70333,0.28396,4.92867,-0.3379,-0.9711,0.87668,-0.01962,0.05575,-0.00475,3.8319,0.06333,1.31485,-0.91809,0.13257,0.023,-0.20139,30.24782,-7.72778,-3.69849,3.30585,0.37485,0.02736,0.17397,-258.81112,42.6031,-53.86216,-22.34015,-27.57289,-2.68307,6.55905
68.56,6.00712,12.83496,-1.79393,3.76971,1.69753,0.28393,4.93119,-0.34711,-0.98009,0.87702,-0.01977,0.05469,-0.00453,3.84433,0.0545,1.31687,-0.91772,0.13293,0.02305,-0.20113,30.27082,-7.75743,-3.69625,3.32527,0.37622,0.02736,0.17427,-258.79261,42.61396,-53.96336,-22.28542,-27.5683,-2.66839,6.56806
68.58,6.20721,12.8684,-1.86731,3.79645,1.6939,0.28415,4.93549,-0.36013,-0.99149,0.87893,-0.01988,0.05335,-0.00442,3.85858,0.04157,1.31857,-0.91682,0.1333,0.02313,-0.20079,30.2983,-7.78971,-3.69568,3.34926,0.37788,0.02741,0.1747,-258.76429,42.63103,-54.08284,-22.22033,-27.56333,-2.65095,6.58
68.6,6.42032,12.94262,-1.9516,3.82316,1.69346,0.28499,4.94193,-0.37382,-1.00432,0.88456,-0.01992,0.05181,-0.00453,3.87157,0.02706,1.31999,-0.91589,0.13351,0.02321,-0.20046,30.3318,-7.82873,-3.69577,3.37944,0.37988,0.02749,0.17523,-258.7534,42.65595,-54.1744,-22.17392,-27.55889,-2.63842,6.58696
68.62,6.62375,13.07515,-2.03819,3.84806,1.69682,0.28689,4.95085,-0.38401,-1.01747,0.89673,-0.01984,0.05017,-0.00497,3.87954,0.01426,1.32117,-0.91529,0.13337,0.02325,-0.20024,30.37274,-7.88105,-3.69468,3.41677,0.38227,0.02756,0.17582,-258.79494,42.71284,-54.18672,-22.18573,-27.55706,-2.64034,6.57905
68.64,6.81177,13.22185,-2.11345,3.87074,1.70234,0.28919,4.96194,-0.39142,-1.02959,0.91051,-0.01967,0.04867,-0.00556,3.88477,0.00312,1.32233,-0.91481,0.1331,0.02321,-0.20009,30.41937,-7.94102,-3.69318,3.4599,0.385,0.02761,0.17645,-258.85765,42.77718,-54.17379,-22.21983,-27.5565,-2.64634,6.56693
68.66,6.9809,13.34478,-2.16568,3.89095,1.70839,0.29133,4.97481,-0.39631,-1.03955,0.92191,-0.01947,0.0475,-0.00612,3.88898,-0.00613,1.32358,-0.9144,0.13289,0.02308,-0.19995,30.46927,-8.00404,-3.69176,3.50659,0.38799,0.02764,0.17713,-258.90761,42.83842,-54.177,-22.24149,-27.55502,-2.64938,6.55792
68.68,7.1316,13.4538,-2.18917,3.90948,1.71285,0.29345,4.98908,-0.39588,-1.04663,0.93233,-0.0192,0.04674,-0.00671,3.89036,-0.01127,1.32511,-0.91348,0.13266,0.02287,-0.19985,30.52169,-8.073,-3.68927,3.55525,0.39115,0.02763,0.17778,-258.96405,42.93732,-54.17526,-22.27732,-27.55355,-2.65555,6.54603
68.7,7.17156,13.4792,-2.17661,3.91819,1.71862,0.29494,5.00398,-0.39071,-1.04887,0.93728,-0.01889,0.04665,-0.00714,3.88881,-0.01233,1.32632,-0.9152,0.13254,0.02255,-0.19997,30.57226,-8.13857,-3.68565,3.60558,0.39436,0.02754,0.17836,-259.00719,42.96201,-54.17773,-22.28836,-27.55206,-2.65573,6.53953
68.72,7.00644,13.34003,-2.12356,3.90795,1.72954,0.29508,5.01829,-0.38235,-1.04454,0.93172,-0.01858,0.04739,-0.0072,3.88456,-0.01034,1.32641,-0.92335,0.1327,0.0221,-0.20053,30.61451,-8.18871,-3.68095,3.65608,0.39743,0.02726,0.17886,-258.99208,42.77806,-54.19874,-22.20946,-27.54953,-2.63978,6.54865
68.74,6.67814,13.08884,-2.03877,3.88515,1.73984,0.29427,5.03171,-0.36897,-1.03489,0.91925,-0.01829,0.04889,-0.00697,3.87636,-0.00449,1.32556,-0.93541,0.13302,0.02162,-0.20137,30.64722,-8.22915,-3.6744,3.70271,0.40018,0.02688,0.17918,-258.95898,42.51652,-54.22983,-22.10075,-27.5465,-2.61689,6.56392
68.76,6.23284,12.76718,-1.93241,3.85553,1.74466,0.29286,5.0439,-0.34967,-1.02137,0.90284,-0.01806,0.05098,-0.0065,3.86354,0.00526,1.32395,-0.94921,0.1334,0.02118,-0.20234,30.66824,-8.26275,-3.66575,3.74054,0.40238,0.02651,0.17924,-258.93426,42.2814,-54.25955,-22.00611,-27.54355,-2.59623,6.57714
68.78,5.66106,12.3611,-1.81231,3.81666,1.74637,0.2907,5.05385,-0.32621,-1.00435,0.88153,-0.01795,0.05359,-0.0057,3.84623,0.017,1.32129,-0.96596,0.13389,0.02071,-0.20351,30.67132,-8.28391,-3.65357,3.76513,0.4038,0.02598,0.17894,-258.90983,42.03195,-54.26146,-21.91812,-27.5408,-2.58014,6.58879
68.8,4.86214,11.84153,-1.68411,3.76672,1.74074,0.28751,5.06218,-0.29826,-0.98361,0.85437,-0.01797,0.05686,-0.00449,3.82458,0.03077,1.31679,-0.98645,0.13452,0.02051,-0.20489,30.65899,-8.28795,-3.6423,3.7792,0.40434,0.02568,0.17842,-258.87552,41.76998,-54.32342,-21.80628,-27.53657,-2.55192,6.60583
68.82,3.72968,11.18822,-1.55358,3.70415,1.72339,0.28313,5.06989,-0.26535,-0.95902,0.82079,-0.01813,0.06099,-0.00278,3.79865,0.04672,1.30955,-1.01128,0.13533,0.02087,-0.20647,30.63359,-8.2716,-3.63756,3.78485,0.40391,0.02606,0.1778,-258.81285,41.51224,-54.52532,-21.63728,-27.53077,-2.49455,6.63422
68.84,2.38997,10.44009,-1.42877,3.63265,1.69905,0.27783,5.07566,-0.22992,-0.93226,0.78244,-0.01845,0.06557,-0.00066,3.77011,0.0624,1.30053,-1.03936,0.13627,0.02155,-0.20822,30.5923,-8.23504,-3.63503,3.77787,0.40242,0.02671,0.177,-258.7434,41.24184,-54.78747,-21.44682,-27.52333,-2.42438,6.66848
68.86,0.97097,9.64374,-1.31577,3.55699,1.67205,0.27205,5.07882,-0.1939,-0.90502,0.7416,-0.01892,0.07023,0.00174,3.74048,0.07617,1.29072,-1.06921,0.13731,0.02228,-0.21006,30.53379,-8.17991,-3.6315,3.75457,0.39987,0.02732,0.17595,-258.68416,40.95544,-55.02817,-21.26856,-27.51546,-2.3585,6.70118
68.88,-0.50758,8.8259,-1.21783,3.47906,1.64398,0.26613,5.08041,-0.15729,-0.87773,0.70066,-0.01945,0.0749,0.00424,3.70971,0.08786,1.27983,-1.10055,0.13845,0.02279,-0.2119,30.45363,-8.11137,-3.62869,3.71126,0.39638,0.02805,0.17469,-258.58923,40.68998,-55.23196,-21.0741,-27.51091,-2.30032,6.73028
68.9,-2.00485,8.0004,-1.13434,3.40391,1.61232,0.25982,5.08121,-0.12345,-0.85218,0.65767,-0.02017,0.07943,0.00704,3.68372,0.09743,1.26978,-1.13112,0.13957,0.02397,-0.2138,30.38395,-8.02658,-3.62826,3.6748,0.3924,0.02888,0.17363,-258.56736,40.36224,-55.5217,-20.9109,-27.4992,-2.22302,6.76904
68.92,-3.46831,7.17821,-1.06178,3.33712,1.57374,0.25276,5.08179,-0.09588,-0.83009,0.61016,-0.0212,0.0837,0.01038,3.66917,0.10517,1.26284,-1.15843,0.14045,0.02689,-0.21581,30.36134,-7.92038,-3.63182,3.67691,0.38843,0.02977,0.17324,-258.77538,39.85727,-56.02357,-20.86155,-27.47024,-2.09611,6.83289
68.94,-4.80361,6.43078,-1.00486,3.28142,1.53543,0.24599,5.08331,-0.07384,-0.81195,0.56462,-0.02229,0.08746,0.01371,3.66283,0.11071,1.25797,-1.18245,0.14112,0.03045,-0.21765,30.36191,-7.80917,-3.63825,3.69823,0.38468,0.03078,0.1733,-259.06464,39.29525,-56.61159,-20.84942,-27.43416,-1.9504,6.90693
68.96,-5.91834,5.82279,-0.96843,3.23934,1.50415,0.24045,5.08684,-0.057,-0.79839,0.52674,-0.02321,0.09046,0.01655,3.66231,0.11356,1.25455,-1.20294,0.14165,0.03371,-0.21915,30.3678,-7.70927,-3.64643,3.72377,0.38145,0.0319,0.17362,-259.3263,38.76897,-57.1606,-20.82673,-27.40151,-1.81349,6.97677
68.98,-6.78277,5.36499,-0.95096,3.21316,1.47931,0.23612,5.09292,-0.04692,-0.79015,0.49628,-0.02397,0.09261,0.01892,3.67001,0.11403,1.25338,-1.21874,0.14195,0.03698,-0.22033,30.39521,-7.62359,-3.65662,3.76687,0.37913,0.03309,0.17438,-259.59585,38.24371,-57.71758,-20.80594,-27.3681,-1.67493,7.04733
69,-7.64406,4.90834,-0.93262,3.18653,1.45386,0.23172,5.09784,-0.03679,-0.7817,0.46576,-0.02472,0.09472,0.02128,3.67729,0.11452,1.25201,-1.23411,0.14218,0.04028,-0.2214,30.42219,-7.53677,-3.66663,3.80964,0.37677,0.03428,0.17514,-259.87665,37.7185,-58.28056,-20.79247,-27.33447,-1.53567,7.11882
