T,J7,J8,J9,J10,J11,J12,J13,J14,J15,J16,J17,J18,J19,J20,J21,J22,J23,J24,J25,J26,J27,J28,J29,J30,J31,J32,J33,J34,J35,J36,J37,J38,J39,J40
0,-3e-05,-0,0,0,-0,0,4e-05,0.0005,-0,8e-05,1e-05,0,-1e-05,0.00016,2e-05,-0.00028,2e-05,0,0,-0,2e-05,9e-05,-9e-05,-1e-05,0,0,-0,-0.00014,0.00477,-0.00231,7e-05,0.00026,-0.00021,-0.00022
0.02,-3e-05,-0,0,0,-0,0,5e-05,0.00051,-0,8e-05,1e-05,0,-1e-05,0.00017,3e-05,-0.00028,2e-05,0,0,-0,2e-05,9e-05,-9e-05,-1e-05,0,0,-0,-0.00014,0.00485,-0.00234,8e-05,0.00027,-0.00021,-0.00022
0.04,-3e-05,-0,0,0,-0,0,5e-05,0.00052,-0,8e-05,1e-05,0,-1e-05,0.00017,3e-05,-0.00028,2e-05,0,0,-0,2e-05,0.0001,-9e-05,-1e-05,0,0,-0,-0.00014,0.00487,-0.00233,8e-05,0.00027,-0.00021,-0.00022
0.06,-3e-05,-0,0,0,-0,0,5e-05,0.00052,-0,8e-05,1e-05,0,-1e-05,0.00017,3e-05,-0.00028,2e-05,0,0,-0,2e-05,9e-05,-9e-05,-1e-05,0,0,-0,-0.00014,0.00482,-0.0023,8e-05,0.00026,-0.00021,-0.00022
0.08,-3e-05,-0,0,0,-0,0,5e-05,0.00051,-0,8e-05,1e-05,0,-1e-05,0.00017,3e-05,-0.00028,2e-05,0,0,-0,2e-05,9e-05,-9e-05,-1e-05,0,0,-0,-0.00014,0.00471,-0.00224,8e-05,0.00026,-0.0002,-0.00022
0.1,-3e-05,-0,0,0,-0,0,5e-05,0.0005,0,7e-05,1e-05,0,-1e-05,0.00018,3e-05,-0.00028,2e-05,0,0,-0,2e-05,9e-05,-8e-05,-1e-05,0,0,-0,-0.00013,0.00454,-0.00215,8e-05,0.00025,-0.0002,-0.00021
0.12,-2e-05,-0,0,0,-0,0,5e-05,0.00049,0,6e-05,1e-05,0,-0,0.00018,4e-05,-0.00027,2e-05,0,0,-0,2e-05,8e-05,-8e-05,-1e-05,0,0,-0,-0.00012,0.00432,-0.00204,8e-05,0.00023,-0.00019,-0.0002
0.14,-2e-05,-0,0,0,0,0,4e-05,0.00047,0,5e-05,0,0,-0,0.00019,4e-05,-0.00027,2e-05,0,0,-0,2e-05,8e-05,-8e-05,-1e-05,0,0,-0,-0.00011,0.00406,-0.00191,7e-05,0.00022,-0.00017,-0.00019
0.16,-1e-05,-0,0,0,0,0,4e-05,0.00044,0,4e-05,0,0,-0,0.0002,4e-05,-0.00028,2e-05,-0,0,-0,1e-05,7e-05,-7e-05,-1e-05,0,0,-0,-9e-05,0.00376,-0.00176,7e-05,0.0002,-0.00016,-0.00018
0.18,-0,-0,0,-0,0,0,4e-05,0.00041,0,2e-05,0,0,-0,0.0002,5e-05,-0.00028,2e-05,-0,0,-0,1e-05,6e-05,-6e-05,-1e-05,0,0,-0,-7e-05,0.00343,-0.0016,6e-05,0.00018,-0.00014,-0.00016
0.2,1e-05,-0,0,-0,0,0,4e-05,0.00038,0,1e-05,0,0,-0,0.00021,6e-05,-0.00028,3e-05,-0,0,-0,1e-05,5e-05,-5e-05,-1e-05,0,-0,-0,-4e-05,0.00311,-0.00144,6e-05,0.00016,-0.00012,-0.00015
0.22,2e-05,-0,0,-0,0,0,4e-05,0.00035,0,-0,0,0,-0,0.00022,6e-05,-0.00028,3e-05,-0,0,-0,1e-05,4e-05,-5e-05,-1e-05,0,-0,-0,-2e-05,0.00282,-0.00129,5e-05,0.00014,-0.00011,-0.00014
0.24,3e-05,-0,-0,-0,0,0,4e-05,0.00031,0,-1e-05,0,0,-0,0.00023,7e-05,-0.00027,3e-05,-0,0,-0,0,4e-05,-4e-05,-1e-05,0,-0,-0,1e-05,0.00258,-0.00117,4e-05,0.00013,-9e-05,-0.00012
0.26,4e-05,-0,-0,-0,0,0,4e-05,0.00028,0,-2e-05,-0,0,0,0.00023,7e-05,-0.00027,3e-05,-0,0,-0,-0,3e-05,-3e-05,-0,0,-0,-0,4e-05,0.0024,-0.00107,3e-05,0.00011,-8e-05,-0.00011
0.28,5e-05,0,-0,-0,0,0,4e-05,0.00024,1e-05,-3e-05,-0,0,0,0.00023,8e-05,-0.00026,3e-05,-0,0,-0,-0,3e-05,-2e-05,-0,0,-0,-0,8e-05,0.00227,-0.00099,2e-05,0.0001,-7e-05,-0.0001
0.3,5e-05,0,-0,-0,0,0,3e-05,0.00021,1e-05,-3e-05,-0,0,0,0.00023,8e-05,-0.00025,4e-05,-0,0,-0,-1e-05,2e-05,-1e-05,-0,0,-0,-0,0.00011,0.00219,-0.00092,0,0.0001,-7e-05,-0.0001
0.32,6e-05,0,-0,-0,0,0,3e-05,0.00018,1e-05,-4e-05,-0,0,0,0.00023,9e-05,-0.00024,4e-05,-0,0,-0,-1e-05,2e-05,-1e-05,-0,0,-0,-0,0.00014,0.00215,-0.00087,-1e-05,9e-05,-6e-05,-9e-05
0.34,7e-05,0,-0,-0,0,0,3e-05,0.00015,1e-05,-4e-05,-0,0,0,0.00021,0.0001,-0.00022,4e-05,-0,0,-0,-1e-05,2e-05,-0,-0,0,-0,-0,0.00017,0.00212,-0.00083,-3e-05,9e-05,-6e-05,-9e-05
0.36,8e-05,0,-0,-0,0,0,3e-05,0.00012,1e-05,-4e-05,-0,0,0,0.00019,0.0001,-0.00019,4e-05,-0,0,-0,-1e-05,2e-05,0,-0,-0,-0,-0,0.0002,0.00211,-0.00079,-5e-05,9e-05,-6e-05,-9e-05
0.38,8e-05,1e-05,-0,-0,0,0,2e-05,0.0001,1e-05,-5e-05,-0,0,0,0.00017,0.00011,-0.00016,3e-05,-0,0,-0,-1e-05,2e-05,0,-0,-0,-0,0,0.00022,0.0021,-0.00075,-6e-05,9e-05,-6e-05,-8e-05
0.4,8e-05,1e-05,-0,-0,0,0,2e-05,7e-05,1e-05,-5e-05,-0,0,1e-05,0.00013,0.00013,-0.00012,3e-05,-0,0,-0,-1e-05,3e-05,1e-05,-0,-0,-0,0,0.00024,0.00208,-0.00071,-8e-05,9e-05,-6e-05,-8e-05
0.42,9e-05,1e-05,-0,-0,0,0,1e-05,4e-05,1e-05,-6e-05,-0,0,1e-05,8e-05,0.00014,-7e-05,2e-05,-0,0,-0,-1e-05,3e-05,1e-05,-0,-0,0,0,0.00025,0.00207,-0.00066,-9e-05,8e-05,-6e-05,-8e-05
0.44,9e-05,1e-05,-0,0,0,0,1e-05,1e-05,1e-05,-7e-05,-0,0,1e-05,2e-05,0.00015,-0,1e-05,-0,0,-0,-0,3e-05,2e-05,-0,-0,0,0,0.00026,0.00204,-0.00062,-0.0001,8e-05,-5e-05,-7e-05
0.46,9e-05,1e-05,-0,0,0,0,0,-4e-05,2e-05,-8e-05,-0,0,1e-05,-5e-05,0.00016,8e-05,0,0,0,-0,-0,3e-05,2e-05,-0,-0,0,0,0.00026,0.00201,-0.00057,-0.00011,8e-05,-5e-05,-7e-05
0.48,9e-05,1e-05,0,0,0,0,0,-0.0001,2e-05,-0.0001,-0,0,1e-05,-0.00013,0.00017,0.00017,-1e-05,0,0,-0,-0,4e-05,2e-05,-0,-0,0,0,0.00025,0.00196,-0.00051,-0.00012,7e-05,-5e-05,-6e-05
0.5,8e-05,0,0,0,0,0,-0,-0.00018,2e-05,-0.00012,-0,0,2e-05,-0.00021,0.00017,0.00027,-2e-05,0,0,-0,0,4e-05,2e-05,-0,-0,0,0,0.00025,0.0019,-0.00045,-0.00012,6e-05,-5e-05,-6e-05
0.52,8e-05,0,1e-05,0,0,-0,-1e-05,-0.00028,2e-05,-0.00015,0,1e-05,2e-05,-0.00031,0.00015,0.00038,-3e-05,0,0,-0,0,5e-05,2e-05,-0,-0,0,0,0.00024,0.00181,-0.00039,-0.00013,6e-05,-4e-05,-5e-05
0.54,8e-05,0,1e-05,0,-0,-0,-2e-05,-0.00042,2e-05,-0.0002,1e-05,1e-05,2e-05,-0.00041,0.00012,0.0005,-4e-05,0,0,0,0,6e-05,2e-05,0,-0,0,0,0.00023,0.0017,-0.00031,-0.00014,5e-05,-4e-05,-4e-05
0.56,7e-05,0,2e-05,0,-0,-0,-2e-05,-0.00058,1e-05,-0.00025,1e-05,1e-05,2e-05,-0.00051,6e-05,0.0006,-5e-05,0,0,0,1e-05,7e-05,1e-05,0,-0,0,0,0.00022,0.00156,-0.00022,-0.00015,3e-05,-3e-05,-3e-05
0.58,7e-05,0,3e-05,0,0,-0,-3e-05,-0.00079,1e-05,-0.00031,2e-05,1e-05,3e-05,-0.00061,-3e-05,0.00065,-5e-05,-0,0,-0,1e-05,9e-05,0,0,-0,0,0,0.00021,0.00138,-0.00012,-0.00016,2e-05,-2e-05,-1e-05
0.6,7e-05,0,5e-05,0,0,-0,-4e-05,-0.00103,1e-05,-0.00038,3e-05,1e-05,3e-05,-0.00069,-0.00015,0.00065,-4e-05,-0,0,-0,1e-05,0.0001,-0,1e-05,-0,0,0,0.00019,0.00115,-0,-0.00018,-0,-1e-05,0
0.62,7e-05,-0,7e-05,0,0,-0,-4e-05,-0.00131,0,-0.00044,4e-05,1e-05,3e-05,-0.00073,-0.00029,0.00059,-4e-05,-0,-0,-0,2e-05,0.00012,-1e-05,1e-05,0,0,0,0.00017,0.00088,0.00013,-0.00021,-3e-05,0,2e-05
0.64,9e-05,-0,0.0001,0,0,0,-5e-05,-0.00162,0,-0.00048,6e-05,1e-05,2e-05,-0.00067,-0.00043,0.00042,-3e-05,-0,-0,-0,2e-05,0.00013,-2e-05,1e-05,0,0,0,0.00013,0.00058,0.00027,-0.00024,-6e-05,2e-05,4e-05
0.66,0.00011,-0,0.00012,-0,0,0,-5e-05,-0.00197,-0,-0.00052,8e-05,1e-05,2e-05,-0.00048,-0.00056,0.0001,-2e-05,-1e-05,-1e-05,-0,3e-05,0.00015,-3e-05,2e-05,0,0,-0,8e-05,0.00027,0.00041,-0.00028,-9e-05,4e-05,6e-05
0.68,0.00014,0,0.00014,-0,1e-05,0,-6e-05,-0.00236,0,-0.00055,0.0001,0,2e-05,-8e-05,-0.00068,-0.00036,-2e-05,-1e-05,-1e-05,-1e-05,4e-05,0.00016,-4e-05,2e-05,0,0,-0,2e-05,-2e-05,0.00054,-0.00034,-0.00012,5e-05,9e-05
0.7,0.00017,1e-05,0.00015,-0,1e-05,0,-6e-05,-0.00278,2e-05,-0.00057,0.00012,0,2e-05,0.0006,-0.00072,-0.001,-2e-05,-1e-05,-1e-05,-1e-05,6e-05,0.00017,-5e-05,2e-05,0,-0,-0,-7e-05,-0.00023,0.00064,-0.0004,-0.00015,7e-05,0.00011
0.72,0.00022,3e-05,0.00013,-0,1e-05,0,-4e-05,-0.00318,5e-05,-0.00056,0.00015,0,1e-05,0.00161,-0.00045,-0.00223,-3e-05,-1e-05,-1e-05,-1e-05,8e-05,0.00019,-6e-05,3e-05,0,-0,-0,-0.00017,-0.00031,0.0007,-0.00048,-0.00017,8e-05,0.00012
0.74,0.00026,8e-05,0.00011,-0,1e-05,0,-1e-05,-0.00353,0.00013,-0.00055,0.00016,0,1e-05,0.00293,0.00021,-0.00437,-5e-05,-0,-0,-1e-05,9e-05,0.00021,-7e-05,3e-05,0,-0,-0,-0.00028,-0.00021,0.00069,-0.00056,-0.00019,9e-05,0.00012
0.76,0.0003,0.00016,9e-05,-0,2e-05,0,4e-05,-0.00384,0.00027,-0.00056,0.00017,0,1e-05,0.00422,0.00111,-0.00728,-0.0001,-0,0,-1e-05,0.00012,0.00024,-8e-05,3e-05,1e-05,-0,-0,-0.00042,9e-05,0.00061,-0.00066,-0.0002,9e-05,0.00012
0.78,0.00035,0.00019,9e-05,-1e-05,2e-05,0,0.00012,-0.004,0.00042,-0.00058,0.00016,0,0,0.00401,0.00194,-0.01354,-0.00018,0,0,-1e-05,0.00014,0.00027,-0.0001,3e-05,1e-05,-0,-0,-0.00056,0.00058,0.00048,-0.00077,-0.00021,8e-05,0.0001
0.8,0.00037,0.00024,4e-05,-1e-05,2e-05,0,0.00019,-0.00423,0.00063,-0.00064,0.00014,0,0,0.00362,0.00121,-0.0137,-0.00039,1e-05,-1e-05,0,0.00016,0.0003,-0.0001,3e-05,1e-05,-0,-0,-0.00073,0.00122,0.00031,-0.00089,-0.00021,7e-05,8e-05
0.82,0.00029,0.00026,-0.00013,-1e-05,2e-05,0,0.0002,-0.00504,0.00107,-0.00077,0.0001,0,-0,0.00259,-0.0041,0.00031,-0.00103,3e-05,-1e-05,4e-05,0.00019,0.00033,-0.0001,3e-05,1e-05,-0,-0,-0.00091,0.00197,0.00012,-0.00104,-0.0002,6e-05,6e-05
0.84,0.00018,0.00017,-0.00024,-1e-05,2e-05,0,0.00025,-0.00599,0.00154,-0.00091,5e-05,0,-0,0.00166,-0.00957,0.00716,-0.00175,6e-05,0,7e-05,0.00022,0.00035,-0.0001,3e-05,1e-05,-0,-0,-0.0011,0.0028,-4e-05,-0.0012,-0.00019,4e-05,3e-05
0.86,0.00016,4e-05,-0.00022,-2e-05,3e-05,0,0.0004,-0.00677,0.00184,-0.00097,-0,0,-1e-05,0.00238,-0.01177,0.0112,-0.002,7e-05,3e-05,8e-05,0.00025,0.00038,-8e-05,3e-05,1e-05,-0,-0,-0.0013,0.00371,-0.00019,-0.00138,-0.00019,2e-05,1e-05
0.88,0.00027,-0.00011,-0.0001,-2e-05,3e-05,0,0.00067,-0.00738,0.002,-0.00097,-6e-05,0,-2e-05,0.00692,-0.01083,0.01566,-0.00158,6e-05,7e-05,7e-05,0.00028,0.0004,-5e-05,2e-05,1e-05,-0,-0,-0.00152,0.00472,-0.00034,-0.00157,-0.00018,-0,-2e-05
0.9,0.00049,-0.00015,1e-05,-3e-05,3e-05,-0,0.00092,-0.00776,0.00191,-0.0009,-0.0001,1e-05,-2e-05,0.0171,-0.0088,0.01651,-0.00074,4e-05,7e-05,4e-05,0.00031,0.00043,-3e-05,2e-05,0,-0,0,-0.00174,0.00587,-0.00049,-0.00178,-0.00016,-3e-05,-5e-05
0.92,0.00063,-0.0001,1e-05,-3e-05,3e-05,-0,0.00076,-0.00822,0.0015,-0.00077,-0.00012,1e-05,-3e-05,0.0184,-0.00906,0.01117,-0.00046,3e-05,6e-05,3e-05,0.00035,0.00046,-0,1e-05,0,0,0,-0.00197,0.00717,-0.00069,-0.00198,-0.00013,-7e-05,-8e-05
0.94,0.00073,4e-05,-0,-4e-05,2e-05,-0,0.00045,-0.00869,0.00106,-0.00058,-0.0001,1e-05,-3e-05,0.01047,-0.00865,0.00508,-0.0004,3e-05,4e-05,3e-05,0.00038,0.00052,2e-05,-0,0,0,0,-0.0022,0.00865,-0.00094,-0.00219,-0.0001,-0.00011,-0.00013
0.96,0.00086,0.00018,-2e-05,-5e-05,2e-05,-0,0.00024,-0.00913,0.00073,-0.00038,-7e-05,2e-05,-2e-05,0.00496,-0.0078,0.0018,-0.00017,1e-05,2e-05,2e-05,0.00042,0.00058,3e-05,-1e-05,0,0,0,-0.00242,0.0103,-0.00124,-0.00239,-5e-05,-0.00016,-0.00018
0.98,0.00098,0.00027,-5e-05,-6e-05,2e-05,-0,7e-05,-0.00958,0.00048,-0.00017,-3e-05,2e-05,-2e-05,0.00144,-0.00757,0.00027,0.00014,0,1e-05,2e-05,0.00046,0.00067,3e-05,-3e-05,-0,0,0,-0.00263,0.01204,-0.00157,-0.00258,0,-0.00021,-0.00024
1,0.0011,0.0003,-0.0001,-8e-05,2e-05,-0,-2e-05,-0.01,0.0003,4e-05,1e-05,2e-05,-2e-05,-0.00019,-0.00778,-0.00024,0.00049,-0,0,1e-05,0.0005,0.00076,3e-05,-4e-05,-0,0,0,-0.00283,0.0137,-0.00188,-0.00276,5e-05,-0.00025,-0.00029
1.02,0.00119,0.00031,-0.00017,-9e-05,1e-05,-0,-4e-05,-0.01031,0.00019,0.00027,6e-05,3e-05,-1e-05,-0.00063,-0.00811,-0.00032,0.00079,-0,-0,0,0.00053,0.00088,2e-05,-6e-05,-0,0,0,-0.00302,0.01501,-0.00205,-0.00294,9e-05,-0.00029,-0.00033
1.04,0.00127,0.00029,-0.00024,-0.00011,1e-05,-0,-4e-05,-0.01055,0.0001,0.00046,9e-05,3e-05,-0,-0.00048,-0.00854,-0.00031,0.00101,0,-0,-0,0.00057,0.00101,0,-8e-05,-0,0,0,-0.00319,0.01591,-0.00208,-0.0031,0.0001,-0.0003,-0.00036
1.06,0.00131,0.00025,-0.00029,-0.00012,0,-0,-4e-05,-0.01073,2e-05,0.0006,0.0001,3e-05,0,-0.00018,-0.00898,-0.00035,0.00112,0,-0,0,0.0006,0.00114,-2e-05,-0.0001,-0,-0,0,-0.00331,0.01641,-0.002,-0.00322,9e-05,-0.00031,-0.00036
1.08,0.00134,0.0002,-0.0003,-0.00014,-0,-0,-2e-05,-0.01087,-5e-05,0.0007,0.00011,3e-05,0,2e-05,-0.00935,-0.00048,0.00115,0,-0,0,0.00062,0.00127,-4e-05,-0.00012,-0,-0,-0,-0.00339,0.01648,-0.0018,-0.00329,4e-05,-0.00029,-0.00034
1.1,0.00136,0.00015,-0.00025,-0.00015,-1e-05,-0,-2e-05,-0.01095,-0.00011,0.00073,0.0001,3e-05,1e-05,-2e-05,-0.00958,-0.00066,0.00109,0,0,1e-05,0.00064,0.0014,-6e-05,-0.00014,-0,-0,-0,-0.00344,0.01611,-0.00152,-0.00331,-4e-05,-0.00026,-0.0003
1.12,0.00137,0.00011,-0.00015,-0.00017,-2e-05,-0,-1e-05,-0.01097,-0.00017,0.0007,7e-05,3e-05,0,-0.00034,-0.00959,-0.00085,0.00097,0,0,1e-05,0.00066,0.00152,-7e-05,-0.00015,-1e-05,-0,-0,-0.00348,0.01528,-0.00117,-0.00328,-0.00014,-0.00021,-0.00024
1.14,0.00139,6e-05,-3e-05,-0.00019,-2e-05,-0,-0,-0.01094,-0.00021,0.00063,4e-05,3e-05,0,-0.00073,-0.00948,-0.00102,0.00083,2e-05,0,1e-05,0.00066,0.00162,-7e-05,-0.00016,-1e-05,-0,-0,-0.0035,0.01412,-0.00079,-0.0032,-0.00027,-0.00014,-0.00015
1.16,0.00142,2e-05,0.00011,-0.0002,-3e-05,-0,0,-0.01086,-0.00025,0.00056,3e-05,3e-05,0,-0.00099,-0.00934,-0.00115,0.00069,5e-05,-0,1e-05,0.00066,0.00168,-6e-05,-0.00017,-1e-05,0,0,-0.0035,0.01275,-0.00043,-0.00306,-0.00041,-7e-05,-6e-05
1.18,0.00145,-3e-05,0.00023,-0.00021,-4e-05,-0,1e-05,-0.01071,-0.00029,0.00049,2e-05,3e-05,0,-0.00108,-0.00917,-0.00123,0.00059,9e-05,-0,1e-05,0.00064,0.00172,-3e-05,-0.00016,-2e-05,0,0,-0.00348,0.01122,-0.00011,-0.00288,-0.00056,0,4e-05
1.2,0.00151,-7e-05,0.00033,-0.00022,-4e-05,-0,2e-05,-0.01048,-0.00033,0.00041,1e-05,3e-05,0,-0.00101,-0.00893,-0.00127,0.00052,0.00014,-0,-0,0.00061,0.00172,1e-05,-0.00015,-2e-05,0,0,-0.00348,0.00964,0.00014,-0.00265,-0.0007,7e-05,0.00015
1.22,0.00158,-0.00012,0.0004,-0.00022,-5e-05,-0,3e-05,-0.01015,-0.00038,0.00032,1e-05,3e-05,0,-0.00084,-0.00858,-0.00126,0.00046,0.00021,-0,-1e-05,0.00057,0.00169,6e-05,-0.00012,-2e-05,0,0,-0.00348,0.0081,0.00032,-0.00237,-0.00083,0.00014,0.00024
1.24,0.00168,-0.00017,0.00042,-0.00023,-5e-05,-0,6e-05,-0.00972,-0.00043,0.00025,1e-05,3e-05,-0,-0.00057,-0.00812,-0.00122,0.00044,0.00026,-1e-05,-1e-05,0.00052,0.00164,0.0001,-7e-05,-3e-05,1e-05,0,-0.00351,0.00665,0.00044,-0.00207,-0.00094,0.00021,0.00033
1.26,0.0018,-0.00021,0.0004,-0.00023,-5e-05,-0,8e-05,-0.00917,-0.00049,0.00018,1e-05,3e-05,-0,-0.00027,-0.00757,-0.00117,0.00043,0.00029,-1e-05,-1e-05,0.00046,0.00156,0.00014,-2e-05,-3e-05,1e-05,0,-0.00358,0.00528,0.00049,-0.00174,-0.00101,0.00026,0.0004
1.28,0.00193,-0.00025,0.00036,-0.00023,-5e-05,-0,0.00011,-0.00846,-0.00056,0.00012,1e-05,3e-05,-0,-0,-0.00687,-0.0011,0.00044,0.00028,-0,-1e-05,0.00039,0.00146,0.00016,5e-05,-3e-05,1e-05,1e-05,-0.00368,0.004,0.00049,-0.0014,-0.00106,0.0003,0.00047
1.3,0.00208,-0.00028,0.00031,-0.00023,-6e-05,-0,0.00014,-0.00769,-0.00063,8e-05,0,3e-05,-0,0.0002,-0.00607,-0.00103,0.00045,0.00024,-0,-1e-05,0.00032,0.00133,0.00016,0.00014,-3e-05,1e-05,1e-05,-0.00381,0.00279,0.00045,-0.00103,-0.00108,0.00034,0.00052
1.32,0.00224,-0.00031,0.00024,-0.00022,-6e-05,-0,0.00017,-0.00697,-0.00071,4e-05,0,2e-05,-0,0.00034,-0.00524,-0.00097,0.00043,0.00017,-0,-1e-05,0.00025,0.00119,0.00013,0.00023,-3e-05,1e-05,1e-05,-0.00396,0.00165,0.00037,-0.00065,-0.00107,0.00038,0.00056
1.34,0.00242,-0.00033,0.00018,-0.00022,-6e-05,-0,0.00019,-0.0062,-0.00078,3e-05,-0,2e-05,-0,0.0004,-0.00436,-0.00091,0.00039,0.0001,-0,-0,0.00018,0.00104,8e-05,0.00034,-3e-05,1e-05,1e-05,-0.00412,0.00055,0.00027,-0.00025,-0.00104,0.00041,0.00061
1.36,0.00261,-0.00035,0.00013,-0.00021,-7e-05,-0,0.00022,-0.00534,-0.00084,3e-05,0,1e-05,-0,0.00041,-0.00343,-0.00085,0.00034,5e-05,0,-0,0.00012,0.00088,-0,0.00044,-3e-05,1e-05,1e-05,-0.00427,-0.00051,0.00016,0.00017,-0.00101,0.00044,0.00064
1.38,0.00278,-0.00036,0.0001,-0.0002,-8e-05,-0,0.00024,-0.00439,-0.00088,4e-05,2e-05,1e-05,-0,0.00038,-0.00247,-0.00079,0.00027,0,0,-0,7e-05,0.0007,-0.00011,0.00053,-2e-05,1e-05,0,-0.00438,-0.0015,1e-05,0.0006,-0.00096,0.00047,0.00068
1.4,0.00293,-0.00037,8e-05,-0.00019,-9e-05,-0,0.00025,-0.00352,-0.0009,6e-05,5e-05,-0,-0,0.00032,-0.00164,-0.00072,0.00018,-3e-05,1e-05,0,3e-05,0.00051,-0.00022,0.0006,-2e-05,0,0,-0.00441,-0.00237,-0.0001,0.00101,-0.0009,0.00049,0.00071
1.42,0.00305,-0.00038,6e-05,-0.00018,-0.00011,-0,0.00026,-0.00284,-0.00092,8e-05,0.00011,-1e-05,-0,0.00026,-0.00111,-0.00066,9e-05,-5e-05,1e-05,0,-0,0.0003,-0.00032,0.00068,-1e-05,0,0,-0.00434,-0.00313,-0.00012,0.00138,-0.00082,0.0005,0.00072
1.44,0.00311,-0.0004,5e-05,-0.00017,-0.00012,-0,0.00025,-0.00226,-0.00091,0.0001,0.0002,-2e-05,0,0.00019,-0.00071,-0.0006,0,-5e-05,1e-05,0,-2e-05,7e-05,-0.00039,0.00074,0,-0,-0,-0.00412,-0.00375,-0.00011,0.0017,-0.00074,0.0005,0.00073
1.46,0.00311,-0.00043,3e-05,-0.00015,-0.00014,-0,0.00023,-0.0017,-0.00088,0.00011,0.00032,-3e-05,1e-05,0.00012,-0.00036,-0.00053,-7e-05,-6e-05,2e-05,1e-05,-4e-05,-0.00017,-0.00043,0.00078,1e-05,-1e-05,-0,-0.00372,-0.00416,-0.0001,0.00195,-0.00064,0.00049,0.00072
1.48,0.00304,-0.00047,2e-05,-0.00013,-0.00017,-0,0.00021,-0.0012,-0.00082,0.00012,0.00045,-3e-05,1e-05,4e-05,-0.00011,-0.00044,-0.00013,-6e-05,2e-05,1e-05,-5e-05,-0.00043,-0.00042,0.00078,2e-05,-1e-05,-1e-05,-0.00316,-0.00435,-0.0001,0.00214,-0.00054,0.00047,0.0007
1.5,0.00288,-0.00053,-0,-0.00011,-0.00019,-0,0.00018,-0.0008,-0.00075,0.00012,0.00059,-3e-05,1e-05,-4e-05,-0,-0.00036,-0.00018,-5e-05,2e-05,1e-05,-6e-05,-0.00067,-0.00037,0.00077,3e-05,-1e-05,-1e-05,-0.00243,-0.0044,-8e-05,0.00225,-0.00043,0.00044,0.00067
1.52,0.00261,-0.0006,-3e-05,-8e-05,-0.00022,-0,0.00013,-0.0005,-0.00068,0.00013,0.00077,-2e-05,3e-05,-0.00014,-0,-0.0003,-0.00022,-5e-05,3e-05,2e-05,-8e-05,-0.0009,-0.00029,0.00075,4e-05,-2e-05,-1e-05,-0.00155,-0.00442,-5e-05,0.00229,-0.00033,0.00042,0.00063
1.54,0.00226,-0.00068,-6e-05,-5e-05,-0.00025,-0,9e-05,-0.00025,-0.0006,0.00013,0.0009,-1e-05,5e-05,-0.00023,-3e-05,-0.00025,-0.00026,-4e-05,3e-05,2e-05,-9e-05,-0.00109,-0.00019,0.00071,5e-05,-2e-05,-1e-05,-0.00062,-0.00435,-2e-05,0.00226,-0.00023,0.00039,0.0006
1.56,0.00189,-0.00077,-8e-05,-2e-05,-0.00028,-0,5e-05,-6e-05,-0.00051,0.00011,0.00088,-0,5e-05,-0.00034,-0.0001,-0.00018,-0.00029,-4e-05,3e-05,3e-05,-8e-05,-0.00124,-7e-05,0.00061,5e-05,-2e-05,-2e-05,0.00028,-0.00418,0,0.00218,-0.00014,0.00036,0.00056
1.58,0.00152,-0.00085,-0.00011,2e-05,-0.00031,-0,2e-05,8e-05,-0.00041,9e-05,0.00077,1e-05,5e-05,-0.00048,-0.0002,-0.00012,-0.00031,-4e-05,3e-05,4e-05,-5e-05,-0.00136,5e-05,0.00047,6e-05,-3e-05,-2e-05,0.00113,-0.00395,1e-05,0.00206,-6e-05,0.00034,0.00052
1.6,0.00117,-0.00091,-0.00013,5e-05,-0.00034,-0,-1e-05,0.00015,-0.00032,6e-05,0.00053,1e-05,3e-05,-0.00062,-0.00032,-7e-05,-0.00033,-4e-05,2e-05,5e-05,3e-05,-0.00145,0.00018,0.00026,6e-05,-3e-05,-2e-05,0.00187,-0.00373,0,0.00192,2e-05,0.00032,0.00049
1.62,0.00086,-0.00095,-0.00014,7e-05,-0.00036,-0,-4e-05,0.00019,-0.00025,2e-05,0.00022,1e-05,1e-05,-0.00075,-0.00039,-3e-05,-0.00033,-4e-05,2e-05,6e-05,0.00017,-0.00152,0.00029,-0,6e-05,-3e-05,-2e-05,0.00241,-0.0036,-5e-05,0.00177,9e-05,0.00031,0.00047
1.64,0.00063,-0.00095,-0.00015,9e-05,-0.00038,-0,-7e-05,0.00021,-0.00019,-2e-05,-1e-05,0,-1e-05,-0.00088,-0.00044,-1e-05,-0.00032,-4e-05,1e-05,7e-05,0.00039,-0.00159,0.00039,-0.00029,6e-05,-3e-05,-2e-05,0.00272,-0.00356,-0.00014,0.00164,0.00017,0.0003,0.00046
1.66,0.00047,-0.0009,-0.00015,0.0001,-0.00039,-0,-0.00011,0.0002,-0.00015,-5e-05,-0.00012,-0,-2e-05,-0.00102,-0.00049,0,-0.0003,-3e-05,1e-05,8e-05,0.0007,-0.00167,0.00047,-0.00058,6e-05,-3e-05,-1e-05,0.00283,-0.0036,-0.00026,0.00154,0.00025,0.0003,0.00045
1.68,0.00038,-0.00081,-0.00014,9e-05,-0.00039,-0,-0.00015,0.00018,-0.00011,-8e-05,-0.00015,-0,-3e-05,-0.00116,-0.00052,1e-05,-0.00027,-2e-05,0,8e-05,0.00112,-0.00177,0.00054,-0.00086,6e-05,-2e-05,-1e-05,0.00278,-0.00378,-0.0004,0.00148,0.00035,0.00031,0.00046
1.7,0.00035,-0.00066,-0.00013,8e-05,-0.00037,-0,-0.00021,0.00015,-7e-05,-0.00011,-0.00011,0,-3e-05,-0.00128,-0.00053,-0,-0.00022,2e-05,-0,8e-05,0.00164,-0.00191,0.0006,-0.00111,5e-05,-2e-05,-1e-05,0.00255,-0.00419,-0.00057,0.00147,0.00047,0.00033,0.00047
1.72,0.00038,-0.00046,-0.00011,5e-05,-0.00034,-0,-0.00027,0.00012,-5e-05,-0.00012,-1e-05,1e-05,-3e-05,-0.00136,-0.00053,-2e-05,-0.00017,9e-05,-0,8e-05,0.00226,-0.00209,0.00064,-0.00132,5e-05,-2e-05,-1e-05,0.00213,-0.00494,-0.00082,0.00152,0.00061,0.00036,0.0005
1.74,0.00045,-0.00022,-9e-05,1e-05,-0.00028,-0,-0.00033,9e-05,-3e-05,-0.00013,0.0001,2e-05,-2e-05,-0.00139,-0.0005,-4e-05,-0.00012,0.0002,0,6e-05,0.00293,-0.00231,0.00068,-0.00148,4e-05,-1e-05,-0,0.00166,-0.00604,-0.00111,0.00162,0.00078,0.0004,0.00054
1.76,0.00055,5e-05,-6e-05,-3e-05,-0.00021,-0,-0.0004,5e-05,-1e-05,-0.00013,0.00016,3e-05,-2e-05,-0.00138,-0.00044,-6e-05,-7e-05,0.00036,1e-05,5e-05,0.00359,-0.00257,0.00069,-0.00157,4e-05,-1e-05,-0,0.00122,-0.00744,-0.00137,0.00175,0.00097,0.00045,0.00058
1.78,0.00066,0.00033,-3e-05,-7e-05,-0.00013,-0,-0.00046,2e-05,-0,-0.00012,0.00017,3e-05,-1e-05,-0.00132,-0.00036,-7e-05,-3e-05,0.00054,2e-05,3e-05,0.00417,-0.00287,0.00067,-0.0016,3e-05,0,0,0.00086,-0.00908,-0.00159,0.00189,0.00118,0.00049,0.00063
1.8,0.0008,0.00058,-1e-05,-0.00011,-4e-05,-0,-0.00051,-2e-05,0,-0.00011,0.00013,3e-05,-1e-05,-0.00121,-0.00028,-8e-05,-1e-05,0.00075,4e-05,1e-05,0.00462,-0.00313,0.00062,-0.00158,3e-05,1e-05,0,0.00056,-0.01089,-0.00181,0.00197,0.00142,0.00054,0.00067
1.82,0.00099,0.0008,1e-05,-0.00015,5e-05,-0,-0.00055,-5e-05,0,-8e-05,5e-05,2e-05,-0,-0.00108,-0.00021,-8e-05,-0,0.00104,6e-05,-1e-05,0.00498,-0.00327,0.00052,-0.00154,3e-05,2e-05,1e-05,0.00026,-0.0128,-0.00208,0.00193,0.00166,0.00057,0.00069
1.84,0.0012,0.00094,2e-05,-0.00017,0.00014,-0,-0.00056,-7e-05,-0,-5e-05,-1e-05,1e-05,-0,-0.00092,-0.00015,-7e-05,0,0.00127,8e-05,-3e-05,0.00513,-0.00331,0.00039,-0.00145,2e-05,3e-05,1e-05,-8e-05,-0.01447,-0.00233,0.00175,0.00191,0.00058,0.00069
1.86,0.00141,0.00102,2e-05,-0.00018,0.0002,-0,-0.00055,-9e-05,-1e-05,-3e-05,-1e-05,0,1e-05,-0.00073,-8e-05,-5e-05,0,0.00134,9e-05,-4e-05,0.005,-0.00326,0.00025,-0.00131,2e-05,3e-05,1e-05,-0.00057,-0.01552,-0.00256,0.00146,0.00216,0.00057,0.00067
1.88,0.00165,0.00102,2e-05,-0.00018,0.00026,-0,-0.00051,-0.0001,-1e-05,-1e-05,3e-05,-0,1e-05,-0.00053,-3e-05,-3e-05,1e-05,0.00129,9e-05,-4e-05,0.00464,-0.0031,0.00013,-0.00113,2e-05,2e-05,1e-05,-0.00125,-0.01584,-0.00277,0.0011,0.00239,0.00053,0.00062
1.9,0.00187,0.00093,2e-05,-0.00016,0.00029,-0,-0.00047,-0.00011,-2e-05,1e-05,0.00012,-0,3e-05,-0.00034,1e-05,-0,2e-05,0.00108,8e-05,-5e-05,0.00404,-0.0028,4e-05,-0.00092,2e-05,0,1e-05,-0.00239,-0.01507,-0.00291,0.00071,0.0026,0.00048,0.00055
1.92,0.00206,0.00076,1e-05,-0.00014,0.0003,-0,-0.00042,-0.00012,-2e-05,1e-05,0.00024,0,4e-05,-0.00018,4e-05,3e-05,6e-05,0.00072,6e-05,-5e-05,0.00325,-0.00237,-1e-05,-0.00068,1e-05,-1e-05,0,-0.00438,-0.01301,-0.00288,0.00038,0.0028,0.00041,0.00047
1.94,0.00222,0.00052,-0,-0.00012,0.0003,-0,-0.00037,-0.00013,-1e-05,1e-05,0.00039,0,6e-05,-4e-05,7e-05,6e-05,0.0001,0.0004,4e-05,-5e-05,0.00201,-0.00127,1e-05,-0.00025,1e-05,-5e-05,-1e-05,-0.00707,-0.00994,-0.0027,0.00016,0.00297,0.00034,0.00039
1.96,0.00238,0.00025,-1e-05,-9e-05,0.00027,-0,-0.00031,-0.00013,-1e-05,1e-05,0.00051,1e-05,8e-05,9e-05,8e-05,9e-05,0.00014,0.00018,2e-05,-4e-05,0.00087,8e-05,9e-05,5e-05,-0,-0.0001,-2e-05,-0.01003,-0.00613,-0.00236,9e-05,0.00309,0.00027,0.00031
1.98,0.00253,-5e-05,-1e-05,-7e-05,0.00024,-0,-0.00024,-0.00014,-1e-05,1e-05,0.0006,1e-05,9e-05,0.00018,8e-05,0.00011,0.00019,3e-05,1e-05,-4e-05,8e-05,0.00154,0.00022,0.0001,-0,-0.00016,-4e-05,-0.01302,-0.0018,-0.00184,0.00016,0.00314,0.0002,0.00024
2,0.00265,-0.00036,-1e-05,-5e-05,0.00019,-0,-0.00019,-0.00014,-1e-05,1e-05,0.00065,1e-05,0.0001,0.00026,6e-05,0.00013,0.00023,-6e-05,1e-05,-4e-05,-0.00013,0.00296,0.00037,-0.00017,0,-0.00025,-7e-05,-0.01591,0.00272,-0.0011,0.00036,0.00313,0.00014,0.00018
2.02,0.00275,-0.00068,-0,-4e-05,0.00014,-0,-0.00015,-0.00015,-1e-05,0,0.00064,1e-05,0.0001,0.00031,4e-05,0.00014,0.00026,-0.0001,0,-4e-05,0.00039,0.00416,0.0005,-0.00078,2e-05,-0.00034,-0.0001,-0.01864,0.00677,-0.00023,0.00062,0.00304,9e-05,0.00012
2.04,0.00282,-0.00099,1e-05,-3e-05,8e-05,-0,-0.00011,-0.00015,-1e-05,0,0.00059,1e-05,9e-05,0.00035,1e-05,0.00013,0.00028,-0.00012,0,-3e-05,0.00167,0.00491,0.00065,-0.00165,5e-05,-0.00044,-0.00013,-0.02054,0.00986,0.00065,0.00084,0.00288,5e-05,7e-05
2.06,0.00289,-0.00128,2e-05,-2e-05,2e-05,-0,-8e-05,-0.00014,-1e-05,-0,0.00051,1e-05,8e-05,0.00035,-3e-05,0.00011,0.0003,-0.00013,0,-3e-05,0.00361,0.00504,0.00081,-0.0026,8e-05,-0.00052,-0.00016,-0.02113,0.01192,0.00145,0.001,0.00262,2e-05,4e-05
2.08,0.00295,-0.00153,4e-05,-1e-05,-4e-05,0,-6e-05,-0.00012,-1e-05,-1e-05,0.00042,0,7e-05,0.00031,-7e-05,8e-05,0.0003,-0.00013,0,-3e-05,0.00597,0.00448,0.00097,-0.0034,0.00011,-0.00055,-0.00018,-0.02062,0.01297,0.00212,0.00103,0.00229,0,1e-05
2.1,0.00298,-0.00176,6e-05,-0,-9e-05,0,-4e-05,-0.0001,-1e-05,-1e-05,0.00032,0,6e-05,0.00026,-0.00011,4e-05,0.00029,-0.00012,0,-3e-05,0.00842,0.00342,0.0011,-0.00385,0.00014,-0.00054,-0.00019,-0.01901,0.01289,0.00254,0.00093,0.00191,-0,-1e-05
2.12,0.00297,-0.002,7e-05,-0,-0.00014,0,-2e-05,-7e-05,-1e-05,0,0.00022,-0,5e-05,0.00021,-0.00015,1e-05,0.00026,-0.00012,0,-2e-05,0.0105,0.00219,0.00124,-0.00383,0.00018,-0.00049,-0.00018,-0.01646,0.01157,0.00251,0.00069,0.00152,1e-05,-3e-05
2.14,0.00294,-0.0022,9e-05,-0,-0.00019,0,-0,-3e-05,-1e-05,1e-05,0.00013,-0,4e-05,0.00015,-0.00017,-1e-05,0.00022,-0.00012,0,-2e-05,0.01202,0.00092,0.00131,-0.00345,0.00022,-0.00042,-0.00017,-0.01353,0.00954,0.00217,0.00039,0.00113,3e-05,-3e-05
2.16,0.00287,-0.00235,0.00011,-0,-0.00023,0,2e-05,1e-05,-1e-05,2e-05,7e-05,-0,3e-05,8e-05,-0.00018,-3e-05,0.00018,-0.00011,0,-2e-05,0.01298,-0.0002,0.00114,-0.00285,0.00025,-0.00034,-0.00015,-0.01052,0.00731,0.00171,0.00011,0.00078,5e-05,-3e-05
2.18,0.00276,-0.00244,0.00013,-1e-05,-0.00027,0,4e-05,6e-05,-1e-05,3e-05,2e-05,-0,2e-05,3e-05,-0.00018,-3e-05,0.00013,-0.00011,0,-1e-05,0.01328,-0.00103,0.00073,-0.00211,0.00029,-0.00026,-0.00014,-0.00756,0.00505,0.00117,-0.00013,0.00048,8e-05,-3e-05
2.2,0.00261,-0.00245,0.00015,-1e-05,-0.0003,0,7e-05,0.0001,-1e-05,3e-05,-1e-05,-0,1e-05,-1e-05,-0.00017,-3e-05,8e-05,-0.0001,0,-1e-05,0.01301,-0.00151,0.00014,-0.00133,0.00034,-0.00019,-0.00012,-0.00477,0.00301,0.00064,-0.00024,0.00025,0.0001,-2e-05
2.22,0.00243,-0.00236,0.00017,-2e-05,-0.00032,0,9e-05,0.00013,-1e-05,2e-05,-2e-05,-0,1e-05,-3e-05,-0.00015,-2e-05,3e-05,-9e-05,0,-1e-05,0.01231,-0.0017,-0.00044,-0.00058,0.0004,-0.00014,-0.00011,-0.00236,0.00137,0.0002,-0.00024,0.0001,0.00011,-1e-05
2.24,0.00222,-0.00221,0.00017,-3e-05,-0.00033,0,0.00012,0.00016,-0,1e-05,-3e-05,-0,1e-05,-2e-05,-0.00012,-1e-05,-1e-05,-8e-05,0,-0,0.01123,-0.00168,-0.00095,0.0001,0.00047,-0.00012,-0.00012,-0.0006,0.00022,-0.00014,-0.00018,2e-05,0.00011,-0
2.26,0.00197,-0.00199,0.00016,-4e-05,-0.00033,0,0.00014,0.00019,-0,1e-05,-2e-05,-0,1e-05,1e-05,-9e-05,-1e-05,-6e-05,-6e-05,0,0,0.00987,-0.00146,-0.00133,0.00066,0.00056,-0.00012,-0.00013,0.00043,-0.00041,-0.00036,-9e-05,-2e-05,0.0001,0
2.28,0.0017,-0.00173,0.00013,-4e-05,-0.00033,0,0.00015,0.0002,-0,0,-2e-05,-0,1e-05,4e-05,-5e-05,-0,-0.0001,-4e-05,0,1e-05,0.00838,-0.00113,-0.00146,0.0011,0.00066,-0.00013,-0.00015,0.00078,-0.00059,-0.00048,0,-2e-05,8e-05,1e-05
2.3,0.00144,-0.00142,9e-05,-5e-05,-0.00031,0,0.00016,0.00022,-0,0,-1e-05,-0,1e-05,7e-05,-1e-05,0,-0.00013,-1e-05,0,1e-05,0.00699,-0.00083,-0.00133,0.00144,0.00077,-0.00014,-0.00019,0.00057,-0.00043,-0.0005,8e-05,-1e-05,6e-05,1e-05
2.32,0.00123,-0.00109,5e-05,-5e-05,-0.00029,0,0.00015,0.00022,-0,-0,0,-0,1e-05,7e-05,1e-05,-0,-0.00016,2e-05,0,2e-05,0.00592,-0.00065,-0.001,0.00169,0.00087,-0.00016,-0.00022,0,-0.00011,-0.00048,0.00011,1e-05,5e-05,1e-05
2.34,0.00105,-0.00076,1e-05,-4e-05,-0.00025,0,0.00014,0.00022,0,-0,1e-05,-0,1e-05,6e-05,4e-05,-0,-0.00017,7e-05,0,2e-05,0.0051,-0.00052,-0.00056,0.00187,0.00095,-0.00018,-0.00025,-0.00064,0.0003,-0.00044,0.00011,2e-05,4e-05,1e-05
2.36,0.00087,-0.00043,-2e-05,-3e-05,-0.00021,0,0.00012,0.00021,1e-05,-0,1e-05,-0,1e-05,6e-05,6e-05,-0,-0.00018,0.00011,0,2e-05,0.00449,-0.0004,-0.0001,0.00198,0.00102,-0.00019,-0.00028,-0.00123,0.0007,-0.00038,9e-05,2e-05,3e-05,1e-05
2.38,0.00071,-0.00013,-2e-05,-1e-05,-0.00016,0,0.0001,0.0002,2e-05,-1e-05,0,-0,1e-05,5e-05,7e-05,-0,-0.00018,0.00016,0,2e-05,0.00408,-0.0003,0.0003,0.00201,0.00105,-0.0002,-0.00029,-0.00177,0.00105,-0.00031,4e-05,2e-05,3e-05,1e-05
2.4,0.00054,0.00015,-2e-05,1e-05,-0.00011,0,8e-05,0.00019,3e-05,-1e-05,-1e-05,0,1e-05,4e-05,8e-05,0,-0.00017,0.0002,0,2e-05,0.00384,-0.00024,0.00059,0.00196,0.00106,-0.0002,-0.0003,-0.00227,0.00131,-0.00024,-3e-05,2e-05,2e-05,1e-05
2.42,0.00034,0.00039,1e-05,3e-05,-6e-05,0,5e-05,0.00017,4e-05,-1e-05,-3e-05,0,1e-05,2e-05,8e-05,0,-0.00016,0.00024,0,1e-05,0.00368,-0.0002,0.00075,0.0018,0.00103,-0.0002,-0.00029,-0.00275,0.00154,-0.00018,-0.00011,1e-05,2e-05,1e-05
2.44,0.00011,0.00059,5e-05,4e-05,-1e-05,0,4e-05,0.00014,6e-05,-1e-05,-5e-05,0,1e-05,0,8e-05,1e-05,-0.00015,0.00027,0,1e-05,0.00358,-0.00019,0.00077,0.00152,0.00097,-0.00018,-0.00027,-0.00313,0.00174,-0.00013,-0.00017,1e-05,2e-05,0
2.46,-0.00015,0.00075,9e-05,5e-05,3e-05,0,3e-05,0.00012,7e-05,-0,-7e-05,0,1e-05,-2e-05,8e-05,1e-05,-0.00013,0.00028,0,1e-05,0.00349,-0.00023,0.00064,0.00113,0.00087,-0.00016,-0.00024,-0.00335,0.00185,-8e-05,-0.00019,0,2e-05,0
2.48,-0.00043,0.00086,0.00014,5e-05,6e-05,0,3e-05,9e-05,9e-05,0,-9e-05,0,1e-05,-5e-05,7e-05,1e-05,-0.00011,0.00028,0,0,0.00336,-0.00028,0.00039,0.00065,0.00074,-0.00013,-0.00021,-0.00337,0.00192,-4e-05,-0.00018,-1e-05,1e-05,0
2.5,-0.00072,0.00094,0.00019,5e-05,8e-05,0,3e-05,5e-05,0.00012,2e-05,-0.0001,-0,0,-8e-05,6e-05,1e-05,-9e-05,0.00026,-0,0,0.00322,-0.00036,4e-05,0.00011,0.0006,-0.00011,-0.00017,-0.00323,0.00194,0,-0.00014,-2e-05,1e-05,1e-05
2.52,-0.00099,0.00097,0.00023,4e-05,0.0001,0,4e-05,0,0.00014,5e-05,-0.0001,-0,-0,-0.0001,4e-05,1e-05,-7e-05,0.00022,-0,0,0.00313,-0.00051,-0.00032,-0.00044,0.00047,-8e-05,-0.00013,-0.00296,0.0019,4e-05,-9e-05,-3e-05,1e-05,1e-05
2.54,-0.00121,0.00097,0.00025,3e-05,0.00011,0,5e-05,-5e-05,0.00017,0.0001,-9e-05,0,-1e-05,-0.00012,3e-05,1e-05,-4e-05,0.00018,-0,0,0.00301,-0.00069,-0.00061,-0.001,0.00037,-6e-05,-0.0001,-0.00257,0.00173,7e-05,-6e-05,-4e-05,1e-05,1e-05
2.56,-0.00137,0.00093,0.00026,2e-05,0.00011,0,5e-05,-0.00011,0.0002,0.00019,-7e-05,0,-1e-05,-0.00014,2e-05,1e-05,-2e-05,0.00014,-0,0,0.00277,-0.00086,-0.0008,-0.00152,0.0003,-5e-05,-8e-05,-0.00213,0.00151,9e-05,-3e-05,-4e-05,1e-05,1e-05
2.58,-0.00146,0.00087,0.00026,0,0.00011,0,3e-05,-0.00018,0.00024,0.00032,-6e-05,0,-2e-05,-0.00016,2e-05,1e-05,1e-05,0.00012,-0,0,0.00243,-0.00101,-0.00089,-0.00199,0.00027,-5e-05,-7e-05,-0.00169,0.00133,0.00011,0,-4e-05,0,1e-05
2.6,-0.00147,0.00079,0.00025,-2e-05,0.00011,0,1e-05,-0.00028,0.00029,0.00052,-4e-05,0,-3e-05,-0.00016,2e-05,1e-05,3e-05,0.0001,-0,0,0.00204,-0.00117,-0.00088,-0.00239,0.00027,-4e-05,-7e-05,-0.00131,0.00114,0.00012,2e-05,-4e-05,0,1e-05
2.62,-0.00144,0.0007,0.00022,-3e-05,0.00011,0,-2e-05,-0.00038,0.00035,0.00082,-4e-05,1e-05,-3e-05,-0.00016,2e-05,1e-05,5e-05,8e-05,-0,0,0.00161,-0.00133,-0.0008,-0.00273,0.00029,-5e-05,-8e-05,-0.00102,0.00094,0.00013,3e-05,-3e-05,0,1e-05
2.64,-0.00136,0.00062,0.0002,-6e-05,0.0001,0,-5e-05,-0.0005,0.00043,0.00124,-5e-05,1e-05,-3e-05,-0.00015,3e-05,2e-05,6e-05,7e-05,-0,-0,0.00113,-0.00153,-0.00066,-0.00298,0.00031,-5e-05,-8e-05,-0.00081,0.00075,0.00013,3e-05,-3e-05,0,1e-05
2.66,-0.00126,0.00056,0.00016,-8e-05,0.0001,0,-8e-05,-0.00063,0.00051,0.00177,-6e-05,1e-05,-3e-05,-0.00013,4e-05,2e-05,7e-05,5e-05,-0,-1e-05,0.00057,-0.00176,-0.00049,-0.0031,0.00035,-5e-05,-9e-05,-0.00067,0.00056,0.00014,2e-05,-2e-05,0,1e-05
2.68,-0.00115,0.00052,0.00013,-0.00011,0.0001,0,-0.0001,-0.00076,0.00061,0.00239,-8e-05,1e-05,-2e-05,-0.0001,5e-05,2e-05,7e-05,4e-05,-0,-1e-05,-3e-05,-0.00202,-0.00031,-0.00308,0.00038,-5e-05,-9e-05,-0.00061,0.00036,0.00013,1e-05,-1e-05,0,1e-05
2.7,-0.00104,0.00052,0.00011,-0.00013,0.0001,0,-0.00011,-0.00088,0.00072,0.00315,-9e-05,1e-05,-1e-05,-7e-05,5e-05,1e-05,7e-05,3e-05,-0,-2e-05,-0.00067,-0.00238,-0.00013,-0.00288,0.00042,-6e-05,-9e-05,-0.00061,0.00013,0.00012,-1e-05,-0,1e-05,1e-05
2.72,-0.00093,0.00057,8e-05,-0.00016,0.0001,0,-8e-05,-0.00096,0.00084,0.00416,-6e-05,1e-05,0,-4e-05,5e-05,1e-05,6e-05,1e-05,-0,-3e-05,-0.00132,-0.00293,2e-05,-0.0025,0.00045,-6e-05,-9e-05,-0.00064,-0.00013,0.0001,-4e-05,0,1e-05,1e-05
2.74,-0.00084,0.00066,6e-05,-0.00018,0.0001,0,-3e-05,-0.00097,0.00095,0.00525,-2e-05,0,1e-05,-2e-05,4e-05,0,5e-05,-0,-0,-3e-05,-0.00197,-0.00364,9e-05,-0.00192,0.00049,-6e-05,-9e-05,-0.00066,-0.00036,6e-05,-4e-05,-0,1e-05,1e-05
2.76,-0.00078,0.0008,4e-05,-0.00019,0.0001,0,4e-05,-0.00093,0.00103,0.00629,3e-05,0,2e-05,-0,2e-05,0,3e-05,-2e-05,-0,-4e-05,-0.00255,-0.00441,6e-05,-0.00116,0.00052,-5e-05,-8e-05,-0.00062,-0.00036,2e-05,-0,-4e-05,2e-05,0
2.78,-0.00076,0.00097,2e-05,-0.0002,0.0001,0,0.00011,-0.00082,0.00109,0.00722,7e-05,0,3e-05,0,-0,-0,0,-4e-05,-0,-4e-05,-0.00303,-0.00527,-5e-05,-0.00025,0.00053,-4e-05,-6e-05,-0.00049,-4e-05,0,4e-05,-0.0001,2e-05,-0
2.8,-0.00076,0.00115,0,-0.00019,9e-05,0,0.00018,-0.00067,0.00111,0.00807,9e-05,0,4e-05,-0,-3e-05,-1e-05,-3e-05,-7e-05,-0,-4e-05,-0.00335,-0.00624,-0.00023,0.0007,0.00052,-3e-05,-4e-05,-0.00025,0.00068,-0,8e-05,-0.0002,2e-05,-1e-05
2.82,-0.00079,0.00131,-1e-05,-0.00018,9e-05,0,0.00027,-0.00049,0.00109,0.00886,8e-05,0,4e-05,-1e-05,-5e-05,-0,-5e-05,-9e-05,-0,-4e-05,-0.00345,-0.00737,-0.00041,0.00159,0.00047,0,-1e-05,6e-05,0.00182,-1e-05,9e-05,-0.00033,2e-05,-2e-05
2.84,-0.00085,0.00144,-3e-05,-0.00016,8e-05,0,0.00036,-0.0003,0.00104,0.00946,7e-05,0,5e-05,-2e-05,-6e-05,-0,-7e-05,-0.00012,-0,-3e-05,-0.0033,-0.0085,-0.00053,0.00233,0.00038,4e-05,3e-05,0.00033,0.00338,-3e-05,6e-05,-0.00048,1e-05,-4e-05
2.86,-0.00095,0.00152,-4e-05,-0.00013,7e-05,0,0.0004,-0.00013,0.00099,0.00979,5e-05,0,5e-05,-4e-05,-6e-05,-0,-9e-05,-0.00015,-0,-3e-05,-0.00295,-0.00947,-0.00055,0.00286,0.00027,9e-05,7e-05,0.0005,0.00528,-9e-05,-4e-05,-0.00063,-1e-05,-6e-05
2.88,-0.00108,0.00153,-5e-05,-0.0001,5e-05,0,0.00038,1e-05,0.00095,0.00986,4e-05,1e-05,5e-05,-6e-05,-6e-05,-0,-0.0001,-0.00018,-0,-2e-05,-0.00244,-0.0101,-0.00045,0.00315,0.00014,0.00015,0.00011,0.00048,0.00741,-0.00019,-0.00023,-0.00077,-3e-05,-9e-05
2.9,-0.00122,0.00147,-5e-05,-6e-05,3e-05,0,0.00034,0.00011,0.00092,0.00974,3e-05,1e-05,4e-05,-8e-05,-5e-05,-0,-0.0001,-0.0002,-0,-1e-05,-0.00185,-0.0103,-0.00029,0.00318,2e-05,0.00019,0.00014,0.00021,0.00962,-0.00035,-0.00053,-0.00087,-7e-05,-0.00013
2.92,-0.00136,0.00134,-5e-05,-3e-05,1e-05,0,0.00039,0.00019,0.00091,0.00946,2e-05,2e-05,3e-05,-0.0001,-4e-05,-1e-05,-0.0001,-0.00021,-0,-0,-0.00125,-0.01,-0.00015,0.0029,-6e-05,0.00022,0.00015,-0.00037,0.01171,-0.00053,-0.00095,-0.00092,-0.00011,-0.00017
2.94,-0.00149,0.00114,-4e-05,0,-1e-05,0,0.00047,0.00026,0.00091,0.009,2e-05,2e-05,2e-05,-0.00011,-3e-05,-2e-05,-9e-05,-0.00021,-1e-05,1e-05,-0.00072,-0.00905,-7e-05,0.00241,-0.00011,0.00022,0.00014,-0.00115,0.01358,-0.00072,-0.00149,-0.00093,-0.00015,-0.00021
2.96,-0.00161,0.00091,-1e-05,2e-05,-2e-05,0,0.00054,0.0003,0.00091,0.00841,1e-05,3e-05,2e-05,-0.00013,-2e-05,-2e-05,-8e-05,-0.0002,-1e-05,1e-05,-0.00033,-0.00749,-8e-05,0.00184,-0.00011,0.00019,0.00012,-0.00199,0.01513,-0.00088,-0.00213,-0.00089,-0.00019,-0.00024
2.98,-0.0017,0.00066,3e-05,4e-05,-3e-05,0,0.00062,0.00034,0.0009,0.00775,1e-05,4e-05,1e-05,-0.00014,-1e-05,-3e-05,-7e-05,-0.00019,-1e-05,2e-05,-9e-05,-0.00559,-0.00013,0.00123,-9e-05,0.00015,9e-05,-0.0028,0.01631,-0.001,-0.00284,-0.00081,-0.00022,-0.00027
3,-0.00172,0.0004,8e-05,5e-05,-2e-05,-0,0.00076,0.00038,0.00086,0.00704,1e-05,5e-05,1e-05,-0.00014,-0,-4e-05,-5e-05,-0.00018,-1e-05,2e-05,1e-05,-0.00363,-0.00017,0.0007,-5e-05,0.00011,6e-05,-0.00342,0.01692,-0.00104,-0.00353,-0.0007,-0.00024,-0.00029
3.02,-0.00165,0.00016,0.00013,5e-05,-1e-05,-0,0.001,0.00044,0.00077,0.00628,2e-05,5e-05,1e-05,-0.00014,1e-05,-4e-05,-4e-05,-0.00017,-1e-05,3e-05,1e-05,-0.00185,-0.00014,0.00031,-1e-05,7e-05,3e-05,-0.0038,0.0168,-0.00099,-0.00412,-0.00056,-0.00025,-0.0003
3.04,-0.00149,-6e-05,0.00016,5e-05,1e-05,-0,0.00128,0.0005,0.00066,0.00552,2e-05,5e-05,1e-05,-0.00014,1e-05,-4e-05,-3e-05,-0.00016,-1e-05,3e-05,-4e-05,-0.0004,-5e-05,6e-05,1e-05,4e-05,2e-05,-0.00413,0.01607,-0.00081,-0.00454,-0.00041,-0.00024,-0.00031
3.06,-0.00125,-0.00025,0.00019,4e-05,4e-05,-0,0.00154,0.00056,0.00055,0.00483,2e-05,4e-05,0,-0.00013,1e-05,-4e-05,-2e-05,-0.00015,-1e-05,3e-05,-8e-05,0.00069,8e-05,-4e-05,2e-05,1e-05,0,-0.00462,0.01493,-0.00053,-0.00477,-0.00026,-0.00023,-0.00031
3.08,-0.00095,-0.00042,0.0002,2e-05,7e-05,-0,0.00178,0.00062,0.00045,0.0042,2e-05,3e-05,0,-0.00011,-0,-4e-05,-1e-05,-0.00014,-0,3e-05,-0.0001,0.00143,0.00021,-1e-05,1e-05,0,-0,-0.00531,0.01336,-0.00017,-0.00478,-0.00012,-0.00021,-0.0003
3.1,-0.00058,-0.00056,0.00019,-0,0.0001,-0,0.00195,0.00066,0.00036,0.00362,2e-05,2e-05,0,-0.0001,-2e-05,-4e-05,-0,-0.00012,-0,3e-05,-8e-05,0.00165,0.00028,8e-05,-0,-0,-0,-0.00619,0.01145,0.00028,-0.00455,-3e-05,-0.00019,-0.00028
3.12,-0.00018,-0.00066,0.00016,-2e-05,0.00013,-0,0.00199,0.00068,0.00029,0.00305,1e-05,1e-05,0,-8e-05,-4e-05,-4e-05,-1e-05,-0.0001,-0,3e-05,-4e-05,0.00159,0.0003,0.00015,-1e-05,-0,-0,-0.00718,0.00928,0.00078,-0.00409,-0,-0.00016,-0.00025
3.14,0.00022,-0.00074,0.00012,-5e-05,0.00015,-0,0.00197,0.00069,0.00024,0.00252,1e-05,0,0,-6e-05,-7e-05,-4e-05,-0,-8e-05,-0,2e-05,0,0.00148,0.00029,0.00018,-2e-05,-0,0,-0.00818,0.00702,0.00115,-0.00341,-6e-05,-0.00012,-0.0002
3.16,0.00061,-0.00078,9e-05,-7e-05,0.00018,-0,0.00191,0.00071,0.0002,0.00205,1e-05,0,0,-5e-05,-0.0001,-3e-05,0,-4e-05,-0,2e-05,5e-05,0.00132,0.00025,0.00019,-3e-05,-0,0,-0.00918,0.00485,0.00122,-0.00255,-0.00019,-9e-05,-0.00014
3.18,0.00098,-0.00078,5e-05,-0.0001,0.00019,-0,0.00182,0.00072,0.00016,0.00163,1e-05,0,0,-3e-05,-0.00013,-3e-05,1e-05,0,-0,1e-05,0.00012,0.00111,0.00019,0.00015,-4e-05,0,0,-0.01011,0.00289,0.00095,-0.00153,-0.00037,-5e-05,-8e-05
3.2,0.00132,-0.00075,3e-05,-0.00012,0.00021,-0,0.00168,0.00074,0.00014,0.00124,0,0,0,-2e-05,-0.00016,-3e-05,1e-05,5e-05,0,1e-05,0.0002,0.00085,0.00011,0.0001,-4e-05,0,0,-0.01088,0.00146,0.00028,-0.0004,-0.00059,-2e-05,-1e-05
3.22,0.0016,-0.00067,1e-05,-0.00014,0.00022,-0,0.00149,0.00076,0.00013,0.00087,0,0,0,-1e-05,-0.00019,-2e-05,2e-05,0.00011,0,0,0.00032,0.00055,1e-05,6e-05,-4e-05,0,0,-0.01146,0.00065,-0.00056,0.00077,-0.0008,0,5e-05
3.24,0.00182,-0.00057,-0,-0.00016,0.00022,-0,0.0013,0.00079,0.00012,0.00054,0,1e-05,0,0,-0.00021,-2e-05,2e-05,0.00017,1e-05,-0,0.00045,0.00024,-9e-05,2e-05,-3e-05,0,0,-0.01185,0.00021,-0.00132,0.00193,-0.00098,2e-05,0.0001
3.26,0.002,-0.00045,-0,-0.00018,0.00023,-0,0.00112,0.00081,0.00012,0.00025,0,1e-05,1e-05,1e-05,-0.00022,-1e-05,2e-05,0.00021,1e-05,-1e-05,0.0006,-7e-05,-0.00019,-1e-05,-2e-05,-0,0,-0.01212,0,-0.00194,0.00306,-0.00111,4e-05,0.00013
3.28,0.00213,-0.00031,1e-05,-0.00019,0.00023,-0,0.00095,0.00083,0.00012,0,0,1e-05,1e-05,2e-05,-0.00023,-1e-05,2e-05,0.00023,1e-05,-1e-05,0.00076,-0.00036,-0.00028,-4e-05,-1e-05,-0,-0,-0.01227,0,-0.00236,0.00412,-0.00119,5e-05,0.00016
3.3,0.0022,-0.00018,2e-05,-0.0002,0.00023,-0,0.0008,0.00085,0.00012,-0.00022,0,1e-05,1e-05,3e-05,-0.00024,-1e-05,2e-05,0.00022,1e-05,-1e-05,0.00092,-0.00061,-0.00036,-6e-05,-0,-0,-0,-0.01231,0.00013,-0.00259,0.00507,-0.00121,5e-05,0.00017
3.32,0.00222,-6e-05,3e-05,-0.0002,0.00023,-0,0.00066,0.00086,0.00012,-0.0004,0,1e-05,1e-05,4e-05,-0.00024,-1e-05,2e-05,0.00019,0,-0,0.00108,-0.00082,-0.00041,-7e-05,0,-1e-05,-0,-0.01227,0.0003,-0.00268,0.00584,-0.0012,6e-05,0.00018
3.34,0.00219,4e-05,4e-05,-0.00021,0.00023,-0,0.00055,0.00087,0.00012,-0.00054,0,1e-05,1e-05,5e-05,-0.00023,-0,2e-05,0.00015,0,-0,0.00124,-0.00098,-0.00044,-6e-05,1e-05,-1e-05,-0,-0.01218,0.00046,-0.00269,0.00643,-0.00116,6e-05,0.00018
3.36,0.00214,0.0001,5e-05,-0.00021,0.00023,-0,0.00047,0.00087,0.00012,-0.00064,0,1e-05,1e-05,6e-05,-0.00022,-0,2e-05,0.00011,-0,-0,0.00141,-0.00107,-0.00044,-5e-05,2e-05,-1e-05,-1e-05,-0.01205,0.00058,-0.00265,0.00682,-0.00112,6e-05,0.00018
3.38,0.00207,0.00013,5e-05,-0.0002,0.00022,-0,0.00041,0.00088,0.00012,-0.00071,0,1e-05,1e-05,7e-05,-0.00021,0,2e-05,7e-05,-0,0,0.00155,-0.00112,-0.00042,-2e-05,2e-05,-1e-05,-1e-05,-0.01189,0.00066,-0.00263,0.00701,-0.00109,6e-05,0.00018
3.4,0.00199,0.00015,5e-05,-0.00019,0.00022,-0,0.00037,0.00088,0.00011,-0.00075,0,2e-05,1e-05,7e-05,-0.0002,1e-05,2e-05,3e-05,-0,0,0.00167,-0.00115,-0.00039,1e-05,2e-05,-1e-05,-1e-05,-0.01176,0.00067,-0.00263,0.00704,-0.00106,6e-05,0.00018
3.42,0.00189,0.00015,5e-05,-0.00018,0.00021,-0,0.00035,0.00087,0.0001,-0.00076,0,2e-05,1e-05,8e-05,-0.00018,1e-05,1e-05,0,-0,0,0.00182,-0.00116,-0.00034,2e-05,2e-05,-1e-05,-1e-05,-0.01175,0.00061,-0.00265,0.00697,-0.00104,6e-05,0.00019
3.44,0.0018,0.00015,4e-05,-0.00017,0.0002,-0,0.00034,0.00086,9e-05,-0.00074,0,2e-05,1e-05,8e-05,-0.00016,1e-05,1e-05,-2e-05,-1e-05,0,0.00196,-0.00117,-0.00029,2e-05,2e-05,-1e-05,-1e-05,-0.01181,0.0005,-0.00273,0.00679,-0.00104,6e-05,0.00019
3.46,0.00171,0.00016,4e-05,-0.00016,0.00019,-0,0.00033,0.00084,8e-05,-0.00071,0,2e-05,1e-05,9e-05,-0.00013,2e-05,1e-05,-3e-05,-1e-05,0,0.00208,-0.00115,-0.00022,-1e-05,2e-05,-1e-05,-1e-05,-0.01188,0.00038,-0.00286,0.00652,-0.00104,6e-05,0.0002
3.48,0.00162,0.00018,3e-05,-0.00014,0.00018,-0,0.00032,0.00081,7e-05,-0.00065,0,2e-05,1e-05,9e-05,-0.0001,2e-05,1e-05,-4e-05,-1e-05,0,0.00217,-0.00113,-0.00015,-7e-05,2e-05,-1e-05,-1e-05,-0.01197,0.00024,-0.00304,0.00617,-0.00105,6e-05,0.00021
3.5,0.00153,0.00021,3e-05,-0.00013,0.00017,-0,0.0003,0.00076,6e-05,-0.00058,0,2e-05,1e-05,8e-05,-8e-05,2e-05,1e-05,-4e-05,-0,0,0.00222,-0.00112,-7e-05,-0.00015,1e-05,-1e-05,-1e-05,-0.01215,9e-05,-0.00321,0.00577,-0.00107,7e-05,0.00022
3.52,0.00143,0.00026,3e-05,-0.00011,0.00016,-0,0.00027,0.0007,4e-05,-0.0005,1e-05,2e-05,1e-05,8e-05,-5e-05,2e-05,0,-5e-05,-0,0,0.00226,-0.00112,2e-05,-0.00023,1e-05,-1e-05,-1e-05,-0.01245,-5e-05,-0.00333,0.00536,-0.00109,7e-05,0.00024
3.54,0.00132,0.00033,2e-05,-0.0001,0.00014,-0,0.00022,0.00062,3e-05,-0.00041,1e-05,2e-05,1e-05,7e-05,-3e-05,2e-05,0,-5e-05,-0,0,0.00224,-0.00113,0.00011,-0.00031,1e-05,-0,-1e-05,-0.01285,-0.00018,-0.00338,0.00493,-0.0011,7e-05,0.00025
3.56,0.00119,0.00041,2e-05,-8e-05,0.00012,-0,0.00016,0.00053,1e-05,-0.00031,1e-05,2e-05,1e-05,7e-05,-0,2e-05,-0,-5e-05,-0,0,0.00214,-0.00116,0.00019,-0.00039,0,-0,-1e-05,-0.01334,-0.00028,-0.00338,0.0045,-0.00112,8e-05,0.00027
3.58,0.00105,0.0005,2e-05,-6e-05,0.00011,-0,7e-05,0.00042,-1e-05,-0.0002,2e-05,1e-05,1e-05,6e-05,2e-05,2e-05,-0,-6e-05,-0,0,0.00197,-0.00119,0.00027,-0.00043,0,-0,-1e-05,-0.01395,-0.00034,-0.00335,0.00409,-0.00113,8e-05,0.00028
3.6,0.00088,0.00059,2e-05,-5e-05,9e-05,-0,-4e-05,0.00029,-3e-05,-9e-05,3e-05,1e-05,0,6e-05,4e-05,2e-05,-0,-6e-05,-0,0,0.00174,-0.00123,0.00033,-0.00045,0,-0,-0,-0.0148,-0.00034,-0.00329,0.00377,-0.00114,9e-05,0.0003
3.62,0.0007,0.00069,2e-05,-4e-05,7e-05,-0,-0.00016,0.00014,-5e-05,3e-05,4e-05,0,0,6e-05,6e-05,2e-05,-1e-05,-6e-05,-0,0,0.00147,-0.00124,0.0004,-0.00045,-0,0,0,-0.01599,-0.00025,-0.00324,0.00357,-0.00115,0.0001,0.00031
3.64,0.0005,0.00078,2e-05,-2e-05,6e-05,-0,-0.00029,-1e-05,-6e-05,0.00014,5e-05,0,-0,6e-05,8e-05,1e-05,-1e-05,-5e-05,-0,0,0.00118,-0.00123,0.00047,-0.00042,-0,0,0,-0.01756,-7e-05,-0.00322,0.00357,-0.00116,0.00011,0.00034
3.66,0.00027,0.00087,3e-05,-1e-05,4e-05,-0,-0.00044,-0.00016,-8e-05,0.00025,6e-05,-0,-0,7e-05,0.0001,1e-05,-0,-5e-05,-0,0,0.00089,-0.00117,0.00053,-0.00034,-0,1e-05,1e-05,-0.01945,0.0002,-0.00322,0.00381,-0.00116,0.00012,0.00036
3.68,2e-05,0.00096,3e-05,-1e-05,3e-05,-0,-0.0006,-0.00031,-0.0001,0.00035,7e-05,-1e-05,-0,8e-05,0.00011,1e-05,-0,-4e-05,-0,0,0.00069,-0.00105,0.00059,-0.00022,0,1e-05,1e-05,-0.0216,0.00053,-0.00323,0.00434,-0.00116,0.00012,0.00038
3.7,-0.00025,0.00104,4e-05,-1e-05,2e-05,-0,-0.00077,-0.00046,-0.00012,0.00046,8e-05,-1e-05,-1e-05,9e-05,0.00012,1e-05,-0,-3e-05,-0,0,0.0005,-0.00086,0.00064,-0.0001,0,2e-05,1e-05,-0.024,0.00087,-0.00314,0.0052,-0.00113,0.00014,0.00039
3.72,-0.00055,0.00109,5e-05,-1e-05,1e-05,-0,-0.00093,-0.0006,-0.00014,0.00056,8e-05,-1e-05,-1e-05,0.00011,0.00013,0,0,-3e-05,-0,0,-0.00079,-0.00039,0.00047,3e-05,-0,1e-05,-1e-05,-0.02661,0.00112,-0.00283,0.0064,-0.00106,0.00015,0.0004
3.74,-0.00086,0.00113,7e-05,-2e-05,1e-05,-0,-0.00109,-0.00073,-0.00015,0.00066,9e-05,-1e-05,-1e-05,0.00013,0.00013,0,1e-05,-2e-05,0,0,-0.0018,-5e-05,0.00025,0.00025,-2e-05,-1e-05,-2e-05,-0.029,0.00121,-0.00236,0.00789,-0.00095,0.00016,0.00039
3.76,-0.00118,0.00116,9e-05,-3e-05,1e-05,-0,-0.00124,-0.00084,-0.00017,0.00075,8e-05,-1e-05,-1e-05,0.00016,0.00014,-0,1e-05,-1e-05,0,0,-0.00206,-3e-05,6e-05,0.00055,-7e-05,-2e-05,-3e-05,-0.0307,0.00118,-0.00181,0.00952,-0.00081,0.00016,0.00036
3.78,-0.00147,0.00116,0.00011,-4e-05,0,-0,-0.00138,-0.00095,-0.00018,0.00082,8e-05,-0,-1e-05,0.00019,0.00014,-1e-05,1e-05,-0,0,0,-0.00103,-0.00047,-3e-05,0.00092,-0.00015,-3e-05,-4e-05,-0.03138,0.00104,-0.00124,0.0111,-0.00065,0.00015,0.00031
3.8,-0.00173,0.00115,0.00013,-5e-05,0,-0,-0.0015,-0.00104,-0.00019,0.00089,7e-05,-0,-1e-05,0.00023,0.00014,-1e-05,1e-05,1e-05,0,0,0.00188,-0.00135,7e-05,0.00131,-0.00028,-3e-05,-3e-05,-0.0308,0.00073,-0.00072,0.01233,-0.00046,0.00014,0.00026
3.82,-0.00201,0.0011,0.00015,-7e-05,0,0,-0.0016,-0.0011,-0.0002,0.00095,6e-05,-0,-0,0.00026,0.00013,-2e-05,1e-05,2e-05,0,0,0.00658,-0.00248,0.00037,0.00153,-0.00042,-2e-05,-1e-05,-0.02884,0.00025,-0.00032,0.01292,-0.00028,0.00012,0.00019
3.84,-0.00226,0.00101,0.00018,-8e-05,-0,0,-0.00167,-0.00114,-0.00021,0.00099,5e-05,-0,-0,0.0003,0.00013,-2e-05,2e-05,3e-05,0,0,0.01237,-0.00335,0.00075,0.00153,-0.00057,-2e-05,-1e-05,-0.02538,-0.00028,-7e-05,0.01264,-0.00013,9e-05,0.00013
3.86,-0.0024,0.00089,0.00021,-0.0001,-0,0,-0.0017,-0.00116,-0.00023,0.00101,4e-05,-0,-0,0.00034,0.00012,-2e-05,2e-05,4e-05,0,-0,0.01862,-0.00334,0.00108,0.00133,-0.00067,-5e-05,-3e-05,-0.02065,-0.00069,3e-05,0.0114,-1e-05,6e-05,8e-05
3.88,-0.00245,0.00073,0.00024,-0.00011,-1e-05,0,-0.0017,-0.00115,-0.00024,0.00101,3e-05,-0,0,0.00039,0.0001,-2e-05,2e-05,6e-05,1e-05,-0,0.02442,-0.00198,0.0012,0.001,-0.0007,-0.00011,-9e-05,-0.01529,-0.00094,3e-05,0.00938,6e-05,4e-05,4e-05
3.9,-0.00241,0.00055,0.00027,-0.00012,-2e-05,0,-0.00166,-0.00112,-0.00025,0.00098,2e-05,0,0,0.00043,9e-05,-2e-05,2e-05,8e-05,1e-05,-1e-05,0.02882,0.00088,0.00103,0.00055,-0.00063,-0.00022,-0.00019,-0.00982,-0.00101,0,0.00684,9e-05,2e-05,2e-05
3.92,-0.0023,0.00035,0.00029,-0.00013,-3e-05,0,-0.00158,-0.00107,-0.00025,0.00094,2e-05,0,1e-05,0.00048,7e-05,-2e-05,3e-05,0.0001,1e-05,-1e-05,0.03093,0.00488,0.00057,6e-05,-0.00046,-0.00036,-0.00033,-0.00474,-0.00088,-2e-05,0.00417,9e-05,1e-05,1e-05
3.94,-0.00212,0.00015,0.0003,-0.00014,-4e-05,0,-0.00145,-0.00098,-0.00026,0.00088,2e-05,0,1e-05,0.00052,6e-05,-2e-05,3e-05,0.00013,1e-05,-1e-05,0.03072,0.00946,-0.00011,-0.00028,-0.0002,-0.00052,-0.00049,-0.00046,-0.00055,-1e-05,0.00181,6e-05,1e-05,0
3.96,-0.00187,-3e-05,0.00031,-0.00015,-5e-05,0,-0.00129,-0.00087,-0.00025,0.0008,1e-05,0,0,0.00055,4e-05,-1e-05,3e-05,0.00016,2e-05,-1e-05,0.02876,0.01408,-0.00088,-0.00036,0.0001,-0.00067,-0.00064,0.00281,-5e-05,1e-05,7e-05,2e-05,1e-05,0
3.98,-0.00156,-0.00019,0.0003,-0.00016,-6e-05,0,-0.0011,-0.00073,-0.00025,0.0007,1e-05,1e-05,0,0.00057,3e-05,-1e-05,4e-05,0.00021,3e-05,-1e-05,0.02512,0.0183,-0.00166,-0.00019,0.00042,-0.00079,-0.00077,0.00506,0.00055,4e-05,-0.0009,-2e-05,0,-0
4,-0.0012,-0.00028,0.00029,-0.00018,-7e-05,0,-0.00089,-0.00058,-0.00023,0.00059,0,1e-05,-0,0.00058,1e-05,-0,4e-05,0.00026,3e-05,-1e-05,0.0207,0.02159,-0.0023,0.00021,0.00072,-0.00088,-0.00088,0.00499,0.00095,5e-05,-0.00069,-3e-05,0,-0
4.02,-0.00079,-0.00032,0.00026,-0.00019,-8e-05,0,-0.00069,-0.00043,-0.00021,0.00046,0,2e-05,-1e-05,0.00058,-1e-05,-0,5e-05,0.00031,5e-05,-1e-05,0.01661,0.02331,-0.00261,0.00077,0.00097,-0.00091,-0.00093,0.00454,0.00132,6e-05,-0.00032,-4e-05,0,-1e-05
4.04,-0.00037,-0.00033,0.00022,-0.00022,-8e-05,0,-0.00048,-0.00027,-0.00017,0.00033,-0,2e-05,-1e-05,0.00056,-2e-05,0,5e-05,0.00038,6e-05,-1e-05,0.0125,0.0236,-0.00259,0.00144,0.00113,-0.0009,-0.00095,0.00401,0.00166,7e-05,0.0001,-5e-05,-0,-1e-05
4.06,5e-05,-0.00032,0.00018,-0.00024,-0.0001,0,-0.00028,-0.0001,-0.00013,0.0002,-1e-05,3e-05,-2e-05,0.00052,-4e-05,0,5e-05,0.00047,8e-05,-0,0.00797,0.0228,-0.00232,0.00216,0.00121,-0.00085,-0.00092,0.00342,0.00194,8e-05,0.00054,-6e-05,-0,-2e-05
4.08,0.00046,-0.00032,0.00013,-0.00026,-0.00011,0,-8e-05,7e-05,-7e-05,7e-05,-1e-05,5e-05,-2e-05,0.00046,-5e-05,0,6e-05,0.00055,9e-05,-0,0.0032,0.02104,-0.00186,0.00292,0.0012,-0.00077,-0.00086,0.00277,0.00214,8e-05,0.00097,-7e-05,-1e-05,-2e-05
4.1,0.00085,-0.00031,9e-05,-0.00029,-0.00013,0,0.0001,0.00023,-1e-05,-5e-05,-1e-05,6e-05,-2e-05,0.00039,-6e-05,0,6e-05,0.00063,0.00011,0,-0.00139,0.01863,-0.00132,0.00367,0.0011,-0.00067,-0.00076,0.00203,0.00223,8e-05,0.00136,-8e-05,-1e-05,-2e-05
4.12,0.00119,-0.00032,4e-05,-0.0003,-0.00015,0,0.00026,0.00039,5e-05,-0.00016,-1e-05,8e-05,-2e-05,0.0003,-7e-05,0,6e-05,0.00072,0.00014,1e-05,-0.00535,0.01594,-0.00081,0.00435,0.00093,-0.00056,-0.00065,0.00123,0.0022,9e-05,0.00175,-8e-05,-1e-05,-2e-05
4.14,0.00145,-0.00033,1e-05,-0.00031,-0.00018,0,0.00039,0.00054,0.00012,-0.00026,-1e-05,9e-05,-1e-05,0.00021,-7e-05,0,6e-05,0.00079,0.00015,1e-05,-0.00886,0.01311,-0.0004,0.00501,0.0007,-0.00044,-0.00052,0.0004,0.00207,0.0001,0.00209,-8e-05,-1e-05,-1e-05
4.16,0.00166,-0.00034,-3e-05,-0.0003,-0.0002,0,0.00049,0.00068,0.00018,-0.00034,-1e-05,9e-05,-1e-05,0.00012,-7e-05,-0,6e-05,0.0008,0.00016,1e-05,-0.01209,0.01026,-0.00011,0.00571,0.00042,-0.00032,-0.00039,-0.00042,0.00185,0.00013,0.00233,-8e-05,-1e-05,-1e-05
4.18,0.00181,-0.00034,-6e-05,-0.00028,-0.00023,0,0.00056,0.0008,0.00023,-0.0004,-1e-05,9e-05,-0,4e-05,-7e-05,-0,6e-05,0.00077,0.00016,1e-05,-0.01496,0.00754,3e-05,0.00646,0.0001,-0.00021,-0.00026,-0.00121,0.00157,0.00017,0.00242,-8e-05,-1e-05,-1e-05
4.2,0.00189,-0.00034,-9e-05,-0.00024,-0.00025,0,0.00059,0.0009,0.00027,-0.00044,-1e-05,8e-05,-0,-4e-05,-6e-05,-1e-05,7e-05,0.0007,0.00014,1e-05,-0.01702,0.00518,-2e-05,0.00723,-0.00023,-0.00011,-0.00013,-0.00191,0.00122,0.00022,0.00243,-8e-05,-1e-05,-0
4.22,0.00186,-0.00032,-0.00011,-0.0002,-0.00027,0,0.0006,0.00098,0.0003,-0.00046,-1e-05,6e-05,-0,-0.0001,-6e-05,-1e-05,7e-05,0.00057,0.00012,1e-05,-0.01795,0.00327,-0.00022,0.00793,-0.00056,-3e-05,-1e-05,-0.0024,0.00078,0.00028,0.0024,-8e-05,-0,-0
4.24,0.00178,-0.00029,-0.00014,-0.00015,-0.00027,0,0.00057,0.00103,0.00032,-0.00046,-1e-05,5e-05,-0,-0.00015,-5e-05,-2e-05,7e-05,0.00043,9e-05,1e-05,-0.0183,0.00173,-0.00052,0.00862,-0.00086,5e-05,9e-05,-0.00268,0.00032,0.00034,0.00228,-7e-05,0,0
4.26,0.00169,-0.00024,-0.00016,-0.0001,-0.00027,0,0.00052,0.00104,0.00032,-0.00044,-0,4e-05,-0,-0.00018,-4e-05,-2e-05,7e-05,0.00032,7e-05,1e-05,-0.01854,0.00055,-0.00091,0.00935,-0.00113,0.00011,0.00018,-0.00284,-0.00016,0.0004,0.00205,-6e-05,0,0
4.28,0.00158,-0.00019,-0.00017,-6e-05,-0.00025,0,0.00045,0.001,0.0003,-0.0004,-0,2e-05,0,-0.00019,-3e-05,-3e-05,8e-05,0.00022,4e-05,0,-0.01863,-0.00029,-0.00135,0.0101,-0.00135,0.00015,0.00026,-0.00276,-0.00063,0.00044,0.00162,-4e-05,1e-05,0
4.3,0.00144,-0.00012,-0.00018,-3e-05,-0.00022,0,0.00036,0.00093,0.00027,-0.00035,-0,2e-05,0,-0.0002,-2e-05,-3e-05,8e-05,0.00014,2e-05,0,-0.01858,-0.00079,-0.00177,0.01077,-0.0015,0.00019,0.00031,-0.00262,-0.00103,0.00045,0.0012,-3e-05,1e-05,0
4.32,0.00128,-6e-05,-0.00018,0,-0.00017,0,0.00027,0.00081,0.00023,-0.00029,-0,1e-05,0,-0.0002,-1e-05,-3e-05,8e-05,8e-05,1e-05,0,-0.01839,-0.00106,-0.00203,0.01129,-0.0016,0.00022,0.00036,-0.00243,-0.00127,0.0004,0.00077,-2e-05,2e-05,1e-05
4.34,0.00111,-1e-05,-0.00018,2e-05,-0.0001,0,0.00017,0.00066,0.00018,-0.00023,0,1e-05,0,-0.00019,-0,-3e-05,8e-05,3e-05,-0,0,-0.01818,-0.00114,-0.00215,0.01167,-0.00161,0.00023,0.00038,-0.0022,-0.00135,0.00032,0.0004,-0,2e-05,1e-05
4.36,0.00093,3e-05,-0.00016,3e-05,-2e-05,0,7e-05,0.00049,0.00012,-0.00016,0,1e-05,0,-0.00017,0,-2e-05,8e-05,0,-1e-05,0,-0.01804,-0.00103,-0.00217,0.01195,-0.00156,0.00025,0.0004,-0.00199,-0.00128,0.00022,5e-05,1e-05,3e-05,1e-05
4.38,0.00076,6e-05,-0.00013,4e-05,6e-05,0,-3e-05,0.00031,7e-05,-0.0001,0,0,0,-0.00015,1e-05,-2e-05,7e-05,-2e-05,-1e-05,0,-0.01793,-0.0008,-0.00208,0.0121,-0.00143,0.00025,0.0004,-0.00179,-0.00104,0.0001,-0.00032,2e-05,3e-05,2e-05
4.4,0.00059,9e-05,-0.0001,3e-05,0.00015,0,-0.00011,0.00011,0,-3e-05,0,1e-05,0,-0.00013,1e-05,-2e-05,6e-05,-3e-05,-1e-05,0,-0.01794,-0.00052,-0.0019,0.0122,-0.00125,0.00026,0.00041,-0.00157,-0.0007,-5e-05,-0.00072,3e-05,3e-05,2e-05
4.42,0.00045,0.00012,-8e-05,2e-05,0.00024,0,-0.00019,-9e-05,-5e-05,2e-05,0,1e-05,0,-0.0001,1e-05,-1e-05,5e-05,-3e-05,-1e-05,0,-0.01815,-0.00024,-0.0017,0.01234,-0.00103,0.00028,0.00042,-0.00128,-0.00028,-0.00019,-0.00105,4e-05,2e-05,1e-05
4.44,0.00032,0.00017,-6e-05,0,0.00031,0,-0.00027,-0.00028,-0.00011,8e-05,0,1e-05,-0,-8e-05,1e-05,-1e-05,4e-05,-4e-05,-1e-05,0,-0.01851,0,-0.00148,0.01253,-0.00078,0.0003,0.00044,-0.00102,0.0002,-0.00032,-0.00128,5e-05,1e-05,1e-05
4.46,0.00023,0.00022,-4e-05,-2e-05,0.00037,0,-0.00033,-0.00044,-0.00015,0.00012,0,1e-05,-0,-5e-05,1e-05,-0,3e-05,-4e-05,-1e-05,0,-0.01901,0.00018,-0.00125,0.01278,-0.00053,0.00034,0.00048,-0.00086,0.00068,-0.00039,-0.00148,5e-05,1e-05,0
4.48,0.00016,0.0003,-3e-05,-5e-05,0.00042,0,-0.00038,-0.00058,-0.00019,0.00015,0,1e-05,-0,-1e-05,1e-05,0,2e-05,-4e-05,-1e-05,-0,-0.01968,0.00029,-0.00103,0.01316,-0.00031,0.00038,0.00053,-0.00084,0.00109,-0.0004,-0.0016,5e-05,-0,-0
4.5,0.00011,0.00038,-3e-05,-8e-05,0.00045,0,-0.00042,-0.0007,-0.00022,0.00018,0,1e-05,-0,2e-05,1e-05,1e-05,1e-05,-4e-05,-0,-0,-0.02057,0.00033,-0.00082,0.01372,-0.00011,0.00043,0.0006,-0.00091,0.0014,-0.00035,-0.00165,5e-05,-1e-05,-1e-05
4.52,9e-05,0.00047,-3e-05,-0.00011,0.00047,0,-0.00044,-0.00077,-0.00023,0.00019,0,1e-05,-0,6e-05,0,1e-05,1e-05,-4e-05,-0,-0,-0.02172,0.00033,-0.00061,0.01453,2e-05,0.00048,0.00067,-0.00095,0.00159,-0.00026,-0.00165,4e-05,-1e-05,-1e-05
4.54,9e-05,0.00055,-3e-05,-0.00015,0.00047,0,-0.00045,-0.00081,-0.00024,0.00019,0,1e-05,-0,0.0001,0,1e-05,-0,-4e-05,-0,-1e-05,-0.0232,0.00028,-0.00041,0.01566,6e-05,0.00052,0.00074,-0.001,0.00165,-0.00013,-0.00152,3e-05,-2e-05,-1e-05
4.56,0.00011,0.00063,-3e-05,-0.00018,0.00046,0,-0.00044,-0.00081,-0.00023,0.00018,-0,0,-0,0.00014,-0,1e-05,-1e-05,-4e-05,-0,-1e-05,-0.02509,0.00019,-0.00021,0.01723,-3e-05,0.00055,0.0008,-0.00111,0.00161,3e-05,-0.00125,2e-05,-2e-05,-1e-05
4.58,0.00014,0.0007,-3e-05,-0.00021,0.00045,0,-0.00041,-0.00078,-0.00021,0.00016,-0,0,0,0.00018,-1e-05,1e-05,-1e-05,-4e-05,-0,-1e-05,-0.02753,5e-05,1e-05,0.01935,-0.00029,0.00055,0.00082,-0.00129,0.0015,0.00019,-0.00089,1e-05,-1e-05,-1e-05
4.6,0.00018,0.00076,-4e-05,-0.00023,0.00043,0,-0.00036,-0.00071,-0.00019,0.00013,-0,0,0,0.00021,-1e-05,1e-05,-2e-05,-4e-05,-0,-1e-05,-0.03061,-0.0001,0.00025,0.02209,-0.00076,0.0005,0.00077,-0.00152,0.00136,0.00034,-0.0005,0,-1e-05,-1e-05
4.62,0.00021,0.00081,-5e-05,-0.00025,0.00041,0,-0.00029,-0.00061,-0.00014,8e-05,-0,-0,0,0.00024,-1e-05,1e-05,-2e-05,-4e-05,-1e-05,-1e-05,-0.0344,-0.00032,0.00052,0.02548,-0.0015,0.00037,0.00064,-0.00177,0.00121,0.00048,-9e-05,-0,-1e-05,-1e-05
4.64,0.00023,0.00085,-6e-05,-0.00026,0.00039,0,-0.0002,-0.00048,-9e-05,2e-05,-1e-05,-0,0,0.00026,-1e-05,0,-3e-05,-4e-05,-1e-05,-0,-0.03908,-0.00066,0.00082,0.02965,-0.00256,0.00015,0.00036,-0.00199,0.00109,0.0006,0.00032,-1e-05,-1e-05,-1e-05
4.66,0.00024,0.00088,-8e-05,-0.00027,0.00037,0,-0.0001,-0.00033,-3e-05,-5e-05,-1e-05,-0,0,0.00028,-1e-05,0,-4e-05,-4e-05,-1e-05,-0,-0.04481,-0.00109,0.0012,0.03478,-0.00395,-0.00022,-9e-05,-0.00211,0.001,0.00069,0.00069,-1e-05,-1e-05,-1e-05
4.68,0.00022,0.00092,-9e-05,-0.00027,0.00035,0,2e-05,-0.00015,3e-05,-0.00012,-1e-05,-1e-05,0,0.00028,-1e-05,0,-5e-05,-5e-05,-1e-05,-0,-0.05159,-0.00162,0.00169,0.04091,-0.00568,-0.00074,-0.00078,-0.00204,0.00094,0.00077,0.00099,-1e-05,-1e-05,-1e-05
4.7,0.00016,0.00096,-0.00011,-0.00026,0.00034,0,0.00014,4e-05,0.0001,-0.00021,-0,-0,0,0.00028,-1e-05,-0,-7e-05,-5e-05,-1e-05,-0,-0.05937,-0.00236,0.0023,0.0479,-0.00771,-0.00146,-0.00173,-0.00193,0.00089,0.00082,0.00122,-0,-1e-05,-2e-05
4.72,6e-05,0.00101,-0.00013,-0.00024,0.00033,0,0.00026,0.00023,0.00016,-0.00029,-0,-0,0,0.00027,-2e-05,-0,-8e-05,-6e-05,-1e-05,-0,-0.06803,-0.00351,0.00302,0.05557,-0.00989,-0.0024,-0.003,-0.00189,0.00087,0.00088,0.00136,-0,-0,-2e-05
4.74,-0.0001,0.00109,-0.00014,-0.00021,0.00033,0,0.00037,0.00043,0.00023,-0.00037,-0,-0,0,0.00025,-2e-05,-1e-05,-0.0001,-6e-05,-1e-05,-0,-0.07694,-0.00508,0.00386,0.06336,-0.01206,-0.0036,-0.00459,-0.00172,0.00083,0.00094,0.00141,0,-0,-2e-05
4.76,-0.0003,0.00119,-0.00014,-0.00017,0.00032,0,0.00046,0.00062,0.00028,-0.00044,-0,0,-0,0.00023,-2e-05,-1e-05,-0.00012,-5e-05,-1e-05,-0,-0.08517,-0.00689,0.00486,0.0705,-0.01395,-0.00503,-0.00644,-0.00133,0.00078,0.00101,0.00136,0,-0,-2e-05
4.78,-0.00054,0.00132,-0.00013,-0.00013,0.00032,0,0.00053,0.00079,0.00032,-0.0005,-0,0,-0,0.0002,-2e-05,-1e-05,-0.00014,-5e-05,-1e-05,-0,-0.09195,-0.00874,0.00578,0.07665,-0.01476,-0.00607,-0.00825,-0.00083,0.00066,0.0011,0.00123,1e-05,-0,-1e-05
4.8,-0.0008,0.00146,-0.00012,-8e-05,0.00032,0,0.00058,0.00094,0.00035,-0.00056,-0,1e-05,-0,0.00015,-2e-05,-2e-05,-0.00016,-4e-05,-0,-0,-0.09507,-0.01111,0.00691,0.07855,-0.01504,-0.00801,-0.01026,-0.00036,0.00047,0.00124,0.00104,1e-05,-1e-05,-1e-05
4.82,-0.00108,0.00161,-0.0001,-2e-05,0.00032,0,0.00061,0.00107,0.00037,-0.00059,-0,1e-05,0,0.0001,-2e-05,-2e-05,-0.00017,-3e-05,-0,-0,-0.09194,-0.01449,0.0092,0.07247,-0.01551,-0.01339,-0.01305,6e-05,0.00014,0.00111,0.00075,0,0,0
4.84,-0.00135,0.00174,-7e-05,4e-05,0.00032,0,0.00062,0.00117,0.00037,-0.00061,-0,1e-05,0,4e-05,-2e-05,-1e-05,-0.00018,-2e-05,-0,-0,-0.08323,-0.01755,0.01198,0.06177,-0.01374,-0.01963,-0.01544,0.00098,-9e-05,0.00045,0.00036,-6e-05,1e-05,1e-05
4.86,-0.00158,0.00185,-4e-05,0.0001,0.00032,0,0.00061,0.00122,0.00036,-0.00061,-1e-05,2e-05,0,-4e-05,-2e-05,-1e-05,-0.00017,-0,0,-0,-0.07042,-0.01929,0.01399,0.04955,-0.00893,-0.02346,-0.01633,0.00262,0.00029,-0.00059,3e-05,-0.00016,-1e-05,-1e-05
4.88,-0.00175,0.00191,-0,0.00016,0.00031,0,0.00059,0.00123,0.00034,-0.0006,-1e-05,2e-05,0,-0.00014,-1e-05,-1e-05,-0.00016,1e-05,0,-0,-0.05449,-0.0194,0.01508,0.03606,-0.00262,-0.02493,-0.01557,0.00502,0.00183,-0.00202,-8e-05,-0.00032,-8e-05,-6e-05
4.9,-0.00186,0.0019,3e-05,0.00022,0.0003,0,0.00056,0.0012,0.00031,-0.00058,-1e-05,2e-05,0,-0.00024,-1e-05,-0,-0.00014,3e-05,0,-0,-0.03835,-0.01813,0.01426,0.02482,0.00337,-0.02271,-0.01336,0.00796,0.00498,-0.00365,0.00019,-0.00055,-0.00019,-0.00017
4.92,-0.00192,0.00178,5e-05,0.00028,0.00028,0,0.00053,0.00112,0.00027,-0.00055,-2e-05,2e-05,0,-0.00036,-0,0,-0.00011,4e-05,0,0,-0.02427,-0.0161,0.01142,0.01697,0.0067,-0.0171,-0.01047,0.01039,0.00966,-0.00484,0.00114,-0.00081,-0.00035,-0.00032
4.94,-0.00193,0.00157,7e-05,0.00032,0.00026,0,0.0005,0.00102,0.00023,-0.00051,-2e-05,1e-05,0,-0.00048,-0,0,-8e-05,5e-05,0,0,-0.01302,-0.01313,0.0079,0.01064,0.00716,-0.01066,-0.00714,0.01132,0.01512,-0.005,0.00306,-0.00107,-0.00052,-0.0005
4.96,-0.00187,0.00128,9e-05,0.00036,0.00023,0,0.00047,0.0009,0.00018,-0.00046,-1e-05,1e-05,0,-0.00059,-1e-05,-0,-5e-05,5e-05,0,0,-0.00527,-0.00933,0.00459,0.00576,0.00596,-0.00516,-0.0039,0.01056,0.02045,-0.00384,0.00597,-0.00131,-0.00066,-0.00065
4.98,-0.00179,0.00093,0.0001,0.00038,0.00019,0,0.00044,0.00076,0.00015,-0.00041,-1e-05,1e-05,1e-05,-0.00071,-3e-05,-1e-05,-2e-05,5e-05,0,0,-0.00112,-0.00535,0.00194,0.00262,0.00408,-0.00124,-0.00137,0.0078,0.02459,-0.00137,0.00987,-0.00145,-0.00075,-0.00074
5,-0.00165,0.00056,0.0001,0.0004,0.00015,0,0.00043,0.00061,0.00011,-0.00036,0,0,1e-05,-0.0008,-6e-05,-1e-05,-0,3e-05,-0,0,3e-05,-0.00169,0.00028,0.00089,0.00226,0.00056,3e-05,0.00398,0.02669,0.00181,0.01403,-0.00151,-0.00075,-0.00075
5.02,-0.00142,0.00019,0.00011,0.00042,0.0001,0,0.00042,0.00046,8e-05,-0.00031,2e-05,-0,1e-05,-0.00086,-0.0001,-2e-05,-0,0,-1e-05,0,-0.00098,0.00123,-0.00027,0.00015,0.00087,0.00031,0.00022,0.00057,0.02653,0.00481,0.01718,-0.00153,-0.00068,-0.00068
5.04,-0.00117,-0.00014,0.0001,0.00043,6e-05,0,0.00042,0.00032,6e-05,-0.00028,4e-05,-1e-05,1e-05,-0.0009,-0.00015,-2e-05,0,-4e-05,-2e-05,0,-0.00321,0.00332,0.00021,-0,5e-05,-0.00119,-0.00048,-0.00219,0.0248,0.007,0.01935,-0.00147,-0.00057,-0.00058
5.06,-0.00094,-0.00043,8e-05,0.00044,1e-05,-0,0.00042,0.00019,4e-05,-0.00026,5e-05,-1e-05,1e-05,-0.0009,-0.00022,-3e-05,0,-0.0001,-3e-05,0,-0.0054,0.00399,0.00134,7e-05,-0.00011,-0.00307,-0.00159,-0.00427,0.02227,0.00811,0.02092,-0.00133,-0.00046,-0.00048
5.08,-0.00074,-0.00064,6e-05,0.00044,-3e-05,-0,0.00043,8e-05,3e-05,-0.00024,6e-05,-0,1e-05,-0.00088,-0.0003,-3e-05,-0,-0.00017,-4e-05,-0,-0.007,0.00374,0.00261,0.00011,-0,-0.00482,-0.00271,-0.00537,0.01929,0.00823,0.02168,-0.00114,-0.00036,-0.00039
5.1,-0.00055,-0.00079,3e-05,0.00043,-6e-05,-0,0.00044,-1e-05,2e-05,-0.00024,5e-05,-0,1e-05,-0.00083,-0.00038,-2e-05,0,-0.00024,-5e-05,-0,-0.00836,0.00335,0.00376,0.00013,2e-05,-0.00603,-0.00364,-0.00508,0.01617,0.00762,0.02167,-0.00093,-0.00028,-0.00032
5.12,-0.00035,-0.00088,-0,0.00043,-8e-05,-0,0.00044,-6e-05,2e-05,-0.00024,3e-05,1e-05,1e-05,-0.00077,-0.00046,-1e-05,2e-05,-0.00031,-6e-05,-0,-0.00929,0.00289,0.00449,0.00012,-2e-05,-0.00558,-0.00389,-0.00352,0.01309,0.00651,0.02102,-0.00071,-0.00022,-0.00028
5.14,-0.00019,-0.00091,-3e-05,0.00042,-9e-05,-0,0.00043,-9e-05,2e-05,-0.00024,2e-05,1e-05,0,-0.0007,-0.00053,-0,5e-05,-0.00035,-6e-05,-1e-05,-0.00978,0.00246,0.00454,9e-05,-2e-05,-0.00425,-0.0036,-0.00135,0.01018,0.00518,0.01987,-0.00051,-0.00017,-0.00024
5.16,-8e-05,-0.00088,-6e-05,0.00041,-0.0001,-0,0.0004,-8e-05,2e-05,-0.00025,1e-05,2e-05,0,-0.00061,-0.00059,2e-05,9e-05,-0.00037,-7e-05,-1e-05,-0.00999,0.00212,0.00381,5e-05,0,-0.00287,-0.00309,0.00112,0.00756,0.00381,0.01847,-0.00033,-0.00013,-0.00022
5.18,0,-0.00081,-7e-05,0.00039,-0.00011,-0,0.00036,-6e-05,2e-05,-0.00024,0,3e-05,0,-0.00052,-0.00062,3e-05,0.00013,-0.00038,-7e-05,-1e-05,-0.01004,0.00181,0.00227,2e-05,1e-05,-0.00171,-0.00241,0.00383,0.00532,0.00243,0.01701,-0.00016,-0.0001,-0.0002
5.2,5e-05,-0.00072,-8e-05,0.00036,-0.00011,-0,0.00031,-3e-05,2e-05,-0.00023,-0,4e-05,-0,-0.00042,-0.00063,5e-05,0.00016,-0.00035,-7e-05,-1e-05,-0.00993,0.00148,4e-05,-2e-05,-2e-05,-0.00055,-0.00147,0.00647,0.00359,0.00121,0.0155,-2e-05,-8e-05,-0.00019
5.22,7e-05,-0.00062,-7e-05,0.00032,-0.0001,-0,0.00025,-1e-05,2e-05,-0.0002,0,5e-05,-0,-0.00032,-0.00063,7e-05,0.00018,-0.00024,-6e-05,-1e-05,-0.0097,0.00113,-0.00245,-6e-05,-7e-05,0.00092,-0.00012,0.00845,0.0024,0.00032,0.01403,0.00012,-8e-05,-0.00019
5.24,4e-05,-0.00052,-6e-05,0.00027,-0.0001,-0,0.00018,0,1e-05,-0.00016,0,5e-05,-0,-0.00022,-0.00059,8e-05,0.0002,-0.00012,-4e-05,-1e-05,-0.00984,0.00074,-0.00439,-9e-05,-0.0001,0.00245,0.0012,0.00966,0.00169,-0.00038,0.01283,0.00025,-8e-05,-0.0002
5.26,-3e-05,-0.00043,-3e-05,0.0002,-9e-05,-0,0.00012,-1e-05,1e-05,-9e-05,1e-05,6e-05,-1e-05,-0.00012,-0.00054,9e-05,0.00023,-2e-05,-3e-05,-1e-05,-0.01051,0.00032,-0.00522,-0.0001,-0.00012,0.00405,0.00221,0.01036,0.00133,-0.00096,0.01201,0.00039,-0.0001,-0.00022
5.28,-0.00016,-0.00035,-0,0.00012,-7e-05,-0,5e-05,-5e-05,-0,-1e-05,1e-05,6e-05,-1e-05,-2e-05,-0.00047,9e-05,0.00026,5e-05,-2e-05,-1e-05,-0.01172,-0.00011,-0.00415,-9e-05,-9e-05,0.00529,0.00307,0.01056,0.00116,-0.00134,0.01154,0.00052,-0.00012,-0.00025
5.3,-0.00034,-0.00029,3e-05,4e-05,-6e-05,-0,-2e-05,-0.0001,-2e-05,9e-05,2e-05,5e-05,-1e-05,8e-05,-0.00039,8e-05,0.0003,8e-05,-1e-05,-1e-05,-0.0127,-0.00046,-0.00213,-8e-05,-6e-05,0.00568,0.00323,0.01026,0.00105,-0.00155,0.01131,0.00066,-0.00015,-0.00028
5.32,-0.00055,-0.00022,6e-05,-6e-05,-4e-05,-0,-9e-05,-0.00017,-3e-05,0.00019,2e-05,5e-05,-1e-05,0.00018,-0.00032,7e-05,0.00034,6e-05,-1e-05,-1e-05,-0.01311,-0.00074,-0.00186,-5e-05,-4e-05,0.00398,0.00235,0.00952,0.00092,-0.00165,0.01122,0.0008,-0.00017,-0.00031
5.34,-0.00079,-0.00016,9e-05,-0.00016,-2e-05,-0,-0.00015,-0.00024,-5e-05,0.0003,3e-05,4e-05,-1e-05,0.00027,-0.00025,6e-05,0.00039,3e-05,-1e-05,-1e-05,-0.0132,-0.00097,-0.0017,-2e-05,-3e-05,0.002,0.00128,0.00859,0.00071,-0.00165,0.0112,0.00093,-0.00019,-0.00034
5.36,-0.00104,-0.00011,0.00012,-0.00026,0,-0,-0.00021,-0.00031,-8e-05,0.00041,3e-05,3e-05,-1e-05,0.00035,-0.00017,5e-05,0.00044,1e-05,-1e-05,-1e-05,-0.01313,-0.00116,-0.00084,-1e-05,-1e-05,0.0005,0.00038,0.00766,0.0004,-0.0016,0.01125,0.00105,-0.0002,-0.00036
5.38,-0.00129,-5e-05,0.00015,-0.00035,3e-05,-0,-0.00026,-0.00038,-0.00011,0.00052,3e-05,2e-05,-1e-05,0.00042,-0.0001,4e-05,0.0005,-1e-05,-1e-05,-2e-05,-0.01288,-0.00135,-1e-05,1e-05,-0,-0.00073,-0.00043,0.00677,4e-05,-0.00155,0.01132,0.00116,-0.00021,-0.00037
5.4,-0.0015,0,0.00018,-0.00044,5e-05,-0,-0.00031,-0.00044,-0.00014,0.00063,3e-05,2e-05,-1e-05,0.00048,-4e-05,4e-05,0.00057,-2e-05,-1e-05,-2e-05,-0.01239,-0.00153,0.00054,2e-05,-0,-0.0017,-0.00113,0.00589,-0.00034,-0.00151,0.01136,0.00126,-0.00021,-0.00037
5.42,-0.00163,4e-05,0.00021,-0.00052,8e-05,-0,-0.00035,-0.0005,-0.00017,0.00072,3e-05,1e-05,-1e-05,0.00052,1e-05,4e-05,0.00066,-3e-05,-1e-05,-2e-05,-0.0116,-0.00173,0.0005,3e-05,-1e-05,-0.00254,-0.00176,0.00496,-0.00069,-0.00148,0.01132,0.00136,-0.00021,-0.00037
5.44,-0.0017,6e-05,0.00025,-0.00058,0.00011,-0,-0.00039,-0.00056,-0.0002,0.00079,3e-05,1e-05,-1e-05,0.00055,5e-05,4e-05,0.00075,-3e-05,-1e-05,-2e-05,-0.01053,-0.00195,-0.00024,5e-05,-3e-05,-0.00321,-0.00229,0.00406,-0.00101,-0.00146,0.01122,0.00146,-0.00021,-0.00037
5.46,-0.00173,5e-05,0.00029,-0.00063,0.00015,-0,-0.00042,-0.00062,-0.00023,0.00084,3e-05,1e-05,-0,0.00056,8e-05,4e-05,0.00084,-2e-05,-1e-05,-2e-05,-0.00925,-0.00217,-0.00164,6e-05,-5e-05,-0.00362,-0.00266,0.00327,-0.00134,-0.00144,0.0111,0.00156,-0.00021,-0.00037
5.48,-0.0017,1e-05,0.00034,-0.00066,0.00018,-0,-0.00044,-0.00068,-0.00026,0.00084,2e-05,0,-0,0.00056,0.0001,5e-05,0.00095,-2e-05,-0,-2e-05,-0.0078,-0.00237,-0.00424,7e-05,-9e-05,-0.00433,-0.00311,0.00256,-0.00166,-0.00142,0.01094,0.00165,-0.0002,-0.00036
5.5,-0.0016,-6e-05,0.0004,-0.00068,0.00021,-0,-0.00045,-0.00073,-0.00029,0.0008,2e-05,0,0,0.00054,0.0001,6e-05,0.00106,-1e-05,0,-1e-05,-0.00631,-0.00252,-0.00561,8e-05,-0.0001,-0.00383,-0.00291,0.00193,-0.00197,-0.00141,0.01072,0.00173,-0.0002,-0.00034
5.52,-0.0014,-0.00015,0.00047,-0.00069,0.00024,-0,-0.00043,-0.00077,-0.00033,0.0007,1e-05,0,0,0.0005,0.0001,7e-05,0.00119,-1e-05,0,-1e-05,-0.00499,-0.00257,-0.00351,4e-05,4e-05,-0.00088,-0.00125,0.00137,-0.00223,-0.0014,0.0104,0.0018,-0.0002,-0.00032
5.54,-0.00113,-0.00027,0.00053,-0.00068,0.00027,-0,-0.00038,-0.0008,-0.00036,0.00052,1e-05,0,1e-05,0.00046,0.0001,7e-05,0.00133,-0,1e-05,-0,-0.00386,-0.00253,-0.00224,-1e-05,0.00019,0.0011,0.0003,0.0009,-0.00246,-0.00142,0.01001,0.00185,-0.0002,-0.0003
5.56,-0.00081,-0.00039,0.0006,-0.00066,0.00028,-0,-0.00031,-0.00082,-0.00039,0.00024,0,0,1e-05,0.0004,8e-05,8e-05,0.00147,0,1e-05,-0,-0.00256,-0.00259,-0.00168,-6e-05,0.00019,0.00165,0.00096,0.00053,-0.00267,-0.00147,0.00957,0.00189,-0.0002,-0.00027
5.58,-0.00044,-0.00052,0.00066,-0.00064,0.00029,-0,-0.00022,-0.00085,-0.00042,-0.00013,-0,1e-05,1e-05,0.00033,6e-05,8e-05,0.00161,1e-05,2e-05,0,-0.00096,-0.00288,-0.00067,-9e-05,1e-05,0.00149,0.00089,0.00027,-0.00287,-0.00153,0.00905,0.00193,-0.0002,-0.00024
5.6,-2e-05,-0.00064,0.0007,-0.00061,0.00029,-0,-0.00013,-0.00087,-0.00043,-0.00059,-0,1e-05,1e-05,0.00026,4e-05,8e-05,0.00176,1e-05,2e-05,0,0.00074,-0.00303,0.00053,-8e-05,-0.00029,-0.00076,-0.00042,0.0001,-0.00302,-0.00157,0.00849,0.00197,-0.0002,-0.00021
5.62,0.0004,-0.00073,0.00074,-0.00056,0.00029,-0,-1e-05,-0.0009,-0.00043,-0.00112,0,2e-05,1e-05,0.00016,1e-05,7e-05,0.00192,1e-05,3e-05,0,0.00215,-0.00267,0.00152,-5e-05,-0.00042,-0.00205,-0.00131,1e-05,-0.00307,-0.00153,0.0079,0.00202,-0.0002,-0.00018
5.64,0.00079,-0.00079,0.00077,-0.00051,0.00027,-0,0.00012,-0.00093,-0.00042,-0.00172,1e-05,3e-05,1e-05,6e-05,-3e-05,6e-05,0.00209,2e-05,3e-05,0,0.00298,-0.00238,0.00205,-1e-05,-0.00026,-0.00097,-0.00083,-1e-05,-0.00306,-0.00143,0.00726,0.0021,-0.0002,-0.00015
5.66,0.00114,-0.00081,0.00078,-0.00044,0.00025,-0,0.00026,-0.00095,-0.0004,-0.00237,2e-05,3e-05,1e-05,-4e-05,-7e-05,5e-05,0.00224,2e-05,3e-05,0,0.0034,-0.00228,0.00222,2e-05,-2e-05,0.00033,5e-05,1e-05,-0.00302,-0.00126,0.00652,0.00221,-0.0002,-0.00013
5.68,0.00142,-0.00079,0.00077,-0.00038,0.00023,-0,0.00039,-0.00096,-0.00037,-0.00309,2e-05,3e-05,1e-05,-0.00015,-0.00011,4e-05,0.00239,2e-05,3e-05,0,0.00369,-0.00216,0.00334,3e-05,0.00025,0.00215,0.00133,9e-05,-0.00293,-0.00104,0.00571,0.00235,-0.0002,-0.00011
5.7,0.00161,-0.00073,0.00075,-0.0003,0.0002,-0,0.00052,-0.00092,-0.00033,-0.0038,2e-05,2e-05,1e-05,-0.00026,-0.00018,2e-05,0.00255,2e-05,3e-05,0,0.0039,-0.00192,0.00515,0,0.00039,0.00366,0.00221,0.0002,-0.00275,-0.00079,0.00481,0.00253,-0.0002,-9e-05
5.72,0.00166,-0.00064,0.00074,-0.00023,0.00017,-0,0.00065,-0.00081,-0.00029,-0.00435,1e-05,2e-05,0,-0.00033,-0.00026,1e-05,0.00275,1e-05,3e-05,1e-05,0.00393,-0.0017,0.00381,-5e-05,0.00034,0.00299,0.00182,0.00037,-0.00247,-0.00052,0.00384,0.00273,-0.0002,-8e-05
5.74,0.00159,-0.00053,0.00072,-0.00017,0.00014,-0,0.00078,-0.00066,-0.00026,-0.00481,1e-05,1e-05,-0,-0.00035,-0.00036,-1e-05,0.00298,1e-05,2e-05,0,0.00374,-0.00152,0.00169,-0.00014,0.00026,0.00173,0.00109,0.00059,-0.00209,-0.00027,0.0028,0.00294,-0.0002,-7e-05
5.76,0.00145,-0.0004,0.00068,-0.00011,0.00011,-0,0.00088,-0.0005,-0.00023,-0.00524,0,-1e-05,-1e-05,-0.00035,-0.00049,-2e-05,0.00325,0,1e-05,0,0.00327,-0.00136,0.0007,-0.00029,0.00019,0.0008,0.0005,0.00087,-0.00164,-3e-05,0.0017,0.00316,-0.0002,-6e-05
5.78,0.00126,-0.00027,0.00064,-6e-05,9e-05,-0,0.00096,-0.00033,-0.00021,-0.00567,-0,-2e-05,-1e-05,-0.00032,-0.00066,-4e-05,0.00354,0,0,-0,0.00264,-0.00123,0.00016,-0.00053,0.00014,5e-05,-3e-05,0.00121,-0.00112,0.00017,0.00055,0.00337,-0.00019,-5e-05
5.8,0.00104,-0.00013,0.00059,-1e-05,6e-05,-0,0.00101,-0.0002,-0.00019,-0.00599,-0,-2e-05,-2e-05,-0.00025,-0.00086,-5e-05,0.00387,-0,-1e-05,-1e-05,0.00194,-0.00116,-2e-05,-0.00089,9e-05,-0.00049,-0.00044,0.0016,-0.00051,0.00036,-0.00063,0.00356,-0.00018,-4e-05
5.82,0.00081,-1e-05,0.00052,3e-05,4e-05,-0,0.00101,-0.00012,-0.00021,-0.00611,-0,-2e-05,-3e-05,-0.00015,-0.00104,-5e-05,0.00424,-0,-1e-05,-1e-05,0.00127,-0.00112,3e-05,-0.00143,5e-05,-0.00072,-0.00067,0.00199,0.00014,0.0005,-0.00182,0.00371,-0.00016,-4e-05
5.84,0.00058,0.0001,0.00045,6e-05,2e-05,-0,0.00097,-7e-05,-0.00026,-0.00617,0,-0,-3e-05,-2e-05,-0.00122,-5e-05,0.00459,0,-2e-05,-1e-05,0.00075,-0.00111,0.00012,-0.00218,1e-05,-0.00068,-0.0007,0.00236,0.00078,0.00062,-0.003,0.0038,-0.00014,-5e-05
5.86,0.00039,0.00018,0.00038,0.0001,1e-05,-0,0.00093,-2e-05,-0.00033,-0.00622,1e-05,1e-05,-3e-05,0.00013,-0.00142,-5e-05,0.0049,1e-05,-2e-05,-2e-05,0.00041,-0.00113,0.00015,-0.00314,-2e-05,-0.00051,-0.00061,0.0027,0.0014,0.0007,-0.00415,0.00384,-0.00012,-5e-05
5.88,0.00021,0.00025,0.0003,0.00013,0,-0,0.00088,1e-05,-0.00043,-0.00618,1e-05,2e-05,-3e-05,0.00029,-0.00164,-3e-05,0.00516,1e-05,-1e-05,-2e-05,0.00019,-0.00115,-0.00018,-0.00434,-4e-05,-0.00024,-0.00043,0.00299,0.00199,0.00075,-0.00521,0.00384,-9e-05,-5e-05
5.9,6e-05,0.00029,0.00023,0.00015,-1e-05,-0,0.00081,4e-05,-0.00055,-0.00603,2e-05,3e-05,-2e-05,0.00048,-0.0018,-0,0.00535,2e-05,-1e-05,-2e-05,-4e-05,-0.00118,-0.00027,-0.0054,-6e-05,4e-05,-0.00022,0.0032,0.0025,0.00077,-0.00619,0.00379,-7e-05,-6e-05
5.92,-4e-05,0.00031,0.00018,0.00016,-2e-05,-0,0.00072,0.0001,-0.00066,-0.00579,4e-05,2e-05,2e-05,0.00076,-0.00181,3e-05,0.00547,4e-05,-1e-05,-2e-05,-0.0003,-0.00123,0.00105,-0.00553,-6e-05,0.00021,-6e-05,0.00333,0.00286,0.00076,-0.0071,0.00371,-4e-05,-6e-05
5.94,-0.00013,0.00033,0.00013,0.00016,-4e-05,-0,0.0006,0.00017,-0.00076,-0.00543,6e-05,0,6e-05,0.00107,-0.00171,7e-05,0.0055,6e-05,-1e-05,-1e-05,-0.00044,-0.00126,0.00263,-0.0049,-6e-05,0.00031,5e-05,0.00338,0.00307,0.00073,-0.00789,0.00361,-2e-05,-6e-05
5.96,-0.0002,0.00035,9e-05,0.00015,-6e-05,-0,0.00049,0.00023,-0.00084,-0.00494,9e-05,-0,0.0001,0.00136,-0.00156,0.00011,0.00543,7e-05,-1e-05,-1e-05,-0.00051,-0.00128,0.0035,-0.00392,-4e-05,0.00035,0.00013,0.00338,0.00319,0.00069,-0.0085,0.0035,-0,-6e-05
5.98,-0.00027,0.0004,5e-05,0.00013,-8e-05,-0,0.00038,0.00027,-0.00088,-0.00431,0.00014,-0,0.00013,0.00161,-0.00136,0.00014,0.00529,7e-05,-1e-05,-0,-0.00056,-0.00131,0.00395,-0.00249,-3e-05,0.00035,0.00017,0.00333,0.00324,0.00068,-0.00891,0.00339,2e-05,-5e-05
6,-0.00033,0.00047,2e-05,0.0001,-0.00011,-0,0.00028,0.00026,-0.00083,-0.00367,0.00022,-0,0.00014,0.00188,-0.0011,0.00017,0.00506,8e-05,-1e-05,0,-0.00071,-0.00134,0.00365,-0.00122,-1e-05,0.0003,0.00016,0.00317,0.0032,0.00072,-0.0092,0.00329,3e-05,-4e-05
6.02,-0.00036,0.00059,-2e-05,7e-05,-0.00014,-0,0.00018,0.00019,-0.00067,-0.00316,0.00033,1e-05,0.00013,0.00228,-0.00079,0.00019,0.00474,7e-05,-0,1e-05,-0.00097,-0.00137,0.00272,-0.0006,-1e-05,0.00021,0.00011,0.00284,0.00304,0.00083,-0.00945,0.0032,4e-05,-3e-05
6.04,-0.00038,0.00076,-7e-05,5e-05,-0.00017,-0,0.00011,0.00011,-0.00048,-0.00271,0.00048,2e-05,0.0001,0.00273,-0.00047,0.00019,0.00434,7e-05,-0,1e-05,-0.00124,-0.0014,0.00189,-0.00023,-0,0.00014,7e-05,0.00239,0.00282,0.00106,-0.00959,0.00315,5e-05,-1e-05
6.06,-0.00042,0.00097,-0.00012,2e-05,-0.00019,-0,7e-05,3e-05,-0.00029,-0.00222,0.00066,4e-05,6e-05,0.00317,-0.00019,0.00018,0.0039,6e-05,0,2e-05,-0.0015,-0.00146,0.00136,0.00011,0,9e-05,5e-05,0.00181,0.00263,0.00139,-0.00959,0.00312,6e-05,0
6.08,-0.00047,0.00122,-0.00017,0,-0.0002,-0,4e-05,-3e-05,-0.00013,-0.00173,0.00085,6e-05,2e-05,0.00363,6e-05,0.00014,0.00342,5e-05,0,2e-05,-0.00174,-0.00152,0.00098,0.00033,0,6e-05,3e-05,0.00108,0.00245,0.0018,-0.00951,0.00313,7e-05,1e-05
6.1,-0.00051,0.00146,-0.00022,-2e-05,-0.00021,-0,3e-05,-6e-05,1e-05,-0.00131,0.00105,9e-05,-1e-05,0.00416,0.00019,0.0001,0.00292,4e-05,0,2e-05,-0.00194,-0.0016,0.0007,0.00043,0,4e-05,2e-05,0.00021,0.00225,0.00221,-0.00933,0.00317,8e-05,3e-05
6.12,-0.00053,0.00166,-0.00025,-3e-05,-0.00022,-0,3e-05,-8e-05,8e-05,-0.00098,0.00129,0.00011,-4e-05,0.00481,0.00019,6e-05,0.00242,4e-05,0,2e-05,-0.0021,-0.00168,0.00047,0.00044,0,2e-05,1e-05,-0.00079,0.00193,0.0025,-0.00904,0.00324,9e-05,4e-05
6.14,-0.00054,0.0018,-0.00028,-4e-05,-0.00021,-0,2e-05,-8e-05,0.00011,-0.00073,0.00148,0.00013,-5e-05,0.00546,0.00013,2e-05,0.00193,3e-05,0,3e-05,-0.00221,-0.00176,0.00028,0.0004,2e-05,1e-05,0,-0.00187,0.00148,0.00262,-0.00873,0.00331,0.00011,5e-05
6.16,-0.00053,0.00187,-0.0003,-5e-05,-0.0002,-0,2e-05,-7e-05,0.0001,-0.00051,0.00151,0.00013,-6e-05,0.00599,6e-05,-3e-05,0.00147,3e-05,0,3e-05,-0.00225,-0.00183,0.00013,0.00035,4e-05,-0,-1e-05,-0.00299,0.00088,0.00255,-0.00847,0.00335,0.00013,6e-05
6.18,-0.00048,0.00188,-0.00034,-6e-05,-0.00019,-0,2e-05,-6e-05,9e-05,-0.00033,0.00144,0.00013,-6e-05,0.0064,-2e-05,-9e-05,0.00105,3e-05,0,3e-05,-0.00217,-0.00187,1e-05,0.00029,9e-05,-1e-05,-2e-05,-0.00407,5e-05,0.00228,-0.00824,0.00334,0.00014,7e-05
6.2,-0.00038,0.00183,-0.00037,-7e-05,-0.00017,-0,3e-05,-5e-05,6e-05,-0.0002,0.00124,0.00012,-5e-05,0.00662,-0.00012,-0.00013,0.00069,2e-05,-0,2e-05,-0.00166,-0.00162,-5e-05,3e-05,0.00013,-1e-05,-2e-05,-0.00501,-0.00114,0.00182,-0.00803,0.00324,0.00016,7e-05
6.22,-0.00021,0.00173,-0.00041,-8e-05,-0.00015,-0,3e-05,-5e-05,3e-05,-0.00013,0.00091,9e-05,-4e-05,0.00664,-0.00019,-0.00015,0.00041,2e-05,-0,2e-05,-0.00099,-0.00122,-4e-05,-0.00034,0.00017,-1e-05,-2e-05,-0.00573,-0.00281,0.0012,-0.00781,0.003,0.00018,7e-05
6.24,2e-05,0.00157,-0.00046,-9e-05,-0.00012,-0,4e-05,-6e-05,0,-8e-05,0.0006,7e-05,-4e-05,0.00646,-0.00023,-0.00015,0.00018,2e-05,-0,1e-05,-0.00012,-0.00062,3e-05,-0.00091,0.00022,0,-1e-05,-0.00613,-0.0049,0.00054,-0.00758,0.00264,0.00019,7e-05
6.26,0.00031,0.00134,-0.00052,-0.0001,-9e-05,-0,5e-05,-6e-05,-1e-05,-5e-05,0.00037,5e-05,-3e-05,0.00611,-0.00026,-0.00016,3e-05,2e-05,-0,0,0.00094,0.00024,0.00015,-0.00175,0.00026,2e-05,-1e-05,-0.00616,-0.00722,-5e-05,-0.00732,0.00216,0.00019,6e-05
6.28,0.00065,0.00105,-0.00058,-0.00011,-6e-05,-0,5e-05,-5e-05,-2e-05,-2e-05,0.0002,3e-05,-3e-05,0.00563,-0.00029,-0.00015,-7e-05,1e-05,0,-0,0.00211,0.00139,0.00028,-0.00285,0.00029,3e-05,0,-0.00582,-0.00959,-0.00048,-0.00703,0.00161,0.00017,6e-05
6.3,0.00101,0.00071,-0.00062,-0.00012,-3e-05,-0,6e-05,-5e-05,-1e-05,-0,8e-05,1e-05,-2e-05,0.00502,-0.00033,-0.00013,-0.00013,1e-05,1e-05,-0,0.0033,0.00276,0.00042,-0.0042,0.00029,4e-05,1e-05,-0.0052,-0.0118,-0.00068,-0.00666,0.00107,0.00015,5e-05
6.32,0.00135,0.00035,-0.00064,-0.00013,-0,-0,6e-05,-5e-05,-0,1e-05,-1e-05,0,-2e-05,0.00433,-0.00039,-0.00011,-0.00015,1e-05,1e-05,-0,0.00441,0.00415,0.00056,-0.00572,0.00027,6e-05,3e-05,-0.0044,-0.01364,-0.00067,-0.00616,0.0006,0.00012,4e-05
6.34,0.00162,-0,-0.00063,-0.00015,2e-05,-0,6e-05,-4e-05,1e-05,3e-05,-7e-05,-1e-05,-1e-05,0.00364,-0.00045,-8e-05,-0.00016,1e-05,1e-05,-0,0.00534,0.00531,0.0007,-0.00724,0.00022,8e-05,4e-05,-0.00354,-0.01476,-0.00048,-0.00558,0.00024,8e-05,3e-05
6.36,0.00183,-0.00035,-0.00059,-0.00016,5e-05,0,6e-05,-3e-05,4e-05,4e-05,-0.00011,-1e-05,-1e-05,0.00302,-0.00048,-4e-05,-0.00016,1e-05,2e-05,-0,0.00598,0.00608,0.00086,-0.00855,0.00012,0.0001,6e-05,-0.00269,-0.01496,-0.0002,-0.00497,-0,4e-05,2e-05
6.38,0.00195,-0.00065,-0.00053,-0.00018,6e-05,0,6e-05,-2e-05,6e-05,4e-05,-0.00014,-2e-05,-1e-05,0.00243,-0.00048,-0,-0.00016,0,2e-05,0,0.00631,0.00635,0.00102,-0.00954,-2e-05,0.00013,8e-05,-0.00194,-0.01434,0.00012,-0.00426,-0.00013,0,2e-05
6.4,0.00198,-0.00089,-0.00043,-0.00019,7e-05,0,5e-05,-1e-05,9e-05,5e-05,-0.00015,-2e-05,-1e-05,0.00189,-0.00046,3e-05,-0.00015,0,2e-05,0,0.00637,0.00619,0.00112,-0.01011,-0.0002,0.00017,0.00011,-0.0013,-0.01289,0.00044,-0.00343,-0.00018,-3e-05,2e-05
6.42,0.00193,-0.00106,-0.00033,-0.0002,8e-05,0,5e-05,-0,0.00011,5e-05,-0.00016,-2e-05,-1e-05,0.0014,-0.00044,6e-05,-0.00015,0,1e-05,0,0.00626,0.00574,0.00113,-0.0102,-0.00043,0.00022,0.00014,-0.00076,-0.01077,0.00073,-0.00251,-0.00017,-4e-05,2e-05
6.44,0.00181,-0.00117,-0.00022,-0.0002,8e-05,0,4e-05,0,0.00013,5e-05,-0.00015,-2e-05,-1e-05,0.00098,-0.0004,7e-05,-0.00014,0,1e-05,0,0.00597,0.00513,0.00098,-0.00993,-0.00069,0.00027,0.00018,-0.00036,-0.00833,0.001,-0.00142,-0.00014,-4e-05,2e-05
6.46,0.00165,-0.00121,-0.00012,-0.0002,9e-05,0,3e-05,0,0.00014,5e-05,-0.00014,-2e-05,-0,0.00063,-0.00034,8e-05,-0.00014,0,1e-05,0,0.00554,0.00446,0.00066,-0.00937,-0.00094,0.00031,0.00022,-8e-05,-0.00586,0.00123,-0.00023,-0.00011,-3e-05,2e-05
6.48,0.00147,-0.00121,-3e-05,-0.00019,8e-05,0,2e-05,1e-05,0.00014,5e-05,-0.00013,-2e-05,-0,0.00036,-0.00028,7e-05,-0.00013,0,0,0,0.00499,0.00383,0.00024,-0.00861,-0.00118,0.00034,0.00025,0.00012,-0.00355,0.00142,0.00094,-8e-05,-1e-05,2e-05
6.5,0.00127,-0.00117,3e-05,-0.00017,8e-05,0,1e-05,1e-05,0.00013,5e-05,-0.00012,-2e-05,-0,0.00017,-0.00021,6e-05,-0.00013,0,-0,0,0.0044,0.00336,-0.00019,-0.00774,-0.00136,0.00035,0.00028,0.00025,-0.00157,0.0015,0.0019,-6e-05,0,2e-05
6.52,0.00109,-0.00113,8e-05,-0.00015,8e-05,0,-1e-05,1e-05,0.00011,5e-05,-0.0001,-2e-05,0,5e-05,-0.00015,4e-05,-0.00012,0,-0,-0,0.00381,0.0031,-0.0005,-0.00687,-0.00148,0.00035,0.00031,0.00033,-0.00013,0.0014,0.00246,-6e-05,1e-05,1e-05
6.54,0.00093,-0.00108,0.00011,-0.00013,8e-05,0,-4e-05,0,9e-05,4e-05,-8e-05,-2e-05,1e-05,1e-05,-0.0001,2e-05,-0.00012,0,-1e-05,-0,0.00321,0.00302,-0.00065,-0.0061,-0.00154,0.00034,0.00033,0.00043,0.00067,0.00119,0.0026,-5e-05,1e-05,1e-05
6.56,0.0008,-0.00105,0.00012,-0.0001,8e-05,0,-7e-05,0,7e-05,4e-05,-4e-05,-1e-05,1e-05,4e-05,-5e-05,-1e-05,-0.00012,0,-1e-05,-0,0.00258,0.00301,-0.00061,-0.0055,-0.00154,0.00032,0.00034,0.00058,0.00097,0.00093,0.00247,-3e-05,1e-05,0
6.58,0.0007,-0.00102,0.00012,-7e-05,9e-05,0,-0.0001,-0,5e-05,3e-05,2e-05,-1e-05,1e-05,0.00011,-1e-05,-3e-05,-0.00012,1e-05,-2e-05,-0,0.00191,0.00303,-0.00043,-0.00513,-0.0015,0.0003,0.00034,0.00076,0.00094,0.00068,0.00222,-1e-05,-0,-0
6.6,0.00064,-0.001,0.00012,-4e-05,8e-05,0,-0.00014,-0,4e-05,2e-05,9e-05,-0,2e-05,0.00022,2e-05,-5e-05,-0.00012,1e-05,-2e-05,0,0.00126,0.00301,-0.00018,-0.00502,-0.00143,0.00029,0.00034,0.00095,0.00079,0.00048,0.00194,1e-05,-1e-05,-0
6.62,0.00061,-0.00096,0.00012,-1e-05,8e-05,0,-0.00016,-0,3e-05,1e-05,0.0002,0,3e-05,0.00033,5e-05,-8e-05,-0.00012,1e-05,-2e-05,0,0.0006,0.00297,2e-05,-0.00517,-0.00134,0.00028,0.00033,0.0011,0.0007,0.00036,0.00171,2e-05,-1e-05,-0
6.64,0.00062,-0.00091,0.00011,0,7e-05,0,-0.00018,0,2e-05,0,0.00033,1e-05,3e-05,0.00044,6e-05,-0.0001,-0.00011,1e-05,-3e-05,0,-0.00014,0.00286,0.00014,-0.00553,-0.00125,0.00028,0.00033,0.00116,0.00081,0.00033,0.0016,2e-05,-1e-05,-0
6.66,0.00064,-0.00085,0.00011,2e-05,5e-05,0,-0.00018,1e-05,1e-05,-0,0.00049,3e-05,4e-05,0.00053,6e-05,-0.00012,-0.0001,1e-05,-3e-05,0,-0.00098,0.00265,0.00018,-0.00601,-0.00116,0.00029,0.00032,0.00106,0.00118,0.00036,0.00157,2e-05,-0,0
6.68,0.00069,-0.00077,0.00012,2e-05,3e-05,0,-0.00018,2e-05,1e-05,-1e-05,0.00066,4e-05,5e-05,0.00058,6e-05,-0.00013,-9e-05,1e-05,-3e-05,0,-0.00189,0.00236,0.00014,-0.00655,-0.00107,0.00031,0.00031,0.00071,0.00182,0.00041,0.0015,2e-05,1e-05,1e-05
6.7,0.00074,-0.00069,0.00014,2e-05,1e-05,0,-0.00017,3e-05,1e-05,-2e-05,0.00083,5e-05,5e-05,0.0006,5e-05,-0.00014,-7e-05,2e-05,-3e-05,0,-0.00289,0.00208,3e-05,-0.00712,-0.00098,0.00035,0.0003,6e-05,0.00267,0.00041,0.00125,1e-05,3e-05,1e-05
6.72,0.00079,-0.00059,0.00016,2e-05,-1e-05,0,-0.00016,4e-05,1e-05,-2e-05,0.00103,7e-05,6e-05,0.00058,4e-05,-0.00014,-6e-05,2e-05,-2e-05,0,-0.00404,0.00185,-0.00013,-0.00771,-0.00088,0.0004,0.0003,-0.00093,0.00358,0.00035,0.00073,0,5e-05,2e-05
6.74,0.0008,-0.00048,0.00019,2e-05,-3e-05,0,-0.00014,5e-05,1e-05,-2e-05,0.00119,8e-05,6e-05,0.00052,3e-05,-0.00013,-3e-05,2e-05,-2e-05,0,-0.00528,0.00162,-0.00026,-0.00828,-0.00078,0.00046,0.00029,-0.00222,0.0044,0.00022,-0.00011,-0,7e-05,2e-05
6.76,0.00078,-0.00038,0.00022,1e-05,-4e-05,0,-0.00013,6e-05,0,-2e-05,0.00126,8e-05,7e-05,0.00042,2e-05,-0.00012,-1e-05,2e-05,-2e-05,0,-0.0065,0.00136,-0.00032,-0.00875,-0.00068,0.00052,0.00028,-0.00371,0.005,4e-05,-0.00125,-1e-05,8e-05,3e-05
6.78,0.00071,-0.00027,0.00024,1e-05,-5e-05,0,-0.00011,6e-05,0,-2e-05,0.00125,8e-05,6e-05,0.0003,2e-05,-9e-05,1e-05,1e-05,-2e-05,-0,-0.00769,0.00106,-0.00031,-0.00912,-0.00058,0.00059,0.00027,-0.00534,0.0053,-0.00015,-0.00261,-1e-05,8e-05,3e-05
6.8,0.0006,-0.00015,0.00026,1e-05,-6e-05,0,-9e-05,6e-05,0,-2e-05,0.00115,8e-05,6e-05,0.00017,2e-05,-5e-05,3e-05,1e-05,-1e-05,-0,-0.0089,0.0008,-0.00028,-0.00941,-0.00049,0.00066,0.00027,-0.00702,0.00531,-0.00034,-0.00407,-1e-05,8e-05,3e-05
6.82,0.00044,-3e-05,0.00026,1e-05,-5e-05,0,-7e-05,5e-05,0,-2e-05,0.00095,7e-05,5e-05,5e-05,2e-05,-1e-05,4e-05,1e-05,-1e-05,-0,-0.01018,0.00058,-0.00024,-0.00961,-0.00041,0.00071,0.00027,-0.00871,0.00506,-0.0005,-0.00552,-0,8e-05,3e-05
6.84,0.00024,0.0001,0.00024,1e-05,-4e-05,0,-5e-05,4e-05,0,-1e-05,0.00075,5e-05,4e-05,-4e-05,3e-05,3e-05,4e-05,0,-1e-05,-0,-0.01146,0.00035,-0.00019,-0.00967,-0.00033,0.00076,0.00027,-0.01041,0.0046,-0.00063,-0.00681,-0,8e-05,3e-05
6.86,0,0.00024,0.00021,1e-05,-3e-05,0,-4e-05,3e-05,0,-1e-05,0.00058,4e-05,3e-05,-0.00011,4e-05,7e-05,4e-05,0,-1e-05,0,-0.01264,0.00012,-0.00016,-0.00954,-0.00027,0.00077,0.00026,-0.0121,0.00393,-0.00071,-0.0078,-1e-05,7e-05,4e-05
6.88,-0.00027,0.0004,0.00017,1e-05,-0,0,-3e-05,1e-05,0,-1e-05,0.00043,4e-05,2e-05,-0.00015,5e-05,0.00011,3e-05,0,-1e-05,0,-0.01367,-0.00011,-0.00015,-0.00917,-0.00021,0.00077,0.00025,-0.01379,0.00311,-0.00072,-0.00838,-4e-05,7e-05,4e-05
6.9,-0.00055,0.00058,0.00014,1e-05,3e-05,0,-2e-05,-0,1e-05,-1e-05,0.00031,3e-05,2e-05,-0.00016,6e-05,0.00015,1e-05,-0,-1e-05,-0,-0.01457,-0.00032,-0.00018,-0.00857,-0.00015,0.00073,0.00024,-0.01525,0.00217,-0.00069,-0.00814,-0.0001,7e-05,5e-05
6.92,-0.00083,0.00078,0.0001,1e-05,7e-05,0,-2e-05,-1e-05,1e-05,-0,0.00022,2e-05,1e-05,-0.00016,7e-05,0.00018,-1e-05,-0,-1e-05,-0,-0.01533,-0.00053,-0.00026,-0.00774,-0.00011,0.00067,0.00022,-0.01619,0.00113,-0.00066,-0.00674,-0.00021,7e-05,6e-05
6.94,-0.0011,0.00099,8e-05,1e-05,0.0001,0,-1e-05,-2e-05,1e-05,-0,0.00013,2e-05,0,-0.00017,7e-05,0.00022,-3e-05,-0,-1e-05,0,-0.01573,-0.00073,-0.00037,-0.00666,-7e-05,0.00059,0.0002,-0.01635,-4e-05,-0.00061,-0.00413,-0.00041,8e-05,7e-05
6.96,-0.00133,0.00122,7e-05,1e-05,0.00014,0,-1e-05,-2e-05,0,0,4e-05,2e-05,-1e-05,-0.00017,8e-05,0.00024,-5e-05,-0,-1e-05,0,-0.01555,-0.00091,-0.0005,-0.00542,-3e-05,0.0005,0.00017,-0.01536,-0.00135,-0.00051,-0.00011,-0.00073,8e-05,8e-05
6.98,-0.00151,0.00145,7e-05,1e-05,0.00017,0,-0,-1e-05,-0,0,-4e-05,2e-05,-2e-05,-0.0002,8e-05,0.00027,-7e-05,-0,-1e-05,0,-0.01467,-0.00106,-0.0006,-0.00411,-1e-05,0.0004,0.00013,-0.01278,-0.00273,-0.00039,0.00563,-0.00118,7e-05,8e-05
7,-0.00163,0.00165,7e-05,1e-05,0.00019,0,1e-05,1e-05,-1e-05,1e-05,-0.00011,1e-05,-3e-05,-0.00023,7e-05,0.00029,-8e-05,-0,-1e-05,0,-0.01307,-0.00119,-0.00065,-0.00289,0,0.00031,0.0001,-0.0078,-0.00407,-0.00031,0.01279,-0.00175,4e-05,7e-05
7.02,-0.00171,0.00177,8e-05,1e-05,0.0002,0,2e-05,3e-05,-1e-05,1e-05,-0.00018,1e-05,-3e-05,-0.00029,7e-05,0.0003,-9e-05,0,-1e-05,1e-05,-0.01088,-0.0013,-0.00061,-0.00191,0,0.00023,8e-05,-0.00041,-0.00527,-0.00034,0.01935,-0.00235,-3e-05,4e-05
7.04,-0.00173,0.0018,9e-05,2e-05,0.0002,0,3e-05,6e-05,-1e-05,1e-05,-0.00023,1e-05,-4e-05,-0.00035,5e-05,0.00031,-9e-05,0,-1e-05,1e-05,-0.00826,-0.0013,-0.0005,-0.0012,-0,0.00017,6e-05,0.0084,-0.00601,-0.00043,0.02413,-0.00291,-0.00012,-3e-05
7.06,-0.00167,0.00174,0.0001,2e-05,0.00018,0,5e-05,8e-05,-2e-05,2e-05,-0.00026,1e-05,-5e-05,-0.00041,4e-05,0.00032,-8e-05,0,-1e-05,1e-05,-0.00552,-0.00115,-0.00035,-0.00077,-1e-05,0.00012,4e-05,0.01798,-0.00598,-0.00051,0.02731,-0.00338,-0.00025,-0.00012
7.08,-0.00153,0.00155,0.00011,3e-05,0.00015,0,7e-05,0.0001,-2e-05,2e-05,-0.00029,1e-05,-5e-05,-0.00046,2e-05,0.00032,-7e-05,0,-1e-05,1e-05,-0.00303,-0.00083,-0.00019,-0.00052,-3e-05,8e-05,3e-05,0.02756,-0.00518,-0.00063,0.02847,-0.00372,-0.00041,-0.00024
7.1,-0.00135,0.00127,0.00011,4e-05,0.00011,0,9e-05,0.0001,-2e-05,3e-05,-0.00029,1e-05,-5e-05,-0.00049,0,0.00031,-5e-05,0,-1e-05,1e-05,-0.00102,-0.00033,-6e-05,-0.00031,-5e-05,5e-05,2e-05,0.03602,-0.00371,-0.00076,0.0274,-0.00392,-0.00057,-0.00038
7.12,-0.00114,0.0009,0.00011,6e-05,6e-05,-0,0.00011,0.00011,-2e-05,4e-05,-0.00027,1e-05,-4e-05,-0.00048,-1e-05,0.00029,-4e-05,0,-1e-05,1e-05,0.00035,0.00029,5e-05,-2e-05,-6e-05,2e-05,1e-05,0.04201,-0.00194,-0.00085,0.02407,-0.00397,-0.00072,-0.0005
7.14,-0.00091,0.00048,0.00011,7e-05,1e-05,-0,0.00012,0.0001,-1e-05,7e-05,-0.00024,0,-4e-05,-0.00042,-2e-05,0.00027,-2e-05,0,-1e-05,1e-05,0.00104,0.00095,0.00016,0.00045,-7e-05,-0,-0,0.04524,-0.0003,-0.00087,0.01945,-0.00395,-0.00083,-0.00061
7.16,-0.0007,6e-05,0.0001,9e-05,-4e-05,-0,0.00012,9e-05,-1e-05,9e-05,-0.00022,-0,-3e-05,-0.00031,-2e-05,0.00023,-0,0,-1e-05,0,0.00094,0.0014,0.00025,0.00085,-7e-05,-2e-05,-0,0.0462,0.00094,-0.00078,0.0146,-0.00388,-0.00089,-0.00067
7.18,-0.00052,-0.00032,0.0001,0.00011,-7e-05,-0,0.00012,7e-05,0,0.00011,-0.00019,-1e-05,-2e-05,-0.00016,-1e-05,0.0002,1e-05,0,-1e-05,0,0.00055,0.00169,0.00034,0.00114,-7e-05,-2e-05,-1e-05,0.04503,0.0017,-0.00057,0.0096,-0.00379,-0.00089,-0.00068
7.2,-0.00037,-0.00061,8e-05,0.00012,-8e-05,-0,0.00011,5e-05,1e-05,0.00013,-0.00019,-2e-05,-2e-05,0,-1e-05,0.00016,1e-05,0,-1e-05,0,0.00013,0.00191,0.00043,0.00144,-7e-05,-3e-05,-1e-05,0.04258,0.002,-0.00024,0.00521,-0.00367,-0.00085,-0.00065
7.22,-0.00025,-0.00078,7e-05,0.00012,-8e-05,-0,0.0001,2e-05,3e-05,0.00014,-0.00024,-3e-05,-2e-05,0.00017,-0,0.00012,1e-05,0,-1e-05,0,-0.00024,0.00206,0.00053,0.00172,-7e-05,-3e-05,-1e-05,0.03986,0.00191,0.00011,0.00208,-0.00356,-0.00076,-0.00059
7.24,-0.00015,-0.00083,5e-05,0.00011,-6e-05,-0,8e-05,1e-05,4e-05,0.00013,-0.00033,-5e-05,-2e-05,0.00031,0,8e-05,-0,0,-1e-05,-0,-0.00051,0.00216,0.00059,0.00197,-7e-05,-3e-05,-1e-05,0.03688,0.0016,0.00039,-0.00038,-0.00342,-0.00066,-0.00051
7.26,-8e-05,-0.00078,3e-05,9e-05,-3e-05,-0,5e-05,0,4e-05,0.00012,-0.00044,-6e-05,-4e-05,0.00041,1e-05,4e-05,-2e-05,0,-1e-05,-0,-0.00069,0.0022,0.00058,0.00213,-8e-05,-2e-05,-1e-05,0.03357,0.00119,0.00056,-0.00253,-0.00323,-0.00056,-0.00043
7.28,-2e-05,-0.00064,1e-05,6e-05,-0,-0,1e-05,0,4e-05,0.00011,-0.00059,-7e-05,-5e-05,0.00048,1e-05,2e-05,-4e-05,0,-0,-0,-0.00079,0.00221,0.00051,0.00218,-9e-05,-2e-05,-0,0.03007,0.00076,0.00063,-0.00427,-0.003,-0.00046,-0.00035
7.3,3e-05,-0.00041,-0,2e-05,2e-05,-0,-4e-05,-0,2e-05,0.0001,-0.00067,-7e-05,-7e-05,0.00051,0,-1e-05,-6e-05,-0,-0,-0,-0.00078,0.00218,0.00038,0.00212,-9e-05,-1e-05,-0,0.02668,0.00033,0.00063,-0.00547,-0.00275,-0.00037,-0.00028
7.32,0.00011,-0.00012,-1e-05,-2e-05,5e-05,-0,-7e-05,-1e-05,0,8e-05,-0.00042,-5e-05,-6e-05,0.00051,-0,-2e-05,-8e-05,-0,-0,-0,-0.00061,0.0021,0.00021,0.00193,-9e-05,-1e-05,-0,0.02376,-6e-05,0.00057,-0.00609,-0.00252,-0.00029,-0.00021
7.34,0.00021,0.00022,0,-6e-05,6e-05,-0,-0.0001,-3e-05,-2e-05,7e-05,-0.00013,-4e-05,-4e-05,0.00048,-1e-05,-3e-05,-9e-05,-0,-0,-0,-0.00032,0.002,1e-05,0.00164,-9e-05,-0,0,0.02094,-0.00041,0.00048,-0.00633,-0.0023,-0.00022,-0.00015
7.36,0.00033,0.00059,2e-05,-0.0001,7e-05,-0,-0.00011,-5e-05,-4e-05,6e-05,-0,-3e-05,-3e-05,0.00042,-1e-05,-4e-05,-0.0001,-0,-0,-0,-3e-05,0.00189,-0.00021,0.00128,-8e-05,0,0,0.01783,-0.0007,0.00035,-0.00635,-0.00212,-0.00016,-0.0001
7.38,0.00048,0.00097,4e-05,-0.00013,8e-05,-0,-0.0001,-8e-05,-5e-05,6e-05,7e-05,-2e-05,-1e-05,0.00035,-2e-05,-5e-05,-0.0001,-0,-0,-0,0.00026,0.00177,-0.00045,0.00091,-6e-05,0,0,0.01452,-0.00091,0.0002,-0.00617,-0.00197,-0.00011,-5e-05
7.4,0.00064,0.00133,7e-05,-0.00016,7e-05,-0,-9e-05,-0.0001,-5e-05,6e-05,4e-05,-2e-05,-1e-05,0.00027,-2e-05,-5e-05,-9e-05,-0,-0,-0,0.00055,0.00162,-0.00072,0.00054,-5e-05,1e-05,-0,0.01112,-0.00104,3e-05,-0.00581,-0.00185,-6e-05,-1e-05
7.42,0.00078,0.00164,9e-05,-0.00019,6e-05,-0,-8e-05,-0.00011,-4e-05,6e-05,-1e-05,-1e-05,-0,0.00019,-2e-05,-5e-05,-8e-05,-0,-0,-0,0.00086,0.00144,-0.00095,0.00019,-3e-05,1e-05,0,0.00778,-0.0011,-0.00014,-0.0053,-0.00176,-3e-05,2e-05
7.44,0.00089,0.00187,0.00011,-0.0002,6e-05,-0,-8e-05,-0.00011,-3e-05,7e-05,1e-05,1e-05,0,0.00012,-2e-05,-5e-05,-7e-05,-0,-0,-0,0.0012,0.00122,-0.00114,-6e-05,-1e-05,2e-05,0,0.00452,-0.00107,-0.0003,-0.00479,-0.00168,-1e-05,5e-05
7.46,0.00095,0.00205,0.00013,-0.00022,5e-05,-0,-7e-05,-9e-05,-2e-05,8e-05,4e-05,2e-05,1e-05,7e-05,-2e-05,-4e-05,-5e-05,-0,-0,-0,0.0015,0.00101,-0.00128,-0.00021,0,2e-05,1e-05,0.00133,-0.00095,-0.00047,-0.00436,-0.0016,1e-05,6e-05
7.48,0.00097,0.00216,0.00013,-0.00022,5e-05,-0,-6e-05,-7e-05,-1e-05,8e-05,1e-05,1e-05,2e-05,2e-05,-2e-05,-4e-05,-3e-05,-0,-0,-0,0.00176,0.00077,-0.00137,-0.00035,2e-05,2e-05,1e-05,-0.00164,-0.00076,-0.00062,-0.00401,-0.00153,2e-05,7e-05
7.5,0.00094,0.00221,0.00013,-0.00023,4e-05,-0,-5e-05,-4e-05,-0,8e-05,-9e-05,-1e-05,2e-05,-0,-2e-05,-3e-05,-1e-05,-0,-0,-0,0.00203,0.0005,-0.00137,-0.00053,3e-05,2e-05,1e-05,-0.00427,-0.00054,-0.00073,-0.00374,-0.00144,2e-05,7e-05
7.52,0.00084,0.00221,0.00011,-0.00023,4e-05,-0,-5e-05,-2e-05,1e-05,7e-05,-0.00015,-4e-05,3e-05,-1e-05,-1e-05,-3e-05,0,-0,-0,-0,0.00235,0.00019,-0.00125,-0.0007,4e-05,2e-05,1e-05,-0.00648,-0.00032,-0.00075,-0.00353,-0.00133,1e-05,6e-05
7.54,0.00072,0.00216,0.0001,-0.00022,4e-05,-0,-5e-05,-0,1e-05,5e-05,-4e-05,-5e-05,3e-05,-0,-1e-05,-2e-05,1e-05,-0,-0,-0,0.00267,-0.00014,-0.00105,-0.0009,4e-05,1e-05,0,-0.00835,-9e-05,-0.0007,-0.00334,-0.0012,0,5e-05
7.56,0.00059,0.00209,9e-05,-0.00021,4e-05,-0,-5e-05,1e-05,2e-05,3e-05,0.00027,-5e-05,3e-05,2e-05,-1e-05,-2e-05,1e-05,-0,-0,-0,0.00291,-0.00049,-0.00081,-0.00118,4e-05,0,0,-0.00995,0.00012,-0.00055,-0.00317,-0.00105,-1e-05,3e-05
7.58,0.00048,0.00201,8e-05,-0.0002,4e-05,-0,-6e-05,2e-05,2e-05,1e-05,0.00072,-2e-05,3e-05,4e-05,-1e-05,-2e-05,1e-05,-0,-0,-0,0.00304,-0.00083,-0.00055,-0.00151,4e-05,-0,-0,-0.01136,0.0003,-0.0003,-0.00297,-0.00087,-2e-05,0
7.6,0.00037,0.00192,6e-05,-0.00019,4e-05,-0,-6e-05,2e-05,3e-05,-1e-05,0.00135,2e-05,4e-05,8e-05,-1e-05,-2e-05,-1e-05,-0,-0,-0,0.0031,-0.00113,-0.00032,-0.00184,4e-05,-0,-0,-0.01256,0.00042,6e-05,-0.00272,-0.00068,-4e-05,-3e-05
7.62,0.00028,0.00182,5e-05,-0.00017,3e-05,-0,-6e-05,3e-05,4e-05,-3e-05,0.00228,9e-05,4e-05,0.00012,-0,-2e-05,-2e-05,-0,-0,-0,0.00316,-0.00138,-0.00013,-0.00211,3e-05,-1e-05,-0,-0.01356,0.00049,0.00052,-0.00242,-0.00049,-5e-05,-6e-05
7.64,0.00022,0.00171,3e-05,-0.00016,3e-05,-0,-5e-05,3e-05,6e-05,-4e-05,0.003,0.00014,5e-05,0.00016,-0,-3e-05,-3e-05,-0,-0,0,0.00313,-0.00153,1e-05,-0.00221,3e-05,-1e-05,-0,-0.01463,0.00049,0.00106,-0.00205,-0.00029,-7e-05,-9e-05
7.66,0.00018,0.00159,-1e-05,-0.00014,2e-05,-0,-3e-05,2e-05,8e-05,-6e-05,0.0031,0.00016,6e-05,0.00019,-0,-3e-05,-4e-05,0,-0,0,0.00292,-0.00162,9e-05,-0.00222,2e-05,-0,-0,-0.01598,0.00041,0.00164,-0.00159,-0.00012,-8e-05,-0.00012
7.68,0.00016,0.00146,-6e-05,-0.00012,1e-05,-0,-1e-05,2e-05,9e-05,-9e-05,0.00271,0.00014,6e-05,0.00022,-0,-4e-05,-5e-05,0,-0,0,0.00259,-0.00165,0.00013,-0.0021,2e-05,-0,-0,-0.0177,0.00023,0.00221,-0.00101,3e-05,-9e-05,-0.00014
7.7,0.00015,0.00132,-9e-05,-0.0001,1e-05,-0,-0,1e-05,8e-05,-0.00011,0.00185,9e-05,6e-05,0.00023,0,-4e-05,-6e-05,0,-0,0,0.00214,-0.00164,0.00014,-0.00192,1e-05,-0,-0,-0.0199,2e-05,0.00268,-0.00027,0.00011,-9e-05,-0.00016
7.72,0.00015,0.00115,-0.00012,-9e-05,-0,-0,0,0,6e-05,-0.00012,0.00075,3e-05,6e-05,0.00024,0,-4e-05,-6e-05,0,-0,0,0.00163,-0.00156,0.00012,-0.00173,1e-05,0,0,-0.0227,-8e-05,0.00301,0.00068,0.00013,-8e-05,-0.00015
7.74,0.00014,0.00098,-0.00013,-7e-05,-0,-0,-0,-0,5e-05,-0.00013,-2e-05,-0,6e-05,0.00024,0,-5e-05,-6e-05,0,-0,0,0.00113,-0.00145,0.0001,-0.00148,0,0,0,-0.02609,-0.00012,0.00307,0.0019,7e-05,-7e-05,-0.00013
7.76,0.00013,0.00079,-0.00013,-6e-05,-0,-0,-0,-0,5e-05,-0.00013,-0.00015,3e-05,6e-05,0.00022,0,-4e-05,-6e-05,0,-0,0,0.00073,-0.00132,8e-05,-0.00115,0,0,1e-05,-0.03004,-0.00015,0.0028,0.00345,-6e-05,-4e-05,-8e-05
7.78,0.0001,0.00061,-0.00013,-5e-05,0,-0,-0,-0,5e-05,-0.00013,0.00021,0.00013,6e-05,0.00019,0,-4e-05,-5e-05,0,-0,0,0.00051,-0.00117,7e-05,-0.00078,0,1e-05,1e-05,-0.0344,-0.00018,0.00222,0.00535,-0.00024,-2e-05,-1e-05
7.8,6e-05,0.00043,-0.00012,-5e-05,2e-05,-0,-0,-1e-05,7e-05,-0.00013,0.00133,0.0003,5e-05,0.00017,0,-4e-05,-5e-05,0,-0,0,0.00034,-0.00102,6e-05,-0.00043,0,1e-05,1e-05,-0.03911,-0.00012,0.0013,0.0076,-0.00043,1e-05,6e-05
7.82,0,0.00029,-9e-05,-5e-05,3e-05,-0,3e-05,-2e-05,8e-05,-0.00011,0.00288,0.00053,4e-05,0.00014,0,-3e-05,-5e-05,0,-0,0,0.00014,-0.00087,7e-05,-0.00013,0,1e-05,1e-05,-0.04409,0,0.00025,0.01015,-0.00058,4e-05,0.00014
7.84,-9e-05,0.0002,-6e-05,-5e-05,5e-05,-0,9e-05,-2e-05,6e-05,-9e-05,0.00414,0.00071,2e-05,0.00013,0,-3e-05,-5e-05,0,-0,-0,4e-05,-0.00073,0.0001,0.00012,0,1e-05,2e-05,-0.04865,1e-05,-0.00057,0.0128,-0.00066,7e-05,0.00021
7.86,-0.00021,0.00017,-4e-05,-6e-05,8e-05,-0,0.00013,-1e-05,5e-05,-8e-05,0.00505,0.00078,1e-05,0.00012,0,-2e-05,-5e-05,0,0,-0,5e-05,-0.00061,0.00016,0.00031,0,1e-05,1e-05,-0.05192,-0.00013,-0.00105,0.01523,-0.00066,9e-05,0.00026
7.88,-0.00034,0.0002,-3e-05,-7e-05,0.0001,-0,0.00013,-0,3e-05,-9e-05,0.00616,0.00075,1e-05,0.00011,0,-2e-05,-5e-05,0,0,-0,7e-05,-0.00052,0.00024,0.00042,0,1e-05,1e-05,-0.0532,-0.00037,-0.00121,0.01701,-0.00057,0.0001,0.00029
7.9,-0.00048,0.00029,-2e-05,-8e-05,0.00013,-0,0.00011,-0,2e-05,-0.00011,0.00724,0.00066,0,0.0001,0,-2e-05,-5e-05,-0,0,-0,4e-05,-0.0004,0.00031,0.00057,-0,1e-05,0,-0.052,-0.00071,-0.00106,0.01768,-0.00042,0.0001,0.00028
7.92,-0.00063,0.00041,-1e-05,-9e-05,0.00016,-0,0.00012,-0,3e-05,-0.00011,0.00661,0.00049,0,8e-05,0,-2e-05,-3e-05,-0,1e-05,-0,0.00125,-0.00025,0.00031,0.00086,0,-2e-05,-2e-05,-0.04808,-0.00123,-0.00067,0.01691,-0.00024,0.0001,0.00026
7.94,-0.00077,0.00056,-1e-05,-0.0001,0.00018,-0,0.00014,-1e-05,3e-05,-0.00011,0.00412,0.00032,-0,3e-05,0,-1e-05,0,-0,1e-05,-0,0.00452,-4e-05,0.00023,0.00112,1e-05,-6e-05,-5e-05,-0.04136,-0.00171,-0.0003,0.01467,-6e-05,9e-05,0.00022
7.96,-0.00086,0.00069,0,-0.0001,0.00019,-0,0.00017,-1e-05,3e-05,-0.0001,0.00216,0.00017,-0,-6e-05,-0,-1e-05,5e-05,-1e-05,1e-05,-0,0.01021,0.00035,4e-05,0.00129,4e-05,-0.00011,-9e-05,-0.03254,-0.00193,-8e-05,0.01136,6e-05,7e-05,0.00016
7.98,-0.00089,0.00076,1e-05,-9e-05,0.0002,-0,0.0002,-0,3e-05,-9e-05,0.0007,6e-05,-0,-0.0002,-0,1e-05,0.00011,-1e-05,1e-05,-0,0.01838,0.00112,-0.00027,0.00129,9e-05,-0.00017,-0.00015,-0.02296,-0.00183,-0,0.00762,0.00012,5e-05,0.00011
8,-0.00087,0.00074,1e-05,-7e-05,0.00019,-0,0.00024,0,3e-05,-6e-05,-0.00018,-2e-05,-0,-0.00039,0,2e-05,0.00019,-1e-05,2e-05,0,0.02843,0.00248,-0.00069,0.00109,0.00016,-0.00025,-0.00022,-0.01375,-0.00144,-1e-05,0.00414,0.00012,3e-05,7e-05
8.02,-0.00082,0.00062,0,-4e-05,0.00017,-0,0.00027,1e-05,2e-05,-4e-05,-0.00046,-4e-05,-1e-05,-0.00062,1e-05,4e-05,0.00027,-1e-05,2e-05,0,0.0388,0.00455,-0.00118,0.00073,0.00025,-0.00033,-0.0003,-0.00593,-0.00075,0,0.00153,7e-05,2e-05,4e-05
8.04,-0.00076,0.0004,-1e-05,-0,0.00013,-0,0.00029,1e-05,0,-1e-05,-0.00012,-1e-05,-1e-05,-0.0009,2e-05,7e-05,0.00035,-0,3e-05,1e-05,0.04771,0.00732,-0.00168,0.00032,0.00032,-0.00042,-0.00038,-0.00028,0.00026,3e-05,0.00017,0,-0,2e-05
8.06,-0.00066,0.0001,-3e-05,4e-05,8e-05,-0,0.00032,-1e-05,-1e-05,1e-05,0.00075,8e-05,-1e-05,-0.00122,4e-05,0.0001,0.00043,1e-05,3e-05,1e-05,0.054,0.01049,-0.00211,4e-05,0.00035,-0.00049,-0.00046,0.00296,0.00146,5e-05,0.00013,-7e-05,-1e-05,-0
8.08,-0.00055,-0.00024,-6e-05,9e-05,2e-05,0,0.00033,-5e-05,-1e-05,3e-05,0.00124,0.00019,-2e-05,-0.00157,7e-05,0.00013,0.0005,1e-05,3e-05,2e-05,0.05652,0.01373,-0.00241,4e-05,0.0003,-0.00055,-0.00051,0.00319,0.00237,3e-05,0.00085,-9e-05,-2e-05,-1e-05
8.1,-0.00041,-0.00056,-9e-05,0.00015,-5e-05,0,0.00033,-0.00013,0,2e-05,0.00139,0.00032,-2e-05,-0.00194,0.0001,0.00016,0.00055,3e-05,4e-05,2e-05,0.0555,0.01637,-0.00243,0.00039,0.00015,-0.00057,-0.00053,0.00195,0.00285,-2e-05,0.00138,-9e-05,-1e-05,-2e-05
8.12,-0.00024,-0.00083,-0.00014,0.00019,-0.00012,0,0.00033,-0.00022,2e-05,-1e-05,0.0026,0.00053,-3e-05,-0.00231,0.00013,0.00018,0.00061,5e-05,4e-05,3e-05,0.05211,0.01757,-0.00206,0.00106,-0.0001,-0.00054,-0.00051,0.00067,0.0031,-7e-05,0.0019,-9e-05,-0,-2e-05
8.14,-5e-05,-0.00105,-0.00017,0.00022,-0.00019,0,0.0003,-0.0003,4e-05,-4e-05,0.00387,0.00071,-3e-05,-0.00268,0.00016,0.00021,0.00067,6e-05,4e-05,3e-05,0.04669,0.01725,-0.00141,0.00197,-0.00043,-0.00048,-0.00045,-0.0004,0.00313,-0.00012,0.00233,-9e-05,0,-2e-05
8.16,0.00016,-0.00123,-0.00018,0.00024,-0.00025,0,0.00023,-0.00036,4e-05,-5e-05,0.00489,0.00079,-4e-05,-0.00305,0.00019,0.00023,0.00072,7e-05,4e-05,4e-05,0.03962,0.01571,-0.00065,0.00303,-0.00083,-0.00039,-0.00034,-0.00122,0.00299,-0.00016,0.00262,-8e-05,0,-2e-05
8.18,0.00041,-0.00136,-0.00017,0.00024,-0.0003,0,0.00014,-0.00042,4e-05,-1e-05,0.00616,0.00082,-4e-05,-0.00344,0.00021,0.00026,0.00074,7e-05,3e-05,4e-05,0.03158,0.01313,5e-05,0.00419,-0.00124,-0.00027,-0.00021,-0.00181,0.00271,-0.00021,0.00271,-7e-05,1e-05,-1e-05
8.2,0.00067,-0.00144,-0.00014,0.00023,-0.00035,0,6e-05,-0.00052,8e-05,4e-05,0.00734,0.00075,-5e-05,-0.00385,0.00023,0.00029,0.00077,6e-05,3e-05,4e-05,0.0237,0.01014,0.00051,0.00531,-0.00163,-0.00015,-6e-05,-0.00213,0.00233,-0.00025,0.00268,-7e-05,0,-1e-05
8.22,0.00094,-0.00148,-0.00012,0.00021,-0.00038,0,1e-05,-0.00065,0.00015,4e-05,0.00582,0.0006,-5e-05,-0.0042,0.00023,0.00033,0.00083,4e-05,2e-05,4e-05,0.01693,0.00731,0.00069,0.00627,-0.00197,-3e-05,7e-05,-0.0021,0.00188,-0.00028,0.00265,-6e-05,0,-0
8.24,0.00119,-0.00147,-9e-05,0.00019,-0.00041,0,-2e-05,-0.00074,0.00022,3e-05,0.0036,0.00045,-4e-05,-0.0045,0.00019,0.00037,0.00086,2e-05,2e-05,3e-05,0.01096,0.0048,0.00062,0.00723,-0.00222,6e-05,0.00019,-0.00187,0.00144,-0.00031,0.00256,-5e-05,0,-0
8.26,0.00144,-0.00143,-6e-05,0.00015,-0.00043,0,-2e-05,-0.00077,0.00026,4e-05,0.00212,0.00033,-4e-05,-0.00476,0.0001,0.0004,0.00081,1e-05,1e-05,2e-05,0.00541,0.00274,0.00034,0.00832,-0.00234,0.00013,0.00027,-0.00168,0.00095,-0.00036,0.00239,-3e-05,-0,-0
8.28,0.00169,-0.00136,-1e-05,0.00012,-0.00044,0,0,-0.00073,0.00027,4e-05,0.00112,0.00023,-4e-05,-0.00494,-7e-05,0.00042,0.00068,1e-05,1e-05,1e-05,0.0004,0.00121,-5e-05,0.00955,-0.00235,0.00018,0.00033,-0.00158,0.00037,-0.00043,0.00223,-2e-05,0,0
8.3,0.00188,-0.00127,4e-05,8e-05,-0.00044,0,5e-05,-0.00064,0.00024,5e-05,0.00052,0.00015,-4e-05,-0.00496,-0.0003,0.00041,0.00043,0,0,0,-0.00364,0.00021,-0.00042,0.0108,-0.00227,0.00021,0.00035,-0.00157,-0.00037,-0.00046,0.00201,-0,0,0
8.32,0.00196,-0.00116,0.0001,5e-05,-0.00043,0,0.00011,-0.00052,0.00019,5e-05,0.00017,0.0001,-3e-05,-0.00469,-0.00058,0.00038,3e-05,0,-0,-1e-05,-0.00641,-0.00036,-0.00068,0.01185,-0.00213,0.00022,0.00036,-0.00153,-0.00111,-0.00044,0.0017,2e-05,1e-05,0
8.34,0.00196,-0.00107,0.00013,2e-05,-0.00042,0,0.00017,-0.00039,0.00013,4e-05,-2e-05,6e-05,-3e-05,-0.00413,-0.00089,0.00032,-0.00055,0,-0,-1e-05,-0.00846,-0.00059,-0.00085,0.01277,-0.00195,0.00022,0.00035,-0.00147,-0.0017,-0.0004,0.00137,3e-05,1e-05,1e-05
8.36,0.00195,-0.001,0.00014,-1e-05,-0.00039,0,0.00023,-0.00025,8e-05,3e-05,-0.00013,3e-05,-3e-05,-0.00336,-0.00119,0.00026,-0.00132,0,-0,-1e-05,-0.01022,-0.00056,-0.00093,0.01366,-0.00176,0.0002,0.00032,-0.00148,-0.00219,-0.00037,0.00102,5e-05,1e-05,1e-05
8.38,0.00191,-0.00096,0.00013,-3e-05,-0.00035,0,0.00028,-0.00011,3e-05,3e-05,-0.00019,1e-05,-2e-05,-0.00235,-0.00147,0.00019,-0.00229,0,-0,-1e-05,-0.01169,-0.00033,-0.00092,0.01453,-0.00157,0.00018,0.00029,-0.0016,-0.00259,-0.00037,0.0006,6e-05,2e-05,1e-05
8.4,0.00183,-0.00094,0.00012,-5e-05,-0.0003,0,0.00032,2e-05,-1e-05,2e-05,-0.00023,-1e-05,-2e-05,-0.00127,-0.00169,0.00012,-0.00336,0,0,-0,-0.01295,1e-05,-0.00082,0.01545,-0.00138,0.00016,0.00025,-0.00173,-0.00289,-0.00037,4e-05,6e-05,2e-05,2e-05
8.42,0.00169,-0.00093,0.00011,-7e-05,-0.00025,0,0.00034,0.00012,-4e-05,0,-0.00024,-2e-05,-1e-05,-0.00029,-0.00184,7e-05,-0.00434,2e-05,0,0,-0.01416,0.00043,-0.00067,0.01655,-0.0012,0.00013,0.00021,-0.00181,-0.0031,-0.00036,-0.00062,7e-05,2e-05,2e-05
8.44,0.00152,-0.00093,9e-05,-9e-05,-0.0002,0,0.00034,0.00022,-5e-05,-2e-05,-0.00025,-4e-05,-1e-05,0.00058,-0.00189,3e-05,-0.00525,3e-05,0,1e-05,-0.01561,0.00091,-0.00049,0.01796,-0.00104,0.00011,0.00016,-0.00203,-0.00325,-0.00036,-0.00129,6e-05,2e-05,2e-05
8.46,0.00137,-0.00092,7e-05,-0.00011,-0.00016,0,0.00032,0.00029,-6e-05,-4e-05,-0.00025,-5e-05,-0,0.00136,-0.00186,1e-05,-0.00613,3e-05,0,1e-05,-0.01759,0.00142,-0.0003,0.01978,-0.0009,8e-05,0.00012,-0.0025,-0.00338,-0.00037,-0.00197,5e-05,2e-05,2e-05
8.48,0.00123,-0.0009,4e-05,-0.00013,-0.00012,0,0.00029,0.00035,-7e-05,-7e-05,-0.00024,-5e-05,0,0.00209,-0.00177,-0,-0.00694,2e-05,-0,1e-05,-0.02024,0.00193,-0.00013,0.02212,-0.00077,5e-05,8e-05,-0.00323,-0.00347,-0.00039,-0.00261,4e-05,2e-05,3e-05
8.5,0.00108,-0.00084,2e-05,-0.00014,-8e-05,0,0.00024,0.00039,-7e-05,-0.00011,-0.00023,-5e-05,1e-05,0.00244,-0.00162,-0,-0.00759,0,-1e-05,0,-0.02385,0.00242,4e-05,0.02505,-0.00065,2e-05,4e-05,-0.00411,-0.00349,-0.0004,-0.00316,2e-05,2e-05,3e-05
8.52,0.00091,-0.0007,0,-0.00016,-5e-05,0,0.00019,0.00042,-7e-05,-0.00012,-0.00021,-5e-05,1e-05,0.00214,-0.00146,-0,-0.00801,-1e-05,-1e-05,-2e-05,-0.02873,0.00292,0.00018,0.02863,-0.00053,-0,0,-0.00495,-0.00341,-0.00039,-0.00356,1e-05,2e-05,3e-05
8.54,0.00073,-0.0005,-2e-05,-0.00016,-1e-05,0,0.00014,0.00043,-7e-05,-0.00013,-0.00018,-4e-05,2e-05,0.00163,-0.00127,-0,-0.00832,1e-05,-1e-05,-4e-05,-0.03484,0.00338,0.0003,0.03271,-0.00043,-2e-05,-3e-05,-0.00571,-0.00324,-0.00036,-0.0038,-0,2e-05,3e-05
8.56,0.00057,-0.00023,-4e-05,-0.00017,3e-05,0,0.00011,0.00043,-7e-05,-0.00014,-0.00016,-3e-05,2e-05,0.00126,-0.00109,-0,-0.00846,7e-05,-0,-6e-05,-0.04199,0.00371,0.00038,0.03701,-0.00032,-4e-05,-5e-05,-0.00628,-0.00299,-0.00031,-0.00384,0,2e-05,3e-05
8.58,0.0004,0.00011,-5e-05,-0.00016,7e-05,0,8e-05,0.00043,-6e-05,-0.00013,-0.00013,-2e-05,2e-05,0.00097,-0.0009,-0,-0.00833,0.00018,0,-8e-05,-0.04978,0.00388,0.00042,0.0411,-0.00023,-5e-05,-7e-05,-0.00639,-0.00268,-0.00025,-0.00367,2e-05,2e-05,3e-05
8.6,0.00026,0.00049,-6e-05,-0.00014,0.00012,0,6e-05,0.00041,-6e-05,-0.00012,-9e-05,-1e-05,2e-05,0.00075,-0.00075,-0,-0.0079,0.00036,1e-05,-9e-05,-0.05804,0.00388,0.0004,0.0443,-0.00013,-6e-05,-8e-05,-0.00626,-0.00219,-0.00018,-0.00294,8e-05,2e-05,2e-05
8.62,0.00014,0.00086,-5e-05,-0.00011,0.00017,0,6e-05,0.00037,-5e-05,-0.00011,-6e-05,-1e-05,1e-05,0.00058,-0.00066,-1e-05,-0.00727,0.00064,2e-05,-8e-05,-0.06637,0.00369,0.00031,0.04582,-5e-05,-5e-05,-7e-05,-0.00619,-0.00164,-0.00011,-0.00188,0.00021,1e-05,1e-05
8.64,5e-05,0.00118,-4e-05,-7e-05,0.00021,0,6e-05,0.00034,-5e-05,-0.0001,-3e-05,-0,1e-05,0.00047,-0.00058,-2e-05,-0.00647,0.00098,1e-05,-5e-05,-0.07312,0.00328,0.00015,0.04472,2e-05,-5e-05,-6e-05,-0.00557,-0.00116,-7e-05,-0.00089,0.00035,-1e-05,-1e-05
8.66,-2e-05,0.00142,-1e-05,-1e-05,0.00025,0,6e-05,0.00031,-4e-05,-8e-05,-0,0,1e-05,0.00045,-0.00045,-4e-05,-0.00549,0.00127,1e-05,-1e-05,-0.07639,0.00265,-6e-05,0.04022,8e-05,-3e-05,-4e-05,-0.00394,-0.00079,-4e-05,-0.00011,0.00047,-2e-05,-3e-05
8.68,-6e-05,0.00153,2e-05,5e-05,0.00029,0,7e-05,0.00027,-3e-05,-5e-05,3e-05,1e-05,1e-05,0.00047,-0.00031,-6e-05,-0.0044,0.00152,1e-05,3e-05,-0.07491,0.0019,-0.0003,0.0321,0.00012,-1e-05,-2e-05,-0.00065,-0.00055,-3e-05,0.00035,0.0005,-3e-05,-5e-05
8.7,-6e-05,0.00147,7e-05,0.00013,0.0003,0,8e-05,0.00025,-3e-05,-3e-05,5e-05,2e-05,1e-05,0.00052,-0.00018,-8e-05,-0.00336,0.00165,1e-05,6e-05,-0.06825,0.00118,-0.00051,0.02046,0.00017,-0,-0,0.00504,-0.00041,-3e-05,0.0007,0.00037,-4e-05,-6e-05
8.72,-8e-05,0.0012,0.00014,0.0002,0.00028,0,9e-05,0.00022,-2e-05,-2e-05,8e-05,3e-05,1e-05,0.00057,-7e-05,-7e-05,-0.00254,0.00161,3e-05,6e-05,-0.05669,0.00061,-0.00064,0.00664,0.00021,1e-05,0,0.01175,-0.00024,-3e-05,0.00128,5e-05,-5e-05,-7e-05
8.74,-0.00011,0.00074,0.00021,0.00028,0.00023,0,9e-05,0.00019,-1e-05,-0,0.0001,3e-05,1e-05,0.0006,-1e-05,-5e-05,-0.00187,0.00146,6e-05,5e-05,-0.04121,0.00021,-0.0007,-0.00663,0.00024,1e-05,0,0.01704,-5e-05,-3e-05,0.00218,-0.00038,-6e-05,-7e-05
8.76,-0.00015,0.00018,0.00026,0.00035,0.00015,-0,8e-05,0.00016,-1e-05,1e-05,0.00013,3e-05,1e-05,0.00058,0,-1e-05,-0.00127,0.00127,8e-05,4e-05,-0.02431,-0,-0.00068,-0.01729,0.00025,1e-05,-0,0.02046,0.00011,-1e-05,0.00354,-0.00085,-6e-05,-5e-05
8.78,-0.00022,-0.00042,0.00027,0.00042,6e-05,-0,6e-05,0.00013,-1e-05,2e-05,0.00014,2e-05,1e-05,0.00049,-2e-05,3e-05,-0.00079,0.00107,9e-05,3e-05,-0.00915,-4e-05,-0.00063,-0.02332,0.00025,-0,-1e-05,0.02056,0.00029,4e-05,0.00592,-0.00128,-5e-05,-3e-05
8.8,-0.0003,-0.00092,0.00024,0.00048,-4e-05,-0,4e-05,0.0001,-0,3e-05,0.00015,1e-05,1e-05,0.00032,-6e-05,8e-05,-0.00043,0.00084,9e-05,2e-05,0.00153,5e-05,-0.00054,-0.02562,0.00022,-1e-05,-1e-05,0.01776,0.00045,0.00014,0.00943,-0.00163,-4e-05,1e-05
8.82,-0.00036,-0.0012,0.00014,0.00051,-0.00012,-0,1e-05,8e-05,-0,3e-05,0.00016,1e-05,1e-05,6e-05,-0.0001,0.0001,-0.00017,0.0006,8e-05,1e-05,0.00707,0.00021,-0.00041,-0.02546,0.00016,-1e-05,-1e-05,0.01416,0.00048,0.00029,0.01361,-0.00192,-2e-05,5e-05
8.84,-0.00041,-0.00129,-0,0.00053,-0.0002,-0,-2e-05,7e-05,-0,4e-05,0.00015,-0,0,-0.00023,-0.00014,0.00012,2e-05,0.00039,6e-05,0,0.00827,0.00035,-0.00035,-0.02051,9e-05,-1e-05,-1e-05,0.00959,0.00041,0.00052,0.01823,-0.00213,0,0.0001
8.86,-0.00044,-0.00122,-0.00019,0.00052,-0.00027,-0,-5e-05,5e-05,0,5e-05,0.00012,-1e-05,1e-05,-0.00054,-0.00016,0.00014,0.00015,0.00024,4e-05,-0,0.00624,0.00042,-0.00035,-0.01182,4e-05,-0,-0,0.00396,0.00029,0.0008,0.0231,-0.00226,3e-05,0.00016
8.88,-0.00043,-0.00099,-0.0004,0.00051,-0.00029,-0,-8e-05,4e-05,0,6e-05,8e-05,-2e-05,1e-05,-0.00085,-0.00018,0.00015,0.00024,0.00012,3e-05,-0,0.00254,0.00041,-0.00038,-0.00221,-0,0,1e-05,-0.00201,0.00011,0.00115,0.02787,-0.00235,6e-05,0.00022
8.9,-0.00038,-0.00065,-0.00062,0.00048,-0.00027,-0,-0.0001,2e-05,0,7e-05,4e-05,-2e-05,1e-05,-0.00113,-0.00019,0.00016,0.0003,4e-05,1e-05,-1e-05,0.00066,0.00032,-0.00036,0.00192,-2e-05,1e-05,1e-05,-0.0073,2e-05,0.00147,0.03197,-0.00241,9e-05,0.00029
8.92,-0.00029,-0.00026,-0.00082,0.00044,-0.00022,-0,-0.00011,1e-05,0,7e-05,-1e-05,-2e-05,1e-05,-0.00136,-0.00019,0.00018,0.00035,-3e-05,0,-1e-05,0.00042,0.0002,-0.00025,0.00193,-3e-05,1e-05,1e-05,-0.011,-1e-05,0.00164,0.03484,-0.00247,0.00014,0.00037
8.94,-0.00021,0.00012,-0.001,0.00041,-0.00016,-0,-0.00012,-1e-05,0,8e-05,-4e-05,-2e-05,1e-05,-0.0015,-0.00017,0.00019,0.00039,-7e-05,-1e-05,-1e-05,-5e-05,0.00012,-8e-05,0.0019,-4e-05,1e-05,1e-05,-0.01342,-0.0002,0.00169,0.03658,-0.00254,0.00018,0.00045
8.96,-0.00017,0.00044,-0.00114,0.00038,-0.0001,-0,-0.00011,-3e-05,0,9e-05,-7e-05,-1e-05,0,-0.00158,-0.00016,0.00019,0.00041,-0.00011,-2e-05,-1e-05,-0.00068,7e-05,0.0001,0.00191,-3e-05,0,1e-05,-0.01498,-0.00051,0.00171,0.03742,-0.00261,0.00024,0.00054
8.98,-0.00019,0.00068,-0.00125,0.00034,-4e-05,-0,-0.0001,-6e-05,0,0.00011,-9e-05,-1e-05,-0,-0.00156,-0.00014,0.00019,0.00042,-0.00014,-2e-05,-1e-05,-0.00133,5e-05,0.00024,0.00187,-3e-05,0,0,-0.01551,-0.00086,0.00174,0.03738,-0.00266,0.00029,0.00063
9,-0.00031,0.00086,-0.00133,0.00032,0,-0,-7e-05,-0.0001,1e-05,0.00012,-9e-05,-1e-05,-1e-05,-0.00148,-0.00013,0.00019,0.00043,-0.00017,-3e-05,-0,-0.00165,-0,0.00026,0.00148,-1e-05,-0,-0,-0.0144,-0.00142,0.0017,0.03618,-0.0027,0.00034,0.00071
9.02,-0.0005,0.00095,-0.00139,0.0003,3e-05,-0,-4e-05,-0.00013,1e-05,0.00014,-9e-05,-1e-05,-1e-05,-0.00132,-0.00012,0.00019,0.00043,-0.0002,-4e-05,-0,-0.00156,-0.00013,0.00011,0.00079,0,-1e-05,-1e-05,-0.01155,-0.00267,0.00149,0.03363,-0.00272,0.0004,0.00079
9.04,-0.00075,0.00099,-0.00143,0.00028,5e-05,-0,-1e-05,-0.00016,2e-05,0.00017,-8e-05,-0,-1e-05,-0.0011,-0.00013,0.00019,0.00043,-0.00024,-4e-05,-0,-0.00151,-0.00039,-0.00021,0.0001,2e-05,-1e-05,-1e-05,-0.00766,-0.00441,0.00124,0.0302,-0.00268,0.00046,0.00085
9.06,-0.00106,0.001,-0.00146,0.00027,5e-05,-0,4e-05,-0.00019,3e-05,0.00021,-6e-05,0,-1e-05,-0.00082,-0.00015,0.00019,0.00044,-0.00027,-5e-05,-0,-0.00175,-0.00081,-0.00062,-0.00057,3e-05,-2e-05,-1e-05,-0.00308,-0.00618,0.00106,0.02639,-0.00257,0.0005,0.00089
9.08,-0.00137,0.00099,-0.00146,0.00025,5e-05,-0,8e-05,-0.00022,4e-05,0.00025,-3e-05,1e-05,-1e-05,-0.00048,-0.00018,0.00018,0.00046,-0.0003,-5e-05,-0,-0.00225,-0.00139,-0.00106,-0.00124,4e-05,-2e-05,-1e-05,0.00213,-0.00794,0.00085,0.02236,-0.00238,0.00054,0.00091
9.1,-0.00163,0.00097,-0.00145,0.00023,5e-05,-0,0.00013,-0.00025,6e-05,0.00031,-1e-05,1e-05,-1e-05,-0.00013,-0.00023,0.00017,0.00049,-0.00031,-5e-05,-0,-0.003,-0.00205,-0.00142,-0.00185,5e-05,-2e-05,-1e-05,0.00759,-0.00972,0.00059,0.01839,-0.00213,0.00056,0.00091
9.12,-0.00176,0.00095,-0.0014,0.00021,4e-05,-0,0.00018,-0.00026,8e-05,0.00037,2e-05,1e-05,-1e-05,0.00024,-0.00028,0.00016,0.0005,-0.00029,-4e-05,-0,-0.00387,-0.00261,-0.00162,-0.00235,5e-05,-1e-05,0,0.01199,-0.0115,0.00022,0.01485,-0.00183,0.00057,0.00089
9.14,-0.00176,0.00092,-0.00132,0.00018,3e-05,-0,0.00023,-0.00027,0.0001,0.00043,4e-05,2e-05,-1e-05,0.00061,-0.00034,0.00015,0.00053,-0.00024,-3e-05,-0,-0.00475,-0.00297,-0.00164,-0.00269,5e-05,0,1e-05,0.01481,-0.01316,-0.00029,0.01213,-0.00151,0.00057,0.00086
9.16,-0.00164,0.00089,-0.0012,0.00015,2e-05,-0,0.00028,-0.00026,0.00012,0.00049,5e-05,1e-05,-0,0.00096,-0.00042,0.00014,0.00058,-0.0002,-2e-05,-0,-0.00543,-0.00307,-0.0015,-0.00283,4e-05,2e-05,2e-05,0.01649,-0.01453,-0.00093,0.01049,-0.00117,0.00057,0.00081
9.18,-0.0014,0.00087,-0.00103,0.00011,1e-05,-0,0.00034,-0.00025,0.00013,0.00054,6e-05,1e-05,0,0.00128,-0.00051,0.00013,0.00066,-0.00015,-2e-05,-1e-05,-0.00566,-0.00285,-0.00121,-0.00276,3e-05,3e-05,2e-05,0.01718,-0.01556,-0.00168,0.01011,-0.00082,0.00056,0.00076
9.2,-0.0011,0.00084,-0.00083,7e-05,0,-0,0.00039,-0.00025,0.00014,0.00058,6e-05,1e-05,0,0.00156,-0.00059,0.00013,0.00074,-0.00011,-1e-05,-1e-05,-0.00545,-0.00239,-0.00088,-0.00256,2e-05,3e-05,2e-05,0.01638,-0.01639,-0.00255,0.01095,-0.00046,0.00055,0.00072
9.22,-0.00079,0.00079,-0.0006,3e-05,-1e-05,-0,0.00044,-0.00026,0.00015,0.00062,5e-05,0,0,0.00178,-0.00064,0.00013,0.00084,-8e-05,-1e-05,-1e-05,-0.00484,-0.00182,-0.00057,-0.00232,2e-05,3e-05,2e-05,0.01351,-0.0171,-0.00356,0.01283,-7e-05,0.00056,0.00069
9.24,-0.00047,0.00072,-0.00036,1e-05,-1e-05,-0,0.00047,-0.00028,0.00016,0.00064,3e-05,-0,1e-05,0.00193,-0.00066,0.00013,0.00094,-6e-05,-1e-05,-1e-05,-0.00382,-0.0012,-0.00029,-0.00205,1e-05,3e-05,1e-05,0.00965,-0.01754,-0.00457,0.01571,0.00036,0.00061,0.0007
9.26,-0.00015,0.00064,-0.00015,-1e-05,-1e-05,-0,0.0005,-0.00032,0.00018,0.00065,1e-05,-0,0,0.002,-0.00064,0.00014,0.00102,-4e-05,-1e-05,-2e-05,-0.00253,-0.00062,-6e-05,-0.0018,1e-05,2e-05,1e-05,0.00592,-0.01759,-0.00541,0.01957,0.00085,0.0007,0.00076
9.28,0.00014,0.00053,0,-1e-05,-0,-0,0.00051,-0.00037,0.0002,0.00064,-1e-05,-1e-05,0,0.00201,-0.00059,0.00014,0.00107,-2e-05,-1e-05,-2e-05,-0.0012,-0.00016,9e-05,-0.0016,1e-05,2e-05,0,0.00253,-0.01729,-0.00597,0.02429,0.00141,0.00086,0.00091
9.3,0.00038,0.00037,7e-05,-1e-05,-0,-0,0.0005,-0.00044,0.00024,0.00063,-4e-05,-1e-05,0,0.00195,-0.0005,0.00015,0.00108,-1e-05,-1e-05,-2e-05,-7e-05,0.00011,0.00018,-0.00147,0,1e-05,0,-0.00077,-0.01663,-0.00589,0.0289,0.00205,0.00113,0.00117
9.32,0.00058,0.00013,3e-05,1e-05,-0,0,0.00048,-0.00052,0.00027,0.00061,-6e-05,-1e-05,-0,0.00185,-0.00039,0.00015,0.00105,-0,-1e-05,-2e-05,0.00073,0.00024,0.00024,-0.00139,0,-0,0,-0.00405,-0.01562,-0.00487,0.03167,0.00281,0.00156,0.00159
9.34,0.00073,-0.00017,-9e-05,3e-05,-0,0,0.00046,-0.00063,0.00032,0.00059,-8e-05,-1e-05,-1e-05,0.00172,-0.00026,0.00015,0.00098,0,-0,-2e-05,0.00117,0.00027,0.00026,-0.00133,0,-1e-05,0,-0.00658,-0.01429,-0.00293,0.03218,0.00367,0.00218,0.00219
9.36,0.00083,-0.0005,-0.00027,6e-05,-2e-05,0,0.00043,-0.00074,0.00037,0.00058,-9e-05,-1e-05,-1e-05,0.00156,-0.00015,0.00015,0.00088,1e-05,-0,-2e-05,0.00126,0.00024,0.00026,-0.00128,0,-1e-05,1e-05,-0.00789,-0.0127,-0.00015,0.03088,0.0046,0.00303,0.003
9.38,0.00089,-0.00086,-0.00046,8e-05,-4e-05,0,0.00041,-0.00088,0.00043,0.00059,-0.0001,-1e-05,-1e-05,0.00141,-5e-05,0.00014,0.00075,2e-05,-0,-1e-05,0.00111,0.00019,0.00024,-0.00123,0,-1e-05,1e-05,-0.00806,-0.0109,0.00345,0.0282,0.00555,0.00411,0.00403
9.4,0.00093,-0.00122,-0.00062,0.0001,-7e-05,0,0.00039,-0.001,0.00048,0.00061,-0.00012,-1e-05,-1e-05,0.00128,2e-05,0.00012,0.0006,5e-05,-0,-0,0.00082,0.00015,0.00021,-0.00116,-0,-0,2e-05,-0.00758,-0.00882,0.00724,0.02124,0.00649,0.0054,0.00523
9.42,0.00094,-0.00155,-0.00071,0.00012,-0.00011,0,0.00038,-0.00109,0.00052,0.00065,-0.00013,-1e-05,-2e-05,0.00115,4e-05,0.0001,0.00046,0.0001,0,1e-05,0.0005,0.00012,0.00015,-0.00106,-1e-05,1e-05,1e-05,-0.00693,-0.00654,0.00862,0.00649,0.00743,0.00687,0.00647
9.44,0.00095,-0.0018,-0.00068,0.00012,-0.00016,0,0.00037,-0.00115,0.00056,0.0007,-0.00014,-1e-05,-2e-05,0.00107,4e-05,8e-05,0.00033,0.00015,-0,2e-05,0.00023,0.00022,0.0001,-0.00069,-1e-05,1e-05,-1e-05,-0.00626,-0.0043,0.00653,-0.01088,0.00819,0.00829,0.00758
9.46,0.00095,-0.00196,-0.00055,0.00012,-0.0002,0,0.00038,-0.00119,0.00058,0.00076,-0.00016,-1e-05,-2e-05,0.00103,2e-05,6e-05,0.00022,0.00018,-0,3e-05,4e-05,0.00045,7e-05,0.00015,1e-05,-1e-05,-4e-05,-0.00578,-0.00228,0.00187,-0.02498,0.00857,0.00934,0.00836
9.48,0.00093,-0.00202,-0.00032,0.00012,-0.00024,0,0.00039,-0.00119,0.00058,0.00082,-0.00017,-1e-05,-2e-05,0.00102,-1e-05,4e-05,0.00013,0.00018,-0,4e-05,-4e-05,0.00061,0,0.00122,6e-05,-3e-05,-9e-05,-0.00565,-0.0006,-0.00553,-0.03397,0.00843,0.01021,0.00877
9.5,0.00091,-0.00194,-5e-05,0.00011,-0.00027,0,0.00042,-0.00115,0.00056,0.00088,-0.00017,-2e-05,-2e-05,0.00103,-3e-05,2e-05,7e-05,0.00017,0,4e-05,-2e-05,0.00064,-0.00011,0.00251,0.00016,-7e-05,-0.00015,-0.00561,0.00065,-0.01288,-0.03843,0.00785,0.00945,0.00808
9.52,0.00089,-0.00174,0.00022,0.0001,-0.00028,0,0.00046,-0.00108,0.00052,0.00095,-0.00015,-2e-05,-2e-05,0.00107,-5e-05,1e-05,3e-05,0.00012,0,4e-05,7e-05,0.00057,-0.00023,0.00396,0.00031,-0.0001,-0.00022,-0.0053,0.00135,-0.01577,-0.03921,0.00692,0.00586,0.00579
9.54,0.00086,-0.00146,0.00046,0.0001,-0.00027,0,0.00052,-0.00097,0.00047,0.00102,-0.00011,-2e-05,-2e-05,0.00111,-4e-05,1e-05,1e-05,8e-05,0,3e-05,0.00018,0.00041,-0.00035,0.0055,0.00052,-0.00015,-0.0003,-0.00453,0.00156,-0.0152,-0.0338,0.00559,0.00219,0.0033
9.56,0.00079,-0.00114,0.00061,9e-05,-0.00025,0,0.0006,-0.00085,0.00042,0.00108,-7e-05,-2e-05,-2e-05,0.00111,-2e-05,0,-1e-05,5e-05,0,2e-05,0.00025,0.00015,-0.00045,0.00705,0.00079,-0.00019,-0.00037,-0.00329,0.00148,-0.0123,-0.02454,0.00405,0.00027,0.00163
9.58,0.00069,-0.0008,0.00069,9e-05,-0.00022,0,0.00071,-0.00073,0.00037,0.00114,-1e-05,-2e-05,-2e-05,0.0011,1e-05,0,-1e-05,3e-05,0,2e-05,0.00027,-0.00012,-0.0005,0.00848,0.0011,-0.00023,-0.00044,-0.00188,0.00127,-0.00725,-0.01514,0.00261,-0.00039,0.00066
9.6,0.00056,-0.00046,0.00069,0.0001,-0.00019,0,0.00082,-0.0006,0.00032,0.0012,5e-05,-2e-05,-2e-05,0.00104,5e-05,0,-1e-05,2e-05,0,1e-05,0.0002,-0.00023,-0.00048,0.00965,0.00143,-0.00026,-0.00049,-0.00062,0.00096,-0.00245,-0.00718,0.00144,-0.00012,0.0003
9.62,0.0004,-0.00014,0.00062,0.00011,-0.00015,0,0.00096,-0.0005,0.00028,0.00127,0.00013,-2e-05,-1e-05,0.00095,9e-05,0,-0,1e-05,0,1e-05,1e-05,-0.00012,-0.0004,0.0104,0.00175,-0.00028,-0.00052,9e-05,0.00055,-0.00061,-0.00211,0.00064,-1e-05,2e-05
9.64,0.00021,0.00016,0.00051,0.00012,-0.00011,0,0.00111,-0.00042,0.00024,0.00133,0.0002,-2e-05,-0,0.00085,0.00012,0,0,1e-05,0,2e-05,-0.00028,0.00013,-0.00028,0.01074,0.00201,-0.0003,-0.00053,0.00021,0.00015,-7e-05,-1e-05,0.00021,-0.00028,-0.00033
9.66,0,0.00042,0.00038,0.00014,-7e-05,0,0.00126,-0.00034,0.0002,0.00141,0.00026,-2e-05,1e-05,0.00077,0.00015,0,0,1e-05,0,2e-05,-0.00061,0.00048,-0.00018,0.01071,0.0022,-0.0003,-0.00052,-7e-05,-0.00012,-0.00012,-1e-05,2e-05,-0.00063,-0.00064
9.68,-0.00022,0.00066,0.00024,0.00016,-4e-05,0,0.00141,-0.00028,0.00018,0.00148,0.00029,-1e-05,1e-05,0.0007,0.00016,0,0,1e-05,0,2e-05,-0.00098,0.00091,-0.00011,0.01034,0.0023,-0.00029,-0.0005,-0.00035,-0.00018,-0.00102,-0.00077,-0,-0.00082,-0.00079
9.7,-0.00045,0.00086,0.0001,0.00018,-2e-05,0,0.00156,-0.00022,0.00015,0.00156,0.00031,-1e-05,2e-05,0.00064,0.00017,-0,0,1e-05,0,2e-05,-0.00133,0.00133,-0.00013,0.00975,0.00231,-0.00027,-0.00045,-0.00044,-0.00014,-0.00195,-0.00132,1e-05,-0.00075,-0.00074
9.72,-0.00068,0.00103,-0,0.0002,-0,0,0.00171,-0.00017,0.00013,0.00164,0.00029,-1e-05,3e-05,0.0006,0.00017,-0,0,0,0,2e-05,-0.00162,0.00156,-0.00025,0.00905,0.00223,-0.00025,-0.0004,-0.00042,-8e-05,-0.00105,-0.00194,2e-05,-0.00048,-0.00049
9.74,-0.0009,0.00117,-7e-05,0.00022,1e-05,0,0.00184,-0.00013,0.00011,0.00171,0.00026,-1e-05,4e-05,0.00056,0.00017,-0,1e-05,0,0,2e-05,-0.00186,0.00162,-0.00048,0.00825,0.00206,-0.00022,-0.00035,-0.00037,7e-05,0.00029,-0.00255,3e-05,-0.00015,-0.00018
9.76,-0.00111,0.00126,-9e-05,0.00024,1e-05,0,0.00194,-0.0001,9e-05,0.00178,0.00022,-1e-05,4e-05,0.00053,0.00018,-0,1e-05,0,0,3e-05,-0.00208,0.00161,-0.00081,0.00736,0.00183,-0.00018,-0.00029,-0.00027,0.00031,0.00091,-0.00315,4e-05,0.00012,8e-05
9.78,-0.0013,0.00132,-6e-05,0.00026,1e-05,0,0.00202,-9e-05,8e-05,0.00185,0.00018,-1e-05,5e-05,0.00051,0.00019,-0,2e-05,0,0,3e-05,-0.0023,0.00155,-0.00122,0.00642,0.00156,-0.00015,-0.00022,-8e-05,0.00056,0.00132,-0.00368,5e-05,0.00035,0.0003
9.8,-0.00147,0.00133,1e-05,0.00027,1e-05,0,0.00206,-8e-05,6e-05,0.0019,0.00014,-1e-05,5e-05,0.00048,0.00022,0,4e-05,0,-0,3e-05,-0.00248,0.00134,-0.00163,0.00552,0.00128,-0.00011,-0.00016,0.0002,0.00075,0.00124,-0.00392,6e-05,0.00045,0.00039
9.82,-0.00162,0.00128,0.00012,0.00028,0,0,0.00206,-6e-05,4e-05,0.00192,0.0001,-1e-05,5e-05,0.00045,0.00025,0,5e-05,0,-0,3e-05,-0.00259,0.00087,-0.00197,0.00473,0.001,-7e-05,-0.00011,0.00052,0.00076,0.00066,-0.00373,7e-05,0.00035,0.0003
9.84,-0.00175,0.00119,0.00025,0.00029,-0,0,0.00204,-5e-05,3e-05,0.00194,6e-05,-1e-05,5e-05,0.00042,0.00029,1e-05,8e-05,0,-0,3e-05,-0.00265,0.00029,-0.00221,0.00401,0.00077,-5e-05,-7e-05,0.00084,0.00064,0.00011,-0.00335,8e-05,0.00022,0.00018
9.86,-0.00185,0.00105,0.00038,0.00029,-1e-05,0,0.00198,-3e-05,2e-05,0.00193,4e-05,-1e-05,5e-05,0.00038,0.00034,2e-05,0.0001,1e-05,-0,3e-05,-0.00269,-0.00024,-0.00233,0.00332,0.00059,-3e-05,-5e-05,0.00109,0.00049,-0.00015,-0.00298,8e-05,0.00014,0.00011
9.88,-0.00191,0.00089,0.0005,0.0003,-2e-05,0,0.0019,-2e-05,1e-05,0.00191,2e-05,-1e-05,5e-05,0.00034,0.00038,3e-05,0.00014,1e-05,-0,3e-05,-0.00269,-0.00068,-0.00233,0.00269,0.00047,-2e-05,-3e-05,0.00124,0.00036,-0.00021,-0.0025,8e-05,8e-05,6e-05
9.9,-0.00193,0.0007,0.00061,0.0003,-3e-05,0,0.00179,-1e-05,1e-05,0.00187,2e-05,-1e-05,5e-05,0.00028,0.00042,4e-05,0.00017,1e-05,-0,3e-05,-0.00261,-0.0011,-0.0022,0.00213,0.0004,-1e-05,-3e-05,0.00126,0.00028,-0.00014,-0.00212,7e-05,5e-05,3e-05
9.92,-0.00191,0.0005,0.00068,0.00029,-4e-05,0,0.00163,-1e-05,1e-05,0.0018,1e-05,-0,5e-05,0.00022,0.00045,5e-05,0.0002,2e-05,0,2e-05,-0.00242,-0.00151,-0.00192,0.00165,0.00039,-2e-05,-4e-05,0.00118,0.00024,-4e-05,-0.00193,7e-05,3e-05,2e-05
9.94,-0.00185,0.00032,0.00071,0.00029,-5e-05,0,0.00144,-1e-05,2e-05,0.00171,1e-05,-0,5e-05,0.00016,0.00047,6e-05,0.00024,4e-05,0,2e-05,-0.00213,-0.00181,-0.00155,0.00123,0.0004,-2e-05,-5e-05,0.00104,0.00022,1e-05,-0.00168,6e-05,2e-05,1e-05
9.96,-0.00175,0.00015,0.0007,0.00028,-6e-05,0,0.0012,0,4e-05,0.00159,1e-05,-0,5e-05,8e-05,0.00047,7e-05,0.00027,6e-05,0,2e-05,-0.00179,-0.00191,-0.00116,0.00088,0.00043,-3e-05,-6e-05,0.0009,0.00018,-1e-05,-0.0013,5e-05,1e-05,0
9.98,-0.00162,0,0.00067,0.00027,-6e-05,0,0.00091,1e-05,7e-05,0.00144,1e-05,-0,5e-05,0,0.00044,7e-05,0.00029,8e-05,0,3e-05,-0.00142,-0.00186,-0.00079,0.00061,0.00046,-4e-05,-7e-05,0.00078,0.00011,-7e-05,-0.00087,5e-05,-0,-0
10,-0.00146,-0.00011,0.0006,0.00026,-7e-05,0,0.00057,1e-05,0.0001,0.00127,1e-05,-0,5e-05,-8e-05,0.00041,7e-05,0.00031,0.00013,-0,3e-05,-0.00105,-0.0017,-0.00047,0.00041,0.00046,-4e-05,-7e-05,0.00069,1e-05,-0.00014,-0.00052,4e-05,-1e-05,-1e-05
10.02,-0.00128,-0.00019,0.00051,0.00024,-7e-05,0,0.0002,1e-05,0.00013,0.00107,1e-05,-0,4e-05,-0.00017,0.00035,6e-05,0.00033,0.00018,0,4e-05,-0.00071,-0.00148,-0.00022,0.00029,0.00042,-4e-05,-7e-05,0.00065,-0.00013,-0.00019,-0.00027,4e-05,-1e-05,-1e-05
10.04,-0.0011,-0.00023,0.00041,0.00023,-7e-05,0,-0.00019,-0,0.00017,0.00085,1e-05,-0,3e-05,-0.00027,0.00029,4e-05,0.00034,0.00026,1e-05,5e-05,-0.00046,-0.00122,-7e-05,0.00022,0.00036,-4e-05,-6e-05,0.00063,-0.0003,-0.0002,-0.0001,4e-05,-1e-05,-1e-05
10.06,-0.00093,-0.00023,0.00029,0.00022,-6e-05,0,-0.00058,-2e-05,0.00019,0.00062,1e-05,-0,3e-05,-0.00037,0.00022,3e-05,0.00034,0.00036,1e-05,7e-05,-0.00028,-0.00094,0,0.00017,0.00028,-3e-05,-4e-05,0.00063,-0.00048,-0.00019,-0,3e-05,-1e-05,-1e-05
10.08,-0.00077,-0.00019,0.00017,0.00022,-5e-05,0,-0.00097,-5e-05,0.00022,0.00039,1e-05,-0,3e-05,-0.00047,0.00016,2e-05,0.00033,0.00045,2e-05,8e-05,-0.00015,-0.00067,2e-05,0.00012,0.00019,-2e-05,-3e-05,0.00064,-0.00067,-0.00015,4e-05,3e-05,-1e-05,-1e-05
10.1,-0.00062,-0.00013,5e-05,0.00021,-4e-05,0,-0.00131,-8e-05,0.00024,0.00017,1e-05,-0,4e-05,-0.00058,0.0001,1e-05,0.00031,0.00056,4e-05,9e-05,-6e-05,-0.0004,0,6e-05,0.0001,-1e-05,-1e-05,0.00065,-0.00085,-0.0001,4e-05,3e-05,-1e-05,-1e-05
10.12,-0.00048,-6e-05,-7e-05,0.00021,-2e-05,0,-0.00157,-0.00013,0.00026,-4e-05,1e-05,-0,4e-05,-0.00068,5e-05,0,0.00029,0.00069,7e-05,0.0001,1e-05,-0.00014,-2e-05,0,4e-05,-0,-0,0.00065,-0.00102,-5e-05,1e-05,3e-05,-1e-05,-1e-05
10.14,-0.00038,2e-05,-0.00017,0.00021,-0,0,-0.00174,-0.00018,0.00027,-0.00021,1e-05,0,5e-05,-0.00079,2e-05,-0,0.00026,0.00079,0.0001,0.0001,8e-05,0.00011,-3e-05,-6e-05,-1e-05,0,0,0.00063,-0.00116,-1e-05,-0,3e-05,-0,-1e-05
10.16,-0.00032,9e-05,-0.00025,0.0002,1e-05,0,-0.00184,-0.00022,0.00028,-0.00033,1e-05,0,6e-05,-0.00089,1e-05,-0,0.00022,0.00078,0.00012,0.0001,0.00011,0.00026,-4e-05,-0.0001,-2e-05,0,0,0.0006,-0.00127,3e-05,-1e-05,3e-05,-0,-1e-05
10.18,-0.0003,0.00014,-0.00031,0.0002,3e-05,0,-0.00187,-0.00027,0.00028,-0.00042,1e-05,0,7e-05,-0.00099,2e-05,0,0.00019,0.0007,0.00012,9e-05,0.00012,0.00034,-5e-05,-0.00011,-2e-05,0,0,0.00057,-0.00133,5e-05,-0,2e-05,-0,-1e-05
10.2,-0.0003,0.00017,-0.00036,0.0002,4e-05,0,-0.00183,-0.00029,0.00027,-0.00047,1e-05,0,7e-05,-0.00108,4e-05,1e-05,0.00015,0.00055,0.00011,8e-05,0.00013,0.00042,-4e-05,-0.00012,-1e-05,-0,0,0.00053,-0.00136,7e-05,1e-05,2e-05,-0,-0
10.22,-0.00032,0.00017,-0.00038,0.00019,4e-05,0,-0.00175,-0.00031,0.00027,-0.0005,1e-05,0,7e-05,-0.00115,6e-05,2e-05,0.00012,0.00035,7e-05,6e-05,0.00015,0.00049,-2e-05,-0.00013,-1e-05,-0,-0,0.00049,-0.00133,8e-05,4e-05,2e-05,0,-0
10.24,-0.00034,0.00015,-0.00038,0.00018,4e-05,0,-0.00162,-0.0003,0.00026,-0.0005,0,0,7e-05,-0.00119,8e-05,4e-05,9e-05,0.00018,4e-05,4e-05,0.00016,0.00055,2e-05,-0.00012,-0,-0,-1e-05,0.0004,-0.00099,7e-05,4e-05,1e-05,0,0
10.26,-0.00037,0.0001,-0.00036,0.00017,4e-05,0,-0.00146,-0.00028,0.00024,-0.00048,0,0,5e-05,-0.00121,0.0001,5e-05,7e-05,6e-05,1e-05,2e-05,0.00017,0.00058,6e-05,-0.00011,1e-05,-1e-05,-1e-05,0.00023,-0.00024,3e-05,-2e-05,-3e-05,-0,-0
10.28,-0.00039,4e-05,-0.00032,0.00015,3e-05,0,-0.00126,-0.00023,0.00022,-0.00045,0,0,3e-05,-0.00121,0.00011,7e-05,6e-05,-1e-05,-0,1e-05,0.00018,0.00059,0.0001,-0.0001,1e-05,-1e-05,-1e-05,2e-05,0.00067,-3e-05,-0.00015,-7e-05,-1e-05,-0
10.3,-0.00041,-4e-05,-0.00027,0.00013,2e-05,0,-0.00106,-0.00019,0.00019,-0.00041,0,0,-1e-05,-0.00119,0.00012,8e-05,6e-05,-5e-05,-2e-05,0,0.00017,0.00056,0.00012,-8e-05,2e-05,-1e-05,-1e-05,-0.00022,0.00163,-8e-05,-0.00034,-0.00012,-1e-05,-1e-05
10.32,-0.00042,-0.00013,-0.00021,0.00011,0,0,-0.00088,-0.00014,0.00017,-0.00036,-0,0,-3e-05,-0.00115,0.00012,9e-05,6e-05,-7e-05,-2e-05,-0,0.00015,0.00052,0.00013,-7e-05,3e-05,-1e-05,-2e-05,-0.00048,0.00256,-0.00013,-0.00062,-0.00018,-2e-05,-2e-05
10.34,-0.00042,-0.00024,-0.00016,9e-05,-1e-05,-0,-0.00071,-9e-05,0.00014,-0.00031,-0,0,-5e-05,-0.0011,0.00011,0.0001,7e-05,-8e-05,-3e-05,-1e-05,0.00013,0.00047,0.00013,-5e-05,4e-05,-2e-05,-2e-05,-0.00073,0.00336,-0.00017,-0.00095,-0.00025,-3e-05,-2e-05
10.36,-0.00042,-0.00036,-0.00011,7e-05,-3e-05,-0,-0.00056,-5e-05,0.00011,-0.00026,-0,0,-7e-05,-0.00103,0.00011,0.00011,9e-05,-8e-05,-3e-05,-1e-05,9e-05,0.00043,0.00011,-4e-05,4e-05,-2e-05,-2e-05,-0.00094,0.00393,-0.00018,-0.00135,-0.00033,-3e-05,-3e-05
10.38,-0.00042,-0.00049,-7e-05,5e-05,-5e-05,-0,-0.00042,-2e-05,9e-05,-0.00021,-0,0,-7e-05,-0.00094,0.0001,0.00011,0.00011,-7e-05,-3e-05,-2e-05,5e-05,0.00041,9e-05,-3e-05,4e-05,-2e-05,-2e-05,-0.00107,0.0042,-0.00018,-0.00177,-0.00041,-4e-05,-3e-05
10.4,-0.00042,-0.00063,-5e-05,3e-05,-7e-05,-0,-0.00031,-1e-05,7e-05,-0.00017,-0,0,-7e-05,-0.00086,9e-05,0.0001,0.00013,-7e-05,-3e-05,-2e-05,1e-05,0.00042,6e-05,-2e-05,4e-05,-2e-05,-2e-05,-0.0011,0.0042,-0.00015,-0.0022,-0.00049,-4e-05,-2e-05
10.42,-0.00042,-0.0008,-3e-05,2e-05,-9e-05,-0,-0.00022,-1e-05,5e-05,-0.00015,-0,0,-7e-05,-0.00078,8e-05,0.0001,0.00015,-7e-05,-3e-05,-3e-05,-2e-05,0.00045,2e-05,-1e-05,4e-05,-2e-05,-1e-05,-0.00101,0.00404,-0.00013,-0.00261,-0.00057,-3e-05,-1e-05
10.44,-0.00043,-0.00096,-2e-05,0,-0.00011,-0,-0.00015,-1e-05,3e-05,-0.00013,-0,0,-7e-05,-0.0007,8e-05,9e-05,0.00016,-8e-05,-3e-05,-3e-05,-6e-05,0.00051,-2e-05,-1e-05,3e-05,-2e-05,-1e-05,-0.00081,0.00375,-0.0001,-0.00299,-0.00063,-3e-05,-1e-05
10.46,-0.00044,-0.00112,-1e-05,-1e-05,-0.00012,-0,-0.0001,-2e-05,2e-05,-0.00012,-0,0,-7e-05,-0.00063,7e-05,8e-05,0.00018,-8e-05,-2e-05,-4e-05,-8e-05,0.00058,-5e-05,0,3e-05,-2e-05,-1e-05,-0.00052,0.00338,-8e-05,-0.00336,-0.00067,-2e-05,0
10.48,-0.00045,-0.00126,-1e-05,-2e-05,-0.00013,-0,-6e-05,-4e-05,1e-05,-0.00013,-0,0,-7e-05,-0.00058,7e-05,6e-05,0.00019,-9e-05,-3e-05,-5e-05,-0.00011,0.00065,-8e-05,1e-05,2e-05,-2e-05,-1e-05,-0.00017,0.00296,-5e-05,-0.00368,-0.00069,-2e-05,1e-05
10.5,-0.00048,-0.00137,-0,-3e-05,-0.00014,-0,-3e-05,-6e-05,0,-0.00014,-0,0,-6e-05,-0.00053,7e-05,5e-05,0.0002,-9e-05,-2e-05,-6e-05,-0.00013,0.00069,-0.0001,2e-05,1e-05,-1e-05,-1e-05,0.00021,0.00256,-4e-05,-0.00397,-0.00069,-2e-05,1e-05
10.52,-0.00053,-0.00143,-0,-3e-05,-0.00014,-0,-0,-9e-05,-1e-05,-0.00016,-0,0,-6e-05,-0.00049,6e-05,4e-05,0.00021,-7e-05,-2e-05,-7e-05,-0.00015,0.0007,-9e-05,3e-05,1e-05,-1e-05,-1e-05,0.00057,0.00223,-3e-05,-0.00423,-0.00066,-2e-05,1e-05
10.54,-0.00059,-0.00143,-0,-4e-05,-0.00014,-0,2e-05,-0.00011,-1e-05,-0.00018,-0,0,-5e-05,-0.00045,5e-05,2e-05,0.00021,-5e-05,-2e-05,-8e-05,-0.00017,0.00064,-7e-05,4e-05,0,-1e-05,-0,0.00089,0.00192,-4e-05,-0.00444,-0.0006,-2e-05,1e-05
10.56,-0.00067,-0.00139,-1e-05,-4e-05,-0.00014,-0,4e-05,-0.00013,-2e-05,-0.00021,-1e-05,0,-5e-05,-0.00043,5e-05,1e-05,0.0002,-3e-05,-2e-05,-8e-05,-0.00019,0.00053,-2e-05,4e-05,-0,-1e-05,-0,0.00114,0.00159,-4e-05,-0.00457,-0.00053,-2e-05,1e-05
10.58,-0.00077,-0.00132,-1e-05,-5e-05,-0.00013,-0,5e-05,-0.00016,-3e-05,-0.00023,-1e-05,1e-05,-4e-05,-0.0004,4e-05,-0,0.00019,-1e-05,-1e-05,-8e-05,-0.00021,0.00038,3e-05,5e-05,-1e-05,-0,-0,0.00135,0.00127,-5e-05,-0.00464,-0.00045,-2e-05,-0
10.6,-0.00088,-0.00121,-2e-05,-5e-05,-0.00011,-0,7e-05,-0.00018,-4e-05,-0.00024,-1e-05,1e-05,-4e-05,-0.00037,3e-05,-2e-05,0.00018,0,-1e-05,-7e-05,-0.00023,0.0002,8e-05,5e-05,-1e-05,0,0,0.00149,0.00098,-6e-05,-0.00468,-0.00037,-3e-05,-1e-05
10.62,-0.00101,-0.00108,-4e-05,-5e-05,-0.0001,-0,8e-05,-0.00019,-5e-05,-0.00026,-0,1e-05,-3e-05,-0.00034,1e-05,-3e-05,0.00016,1e-05,-1e-05,-7e-05,-0.00025,4e-05,0.00013,6e-05,-1e-05,0,0,0.00157,0.00074,-8e-05,-0.00471,-0.00029,-3e-05,-2e-05
10.64,-0.00116,-0.00095,-5e-05,-5e-05,-8e-05,-0,8e-05,-0.0002,-6e-05,-0.00026,0,1e-05,-2e-05,-0.0003,-0,-4e-05,0.00015,0,-0,-6e-05,-0.00027,-0.0001,0.00016,7e-05,-1e-05,0,0,0.00161,0.00054,-0.00011,-0.00475,-0.00022,-3e-05,-3e-05
10.66,-0.0013,-0.00084,-6e-05,-5e-05,-7e-05,-0,8e-05,-0.00021,-6e-05,-0.00026,2e-05,2e-05,-2e-05,-0.00026,-2e-05,-5e-05,0.00013,0,0,-5e-05,-0.0003,-0.00018,0.00018,7e-05,-0,1e-05,0,0.00161,0.00041,-0.00013,-0.00482,-0.00017,-4e-05,-3e-05
10.68,-0.00145,-0.00074,-7e-05,-5e-05,-6e-05,-0,8e-05,-0.00021,-7e-05,-0.00025,4e-05,2e-05,-1e-05,-0.00021,-4e-05,-6e-05,0.00011,-0,0,-3e-05,-0.00032,-0.00021,0.00017,8e-05,0,1e-05,0,0.00159,0.00031,-0.00015,-0.00493,-0.00013,-4e-05,-4e-05
10.7,-0.00159,-0.00064,-8e-05,-5e-05,-5e-05,-0,7e-05,-0.00021,-7e-05,-0.00023,6e-05,3e-05,-1e-05,-0.00016,-5e-05,-7e-05,9e-05,-1e-05,1e-05,-2e-05,-0.00034,-0.00021,0.00015,0.0001,1e-05,1e-05,0,0.00155,0.00026,-0.00018,-0.00509,-0.0001,-4e-05,-4e-05
10.72,-0.00174,-0.00056,-8e-05,-5e-05,-4e-05,-0,6e-05,-0.00021,-8e-05,-0.00021,0.0001,3e-05,-1e-05,-0.00011,-7e-05,-7e-05,8e-05,-1e-05,1e-05,-2e-05,-0.00035,-0.00018,0.00011,0.00011,1e-05,1e-05,0,0.00147,0.00023,-0.00021,-0.00529,-8e-05,-4e-05,-4e-05
10.74,-0.00188,-0.00048,-9e-05,-5e-05,-3e-05,-0,4e-05,-0.0002,-8e-05,-0.00019,0.00015,3e-05,-1e-05,-8e-05,-9e-05,-7e-05,6e-05,-2e-05,2e-05,-1e-05,-0.00035,-0.00014,8e-05,0.00012,2e-05,1e-05,0,0.00138,0.0002,-0.00023,-0.00551,-7e-05,-4e-05,-5e-05
10.76,-0.002,-0.00041,-9e-05,-5e-05,-2e-05,-0,2e-05,-0.00019,-7e-05,-0.00016,0.00017,3e-05,-1e-05,-6e-05,-0.0001,-7e-05,4e-05,-1e-05,2e-05,-1e-05,-0.00035,-0.0001,5e-05,0.00014,2e-05,0,0,0.00127,0.00016,-0.00025,-0.00572,-7e-05,-4e-05,-4e-05
10.78,-0.00211,-0.00034,-8e-05,-5e-05,-2e-05,-0,-0,-0.00018,-7e-05,-0.00014,0.00019,3e-05,-0,-5e-05,-0.00011,-7e-05,2e-05,-1e-05,2e-05,-1e-05,-0.00034,-7e-05,3e-05,0.00015,2e-05,0,0,0.00116,9e-05,-0.00025,-0.0059,-7e-05,-4e-05,-4e-05
10.8,-0.00221,-0.00028,-8e-05,-5e-05,-1e-05,-0,-2e-05,-0.00016,-7e-05,-0.00011,0.00019,3e-05,-0,-5e-05,-0.00012,-7e-05,-0,-1e-05,2e-05,-1e-05,-0.00032,-5e-05,1e-05,0.00017,2e-05,0,0,0.00101,0,-0.00025,-0.00602,-7e-05,-3e-05,-4e-05
10.82,-0.00228,-0.00023,-8e-05,-4e-05,-1e-05,-0,-4e-05,-0.00015,-7e-05,-9e-05,0.00017,3e-05,-0,-5e-05,-0.00013,-7e-05,-2e-05,-0,2e-05,-2e-05,-0.0003,-4e-05,1e-05,0.00018,2e-05,0,0,0.00082,-0.00013,-0.00023,-0.00607,-7e-05,-3e-05,-3e-05
10.84,-0.00234,-0.00018,-7e-05,-4e-05,-0,-0,-4e-05,-0.00015,-6e-05,-8e-05,0.00014,3e-05,-0,-7e-05,-0.00014,-6e-05,-4e-05,-0,2e-05,-2e-05,-0.00028,-6e-05,2e-05,0.0002,2e-05,0,0,0.0006,-0.00027,-0.0002,-0.00598,-7e-05,-3e-05,-3e-05
10.86,-0.00237,-0.00013,-6e-05,-3e-05,-0,-0,-5e-05,-0.00014,-6e-05,-7e-05,0.00012,3e-05,-0,-9e-05,-0.00014,-6e-05,-5e-05,0,2e-05,-3e-05,-0.00025,-9e-05,4e-05,0.00021,2e-05,0,0,0.00038,-0.00043,-0.00016,-0.00574,-7e-05,-2e-05,-2e-05
10.88,-0.00239,-0.0001,-6e-05,-3e-05,0,-0,-4e-05,-0.00013,-6e-05,-6e-05,0.0001,3e-05,-0,-0.00011,-0.00014,-5e-05,-6e-05,0,2e-05,-3e-05,-0.00022,-0.00013,6e-05,0.00022,2e-05,0,0,0.00016,-0.00056,-0.00011,-0.00536,-7e-05,-2e-05,-2e-05
10.9,-0.00238,-7e-05,-5e-05,-2e-05,0,-0,-3e-05,-0.00013,-5e-05,-5e-05,8e-05,2e-05,-0,-0.00013,-0.00013,-5e-05,-7e-05,0,1e-05,-3e-05,-0.00019,-0.00018,9e-05,0.00022,2e-05,0,0,-4e-05,-0.00062,-7e-05,-0.00482,-5e-05,-1e-05,-1e-05
10.92,-0.00237,-4e-05,-4e-05,-2e-05,1e-05,-0,-2e-05,-0.00013,-5e-05,-5e-05,6e-05,2e-05,-0,-0.00013,-0.00013,-4e-05,-8e-05,0,1e-05,-3e-05,-0.00016,-0.00023,0.00011,0.00023,1e-05,0,0,-0.00018,-0.0006,-5e-05,-0.00415,-3e-05,-1e-05,-1e-05
10.94,-0.00235,-3e-05,-3e-05,-1e-05,1e-05,-0,-1e-05,-0.00012,-5e-05,-4e-05,5e-05,2e-05,-0,-0.00013,-0.00012,-4e-05,-8e-05,-0,1e-05,-3e-05,-0.00013,-0.00027,0.00013,0.00023,1e-05,0,0,-0.00028,-0.00049,-5e-05,-0.00343,-0,-1e-05,-2e-05
10.96,-0.00233,-1e-05,-2e-05,-0,1e-05,-0,0,-0.00012,-5e-05,-4e-05,4e-05,2e-05,-0,-0.00011,-0.00011,-3e-05,-7e-05,-0,1e-05,-3e-05,-0.0001,-0.0003,0.00014,0.00023,1e-05,0,0,-0.00032,-0.00033,-7e-05,-0.0027,2e-05,-1e-05,-2e-05
10.98,-0.0023,-1e-05,-0,0,1e-05,-0,1e-05,-0.00011,-5e-05,-3e-05,3e-05,2e-05,-0,-9e-05,-0.0001,-3e-05,-6e-05,-0,1e-05,-3e-05,-7e-05,-0.00032,0.00015,0.00023,1e-05,0,0,-0.00032,-0.00016,-9e-05,-0.00202,4e-05,-1e-05,-2e-05
11,-0.00227,0,1e-05,1e-05,1e-05,-0,1e-05,-0.00011,-5e-05,-3e-05,2e-05,1e-05,-0,-6e-05,-0.0001,-3e-05,-5e-05,-0,1e-05,-2e-05,-5e-05,-0.00032,0.00014,0.00022,1e-05,0,0,-0.00027,-4e-05,-8e-05,-0.00141,5e-05,-1e-05,-2e-05
11.02,-0.0022,0,2e-05,1e-05,1e-05,-0,1e-05,-0.0001,-5e-05,-2e-05,1e-05,1e-05,-0,-2e-05,-9e-05,-3e-05,-4e-05,-0,1e-05,-2e-05,-3e-05,-0.00031,0.00013,0.00022,0,0,0,-0.00021,1e-05,-6e-05,-0.00092,4e-05,-1e-05,-2e-05
11.04,-0.00211,1e-05,3e-05,1e-05,2e-05,-0,1e-05,-9e-05,-4e-05,-2e-05,1e-05,1e-05,-0,1e-05,-8e-05,-2e-05,-3e-05,-0,1e-05,-2e-05,-1e-05,-0.00028,0.00011,0.00021,0,0,0,-0.00014,2e-05,-2e-05,-0.00053,3e-05,-1e-05,-1e-05
11.06,-0.00197,1e-05,4e-05,1e-05,2e-05,-0,-1e-05,-9e-05,-4e-05,-2e-05,0,1e-05,-0,4e-05,-7e-05,-2e-05,-2e-05,-0,0,-2e-05,-0,-0.00025,9e-05,0.00019,0,0,0,-8e-05,1e-05,1e-05,-0.00025,2e-05,-0,-1e-05
11.08,-0.0018,1e-05,4e-05,1e-05,2e-05,-0,-2e-05,-8e-05,-3e-05,-2e-05,0,1e-05,-0,6e-05,-7e-05,-2e-05,-1e-05,-0,0,-2e-05,1e-05,-0.00021,6e-05,0.00018,0,0,0,-4e-05,-1e-05,3e-05,-6e-05,1e-05,-0,-0
11.1,-0.0016,0,4e-05,1e-05,2e-05,-0,-4e-05,-7e-05,-3e-05,-2e-05,0,1e-05,-0,8e-05,-6e-05,-2e-05,-1e-05,-0,0,-1e-05,1e-05,-0.00016,4e-05,0.00016,1e-05,0,0,-1e-05,-0,4e-05,6e-05,-0,0,0
11.12,-0.00135,0,4e-05,0,2e-05,-0,-6e-05,-6e-05,-3e-05,-2e-05,-0,1e-05,-0,0.0001,-6e-05,-2e-05,-1e-05,-0,0,-1e-05,1e-05,-0.00011,2e-05,0.00013,1e-05,0,0,-0,1e-05,2e-05,0.0001,-0,0,0
11.14,-0.00109,-0,3e-05,0,2e-05,-0,-7e-05,-5e-05,-2e-05,-3e-05,-0,0,0,0.00011,-6e-05,-1e-05,-1e-05,-0,0,-1e-05,1e-05,-6e-05,0,0.00011,1e-05,0,-0,0,3e-05,0,8e-05,-0,0,0
11.16,-0.00082,-1e-05,3e-05,-0,2e-05,-0,-8e-05,-4e-05,-2e-05,-3e-05,-0,0,0,0.00012,-5e-05,-1e-05,-1e-05,-0,0,-1e-05,0,-1e-05,-1e-05,9e-05,1e-05,-0,-0,0,4e-05,-1e-05,7e-05,-0,0,0
11.18,-0.00055,-2e-05,3e-05,-1e-05,1e-05,-0,-9e-05,-3e-05,-2e-05,-3e-05,-0,0,0,0.00013,-5e-05,-1e-05,-0,-0,0,-1e-05,0,3e-05,-3e-05,7e-05,1e-05,-0,-0,0,6e-05,-1e-05,5e-05,0,0,0
11.2,-0.00029,-3e-05,2e-05,-1e-05,1e-05,-0,-9e-05,-3e-05,-1e-05,-3e-05,-0,0,0,0.00014,-5e-05,-1e-05,-0,-0,-0,-0,0,7e-05,-4e-05,5e-05,1e-05,-0,-0,0,7e-05,-2e-05,4e-05,0,0,-0
11.22,-5e-05,-4e-05,2e-05,-2e-05,1e-05,-0,-9e-05,-2e-05,-1e-05,-3e-05,-0,0,0,0.00014,-5e-05,-1e-05,0,-0,-0,-0,0,0.0001,-5e-05,4e-05,1e-05,-0,-0,0,8e-05,-3e-05,2e-05,0,-0,-0
11.24,0.00017,-5e-05,2e-05,-2e-05,1e-05,-0,-9e-05,-1e-05,-1e-05,-3e-05,-0,-0,0,0.00015,-4e-05,-1e-05,1e-05,-0,-0,-0,-0,0.00012,-5e-05,2e-05,1e-05,-0,-0,0,0.0001,-3e-05,1e-05,0,-0,-0
11.26,0.00036,-6e-05,1e-05,-3e-05,0,-0,-9e-05,-1e-05,-1e-05,-4e-05,-0,-0,0,0.00016,-4e-05,-1e-05,1e-05,-0,-0,-0,0,0.00014,-5e-05,1e-05,0,-0,-0,0,0.00011,-4e-05,-1e-05,0,-0,-0
11.28,0.00054,-7e-05,1e-05,-3e-05,0,-0,-9e-05,-1e-05,-0,-5e-05,-0,-0,0,0.00017,-4e-05,-1e-05,2e-05,-0,-0,-0,0,0.00015,-4e-05,-0,0,-0,-0,0,0.00013,-5e-05,-2e-05,0,-0,-0
11.3,0.00069,-8e-05,1e-05,-3e-05,-0,-0,-0.0001,-0,-0,-6e-05,-0,-0,0,0.00017,-4e-05,-1e-05,3e-05,-0,-0,-0,0,0.00016,-2e-05,-1e-05,0,-0,-0,0,0.00014,-6e-05,-4e-05,1e-05,-0,-0
11.32,0.00083,-8e-05,1e-05,-3e-05,-1e-05,-0,-0.0001,-0,0,-7e-05,0,-0,0,0.00018,-4e-05,-1e-05,4e-05,-0,-0,0,0,0.00015,0,-2e-05,0,-0,-0,0,0.00015,-7e-05,-5e-05,1e-05,-0,-0
11.34,0.00096,-7e-05,1e-05,-3e-05,-1e-05,0,-0.00011,-0,1e-05,-9e-05,0,-0,0,0.00019,-3e-05,-1e-05,5e-05,-0,-0,0,0,0.00014,3e-05,-3e-05,-0,-0,-0,1e-05,0.00015,-9e-05,-6e-05,1e-05,-0,-0
11.36,0.00109,-6e-05,1e-05,-3e-05,-1e-05,0,-0.00012,0,1e-05,-0.0001,0,-0,0,0.00019,-3e-05,-1e-05,6e-05,-0,-0,0,0,0.00013,7e-05,-5e-05,-0,-0,-0,1e-05,0.00013,-0.00011,-8e-05,1e-05,-0,-0
11.38,0.00122,-4e-05,1e-05,-2e-05,-2e-05,0,-0.00013,0,1e-05,-0.00011,0,-0,-0,0.00019,-2e-05,-1e-05,7e-05,-0,-0,0,0,0.0001,0.00012,-6e-05,-1e-05,0,0,2e-05,0.00011,-0.00014,-9e-05,1e-05,-0,-0
11.4,0.00136,-1e-05,1e-05,-2e-05,-2e-05,0,-0.00013,1e-05,2e-05,-0.00012,0,-0,-0,0.00018,-1e-05,-1e-05,8e-05,-0,-0,0,0,7e-05,0.00017,-8e-05,-1e-05,0,0,3e-05,7e-05,-0.00018,-9e-05,1e-05,-0,-0
11.42,0.0015,2e-05,0,-2e-05,-2e-05,0,-0.00013,1e-05,3e-05,-0.00013,0,-0,-0,0.00017,-0,-0,9e-05,-0,-0,0,0,4e-05,0.00023,-0.0001,-2e-05,0,0,5e-05,2e-05,-0.00018,-5e-05,0,-0,-0
11.44,0.00165,5e-05,0,-1e-05,-2e-05,0,-0.00013,1e-05,3e-05,-0.00014,0,-0,-0,0.00015,1e-05,-0,0.0001,-0,-0,1e-05,0,-0,0.00028,-0.00012,-2e-05,0,0,0.0001,-1e-05,-0.00013,5e-05,-1e-05,0,0
11.46,0.00181,7e-05,0,-0,-2e-05,0,-0.00013,1e-05,4e-05,-0.00014,0,-1e-05,-0,0.00013,3e-05,-0,0.00011,-0,-0,1e-05,0,-4e-05,0.00033,-0.00014,-2e-05,0,0,0.00018,0,-6e-05,0.00021,-2e-05,0,1e-05
11.48,0.00197,0.0001,-0,0,-2e-05,0,-0.00012,1e-05,4e-05,-0.00013,0,-1e-05,-0,0.0001,4e-05,-0,0.00012,-0,-0,1e-05,0,-7e-05,0.00037,-0.00016,-3e-05,1e-05,0,0.00027,0.00012,0,0.00042,-3e-05,1e-05,1e-05
11.5,0.00213,0.00012,-0,1e-05,-2e-05,0,-0.0001,1e-05,4e-05,-0.00013,0,-1e-05,-0,7e-05,6e-05,0,0.00012,-0,-0,1e-05,1e-05,-7e-05,0.00039,-0.00018,-3e-05,1e-05,0,0.0004,0.00039,6e-05,0.00065,-4e-05,1e-05,1e-05
11.52,0.00226,0.00014,-1e-05,1e-05,-2e-05,0,-9e-05,1e-05,5e-05,-0.00012,-0,-1e-05,-0,4e-05,8e-05,0,0.00013,-0,-0,1e-05,3e-05,-4e-05,0.00039,-0.00021,-3e-05,1e-05,1e-05,0.00055,0.00086,9e-05,0.0009,-4e-05,1e-05,1e-05
11.54,0.00238,0.00015,-1e-05,2e-05,-2e-05,-0,-7e-05,1e-05,5e-05,-0.00011,-0,-1e-05,0,2e-05,0.0001,0,0.00014,-0,-0,1e-05,4e-05,3e-05,0.00038,-0.00024,-3e-05,1e-05,1e-05,0.0007,0.00157,8e-05,0.00114,-3e-05,1e-05,1e-05
11.56,0.00247,0.00015,-1e-05,3e-05,-2e-05,-0,-5e-05,1e-05,5e-05,-0.00011,-1e-05,-1e-05,0,1e-05,0.00012,1e-05,0.00015,-0,-0,1e-05,7e-05,0.00016,0.00034,-0.00026,-3e-05,1e-05,1e-05,0.00085,0.00252,2e-05,0.00131,-0,-0,-0
11.58,0.00254,0.00015,-1e-05,3e-05,-2e-05,-0,-3e-05,2e-05,5e-05,-0.0001,-1e-05,-1e-05,0,0,0.00014,1e-05,0.00016,-0,-0,1e-05,0.0001,0.00034,0.00029,-0.00028,-3e-05,0,0,0.00098,0.00364,-8e-05,0.0014,3e-05,-1e-05,-2e-05
11.6,0.00257,0.00014,-1e-05,3e-05,-2e-05,0,-2e-05,2e-05,6e-05,-9e-05,-1e-05,-1e-05,0,1e-05,0.00015,1e-05,0.00018,-0,-1e-05,1e-05,0.00015,0.00057,0.00021,-0.00029,-3e-05,0,0,0.00106,0.00474,-0.00019,0.00136,6e-05,-2e-05,-3e-05
11.62,0.00254,0.00013,-1e-05,4e-05,-1e-05,0,-0,2e-05,6e-05,-8e-05,-1e-05,-1e-05,0,3e-05,0.00016,2e-05,0.00019,-0,-1e-05,1e-05,0.00022,0.00085,0.00011,-0.00027,-2e-05,-0,0,0.00107,0.00554,-0.00023,0.00121,4e-05,-3e-05,-4e-05
11.64,0.00247,0.00011,-1e-05,4e-05,-1e-05,0,1e-05,3e-05,6e-05,-8e-05,-0,-0,1e-05,5e-05,0.00018,2e-05,0.00019,-0,-1e-05,1e-05,0.00032,0.00115,-0,-0.00024,-2e-05,-0,-0,0.001,0.0059,-0.00019,0.00092,-3e-05,-3e-05,-4e-05
11.66,0.00239,0.0001,-1e-05,4e-05,-1e-05,0,2e-05,3e-05,6e-05,-7e-05,1e-05,-0,1e-05,9e-05,0.00018,2e-05,0.0002,-0,-1e-05,2e-05,0.00044,0.00143,-0.00012,-0.00019,-1e-05,-1e-05,-0,0.00089,0.00586,-0.00011,0.00051,-0.00016,-2e-05,-2e-05
11.68,0.0023,8e-05,-1e-05,5e-05,-1e-05,0,3e-05,4e-05,6e-05,-7e-05,3e-05,0,1e-05,0.00013,0.00018,3e-05,0.0002,-0,-1e-05,2e-05,0.00059,0.00169,-0.00026,-0.00013,-1e-05,-1e-05,-0,0.00071,0.00546,-4e-05,1e-05,-0.00036,-1e-05,1e-05
11.7,0.00223,6e-05,-0,5e-05,-0,0,4e-05,5e-05,7e-05,-7e-05,5e-05,1e-05,1e-05,0.00017,0.00018,3e-05,0.0002,-0,-1e-05,3e-05,0.00076,0.00189,-0.00039,-6e-05,-1e-05,-1e-05,-1e-05,0.00054,0.00477,0,-0.00054,-0.0006,2e-05,5e-05
11.72,0.0022,5e-05,0,4e-05,-0,0,5e-05,6e-05,6e-05,-7e-05,9e-05,1e-05,2e-05,0.00021,0.00017,4e-05,0.00018,-0,-1e-05,3e-05,0.00095,0.00203,-0.00052,0,-0,-1e-05,-1e-05,0.00048,0.00391,-2e-05,-0.00111,-0.00084,4e-05,0.0001
11.74,0.00223,3e-05,1e-05,4e-05,0,0,6e-05,7e-05,6e-05,-8e-05,0.00012,1e-05,3e-05,0.00025,0.00016,5e-05,0.00016,0,-1e-05,4e-05,0.00117,0.0021,-0.00063,4e-05,-0,-1e-05,-1e-05,0.00044,0.00305,-0.00012,-0.00166,-0.00106,6e-05,0.00013
11.76,0.0023,1e-05,2e-05,3e-05,0,0,7e-05,8e-05,6e-05,-8e-05,0.00014,1e-05,3e-05,0.00027,0.00014,5e-05,0.00013,0,-1e-05,5e-05,0.0014,0.00206,-0.0007,4e-05,-0,-1e-05,-0,0.00036,0.0023,-0.00026,-0.00215,-0.00123,8e-05,0.00016
11.78,0.00242,-0,3e-05,2e-05,-0,-0,9e-05,9e-05,5e-05,-8e-05,0.00014,2e-05,4e-05,0.00029,0.00012,6e-05,9e-05,0,-1e-05,6e-05,0.00166,0.00193,-0.00074,-1e-05,-0,-1e-05,-0,0.00025,0.00166,-0.00041,-0.00257,-0.00134,8e-05,0.00018
11.8,0.00259,-2e-05,5e-05,1e-05,-0,-0,0.0001,0.0001,5e-05,-8e-05,0.00012,2e-05,4e-05,0.00028,0.0001,6e-05,3e-05,1e-05,-1e-05,6e-05,0.00195,0.00171,-0.00074,-0.00011,-0,-0,-0,0.00014,0.00112,-0.00054,-0.00292,-0.0014,9e-05,0.00019
11.82,0.0028,-3e-05,7e-05,-1e-05,-1e-05,-0,0.00012,0.00011,4e-05,-7e-05,9e-05,2e-05,4e-05,0.00026,8e-05,7e-05,-3e-05,1e-05,-1e-05,7e-05,0.00227,0.0014,-0.0007,-0.00024,-0,-0,-0,3e-05,0.00069,-0.00065,-0.0032,-0.00139,9e-05,0.00018
11.84,0.00304,-2e-05,8e-05,-3e-05,-2e-05,-0,0.00014,0.00011,3e-05,-5e-05,6e-05,2e-05,4e-05,0.00023,6e-05,8e-05,-9e-05,1e-05,-1e-05,8e-05,0.00261,0.00102,-0.00063,-0.00037,-1e-05,-0,-0,-0.00014,0.00036,-0.0007,-0.0034,-0.00133,8e-05,0.00017
11.86,0.00325,1e-05,9e-05,-6e-05,-3e-05,-0,0.00015,0.00013,3e-05,-3e-05,3e-05,2e-05,4e-05,0.00017,5e-05,9e-05,-0.00016,1e-05,-1e-05,8e-05,0.00294,0.00057,-0.00053,-0.00049,-1e-05,0,0,-0.00035,0.00013,-0.0007,-0.00353,-0.00122,7e-05,0.00015
11.88,0.00343,7e-05,0.0001,-8e-05,-3e-05,-0,0.00016,0.00014,2e-05,1e-05,2e-05,2e-05,4e-05,0.00011,3e-05,9e-05,-0.00023,1e-05,-1e-05,7e-05,0.00322,7e-05,-0.00042,-0.00054,-1e-05,0,0,-0.00056,0,-0.00063,-0.0036,-0.00108,5e-05,0.00013
11.9,0.00358,0.00016,0.0001,-0.00011,-4e-05,-0,0.00016,0.00016,2e-05,4e-05,1e-05,2e-05,4e-05,4e-05,2e-05,0.0001,-0.00029,1e-05,-1e-05,6e-05,0.00343,-0.00047,-0.00031,-0.0005,-2e-05,0,0,-0.00078,-2e-05,-0.00047,-0.00369,-0.00091,4e-05,9e-05
11.92,0.00368,0.00028,9e-05,-0.00013,-4e-05,-0,0.00015,0.00018,2e-05,8e-05,0,2e-05,4e-05,-3e-05,1e-05,0.00011,-0.00034,1e-05,-1e-05,5e-05,0.00359,-0.00096,-0.00022,-0.00032,-2e-05,-0,0,-0.00107,1e-05,-0.00021,-0.00384,-0.00071,2e-05,6e-05
11.94,0.00372,0.0004,8e-05,-0.00014,-4e-05,-0,0.00013,0.0002,2e-05,0.00011,0,1e-05,5e-05,-8e-05,0,0.00012,-0.00038,1e-05,-1e-05,4e-05,0.00361,-0.00135,-0.00016,-0,-2e-05,-0,-0,-0.00137,7e-05,0.00016,-0.00411,-0.0005,0,2e-05
11.96,0.00366,0.00053,6e-05,-0.00015,-3e-05,-0,0.0001,0.00022,2e-05,0.00014,0,1e-05,5e-05,-0.00011,-0,0.00012,-0.0004,1e-05,-1e-05,4e-05,0.00342,-0.00163,-0.00013,0.00044,-3e-05,-1e-05,-0,-0.0016,0.00013,0.00063,-0.00452,-0.00029,-2e-05,-3e-05
11.98,0.00351,0.00063,3e-05,-0.00016,-3e-05,-0,5e-05,0.00024,2e-05,0.00015,0,1e-05,5e-05,-0.00013,-1e-05,0.00012,-0.00041,1e-05,-1e-05,4e-05,0.00305,-0.0018,-0.00012,0.00093,-3e-05,-2e-05,-1e-05,-0.00176,0.00014,0.0012,-0.00512,-8e-05,-4e-05,-7e-05
12,0.00328,0.00071,-1e-05,-0.00016,-2e-05,-0,-0,0.00027,3e-05,0.00016,-0,1e-05,5e-05,-0.00014,-1e-05,0.00012,-0.00041,1e-05,-0,4e-05,0.00254,-0.0019,-0.00011,0.00142,-3e-05,-2e-05,-1e-05,-0.00193,7e-05,0.00184,-0.00592,0.0001,-6e-05,-0.00011
12.02,0.00298,0.00076,-6e-05,-0.00016,-1e-05,-0,-6e-05,0.00029,3e-05,0.00016,0,1e-05,5e-05,-0.00014,-2e-05,0.00012,-0.0004,1e-05,-0,5e-05,0.00193,-0.00202,-0.00011,0.00203,-4e-05,-3e-05,-1e-05,-0.00222,-0.0001,0.00246,-0.00696,0.00024,-7e-05,-0.00015
12.04,0.00265,0.00078,-0.00012,-0.00016,-1e-05,-0,-0.00013,0.00031,4e-05,0.00015,0,1e-05,5e-05,-0.00014,-2e-05,0.00012,-0.0004,1e-05,-0,6e-05,0.00128,-0.00221,-0.00013,0.00267,-4e-05,-4e-05,-2e-05,-0.00258,-0.00036,0.00302,-0.00821,0.00033,-9e-05,-0.00018
12.06,0.0023,0.00077,-0.00018,-0.00016,-0,-0,-0.0002,0.00034,5e-05,0.00014,0,1e-05,5e-05,-0.00014,-2e-05,0.00012,-0.00039,0,-0,5e-05,0.00066,-0.00246,-0.00021,0.00318,-5e-05,-6e-05,-4e-05,-0.00294,-0.00071,0.00348,-0.00965,0.00035,-9e-05,-0.00019
12.08,0.00194,0.00075,-0.00025,-0.00017,0,-0,-0.00026,0.00036,6e-05,0.00012,1e-05,1e-05,6e-05,-0.00014,-1e-05,0.00013,-0.00039,0,-0,5e-05,0.00014,-0.00271,-0.0004,0.00348,-5e-05,-8e-05,-6e-05,-0.0033,-0.00113,0.00378,-0.01119,0.00029,-9e-05,-0.0002
12.1,0.00158,0.00071,-0.00032,-0.00018,0,-0,-0.00032,0.00038,7e-05,9e-05,1e-05,0,6e-05,-0.00015,-1e-05,0.00013,-0.00038,0,-0,3e-05,-0.00018,-0.00295,-0.00061,0.00375,-6e-05,-9e-05,-8e-05,-0.00385,-0.00157,0.00386,-0.01282,0.00016,-9e-05,-0.00019
12.12,0.00124,0.00066,-0.00039,-0.00019,0,-0,-0.00037,0.00039,8e-05,6e-05,2e-05,0,6e-05,-0.00016,-1e-05,0.00014,-0.00037,0,-0,2e-05,-0.00024,-0.00307,-0.00056,0.00431,-8e-05,-3e-05,-6e-05,-0.00478,-0.00193,0.00368,-0.01455,-5e-05,-8e-05,-0.00016
12.14,0.00091,0.00062,-0.00045,-0.0002,1e-05,-0,-0.00041,0.0004,9e-05,2e-05,3e-05,0,6e-05,-0.00018,-1e-05,0.00015,-0.00035,0,-0,2e-05,-4e-05,-0.00292,-0.00022,0.00486,-0.0001,8e-05,0,-0.00595,-0.00218,0.00322,-0.01617,-0.00029,-6e-05,-0.00012
12.16,0.00059,0.0006,-0.0005,-0.00022,1e-05,0,-0.00044,0.00041,0.0001,-1e-05,4e-05,0,6e-05,-0.0002,-1e-05,0.00015,-0.00033,0,-0,3e-05,0.0003,-0.00249,0.00026,0.00507,-0.00012,0.0002,7e-05,-0.00719,-0.00226,0.0025,-0.01745,-0.00056,-4e-05,-7e-05
12.18,0.00029,0.0006,-0.00055,-0.00024,2e-05,0,-0.00045,0.00041,0.00011,-4e-05,5e-05,-0,6e-05,-0.00022,-0,0.00015,-0.00031,0,-0,4e-05,0.00065,-0.00186,0.00091,0.0052,-0.00013,0.00033,0.00015,-0.0085,-0.00216,0.0016,-0.01829,-0.00082,-2e-05,-1e-05
12.2,1e-05,0.00063,-0.00057,-0.00026,3e-05,0,-0.00045,0.0004,0.00011,-7e-05,6e-05,-0,6e-05,-0.00024,-0,0.00016,-0.00028,0,-0,5e-05,0.0009,-0.00115,0.00145,0.00487,-0.00014,0.00047,0.00025,-0.01,-0.00187,0.00062,-0.0187,-0.00102,-0,4e-05
12.22,-0.00024,0.00069,-0.00057,-0.00027,5e-05,0,-0.00044,0.00038,0.00012,-9e-05,8e-05,-0,6e-05,-0.00026,0,0.00015,-0.00026,0,-0,8e-05,0.00109,-0.00051,0.0016,0.00376,-0.00012,0.0006,0.00033,-0.01179,-0.00141,-0.00029,-0.0187,-0.00113,1e-05,9e-05
12.24,-0.00046,0.00078,-0.00055,-0.00027,7e-05,-0,-0.00041,0.00034,0.00012,-0.00011,8e-05,-0,5e-05,-0.00028,0,0.00015,-0.00023,0,-0,0.00011,0.00113,0,0.00161,0.00263,-9e-05,0.0007,0.00041,-0.01353,-0.00089,-0.00093,-0.01816,-0.00112,3e-05,0.00013
12.26,-0.00064,0.0009,-0.00051,-0.00025,0.0001,-0,-0.00038,0.00029,0.00011,-0.00012,9e-05,-0,4e-05,-0.0003,1e-05,0.00015,-0.00021,0,-0,0.00012,0.00095,0.00041,0.0016,0.00185,-6e-05,0.00077,0.00047,-0.01478,-0.0004,-0.00127,-0.01699,-0.001,3e-05,0.00015
12.28,-0.00077,0.00104,-0.00045,-0.00022,0.00013,-0,-0.00034,0.00024,0.0001,-0.00011,8e-05,-0,3e-05,-0.00031,1e-05,0.00014,-0.00019,0,-0,0.00012,0.00059,0.00071,0.00157,0.00126,-4e-05,0.00081,0.00052,-0.01524,-0,-0.00132,-0.01523,-0.00081,3e-05,0.00015
12.3,-0.00088,0.0012,-0.00037,-0.00019,0.00016,-0,-0.00031,0.00017,9e-05,-0.00011,7e-05,-0,1e-05,-0.00032,1e-05,0.00014,-0.00017,0,-0,0.00011,1e-05,0.00095,0.00141,0.00079,-2e-05,0.00077,0.00053,-0.01486,0.00025,-0.00112,-0.01308,-0.00058,3e-05,0.00013
12.32,-0.00098,0.00133,-0.00028,-0.00015,0.00019,-0,-0.0003,0.00011,8e-05,-0.0001,5e-05,-0,0,-0.00033,1e-05,0.00013,-0.00016,0,0,8e-05,-0.00065,0.00116,0.00105,0.0004,-1e-05,0.00065,0.00048,-0.01367,0.0003,-0.00076,-0.01076,-0.00035,2e-05,0.00011
12.34,-0.00105,0.00141,-0.00019,-0.00011,0.0002,-0,-0.0003,5e-05,7e-05,-9e-05,3e-05,-0,-1e-05,-0.00034,1e-05,0.00012,-0.00016,0,0,5e-05,-0.00061,0.00106,0.00062,2e-05,1e-05,0.00042,0.00035,-0.01158,0.00018,-0.00041,-0.00834,-0.00017,1e-05,8e-05
12.36,-0.00107,0.00144,-0.00011,-8e-05,0.00021,-0,-0.0003,1e-05,6e-05,-7e-05,2e-05,-0,-1e-05,-0.00034,1e-05,0.0001,-0.00016,0,0,1e-05,0.00167,0.00035,0.00025,0.00034,-8e-05,0.00014,0.00016,-0.00882,-2e-05,-0.00016,-0.0059,-6e-05,1e-05,6e-05
12.38,-0.00103,0.00139,-4e-05,-6e-05,0.0002,-0,-0.00031,-2e-05,5e-05,-5e-05,1e-05,0,-1e-05,-0.00034,1e-05,7e-05,-0.00016,0,0,-1e-05,0.00658,-0.0007,3e-05,0.002,-0.00036,-1e-05,-2e-05,-0.00583,-0.00023,-2e-05,-0.00351,-1e-05,-0,3e-05
12.4,-0.00096,0.00125,-1e-05,-5e-05,0.00018,-0,-0.00031,-4e-05,5e-05,-3e-05,0,0,-1e-05,-0.00033,0,5e-05,-0.00017,0,1e-05,-3e-05,0.01433,-0.00193,6e-05,0.00565,-0.00088,0.00016,-0.00012,-0.00302,-0.00041,2e-05,-0.00117,-0,-1e-05,1e-05
12.42,-0.00089,0.00101,-0,-4e-05,0.00013,-0,-0.0003,-3e-05,5e-05,0,-0,0,-1e-05,-0.00031,-0,2e-05,-0.00016,-0,1e-05,-5e-05,0.02405,-0.0031,0.00058,0.01204,-0.00162,0.00073,-0.0001,-0.00072,-0.00047,1e-05,0.00112,-3e-05,-1e-05,-0
12.44,-0.0008,0.0007,-3e-05,-4e-05,8e-05,-0,-0.00027,-2e-05,6e-05,5e-05,-0,0,-1e-05,-0.00028,-1e-05,-1e-05,-0.00015,-0,1e-05,-6e-05,0.03414,-0.0039,0.00184,0.02191,-0.00252,0.00166,-3e-05,0.00013,-0.0004,-2e-05,0.00241,-6e-05,-1e-05,-1e-05
12.46,-0.00067,0.00035,-8e-05,-4e-05,2e-05,0,-0.00022,1e-05,5e-05,0.0001,-1e-05,0,-1e-05,-0.00025,-2e-05,-2e-05,-0.00013,-0,1e-05,-7e-05,0.04297,-0.00396,0.00384,0.03569,-0.00351,0.00284,6e-05,7e-05,-0.00028,-5e-05,0.00273,-8e-05,-0,-1e-05
12.48,-0.00052,1e-05,-0.00015,-4e-05,-5e-05,0,-0.00015,4e-05,5e-05,0.00016,-1e-05,0,-2e-05,-0.00021,-3e-05,-3e-05,-0.0001,-0,1e-05,-7e-05,0.04873,-0.00308,0.00615,0.05317,-0.00448,0.00418,0.00014,5e-05,-0.00012,-6e-05,0.00306,-0.0001,-0,-1e-05
12.5,-0.00036,-0.00027,-0.00023,-5e-05,-0.0001,0,-7e-05,6e-05,5e-05,0.00021,-1e-05,0,-2e-05,-0.00017,-3e-05,-3e-05,-8e-05,-0,1e-05,-6e-05,0.05081,-0.00111,0.00927,0.07115,-0.00529,0.00482,-0.00016,2e-05,7e-05,-6e-05,0.00336,-0.00012,0,-1e-05
12.52,-0.00018,-0.00045,-0.0003,-5e-05,-0.00014,0,1e-05,8e-05,4e-05,0.00025,-1e-05,-0,-2e-05,-0.00015,-3e-05,-2e-05,-5e-05,0,1e-05,-6e-05,0.04962,0.00144,0.01325,0.08223,-0.0058,0.00286,-0.0017,-2e-05,0.00024,-5e-05,0.00362,-0.00013,0,-0
12.54,0,-0.00055,-0.00036,-6e-05,-0.00015,0,8e-05,8e-05,4e-05,0.00026,-1e-05,-0,-1e-05,-0.00015,-2e-05,-1e-05,-4e-05,0,0,-5e-05,0.04598,0.00381,0.01426,0.08375,-0.00601,-0.00116,-0.00413,3e-05,0.00037,-4e-05,0.0038,-0.00013,0,-0
12.56,0.00019,-0.00056,-0.0004,-6e-05,-0.00016,0,0.00012,8e-05,4e-05,0.00026,-1e-05,-0,-1e-05,-0.00016,1e-05,2e-05,-2e-05,0,0,-4e-05,0.04166,0.00597,0.01146,0.07773,-0.00603,-0.00532,-0.00643,0.00016,0.00049,-2e-05,0.00385,-0.00013,-0,-0
12.58,0.0004,-0.00051,-0.00042,-7e-05,-0.00015,0,0.00014,7e-05,4e-05,0.00023,-0,-0,0,-0.00018,3e-05,4e-05,-2e-05,0,0,-3e-05,0.03747,0.00792,0.00517,0.06316,-0.00585,-0.00955,-0.00855,0.00026,0.00059,-0,0.00376,-0.00012,-0,0
12.6,0.00062,-0.00039,-0.00042,-8e-05,-0.00012,0,0.00014,5e-05,5e-05,0.00018,-0,-0,1e-05,-0.00021,7e-05,7e-05,-1e-05,0,0,-2e-05,0.03435,0.00946,-0.00128,0.04592,-0.00559,-0.01147,-0.00929,0.00037,0.00065,0,0.00354,-0.00011,-0,0
12.62,0.00081,-0.00024,-0.00041,-9e-05,-9e-05,0,0.00012,4e-05,7e-05,0.00012,-0,-0,3e-05,-0.00023,0.0001,9e-05,-1e-05,0,-0,-2e-05,0.03253,0.00984,-0.00341,0.03401,-0.00544,-0.00989,-0.00803,0.00064,0.00065,-1e-05,0.00321,-0.0001,-0,0
12.64,0.00097,-6e-05,-0.0004,-0.00011,-6e-05,0,0.0001,2e-05,8e-05,6e-05,-0,-0,4e-05,-0.00023,0.00014,0.00011,-0,0,-0,-1e-05,0.03105,0.00916,-0.00345,0.0243,-0.00528,-0.00744,-0.00621,0.00098,0.00062,-5e-05,0.00276,-8e-05,0,0
12.66,0.00113,0.00011,-0.0004,-0.00013,-3e-05,0,8e-05,1e-05,0.0001,0,-0,-0,5e-05,-0.00022,0.00016,0.00012,1e-05,0,-0,0,0.02924,0.0079,-0.0032,0.01446,-0.00504,-0.00542,-0.00459,0.00122,0.00055,-0.00012,0.00218,-7e-05,0,0
12.68,0.00127,0.00028,-0.0004,-0.00015,0,0,6e-05,0,0.00011,-5e-05,-0,-0,6e-05,-0.00019,0.00018,0.00012,2e-05,0,-0,1e-05,0.02699,0.00617,-0.00239,0.00591,-0.00477,-0.00363,-0.0031,0.00139,0.00041,-0.00024,0.00159,-5e-05,0,0
12.7,0.00138,0.00042,-0.0004,-0.00017,3e-05,0,5e-05,-0,0.00012,-9e-05,-0,-0,7e-05,-0.00014,0.00019,0.00012,4e-05,0,-0,2e-05,0.02438,0.00437,-0.0013,-0.00013,-0.00448,-0.00216,-0.00185,0.0017,0.00017,-0.00038,0.00083,-3e-05,1e-05,1e-05
12.72,0.00143,0.00051,-0.00041,-0.00019,4e-05,0,6e-05,-1e-05,0.00012,-0.00012,-0,-0,7e-05,-9e-05,0.00019,0.0001,6e-05,0,-0,3e-05,0.02161,0.00283,-0.0003,-0.00328,-0.00423,-0.00106,-0.00086,0.00212,-0.00015,-0.00049,0.0002,-2e-05,1e-05,1e-05
12.74,0.00143,0.00056,-0.00042,-0.00019,6e-05,0,8e-05,-1e-05,0.00011,-0.00013,-0,0,7e-05,-3e-05,0.00019,8e-05,8e-05,0,0,3e-05,0.0186,0.00166,0.00037,-0.00504,-0.00399,-0.00027,-0.00013,0.00248,-0.00049,-0.00057,-0.00023,-1e-05,1e-05,1e-05
12.76,0.00139,0.00055,-0.00043,-0.00019,7e-05,0,0.00011,-1e-05,9e-05,-0.00013,-0,0,7e-05,2e-05,0.00018,6e-05,0.0001,0,0,3e-05,0.01532,0.00096,0.00071,-0.00644,-0.00375,0.00025,0.00036,0.00275,-0.00086,-0.00061,-0.00069,0,1e-05,1e-05
12.78,0.00132,0.0005,-0.00043,-0.00017,7e-05,0,0.00014,-2e-05,7e-05,-0.00012,-0,0,6e-05,7e-05,0.00016,4e-05,0.00012,-0,0,3e-05,0.01201,0.00074,0.00079,-0.00742,-0.00351,0.00055,0.00067,0.00295,-0.0012,-0.0006,-0.00141,1e-05,1e-05,1e-05
12.8,0.0012,0.00041,-0.00044,-0.00015,8e-05,0,0.00018,-1e-05,5e-05,-0.0001,-1e-05,0,6e-05,0.00011,0.00014,2e-05,0.00013,-0,0,3e-05,0.00897,0.00092,0.00073,-0.00814,-0.00328,0.0007,0.00083,0.00313,-0.00146,-0.00054,-0.00252,2e-05,1e-05,1e-05
12.82,0.00106,0.0003,-0.00044,-0.00013,8e-05,0,0.00021,-1e-05,2e-05,-8e-05,-1e-05,0,5e-05,0.00014,0.00012,1e-05,0.00013,-0,0,3e-05,0.00639,0.00143,0.00063,-0.00872,-0.00307,0.00075,0.00089,0.00336,-0.00156,-0.00045,-0.00369,2e-05,1e-05,1e-05
12.84,0.00091,0.00019,-0.00042,-0.00012,8e-05,0,0.00024,-1e-05,0,-6e-05,-1e-05,0,4e-05,0.00016,9e-05,-1e-05,0.00013,-0,0,2e-05,0.00421,0.00216,0.00052,-0.00931,-0.00287,0.00072,0.00087,0.00356,-0.00148,-0.00033,-0.00459,2e-05,1e-05,1e-05
12.86,0.00076,0.0001,-0.0004,-0.0001,9e-05,0,0.00025,-1e-05,-2e-05,-3e-05,-0,0,4e-05,0.00016,7e-05,-2e-05,0.00013,-0,0,1e-05,0.0023,0.003,0.00039,-0.01001,-0.00267,0.00064,0.0008,0.00362,-0.00123,-0.00023,-0.00551,2e-05,1e-05,0
12.88,0.00061,2e-05,-0.00037,-9e-05,9e-05,0,0.00026,-1e-05,-3e-05,-2e-05,-0,0,3e-05,0.00016,5e-05,-2e-05,0.00012,-0,0,0,0.00066,0.00385,0.00027,-0.01074,-0.00248,0.00054,0.00069,0.00358,-0.00083,-0.00013,-0.00633,1e-05,0,0
12.9,0.00048,-3e-05,-0.00033,-9e-05,0.0001,0,0.00025,-0,-4e-05,-1e-05,-0,-0,2e-05,0.00016,3e-05,-2e-05,0.00011,-0,-0,-1e-05,-0.00089,0.00462,0.00017,-0.01151,-0.0023,0.00043,0.00058,0.0034,-0.00036,-2e-05,-0.00694,1e-05,-0,-0
12.92,0.00036,-4e-05,-0.00029,-9e-05,0.0001,0,0.00024,0,-4e-05,0,-0,-0,2e-05,0.00015,1e-05,-2e-05,9e-05,0,-0,-2e-05,-0.00255,0.00523,9e-05,-0.01227,-0.00211,0.00033,0.00047,0.00306,0.00012,8e-05,-0.00724,1e-05,-0,-1e-05
12.94,0.00025,-0,-0.00025,-0.0001,0.00011,0,0.00022,1e-05,-4e-05,0,0,0,1e-05,0.00013,0,-2e-05,8e-05,1e-05,-0,-4e-05,-0.00434,0.00557,1e-05,-0.01281,-0.00192,0.00024,0.00036,0.00266,0.00056,0.00019,-0.00719,0,-1e-05,-1e-05
12.96,0.00014,7e-05,-0.00022,-0.0001,0.00012,0,0.00021,2e-05,-4e-05,-1e-05,1e-05,0,0,0.00012,-0,-2e-05,7e-05,2e-05,0,-5e-05,-0.00626,0.00555,-6e-05,-0.01292,-0.00173,0.00017,0.00028,0.00226,0.00088,0.00027,-0.00681,0,-1e-05,-1e-05
12.98,2e-05,0.00019,-0.0002,-0.00011,0.00013,0,0.00019,2e-05,-4e-05,-2e-05,2e-05,0,-0,0.00011,-0,-2e-05,6e-05,4e-05,0,-7e-05,-0.00834,0.00514,-0.00013,-0.01249,-0.00154,0.00012,0.00021,0.00188,0.00103,0.00031,-0.00603,0,-1e-05,-1e-05
13,-0.0001,0.00034,-0.00018,-0.00012,0.00015,0,0.00018,2e-05,-4e-05,-5e-05,4e-05,1e-05,-1e-05,9e-05,-0,-2e-05,6e-05,8e-05,0,-7e-05,-0.01057,0.00442,-0.00019,-0.01144,-0.00134,9e-05,0.00016,0.00153,0.00106,0.00032,-0.00512,-0,-0,-1e-05
13.02,-0.00023,0.00051,-0.00017,-0.00012,0.00016,0,0.00018,3e-05,-4e-05,-8e-05,6e-05,1e-05,-1e-05,8e-05,-1e-05,-2e-05,5e-05,0.00012,1e-05,-7e-05,-0.01282,0.00347,-0.00026,-0.00976,-0.00114,7e-05,0.00013,0.00122,0.00107,0.00037,-0.00432,-0,-0,-1e-05
13.04,-0.00038,0.0007,-0.00017,-0.00011,0.00016,0,0.00017,3e-05,-4e-05,-0.00012,9e-05,2e-05,-2e-05,6e-05,-1e-05,-2e-05,4e-05,0.00017,1e-05,-6e-05,-0.01472,0.00229,-0.00032,-0.00755,-0.00093,6e-05,0.00011,0.00095,0.00106,0.00045,-0.00343,-0,-0,-0
13.06,-0.00055,0.0009,-0.00018,-0.0001,0.00017,0,0.00016,3e-05,-5e-05,-0.00017,0.00011,2e-05,-2e-05,3e-05,-1e-05,-2e-05,3e-05,0.00023,1e-05,-4e-05,-0.01585,0.00098,-0.00036,-0.00506,-0.00072,5e-05,0.0001,0.00073,0.00105,0.00056,-0.00242,-0,-0,-0
13.08,-0.00072,0.0011,-0.00018,-8e-05,0.00017,0,0.00015,2e-05,-6e-05,-0.00022,0.00013,3e-05,-3e-05,-0,-2e-05,-2e-05,3e-05,0.00027,1e-05,-2e-05,-0.0159,-0.00028,-0.00036,-0.00259,-0.00052,5e-05,9e-05,1e-05,0.00081,0.00059,-0.00177,1e-05,0,0
13.1,-0.00089,0.0013,-0.00019,-6e-05,0.00018,0,0.00013,2e-05,-6e-05,-0.00025,0.00014,3e-05,-4e-05,-4e-05,-2e-05,-3e-05,2e-05,0.0003,2e-05,-1e-05,-0.01473,-0.00129,-0.00035,-0.00051,-0.00033,5e-05,8e-05,-0.00104,0.00025,0.00045,-0.00139,5e-05,-1e-05,-1e-05
13.12,-0.00107,0.00149,-0.00018,-3e-05,0.00017,0,0.00011,1e-05,-7e-05,-0.00027,0.00015,4e-05,-4e-05,-9e-05,-2e-05,-3e-05,2e-05,0.00034,3e-05,-0,-0.01242,-0.00202,-0.00033,0.00088,-0.00018,4e-05,7e-05,-0.00101,-0.00038,0.00019,-0.00039,0.0001,-2e-05,-2e-05
13.14,-0.00123,0.00164,-0.00016,0,0.00017,0,9e-05,0,-8e-05,-0.00026,0.00013,4e-05,-4e-05,-0.00015,-0,-3e-05,4e-05,0.00031,4e-05,-0,-0.00928,-0.00235,-0.00028,0.00149,-7e-05,3e-05,6e-05,0.00089,-0.00097,-0.00022,0.0012,0.00014,-5e-05,-4e-05
13.16,-0.00136,0.00175,-0.00014,3e-05,0.00015,0,6e-05,-2e-05,-8e-05,-0.00023,7e-05,2e-05,-5e-05,-0.00021,2e-05,-4e-05,6e-05,0.0002,3e-05,-1e-05,-0.00577,-0.0022,-0.00021,0.00142,-1e-05,2e-05,4e-05,0.0052,-0.0014,-0.00066,0.00309,0.00014,-8e-05,-7e-05
13.18,-0.00143,0.00177,-0.0001,7e-05,0.00014,0,3e-05,-5e-05,-9e-05,-0.00017,1e-05,0,-5e-05,-0.00027,5e-05,-3e-05,9e-05,6e-05,1e-05,-2e-05,-0.00239,-0.00162,-0.00013,0.00091,1e-05,1e-05,2e-05,0.01231,-0.00146,-0.00094,0.0049,6e-05,-0.00011,-0.0001
13.2,-0.00144,0.00168,-7e-05,0.0001,0.00012,0,1e-05,-9e-05,-9e-05,-0.0001,-5e-05,-2e-05,-5e-05,-0.00032,8e-05,-3e-05,0.00013,-8e-05,-2e-05,-5e-05,0.00047,-0.00072,-5e-05,0.00025,1e-05,0,1e-05,0.02187,-0.00086,-0.00072,0.00616,-0.00012,-0.00014,-0.00012
13.22,-0.00144,0.00147,-3e-05,0.00013,0.0001,0,-0,-0.00014,-9e-05,-3e-05,-6e-05,-3e-05,-5e-05,-0.00034,0.00012,-2e-05,0.00018,-0.00012,-3e-05,-6e-05,0.00251,0.00039,4e-05,-0.00025,-3e-05,-0,0,0.03215,0.0006,7e-05,0.0065,-0.00041,-0.00016,-0.00013
13.24,-0.00139,0.00114,-0,0.00015,8e-05,0,-0,-0.00018,-9e-05,4e-05,-2e-05,-1e-05,-6e-05,-0.00033,0.00014,-2e-05,0.00023,-5e-05,-3e-05,-6e-05,0.00295,0.00117,0.0001,-0.00028,-6e-05,-0,-0,0.04141,0.00295,0.00104,0.00579,-0.00076,-0.00018,-0.00013
13.26,-0.00129,0.00073,2e-05,0.00018,5e-05,0,2e-05,-0.00021,-9e-05,0.00011,3e-05,1e-05,-6e-05,-0.00029,0.00015,-1e-05,0.00028,5e-05,-1e-05,-6e-05,0.00237,0.00152,0.00012,-3e-05,-7e-05,-0,-0,0.04884,0.00613,0.00192,0.00437,-0.00115,-0.0002,-0.00014
13.28,-0.00117,0.00029,3e-05,0.0002,3e-05,0,4e-05,-0.00023,-8e-05,0.00015,8e-05,4e-05,-6e-05,-0.00022,0.00016,-0,0.00032,0.00015,0,-5e-05,0.00171,0.00188,0.00016,0.00028,-9e-05,-0,0,0.05334,0.00995,0.00249,0.00254,-0.00149,-0.00023,-0.00016
13.3,-0.00101,-0.00012,2e-05,0.0002,-0,-0,7e-05,-0.00023,-7e-05,0.00018,0.0001,5e-05,-6e-05,-0.00014,0.00014,0,0.00036,0.0002,2e-05,-3e-05,0.00101,0.00221,0.00023,0.00059,-0.0001,-0,0,0.05497,0.01393,0.00259,0.00084,-0.00176,-0.00027,-0.0002
13.32,-0.0008,-0.00046,-1e-05,0.0002,-3e-05,-0,0.0001,-0.00021,-6e-05,0.0002,8e-05,4e-05,-6e-05,-6e-05,0.00012,1e-05,0.00037,0.00016,1e-05,-2e-05,0.00033,0.00248,0.00031,0.0009,-0.00011,0,0,0.05449,0.01721,0.00216,-0.00034,-0.00193,-0.00032,-0.00024
13.34,-0.00057,-0.00071,-4e-05,0.00019,-5e-05,-0,0.00012,-0.00018,-5e-05,0.00019,4e-05,3e-05,-5e-05,1e-05,0.0001,2e-05,0.00036,0.0001,1e-05,-0,-0.0002,0.00265,0.00037,0.00116,-0.00012,0,1e-05,0.05196,0.0195,0.00145,-0.00102,-0.00198,-0.00036,-0.00029
13.36,-0.00034,-0.00088,-8e-05,0.00017,-7e-05,-0,0.00012,-0.00014,-3e-05,0.00017,2e-05,2e-05,-4e-05,6e-05,7e-05,2e-05,0.00033,6e-05,0,1e-05,-0.00056,0.00269,0.00038,0.00133,-0.00012,0,1e-05,0.0476,0.0209,0.00073,-0.00127,-0.00191,-0.00039,-0.00033
13.38,-8e-05,-0.00097,-0.00013,0.00013,-8e-05,-0,0.0001,-8e-05,-2e-05,0.00015,1e-05,2e-05,-3e-05,9e-05,4e-05,3e-05,0.00027,3e-05,-0,3e-05,-0.0008,0.00259,0.00032,0.00138,-0.00012,0,1e-05,0.04177,0.02123,0.00014,-0.00111,-0.00174,-0.0004,-0.00036
13.4,0.0002,-0.00099,-0.00018,0.0001,-9e-05,-0,8e-05,-3e-05,-1e-05,0.00012,-0,1e-05,-3e-05,0.0001,2e-05,4e-05,0.0002,1e-05,-0,4e-05,-0.00087,0.00232,0.00019,0.00133,-0.00012,0,0,0.03552,0.02047,-0.00022,-0.00061,-0.00151,-0.0004,-0.00039
13.42,0.00048,-0.00094,-0.00023,5e-05,-9e-05,-0,6e-05,1e-05,0,9e-05,-0,0,-2e-05,9e-05,1e-05,4e-05,0.00011,0,-0,6e-05,-0.00063,0.00187,3e-05,0.00123,-0.00011,0,0,0.02991,0.01867,-0.0003,0.00014,-0.00125,-0.00039,-0.0004
13.44,0.00074,-0.00084,-0.00028,1e-05,-9e-05,-0,4e-05,5e-05,0,7e-05,-0,0,-1e-05,9e-05,0,5e-05,3e-05,-0,-0,7e-05,-0.00014,0.00134,-0.00014,0.00104,-0.0001,0,0,0.02457,0.01608,-0.00015,0.00105,-0.00099,-0.00037,-0.00039
13.46,0.00098,-0.00072,-0.00033,-3e-05,-9e-05,-0,3e-05,8e-05,-0,5e-05,-0,-0,-0,8e-05,-0,5e-05,-5e-05,-0,-0,7e-05,0.00039,0.00076,-0.00032,0.00077,-8e-05,0,0,0.01908,0.01306,0.0002,0.00207,-0.00076,-0.00033,-0.00037
13.48,0.00119,-0.00058,-0.00037,-7e-05,-9e-05,-0,3e-05,0.0001,-1e-05,5e-05,-0,-0,0,7e-05,0,5e-05,-0.00013,-0,-0,6e-05,0.00092,0.00012,-0.00052,0.00054,-6e-05,0,0,0.01373,0.00979,0.00062,0.00317,-0.00057,-0.00028,-0.00034
13.5,0.00135,-0.00046,-0.00042,-0.00011,-0.0001,-0,4e-05,0.00011,-2e-05,5e-05,0,-0,1e-05,6e-05,0,5e-05,-0.0002,-0,-0,4e-05,0.00142,-0.00061,-0.00075,0.00034,-4e-05,-0,0,0.00901,0.00678,0.00099,0.00428,-0.00044,-0.00023,-0.0003
13.52,0.00144,-0.00036,-0.00045,-0.00014,-0.0001,-0,5e-05,0.00011,-3e-05,6e-05,0,-1e-05,1e-05,6e-05,1e-05,5e-05,-0.00025,-0,-0,3e-05,0.0019,-0.00138,-0.00095,0.00016,-2e-05,-0,-0,0.00527,0.00444,0.00115,0.00528,-0.00038,-0.00018,-0.00025
13.54,0.00146,-0.00031,-0.00048,-0.00017,-0.0001,-0,6e-05,0.00012,-3e-05,7e-05,0,-1e-05,1e-05,6e-05,1e-05,5e-05,-0.00029,-0,0,3e-05,0.00228,-0.00215,-0.00112,7e-05,0,-0,-0,0.00217,0.00255,0.00108,0.00615,-0.00038,-0.00014,-0.0002
13.56,0.00143,-0.00032,-0.00051,-0.00018,-0.0001,-0,6e-05,0.00013,-4e-05,8e-05,0,-1e-05,2e-05,7e-05,1e-05,5e-05,-0.00031,-0,0,3e-05,0.00249,-0.00294,-0.00128,1e-05,2e-05,-0,-0,-0.00058,0.00095,0.00079,0.00692,-0.00045,-0.0001,-0.00015
13.58,0.00136,-0.00038,-0.00052,-0.00019,-0.0001,-0,6e-05,0.00014,-4e-05,9e-05,0,-1e-05,2e-05,7e-05,1e-05,5e-05,-0.00033,-0,0,5e-05,0.00257,-0.00373,-0.00141,-0.00014,3e-05,-0,0,-0.00292,-0.00035,0.00023,0.00755,-0.00057,-7e-05,-0.0001
13.6,0.00125,-0.00047,-0.00053,-0.0002,-0.0001,-0,6e-05,0.00015,-4e-05,0.0001,0,-1e-05,2e-05,6e-05,0,4e-05,-0.00034,0,0,6e-05,0.00254,-0.00443,-0.00147,-0.00046,4e-05,-0,0,-0.00479,-0.00129,-0.00054,0.00803,-0.00073,-5e-05,-5e-05
13.62,0.00109,-0.00057,-0.00053,-0.0002,-0.0001,-0,5e-05,0.00016,-3e-05,0.0001,0,-1e-05,2e-05,4e-05,-0,4e-05,-0.00034,0,0,9e-05,0.00242,-0.00494,-0.00142,-0.00087,5e-05,0,0,-0.00617,-0.00183,-0.00143,0.00835,-0.00091,-2e-05,-1e-05
13.64,0.00091,-0.00065,-0.00052,-0.0002,-0.0001,-0,3e-05,0.00017,-3e-05,0.0001,0,-1e-05,2e-05,2e-05,-1e-05,4e-05,-0.00035,1e-05,1e-05,0.00013,0.00219,-0.00529,-0.00131,-0.00135,4e-05,1e-05,0,-0.00727,-0.00219,-0.00231,0.00853,-0.0011,-1e-05,3e-05
13.66,0.00073,-0.0007,-0.0005,-0.00019,-0.0001,-0,1e-05,0.00017,-2e-05,9e-05,0,-0,2e-05,-2e-05,-1e-05,4e-05,-0.00035,2e-05,1e-05,0.00015,0.00194,-0.00538,-0.00114,-0.00171,3e-05,1e-05,0,-0.00828,-0.00254,-0.00313,0.00865,-0.00128,1e-05,6e-05
13.68,0.00057,-0.00071,-0.00048,-0.00019,-9e-05,-0,-2e-05,0.00017,-2e-05,8e-05,-0,-0,2e-05,-7e-05,-1e-05,4e-05,-0.00035,4e-05,1e-05,0.00017,0.00187,-0.00471,-0.00084,-0.00112,1e-05,1e-05,0,-0.00925,-0.00287,-0.00381,0.00873,-0.00146,2e-05,9e-05
13.7,0.00043,-0.00066,-0.00045,-0.00019,-8e-05,-0,-4e-05,0.00016,-1e-05,7e-05,-0,-0,2e-05,-0.00012,-2e-05,5e-05,-0.00034,6e-05,1e-05,0.00016,0.00143,-0.00374,-0.00058,-0.00041,-2e-05,1e-05,-0,-0.01034,-0.00313,-0.00427,0.00886,-0.00161,4e-05,0.00011
13.72,0.00031,-0.00054,-0.00042,-0.00019,-7e-05,-0,-7e-05,0.00015,-0,5e-05,-0,-0,2e-05,-0.00016,-2e-05,5e-05,-0.00033,0.0001,2e-05,0.00014,0.00039,-0.0026,-0.00039,0.00011,-6e-05,-1e-05,-0,-0.01172,-0.00325,-0.00445,0.00913,-0.00175,6e-05,0.00013
13.74,0.00022,-0.00035,-0.00039,-0.0002,-4e-05,-0,-9e-05,0.00015,0,4e-05,-0,-0,2e-05,-0.00018,-3e-05,5e-05,-0.00032,0.00016,2e-05,0.0001,-0.00152,-0.00144,-0.00027,0.00014,-0.00012,-4e-05,-0,-0.01342,-0.00323,-0.00435,0.00956,-0.00186,8e-05,0.00015
13.76,0.00014,-0.0001,-0.00036,-0.00021,-2e-05,-0,-0.0001,0.00014,1e-05,3e-05,0,-0,2e-05,-0.00018,-3e-05,4e-05,-0.0003,0.00022,3e-05,7e-05,-0.00446,-0.00041,-0.0002,-0.00048,-0.0002,-8e-05,0,-0.01543,-0.0031,-0.004,0.01012,-0.00194,0.00011,0.00016
13.78,9e-05,0.00021,-0.00034,-0.00022,2e-05,-0,-0.00012,0.00013,2e-05,3e-05,0,-0,1e-05,-0.00017,-3e-05,4e-05,-0.00028,0.00028,4e-05,3e-05,-0.0085,0.00034,-0.00017,-0.00179,-0.00032,-0.00014,1e-05,-0.01773,-0.00285,-0.00345,0.01075,-0.00201,0.00015,0.00017
13.8,5e-05,0.00057,-0.00032,-0.00024,6e-05,-0,-0.00012,0.00012,2e-05,3e-05,0,-0,0,-0.00013,-2e-05,3e-05,-0.00025,0.00033,4e-05,-0,-0.01286,0.00074,-0.00013,-0.00303,-0.00047,-0.00021,2e-05,-0.02044,-0.00245,-0.00274,0.0114,-0.00204,0.0002,0.00018
13.82,3e-05,0.00095,-0.0003,-0.00025,0.00011,-0,-0.00013,0.0001,2e-05,2e-05,1e-05,-0,-0,-8e-05,-2e-05,2e-05,-0.00022,0.00039,5e-05,-3e-05,-0.01606,0.00087,-5e-05,-0.00324,-0.00061,-0.00027,4e-05,-0.02371,-0.00193,-0.00196,0.01198,-0.00204,0.00024,0.00018
13.84,1e-05,0.00133,-0.00029,-0.00027,0.00016,-0,-0.00013,8e-05,2e-05,2e-05,1e-05,-0,-1e-05,-1e-05,-2e-05,1e-05,-0.00019,0.0004,6e-05,-5e-05,-0.01759,0.00079,5e-05,-0.00266,-0.00071,-0.0003,5e-05,-0.02729,-0.00139,-0.00123,0.01235,-0.002,0.00029,0.00018
13.86,0,0.00172,-0.00027,-0.00029,0.00021,-0,-0.00014,6e-05,2e-05,1e-05,2e-05,-0,-2e-05,6e-05,-2e-05,-1e-05,-0.00017,0.00034,5e-05,-6e-05,-0.01724,0.00055,0.0002,-0.00158,-0.00075,-0.0003,5e-05,-0.0309,-0.00092,-0.00065,0.01233,-0.00191,0.00033,0.00018
13.88,-0,0.00209,-0.00024,-0.00031,0.00026,-0,-0.00014,3e-05,2e-05,-0,3e-05,-0,-3e-05,0.00013,-2e-05,-2e-05,-0.00015,0.00025,4e-05,-7e-05,-0.01454,0.00026,0.00038,5e-05,-0.00072,-0.00025,5e-05,-0.03426,-0.00057,-0.00022,0.01171,-0.00177,0.00036,0.00017
13.9,-0,0.00242,-0.00021,-0.00033,0.00031,-0,-0.00015,1e-05,2e-05,-3e-05,5e-05,-0,-4e-05,0.00021,-2e-05,-4e-05,-0.00013,0.00013,2e-05,-7e-05,-0.00884,-1e-05,0.00055,0.00208,-0.00062,-0.00017,4e-05,-0.03721,-0.00026,7e-05,0.01031,-0.00158,0.00038,0.00017
13.92,-0,0.00265,-0.00017,-0.00034,0.00034,-0,-0.00017,-2e-05,1e-05,-7e-05,7e-05,-0,-4e-05,0.00028,-2e-05,-7e-05,-0.00012,1e-05,-0,-7e-05,-0.00078,-0.00027,0.00058,0.00374,-0.00049,-8e-05,2e-05,-0.03952,-4e-05,0.00024,0.00792,-0.00132,0.0004,0.00016
13.94,-0,0.00276,-0.00013,-0.00035,0.00034,-0,-0.00019,-5e-05,1e-05,-0.00012,9e-05,0,-3e-05,0.00035,-2e-05,-9e-05,-0.00012,-3e-05,-1e-05,-6e-05,0.00787,-0.00051,0.00048,0.00461,-0.00037,-0,0,-0.04031,3e-05,0.0003,0.00436,-0.00102,0.00041,0.00015
13.96,0,0.00272,-8e-05,-0.00036,0.00033,-0,-0.00023,-7e-05,1e-05,-0.00018,0.00012,0,-2e-05,0.0004,-3e-05,-0.00012,-0.00013,-4e-05,-2e-05,-6e-05,0.01654,-0.00073,0.00032,0.00494,-0.00031,5e-05,-2e-05,-0.03888,-1e-05,0.00029,-0.00035,-0.00068,0.0004,0.00013
13.98,1e-05,0.0025,-4e-05,-0.00036,0.00028,-0,-0.00026,-8e-05,1e-05,-0.00024,0.00014,1e-05,-1e-05,0.00044,-3e-05,-0.00014,-0.00013,-2e-05,-2e-05,-6e-05,0.02494,-0.00092,0.00012,0.0047,-0.00031,6e-05,-4e-05,-0.03517,-0.0001,0.00025,-0.00593,-0.00034,0.00039,0.00012
14,1e-05,0.00213,-0,-0.00036,0.00023,-0,-0.00028,-9e-05,1e-05,-0.00029,0.00016,1e-05,0,0.00047,-4e-05,-0.00017,-0.00014,0,-1e-05,-5e-05,0.03233,-0.0011,-2e-05,0.00374,-0.00039,6e-05,-7e-05,-0.02924,-0.00025,0.0002,-0.01179,-1e-05,0.00037,0.0001
14.02,1e-05,0.00168,1e-05,-0.00035,0.00016,-0,-0.00027,-8e-05,1e-05,-0.00032,0.00017,2e-05,1e-05,0.00048,-5e-05,-0.00018,-0.00013,-0,-1e-05,-5e-05,0.0375,-0.00131,-6e-05,0.00198,-0.00053,3e-05,-9e-05,-0.02172,-0.0005,0.00015,-0.01714,0.00025,0.00034,9e-05
14.04,1e-05,0.00115,1e-05,-0.00035,0.0001,-0,-0.00023,-8e-05,0,-0.0003,0.00016,3e-05,2e-05,0.00047,-5e-05,-0.00017,-0.00012,-1e-05,-1e-05,-6e-05,0.04014,-0.00167,-1e-05,-0.00013,-0.00069,-0,-0.0001,-0.01373,-0.00069,0.00012,-0.02101,0.00042,0.0003,8e-05
14.06,1e-05,0.0006,-3e-05,-0.00034,4e-05,-0,-0.00016,-7e-05,-1e-05,-0.00025,0.00012,3e-05,1e-05,0.00046,-5e-05,-0.00016,-9e-05,-1e-05,-1e-05,-6e-05,0.04074,-0.0023,0.00012,-0.00197,-0.00088,-4e-05,-0.00012,-0.00649,-0.00068,9e-05,-0.02257,0.00049,0.00025,6e-05
14.08,2e-05,0.00011,-9e-05,-0.00033,-3e-05,0,-5e-05,-6e-05,-3e-05,-0.00016,6e-05,2e-05,-0,0.00043,-5e-05,-0.00014,-5e-05,-2e-05,-2e-05,-7e-05,0.03893,-0.0032,0.0003,-0.0033,-0.00104,-8e-05,-0.00013,-0.00108,-0.0005,7e-05,-0.02132,0.00047,0.0002,5e-05
14.1,4e-05,-0.00025,-0.00018,-0.00033,-0.0001,0,7e-05,-5e-05,-4e-05,-6e-05,0,1e-05,-2e-05,0.00039,-4e-05,-0.00012,-1e-05,-2e-05,-2e-05,-7e-05,0.03513,-0.00427,0.00044,-0.00367,-0.00118,-0.00012,-0.00015,0.00186,-0.00021,5e-05,-0.01783,0.00038,0.00014,3e-05
14.12,7e-05,-0.00049,-0.00028,-0.00033,-0.00015,0,0.00019,-4e-05,-6e-05,6e-05,-3e-05,-1e-05,-4e-05,0.00035,-4e-05,-0.0001,3e-05,-0,-1e-05,-7e-05,0.03022,-0.00527,0.00046,-0.00291,-0.00127,-0.00015,-0.00016,0.00252,0.00012,4e-05,-0.01277,0.00025,9e-05,2e-05
14.14,0.00011,-0.00056,-0.00039,-0.00034,-0.00018,0,0.0003,-3e-05,-7e-05,0.00017,-3e-05,-2e-05,-5e-05,0.00031,-3e-05,-8e-05,7e-05,2e-05,-1e-05,-6e-05,0.02434,-0.00603,0.0004,-0.00132,-0.00131,-0.00018,-0.00018,0.00152,0.00045,2e-05,-0.00655,0.00012,4e-05,1e-05
14.16,0.00016,-0.00051,-0.00051,-0.00036,-0.00021,0,0.00038,-3e-05,-7e-05,0.00026,-1e-05,-1e-05,-5e-05,0.00027,-3e-05,-7e-05,0.0001,3e-05,-0,-4e-05,0.01773,-0.00644,0.00032,0.00092,-0.00128,-0.0002,-0.00019,-0.00051,0.0007,-1e-05,-0.00034,1e-05,1e-05,0
14.18,0.00023,-0.00039,-0.00061,-0.00039,-0.00022,0,0.00042,-3e-05,-7e-05,0.00034,2e-05,-1e-05,-5e-05,0.00024,-4e-05,-6e-05,0.00012,4e-05,0,-3e-05,0.01072,-0.00644,0.00021,0.00374,-0.00119,-0.00021,-0.0002,-0.00292,0.00088,-3e-05,0.00485,-6e-05,-0,-0
14.2,0.00029,-0.00025,-0.0007,-0.00042,-0.00023,0,0.00044,-3e-05,-6e-05,0.00038,4e-05,-0,-4e-05,0.00022,-6e-05,-6e-05,0.00014,4e-05,1e-05,-1e-05,0.00439,-0.00608,0.00011,0.00703,-0.00106,-0.00022,-0.00021,-0.00345,0.00093,-4e-05,0.00478,-0.0001,-1e-05,-0
14.22,0.0003,-0.00014,-0.00075,-0.00045,-0.00022,0,0.00044,-3e-05,-5e-05,0.0004,4e-05,0,-4e-05,0.00021,-8e-05,-6e-05,0.00015,2e-05,1e-05,0,-0.00025,-0.00548,4e-05,0.01054,-0.00091,-0.00022,-0.00021,-0.0035,0.00087,-6e-05,0.004,-0.00012,-0,0
14.24,0.0003,-0.0001,-0.00077,-0.00048,-0.0002,0,0.00042,-3e-05,-5e-05,0.0004,3e-05,0,-2e-05,0.00022,-0.00011,-6e-05,0.00015,1e-05,1e-05,2e-05,-0.004,-0.00468,-0,0.01421,-0.00073,-0.00021,-0.00021,-0.0034,0.00079,-8e-05,0.00319,-0.00012,0,0
14.26,0.00029,-0.00014,-0.00075,-0.0005,-0.00018,0,0.0004,-2e-05,-5e-05,0.00037,2e-05,1e-05,-1e-05,0.00023,-0.00013,-6e-05,0.00014,-0,0,3e-05,-0.00759,-0.00372,0,0.01813,-0.00055,-0.00019,-0.0002,-0.00323,0.00074,-0.00011,0.0024,-0.00011,0,1e-05
14.28,0.00027,-0.00029,-0.00069,-0.0005,-0.00015,0,0.00038,-2e-05,-6e-05,0.00031,2e-05,1e-05,1e-05,0.00025,-0.00015,-7e-05,0.00012,-1e-05,0,4e-05,-0.01092,-0.00268,5e-05,0.02228,-0.00036,-0.00016,-0.00018,-0.00293,0.00072,-0.00015,0.00163,-9e-05,1e-05,1e-05
14.3,0.00025,-0.00052,-0.0006,-0.0005,-0.00012,0,0.00035,-2e-05,-7e-05,0.00025,1e-05,1e-05,3e-05,0.00027,-0.00017,-7e-05,0.0001,-1e-05,0,5e-05,-0.0138,-0.00164,0.00014,0.02622,-0.00018,-0.00013,-0.00015,-0.00255,0.00073,-0.00017,0.00076,-7e-05,1e-05,1e-05
14.32,0.00021,-0.00084,-0.0005,-0.00048,-9e-05,0,0.00032,-2e-05,-7e-05,0.00016,0,0,6e-05,0.00029,-0.00017,-7e-05,7e-05,-0,0,6e-05,-0.01611,-0.00064,0.00025,0.02926,-1e-05,-9e-05,-0.00012,-0.00219,0.00076,-0.00014,-0.00016,-5e-05,1e-05,1e-05
14.34,0.00018,-0.0012,-0.00039,-0.00045,-6e-05,0,0.00027,-1e-05,-8e-05,7e-05,-0,0,9e-05,0.00029,-0.00018,-7e-05,4e-05,1e-05,-0,6e-05,-0.01803,0.00039,0.00038,0.03154,0.00016,-6e-05,-9e-05,-0.00186,0.00079,-6e-05,-0.00104,-3e-05,1e-05,1e-05
14.36,0.00013,-0.0016,-0.00029,-0.00042,-4e-05,0,0.00022,-1e-05,-8e-05,-2e-05,-0,0,0.00012,0.00028,-0.00017,-6e-05,1e-05,2e-05,-0,6e-05,-0.01974,0.00142,0.00052,0.03337,0.0003,-1e-05,-4e-05,-0.00158,0.00078,7e-05,-0.00193,-2e-05,1e-05,1e-05
14.38,9e-05,-0.00201,-0.0002,-0.00037,-2e-05,0,0.00015,-1e-05,-7e-05,-0.00011,-0,-0,0.00016,0.00026,-0.00016,-6e-05,-3e-05,5e-05,-0,7e-05,-0.02119,0.00239,0.00068,0.0346,0.00042,4e-05,1e-05,-0.00136,0.00074,0.00022,-0.00287,-0,1e-05,0
14.4,4e-05,-0.00237,-0.00012,-0.00033,-1e-05,0,7e-05,-1e-05,-6e-05,-0.0002,-0,0,0.00019,0.00022,-0.00014,-5e-05,-6e-05,9e-05,0,7e-05,-0.02215,0.00325,0.00083,0.0352,0.0005,9e-05,7e-05,-0.00121,0.00066,0.00037,-0.00379,0,1e-05,0
14.42,-1e-05,-0.00265,-5e-05,-0.00029,0,0,0,-1e-05,-5e-05,-0.00028,0,0,0.00022,0.00018,-0.00012,-5e-05,-8e-05,0.00014,0,7e-05,-0.02242,0.00396,0.00096,0.03521,0.00053,0.00016,0.00014,-0.00116,0.00054,0.00048,-0.0046,1e-05,1e-05,0
14.44,-5e-05,-0.00282,-0,-0.00026,1e-05,0,-6e-05,-0,-4e-05,-0.00034,0,0,0.00025,0.00015,-0.0001,-4e-05,-0.0001,0.00022,1e-05,7e-05,-0.02231,0.00443,0.00104,0.03468,0.00049,0.00023,0.00022,-0.001,0.00038,0.0005,-0.00441,1e-05,1e-05,0
14.46,-9e-05,-0.0029,4e-05,-0.00023,2e-05,0,-0.00011,-0,-4e-05,-0.00039,0,1e-05,0.00027,0.00012,-8e-05,-4e-05,-0.00011,0.0003,2e-05,6e-05,-0.02206,0.0046,0.00106,0.03374,0.00035,0.0003,0.0003,-0.00053,0.00016,0.00027,-0.00239,-1e-05,1e-05,0
14.48,-0.00011,-0.00288,7e-05,-0.00022,2e-05,0,-0.00015,-0,-3e-05,-0.00042,0,1e-05,0.00027,0.0001,-5e-05,-4e-05,-0.00011,0.00039,3e-05,6e-05,-0.02159,0.00444,0.00102,0.03246,0.00011,0.00037,0.00037,-0.00039,-5e-05,-0.0001,-0.00033,-6e-05,0,0
14.5,-0.00013,-0.00278,8e-05,-0.00022,3e-05,0,-0.00017,0,-3e-05,-0.00042,0,1e-05,0.00026,9e-05,-3e-05,-3e-05,-0.0001,0.00047,4e-05,5e-05,-0.02092,0.00409,0.0009,0.03087,-0.00027,0.00042,0.00041,-0.00076,-0.00021,-0.00058,0.00133,-0.00013,-1e-05,0
14.52,-0.00013,-0.00259,9e-05,-0.00023,4e-05,0,-0.00017,0,-2e-05,-0.0004,0,2e-05,0.00024,9e-05,-1e-05,-3e-05,-9e-05,0.00057,6e-05,3e-05,-0.02012,0.00366,0.0007,0.02906,-0.0008,0.00043,0.0004,-0.00166,-0.0003,-0.00113,0.00256,-0.00025,-2e-05,1e-05
14.54,-0.00012,-0.00234,9e-05,-0.00024,4e-05,0,-0.00016,0,-3e-05,-0.00035,0,2e-05,0.0002,9e-05,1e-05,-2e-05,-7e-05,0.00063,7e-05,2e-05,-0.01917,0.00308,0.00049,0.02717,-0.0015,0.00036,0.00033,-0.00327,-0.00032,-0.00176,0.00322,-0.00041,-3e-05,2e-05
14.56,-0.00011,-0.00203,8e-05,-0.00026,5e-05,0,-0.00014,0,-3e-05,-0.00028,0,2e-05,0.00014,0.0001,4e-05,-2e-05,-4e-05,0.00059,8e-05,1e-05,-0.01813,0.00235,0.00032,0.02533,-0.00237,0.00016,0.00019,-0.00578,-0.00027,-0.00236,0.00307,-0.0006,-3e-05,4e-05
14.58,-9e-05,-0.00166,7e-05,-0.00029,7e-05,0,-0.00011,-0,-3e-05,-0.0002,0,2e-05,7e-05,0.00012,6e-05,-2e-05,-2e-05,0.0005,7e-05,-1e-05,-0.01716,0.00152,0.0002,0.02372,-0.00342,-0.00023,-4e-05,-0.00912,-0.00018,-0.00286,0.00228,-0.0008,-4e-05,7e-05
14.6,-6e-05,-0.00124,5e-05,-0.00031,8e-05,0,-7e-05,-0,-4e-05,-0.00011,0,1e-05,0,0.00014,8e-05,-1e-05,1e-05,0.00034,5e-05,-1e-05,-0.01629,0.00065,0.00012,0.0224,-0.00463,-0.00087,-0.00035,-0.01236,-8e-05,-0.00316,0.00142,-0.00098,-3e-05,9e-05
14.62,-4e-05,-0.00076,3e-05,-0.00034,0.0001,0,-2e-05,-0,-4e-05,-3e-05,0,1e-05,-6e-05,0.00016,0.0001,-1e-05,4e-05,0.00016,3e-05,-2e-05,-0.01557,-0.00023,5e-05,0.02147,-0.00593,-0.00182,-0.00075,-0.01413,-2e-05,-0.00321,0.00089,-0.00111,-3e-05,0.0001
14.64,-2e-05,-0.00025,0,-0.00037,0.00013,0,2e-05,-0,-4e-05,3e-05,0,0,-9e-05,0.00019,0.00011,-1e-05,6e-05,3e-05,1e-05,-3e-05,-0.0151,-0.00115,-0,0.02088,-0.00723,-0.00309,-0.00124,-0.01439,-1e-05,-0.00299,0.00048,-0.00116,-2e-05,0.00011
14.66,-0,0.00028,-2e-05,-0.00039,0.00016,0,6e-05,-1e-05,-4e-05,8e-05,0,0,-0.00011,0.0002,0.00012,-0,8e-05,-3e-05,-1e-05,-3e-05,-0.01491,-0.0021,-4e-05,0.02057,-0.00837,-0.00466,-0.00184,-0.01345,-3e-05,-0.00256,0.00014,-0.00115,-1e-05,0.0001
14.68,0,0.00082,-4e-05,-0.0004,0.0002,0,9e-05,-1e-05,-4e-05,9e-05,0,-0,-0.00011,0.00022,0.00012,-0,0.0001,-5e-05,-1e-05,-3e-05,-0.01493,-0.00308,-9e-05,0.02063,-0.00905,-0.00641,-0.00252,-0.01129,-2e-05,-0.00201,-5e-05,-0.00107,-0,8e-05
14.7,-1e-05,0.00135,-6e-05,-0.0004,0.00024,0,0.00011,-1e-05,-4e-05,9e-05,0,-0,-0.0001,0.00022,0.00013,0,0.00012,-4e-05,-1e-05,-3e-05,-0.01468,-0.00415,-7e-05,0.02011,-0.00912,-0.00833,-0.00329,-0.00775,0.00011,-0.00139,-0.00011,-0.00093,0,5e-05
14.72,-2e-05,0.00182,-8e-05,-0.00038,0.00027,0,0.00013,-1e-05,-3e-05,8e-05,0,-1e-05,-9e-05,0.00021,0.00012,1e-05,0.00013,-3e-05,-1e-05,-4e-05,-0.01362,-0.00541,0.00025,0.0178,-0.00847,-0.01045,-0.00414,-0.00346,0.00042,-0.00079,-0.0001,-0.00073,-0,1e-05
14.74,-5e-05,0.00218,-8e-05,-0.00034,0.00031,0,0.00014,-2e-05,-3e-05,6e-05,0,-1e-05,-9e-05,0.00018,0.00012,1e-05,0.00015,-0,-1e-05,-5e-05,-0.01193,-0.00679,0.0009,0.01473,-0.00663,-0.01247,-0.005,0.00027,0.00097,-0.00034,2e-05,-0.0005,-1e-05,-3e-05
14.76,-8e-05,0.00242,-8e-05,-0.00028,0.00033,0,0.00015,-3e-05,-3e-05,3e-05,0,-1e-05,-8e-05,0.00015,0.00012,2e-05,0.00017,4e-05,-0,-5e-05,-0.00974,-0.00814,0.00176,0.01175,-0.00354,-0.01394,-0.00573,0.00304,0.00176,-6e-05,0.00032,-0.00026,-3e-05,-8e-05
14.78,-0.00012,0.00251,-7e-05,-0.00021,0.00035,0,0.00016,-4e-05,-2e-05,1e-05,0,-1e-05,-7e-05,0.0001,0.00011,2e-05,0.00019,0.0001,0,-6e-05,-0.00697,-0.00925,0.00277,0.00845,0.00029,-0.01421,-0.00592,0.0048,0.00274,9e-05,0.00082,-3e-05,-5e-05,-0.00013
14.8,-0.00017,0.00239,-6e-05,-0.00013,0.00034,0,0.00016,-6e-05,-2e-05,-1e-05,0,-0,-7e-05,4e-05,0.0001,3e-05,0.0002,0.00019,1e-05,-6e-05,-0.00379,-0.01001,0.00362,0.00588,0.00411,-0.01378,-0.00598,0.00567,0.00378,0.00018,0.00157,0.00016,-9e-05,-0.00018
14.82,-0.00024,0.00203,-3e-05,-5e-05,0.0003,0,0.00017,-7e-05,-2e-05,-2e-05,-0,-0,-7e-05,-0,9e-05,3e-05,0.00023,0.00033,3e-05,-5e-05,-0.00051,-0.01023,0.00391,0.00445,0.00672,-0.01306,-0.00621,0.00585,0.00458,0.00029,0.00257,0.0003,-0.00014,-0.00024
14.84,-0.00032,0.00147,-1e-05,2e-05,0.00023,0,0.00019,-8e-05,-2e-05,-3e-05,-0,-0,-8e-05,-4e-05,8e-05,4e-05,0.00025,0.00049,4e-05,-4e-05,0.00241,-0.0096,0.00352,0.00266,0.0077,-0.0101,-0.00527,0.00549,0.00502,0.00044,0.00382,0.00035,-0.0002,-0.00029
14.86,-0.00043,0.00074,3e-05,7e-05,0.00014,0,0.00022,-0.0001,-2e-05,-4e-05,-0,0,-9e-05,-6e-05,6e-05,4e-05,0.00027,0.00061,6e-05,-2e-05,0.00455,-0.00813,0.00256,0.00036,0.00735,-0.00524,-0.00302,0.00472,0.00507,0.00064,0.00531,0.00033,-0.00024,-0.00033
14.88,-0.00056,-0.0001,7e-05,9e-05,5e-05,-0,0.00026,-0.00011,-2e-05,-4e-05,-0,0,-9e-05,-6e-05,5e-05,4e-05,0.00028,0.00068,7e-05,-0,0.00553,-0.00606,0.00132,-0.00193,0.00604,-0.00045,-0.00049,0.0037,0.00472,0.0008,0.00699,0.00024,-0.00027,-0.00035
14.9,-0.00073,-0.00103,0.00012,0.0001,-5e-05,-0,0.00031,-0.00011,-3e-05,-4e-05,-0,0,-0.0001,-7e-05,3e-05,4e-05,0.0003,0.00068,7e-05,2e-05,0.00524,-0.00398,7e-05,-0.00371,0.00441,0.00234,0.00129,0.00265,0.00409,0.00079,0.00869,9e-05,-0.00027,-0.00034
14.92,-0.00097,-0.00203,0.00017,8e-05,-0.00014,-0,0.00038,-0.00012,-4e-05,-3e-05,-0,0,-0.0001,-8e-05,1e-05,4e-05,0.0003,0.00064,7e-05,4e-05,0.00399,-0.00243,-0.00071,-0.00449,0.00287,0.0031,0.00181,0.00178,0.00339,0.00059,0.01018,-7e-05,-0.00025,-0.00032
14.94,-0.00127,-0.00304,0.00023,4e-05,-0.00023,-0,0.00046,-0.00013,-6e-05,-3e-05,-0,0,-0.0001,-0.00011,-1e-05,4e-05,0.0003,0.00053,6e-05,6e-05,0.00213,-0.00124,-0.00092,-0.00441,0.00163,0.0026,0.00146,0.00105,0.00271,0.00015,0.01144,-0.00025,-0.00021,-0.00028
14.96,-0.00164,-0.00399,0.00028,-3e-05,-0.00032,-0,0.00053,-0.00013,-8e-05,-3e-05,-0,0,-9e-05,-0.00016,-3e-05,5e-05,0.00028,0.00036,5e-05,7e-05,-0.00019,-0.00033,-0.00089,-0.00386,0.00077,0.00153,0.00078,0.00039,0.00213,-0.00052,0.01249,-0.00041,-0.00017,-0.00022
14.98,-0.00207,-0.00488,0.00034,-0.00011,-0.0004,-0,0.00061,-0.00014,-0.0001,-2e-05,-0,0,-8e-05,-0.00023,-4e-05,6e-05,0.00027,0.00018,3e-05,6e-05,-0.0027,0.00025,-0.00083,-0.00313,0.00024,0.00075,0.00031,-0.00022,0.00167,-0.00135,0.01328,-0.00055,-0.00013,-0.00017
15,-0.00255,-0.00561,0.00039,-0.0002,-0.00047,-0,0.00069,-0.00015,-0.00012,-2e-05,-0,-0,-7e-05,-0.00032,-5e-05,7e-05,0.00024,2e-05,0,5e-05,-0.00504,0.00047,-0.00085,-0.00228,-5e-05,0.00038,0.00012,-0.00069,0.00131,-0.00221,0.01373,-0.00067,-9e-05,-0.00011
15.02,-0.00303,-0.0061,0.00042,-0.00031,-0.00053,-0,0.00075,-0.00017,-0.00014,-2e-05,-0,-0,-5e-05,-0.00041,-6e-05,8e-05,0.00022,-6e-05,-1e-05,2e-05,-0.00586,0.00032,-0.001,-0.0013,-0.00016,0.0001,-5e-05,-0.00093,0.00102,-0.00301,0.01375,-0.00075,-6e-05,-6e-05
15.04,-0.00347,-0.00635,0.00044,-0.00041,-0.00058,-0,0.0008,-0.00018,-0.00015,-3e-05,-0,-0,-4e-05,-0.00049,-6e-05,9e-05,0.0002,-2e-05,-0,-0,-0.00574,-7e-05,-0.00115,-0.00052,-0.00017,-4e-05,-0.00014,-0.001,0.00075,-0.00363,0.01343,-0.00079,-4e-05,-2e-05
15.06,-0.00384,-0.00635,0.00044,-0.00051,-0.00063,-0,0.00083,-0.0002,-0.00016,-3e-05,0,-0,-2e-05,-0.00056,-5e-05,0.0001,0.00017,6e-05,2e-05,-2e-05,-0.00604,-0.0006,-0.00122,0.00029,-0.00016,-8e-05,-0.00014,-0.00095,0.0005,-0.00403,0.01287,-0.0008,-2e-05,1e-05
15.08,-0.0041,-0.00614,0.00042,-0.00061,-0.00066,-0,0.00084,-0.00022,-0.00016,-3e-05,0,-0,-0,-0.0006,-4e-05,0.0001,0.00014,0.00015,4e-05,-4e-05,-0.00628,-0.00123,-0.0012,0.00113,-0.00013,-0.0001,-0.00012,-0.00078,0.00024,-0.00418,0.01207,-0.00076,-0,2e-05
15.1,-0.00427,-0.0057,0.00038,-0.00069,-0.00069,-0,0.00082,-0.00023,-0.00016,-4e-05,0,-0,1e-05,-0.00062,-3e-05,0.0001,0.00012,0.00019,5e-05,-4e-05,-0.00657,-0.00184,-0.00102,0.00158,-8e-05,-0.00011,-8e-05,-0.00048,-0,-0.00401,0.01105,-0.0007,1e-05,3e-05
15.12,-0.00437,-0.0051,0.00032,-0.00075,-0.00066,-0,0.00078,-0.00024,-0.00015,-5e-05,0,-0,3e-05,-0.0006,-1e-05,8e-05,9e-05,0.00017,5e-05,-3e-05,-0.00696,-0.00223,-0.00071,0.00151,-3e-05,-9e-05,-4e-05,-0.00011,-0.00018,-0.00353,0.00981,-0.00061,1e-05,4e-05
15.14,-0.00434,-0.00444,0.00027,-0.00078,-0.00058,-0,0.00072,-0.00023,-0.00014,-5e-05,0,-0,5e-05,-0.00055,0,6e-05,7e-05,0.00013,4e-05,-1e-05,-0.00655,-0.0021,-0.00039,0.00082,4e-05,-4e-05,-0,0.00019,-0.00035,-0.00289,0.00845,-0.00051,1e-05,3e-05
15.16,-0.0042,-0.00379,0.00021,-0.00079,-0.00049,-0,0.00063,-0.00022,-0.00013,-6e-05,0,-0,7e-05,-0.00047,2e-05,3e-05,5e-05,9e-05,4e-05,2e-05,-0.00573,-0.00161,-0.00019,0.00023,0.00011,-1e-05,0,0.00035,-0.00055,-0.0022,0.00706,-0.0004,1e-05,3e-05
15.18,-0.00395,-0.00316,0.00017,-0.00077,-0.00039,-0,0.00051,-0.0002,-0.00011,-7e-05,0,-0,7e-05,-0.00037,3e-05,0,3e-05,6e-05,3e-05,4e-05,-0.00487,-0.00096,-0.0001,-0.00016,0.00016,0,-2e-05,0.00035,-0.00076,-0.00153,0.00568,-0.0003,1e-05,2e-05
15.2,-0.00363,-0.00254,0.00013,-0.00072,-0.00029,-0,0.00038,-0.00018,-9e-05,-8e-05,0,-0,8e-05,-0.00026,4e-05,-3e-05,2e-05,4e-05,2e-05,7e-05,-0.00409,-0.00037,-9e-05,-0.00043,0.00018,-0,-5e-05,0.00015,-0.00093,-0.00095,0.00439,-0.00021,1e-05,2e-05
15.22,-0.00326,-0.0019,0.00011,-0.00065,-0.00018,-0,0.00022,-0.00015,-7e-05,-9e-05,0,-0,7e-05,-0.00015,4e-05,-6e-05,1e-05,2e-05,2e-05,0.00011,-0.00333,-2e-05,-0.00011,-0.00066,0.00015,-1e-05,-8e-05,-0.00024,-0.00098,-0.00053,0.00324,-0.00016,1e-05,2e-05
15.24,-0.00291,-0.00127,9e-05,-0.00056,-8e-05,-0,7e-05,-0.00011,-4e-05,-9e-05,0,-0,6e-05,-4e-05,4e-05,-8e-05,1e-05,1e-05,1e-05,0.00015,-0.00255,3e-05,-0.00015,-0.0009,8e-05,-2e-05,-0.0001,-0.00079,-0.00094,-0.00028,0.00226,-0.00015,1e-05,2e-05
15.26,-0.00259,-0.00068,7e-05,-0.00046,0,-0,-9e-05,-8e-05,-1e-05,-0.0001,0,-0,6e-05,4e-05,3e-05,-9e-05,0,1e-05,1e-05,0.00018,-0.00187,-0.00024,-0.00019,-0.00122,-0,-3e-05,-0.0001,-0.00143,-0.00088,-0.00016,0.00146,-0.00019,2e-05,3e-05
15.28,-0.00234,-0.00014,6e-05,-0.00036,8e-05,-0,-0.00024,-5e-05,2e-05,-0.0001,0,-0,5e-05,0.0001,3e-05,-9e-05,-0,1e-05,1e-05,0.00019,-0.00134,-0.00075,-0.00024,-0.00162,-8e-05,-3e-05,-8e-05,-0.00206,-0.0008,-0.00011,0.00083,-0.00028,4e-05,3e-05
15.3,-0.00217,0.00031,6e-05,-0.00026,0.00013,-0,-0.00038,-2e-05,5e-05,-0.0001,0,-0,4e-05,0.00014,2e-05,-9e-05,-1e-05,1e-05,1e-05,0.00017,-0.00099,-0.00137,-0.00028,-0.00197,-0.00012,-2e-05,-6e-05,-0.00269,-0.00069,-9e-05,0.00032,-0.0004,6e-05,4e-05
15.32,-0.00208,0.00063,5e-05,-0.00018,0.00017,-0,-0.00048,-0,9e-05,-0.0001,0,0,4e-05,0.00016,1e-05,-8e-05,-1e-05,2e-05,1e-05,0.00013,-0.00081,-0.00201,-0.00029,-0.00208,-0.00012,-1e-05,-3e-05,-0.00336,-0.00053,-6e-05,-8e-05,-0.00054,8e-05,4e-05
15.34,-0.00208,0.0008,3e-05,-0.00012,0.00019,-0,-0.00056,1e-05,0.00011,-0.0001,0,0,4e-05,0.00017,1e-05,-7e-05,-2e-05,4e-05,2e-05,8e-05,-0.00079,-0.00254,-0.00027,-0.00205,-8e-05,-1e-05,-1e-05,-0.00396,-0.00039,-1e-05,-0.0004,-0.00069,0.0001,4e-05
15.36,-0.00214,0.00085,2e-05,-8e-05,0.00019,-0,-0.0006,2e-05,0.00014,-0.0001,0,0,4e-05,0.00017,0,-6e-05,-2e-05,6e-05,2e-05,3e-05,-0.00091,-0.00283,-0.00024,-0.00194,-0,-0,-0,-0.0044,-0.00026,3e-05,-0.00066,-0.00081,0.00011,4e-05
15.38,-0.00225,0.00081,-1e-05,-6e-05,0.00018,-0,-0.00061,3e-05,0.00016,-0.0001,0,0,3e-05,0.00016,0,-5e-05,-3e-05,9e-05,3e-05,-0,-0.0011,-0.00286,-0.00019,-0.00177,9e-05,-0,-0,-0.00471,-0.00016,6e-05,-0.00087,-0.00091,0.00012,4e-05
15.4,-0.00241,0.00073,-3e-05,-6e-05,0.00016,-0,-0.00059,3e-05,0.00017,-9e-05,0,0,3e-05,0.00015,0,-4e-05,-4e-05,0.00013,3e-05,-3e-05,-0.00132,-0.00262,-0.00012,-0.00145,0.00019,-0,-1e-05,-0.00488,-5e-05,8e-05,-0.00104,-0.00097,0.00013,4e-05
15.42,-0.00256,0.00063,-6e-05,-8e-05,0.00014,-0,-0.00055,3e-05,0.00017,-9e-05,0,0,3e-05,0.00013,0,-3e-05,-6e-05,0.00018,4e-05,-5e-05,-0.00154,-0.00216,-5e-05,-0.00098,0.00027,-0,-2e-05,-0.00487,3e-05,9e-05,-0.00117,-0.00099,0.00013,3e-05
15.44,-0.00271,0.00052,-7e-05,-0.0001,0.00012,-0,-0.0005,3e-05,0.00017,-8e-05,0,0,3e-05,0.00011,-0,-2e-05,-6e-05,0.00023,5e-05,-5e-05,-0.00174,-0.00163,-0,-0.00056,0.0003,-1e-05,-3e-05,-0.00476,0.0001,9e-05,-0.00126,-0.00096,0.00012,3e-05
15.46,-0.00283,0.00043,-8e-05,-0.00013,0.0001,-0,-0.00044,3e-05,0.00016,-8e-05,0,0,3e-05,8e-05,-0,-1e-05,-7e-05,0.00026,5e-05,-4e-05,-0.00189,-0.00114,2e-05,-0.00024,0.00029,-1e-05,-3e-05,-0.00461,0.00014,7e-05,-0.00131,-0.00088,0.00011,3e-05
15.48,-0.00291,0.00034,-7e-05,-0.00016,8e-05,-0,-0.00038,3e-05,0.00014,-7e-05,0,0,3e-05,5e-05,-0,0,-8e-05,0.00026,5e-05,-3e-05,-0.002,-0.00072,3e-05,1e-05,0.00024,-1e-05,-3e-05,-0.00443,0.00016,4e-05,-0.00132,-0.00075,9e-05,2e-05
15.5,-0.00294,0.00027,-6e-05,-0.00018,6e-05,-0,-0.00032,2e-05,0.00013,-6e-05,0,-0,3e-05,1e-05,-0,1e-05,-8e-05,0.00024,5e-05,-2e-05,-0.00204,-0.00038,2e-05,0.00018,0.00016,-1e-05,-3e-05,-0.00419,0.00017,2e-05,-0.00129,-0.00059,7e-05,2e-05
15.52,-0.00289,0.00021,-4e-05,-0.0002,5e-05,-0,-0.00028,2e-05,0.00011,-5e-05,0,-0,2e-05,-3e-05,-0,2e-05,-9e-05,0.00019,4e-05,-1e-05,-0.00203,-0.00012,0,0.00031,5e-05,-1e-05,-2e-05,-0.00388,0.00016,1e-05,-0.00124,-0.0004,5e-05,1e-05
15.54,-0.00277,0.00016,-2e-05,-0.00021,3e-05,-0,-0.00024,2e-05,9e-05,-4e-05,0,-0,2e-05,-7e-05,-0,3e-05,-9e-05,0.00015,3e-05,-0,-0.00196,8e-05,-2e-05,0.0004,-6e-05,-1e-05,-0,-0.00355,0.00014,0,-0.00117,-0.00019,3e-05,1e-05
15.56,-0.00259,0.00013,0,-0.0002,2e-05,-0,-0.00021,2e-05,8e-05,-3e-05,0,-0,2e-05,-0.00011,-0,5e-05,-9e-05,0.00011,3e-05,0,-0.00185,0.00023,-3e-05,0.00045,-0.00016,-0,1e-05,-0.00321,0.00011,-0,-0.00109,2e-05,2e-05,0
15.58,-0.00235,9e-05,2e-05,-0.00019,2e-05,-0,-0.00018,2e-05,7e-05,-1e-05,0,-0,2e-05,-0.00015,-0,6e-05,-9e-05,9e-05,2e-05,-0,-0.0017,0.00036,-5e-05,0.00046,-0.00025,0,2e-05,-0.00286,7e-05,0,-0.00099,0.00022,0,-0
15.6,-0.00206,6e-05,2e-05,-0.00016,1e-05,-0,-0.00016,2e-05,6e-05,-0,0,-0,1e-05,-0.00018,0,7e-05,-8e-05,7e-05,2e-05,-0,-0.00151,0.00046,-5e-05,0.00046,-0.00033,1e-05,3e-05,-0.0025,4e-05,1e-05,-0.00089,0.00041,-1e-05,-1e-05
15.62,-0.00171,4e-05,2e-05,-0.00013,1e-05,-0,-0.00015,2e-05,5e-05,0,0,-0,1e-05,-0.0002,0,8e-05,-8e-05,6e-05,2e-05,-1e-05,-0.00131,0.00056,-6e-05,0.00043,-0.00038,1e-05,3e-05,-0.00211,0,1e-05,-0.00079,0.00056,-2e-05,-1e-05
15.64,-0.00135,2e-05,2e-05,-9e-05,0,-0,-0.00014,2e-05,4e-05,1e-05,0,-0,1e-05,-0.00021,0,8e-05,-7e-05,6e-05,2e-05,-1e-05,-0.0011,0.00065,-6e-05,0.00039,-0.0004,1e-05,3e-05,-0.00173,-2e-05,-0,-0.0007,0.00068,-3e-05,-1e-05
15.66,-0.00099,0,1e-05,-5e-05,-0,-0,-0.00012,2e-05,3e-05,2e-05,0,-0,1e-05,-0.00021,0,8e-05,-6e-05,7e-05,2e-05,-0,-0.00089,0.00073,-5e-05,0.00034,-0.0004,2e-05,3e-05,-0.00138,-3e-05,-1e-05,-0.00062,0.00076,-3e-05,-1e-05
15.68,-0.00065,-1e-05,0,-1e-05,-0,-0,-0.00011,2e-05,3e-05,2e-05,0,-0,0,-0.0002,0,7e-05,-5e-05,8e-05,2e-05,0,-0.0007,0.00081,-5e-05,0.00029,-0.00038,1e-05,3e-05,-0.00105,-4e-05,-2e-05,-0.00054,0.0008,-4e-05,-2e-05
15.7,-0.00033,-2e-05,-0,2e-05,-0,-0,-9e-05,2e-05,2e-05,2e-05,0,-0,0,-0.00017,0,6e-05,-4e-05,0.0001,2e-05,1e-05,-0.00052,0.00087,-4e-05,0.00023,-0.00035,1e-05,2e-05,-0.00075,-3e-05,-3e-05,-0.00047,0.00081,-4e-05,-2e-05
15.72,-4e-05,-3e-05,-1e-05,5e-05,-0,-0,-7e-05,2e-05,1e-05,2e-05,0,0,-0,-0.00015,0,5e-05,-3e-05,0.00013,3e-05,2e-05,-0.00036,0.00091,-3e-05,0.00018,-0.00031,1e-05,2e-05,-0.00049,-3e-05,-4e-05,-0.00042,0.0008,-4e-05,-2e-05
15.74,0.00018,-3e-05,-1e-05,8e-05,-0,-0,-5e-05,1e-05,1e-05,1e-05,0,0,-0,-0.00011,-0,4e-05,-2e-05,0.00016,4e-05,2e-05,-0.00022,0.00091,-2e-05,0.00014,-0.00027,1e-05,2e-05,-0.00027,-3e-05,-5e-05,-0.00037,0.00078,-4e-05,-2e-05
15.76,0.00035,-3e-05,-0,0.0001,-0,-0,-4e-05,1e-05,0,1e-05,0,0,-0,-9e-05,-0,2e-05,-1e-05,0.00021,4e-05,2e-05,-0.00011,0.00088,-1e-05,0.0001,-0.00024,1e-05,1e-05,-0.0001,-2e-05,-5e-05,-0.00034,0.00075,-4e-05,-2e-05
15.78,0.00047,-3e-05,-0,0.0001,-0,-0,-2e-05,0,-0,1e-05,0,0,-0,-6e-05,0,1e-05,-1e-05,0.00025,5e-05,2e-05,-2e-05,0.00081,-1e-05,7e-05,-0.00021,0,1e-05,3e-05,-2e-05,-6e-05,-0.00031,0.00071,-3e-05,-1e-05
15.8,0.00054,-3e-05,-0,0.00011,-0,-0,-0,0,-1e-05,1e-05,0,0,-0,-4e-05,0,0,-0,0.0003,6e-05,0,5e-05,0.00072,-0,5e-05,-0.00019,0,1e-05,0.00013,-3e-05,-6e-05,-0.00029,0.00066,-3e-05,-1e-05
15.82,0.00056,-2e-05,0,0.0001,-0,-0,1e-05,-0,-1e-05,1e-05,0,0,-0,-2e-05,0,-0,-0,0.00036,7e-05,-1e-05,9e-05,0.00062,-0,4e-05,-0.00018,0,1e-05,0.0002,-2e-05,-6e-05,-0.00028,0.00061,-3e-05,-1e-05
15.84,0.00054,-2e-05,0,9e-05,-0,-0,1e-05,-0,-1e-05,1e-05,0,0,-0,-1e-05,0,-1e-05,0,0.0004,7e-05,-2e-05,0.00012,0.00052,-0,5e-05,-0.00017,0,1e-05,0.00024,-2e-05,-5e-05,-0.00027,0.00054,-3e-05,-1e-05
15.86,0.0005,-1e-05,0,8e-05,-0,-0,1e-05,-0,-1e-05,0,0,0,-0,-0,0,-1e-05,0,0.00041,7e-05,-2e-05,0.00013,0.00043,-0,6e-05,-0.00017,0,1e-05,0.00027,-2e-05,-5e-05,-0.00027,0.00047,-2e-05,-1e-05
15.88,0.00045,-0,0,6e-05,-0,0,1e-05,-0,-1e-05,0,0,0,-0,-0,0,-1e-05,0,0.00039,7e-05,-2e-05,0.00012,0.00034,-0,8e-05,-0.00017,0,1e-05,0.00029,-1e-05,-4e-05,-0.00027,0.00039,-2e-05,-1e-05
15.9,0.00038,0,0,4e-05,0,0,-0,0,-0,0,0,0,-0,-1e-05,0,-1e-05,0,0.00035,6e-05,-2e-05,0.0001,0.00026,-0,0.00011,-0.00017,0,1e-05,0.0003,0,-3e-05,-0.00027,0.0003,-2e-05,-1e-05
15.92,0.00032,1e-05,0,3e-05,0,0,-1e-05,0,-0,0,0,0,-0,-1e-05,0,-0,0,0.00027,5e-05,-2e-05,6e-05,0.00019,-0,0.00015,-0.00016,0,1e-05,0.00031,1e-05,-2e-05,-0.00027,0.00022,-1e-05,-0
15.94,0.00027,2e-05,0,2e-05,0,0,-1e-05,0,0,0,0,0,-0,-1e-05,0,-0,0,0.0002,4e-05,-2e-05,2e-05,0.00012,-0,0.00018,-0.00016,0,1e-05,0.0003,2e-05,-1e-05,-0.00027,0.00015,-1e-05,-0
15.96,0.00023,2e-05,0,1e-05,0,0,-1e-05,0,0,0,0,0,-0,-2e-05,-0,-0,0,0.00014,2e-05,-2e-05,-2e-05,5e-05,-0,0.00022,-0.00016,0,1e-05,0.0003,2e-05,-0,-0.00027,8e-05,-1e-05,-0
15.98,0.00021,3e-05,-0,0,0,0,-1e-05,1e-05,1e-05,0,0,0,-0,-2e-05,-0,0,0,9e-05,2e-05,-1e-05,-7e-05,-1e-05,-0,0.00026,-0.00015,0,1e-05,0.00029,2e-05,0,-0.00028,3e-05,-0,0
16,0.0002,3e-05,-0,-0,0,0,0,1e-05,0,1e-05,0,0,-0,-2e-05,-0,0,0,6e-05,1e-05,-1e-05,-0.00011,-7e-05,-0,0.00031,-0.00013,0,1e-05,0.00028,1e-05,1e-05,-0.00029,-1e-05,-0,0
16.02,0.0002,3e-05,-0,-0,0,-0,1e-05,1e-05,0,1e-05,0,0,-0,-2e-05,-0,0,0,3e-05,0,-1e-05,-0.00016,-0.00013,-0,0.00034,-0.00012,0,1e-05,0.00028,1e-05,1e-05,-0.0003,-5e-05,0,0
16.04,0.00021,3e-05,-0,0,0,-0,2e-05,1e-05,-0,1e-05,0,0,-0,-2e-05,-0,0,0,1e-05,0,-1e-05,-0.00019,-0.00019,-0,0.00038,-0.0001,0,1e-05,0.00028,0,1e-05,-0.00031,-7e-05,0,0
16.06,0.00021,3e-05,-0,1e-05,1e-05,-0,4e-05,0,-0,1e-05,0,0,-0,-2e-05,-0,0,0,-0,-0,-1e-05,-0.00022,-0.00024,0,0.00041,-8e-05,0,0,0.00029,-0,1e-05,-0.00033,-9e-05,0,0
16.08,0.00021,3e-05,-0,1e-05,1e-05,-0,5e-05,0,-1e-05,1e-05,0,0,-0,-2e-05,-0,0,0,-1e-05,-0,-0,-0.00024,-0.00029,0,0.00044,-6e-05,0,0,0.00032,-0,1e-05,-0.00034,-0.0001,0,0
16.1,0.00021,3e-05,-0,2e-05,0,-0,6e-05,0,-1e-05,1e-05,0,0,-0,-2e-05,-0,0,0,-1e-05,-0,-0,-0.00026,-0.00034,0,0.00046,-4e-05,-0,-0,0.00034,-1e-05,1e-05,-0.00036,-0.0001,0,0
16.12,0.0002,3e-05,-0,2e-05,0,-0,7e-05,0,-2e-05,1e-05,0,0,-0,-3e-05,-0,1e-05,0,-2e-05,-0,-0,-0.00027,-0.00038,-0,0.00049,-2e-05,-0,-0,0.00038,-1e-05,1e-05,-0.00038,-0.00011,0,0
16.14,0.00019,3e-05,-0,3e-05,0,-0,7e-05,0,-2e-05,1e-05,0,0,-0,-3e-05,-0,1e-05,0,-2e-05,-1e-05,-0,-0.00027,-0.00043,-0,0.0005,-1e-05,-0,-1e-05,0.00042,-1e-05,1e-05,-0.00041,-0.00011,0,0
16.16,0.00017,3e-05,-0,3e-05,0,-0,7e-05,-0,-2e-05,1e-05,0,0,-1e-05,-3e-05,0,1e-05,0,-1e-05,-1e-05,-0,-0.00027,-0.00049,-0,0.00051,0,-0,-1e-05,0.00046,-1e-05,1e-05,-0.00043,-0.0001,-0,0
16.18,0.00014,3e-05,-0,3e-05,0,-0,6e-05,-0,-2e-05,1e-05,0,0,-1e-05,-3e-05,0,1e-05,0,-1e-05,-0,-0,-0.00027,-0.00056,-1e-05,0.00052,1e-05,-0,-1e-05,0.0005,-1e-05,1e-05,-0.00044,-0.0001,-0,0
16.2,0.00011,3e-05,-0,3e-05,0,-0,6e-05,-0,-2e-05,1e-05,0,0,-1e-05,-3e-05,0,1e-05,0,-1e-05,-0,-1e-05,-0.00026,-0.00066,-1e-05,0.00051,1e-05,-0,-1e-05,0.00055,-1e-05,1e-05,-0.00045,-9e-05,-0,-0
16.22,8e-05,4e-05,-1e-05,3e-05,0,-0,5e-05,-0,-2e-05,1e-05,0,0,-1e-05,-3e-05,0,1e-05,0,-1e-05,-0,-1e-05,-0.00024,-0.00078,-1e-05,0.00049,1e-05,-0,-1e-05,0.0006,-1e-05,0,-0.00045,-9e-05,-0,-0
16.24,5e-05,4e-05,-1e-05,2e-05,0,-0,5e-05,-0,-2e-05,1e-05,0,0,-1e-05,-3e-05,0,1e-05,0,-1e-05,-0,-1e-05,-0.00022,-0.00092,-1e-05,0.00046,-1e-05,-0,-0,0.00066,0,-0,-0.00043,-8e-05,-0,-0
16.26,4e-05,5e-05,-1e-05,2e-05,0,-0,5e-05,-0,-2e-05,1e-05,0,0,-1e-05,-3e-05,0,1e-05,-0,-1e-05,-0,-1e-05,-0.00019,-0.00108,-0,0.00041,-2e-05,-0,-0,0.00073,1e-05,-1e-05,-0.0004,-8e-05,-1e-05,-0
16.28,3e-05,5e-05,-1e-05,1e-05,0,-0,5e-05,-0,-2e-05,1e-05,0,0,-1e-05,-2e-05,0,1e-05,-0,-0,-0,-0,-0.00015,-0.00123,0,0.00036,-4e-05,-0,0,0.00079,3e-05,-1e-05,-0.00037,-8e-05,-1e-05,-0
16.3,4e-05,6e-05,-1e-05,1e-05,1e-05,-0,5e-05,-0,-2e-05,1e-05,0,0,-1e-05,-1e-05,0,0,-0,-0,-0,-0,-0.00011,-0.00134,1e-05,0.0003,-4e-05,0,0,0.00086,5e-05,-2e-05,-0.00034,-8e-05,-1e-05,-0
16.32,6e-05,6e-05,-1e-05,0,1e-05,-0,4e-05,-0,-2e-05,1e-05,0,0,-0,-0,0,0,-0,-0,-0,-0,-6e-05,-0.00137,1e-05,0.00027,-4e-05,-0,0,0.00091,5e-05,-3e-05,-0.00032,-7e-05,-1e-05,-0
16.34,0.0001,6e-05,-1e-05,0,1e-05,-0,3e-05,-0,-1e-05,0,0,0,-0,2e-05,0,-1e-05,0,-0,-0,-0,-2e-05,-0.00131,1e-05,0.00023,-2e-05,-0,0,0.00096,5e-05,-3e-05,-0.00034,-7e-05,-1e-05,-0
16.36,0.00016,6e-05,-0,0,1e-05,-0,2e-05,-1e-05,-1e-05,0,0,0,-0,3e-05,0,-1e-05,0,-0,-0,-0,3e-05,-0.00114,-1e-05,0.00019,1e-05,-0,-0,0.00099,5e-05,-3e-05,-0.00038,-8e-05,-1e-05,-0
16.38,0.00023,6e-05,-0,1e-05,1e-05,-0,0,-1e-05,-0,-0,0,-0,-0,6e-05,0,-2e-05,1e-05,-0,-0,0,9e-05,-0.0009,-3e-05,0.00016,5e-05,-0,-1e-05,0.00103,4e-05,-3e-05,-0.00044,-8e-05,-0,-0
16.4,0.00032,5e-05,-0,1e-05,1e-05,-0,-2e-05,-1e-05,0,-1e-05,0,-0,-0,8e-05,0,-3e-05,1e-05,-0,-0,0,0.00016,-0.00062,-6e-05,0.00011,8e-05,0,-2e-05,0.00107,4e-05,-2e-05,-0.00052,-0.0001,0,0
16.42,0.00043,5e-05,-0,2e-05,1e-05,-0,-4e-05,-2e-05,1e-05,-1e-05,0,-0,0,9e-05,0,-3e-05,2e-05,-0,-0,0,0.00023,-0.00036,-9e-05,4e-05,0.00011,0,-2e-05,0.00112,3e-05,-0,-0.00059,-0.00013,1e-05,0
16.44,0.00054,4e-05,0,3e-05,1e-05,-0,-6e-05,-2e-05,2e-05,-1e-05,0,-0,0,0.00011,0,-4e-05,2e-05,-0,-0,0,0.00033,-0.00016,-0.0001,-3e-05,0.00011,0,-2e-05,0.00119,1e-05,3e-05,-0.00064,-0.00017,2e-05,1e-05
16.46,0.00067,4e-05,0,4e-05,1e-05,-0,-8e-05,-2e-05,2e-05,-2e-05,0,-0,0,0.00011,0,-4e-05,2e-05,-0,-1e-05,0,0.00044,-5e-05,-0.0001,-8e-05,9e-05,1e-05,-2e-05,0.0013,-1e-05,8e-05,-0.00067,-0.00023,3e-05,1e-05
16.48,0.00081,4e-05,0,5e-05,1e-05,-0,-9e-05,-2e-05,3e-05,-2e-05,0,-0,0,0.00011,0,-4e-05,2e-05,0,-1e-05,0,0.00056,-1e-05,-8e-05,-0.00012,6e-05,1e-05,-2e-05,0.00145,-5e-05,0.00014,-0.00066,-0.0003,5e-05,2e-05
16.5,0.00097,3e-05,0,7e-05,1e-05,-0,-0.0001,-1e-05,3e-05,-2e-05,0,-0,0,0.0001,0,-4e-05,2e-05,0,-1e-05,0,0.00069,-1e-05,-4e-05,-0.00012,2e-05,1e-05,-1e-05,0.00163,-0.0001,0.00022,-0.00062,-0.00038,7e-05,3e-05
16.52,0.00114,2e-05,0,8e-05,1e-05,-0,-0.0001,-1e-05,3e-05,-2e-05,0,-0,0,9e-05,0,-4e-05,3e-05,0,-1e-05,-0,0.00083,-2e-05,-1e-05,-0.0001,-2e-05,1e-05,-1e-05,0.00183,-0.00015,0.0003,-0.00054,-0.00047,9e-05,3e-05
16.54,0.00132,2e-05,0,0.0001,1e-05,-0,-0.0001,-1e-05,3e-05,-1e-05,0,-0,0,7e-05,0,-4e-05,3e-05,0,-1e-05,-0,0.00096,0,1e-05,-6e-05,-6e-05,0,-1e-05,0.00205,-0.00021,0.00038,-0.00043,-0.00056,0.00011,4e-05
16.56,0.00153,1e-05,-0,0.00012,1e-05,-0,-0.0001,-0,3e-05,-1e-05,0,-0,-0,5e-05,0,-3e-05,3e-05,1e-05,-1e-05,-0,0.00108,7e-05,1e-05,-2e-05,-8e-05,0,-1e-05,0.0023,-0.00026,0.00045,-0.00028,-0.00064,0.00013,5e-05
16.58,0.00175,0,-0,0.00014,2e-05,-0,-0.0001,-0,3e-05,-1e-05,0,-0,-0,4e-05,0,-3e-05,3e-05,1e-05,-1e-05,-1e-05,0.0012,0.00018,-1e-05,2e-05,-9e-05,0,-1e-05,0.00259,-0.0003,0.0005,-0.0001,-0.00071,0.00015,5e-05
16.6,0.00198,-0,-0,0.00016,2e-05,-0,-0.0001,0,3e-05,-0,0,-0,-0,2e-05,0,-3e-05,3e-05,1e-05,-1e-05,-1e-05,0.00131,0.0003,-4e-05,6e-05,-9e-05,1e-05,-1e-05,0.00288,-0.00032,0.00052,0.0001,-0.00075,0.00016,5e-05
16.62,0.00221,-1e-05,-0,0.00019,2e-05,-0,-0.0001,1e-05,3e-05,0,0,-0,-1e-05,0,0,-3e-05,3e-05,1e-05,-1e-05,-1e-05,0.00141,0.00039,-8e-05,0.0001,-9e-05,1e-05,-1e-05,0.00314,-0.00033,0.00051,0.00032,-0.00076,0.00015,5e-05
16.64,0.00243,-1e-05,-0,0.00021,2e-05,-0,-9e-05,1e-05,2e-05,1e-05,0,-0,-1e-05,-2e-05,0,-2e-05,3e-05,1e-05,-1e-05,-1e-05,0.0015,0.00043,-9e-05,0.00014,-9e-05,1e-05,-1e-05,0.00338,-0.00031,0.00047,0.00055,-0.00072,0.00014,5e-05
16.66,0.00265,-1e-05,0,0.00024,2e-05,-0,-9e-05,1e-05,2e-05,2e-05,0,-0,-1e-05,-3e-05,0,-2e-05,2e-05,1e-05,-1e-05,-2e-05,0.00159,0.00041,-9e-05,0.00018,-0.0001,1e-05,-1e-05,0.00363,-0.00025,0.00038,0.0008,-0.00064,0.00011,4e-05
16.68,0.00286,-1e-05,0,0.00026,2e-05,-0,-8e-05,1e-05,1e-05,2e-05,0,-0,-2e-05,-5e-05,0,-2e-05,2e-05,1e-05,-1e-05,-2e-05,0.00168,0.00033,-8e-05,0.00021,-0.00012,1e-05,-1e-05,0.00388,-0.00014,0.00026,0.00104,-0.00052,7e-05,3e-05
16.7,0.00305,-0,1e-05,0.00029,2e-05,-0,-8e-05,2e-05,0,3e-05,0,0,-2e-05,-6e-05,0,-1e-05,2e-05,-0,-1e-05,-2e-05,0.00177,0.00023,-4e-05,0.00024,-0.00015,1e-05,-1e-05,0.00411,-1e-05,0.00011,0.00128,-0.00038,3e-05,1e-05
16.72,0.00322,1e-05,1e-05,0.00031,2e-05,-0,-8e-05,2e-05,-1e-05,3e-05,0,0,-2e-05,-7e-05,0,-1e-05,2e-05,-1e-05,-1e-05,-2e-05,0.00182,0.00015,-0,0.00027,-0.00017,1e-05,-0,0.00424,0.00012,-5e-05,0.00151,-0.00021,-2e-05,-0
16.74,0.00335,3e-05,1e-05,0.00033,3e-05,-0,-8e-05,2e-05,-1e-05,3e-05,-0,0,-2e-05,-7e-05,-0,-1e-05,2e-05,-3e-05,-1e-05,-2e-05,0.00186,0.00012,3e-05,0.0003,-0.00019,1e-05,-0,0.0043,0.00023,-0.0002,0.00172,-4e-05,-7e-05,-2e-05
16.76,0.00348,6e-05,1e-05,0.00035,3e-05,-0,-9e-05,1e-05,-2e-05,3e-05,-0,0,-2e-05,-6e-05,-0,-1e-05,1e-05,-5e-05,-2e-05,-2e-05,0.00192,0.00019,6e-05,0.00034,-0.00021,1e-05,0,0.00434,0.00031,-0.00033,0.00191,0.00011,-0.00011,-3e-05
16.78,0.00359,9e-05,2e-05,0.00036,4e-05,-0,-0.0001,1e-05,-2e-05,2e-05,-0,0,-2e-05,-5e-05,-0,-1e-05,1e-05,-8e-05,-2e-05,-2e-05,0.00199,0.00038,8e-05,0.0004,-0.00021,0,0,0.00438,0.00033,-0.00044,0.00208,0.00025,-0.00014,-4e-05
16.8,0.00368,0.00014,2e-05,0.00036,4e-05,-0,-0.00013,1e-05,-1e-05,1e-05,-0,0,-2e-05,-3e-05,-0,-2e-05,1e-05,-0.00011,-3e-05,-2e-05,0.00206,0.00071,8e-05,0.00047,-0.0002,0,0,0.00437,0.00031,-0.00051,0.00224,0.00036,-0.00016,-5e-05
16.82,0.00372,0.0002,2e-05,0.00036,5e-05,-0,-0.00016,0,-1e-05,-1e-05,-0,0,-2e-05,-1e-05,-1e-05,-3e-05,0,-0.00014,-3e-05,-1e-05,0.00209,0.00119,6e-05,0.00057,-0.00018,1e-05,0,0.00425,0.00024,-0.00054,0.00242,0.00044,-0.00017,-6e-05
16.84,0.00372,0.00027,1e-05,0.00035,6e-05,-0,-0.0002,-0,0,-2e-05,-0,0,-2e-05,1e-05,-1e-05,-3e-05,-0,-0.00016,-4e-05,-1e-05,0.00211,0.0018,3e-05,0.00068,-0.00014,1e-05,-0,0.00407,0.00014,-0.00053,0.00261,0.00048,-0.00017,-6e-05
16.86,0.0037,0.00035,1e-05,0.00034,7e-05,-0,-0.00024,-1e-05,1e-05,-4e-05,-0,0,-2e-05,3e-05,-1e-05,-4e-05,-1e-05,-0.00017,-4e-05,-0,0.00214,0.00251,-2e-05,0.00081,-8e-05,1e-05,-0,0.00388,1e-05,-0.00048,0.0028,0.00049,-0.00016,-6e-05
16.88,0.00366,0.00043,1e-05,0.00033,8e-05,-0,-0.00029,-1e-05,2e-05,-7e-05,-0,0,-2e-05,5e-05,-1e-05,-5e-05,-2e-05,-0.00018,-5e-05,0,0.00217,0.00325,-7e-05,0.00093,-2e-05,1e-05,-1e-05,0.00371,-0.00012,-0.00041,0.003,0.00048,-0.00014,-5e-05
16.9,0.00358,0.0005,1e-05,0.00033,8e-05,-0,-0.00034,-1e-05,4e-05,-9e-05,-0,0,-2e-05,7e-05,-2e-05,-5e-05,-3e-05,-0.00017,-5e-05,1e-05,0.0022,0.00392,-0.00012,0.00105,3e-05,1e-05,-1e-05,0.00342,-0.00023,-0.00033,0.00319,0.00045,-0.00012,-4e-05
16.92,0.00341,0.00056,1e-05,0.00033,9e-05,-0,-0.00038,-1e-05,5e-05,-0.0001,-0,0,-2e-05,7e-05,-2e-05,-6e-05,-3e-05,-0.00012,-5e-05,1e-05,0.00222,0.0044,-0.00014,0.00113,8e-05,1e-05,-2e-05,0.0028,-0.00032,-0.00027,0.00338,0.00042,-0.0001,-4e-05
16.94,0.00319,0.00061,1e-05,0.00033,9e-05,-0,-0.00041,-1e-05,5e-05,-0.00011,-0,0,-2e-05,7e-05,-2e-05,-6e-05,-4e-05,-5e-05,-4e-05,1e-05,0.00222,0.0046,-0.00013,0.00117,9e-05,1e-05,-2e-05,0.00202,-0.00038,-0.00021,0.00354,0.00039,-8e-05,-3e-05
16.96,0.00294,0.00063,1e-05,0.00035,9e-05,-0,-0.00042,-1e-05,6e-05,-0.0001,-0,0,-2e-05,6e-05,-2e-05,-6e-05,-5e-05,-1e-05,-3e-05,0,0.00218,0.00451,-0.0001,0.00117,8e-05,0,-2e-05,0.00124,-0.00039,-0.00017,0.00364,0.00038,-7e-05,-3e-05
16.98,0.00263,0.00063,1e-05,0.00038,9e-05,-0,-0.00043,-0,6e-05,-9e-05,-0,0,-2e-05,4e-05,-2e-05,-6e-05,-5e-05,2e-05,-2e-05,-0,0.00211,0.00414,-6e-05,0.00115,4e-05,0,-1e-05,0.00041,-0.00036,-0.00014,0.00368,0.00038,-6e-05,-3e-05
17,0.00229,0.0006,1e-05,0.0004,9e-05,-0,-0.00042,0,5e-05,-8e-05,-0,0,-2e-05,2e-05,-2e-05,-5e-05,-5e-05,2e-05,-1e-05,-1e-05,0.002,0.00355,-2e-05,0.00108,-4e-05,0,-0,-0.00037,-0.00029,-0.00013,0.00365,0.00039,-6e-05,-3e-05
17.02,0.00192,0.00054,1e-05,0.00042,8e-05,-0,-0.00041,1e-05,5e-05,-6e-05,-0,0,-2e-05,-0,-2e-05,-5e-05,-5e-05,-1e-05,-1e-05,-2e-05,0.00187,0.00287,2e-05,0.00095,-0.00014,0,1e-05,-0.00097,-0.0002,-0.00012,0.00355,0.00041,-6e-05,-3e-05
17.04,0.00152,0.00046,1e-05,0.00044,8e-05,-0,-0.00039,1e-05,4e-05,-4e-05,-0,0,-2e-05,-2e-05,-3e-05,-5e-05,-5e-05,-3e-05,-1e-05,-3e-05,0.00172,0.00215,4e-05,0.00079,-0.00025,0,2e-05,-0.00149,-0.0001,-0.00012,0.00338,0.00043,-6e-05,-3e-05
17.06,0.0011,0.00039,1e-05,0.00044,7e-05,-0,-0.00037,2e-05,3e-05,-3e-05,-0,0,-3e-05,-3e-05,-3e-05,-4e-05,-4e-05,-4e-05,-1e-05,-4e-05,0.00157,0.00145,4e-05,0.00063,-0.00036,1e-05,3e-05,-0.00199,-3e-05,-0.00012,0.00315,0.00045,-6e-05,-3e-05
17.08,0.00067,0.00032,2e-05,0.00043,6e-05,-0,-0.00034,2e-05,3e-05,-1e-05,-0,0,-3e-05,-3e-05,-3e-05,-4e-05,-4e-05,-4e-05,-1e-05,-4e-05,0.00141,0.00084,2e-05,0.00049,-0.00048,1e-05,4e-05,-0.00244,2e-05,-0.00012,0.00286,0.00046,-6e-05,-3e-05
17.1,0.00028,0.00025,2e-05,0.00042,5e-05,-0,-0.00031,2e-05,2e-05,-0,-0,0,-3e-05,-3e-05,-3e-05,-4e-05,-4e-05,-3e-05,-0,-4e-05,0.00127,0.00034,-1e-05,0.00035,-0.00057,2e-05,5e-05,-0.00281,5e-05,-0.00011,0.00252,0.00046,-6e-05,-3e-05
17.12,-6e-05,0.0002,1e-05,0.0004,4e-05,-0,-0.00028,2e-05,2e-05,1e-05,-0,0,-3e-05,-2e-05,-3e-05,-4e-05,-3e-05,-2e-05,-0,-4e-05,0.00115,-3e-05,-4e-05,0.00022,-0.00064,2e-05,6e-05,-0.00308,6e-05,-0.00011,0.00216,0.00046,-6e-05,-3e-05
17.14,-0.00035,0.00016,1e-05,0.00037,3e-05,-0,-0.00024,1e-05,1e-05,2e-05,-0,0,-3e-05,-1e-05,-2e-05,-3e-05,-3e-05,-1e-05,0,-4e-05,0.00105,-0.00025,-6e-05,0.00012,-0.00068,3e-05,6e-05,-0.00326,5e-05,-0.0001,0.00177,0.00044,-6e-05,-3e-05
17.16,-0.0006,0.00013,1e-05,0.00035,2e-05,-0,-0.00021,1e-05,1e-05,2e-05,-0,0,-2e-05,1e-05,-2e-05,-3e-05,-3e-05,-0,0,-4e-05,0.00094,-0.00032,-8e-05,4e-05,-0.00068,3e-05,6e-05,-0.00337,4e-05,-8e-05,0.00137,0.00042,-5e-05,-3e-05
17.18,-0.00081,0.0001,1e-05,0.00031,1e-05,-0,-0.00017,1e-05,1e-05,2e-05,-0,0,-2e-05,2e-05,-2e-05,-3e-05,-3e-05,0,0,-4e-05,0.00082,-0.00027,-8e-05,-1e-05,-0.00064,2e-05,5e-05,-0.00341,2e-05,-7e-05,0.00099,0.0004,-5e-05,-3e-05
17.2,-0.00094,9e-05,1e-05,0.00028,1e-05,-0,-0.00014,0,1e-05,2e-05,-0,0,-2e-05,4e-05,-2e-05,-2e-05,-3e-05,0,0,-4e-05,0.00071,-0.00011,-6e-05,-3e-05,-0.00058,2e-05,4e-05,-0.00334,1e-05,-5e-05,0.00063,0.00038,-4e-05,-2e-05
17.22,-0.00098,8e-05,1e-05,0.00025,1e-05,-0,-0.00011,0,1e-05,2e-05,-0,0,-2e-05,5e-05,-2e-05,-2e-05,-3e-05,1e-05,0,-3e-05,0.00061,0.00012,-2e-05,-2e-05,-0.00049,1e-05,2e-05,-0.00312,1e-05,-4e-05,0.00032,0.00036,-4e-05,-2e-05
17.24,-0.00096,8e-05,0,0.00022,0,-0,-9e-05,0,1e-05,2e-05,-0,0,-2e-05,6e-05,-1e-05,-2e-05,-3e-05,1e-05,0,-3e-05,0.00052,0.0004,1e-05,-1e-05,-0.00039,0,1e-05,-0.00284,0,-3e-05,7e-05,0.00034,-3e-05,-2e-05
17.26,-0.00093,8e-05,0,0.00019,0,-0,-8e-05,0,1e-05,2e-05,-0,0,-2e-05,7e-05,-1e-05,-1e-05,-3e-05,1e-05,0,-2e-05,0.00042,0.00069,5e-05,-1e-05,-0.0003,-0,-0,-0.00256,-0,-2e-05,-0.0001,0.00034,-3e-05,-1e-05
17.28,-0.00087,8e-05,0,0.00016,-0,-0,-7e-05,1e-05,2e-05,1e-05,-0,0,-1e-05,7e-05,-0,-0,-3e-05,0,-0,-2e-05,0.00033,0.00096,7e-05,0,-0.00021,-1e-05,-1e-05,-0.00227,-1e-05,-2e-05,-0.00021,0.00034,-2e-05,-1e-05
17.3,-0.00077,9e-05,-0,0.00014,-0,-0,-7e-05,1e-05,2e-05,1e-05,-0,0,-1e-05,7e-05,-0,0,-4e-05,0,-0,-2e-05,0.00024,0.00119,9e-05,0,-0.00014,-2e-05,-2e-05,-0.00195,-1e-05,-1e-05,-0.00028,0.00034,-2e-05,-1e-05
17.32,-0.00065,9e-05,-0,0.00012,-0,-0,-7e-05,2e-05,3e-05,1e-05,0,0,-1e-05,6e-05,0,1e-05,-4e-05,0,-0,-1e-05,0.00017,0.00134,9e-05,0,-9e-05,-2e-05,-2e-05,-0.00162,-3e-05,-0,-0.00033,0.00033,-2e-05,-1e-05
17.34,-0.0005,0.0001,-1e-05,0.00011,0,-0,-7e-05,3e-05,4e-05,2e-05,0,0,-1e-05,4e-05,1e-05,2e-05,-5e-05,0,-0,-1e-05,0.00011,0.00139,9e-05,-0,-6e-05,-2e-05,-2e-05,-0.00127,-4e-05,0,-0.00037,0.00032,-1e-05,-1e-05
17.36,-0.00036,0.0001,-1e-05,0.0001,0,-0,-8e-05,4e-05,4e-05,2e-05,0,0,-1e-05,2e-05,2e-05,3e-05,-6e-05,-0,-0,-0,5e-05,0.00136,7e-05,-1e-05,-6e-05,-2e-05,-2e-05,-0.00092,-6e-05,2e-05,-0.00043,0.00029,-1e-05,-1e-05
17.38,-0.00021,0.0001,-1e-05,0.0001,0,-0,-9e-05,6e-05,5e-05,3e-05,0,0,-0,-1e-05,2e-05,5e-05,-6e-05,-0,-0,0,-0,0.00124,5e-05,-2e-05,-8e-05,-1e-05,-1e-05,-0.00056,-7e-05,3e-05,-0.00051,0.00025,-0,-0
17.4,-7e-05,0.0001,-1e-05,0.00011,0,-0,-0.0001,7e-05,6e-05,3e-05,0,-0,-0,-4e-05,3e-05,6e-05,-7e-05,-0,-0,1e-05,-4e-05,0.00106,3e-05,-3e-05,-0.00012,-1e-05,-0,-0.00019,-9e-05,5e-05,-0.00062,0.00019,0,0
17.42,6e-05,0.0001,-1e-05,0.00011,0,-0,-0.00012,8e-05,7e-05,4e-05,0,-0,0,-8e-05,3e-05,7e-05,-8e-05,-0,-0,1e-05,-7e-05,0.00087,1e-05,-4e-05,-0.00015,-0,1e-05,0.00019,-0.00011,8e-05,-0.00076,0.00013,1e-05,0
17.44,0.00017,0.0001,-2e-05,0.00012,0,-0,-0.00013,0.0001,8e-05,4e-05,0,-0,0,-0.00012,4e-05,8e-05,-9e-05,-0,-0,2e-05,-0.0001,0.00067,-1e-05,-4e-05,-0.00019,1e-05,1e-05,0.00055,-0.00013,0.00011,-0.00092,5e-05,1e-05,1e-05
17.46,0.00025,0.0001,-2e-05,0.00013,0,-0,-0.00014,0.00011,9e-05,4e-05,0,-0,1e-05,-0.00015,5e-05,0.0001,-9e-05,-0,-0,2e-05,-0.00012,0.0005,-2e-05,-5e-05,-0.00021,1e-05,2e-05,0.0009,-0.00015,0.00013,-0.0011,-2e-05,2e-05,1e-05
17.48,0.00031,9e-05,-2e-05,0.00014,0,-0,-0.00015,0.00012,0.0001,4e-05,0,-0,1e-05,-0.00018,5e-05,0.00011,-9e-05,-0,-0,3e-05,-0.00014,0.00035,-3e-05,-6e-05,-0.00023,1e-05,2e-05,0.00125,-0.00017,0.00016,-0.0013,-9e-05,2e-05,2e-05
17.5,0.00035,8e-05,-2e-05,0.00015,-0,-0,-0.00016,0.00012,0.0001,4e-05,0,0,1e-05,-0.0002,6e-05,0.00012,-9e-05,-0,-0,3e-05,-0.00015,0.00023,-3e-05,-7e-05,-0.00024,2e-05,2e-05,0.00158,-0.00019,0.00019,-0.00151,-0.00015,3e-05,2e-05
17.52,0.00036,8e-05,-1e-05,0.00015,-0,-0,-0.00016,0.00013,0.00011,3e-05,0,0,1e-05,-0.00021,6e-05,0.00012,-9e-05,-0,-0,3e-05,-0.00016,0.00012,-3e-05,-8e-05,-0.00024,2e-05,2e-05,0.00188,-0.00022,0.00021,-0.00171,-0.0002,3e-05,2e-05
17.54,0.00034,6e-05,-1e-05,0.00016,-0,-0,-0.00016,0.00012,0.00011,3e-05,0,0,2e-05,-0.00021,6e-05,0.00012,-8e-05,-0,-0,3e-05,-0.00017,2e-05,-3e-05,-0.0001,-0.00022,2e-05,2e-05,0.00214,-0.00023,0.00022,-0.00189,-0.00022,3e-05,2e-05
17.56,0.00032,5e-05,-1e-05,0.00016,-0,-0,-0.00015,0.00012,0.0001,3e-05,0,0,2e-05,-0.0002,6e-05,0.00012,-7e-05,-1e-05,-0,3e-05,-0.00018,-7e-05,-2e-05,-0.00012,-0.00021,1e-05,2e-05,0.00238,-0.00023,0.00022,-0.00206,-0.00022,3e-05,2e-05
17.58,0.00029,4e-05,-0,0.00016,-0,-0,-0.00013,0.0001,9e-05,3e-05,0,0,2e-05,-0.00018,5e-05,0.00011,-6e-05,-1e-05,-0,3e-05,-0.00018,-0.00016,-2e-05,-0.00013,-0.00018,1e-05,1e-05,0.00259,-0.00022,0.00021,-0.00222,-0.0002,3e-05,2e-05
17.6,0.00026,3e-05,-0,0.00015,-1e-05,-0,-0.0001,9e-05,8e-05,3e-05,0,0,1e-05,-0.00015,4e-05,9e-05,-4e-05,-1e-05,-0,3e-05,-0.00019,-0.00023,-1e-05,-0.00015,-0.00015,1e-05,1e-05,0.00277,-0.00019,0.00019,-0.00234,-0.00016,3e-05,2e-05
17.62,0.00024,2e-05,0,0.00014,-0,-0,-6e-05,7e-05,6e-05,3e-05,0,0,1e-05,-0.00012,3e-05,7e-05,-3e-05,-1e-05,-0,2e-05,-0.0002,-0.00028,-0,-0.00017,-0.00011,0,0,0.00288,-0.00016,0.00015,-0.00245,-0.00012,2e-05,1e-05
17.64,0.00021,1e-05,0,0.00013,-0,-0,-2e-05,5e-05,4e-05,3e-05,0,-0,1e-05,-8e-05,2e-05,5e-05,-2e-05,-2e-05,-0,2e-05,-0.00022,-0.0003,0,-0.00019,-6e-05,-0,-0,0.00294,-0.00012,0.00012,-0.00252,-7e-05,2e-05,1e-05
17.66,0.00019,1e-05,1e-05,0.00011,-0,-0,2e-05,4e-05,1e-05,3e-05,0,0,1e-05,-5e-05,1e-05,3e-05,-2e-05,-2e-05,-0,1e-05,-0.00024,-0.00029,0,-0.00021,1e-05,-1e-05,-1e-05,0.00297,-8e-05,8e-05,-0.00257,-3e-05,2e-05,1e-05
17.68,0.00018,1e-05,1e-05,9e-05,0,-0,6e-05,2e-05,-1e-05,3e-05,0,0,1e-05,-2e-05,-0,1e-05,-1e-05,-2e-05,-0,1e-05,-0.00026,-0.00026,0,-0.00022,9e-05,-2e-05,-2e-05,0.00296,-5e-05,5e-05,-0.0026,-0,2e-05,1e-05
17.7,0.00016,0,0,7e-05,1e-05,-0,0.00011,0,-4e-05,3e-05,0,0,1e-05,0,-1e-05,-1e-05,-1e-05,-3e-05,-0,1e-05,-0.00028,-0.00021,-1e-05,-0.00023,0.00019,-3e-05,-3e-05,0.00292,-3e-05,3e-05,-0.00261,1e-05,2e-05,1e-05
17.72,0.00014,0,0,4e-05,1e-05,-0,0.00014,-1e-05,-6e-05,3e-05,0,0,1e-05,2e-05,-2e-05,-3e-05,-1e-05,-3e-05,-0,1e-05,-0.0003,-0.00017,-2e-05,-0.00024,0.00029,-4e-05,-5e-05,0.00284,-1e-05,3e-05,-0.00261,-1e-05,2e-05,1e-05
17.74,0.00011,0,0,2e-05,1e-05,-0,0.00017,-2e-05,-8e-05,3e-05,0,0,2e-05,3e-05,-3e-05,-3e-05,-1e-05,-2e-05,-0,0,-0.00032,-0.00013,-4e-05,-0.00025,0.00041,-5e-05,-6e-05,0.00274,-0,5e-05,-0.00259,-4e-05,3e-05,1e-05
17.76,7e-05,-0,-0,0,1e-05,-0,0.00019,-3e-05,-9e-05,4e-05,0,0,2e-05,4e-05,-4e-05,-4e-05,-1e-05,-2e-05,-0,0,-0.00035,-0.00013,-6e-05,-0.00026,0.00052,-5e-05,-7e-05,0.00262,-0,9e-05,-0.00257,-0.0001,3e-05,2e-05
17.78,3e-05,-0,-0,-1e-05,1e-05,-0,0.0002,-3e-05,-0.0001,5e-05,0,0,2e-05,4e-05,-4e-05,-4e-05,-1e-05,-2e-05,-0,0,-0.00037,-0.00015,-0.0001,-0.00027,0.00063,-6e-05,-8e-05,0.00251,-1e-05,0.00014,-0.00254,-0.00018,4e-05,2e-05
17.8,-3e-05,0,0,-3e-05,0,-0,0.0002,-3e-05,-0.0001,5e-05,0,0,2e-05,4e-05,-4e-05,-4e-05,-2e-05,-2e-05,-0,0,-0.00039,-0.00022,-0.00013,-0.00028,0.00071,-7e-05,-9e-05,0.00236,-1e-05,0.0002,-0.00249,-0.00025,4e-05,3e-05
17.82,-0.00011,0,0,-5e-05,-1e-05,0,0.00019,-2e-05,-0.0001,6e-05,0,0,2e-05,4e-05,-5e-05,-4e-05,-2e-05,-1e-05,0,1e-05,-0.00041,-0.00033,-0.00015,-0.00031,0.00075,-7e-05,-9e-05,0.00213,-2e-05,0.00025,-0.00243,-0.00031,5e-05,3e-05
17.84,-0.0002,-0,1e-05,-7e-05,-2e-05,0,0.00017,-2e-05,-9e-05,7e-05,0,0,2e-05,5e-05,-5e-05,-3e-05,-3e-05,-1e-05,0,1e-05,-0.00043,-0.00049,-0.00016,-0.00034,0.00073,-8e-05,-9e-05,0.00187,-2e-05,0.00028,-0.00234,-0.00034,5e-05,3e-05
17.86,-0.00029,-0,2e-05,-9e-05,-3e-05,0,0.00015,-1e-05,-8e-05,7e-05,0,0,2e-05,6e-05,-4e-05,-3e-05,-3e-05,-1e-05,0,1e-05,-0.00046,-0.00069,-0.00014,-0.00037,0.00067,-7e-05,-8e-05,0.00161,-1e-05,0.00028,-0.00224,-0.00035,5e-05,3e-05
17.88,-0.0004,-1e-05,2e-05,-0.00012,-3e-05,0,0.00013,-0,-7e-05,7e-05,0,0,2e-05,7e-05,-4e-05,-2e-05,-4e-05,-1e-05,0,1e-05,-0.00049,-0.00092,-0.0001,-0.0004,0.00056,-6e-05,-7e-05,0.00133,0,0.00027,-0.00211,-0.00033,4e-05,3e-05
17.9,-0.0005,-2e-05,2e-05,-0.00015,-3e-05,0,0.00011,0,-5e-05,7e-05,0,0,2e-05,8e-05,-4e-05,-2e-05,-4e-05,-0,0,1e-05,-0.00052,-0.00118,-4e-05,-0.00042,0.00041,-4e-05,-5e-05,0.00107,2e-05,0.00024,-0.00197,-0.00029,4e-05,3e-05
17.92,-0.00058,-3e-05,3e-05,-0.00018,-2e-05,0,9e-05,0,-4e-05,7e-05,0,0,2e-05,9e-05,-3e-05,-2e-05,-5e-05,-0,0,1e-05,-0.00054,-0.00145,3e-05,-0.00041,0.00024,-2e-05,-2e-05,0.00089,3e-05,0.00021,-0.00182,-0.00024,4e-05,2e-05
17.94,-0.00067,-4e-05,2e-05,-0.0002,-1e-05,0,8e-05,1e-05,-3e-05,7e-05,0,0,2e-05,0.0001,-3e-05,-1e-05,-5e-05,-0,0,2e-05,-0.00055,-0.00172,0.00011,-0.0004,8e-05,-0,0,0.00075,5e-05,0.00019,-0.00165,-0.0002,3e-05,2e-05
17.96,-0.00075,-6e-05,2e-05,-0.00022,1e-05,0,7e-05,1e-05,-2e-05,7e-05,0,0,2e-05,0.0001,-3e-05,-1e-05,-5e-05,-0,0,2e-05,-0.00058,-0.00197,0.00019,-0.00039,-8e-05,2e-05,3e-05,0.00059,5e-05,0.00017,-0.00147,-0.00017,3e-05,2e-05
17.98,-0.00082,-8e-05,2e-05,-0.00024,3e-05,0,7e-05,1e-05,-2e-05,7e-05,0,0,2e-05,0.0001,-2e-05,-1e-05,-5e-05,0,0,2e-05,-0.0006,-0.00219,0.00025,-0.00038,-0.00023,4e-05,4e-05,0.00043,6e-05,0.00017,-0.00127,-0.00015,3e-05,2e-05
18,-0.00089,-0.0001,1e-05,-0.00026,5e-05,0,8e-05,1e-05,-2e-05,7e-05,0,0,1e-05,9e-05,-2e-05,-1e-05,-5e-05,0,0,2e-05,-0.00064,-0.00236,0.0003,-0.00037,-0.00034,5e-05,6e-05,0.00029,6e-05,0.00017,-0.00107,-0.00013,3e-05,1e-05
18.02,-0.00095,-0.00012,1e-05,-0.00027,6e-05,0,9e-05,0,-2e-05,6e-05,0,0,1e-05,8e-05,-2e-05,-0,-5e-05,0,0,2e-05,-0.0007,-0.00246,0.00033,-0.00035,-0.00043,6e-05,7e-05,0.00018,6e-05,0.00017,-0.00087,-0.00011,2e-05,1e-05
18.04,-0.00101,-0.00014,0,-0.00029,7e-05,0,0.00011,-0,-3e-05,6e-05,0,0,1e-05,6e-05,-2e-05,-0,-5e-05,0,0,2e-05,-0.00076,-0.00248,0.00034,-0.00032,-0.00048,6e-05,8e-05,8e-05,7e-05,0.00015,-0.00069,-8e-05,2e-05,1e-05
18.06,-0.00107,-0.00015,0,-0.0003,7e-05,0,0.00013,-1e-05,-4e-05,5e-05,0,0,1e-05,5e-05,-1e-05,0,-5e-05,0,0,2e-05,-0.00081,-0.00241,0.00034,-0.00029,-0.00049,7e-05,8e-05,-1e-05,9e-05,0.00012,-0.00053,-4e-05,1e-05,1e-05
18.08,-0.00112,-0.00016,-0,-0.0003,7e-05,0,0.00015,-1e-05,-5e-05,5e-05,0,0,1e-05,4e-05,-1e-05,0,-4e-05,0,0,2e-05,-0.00086,-0.00226,0.00032,-0.00026,-0.00048,6e-05,8e-05,-0.00011,0.00012,8e-05,-0.00039,1e-05,1e-05,0
18.1,-0.00118,-0.00015,-0,-0.00031,6e-05,0,0.00018,-1e-05,-5e-05,5e-05,0,0,0,3e-05,-1e-05,1e-05,-4e-05,0,0,2e-05,-0.00089,-0.00205,0.00029,-0.00022,-0.00044,6e-05,7e-05,-0.0002,0.00014,2e-05,-0.00027,7e-05,0,0
18.12,-0.00125,-0.00014,-0,-0.00031,6e-05,0,0.00019,-2e-05,-6e-05,4e-05,0,0,0,1e-05,-1e-05,1e-05,-4e-05,0,0,2e-05,-0.0009,-0.00179,0.00025,-0.0002,-0.00038,5e-05,6e-05,-0.00027,0.00017,-4e-05,-0.00017,0.00013,-0,-0
18.14,-0.00131,-0.00012,-0,-0.0003,5e-05,0,0.0002,-2e-05,-6e-05,4e-05,0,0,0,-0,-0,1e-05,-4e-05,0,0,2e-05,-0.0009,-0.00152,0.0002,-0.00017,-0.00031,5e-05,5e-05,-0.00033,0.0002,-0.0001,-9e-05,0.00019,-0,-0
18.16,-0.00137,-9e-05,-0,-0.00029,4e-05,0,0.0002,-2e-05,-6e-05,4e-05,0,0,1e-05,-2e-05,-0,2e-05,-4e-05,0,0,2e-05,-0.00089,-0.00124,0.00015,-0.00014,-0.00023,4e-05,4e-05,-0.00039,0.00022,-0.00014,-2e-05,0.00023,-1e-05,-1e-05
18.18,-0.00143,-6e-05,-0,-0.00028,3e-05,0,0.00019,-1e-05,-5e-05,4e-05,0,0,1e-05,-3e-05,-0,2e-05,-4e-05,0,0,2e-05,-0.00087,-0.00096,0.00011,-0.00012,-0.00015,3e-05,3e-05,-0.00044,0.00023,-0.00019,4e-05,0.00026,-1e-05,-1e-05
18.2,-0.00148,-3e-05,-0,-0.00026,2e-05,0,0.00018,-1e-05,-5e-05,4e-05,0,0,1e-05,-5e-05,-0,2e-05,-4e-05,0,0,2e-05,-0.00083,-0.00069,6e-05,-9e-05,-8e-05,2e-05,2e-05,-0.00048,0.00024,-0.00022,0.0001,0.00029,-1e-05,-1e-05
18.22,-0.00151,-1e-05,0,-0.00023,1e-05,0,0.00016,-1e-05,-4e-05,4e-05,0,0,1e-05,-7e-05,0,3e-05,-4e-05,0,0,2e-05,-0.00078,-0.00044,2e-05,-6e-05,-0,1e-05,1e-05,-0.00051,0.00025,-0.00024,0.00014,0.00031,-1e-05,-1e-05
18.24,-0.00153,1e-05,0,-0.0002,1e-05,0,0.00014,-0,-3e-05,3e-05,0,-0,1e-05,-8e-05,0,3e-05,-4e-05,0,0,2e-05,-0.00072,-0.00021,-2e-05,-3e-05,7e-05,0,-0,-0.00052,0.00025,-0.00026,0.00019,0.00032,-1e-05,-1e-05
18.26,-0.00152,2e-05,0,-0.00017,1e-05,-0,0.00011,-0,-2e-05,3e-05,0,-0,1e-05,-0.0001,0,3e-05,-4e-05,0,0,2e-05,-0.00065,1e-05,-5e-05,-0,0.00015,-0,-1e-05,-0.00053,0.00025,-0.00028,0.00023,0.00032,-1e-05,-1e-05
18.28,-0.0015,3e-05,0,-0.00014,0,-0,0.0001,0,-2e-05,3e-05,0,-0,1e-05,-0.00011,0,3e-05,-3e-05,0,0,2e-05,-0.00058,0.00022,-9e-05,3e-05,0.00022,-1e-05,-2e-05,-0.00053,0.00025,-0.00029,0.00026,0.00033,-1e-05,-1e-05
18.3,-0.00145,4e-05,0,-0.0001,0,-0,8e-05,0,-1e-05,2e-05,0,-0,1e-05,-0.00012,0,3e-05,-3e-05,0,0,2e-05,-0.0005,0.00043,-0.00012,6e-05,0.0003,-2e-05,-3e-05,-0.00051,0.00024,-0.00029,0.0003,0.00032,-2e-05,-1e-05
18.32,-0.00138,4e-05,1e-05,-7e-05,0,-0,7e-05,0,-1e-05,2e-05,0,-0,1e-05,-0.00012,1e-05,3e-05,-3e-05,0,0,1e-05,-0.00041,0.00064,-0.00016,9e-05,0.00038,-3e-05,-4e-05,-0.00047,0.00023,-0.00029,0.00034,0.00032,-2e-05,-1e-05
18.34,-0.00129,3e-05,1e-05,-4e-05,0,-0,6e-05,0,-1e-05,1e-05,0,-0,1e-05,-0.00012,1e-05,3e-05,-2e-05,0,0,1e-05,-0.00033,0.00084,-0.0002,0.00011,0.00046,-4e-05,-5e-05,-0.00042,0.00022,-0.00028,0.00038,0.0003,-2e-05,-1e-05
18.36,-0.00121,3e-05,1e-05,-1e-05,0,-0,6e-05,-0,-1e-05,1e-05,0,-0,1e-05,-0.00011,1e-05,3e-05,-1e-05,0,0,1e-05,-0.00024,0.00102,-0.00024,0.00012,0.00055,-5e-05,-6e-05,-0.00038,0.00021,-0.00026,0.00042,0.00027,-1e-05,-1e-05
18.38,-0.00112,3e-05,1e-05,1e-05,0,-0,7e-05,-0,-1e-05,0,0,-0,1e-05,-0.0001,1e-05,2e-05,-0,0,0,1e-05,-0.00016,0.00118,-0.00027,0.00013,0.00063,-6e-05,-7e-05,-0.00033,0.00019,-0.00023,0.00045,0.00024,-1e-05,-1e-05
18.4,-0.00104,3e-05,1e-05,3e-05,-0,-0,7e-05,-1e-05,-1e-05,0,0,-0,1e-05,-9e-05,1e-05,2e-05,0,0,0,1e-05,-8e-05,0.00127,-0.00029,0.00014,0.0007,-6e-05,-8e-05,-0.00027,0.00017,-0.0002,0.00049,0.0002,-1e-05,-1e-05
18.42,-0.00097,2e-05,1e-05,5e-05,-0,-0,8e-05,-1e-05,-1e-05,-0,0,-0,1e-05,-8e-05,1e-05,1e-05,1e-05,0,0,1e-05,-0,0.00129,-0.00028,0.00016,0.00073,-7e-05,-9e-05,-0.00021,0.00016,-0.00017,0.00052,0.00015,-1e-05,-1e-05
18.44,-0.00092,2e-05,1e-05,5e-05,0,-0,8e-05,-1e-05,-1e-05,-1e-05,0,-0,1e-05,-6e-05,1e-05,1e-05,2e-05,0,-0,0,7e-05,0.0012,-0.00025,0.00018,0.00072,-7e-05,-9e-05,-0.00015,0.00014,-0.00014,0.00055,0.0001,-1e-05,-0
18.46,-0.00089,2e-05,1e-05,5e-05,0,-0,8e-05,-1e-05,-1e-05,-1e-05,0,-0,1e-05,-4e-05,1e-05,0,2e-05,0,-0,0,0.00014,0.00101,-0.0002,0.0002,0.00066,-7e-05,-8e-05,-9e-05,0.00013,-0.00011,0.00057,5e-05,-1e-05,-0
18.48,-0.00089,2e-05,0,4e-05,0,-0,8e-05,-1e-05,-1e-05,-1e-05,0,-0,1e-05,-2e-05,1e-05,-0,2e-05,0,-0,0,0.0002,0.00073,-0.00014,0.0002,0.00056,-6e-05,-7e-05,-4e-05,0.00012,-8e-05,0.00059,-0,-1e-05,-0
18.5,-0.00091,2e-05,0,3e-05,0,-0,7e-05,-1e-05,-1e-05,-1e-05,0,-0,1e-05,-1e-05,0,-1e-05,2e-05,0,-0,0,0.00026,0.00039,-8e-05,0.00019,0.00043,-5e-05,-6e-05,0,0.00011,-5e-05,0.00058,-6e-05,-1e-05,-0
18.52,-0.00096,2e-05,-0,0,1e-05,-0,7e-05,-1e-05,-1e-05,-2e-05,0,-0,1e-05,1e-05,0,-1e-05,2e-05,0,-0,0,0.0003,3e-05,-3e-05,0.00017,0.00028,-3e-05,-4e-05,4e-05,9e-05,-3e-05,0.00055,-0.00012,-0,0
18.54,-0.00103,2e-05,-0,-3e-05,1e-05,-0,7e-05,-1e-05,-0,-2e-05,0,-0,1e-05,2e-05,0,-1e-05,2e-05,0,-0,0,0.00033,-0.00032,1e-05,0.00013,0.00013,-2e-05,-2e-05,7e-05,8e-05,1e-05,0.00049,-0.00018,-0,0
18.56,-0.00112,2e-05,-1e-05,-7e-05,1e-05,-0,7e-05,-1e-05,-0,-2e-05,0,-0,1e-05,3e-05,0,-1e-05,2e-05,0,-0,0,0.00035,-0.00065,3e-05,9e-05,-2e-05,-0,0,8e-05,6e-05,4e-05,0.0004,-0.00025,0,0
18.58,-0.00122,1e-05,-1e-05,-0.00012,1e-05,-0,7e-05,-1e-05,-0,-3e-05,0,-0,1e-05,3e-05,0,-1e-05,1e-05,0,-0,1e-05,0.00035,-0.00094,4e-05,5e-05,-0.00015,1e-05,2e-05,9e-05,4e-05,7e-05,0.00026,-0.00032,0,0
18.6,-0.00134,1e-05,-1e-05,-0.00016,1e-05,-0,7e-05,-1e-05,0,-3e-05,0,-0,2e-05,3e-05,0,-1e-05,1e-05,0,-0,1e-05,0.00035,-0.00118,4e-05,1e-05,-0.00026,2e-05,3e-05,8e-05,2e-05,0.00011,8e-05,-0.00038,1e-05,1e-05
18.62,-0.00145,1e-05,-1e-05,-0.00021,1e-05,-0,8e-05,-1e-05,0,-3e-05,0,-0,2e-05,3e-05,0,-1e-05,0,0,-0,1e-05,0.00032,-0.00135,2e-05,-3e-05,-0.00035,3e-05,4e-05,6e-05,1e-05,0.00013,-0.00015,-0.00043,1e-05,1e-05
18.64,-0.00156,1e-05,-1e-05,-0.00025,1e-05,-0,8e-05,-1e-05,0,-4e-05,0,-0,2e-05,2e-05,0,-0,0,0,-0,1e-05,0.00027,-0.00146,1e-05,-7e-05,-0.0004,3e-05,5e-05,4e-05,0,0.00015,-0.00042,-0.00046,1e-05,1e-05
18.66,-0.00166,1e-05,-1e-05,-0.00028,1e-05,-0,9e-05,-1e-05,0,-4e-05,0,-0,2e-05,1e-05,0,0,-0,0,-0,1e-05,0.00021,-0.00151,-1e-05,-0.0001,-0.00043,3e-05,5e-05,1e-05,-0,0.00016,-0.00075,-0.00046,1e-05,1e-05
18.68,-0.00173,1e-05,-1e-05,-0.0003,1e-05,-0,9e-05,-1e-05,1e-05,-4e-05,0,-0,2e-05,1e-05,0,1e-05,-1e-05,0,-0,1e-05,0.00013,-0.00151,-2e-05,-0.00012,-0.00043,3e-05,4e-05,-1e-05,-0,0.00016,-0.0011,-0.00045,1e-05,1e-05
18.7,-0.00178,1e-05,-1e-05,-0.00032,0,-0,9e-05,-1e-05,1e-05,-3e-05,0,-0,2e-05,-0,0,1e-05,-1e-05,0,-0,1e-05,5e-05,-0.00146,-3e-05,-0.00013,-0.0004,2e-05,4e-05,-2e-05,0,0.00014,-0.00147,-0.00042,1e-05,0
18.72,-0.0018,0,-1e-05,-0.00031,0,-0,9e-05,-1e-05,1e-05,-3e-05,0,-0,2e-05,-1e-05,0,1e-05,-1e-05,0,-0,1e-05,-3e-05,-0.00139,-3e-05,-0.00016,-0.00036,2e-05,3e-05,-2e-05,1e-05,0.00012,-0.00183,-0.00037,0,0
18.74,-0.00178,0,-1e-05,-0.0003,0,-0,9e-05,-1e-05,1e-05,-3e-05,0,-0,1e-05,-2e-05,1e-05,2e-05,-1e-05,0,-0,1e-05,-0.00012,-0.0013,-2e-05,-0.00019,-0.00031,1e-05,2e-05,-0,2e-05,9e-05,-0.00216,-0.0003,0,0
18.76,-0.00172,0,-1e-05,-0.00026,0,-0,8e-05,-0,1e-05,-2e-05,0,-0,1e-05,-3e-05,1e-05,2e-05,-2e-05,0,-0,1e-05,-0.00019,-0.0012,-1e-05,-0.00022,-0.00027,1e-05,1e-05,2e-05,3e-05,4e-05,-0.00243,-0.00023,-0,-0
18.78,-0.00163,0,-1e-05,-0.00022,0,-0,8e-05,-0,1e-05,-1e-05,0,-0,1e-05,-3e-05,1e-05,2e-05,-2e-05,0,-0,1e-05,-0.00025,-0.00111,-1e-05,-0.00024,-0.00022,0,1e-05,6e-05,4e-05,-0,-0.00263,-0.00014,-1e-05,-0
18.8,-0.0015,0,-1e-05,-0.00017,-0,-0,7e-05,0,1e-05,-0,0,-0,1e-05,-4e-05,1e-05,3e-05,-2e-05,0,-0,1e-05,-0.00029,-0.00102,-0,-0.00025,-0.00018,-0,0,9e-05,4e-05,-6e-05,-0.00274,-6e-05,-1e-05,-0
18.82,-0.00134,0,-1e-05,-0.00011,-0,-0,6e-05,0,1e-05,1e-05,0,-0,1e-05,-5e-05,1e-05,3e-05,-2e-05,0,-0,1e-05,-0.0003,-0.00094,-0,-0.00026,-0.00015,-0,-0,0.00012,5e-05,-0.00011,-0.00276,2e-05,-1e-05,-1e-05
18.84,-0.00117,0,-0,-6e-05,-0,-0,5e-05,0,1e-05,1e-05,0,-0,0,-5e-05,1e-05,3e-05,-2e-05,0,-0,1e-05,-0.0003,-0.00086,-0,-0.00026,-0.00013,-1e-05,-1e-05,0.00014,6e-05,-0.00016,-0.00268,0.0001,-2e-05,-1e-05
18.86,-0.00099,-0,-0,-1e-05,-0,-0,4e-05,1e-05,0,2e-05,0,-0,0,-6e-05,1e-05,3e-05,-1e-05,0,-0,1e-05,-0.00027,-0.00079,-0,-0.00025,-0.00012,-1e-05,-1e-05,0.00013,6e-05,-0.0002,-0.0025,0.00016,-2e-05,-1e-05
18.88,-0.00081,-0,-0,3e-05,-0,-0,3e-05,1e-05,0,2e-05,0,-0,-0,-7e-05,1e-05,3e-05,-1e-05,0,-0,1e-05,-0.00023,-0.00072,-0,-0.00024,-0.00012,-1e-05,-0,0.0001,6e-05,-0.00022,-0.00225,0.00021,-2e-05,-1e-05
18.9,-0.00062,-0,-0,6e-05,-1e-05,-0,3e-05,1e-05,0,2e-05,0,-0,-0,-7e-05,1e-05,3e-05,-0,0,-0,1e-05,-0.00017,-0.00065,-0,-0.00022,-0.00013,-0,-0,5e-05,5e-05,-0.00023,-0.00196,0.00024,-2e-05,-1e-05
18.92,-0.00044,-0,-0,9e-05,-1e-05,-0,2e-05,0,-0,2e-05,0,-0,-1e-05,-7e-05,1e-05,2e-05,-0,0,-0,0,-0.00011,-0.00058,-0,-0.00019,-0.00014,-0,0,-3e-05,4e-05,-0.00022,-0.00164,0.00025,-3e-05,-1e-05
18.94,-0.00028,-0,-0,0.0001,-1e-05,-0,3e-05,0,-1e-05,2e-05,0,-0,-1e-05,-7e-05,1e-05,2e-05,0,0,-0,0,-4e-05,-0.00051,-0,-0.00016,-0.00016,-0,1e-05,-0.00012,3e-05,-0.00019,-0.00135,0.00024,-2e-05,-1e-05
18.96,-0.00013,-0,0,0.00012,-1e-05,-0,3e-05,-0,-1e-05,2e-05,0,0,-1e-05,-5e-05,0,1e-05,0,0,-0,0,2e-05,-0.00043,-0,-0.00014,-0.00017,0,1e-05,-0.00023,2e-05,-0.00014,-0.00109,0.00021,-2e-05,-1e-05
18.98,0,-0,0,0.00013,-1e-05,-0,5e-05,-0,-2e-05,2e-05,0,0,-1e-05,-4e-05,0,0,1e-05,0,-0,0,8e-05,-0.00036,-0,-0.00012,-0.00019,0,1e-05,-0.00034,1e-05,-6e-05,-0.00089,0.00016,-2e-05,-0
19,0.00012,-0,0,0.00013,-1e-05,-0,6e-05,-1e-05,-3e-05,2e-05,0,0,-1e-05,-2e-05,0,-1e-05,1e-05,0,-0,0,0.00014,-0.00028,-0,-0.00011,-0.0002,0,1e-05,-0.00045,-1e-05,2e-05,-0.00072,0.0001,-1e-05,-0
19.02,0.00022,-0,0,0.00014,-1e-05,-0,7e-05,-1e-05,-3e-05,1e-05,0,0,-1e-05,0,-0,-1e-05,1e-05,0,0,-0,0.00018,-0.00021,-1e-05,-0.00011,-0.00022,1e-05,2e-05,-0.00056,-3e-05,9e-05,-0.0006,4e-05,-1e-05,0
19.04,0.0003,-0,0,0.00014,-1e-05,-0,8e-05,-1e-05,-4e-05,1e-05,0,0,-1e-05,2e-05,-0,-2e-05,1e-05,0,0,-0,0.0002,-0.00014,-1e-05,-0.00011,-0.00024,1e-05,2e-05,-0.00067,-5e-05,0.00016,-0.00051,-3e-05,-0,0
19.06,0.00036,-0,0,0.00013,-1e-05,-0,9e-05,-1e-05,-4e-05,1e-05,0,0,-1e-05,3e-05,-0,-3e-05,1e-05,0,0,-0,0.00022,-8e-05,-0,-0.00011,-0.00025,1e-05,3e-05,-0.00078,-8e-05,0.0002,-0.00043,-8e-05,1e-05,0
19.08,0.00041,-0,0,0.00013,-1e-05,-0,9e-05,-1e-05,-4e-05,1e-05,0,0,-1e-05,4e-05,-1e-05,-3e-05,1e-05,0,0,-0,0.00023,-2e-05,-0,-0.00011,-0.00027,1e-05,3e-05,-0.00088,-0.0001,0.00023,-0.00035,-0.00014,1e-05,1e-05
19.1,0.00044,0,-0,0.00012,-1e-05,-0,9e-05,-1e-05,-4e-05,1e-05,0,0,-1e-05,4e-05,-1e-05,-3e-05,0,0,0,-0,0.00023,2e-05,-0,-0.00011,-0.00029,2e-05,4e-05,-0.00098,-0.00014,0.00024,-0.00027,-0.00019,2e-05,1e-05
19.12,0.00047,0,-0,0.00012,-1e-05,-0,8e-05,-1e-05,-3e-05,1e-05,0,0,-0,4e-05,-1e-05,-3e-05,1e-05,0,0,-0,0.00022,6e-05,0,-0.00011,-0.00031,2e-05,5e-05,-0.00108,-0.00018,0.00023,-0.00017,-0.00024,3e-05,1e-05
19.14,0.00048,0,-0,0.0001,-0,-0,7e-05,-0,-2e-05,1e-05,0,0,-0,4e-05,-1e-05,-2e-05,1e-05,0,0,-0,0.0002,8e-05,0,-0.00011,-0.00034,2e-05,5e-05,-0.00118,-0.00023,0.00021,-6e-05,-0.00029,4e-05,1e-05
19.16,0.0005,0,-0,9e-05,-0,-0,6e-05,0,-2e-05,2e-05,0,-0,-0,3e-05,-0,-2e-05,1e-05,0,-0,-0,0.00018,0.00011,1e-05,-0.0001,-0.00036,3e-05,6e-05,-0.00128,-0.00028,0.00018,7e-05,-0.00033,4e-05,1e-05
19.18,0.00051,0,-0,8e-05,0,-0,5e-05,0,-1e-05,2e-05,0,-0,-0,2e-05,-0,-2e-05,1e-05,0,-0,-0,0.00014,0.00012,1e-05,-8e-05,-0.00038,3e-05,7e-05,-0.00138,-0.00032,0.00014,0.00022,-0.00037,5e-05,2e-05
19.2,0.00053,1e-05,-0,7e-05,0,-0,4e-05,1e-05,-0,2e-05,0,-0,-0,2e-05,-0,-1e-05,1e-05,0,-0,-0,9e-05,0.00014,1e-05,-6e-05,-0.00039,3e-05,7e-05,-0.00147,-0.00036,9e-05,0.00038,-0.00039,5e-05,2e-05
19.22,0.00055,1e-05,-0,5e-05,1e-05,-0,3e-05,1e-05,1e-05,2e-05,0,-0,0,2e-05,-0,-1e-05,1e-05,0,-0,-0,4e-05,0.00016,1e-05,-2e-05,-0.00041,4e-05,7e-05,-0.00156,-0.00041,1e-05,0.00055,-0.0004,6e-05,2e-05
19.24,0.00058,1e-05,-0,4e-05,1e-05,-0,3e-05,1e-05,1e-05,2e-05,0,-0,0,2e-05,-0,-1e-05,1e-05,0,-0,-0,-3e-05,0.00018,1e-05,2e-05,-0.00042,4e-05,7e-05,-0.00163,-0.00044,-9e-05,0.00072,-0.00038,5e-05,2e-05
19.26,0.00062,0,-0,3e-05,1e-05,-0,3e-05,1e-05,1e-05,2e-05,0,-0,0,2e-05,-0,-1e-05,1e-05,0,-0,-0,-0.00011,0.00022,0,6e-05,-0.00043,4e-05,7e-05,-0.00169,-0.00043,-0.00022,0.00089,-0.00034,5e-05,2e-05
19.28,0.00067,0,-0,2e-05,1e-05,-0,4e-05,1e-05,1e-05,2e-05,0,-0,0,3e-05,-0,-1e-05,1e-05,0,-0,-0,-0.00019,0.00026,-0,0.00011,-0.00043,4e-05,7e-05,-0.00172,-0.0004,-0.00037,0.00105,-0.00028,4e-05,2e-05
19.3,0.00072,0,-0,2e-05,1e-05,-0,5e-05,1e-05,0,2e-05,0,-0,0,4e-05,-0,-2e-05,2e-05,0,-0,-0,-0.00027,0.0003,-2e-05,0.00016,-0.00042,3e-05,6e-05,-0.00173,-0.00032,-0.00051,0.0012,-0.00021,3e-05,1e-05
19.32,0.00076,0,-0,2e-05,2e-05,-0,6e-05,0,-0,3e-05,0,-0,-0,4e-05,-0,-2e-05,2e-05,0,-0,-0,-0.00034,0.00034,-3e-05,0.00018,-0.0004,3e-05,5e-05,-0.00172,-0.00023,-0.00063,0.00133,-0.00014,3e-05,1e-05
19.34,0.0008,0,-0,2e-05,2e-05,-0,7e-05,0,-1e-05,3e-05,0,-0,-0,5e-05,-0,-2e-05,2e-05,0,-0,-0,-0.0004,0.00038,-5e-05,0.00019,-0.00036,2e-05,3e-05,-0.00169,-0.00012,-0.0007,0.00144,-9e-05,2e-05,1e-05
19.36,0.00083,1e-05,0,2e-05,1e-05,-0,8e-05,-0,-1e-05,3e-05,0,-0,-1e-05,5e-05,-0,-2e-05,2e-05,0,-0,-1e-05,-0.00045,0.0004,-7e-05,0.00016,-0.00032,1e-05,2e-05,-0.00165,0,-0.00072,0.00151,-6e-05,1e-05,1e-05
19.38,0.00084,1e-05,0,2e-05,1e-05,-0,9e-05,-0,-2e-05,3e-05,0,-0,-1e-05,5e-05,-0,-2e-05,2e-05,0,-0,-1e-05,-0.00047,0.0004,-0.0001,0.0001,-0.00026,-0,-0,-0.00159,0.00011,-0.00068,0.00155,-6e-05,1e-05,1e-05
19.4,0.00085,1e-05,0,2e-05,1e-05,-0,0.0001,-0,-2e-05,3e-05,-0,-0,-2e-05,5e-05,-0,-2e-05,2e-05,0,-0,-1e-05,-0.00047,0.00037,-0.00014,-1e-05,-0.0002,-2e-05,-2e-05,-0.00152,0.00022,-0.00058,0.00155,-8e-05,1e-05,1e-05
19.42,0.00085,2e-05,0,2e-05,1e-05,-0,0.00011,-0,-2e-05,3e-05,-0,-0,-2e-05,4e-05,0,-2e-05,2e-05,0,0,-1e-05,-0.00043,0.0003,-0.00018,-0.00015,-0.00013,-3e-05,-4e-05,-0.00143,0.0003,-0.00045,0.00149,-0.00013,1e-05,1e-05
19.44,0.00083,4e-05,0,2e-05,1e-05,-0,0.00013,-0,-3e-05,3e-05,-0,-0,-3e-05,4e-05,0,-2e-05,2e-05,0,0,-1e-05,-0.00037,0.00021,-0.00022,-0.00032,-7e-05,-5e-05,-6e-05,-0.00133,0.00036,-0.00029,0.00137,-0.0002,1e-05,1e-05
19.46,0.00079,5e-05,1e-05,2e-05,0,-0,0.00014,-1e-05,-3e-05,4e-05,-0,-0,-3e-05,4e-05,0,-1e-05,2e-05,0,0,-1e-05,-0.0003,8e-05,-0.00027,-0.00052,-0,-6e-05,-7e-05,-0.00123,0.00039,-0.00012,0.00122,-0.00028,1e-05,1e-05
19.48,0.00074,6e-05,1e-05,2e-05,0,-0,0.00014,-1e-05,-3e-05,4e-05,-0,-0,-4e-05,4e-05,1e-05,-1e-05,2e-05,0,0,-1e-05,-0.00022,-4e-05,-0.00031,-0.00073,5e-05,-7e-05,-8e-05,-0.00113,0.00039,6e-05,0.00103,-0.00036,2e-05,2e-05
19.5,0.00067,7e-05,1e-05,0,0,-0,0.00014,-1e-05,-3e-05,4e-05,-0,-0,-4e-05,4e-05,1e-05,-0,2e-05,0,0,-1e-05,-0.00013,-0.00013,-0.00035,-0.00093,8e-05,-8e-05,-9e-05,-0.00105,0.00033,0.00022,0.00084,-0.00044,2e-05,2e-05
19.52,0.00056,7e-05,1e-05,-1e-05,-0,-0,0.00013,-0,-2e-05,3e-05,-0,-0,-3e-05,4e-05,1e-05,-0,1e-05,0,0,-0,-5e-05,-0.00016,-0.00037,-0.00114,9e-05,-8e-05,-9e-05,-0.00098,0.00023,0.00036,0.00067,-0.0005,2e-05,3e-05
19.54,0.00043,5e-05,1e-05,-3e-05,-0,0,0.00011,-0,-2e-05,3e-05,-0,-0,-3e-05,4e-05,0,-0,1e-05,0,0,-0,2e-05,-0.00011,-0.00036,-0.00131,8e-05,-8e-05,-8e-05,-0.00095,7e-05,0.00047,0.00054,-0.00053,3e-05,3e-05
19.56,0.00027,1e-05,1e-05,-4e-05,-0,0,7e-05,-0,-1e-05,2e-05,-0,-0,-1e-05,4e-05,0,-0,1e-05,0,-0,-0,6e-05,2e-05,-0.0003,-0.00141,4e-05,-7e-05,-7e-05,-0.00095,-0.00015,0.00053,0.00048,-0.00053,3e-05,3e-05
19.58,0.00011,-5e-05,1e-05,-6e-05,-0,0,2e-05,-0,-0,1e-05,-0,-0,-0,4e-05,-0,-1e-05,0,0,-0,-0,9e-05,0.00019,-0.00019,-0.00145,-3e-05,-6e-05,-5e-05,-0.00099,-0.00039,0.00056,0.00046,-0.0005,3e-05,3e-05
19.6,-5e-05,-0.00012,0,-8e-05,-1e-05,0,-3e-05,-0,1e-05,-0,-0,-0,1e-05,4e-05,-1e-05,-1e-05,-1e-05,0,-0,-0,9e-05,0.00036,-4e-05,-0.00143,-0.00011,-4e-05,-2e-05,-0.00103,-0.00063,0.00055,0.0005,-0.00043,2e-05,3e-05
19.62,-0.00017,-0.00019,0,-9e-05,-1e-05,0,-8e-05,-0,1e-05,-2e-05,-0,-0,2e-05,4e-05,-1e-05,-2e-05,-1e-05,0,-0,0,8e-05,0.00049,0.00014,-0.00132,-0.00021,-1e-05,0,-0.00108,-0.00084,0.0005,0.00057,-0.00035,2e-05,3e-05
19.64,-0.00024,-0.00024,-0,-0.0001,-1e-05,0,-0.00012,-0,2e-05,-2e-05,-0,-0,3e-05,3e-05,-2e-05,-2e-05,-1e-05,0,-0,0,6e-05,0.00052,0.00032,-0.00119,-0.00031,1e-05,3e-05,-0.00111,-0.00096,0.00041,0.00065,-0.00025,2e-05,2e-05
19.66,-0.00025,-0.00027,-0,-0.0001,-1e-05,0,-0.00014,-0,2e-05,-3e-05,-0,-0,4e-05,3e-05,-2e-05,-2e-05,-2e-05,0,-0,0,5e-05,0.00045,0.00049,-0.00108,-0.00041,3e-05,5e-05,-0.00112,-0.00099,0.00031,0.00074,-0.00016,1e-05,1e-05
19.68,-0.00021,-0.00028,-0,-9e-05,-1e-05,0,-0.00015,0,2e-05,-2e-05,-0,-0,4e-05,3e-05,-2e-05,-2e-05,-2e-05,0,-0,-0,4e-05,0.00028,0.00064,-0.00099,-0.0005,5e-05,6e-05,-0.0011,-0.00093,0.00018,0.00082,-6e-05,1e-05,1e-05
19.7,-0.00013,-0.00027,-0,-7e-05,-1e-05,0,-0.00014,0,2e-05,-2e-05,-0,0,4e-05,2e-05,-2e-05,-2e-05,-1e-05,0,-0,-0,5e-05,7e-05,0.00074,-0.00092,-0.00057,6e-05,8e-05,-0.00106,-0.00079,5e-05,0.00089,3e-05,0,-0
19.72,-2e-05,-0.00025,0,-5e-05,-1e-05,0,-0.00013,0,1e-05,-1e-05,0,0,3e-05,2e-05,-1e-05,-2e-05,-1e-05,0,-0,-0,7e-05,-0.00015,0.0008,-0.00087,-0.00062,7e-05,8e-05,-0.00099,-0.00059,-9e-05,0.00094,0.00012,-0,-1e-05
19.74,8e-05,-0.00022,0,-3e-05,-0,0,-0.00011,0,0,-0,0,0,2e-05,1e-05,-1e-05,-2e-05,-1e-05,0,-0,-0,0.0001,-0.00031,0.00082,-0.00084,-0.00064,7e-05,9e-05,-0.00091,-0.00039,-0.00021,0.00097,0.00019,-1e-05,-2e-05
19.76,0.00017,-0.00019,0,-1e-05,-0,0,-9e-05,0,-1e-05,1e-05,0,0,1e-05,1e-05,-1e-05,-1e-05,-1e-05,-0,0,-1e-05,0.00014,-0.00038,0.00078,-0.00082,-0.00064,7e-05,8e-05,-0.00079,-0.00021,-0.00031,0.00096,0.00024,-1e-05,-2e-05
19.78,0.00024,-0.00015,0,0,0,0,-7e-05,0,-1e-05,1e-05,0,0,1e-05,0,-1e-05,-1e-05,-1e-05,-0,0,-1e-05,0.00019,-0.00037,0.0007,-0.0008,-0.0006,7e-05,7e-05,-0.00066,-6e-05,-0.00038,0.00092,0.00028,-2e-05,-3e-05
19.8,0.00028,-0.00012,0,1e-05,0,0,-5e-05,0,-2e-05,2e-05,0,0,0,-0,-1e-05,-0,-0,-0,0,-1e-05,0.00024,-0.00028,0.00059,-0.00079,-0.00054,6e-05,6e-05,-0.00052,6e-05,-0.00043,0.00083,0.0003,-2e-05,-3e-05
19.82,0.00029,-0.0001,0,2e-05,1e-05,0,-3e-05,0,-3e-05,3e-05,0,0,-0,-1e-05,-0,0,-0,-0,0,-1e-05,0.00029,-0.00013,0.00046,-0.00079,-0.00048,5e-05,5e-05,-0.00036,0.00012,-0.00045,0.0007,0.00031,-2e-05,-3e-05
19.84,0.00028,-8e-05,0,2e-05,1e-05,0,-1e-05,0,-3e-05,3e-05,0,0,-1e-05,-1e-05,-0,0,-0,-0,0,-1e-05,0.00033,4e-05,0.00033,-0.00079,-0.0004,4e-05,4e-05,-0.00019,0.00014,-0.00044,0.00052,0.0003,-2e-05,-3e-05
19.86,0.00025,-6e-05,-0,2e-05,1e-05,0,-0,0,-4e-05,3e-05,1e-05,0,-1e-05,-1e-05,-0,1e-05,-0,-0,0,-1e-05,0.00037,0.00023,0.00022,-0.00077,-0.00034,3e-05,2e-05,-3e-05,0.00012,-0.00041,0.00031,0.00027,-2e-05,-3e-05
19.88,0.0002,-4e-05,-0,2e-05,1e-05,0,1e-05,0,-4e-05,3e-05,1e-05,0,-1e-05,-1e-05,-0,1e-05,-0,-0,0,-1e-05,0.00039,0.0004,0.00012,-0.00076,-0.00027,2e-05,1e-05,0.00013,6e-05,-0.00036,6e-05,0.00024,-2e-05,-2e-05
19.9,0.00013,-3e-05,-0,0,1e-05,0,2e-05,0,-3e-05,3e-05,1e-05,0,-1e-05,-1e-05,-0,1e-05,-0,-0,0,-0,0.0004,0.00056,3e-05,-0.00073,-0.00021,1e-05,0,0.00028,-2e-05,-0.00029,-0.00021,0.00019,-2e-05,-2e-05
19.92,7e-05,-2e-05,-0,-1e-05,1e-05,0,2e-05,0,-3e-05,3e-05,1e-05,0,-1e-05,-1e-05,-0,0,-0,-0,0,-0,0.00039,0.00069,-3e-05,-0.00069,-0.00017,0,-0,0.00039,-0.0001,-0.00023,-0.00047,0.00015,-1e-05,-2e-05
19.94,1e-05,-1e-05,-0,-3e-05,1e-05,0,2e-05,0,-2e-05,3e-05,1e-05,0,-1e-05,-1e-05,-0,0,-1e-05,0,0,-0,0.00036,0.0008,-7e-05,-0.00065,-0.00013,-0,-1e-05,0.00046,-0.00019,-0.00018,-0.0007,0.0001,-1e-05,-1e-05
19.96,-3e-05,0,-0,-4e-05,1e-05,0,3e-05,-0,-2e-05,2e-05,1e-05,0,-1e-05,-1e-05,-0,0,-1e-05,0,0,0,0.00032,0.00089,-0.0001,-0.00059,-0.0001,-1e-05,-1e-05,0.0005,-0.00026,-0.00013,-0.00091,5e-05,-1e-05,-1e-05
19.98,-6e-05,2e-05,-0,-6e-05,1e-05,0,3e-05,-0,-1e-05,2e-05,1e-05,0,-1e-05,-1e-05,-0,0,-1e-05,0,-0,0,0.00025,0.00095,-0.00012,-0.00053,-7e-05,-1e-05,-1e-05,0.0005,-0.00033,-9e-05,-0.00107,1e-05,-0,-0
20,-6e-05,3e-05,-0,-7e-05,1e-05,0,3e-05,-0,-0,1e-05,1e-05,0,-0,-0,-0,0,-1e-05,0,-0,0,0.00017,0.00098,-0.00012,-0.00046,-5e-05,-1e-05,-1e-05,0.00047,-0.00038,-6e-05,-0.0012,-3e-05,-0,0
20.02,-4e-05,4e-05,-0,-8e-05,1e-05,0,3e-05,-1e-05,0,1e-05,1e-05,0,-0,-0,-0,0,-0,0,-0,0,8e-05,0.00098,-0.00012,-0.00037,-3e-05,-1e-05,-1e-05,0.00041,-0.00043,-3e-05,-0.00128,-7e-05,0,0
20.04,1e-05,5e-05,-0,-8e-05,1e-05,0,3e-05,-1e-05,1e-05,1e-05,1e-05,-0,-0,-0,-0,0,-0,0,-0,0,-2e-05,0.00096,-0.00011,-0.00028,-2e-05,-1e-05,-1e-05,0.00033,-0.00046,0,-0.00133,-0.0001,0,1e-05
20.06,8e-05,6e-05,0,-7e-05,1e-05,0,3e-05,-1e-05,2e-05,1e-05,0,-0,-0,-0,-0,0,0,0,-0,0,-0.00013,0.00093,-0.0001,-0.00017,0,-1e-05,-1e-05,0.00024,-0.00049,4e-05,-0.00135,-0.00013,1e-05,1e-05
20.08,0.00017,6e-05,0,-5e-05,1e-05,0,2e-05,-1e-05,2e-05,1e-05,0,-0,-0,-0,-0,-0,0,0,-0,-0,-0.00023,0.00089,-9e-05,-4e-05,2e-05,-1e-05,-1e-05,0.00013,-0.00052,8e-05,-0.00133,-0.00015,1e-05,1e-05
20.1,0.00026,7e-05,0,-3e-05,0,0,2e-05,-1e-05,2e-05,1e-05,0,-0,-1e-05,-0,-0,-0,1e-05,0,-0,-0,-0.00035,0.00084,-7e-05,9e-05,4e-05,-1e-05,-1e-05,2e-05,-0.00053,0.00011,-0.00128,-0.00017,1e-05,1e-05
20.12,0.00036,7e-05,0,-1e-05,0,0,1e-05,-2e-05,2e-05,1e-05,0,-0,-1e-05,-0,-0,-0,1e-05,0,-0,-0,-0.00046,0.00081,-6e-05,0.00024,6e-05,-1e-05,-1e-05,-0.0001,-0.00053,0.00013,-0.00121,-0.00018,1e-05,1e-05
20.14,0.00045,7e-05,0,2e-05,0,0,0,-2e-05,2e-05,1e-05,0,-0,-1e-05,0,0,-0,1e-05,0,-0,-1e-05,-0.00057,0.0008,-5e-05,0.00039,7e-05,-2e-05,-2e-05,-0.00021,-0.00052,0.00013,-0.00113,-0.00018,1e-05,1e-05
20.16,0.00053,6e-05,-0,4e-05,0,0,-1e-05,-2e-05,2e-05,1e-05,0,-0,-1e-05,0,0,-0,1e-05,0,-0,-1e-05,-0.00067,0.00081,-4e-05,0.00054,9e-05,-2e-05,-2e-05,-0.00033,-0.00049,0.00011,-0.00103,-0.00018,1e-05,1e-05
20.18,0.00059,6e-05,-0,6e-05,-0,0,-1e-05,-2e-05,2e-05,0,0,-0,-1e-05,-0,0,-1e-05,2e-05,0,-0,-1e-05,-0.00076,0.00083,-3e-05,0.00068,0.0001,-2e-05,-2e-05,-0.00043,-0.00044,7e-05,-0.00092,-0.00017,1e-05,1e-05
20.2,0.00064,5e-05,-0,7e-05,-0,0,-2e-05,-1e-05,2e-05,-0,-0,-0,-1e-05,-0,0,-1e-05,2e-05,0,-0,-1e-05,-0.00083,0.00086,-2e-05,0.0008,0.0001,-2e-05,-1e-05,-0.00051,-0.00039,2e-05,-0.0008,-0.00015,1e-05,1e-05
20.22,0.00066,4e-05,-0,8e-05,-0,0,-3e-05,-1e-05,1e-05,-1e-05,-0,-0,-1e-05,-0,0,-1e-05,2e-05,0,-0,-1e-05,-0.00088,0.00087,-1e-05,0.00087,0.0001,-1e-05,-1e-05,-0.00058,-0.00033,-4e-05,-0.00069,-0.00013,0,1e-05
20.24,0.00067,3e-05,-0,9e-05,-0,0,-3e-05,-1e-05,1e-05,-1e-05,-0,-0,-1e-05,-1e-05,0,-1e-05,2e-05,-0,-0,-1e-05,-0.00088,0.00086,1e-05,0.0009,9e-05,-1e-05,-1e-05,-0.00062,-0.00026,-0.0001,-0.00059,-0.00011,0,0
20.26,0.00066,3e-05,-0,0.0001,-0,0,-3e-05,-1e-05,1e-05,-2e-05,-0,-0,-0,-1e-05,0,-1e-05,2e-05,-0,-0,-1e-05,-0.00085,0.00081,2e-05,0.00088,8e-05,-1e-05,-1e-05,-0.00062,-0.0002,-0.00015,-0.00049,-0.0001,-0,0
20.28,0.00064,2e-05,-0,0.0001,-0,0,-3e-05,-1e-05,0,-2e-05,-0,-0,-0,-2e-05,0,-1e-05,2e-05,-0,-0,-1e-05,-0.00079,0.00074,4e-05,0.0008,6e-05,-1e-05,-1e-05,-0.0006,-0.00014,-0.00019,-0.0004,-9e-05,-0,-0
20.3,0.0006,2e-05,-0,0.0001,-0,0,-2e-05,-1e-05,0,-2e-05,-0,-0,-0,-2e-05,-0,-1e-05,2e-05,-0,-0,-1e-05,-0.0007,0.00064,5e-05,0.00069,5e-05,-0,-0,-0.00055,-8e-05,-0.00022,-0.00032,-8e-05,-0,-0
20.32,0.00055,2e-05,-0,9e-05,-0,0,-1e-05,-1e-05,-0,-2e-05,-0,-0,-0,-2e-05,-0,-1e-05,1e-05,-0,0,-0,-0.00058,0.00052,5e-05,0.00054,4e-05,-0,-0,-0.00048,-2e-05,-0.00024,-0.00026,-7e-05,-0,-0
20.34,0.00049,2e-05,-0,8e-05,-0,0,0,-1e-05,-1e-05,-2e-05,-0,-0,-0,-3e-05,-0,-1e-05,1e-05,-0,0,-0,-0.00045,0.0004,5e-05,0.00037,4e-05,0,0,-0.00038,5e-05,-0.00025,-0.00022,-7e-05,-1e-05,-0
20.36,0.00043,2e-05,-0,7e-05,0,-0,2e-05,-1e-05,-1e-05,-2e-05,-0,0,-0,-3e-05,-0,-1e-05,1e-05,-0,0,-0,-0.00031,0.00027,3e-05,0.0002,5e-05,0,0,-0.00027,0.00012,-0.00026,-0.00019,-6e-05,-1e-05,-1e-05
20.38,0.00036,2e-05,-0,5e-05,0,-0,3e-05,-0,-2e-05,-2e-05,-0,0,-0,-2e-05,-0,-1e-05,1e-05,-0,0,-0,-0.00018,0.00013,2e-05,4e-05,6e-05,0,-0,-0.00015,0.0002,-0.00028,-0.00019,-4e-05,-1e-05,-1e-05
20.4,0.00031,2e-05,-0,3e-05,0,-0,5e-05,-0,-2e-05,-1e-05,-0,0,-0,-2e-05,-0,-1e-05,1e-05,-0,0,-0,-6e-05,-4e-05,-0,-0.00011,7e-05,0,-0,-1e-05,0.00031,-0.00031,-0.0002,-2e-05,-1e-05,-1e-05
20.42,0.00027,3e-05,-0,2e-05,0,-0,7e-05,-1e-05,-2e-05,-1e-05,-0,0,-0,-1e-05,-0,-1e-05,1e-05,-0,0,-0,4e-05,-0.00023,-1e-05,-0.00022,8e-05,-0,-0,0.00013,0.00045,-0.00035,-0.00023,1e-05,-1e-05,-1e-05
20.44,0.00026,3e-05,-0,1e-05,0,-0,8e-05,-1e-05,-3e-05,0,-0,0,-0,0,0,-1e-05,2e-05,-0,0,-0,0.00012,-0.00047,-1e-05,-0.00029,9e-05,-0,-0,0.00026,0.00062,-0.00041,-0.00028,6e-05,-1e-05,-1e-05
20.46,0.00028,4e-05,-0,1e-05,-0,-0,0.0001,-1e-05,-3e-05,1e-05,-0,0,-1e-05,2e-05,0,-1e-05,2e-05,-0,0,-0,0.00016,-0.00075,-0,-0.00032,8e-05,-0,-0,0.00038,0.00082,-0.00048,-0.00034,0.00011,-1e-05,-1e-05
20.48,0.00032,5e-05,-0,2e-05,-0,-0,0.00011,-1e-05,-3e-05,1e-05,-0,0,-1e-05,3e-05,0,-1e-05,2e-05,-0,0,-0,0.00017,-0.00109,2e-05,-0.0003,6e-05,-0,-0,0.00048,0.00103,-0.00056,-0.0004,0.00016,-2e-05,-2e-05
20.5,0.00041,6e-05,0,4e-05,-0,-0,0.00013,-1e-05,-4e-05,2e-05,-0,0,-1e-05,5e-05,1e-05,-1e-05,3e-05,-0,0,-1e-05,0.00016,-0.00148,6e-05,-0.00025,3e-05,0,0,0.00054,0.00125,-0.00061,-0.00045,0.00019,-2e-05,-2e-05
20.52,0.00053,7e-05,0,6e-05,0,-0,0.00014,-1e-05,-4e-05,3e-05,-0,0,-1e-05,7e-05,1e-05,-1e-05,4e-05,-0,0,-1e-05,0.00012,-0.00191,0.0001,-0.00018,-0,0,0,0.00056,0.00143,-0.00062,-0.00048,0.00019,-2e-05,-2e-05
20.54,0.00068,9e-05,0,9e-05,0,-0,0.00015,-1e-05,-4e-05,4e-05,-0,0,-1e-05,8e-05,2e-05,-1e-05,5e-05,-0,0,-1e-05,7e-05,-0.00235,0.00014,-9e-05,-4e-05,0,1e-05,0.00051,0.00156,-0.00057,-0.00047,0.00016,-2e-05,-2e-05
20.56,0.00086,0.00012,1e-05,0.00013,0,-0,0.00016,-2e-05,-4e-05,4e-05,-0,0,-1e-05,0.0001,2e-05,-1e-05,6e-05,-0,0,-1e-05,0,-0.00277,0.00017,2e-05,-8e-05,1e-05,1e-05,0.00041,0.00163,-0.00047,-0.00042,8e-05,-2e-05,-2e-05
20.58,0.00106,0.00015,1e-05,0.00017,0,-0,0.00017,-2e-05,-4e-05,5e-05,-0,0,-2e-05,0.00012,3e-05,-1e-05,7e-05,-0,0,-1e-05,-8e-05,-0.00311,0.00019,0.00013,-0.00011,1e-05,1e-05,0.00023,0.00163,-0.00033,-0.00032,-2e-05,-1e-05,-1e-05
20.6,0.00126,0.00019,1e-05,0.00022,1e-05,-0,0.00017,-2e-05,-4e-05,5e-05,-0,-0,-2e-05,0.00013,3e-05,-1e-05,8e-05,-0,0,-1e-05,-0.00017,-0.00333,0.00018,0.00025,-0.00013,1e-05,1e-05,0,0.00156,-0.00016,-0.00016,-0.00015,-1e-05,-0
20.62,0.00143,0.00022,1e-05,0.00026,1e-05,-0,0.00015,-2e-05,-4e-05,5e-05,-0,-0,-2e-05,0.00014,3e-05,-1e-05,9e-05,-0,0,-2e-05,-0.00027,-0.00333,0.00016,0.0004,-0.00012,1e-05,1e-05,-0.00029,0.00142,0,6e-05,-0.00027,0,0
20.64,0.00158,0.00024,1e-05,0.0003,1e-05,-0,0.00012,-2e-05,-3e-05,4e-05,-0,-0,-2e-05,0.00014,3e-05,-1e-05,9e-05,-0,0,-2e-05,-0.00039,-0.00308,0.0001,0.00056,-8e-05,0,0,-0.00064,0.00122,0.00016,0.00033,-0.00036,1e-05,1e-05
20.66,0.00169,0.00024,1e-05,0.00033,1e-05,-0,8e-05,-2e-05,-3e-05,3e-05,-0,-0,-1e-05,0.00014,3e-05,-2e-05,9e-05,-0,0,-2e-05,-0.00051,-0.00253,2e-05,0.00075,-1e-05,-0,-0,-0.00105,0.00094,0.00029,0.00065,-0.00043,1e-05,1e-05
20.68,0.00176,0.00023,0,0.00035,2e-05,-0,2e-05,-2e-05,-2e-05,1e-05,-0,-0,-1e-05,0.00013,3e-05,-2e-05,9e-05,-0,0,-2e-05,-0.00066,-0.00172,-9e-05,0.00096,0.0001,-1e-05,-1e-05,-0.0015,0.0006,0.00041,0.00101,-0.00047,2e-05,1e-05
20.7,0.00181,0.00019,-0,0.00037,2e-05,-0,-5e-05,-2e-05,-2e-05,-2e-05,-0,-0,-1e-05,0.00012,2e-05,-3e-05,9e-05,-0,0,-2e-05,-0.0008,-0.00068,-0.00022,0.00119,0.00023,-2e-05,-3e-05,-0.00199,0.00022,0.0005,0.00139,-0.00048,2e-05,2e-05
20.72,0.00182,0.00013,-1e-05,0.00037,2e-05,0,-0.00012,-2e-05,-1e-05,-4e-05,-0,-0,-0,0.00011,1e-05,-3e-05,8e-05,-0,-0,-2e-05,-0.00092,0.00051,-0.00036,0.00141,0.0004,-3e-05,-4e-05,-0.00252,-0.00018,0.00057,0.00177,-0.00047,2e-05,2e-05
20.74,0.00182,7e-05,-1e-05,0.00038,2e-05,0,-0.00018,-2e-05,-0,-6e-05,-0,-0,0,9e-05,-0,-4e-05,7e-05,-0,-0,-2e-05,-0.00102,0.00177,-0.00049,0.00163,0.00058,-4e-05,-6e-05,-0.00306,-0.00059,0.00063,0.00213,-0.00045,2e-05,2e-05
20.76,0.00182,2e-05,-1e-05,0.00038,1e-05,0,-0.00024,-2e-05,0,-9e-05,-0,-0,1e-05,8e-05,-2e-05,-4e-05,6e-05,-0,-0,-2e-05,-0.00111,0.00302,-0.00061,0.00183,0.00076,-6e-05,-8e-05,-0.00358,-0.00097,0.00069,0.00246,-0.00043,2e-05,2e-05
20.78,0.00183,-2e-05,-0,0.00038,1e-05,0,-0.00028,-2e-05,1e-05,-0.0001,-0,-0,1e-05,7e-05,-3e-05,-5e-05,5e-05,-0,-0,-2e-05,-0.00118,0.00415,-0.00072,0.00202,0.00092,-7e-05,-0.0001,-0.00404,-0.00131,0.00073,0.00275,-0.0004,3e-05,2e-05
20.8,0.00182,-4e-05,0,0.00038,1e-05,0,-0.00031,-2e-05,1e-05,-0.00011,-0,-0,1e-05,5e-05,-4e-05,-5e-05,3e-05,-0,-0,-2e-05,-0.00124,0.00508,-0.00077,0.00218,0.00105,-8e-05,-0.00011,-0.00447,-0.00157,0.00076,0.00298,-0.00037,2e-05,2e-05
20.82,0.0018,-4e-05,1e-05,0.00039,0,0,-0.00033,-1e-05,1e-05,-0.00012,-0,-0,1e-05,4e-05,-4e-05,-5e-05,2e-05,-0,-0,-2e-05,-0.00129,0.00568,-0.00073,0.00237,0.00111,-9e-05,-0.00012,-0.0049,-0.00174,0.00078,0.00316,-0.00032,2e-05,2e-05
20.84,0.00176,-2e-05,2e-05,0.00039,0,0,-0.00033,-1e-05,1e-05,-0.00012,-0,-0,1e-05,3e-05,-4e-05,-5e-05,1e-05,-0,-0,-2e-05,-0.00131,0.00589,-0.00062,0.00253,0.00108,-9e-05,-0.00012,-0.00528,-0.0018,0.00075,0.00327,-0.00026,2e-05,1e-05
20.86,0.00171,1e-05,3e-05,0.0004,-0,0,-0.00032,-1e-05,1e-05,-0.00011,-0,-0,1e-05,2e-05,-4e-05,-5e-05,1e-05,-0,-0,-2e-05,-0.00131,0.00571,-0.00048,0.00262,0.00098,-8e-05,-0.0001,-0.00555,-0.00173,0.00069,0.00331,-0.00018,1e-05,1e-05
20.88,0.00164,5e-05,3e-05,0.00041,-0,0,-0.0003,-1e-05,0,-0.0001,-0,-0,1e-05,2e-05,-4e-05,-5e-05,1e-05,-0,-0,-2e-05,-0.00128,0.00518,-0.00032,0.00267,0.0008,-6e-05,-8e-05,-0.00572,-0.00156,0.00059,0.00329,-8e-05,1e-05,0
20.9,0.00155,7e-05,3e-05,0.00041,-1e-05,0,-0.00027,-1e-05,0,-9e-05,-0,-0,1e-05,1e-05,-3e-05,-4e-05,1e-05,-0,-0,-2e-05,-0.00123,0.00442,-0.00018,0.00264,0.00058,-4e-05,-5e-05,-0.0058,-0.00132,0.00046,0.00321,3e-05,-0,-0
20.92,0.00143,8e-05,3e-05,0.00041,-1e-05,0,-0.00025,-1e-05,-0,-7e-05,-0,-0,0,1e-05,-3e-05,-4e-05,1e-05,-0,-0,-2e-05,-0.00119,0.00357,-9e-05,0.00248,0.00034,-1e-05,-2e-05,-0.00579,-0.00105,0.00031,0.0031,0.00014,-1e-05,-1e-05
20.94,0.00128,8e-05,3e-05,0.0004,-1e-05,0,-0.00022,-1e-05,-0,-6e-05,-0,0,-0,0,-2e-05,-3e-05,1e-05,-0,-0,-2e-05,-0.00114,0.00272,-3e-05,0.00227,0.00011,2e-05,2e-05,-0.0057,-0.00079,0.00018,0.00295,0.00025,-2e-05,-1e-05
20.96,0.00112,7e-05,2e-05,0.00037,-1e-05,0,-0.00019,-0,-0,-5e-05,-0,0,-0,0,-2e-05,-3e-05,2e-05,-0,0,-2e-05,-0.00108,0.00195,-0,0.00207,-0.0001,4e-05,4e-05,-0.00553,-0.00056,6e-05,0.00277,0.00034,-3e-05,-2e-05
20.98,0.00095,6e-05,2e-05,0.00035,-1e-05,0,-0.00017,-0,-0,-4e-05,-0,0,-1e-05,0,-1e-05,-2e-05,2e-05,-0,0,-2e-05,-0.00101,0.00127,1e-05,0.00185,-0.00027,5e-05,7e-05,-0.00529,-0.00036,-3e-05,0.00255,0.00042,-3e-05,-2e-05
21,0.00078,6e-05,1e-05,0.00031,-0,0,-0.00015,0,-0,-3e-05,-0,0,-1e-05,0,-1e-05,-2e-05,1e-05,-0,0,-2e-05,-0.00092,0.00071,-0,0.00162,-0.00041,7e-05,9e-05,-0.00498,-0.00022,-8e-05,0.00232,0.00048,-4e-05,-3e-05
21.02,0.00063,6e-05,1e-05,0.00027,-0,0,-0.00014,1e-05,0,-3e-05,-0,0,-1e-05,0,-1e-05,-1e-05,1e-05,-0,0,-1e-05,-0.00081,0.00025,-2e-05,0.0014,-0.00052,8e-05,0.0001,-0.00459,-0.00011,-0.0001,0.00205,0.00051,-4e-05,-3e-05
21.04,0.0005,5e-05,0,0.00022,-0,0,-0.00013,2e-05,0,-3e-05,-0,0,-1e-05,0,-0,-1e-05,1e-05,-0,0,-1e-05,-0.00069,-0.00013,-4e-05,0.00118,-0.00059,8e-05,0.00011,-0.00414,-3e-05,-9e-05,0.00177,0.00052,-4e-05,-3e-05
21.06,0.00039,6e-05,-0,0.00018,0,0,-0.00012,3e-05,0,-2e-05,-0,0,-1e-05,-0,-0,-0,0,-0,0,-1e-05,-0.00057,-0.00044,-6e-05,0.00096,-0.00062,8e-05,0.00011,-0.00366,2e-05,-5e-05,0.00148,0.0005,-4e-05,-3e-05
21.08,0.00028,6e-05,-1e-05,0.00013,1e-05,0,-0.00011,4e-05,1e-05,-2e-05,-0,0,-1e-05,-1e-05,-0,-0,-1e-05,-0,0,-1e-05,-0.00045,-0.00069,-8e-05,0.00074,-0.00064,8e-05,0.00011,-0.00316,5e-05,1e-05,0.00119,0.00047,-4e-05,-3e-05
21.1,0.0002,7e-05,-1e-05,8e-05,1e-05,0,-0.00011,5e-05,1e-05,-1e-05,-0,0,-1e-05,-2e-05,-0,-0,-1e-05,-0,0,-1e-05,-0.00031,-0.00089,-8e-05,0.00054,-0.00062,8e-05,0.00011,-0.00262,8e-05,8e-05,0.00091,0.00043,-4e-05,-2e-05
21.12,0.00014,7e-05,-1e-05,3e-05,2e-05,0,-0.0001,6e-05,1e-05,-1e-05,-0,0,-1e-05,-3e-05,-0,-0,-2e-05,-0,0,-1e-05,-0.00018,-0.00103,-7e-05,0.00036,-0.00059,7e-05,0.0001,-0.00205,0.0001,0.00013,0.00068,0.00039,-3e-05,-2e-05
21.14,0.00011,8e-05,-1e-05,-2e-05,2e-05,0,-9e-05,7e-05,1e-05,0,-0,0,-1e-05,-4e-05,-0,-0,-3e-05,-0,0,-0,-6e-05,-0.00112,-5e-05,0.00021,-0.00055,7e-05,9e-05,-0.0015,0.00013,0.00017,0.00049,0.00037,-3e-05,-2e-05
21.16,8e-05,9e-05,-1e-05,-7e-05,3e-05,0,-8e-05,7e-05,1e-05,1e-05,-0,0,-1e-05,-4e-05,-0,0,-3e-05,-0,0,-0,4e-05,-0.00116,-3e-05,9e-05,-0.00049,6e-05,8e-05,-0.00099,0.00017,0.00017,0.00037,0.00036,-2e-05,-2e-05
21.18,5e-05,9e-05,-1e-05,-0.00012,4e-05,0,-7e-05,7e-05,1e-05,2e-05,-0,0,-1e-05,-5e-05,-0,0,-4e-05,-0,0,-0,0.00013,-0.00115,-0,0,-0.00043,5e-05,7e-05,-0.00052,0.00022,0.00014,0.00032,0.00037,-2e-05,-1e-05
21.2,3e-05,0.0001,-1e-05,-0.00016,4e-05,0,-6e-05,7e-05,0,3e-05,-0,0,-1e-05,-5e-05,-0,0,-4e-05,-0,0,-0,0.00021,-0.0011,1e-05,-5e-05,-0.00037,4e-05,6e-05,-0.0001,0.00026,9e-05,0.00032,0.0004,-2e-05,-1e-05
21.22,2e-05,0.0001,-1e-05,-0.00019,4e-05,-0,-5e-05,6e-05,0,5e-05,-0,0,-1e-05,-5e-05,-0,0,-5e-05,-0,0,-0,0.00025,-0.00102,3e-05,-7e-05,-0.00032,4e-05,5e-05,0.00028,0.00031,2e-05,0.00038,0.00044,-2e-05,-1e-05
21.24,2e-05,0.0001,-1e-05,-0.00022,4e-05,-0,-4e-05,6e-05,-0,6e-05,-0,0,-1e-05,-5e-05,-0,0,-5e-05,-0,0,0,0.00028,-0.00093,3e-05,-5e-05,-0.00028,3e-05,5e-05,0.0006,0.00035,-6e-05,0.00047,0.00048,-2e-05,-1e-05
21.26,1e-05,0.0001,-2e-05,-0.00024,4e-05,-0,-2e-05,5e-05,-1e-05,6e-05,-0,0,-1e-05,-5e-05,-0,0,-5e-05,-0,0,0,0.0003,-0.00082,2e-05,0,-0.00026,3e-05,4e-05,0.00088,0.00037,-0.00014,0.00059,0.00053,-2e-05,-1e-05
21.28,1e-05,0.0001,-2e-05,-0.00026,3e-05,-0,-1e-05,4e-05,-1e-05,7e-05,-0,0,-1e-05,-4e-05,-0,0,-5e-05,-0,0,0,0.0003,-0.0007,1e-05,9e-05,-0.00026,3e-05,4e-05,0.00111,0.00038,-0.00023,0.00072,0.00057,-2e-05,-1e-05
21.3,1e-05,9e-05,-2e-05,-0.00026,2e-05,-0,1e-05,3e-05,-1e-05,8e-05,-0,0,-0,-4e-05,-0,0,-5e-05,-0,0,0,0.00029,-0.00057,0,0.00019,-0.00028,4e-05,4e-05,0.00131,0.00037,-0.0003,0.00084,0.00061,-2e-05,-1e-05
21.32,1e-05,8e-05,-3e-05,-0.00026,2e-05,-0,2e-05,2e-05,-2e-05,8e-05,-0,0,-0,-3e-05,-0,1e-05,-5e-05,-0,0,0,0.00029,-0.00044,-1e-05,0.00029,-0.00032,4e-05,5e-05,0.00147,0.00036,-0.00036,0.00092,0.00064,-2e-05,-2e-05
21.34,1e-05,7e-05,-3e-05,-0.00024,1e-05,-0,3e-05,2e-05,-2e-05,8e-05,-0,0,-0,-3e-05,-0,0,-5e-05,-0,0,0,0.00028,-0.00031,-2e-05,0.00038,-0.00037,4e-05,5e-05,0.0016,0.00032,-0.00041,0.00095,0.00065,-2e-05,-1e-05
21.36,1e-05,6e-05,-3e-05,-0.00022,1e-05,-0,3e-05,1e-05,-2e-05,8e-05,0,0,0,-3e-05,-0,0,-5e-05,-0,0,0,0.00028,-0.00016,-3e-05,0.00045,-0.00042,5e-05,6e-05,0.00172,0.00027,-0.00045,0.00092,0.00065,-2e-05,-1e-05
21.38,1e-05,4e-05,-3e-05,-0.00019,0,-0,4e-05,1e-05,-2e-05,8e-05,0,0,0,-2e-05,-1e-05,0,-5e-05,-0,0,0,0.00028,0,-4e-05,0.00049,-0.00048,5e-05,6e-05,0.00181,0.0002,-0.00047,0.00082,0.00063,-1e-05,-1e-05
21.4,2e-05,2e-05,-3e-05,-0.00016,0,-0,4e-05,1e-05,-2e-05,8e-05,0,0,0,-2e-05,-1e-05,0,-5e-05,-0,0,0,0.00028,0.00019,-4e-05,0.0005,-0.00054,5e-05,6e-05,0.00188,0.00011,-0.00048,0.00065,0.0006,-1e-05,-1e-05
21.42,2e-05,1e-05,-3e-05,-0.00013,0,-0,5e-05,1e-05,-1e-05,8e-05,0,0,0,-2e-05,-1e-05,0,-4e-05,-0,0,-0,0.00028,0.00041,-4e-05,0.00048,-0.00058,5e-05,6e-05,0.00193,1e-05,-0.00048,0.00041,0.00056,-1e-05,-1e-05
21.44,2e-05,-1e-05,-2e-05,-0.0001,0,-0,5e-05,1e-05,-1e-05,9e-05,0,0,0,-2e-05,-1e-05,0,-4e-05,0,0,-0,0.0003,0.00068,-3e-05,0.00042,-0.00062,5e-05,6e-05,0.00195,-0.00011,-0.00047,0.0001,0.00052,-0,-0
21.46,2e-05,-3e-05,-2e-05,-7e-05,0,-0,5e-05,2e-05,-1e-05,9e-05,0,0,0,-1e-05,-1e-05,0,-4e-05,0,0,-0,0.00031,0.00097,-3e-05,0.00034,-0.00064,4e-05,5e-05,0.00194,-0.00025,-0.00046,-0.00029,0.00046,0,-0
21.48,1e-05,-4e-05,-1e-05,-5e-05,0,-0,5e-05,2e-05,-0,0.0001,0,0,0,-1e-05,-1e-05,0,-4e-05,0,0,-0,0.00031,0.00129,-2e-05,0.00023,-0.00066,3e-05,4e-05,0.00192,-0.0004,-0.00044,-0.00077,0.00041,1e-05,0
21.5,-0,-6e-05,-1e-05,-3e-05,0,-0,6e-05,2e-05,0,0.0001,0,0,0,-0,-2e-05,0,-4e-05,0,0,-0,0.00032,0.00161,-1e-05,9e-05,-0.00068,2e-05,3e-05,0.00187,-0.00056,-0.00042,-0.00134,0.00036,1e-05,1e-05
21.52,-2e-05,-8e-05,-1e-05,-3e-05,-0,-0,7e-05,2e-05,1e-05,0.00011,0,-0,-0,1e-05,-2e-05,-0,-4e-05,0,0,-0,0.00032,0.00188,-0,-6e-05,-0.0007,1e-05,2e-05,0.00182,-0.00073,-0.0004,-0.00202,0.00032,1e-05,1e-05
21.54,-4e-05,-0.0001,-0,-3e-05,-0,0,8e-05,2e-05,1e-05,0.00012,-0,-0,-1e-05,2e-05,-2e-05,-0,-4e-05,0,0,-0,0.00033,0.00209,-0,-0.00025,-0.00075,-0,1e-05,0.00177,-0.0009,-0.00037,-0.00282,0.00029,2e-05,1e-05
21.56,-6e-05,-0.00011,0,-4e-05,-1e-05,0,0.0001,2e-05,1e-05,0.00013,-0,-0,-1e-05,4e-05,-2e-05,-0,-3e-05,0,-0,-0,0.00032,0.00222,-0,-0.00047,-0.00081,-1e-05,1e-05,0.00172,-0.00106,-0.00033,-0.00376,0.00027,2e-05,1e-05
21.58,-7e-05,-0.00013,0,-5e-05,-1e-05,0,0.00013,2e-05,1e-05,0.00014,-0,-0,-2e-05,7e-05,-2e-05,-0,-3e-05,0,-0,-0,0.00029,0.00227,0,-0.0007,-0.00088,-1e-05,1e-05,0.00168,-0.00121,-0.00027,-0.00485,0.00025,2e-05,1e-05
21.6,-9e-05,-0.00014,0,-7e-05,-1e-05,0,0.00016,2e-05,1e-05,0.00015,-0,-0,-2e-05,0.0001,-3e-05,-0,-2e-05,0,-0,-0,0.00026,0.00224,0,-0.00095,-0.00095,-1e-05,2e-05,0.0017,-0.00136,-0.00018,-0.00612,0.00024,2e-05,1e-05
21.62,-8e-05,-0.00016,0,-0.0001,-2e-05,0,0.00019,2e-05,1e-05,0.00017,-1e-05,-0,-3e-05,0.00014,-3e-05,-0,-2e-05,0,-0,-1e-05,0.00022,0.00213,0,-0.00121,-0.00102,-0,2e-05,0.00181,-0.0015,-3e-05,-0.00763,0.00024,1e-05,1e-05
21.64,-6e-05,-0.00016,-0,-0.00012,-3e-05,0,0.00022,2e-05,1e-05,0.00018,-1e-05,-0,-4e-05,0.00018,-3e-05,-0,-1e-05,-0,-0,-1e-05,0.00016,0.00196,-0,-0.00145,-0.00105,-0,2e-05,0.00202,-0.00162,0.00017,-0.00936,0.00023,1e-05,1e-05
21.66,-0,-0.00016,-1e-05,-0.00014,-3e-05,0,0.00026,3e-05,2e-05,0.0002,-1e-05,-0,-5e-05,0.00023,-2e-05,0,-0,-0,-0,-2e-05,9e-05,0.00175,-0,-0.00164,-0.00105,-0,2e-05,0.00234,-0.00172,0.00043,-0.01125,0.00023,1e-05,0
21.68,9e-05,-0.00016,-2e-05,-0.00016,-4e-05,0,0.00028,4e-05,2e-05,0.00022,-1e-05,-0,-5e-05,0.00027,-1e-05,1e-05,1e-05,-1e-05,-0,-2e-05,0,0.00151,-1e-05,-0.00174,-0.001,-1e-05,2e-05,0.00279,-0.00176,0.00074,-0.0132,0.00024,1e-05,0
21.7,0.00023,-0.00014,-4e-05,-0.00017,-5e-05,0,0.00031,5e-05,3e-05,0.00024,-1e-05,-0,-5e-05,0.00032,0,2e-05,2e-05,-1e-05,-0,-3e-05,-8e-05,0.00124,-2e-05,-0.00176,-0.00092,-1e-05,1e-05,0.00342,-0.0017,0.00107,-0.01523,0.00026,0,-0
21.72,0.00041,-0.00011,-6e-05,-0.00018,-6e-05,0,0.00032,6e-05,4e-05,0.00026,-1e-05,-0,-4e-05,0.00035,4e-05,3e-05,4e-05,-2e-05,-0,-4e-05,-0.00017,0.00098,-3e-05,-0.00169,-0.00079,-2e-05,0,0.00431,-0.00148,0.00142,-0.01742,0.0003,-0,-1e-05
21.74,0.00061,-8e-05,-7e-05,-0.00018,-6e-05,0,0.00032,8e-05,6e-05,0.00028,-1e-05,-0,-3e-05,0.00038,8e-05,4e-05,7e-05,-2e-05,-0,-5e-05,-0.00026,0.00072,-5e-05,-0.00148,-0.00064,-3e-05,-1e-05,0.00541,-0.00108,0.00174,-0.01944,0.00038,-1e-05,-1e-05
21.76,0.00084,-2e-05,-9e-05,-0.00017,-7e-05,0,0.0003,0.0001,9e-05,0.00031,-0,-0,-1e-05,0.00038,0.00015,6e-05,0.0001,-2e-05,-0,-6e-05,-0.00034,0.00047,-7e-05,-0.00111,-0.00047,-4e-05,-3e-05,0.00667,-0.0005,0.00195,-0.02097,0.00049,-2e-05,-2e-05
21.78,0.00108,4e-05,-0.00011,-0.00016,-7e-05,0,0.00027,0.00012,0.00012,0.00034,-0,-0,0,0.00037,0.00024,8e-05,0.00014,-2e-05,-0,-7e-05,-0.00042,0.00026,-9e-05,-0.00059,-0.00028,-5e-05,-4e-05,0.0082,0.00026,0.00205,-0.02202,0.00064,-3e-05,-3e-05
21.8,0.00129,0.00012,-0.00013,-0.00014,-7e-05,0,0.00022,0.00014,0.00016,0.00038,-0,-0,2e-05,0.00033,0.00035,9e-05,0.00019,-2e-05,-0,-8e-05,-0.00049,9e-05,-0.0001,5e-05,-0.0001,-6e-05,-5e-05,0.0095,0.00112,0.00195,-0.02217,0.00081,-3e-05,-4e-05
21.82,0.00139,0.00021,-0.00015,-0.00011,-7e-05,0,0.00015,0.00016,0.0002,0.00041,-0,-0,3e-05,0.00026,0.00048,0.00011,0.00024,-1e-05,0,-7e-05,-0.00054,-2e-05,-9e-05,0.00075,8e-05,-7e-05,-6e-05,0.00969,0.00189,0.00159,-0.02106,0.001,-4e-05,-5e-05
21.84,0.00141,0.0003,-0.00016,-8e-05,-5e-05,0,8e-05,0.00019,0.00026,0.00046,-0,-0,4e-05,0.00016,0.00062,0.00013,0.0003,-0,0,-6e-05,-0.00058,-7e-05,-8e-05,0.0014,0.00022,-7e-05,-7e-05,0.00896,0.00245,0.00106,-0.01897,0.0012,-4e-05,-5e-05
21.86,0.00139,0.0004,-0.00018,-6e-05,-3e-05,0,-2e-05,0.00022,0.00031,0.0005,-0,-0,3e-05,3e-05,0.00077,0.00015,0.00036,0,0,-5e-05,-0.00059,-9e-05,-6e-05,0.00196,0.00034,-7e-05,-7e-05,0.0078,0.0028,0.00046,-0.01617,0.00139,-4e-05,-5e-05
21.88,0.00132,0.00052,-0.00018,-3e-05,-1e-05,0,-0.00013,0.00024,0.00037,0.00054,-0,-0,2e-05,-0.00013,0.00093,0.00016,0.00043,1e-05,0,-4e-05,-0.00054,-0.0001,-2e-05,0.00237,0.00042,-6e-05,-6e-05,0.00632,0.00288,-0.00013,-0.01284,0.00156,-4e-05,-5e-05
21.9,0.00114,0.00066,-0.00019,-0,3e-05,0,-0.00025,0.00026,0.00044,0.00059,-0,0,-2e-05,-0.00032,0.00108,0.00018,0.00049,1e-05,0,-3e-05,-0.00038,-0.00014,2e-05,0.00253,0.00045,-5e-05,-5e-05,0.00368,0.00273,-0.00063,-0.0089,0.00169,-4e-05,-4e-05
21.92,0.00079,0.00082,-0.00019,2e-05,6e-05,0,-0.00038,0.00029,0.00051,0.00062,-0,0,-5e-05,-0.00053,0.00121,0.00019,0.00055,0,0,-2e-05,-5e-05,-0.00026,6e-05,0.00231,0.00045,-3e-05,-4e-05,-0.0013,0.00252,-0.00096,-0.0047,0.00179,-4e-05,-4e-05
21.94,0.00034,0.001,-0.00019,3e-05,0.0001,0,-0.00053,0.00031,0.00058,0.00066,-0,0,-7e-05,-0.00076,0.00132,0.00022,0.0006,-0,-0,-2e-05,0.00057,-0.00051,9e-05,0.00166,0.0004,-0,-1e-05,-0.0073,0.00221,-0.00111,-0.00117,0.00182,-3e-05,-3e-05
21.96,-0.00015,0.0012,-0.00019,3e-05,0.00013,0,-0.0007,0.00033,0.00065,0.00068,-0,1e-05,-8e-05,-0.001,0.00138,0.00024,0.00062,-0,-0,-2e-05,0.00158,-0.0009,0.0001,0.00054,0.00033,3e-05,1e-05,-0.01287,0.00179,-0.00112,0.00141,0.00175,-3e-05,-3e-05
21.98,-0.00068,0.00139,-0.00019,2e-05,0.00016,0,-0.00087,0.00034,0.00073,0.0007,-0,1e-05,-9e-05,-0.00129,0.0014,0.00027,0.00063,-0,-0,-2e-05,0.00311,-0.00144,9e-05,-0.00113,0.00024,6e-05,4e-05,-0.01829,0.00132,-0.00102,0.00304,0.00156,-2e-05,-2e-05
22,-0.00131,0.00155,-0.00017,1e-05,0.00017,0,-0.00106,0.00036,0.00079,0.0007,-0,1e-05,-9e-05,-0.00159,0.00137,0.00031,0.00062,-0,0,-3e-05,0.00529,-0.00212,7e-05,-0.00341,0.00015,8e-05,7e-05,-0.02251,0.00091,-0.00086,0.00384,0.00126,-2e-05,-1e-05
22.02,-0.00211,0.0016,-0.00014,-2e-05,0.00017,0,-0.00123,0.00038,0.00085,0.00068,-0,1e-05,-8e-05,-0.00187,0.0013,0.00035,0.00059,-0,0,-3e-05,0.0082,-0.00296,8e-05,-0.00637,0.0001,0.0001,9e-05,-0.02461,0.00065,-0.00074,0.00404,0.00086,-1e-05,-1e-05
22.04,-0.00308,0.00152,-0.0001,-4e-05,0.00016,0,-0.00139,0.00041,0.00089,0.00065,-0,1e-05,-7e-05,-0.00215,0.00118,0.0004,0.00053,-0,1e-05,-3e-05,0.01175,-0.00388,0.00011,-0.00993,9e-05,0.0001,0.00011,-0.02544,0.00044,-0.00058,0.00378,0.00037,0,0
22.06,-0.00423,0.0013,-6e-05,-7e-05,0.00013,0,-0.00155,0.00043,0.00091,0.00059,-0,1e-05,-6e-05,-0.00247,0.00103,0.00047,0.00044,-0,1e-05,-3e-05,0.01558,-0.00476,0.00012,-0.01381,0.00014,9e-05,0.00011,-0.02563,0.00025,-0.00036,0.00317,-0.00018,1e-05,1e-05
22.08,-0.00561,0.00095,-2e-05,-0.00011,8e-05,0,-0.00171,0.00043,0.00091,0.0005,-0,1e-05,-4e-05,-0.00284,0.00086,0.00055,0.00032,-0,1e-05,-3e-05,0.01914,-0.00545,8e-05,-0.01702,0.00024,8e-05,0.00011,-0.0255,0.0001,-0.00015,0.00229,-0.00076,2e-05,2e-05
22.1,-0.00731,0.00047,0,-0.00015,2e-05,-0,-0.00185,0.00043,0.00089,0.00039,-0,2e-05,-3e-05,-0.00324,0.00067,0.00065,0.00017,-0,2e-05,-3e-05,0.0219,-0.00579,0.0001,-0.02032,0.00036,7e-05,0.0001,-0.0243,2e-05,-0,0.00148,-0.00131,2e-05,4e-05
22.12,-0.00938,-8e-05,1e-05,-0.0002,-7e-05,-0,-0.00196,0.00041,0.00083,0.00026,-0,2e-05,-2e-05,-0.00368,0.00048,0.00077,-0,-0,2e-05,-3e-05,0.02361,-0.00562,0.0002,-0.02509,0.00048,5e-05,8e-05,-0.0215,0,-4e-05,0.00077,-0.00176,2e-05,5e-05
22.14,-0.0118,-0.00059,-2e-05,-0.00026,-0.00016,-0,-0.00206,0.00036,0.00075,0.00011,-0,2e-05,-1e-05,-0.00417,0.0003,0.00092,-0.00019,0,3e-05,-3e-05,0.02346,-0.00481,0.00019,-0.02815,0.00057,3e-05,6e-05,-0.01881,4e-05,-0.00036,-0.0003,-0.00206,2e-05,6e-05
22.16,-0.01453,-0.00089,-7e-05,-0.00034,-0.00025,-0,-0.00216,0.00028,0.00064,-5e-05,-0,2e-05,-0,-0.00467,0.00016,0.00108,-0.0004,0,4e-05,-2e-05,0.02106,-0.00343,5e-05,-0.02715,0.00059,1e-05,4e-05,-0.01725,0.00014,-0.00089,-0.0018,-0.00223,2e-05,7e-05
22.18,-0.01742,-0.00093,-0.00014,-0.00042,-0.00034,-0,-0.00227,0.00015,0.00052,-0.00022,-0,2e-05,1e-05,-0.0052,6e-05,0.00124,-0.00062,0,5e-05,-2e-05,0.01713,-0.00172,-7e-05,-0.02313,0.00054,0,2e-05,-0.01641,0.00026,-0.00153,-0.00369,-0.00226,2e-05,8e-05
22.2,-0.02056,-0.00066,-0.00023,-0.00051,-0.00041,-0,-0.00239,-2e-05,0.00038,-0.00038,-0,3e-05,1e-05,-0.00565,1e-05,0.00139,-0.00083,1e-05,6e-05,-2e-05,0.01191,-9e-05,-8e-05,-0.01662,0.00044,-0,0,-0.01635,0.0004,-0.00215,-0.00583,-0.00219,2e-05,9e-05
22.22,-0.02408,-0.00014,-0.0003,-0.00059,-0.00046,-0,-0.00255,-0.00022,0.00026,-0.00052,-0,3e-05,2e-05,-0.00591,-0,0.00155,-0.00103,1e-05,8e-05,-2e-05,0.0066,0.00116,9e-05,-0.00945,0.0003,-0,-0,-0.01725,0.00058,-0.00268,-0.00798,-0.00204,2e-05,9e-05
22.24,-0.02769,0.00048,-0.00035,-0.00067,-0.0005,-0,-0.00275,-0.00042,0.00018,-0.00063,-0,4e-05,2e-05,-0.00607,3e-05,0.00168,-0.0012,1e-05,0.0001,-1e-05,0.00265,0.00199,0.00041,-0.00379,0.00016,-0,-0,-0.01875,0.00073,-0.00304,-0.00996,-0.00185,2e-05,8e-05
22.26,-0.03104,0.00108,-0.00037,-0.00073,-0.00053,-0,-0.00298,-0.00062,0.00017,-0.00073,-0,4e-05,1e-05,-0.00615,8e-05,0.00173,-0.00136,0,0.00011,-1e-05,0.00031,0.0024,0.0008,-0.00043,4e-05,0,0,-0.02056,0.00081,-0.00321,-0.01166,-0.00165,2e-05,8e-05
22.28,-0.03415,0.00161,-0.00036,-0.00078,-0.00054,-0,-0.00325,-0.00082,0.00022,-0.0008,-0,3e-05,1e-05,-0.00608,0.00015,0.00174,-0.0015,-0,0.00012,-0,-0.00052,0.00247,0.00115,0.00072,-3e-05,0,0,-0.02266,0.00085,-0.00325,-0.01306,-0.00147,2e-05,8e-05
22.3,-0.03712,0.00201,-0.00032,-0.00082,-0.00054,-0,-0.00354,-0.00099,0.00034,-0.00085,-0,2e-05,-1e-05,-0.00599,0.00022,0.00169,-0.00162,-0,0.00013,0,-0.00048,0.00229,0.00134,0.00017,-6e-05,1e-05,1e-05,-0.02494,0.0008,-0.00316,-0.01412,-0.00132,2e-05,8e-05
22.32,-0.04005,0.00227,-0.00027,-0.00086,-0.00047,-0,-0.0038,-0.00112,0.00053,-0.0009,0,1e-05,-2e-05,-0.00598,0.00032,0.00158,-0.0017,0,0.00013,1e-05,-0.00013,0.00195,0.00121,-0.00099,-5e-05,1e-05,1e-05,-0.02732,0.00064,-0.00292,-0.01481,-0.00121,3e-05,8e-05
22.34,-0.04289,0.00238,-0.0002,-0.00091,-0.00038,-0,-0.00407,-0.0012,0.00078,-0.00095,0,-1e-05,-2e-05,-0.00592,0.00041,0.00148,-0.00175,3e-05,0.00011,3e-05,-7e-05,0.00166,0.00097,-0.00198,-2e-05,1e-05,0,-0.02969,0.00048,-0.0027,-0.01534,-0.00115,3e-05,9e-05
22.36,-0.04558,0.00236,-0.00014,-0.00096,-0.00029,-0,-0.00433,-0.00127,0.00108,-0.00098,1e-05,-3e-05,-1e-05,-0.00569,0.00045,0.00143,-0.00181,8e-05,9e-05,5e-05,-0.00027,0.00134,0.00064,-0.00246,4e-05,0,-0,-0.03192,0.00037,-0.00259,-0.01584,-0.00113,4e-05,0.0001
22.38,-0.04819,0.00226,-8e-05,-0.00103,-0.00019,-0,-0.00453,-0.00131,0.0014,-0.00103,2e-05,-5e-05,-1e-05,-0.00535,0.00045,0.0014,-0.00187,0.00017,7e-05,8e-05,-0.001,0.00097,0.00032,-0.00266,0.00011,-0,-1e-05,-0.03387,0.00032,-0.00254,-0.01621,-0.00115,5e-05,0.00011
22.4,-0.05075,0.00206,-4e-05,-0.00112,-0.0001,-0,-0.00471,-0.00135,0.00173,-0.00107,6e-05,-3e-05,2e-05,-0.0049,0.00039,0.00139,-0.00189,0.00033,5e-05,0.00011,-0.00238,0.00049,0.0001,-0.00294,0.00016,-0,-1e-05,-0.03552,0.00032,-0.00249,-0.01644,-0.0012,5e-05,0.00011
22.42,-0.0533,0.00172,-1e-05,-0.00123,-3e-05,-0,-0.00492,-0.00135,0.00211,-0.0011,0.00012,5e-05,8e-05,-0.0044,0.00028,0.00139,-0.00185,0.00055,4e-05,0.00014,-0.00409,-8e-05,-2e-05,-0.00328,0.0002,-0,-1e-05,-0.03692,0.00035,-0.00241,-0.01654,-0.00127,6e-05,0.00012
22.44,-0.05576,0.00133,0,-0.00136,1e-05,-0,-0.00503,-0.00135,0.00247,-0.00112,0.00023,0.00019,0.00016,-0.00384,0.00013,0.00136,-0.00175,0.00082,4e-05,0.00018,-0.00587,-0.00071,-6e-05,-0.00351,0.00022,-0,-1e-05,-0.03779,0.00041,-0.00227,-0.01638,-0.00133,6e-05,0.00011
22.46,-0.05801,0.00098,-1e-05,-0.00151,4e-05,-0,-0.00495,-0.00133,0.00272,-0.00116,0.00041,0.00034,0.00022,-0.00322,-2e-05,0.00126,-0.00162,0.00108,5e-05,0.00021,-0.00784,-0.00123,-6e-05,-0.00359,0.00022,-0,-1e-05,-0.03799,0.00049,-0.00209,-0.01592,-0.00138,7e-05,0.00011
22.48,-0.05994,0.00066,-6e-05,-0.00166,5e-05,-0,-0.00471,-0.00132,0.00283,-0.00119,0.00062,0.00049,0.00026,-0.00259,-0.00015,0.0011,-0.00142,0.0013,7e-05,0.00023,-0.00997,-0.00146,-9e-05,-0.0033,0.00019,-0,-1e-05,-0.03779,0.00058,-0.00189,-0.01531,-0.0014,7e-05,9e-05
22.5,-0.06119,0.0004,-0.00013,-0.00179,6e-05,-0,-0.00435,-0.00127,0.0028,-0.00118,0.00089,0.00063,0.00027,-0.00202,-0.00026,0.0009,-0.00118,0.00145,9e-05,0.00023,-0.01175,-0.00129,-0.00013,-0.00217,0.00015,-1e-05,-2e-05,-0.03709,0.00061,-0.00166,-0.01473,-0.00138,6e-05,8e-05
22.52,-0.06142,0.00022,-0.0002,-0.00187,5e-05,-0,-0.00392,-0.00119,0.00259,-0.0011,0.00126,0.00075,0.00024,-0.00158,-0.00035,0.00064,-0.00087,0.00151,0.00011,0.00021,-0.01243,-0.00079,-0.0002,-0.00042,7e-05,-2e-05,-3e-05,-0.03586,0.00047,-0.00135,-0.01432,-0.00131,6e-05,7e-05
22.54,-0.06058,9e-05,-0.00025,-0.00189,4e-05,-0,-0.00338,-0.00108,0.00223,-0.00096,0.00162,0.00084,0.00018,-0.00127,-0.0004,0.0004,-0.00054,0.00142,0.00012,0.00018,-0.01209,-0.00022,-0.00024,0.00098,-3e-05,-3e-05,-4e-05,-0.03461,0.00018,-0.00103,-0.01417,-0.00119,6e-05,7e-05
22.56,-0.0587,-3e-05,-0.00026,-0.00184,3e-05,0,-0.00275,-0.00096,0.00174,-0.00079,0.00183,0.0009,0.00014,-0.00107,-0.00041,0.00019,-0.00022,0.00114,0.0001,0.00015,-0.01105,0.00021,-0.0002,0.00181,-0.00014,-3e-05,-4e-05,-0.03367,-0.00015,-0.00075,-0.01428,-0.00102,5e-05,7e-05
22.58,-0.05582,-0.00012,-0.0002,-0.00172,2e-05,0,-0.00208,-0.00082,0.00117,-0.00059,0.00193,0.00092,9e-05,-0.00098,-0.00036,1e-05,4e-05,0.00074,5e-05,0.00012,-0.00927,0.00042,-9e-05,0.00211,-0.00023,-3e-05,-4e-05,-0.03295,-0.00052,-0.00046,-0.01463,-0.00081,4e-05,6e-05
22.6,-0.05206,-0.00021,-6e-05,-0.00156,0,0,-0.00141,-0.00067,0.00056,-0.0004,0.00187,0.00091,6e-05,-0.00096,-0.0003,-0.00016,0.00023,0.00029,-1e-05,9e-05,-0.00699,0.00043,3e-05,0.00205,-0.00029,-2e-05,-3e-05,-0.0324,-0.00093,-0.00015,-0.01512,-0.00057,4e-05,5e-05
22.62,-0.04766,-0.00028,0.00014,-0.00139,-0,0,-0.00081,-0.00052,2e-05,-0.00026,0.00161,0.00084,3e-05,-0.00095,-0.00024,-0.00032,0.00039,-9e-05,-7e-05,6e-05,-0.00453,0.0003,0.00011,0.00189,-0.00031,-2e-05,-1e-05,-0.03196,-0.00136,0.00016,-0.01562,-0.00034,3e-05,4e-05
22.64,-0.04301,-0.00035,0.00039,-0.00122,-0,0,-0.00035,-0.00037,-0.00032,-0.00012,0.00131,0.00075,1e-05,-0.00097,-0.00019,-0.00047,0.00049,-0.00023,-6e-05,4e-05,-0.00216,0.00014,0.00011,0.00168,-0.00028,-1e-05,-0,-0.03145,-0.00174,0.00039,-0.01604,-0.00013,2e-05,2e-05
22.66,-0.03839,-0.00041,0.00065,-0.00109,-0,0,-5e-05,-0.00023,-0.00047,-0,0.00103,0.00065,0,-0.00109,-0.00015,-0.00061,0.00049,-7e-05,4e-05,1e-05,-2e-05,-1e-05,5e-05,0.00147,-0.00022,-0,0,-0.03072,-0.00199,0.00053,-0.01631,6e-05,1e-05,0
22.68,-0.03391,-0.00047,0.0009,-0.001,0,0,0.00011,-0.00011,-0.00048,0.0001,0.00079,0.00055,-1e-05,-0.00141,-0.00012,-0.00075,0.00038,0.00027,0.00021,-1e-05,0.0018,-0.0001,-4e-05,0.00129,-0.00015,-0,0,-0.02957,-0.00209,0.00055,-0.01632,0.00022,-0,-2e-05
22.7,-0.02975,-0.00052,0.0011,-0.00097,1e-05,0,0.00014,-4e-05,-0.0004,0.00018,0.00058,0.00044,-1e-05,-0.00172,-8e-05,-0.00086,0.0002,0.00095,0.00052,-4e-05,0.00328,-0.00017,-0.00014,0.00116,-8e-05,0,0,-0.02789,-0.00202,0.00048,-0.01597,0.00033,-1e-05,-4e-05
22.72,-0.02607,-0.00057,0.00128,-0.00102,2e-05,0,0.0001,-1e-05,-0.0003,0.00026,0.0004,0.00034,-1e-05,-0.00155,4e-05,-0.0009,-0.00012,0.00252,0.00108,-6e-05,0.00443,-0.00022,-0.00021,0.00107,-3e-05,-0,0,-0.02564,-0.00176,0.00035,-0.01517,0.0004,-2e-05,-5e-05
22.74,-0.02283,-0.00063,0.00143,-0.00113,2e-05,0,1e-05,1e-05,-0.00019,0.00033,0.00026,0.00024,-1e-05,-0.00188,0.0003,-0.00104,-0.00081,0.00375,0.00158,-9e-05,0.00526,-0.0003,-0.00025,0.00099,1e-05,-0,-0,-0.02265,-0.00142,0.00019,-0.01389,0.00043,-3e-05,-6e-05
22.76,-0.0199,-0.00071,0.00148,-0.0013,2e-05,0,-0.0001,0,-0.0001,0.00036,0.00015,0.00018,-1e-05,-0.0031,0.0006,-0.00125,-0.00172,0.00466,0.00183,-0.0001,0.00571,-0.0004,-0.00024,0.0009,4e-05,-0,-0,-0.01891,-0.00104,1e-05,-0.01215,0.00042,-3e-05,-6e-05
22.78,-0.01724,-0.0008,0.00135,-0.00151,3e-05,-0,-0.00021,-1e-05,-6e-05,0.00036,5e-05,0.00012,-1e-05,-0.0048,0.00082,-0.00139,-0.00251,0.00466,0.00196,-0.00011,0.00573,-0.0005,-0.00018,0.00076,5e-05,-0,-0,-0.01469,-0.00067,-0.00016,-0.01007,0.00039,-3e-05,-6e-05
22.8,-0.01478,-0.00091,0.00097,-0.00172,4e-05,-0,-0.00029,-2e-05,-8e-05,0.00033,-3e-05,7e-05,-1e-05,-0.00591,0.00095,-0.00134,-0.00302,0.00384,0.00181,-0.00011,0.00562,-0.0006,-0.00013,0.00066,5e-05,-0,-0,-0.01039,-0.00035,-0.00026,-0.00781,0.00033,-2e-05,-5e-05
22.82,-0.0124,-0.00106,0.00037,-0.00186,5e-05,-0,-0.00033,-4e-05,-0.00016,0.00027,-0.0001,2e-05,-1e-05,-0.00674,0.00114,-0.00118,-0.00324,0.00227,0.00124,-0.00011,0.00538,-0.00068,-9e-05,0.00059,5e-05,-0,-0,-0.0064,-0.00011,-0.00027,-0.0056,0.00027,-2e-05,-5e-05
22.84,-0.01,-0.00123,-0.00034,-0.00191,7e-05,-0,-0.00034,-6e-05,-0.0003,0.0002,-0.00018,-4e-05,-1e-05,-0.00763,0.0013,-0.001,-0.00292,0.00097,0.00066,-0.00011,0.00507,-0.00071,-7e-05,0.00053,4e-05,-0,-0,-0.00303,2e-05,-0.00021,-0.00365,0.0002,-1e-05,-4e-05
22.86,-0.00753,-0.00138,-0.00102,-0.00186,9e-05,-0,-0.00031,-8e-05,-0.00046,0.00014,-0.00025,-0.00011,-2e-05,-0.00814,0.00135,-0.00077,-0.00222,0.00024,0.00029,-0.00011,0.00472,-0.0007,-8e-05,0.00047,4e-05,-0,-0,-0.00042,5e-05,-0.0001,-0.00209,0.00013,-1e-05,-3e-05
22.88,-0.00497,-0.00151,-0.00158,-0.0017,0.00012,-0,-0.00027,-0.00011,-0.00064,8e-05,-0.00031,-0.00018,-2e-05,-0.00796,0.00134,-0.00052,-0.00117,-9e-05,6e-05,-0.00011,0.00432,-0.00064,-0.0001,0.00041,4e-05,-0,-0,0.00137,1e-05,4e-05,-0.00094,7e-05,-1e-05,-2e-05
22.9,-0.00238,-0.00156,-0.00197,-0.00145,0.00013,-0,-0.00024,-0.00016,-0.00078,3e-05,-0.00035,-0.00024,-2e-05,-0.00725,0.00125,-0.00029,-4e-05,-0.00014,-6e-05,-0.00011,0.00387,-0.00055,-0.00013,0.00035,3e-05,-0,-1e-05,0.0024,-7e-05,0.0002,-0.00021,2e-05,-0,-1e-05
22.92,0.00013,-0.00148,-0.00221,-0.00114,0.00014,-0,-0.00024,-0.00018,-0.0008,-2e-05,-0.00034,-0.00024,-1e-05,-0.00641,0.00105,-0.0001,0.00078,-2e-05,-0.0001,-0.00011,0.00336,-0.00046,-0.00016,0.00027,3e-05,-1e-05,-1e-05,0.00273,-0.00015,0.00032,0.00016,-2e-05,0,-0
22.94,0.00249,-0.00132,-0.00225,-0.00078,0.00014,-0,-0.00027,-0.00021,-0.00072,-5e-05,-0.00029,-0.0002,-1e-05,-0.00528,0.00083,7e-05,0.00132,0.00017,-9e-05,-9e-05,0.0028,-0.00037,-0.00018,0.0002,3e-05,-1e-05,-1e-05,0.00242,-0.00019,0.00034,0.00022,-3e-05,0,0
22.96,0.00467,-0.00115,-0.00208,-0.00036,0.00013,-0,-0.00035,-0.00024,-0.00056,-7e-05,-0.00024,-0.00015,-1e-05,-0.00384,0.00063,0.00021,0.00165,0.00031,-8e-05,-8e-05,0.00221,-0.00026,-0.00019,0.00012,3e-05,-1e-05,-1e-05,0.0017,-0.00017,0.00024,0.00011,-3e-05,0,1e-05
22.98,0.00668,-0.00095,-0.00176,7e-05,0.00012,-0,-0.00045,-0.00026,-0.00036,-8e-05,-0.00017,-0.0001,-1e-05,-0.0024,0.00043,0.00034,0.00178,0.00039,-6e-05,-6e-05,0.00158,-0.00016,-0.0002,6e-05,3e-05,-1e-05,-1e-05,0.0009,-0.00013,0.00017,-1e-05,-3e-05,0,1e-05
23,0.00852,-0.00078,-0.00137,0.0005,0.00011,-0,-0.00055,-0.00027,-0.00017,-8e-05,-0.00012,-7e-05,-1e-05,-0.00125,0.00024,0.00045,0.00136,0.0004,-5e-05,-4e-05,0.00093,-4e-05,-0.0002,-1e-05,2e-05,-1e-05,-1e-05,6e-05,-7e-05,0.00011,-0.00013,-2e-05,0,1e-05
23.02,0.01024,-0.00065,-0.00096,0.00092,6e-05,-0,-0.0006,-0.00027,-3e-05,-9e-05,-0.00011,-7e-05,-1e-05,-0.00046,6e-05,0.00057,0.00045,0.0003,-6e-05,-3e-05,0.00027,0.0001,-0.00021,-7e-05,2e-05,-1e-05,-1e-05,-0.0008,-0,5e-05,-0.00025,-2e-05,0,1e-05
23.04,0.01186,-0.00056,-0.00057,0.00132,2e-05,-0,-0.00059,-0.00027,3e-05,-0.0001,-0.00011,-7e-05,-1e-05,7e-05,-0.0001,0.00068,-0.00027,0.00019,-7e-05,-3e-05,-0.00038,0.00025,-0.00023,-0.00012,2e-05,-1e-05,-1e-05,-0.00162,7e-05,-2e-05,-0.00036,-1e-05,0,0
23.06,0.01341,-0.00049,-0.00022,0.00166,0,-0,-0.00052,-0.00026,1e-05,-0.00011,-0.00014,-8e-05,-1e-05,0.00035,-0.00025,0.0008,-0.00065,0.00012,-8e-05,-2e-05,-0.00101,0.00042,-0.00024,-0.00016,2e-05,-1e-05,-1e-05,-0.00242,0.00015,-9e-05,-0.00046,-1e-05,0,0
23.08,0.01492,-0.00044,7e-05,0.00193,-1e-05,-0,-0.00039,-0.00026,-0.0001,-0.00011,-0.00019,-0.0001,-1e-05,0.0004,-0.00041,0.00087,-0.0008,6e-05,-8e-05,-1e-05,-0.0016,0.00059,-0.00026,-0.00019,3e-05,-1e-05,-1e-05,-0.00318,0.00022,-0.00018,-0.00052,-0,0,0
23.1,0.01637,-0.00041,0.00032,0.00213,-2e-05,-0,-0.00024,-0.00024,-0.00024,-0.00012,-0.00025,-0.00013,-2e-05,0.00027,-0.00055,0.00093,-0.00045,3e-05,-9e-05,-1e-05,-0.00215,0.00075,-0.00028,-0.00021,3e-05,-1e-05,-1e-05,-0.00388,0.00028,-0.00028,-0.00054,0,0,-0
23.12,0.01772,-0.00041,0.00054,0.00227,-3e-05,-0,-0.00011,-0.0002,-0.00032,-0.00011,-0.00025,-0.00012,-2e-05,5e-05,-0.00051,0.00103,0.00088,2e-05,-8e-05,-0,-0.00261,0.0009,-0.00028,-0.00021,3e-05,-1e-05,-1e-05,-0.00444,0.00033,-0.00036,-0.00049,1e-05,0,-0
23.14,0.01893,-0.00042,0.00075,0.00233,-4e-05,-0,-1e-05,-0.00015,-0.0003,-9e-05,-0.00021,-9e-05,-2e-05,-0.00032,-0.00027,0.00105,0.00266,1e-05,-8e-05,0,-0.00299,0.00102,-0.00027,-0.0002,3e-05,-1e-05,-1e-05,-0.00483,0.00035,-0.00041,-0.00039,1e-05,-0,-0
23.16,0.01999,-0.00042,0.00092,0.00229,-7e-05,-0,2e-05,-8e-05,-0.00019,-8e-05,-0.00017,-5e-05,-2e-05,-0.00092,5e-05,0.00092,0.00431,1e-05,-8e-05,1e-05,-0.00329,0.00108,-0.00025,-0.00016,3e-05,-1e-05,-1e-05,-0.00505,0.00035,-0.00043,-0.00022,1e-05,-0,-0
23.18,0.02082,-0.00041,0.00105,0.00217,-9e-05,-0,1e-05,-1e-05,-0,-6e-05,-0.00011,-1e-05,-2e-05,-0.00165,0.00041,0.00069,0.00567,0,-0.0001,2e-05,-0.0035,0.00109,-0.0002,-0.00011,3e-05,-1e-05,-1e-05,-0.00504,0.00033,-0.00042,-0,1e-05,-0,-0
23.2,0.02135,-0.00038,0.0011,0.00199,-0.00012,-0,-3e-05,6e-05,0.0002,-4e-05,-6e-05,3e-05,-2e-05,-0.00229,0.00075,0.00035,0.00671,0,-0.00011,2e-05,-0.00366,0.00106,-0.00015,-5e-05,3e-05,-1e-05,-0,-0.0048,0.00028,-0.00037,0.00025,0,-0,-0
23.22,0.02146,-0.00032,0.00103,0.00175,-0.00017,-0,-7e-05,0.00013,0.00041,-5e-05,-1e-05,0.0001,-2e-05,-0.00246,0.00097,0,0.00746,0,-0.0001,2e-05,-0.00377,0.00099,-9e-05,2e-05,3e-05,-1e-05,-0,-0.00434,0.00022,-0.00031,0.00052,-0,-0,-0
23.24,0.02115,-0.00023,0.00086,0.00149,-0.00021,0,-9e-05,0.00018,0.00059,-6e-05,4e-05,0.00018,-2e-05,-0.00214,0.00103,-0.00018,0.0076,0,-7e-05,2e-05,-0.00383,0.0009,-2e-05,0.0001,3e-05,-1e-05,-0,-0.00367,0.00015,-0.00023,0.00078,-1e-05,-0,-0
23.26,0.02044,-0.00012,0.00061,0.00122,-0.00026,0,-6e-05,0.0002,0.00071,-6e-05,9e-05,0.00025,-2e-05,-0.00151,0.00095,-0.00026,0.00705,0,-4e-05,2e-05,-0.00384,0.00079,4e-05,0.00017,3e-05,-0,-0,-0.00283,8e-05,-0.00014,0.00101,-2e-05,-0,-0
23.28,0.01939,2e-05,0.00033,0.00096,-0.0003,0,2e-05,0.00019,0.00075,-6e-05,0.00011,0.0003,-2e-05,-0.00076,0.0008,-0.00029,0.00605,0,-1e-05,2e-05,-0.0038,0.00069,9e-05,0.00025,3e-05,-0,-0,-0.0019,0,-4e-05,0.0012,-2e-05,-1e-05,-0
23.3,0.01812,0.00017,0.0001,0.0007,-0.00033,0,0.00012,0.00016,0.0007,-7e-05,0.00011,0.00032,-2e-05,-0.0002,0.00074,-0.00026,0.00476,0,-0,1e-05,-0.00372,0.00059,0.00013,0.00032,2e-05,-0,-0,-0.00105,-5e-05,6e-05,0.00135,-3e-05,-1e-05,-0
23.32,0.01678,0.00033,-4e-05,0.00047,-0.00038,0,0.00024,0.0001,0.00057,-6e-05,9e-05,0.00029,-2e-05,0.00021,0.00086,-0.00019,0.00339,0,-1e-05,1e-05,-0.00361,0.00051,0.00017,0.00038,2e-05,-0,-0,-0.00036,-8e-05,0.00016,0.0015,-3e-05,-1e-05,-0
23.34,0.01537,0.00046,-0.00011,0.00027,-0.00041,0,0.00035,3e-05,0.00042,-6e-05,5e-05,0.00025,-2e-05,0.0007,0.00101,-9e-05,0.00216,0,-1e-05,1e-05,-0.00347,0.00046,0.00018,0.00044,2e-05,0,-0,0.00016,-5e-05,0.00025,0.00158,-3e-05,-1e-05,-0
23.36,0.01389,0.00054,-0.00014,0.00011,-0.0004,0,0.00043,-4e-05,0.0003,-6e-05,2e-05,0.00021,-2e-05,0.00122,0.00111,4e-05,0.00114,0,0,0,-0.00328,0.00043,0.00018,0.00048,2e-05,0,-0,0.00046,4e-05,0.00029,0.00152,-3e-05,-1e-05,-0
23.38,0.0124,0.00056,-0.00014,-3e-05,-0.00038,0,0.00048,-0.00011,0.0002,-6e-05,-1e-05,0.00017,-1e-05,0.00176,0.00115,0.00017,0.00032,0,3e-05,0,-0.00306,0.00041,0.00016,0.0005,1e-05,0,0,0.00057,0.00018,0.00028,0.00132,-2e-05,-0,-0
23.4,0.01097,0.00051,-0.00011,-0.00014,-0.00033,0,0.00049,-0.00016,0.00015,-5e-05,-2e-05,0.00014,-1e-05,0.00239,0.00109,0.0003,-0.00033,0,6e-05,0,-0.0028,0.0004,0.00014,0.00051,1e-05,0,0,0.00052,0.00034,0.00022,0.00093,-1e-05,-0,-0
23.42,0.00968,0.0004,-6e-05,-0.00022,-0.00027,0,0.00048,-0.00018,0.00013,-5e-05,-4e-05,0.00012,-1e-05,0.00319,0.00092,0.00043,-0.0008,1e-05,0.0001,0,-0.00251,0.00039,0.00012,0.0005,1e-05,0,0,0.00038,0.00052,0.00014,0.00037,-0,-0,-0
23.44,0.00849,0.00025,0,-0.00029,-0.00019,0,0.00043,-0.0002,0.00015,-4e-05,-4e-05,0.00011,-1e-05,0.00397,0.00067,0.00059,-0.00111,1e-05,0.00014,0,-0.00219,0.00035,0.0001,0.00047,1e-05,0,0,0.00018,0.00069,5e-05,-0.00023,0,-0,-0
23.46,0.00739,0.0001,5e-05,-0.00035,-0.00011,0,0.00037,-0.00019,0.00018,-4e-05,-4e-05,0.0001,-1e-05,0.00453,0.00038,0.00075,-0.0013,1e-05,0.00016,-0,-0.00185,0.00027,0.0001,0.00043,1e-05,0,0,-3e-05,0.00084,-4e-05,-0.00086,1e-05,-0,-0
23.48,0.00638,-5e-05,0.0001,-0.00039,-2e-05,0,0.0003,-0.00018,0.00023,-3e-05,-3e-05,0.0001,-0,0.00491,7e-05,0.00091,-0.00138,1e-05,0.00018,-0,-0.00149,0.00016,0.00011,0.00037,0,0,0,-0.00023,0.00096,-0.00013,-0.00148,2e-05,-0,-0
23.5,0.00543,-0.00015,0.00013,-0.00041,7e-05,0,0.00023,-0.00015,0.00027,-3e-05,-2e-05,0.0001,-0,0.00503,-0.00024,0.00108,-0.00137,0,0.00018,-0,-0.00114,3e-05,0.00013,0.0003,-0,0,0,-0.00039,0.00104,-0.00022,-0.00203,2e-05,-0,-0
23.52,0.00455,-0.00019,0.00014,-0.00043,0.00015,0,0.00018,-0.00012,0.00028,-2e-05,-0,0.00011,-0,0.00483,-0.0005,0.00128,-0.00128,0,0.00016,-0,-0.00081,-0.0001,0.00017,0.00021,-0,0,0,-0.00047,0.00106,-0.00029,-0.00242,2e-05,-0,-0
23.54,0.00369,-0.00014,0.00014,-0.00042,0.00022,0,0.00015,-9e-05,0.00026,-1e-05,1e-05,0.00011,-0,0.00446,-0.00069,0.00145,-0.00111,0,0.00014,-1e-05,-0.00049,-0.00023,0.00023,0.00011,-1e-05,0,0,-0.00045,0.00102,-0.00033,-0.00259,2e-05,-0,-0
23.56,0.00284,-4e-05,0.00014,-0.00041,0.00028,0,0.00016,-6e-05,0.00018,-0,2e-05,0.0001,0,0.00405,-0.00083,0.00152,-0.00088,1e-05,0.00012,-1e-05,-0.0002,-0.00033,0.00029,1e-05,-1e-05,0,0,-0.00035,0.00093,-0.00035,-0.00253,2e-05,0,-0
23.58,0.002,0.00011,0.00012,-0.00039,0.00032,0,0.00019,-4e-05,6e-05,0,4e-05,0.0001,0,0.00368,-0.0009,0.00152,-0.00058,1e-05,0.0001,-1e-05,7e-05,-0.00042,0.00036,-0.0001,-2e-05,0,0,-0.00018,0.0008,-0.00034,-0.00223,2e-05,0,-0
23.6,0.00117,0.00027,9e-05,-0.00037,0.00035,0,0.00024,-2e-05,-8e-05,1e-05,5e-05,8e-05,0,0.00331,-0.00092,0.00139,-0.00024,1e-05,9e-05,-1e-05,0.00031,-0.00047,0.00044,-0.0002,-2e-05,0,0,6e-05,0.00063,-0.00032,-0.0018,2e-05,0,-0
23.62,0.00037,0.0004,7e-05,-0.00036,0.00036,0,0.00029,-1e-05,-0.00021,2e-05,6e-05,7e-05,0,0.00292,-0.00091,0.00115,7e-05,2e-05,7e-05,-1e-05,0.00054,-0.00051,0.00053,-0.0003,-3e-05,0,0,0.00034,0.00045,-0.00029,-0.00136,2e-05,0,-0
23.64,-0.0004,0.0005,5e-05,-0.00037,0.00035,0,0.00035,-0,-0.00031,2e-05,6e-05,6e-05,0,0.0026,-0.00088,0.00087,0.00038,2e-05,6e-05,-1e-05,0.00073,-0.00053,0.00062,-0.00038,-3e-05,0,0,0.00066,0.00027,-0.00025,-0.00092,1e-05,0,0
23.66,-0.00117,0.00055,3e-05,-0.0004,0.00033,0,0.00039,-0,-0.00038,3e-05,6e-05,5e-05,0,0.00239,-0.00085,0.00062,0.00075,3e-05,6e-05,-1e-05,0.0009,-0.00054,0.0007,-0.00045,-3e-05,0,0,0.001,0.00012,-0.00021,-0.0005,1e-05,0,0
23.68,-0.00194,0.00056,2e-05,-0.00045,0.0003,0,0.00041,0,-0.00041,4e-05,6e-05,4e-05,0,0.00225,-0.00082,0.0004,0.00116,4e-05,6e-05,-1e-05,0.00102,-0.00052,0.00077,-0.00051,-3e-05,0,0,0.00132,-1e-05,-0.00017,-0.00015,1e-05,0,0
23.7,-0.00275,0.00055,2e-05,-0.00052,0.00027,0,0.00044,0,-0.00043,4e-05,5e-05,4e-05,0,0.0021,-0.00079,0.00023,0.00155,4e-05,7e-05,-0,0.00111,-0.0005,0.00083,-0.00055,-4e-05,0,0,0.00161,-0.00011,-0.00013,0.00013,1e-05,0,0
23.72,-0.00365,0.00051,3e-05,-0.0006,0.00023,0,0.00045,1e-05,-0.00045,5e-05,4e-05,3e-05,0,0.00191,-0.00076,9e-05,0.00182,5e-05,8e-05,0,0.00115,-0.00046,0.00087,-0.00058,-4e-05,0,0,0.00185,-0.00018,-0.0001,0.00032,1e-05,0,0
23.74,-0.00464,0.00047,4e-05,-0.00069,0.0002,0,0.00047,1e-05,-0.00047,5e-05,3e-05,2e-05,0,0.00168,-0.00072,-2e-05,0.00202,6e-05,8e-05,0,0.00114,-0.00041,0.00089,-0.00059,-4e-05,0,0,0.00203,-0.00022,-7e-05,0.00045,1e-05,0,0
23.76,-0.00573,0.00042,5e-05,-0.00078,0.00016,0,0.0005,1e-05,-0.00051,5e-05,1e-05,1e-05,0,0.00143,-0.00067,-0.0001,0.00219,6e-05,9e-05,0,0.00109,-0.00033,0.00088,-0.00059,-4e-05,0,0,0.00214,-0.00022,-4e-05,0.00053,1e-05,0,0
23.78,-0.00687,0.00037,7e-05,-0.00086,0.00013,0,0.00053,1e-05,-0.00058,5e-05,-1e-05,-1e-05,0,0.00115,-0.0006,-0.00017,0.00234,6e-05,9e-05,1e-05,0.001,-0.00021,0.00083,-0.00058,-4e-05,0,0,0.00218,-0.00021,-2e-05,0.00058,1e-05,0,0
23.8,-0.008,0.00031,8e-05,-0.00093,0.0001,0,0.00057,1e-05,-0.00066,5e-05,-3e-05,-3e-05,-0,0.00084,-0.00052,-0.00023,0.00227,5e-05,9e-05,1e-05,0.00088,-4e-05,0.00073,-0.00057,-3e-05,0,0,0.00217,-0.0002,-1e-05,0.00059,1e-05,0,0
23.82,-0.00902,0.00025,8e-05,-0.00098,8e-05,0,0.00061,0,-0.00075,4e-05,-5e-05,-6e-05,-0,0.00052,-0.00044,-0.00027,0.00185,4e-05,9e-05,1e-05,0.00075,0.0002,0.00058,-0.00055,-3e-05,0,0,0.00212,-0.00018,0,0.00059,1e-05,0,0
23.84,-0.00983,0.00018,8e-05,-0.00099,6e-05,0,0.00065,-1e-05,-0.00084,4e-05,-7e-05,-8e-05,-0,0.00022,-0.00035,-0.00031,0.00133,3e-05,8e-05,0,0.0006,0.00051,0.00038,-0.00053,-3e-05,-0,-0,0.00202,-0.00017,1e-05,0.00058,1e-05,0,0
23.86,-0.01036,0.00011,7e-05,-0.00096,4e-05,0,0.00067,-2e-05,-0.00091,3e-05,-9e-05,-0.00011,-0,-7e-05,-0.00025,-0.00034,0.00087,3e-05,7e-05,0,0.00046,0.00087,0.00013,-0.00051,-2e-05,-0,-0,0.0019,-0.00017,1e-05,0.00056,1e-05,0,0
23.88,-0.01057,4e-05,5e-05,-0.0009,3e-05,0,0.00067,-3e-05,-0.00095,3e-05,-0.00011,-0.00013,-0,-0.00035,-0.00014,-0.00037,0.00041,2e-05,6e-05,0,0.00032,0.00126,-0.00015,-0.00048,-2e-05,-0,-0,0.00175,-0.00017,0,0.00052,0,0,0
23.9,-0.01047,-2e-05,4e-05,-0.0008,1e-05,0,0.00063,-4e-05,-0.00091,2e-05,-0.00011,-0.00013,-0,-0.00061,-4e-05,-0.0004,-8e-05,1e-05,5e-05,0,0.00019,0.00163,-0.00044,-0.00044,-2e-05,-1e-05,-0,0.00157,-0.00016,-1e-05,0.00046,0,0,0
23.92,-0.01004,-8e-05,3e-05,-0.00068,0,-0,0.00053,-4e-05,-0.00074,1e-05,-9e-05,-0.0001,-0,-0.00088,5e-05,-0.00042,-0.00054,0,4e-05,-0,6e-05,0.00194,-0.00068,-0.0004,-1e-05,-1e-05,-0,0.00136,-0.00016,-3e-05,0.00039,0,0,0
23.94,-0.00931,-0.00013,2e-05,-0.00052,-1e-05,-0,0.00037,-3e-05,-0.00048,1e-05,-7e-05,-6e-05,-0,-0.00116,0.00014,-0.00043,-0.00094,-0,3e-05,-0,-6e-05,0.00212,-0.00085,-0.00035,-1e-05,-1e-05,-0,0.00111,-0.00015,-5e-05,0.00031,0,0,0
23.96,-0.00831,-0.00019,2e-05,-0.00034,-1e-05,-0,0.00015,-1e-05,-0.00017,-0,-2e-05,1e-05,-0,-0.00144,0.00022,-0.00043,-0.00132,-1e-05,3e-05,0,-0.00019,0.00216,-0.00094,-0.00032,-1e-05,-1e-05,-0,0.00083,-0.00014,-7e-05,0.00023,0,0,0
23.98,-0.00704,-0.00024,3e-05,-0.00014,-2e-05,-0,-0.00011,1e-05,0.00017,-1e-05,3e-05,8e-05,-0,-0.00172,0.00029,-0.00043,-0.00171,-1e-05,2e-05,0,-0.00032,0.00207,-0.00095,-0.00029,-1e-05,-1e-05,-0,0.00049,-0.00012,-8e-05,0.00014,0,0,0
24,-0.00555,-0.00029,5e-05,8e-05,-3e-05,-0,-0.00036,5e-05,0.00049,-1e-05,9e-05,0.00015,-0,-0.00196,0.00034,-0.0004,-0.00199,-1e-05,2e-05,0,-0.00046,0.00186,-0.0009,-0.00026,-2e-05,-0,-0,0.00011,-0.0001,-8e-05,5e-05,0,0,0
24.02,-0.00388,-0.00034,8e-05,0.0003,-4e-05,0,-0.00055,9e-05,0.00081,-1e-05,0.00015,0.00024,-0,-0.00211,0.00039,-0.00036,-0.00197,-1e-05,1e-05,1e-05,-0.00061,0.00157,-0.00081,-0.00025,-2e-05,-0,-0,-0.00032,-7e-05,-7e-05,-4e-05,0,0,0
24.04,-0.00207,-0.00038,0.00012,0.00051,-4e-05,-0,-0.00065,0.00013,0.00108,-2e-05,0.00021,0.00031,-0,-0.00212,0.00044,-0.00031,-0.00173,1e-05,1e-05,1e-05,-0.00078,0.00125,-0.0007,-0.00026,-2e-05,0,0,-0.0008,-5e-05,-3e-05,-0.00013,1e-05,0,0
24.06,-0.00014,-0.00042,0.00016,0.00072,-4e-05,-0,-0.00063,0.00017,0.00121,-2e-05,0.00025,0.00033,-0,-0.00201,0.00049,-0.00025,-0.00144,3e-05,0,2e-05,-0.00096,0.00095,-0.00056,-0.00027,-2e-05,0,0,-0.00132,-2e-05,3e-05,-0.00021,1e-05,-0,-0
24.08,0.00189,-0.00046,0.00021,0.0009,-4e-05,-0,-0.00049,0.0002,0.00121,-1e-05,0.00026,0.00029,0,-0.0018,0.00053,-0.00019,-0.00115,4e-05,-1e-05,2e-05,-0.00116,0.00066,-0.00042,-0.00029,-2e-05,0,0,-0.00186,-0,0.0001,-0.0003,1e-05,-0,-0
24.1,0.00397,-0.00049,0.00027,0.00106,-4e-05,-0,-0.00027,0.00023,0.00104,-1e-05,0.00022,0.00019,0,-0.00142,0.0006,-0.00014,-0.00067,6e-05,-2e-05,3e-05,-0.00137,0.00039,-0.00027,-0.00032,-2e-05,1e-05,0,-0.00239,0,0.00017,-0.00039,2e-05,-0,-0
24.12,0.00605,-0.0005,0.00036,0.00119,-4e-05,-0,0,0.00025,0.00071,-0,0.00015,4e-05,0,-0.00083,0.0007,-0.00012,0.00021,7e-05,-3e-05,4e-05,-0.00159,0.00013,-0.00011,-0.00037,-2e-05,1e-05,1e-05,-0.00284,0,0.00022,-0.00049,2e-05,-0,-0
24.14,0.00806,-0.0005,0.00045,0.00128,-3e-05,-0,0.0003,0.00025,0.00034,0,6e-05,-0.0001,1e-05,-0.00031,0.0008,-0.00014,0.00116,7e-05,-5e-05,6e-05,-0.00182,-0.0001,5e-05,-0.00043,-2e-05,1e-05,1e-05,-0.00319,-0,0.00024,-0.00058,2e-05,-0,-0
24.16,0.00994,-0.00049,0.00054,0.00133,-3e-05,-0,0.00058,0.00026,2e-05,1e-05,-4e-05,-0.00021,1e-05,-0.00016,0.00084,-0.00019,0.00195,4e-05,-6e-05,7e-05,-0.00204,-0.00032,0.00019,-0.00049,-2e-05,1e-05,1e-05,-0.00316,-0,0.00019,-0.00045,1e-05,-0,-0
24.18,0.0116,-0.00047,0.00061,0.00134,-2e-05,-0,0.00083,0.00025,-0.00026,1e-05,-0.00013,-0.00029,1e-05,-0.00057,0.00079,-0.00026,0.00261,2e-05,-9e-05,8e-05,-0.00226,-0.0005,0.00032,-0.00056,-2e-05,1e-05,1e-05,-0.00249,-0,7e-05,0.00023,-2e-05,-0,0
24.2,0.0129,-0.00044,0.00064,0.00133,-2e-05,-0,0.00104,0.00024,-0.00051,1e-05,-0.00018,-0.00032,2e-05,-0.00113,0.00063,-0.00032,0.00308,-0,-0.00011,9e-05,-0.00245,-0.00064,0.00041,-0.00062,-2e-05,1e-05,1e-05,-0.00134,0,-0.0001,0.00135,-5e-05,0,1e-05
24.22,0.01367,-0.00039,0.00061,0.00131,-3e-05,-0,0.00119,0.00021,-0.00073,1e-05,-0.00018,-0.00027,2e-05,-0.00123,0.00038,-0.00035,0.00331,3e-05,-9e-05,0.0001,-0.00253,-0.0007,0.00046,-0.00067,-1e-05,1e-05,1e-05,0.00024,1e-05,-0.00026,0.00297,-8e-05,0,1e-05
24.24,0.01384,-0.00034,0.00052,0.00127,-4e-05,-0,0.00128,0.00016,-0.00094,1e-05,-8e-05,-0.00015,3e-05,-0.00112,9e-05,-0.00034,0.00328,0.00015,-3e-05,0.00011,-0.00254,-0.00068,0.00044,-0.0007,-1e-05,1e-05,1e-05,0.00216,2e-05,-0.00035,0.00504,-9e-05,0,2e-05
24.26,0.01343,-0.00028,0.0004,0.00123,-4e-05,-0,0.0013,0.00011,-0.0011,1e-05,0.00015,6e-05,5e-05,-0.00104,-0.00019,-0.00029,0.00293,0.00036,4e-05,0.00011,-0.00248,-0.00058,0.00038,-0.0007,-0,1e-05,1e-05,0.00423,2e-05,-0.00032,0.00742,-7e-05,0,1e-05
24.28,0.01252,-0.00021,0.00026,0.00119,-5e-05,-0,0.00124,6e-05,-0.00121,-1e-05,0.00048,0.00032,6e-05,-0.00072,-0.0004,-0.00022,0.00232,0.00066,0.00012,0.00012,-0.00235,-0.00041,0.00026,-0.00066,0,1e-05,0,0.00616,2e-05,-0.00013,0.0098,-3e-05,0,1e-05
24.3,0.01125,-0.00016,0.00014,0.00116,-5e-05,0,0.00107,1e-05,-0.0012,-4e-05,0.00103,0.00069,9e-05,-0.00024,-0.00052,-0.00013,0.00143,0.00106,0.00023,0.00014,-0.00215,-0.00019,0.00011,-0.0006,1e-05,1e-05,0,0.00771,1e-05,0.00022,0.01176,4e-05,0,0
24.32,0.00979,-0.00011,7e-05,0.00112,-5e-05,0,0.00079,-1e-05,-0.00096,-0.0001,0.00198,0.00127,0.00011,0.00012,-0.0006,-1e-05,0.00045,0.00159,0.00036,0.00015,-0.00192,4e-05,-4e-05,-0.0005,1e-05,0,0,0.00869,3e-05,0.00064,0.01282,0.00012,-0,-1e-05
24.34,0.00825,-7e-05,3e-05,0.00108,-5e-05,0,0.0004,-2e-05,-0.00057,-0.00018,0.00311,0.00186,0.00013,0.00034,-0.00063,0.00012,-0.00037,0.00217,0.00049,0.00017,-0.00163,0.00025,-0.00018,-0.00037,1e-05,0,0,0.0089,7e-05,0.00106,0.01271,0.00021,-0,-2e-05
24.36,0.00669,-4e-05,1e-05,0.00103,-4e-05,0,-4e-05,-3e-05,-0.00013,-0.00025,0.00409,0.0023,0.00015,0.00057,-0.00063,0.00025,-0.00097,0.0027,0.00061,0.00018,-0.00129,0.00041,-0.00028,-0.00024,2e-05,0,-0,0.00819,0.00011,0.00141,0.01142,0.00027,-1e-05,-2e-05
24.38,0.00521,-2e-05,-0,0.00098,-3e-05,0,-0.00049,-7e-05,0.00029,-0.00026,0.00465,0.0026,0.00015,0.00088,-0.0006,0.00039,-0.00134,0.00314,0.00071,0.00019,-0.00092,0.0005,-0.00035,-9e-05,2e-05,-0,-0,0.00665,0.00012,0.00162,0.00907,0.00031,-1e-05,-3e-05
24.4,0.00389,1e-05,-0,0.00092,-2e-05,0,-0.00092,-0.00014,0.00063,-0.0002,0.00513,0.00273,0.00014,0.00101,-0.00058,0.00052,-0.00148,0.00347,0.0008,0.0002,-0.00055,0.00054,-0.00037,6e-05,2e-05,-0,-0,0.00444,0.00014,0.00167,0.00602,0.00031,-0,-2e-05
24.42,0.00281,2e-05,1e-05,0.00086,-1e-05,0,-0.00132,-0.00021,0.001,-8e-05,0.00534,0.00271,0.00013,0.00082,-0.0006,0.00063,-0.00138,0.00369,0.00086,0.00022,-0.00019,0.00051,-0.00036,0.00021,2e-05,-0,-0,0.00173,0.00014,0.00155,0.00269,0.00028,0,-1e-05
24.44,0.002,4e-05,2e-05,0.00079,-1e-05,0,-0.00164,-0.00027,0.00138,5e-05,0.00504,0.00258,0.00012,0.00066,-0.00061,0.00072,-0.00113,0.00376,0.00091,0.00022,0.00015,0.00044,-0.00031,0.00035,2e-05,-0,-0,-0.00137,0.0001,0.0013,-0.00062,0.00023,1e-05,0
24.46,0.00148,5e-05,3e-05,0.00073,0,0,-0.00185,-0.00029,0.00163,0.00014,0.00448,0.00238,9e-05,0.00066,-0.00058,0.00078,-0.00083,0.00368,0.00094,0.00023,0.00048,0.00032,-0.00023,0.00049,2e-05,-0,-0,-0.00475,-0,0.00098,-0.00363,0.00016,2e-05,2e-05
24.48,0.00126,6e-05,4e-05,0.00066,1e-05,0,-0.00191,-0.00027,0.00173,0.00016,0.00383,0.00215,7e-05,0.0007,-0.00051,0.0008,-0.00047,0.0035,0.00096,0.00022,0.00078,0.00016,-0.00012,0.00061,2e-05,0,0,-0.00828,-0.00016,0.00064,-0.00618,8e-05,2e-05,4e-05
24.5,0.00132,7e-05,4e-05,0.0006,2e-05,0,-0.0018,-0.00023,0.00154,0.00013,0.00304,0.00186,4e-05,0.00067,-0.00041,0.00076,-0.00018,0.00319,0.00095,0.00021,0.00106,-3e-05,0,0.00072,1e-05,0,0,-0.01193,-0.00036,0.00035,-0.00816,2e-05,3e-05,6e-05
24.52,0.00163,8e-05,4e-05,0.00054,3e-05,0,-0.00155,-0.00018,0.00101,0.0001,0.00206,0.0015,2e-05,0.00054,-0.00032,0.00066,-6e-05,0.00275,0.0009,0.0002,0.00134,-0.00025,0.00014,0.00081,1e-05,0,0,-0.01574,-0.00056,0.00015,-0.00949,-2e-05,4e-05,7e-05
24.54,0.00214,8e-05,3e-05,0.00051,4e-05,0,-0.00118,-0.00014,0.0004,9e-05,0.00123,0.00117,1e-05,0.00034,-0.00025,0.00054,0,0.00228,0.00084,0.00019,0.00163,-0.0005,0.00027,0.00087,1e-05,0,0,-0.01959,-0.00073,6e-05,-0.0102,-2e-05,4e-05,8e-05
24.56,0.00279,8e-05,2e-05,0.00049,4e-05,0,-0.00073,-0.00011,-0.00018,7e-05,0.00067,0.0009,-0,0.0001,-0.00018,0.00042,9e-05,0.00186,0.00078,0.00017,0.00191,-0.00076,0.0004,0.00091,0,1e-05,0,-0.02326,-0.00087,6e-05,-0.01034,2e-05,4e-05,8e-05
24.58,0.00349,8e-05,1e-05,0.00049,5e-05,0,-0.00024,-8e-05,-0.00072,6e-05,0.00028,0.00067,-1e-05,-0.00016,-0.00012,0.0003,0.00017,0.0015,0.00072,0.00015,0.00219,-0.00103,0.0005,0.00091,-0,1e-05,0,-0.02655,-0.00095,0.00016,-0.01,9e-05,4e-05,7e-05
24.6,0.00412,8e-05,0,0.00049,6e-05,0,0.00027,-6e-05,-0.00123,4e-05,2e-05,0.00048,-2e-05,-0.00043,-8e-05,0.0002,0.00023,0.00117,0.00066,0.00013,0.00247,-0.00129,0.00058,0.0009,-1e-05,1e-05,1e-05,-0.0294,-0.00097,0.00032,-0.00924,0.00019,3e-05,5e-05
24.62,0.00457,8e-05,0,0.00049,7e-05,0,0.00076,-5e-05,-0.00174,2e-05,-0.00017,0.00032,-2e-05,-0.00065,-6e-05,0.00012,0.00026,0.00087,0.0006,0.00011,0.00276,-0.0015,0.00063,0.00086,-1e-05,1e-05,1e-05,-0.0317,-0.00095,0.0005,-0.00814,0.00028,3e-05,4e-05
24.64,0.00473,9e-05,1e-05,0.00048,7e-05,0,0.00123,-4e-05,-0.00225,1e-05,-0.00031,0.00017,-3e-05,-0.00083,-5e-05,6e-05,0.00027,0.00063,0.00054,9e-05,0.00304,-0.00166,0.00064,0.00081,-2e-05,1e-05,1e-05,-0.033,-0.0009,0.00064,-0.00686,0.00036,2e-05,2e-05
24.66,0.00457,9e-05,3e-05,0.00046,7e-05,0,0.00164,-4e-05,-0.00272,0,-0.00042,5e-05,-4e-05,-0.00093,-4e-05,1e-05,0.00026,0.00046,0.0005,7e-05,0.00327,-0.00176,0.00062,0.00074,-2e-05,1e-05,1e-05,-0.03292,-0.00085,0.00073,-0.00553,0.0004,2e-05,1e-05
24.68,0.00409,0.0001,5e-05,0.00042,7e-05,0,0.00198,-5e-05,-0.00317,0,-0.00052,-5e-05,-4e-05,-0.00098,-3e-05,-2e-05,0.00025,0.00033,0.00046,6e-05,0.00345,-0.00179,0.00056,0.00068,-2e-05,1e-05,1e-05,-0.0314,-0.00081,0.00073,-0.00422,0.00041,1e-05,1e-05
24.7,0.00336,0.00012,8e-05,0.00037,7e-05,0,0.00223,-6e-05,-0.00344,-0,-0.00057,-0.00014,-5e-05,-0.00097,-3e-05,-4e-05,0.00021,0.00023,0.00043,5e-05,0.00356,-0.00176,0.00048,0.0006,-2e-05,1e-05,1e-05,-0.02843,-0.00079,0.00066,-0.003,0.00037,1e-05,1e-05
24.72,0.00248,0.00013,0.00011,0.0003,7e-05,0,0.00239,-6e-05,-0.00326,-0,-0.00052,-0.00019,-5e-05,-0.00091,-2e-05,-5e-05,0.00015,0.00017,0.0004,4e-05,0.0036,-0.00167,0.00038,0.00053,-2e-05,1e-05,1e-05,-0.02422,-0.00076,0.00051,-0.00195,0.0003,1e-05,1e-05
24.74,0.00156,0.00014,0.00013,0.00023,6e-05,0,0.00244,-6e-05,-0.00288,-0,-0.00043,-0.00022,-4e-05,-0.00083,-2e-05,-5e-05,0.0001,0.00012,0.00037,3e-05,0.00356,-0.00154,0.00027,0.00045,-2e-05,1e-05,0,-0.01917,-0.00072,0.00033,-0.00112,0.00022,2e-05,1e-05
24.76,0.00067,0.00015,0.00016,0.00016,6e-05,0,0.00236,-4e-05,-0.00247,-1e-05,-0.00036,-0.00022,-3e-05,-0.00074,-1e-05,-5e-05,6e-05,9e-05,0.00035,3e-05,0.00348,-0.00136,0.00015,0.00038,-1e-05,1e-05,0,-0.01385,-0.00064,0.00017,-0.00052,0.00013,2e-05,2e-05
24.78,-0.00011,0.00016,0.00017,0.0001,6e-05,0,0.00218,-3e-05,-0.00201,-1e-05,-0.00028,-0.00021,-3e-05,-0.00064,-1e-05,-4e-05,2e-05,7e-05,0.00032,2e-05,0.00335,-0.00115,3e-05,0.00032,-1e-05,1e-05,0,-0.00886,-0.00052,6e-05,-0.00015,5e-05,2e-05,2e-05
24.8,-0.00073,0.00017,0.00018,5e-05,5e-05,0,0.00192,-1e-05,-0.00162,-1e-05,-0.00023,-0.00018,-2e-05,-0.00055,-0,-3e-05,-1e-05,5e-05,0.0003,2e-05,0.00316,-0.00093,-9e-05,0.00026,-1e-05,0,0,-0.00462,-0.00035,-1e-05,3e-05,0,1e-05,2e-05
24.82,-0.00115,0.00018,0.00018,1e-05,5e-05,0,0.00162,-1e-05,-0.00136,-0,-0.00023,-0.00015,-2e-05,-0.00047,-0,-3e-05,-3e-05,4e-05,0.00027,2e-05,0.00292,-0.00071,-0.00019,0.00021,-1e-05,0,0,-0.00136,-0.00015,-3e-05,9e-05,-2e-05,1e-05,2e-05
24.84,-0.00133,0.00018,0.00018,-1e-05,4e-05,0,0.00131,-0,-0.00112,-0,-0.00021,-0.00012,-2e-05,-0.0004,0,-2e-05,-4e-05,4e-05,0.00024,1e-05,0.00266,-0.00051,-0.00028,0.00017,-0,0,0,0.00089,5e-05,-3e-05,6e-05,-2e-05,0,1e-05
24.86,-0.00127,0.00018,0.00017,-0,4e-05,0,0.00102,-0,-0.00086,-0,-0.00018,-8e-05,-1e-05,-0.00035,0,-1e-05,-4e-05,3e-05,0.00021,1e-05,0.00238,-0.00034,-0.00035,0.00014,-0,0,0,0.00227,0.00021,-1e-05,1e-05,-1e-05,0,0
24.88,-0.00098,0.00017,0.00016,2e-05,4e-05,0,0.00077,-0,-0.00063,-0,-0.00014,-5e-05,-1e-05,-0.0003,0,-1e-05,-4e-05,2e-05,0.00018,1e-05,0.0021,-0.00019,-0.00039,0.00012,0,0,-0,0.00298,0.00031,1e-05,-5e-05,0,-0,-0
24.9,-0.0005,0.00016,0.00015,7e-05,3e-05,0,0.00053,0,-0.00041,-0,-9e-05,-2e-05,-1e-05,-0.00027,0,-1e-05,-4e-05,1e-05,0.00015,0,0.00181,-7e-05,-0.00041,0.00011,0,-0,-0,0.00296,0.00032,2e-05,-7e-05,1e-05,-0,-0
24.92,0.00013,0.00014,0.00013,0.00013,3e-05,0,0.00031,0,-0.00019,-0,-4e-05,1e-05,-0,-0.00024,-0,-0,-3e-05,1e-05,0.00012,0,0.00154,1e-05,-0.00042,0.0001,0,-0,-0,0.00263,0.00026,2e-05,-6e-05,1e-05,-0,-0
24.94,0.00084,0.00013,0.00012,0.0002,3e-05,0,0.0001,0,3e-05,-0,2e-05,5e-05,0,-0.00021,-0,-0,-3e-05,0,9e-05,-0,0.00128,6e-05,-0.00041,0.00011,1e-05,-0,-0,0.00232,0.0002,1e-05,-5e-05,0,-0,-0
24.96,0.0016,0.00011,0.00011,0.00028,2e-05,0,-0.00012,1e-05,0.00026,-0,0.0001,8e-05,1e-05,-0.00019,-0,0,-3e-05,-0,6e-05,-0,0.00105,9e-05,-0.00039,0.00012,1e-05,-0,-0,0.00204,0.00015,-0,-4e-05,0,-0,-0
24.98,0.00235,9e-05,9e-05,0.00036,2e-05,0,-0.00036,1e-05,0.00052,-0,0.00019,0.00013,1e-05,-0.00016,-0,0,-2e-05,-0,4e-05,-0,0.00084,9e-05,-0.00036,0.00013,1e-05,-0,-0,0.00179,9e-05,-1e-05,-2e-05,0,-0,-0
25,0.00305,8e-05,8e-05,0.00044,1e-05,0,-0.00063,2e-05,0.00082,0,0.0003,0.00018,2e-05,-0.00014,-0,0,-2e-05,-1e-05,2e-05,-0,0.00066,9e-05,-0.00032,0.00014,1e-05,0,-0,0.00158,4e-05,-2e-05,-1e-05,-0,-0,-0
25.02,0.00365,6e-05,7e-05,0.0005,1e-05,0,-0.00094,2e-05,0.00117,0,0.00044,0.00024,3e-05,-0.00011,-0,0,-2e-05,-1e-05,0,-0,0.00049,9e-05,-0.0003,0.00016,1e-05,0,0,0.00138,-1e-05,-3e-05,1e-05,-0,-0,-0
25.04,0.00412,5e-05,5e-05,0.00054,0,0,-0.00128,4e-05,0.00155,1e-05,0.00061,0.00031,4e-05,-9e-05,-0,0,-2e-05,-1e-05,-1e-05,-0,0.00035,0.0001,-0.00028,0.00018,1e-05,0,0,0.00121,-5e-05,-2e-05,3e-05,-0,0,0
25.06,0.00443,4e-05,4e-05,0.00056,0,0,-0.00166,5e-05,0.00195,1e-05,0.00081,0.00039,6e-05,-7e-05,-0,0,-1e-05,-1e-05,-2e-05,-0,0.00021,0.00012,-0.00027,0.00019,1e-05,0,0,0.00105,-8e-05,-2e-05,5e-05,-0,0,0
25.08,0.00458,3e-05,3e-05,0.00056,0,0,-0.00204,7e-05,0.00231,2e-05,0.00099,0.00046,7e-05,-5e-05,-0,0,-1e-05,-1e-05,-3e-05,-0,9e-05,0.00016,-0.00027,0.0002,1e-05,0,0,0.00089,-0.00011,-1e-05,7e-05,-0,0,0
25.1,0.00458,2e-05,2e-05,0.00055,0,0,-0.00237,9e-05,0.00266,2e-05,0.00116,0.00051,8e-05,-4e-05,-0,0,-1e-05,-1e-05,-3e-05,-0,-2e-05,0.0002,-0.00027,0.0002,1e-05,0,0,0.00075,-0.00013,-0,8e-05,-0,0,0
25.12,0.00444,2e-05,1e-05,0.00052,0,0,-0.00253,0.00012,0.00314,3e-05,0.00136,0.00056,0.00011,-3e-05,-0,0,-0,-1e-05,-3e-05,-0,-0.00012,0.00024,-0.00027,0.0002,1e-05,0,0,0.00061,-0.00015,0,9e-05,-0,0,0
25.14,0.00417,2e-05,1e-05,0.00049,0,0,-0.0025,0.00013,0.00359,2e-05,0.00148,0.00057,0.00013,-3e-05,-0,0,-0,-1e-05,-3e-05,-0,-0.0002,0.00027,-0.00028,0.00019,1e-05,0,-0,0.00049,-0.00015,1e-05,0.0001,-0,0,0
25.16,0.00379,2e-05,1e-05,0.00045,1e-05,0,-0.00228,0.00012,0.00373,2e-05,0.00143,0.00054,0.00013,-3e-05,-0,-0,0,-1e-05,-3e-05,-0,-0.00027,0.00029,-0.00028,0.00017,1e-05,0,-0,0.00039,-0.00015,1e-05,0.0001,-0,0,0
25.18,0.00332,1e-05,1e-05,0.0004,1e-05,0,-0.00188,9e-05,0.00361,1e-05,0.00125,0.00046,0.00012,-4e-05,-0,-0,1e-05,-1e-05,-2e-05,-0,-0.00033,0.00029,-0.00027,0.00015,1e-05,0,-0,0.00029,-0.00014,1e-05,9e-05,-0,0,0
25.2,0.00278,1e-05,1e-05,0.00035,2e-05,0,-0.00137,5e-05,0.00293,0,0.00092,0.00033,9e-05,-4e-05,-0,-0,1e-05,-1e-05,-2e-05,-0,-0.00038,0.00027,-0.00025,0.00012,1e-05,0,-0,0.00021,-0.00013,1e-05,9e-05,-0,0,0
25.22,0.00222,1e-05,1e-05,0.0003,2e-05,0,-0.0008,2e-05,0.00162,-0,0.00048,0.00018,5e-05,-6e-05,-0,-0,1e-05,-1e-05,-1e-05,-0,-0.0004,0.00024,-0.00023,9e-05,0,0,0,0.00015,-0.00012,1e-05,8e-05,-0,0,0
25.24,0.00166,1e-05,1e-05,0.00024,3e-05,0,-0.0002,-1e-05,0.00019,-0,7e-05,3e-05,1e-05,-7e-05,-0,-0,1e-05,-1e-05,-0,-0,-0.00042,0.0002,-0.00019,6e-05,0,0,0,0.0001,-0.0001,1e-05,7e-05,-0,0,0
25.26,0.00112,1e-05,2e-05,0.00019,4e-05,0,0.00039,-4e-05,-0.00112,0,-0.00025,-0.0001,-3e-05,-8e-05,0,-0,1e-05,-1e-05,1e-05,-0,-0.00042,0.00015,-0.00016,3e-05,0,0,0,7e-05,-9e-05,1e-05,6e-05,-0,0,0
25.28,0.00061,1e-05,2e-05,0.00013,5e-05,0,0.00091,-8e-05,-0.00228,0,-0.00049,-0.0002,-6e-05,-0.0001,0,-0,1e-05,-1e-05,2e-05,-0,-0.00041,0.0001,-0.00011,1e-05,0,0,0,4e-05,-8e-05,1e-05,5e-05,-0,0,0
25.3,0.00015,1e-05,3e-05,7e-05,6e-05,0,0.0013,-0.00012,-0.00303,1e-05,-0.00063,-0.00027,-7e-05,-0.00012,0,-0,1e-05,-1e-05,2e-05,-1e-05,-0.00039,5e-05,-8e-05,-1e-05,-0,0,0,3e-05,-7e-05,0,5e-05,-0,0,0
25.32,-0.00025,0,4e-05,1e-05,7e-05,0,0.00155,-0.00014,-0.003,2e-05,-0.00059,-0.00029,-7e-05,-0.00013,0,-0,1e-05,-2e-05,3e-05,-1e-05,-0.00037,2e-05,-4e-05,-2e-05,-0,0,0,2e-05,-6e-05,0,4e-05,-0,0,0
25.34,-0.00058,-0,5e-05,-5e-05,8e-05,0,0.00162,-0.00014,-0.00254,2e-05,-0.00048,-0.00028,-6e-05,-0.00015,0,-0,1e-05,-2e-05,4e-05,-1e-05,-0.00035,0,-2e-05,-2e-05,-0,0,0,2e-05,-5e-05,0,4e-05,-0,0,0
25.36,-0.00082,-1e-05,7e-05,-0.00011,0.0001,0,0.00151,-0.00011,-0.00199,2e-05,-0.00037,-0.00025,-4e-05,-0.00017,0,0,1e-05,-2e-05,5e-05,-1e-05,-0.00033,1e-05,-1e-05,-3e-05,-0,0,0,2e-05,-4e-05,0,4e-05,0,0,0
25.38,-0.00096,-1e-05,9e-05,-0.00018,0.00011,0,0.00127,-7e-05,-0.00136,2e-05,-0.00026,-0.00019,-2e-05,-0.00019,0,0,2e-05,-2e-05,6e-05,-1e-05,-0.00032,3e-05,-1e-05,-3e-05,-0,0,0,1e-05,-4e-05,0,4e-05,0,0,0
25.4,-0.00099,-2e-05,0.00011,-0.00025,0.00012,0,0.00096,-4e-05,-0.00089,2e-05,-0.00018,-0.00013,-1e-05,-0.00021,1e-05,1e-05,2e-05,-2e-05,6e-05,-1e-05,-0.00032,7e-05,-2e-05,-2e-05,-0,0,0,1e-05,-4e-05,-0,4e-05,0,0,-0
25.42,-0.0009,-2e-05,0.00013,-0.00031,0.00013,0,0.00066,-3e-05,-0.00062,2e-05,-0.00014,-7e-05,-1e-05,-0.00024,1e-05,1e-05,4e-05,-2e-05,7e-05,-1e-05,-0.00032,0.00012,-4e-05,-2e-05,-0,0,0,-0,-4e-05,-0,4e-05,0,0,-0
25.44,-0.00068,-2e-05,0.00015,-0.00038,0.00014,0,0.00046,-2e-05,-0.00043,1e-05,-9e-05,-4e-05,-1e-05,-0.00027,1e-05,1e-05,5e-05,-3e-05,7e-05,-1e-05,-0.00033,0.00017,-5e-05,-2e-05,-0,0,0,-2e-05,-4e-05,-0,3e-05,0,0,-0
25.46,-0.00032,-2e-05,0.00017,-0.00045,0.00014,0,0.00038,-1e-05,-0.00032,1e-05,-5e-05,-2e-05,-1e-05,-0.00031,1e-05,2e-05,7e-05,-4e-05,7e-05,-1e-05,-0.00036,0.00021,-7e-05,-2e-05,0,0,0,-5e-05,-4e-05,-0,3e-05,0,0,-0
25.48,0.00017,-1e-05,0.00019,-0.00051,0.00015,0,0.00039,-0,-0.00035,1e-05,-4e-05,-2e-05,-1e-05,-0.00035,2e-05,2e-05,9e-05,-5e-05,7e-05,-1e-05,-0.00039,0.00025,-9e-05,-3e-05,0,0,0,-8e-05,-4e-05,-0,2e-05,0,0,-0
25.5,0.00078,-1e-05,0.00021,-0.00058,0.00016,0,0.00046,-0,-0.00044,1e-05,-5e-05,-4e-05,-1e-05,-0.0004,2e-05,3e-05,0.00012,-6e-05,6e-05,-2e-05,-0.00042,0.00028,-0.0001,-3e-05,0,0,0,-0.00013,-4e-05,-0,1e-05,0,-0,-0
25.52,0.00147,-1e-05,0.00024,-0.00064,0.00016,0,0.00052,0,-0.00042,1e-05,-5e-05,-4e-05,-0,-0.00046,3e-05,4e-05,0.00015,-7e-05,6e-05,-2e-05,-0.00046,0.00031,-0.00011,-4e-05,0,0,-0,-0.00017,-5e-05,-0,0,0,-0,-0
25.54,0.00218,-1e-05,0.00027,-0.0007,0.00017,0,0.00053,1e-05,-0.00027,1e-05,-1e-05,-3e-05,0,-0.00052,4e-05,4e-05,0.00018,-9e-05,5e-05,-2e-05,-0.0005,0.00034,-0.00012,-5e-05,0,-0,-0,-0.00022,-5e-05,-0,-1e-05,0,-0,-0
25.56,0.00284,-0,0.00028,-0.00075,0.00017,0,0.00045,2e-05,-5e-05,1e-05,7e-05,-0,1e-05,-0.00057,4e-05,4e-05,0.00021,-0.0001,4e-05,-3e-05,-0.00054,0.00038,-0.00013,-6e-05,0,-0,-0,-0.00026,-6e-05,-0,-2e-05,0,-0,-0
25.58,0.00334,-0,0.00029,-0.00078,0.00016,0,0.00028,3e-05,0.00023,1e-05,0.00016,5e-05,1e-05,-0.00061,5e-05,4e-05,0.00023,-0.00011,3e-05,-3e-05,-0.00056,0.0004,-0.00014,-7e-05,0,-0,-0,-0.00029,-6e-05,-0,-3e-05,0,-0,-0
25.6,0.00355,-0,0.00027,-0.00077,0.00016,0,5e-05,3e-05,0.0005,2e-05,0.00026,0.0001,2e-05,-0.00062,5e-05,3e-05,0.00025,-0.00012,3e-05,-3e-05,-0.00058,0.00042,-0.00015,-8e-05,0,-0,-0,-0.0003,-6e-05,-0,-4e-05,0,-0,-0
25.62,0.00336,0,0.00022,-0.0007,0.00016,0,-0.00021,4e-05,0.00083,2e-05,0.00041,0.00016,3e-05,-0.00058,4e-05,1e-05,0.00026,-0.00013,2e-05,-3e-05,-0.00057,0.00041,-0.00015,-8e-05,0,-0,-0,-0.00028,-6e-05,-0,-4e-05,0,-0,-0
25.64,0.0027,1e-05,0.00016,-0.00057,0.00017,0,-0.00042,4e-05,0.00115,2e-05,0.00055,0.00021,4e-05,-0.0005,4e-05,-1e-05,0.00025,-0.00012,1e-05,-3e-05,-0.00054,0.00038,-0.00014,-9e-05,0,-0,-0,-0.00022,-5e-05,-0,-4e-05,0,-0,-0
25.66,0.0016,2e-05,0.00011,-0.00039,0.00016,0,-0.00057,4e-05,0.00131,2e-05,0.00061,0.00024,5e-05,-0.00037,3e-05,-6e-05,0.00019,-0.00011,1e-05,-3e-05,-0.00049,0.00032,-0.00013,-8e-05,0,-0,-0,-0.00012,-4e-05,-0,-3e-05,0,-0,-0
25.68,0.00016,3e-05,6e-05,-0.00017,0.00016,0,-0.00062,3e-05,0.00131,2e-05,0.00059,0.00024,5e-05,-0.00021,2e-05,-0.00012,8e-05,-0.0001,1e-05,-2e-05,-0.00044,0.00024,-0.00011,-8e-05,-0,0,0,-1e-05,-3e-05,-0,-2e-05,0,-0,-0
25.7,-0.00141,4e-05,3e-05,6e-05,0.00014,0,-0.00058,1e-05,0.00106,2e-05,0.00047,0.00021,4e-05,-3e-05,0,-0.00019,-7e-05,-9e-05,1e-05,-2e-05,-0.00038,0.00014,-9e-05,-7e-05,-0,0,0,0.00012,-2e-05,0,-0,1e-05,-0,-0
25.72,-0.00289,3e-05,-0,0.00028,0.00011,0,-0.00045,-0,0.00055,3e-05,0.00028,0.00016,2e-05,0.00015,-1e-05,-0.00029,-0.00019,-8e-05,0,-2e-05,-0.00033,3e-05,-6e-05,-5e-05,-0,0,0,0.00023,-0,0,1e-05,1e-05,-0,-0
25.74,-0.00407,1e-05,-3e-05,0.00045,8e-05,0,-0.00026,-3e-05,-3e-05,3e-05,8e-05,0.0001,1e-05,0.0003,-2e-05,-0.00041,-0.00025,-9e-05,-0,-2e-05,-0.0003,-9e-05,-3e-05,-4e-05,-1e-05,0,0,0.00031,1e-05,0,3e-05,1e-05,-0,-0
25.76,-0.00484,-2e-05,-5e-05,0.00056,6e-05,0,-3e-05,-5e-05,-0.00058,4e-05,-8e-05,4e-05,-1e-05,0.00041,-2e-05,-0.00054,-0.00026,-0.00012,-1e-05,-3e-05,-0.0003,-0.00019,-1e-05,-3e-05,-1e-05,0,0,0.00035,2e-05,1e-05,4e-05,1e-05,-0,-0
25.78,-0.00518,-6e-05,-6e-05,0.0006,3e-05,0,0.0002,-9e-05,-0.00103,4e-05,-0.0002,-1e-05,-2e-05,0.00049,-2e-05,-0.0007,-0.00024,-0.00015,-2e-05,-3e-05,-0.00033,-0.0003,1e-05,-3e-05,-1e-05,0,0,0.00033,2e-05,1e-05,4e-05,1e-05,-0,-0
25.8,-0.00518,-9e-05,-6e-05,0.00059,1e-05,0,0.00038,-0.00012,-0.00126,4e-05,-0.00025,-4e-05,-2e-05,0.00052,-2e-05,-0.00085,-0.0002,-0.0002,-4e-05,-4e-05,-0.00039,-0.00039,1e-05,-3e-05,-0,0,0,0.00026,2e-05,0,5e-05,1e-05,-0,-0
25.82,-0.00496,-0.00012,-5e-05,0.00053,-1e-05,0,0.00045,-0.00011,-0.00111,4e-05,-0.00022,-5e-05,-1e-05,0.00053,-2e-05,-0.001,-0.00018,-0.00024,-5e-05,-5e-05,-0.00049,-0.00047,0,-3e-05,-0,0,0,0.00012,2e-05,0,4e-05,1e-05,-0,-0
25.84,-0.00467,-0.00014,-3e-05,0.00046,-2e-05,0,0.0004,-8e-05,-0.00074,4e-05,-0.00013,-3e-05,-1e-05,0.00052,-2e-05,-0.00111,-0.00016,-0.00027,-7e-05,-6e-05,-0.00062,-0.00055,-3e-05,-4e-05,0,0,0,-6e-05,2e-05,-0,4e-05,1e-05,-0,-0
25.86,-0.00442,-0.00016,-1e-05,0.00037,-4e-05,0,0.0002,-5e-05,-0.00026,3e-05,-1e-05,1e-05,1e-05,0.00049,-1e-05,-0.00119,-0.00014,-0.0003,-9e-05,-6e-05,-0.00078,-0.00061,-7e-05,-6e-05,1e-05,0,0,-0.00029,2e-05,-1e-05,3e-05,1e-05,-0,-0
25.88,-0.00428,-0.00018,2e-05,0.00028,-5e-05,0,-8e-05,-1e-05,0.00023,1e-05,0.00013,5e-05,2e-05,0.00045,-1e-05,-0.00122,-0.00012,-0.00031,-0.00011,-6e-05,-0.00097,-0.00068,-0.00013,-9e-05,1e-05,0,0,-0.00056,2e-05,-1e-05,2e-05,1e-05,-0,-0
25.9,-0.0043,-0.00019,3e-05,0.0002,-7e-05,0,-0.00039,1e-05,0.00066,-0,0.00026,8e-05,3e-05,0.0004,-1e-05,-0.00115,-0.00011,-0.00029,-0.00014,-5e-05,-0.00117,-0.00075,-0.0002,-0.00013,2e-05,0,-0,-0.00072,1e-05,-0,0,0,0,-0
25.92,-0.00449,-0.0002,4e-05,0.00013,-8e-05,0,-0.00064,3e-05,0.00118,-1e-05,0.0004,7e-05,5e-05,0.00034,-1e-05,-0.00096,-0.0001,-0.00024,-0.00016,-4e-05,-0.00137,-0.00083,-0.00027,-0.00017,2e-05,-0,-0,-0.0007,0,3e-05,0,-0,0,-0
25.94,-0.0048,-0.0002,4e-05,7e-05,-8e-05,0,-0.0008,5e-05,0.00178,2e-05,0.00047,-1e-05,6e-05,0.00026,-1e-05,-0.00066,-0.00011,-0.00016,-0.00018,-2e-05,-0.00156,-0.00092,-0.00033,-0.00021,3e-05,-0,-0,-0.00041,-0,9e-05,2e-05,-0,-0,-0
25.96,-0.00518,-0.00019,2e-05,2e-05,-9e-05,0,-0.00085,5e-05,0.0022,0.00012,0.00036,-0.00016,6e-05,0.00018,-1e-05,-0.00032,-0.00011,-6e-05,-0.0002,-0,-0.00171,-0.00102,-0.00037,-0.00026,3e-05,-0,-0,0.00022,-0,0.00019,8e-05,1e-05,-0,-1e-05
25.98,-0.00556,-0.00017,-0,-1e-05,-9e-05,0,-0.00082,3e-05,0.00247,0.00029,9e-05,-0.00038,4e-05,9e-05,-2e-05,6e-05,-0.00013,6e-05,-0.00021,2e-05,-0.00182,-0.00111,-0.0004,-0.00031,4e-05,-0,-0,0.00122,0,0.00035,0.00017,3e-05,-1e-05,-1e-05
26,-0.00581,-0.00013,-5e-05,-3e-05,-0.0001,0,-0.00076,1e-05,0.00234,0.00055,-0.00032,-0.00061,0,1e-05,-2e-05,0.00042,-0.00015,0.00018,-0.00023,4e-05,-0.00186,-0.00116,-0.0004,-0.00036,4e-05,-1e-05,-1e-05,0.00255,2e-05,0.00051,0.0003,5e-05,-1e-05,-2e-05
26.02,-0.00582,-8e-05,-0.00011,-4e-05,-9e-05,0,-0.00073,0,0.00166,0.00086,-0.00068,-0.00073,-4e-05,-3e-05,-1e-05,0.00079,-0.00016,0.00031,-0.00025,7e-05,-0.00182,-0.00117,-0.00036,-0.0004,4e-05,-1e-05,-1e-05,0.00397,3e-05,0.0006,0.00045,6e-05,-1e-05,-2e-05
26.04,-0.00551,-2e-05,-0.00021,-3e-05,-9e-05,-0,-0.00076,2e-05,0.00089,0.00118,-0.00084,-0.00071,-8e-05,-4e-05,0,0.00113,-0.00017,0.00042,-0.00028,9e-05,-0.0017,-0.00111,-0.0003,-0.00042,3e-05,-1e-05,-1e-05,0.00518,4e-05,0.00056,0.00057,4e-05,-1e-05,-2e-05
26.06,-0.00485,5e-05,-0.00032,-0,-8e-05,-0,-0.00085,7e-05,0.0003,0.00144,-0.00082,-0.00057,-0.00011,1e-05,1e-05,0.00137,-0.00018,0.00048,-0.0003,0.00011,-0.00151,-0.00099,-0.00022,-0.00043,3e-05,-1e-05,-1e-05,0.00582,2e-05,0.00042,0.00061,-1e-05,-0,-1e-05
26.08,-0.00385,0.00013,-0.00045,4e-05,-8e-05,-0,-0.001,0.00012,-0.00011,0.00156,-0.00066,-0.00032,-0.00014,0.0001,3e-05,0.0015,-0.00018,0.0005,-0.00032,0.00012,-0.00126,-0.00081,-0.00012,-0.00043,2e-05,-1e-05,-0,0.00563,-2e-05,0.0002,0.00056,-0.00011,1e-05,2e-05
26.1,-0.00261,0.00021,-0.00057,9e-05,-8e-05,-0,-0.00117,0.00017,-0.00034,0.00164,-0.00025,3e-05,-0.00016,0.00022,3e-05,0.00148,-0.00017,0.00047,-0.00033,0.00012,-0.00098,-0.0006,-2e-05,-0.00042,1e-05,-1e-05,-0,0.00459,-7e-05,-0,0.00039,-0.00021,2e-05,4e-05
26.12,-0.00124,0.00024,-0.00066,0.00015,-8e-05,-0,-0.00131,0.00018,-0.00039,0.00191,0.00059,0.00048,-0.00017,0.00035,3e-05,0.00128,-0.00016,0.00038,-0.00033,0.0001,-0.0007,-0.00038,8e-05,-0.0004,0,-1e-05,-0,0.00298,-9e-05,-0.00019,0.00015,-0.00029,3e-05,6e-05
26.14,0.00014,0.00024,-0.00072,0.00021,-9e-05,-0,-0.00154,0.00012,-0.00032,0.00222,0.0015,0.00088,-0.00016,0.00048,3e-05,0.001,-0.00015,0.00027,-0.00031,8e-05,-0.00041,-0.00016,0.00017,-0.00037,-1e-05,-0,-0,0.00122,-8e-05,-0.00039,-0.0001,-0.00032,4e-05,7e-05
26.16,0.00142,0.00022,-0.00072,0.00027,-0.0001,-0,-0.00204,5e-05,-0.00018,0.00226,0.00214,0.00108,-0.00014,0.0006,3e-05,0.00069,-0.00014,0.00015,-0.00029,5e-05,-0.00012,6e-05,0.00025,-0.00033,-1e-05,-0,-0,-0.00024,-5e-05,-0.0005,-0.00032,-0.0003,3e-05,6e-05
26.18,0.0025,0.00018,-0.00066,0.00033,-0.0001,-0,-0.00302,-0,4e-05,0.00196,0.00255,0.00113,-0.0001,0.00068,2e-05,0.00037,-0.00012,3e-05,-0.00026,3e-05,0.00017,0.00029,0.0003,-0.00028,-2e-05,-0,-0,-0.00111,-1e-05,-0.00052,-0.00047,-0.00024,2e-05,5e-05
26.2,0.00328,0.00014,-0.00053,0.00038,-0.00012,-0,-0.00404,-4e-05,0.00035,0.00131,0.00258,0.00107,-6e-05,0.00073,1e-05,4e-05,-0.0001,-9e-05,-0.00023,-0,0.00046,0.00053,0.00034,-0.00023,-2e-05,-0,-0,-0.00131,1e-05,-0.00044,-0.00053,-0.00017,1e-05,3e-05
26.22,0.00369,0.0001,-0.00033,0.0004,-0.00013,-0,-0.0042,-9e-05,0.00072,0.00049,0.00217,0.0009,-4e-05,0.00075,1e-05,-0.00028,-8e-05,-0.00021,-0.00021,-3e-05,0.00075,0.00079,0.00035,-0.00016,-2e-05,-0,-0,-0.00091,-0,-0.00031,-0.0005,-0.0001,1e-05,2e-05
26.24,0.00366,8e-05,-6e-05,0.00041,-0.00015,-0,-0.00365,-0.00017,0.00109,-0.00036,0.00166,0.00073,-3e-05,0.00074,0,-0.00058,-7e-05,-0.00034,-0.00019,-5e-05,0.00105,0.00109,0.00033,-8e-05,-2e-05,-0,0,-0.00012,-5e-05,-0.00018,-0.00039,-5e-05,0,1e-05
26.26,0.00315,6e-05,0.00026,0.00039,-0.00017,-0,-0.00286,-0.00027,0.00138,-0.00117,0.00122,0.00059,-1e-05,0.00069,0,-0.00086,-6e-05,-0.00046,-0.00017,-8e-05,0.00134,0.00143,0.00029,2e-05,-2e-05,-0,-0,0.00086,-0.00012,-8e-05,-0.00023,-2e-05,0,0
26.28,0.00219,6e-05,0.00061,0.00036,-0.00018,-0,-0.00164,-0.0004,0.00159,-0.00194,0.00086,0.0005,0,0.00061,0,-0.00111,-4e-05,-0.00057,-0.00015,-0.0001,0.00162,0.00179,0.00024,0.00013,-2e-05,-0,-0,0.00185,-0.0002,-2e-05,-3e-05,-1e-05,0,-0
26.3,0.00085,6e-05,0.00094,0.00031,-0.00019,-0,-0.00059,-0.0005,0.00168,-0.00256,0.00056,0.0004,1e-05,0.0005,-0,-0.00129,-4e-05,-0.00065,-0.00014,-0.00012,0.0019,0.00217,0.00017,0.00025,-2e-05,-0,-0,0.00273,-0.00029,-0,0.00019,0,0,-0
26.32,-0.00078,8e-05,0.00119,0.00027,-0.00021,-0,-0.00056,-0.00049,0.00163,-0.00267,0.00033,0.00029,1e-05,0.00035,0,-0.00133,-4e-05,-0.00066,-0.00013,-0.00012,0.00217,0.00254,0.0001,0.00038,-1e-05,-0,-0,0.00346,-0.00033,1e-05,0.00041,0,0,0
26.34,-0.0026,0.00011,0.00134,0.00024,-0.00022,-0,-0.00105,-0.0004,0.00152,-0.00227,0.00018,0.0002,1e-05,0.00018,0,-0.00127,-4e-05,-0.00063,-0.00011,-0.00011,0.00243,0.00289,5e-05,0.00051,-1e-05,-0,-0,0.0037,-0.00032,1e-05,0.00047,1e-05,0,0
26.36,-0.0045,0.00016,0.00142,0.00022,-0.00023,-0,-0.00134,-0.00031,0.00137,-0.00163,9e-05,0.00014,1e-05,-2e-05,0,-0.00114,-4e-05,-0.00058,-0.0001,-0.0001,0.00267,0.0032,3e-05,0.00064,-1e-05,-0,-0,0.0039,-0.00028,3e-05,0.00054,1e-05,0,0
26.38,-0.00643,0.00023,0.00145,0.00022,-0.00023,-0,-0.00147,-0.00016,0.00113,-0.00071,3e-05,9e-05,0,-0.00023,1e-05,-0.00095,-5e-05,-0.00051,-8e-05,-8e-05,0.00286,0.00345,4e-05,0.00078,-0,-0,-0,0.00408,-0.00022,7e-05,0.00062,1e-05,0,0
26.4,-0.00831,0.00028,0.00146,0.00023,-0.00024,0,-0.00142,-2e-05,0.00079,0.00018,0,6e-05,-0,-0.00042,1e-05,-0.00075,-5e-05,-0.00045,-6e-05,-6e-05,0.00301,0.00365,8e-05,0.00092,-0,-0,-0,0.00424,-0.00015,0.00012,0.0007,2e-05,0,-0
26.42,-0.01009,0.00028,0.00143,0.00025,-0.00026,0,-0.00126,0,0.00033,0.00055,-1e-05,4e-05,-1e-05,-0.00058,1e-05,-0.00059,-5e-05,-0.00041,-5e-05,-6e-05,0.00312,0.00377,0.00016,0.00108,-0,-0,-0,0.0044,-0.0001,0.0002,0.00078,2e-05,-0,-0
26.44,-0.01174,0.00024,0.00135,0.00028,-0.00028,0,-0.00108,2e-05,-0.00039,0.00068,-1e-05,2e-05,-1e-05,-0.00068,-1e-05,-0.00048,-5e-05,-0.00039,-3e-05,-5e-05,0.00318,0.00382,0.00027,0.00123,-0,-0,0,0.00454,-5e-05,0.0003,0.00086,3e-05,-0,-0
26.46,-0.01325,0.00019,0.00127,0.0003,-0.00029,0,-0.00093,6e-05,-0.00142,0.00085,-0,-0,-1e-05,-0.00072,-2e-05,-0.00043,-5e-05,-0.00037,-2e-05,-5e-05,0.00318,0.00378,0.00042,0.00137,-0,0,0,0.00467,-1e-05,0.00039,0.00094,3e-05,-0,-0
26.48,-0.01464,0.00013,0.00115,0.00032,-0.00031,0,-0.00083,8e-05,-0.00287,0.00103,0,-2e-05,-1e-05,-0.00068,-4e-05,-0.00046,-5e-05,-0.00037,-1e-05,-4e-05,0.00312,0.00366,0.00061,0.00149,-0,0,0,0.00477,2e-05,0.00048,0.00101,3e-05,-0,-0
26.5,-0.01593,7e-05,0.001,0.00033,-0.00032,0,-0.00083,7e-05,-0.00457,0.00127,1e-05,-3e-05,-0,-0.00057,-6e-05,-0.00058,-5e-05,-0.00037,-1e-05,-4e-05,0.00304,0.00343,0.00081,0.00157,-0,0,0,0.00484,4e-05,0.00055,0.00107,4e-05,-0,-0
26.52,-0.01715,1e-05,0.00088,0.00032,-0.00035,0,-0.0009,5e-05,-0.0059,0.0016,2e-05,-4e-05,1e-05,-0.0004,-9e-05,-0.00078,-5e-05,-0.00038,-1e-05,-4e-05,0.00296,0.00308,0.00103,0.00162,-1e-05,0,0,0.00487,6e-05,0.00058,0.00112,4e-05,-0,-0
26.54,-0.0183,-4e-05,0.00077,0.0003,-0.00038,0,-0.00097,2e-05,-0.00668,0.00194,2e-05,-3e-05,2e-05,-0.00018,-0.00012,-0.00105,-4e-05,-0.0004,-2e-05,-4e-05,0.00288,0.00263,0.00125,0.00163,-1e-05,1e-05,0,0.00484,7e-05,0.00058,0.00114,4e-05,-0,-0
26.56,-0.01939,-9e-05,0.00068,0.00027,-0.00041,0,-0.00099,-2e-05,-0.00713,0.00224,2e-05,-2e-05,3e-05,6e-05,-0.00016,-0.00136,-4e-05,-0.00041,-3e-05,-4e-05,0.00276,0.00211,0.00144,0.00159,-1e-05,1e-05,1e-05,0.00474,7e-05,0.00056,0.00114,3e-05,-0,-0
26.58,-0.02035,-0.00013,0.00062,0.00022,-0.00044,0,-0.00097,-7e-05,-0.00767,0.0025,2e-05,1e-05,3e-05,0.00029,-0.00021,-0.00168,-4e-05,-0.00042,-5e-05,-4e-05,0.00261,0.00154,0.00161,0.00151,-1e-05,1e-05,1e-05,0.00458,7e-05,0.00053,0.00111,3e-05,-0,-0
26.6,-0.02112,-0.00017,0.00059,0.00017,-0.00047,0,-0.00079,-0.00011,-0.00653,0.00259,2e-05,4e-05,4e-05,0.00049,-0.00026,-0.00192,-4e-05,-0.0004,-6e-05,-4e-05,0.00242,0.00095,0.00171,0.0014,-1e-05,1e-05,1e-05,0.00434,7e-05,0.00047,0.00106,3e-05,-0,-0
26.62,-0.02162,-0.0002,0.00053,0.00012,-0.00051,0,-0.00039,-0.00014,-0.00252,0.00238,5e-05,7e-05,5e-05,0.00063,-0.00029,-0.00191,-6e-05,-0.00032,-7e-05,-3e-05,0.00215,0.0004,0.00175,0.00127,-1e-05,1e-05,1e-05,0.00402,7e-05,0.0004,0.00096,3e-05,-0,-0
26.64,-0.02167,-0.00021,0.00036,9e-05,-0.00054,0,1e-05,-0.00015,0.00068,0.00202,8e-05,9e-05,5e-05,0.00068,-0.0003,-0.00174,-7e-05,-0.00022,-7e-05,-2e-05,0.00184,-6e-05,0.00171,0.00112,-1e-05,1e-05,1e-05,0.00364,7e-05,0.00033,0.00084,2e-05,-0,-0
26.66,-0.02114,-0.00019,0.00012,9e-05,-0.00057,0,0.0003,-0.00013,0.00222,0.00165,8e-05,0.0001,4e-05,0.00062,-0.00029,-0.00145,-7e-05,-0.00017,-7e-05,-2e-05,0.00152,-0.00041,0.00161,0.00095,-1e-05,1e-05,1e-05,0.0032,7e-05,0.00026,0.00071,2e-05,-0,-0
26.68,-0.02002,-0.00016,-0.00015,0.0001,-0.00053,0,0.00044,-9e-05,0.00281,0.00127,8e-05,0.0001,2e-05,0.00046,-0.00026,-0.00106,-7e-05,-0.00012,-6e-05,-1e-05,0.00119,-0.00065,0.00145,0.00077,-1e-05,1e-05,1e-05,0.0027,6e-05,0.00021,0.00056,2e-05,-0,-0
26.7,-0.01829,-0.00012,-0.00034,0.00014,-0.00048,0,0.0004,-5e-05,0.00262,0.00085,6e-05,8e-05,-1e-05,0.00022,-0.00021,-0.00062,-6e-05,-0.0001,-4e-05,-1e-05,0.00084,-0.0008,0.00125,0.00058,-1e-05,1e-05,1e-05,0.00213,6e-05,0.00016,0.00041,1e-05,-0,-0
26.72,-0.01609,-8e-05,-0.00039,0.00019,-0.0004,0,0.00025,-3e-05,0.00197,0.00039,2e-05,5e-05,-4e-05,-9e-05,-0.00016,-0.00017,-5e-05,-7e-05,-1e-05,-0,0.00048,-0.00087,0.00101,0.00038,-1e-05,1e-05,1e-05,0.00152,5e-05,0.00011,0.00026,1e-05,-0,-0
26.74,-0.01355,-5e-05,-0.00032,0.00025,-0.00031,0,6e-05,-2e-05,0.00122,1e-05,-0,3e-05,-7e-05,-0.00044,-9e-05,0.00032,-4e-05,1e-05,2e-05,0,0.00014,-0.00089,0.00077,0.00018,-1e-05,1e-05,1e-05,0.00089,4e-05,7e-05,0.00012,1e-05,-0,-0
26.76,-0.01078,-2e-05,-0.00022,0.00032,-0.00022,0,-0.00013,-1e-05,0.0006,-0.00029,-1e-05,1e-05,-9e-05,-0.00079,-3e-05,0.00082,-3e-05,0.00014,4e-05,1e-05,-0.00019,-0.00086,0.00053,-0,-1e-05,1e-05,0,0.00026,3e-05,3e-05,-1e-05,1e-05,-0,-0
26.78,-0.00786,1e-05,-0.00012,0.00039,-0.00012,0,-0.00035,0,0.00021,-0.00052,-1e-05,0,-9e-05,-0.00113,3e-05,0.00128,-2e-05,0.0003,7e-05,1e-05,-0.0005,-0.00079,0.00028,-0.00017,-1e-05,0,0,-0.00035,3e-05,-1e-05,-0.00012,1e-05,-0,-0
26.8,-0.00485,3e-05,-4e-05,0.00046,-2e-05,0,-0.00057,1e-05,2e-05,-0.00071,-0,-0,-9e-05,-0.0014,8e-05,0.00168,0,0.00048,8e-05,2e-05,-0.00078,-0.00069,4e-05,-0.00032,-0,0,0,-0.00093,2e-05,-5e-05,-0.00021,0,-0,-0
26.82,-0.00185,5e-05,-0,0.00053,7e-05,0,-0.00075,3e-05,6e-05,-0.00087,0,-0,-9e-05,-0.00158,0.00012,0.00207,2e-05,0.00066,9e-05,3e-05,-0.00102,-0.00055,-0.00021,-0.00045,-0,0,0,-0.00144,2e-05,-0.0001,-0.00028,0,-0,-0
26.84,0.00105,6e-05,-2e-05,0.00059,0.00016,0,-0.00086,5e-05,0.00037,-0.001,1e-05,-0,-7e-05,-0.00162,0.00014,0.00237,3e-05,0.00079,8e-05,4e-05,-0.00122,-0.00037,-0.00047,-0.00056,0,0,-0,-0.00186,2e-05,-0.00016,-0.00034,-0,-0,-0
26.86,0.0038,6e-05,-9e-05,0.00065,0.00022,0,-0.00092,9e-05,0.00076,-0.00112,1e-05,0,-5e-05,-0.00155,0.00012,0.00247,4e-05,0.00083,7e-05,4e-05,-0.00139,-0.00016,-0.00073,-0.00064,1e-05,-0,-0,-0.00221,2e-05,-0.00022,-0.00038,-0,0,0
26.88,0.00633,6e-05,-0.00019,0.00068,0.00028,0,-0.00091,0.00015,0.0011,-0.00123,1e-05,0,-4e-05,-0.00137,9e-05,0.00241,4e-05,0.00079,4e-05,4e-05,-0.00154,5e-05,-0.00099,-0.0007,1e-05,-0,-0,-0.00249,1e-05,-0.00027,-0.00041,-1e-05,0,0
26.9,0.00856,5e-05,-0.0003,0.0007,0.00032,0,-0.00085,0.00021,0.00133,-0.0013,1e-05,0,-2e-05,-0.00112,5e-05,0.00211,4e-05,0.00065,0,4e-05,-0.00166,0.00023,-0.00123,-0.00075,1e-05,-0,-0,-0.00274,1e-05,-0.00032,-0.00042,-1e-05,0,0
26.92,0.01042,4e-05,-0.00041,0.00069,0.00036,0,-0.00075,0.00029,0.00141,-0.00125,0,0,-2e-05,-0.00085,1e-05,0.00153,5e-05,0.00045,-3e-05,3e-05,-0.00179,0.00036,-0.00144,-0.00077,2e-05,-1e-05,-1e-05,-0.00298,0,-0.00032,-0.00044,-1e-05,0,0
26.94,0.01189,2e-05,-0.00049,0.00066,0.00038,0,-0.00065,0.00037,0.00136,-0.00113,0,-0,-1e-05,-0.00059,-3e-05,0.00095,6e-05,0.00027,-6e-05,2e-05,-0.00191,0.0004,-0.0016,-0.00079,2e-05,-1e-05,-1e-05,-0.00324,-1e-05,-0.0003,-0.00045,-1e-05,0,0
26.96,0.01305,0,-0.00056,0.00061,0.0004,0,-0.00056,0.00044,0.00121,-0.00099,0,0,-1e-05,-0.00036,-5e-05,0.00048,7e-05,0.00014,-8e-05,1e-05,-0.00201,0.00034,-0.00171,-0.00081,2e-05,-1e-05,-1e-05,-0.0035,-2e-05,-0.00026,-0.00047,-1e-05,0,0
26.98,0.01402,-1e-05,-0.00061,0.00053,0.00041,0,-0.00051,0.0005,0.00101,-0.00082,-0,0,-1e-05,-0.00016,-7e-05,0.00013,8e-05,6e-05,-9e-05,1e-05,-0.00209,0.00018,-0.00175,-0.00083,3e-05,-1e-05,-1e-05,-0.00378,-5e-05,-0.00021,-0.00048,-0,0,0
27,0.01497,-2e-05,-0.00066,0.00045,0.00042,0,-0.0005,0.00056,0.00079,-0.00065,-0,0,-0,-1e-05,-7e-05,-0.00012,9e-05,2e-05,-9e-05,0,-0.00215,-7e-05,-0.00173,-0.00086,3e-05,-1e-05,-1e-05,-0.00402,-7e-05,-0.00015,-0.00049,-0,-0,-0
27.02,0.01607,-3e-05,-0.00071,0.00038,0.00042,0,-0.00055,0.00061,0.00056,-0.00049,-0,0,1e-05,9e-05,-7e-05,-0.00026,0.0001,-0,-0.0001,0,-0.00214,-0.00038,-0.00165,-0.00088,3e-05,-1e-05,-1e-05,-0.0042,-6e-05,-0.00011,-0.00049,0,-0,-0
27.04,0.0174,-3e-05,-0.00076,0.00032,0.00042,0,-0.00061,0.00065,0.00038,-0.00034,-0,0,2e-05,0.00016,-7e-05,-0.00033,0.00011,-0,-9e-05,0,-0.00209,-0.00074,-0.00151,-0.0009,2e-05,-1e-05,-1e-05,-0.00431,-2e-05,-8e-05,-0.0005,0,-0,-0
27.06,0.01898,-4e-05,-0.00081,0.00028,0.00042,0,-0.00064,0.00069,0.00025,-0.00021,0,0,3e-05,0.0002,-6e-05,-0.00033,0.00012,2e-05,-9e-05,1e-05,-0.00202,-0.00112,-0.00134,-0.00092,2e-05,-1e-05,-1e-05,-0.00437,1e-05,-6e-05,-0.0005,0,-0,-0
27.08,0.02071,-5e-05,-0.00086,0.00026,0.00042,0,-0.00066,0.00072,0.00017,-9e-05,0,0,4e-05,0.00021,-6e-05,-0.00026,0.00013,5e-05,-8e-05,1e-05,-0.00193,-0.0015,-0.00114,-0.00094,2e-05,-1e-05,-1e-05,-0.00438,5e-05,-7e-05,-0.0005,0,-0,-0
27.1,0.02235,-6e-05,-0.00091,0.00027,0.00042,0,-0.00066,0.00074,0.00012,3e-05,0,0,5e-05,0.00019,-5e-05,-0.00015,0.00014,0.00011,-8e-05,2e-05,-0.00185,-0.00186,-0.00094,-0.00095,2e-05,-1e-05,-0,-0.00439,8e-05,-8e-05,-0.0005,0,-0,-0
27.12,0.02364,-7e-05,-0.00095,0.00029,0.00042,0,-0.00065,0.00075,0.0001,0.00015,0,0,7e-05,0.00014,-4e-05,0,0.00015,0.00018,-7e-05,3e-05,-0.00183,-0.00217,-0.00076,-0.00095,1e-05,-0,-0,-0.00445,7e-05,-9e-05,-0.0005,0,-0,-0
27.14,0.02437,-9e-05,-0.00098,0.00032,0.00042,0,-0.00063,0.00075,8e-05,0.00026,0,0,8e-05,7e-05,-4e-05,0.00019,0.00016,0.00026,-6e-05,4e-05,-0.00183,-0.00242,-0.0006,-0.00095,1e-05,-0,-0,-0.00458,5e-05,-0.0001,-0.00049,0,-0,-0
27.16,0.02447,-0.00012,-0.001,0.00035,0.00041,0,-0.0006,0.00074,7e-05,0.00037,0,0,8e-05,-1e-05,-3e-05,0.0004,0.00017,0.00036,-6e-05,5e-05,-0.00184,-0.00261,-0.00047,-0.00095,1e-05,-0,-0,-0.00478,3e-05,-0.00011,-0.00049,-0,-0,-0
27.18,0.02396,-0.00016,-0.001,0.0004,0.0004,0,-0.00055,0.00071,8e-05,0.00047,0,0,9e-05,-0.0001,-3e-05,0.0006,0.00018,0.00046,-5e-05,6e-05,-0.00186,-0.00274,-0.00036,-0.00095,1e-05,-0,-0,-0.00505,0,-0.00012,-0.00048,-0,-0,0
27.2,0.02299,-0.00022,-0.00099,0.00046,0.00038,0,-0.00051,0.00066,8e-05,0.00057,0,0,9e-05,-0.00018,-2e-05,0.00079,0.00019,0.00055,-6e-05,7e-05,-0.00187,-0.00282,-0.00028,-0.00094,1e-05,-0,-0,-0.00536,-2e-05,-0.00012,-0.00048,-0,0,0
27.22,0.02178,-0.00027,-0.00097,0.00054,0.00036,0,-0.00046,0.00059,9e-05,0.00066,0,0,8e-05,-0.00024,-2e-05,0.00097,0.0002,0.00064,-6e-05,8e-05,-0.00186,-0.00284,-0.00023,-0.00093,0,-0,-0,-0.00566,-2e-05,-0.00013,-0.00049,-1e-05,0,0
27.24,0.02054,-0.00034,-0.00093,0.00064,0.00034,0,-0.00042,0.00051,0.0001,0.00076,0,0,7e-05,-0.00025,-1e-05,0.0011,0.0002,0.0007,-8e-05,9e-05,-0.00183,-0.00282,-0.0002,-0.00093,0,-0,-0,-0.00591,-2e-05,-0.00013,-0.0005,-1e-05,0,0
27.26,0.01947,-0.00043,-0.00089,0.00077,0.00032,0,-0.00038,0.00042,0.00011,0.00085,0,0,6e-05,-0.00022,-1e-05,0.00116,0.0002,0.00071,-9e-05,0.0001,-0.00175,-0.00276,-0.00019,-0.00093,0,-0,-0,-0.00562,-1e-05,-9e-05,-0.00033,-1e-05,0,0
27.28,0.01876,-0.00054,-0.00084,0.00093,0.00028,0,-0.00034,0.00034,0.00013,0.00093,0,0,5e-05,-0.00015,-0,0.00115,0.0002,0.00067,-0.00012,0.0001,-0.00164,-0.00267,-0.00018,-0.00094,0,-0,-0,-0.00426,2e-05,4e-05,0.00014,1e-05,0,-0
27.3,0.01853,-0.00067,-0.00079,0.00113,0.00025,0,-0.0003,0.00026,0.00013,0.00101,0,0,4e-05,-5e-05,0,0.00106,0.00019,0.00057,-0.00014,0.0001,-0.00149,-0.00256,-0.00016,-0.00095,0,-1e-05,-0,-0.00207,4e-05,0.00027,0.00081,4e-05,-0,-1e-05
27.32,0.0189,-0.00083,-0.00073,0.00136,0.00021,0,-0.00028,0.00019,0.00013,0.00109,0,0,3e-05,7e-05,1e-05,0.00091,0.00018,0.00042,-0.00016,9e-05,-0.00132,-0.00245,-0.00013,-0.00098,1e-05,-1e-05,-0,0.0011,5e-05,0.00061,0.00176,9e-05,-1e-05,-2e-05
27.34,0.01992,-0.00101,-0.00068,0.00163,0.00017,0,-0.00027,0.00014,0.00013,0.00115,0,0,1e-05,0.00019,2e-05,0.00072,0.00017,0.00027,-0.00017,8e-05,-0.00116,-0.00234,-8e-05,-0.001,1e-05,-1e-05,-1e-05,0.00535,4e-05,0.00104,0.00307,0.00016,-1e-05,-4e-05
27.36,0.02159,-0.00123,-0.00064,0.00192,0.00013,0,-0.00026,0.00011,0.00012,0.0012,0,0,0,0.00031,4e-05,0.00052,0.00016,0.00012,-0.00018,7e-05,-0.00104,-0.00222,-0,-0.00104,1e-05,-1e-05,-1e-05,0.01067,3e-05,0.00151,0.00485,0.00024,-2e-05,-6e-05
27.38,0.02379,-0.00147,-0.00062,0.00223,8e-05,0,-0.00025,9e-05,0.00011,0.00122,0,0,-1e-05,0.00043,7e-05,0.00032,0.00016,-2e-05,-0.00018,6e-05,-0.00101,-0.00211,9e-05,-0.00108,2e-05,-1e-05,-1e-05,0.0169,2e-05,0.00193,0.00715,0.00033,-3e-05,-8e-05
27.4,0.02631,-0.00171,-0.0006,0.00255,4e-05,0,-0.00024,9e-05,0.0001,0.00122,0,-0,-2e-05,0.00054,0.0001,0.00011,0.00016,-0.00015,-0.00018,5e-05,-0.00104,-0.00198,0.00018,-0.00112,2e-05,-1e-05,-1e-05,0.02354,2e-05,0.0022,0.00991,0.00041,-4e-05,-0.0001
27.42,0.02887,-0.00193,-0.00058,0.00286,-1e-05,-0,-0.00025,0.00011,9e-05,0.00119,0,-0,-2e-05,0.00065,0.00015,-0.00011,0.00018,-0.00026,-0.00017,5e-05,-0.00114,-0.00182,0.00026,-0.00117,3e-05,-2e-05,-1e-05,0.02969,3e-05,0.00225,0.01294,0.00045,-5e-05,-0.0001
27.44,0.03127,-0.0021,-0.00058,0.00314,-5e-05,-0,-0.00026,0.00013,7e-05,0.00114,0,-0,-2e-05,0.00076,0.00021,-0.00034,0.00021,-0.00036,-0.00015,4e-05,-0.00133,-0.00163,0.0003,-0.00121,4e-05,-2e-05,-1e-05,0.0349,4e-05,0.00209,0.01597,0.00045,-5e-05,-0.0001
27.46,0.03341,-0.0022,-0.00061,0.00339,-8e-05,-0,-0.00027,0.00015,6e-05,0.00108,0,-0,-2e-05,0.00087,0.00027,-0.00059,0.00025,-0.00043,-0.00014,3e-05,-0.00166,-0.00143,0.00031,-0.00123,6e-05,-2e-05,-2e-05,0.03907,5e-05,0.00176,0.01877,0.00041,-4e-05,-8e-05
27.48,0.0352,-0.00222,-0.00066,0.00359,-0.00011,-0,-0.00027,0.00017,5e-05,0.00102,0,-0,-2e-05,0.00099,0.00031,-0.00086,0.00029,-0.00049,-0.00012,2e-05,-0.00215,-0.00124,0.0003,-0.00122,7e-05,-2e-05,-2e-05,0.04196,3e-05,0.00132,0.02116,0.00031,-2e-05,-4e-05
27.5,0.03658,-0.00215,-0.00073,0.00372,-0.00012,-0,-0.00028,0.00019,5e-05,0.00095,0,0,-1e-05,0.00111,0.00035,-0.00113,0.00033,-0.00052,-0.0001,1e-05,-0.00262,-0.00111,0.00027,-0.00118,8e-05,-2e-05,-2e-05,0.04367,-3e-05,0.00086,0.02305,0.00017,0,0
27.52,0.03753,-0.00198,-0.00083,0.00379,-0.00012,-0,-0.00032,0.0002,4e-05,0.00088,0,0,0,0.00123,0.00037,-0.00137,0.00036,-0.00049,-7e-05,-1e-05,-0.00287,-0.00108,0.00024,-0.00111,9e-05,-2e-05,-2e-05,0.04446,-0.00017,0.00045,0.02435,2e-05,3e-05,5e-05
27.54,0.03805,-0.00175,-0.00092,0.00378,-9e-05,-0,-0.00036,0.00021,4e-05,0.00082,0,-0,1e-05,0.00135,0.00038,-0.00158,0.00039,-0.0004,-5e-05,-2e-05,-0.00295,-0.00118,0.00024,-0.00104,9e-05,-2e-05,-1e-05,0.0444,-0.00039,0.00014,0.0251,-0.00014,5e-05,0.0001
27.56,0.03822,-0.00148,-0.00102,0.00369,-3e-05,-0,-0.00039,0.00021,3e-05,0.00077,0,-0,3e-05,0.00146,0.00037,-0.00177,0.00041,-0.00028,-4e-05,-5e-05,-0.00293,-0.00139,0.00027,-0.00097,7e-05,-1e-05,-1e-05,0.0436,-0.00064,-5e-05,0.02536,-0.00029,8e-05,0.00015
27.58,0.03804,-0.00119,-0.00109,0.00354,6e-05,-0,-0.00042,0.00019,3e-05,0.00073,0,-0,4e-05,0.00157,0.00034,-0.00193,0.00041,-0.00014,-2e-05,-7e-05,-0.00264,-0.00172,0.00033,-0.00094,5e-05,-1e-05,-0,0.04224,-0.00089,-0.00013,0.02518,-0.00041,0.0001,0.00018
27.6,0.03757,-0.00089,-0.00113,0.00332,0.00016,-0,-0.00046,0.00017,3e-05,0.0007,0,-0,5e-05,0.00167,0.0003,-0.00202,0.00038,3e-05,-0,-0.0001,-0.0022,-0.00211,0.00043,-0.00094,2e-05,-0,-0,0.04071,-0.00114,-0.00011,0.02457,-0.00049,0.00011,0.0002
27.62,0.03682,-0.00057,-0.00113,0.00306,0.00028,-0,-0.00049,0.00013,2e-05,0.00068,0,-0,6e-05,0.00177,0.00024,-0.00201,0.00033,0.00023,-0,-0.00012,-0.00218,-0.00209,0.00044,-0.00065,-0,0,-0,0.03935,-0.00144,-2e-05,0.02349,-0.00054,0.00012,0.00021
27.64,0.03583,-0.00027,-0.00109,0.00275,0.00038,-0,-0.00053,8e-05,2e-05,0.00067,0,-0,6e-05,0.00187,0.00017,-0.00193,0.00024,0.00045,-0,-0.00013,-0.00212,-0.00171,0.00037,-0.00035,-1e-05,-1e-05,-1e-05,0.03809,-0.00167,7e-05,0.02208,-0.00054,0.00012,0.0002
27.66,0.03464,1e-05,-0.00101,0.00241,0.00046,-0,-0.00058,3e-05,2e-05,0.00067,0,-0,6e-05,0.00197,0.0001,-0.00183,0.00013,0.00064,0,-0.00014,-0.00197,-0.00091,0.00016,-7e-05,2e-05,-3e-05,-3e-05,0.03685,-0.00174,0.00013,0.02044,-0.00049,0.00011,0.00018
27.68,0.03332,0.00026,-0.0009,0.00205,0.00045,-0,-0.00063,-4e-05,1e-05,0.00068,0,0,5e-05,0.00208,3e-05,-0.0017,-1e-05,0.00078,0,-0.00015,-0.00176,0.00037,-0.00021,0.00013,0.0001,-7e-05,-7e-05,0.03569,-0.00164,0.00012,0.01862,-0.0004,9e-05,0.00015
27.7,0.03197,0.00046,-0.00076,0.00168,0.00043,-0,-0.00069,-0.00012,-0,0.00069,0,0,4e-05,0.00218,-4e-05,-0.00159,-0.00017,0.00088,0,-0.00015,-0.00158,0.00208,-0.00073,0.00021,0.00021,-0.00013,-0.00011,0.03465,-0.0014,-0,0.01673,-0.00026,7e-05,0.00011
27.72,0.03064,0.00059,-0.00061,0.00134,0.0004,-0,-0.00075,-0.00019,-1e-05,0.0007,1e-05,0,2e-05,0.0023,-9e-05,-0.00154,-0.00031,0.00095,1e-05,-0.00015,-0.00155,0.00405,-0.00135,0.00017,0.00035,-0.00021,-0.00017,0.03372,-0.00105,-0.00023,0.01488,-0.00011,5e-05,8e-05
27.74,0.02939,0.00066,-0.00045,0.00103,0.00036,-0,-0.00082,-0.00025,-2e-05,0.00071,1e-05,1e-05,0,0.00242,-0.00013,-0.00151,-0.00042,0.00095,1e-05,-0.00014,-0.00167,0.006,-0.00195,-5e-05,0.00049,-0.00031,-0.00023,0.0328,-0.00062,-0.00057,0.01315,6e-05,3e-05,4e-05
27.76,0.02826,0.00066,-0.0003,0.00075,0.00033,-0,-0.00089,-0.00032,-4e-05,0.00072,1e-05,2e-05,-1e-05,0.00252,-0.00016,-0.0015,-0.00051,0.00086,1e-05,-0.00013,-0.00188,0.00763,-0.00235,-0.00041,0.0006,-0.0004,-0.00028,0.0318,-0.00018,-0.00095,0.01158,0.00023,1e-05,1e-05
27.78,0.02718,0.00062,-0.00015,0.00051,0.00029,-0,-0.00097,-0.00037,-5e-05,0.00072,2e-05,3e-05,-2e-05,0.00262,-0.00018,-0.00152,-0.00058,0.00074,0,-0.00011,-0.0022,0.00871,-0.00239,-0.00082,0.00066,-0.00047,-0.00032,0.03072,0.00023,-0.00134,0.01023,0.00038,-0,-1e-05
27.8,0.02607,0.00054,-3e-05,0.00031,0.00025,-0,-0.00104,-0.00042,-6e-05,0.00072,3e-05,4e-05,-3e-05,0.00269,-0.00018,-0.00153,-0.00062,0.00058,-0,-8e-05,-0.00266,0.00911,-0.00202,-0.00112,0.00067,-0.00051,-0.00033,0.02966,0.00053,-0.00167,0.00908,0.00049,-1e-05,-2e-05
27.82,0.0248,0.00044,5e-05,0.00015,0.00021,-0,-0.00111,-0.00046,-6e-05,0.00071,5e-05,5e-05,-4e-05,0.00272,-0.00016,-0.00148,-0.00061,0.00036,0,-2e-05,-0.00331,0.00885,-0.00127,-0.00115,0.00062,-0.0005,-0.00031,0.02879,0.00066,-0.00189,0.00812,0.00056,-1e-05,-3e-05
27.84,0.02334,0.00033,0.0001,2e-05,0.00016,-0,-0.00118,-0.0005,-6e-05,0.00071,7e-05,7e-05,-4e-05,0.00271,-0.00014,-0.00141,-0.00056,0.0002,2e-05,4e-05,-0.00414,0.00803,-0.00022,-0.00081,0.00051,-0.00046,-0.00028,0.02804,0.00058,-0.00192,0.00733,0.00056,-1e-05,-3e-05
27.86,0.02173,0.0002,0.00012,-8e-05,0.00011,-0,-0.00124,-0.00053,-6e-05,0.00071,0.0001,7e-05,-4e-05,0.00266,-0.0001,-0.00134,-0.0005,0.0001,4e-05,9e-05,-0.0051,0.0068,0.001,-2e-05,0.00037,-0.0004,-0.00024,0.02735,0.00027,-0.00167,0.00668,0.00052,-1e-05,-3e-05
27.88,0.01996,7e-05,0.00012,-0.00015,6e-05,-0,-0.00129,-0.00057,-6e-05,0.00071,0.00014,8e-05,-4e-05,0.00257,-6e-05,-0.00126,-0.00042,4e-05,5e-05,0.00012,-0.00622,0.00533,0.00223,0.00124,0.00021,-0.00033,-0.00019,0.02679,-0.00025,-0.00118,0.00615,0.00044,-1e-05,-3e-05
27.9,0.01811,-8e-05,0.0001,-0.0002,0,-0,-0.00132,-0.00059,-6e-05,0.00071,0.00017,7e-05,-4e-05,0.00247,-2e-05,-0.00116,-0.00035,1e-05,5e-05,0.00013,-0.00743,0.00384,0.00331,0.00293,4e-05,-0.00025,-0.00013,0.02634,-0.00093,-0.00046,0.00566,0.00035,-1e-05,-2e-05
27.92,0.01631,-0.00022,8e-05,-0.00023,-5e-05,0,-0.00134,-0.00061,-5e-05,0.00071,0.0002,7e-05,-4e-05,0.00236,2e-05,-0.00106,-0.00028,-0,5e-05,9e-05,-0.00863,0.0025,0.00413,0.00482,-0.0001,-0.00017,-9e-05,0.02596,-0.00168,0.00036,0.00513,0.00028,-0,-2e-05
27.94,0.01455,-0.00036,6e-05,-0.00025,-0.00011,0,-0.00134,-0.00062,-5e-05,0.00071,0.00021,6e-05,-3e-05,0.00225,6e-05,-0.00095,-0.00022,-0,4e-05,6e-05,-0.0098,0.00144,0.0046,0.00676,-0.00022,-0.0001,-5e-05,0.02574,-0.00241,0.00109,0.00461,0.00026,-0,-2e-05
27.96,0.01282,-0.00049,4e-05,-0.00025,-0.00018,0,-0.00133,-0.00062,-5e-05,0.00071,0.00021,5e-05,-3e-05,0.00211,9e-05,-0.00085,-0.00016,-0,3e-05,4e-05,-0.01096,0.00068,0.00474,0.00873,-0.00028,-6e-05,-2e-05,0.02578,-0.00307,0.00168,0.00412,0.00028,0,-3e-05
27.98,0.01116,-0.00058,2e-05,-0.00024,-0.00025,0,-0.0013,-0.00062,-4e-05,0.0007,0.00018,4e-05,-2e-05,0.00197,0.00012,-0.00075,-0.0001,-0,2e-05,2e-05,-0.01212,0.00022,0.00458,0.01066,-0.00031,-2e-05,-0,0.02617,-0.00358,0.00209,0.00364,0.00036,0,-4e-05
28,0.00965,-0.00064,1e-05,-0.00023,-0.00031,0,-0.00126,-0.0006,-4e-05,0.00069,0.00015,2e-05,-1e-05,0.00182,0.00013,-0.00065,-6e-05,-0,1e-05,2e-05,-0.01312,3e-05,0.00417,0.01249,-0.00029,0,0,0.02674,-0.00384,0.00228,0.00324,0.00047,1e-05,-5e-05
28.02,0.00838,-0.00063,-0,-0.00021,-0.00033,0,-0.00121,-0.00058,-3e-05,0.00067,0.0001,1e-05,-1e-05,0.00168,0.00013,-0.00056,-4e-05,-0,1e-05,1e-05,-0.01386,1e-05,0.0036,0.01419,-0.00023,2e-05,1e-05,0.02733,-0.00374,0.0022,0.00299,0.00059,2e-05,-7e-05
28.04,0.00727,-0.00057,-2e-05,-0.00019,-0.00032,0,-0.00115,-0.00054,-3e-05,0.00064,5e-05,1e-05,-0,0.00155,0.00012,-0.00048,-2e-05,-0,1e-05,1e-05,-0.01447,0.00011,0.00295,0.01576,-0.00015,4e-05,1e-05,0.02808,-0.00327,0.00192,0.00283,0.0007,3e-05,-8e-05
28.06,0.00622,-0.00047,-4e-05,-0.00016,-0.0003,0,-0.00107,-0.00049,-2e-05,0.0006,2e-05,0,0,0.00142,0.00011,-0.00041,-1e-05,-0,1e-05,1e-05,-0.01512,0.00026,0.00227,0.01728,-6e-05,6e-05,2e-05,0.02907,-0.00243,0.00149,0.00271,0.00079,3e-05,-9e-05
28.08,0.00522,-0.00033,-6e-05,-0.00013,-0.00026,0,-0.00098,-0.00044,-2e-05,0.00055,-1e-05,-0,0,0.0013,0.0001,-0.00033,0,-0,1e-05,1e-05,-0.01582,0.00043,0.00162,0.01882,3e-05,0.0001,3e-05,0.03042,-0.00128,0.00096,0.00257,0.00084,4e-05,-9e-05
28.1,0.00429,-0.00017,-8e-05,-0.0001,-0.00022,0,-0.00089,-0.00037,-1e-05,0.00049,-2e-05,-1e-05,0,0.00119,9e-05,-0.00027,0,-0,1e-05,2e-05,-0.01659,0.00059,0.00104,0.02039,0.00011,0.00016,5e-05,0.03104,5e-05,0.00043,0.00263,0.00086,4e-05,-9e-05
28.12,0.00347,-0,-0.00011,-8e-05,-0.00018,0,-0.00079,-0.0003,-1e-05,0.00041,-3e-05,-1e-05,0,0.0011,8e-05,-0.00023,0,-0,1e-05,2e-05,-0.01746,0.00074,0.00057,0.02202,0.00017,0.00025,9e-05,0.02949,0.00134,-5e-05,0.00317,0.00085,4e-05,-8e-05
28.14,0.00268,0.00014,-0.00014,-5e-05,-0.00015,0,-0.00069,-0.00023,-0,0.00033,-3e-05,-1e-05,0,0.00103,7e-05,-0.00019,-0,0,1e-05,3e-05,-0.01855,0.00088,0.00024,0.02381,0.0002,0.00037,0.00014,0.02654,0.00239,-0.00045,0.00397,0.0008,3e-05,-8e-05
28.16,0.00186,0.00025,-0.00016,-3e-05,-0.00012,0,-0.00058,-0.00016,-0,0.00025,-4e-05,-0,0,0.00096,7e-05,-0.00015,-1e-05,1e-05,1e-05,3e-05,-0.01997,0.001,5e-05,0.0259,0.0002,0.00052,0.0002,0.02309,0.0031,-0.00071,0.00476,0.00072,2e-05,-7e-05
28.18,0.00101,0.00031,-0.00018,-0,-0.00011,0,-0.00047,-9e-05,0,0.00016,-3e-05,-0,-0,0.0009,6e-05,-0.00011,-1e-05,2e-05,1e-05,4e-05,-0.02174,0.00114,-4e-05,0.02836,0.00018,0.00068,0.00029,0.01918,0.00346,-0.00085,0.00556,0.00063,2e-05,-6e-05
28.2,0.00015,0.00031,-0.00019,1e-05,-0.0001,0,-0.00037,-2e-05,0,7e-05,-3e-05,-0,-0,0.00086,5e-05,-8e-05,-1e-05,3e-05,1e-05,4e-05,-0.02386,0.00132,-7e-05,0.0311,0.00015,0.00082,0.00038,0.01417,0.00349,-0.00089,0.00643,0.00054,2e-05,-6e-05
28.22,-0.00068,0.00025,-0.00018,2e-05,-0.00011,0,-0.00027,4e-05,0,-2e-05,-3e-05,0,-0,0.00084,4e-05,-6e-05,-1e-05,6e-05,1e-05,4e-05,-0.0263,0.00159,-8e-05,0.03392,0.00012,0.00093,0.00047,0.00755,0.00327,-0.00086,0.00743,0.00047,2e-05,-5e-05
28.24,-0.00151,0.00013,-0.00016,3e-05,-0.00012,0,-0.00019,9e-05,0,-9e-05,-2e-05,0,-0,0.00083,2e-05,-5e-05,-1e-05,9e-05,1e-05,3e-05,-0.02894,0.00198,-8e-05,0.03681,0.00011,0.00098,0.00055,0.00109,0.00294,-0.00083,0.00836,0.00041,2e-05,-5e-05
28.26,-0.00235,-3e-05,-0.00013,4e-05,-0.00013,0,-0.00011,0.00014,0,-0.00017,-2e-05,1e-05,0,0.00081,-0,-3e-05,-1e-05,0.00014,1e-05,3e-05,-0.03154,0.00245,-8e-05,0.03963,0.00011,0.00095,0.00058,-0.00397,0.00259,-0.00081,0.00909,0.00037,2e-05,-5e-05
28.28,-0.00319,-0.0002,-9e-05,4e-05,-0.00015,0,-5e-05,0.00018,0,-0.00023,-1e-05,1e-05,0,0.0008,-3e-05,-2e-05,-1e-05,0.0002,1e-05,2e-05,-0.03374,0.00298,-8e-05,0.04193,0.00013,0.00079,0.00053,-0.00799,0.00228,-0.00083,0.00981,0.00034,2e-05,-5e-05
28.3,-0.00398,-0.00037,-4e-05,4e-05,-0.00016,0,-0,0.00021,0,-0.00029,-1e-05,1e-05,0,0.00079,-6e-05,-0,-1e-05,0.00026,1e-05,1e-05,-0.03526,0.00353,-5e-05,0.04335,0.00016,0.00049,0.00036,-0.0106,0.00205,-0.00085,0.01055,0.00034,2e-05,-5e-05
28.32,-0.00465,-0.00049,-0,4e-05,-0.00018,0,3e-05,0.00023,0,-0.00033,-1e-05,1e-05,1e-05,0.00079,-0.0001,1e-05,-1e-05,0.00035,1e-05,0,-0.03591,0.00401,0,0.04365,0.00016,0,2e-05,-0.01187,0.00192,-0.00085,0.01136,0.00035,2e-05,-5e-05
28.34,-0.00523,-0.00057,3e-05,4e-05,-0.00019,0,4e-05,0.00024,0,-0.00037,-0,1e-05,1e-05,0.00077,-0.00013,1e-05,-1e-05,0.00043,1e-05,-0,-0.0355,0.00434,9e-05,0.04261,0.00013,-0.00075,-0.00052,-0.0129,0.00191,-0.00085,0.01261,0.00039,2e-05,-5e-05
28.36,-0.00576,-0.0006,6e-05,4e-05,-0.00019,0,4e-05,0.00025,-0,-0.00039,-0,2e-05,1e-05,0.00075,-0.00017,2e-05,-1e-05,0.00047,1e-05,-1e-05,-0.034,0.00446,0.00019,0.04026,4e-05,-0.00183,-0.00125,-0.01427,0.00198,-0.00086,0.01447,0.00044,1e-05,-6e-05
28.38,-0.00625,-0.00059,8e-05,4e-05,-0.00018,0,3e-05,0.00025,-0,-0.00041,-0,2e-05,1e-05,0.00071,-0.0002,3e-05,-1e-05,0.00048,1e-05,-1e-05,-0.0317,0.00432,0.00029,0.03696,-0.00013,-0.0033,-0.00215,-0.01587,0.00204,-0.00083,0.01676,0.00051,1e-05,-7e-05
28.4,-0.00661,-0.00054,8e-05,4e-05,-0.00017,0,0,0.00025,-0,-0.00041,-0,2e-05,2e-05,0.00065,-0.00022,3e-05,-2e-05,0.00045,1e-05,-1e-05,-0.02887,0.00396,0.00039,0.03304,-0.0004,-0.00523,-0.00321,-0.01698,0.00205,-0.00075,0.01881,0.00057,0,-7e-05
28.42,-0.00681,-0.00047,8e-05,4e-05,-0.00015,0,-4e-05,0.00024,-0,-0.0004,-0,2e-05,2e-05,0.00056,-0.00023,4e-05,-2e-05,0.00038,1e-05,-1e-05,-0.02582,0.0034,0.00051,0.02883,-0.00078,-0.00759,-0.00438,-0.01681,0.00206,-0.00066,0.0198,0.00063,-0,-8e-05
28.44,-0.00691,-0.00039,7e-05,3e-05,-0.00012,0,-9e-05,0.00023,-0,-0.00037,-0,2e-05,1e-05,0.00045,-0.00022,4e-05,-2e-05,0.0003,1e-05,-1e-05,-0.02281,0.00262,0.00066,0.0247,-0.00127,-0.01039,-0.00565,-0.01587,0.0021,-0.00054,0.01985,0.00066,-1e-05,-8e-05
28.46,-0.00696,-0.00031,6e-05,3e-05,-8e-05,0,-0.00014,0.00022,-0,-0.00033,-1e-05,2e-05,1e-05,0.00035,-0.00021,3e-05,-2e-05,0.00023,1e-05,-1e-05,-0.02001,0.00163,0.00086,0.0209,-0.00183,-0.0135,-0.00701,-0.01478,0.0022,-0.00039,0.01931,0.00068,-1e-05,-7e-05
28.48,-0.00698,-0.00023,4e-05,3e-05,-4e-05,0,-0.00021,0.00019,-0,-0.00027,-1e-05,2e-05,1e-05,0.00024,-0.00019,3e-05,-2e-05,0.00018,1e-05,-1e-05,-0.01753,0.00048,0.00108,0.01751,-0.00243,-0.01606,-0.00798,-0.01346,0.00239,-0.00025,0.01807,0.00067,-1e-05,-7e-05
28.5,-0.00688,-0.00016,2e-05,3e-05,1e-05,0,-0.00026,0.00017,-0,-0.0002,-1e-05,2e-05,0,0.00013,-0.00016,3e-05,-2e-05,0.00013,0,-0,-0.01522,-0.00072,0.00139,0.01447,-0.00298,-0.01931,-0.00951,-0.01215,0.00269,-0.00014,0.01651,0.00064,-2e-05,-6e-05
28.52,-0.00661,-0.0001,1e-05,2e-05,5e-05,0,-0.00032,0.00014,-0,-0.00013,-1e-05,2e-05,-0,3e-05,-0.00014,2e-05,-2e-05,9e-05,0,-0,-0.01291,-0.00202,0.00192,0.01162,-0.00343,-0.02538,-0.0132,-0.01107,0.00305,-5e-05,0.01507,0.00061,-2e-05,-6e-05
28.54,-0.00626,-6e-05,-1e-05,2e-05,9e-05,0,-0.00036,0.00011,0,-6e-05,-1e-05,1e-05,-1e-05,-7e-05,-0.00012,2e-05,-1e-05,5e-05,0,-0,-0.01071,-0.00336,0.00248,0.00907,-0.00369,-0.03082,-0.01692,-0.01019,0.00343,2e-05,0.01367,0.00056,-2e-05,-5e-05
28.56,-0.00588,-3e-05,-1e-05,2e-05,0.00012,0,-0.00039,8e-05,-0,1e-05,-1e-05,1e-05,-1e-05,-0.00015,-9e-05,1e-05,-1e-05,2e-05,0,-0,-0.00876,-0.00453,0.00289,0.0069,-0.00372,-0.03283,-0.01881,-0.00952,0.00378,7e-05,0.01231,0.00052,-2e-05,-4e-05
28.58,-0.00548,-2e-05,-2e-05,1e-05,0.00014,0,-0.00041,5e-05,-0,8e-05,-1e-05,1e-05,-2e-05,-0.00022,-7e-05,1e-05,-0,-1e-05,0,-0,-0.00697,-0.00548,0.00316,0.00499,-0.00352,-0.03192,-0.01917,-0.00908,0.0041,0.0001,0.01112,0.00048,-2e-05,-4e-05
28.6,-0.00503,-0,-2e-05,1e-05,0.00016,0,-0.00042,3e-05,-0,0.00014,-1e-05,0,-3e-05,-0.00027,-5e-05,1e-05,0,-3e-05,-0,-0,-0.00544,-0.00612,0.00311,0.00357,-0.00313,-0.02765,-0.01748,-0.00884,0.00432,0.00011,0.01014,0.00046,-2e-05,-3e-05
28.62,-0.00455,1e-05,-2e-05,1e-05,0.00017,0,-0.00042,0,-0,0.0002,-1e-05,0,-3e-05,-0.00031,-4e-05,0,1e-05,-5e-05,-0,0,-0.00425,-0.00649,0.00274,0.00269,-0.00261,-0.02191,-0.01438,-0.00875,0.00442,0.0001,0.00938,0.00044,-2e-05,-3e-05
28.64,-0.00408,2e-05,-2e-05,0,0.00017,0,-0.00042,-1e-05,-1e-05,0.00026,-1e-05,-0,-4e-05,-0.00034,-3e-05,0,1e-05,-7e-05,-0,0,-0.00324,-0.00664,0.00227,0.002,-0.00206,-0.01618,-0.01105,-0.00879,0.0044,7e-05,0.00881,0.00044,-2e-05,-3e-05
28.66,-0.00366,3e-05,-1e-05,0,0.00017,0,-0.00041,-2e-05,-1e-05,0.00031,-1e-05,-0,-4e-05,-0.00035,-2e-05,0,2e-05,-8e-05,-0,0,-0.00238,-0.00662,0.00183,0.00137,-0.00152,-0.01101,-0.00801,-0.00891,0.00429,3e-05,0.00843,0.00044,-2e-05,-3e-05
28.68,-0.00329,4e-05,-1e-05,0,0.00017,0,-0.00041,-2e-05,-1e-05,0.00036,-1e-05,-1e-05,-5e-05,-0.00036,-1e-05,0,3e-05,-8e-05,-0,0,-0.00169,-0.00645,0.00143,0.00085,-0.00099,-0.00665,-0.00536,-0.0091,0.00409,-1e-05,0.00818,0.00045,-2e-05,-3e-05
28.7,-0.00295,5e-05,-1e-05,0,0.00017,0,-0.00041,-2e-05,-1e-05,0.00041,-1e-05,-1e-05,-5e-05,-0.00035,-0,-0,3e-05,-8e-05,-0,0,-0.00116,-0.00617,0.00109,0.00045,-0.00045,-0.00324,-0.0032,-0.00931,0.00384,-5e-05,0.00804,0.00046,-2e-05,-2e-05
28.72,-0.00265,6e-05,-0,-0,0.00016,0,-0.00041,-2e-05,-2e-05,0.00046,-1e-05,-1e-05,-6e-05,-0.00033,0,-0,3e-05,-7e-05,-0,1e-05,-0.00077,-0.00578,0.00083,0.00015,0.00016,-0.00083,-0.00155,-0.00952,0.00357,-8e-05,0.00797,0.00047,-2e-05,-2e-05
28.74,-0.00239,7e-05,-0,-0,0.00015,0,-0.00041,-2e-05,-2e-05,0.0005,-1e-05,-1e-05,-6e-05,-0.0003,0,-0,4e-05,-6e-05,-0,1e-05,-0.00052,-0.00535,0.00067,-5e-05,0.00084,0.00067,-0.00039,-0.00972,0.00327,-9e-05,0.00795,0.00047,-3e-05,-2e-05
28.76,-0.00218,7e-05,0,-0,0.00015,0,-0.0004,-2e-05,-2e-05,0.00054,-1e-05,-1e-05,-6e-05,-0.00027,0,-0,4e-05,-6e-05,-0,0,-0.00036,-0.0049,0.0006,-0.00017,0.00161,0.00138,0.00032,-0.00993,0.00295,-9e-05,0.00795,0.00046,-3e-05,-2e-05
28.78,-0.00201,8e-05,0,-1e-05,0.00014,0,-0.0004,-2e-05,-2e-05,0.00057,-1e-05,-1e-05,-6e-05,-0.00022,0,-0,4e-05,-5e-05,-0,0,-0.00029,-0.00444,0.00061,-0.00023,0.00241,0.00146,0.00068,-0.0101,0.00261,-6e-05,0.00794,0.00043,-3e-05,-2e-05
28.8,-0.00187,8e-05,0,-1e-05,0.00013,0,-0.0004,-2e-05,-2e-05,0.0006,-1e-05,-1e-05,-6e-05,-0.00018,0,-0,4e-05,-4e-05,-0,0,-0.00025,-0.00399,0.00069,-0.00025,0.00316,0.00113,0.00079,-0.01023,0.00228,-2e-05,0.00791,0.00039,-3e-05,-2e-05
28.82,-0.00177,7e-05,0,-1e-05,0.00012,0,-0.00039,-2e-05,-3e-05,0.00062,-1e-05,-1e-05,-6e-05,-0.00014,-0,-0,4e-05,-4e-05,0,0,-0.00024,-0.00357,0.0008,-0.00024,0.00378,0.0006,0.00075,-0.0103,0.00198,4e-05,0.00785,0.00033,-2e-05,-1e-05
28.84,-0.00169,7e-05,0,-1e-05,0.00011,0,-0.00038,-2e-05,-3e-05,0.00063,-1e-05,-1e-05,-6e-05,-0.0001,-0,-0,3e-05,-3e-05,0,0,-0.00023,-0.00318,0.00092,-0.00021,0.00418,5e-05,0.00062,-0.01028,0.0017,0.00011,0.00775,0.00026,-2e-05,-1e-05
28.86,-0.00164,7e-05,0,-1e-05,0.0001,0,-0.00037,-2e-05,-3e-05,0.00063,-1e-05,-1e-05,-5e-05,-6e-05,-1e-05,-0,3e-05,-3e-05,0,-0,-0.00021,-0.00284,0.00103,-0.00017,0.00435,-0.00041,0.00046,-0.01016,0.00144,0.00019,0.00761,0.00018,-2e-05,-1e-05
28.88,-0.00161,6e-05,0,-1e-05,9e-05,0,-0.00035,-2e-05,-3e-05,0.00062,-0,-1e-05,-5e-05,-2e-05,-1e-05,-0,2e-05,-3e-05,0,-0,-0.00017,-0.00254,0.00112,-0.00014,0.0043,-0.00073,0.0003,-0.00996,0.00121,0.00027,0.00744,0.0001,-1e-05,-1e-05
28.9,-0.00158,5e-05,0,-1e-05,9e-05,0,-0.00033,-2e-05,-3e-05,0.00061,-0,-0,-4e-05,1e-05,-2e-05,-0,1e-05,-2e-05,0,-0,-0.00012,-0.00229,0.0012,-0.0001,0.00408,-0.00092,0.00016,-0.00968,0.00102,0.00035,0.00724,2e-05,-1e-05,-0
28.92,-0.00155,5e-05,0,-1e-05,8e-05,0,-0.00031,-2e-05,-3e-05,0.00059,-0,-0,-4e-05,4e-05,-2e-05,-0,-0,-2e-05,0,-0,-6e-05,-0.00208,0.00127,-7e-05,0.00378,-0.00102,5e-05,-0.00935,0.00087,0.00041,0.00702,-4e-05,-1e-05,-0
28.94,-0.0015,4e-05,0,-1e-05,7e-05,0,-0.00028,-2e-05,-3e-05,0.00056,0,0,-3e-05,6e-05,-2e-05,-0,-2e-05,-2e-05,0,-1e-05,1e-05,-0.00191,0.00133,-4e-05,0.00343,-0.00104,-4e-05,-0.00899,0.00076,0.00046,0.00681,-8e-05,-0,0
28.96,-0.00145,3e-05,0,-1e-05,6e-05,0,-0.00025,-1e-05,-3e-05,0.00053,1e-05,1e-05,-3e-05,8e-05,-3e-05,-0,-3e-05,-1e-05,0,-1e-05,8e-05,-0.00178,0.00139,-2e-05,0.00308,-0.00102,-0.0001,-0.00862,0.00067,0.00049,0.0066,-9e-05,-0,0
28.98,-0.00137,2e-05,1e-05,-1e-05,6e-05,0,-0.00021,-1e-05,-3e-05,0.0005,1e-05,1e-05,-2e-05,0.0001,-3e-05,-0,-4e-05,-1e-05,1e-05,-1e-05,0.00015,-0.00167,0.00144,-0,0.00275,-0.00097,-0.00015,-0.00824,0.00062,0.00049,0.00638,-7e-05,0,0
29,-0.00128,1e-05,1e-05,-1e-05,5e-05,0,-0.00017,-1e-05,-3e-05,0.00046,1e-05,1e-05,-1e-05,0.00011,-3e-05,-0,-5e-05,-0,1e-05,-0,0.00022,-0.00157,0.00148,1e-05,0.00243,-0.00089,-0.00017,-0.00783,0.00059,0.00047,0.00614,-2e-05,-0,-0
29.02,-0.00118,1e-05,1e-05,-1e-05,5e-05,0,-0.00014,-0,-3e-05,0.00042,1e-05,2e-05,-1e-05,0.00012,-3e-05,0,-6e-05,-0,1e-05,-0,0.00028,-0.00146,0.0015,2e-05,0.00211,-0.00076,-0.00017,-0.00739,0.00056,0.00041,0.00586,5e-05,-0,-0
29.04,-0.00106,0,1e-05,-1e-05,5e-05,0,-0.0001,-0,-3e-05,0.00038,2e-05,2e-05,0,0.00013,-3e-05,0,-7e-05,-0,1e-05,-0,0.00033,-0.00134,0.0015,2e-05,0.00178,-0.0006,-0.00015,-0.00689,0.00054,0.00033,0.00553,0.00013,-1e-05,-0
29.06,-0.00094,-0,1e-05,-1e-05,4e-05,0,-6e-05,-0,-3e-05,0.00034,2e-05,2e-05,1e-05,0.00013,-3e-05,0,-8e-05,-0,1e-05,-0,0.00036,-0.00119,0.00146,2e-05,0.00143,-0.00041,-0.00012,-0.00634,0.00051,0.00024,0.00515,0.00021,-1e-05,-0
29.08,-0.00081,-1e-05,1e-05,-1e-05,4e-05,0,-2e-05,-0,-3e-05,0.0003,1e-05,3e-05,2e-05,0.00013,-2e-05,0,-9e-05,-0,1e-05,-0,0.00039,-0.00101,0.0014,2e-05,0.00107,-0.0002,-8e-05,-0.00571,0.00047,0.00013,0.0047,0.00029,-1e-05,-1e-05
29.1,-0.00069,-1e-05,0,-1e-05,4e-05,0,1e-05,-1e-05,-3e-05,0.00026,1e-05,3e-05,4e-05,0.00013,-2e-05,0,-9e-05,-0,1e-05,-0,0.0004,-0.0008,0.00131,2e-05,0.00073,1e-05,-4e-05,-0.00501,0.00041,4e-05,0.00419,0.00035,-2e-05,-1e-05
29.12,-0.00057,-1e-05,0,-1e-05,4e-05,0,5e-05,-1e-05,-3e-05,0.00021,0,3e-05,5e-05,0.00012,-2e-05,0,-9e-05,-0,1e-05,-1e-05,0.00041,-0.00058,0.00119,1e-05,0.00043,0.00019,1e-05,-0.00423,0.00034,-2e-05,0.00364,0.00039,-2e-05,-1e-05
29.14,-0.00047,-2e-05,0,-1e-05,4e-05,0,8e-05,-2e-05,-2e-05,0.00016,-1e-05,4e-05,7e-05,0.00012,-2e-05,0,-9e-05,-0,1e-05,-1e-05,0.00042,-0.00034,0.00107,1e-05,0.0002,0.00033,4e-05,-0.00341,0.00025,-4e-05,0.00305,0.00038,-2e-05,-1e-05
29.16,-0.00038,-3e-05,0,-1e-05,4e-05,0,0.00012,-2e-05,-2e-05,0.00011,-2e-05,5e-05,9e-05,0.00011,-1e-05,0,-9e-05,-0,1e-05,-1e-05,0.00042,-9e-05,0.00093,1e-05,3e-05,0.00042,7e-05,-0.00256,0.00014,-1e-05,0.00243,0.00033,-2e-05,-0
29.18,-0.0003,-3e-05,-0,-1e-05,3e-05,0,0.00015,-3e-05,-2e-05,6e-05,-3e-05,5e-05,0.0001,0.00011,-1e-05,0,-8e-05,-0,1e-05,-1e-05,0.00041,0.00015,0.00079,1e-05,-8e-05,0.00046,9e-05,-0.00169,3e-05,6e-05,0.0018,0.00025,-1e-05,-0
29.2,-0.00024,-4e-05,-0,-2e-05,3e-05,0,0.00018,-4e-05,-2e-05,0,-2e-05,6e-05,0.00013,0.0001,-1e-05,0,-8e-05,-0,2e-05,-1e-05,0.0004,0.00038,0.00065,0,-0.00014,0.00048,0.0001,-0.00086,-8e-05,0.00017,0.00117,0.00014,-1e-05,-0
29.22,-0.00018,-5e-05,-0,-2e-05,3e-05,0,0.00021,-5e-05,-2e-05,-5e-05,-1e-05,8e-05,0.00015,9e-05,-0,0,-7e-05,-0,2e-05,-1e-05,0.00039,0.0006,0.0005,0,-0.0002,0.00049,0.00011,-9e-05,-0.00019,0.0003,0.00058,2e-05,-0,-0
29.24,-0.00014,-6e-05,-0,-2e-05,3e-05,0,0.00022,-6e-05,-2e-05,-0.0001,4e-05,9e-05,0.00017,9e-05,-0,0,-6e-05,-0,2e-05,-1e-05,0.00037,0.00078,0.00036,0,-0.00027,0.0005,0.00013,0.00058,-0.00028,0.00042,4e-05,-0.0001,0,0
29.26,-0.0001,-6e-05,-0,-2e-05,2e-05,0,0.00023,-7e-05,-2e-05,-0.00015,0.00011,0.0001,0.00019,8e-05,-0,0,-6e-05,-0,2e-05,-1e-05,0.00035,0.00094,0.00022,0,-0.00037,0.00054,0.00015,0.00113,-0.00036,0.00053,-0.00042,-0.00021,1e-05,0
29.28,-6e-05,-7e-05,-0,-2e-05,2e-05,0,0.00022,-8e-05,-2e-05,-0.00019,0.00018,0.00011,0.0002,7e-05,0,0,-5e-05,-0,2e-05,-1e-05,0.00032,0.00107,9e-05,-0,-0.00052,0.0006,0.00019,0.00155,-0.00042,0.0006,-0.00081,-0.0003,1e-05,0
29.3,-2e-05,-8e-05,-0,-2e-05,2e-05,0,0.0002,-8e-05,-2e-05,-0.00021,0.00028,0.00012,0.0002,6e-05,0,0,-4e-05,-0,2e-05,-1e-05,0.00029,0.00116,-4e-05,-0,-0.00071,0.00071,0.00023,0.00184,-0.00046,0.00065,-0.00112,-0.00037,2e-05,0
29.32,2e-05,-9e-05,-0,-2e-05,1e-05,0,0.00016,-8e-05,-2e-05,-0.00023,0.00043,0.00014,0.00018,5e-05,0,-0,-3e-05,-0,2e-05,-1e-05,0.00025,0.00121,-0.00016,-0,-0.00095,0.00084,0.00029,0.00201,-0.00049,0.00067,-0.00136,-0.00041,2e-05,0
29.34,7e-05,-9e-05,-0,-2e-05,1e-05,0,0.00012,-8e-05,-2e-05,-0.00023,0.00055,0.00015,0.00016,4e-05,0,-0,-3e-05,-0,1e-05,-1e-05,0.00022,0.00123,-0.00026,-0,-0.00121,0.001,0.00035,0.00207,-0.0005,0.00065,-0.00153,-0.00043,2e-05,1e-05
29.36,0.00012,-9e-05,-0,-2e-05,1e-05,0,6e-05,-8e-05,-2e-05,-0.00022,0.00059,0.00015,0.00014,3e-05,0,-0,-2e-05,-0,1e-05,-0,0.00018,0.00121,-0.00036,-0,-0.00147,0.00116,0.00041,0.00204,-0.00049,0.00061,-0.00163,-0.00043,2e-05,1e-05
29.38,0.00017,-9e-05,-1e-05,-3e-05,1e-05,0,0,-7e-05,-2e-05,-0.0002,0.00057,0.00015,0.00011,2e-05,0,-0,-1e-05,-0,1e-05,-0,0.00014,0.00117,-0.00043,-0,-0.0017,0.00129,0.00046,0.00195,-0.00047,0.00056,-0.0017,-0.00042,2e-05,0
29.4,0.00022,-9e-05,-1e-05,-3e-05,0,0,-6e-05,-6e-05,-2e-05,-0.00016,0.00047,0.00012,9e-05,1e-05,-0,-0,-1e-05,-0,1e-05,-0,0.00011,0.00111,-0.00047,-0,-0.00184,0.00137,0.00049,0.00184,-0.00044,0.0005,-0.00172,-0.00039,2e-05,0
29.42,0.00026,-9e-05,-1e-05,-3e-05,0,0,-0.00011,-5e-05,-1e-05,-0.00013,0.00031,9e-05,7e-05,0,-0,-0,-1e-05,-0,1e-05,-0,8e-05,0.00103,-0.00047,-0,-0.00184,0.00136,0.00048,0.00172,-0.00041,0.00045,-0.00174,-0.00037,2e-05,0
29.44,0.00029,-8e-05,-1e-05,-3e-05,0,0,-0.00015,-4e-05,-1e-05,-0.0001,0.00017,6e-05,5e-05,-0,-0,-0,-1e-05,-0,0,-0,6e-05,0.00095,-0.00043,-0,-0.00168,0.00123,0.00043,0.00164,-0.00038,0.0004,-0.00174,-0.00035,2e-05,0
29.46,0.0003,-8e-05,-1e-05,-3e-05,0,0,-0.00018,-3e-05,-1e-05,-7e-05,9e-05,4e-05,4e-05,-1e-05,-0,-0,-0,-0,0,-0,4e-05,0.00087,-0.00035,-0,-0.00136,0.00098,0.00033,0.00161,-0.00036,0.00037,-0.00175,-0.00034,2e-05,0
29.48,0.0003,-7e-05,-1e-05,-2e-05,0,0,-0.00019,-3e-05,-0,-4e-05,4e-05,2e-05,2e-05,-2e-05,-0,-0,-0,-0,0,-0,4e-05,0.0008,-0.00025,-0,-0.00094,0.00064,0.00022,0.00162,-0.00034,0.00035,-0.00177,-0.00034,2e-05,0
29.5,0.00028,-6e-05,-1e-05,-2e-05,0,0,-0.00019,-2e-05,-0,-2e-05,1e-05,1e-05,1e-05,-2e-05,-0,-0,0,-1e-05,0,-0,4e-05,0.00073,-0.00014,-0,-0.00048,0.00028,9e-05,0.00166,-0.00032,0.00034,-0.00179,-0.00034,2e-05,0
29.52,0.00026,-5e-05,-1e-05,-2e-05,0,0,-0.00018,-2e-05,-0,-1e-05,-0,-0,0,-2e-05,-0,0,0,-1e-05,0,-0,4e-05,0.00067,-4e-05,-0,-0.0001,-3e-05,-1e-05,0.00172,-0.00031,0.00034,-0.00181,-0.00034,2e-05,0
29.54,0.00024,-5e-05,-1e-05,-2e-05,0,0,-0.00016,-2e-05,0,0,-1e-05,-1e-05,-0,-3e-05,-0,0,0,-1e-05,0,-0,4e-05,0.00061,2e-05,0,0.00013,-0.00023,-7e-05,0.00179,-0.0003,0.00034,-0.00182,-0.00034,2e-05,0
29.56,0.00021,-4e-05,-1e-05,-2e-05,0,0,-0.00014,-2e-05,0,1e-05,-1e-05,-1e-05,-1e-05,-3e-05,0,0,0,-1e-05,0,-0,5e-05,0.00056,5e-05,0,0.0002,-0.00028,-9e-05,0.00184,-0.00029,0.00033,-0.00182,-0.00033,2e-05,0
29.58,0.00018,-3e-05,-0,-1e-05,0,0,-0.00012,-2e-05,0,1e-05,-1e-05,-1e-05,-1e-05,-3e-05,0,0,0,-1e-05,0,-0,5e-05,0.00051,4e-05,0,0.00013,-0.00024,-7e-05,0.00186,-0.00028,0.00031,-0.00182,-0.00031,2e-05,0
29.6,0.00014,-3e-05,-0,-1e-05,0,0,-9e-05,-2e-05,0,1e-05,-1e-05,-1e-05,-1e-05,-3e-05,0,0,0,-2e-05,0,-0,5e-05,0.00046,2e-05,-0,0,-0.00015,-3e-05,0.00186,-0.00026,0.00029,-0.0018,-0.00029,2e-05,0
29.62,0.00011,-2e-05,-0,-1e-05,0,0,-7e-05,-3e-05,0,1e-05,-1e-05,-1e-05,-1e-05,-4e-05,0,0,0,-2e-05,0,-0,5e-05,0.00042,1e-05,-0,-9e-05,-9e-05,0,0.00182,-0.00024,0.00024,-0.00176,-0.00025,2e-05,0
29.64,8e-05,-2e-05,-0,-1e-05,-0,0,-5e-05,-3e-05,0,1e-05,-1e-05,-1e-05,-1e-05,-4e-05,0,0,0,-1e-05,0,-0,5e-05,0.00039,2e-05,-0,-8e-05,-0.00011,0,0.00175,-0.00021,0.00019,-0.00171,-0.0002,1e-05,0
29.66,5e-05,-1e-05,0,-1e-05,-0,0,-2e-05,-4e-05,0,0,-1e-05,-1e-05,-1e-05,-4e-05,0,0,0,-1e-05,0,-0,4e-05,0.00036,5e-05,-0,7e-05,-0.00023,-3e-05,0.00164,-0.00019,0.00014,-0.00165,-0.00015,1e-05,0
29.68,2e-05,-1e-05,0,-1e-05,-0,0,-1e-05,-4e-05,0,-1e-05,-1e-05,-0,-1e-05,-3e-05,0,0,0,-1e-05,0,-0,3e-05,0.00033,0.00011,-0,0.00032,-0.00044,-9e-05,0.0015,-0.00016,7e-05,-0.00157,-0.0001,1e-05,0
29.7,-1e-05,-1e-05,0,-1e-05,-0,0,1e-05,-4e-05,-0,-2e-05,-1e-05,-0,-0,-3e-05,0,0,0,-1e-05,0,-0,2e-05,0.00031,0.00017,0,0.00057,-0.00064,-0.00015,0.00134,-0.00013,0,-0.00149,-4e-05,0,0
29.72,-4e-05,-0,0,-1e-05,-0,0,2e-05,-4e-05,-0,-3e-05,-1e-05,0,-0,-3e-05,0,0,0,-1e-05,0,-0,0,0.00029,0.00021,0,0.00073,-0.00076,-0.0002,0.00116,-0.0001,-6e-05,-0.0014,2e-05,-0,-0
29.74,-7e-05,-0,0,-1e-05,-0,0,3e-05,-4e-05,-0,-4e-05,-0,0,-0,-2e-05,0,0,0,-1e-05,0,-0,-1e-05,0.00028,0.00022,0,0.00069,-0.00073,-0.0002,0.00097,-8e-05,-0.00012,-0.0013,7e-05,-0,-0
29.76,-9e-05,0,0,-1e-05,-1e-05,0,4e-05,-4e-05,-0,-5e-05,-0,0,-0,-2e-05,0,0,0,-1e-05,0,-0,-3e-05,0.00027,0.00019,0,0.00045,-0.00054,-0.00016,0.00078,-6e-05,-0.00017,-0.00121,0.00011,-1e-05,-0
29.78,-0.00011,0,0,-1e-05,-1e-05,0,4e-05,-4e-05,-0,-5e-05,-0,1e-05,-0,-1e-05,0,0,0,-0,0,-0,-4e-05,0.00026,0.00013,-0,3e-05,-0.00023,-7e-05,0.00059,-4e-05,-0.0002,-0.00112,0.00015,-1e-05,-0
29.8,-0.00012,1e-05,0,-1e-05,-1e-05,0,4e-05,-4e-05,-0,-5e-05,-0,1e-05,-0,-0,0,0,0,-0,0,-0,-6e-05,0.00024,6e-05,-0,-0.00045,0.00013,4e-05,0.00041,-2e-05,-0.00023,-0.00103,0.00018,-1e-05,-0
29.82,-0.00012,1e-05,0,-1e-05,-1e-05,0,2e-05,-3e-05,-0,-4e-05,-0,0,-1e-05,0,0,0,1e-05,-0,0,-0,-7e-05,0.00021,0,-0,-0.00087,0.00044,0.00013,0.00024,-0,-0.00024,-0.00094,0.0002,-1e-05,-0
29.84,-0.00011,1e-05,0,-1e-05,-1e-05,0,-0,-3e-05,-0,-1e-05,-0,0,-1e-05,1e-05,0,0,1e-05,-0,0,-0,-8e-05,0.00017,-2e-05,-0,-0.00115,0.00065,0.00018,7e-05,1e-05,-0.00024,-0.00086,0.00022,-2e-05,-0
29.86,-9e-05,1e-05,0,-1e-05,-1e-05,0,-5e-05,-2e-05,-0,3e-05,-0,-0,-2e-05,1e-05,0,0,1e-05,-0,-0,-0,-9e-05,0.00011,1e-05,-0,-0.00122,0.0007,0.00018,-9e-05,3e-05,-0.00023,-0.00078,0.00022,-2e-05,-0
29.88,-5e-05,1e-05,0,-1e-05,-1e-05,0,-0.00011,-1e-05,0,0.0001,-0,-1e-05,-3e-05,2e-05,-0,0,1e-05,-0,-0,-0,-0.00011,3e-05,7e-05,-0,-0.00113,0.00063,0.00015,-0.00025,5e-05,-0.00022,-0.00069,0.00022,-2e-05,-0
29.9,-0,1e-05,0,-1e-05,-1e-05,0,-0.00019,0,1e-05,0.00019,-1e-05,-2e-05,-4e-05,2e-05,-0,0,1e-05,-0,-0,0,-0.00012,-8e-05,0.00015,-0,-0.00096,0.00047,0.0001,-0.00043,8e-05,-0.0002,-0.00059,0.00022,-2e-05,-0
29.92,6e-05,1e-05,0,-1e-05,-1e-05,0,-0.00028,2e-05,1e-05,0.0003,-1e-05,-3e-05,-6e-05,3e-05,-0,0,1e-05,-0,-0,0,-0.00013,-0.00021,0.00023,-0,-0.00081,0.00033,6e-05,-0.00062,0.00012,-0.00018,-0.00048,0.00022,-2e-05,-0
29.94,0.00013,1e-05,0,-2e-05,-2e-05,0,-0.0004,3e-05,2e-05,0.00043,-1e-05,-5e-05,-8e-05,3e-05,-0,0,0,-0,-0,0,-0.00014,-0.00037,0.00029,-0,-0.00079,0.00029,5e-05,-0.00084,0.00016,-0.00017,-0.00034,0.00021,-2e-05,-0
29.96,0.00021,1e-05,-0,-2e-05,-2e-05,0,-0.00053,5e-05,3e-05,0.00057,-1e-05,-6e-05,-0.0001,3e-05,-0,0,0,-0,-1e-05,0,-0.00015,-0.00053,0.00031,-0,-0.00092,0.00037,8e-05,-0.00105,0.00022,-0.00017,-0.0002,0.00021,-2e-05,-0
29.98,0.00029,1e-05,-0,-2e-05,-2e-05,0,-0.00065,7e-05,5e-05,0.00071,-1e-05,-7e-05,-0.00012,4e-05,-1e-05,0,0,-1e-05,-1e-05,0,-0.00016,-0.00071,0.00031,-0,-0.00119,0.00056,0.00015,-0.00126,0.00027,-0.00015,-5e-05,0.00019,-2e-05,-0
30,0.00035,1e-05,-0,-2e-05,-2e-05,0,-0.00077,9e-05,6e-05,0.00082,-1e-05,-8e-05,-0.00013,4e-05,-1e-05,0,0,-1e-05,-1e-05,1e-05,-0.00017,-0.00087,0.00029,-0,-0.00151,0.00078,0.00023,-0.00141,0.00032,-0.00013,8e-05,0.00017,-1e-05,-0
30.02,0.0004,1e-05,-0,-2e-05,-2e-05,0,-0.00084,0.00011,8e-05,0.00091,-0,-8e-05,-0.00013,4e-05,-1e-05,0,0,-1e-05,-1e-05,1e-05,-0.00016,-0.00101,0.00027,-0,-0.00178,0.00099,0.0003,-0.00148,0.00035,-7e-05,0.00016,0.00012,-1e-05,-0
30.04,0.00043,1e-05,-0,-2e-05,-2e-05,0,-0.00087,0.00013,0.0001,0.00094,1e-05,-7e-05,-0.00011,4e-05,-0,0,0,-1e-05,-1e-05,1e-05,-0.00015,-0.0011,0.00026,-0,-0.00188,0.00109,0.00033,-0.00143,0.00035,1e-05,0.00019,6e-05,0,0
30.06,0.00042,0,-0,-2e-05,-3e-05,0,-0.00085,0.00015,0.00012,0.00092,3e-05,-6e-05,-0.0001,5e-05,-0,-0,0,-1e-05,-0,1e-05,-0.00013,-0.00115,0.00029,-0,-0.00177,0.00103,0.0003,-0.00126,0.00032,0.00011,0.00016,-2e-05,1e-05,0
30.08,0.00039,0,-0,-2e-05,-3e-05,0,-0.0008,0.00017,0.00013,0.00084,4e-05,-5e-05,-8e-05,5e-05,-0,-0,0,-1e-05,-0,1e-05,-0.0001,-0.00114,0.00034,-0,-0.00142,0.00079,0.00022,-0.00098,0.00027,0.00023,7e-05,-0.00011,3e-05,1e-05
30.1,0.00034,-0,-0,-2e-05,-2e-05,0,-0.00073,0.00017,0.00013,0.00073,5e-05,-3e-05,-6e-05,5e-05,-0,-0,0,-0,-0,2e-05,-7e-05,-0.00109,0.00042,-0,-0.00087,0.00038,0.0001,-0.00064,0.00021,0.00034,-6e-05,-0.00019,4e-05,1e-05
30.12,0.00028,-0,-0,-1e-05,-2e-05,0,-0.00066,0.00017,0.00013,0.00059,6e-05,-2e-05,-5e-05,5e-05,-0,-0,0,-0,-0,2e-05,-4e-05,-0.001,0.0005,-0,-0.00017,-0.00015,-6e-05,-0.00029,0.00015,0.00043,-0.00021,-0.00024,6e-05,1e-05
30.14,0.00022,-0,0,-1e-05,-2e-05,0,-0.0006,0.00016,0.00012,0.00046,7e-05,-0,-4e-05,5e-05,-0,-0,0,-0,0,2e-05,-2e-05,-0.0009,0.00059,-0,0.0006,-0.00074,-0.00022,3e-05,9e-05,0.00048,-0.00036,-0.00024,7e-05,2e-05
30.16,0.00016,-0,0,-1e-05,-2e-05,0,-0.00055,0.00014,0.0001,0.00034,7e-05,1e-05,-3e-05,5e-05,-0,-0,0,-0,0,2e-05,-0,-0.00078,0.00066,-0,0.00135,-0.00132,-0.00038,0.0003,5e-05,0.00048,-0.00049,-0.0002,7e-05,2e-05
30.18,0.00011,-0,0,-1e-05,-2e-05,0,-0.00052,9e-05,7e-05,0.00024,7e-05,1e-05,-2e-05,5e-05,-0,-0,0,-0,0,2e-05,0,-0.00066,0.0007,-0,0.002,-0.00182,-0.00051,0.00049,3e-05,0.00043,-0.00059,-0.00011,8e-05,2e-05
30.2,7e-05,-0,0,-1e-05,-1e-05,0,-0.00048,4e-05,5e-05,0.00016,7e-05,2e-05,-2e-05,4e-05,-0,-0,0,-0,0,2e-05,0,-0.00053,0.0007,0,0.00245,-0.00216,-0.00058,0.00061,2e-05,0.00035,-0.00067,-0,8e-05,2e-05
30.22,4e-05,-0,0,-1e-05,-1e-05,0,-0.00044,-3e-05,4e-05,0.0001,6e-05,1e-05,-1e-05,4e-05,-0,-0,-0,-0,0,2e-05,-1e-05,-0.00042,0.00062,0,0.00259,-0.00224,-0.00057,0.00065,2e-05,0.00023,-0.00072,0.00011,7e-05,2e-05
30.24,0,-0,-0,-2e-05,-0,0,-0.00038,-8e-05,3e-05,6e-05,4e-05,0,-1e-05,3e-05,-0,-0,-0,-0,-0,1e-05,-3e-05,-0.00032,0.00047,0,0.00237,-0.00203,-0.00047,0.00064,3e-05,0.00012,-0.00075,0.00019,6e-05,2e-05
30.26,-2e-05,0,-0,-2e-05,1e-05,0,-0.0003,-0.00012,2e-05,5e-05,3e-05,-0,-1e-05,3e-05,-0,0,-0,-0,-0,1e-05,-5e-05,-0.00024,0.00024,-0,0.00176,-0.00153,-0.00026,0.00056,5e-05,1e-05,-0.00074,0.00021,5e-05,1e-05
30.28,-4e-05,0,-0,-3e-05,2e-05,0,-0.00019,-0.00014,1e-05,8e-05,3e-05,-0,-1e-05,2e-05,-0,0,-0,0,-0,1e-05,-8e-05,-0.00017,-7e-05,-0,0.00079,-0.00077,6e-05,0.00041,6e-05,-7e-05,-0.00071,0.00014,2e-05,0
30.3,-5e-05,0,-0,-3e-05,3e-05,0,-6e-05,-0.00015,0,0.00016,2e-05,-0,-1e-05,2e-05,0,0,-0,0,-0,0,-0.00012,-0.00012,-0.00043,-0,-0.00044,0.00018,0.00047,0.00021,7e-05,-0.00014,-0.00065,-4e-05,-3e-05,-1e-05
30.32,-4e-05,0,-0,-4e-05,5e-05,0,0.00011,-0.00016,-1e-05,0.00033,2e-05,0,-1e-05,2e-05,0,0,0,0,0,0,-0.00016,-7e-05,-0.00083,-0,-0.00181,0.00123,0.00092,-8e-05,8e-05,-0.00019,-0.00055,-0.00036,-9e-05,-3e-05
30.34,-1e-05,1e-05,-1e-05,-4e-05,7e-05,0,0.0003,-0.00016,-1e-05,0.00061,1e-05,0,-1e-05,3e-05,0,0,0,0,0,-0,-0.00022,-3e-05,-0.00123,-1e-05,-0.00319,0.00229,0.00138,-0.00043,8e-05,-0.00021,-0.00042,-0.00085,-0.00017,-5e-05
30.36,5e-05,1e-05,-1e-05,-5e-05,9e-05,0,0.0005,-0.00015,-2e-05,0.00102,1e-05,1e-05,-1e-05,5e-05,0,0,1e-05,0,0,-0,-0.00029,1e-05,-0.0016,-1e-05,-0.00443,0.00325,0.0018,-0.00087,7e-05,-0.00021,-0.00026,-0.00151,-0.00028,-9e-05
30.38,0.00016,1e-05,-0,-5e-05,0.00012,0,0.00068,-0.00014,-2e-05,0.00159,1e-05,1e-05,-0,7e-05,0,0,1e-05,0,0,-1e-05,-0.00037,4e-05,-0.00189,-1e-05,-0.00536,0.00397,0.00212,-0.00137,6e-05,-0.00019,-8e-05,-0.00236,-0.00042,-0.00013
30.4,0.00031,1e-05,-0,-6e-05,0.00014,0,0.00082,-0.00014,-3e-05,0.0023,1e-05,2e-05,0,9e-05,0,0,2e-05,0,0,-1e-05,-0.00045,7e-05,-0.00206,-1e-05,-0.00584,0.00436,0.00226,-0.00192,4e-05,-0.00016,0.00012,-0.00337,-0.00057,-0.00018
30.42,0.0005,0,1e-05,-7e-05,0.00016,0,0.00091,-0.00014,-3e-05,0.00315,2e-05,3e-05,1e-05,0.00013,0,0,2e-05,0,1e-05,-1e-05,-0.00055,9e-05,-0.00204,-1e-05,-0.00572,0.00434,0.00214,-0.00248,2e-05,-0.00012,0.00032,-0.0045,-0.00074,-0.00023
30.44,0.00074,-0,2e-05,-0.0001,0.00018,0,0.00092,-0.00015,-4e-05,0.00408,2e-05,4e-05,2e-05,0.00017,0,0,3e-05,0,1e-05,-1e-05,-0.00064,0.0001,-0.00182,-1e-05,-0.0049,0.00374,0.00176,-0.00304,-0,-7e-05,0.00051,-0.00568,-0.00091,-0.00029
30.46,0.00102,-2e-05,5e-05,-0.00014,0.00019,0,0.00085,-0.00016,-4e-05,0.00501,2e-05,6e-05,3e-05,0.00021,0,0,4e-05,0,1e-05,-1e-05,-0.00073,0.0001,-0.00141,-0,-0.00341,0.00257,0.00116,-0.00354,-2e-05,-3e-05,0.00067,-0.00678,-0.00108,-0.00036
30.48,0.00133,-3e-05,7e-05,-0.00019,0.00018,0,0.00075,-0.00018,-5e-05,0.00579,2e-05,7e-05,4e-05,0.00026,0,0,4e-05,0,1e-05,-1e-05,-0.00081,0.0001,-0.00086,-0,-0.00143,0.00101,0.00042,-0.00395,-4e-05,0,0.00077,-0.00759,-0.00117,-0.00039
30.5,0.00167,-5e-05,0.0001,-0.00026,0.00018,0,0.00065,-0.00019,-5e-05,0.00632,2e-05,8e-05,4e-05,0.00032,1e-05,0,5e-05,-0,1e-05,-1e-05,-0.00087,8e-05,-0.00027,0,0.00073,-0.00069,-0.00034,-0.0042,-5e-05,2e-05,0.00079,-0.00796,-0.00124,-0.00044
30.52,0.00202,-8e-05,0.00012,-0.00037,0.00017,0,0.00055,-0.00018,-5e-05,0.00651,2e-05,9e-05,5e-05,0.00038,1e-05,0,6e-05,-0,1e-05,-1e-05,-0.00091,6e-05,0.00029,0,0.00265,-0.00217,-0.00102,-0.0042,-6e-05,3e-05,0.0007,-0.0078,-0.00134,-0.00058
30.54,0.00236,-0.0001,0.00014,-0.00049,0.00016,0,0.00053,-0.00016,-4e-05,0.00632,2e-05,0.0001,4e-05,0.00043,1e-05,0,8e-05,-0,1e-05,-1e-05,-0.00091,3e-05,0.00071,0,0.00397,-0.00314,-0.00157,-0.00395,-6e-05,2e-05,0.00049,-0.00674,-0.00129,-0.00065
30.56,0.00268,-0.00012,0.00013,-0.0006,0.00015,0,0.00057,-0.00014,-4e-05,0.00577,1e-05,0.0001,4e-05,0.00049,1e-05,0,9e-05,-0,1e-05,-1e-05,-0.00086,-0,0.00097,1e-05,0.00458,-0.00351,-0.00187,-0.00343,-5e-05,0,0.00016,-0.00463,-0.00096,-0.00053
30.58,0.00297,-0.00014,0.0001,-0.0007,0.00013,0,0.00067,-0.00012,-2e-05,0.00504,1e-05,0.0001,3e-05,0.00053,1e-05,-0,0.0001,-0,1e-05,-1e-05,-0.00076,-4e-05,0.00107,1e-05,0.00451,-0.0033,-0.00192,-0.00264,-4e-05,-2e-05,-0.00026,-0.00169,-0.00039,-0.00022
30.6,0.00319,-0.00016,7e-05,-0.00076,0.00012,0,0.00081,-9e-05,-1e-05,0.00422,1e-05,8e-05,2e-05,0.00057,1e-05,-0,0.0001,-0,1e-05,-1e-05,-0.0006,-8e-05,0.00105,1e-05,0.00393,-0.00269,-0.00174,-0.00165,-2e-05,-3e-05,-0.00076,0.0017,0.00041,0.00026
30.62,0.00331,-0.00016,4e-05,-0.00079,0.00011,0,0.001,-5e-05,-0,0.00325,1e-05,6e-05,1e-05,0.0006,1e-05,-0,0.00011,-0,0,-1e-05,-0.00039,-0.00012,0.00095,0,0.0031,-0.00196,-0.00138,-0.00048,-2e-05,-4e-05,-0.00134,0.00475,0.00109,0.00067
30.64,0.00333,-0.00016,2e-05,-0.00077,8e-05,0,0.0012,-1e-05,-0,0.00224,0,4e-05,-0,0.00063,2e-05,-0,0.00011,-0,0,-0,-0.00015,-0.00016,0.00083,0,0.00221,-0.00117,-0.00094,0.00085,-3e-05,-3e-05,-0.00199,0.00689,0.00144,0.00082
30.66,0.00329,-0.00014,1e-05,-0.00072,6e-05,0,0.00136,3e-05,0,0.00124,0,2e-05,-1e-05,0.00065,2e-05,0,0.00012,-0,-0,0,0.00012,-0.00019,0.00071,0,0.00137,-0.00043,-0.00051,0.0023,-5e-05,-0,-0.00266,0.00801,0.00154,0.00081
30.68,0.00319,-0.00013,1e-05,-0.00065,4e-05,0,0.00143,8e-05,-0,0.0002,0,-0,-2e-05,0.00066,2e-05,0,0.00012,-0,-0,1e-05,0.0004,-0.00022,0.00059,0,0.00063,0.00023,-9e-05,0.00382,-8e-05,5e-05,-0.00333,0.00811,0.00139,0.00063
30.7,0.00305,-0.00011,1e-05,-0.00055,2e-05,0,0.00144,0.00012,-0,-0.00086,0,-1e-05,-3e-05,0.00066,3e-05,0,0.00012,-0,-1e-05,1e-05,0.00067,-0.00024,0.00045,0,-8e-05,0.00083,0.0003,0.0053,-0.00012,0.00012,-0.00394,0.0075,0.00116,0.00044
30.72,0.00288,-9e-05,1e-05,-0.00044,1e-05,0,0.00148,0.00015,-0,-0.00143,0,-2e-05,-3e-05,0.00066,3e-05,0,0.00011,-0,-1e-05,1e-05,0.00088,-0.00023,0.00026,0,-0.00081,0.00141,0.0007,0.00662,-0.00017,0.00019,-0.0044,0.00659,0.00102,0.00036
30.74,0.00272,-7e-05,1e-05,-0.00035,1e-05,0,0.00141,0.00018,0,-0.00153,0,-2e-05,-3e-05,0.00065,3e-05,0,0.0001,-0,-0,2e-05,0.00102,-0.0002,-1e-05,-0,-0.00162,0.00199,0.0011,0.00771,-0.00021,0.00023,-0.0047,0.0055,0.00088,0.00032
30.76,0.0026,-6e-05,1e-05,-0.00027,1e-05,0,0.00117,0.0002,0,-0.00139,0,-2e-05,-3e-05,0.00063,4e-05,0,0.0001,-0,-0,2e-05,0.0011,-0.00015,-0.00034,-0,-0.00248,0.00256,0.00147,0.00854,-0.00024,0.00025,-0.00486,0.00431,0.0007,0.00025
30.78,0.0025,-6e-05,1e-05,-0.00022,1e-05,0,0.0008,0.0002,0,-0.00099,0,-1e-05,-2e-05,0.00062,4e-05,0,9e-05,-0,-0,2e-05,0.00111,-8e-05,-0.0007,-0,-0.00327,0.00301,0.00178,0.00908,-0.00027,0.00023,-0.00486,0.00318,0.00054,0.00019
30.8,0.00241,-7e-05,1e-05,-0.00019,1e-05,0,0.0003,0.00019,-0,-0.00043,0,-1e-05,-2e-05,0.0006,4e-05,0,9e-05,-0,-0,2e-05,0.00107,-0,-0.001,-0,-0.00377,0.00325,0.00194,0.00931,-0.00028,0.00019,-0.00473,0.00219,0.00039,0.00014
30.82,0.00233,-8e-05,1e-05,-0.00018,1e-05,0,-0.00022,0.00017,-1e-05,0.00021,0,-1e-05,-1e-05,0.00057,4e-05,0,8e-05,-0,-0,2e-05,0.00102,7e-05,-0.00117,-0,-0.00378,0.00316,0.00184,0.00922,-0.00028,0.00011,-0.00448,0.00137,0.00027,9e-05
30.84,0.00224,-0.0001,1e-05,-0.00019,1e-05,0,-0.00058,0.00016,-1e-05,0.00086,0,-1e-05,-0,0.00054,4e-05,0,7e-05,-0,-0,1e-05,0.00094,0.00014,-0.00113,-0,-0.00311,0.00254,0.00147,0.00883,-0.00027,2e-05,-0.00415,0.00073,0.00016,6e-05
30.86,0.00213,-0.00012,2e-05,-0.0002,1e-05,0,-0.00076,0.00016,-1e-05,0.00136,0,-1e-05,1e-05,0.00051,3e-05,0,6e-05,-0,-0,1e-05,0.00082,0.00018,-0.00086,-0,-0.00172,0.00134,0.00087,0.0082,-0.00024,-8e-05,-0.00376,0.00027,9e-05,3e-05
30.88,0.002,-0.00013,2e-05,-0.00022,1e-05,0,-0.00077,0.00016,-1e-05,0.00163,0,-0,2e-05,0.00046,2e-05,0,5e-05,-0,-0,0,0.00069,0.0002,-0.00041,0,0.00023,-0.00031,0.00012,0.00737,-0.00019,-0.00018,-0.00335,-3e-05,3e-05,1e-05
30.9,0.00186,-0.00013,2e-05,-0.00024,0,0,-0.00068,0.00017,-0,0.00165,0,0,2e-05,0.00041,1e-05,0,3e-05,-0,-0,0,0.00057,0.00018,0.00015,0,0.00244,-0.00212,-0.00066,0.00646,-0.00012,-0.00028,-0.00292,-0.0002,-1e-05,-0
30.92,0.0017,-0.00013,2e-05,-0.00025,0,0,-0.00056,0.00019,0,0.00136,0,1e-05,2e-05,0.00034,0,-0,1e-05,-0,0,-0,0.00047,0.00012,0.00071,0,0.00445,-0.00375,-0.00141,0.00557,-4e-05,-0.00037,-0.0025,-0.00026,-4e-05,-1e-05
30.94,0.00154,-0.00013,2e-05,-0.00025,0,0,-0.0004,0.0002,1e-05,0.00094,0,1e-05,2e-05,0.00027,-0,0,-0,-0,0,-0,0.0004,3e-05,0.00118,1e-05,0.00588,-0.00488,-0.00203,0.00476,5e-05,-0.00044,-0.00211,-0.00026,-5e-05,-2e-05
30.96,0.00137,-0.00013,1e-05,-0.00024,-0,0,-0.00022,0.00021,1e-05,0.00053,0,2e-05,2e-05,0.00019,-0,0,-1e-05,-0,0,-0,0.00037,-9e-05,0.00149,1e-05,0.0066,-0.0054,-0.00242,0.0041,0.00014,-0.00048,-0.00176,-0.0002,-6e-05,-2e-05
30.98,0.0012,-0.00013,0,-0.00021,-0,0,-3e-05,0.00021,1e-05,0.00016,-0,2e-05,1e-05,0.00011,-0,0,-2e-05,-0,0,-0,0.00037,-0.00022,0.00163,1e-05,0.00657,-0.00526,-0.00254,0.0036,0.00021,-0.0005,-0.00145,-0.00013,-6e-05,-2e-05
31,0.00102,-0.00012,-0,-0.00018,-0,0,0.00013,0.00021,1e-05,-0.00011,-0,1e-05,0,3e-05,-0,-0,-2e-05,-0,0,0,0.00039,-0.00034,0.00158,1e-05,0.00591,-0.00465,-0.0024,0.00326,0.00027,-0.00049,-0.00119,-6e-05,-6e-05,-2e-05
31.02,0.00085,-0.00012,-1e-05,-0.00014,-0,0,0.00027,0.0002,1e-05,-0.00025,-0,1e-05,-0,-3e-05,-0,-0,-2e-05,-0,0,0,0.00041,-0.0004,0.00137,1e-05,0.00481,-0.00379,-0.00203,0.00306,0.00028,-0.00043,-0.00098,-2e-05,-5e-05,-2e-05
31.04,0.00068,-0.00012,-1e-05,-0.00012,-0,0,0.00039,0.0002,1e-05,-0.00025,-0,0,-0,-8e-05,0,-0,-1e-05,-0,-0,0,0.00042,-0.00041,0.00102,1e-05,0.00344,-0.00275,-0.00152,0.00298,0.00024,-0.00034,-0.00081,-2e-05,-4e-05,-1e-05
31.06,0.00054,-0.0001,-1e-05,-0.0001,0,0,0.00047,0.00021,1e-05,-0.00013,-0,0,-0,-0.0001,0,-0,-0,-0,-0,0,0.00042,-0.00034,0.00058,1e-05,0.00189,-0.00156,-0.00094,0.00295,0.00016,-0.00022,-0.00068,-5e-05,-3e-05,-1e-05
31.08,0.00041,-9e-05,-0,-0.0001,1e-05,0,0.00053,0.00023,1e-05,5e-05,-0,-0,-0,-0.00011,0,-0,1e-05,-0,-0,0,0.0004,-0.0002,6e-05,0,0.00026,-0.0003,-0.00031,0.00295,5e-05,-8e-05,-0.00058,-0.00012,-1e-05,-0
31.1,0.00031,-6e-05,0,-0.0001,1e-05,0,0.00057,0.00025,1e-05,0.00022,-0,-0,-0,-0.00011,0,-0,2e-05,-0,-0,0,0.00036,-1e-05,-0.0005,0,-0.00144,0.00103,0.00035,0.0029,-8e-05,6e-05,-0.00051,-0.0002,-0,0
31.12,0.00023,-4e-05,1e-05,-0.0001,2e-05,0,0.00058,0.00028,0,0.00032,-0,-0,-0,-0.00012,0,-0,3e-05,-0,-0,0,0.00033,0.0002,-0.00106,-0,-0.00316,0.00239,0.00104,0.00277,-0.00021,0.00018,-0.00045,-0.00028,1e-05,0
31.14,0.00019,-1e-05,2e-05,-0.0001,2e-05,0,0.00058,0.0003,-0,0.00029,-0,-0,-1e-05,-0.00013,0,0,4e-05,-0,-0,0,0.00029,0.0004,-0.0016,-0,-0.00489,0.00379,0.00174,0.00252,-0.00033,0.00028,-0.0004,-0.00033,2e-05,1e-05
31.16,0.00017,1e-05,2e-05,-0.0001,2e-05,0,0.00058,0.00031,-1e-05,0.00011,-0,-1e-05,-1e-05,-0.00016,1e-05,0,5e-05,-0,-0,0,0.00023,0.00058,-0.00208,-1e-05,-0.00657,0.00518,0.00244,0.00216,-0.00043,0.00033,-0.00035,-0.00035,2e-05,1e-05
31.18,0.00018,2e-05,1e-05,-9e-05,2e-05,0,0.00056,0.0003,-2e-05,-0.00021,-0,-1e-05,-2e-05,-0.00019,1e-05,0,6e-05,-0,-0,0,0.00018,0.00073,-0.0025,-1e-05,-0.00811,0.00646,0.0031,0.00172,-0.00049,0.00035,-0.0003,-0.00033,2e-05,1e-05
31.2,0.0002,4e-05,1e-05,-8e-05,2e-05,0,0.00054,0.00028,-3e-05,-0.00057,-0,-1e-05,-2e-05,-0.00023,2e-05,-0,6e-05,-0,-0,0,0.00013,0.00084,-0.00281,-1e-05,-0.0094,0.00757,0.00363,0.00125,-0.00051,0.00033,-0.00024,-0.00028,2e-05,1e-05
31.22,0.00023,4e-05,0,-7e-05,2e-05,0,0.00053,0.00025,-2e-05,-0.00075,-0,-1e-05,-2e-05,-0.00026,2e-05,-0,7e-05,-0,-0,0,9e-05,0.0009,-0.00299,-1e-05,-0.01031,0.00844,0.00393,0.00085,-0.0005,0.00027,-0.00017,-0.00022,2e-05,1e-05
31.24,0.00024,5e-05,-1e-05,-7e-05,1e-05,0,0.00048,0.00021,-1e-05,-0.00071,-0,-1e-05,-2e-05,-0.00028,2e-05,0,7e-05,-0,-0,1e-05,6e-05,0.00093,-0.00303,-1e-05,-0.01072,0.00885,0.00397,0.00055,-0.00045,0.0002,-9e-05,-0.00014,1e-05,0
31.26,0.00025,5e-05,-1e-05,-6e-05,1e-05,0,0.00035,0.00016,-0,-0.00052,-0,-1e-05,-1e-05,-0.00029,2e-05,0,7e-05,-0,-0,1e-05,6e-05,0.00091,-0.00292,-1e-05,-0.01053,0.00869,0.00378,0.00038,-0.0004,0.00011,-0,-7e-05,1e-05,0
31.28,0.00025,6e-05,-1e-05,-6e-05,1e-05,0,0.00016,0.00012,0,-0.00023,-0,-1e-05,-1e-05,-0.00028,2e-05,0,7e-05,-0,-0,0,6e-05,0.00088,-0.00267,-1e-05,-0.0098,0.00802,0.00336,0.00034,-0.00034,3e-05,9e-05,-1e-05,0,0
31.3,0.00024,6e-05,-1e-05,-5e-05,1e-05,0,-6e-05,9e-05,0,6e-05,-0,-1e-05,-0,-0.00026,2e-05,0,8e-05,-0,-0,0,7e-05,0.00083,-0.00232,-1e-05,-0.0086,0.00693,0.00283,0.00038,-0.00028,-5e-05,0.00017,5e-05,0,-0
31.32,0.00022,7e-05,-1e-05,-4e-05,0,0,-0.00025,6e-05,-0,0.00027,-0,-1e-05,-0,-0.00025,2e-05,0,8e-05,-0,-0,0,9e-05,0.00079,-0.00191,-0,-0.00705,0.0056,0.00227,0.00044,-0.00024,-0.00011,0.00024,9e-05,-0,-0
31.34,0.0002,9e-05,-1e-05,-2e-05,-0,0,-0.00036,4e-05,-0,0.00033,0,-1e-05,0,-0.00025,1e-05,0,8e-05,-0,-0,-0,0.0001,0.00076,-0.00144,-0,-0.00534,0.00417,0.00168,0.00049,-0.00021,-0.00016,0.00028,0.00012,-0,-0
31.36,0.00017,0.00011,-1e-05,2e-05,-1e-05,0,-0.00039,2e-05,-0,0.00018,0,-1e-05,0,-0.00026,1e-05,0,7e-05,-0,-0,-0,0.0001,0.00074,-0.00095,-0,-0.0036,0.00275,0.00108,0.00049,-0.00019,-0.00018,0.0003,0.00014,-1e-05,-0
31.38,0.00014,0.00014,-1e-05,7e-05,-2e-05,0,-0.00036,-0,0,-0.00018,-0,-1e-05,0,-0.00028,0,0,6e-05,-0,-0,-1e-05,0.00011,0.00073,-0.00043,-0,-0.00188,0.00136,0.00048,0.00045,-0.00019,-0.00019,0.0003,0.00015,-1e-05,-0
31.4,9e-05,0.00018,-1e-05,0.00015,-3e-05,0,-0.00029,-2e-05,0,-0.00076,-0,-1e-05,0,-0.00032,-0,0,5e-05,-0,-0,-1e-05,0.00012,0.00069,0.00011,0,-0.0002,4e-05,-0.0001,0.00038,-0.00018,-0.00017,0.00029,0.00014,-1e-05,-0
31.42,2e-05,0.00021,-1e-05,0.00025,-4e-05,0,-0.00022,-4e-05,1e-05,-0.0014,-0,-1e-05,0,-0.00036,-1e-05,0,3e-05,-0,-0,-0,0.00015,0.00061,0.00066,0,0.00142,-0.00122,-0.00067,0.00032,-0.00017,-0.00013,0.00028,0.00013,-1e-05,-0
31.44,-7e-05,0.00024,-2e-05,0.00036,-6e-05,0,-0.00014,-7e-05,3e-05,-0.00202,-0,-1e-05,0,-0.00041,-1e-05,0,0,-0,-0,-0,0.0002,0.00047,0.00123,0,0.00297,-0.00241,-0.00121,0.00029,-0.00014,-8e-05,0.00028,0.0001,-1e-05,-0
31.46,-0.00018,0.00025,-4e-05,0.00048,-7e-05,0,-6e-05,-0.0001,4e-05,-0.00269,-0,-1e-05,-0,-0.00046,-1e-05,0,-2e-05,-0,-0,0,0.00026,0.00027,0.00179,1e-05,0.00442,-0.00352,-0.00173,0.00028,-9e-05,-2e-05,0.00032,7e-05,-1e-05,-0
31.48,-0.00029,0.00027,-6e-05,0.00059,-8e-05,0,-2e-05,-0.00012,6e-05,-0.0034,-0,-1e-05,-0,-0.0005,-0,0,-4e-05,-0,-0,1e-05,0.00034,1e-05,0.00231,1e-05,0.00572,-0.00451,-0.0022,0.00028,-1e-05,5e-05,0.00038,4e-05,-1e-05,-0
31.5,-0.0004,0.00027,-9e-05,0.00069,-9e-05,0,-2e-05,-0.00015,7e-05,-0.00402,-0,-1e-05,-1e-05,-0.00053,-0,0,-5e-05,-0,-0,1e-05,0.00041,-0.00029,0.00274,1e-05,0.00677,-0.00531,-0.00258,0.00026,8e-05,0.00011,0.00049,1e-05,-1e-05,-0
31.52,-0.00047,0.00026,-0.00012,0.00074,-0.0001,0,-7e-05,-0.00015,8e-05,-0.0044,-0,0,-1e-05,-0.00053,-0,0,-7e-05,-0,0,2e-05,0.00043,-0.00059,0.00305,1e-05,0.00743,-0.00585,-0.00289,0.00015,0.00019,0.00015,0.00064,-1e-05,-1e-05,-0
31.54,-0.0005,0.00025,-0.00013,0.00075,-0.00011,0,-0.00019,-0.00014,6e-05,-0.00467,-0,2e-05,-1e-05,-0.00051,-0,0,-7e-05,-0,0,2e-05,0.00041,-0.00086,0.00319,1e-05,0.00767,-0.00607,-0.00306,-7e-05,0.00029,0.00017,0.00084,-2e-05,-1e-05,-0
31.56,-0.00049,0.00024,-0.00012,0.00072,-0.00012,0,-0.00039,-0.00012,4e-05,-0.00481,-0,4e-05,-1e-05,-0.00046,-0,0,-8e-05,-0,0,2e-05,0.00034,-0.00109,0.00314,1e-05,0.00752,-0.00598,-0.00305,-0.00042,0.00038,0.00015,0.00108,-1e-05,-1e-05,-0
31.58,-0.00043,0.00023,-9e-05,0.00066,-0.00013,0,-0.00068,-8e-05,2e-05,-0.00466,-0,6e-05,-0,-0.00039,-1e-05,0,-8e-05,-0,0,3e-05,0.00024,-0.00127,0.00293,1e-05,0.00704,-0.00562,-0.0029,-0.0009,0.00047,0.00011,0.00135,1e-05,-1e-05,-0
31.6,-0.00034,0.00022,-6e-05,0.00057,-0.00014,0,-0.00102,-3e-05,1e-05,-0.00426,-0,6e-05,1e-05,-0.00031,-1e-05,0,-7e-05,0,0,3e-05,0.00011,-0.00139,0.00263,1e-05,0.00638,-0.00511,-0.00263,-0.00147,0.00054,5e-05,0.00164,4e-05,-1e-05,-0
31.62,-0.00023,0.0002,-3e-05,0.00049,-0.00016,0,-0.0013,2e-05,0,-0.00368,-0,6e-05,2e-05,-0.00023,-1e-05,0,-7e-05,0,0,2e-05,-1e-05,-0.00146,0.00229,0,0.00568,-0.00458,-0.00228,-0.00208,0.0006,-2e-05,0.00191,9e-05,-1e-05,-0
31.64,-0.00013,0.00017,-2e-05,0.0004,-0.00016,0,-0.00147,7e-05,-0,-0.00297,0,5e-05,3e-05,-0.00015,-2e-05,0,-6e-05,0,0,2e-05,-0.00012,-0.00148,0.00197,0,0.00506,-0.00411,-0.00193,-0.00268,0.00065,-8e-05,0.00216,0.00014,-1e-05,-0
31.66,-3e-05,0.00014,-1e-05,0.00031,-0.00015,0,-0.00153,0.00011,-0,-0.00224,0,4e-05,4e-05,-8e-05,-2e-05,0,-6e-05,1e-05,0,1e-05,-0.0002,-0.00147,0.00173,-0,0.00457,-0.00373,-0.00162,-0.00321,0.00068,-0.00012,0.00237,0.00019,-1e-05,-0
31.68,6e-05,0.00011,-0,0.00022,-0.00014,0,-0.00145,0.00014,-0,-0.00159,1e-05,3e-05,4e-05,-1e-05,-2e-05,0,-5e-05,1e-05,0,1e-05,-0.00025,-0.00143,0.00155,-0,0.00424,-0.00344,-0.00136,-0.00364,0.00069,-0.00015,0.00252,0.00023,-2e-05,-0
31.7,0.00012,8e-05,-0,0.00014,-0.00013,0,-0.00129,0.00014,-0,-0.00104,1e-05,2e-05,4e-05,4e-05,-1e-05,0,-5e-05,2e-05,0,1e-05,-0.00026,-0.00138,0.00145,-1e-05,0.00401,-0.00323,-0.00116,-0.00395,0.00069,-0.00016,0.00262,0.00027,-2e-05,-1e-05
31.72,0.00017,5e-05,0,7e-05,-0.0001,0,-0.00109,0.00014,-0,-0.00063,1e-05,1e-05,4e-05,8e-05,-1e-05,0,-4e-05,4e-05,0,0,-0.00023,-0.00132,0.00139,-1e-05,0.00384,-0.00302,-0.001,-0.00409,0.00066,-0.00014,0.00266,0.00029,-2e-05,-1e-05
31.74,0.0002,2e-05,0,2e-05,-8e-05,0,-0.00086,0.00012,-0,-0.00033,1e-05,1e-05,3e-05,0.00011,-1e-05,0,-4e-05,7e-05,0,-1e-05,-0.00017,-0.00128,0.00136,-2e-05,0.00366,-0.0028,-0.00086,-0.00406,0.00063,-0.00011,0.00264,0.00029,-2e-05,-1e-05
31.76,0.00021,0,0,-2e-05,-6e-05,0,-0.00064,9e-05,-0,-0.00013,1e-05,1e-05,2e-05,0.00012,-0,0,-3e-05,0.0001,0,-1e-05,-9e-05,-0.00123,0.00133,-2e-05,0.00344,-0.00254,-0.00074,-0.00384,0.00059,-6e-05,0.00256,0.00027,-2e-05,-0
31.78,0.00022,-1e-05,0,-5e-05,-5e-05,0,-0.00044,6e-05,-1e-05,-1e-05,1e-05,0,2e-05,0.00012,0,0,-3e-05,0.00013,0,-2e-05,0,-0.00119,0.00128,-2e-05,0.00317,-0.00225,-0.00062,-0.00346,0.00054,-0,0.00242,0.00024,-2e-05,-0
31.8,0.00022,-2e-05,0,-6e-05,-3e-05,0,-0.00028,2e-05,-1e-05,6e-05,1e-05,0,1e-05,0.00011,0,-0,-3e-05,0.00017,0,-2e-05,0.0001,-0.00114,0.00122,-2e-05,0.00287,-0.00195,-0.00051,-0.00296,0.00049,6e-05,0.00224,0.00019,-1e-05,-0
31.82,0.00023,-2e-05,0,-7e-05,-2e-05,0,-0.00016,-1e-05,-1e-05,0.0001,1e-05,0,1e-05,9e-05,1e-05,-0,-2e-05,0.00022,0,-2e-05,0.00019,-0.00108,0.00114,-2e-05,0.00257,-0.00169,-0.00042,-0.00236,0.00043,0.00011,0.00202,0.00014,-1e-05,-0
31.84,0.00025,-2e-05,0,-7e-05,-1e-05,0,-8e-05,-3e-05,-1e-05,0.00011,0,0,0,7e-05,1e-05,-0,-2e-05,0.00027,0,-2e-05,0.00026,-0.00099,0.00104,-1e-05,0.00229,-0.00148,-0.00036,-0.00174,0.00038,0.00014,0.00178,0.0001,-1e-05,-0
31.86,0.00028,-2e-05,0,-6e-05,-0,0,-5e-05,-5e-05,-1e-05,0.00011,0,-0,-0,5e-05,1e-05,-0,-2e-05,0.00028,0,-2e-05,0.00031,-0.00087,0.00093,-0,0.00204,-0.00132,-0.00032,-0.00109,0.00031,0.00016,0.00151,6e-05,-1e-05,-0
31.88,0.00034,-1e-05,0,-6e-05,1e-05,0,-6e-05,-6e-05,-1e-05,0.00011,0,-0,-0,3e-05,1e-05,-0,-1e-05,0.00027,0,-2e-05,0.00033,-0.00071,0.00078,2e-05,0.0018,-0.00122,-0.00032,-0.00045,0.00024,0.00015,0.00123,3e-05,-0,-0
31.9,0.00043,-1e-05,-0,-5e-05,1e-05,0,-9e-05,-7e-05,-1e-05,9e-05,0,-0,-1e-05,1e-05,1e-05,-0,-0,0.00023,0,-1e-05,0.00034,-0.0005,0.00062,4e-05,0.00157,-0.00115,-0.00035,0.00019,0.00016,0.00013,0.00092,2e-05,-0,-0
31.92,0.00055,-0,-0,-5e-05,2e-05,0,-0.00015,-7e-05,-1e-05,7e-05,0,-0,-1e-05,-0,1e-05,-0,1e-05,0.00016,0,-1e-05,0.00034,-0.00024,0.00043,8e-05,0.0013,-0.00109,-0.0004,0.00084,8e-05,8e-05,0.00059,1e-05,-0,-0
31.94,0.00071,0,-0,-4e-05,3e-05,0,-0.00022,-7e-05,-0,4e-05,0,-0,-1e-05,-2e-05,1e-05,-0,2e-05,0.0001,0,-1e-05,0.00032,8e-05,0.0002,0.00012,0.00097,-0.00102,-0.00046,0.00151,-2e-05,1e-05,0.00023,1e-05,-0,-0
31.96,0.00092,0,-0,-3e-05,3e-05,0,-0.00031,-7e-05,-0,1e-05,0,-0,-1e-05,-5e-05,1e-05,-0,4e-05,6e-05,-0,-1e-05,0.0003,0.00045,-5e-05,0.00018,0.00055,-0.00092,-0.00053,0.00224,-0.00014,-6e-05,-0.00019,2e-05,-0,-0
31.98,0.0012,-0,-0,-2e-05,3e-05,0,-0.0004,-6e-05,-0,-4e-05,0,-0,-1e-05,-8e-05,0,0,5e-05,2e-05,-0,-1e-05,0.00027,0.00087,-0.00033,0.00024,6e-05,-0.00078,-0.0006,0.00305,-0.00027,-0.00014,-0.00068,3e-05,-0,-0
32,0.00154,-1e-05,-0,-1e-05,3e-05,0,-0.0005,-6e-05,0,-0.0001,0,-0,-1e-05,-0.00012,-0,1e-05,7e-05,-1e-05,-0,-1e-05,0.00025,0.00135,-0.00065,0.00031,-0.00052,-0.00059,-0.00066,0.004,-0.00043,-0.00021,-0.00126,3e-05,-0,-0
32.02,0.00194,-3e-05,-0,1e-05,3e-05,0,-0.00059,-6e-05,0,-0.00016,0,-0,-1e-05,-0.00019,-1e-05,3e-05,9e-05,-2e-05,-0,-1e-05,0.00024,0.00187,-0.00099,0.00038,-0.00116,-0.00034,-0.00068,0.0051,-0.00062,-0.00027,-0.00196,1e-05,-0,0
32.04,0.00242,-5e-05,-0,2e-05,3e-05,0,-0.00067,-7e-05,0,-0.00023,0,-0,-1e-05,-0.00028,-2e-05,5e-05,0.0001,-3e-05,-0,-1e-05,0.00025,0.00242,-0.00134,0.00043,-0.00182,-3e-05,-0.00065,0.0064,-0.00083,-0.0003,-0.0028,-2e-05,0,0
32.06,0.00299,-8e-05,-0,4e-05,3e-05,0,-0.00074,-8e-05,-0,-0.00031,0,-0,-1e-05,-0.00039,-3e-05,7e-05,0.00011,-3e-05,-0,-1e-05,0.0003,0.003,-0.0017,0.00047,-0.00246,0.00036,-0.00055,0.00794,-0.00108,-0.00031,-0.00381,-7e-05,1e-05,0
32.08,0.00367,-0.00011,-0,6e-05,3e-05,0,-0.00078,-0.0001,-0,-0.00038,0,0,-0,-0.00054,-3e-05,0.0001,0.0001,-3e-05,-0,-1e-05,0.0004,0.0036,-0.00206,0.00046,-0.00302,0.00083,-0.00033,0.00975,-0.00135,-0.00028,-0.00499,-0.00014,1e-05,0
32.1,0.0044,-0.00015,-0,7e-05,2e-05,0,-0.0008,-0.00012,-0,-0.00045,-0,1e-05,0,-0.00072,-3e-05,0.00014,8e-05,-3e-05,0,-1e-05,0.00059,0.00421,-0.00239,0.00039,-0.00341,0.00141,4e-05,0.01179,-0.00165,-0.00023,-0.00636,-0.00023,2e-05,0
32.12,0.00509,-0.00018,-0,8e-05,2e-05,0,-0.00077,-0.00015,-0,-0.00051,-1e-05,3e-05,1e-05,-0.00091,-3e-05,0.00019,5e-05,-2e-05,1e-05,-2e-05,0.0009,0.00479,-0.00268,0.00022,-0.00357,0.00214,0.0006,0.01398,-0.00201,-0.00016,-0.00791,-0.00034,3e-05,1e-05
32.14,0.00574,-0.00021,-0,8e-05,2e-05,0,-0.0007,-0.00017,-0,-0.00054,-1e-05,6e-05,2e-05,-0.00112,-2e-05,0.00024,1e-05,-2e-05,1e-05,-2e-05,0.00136,0.00533,-0.0029,-5e-05,-0.00343,0.00308,0.00142,0.01635,-0.0024,-8e-05,-0.00964,-0.00045,4e-05,1e-05
32.16,0.00639,-0.00022,-0,8e-05,1e-05,0,-0.00058,-0.0002,-0,-0.00054,-1e-05,0.0001,3e-05,-0.00135,-0,0.00028,-4e-05,-1e-05,2e-05,-2e-05,0.00205,0.00581,-0.00308,-0.00044,-0.00297,0.0043,0.00254,0.01898,-0.00278,1e-05,-0.01158,-0.00056,5e-05,1e-05
32.18,0.00704,-0.00022,-1e-05,7e-05,1e-05,0,-0.00041,-0.00023,-0,-0.0005,-2e-05,0.00014,5e-05,-0.0016,2e-05,0.00033,-8e-05,-1e-05,3e-05,-2e-05,0.00302,0.00623,-0.00321,-0.00097,-0.00224,0.00598,0.00402,0.02193,-0.00314,0.0001,-0.01375,-0.00067,6e-05,1e-05
32.2,0.00748,-0.0002,-1e-05,6e-05,1e-05,0,-0.0002,-0.00026,0,-0.00041,-2e-05,0.00019,7e-05,-0.00183,3e-05,0.00036,-0.00013,-0,4e-05,-2e-05,0.00431,0.00653,-0.00331,-0.00163,-0.00134,0.00822,0.00594,0.02512,-0.00348,0.00017,-0.01613,-0.00076,7e-05,2e-05
32.22,0.00743,-0.00016,-1e-05,5e-05,1e-05,0,5e-05,-0.00027,1e-05,-0.00027,-1e-05,0.00027,0.0001,-0.002,5e-05,0.0004,-0.00015,-0,5e-05,-2e-05,0.00587,0.00668,-0.00342,-0.00241,-0.00039,0.01109,0.0084,0.0284,-0.00382,0.0002,-0.0187,-0.00082,8e-05,2e-05
32.24,0.00697,-0.0001,-1e-05,4e-05,1e-05,0,0.00032,-0.00028,1e-05,-9e-05,1e-05,0.00035,0.00013,-0.00212,7e-05,0.00044,-0.00015,0,6e-05,-2e-05,0.0077,0.00664,-0.00352,-0.00328,0.00048,0.01462,0.01134,0.03178,-0.00408,0.00019,-0.02143,-0.00085,8e-05,2e-05
32.26,0.0063,-4e-05,-2e-05,3e-05,2e-05,0,0.00061,-0.00028,2e-05,0.00011,3e-05,0.00042,0.00015,-0.00222,7e-05,0.00047,-0.00013,0,6e-05,-2e-05,0.00976,0.00641,-0.00363,-0.00423,0.00119,0.01874,0.01458,0.03534,-0.00419,0.00013,-0.0243,-0.00085,8e-05,2e-05
32.28,0.00548,1e-05,-3e-05,2e-05,2e-05,0,0.0009,-0.00027,3e-05,0.00031,6e-05,0.00048,0.00018,-0.00228,7e-05,0.00049,-0.0001,0,7e-05,-2e-05,0.0118,0.00593,-0.00382,-0.00481,0.00171,0.02309,0.01794,0.03906,-0.00415,3e-05,-0.02722,-0.00081,8e-05,3e-05
32.3,0.00417,3e-05,-4e-05,1e-05,4e-05,0,0.00118,-0.00025,5e-05,0.00049,0.0001,0.00052,0.00019,-0.00233,6e-05,0.00051,-4e-05,0,7e-05,-2e-05,0.01381,0.00521,-0.00384,-0.00598,0.00201,0.02706,0.02079,0.04231,-0.00396,-0.00011,-0.03011,-0.00073,7e-05,3e-05
32.32,0.00196,-2e-05,-5e-05,1e-05,6e-05,0,0.00144,-0.00023,6e-05,0.00061,0.00015,0.00053,0.0002,-0.00243,6e-05,0.00053,2e-05,0,7e-05,-1e-05,0.01613,0.00421,-0.0033,-0.01014,0.00207,0.02943,0.02201,0.04415,-0.00361,-0.00026,-0.03297,-0.00064,6e-05,3e-05
32.34,-0.0008,-0.00015,-7e-05,0,8e-05,0,0.00166,-0.0002,7e-05,0.00065,0.00021,0.00053,0.0002,-0.00253,5e-05,0.00056,0.0001,0,7e-05,-1e-05,0.01842,0.00287,-0.00246,-0.01621,0.00194,0.02868,0.02107,0.04478,-0.00314,-0.00039,-0.03557,-0.00052,5e-05,2e-05
32.36,-0.00367,-0.00036,-0.0001,-1e-05,0.00011,0,0.00184,-0.00016,7e-05,0.0006,0.00031,0.00052,0.00016,-0.0026,4e-05,0.00058,0.00017,-0,6e-05,-1e-05,0.02023,0.00128,-0.00164,-0.02214,0.00168,0.02556,0.01858,0.04471,-0.00257,-0.0005,-0.03771,-0.0004,4e-05,2e-05
32.38,-0.00666,-0.00064,-0.00012,-2e-05,0.00013,0,0.00197,-0.00012,8e-05,0.00048,0.00041,0.00051,0.00012,-0.00264,3e-05,0.00059,0.00025,-0,6e-05,-1e-05,0.02187,-0.00043,-0.00076,-0.02843,0.00134,0.02015,0.0145,0.04388,-0.00193,-0.00056,-0.03926,-0.00028,3e-05,2e-05
32.4,-0.01001,-0.001,-0.00016,-4e-05,0.00015,0,0.00207,-7e-05,8e-05,0.0003,0.00054,0.0005,5e-05,-0.00269,1e-05,0.00061,0.00032,-0,6e-05,-1e-05,0.02243,-0.00213,1e-05,-0.03365,0.00095,0.01488,0.01055,0.04171,-0.00123,-0.00056,-0.04017,-0.00017,2e-05,2e-05
32.42,-0.01401,-0.00143,-0.00019,-8e-05,0.00016,0,0.00215,-2e-05,8e-05,7e-05,0.00071,0.0005,-1e-05,-0.00278,-1e-05,0.00063,0.00039,-0,6e-05,-1e-05,0.02112,-0.00388,0.00064,-0.03631,0.00057,0.01201,0.00834,0.03749,-0.0005,-0.00049,-0.0404,-7e-05,1e-05,1e-05
32.44,-0.01838,-0.00188,-0.00022,-0.00015,0.00017,0,0.00219,4e-05,9e-05,-0.00018,0.00088,0.00051,-5e-05,-0.00288,-3e-05,0.00066,0.00045,-1e-05,6e-05,-0,0.01908,-0.00569,0.00124,-0.03757,0.0002,0.00977,0.00665,0.03208,0.00017,-0.00036,-0.0398,0,1e-05,1e-05
32.46,-0.02279,-0.00229,-0.00023,-0.00023,0.00016,0,0.00219,9e-05,9e-05,-0.00044,0.00099,0.0005,-6e-05,-0.00294,-4e-05,0.00068,0.00051,-1e-05,6e-05,0,0.01719,-0.00731,0.00184,-0.03827,-0.00012,0.00735,0.0049,0.02642,0.00075,-0.00016,-0.03829,4e-05,0,0
32.48,-0.02726,-0.00264,-0.00022,-0.00035,0.00014,0,0.00214,0.00015,8e-05,-0.0007,0.00107,0.0005,-6e-05,-0.00298,-3e-05,0.0007,0.00055,-0,7e-05,1e-05,0.01532,-0.00864,0.00242,-0.03855,-0.00038,0.00526,0.00343,0.02049,0.00126,8e-05,-0.03621,6e-05,0,0
32.5,-0.03172,-0.00292,-0.00019,-0.00049,0.00012,0,0.00208,0.0002,7e-05,-0.00097,0.00109,0.00049,-5e-05,-0.003,-2e-05,0.00072,0.00058,-0,7e-05,2e-05,0.0134,-0.00964,0.00285,-0.03756,-0.00056,0.0035,0.00224,0.01495,0.00166,0.00032,-0.03337,5e-05,0,0
32.52,-0.03606,-0.00314,-0.00014,-0.00063,0.0001,0,0.00202,0.00026,6e-05,-0.00122,0.00103,0.00048,-4e-05,-0.003,-2e-05,0.00072,0.00061,0,8e-05,5e-05,0.01134,-0.01029,0.00303,-0.0346,-0.00066,0.00204,0.00129,0.01036,0.00191,0.0005,-0.02971,2e-05,-0,-0
32.54,-0.04003,-0.00329,-6e-05,-0.00075,8e-05,0,0.00195,0.00031,5e-05,-0.00147,0.00095,0.00048,-3e-05,-0.00299,-1e-05,0.00072,0.00062,1e-05,9e-05,8e-05,0.00919,-0.01043,0.0029,-0.03122,-0.00066,0.00095,0.00059,0.00637,0.00201,0.00057,-0.0261,-2e-05,0,-0
32.56,-0.0434,-0.00335,5e-05,-0.00084,6e-05,0,0.00188,0.00036,3e-05,-0.0017,0.00088,0.00047,-2e-05,-0.00293,0,0.00074,0.0006,3e-05,9e-05,0.0001,0.00712,-0.00996,0.00244,-0.02848,-0.00056,0.00017,0.0001,0.00273,0.00203,0.00057,-0.02305,-8e-05,0,-0
32.58,-0.04612,-0.00335,0.00018,-0.00088,4e-05,0,0.00181,0.0004,2e-05,-0.00193,0.00082,0.00047,-1e-05,-0.00284,2e-05,0.00077,0.00056,5e-05,0.0001,0.00012,0.00504,-0.00909,0.00169,-0.0259,-0.00039,-0.00035,-0.00021,-0.00065,0.00194,0.00049,-0.02053,-0.00015,0,-0
32.6,-0.04798,-0.00329,0.00033,-0.00086,2e-05,0,0.00176,0.00044,0,-0.00214,0.00076,0.00047,0,-0.00272,2e-05,0.00081,0.00049,9e-05,0.00011,0.00013,0.003,-0.00807,0.0008,-0.0239,-0.00018,-0.00065,-0.00039,-0.00331,0.00183,0.00039,-0.01868,-0.00022,0,0
32.62,-0.04889,-0.00314,0.00048,-0.00078,-1e-05,0,0.00175,0.00046,-1e-05,-0.00233,0.00072,0.00047,1e-05,-0.00258,2e-05,0.00087,0.00037,0.00014,0.00012,0.00012,0.00115,-0.0072,-1e-05,-0.02292,1e-05,-0.00082,-0.00048,-0.00479,0.00173,0.0003,-0.01761,-0.00029,-0,0
32.64,-0.04906,-0.00296,0.00062,-0.00065,-4e-05,0,0.00175,0.00047,-2e-05,-0.00248,0.00067,0.00046,2e-05,-0.00242,1e-05,0.00095,0.00025,0.00022,0.00013,0.00011,-0.00056,-0.0067,-0.00055,-0.02217,0.00013,-0.00087,-0.00049,-0.00576,0.00162,0.00025,-0.01728,-0.00037,-0,1e-05
32.66,-0.04862,-0.00279,0.00077,-0.00047,-7e-05,0,0.00174,0.00046,-2e-05,-0.0026,0.00061,0.00045,3e-05,-0.00226,-1e-05,0.00105,0.00013,0.00031,0.00014,9e-05,-0.00211,-0.00659,-0.00068,-0.02122,0.00018,-0.00082,-0.00045,-0.00679,0.00146,0.00026,-0.01763,-0.00045,-0,2e-05
32.68,-0.04765,-0.00262,0.0009,-0.00024,-0.00012,0,0.00173,0.00043,-3e-05,-0.00268,0.00055,0.00041,3e-05,-0.0021,-3e-05,0.00117,1e-05,0.00041,0.00015,7e-05,-0.00354,-0.00682,-0.00039,-0.02014,0.00014,-0.0007,-0.00038,-0.00785,0.00126,0.00032,-0.01864,-0.00053,-0,2e-05
32.7,-0.04606,-0.00244,0.00103,3e-05,-0.00016,0,0.00173,0.00038,-3e-05,-0.00272,0.00047,0.00037,3e-05,-0.00194,-5e-05,0.0013,-0.00011,0.00052,0.00016,4e-05,-0.00436,-0.00722,0.00025,-0.01874,5e-05,-0.00054,-0.00028,-0.00877,0.00102,0.00044,-0.02038,-0.00059,0,4e-05
32.72,-0.04383,-0.00226,0.00114,0.00033,-0.00021,0,0.00175,0.0003,-3e-05,-0.0027,0.00038,0.00031,3e-05,-0.00181,-8e-05,0.00146,-0.00021,0.00067,0.00017,1e-05,-0.00413,-0.00749,0.00105,-0.01686,-6e-05,-0.00036,-0.00018,-0.00938,0.00072,0.00062,-0.02292,-0.00064,0,5e-05
32.74,-0.04119,-0.00208,0.00125,0.00065,-0.00026,0,0.00177,0.0002,-4e-05,-0.00262,0.00029,0.00023,3e-05,-0.0017,-0.0001,0.00165,-0.0003,0.00079,0.00018,-1e-05,-0.00338,-0.00743,0.00179,-0.01465,-0.00016,-0.0002,-9e-05,-0.00993,0.00036,0.00086,-0.02601,-0.00067,1e-05,7e-05
32.76,-0.03832,-0.00189,0.00136,0.00097,-0.00031,0,0.00177,8e-05,-4e-05,-0.00251,0.00021,0.00015,2e-05,-0.00162,-0.00013,0.00183,-0.00037,0.00084,0.00018,-2e-05,-0.00239,-0.00693,0.00228,-0.01224,-0.00023,-8e-05,-3e-05,-0.01072,-4e-05,0.00114,-0.02933,-0.00068,2e-05,8e-05
32.78,-0.03524,-0.00169,0.00147,0.00129,-0.00033,0,0.00176,-5e-05,-5e-05,-0.00237,0.00014,7e-05,2e-05,-0.00157,-0.00015,0.00201,-0.00044,0.00084,0.00018,-3e-05,-0.00111,-0.00594,0.00241,-0.00967,-0.00025,-0,1e-05,-0.01172,-0.00048,0.00147,-0.03265,-0.00067,3e-05,0.0001
32.8,-0.032,-0.0015,0.00157,0.00157,-0.00034,0,0.00175,-0.00019,-5e-05,-0.00222,8e-05,-1e-05,2e-05,-0.00154,-0.00017,0.00219,-0.00048,0.00077,0.00016,-3e-05,0.00039,-0.00461,0.00218,-0.0071,-0.00023,4e-05,3e-05,-0.01287,-0.00092,0.00182,-0.03556,-0.00065,4e-05,0.00012
32.82,-0.02868,-0.00133,0.00163,0.00181,-0.00035,0,0.00171,-0.00031,-6e-05,-0.00208,3e-05,-8e-05,1e-05,-0.00152,-0.00016,0.00236,-0.00049,0.00063,0.00015,-3e-05,0.00196,-0.00311,0.00168,-0.00467,-0.00018,5e-05,3e-05,-0.01402,-0.0013,0.00219,-0.03765,-0.00063,6e-05,0.00013
32.84,-0.02542,-0.00118,0.00166,0.00198,-0.00035,0,0.00168,-0.00041,-7e-05,-0.00196,-0,-0.00013,1e-05,-0.0015,-0.00015,0.00251,-0.00046,0.0005,0.00013,-2e-05,0.00342,-0.00165,0.00109,-0.00259,-0.00012,4e-05,2e-05,-0.01515,-0.00159,0.00256,-0.03865,-0.0006,7e-05,0.00014
32.86,-0.02229,-0.00108,0.00165,0.00207,-0.00036,0,0.00165,-0.00049,-8e-05,-0.00183,-2e-05,-0.00017,1e-05,-0.00149,-0.00012,0.0026,-0.00043,0.00039,0.00011,-2e-05,0.00468,-0.00043,0.00054,-0.00092,-7e-05,2e-05,1e-05,-0.01618,-0.00173,0.0029,-0.03842,-0.00057,8e-05,0.00015
32.88,-0.01926,-0.001,0.00159,0.00206,-0.00036,0,0.00162,-0.00056,-9e-05,-0.00171,-2e-05,-0.00019,1e-05,-0.00146,-9e-05,0.00264,-0.00039,0.00031,9e-05,-1e-05,0.00571,0.00049,0.00015,0.00034,-3e-05,1e-05,1e-05,-0.01688,-0.00172,0.0032,-0.03701,-0.00054,8e-05,0.00016
32.9,-0.0163,-0.00096,0.00148,0.00197,-0.00037,0,0.0016,-0.0006,-0.0001,-0.0016,-1e-05,-0.0002,1e-05,-0.00142,-6e-05,0.00259,-0.00035,0.00025,8e-05,-1e-05,0.00651,0.00107,-4e-05,0.00123,-1e-05,0,0,-0.01705,-0.00156,0.00343,-0.03447,-0.00051,9e-05,0.00016
32.92,-0.01343,-0.00095,0.00133,0.00177,-0.00039,0,0.00159,-0.00062,-0.0001,-0.00148,1e-05,-0.00019,1e-05,-0.00134,-3e-05,0.00243,-0.0003,0.00022,7e-05,-0,0.00711,0.00133,-7e-05,0.00181,0,-0,-0,-0.01658,-0.00128,0.00355,-0.03095,-0.00047,9e-05,0.00016
32.94,-0.01065,-0.00095,0.00116,0.00149,-0.00041,0,0.00158,-0.00064,-0.00011,-0.00134,4e-05,-0.00017,2e-05,-0.00124,-1e-05,0.00219,-0.00026,0.0002,7e-05,0,0.00748,0.00132,1e-05,0.00188,0,-0,-0,-0.0153,-0.00092,0.00352,-0.02684,-0.00043,9e-05,0.00015
32.96,-0.008,-0.00097,0.00098,0.00113,-0.00043,0,0.00154,-0.00064,-0.00011,-0.00119,8e-05,-0.00015,2e-05,-0.0011,-0,0.00191,-0.00023,0.0002,7e-05,1e-05,0.00763,0.00122,0.00013,0.00174,-0,0,0,-0.01319,-0.00048,0.00329,-0.02245,-0.00038,8e-05,0.00014
32.98,-0.00558,-0.00097,0.0008,0.00072,-0.00045,0,0.00147,-0.00064,-0.00012,-0.00101,0.00013,-0.00012,3e-05,-0.00095,-0,0.00162,-0.00019,0.00021,8e-05,1e-05,0.00763,0.00112,0.00026,0.00166,-1e-05,0,0,-0.01044,-2e-05,0.00285,-0.01797,-0.00031,7e-05,0.00011
33,-0.00353,-0.00098,0.00065,0.00032,-0.00048,0,0.00138,-0.00063,-0.00012,-0.0008,0.0002,-0.0001,4e-05,-0.0008,-2e-05,0.00129,-0.00017,0.00023,9e-05,1e-05,0.00748,0.00101,0.00039,0.00162,-1e-05,1e-05,0,-0.00718,0.00039,0.00222,-0.01366,-0.00024,5e-05,9e-05
33.02,-0.00202,-0.00101,0.00055,-4e-05,-0.00049,0,0.00129,-0.00063,-0.00013,-0.00051,0.00028,-9e-05,5e-05,-0.00065,-4e-05,0.00094,-0.00015,0.00025,0.0001,1e-05,0.0072,0.00087,0.00051,0.0016,-1e-05,1e-05,0,-0.00377,0.00068,0.00151,-0.00977,-0.00016,3e-05,6e-05
33.04,-0.00118,-0.00103,0.00049,-0.00031,-0.00048,0,0.00119,-0.00062,-0.00014,-0.00017,0.00037,-8e-05,7e-05,-0.00052,-6e-05,0.00062,-0.00015,0.00028,0.00011,2e-05,0.00684,0.00068,0.00061,0.00157,-1e-05,1e-05,1e-05,-0.00076,0.00078,0.00085,-0.00648,-9e-05,2e-05,3e-05
33.06,-0.00106,-0.00102,0.00045,-0.00047,-0.00047,0,0.00108,-0.00061,-0.00013,0.00016,0.00047,-0.0001,9e-05,-0.00041,-0.0001,0.00035,-0.00014,0.00029,0.00011,2e-05,0.00643,0.00045,0.00071,0.00153,-2e-05,1e-05,1e-05,0.00165,0.00065,0.00036,-0.00385,-4e-05,0,1e-05
33.08,-0.00154,-0.00099,0.00043,-0.00053,-0.00047,0,0.00099,-0.00058,-0.00012,0.0005,0.00057,-0.00012,0.00011,-0.00032,-0.00013,0.00013,-0.00013,0.0003,0.0001,2e-05,0.00598,0.00019,0.00078,0.00147,-2e-05,1e-05,1e-05,0.0034,0.00029,9e-05,-0.00188,-1e-05,-0,-0
33.1,-0.00244,-0.00094,0.0004,-0.00052,-0.00047,0,0.00091,-0.00054,-7e-05,0.00077,0.00067,-0.00015,0.00013,-0.00025,-0.00016,-5e-05,-0.00012,0.0003,9e-05,2e-05,0.00549,-8e-05,0.00082,0.00138,-2e-05,1e-05,1e-05,0.00457,-0.00018,0,-0.00052,0,-0,-0
33.12,-0.00352,-0.00086,0.00033,-0.00045,-0.00046,0,0.00087,-0.00048,4e-05,0.00088,0.00077,-0.00017,0.00015,-0.00018,-0.00018,-0.0002,-0.00012,0.00029,8e-05,2e-05,0.00495,-0.0003,0.00083,0.00129,-2e-05,1e-05,1e-05,0.00522,-0.00063,2e-05,0.00035,-0,0,-0
33.14,-0.00455,-0.00078,0.00024,-0.00036,-0.00045,0,0.00084,-0.00042,0.00014,0.0009,0.00083,-0.00019,0.00017,-0.0001,-0.00018,-0.00032,-0.00012,0.00026,6e-05,2e-05,0.0044,-0.00044,0.00081,0.00118,-2e-05,1e-05,1e-05,0.00526,-0.00092,8e-05,0.00073,-1e-05,0,0
33.16,-0.00534,-0.0007,0.00015,-0.00028,-0.00043,0,0.0008,-0.00034,0.00021,0.00089,0.00086,-0.00019,0.00018,-3e-05,-0.00017,-0.00041,-0.00012,0.00023,4e-05,2e-05,0.00384,-0.0005,0.00075,0.00107,-2e-05,1e-05,1e-05,0.00475,-0.00095,0.0001,0.00066,-1e-05,0,0
33.18,-0.00579,-0.00061,6e-05,-0.00019,-0.00041,0,0.00074,-0.00027,0.00025,0.00086,0.00084,-0.00019,0.00018,5e-05,-0.00015,-0.0005,-0.00013,0.00019,2e-05,2e-05,0.00328,-0.00048,0.00066,0.00095,-2e-05,1e-05,1e-05,0.00418,-0.0009,0.0001,0.00061,-1e-05,0,1e-05
33.2,-0.00585,-0.00052,-2e-05,-0.00013,-0.00037,0,0.00065,-0.00021,0.00024,0.00076,0.00076,-0.00019,0.00017,0.00013,-0.00012,-0.00057,-0.00013,0.00014,-0,1e-05,0.00273,-0.00042,0.00055,0.00081,-1e-05,1e-05,0,0.00357,-0.00077,0.0001,0.00055,-1e-05,0,0
33.22,-0.0055,-0.00042,-6e-05,-7e-05,-0.00032,0,0.00053,-0.00017,0.00018,0.00059,0.00062,-0.00018,0.00014,0.0002,-9e-05,-0.00063,-0.00013,8e-05,-2e-05,1e-05,0.00217,-0.00035,0.00043,0.00066,-1e-05,0,0,0.00292,-0.00059,7e-05,0.00049,-0,0,0
33.24,-0.00476,-0.00031,-8e-05,-2e-05,-0.00026,0,0.00039,-0.00013,0.0001,0.0004,0.00043,-0.00016,0.00011,0.00026,-6e-05,-0.00068,-0.00012,3e-05,-4e-05,1e-05,0.00163,-0.00028,0.00032,0.00049,-1e-05,0,0,0.00226,-0.00037,4e-05,0.00042,-0,0,0
33.26,-0.00367,-0.00019,-7e-05,3e-05,-0.00019,0,0.00025,-0.00011,3e-05,0.00023,0.00021,-0.00014,7e-05,0.0003,-3e-05,-0.0007,-0.0001,-2e-05,-5e-05,1e-05,0.00112,-0.00023,0.00023,0.00032,-1e-05,0,0,0.00162,-0.00012,0,0.00034,0,0,0
33.28,-0.00226,-6e-05,-4e-05,9e-05,-0.00012,0,0.00011,-0.0001,-0,6e-05,-4e-05,-0.00012,2e-05,0.00032,-1e-05,-0.00069,-8e-05,-6e-05,-6e-05,0,0.00062,-0.00021,0.00016,0.00013,-0,0,0,0.00098,0.00012,-3e-05,0.00024,1e-05,-0,-0
33.3,-0.0006,0.0001,-0,0.00016,-3e-05,0,-3e-05,-0.0001,1e-05,-0.00012,-0.0003,-0.0001,-4e-05,0.00032,0,-0.00063,-6e-05,-0.0001,-6e-05,0,0.00013,-0.00022,0.0001,-6e-05,-0,0,0,0.00032,0.00034,-7e-05,0.00014,1e-05,-0,-0
33.32,0.00125,0.00029,3e-05,0.00025,6e-05,0,-0.00015,-0.0001,8e-05,-0.0003,-0.00052,-9e-05,-8e-05,0.00028,1e-05,-0.00052,-4e-05,-0.00013,-7e-05,-0,-0.00036,-0.00026,6e-05,-0.00028,-0,0,0,-0.00033,0.00052,-0.0001,2e-05,1e-05,-0,-0
33.34,0.00323,0.0005,6e-05,0.00035,0.00017,0,-0.00026,-0.0001,0.00022,-0.00049,-0.00069,-9e-05,-0.00012,0.00022,2e-05,-0.00036,-1e-05,-0.00016,-6e-05,-0,-0.00084,-0.00033,3e-05,-0.0005,-0,0,-0,-0.00098,0.00066,-0.00011,-0.0001,1e-05,-0,-1e-05
33.36,0.00528,0.00075,6e-05,0.00048,0.00028,0,-0.00034,-9e-05,0.0004,-0.00069,-0.0008,-9e-05,-0.00016,0.00014,3e-05,-0.00016,2e-05,-0.00017,-6e-05,-0,-0.00133,-0.00043,0,-0.00073,-0,-0,-0,-0.00162,0.00074,-0.00012,-0.00022,2e-05,-0,-1e-05
33.38,0.00738,0.00104,3e-05,0.00062,0.0004,0,-0.0004,-8e-05,0.00058,-0.0009,-0.00087,-0.00011,-0.00018,5e-05,4e-05,7e-05,4e-05,-0.00019,-6e-05,-0,-0.00183,-0.00053,-2e-05,-0.00097,0,-0,-0,-0.00227,0.00077,-0.00011,-0.00035,2e-05,-0,-1e-05
33.4,0.00946,0.00135,-3e-05,0.00077,0.00052,0,-0.0004,-5e-05,0.00075,-0.00109,-0.00086,-0.00012,-0.00019,-4e-05,5e-05,0.00029,7e-05,-0.0002,-5e-05,-0,-0.00233,-0.00063,-4e-05,-0.00121,0,-0,-0,-0.00291,0.00075,-9e-05,-0.00048,2e-05,-0,-1e-05
33.42,0.01145,0.00168,-0.00011,0.00094,0.00064,0,-0.00033,-1e-05,0.0009,-0.00116,-0.00071,-0.00013,-0.00019,-0.00011,5e-05,0.00049,9e-05,-0.00022,-5e-05,-0,-0.00283,-0.00074,-6e-05,-0.00145,0,-0,-0,-0.0035,0.00069,-6e-05,-0.00062,1e-05,-0,-0
33.44,0.01332,0.00201,-0.00018,0.00111,0.00074,0,-0.00018,5e-05,0.00099,-0.00114,-0.00051,-0.00014,-0.00017,-0.00016,5e-05,0.00066,0.00011,-0.00024,-6e-05,-0,-0.00334,-0.00082,-9e-05,-0.00169,0,-0,-0,-0.00405,0.0006,-4e-05,-0.00075,1e-05,-0,-0
33.46,0.01503,0.00233,-0.00024,0.00127,0.0008,0,-1e-05,0.00011,0.00099,-0.00109,-0.00033,-0.00014,-0.00015,-0.00016,5e-05,0.00077,0.00013,-0.00026,-6e-05,-0,-0.00388,-0.00089,-0.00013,-0.00191,0,-0,-0,-0.00458,0.00049,-2e-05,-0.00087,1e-05,-0,-0
33.48,0.01656,0.00263,-0.00029,0.00141,0.00078,0,0.00013,0.00018,0.00094,-0.00097,-0.00018,-0.00015,-0.00012,-0.00014,5e-05,0.00081,0.00015,-0.00028,-7e-05,-0,-0.00448,-0.00093,-0.00018,-0.00212,0,-0,-0,-0.00509,0.00038,1e-05,-0.001,0,0,0
33.5,0.01786,0.00287,-0.0003,0.00154,0.00076,0,0.00023,0.00024,0.00082,-0.00081,-9e-05,-0.00015,-9e-05,-9e-05,4e-05,0.00078,0.00016,-0.00029,-7e-05,-0,-0.00512,-0.00094,-0.00025,-0.00229,0,-0,-0,-0.00555,0.00026,4e-05,-0.00113,-0,0,0
33.52,0.01884,0.00304,-0.00028,0.00165,0.00073,0,0.00032,0.00028,0.00063,-0.00062,-7e-05,-0.00015,-7e-05,-2e-05,2e-05,0.00068,0.00018,-0.00028,-7e-05,-1e-05,-0.00579,-0.0009,-0.00033,-0.00241,1e-05,-1e-05,-0,-0.00562,0.00012,7e-05,-0.00074,-0,0,0
33.54,0.01949,0.0031,-0.00025,0.00173,0.00069,0,0.00038,0.00031,0.00044,-0.00043,-9e-05,-0.00014,-5e-05,5e-05,1e-05,0.00055,0.0002,-0.00025,-7e-05,-1e-05,-0.00652,-0.00083,-0.00042,-0.00247,1e-05,-1e-05,-0,-0.00508,2e-05,3e-05,0.00056,0,-0,-1e-05
33.56,0.01979,0.00304,-0.00023,0.00177,0.00064,0,0.00037,0.00032,0.00029,-0.00024,-9e-05,-0.00013,-3e-05,0.00012,-0,0.00041,0.00023,-0.00022,-6e-05,-2e-05,-0.00735,-0.00072,-0.00052,-0.00246,1e-05,-1e-05,-1e-05,-0.00402,0,-6e-05,0.0026,2e-05,-1e-05,-2e-05
33.58,0.01974,0.00285,-0.00021,0.00177,0.00059,0,0.00029,0.00032,0.00018,-7e-05,-9e-05,-0.00012,-2e-05,0.00019,-1e-05,0.00025,0.00025,-0.00018,-6e-05,-3e-05,-0.00829,-0.0006,-0.00063,-0.00237,1e-05,-1e-05,-1e-05,-0.00237,4e-05,-0.00018,0.00549,5e-05,-2e-05,-4e-05
33.6,0.0193,0.00253,-0.00022,0.00174,0.00053,0,0.0002,0.00031,9e-05,5e-05,-9e-05,-0.00011,-0,0.00024,-1e-05,9e-05,0.00028,-0.00016,-5e-05,-4e-05,-0.00925,-0.00048,-0.00071,-0.00219,1e-05,-1e-05,-1e-05,-0.00011,0.00014,-0.00032,0.00927,8e-05,-3e-05,-6e-05
33.62,0.01846,0.00208,-0.00027,0.00167,0.00046,0,0.00012,0.00031,4e-05,0.0001,-9e-05,-0.0001,1e-05,0.00029,-0,-8e-05,0.00031,-0.00015,-5e-05,-4e-05,-0.0101,-0.00039,-0.00071,-0.00192,1e-05,-1e-05,-1e-05,0.00248,0.00029,-0.00044,0.01386,0.00011,-5e-05,-9e-05
33.64,0.01725,0.00153,-0.00034,0.00157,0.00039,0,3e-05,0.00031,1e-05,0.00012,-9e-05,-9e-05,2e-05,0.00032,2e-05,-0.00025,0.00034,-0.00014,-5e-05,-5e-05,-0.01081,-0.00037,-0.00063,-0.00159,1e-05,-1e-05,-1e-05,0.00505,0.0005,-0.00053,0.01904,0.00014,-7e-05,-0.00012
33.66,0.01572,0.00094,-0.00044,0.00144,0.00032,0,-8e-05,0.00031,-0,0.00014,-8e-05,-9e-05,2e-05,0.00033,4e-05,-0.00043,0.00036,-0.00013,-6e-05,-5e-05,-0.01138,-0.0004,-0.0005,-0.00122,0,-1e-05,-0,0.00728,0.00077,-0.00057,0.02442,0.00017,-8e-05,-0.00015
33.68,0.01393,0.00037,-0.00055,0.00127,0.00023,0,-0.00021,0.0003,-1e-05,0.00015,-7e-05,-8e-05,2e-05,0.00032,7e-05,-0.00062,0.00037,-0.00013,-7e-05,-5e-05,-0.01168,-0.00048,-0.00032,-0.00079,-1e-05,-0,-0,0.0088,0.00105,-0.00053,0.02951,0.00017,-9e-05,-0.00016
33.7,0.01194,-5e-05,-0.00069,0.00108,0.00015,0,-0.00036,0.00028,-2e-05,0.00014,-7e-05,-8e-05,1e-05,0.00029,0.0001,-0.00079,0.00036,-0.00012,-7e-05,-5e-05,-0.0117,-0.00058,-0.00015,-0.00042,-2e-05,-0,-0,0.00902,0.0013,-0.00045,0.03404,0.00016,-9e-05,-0.00017
33.72,0.00985,-0.00024,-0.00086,0.00087,7e-05,-0,-0.00055,0.00027,-3e-05,0.00013,-6e-05,-9e-05,0,0.00023,0.00011,-0.00093,0.00036,-0.00011,-7e-05,-5e-05,-0.01141,-0.00064,-1e-05,-0.00012,-3e-05,-0,-0,0.00737,0.00145,-0.00035,0.03796,0.00011,-9e-05,-0.00016
33.74,0.00776,-0.00022,-0.00104,0.00064,-0,-0,-0.00075,0.00024,-3e-05,0.00011,-6e-05,-9e-05,-1e-05,0.00015,0.00011,-0.00104,0.00035,-9e-05,-7e-05,-5e-05,-0.0107,-0.00062,0.00011,0.0001,-4e-05,-0,0,0.00415,0.00143,-0.00021,0.04113,3e-05,-7e-05,-0.00014
33.76,0.00576,-2e-05,-0.00118,0.00042,-7e-05,-0,-0.00092,0.0002,-3e-05,0.0001,-5e-05,-0.0001,-2e-05,5e-05,0.0001,-0.00114,0.00031,-8e-05,-7e-05,-5e-05,-0.00954,-0.00049,0.0002,0.00025,-5e-05,0,0,-7e-05,0.0012,-6e-05,0.04348,-8e-05,-5e-05,-9e-05
33.78,0.00389,0.00038,-0.00127,0.00021,-0.00014,-0,-0.00102,0.00015,-2e-05,8e-05,-5e-05,-0.0001,-3e-05,-7e-05,5e-05,-0.00122,0.00026,-7e-05,-6e-05,-6e-05,-0.00801,-0.00024,0.00024,0.00033,-5e-05,0,0,-0.00505,0.0008,7e-05,0.04513,-0.00021,-3e-05,-4e-05
33.8,0.00221,0.0009,-0.00131,3e-05,-0.00021,-0,-0.00107,9e-05,-2e-05,6e-05,-4e-05,-0.00011,-4e-05,-0.0002,-2e-05,-0.00129,0.0002,-6e-05,-6e-05,-6e-05,-0.00639,0.00011,0.00023,0.00038,-5e-05,0,0,-0.01051,0.00034,0.00013,0.04615,-0.00035,0,2e-05
33.82,0.00076,0.00144,-0.00126,-0.00011,-0.00026,-0,-0.0011,4e-05,-1e-05,5e-05,-4e-05,-0.00011,-5e-05,-0.00032,-0.00011,-0.00136,0.00012,-4e-05,-4e-05,-5e-05,-0.00488,0.00051,0.00016,0.00045,-5e-05,0,0,-0.01619,-0.0001,0.00016,0.04663,-0.00047,3e-05,8e-05
33.84,-0.00044,0.00191,-0.00116,-0.00021,-0.00024,-0,-0.00103,1e-05,-0,4e-05,-3e-05,-0.00011,-6e-05,-0.00042,-0.00022,-0.00144,6e-05,-3e-05,-2e-05,-4e-05,-0.00353,0.0009,8e-05,0.00047,-4e-05,0,0,-0.02142,-0.00044,0.00018,0.04658,-0.00056,5e-05,0.00013
33.86,-0.0014,0.00225,-0.00102,-0.00027,-0.0002,-0,-0.00083,-0,0,3e-05,-3e-05,-0.00011,-7e-05,-0.00048,-0.00032,-0.00152,2e-05,-2e-05,-1e-05,-3e-05,-0.00238,0.00125,0,0.00038,-3e-05,0,0,-0.02567,-0.00064,0.00018,0.04595,-0.00062,7e-05,0.00016
33.88,-0.00212,0.00244,-0.00085,-0.00031,-0.00014,-0,-0.00053,1e-05,0,2e-05,-2e-05,-0.00011,-7e-05,-0.00051,-0.00043,-0.0016,-0,-1e-05,1e-05,-2e-05,-0.00147,0.00151,-6e-05,0.00014,-2e-05,0,0,-0.02883,-0.0007,0.00018,0.0447,-0.00064,8e-05,0.00019
33.9,-0.00263,0.00247,-0.00068,-0.00032,-7e-05,-0,-0.00015,4e-05,-0,1e-05,-2e-05,-0.00011,-7e-05,-0.00048,-0.0005,-0.00164,-1e-05,-0,2e-05,-1e-05,-0.00083,0.00166,-0.0001,-0.00031,-1e-05,-0,0,-0.03004,-0.00064,0.00025,0.0425,-0.00062,9e-05,0.0002
33.92,-0.00299,0.00232,-0.00055,-0.00035,-0,-0,0.00027,9e-05,-1e-05,-1e-05,-2e-05,-0.0001,-7e-05,-0.00041,-0.00053,-0.00161,1e-05,-0,2e-05,-1e-05,-0.00042,0.00171,-9e-05,-0.0009,-1e-05,0,0,-0.02881,-0.00053,0.00041,0.03905,-0.00059,9e-05,0.0002
33.94,-0.00319,0.00207,-0.00044,-0.00038,5e-05,-0,0.00069,0.00013,-1e-05,-4e-05,-1e-05,-0.0001,-6e-05,-0.00031,-0.00052,-0.00153,4e-05,-0,2e-05,-1e-05,-0.00017,0.00156,-1e-05,-0.0013,-0,0,0,-0.02603,-0.00033,0.00058,0.03459,-0.00053,0.0001,0.0002
33.96,-0.00324,0.00175,-0.00035,-0.00042,9e-05,-0,0.00109,0.00015,-1e-05,-7e-05,-0,-0.0001,-6e-05,-0.00022,-0.00048,-0.00144,6e-05,-0,2e-05,-1e-05,-2e-05,0.00099,7e-05,-0.00039,0,1e-05,-0,-0.02229,-8e-05,0.00066,0.02948,-0.00046,0.0001,0.00018
33.98,-0.0032,0.0014,-0.00029,-0.0005,0.0001,-0,0.00145,0.00016,-1e-05,-0.00011,0,-9e-05,-5e-05,-0.00021,-0.00041,-0.00134,6e-05,-0,2e-05,-0,1e-05,0.00034,5e-05,0.00116,1e-05,1e-05,-1e-05,-0.01783,0.00016,0.00062,0.02401,-0.00038,0.00011,0.00016
34,-0.00316,0.00099,-0.00024,-0.0006,9e-05,-0,0.00174,0.00014,-1e-05,-0.00015,1e-05,-8e-05,-4e-05,-0.00022,-0.00033,-0.00124,5e-05,-0,2e-05,-0,-0.00018,-0.00018,-0.00015,0.00292,2e-05,1e-05,-1e-05,-0.01277,0.00033,0.00047,0.01873,-0.00028,0.00011,0.00014
34.02,-0.00323,0.00046,-0.00018,-0.00073,6e-05,-0,0.00197,0.00011,-0,-0.00018,3e-05,-8e-05,-3e-05,-0.00016,-0.00025,-0.00117,3e-05,-0,2e-05,0,-0.00076,-0.00036,-0.00056,0.00473,6e-05,2e-05,-3e-05,-0.0077,0.00036,0.00017,0.01424,-0.00018,0.00011,0.00011
34.04,-0.00345,-0.00012,-0.00014,-0.00089,2e-05,-0,0.00212,7e-05,-0,-0.0002,4e-05,-7e-05,-2e-05,-0.00011,-0.00017,-0.00111,0,-0,2e-05,0,-0.002,2e-05,-0.00112,0.0061,0.00012,3e-05,-4e-05,-0.00348,0.00015,-0.00032,0.01078,-7e-05,0.0001,8e-05
34.06,-0.0038,-0.00071,-0.0001,-0.00108,-3e-05,-0,0.00217,3e-05,0,-0.0002,5e-05,-6e-05,-1e-05,-0.00013,-9e-05,-0.00105,-1e-05,-0,2e-05,0,-0.00432,0.00105,-0.00173,0.00631,0.0002,3e-05,-7e-05,-0.00041,-0.00032,-0.00096,0.00839,5e-05,8e-05,5e-05
34.08,-0.00425,-0.00136,-7e-05,-0.00129,-7e-05,0,0.00214,-0,-0,-0.00019,6e-05,-5e-05,0,-0.00016,-3e-05,-0.001,-1e-05,0,2e-05,0,-0.00819,0.00275,-0.00223,0.00508,0.00031,4e-05,-9e-05,0.00151,-0.00095,-0.00169,0.00691,0.00018,6e-05,2e-05
34.1,-0.00466,-0.002,-6e-05,-0.00152,-0.0001,0,0.00204,-3e-05,-2e-05,-0.00016,6e-05,-4e-05,1e-05,-0.00021,3e-05,-0.00096,1e-05,0,2e-05,1e-05,-0.01345,0.00489,-0.00255,0.00334,0.00042,4e-05,-0.00012,0.00239,-0.00161,-0.00245,0.00599,0.00032,3e-05,0
34.12,-0.00489,-0.00256,-5e-05,-0.00174,-0.00012,0,0.00191,-5e-05,-4e-05,-7e-05,6e-05,-3e-05,2e-05,-0.0003,8e-05,-0.00093,8e-05,1e-05,2e-05,1e-05,-0.01886,0.00699,-0.00275,0.0016,0.00049,5e-05,-0.00014,0.00244,-0.00214,-0.0032,0.00528,0.00046,-1e-05,-2e-05
34.14,-0.00474,-0.00302,-5e-05,-0.00195,-0.00013,0,0.00176,-5e-05,-6e-05,4e-05,6e-05,-2e-05,3e-05,-0.00036,0.00012,-0.0009,0.00019,2e-05,2e-05,1e-05,-0.02377,0.00873,-0.00274,-0.00118,0.00052,6e-05,-0.00015,0.00194,-0.00241,-0.00389,0.0046,0.0006,-6e-05,-3e-05
34.16,-0.0041,-0.00342,-4e-05,-0.00212,-0.00013,0,0.00161,-1e-05,-9e-05,0.00016,5e-05,-2e-05,4e-05,-0.00037,0.00015,-0.00087,0.00031,4e-05,2e-05,1e-05,-0.0282,0.00997,-0.00249,-0.00467,0.00049,6e-05,-0.00016,0.00117,-0.00238,-0.00446,0.00385,0.00075,-0.00011,-4e-05
34.18,-0.00302,-0.00371,-3e-05,-0.00226,-0.00014,0,0.00148,4e-05,-0.00012,0.00028,5e-05,-1e-05,5e-05,-0.00028,0.00016,-0.00083,0.00044,5e-05,2e-05,2e-05,-0.03138,0.01058,-0.00208,-0.00826,0.00041,6e-05,-0.00016,0.00035,-0.00208,-0.0049,0.003,0.00089,-0.00016,-5e-05
34.2,-0.00171,-0.0039,-2e-05,-0.00237,-0.00014,0,0.0014,0.0001,-0.00013,0.00037,4e-05,-1e-05,6e-05,-0.00016,0.00017,-0.00079,0.00059,7e-05,2e-05,2e-05,-0.03313,0.01043,-0.00152,-0.01127,0.00029,6e-05,-0.00015,-0.00038,-0.00163,-0.0052,0.0021,0.00102,-0.0002,-6e-05
34.22,-0.00043,-0.00402,-2e-05,-0.00247,-0.00014,0,0.00135,0.00015,-0.00013,0.00041,4e-05,-0,6e-05,-6e-05,0.00018,-0.00074,0.00075,9e-05,2e-05,3e-05,-0.03365,0.00949,-0.00086,-0.01297,0.00013,6e-05,-0.00013,-0.00091,-0.00113,-0.00534,0.00124,0.00113,-0.00024,-6e-05
34.24,0.00054,-0.00409,-2e-05,-0.00255,-0.00014,0,0.00134,0.00019,-0.00011,0.00042,3e-05,-0,6e-05,7e-05,0.00018,-0.00069,0.00091,0.00011,2e-05,3e-05,-0.03262,0.00802,-0.00028,-0.01354,-3e-05,5e-05,-0.00011,-0.00118,-0.00063,-0.00532,0.00054,0.00121,-0.00027,-7e-05
34.26,0.00104,-0.00416,-2e-05,-0.00263,-0.00013,0,0.00135,0.00022,-9e-05,0.00041,3e-05,-0,6e-05,0.00028,0.00016,-0.00062,0.00103,0.00013,2e-05,3e-05,-0.03006,0.00632,0.00014,-0.01327,-0.0002,5e-05,-9e-05,-0.00116,-0.00019,-0.00516,0.00011,0.00125,-0.00028,-8e-05
34.28,0.00108,-0.00421,-2e-05,-0.00271,-0.00012,0,0.0014,0.00022,-7e-05,0.00038,2e-05,-0,6e-05,0.00055,0.00014,-0.00055,0.00112,0.00014,2e-05,3e-05,-0.02635,0.00458,0.0004,-0.01222,-0.00035,4e-05,-7e-05,-0.00093,0.00017,-0.00488,1e-05,0.00125,-0.00028,-8e-05
34.3,0.00076,-0.00424,-3e-05,-0.00276,-0.00011,0,0.00141,0.00021,-6e-05,0.00033,2e-05,-1e-05,6e-05,0.00079,0.0001,-0.00049,0.00115,0.00013,1e-05,3e-05,-0.0218,0.00306,0.00048,-0.0106,-0.00046,3e-05,-4e-05,-0.0006,0.00044,-0.00445,0.00028,0.0012,-0.00027,-9e-05
34.32,0.0003,-0.00425,-3e-05,-0.00277,-0.0001,0,0.00135,0.0002,-4e-05,0.00024,1e-05,-1e-05,6e-05,0.00092,6e-05,-0.00043,0.0011,0.00012,1e-05,3e-05,-0.01684,0.0019,0.00042,-0.00864,-0.00053,2e-05,-2e-05,-0.00028,0.00061,-0.00386,0.00092,0.0011,-0.00024,-9e-05
34.34,-9e-05,-0.0042,-3e-05,-0.00272,-9e-05,0,0.00128,0.00019,-3e-05,0.00017,1e-05,-1e-05,6e-05,0.001,3e-05,-0.00037,0.001,0.00011,1e-05,3e-05,-0.01209,0.00107,0.00028,-0.00651,-0.00055,1e-05,-1e-05,-6e-05,0.00066,-0.00313,0.00176,0.00095,-0.0002,-8e-05
34.36,-0.00026,-0.00406,-3e-05,-0.00262,-8e-05,0,0.00121,0.00017,0,0.0001,1e-05,-1e-05,6e-05,0.00107,-0,-0.00031,0.00088,9e-05,1e-05,2e-05,-0.00797,0.00054,9e-05,-0.00441,-0.00052,1e-05,0,5e-05,0.0006,-0.00233,0.00253,0.00078,-0.00015,-7e-05
34.38,-0.00016,-0.00384,-3e-05,-0.00245,-7e-05,0,0.00115,0.00017,3e-05,5e-05,1e-05,-1e-05,5e-05,0.00111,-2e-05,-0.00026,0.00075,7e-05,1e-05,2e-05,-0.00468,0.00024,-8e-05,-0.00259,-0.00045,0,1e-05,6e-05,0.00044,-0.00153,0.00301,0.0006,-0.0001,-6e-05
34.4,0.00019,-0.00355,-4e-05,-0.00223,-6e-05,0,0.00107,0.00017,7e-05,2e-05,0,-1e-05,5e-05,0.00109,-3e-05,-0.00022,0.0006,6e-05,1e-05,1e-05,-0.00234,9e-05,-0.00017,-0.00121,-0.00035,-0,1e-05,4e-05,0.00024,-0.00082,0.00299,0.00043,-5e-05,-4e-05
34.42,0.0007,-0.00321,-5e-05,-0.00198,-5e-05,0,0.00097,0.00017,0.00011,-1e-05,0,-1e-05,4e-05,0.00098,-4e-05,-0.00018,0.00044,4e-05,0,0,-0.00088,4e-05,-0.00019,-0.00032,-0.00024,-0,1e-05,4e-05,9e-05,-0.00033,0.00251,0.00029,-2e-05,-2e-05
34.44,0.00129,-0.00286,-7e-05,-0.0017,-5e-05,0,0.00087,0.00019,0.00014,-4e-05,0,-1e-05,4e-05,0.00084,-4e-05,-0.00015,0.00028,3e-05,0,-0,-0.00013,2e-05,-0.00015,0.0001,-0.00015,-0,0,0.0001,1e-05,-6e-05,0.00182,0.00018,-0,-1e-05
34.46,0.00189,-0.00254,-0.00011,-0.00141,-4e-05,0,0.00076,0.0002,0.00017,-6e-05,-0,-1e-05,3e-05,0.0007,-3e-05,-0.00012,0.00014,2e-05,0,-1e-05,0.00011,1e-05,-8e-05,0.00019,-7e-05,-0,0,0.00024,-0,2e-05,0.00112,0.0001,0,-0
34.48,0.00246,-0.00225,-0.00015,-0.00111,-4e-05,0,0.00066,0.00021,0.0002,-8e-05,-0,-0,2e-05,0.00054,-2e-05,-9e-05,2e-05,0,0,-1e-05,3e-05,2e-05,-2e-05,6e-05,-2e-05,-0,-0,0.00043,0,-3e-05,0.00048,5e-05,0,0
34.5,0.00299,-0.00198,-0.0002,-0.00082,-3e-05,0,0.00055,0.00023,0.00023,-0.0001,-0,-0,1e-05,0.00036,-0,-7e-05,-9e-05,-0,0,-1e-05,-0.00022,3e-05,1e-05,-0.00016,0,-0,-0,0.00067,-1e-05,-0.00015,-3e-05,1e-05,0,0
34.52,0.00346,-0.00174,-0.00026,-0.00056,-3e-05,0,0.00043,0.00023,0.00026,-0.00011,-0,-0,1e-05,0.00019,1e-05,-4e-05,-0.00017,-1e-05,0,-2e-05,-0.00051,5e-05,0,-0.00033,0,0,0,0.0009,-8e-05,-0.00028,-0.0004,-1e-05,-0,0
34.54,0.00388,-0.00152,-0.0003,-0.00031,-2e-05,0,0.00032,0.00023,0.00028,-0.00012,-0,-0,-0,2e-05,2e-05,-2e-05,-0.00023,-1e-05,0,-2e-05,-0.00073,9e-05,-5e-05,-0.00036,-0,-0,0,0.00113,-0.00019,-0.0004,-0.00065,-2e-05,-1e-05,-0
34.56,0.00423,-0.00129,-0.00034,-0.0001,-2e-05,0,0.00021,0.00022,0.0003,-0.00013,-0,-0,-1e-05,-0.00014,2e-05,-0,-0.00027,-2e-05,0,-1e-05,-0.0009,0.00012,-0.00013,-0.00039,-1e-05,-0,0,0.00133,-0.00036,-0.00049,-0.00078,-3e-05,-1e-05,-0
34.58,0.00448,-0.00106,-0.00036,7e-05,-2e-05,0,0.00012,0.0002,0.00032,-0.00014,-0,0,-1e-05,-0.00028,2e-05,2e-05,-0.00029,-2e-05,0,-1e-05,-0.00102,0.00014,-0.00023,-0.00042,-2e-05,-0,0,0.00144,-0.00054,-0.00053,-0.00078,-3e-05,-1e-05,-0
34.6,0.0046,-0.00083,-0.00036,0.00021,-2e-05,0,4e-05,0.00018,0.00033,-0.00013,-0,0,-1e-05,-0.00041,2e-05,3e-05,-0.0003,-2e-05,0,-1e-05,-0.0011,0.00014,-0.0003,-0.00043,-3e-05,-0,0,0.00143,-0.0007,-0.00052,-0.00065,-2e-05,-1e-05,-0
34.62,0.00453,-0.00059,-0.00036,0.00031,-2e-05,0,-3e-05,0.00015,0.00034,-0.00012,-0,-0,-2e-05,-0.00053,2e-05,5e-05,-0.00029,-2e-05,0,-1e-05,-0.00116,0.00012,-0.00033,-0.00045,-3e-05,-0,0,0.00137,-0.00083,-0.00049,-0.00052,-2e-05,-1e-05,-0
34.64,0.00423,-0.00034,-0.00034,0.00037,-2e-05,0,-0.0001,0.00012,0.00034,-0.0001,-0,-0,-2e-05,-0.00062,2e-05,6e-05,-0.00027,-1e-05,0,-0,-0.00118,8e-05,-0.00031,-0.00046,-3e-05,-0,0,0.00124,-0.00093,-0.00044,-0.00039,-1e-05,-1e-05,-0
34.66,0.00367,-7e-05,-0.0003,0.00038,-2e-05,0,-0.00015,0.0001,0.00033,-8e-05,-0,-0,-1e-05,-0.0007,2e-05,8e-05,-0.00024,-1e-05,0,0,-0.00117,4e-05,-0.00027,-0.00047,-3e-05,0,0,0.00106,-0.00099,-0.00038,-0.00024,-1e-05,-1e-05,-0
34.68,0.00283,0.00023,-0.00026,0.00036,-1e-05,0,-0.0002,8e-05,0.0003,-6e-05,-0,-0,-1e-05,-0.00077,2e-05,0.0001,-0.0002,-1e-05,0,0,-0.00114,1e-05,-0.00021,-0.00049,-2e-05,0,0,0.00083,-0.00101,-0.00031,-0.0001,-0,-0,-0
34.7,0.00171,0.00055,-0.00022,0.00031,-1e-05,0,-0.00025,8e-05,0.00026,-4e-05,-0,-0,-1e-05,-0.00081,2e-05,0.00012,-0.00016,-0,-0,1e-05,-0.0011,-1e-05,-0.00014,-0.00052,-1e-05,0,0,0.00057,-0.00098,-0.00025,4e-05,0,-0,-0
34.72,0.00032,0.00089,-0.00016,0.00023,-0,0,-0.00029,7e-05,0.0002,-3e-05,-0,-0,-0,-0.00083,1e-05,0.00014,-0.00013,1e-05,-0,1e-05,-0.00105,-0,-7e-05,-0.00054,-0,-0,-0,0.00029,-0.00092,-0.0002,0.00016,1e-05,-0,-0
34.74,-0.00132,0.00126,-0.0001,0.00012,1e-05,0,-0.00032,7e-05,0.00013,-2e-05,-0,-0,0,-0.00081,1e-05,0.00017,-0.00011,1e-05,-0,1e-05,-0.00094,4e-05,-2e-05,-0.00044,1e-05,-0,-0,6e-05,-0.00082,-0.00017,0.00026,1e-05,-0,-0
34.76,-0.00315,0.00164,-3e-05,-2e-05,2e-05,0,-0.00036,7e-05,6e-05,-1e-05,-0,0,1e-05,-0.00075,0,0.00021,-9e-05,3e-05,-0,1e-05,-0.00083,9e-05,1e-05,-0.00029,0,-0,-0,-8e-05,-0.00068,-0.00014,0.00033,2e-05,-0,-0
34.78,-0.00512,0.002,4e-05,-0.00018,3e-05,0,-0.0004,6e-05,0,-0,-0,0,2e-05,-0.00063,0,0.00025,-7e-05,4e-05,-0,1e-05,-0.00074,0.00012,1e-05,-0.0001,-1e-05,-0,0,-0.00014,-0.00051,-0.00014,0.00034,2e-05,-0,-0
34.8,-0.00712,0.00231,0.00012,-0.00035,5e-05,0,-0.00043,6e-05,-6e-05,-0,-0,0,2e-05,-0.00045,0,0.00029,-5e-05,5e-05,-0,1e-05,-0.00065,0.00013,-2e-05,0.00015,-4e-05,-0,1e-05,-0.0001,-0.00031,-0.00014,0.00033,3e-05,-0,-0
34.82,-0.00905,0.00249,0.00021,-0.00053,7e-05,0,-0.00045,5e-05,-0.00011,-0,-0,0,3e-05,-0.0002,1e-05,0.00034,-3e-05,7e-05,-0,0,-0.00056,0.00014,-6e-05,0.00043,-8e-05,0,1e-05,6e-05,-0.00011,-0.00015,0.0004,3e-05,-0,-0
34.84,-0.01081,0.00254,0.0003,-0.00071,9e-05,0,-0.00045,4e-05,-0.00014,-1e-05,-0,0,3e-05,0.00013,1e-05,0.00038,-1e-05,0.0001,-0,-0,-0.00046,0.00012,-8e-05,0.0007,-0.00012,1e-05,2e-05,0.00024,9e-05,-0.00018,0.00055,4e-05,-0,-0
34.86,-0.01233,0.00244,0.0004,-0.0009,0.00012,0,-0.00046,3e-05,-0.00016,-2e-05,-0,0,3e-05,0.00053,1e-05,0.0004,2e-05,0.00012,-0,-0,-0.00036,5e-05,-9e-05,0.0009,-0.00015,1e-05,3e-05,0.00029,0.00029,-0.0002,0.00079,4e-05,-0,-0
34.88,-0.01356,0.00219,0.00049,-0.0011,0.00014,0,-0.00046,2e-05,-0.00017,-3e-05,-0,-0,4e-05,0.00098,1e-05,0.00039,6e-05,0.00014,-0,-0,-0.00026,-4e-05,-6e-05,0.00097,-0.00017,2e-05,3e-05,9e-05,0.00049,-0.00023,0.0011,4e-05,-1e-05,-1e-05
34.9,-0.01447,0.00181,0.00059,-0.00129,0.00016,0,-0.00047,2e-05,-0.00017,-4e-05,-0,-0,4e-05,0.00148,-0,0.00034,0.0001,0.00017,-0,-0,-0.00015,-0.00012,-1e-05,0.00088,-0.00017,2e-05,3e-05,-0.0003,0.00067,-0.00025,0.00144,4e-05,-1e-05,-1e-05
34.92,-0.01505,0.00131,0.00068,-0.00147,0.00018,0,-0.00046,3e-05,-0.00018,-5e-05,-0,0,4e-05,0.00203,-2e-05,0.00027,0.00016,0.00019,-0,0,-1e-05,-0.00019,3e-05,0.00065,-0.00014,2e-05,3e-05,-0.00063,0.00083,-0.00026,0.00175,3e-05,-1e-05,-1e-05
34.94,-0.01522,0.00072,0.00077,-0.00163,0.00019,0,-0.00046,6e-05,-0.00018,-5e-05,-0,0,4e-05,0.00258,-3e-05,0.00016,0.00023,0.00021,0,1e-05,0.00018,-0.00022,5e-05,0.00038,-0.0001,1e-05,3e-05,-0.00105,0.00097,-0.00027,0.00202,3e-05,-1e-05,-1e-05
34.96,-0.01497,7e-05,0.00084,-0.00177,0.0002,0,-0.00045,0.00011,-0.00019,-5e-05,-0,0,4e-05,0.00306,-4e-05,-3e-05,0.00031,0.00021,1e-05,2e-05,0.00045,-0.0002,7e-05,0.00014,-7e-05,1e-05,2e-05,-0.00171,0.00108,-0.00026,0.0022,2e-05,-1e-05,-1e-05
34.98,-0.01429,-0.00059,0.00089,-0.00189,0.0002,0,-0.00046,0.00017,-0.00019,-5e-05,-0,0,4e-05,0.00345,-4e-05,-0.00028,0.00039,0.00021,1e-05,3e-05,0.00078,-0.00017,6e-05,-1e-05,-4e-05,1e-05,1e-05,-0.00239,0.00113,-0.00025,0.00229,1e-05,-1e-05,-1e-05
35,-0.01324,-0.00123,0.00094,-0.00197,0.0002,0,-0.00047,0.00023,-0.00018,-4e-05,-0,0,3e-05,0.00371,-4e-05,-0.00058,0.00048,0.00019,2e-05,4e-05,0.00112,-0.00014,6e-05,-6e-05,-2e-05,0,1e-05,-0.00292,0.00112,-0.00022,0.00219,1e-05,-1e-05,-1e-05
35.02,-0.01189,-0.00178,0.00099,-0.00203,0.00019,0,-0.00047,0.00029,-0.00017,-4e-05,-0,0,3e-05,0.00389,-3e-05,-0.00074,0.00057,0.00015,3e-05,6e-05,0.00145,-0.0001,5e-05,-1e-05,-1e-05,0,0,-0.00315,0.00103,-0.0002,0.00191,0,-0,-1e-05
35.04,-0.0103,-0.0022,0.00103,-0.00204,0.00018,0,-0.00048,0.00034,-0.00015,-4e-05,-0,-0,3e-05,0.00402,-2e-05,-0.00075,0.00065,0.00011,3e-05,9e-05,0.0017,-7e-05,3e-05,0.0001,0,-0,0,-0.00304,0.00084,-0.00017,0.00159,0,-0,-0
35.06,-0.00852,-0.00248,0.00109,-0.002,0.00015,0,-0.0005,0.00036,-0.00014,-4e-05,-0,-0,2e-05,0.0041,-1e-05,-0.00072,0.00068,5e-05,4e-05,0.00011,0.00185,-4e-05,0,0.00023,0,-0,-0,-0.00262,0.00055,-0.00015,0.00132,-0,-0,-0
35.08,-0.00662,-0.00262,0.00115,-0.00191,0.00012,0,-0.00052,0.00034,-0.00012,-5e-05,-0,-0,2e-05,0.00417,-0,-0.00065,0.00066,-0,5e-05,0.00012,0.00186,-1e-05,-2e-05,0.00034,0,-0,-0,-0.00187,0.00017,-0.00014,0.00108,-0,0,0
35.1,-0.00467,-0.00262,0.00124,-0.00174,9e-05,0,-0.00054,0.00028,-0.00011,-4e-05,-0,-0,1e-05,0.00423,-0,-0.00053,0.00057,-5e-05,6e-05,0.00011,0.00176,1e-05,-4e-05,0.00042,-0,-0,-0,-0.0012,-0.00025,-0.00015,0.00093,0,0,1e-05
35.12,-0.00274,-0.00251,0.00134,-0.00151,5e-05,0,-0.00054,0.00018,-0.0001,-3e-05,-0,0,-0,0.00426,0,-0.00033,0.00038,-9e-05,6e-05,9e-05,0.00153,4e-05,-3e-05,0.00042,-0,-0,-0,-0.00084,-0.00066,-0.00018,0.00088,0,1e-05,1e-05
35.14,-0.00096,-0.0023,0.00146,-0.0012,1e-05,0,-0.00051,5e-05,-9e-05,-2e-05,-0,0,-1e-05,0.00427,2e-05,-0.00016,0.00018,-0.0001,6e-05,5e-05,0.00122,9e-05,-0,0.00036,-1e-05,-0,-0,-0.00052,-0.00102,-0.00024,0.00088,1e-05,1e-05,1e-05
35.16,0.0006,-0.00204,0.00159,-0.00081,-3e-05,0,-0.00048,-0.00012,-8e-05,-0,-0,0,-2e-05,0.00422,5e-05,0,-1e-05,-9e-05,4e-05,1e-05,0.00084,0.00016,4e-05,0.00027,-1e-05,-1e-05,-0,-0.0002,-0.00099,-0.00022,0.00063,-0,0,-0
35.18,0.00187,-0.00174,0.00171,-0.00037,-6e-05,0,-0.00041,-0.0003,-7e-05,1e-05,-0,0,-2e-05,0.00412,8e-05,0.00021,-0.00017,-7e-05,2e-05,-4e-05,0.00042,0.00027,0.0001,0.00015,-1e-05,-1e-05,-0,3e-05,-0.00056,-0.00011,0.00016,-2e-05,-1e-05,-2e-05
35.2,0.00278,-0.00147,0.00174,0.00011,-8e-05,0,-0.00033,-0.00049,-5e-05,2e-05,-0,0,-3e-05,0.0039,6e-05,0.00051,-0.00031,-2e-05,-0,-8e-05,-5e-05,0.00042,0.00015,1e-05,-2e-05,-1e-05,-0,0.00012,0.00022,0.00014,-0.00059,-5e-05,-3e-05,-4e-05
35.22,0.00327,-0.00128,0.00164,0.00059,-9e-05,0,-0.00026,-0.00063,-4e-05,4e-05,0,1e-05,-3e-05,0.00348,-6e-05,0.00108,-0.00045,4e-05,-1e-05,-9e-05,-0.00054,0.0006,0.0002,-0.00015,-2e-05,-1e-05,-0,4e-05,0.00128,0.00051,-0.0017,-0.0001,-5e-05,-6e-05
35.24,0.00337,-0.00118,0.00144,0.00104,-0.0001,0,-0.00017,-0.00072,-2e-05,5e-05,0,1e-05,-3e-05,0.00285,-0.00023,0.00196,-0.00062,0.00011,-0,-6e-05,-0.00103,0.00081,0.00024,-0.00031,-2e-05,-1e-05,-0,-0.00023,0.00252,0.00099,-0.00318,-0.00017,-6e-05,-7e-05
35.26,0.0032,-0.00117,0.00121,0.00146,-0.00011,0,-6e-05,-0.00076,-1e-05,5e-05,0,1e-05,-3e-05,0.00218,-0.00039,0.00299,-0.00082,0.00019,1e-05,-2e-05,-0.0015,0.00102,0.00027,-0.00047,-2e-05,-1e-05,-0,-0.00072,0.00377,0.00147,-0.00502,-0.00025,-7e-05,-8e-05
35.28,0.00298,-0.00124,0.00098,0.00181,-0.00012,0,8e-05,-0.00076,-1e-05,6e-05,0,1e-05,-3e-05,0.00151,-0.00051,0.00438,-0.00108,0.00024,3e-05,3e-05,-0.00195,0.00123,0.00031,-0.00062,-2e-05,-1e-05,-1e-05,-0.00144,0.00486,0.00188,-0.00702,-0.00034,-8e-05,-9e-05
35.3,0.00301,-0.00136,0.00076,0.00209,-0.00012,0,0.00022,-0.00072,-0,5e-05,0,1e-05,-3e-05,0.00093,-0.00055,0.00579,-0.00121,0.00029,5e-05,8e-05,-0.00233,0.00142,0.00035,-0.00078,-3e-05,-1e-05,-0,-0.00239,0.00563,0.00214,-0.0089,-0.00041,-8e-05,-8e-05
35.32,0.00355,-0.00149,0.00057,0.0023,-0.00013,0,0.00034,-0.00066,-0,5e-05,0,1e-05,-3e-05,0.00049,-0.00054,0.00605,-0.00094,0.00034,5e-05,0.0001,-0.00261,0.0016,0.00037,-0.00093,-3e-05,-1e-05,-0,-0.00356,0.00607,0.00226,-0.01029,-0.00048,-7e-05,-7e-05
35.34,0.00475,-0.0016,0.00041,0.00242,-0.00013,0,0.00045,-0.00056,-0,4e-05,0,1e-05,-3e-05,0.0001,-0.00048,0.0056,-0.00048,0.00036,4e-05,0.00012,-0.00275,0.00178,0.00039,-0.00108,-3e-05,-1e-05,-0,-0.00488,0.00614,0.00222,-0.01077,-0.00052,-6e-05,-6e-05
35.36,0.00656,-0.00167,0.00028,0.00246,-0.00014,0,0.00057,-0.00045,-0,3e-05,0,1e-05,-3e-05,-0.00028,-0.00039,0.00503,-5e-05,0.00034,3e-05,0.00012,-0.00276,0.00195,0.00039,-0.00122,-3e-05,-1e-05,-0,-0.0063,0.00587,0.00201,-0.01011,-0.00055,-5e-05,-4e-05
35.38,0.00877,-0.00169,0.00018,0.00242,-0.00015,0,0.0007,-0.00031,-0,1e-05,0,1e-05,-3e-05,-0.00072,-0.00026,0.00426,0.00037,0.0003,3e-05,0.00012,-0.00265,0.00213,0.00036,-0.00136,-2e-05,-1e-05,-0,-0.00785,0.00541,0.00167,-0.00825,-0.00056,-4e-05,-3e-05
35.4,0.01096,-0.00167,0.00011,0.00231,-0.00015,0,0.0008,-0.00018,-0,0,0,0,-4e-05,-0.00125,-0.00013,0.00312,0.00082,0.00023,2e-05,0.0001,-0.00244,0.00229,0.00031,-0.00147,-2e-05,-0,-0,-0.00947,0.00479,0.00117,-0.00514,-0.00056,-3e-05,-2e-05
35.42,0.01267,-0.00163,5e-05,0.00216,-0.00014,0,0.00084,-4e-05,-0,-1e-05,0,0,-4e-05,-0.00185,-1e-05,0.00172,0.00129,0.00014,1e-05,8e-05,-0.00217,0.00243,0.00023,-0.00153,-2e-05,-0,-0,-0.01105,0.00396,0.00048,-0.00085,-0.00055,-3e-05,-2e-05
35.44,0.01357,-0.00155,-1e-05,0.00197,-0.00013,0,0.00085,0.0001,-0,-1e-05,0,0,-4e-05,-0.00251,0.00013,0.00053,0.00173,7e-05,1e-05,5e-05,-0.00188,0.00253,0.00013,-0.00154,-2e-05,0,0,-0.01257,0.00299,-0.00028,0.00439,-0.00051,-3e-05,-3e-05
35.46,0.01355,-0.00143,-7e-05,0.00175,-0.0001,0,0.00083,0.00023,-0,-2e-05,0,0,-5e-05,-0.00322,0.00027,-0.00034,0.00207,2e-05,0,2e-05,-0.0016,0.00258,3e-05,-0.00149,-2e-05,0,0,-0.01403,0.00189,-0.00095,0.01036,-0.00042,-3e-05,-4e-05
35.48,0.01262,-0.00127,-0.00014,0.00153,-6e-05,0,0.00079,0.00035,-0,-2e-05,0,0,-5e-05,-0.00399,0.00039,-0.00094,0.00228,0,0,0,-0.00139,0.00256,-8e-05,-0.00137,-3e-05,1e-05,1e-05,-0.01536,0.00057,-0.00146,0.01671,-0.0003,-3e-05,-6e-05
35.5,0.01099,-0.00107,-0.0002,0.00131,-1e-05,0,0.00073,0.00045,-0,-2e-05,0,0,-6e-05,-0.0047,0.00048,-0.00128,0.00247,-1e-05,-0,-1e-05,-0.00124,0.00246,-0.00019,-0.00121,-3e-05,1e-05,1e-05,-0.01617,-0.00067,-0.00164,0.02284,-0.00015,-3e-05,-8e-05
35.52,0.00892,-0.00083,-0.00025,0.00111,4e-05,0,0.00066,0.00054,-0,-1e-05,0,0,-6e-05,-0.00512,0.00053,-0.00132,0.00273,-1e-05,-0,-2e-05,-0.00112,0.00226,-0.00028,-0.00103,-3e-05,2e-05,1e-05,-0.01617,-0.00151,-0.00144,0.02787,2e-05,-4e-05,-0.0001
35.54,0.0066,-0.00056,-0.00028,0.00093,8e-05,0,0.00057,0.00061,-0,0,0,0,-6e-05,-0.00531,0.00052,-0.00118,0.00288,-0,-0,-1e-05,-0.00109,0.00197,-0.00034,-0.00083,-4e-05,2e-05,1e-05,-0.01544,-0.00211,-0.00102,0.03137,0.0002,-4e-05,-0.00012
35.56,0.00422,-0.00031,-0.00027,0.00078,0.00012,0,0.00047,0.00065,-0,1e-05,-0,0,-5e-05,-0.00541,0.00043,-0.00099,0.00287,0,0,-0,-0.00119,0.00161,-0.00038,-0.00064,-4e-05,2e-05,1e-05,-0.01414,-0.0026,-0.00048,0.03324,0.00037,-4e-05,-0.00014
35.58,0.00191,-9e-05,-0.00024,0.00065,0.00015,0,0.00037,0.00068,-0,3e-05,-0,0,-5e-05,-0.0054,0.00033,-0.00076,0.00274,1e-05,0,1e-05,-0.00139,0.00121,-0.00039,-0.00047,-5e-05,2e-05,1e-05,-0.01229,-0.0029,0.00016,0.03333,0.00053,-4e-05,-0.00015
35.6,-0.00018,9e-05,-0.00021,0.00056,0.00017,0,0.00028,0.0007,-0,4e-05,-0,-0,-4e-05,-0.0053,0.00021,-0.00058,0.00251,1e-05,0,1e-05,-0.00164,0.00078,-0.00039,-0.00034,-5e-05,1e-05,1e-05,-0.00959,-0.00278,0.00086,0.03146,0.00068,-4e-05,-0.00016
35.62,-0.00205,0.00018,-0.00018,0.00048,0.00018,0,0.00022,0.00073,0,4e-05,-0,-0,-3e-05,-0.00513,0.0001,-0.00049,0.0022,2e-05,1e-05,1e-05,-0.00186,0.00035,-0.0004,-0.00028,-5e-05,1e-05,1e-05,-0.00609,-0.0022,0.00155,0.02762,0.00082,-4e-05,-0.00016
35.64,-0.00371,0.00021,-0.00016,0.00043,0.00018,0,0.00018,0.00076,1e-05,3e-05,-0,-0,-3e-05,-0.00488,3e-05,-0.00041,0.00185,2e-05,1e-05,1e-05,-0.002,-3e-05,-0.00041,-0.00025,-4e-05,1e-05,1e-05,-0.00245,-0.00146,0.00221,0.0222,0.00094,-4e-05,-0.00017
35.66,-0.00518,0.0002,-0.00016,0.00039,0.00017,0,0.00014,0.00079,1e-05,3e-05,-0,-0,-2e-05,-0.00456,-0,-0.00033,0.00149,1e-05,2e-05,1e-05,-0.00201,-0.00036,-0.00043,-0.00022,-4e-05,0,0,0.00103,-0.00069,0.00289,0.01563,0.00104,-4e-05,-0.00017
35.68,-0.00652,0.00016,-0.00017,0.00036,0.00016,0,0.00011,0.00083,2e-05,2e-05,-0,-0,-1e-05,-0.00417,0,-0.00025,0.0011,1e-05,3e-05,1e-05,-0.0018,-0.00063,-0.00046,-0.0002,-2e-05,-0,-0,0.00429,0.0001,0.00355,0.00821,0.00112,-4e-05,-0.00017
35.7,-0.00784,0.00013,-0.00019,0.00035,0.00015,0,8e-05,0.00086,3e-05,2e-05,-0,-0,-1e-05,-0.00371,2e-05,-0.00019,0.00068,0,4e-05,1e-05,-0.00131,-0.00083,-0.0005,-0.00017,-1e-05,-1e-05,-0,0.00714,0.00092,0.00412,0.00046,0.00117,-4e-05,-0.00016
35.72,-0.00926,0.00013,-0.00022,0.00035,0.00014,0,6e-05,0.00088,4e-05,1e-05,-0,0,-0,-0.00323,5e-05,-0.00014,0.00023,0,5e-05,0,-0.00048,-0.00095,-0.00052,-9e-05,1e-05,-1e-05,-1e-05,0.0093,0.00163,0.00448,-0.00722,0.00117,-4e-05,-0.00016
35.74,-0.0108,0.00015,-0.00026,0.00035,0.00014,0,4e-05,0.0009,5e-05,0,-0,0,0,-0.00273,9e-05,-0.00011,-0.00023,0,6e-05,0,0.00066,-0.001,-0.00052,-2e-05,2e-05,-1e-05,-1e-05,0.0107,0.00221,0.00461,-0.01459,0.00115,-4e-05,-0.00015
35.76,-0.0124,0.00019,-0.00031,0.00036,0.00014,0,1e-05,0.0009,7e-05,-0,-0,0,1e-05,-0.00223,0.00013,-0.0001,-0.0007,0,6e-05,0,0.00205,-0.001,-0.00052,2e-05,4e-05,-1e-05,-1e-05,0.01145,0.00273,0.00452,-0.0214,0.00109,-3e-05,-0.00014
35.78,-0.01406,0.00022,-0.00038,0.00036,0.00015,0,-3e-05,0.00089,9e-05,-1e-05,-0,0,1e-05,-0.00174,0.00017,-0.0001,-0.00117,1e-05,7e-05,-0,0.00354,-0.00097,-0.00049,1e-05,5e-05,-1e-05,-1e-05,0.0116,0.00321,0.00423,-0.0276,0.00101,-3e-05,-0.00012
35.8,-0.01573,0.00023,-0.00044,0.00036,0.00016,0,-9e-05,0.00086,0.00011,-1e-05,-0,0,1e-05,-0.00129,0.0002,-0.00012,-0.00163,1e-05,8e-05,-0,0.005,-0.00092,-0.00046,-3e-05,6e-05,-1e-05,-1e-05,0.01118,0.0036,0.00371,-0.0332,0.0009,-2e-05,-0.0001
35.82,-0.01736,0.00022,-0.00052,0.00034,0.00018,0,-0.00015,0.00079,0.00014,-1e-05,-0,0,1e-05,-0.00093,0.00022,-0.00015,-0.00205,1e-05,8e-05,0,0.00644,-0.00087,-0.00042,-3e-05,6e-05,-1e-05,-1e-05,0.01021,0.0038,0.00299,-0.03824,0.00077,-2e-05,-8e-05
35.84,-0.01881,0.00014,-0.00059,0.00031,0.0002,0,-0.00023,0.00071,0.00016,-1e-05,-0,0,1e-05,-0.00062,0.00025,-0.00019,-0.00244,1e-05,9e-05,0,0.00767,-0.00085,-0.00036,5e-05,6e-05,-1e-05,-0,0.00889,0.00385,0.00221,-0.04275,0.00062,-1e-05,-5e-05
35.86,-0.01995,1e-05,-0.00065,0.00024,0.00022,0,-0.00032,0.00062,0.00019,-1e-05,-0,0,1e-05,-0.00036,0.00029,-0.00023,-0.00279,1e-05,9e-05,1e-05,0.00849,-0.00087,-0.0003,0.00019,6e-05,-0,-0,0.00738,0.0038,0.00143,-0.04668,0.00047,-0,-3e-05
35.88,-0.02074,-0.00015,-0.00071,0.00016,0.00023,0,-0.00042,0.00052,0.00022,-1e-05,-0,-0,1e-05,-0.00014,0.00033,-0.00028,-0.0031,1e-05,9e-05,1e-05,0.00895,-0.00091,-0.00024,0.0004,6e-05,-0,-0,0.00562,0.00363,0.00071,-0.04989,0.00032,0,-0
35.9,-0.02115,-0.00032,-0.00077,5e-05,0.00025,0,-0.00053,0.00042,0.00024,-0,-0,-0,1e-05,1e-05,0.00038,-0.00033,-0.00333,1e-05,9e-05,1e-05,0.00909,-0.00098,-0.00018,0.00066,5e-05,-0,-0,0.00404,0.00316,8e-05,-0.05251,0.00017,1e-05,2e-05
35.92,-0.0212,-0.00047,-0.00081,-7e-05,0.00027,0,-0.00063,0.00032,0.00026,-0,-0,-0,1e-05,0.00012,0.00044,-0.00036,-0.00343,1e-05,9e-05,2e-05,0.00896,-0.00104,-0.00013,0.00095,5e-05,0,-0,0.00311,0.00221,-0.0004,-0.05466,3e-05,2e-05,4e-05
35.94,-0.02091,-0.00058,-0.00085,-0.0002,0.0003,0,-0.00072,0.00023,0.00028,0,-0,-0,1e-05,0.0002,0.00049,-0.00038,-0.00341,1e-05,8e-05,2e-05,0.00867,-0.00108,-0.0001,0.00125,5e-05,0,-0,0.00244,0.00092,-0.00068,-0.05582,-9e-05,2e-05,6e-05
35.96,-0.02033,-0.00064,-0.00087,-0.00033,0.00033,0,-0.00082,0.00015,0.00029,1e-05,-0,0,0,0.00025,0.00053,-0.00039,-0.00329,1e-05,8e-05,2e-05,0.0083,-0.00111,-9e-05,0.0015,4e-05,0,0,0.00169,-0.00047,-0.00077,-0.05556,-0.00018,3e-05,8e-05
35.98,-0.01952,-0.00064,-0.00088,-0.00045,0.00036,0,-0.00093,8e-05,0.00031,1e-05,-0,0,0,0.00027,0.00056,-0.00038,-0.00304,1e-05,8e-05,2e-05,0.00792,-0.00111,-9e-05,0.00169,4e-05,0,0,0.00101,-0.0019,-0.0007,-0.05389,-0.00024,3e-05,9e-05
36,-0.01857,-0.00059,-0.00088,-0.00058,0.0004,0,-0.00104,3e-05,0.00032,2e-05,-0,0,0,0.00027,0.00055,-0.00036,-0.00274,1e-05,7e-05,2e-05,0.00755,-0.0011,-0.00011,0.00182,4e-05,0,0,0.00048,-0.00319,-0.00052,-0.05074,-0.00025,4e-05,9e-05
36.02,-0.01756,-0.00051,-0.0009,-0.00069,0.00041,0,-0.00112,-1e-05,0.00032,2e-05,-0,0,0,0.00026,0.00048,-0.00031,-0.00245,1e-05,6e-05,2e-05,0.00717,-0.00109,-0.00012,0.00187,4e-05,0,0,0.00012,-0.00413,-0.0003,-0.04614,-0.00023,4e-05,8e-05
36.04,-0.01657,-0.00042,-0.00092,-0.00081,0.00043,0,-0.00118,-4e-05,0.00032,2e-05,-0,-0,0,0.00024,0.0004,-0.00024,-0.00215,1e-05,6e-05,1e-05,0.00682,-0.00109,-0.00013,0.00186,3e-05,0,0,-8e-05,-0.00463,-0.00011,-0.04038,-0.00018,3e-05,7e-05
36.06,-0.01565,-0.00032,-0.00093,-0.00092,0.00045,0,-0.00125,-6e-05,0.00031,2e-05,-0,-0,0,0.0002,0.00032,-0.00017,-0.00183,0,5e-05,1e-05,0.00651,-0.0011,-0.00014,0.00181,3e-05,0,0,-0.00014,-0.00462,-1e-05,-0.03383,-9e-05,3e-05,5e-05
36.08,-0.01481,-0.00022,-0.00094,-0.00104,0.00047,0,-0.0013,-6e-05,0.00031,2e-05,-0,-0,-0,0.00016,0.00024,-9e-05,-0.00151,0,5e-05,1e-05,0.00623,-0.0011,-0.00014,0.00173,3e-05,0,0,-3e-05,-0.00413,-2e-05,-0.02692,-0,2e-05,3e-05
36.1,-0.01403,-0.00012,-0.00095,-0.00116,0.00049,0,-0.00133,-7e-05,0.0003,2e-05,-0,-0,-0,0.00011,0.00018,-0,-0.00121,0,4e-05,0,0.00592,-0.0011,-0.00014,0.00162,3e-05,0,0,0.00026,-0.00327,-0.00013,-0.02011,8e-05,1e-05,1e-05
36.12,-0.01331,-1e-05,-0.00094,-0.00128,0.0005,0,-0.00133,-8e-05,0.00029,2e-05,-0,-0,-0,6e-05,0.00012,8e-05,-0.00098,0,3e-05,-0,0.00555,-0.00107,-0.00013,0.00148,2e-05,0,0,0.00071,-0.00227,-0.00027,-0.01397,0.00013,0,-0
36.14,-0.01261,0.00011,-0.00092,-0.00139,0.00049,0,-0.00131,-9e-05,0.00028,2e-05,-0,-0,-0,1e-05,8e-05,0.00015,-0.00078,0,2e-05,-0,0.00514,-0.00102,-0.00014,0.00134,2e-05,0,0,0.00119,-0.00134,-0.00037,-0.00893,0.00015,-0,-1e-05
36.16,-0.01192,0.00025,-0.00089,-0.00149,0.00046,0,-0.00126,-0.00012,0.00026,1e-05,-0,-0,-0,-4e-05,5e-05,0.0002,-0.0006,0,1e-05,-0,0.00473,-0.00094,-0.00014,0.00119,2e-05,0,0,0.00162,-0.00061,-0.00038,-0.00515,0.00013,-0,-2e-05
36.18,-0.01122,0.00041,-0.00082,-0.00158,0.00041,0,-0.0012,-0.00016,0.00025,1e-05,0,-0,-0,-8e-05,4e-05,0.00023,-0.00043,0,1e-05,-0,0.00429,-0.00084,-0.00015,0.00104,2e-05,0,0,0.00192,-0.00016,-0.0003,-0.00256,0.0001,-0,-1e-05
36.2,-0.01052,0.00057,-0.00073,-0.00163,0.00036,0,-0.00112,-0.00022,0.00024,0,0,-0,-0,-0.00012,4e-05,0.00022,-0.0003,0,-0,-0,0.0038,-0.00073,-0.00016,0.0009,2e-05,0,0,0.00209,2e-05,-0.00012,-0.00098,6e-05,-0,-1e-05
36.22,-0.00982,0.00073,-0.00061,-0.00164,0.0003,0,-0.00102,-0.0003,0.00023,-0,0,-0,-0,-0.00013,4e-05,0.00017,-0.0002,0,-1e-05,-0,0.00323,-0.00061,-0.00017,0.00076,2e-05,0,0,0.00208,1e-05,0.0001,-0.00016,2e-05,0,-0
36.24,-0.00913,0.00087,-0.00047,-0.00159,0.00024,0,-0.00092,-0.0004,0.00022,-0,0,0,-1e-05,-0.00013,5e-05,8e-05,-0.00013,0,-2e-05,-0,0.00262,-0.0005,-0.00018,0.00064,1e-05,0,0,0.00189,-8e-05,0.0003,0.00014,-1e-05,0,0
36.26,-0.00841,0.001,-0.0003,-0.00149,0.00018,0,-0.00081,-0.00051,0.00022,-1e-05,0,0,-1e-05,-0.00013,6e-05,-5e-05,-7e-05,-0,-2e-05,-0,0.00201,-0.00038,-0.00018,0.00052,1e-05,0,0,0.00157,-0.00015,0.00034,8e-05,-2e-05,0,0
36.28,-0.00764,0.00112,-0.00012,-0.00132,0.00012,0,-0.00071,-0.00063,0.00023,-0,0,0,-1e-05,-0.00011,6e-05,-0.00022,-1e-05,-0,-3e-05,-0,0.0014,-0.00028,-0.00017,0.00042,1e-05,0,0,0.00118,-0.00015,0.00028,-5e-05,-2e-05,0,0
36.3,-0.00673,0.00123,6e-05,-0.00109,6e-05,0,-0.0006,-0.00076,0.00024,-0,0,1e-05,-1e-05,-9e-05,6e-05,-0.0004,2e-05,-0,-3e-05,-0,0.00081,-0.00021,-0.00016,0.00034,1e-05,0,0,0.00077,-0.00011,0.00022,-0.00017,-1e-05,0,0
36.32,-0.00564,0.00135,0.00023,-0.00083,0,0,-0.00047,-0.00088,0.00026,0,0,1e-05,-1e-05,-7e-05,5e-05,-0.00054,4e-05,0,-3e-05,-0,0.00028,-0.00016,-0.00014,0.00026,1e-05,0,0,0.00038,-5e-05,0.00017,-0.00028,-1e-05,-0,0
36.34,-0.00434,0.00149,0.00038,-0.00053,-5e-05,0,-0.00032,-0.00098,0.00029,1e-05,0,2e-05,-1e-05,-4e-05,3e-05,-0.00063,4e-05,0,-3e-05,-0,-0.00016,-0.00016,-0.0001,0.00019,0,0,0,4e-05,1e-05,0.00012,-0.00038,-0,-0,-0
36.36,-0.00285,0.00165,0.00051,-0.00022,-0.00011,0,-0.00017,-0.00105,0.00033,2e-05,0,2e-05,-1e-05,-2e-05,1e-05,-0.00069,4e-05,0,-3e-05,0,-0.0005,-0.00018,-6e-05,0.00014,-0,0,0,-0.00023,8e-05,8e-05,-0.00046,-0,-0,-0
36.38,-0.00126,0.00181,0.00059,8e-05,-0.00016,0,-4e-05,-0.00111,0.00036,2e-05,0,2e-05,-1e-05,-1e-05,-1e-05,-0.00071,3e-05,0,-3e-05,0,-0.00074,-0.00024,-1e-05,0.0001,-1e-05,1e-05,0,-0.00043,0.00013,5e-05,-0.00052,0,-0,-0
36.4,0.00032,0.00199,0.00064,0.00036,-0.00021,0,0.00011,-0.00112,0.00039,1e-05,1e-05,3e-05,-1e-05,-0,-3e-05,-0.00069,3e-05,0,-2e-05,0,-0.00088,-0.00031,4e-05,8e-05,-1e-05,1e-05,0,-0.00056,0.00017,1e-05,-0.00057,0,-0,-0
36.42,0.00173,0.00218,0.00066,0.00059,-0.00024,0,0.00034,-0.0011,0.00042,0,1e-05,3e-05,-0,-0,-4e-05,-0.00062,2e-05,1e-05,-2e-05,1e-05,-0.00094,-0.00038,8e-05,6e-05,-1e-05,1e-05,0,-0.00063,0.00021,-2e-05,-0.00059,1e-05,-0,-0
36.44,0.00287,0.00238,0.00064,0.00077,-0.00027,0,0.00061,-0.00103,0.00042,-2e-05,1e-05,2e-05,0,-1e-05,-3e-05,-0.00053,2e-05,1e-05,-1e-05,1e-05,-0.00092,-0.00043,0.00013,6e-05,-2e-05,1e-05,1e-05,-0.00065,0.00023,-4e-05,-0.00058,1e-05,-0,-0
36.46,0.00369,0.00258,0.0006,0.00088,-0.00029,0,0.00087,-0.00093,0.0004,-5e-05,1e-05,2e-05,1e-05,-2e-05,-2e-05,-0.00045,4e-05,1e-05,-1e-05,1e-05,-0.00083,-0.00047,0.00016,8e-05,-2e-05,1e-05,1e-05,-0.0006,0.00026,-7e-05,-0.00056,1e-05,-0,-0
36.48,0.00419,0.00279,0.00054,0.00093,-0.0003,0,0.0011,-0.00081,0.00036,-9e-05,1e-05,1e-05,1e-05,-4e-05,-3e-05,-0.00037,6e-05,1e-05,-0,1e-05,-0.00069,-0.00048,0.00019,0.00011,-2e-05,1e-05,1e-05,-0.00051,0.0003,-9e-05,-0.00051,1e-05,-0,-0
36.5,0.00442,0.00299,0.00047,0.00092,-0.00031,0,0.00136,-0.00068,0.00029,-0.00014,0,1e-05,1e-05,-5e-05,-3e-05,-0.00031,9e-05,1e-05,-0,1e-05,-0.00051,-0.0005,0.00021,0.00015,-3e-05,1e-05,1e-05,-0.00038,0.00034,-0.00011,-0.00044,1e-05,-0,-0
36.52,0.00444,0.00317,0.00042,0.00087,-0.00031,0,0.00169,-0.00055,0.0002,-0.00019,0,0,2e-05,-7e-05,3e-05,-0.00029,0.00014,1e-05,-0,1e-05,-0.0003,-0.00052,0.00022,0.00019,-3e-05,1e-05,1e-05,-0.00022,0.00038,-0.00013,-0.00036,1e-05,-0,-0
36.54,0.00432,0.00332,0.00038,0.00078,-0.0003,0,0.00199,-0.00044,0.0001,-0.00023,-0,-0,1e-05,-8e-05,0.0001,-0.00028,0.00021,0,-0,1e-05,-6e-05,-0.00057,0.00024,0.00024,-3e-05,1e-05,1e-05,-3e-05,0.00042,-0.00014,-0.00026,1e-05,-0,-0
36.56,0.00411,0.00345,0.00035,0.00067,-0.00029,0,0.00212,-0.00032,-3e-05,-0.00026,-0,0,1e-05,-0.00011,0.00014,-0.00029,0.00029,0,-0,1e-05,0.0002,-0.00062,0.00027,0.0003,-3e-05,1e-05,1e-05,0.00019,0.00046,-0.00015,-0.00016,1e-05,-0,-0
36.58,0.00389,0.00356,0.00033,0.00053,-0.00027,0,0.00208,-0.0002,-0.0002,-0.00027,0,0,1e-05,-0.00016,0.00015,-0.00032,0.00037,0,0,2e-05,0.00048,-0.00069,0.00029,0.00035,-3e-05,1e-05,1e-05,0.00044,0.0005,-0.00016,-6e-05,1e-05,-0,-0
36.6,0.00371,0.00362,0.00032,0.00037,-0.00024,0,0.00175,-7e-05,-0.00043,-0.00021,2e-05,1e-05,1e-05,-0.00024,0.00012,-0.00037,0.00049,0,1e-05,2e-05,0.00077,-0.00076,0.00031,0.00039,-4e-05,1e-05,1e-05,0.00071,0.00054,-0.00016,3e-05,1e-05,-0,-0
36.62,0.00362,0.00362,0.00032,0.00021,-0.00022,0,0.00103,6e-05,-0.00068,7e-05,4e-05,1e-05,2e-05,-0.00035,6e-05,-0.00044,0.00065,0,1e-05,3e-05,0.00105,-0.00078,0.00033,0.00043,-4e-05,1e-05,1e-05,0.00099,0.00057,-0.00016,0.00011,1e-05,-0,-0
36.64,0.00364,0.00358,0.00034,4e-05,-0.00018,0,0.00016,0.00022,-0.00089,0.00051,9e-05,1e-05,1e-05,-0.00048,-1e-05,-0.00053,0.00086,0,1e-05,3e-05,0.00132,-0.00076,0.00033,0.00046,-3e-05,1e-05,1e-05,0.00128,0.00058,-0.00016,0.00019,1e-05,-0,-0
36.66,0.00374,0.00351,0.00035,-0.00014,-0.00015,0,-0.00061,0.00038,-0.00105,0.00096,0.00015,0,1e-05,-0.00062,-8e-05,-0.00062,0.00107,1e-05,1e-05,4e-05,0.00155,-0.00069,0.00032,0.00047,-3e-05,1e-05,1e-05,0.00157,0.00059,-0.00016,0.00025,1e-05,-0,-0
36.68,0.00382,0.00343,0.00037,-0.00031,-0.00012,0,-0.00111,0.00051,-0.0012,0.0014,0.00022,-0,0,-0.00074,-0.00012,-0.00073,0.00127,1e-05,1e-05,5e-05,0.00172,-0.00059,0.00028,0.00046,-3e-05,1e-05,1e-05,0.00183,0.00058,-0.00015,0.00029,1e-05,-0,-0
36.7,0.00375,0.00333,0.00038,-0.00049,-8e-05,0,-0.00128,0.00059,-0.00104,0.00173,0.00029,0,-1e-05,-0.00079,-0.00015,-0.00077,0.00144,1e-05,0,6e-05,0.00182,-0.00047,0.00024,0.00044,-3e-05,1e-05,1e-05,0.00205,0.00056,-0.00015,0.00033,1e-05,-0,-0
36.72,0.00339,0.00321,0.00038,-0.00068,-5e-05,0,-0.00111,0.00062,-0.00034,0.00186,0.00039,4e-05,-2e-05,-0.00072,-0.00017,-0.00058,0.00157,2e-05,0,6e-05,0.00182,-0.00035,0.00018,0.00039,-2e-05,1e-05,1e-05,0.00222,0.00053,-0.00014,0.00034,1e-05,-0,-0
36.74,0.00261,0.00306,0.00037,-0.00086,-2e-05,0,-0.00067,0.00058,0.00027,0.00177,0.00047,8e-05,-3e-05,-0.00054,-0.00015,-0.00035,0.00162,2e-05,1e-05,7e-05,0.0017,-0.00024,0.00013,0.00032,-2e-05,1e-05,0,0.00232,0.0005,-0.00013,0.00035,2e-05,-0,-0
36.76,0.00135,0.00288,0.00036,-0.00104,1e-05,0,-0.00018,0.00047,0.00055,0.00151,0.0005,0.00011,-3e-05,-0.00033,-9e-05,-0.00018,0.00157,2e-05,1e-05,7e-05,0.00145,-0.00014,8e-05,0.00023,-2e-05,1e-05,0,0.00229,0.00045,-0.00012,0.00032,2e-05,-0,-0
36.78,-0.00032,0.00266,0.00036,-0.00121,4e-05,0,0.00019,0.00033,0.00065,0.00115,0.00048,0.00013,-2e-05,-0.00013,-3e-05,-5e-05,0.00144,1e-05,1e-05,6e-05,0.00107,-6e-05,4e-05,0.00013,-2e-05,0,0,0.00215,0.00039,-0.0001,0.00029,2e-05,-0,-0
36.8,-0.00226,0.00241,0.00035,-0.00135,7e-05,0,0.00025,0.00018,0.00051,0.00075,0.0004,0.00011,-1e-05,-1e-05,-0,-0,0.00119,1e-05,1e-05,5e-05,0.00057,1e-05,1e-05,0,-2e-05,0,0,0.0019,0.00033,-8e-05,0.00024,2e-05,-0,-0
36.82,-0.00421,0.00215,0.00035,-0.00144,9e-05,0,8e-05,7e-05,0.00023,0.00036,0.00028,7e-05,-1e-05,2e-05,-0,-4e-05,0.00083,1e-05,1e-05,4e-05,-2e-05,7e-05,-1e-05,-0.00013,-1e-05,0,0,0.00155,0.00025,-7e-05,0.0002,2e-05,-0,-1e-05
36.84,-0.00593,0.00191,0.00036,-0.00147,0.00012,0,-0.0002,-1e-05,3e-05,5e-05,0.00016,4e-05,-0,1e-05,-2e-05,-7e-05,0.00046,0,-0,3e-05,-0.00064,0.00013,-4e-05,-0.00028,-1e-05,0,0,0.00113,0.00017,-6e-05,0.00016,2e-05,-0,-1e-05
36.86,-0.00729,0.00169,0.00037,-0.00143,0.00015,0,-0.00055,-7e-05,-2e-05,-0.00018,7e-05,1e-05,-0,-2e-05,-5e-05,-6e-05,0.00014,0,-1e-05,1e-05,-0.0013,0.00019,-7e-05,-0.00043,-1e-05,0,0,0.00067,8e-05,-5e-05,0.00012,2e-05,-0,-1e-05
36.88,-0.00823,0.0015,0.00039,-0.00133,0.00019,0,-0.00097,-0.00012,5e-05,-0.00034,1e-05,-0,0,-7e-05,-9e-05,-2e-05,-0.00015,-0,-1e-05,0,-0.00197,0.00026,-9e-05,-0.00059,-1e-05,0,0,0.00016,-2e-05,-5e-05,8e-05,3e-05,-0,-1e-05
36.9,-0.00878,0.00134,0.0004,-0.00118,0.00022,0,-0.0014,-0.00017,0.00018,-0.00044,-2e-05,-1e-05,0,-0.00013,-0.00013,4e-05,-0.00039,0,-1e-05,-1e-05,-0.00264,0.00033,-0.00012,-0.00076,-1e-05,-0,0,-0.00039,-0.00012,-5e-05,5e-05,3e-05,-0,-1e-05
36.92,-0.00901,0.0012,0.0004,-0.00099,0.00024,0,-0.00171,-0.00021,0.00036,-0.0005,-3e-05,-1e-05,0,-0.00016,-0.00015,0.00013,-0.0006,0,-1e-05,-2e-05,-0.00327,0.00042,-0.00014,-0.00092,-2e-05,-0,0,-0.00095,-0.00022,-5e-05,2e-05,3e-05,-0,-1e-05
36.94,-0.00902,0.00109,0.0004,-0.00077,0.00027,0,-0.00193,-0.00023,0.00052,-0.00052,-2e-05,-0,0,-0.00018,-0.00016,0.00023,-0.00075,0,-0,-3e-05,-0.00384,0.00052,-0.00015,-0.00108,-2e-05,-0,0,-0.00153,-0.00033,-5e-05,-1e-05,3e-05,-0,-1e-05
36.96,-0.00885,0.001,0.0004,-0.00053,0.00028,0,-0.00213,-0.00023,0.0006,-0.0005,-1e-05,0,0,-0.00019,-0.00016,0.00031,-0.00087,0,0,-4e-05,-0.00438,0.00061,-0.00015,-0.00123,-2e-05,-0,0,-0.0021,-0.00043,-5e-05,-4e-05,3e-05,-0,-1e-05
36.98,-0.00849,0.00092,0.0004,-0.00027,0.00029,0,-0.00231,-0.00022,0.00061,-0.00045,-1e-05,0,-0,-0.0002,-0.00017,0.00037,-0.00096,0,0,-4e-05,-0.00489,0.0007,-0.00012,-0.00139,-2e-05,-0,0,-0.00265,-0.00053,-5e-05,-7e-05,3e-05,-0,-1e-05
37,-0.00789,0.00086,0.00041,1e-05,0.00029,0,-0.00249,-0.00019,0.00056,-0.00038,-1e-05,0,-1e-05,-0.0002,-0.00017,0.00039,-0.001,0,0,-5e-05,-0.00534,0.00078,-9e-05,-0.00154,-3e-05,-0,0,-0.00315,-0.00063,-6e-05,-0.00011,3e-05,-0,-0
37.02,-0.00695,0.0008,0.00041,0.00029,0.00028,0,-0.00268,-0.00016,0.00044,-0.00028,-1e-05,0,-1e-05,-0.00021,-0.00016,0.00037,-0.00094,0,0,-4e-05,-0.00574,0.00087,-5e-05,-0.00169,-3e-05,0,0,-0.00333,-0.0006,-4e-05,-0.00011,2e-05,-0,-0
37.04,-0.00562,0.00073,0.00042,0.00058,0.00026,0,-0.00285,-0.00013,0.00031,-0.00017,-2e-05,-0,-1e-05,-0.00021,-0.00014,0.00033,-0.00083,-0,-0,-3e-05,-0.00608,0.00095,-1e-05,-0.00183,-3e-05,0,0,-0.00286,-0.00037,-1e-05,7e-05,-2e-05,0,1e-05
37.06,-0.00388,0.00065,0.00042,0.00087,0.00024,0,-0.00298,-0.00011,0.0002,-6e-05,-2e-05,-1e-05,-0,-0.00023,-0.00012,0.00028,-0.00071,-0,-0,-1e-05,-0.00637,0.00104,3e-05,-0.00195,-3e-05,0,0,-0.00178,5e-05,2e-05,0.0005,-7e-05,0,1e-05
37.08,-0.00176,0.00053,0.00043,0.00115,0.00021,0,-0.00306,-9e-05,0.00012,4e-05,-3e-05,-1e-05,1e-05,-0.00025,-9e-05,0.00022,-0.00058,-0,-0,0,-0.00662,0.00112,5e-05,-0.00205,-3e-05,0,0,4e-05,0.00063,3e-05,0.00133,-0.00013,1e-05,2e-05
37.1,0.00062,0.00038,0.00043,0.00142,0.00019,0,-0.00308,-7e-05,6e-05,0.00013,-3e-05,-1e-05,1e-05,-0.00028,-5e-05,0.00016,-0.00044,-0,-0,2e-05,-0.0068,0.00119,7e-05,-0.0021,-3e-05,0,0,0.0027,0.00132,3e-05,0.0027,-0.00021,1e-05,2e-05
37.12,0.00314,0.00021,0.00042,0.00168,0.00017,0,-0.00307,-6e-05,2e-05,0.00022,-2e-05,-1e-05,2e-05,-0.00031,2e-05,0.00011,-0.0003,-0,-0,2e-05,-0.00684,0.00122,7e-05,-0.00208,-2e-05,0,0,0.00623,0.00198,1e-05,0.00472,-0.00029,1e-05,3e-05
37.14,0.00565,3e-05,0.0004,0.0019,0.00015,0,-0.003,-4e-05,-0,0.0003,-2e-05,-1e-05,2e-05,-0.00033,0.00012,7e-05,-0.00016,-0,-0,3e-05,-0.00679,0.00119,7e-05,-0.00197,-2e-05,0,0,0.0105,0.00245,-6e-05,0.0074,-0.00038,2e-05,4e-05
37.16,0.00806,-0.00016,0.00036,0.00209,0.00013,0,-0.00289,-3e-05,-1e-05,0.00037,-2e-05,-1e-05,2e-05,-0.00031,0.00023,4e-05,-5e-05,0,-0,3e-05,-0.00668,0.00108,6e-05,-0.00177,-1e-05,0,0,0.01527,0.00254,-0.00018,0.01066,-0.00048,2e-05,6e-05
37.18,0.01028,-0.00034,0.00031,0.00223,0.00012,0,-0.00272,-1e-05,-0,0.00042,-2e-05,-1e-05,3e-05,-0.00027,0.00036,3e-05,5e-05,0,-0,4e-05,-0.0065,0.0009,4e-05,-0.00147,-0,-0,-0,0.02023,0.00216,-0.00039,0.01427,-0.00059,3e-05,8e-05
37.2,0.0122,-0.0005,0.00026,0.00232,0.00011,0,-0.00253,-0,0,0.00046,-1e-05,-1e-05,3e-05,-0.00022,0.00048,3e-05,0.00012,0,-0,4e-05,-0.00623,0.00064,0,-0.00109,1e-05,-0,-0,0.02498,0.00142,-0.00069,0.01795,-0.00069,4e-05,0.00011
37.22,0.01374,-0.0006,0.00022,0.00237,0.00011,0,-0.00231,1e-05,1e-05,0.0005,-1e-05,-1e-05,3e-05,-0.00015,0.00056,2e-05,0.00016,0,-0,3e-05,-0.00581,0.00028,-6e-05,-0.00062,2e-05,-1e-05,-0,0.02913,0.00057,-0.00107,0.02142,-0.00078,6e-05,0.00014
37.24,0.01488,-0.00067,0.00018,0.00236,0.00011,0,-0.00208,1e-05,2e-05,0.00052,-1e-05,-1e-05,3e-05,-8e-05,0.00061,2e-05,0.00018,0,-0,3e-05,-0.00532,-0.00016,-0.00015,-9e-05,4e-05,-1e-05,-1e-05,0.03257,-0.00031,-0.00148,0.02445,-0.00086,7e-05,0.00018
37.26,0.01563,-0.0007,0.00014,0.00231,0.0001,-0,-0.00182,1e-05,2e-05,0.00053,-1e-05,-1e-05,3e-05,0,0.00063,3e-05,0.00019,0,-0,3e-05,-0.0048,-0.00067,-0.00028,0.00047,6e-05,-1e-05,-1e-05,0.03527,-0.00118,-0.00191,0.02687,-0.00091,8e-05,0.00022
37.28,0.01606,-0.00069,0.00011,0.00223,9e-05,-0,-0.00155,-0,3e-05,0.00052,-1e-05,-1e-05,3e-05,0.0001,0.00062,3e-05,0.0002,0,-0,3e-05,-0.00426,-0.00128,-0.00047,0.001,8e-05,-2e-05,-2e-05,0.03711,-0.00197,-0.00232,0.02852,-0.00093,0.0001,0.00026
37.3,0.01625,-0.00064,9e-05,0.00212,8e-05,-0,-0.00128,-1e-05,3e-05,0.0005,-1e-05,-1e-05,3e-05,0.00019,0.00055,4e-05,0.0002,0,-0,2e-05,-0.00377,-0.00195,-0.00069,0.00147,0.00011,-2e-05,-2e-05,0.03816,-0.00248,-0.00261,0.0292,-0.00092,0.00011,0.0003
37.32,0.0163,-0.00057,7e-05,0.002,7e-05,-0,-0.00104,-2e-05,3e-05,0.00046,-1e-05,-1e-05,3e-05,0.00026,0.00044,4e-05,0.00019,0,0,2e-05,-0.00337,-0.00257,-0.00088,0.00197,0.00013,-2e-05,-3e-05,0.03852,-0.00265,-0.00271,0.0287,-0.00088,0.00012,0.00034
37.34,0.01627,-0.00047,5e-05,0.00187,6e-05,-0,-0.00082,-1e-05,3e-05,0.00041,-1e-05,-1e-05,4e-05,0.00032,0.00031,5e-05,0.00018,0,0,2e-05,-0.00296,-0.00318,-0.00108,0.00244,0.00015,-2e-05,-3e-05,0.03811,-0.00272,-0.00266,0.02693,-0.00081,0.00013,0.00038
37.36,0.01617,-0.00033,1e-05,0.00176,4e-05,-0,-0.00061,-1e-05,3e-05,0.00037,-1e-05,-1e-05,4e-05,0.00038,0.0002,5e-05,0.00017,0,0,2e-05,-0.00246,-0.00386,-0.00131,0.00275,0.00015,-2e-05,-4e-05,0.0369,-0.00284,-0.00251,0.02386,-0.0007,0.00014,0.00041
37.38,0.016,-0.00017,-4e-05,0.00167,2e-05,-0,-0.0004,1e-05,2e-05,0.00034,-1e-05,-0,4e-05,0.00043,0.0001,6e-05,0.00016,0,0,2e-05,-0.00188,-0.0046,-0.00154,0.00291,0.00013,-2e-05,-4e-05,0.03489,-0.003,-0.00229,0.0194,-0.00055,0.00014,0.00044
37.4,0.0157,2e-05,-0.0001,0.00159,1e-05,-0,-0.00022,3e-05,1e-05,0.0003,-0,-0,4e-05,0.00046,1e-05,6e-05,0.00015,0,1e-05,2e-05,-0.00104,-0.00531,-0.00172,0.00291,0.0001,-1e-05,-4e-05,0.03235,-0.0031,-0.00201,0.01349,-0.00038,0.00014,0.00046
37.42,0.01521,0.00021,-0.00017,0.00153,-1e-05,-0,-7e-05,5e-05,1e-05,0.00027,-0,-0,4e-05,0.00048,-5e-05,7e-05,0.00014,0,1e-05,2e-05,0.00024,-0.0058,-0.00175,0.0027,5e-05,-0,-4e-05,0.02951,-0.00297,-0.00172,0.00622,-0.00018,0.00013,0.00047
37.44,0.01447,0.00037,-0.00022,0.00148,-2e-05,-0,5e-05,7e-05,-0,0.00024,-0,-0,4e-05,0.00047,-8e-05,7e-05,0.00013,0,1e-05,2e-05,0.00176,-0.00603,-0.00161,0.00218,-1e-05,0,-3e-05,0.02613,-0.00264,-0.00146,-0.00201,6e-05,0.00013,0.00047
37.46,0.01345,0.00048,-0.00024,0.00143,-2e-05,-0,0.00015,8e-05,-1e-05,0.00021,-0,0,4e-05,0.00046,-0.0001,7e-05,0.00012,0,1e-05,1e-05,0.00327,-0.006,-0.00132,0.00129,-6e-05,1e-05,-2e-05,0.02215,-0.00211,-0.00125,-0.01072,0.00031,0.00011,0.00046
37.48,0.01218,0.00051,-0.00022,0.00139,-2e-05,-0,0.00024,8e-05,-1e-05,0.00019,-0,0,4e-05,0.00043,-9e-05,7e-05,0.00011,0,1e-05,1e-05,0.00459,-0.00556,-0.0009,3e-05,-0.0001,1e-05,-1e-05,0.01776,-0.00139,-0.001,-0.01905,0.00058,8e-05,0.00043
37.5,0.01074,0.00044,-0.00018,0.00132,-2e-05,-0,0.0003,7e-05,-1e-05,0.00018,-0,0,4e-05,0.00039,-8e-05,6e-05,0.0001,-0,2e-05,1e-05,0.00365,-0.00435,-0.00034,-0.00043,-0.00014,-0,0,0.01338,-0.00048,-0.00061,-0.02638,0.00084,4e-05,0.00037
37.52,0.00923,0.00026,-0.00011,0.00123,-1e-05,-0,0.00032,4e-05,-1e-05,0.00016,-0,0,3e-05,0.00034,-6e-05,6e-05,0.0001,-0,2e-05,1e-05,0.00123,-0.00303,-4e-05,0.00179,-0.00014,-4e-05,-1e-05,0.00943,0.00044,3e-05,-0.03284,0.00105,-1e-05,0.0003
37.54,0.00774,4e-05,-3e-05,0.00109,-0,-0,0.00032,1e-05,-1e-05,0.00015,-0,0,3e-05,0.00028,-4e-05,5e-05,9e-05,-0,2e-05,1e-05,-0.00251,-0.00159,-1e-05,0.00715,-8e-05,-0.0001,-6e-05,0.00621,0.00121,0.00094,-0.03717,0.00121,-5e-05,0.0002
37.56,0.00636,-0.00014,4e-05,0.00091,0,-0,0.00032,-4e-05,-0,0.00013,-0,1e-05,3e-05,0.00022,-3e-05,5e-05,9e-05,-0,2e-05,0,-0.00761,-0.00045,-0.00016,0.01561,3e-05,-0.00019,-0.00013,0.00406,0.00181,0.00206,-0.03807,0.0013,-6e-05,0.00011
37.58,0.00519,-0.00021,9e-05,0.0007,-0,-0,0.0003,-8e-05,0,0.00011,-0,1e-05,2e-05,0.00015,-2e-05,4e-05,9e-05,-0,2e-05,0,-0.01357,0.00014,-0.00027,0.02616,0.0002,-0.00028,-0.00023,0.00318,0.00229,0.00323,-0.03573,0.0013,-4e-05,3e-05
37.6,0.00436,-0.00014,0.00011,0.00048,-1e-05,-0,0.00028,-0.00013,1e-05,9e-05,-0,1e-05,2e-05,8e-05,-2e-05,3e-05,8e-05,0,1e-05,0,-0.01964,0.0002,-0.00017,0.0374,0.00043,-0.00036,-0.00033,0.00348,0.00264,0.00415,-0.03035,0.00122,1e-05,-2e-05
37.62,0.00398,7e-05,0.00011,0.00027,-2e-05,-0,0.00024,-0.00017,3e-05,7e-05,-0,1e-05,1e-05,2e-05,-2e-05,2e-05,6e-05,0,1e-05,0,-0.02476,0.00019,6e-05,0.04817,0.00068,-0.0004,-0.00044,0.00465,0.00285,0.00452,-0.02277,0.00107,6e-05,-4e-05
37.64,0.0041,0.00031,8e-05,0.0001,-4e-05,0,0.00019,-0.0002,4e-05,4e-05,-0,1e-05,1e-05,-4e-05,-3e-05,2e-05,5e-05,0,1e-05,0,-0.02828,0.00017,0.00039,0.05689,0.00092,-0.00041,-0.00052,0.00608,0.00297,0.00435,-0.01472,0.00088,9e-05,-5e-05
37.66,0.0047,0.00053,5e-05,-2e-05,-5e-05,0,0.00016,-0.00023,5e-05,3e-05,-0,1e-05,0,-0.00011,-4e-05,1e-05,2e-05,0,1e-05,0,-0.03011,0,0.00091,0.06241,0.00115,-0.0004,-0.00058,0.00714,0.00304,0.00387,-0.00773,0.00068,0.00011,-5e-05
37.68,0.00572,0.00069,2e-05,-8e-05,-7e-05,0,0.00013,-0.00025,5e-05,1e-05,-0,1e-05,-0,-0.00018,-5e-05,1e-05,-0,0,0,0,-0.03006,-0.00012,0.00153,0.06447,0.00135,-0.00036,-0.00061,0.00734,0.00309,0.0033,-0.00275,0.00048,0.00012,-3e-05
37.7,0.00704,0.00078,-0,-0.0001,-8e-05,0,0.0001,-0.00026,6e-05,1e-05,-0,1e-05,-1e-05,-0.00024,-7e-05,1e-05,-3e-05,0,0,0,-0.02844,-2e-05,0.00196,0.06348,0.00148,-0.00032,-0.0006,0.00633,0.00309,0.00273,-0.00014,0.00032,0.00011,-1e-05
37.72,0.00849,0.00078,-1e-05,-6e-05,-9e-05,0,7e-05,-0.00026,7e-05,-0,-0,1e-05,-1e-05,-0.00028,-8e-05,0,-6e-05,0,0,0,-0.02575,6e-05,0.00194,0.0602,0.00154,-0.00028,-0.00057,0.0045,0.00317,0.00228,0.00034,0.00018,0.0001,1e-05
37.74,0.00994,0.00069,-1e-05,0,-0.00011,0,5e-05,-0.00027,7e-05,-1e-05,-0,0,-1e-05,-0.00031,-9e-05,0,-8e-05,0,0,-0,-0.02228,-0.00024,0.00167,0.05534,0.00153,-0.00024,-0.00052,0.00248,0.0034,0.00207,-0.00066,7e-05,9e-05,3e-05
37.76,0.01128,0.0005,-1e-05,9e-05,-0.00012,0,3e-05,-0.00027,7e-05,-1e-05,-0,0,-1e-05,-0.00032,-0.0001,1e-05,-0.00011,0,0,-0,-0.01833,-0.00083,0.00134,0.04947,0.00146,-0.00019,-0.00045,0.00042,0.00366,0.00204,-0.00238,-1e-05,8e-05,5e-05
37.78,0.01238,0.00021,-2e-05,0.00017,-0.00013,0,2e-05,-0.00026,8e-05,-2e-05,-0,0,-2e-05,-0.00031,-0.0001,1e-05,-0.00012,0,0,-1e-05,-0.0142,-0.00163,0.001,0.04309,0.00135,-0.00015,-0.00037,-0.00076,0.00368,0.00193,-0.00308,-5e-05,6e-05,5e-05
37.8,0.0132,-0.00018,-4e-05,0.00025,-0.00014,0,1e-05,-0.00026,8e-05,-2e-05,-0,0,-2e-05,-0.00028,-0.0001,1e-05,-0.00014,0,-0,-1e-05,-0.01019,-0.00284,0.00062,0.0367,0.00122,-0.00012,-0.00029,-0.00196,0.00357,0.00172,-0.00331,-7e-05,3e-05,4e-05
37.82,0.0137,-0.00065,-7e-05,0.00031,-0.00015,0,0,-0.00026,8e-05,-3e-05,-0,0,-2e-05,-0.00023,-9e-05,1e-05,-0.00015,0,-0,-1e-05,-0.00653,-0.0048,0.00026,0.03064,0.00111,-9e-05,-0.00023,-0.00319,0.00337,0.0015,-0.00334,-8e-05,2e-05,4e-05
37.84,0.01381,-0.00119,-0.00013,0.00034,-0.00016,0,-0,-0.00025,8e-05,-4e-05,-0,0,-2e-05,-0.00016,-7e-05,1e-05,-0.00015,0,-0,-1e-05,-0.00327,-0.00717,8e-05,0.02503,0.00103,-6e-05,-0.00017,-0.00432,0.00319,0.00128,-0.00318,-9e-05,1e-05,3e-05
37.86,0.01354,-0.00181,-0.00019,0.00034,-0.00016,0,-0,-0.00024,8e-05,-5e-05,-0,0,-2e-05,-8e-05,-5e-05,1e-05,-0.00015,0,-0,-2e-05,-0.00044,-0.00938,1e-05,0.02003,0.001,-5e-05,-0.00014,-0.00529,0.00307,0.00107,-0.00289,-9e-05,1e-05,3e-05
37.88,0.01293,-0.00248,-0.00027,0.0003,-0.00015,0,0,-0.00023,8e-05,-6e-05,-0,0,-2e-05,0,-3e-05,1e-05,-0.00015,0,-0,-2e-05,0.0019,-0.01131,-6e-05,0.0158,0.00103,-4e-05,-0.00012,-0.00592,0.00297,0.00091,-0.00253,-9e-05,1e-05,2e-05
37.9,0.01215,-0.00317,-0.00035,0.00024,-0.00013,0,1e-05,-0.00022,8e-05,-7e-05,-0,0,-2e-05,8e-05,-1e-05,1e-05,-0.00014,-0,-0,-2e-05,0.00374,-0.01311,-0.00021,0.01265,0.00109,-3e-05,-0.00012,-0.00624,0.0029,0.00076,-0.00216,-8e-05,1e-05,2e-05
37.92,0.01134,-0.00378,-0.00043,0.00017,-0.0001,0,2e-05,-0.00021,8e-05,-8e-05,-0,0,-2e-05,0.00014,1e-05,1e-05,-0.00013,-0,0,-2e-05,0.00504,-0.0149,-0.00051,0.01084,0.00118,-3e-05,-0.00013,-0.0063,0.00286,0.00058,-0.00179,-7e-05,1e-05,2e-05
37.94,0.01055,-0.00429,-0.0005,9e-05,-6e-05,0,3e-05,-0.0002,7e-05,-8e-05,-0,0,-2e-05,0.00019,3e-05,1e-05,-0.00012,-0,0,-2e-05,0.0058,-0.01659,-0.00099,0.01045,0.00127,-4e-05,-0.00014,-0.00597,0.00273,0.00042,-0.00151,-5e-05,0,1e-05
37.96,0.00977,-0.00464,-0.00055,0,-2e-05,0,4e-05,-0.0002,6e-05,-8e-05,-0,0,-2e-05,0.00023,5e-05,1e-05,-0.0001,-0,0,-2e-05,0.00604,-0.01812,-0.00162,0.01151,0.00137,-4e-05,-0.00015,-0.00522,0.00251,0.00031,-0.00134,-3e-05,0,1e-05
37.98,0.00906,-0.00479,-0.00057,-8e-05,3e-05,0,4e-05,-0.0002,5e-05,-7e-05,-0,0,-2e-05,0.00024,7e-05,1e-05,-9e-05,-0,0,-2e-05,0.00579,-0.01952,-0.00239,0.01399,0.00145,-4e-05,-0.00016,-0.00415,0.00226,0.00024,-0.00128,-0,-0,0
38,0.00847,-0.00466,-0.00056,-0.00016,7e-05,0,5e-05,-0.00021,4e-05,-5e-05,-0,0,-2e-05,0.00024,7e-05,1e-05,-7e-05,-0,0,-2e-05,0.00511,-0.02111,-0.00336,0.0176,0.00153,-4e-05,-0.00016,-0.00295,0.00189,0.0002,-0.00131,2e-05,-1e-05,-0
38.02,0.008,-0.00422,-0.00051,-0.00023,0.0001,0,4e-05,-0.00022,3e-05,-3e-05,-0,0,-3e-05,0.00023,6e-05,1e-05,-5e-05,-0,0,-2e-05,0.0041,-0.02311,-0.00462,0.02182,0.0016,-4e-05,-0.00015,-0.00195,8e-05,-5e-05,-0.00037,6e-05,-2e-05,-1e-05
38.04,0.00762,-0.00351,-0.00042,-0.00028,0.00011,0,3e-05,-0.00023,1e-05,-1e-05,-0,0,-2e-05,0.00022,5e-05,2e-05,-4e-05,-0,0,-2e-05,0.00283,-0.02513,-0.00608,0.02617,0.00163,-3e-05,-0.00014,-0.00101,-0.00148,-0.0002,0.00044,8e-05,-3e-05,-2e-05
38.06,0.00731,-0.00259,-0.0003,-0.00032,0.0001,0,2e-05,-0.00024,-0,2e-05,-0,0,-2e-05,0.0002,4e-05,2e-05,-2e-05,-0,0,-2e-05,0.00145,-0.02682,-0.00753,0.03019,0.0016,-2e-05,-0.00011,-0.00021,-0.00223,-0.00014,0.00091,9e-05,-5e-05,-4e-05
38.08,0.00701,-0.00157,-0.00016,-0.00034,8e-05,0,-1e-05,-0.00025,-2e-05,5e-05,-0,0,-2e-05,0.00018,2e-05,2e-05,-1e-05,-0,0,-1e-05,9e-05,-0.02813,-0.00879,0.0332,0.00149,0,-8e-05,0.0004,-0.00164,0.00022,0.00085,7e-05,-6e-05,-5e-05
38.1,0.0067,-0.00058,-1e-05,-0.00036,5e-05,0,-4e-05,-0.00025,-3e-05,7e-05,-0,0,-2e-05,0.00016,1e-05,2e-05,0,-0,0,-1e-05,-0.00108,-0.02931,-0.00947,0.03465,0.00125,2e-05,-3e-05,0.00081,0.00089,0.00095,3e-05,0,-7e-05,-5e-05
38.12,0.00633,0.00025,0.00013,-0.00037,3e-05,0,-7e-05,-0.00023,-4e-05,0.0001,-0,0,-2e-05,0.00013,-0,3e-05,2e-05,-0,0,-1e-05,-0.00197,-0.03057,-0.00917,0.03444,0.00087,5e-05,3e-05,0.00108,0.00548,0.00205,-0.00163,-0.00012,-8e-05,-5e-05
38.14,0.00586,0.00077,0.00022,-0.00039,2e-05,0,-0.00011,-0.00019,-5e-05,0.00012,-0,0,-2e-05,0.0001,0,3e-05,3e-05,-0,0,-1e-05,-0.0025,-0.03136,-0.00778,0.03253,0.00035,8e-05,9e-05,0.00127,0.01169,0.00336,-0.00405,-0.00028,-8e-05,-5e-05
38.16,0.00528,0.00096,0.00027,-0.00042,1e-05,-0,-0.00016,-0.00014,-5e-05,0.00013,-0,0,-2e-05,6e-05,2e-05,3e-05,4e-05,-0,0,-1e-05,-0.00271,-0.03117,-0.00559,0.02907,-0.00026,0.0001,0.00016,0.00139,0.01903,0.00463,-0.00699,-0.00049,-9e-05,-4e-05
38.18,0.00461,0.00084,0.00027,-0.00045,-0,-0,-0.00021,-9e-05,-5e-05,0.00014,0,0,-1e-05,1e-05,5e-05,4e-05,5e-05,-0,-0,-1e-05,-0.00267,-0.02974,-0.00306,0.02479,-0.00087,0.00012,0.00022,0.00142,0.02679,0.00567,-0.01003,-0.0007,-9e-05,-4e-05
38.2,0.00391,0.00046,0.00022,-0.00048,-1e-05,-0,-0.00026,-4e-05,-4e-05,0.00014,0,0,-1e-05,-5e-05,9e-05,4e-05,5e-05,-0,-0,-1e-05,-0.00266,-0.02652,-0.00074,0.01939,-0.00136,0.00013,0.00026,0.00134,0.03408,0.00632,-0.0127,-0.0009,-9e-05,-3e-05
38.22,0.00322,-4e-05,0.00015,-0.00049,-3e-05,-0,-0.00028,-1e-05,-2e-05,0.00013,0,0,-1e-05,-0.00011,0.00012,4e-05,5e-05,-0,-0,-1e-05,-0.00291,-0.02158,0.00085,0.01289,-0.00164,0.00011,0.00027,0.00103,0.03982,0.00651,-0.0144,-0.00105,-0.0001,-3e-05
38.24,0.00264,-0.00051,8e-05,-0.00049,-5e-05,-0,-0.0003,1e-05,-1e-05,0.00011,0,0,-1e-05,-0.00018,0.00014,4e-05,5e-05,-0,0,-1e-05,-0.00312,-0.01553,0.00154,0.00723,-0.00166,8e-05,0.00024,0.00014,0.04335,0.00624,-0.014,-0.00115,-0.0001,-3e-05
38.26,0.00218,-0.00083,2e-05,-0.00046,-6e-05,-0,-0.00031,1e-05,1e-05,0.0001,0,-0,-1e-05,-0.00025,0.00013,5e-05,5e-05,-0,0,-1e-05,-0.00309,-0.00934,0.00153,0.00336,-0.00142,5e-05,0.00019,-0.00167,0.04453,0.00568,-0.01029,-0.00118,-9e-05,-3e-05
38.28,0.00184,-0.0009,-1e-05,-0.00041,-7e-05,-0,-0.00031,-2e-05,3e-05,7e-05,0,-0,-0,-0.0003,0.0001,5e-05,5e-05,-0,0,-1e-05,-0.00272,-0.0042,0.00109,0.00105,-0.00104,1e-05,0.00013,-0.0046,0.04295,0.00499,-0.00261,-0.00117,-8e-05,-2e-05
38.3,0.00158,-0.00067,-0,-0.00034,-5e-05,-0,-0.00032,-6e-05,4e-05,5e-05,0,-0,-0,-0.00035,4e-05,5e-05,5e-05,-0,0,-0,-0.00214,-0.0009,0.0006,0.00011,-0.00064,-2e-05,7e-05,-0.0087,0.03927,0.00426,0.00908,-0.00115,-6e-05,-0
38.32,0.00135,-0.00021,4e-05,-0.00028,-2e-05,-0,-0.00033,-8e-05,4e-05,3e-05,0,-1e-05,0,-0.00039,-4e-05,4e-05,5e-05,-0,0,-0,-0.00137,0.00014,0.00022,-0.00019,-0.0003,-3e-05,2e-05,-0.01389,0.0347,0.0035,0.0235,-0.00115,-4e-05,2e-05
38.34,0.0011,0.00036,0.00011,-0.00022,3e-05,-0,-0.00035,-0.0001,3e-05,2e-05,0,-1e-05,1e-05,-0.0004,-0.00012,4e-05,5e-05,-0,0,-0,-0.00032,-0.00057,-0.0001,-0.00011,-8e-05,-3e-05,-1e-05,-0.01996,0.0291,0.00264,0.03897,-0.0012,-1e-05,6e-05
38.36,0.00082,0.00095,0.00018,-0.00017,8e-05,-0,-0.00035,-0.00011,3e-05,1e-05,-0,-1e-05,1e-05,-0.0004,-0.00021,4e-05,5e-05,-0,0,-0,0.00092,-0.00155,-0.00022,-0.00019,1e-05,-2e-05,-1e-05,-0.02652,0.02261,0.00151,0.05422,-0.00128,2e-05,0.00011
38.38,0.0005,0.00148,0.00026,-0.00014,0.00015,-0,-0.00033,-0.0001,2e-05,0,-0,-1e-05,1e-05,-0.00039,-0.00028,3e-05,6e-05,-0,0,0,0.00225,-0.00237,-0.00029,-0.00047,3e-05,-1e-05,-0,-0.03304,0.0159,-0.00017,0.06787,-0.0014,4e-05,0.00016
38.4,0.00017,0.00186,0.00032,-0.00011,0.00021,-0,-0.0003,-9e-05,0,0,-0,-1e-05,2e-05,-0.00036,-0.00035,3e-05,6e-05,-0,0,0,0.00337,-0.00344,-0.00048,-0.00047,2e-05,-0,-0,-0.03936,0.00979,-0.00223,0.0782,-0.00155,7e-05,0.00021
38.42,-0.00015,0.00199,0.00036,-0.0001,0.00025,-0,-0.00025,-8e-05,-1e-05,0,-0,-0,2e-05,-0.00033,-0.00039,2e-05,6e-05,-0,0,1e-05,0.00416,-0.00445,-0.00076,-0.00012,1e-05,1e-05,-0,-0.0454,0.00507,-0.00386,0.08369,-0.00171,9e-05,0.00024
38.44,-0.00044,0.00191,0.00038,-0.0001,0.00028,-0,-0.00019,-7e-05,-2e-05,1e-05,-0,-0,3e-05,-0.0003,-0.00041,1e-05,5e-05,-0,0,1e-05,0.00525,-0.00289,-0.00066,-0.00168,-0,2e-05,-1e-05,-0.04994,0.00153,-0.0048,0.0841,-0.00184,0.00011,0.00026
38.46,-0.00068,0.00169,0.00037,-0.0001,0.00029,-0,-0.00011,-5e-05,-3e-05,1e-05,-0,-0,3e-05,-0.00026,-0.00041,0,5e-05,-0,0,1e-05,0.00605,-0.00067,-0.00047,-0.00444,2e-05,3e-05,-3e-05,-0.05204,-0.00131,-0.00514,0.07972,-0.0019,0.00013,0.00025
38.48,-0.00089,0.00138,0.00034,-0.0001,0.00028,-0,-3e-05,-3e-05,-4e-05,1e-05,-0,0,3e-05,-0.00023,-0.0004,-1e-05,4e-05,-0,0,1e-05,0.00659,0.00169,-0.0002,-0.0084,7e-05,4e-05,-6e-05,-0.05142,-0.00328,-0.00456,0.07062,-0.0019,0.00014,0.00022
38.5,-0.00105,0.00105,0.00029,-0.00012,0.00025,-0,4e-05,-1e-05,-4e-05,1e-05,-0,0,3e-05,-0.0002,-0.00037,-2e-05,3e-05,-0,0,1e-05,0.00645,0.00361,6e-05,-0.01271,0.00012,5e-05,-9e-05,-0.04836,-0.00457,-0.00335,0.05822,-0.00181,0.00015,0.00018
38.52,-0.0012,0.00076,0.00023,-0.00015,0.00022,-0,0.00011,-1e-05,-4e-05,1e-05,-0,1e-05,3e-05,-0.00018,-0.00032,-4e-05,1e-05,0,0,1e-05,0.00387,0.00474,9e-05,-0.01522,0.00018,6e-05,-0.00012,-0.04342,-0.00552,-0.002,0.04419,-0.00164,0.00016,0.00013
38.54,-0.00132,0.00052,0.00017,-0.0002,0.00019,-0,0.00016,-0,-4e-05,1e-05,-0,1e-05,2e-05,-0.00016,-0.00027,-5e-05,-0,0,0,1e-05,-0.00137,0.00484,-0.00022,-0.0157,0.00022,8e-05,-0.00013,-0.03691,-0.00581,-0.00055,0.02945,-0.0014,0.00016,8e-05
38.56,-0.00144,0.00031,0.00011,-0.00025,0.00016,-0,0.00019,0,-3e-05,1e-05,-0,1e-05,2e-05,-0.00014,-0.00021,-6e-05,-2e-05,0,0,1e-05,-0.0076,0.00389,-0.00083,-0.01496,0.00023,8e-05,-0.00013,-0.02934,-0.00536,0.00081,0.01525,-0.00112,0.00016,5e-05
38.58,-0.00158,0.00013,5e-05,-0.00032,0.00013,-0,0.00021,-1e-05,-2e-05,1e-05,-0,1e-05,1e-05,-0.00013,-0.00015,-6e-05,-4e-05,0,0,1e-05,-0.01424,0.00199,-0.00166,-0.01301,0.00023,9e-05,-0.00012,-0.02147,-0.00445,0.00181,0.00298,-0.00081,0.00015,2e-05
38.6,-0.00175,-4e-05,-1e-05,-0.00039,9e-05,-0,0.0002,-2e-05,-1e-05,1e-05,-0,1e-05,1e-05,-0.00011,-0.0001,-7e-05,-6e-05,0,0,1e-05,-0.01895,0.00026,-0.00218,-0.01046,0.00023,8e-05,-0.0001,-0.01406,-0.00326,0.00235,-0.00654,-0.00046,0.00014,0
38.62,-0.00199,-0.00021,-5e-05,-0.00045,6e-05,-0,0.00019,-3e-05,-0,1e-05,-0,1e-05,1e-05,-0.0001,-5e-05,-7e-05,-7e-05,0,0,1e-05,-0.01981,-0.00028,-0.00184,-0.00791,0.00023,7e-05,-9e-05,-0.00744,-0.00208,0.00245,-0.01345,-9e-05,0.00012,-1e-05
38.64,-0.00231,-0.00036,-8e-05,-0.00049,3e-05,-0,0.00018,-5e-05,1e-05,1e-05,-0,1e-05,0,-8e-05,-2e-05,-7e-05,-7e-05,0,0,1e-05,-0.01805,-0.00035,-0.00108,-0.00585,0.00025,6e-05,-8e-05,-0.00163,-0.00111,0.00224,-0.018,0.00028,0.00011,-1e-05
38.66,-0.00274,-0.00044,-9e-05,-0.00052,0,-0,0.00016,-7e-05,2e-05,0,-0,1e-05,-0,-6e-05,1e-05,-6e-05,-7e-05,0,0,1e-05,-0.01486,-0.00049,-0.00016,-0.00454,0.00029,5e-05,-7e-05,0.00313,-0.00038,0.00188,-0.02028,0.00063,9e-05,-1e-05
38.68,-0.00329,-0.00044,-8e-05,-0.00053,-3e-05,-0,0.00014,-0.0001,4e-05,-0,-0,0,-0,-4e-05,2e-05,-5e-05,-6e-05,0,0,1e-05,-0.01076,-0.00054,0.00091,-0.00383,0.00035,4e-05,-7e-05,0.00645,0.00015,0.00144,-0.02013,0.00093,7e-05,-0
38.7,-0.00397,-0.00029,-5e-05,-0.00053,-5e-05,-0,0.00012,-0.00012,5e-05,-0,-0,0,-0,-2e-05,3e-05,-5e-05,-4e-05,0,-0,1e-05,-0.00586,-0.00035,0.00197,-0.00377,0.00041,3e-05,-7e-05,0.00817,0.00054,0.00099,-0.01912,0.00112,5e-05,0
38.72,-0.00478,1e-05,-1e-05,-0.00054,-8e-05,0,9e-05,-0.00013,6e-05,0,-0,0,-0,-1e-05,3e-05,-4e-05,-2e-05,0,-0,1e-05,-0.00114,-6e-05,0.00261,-0.0045,0.00044,2e-05,-8e-05,0.00867,0.00089,0.00058,-0.01846,0.00117,3e-05,1e-05
38.74,-0.00568,0.00046,5e-05,-0.00056,-0.0001,0,7e-05,-0.00014,6e-05,1e-05,-0,0,-0,0,2e-05,-4e-05,0,0,-0,1e-05,0.00211,-2e-05,0.00275,-0.00547,0.00044,0,-9e-05,0.00774,0.0012,0.00024,-0.01565,0.00109,1e-05,1e-05
38.76,-0.00663,0.00104,0.00011,-0.0006,-0.00012,0,6e-05,-0.00014,7e-05,2e-05,-0,-0,-0,1e-05,2e-05,-4e-05,2e-05,0,-0,1e-05,0.00393,-0.00025,0.00264,-0.00608,0.00041,-1e-05,-9e-05,0.00517,0.00134,-2e-05,-0.01016,0.00092,-1e-05,1e-05
38.78,-0.00757,0.0017,0.00017,-0.00066,-0.00014,0,4e-05,-0.00014,8e-05,4e-05,-0,-0,-0,2e-05,1e-05,-4e-05,4e-05,0,-0,1e-05,0.00457,-0.00073,0.00225,-0.00616,0.00035,-3e-05,-9e-05,0.00168,0.0013,-0.00019,-0.00376,0.00069,-2e-05,1e-05
38.8,-0.00846,0.00232,0.00022,-0.00074,-0.00015,0,4e-05,-0.00013,9e-05,6e-05,-0,-0,-0,3e-05,0,-4e-05,7e-05,0,-0,1e-05,0.00443,-0.00145,0.00168,-0.00537,0.00026,-4e-05,-8e-05,-0.00212,0.00109,-0.00025,0.00222,0.00046,-2e-05,1e-05
38.82,-0.00929,0.00273,0.00026,-0.00083,-0.00015,0,3e-05,-0.00012,0.0001,9e-05,-0,-0,-0,3e-05,-0,-3e-05,8e-05,0,-0,1e-05,0.00395,-0.00236,0.00111,-0.0036,0.00017,-3e-05,-6e-05,-0.00526,0.00097,-0.00021,0.00584,0.00027,-2e-05,1e-05
38.84,-0.00997,0.00289,0.0003,-0.00093,-0.00014,0,3e-05,-0.00011,0.00011,0.00012,-0,-0,0,3e-05,-1e-05,-3e-05,0.0001,0,0,1e-05,0.00322,-0.00348,0.00058,-0.00113,6e-05,-2e-05,-3e-05,-0.00701,0.00104,-5e-05,0.00637,0.00012,-1e-05,1e-05
38.86,-0.01042,0.00281,0.00031,-0.00102,-0.00014,0,3e-05,-0.0001,0.00012,0.00015,-0,-0,0,4e-05,-1e-05,-3e-05,0.00011,0,0,2e-05,0.00227,-0.00478,0.00015,0.00176,-4e-05,-0,1e-05,-0.00685,0.00124,0.0002,0.00398,4e-05,-0,0
38.88,-0.01067,0.00249,0.00031,-0.0011,-0.00013,0,3e-05,-9e-05,0.00012,0.00018,-0,-0,0,4e-05,-1e-05,-2e-05,0.00012,0,0,2e-05,0.00118,-0.00611,-0.00012,0.00472,-0.00015,3e-05,6e-05,-0.00594,0.00133,0.00045,0.00135,0,-0,0
38.9,-0.01075,0.00205,0.00029,-0.00116,-0.00012,0,4e-05,-8e-05,0.00013,0.00019,-0,-1e-05,0,4e-05,-1e-05,-2e-05,0.00013,0,0,2e-05,-4e-05,-0.00756,-0.00025,0.00721,-0.00026,6e-05,0.00011,-0.00509,0.00117,0.00062,-0.00103,-0,-0,-0
38.92,-0.01073,0.00158,0.00027,-0.00119,-0.00011,0,3e-05,-7e-05,0.00013,0.00019,-0,-1e-05,1e-05,5e-05,-1e-05,-2e-05,0.00013,0,0,2e-05,-0.00139,-0.0093,-0.00024,0.00859,-0.00037,0.0001,0.00016,-0.00403,0.00075,0.00053,-0.00248,-1e-05,-0,-0
38.94,-0.01065,0.00108,0.00025,-0.00118,-0.0001,0,3e-05,-5e-05,0.00013,0.00018,-0,-1e-05,1e-05,5e-05,-0,-2e-05,0.00012,0,0,2e-05,-0.00284,-0.01097,-8e-05,0.00866,-0.00047,0.00013,0.0002,-0.00306,1e-05,4e-05,-0.00192,-6e-05,0,1e-05
38.96,-0.01058,0.00057,0.00024,-0.00113,-8e-05,0,3e-05,-3e-05,0.00014,0.00015,-0,-1e-05,1e-05,5e-05,0,-1e-05,0.00011,0,0,2e-05,-0.00434,-0.01219,0.00017,0.00761,-0.00057,0.00015,0.00023,-0.00247,-0.00088,-0.0008,0.00015,-0.00019,2e-05,3e-05
38.98,-0.01061,0.00011,0.00023,-0.00106,-6e-05,0,4e-05,-1e-05,0.00014,0.0001,-0,-0,1e-05,6e-05,1e-05,-1e-05,0.0001,0,0,2e-05,-0.00573,-0.01293,0.00042,0.00575,-0.00064,0.00016,0.00025,-0.00247,-0.00183,-0.00193,0.00275,-0.00043,6e-05,7e-05
39,-0.01088,-0.00032,0.00022,-0.00097,-5e-05,0,6e-05,2e-05,0.00013,4e-05,-0,-0,1e-05,7e-05,1e-05,-1e-05,8e-05,0,0,2e-05,-0.00712,-0.01313,0.0006,0.00366,-0.00066,0.00016,0.00024,-0.00307,-0.00255,-0.00321,0.00499,-0.00078,0.00013,0.00012
39.02,-0.01152,-0.00068,0.00022,-0.00087,-3e-05,0,0.0001,4e-05,0.00013,-3e-05,-0,-0,1e-05,8e-05,2e-05,-1e-05,6e-05,0,0,2e-05,-0.00889,-0.01268,0.00063,0.00186,-0.00061,0.00013,0.00021,-0.00386,-0.00269,-0.00447,0.00707,-0.00116,0.00021,0.00018
39.04,-0.01259,-0.00097,0.00022,-0.00079,-2e-05,0,0.00014,7e-05,0.00012,-0.00011,-0,-0,1e-05,8e-05,2e-05,-1e-05,3e-05,0,0,2e-05,-0.01073,-0.01176,0.00045,0.00064,-0.00048,9e-05,0.00017,-0.00484,-0.00208,-0.00558,0.00846,-0.00149,0.00028,0.00023
39.06,-0.01408,-0.0012,0.00021,-0.00073,-1e-05,0,0.0002,9e-05,0.00012,-0.00018,-0,0,1e-05,9e-05,2e-05,-1e-05,-1e-05,0,0,1e-05,-0.01225,-0.01058,3e-05,4e-05,-0.00026,5e-05,0.00012,-0.00626,-0.00059,-0.0064,0.00842,-0.00168,0.00031,0.00025
39.08,-0.01594,-0.00135,0.0002,-0.00069,-1e-05,0,0.00028,0.0001,0.0001,-0.00025,-0,1e-05,1e-05,0.0001,2e-05,-0,-5e-05,0,1e-05,1e-05,-0.01345,-0.00925,-0.00061,-3e-05,2e-05,1e-05,7e-05,-0.00813,0.0018,-0.00684,0.00709,-0.00167,0.00029,0.00022
39.1,-0.01806,-0.00141,0.00018,-0.00066,-2e-05,0,0.00036,0.00012,9e-05,-0.00032,-0,1e-05,1e-05,9e-05,2e-05,-0,-9e-05,0,1e-05,0,-0.01451,-0.00803,-0.00141,0.00021,0.00035,-0,3e-05,-0.01005,0.00481,-0.0067,0.00554,-0.00144,0.00021,0.00017
39.12,-0.02032,-0.00136,0.00016,-0.00065,-2e-05,0,0.00045,0.00012,8e-05,-0.00037,0,2e-05,0,8e-05,2e-05,-0,-0.00012,0,1e-05,-1e-05,-0.01564,-0.00714,-0.00237,0.00053,0.00069,-1e-05,1e-05,-0.01132,0.0074,-0.00583,0.00444,-0.00105,8e-05,8e-05
39.14,-0.02247,-0.00119,0.00015,-0.00064,-2e-05,0,0.00053,0.00012,6e-05,-0.0004,0,2e-05,0,7e-05,2e-05,-0,-0.00014,0,1e-05,-1e-05,-0.01676,-0.00647,-0.0034,0.00077,0.00102,0,-1e-05,-0.01216,0.00901,-0.00452,0.00296,-0.00063,-5e-05,0
39.16,-0.0243,-0.00089,0.00015,-0.00065,-2e-05,0,0.00062,0.00012,4e-05,-0.00043,0,2e-05,-0,4e-05,1e-05,-1e-05,-0.00015,0,2e-05,-2e-05,-0.01776,-0.00596,-0.0044,0.00087,0.0013,1e-05,-3e-05,-0.01306,0.0098,-0.003,0.00088,-0.00026,-0.00017,-7e-05
39.18,-0.0257,-0.00053,0.00017,-0.00066,-1e-05,0,0.00071,0.00012,3e-05,-0.00045,0,3e-05,-1e-05,1e-05,1e-05,-1e-05,-0.00016,0,2e-05,-2e-05,-0.01865,-0.00568,-0.0053,0.00083,0.00151,2e-05,-4e-05,-0.01388,0.00967,-0.00136,-0.00144,1e-05,-0.00025,-0.00011
39.2,-0.02662,-0.00016,0.00021,-0.00068,-0,0,0.00079,0.00011,1e-05,-0.00046,0,3e-05,-1e-05,-2e-05,0,-1e-05,-0.00015,0,2e-05,-2e-05,-0.01955,-0.00562,-0.00602,0.00067,0.00166,3e-05,-4e-05,-0.01449,0.00896,0.00024,-0.00388,0.00016,-0.00029,-0.00013
39.22,-0.02709,0.00013,0.00025,-0.00073,0,0,0.00085,0.00011,-1e-05,-0.00047,0,3e-05,-1e-05,-2e-05,0,-1e-05,-0.00013,0,2e-05,-2e-05,-0.02058,-0.00575,-0.00654,0.00043,0.00173,3e-05,-5e-05,-0.01483,0.00807,0.00172,-0.00626,0.00022,-0.0003,-0.00014
39.24,-0.02703,0.00031,0.00028,-0.00081,0,0,0.0009,0.00011,-3e-05,-0.00048,0,2e-05,-2e-05,-1e-05,-0,-2e-05,-0.0001,0,2e-05,-2e-05,-0.02145,-0.00606,-0.00675,0.00013,0.00171,3e-05,-5e-05,-0.01496,0.00705,0.003,-0.00862,0.00021,-0.00029,-0.00012
39.26,-0.02645,0.00038,0.00029,-0.00092,1e-05,0,0.00094,0.00011,-4e-05,-0.00048,0,2e-05,-2e-05,-0,0,-2e-05,-6e-05,0,2e-05,-2e-05,-0.02191,-0.00652,-0.00661,-0.00019,0.00162,2e-05,-5e-05,-0.01508,0.00596,0.004,-0.011,0.00014,-0.00026,-0.00011
39.28,-0.02541,0.00036,0.00029,-0.00105,1e-05,0,0.00096,0.00012,-5e-05,-0.00049,0,2e-05,-2e-05,0,0,-3e-05,-1e-05,0,2e-05,-2e-05,-0.02194,-0.00709,-0.0061,-0.00049,0.00146,1e-05,-3e-05,-0.01518,0.00494,0.00469,-0.01342,4e-05,-0.00022,-9e-05
39.3,-0.02399,0.0003,0.00027,-0.00121,1e-05,0,0.00098,0.00013,-7e-05,-0.00048,0,1e-05,-2e-05,0,1e-05,-4e-05,4e-05,0,2e-05,-2e-05,-0.02133,-0.00769,-0.00524,-0.00074,0.00123,-1e-05,-1e-05,-0.01525,0.00398,0.00504,-0.01604,-8e-05,-0.00018,-7e-05
39.32,-0.02226,0.00023,0.00025,-0.00137,1e-05,0,0.00101,0.00016,-8e-05,-0.00045,0,1e-05,-2e-05,1e-05,1e-05,-5e-05,8e-05,0,2e-05,-1e-05,-0.01988,-0.00821,-0.00409,-0.00092,0.00097,-2e-05,2e-05,-0.01533,0.00307,0.00502,-0.01905,-0.0002,-0.00013,-5e-05
39.34,-0.02043,0.00017,0.00022,-0.00152,1e-05,-0,0.00103,0.00019,-9e-05,-0.00039,0,1e-05,-2e-05,1e-05,2e-05,-5e-05,0.00013,0,1e-05,-1e-05,-0.01774,-0.00852,-0.00276,-0.001,0.00069,-4e-05,5e-05,-0.01539,0.00226,0.00462,-0.02232,-0.0003,-0.0001,-3e-05
39.36,-0.01863,0.00011,0.0002,-0.00166,1e-05,-0,0.00102,0.00022,-0.00011,-0.00033,0,1e-05,-2e-05,1e-05,2e-05,-5e-05,0.00019,0,1e-05,-1e-05,-0.01504,-0.00849,-0.0014,-0.00097,0.00042,-6e-05,8e-05,-0.01541,0.00158,0.00388,-0.02562,-0.00039,-6e-05,-2e-05
39.38,-0.01689,6e-05,0.00017,-0.00176,1e-05,-0,0.00099,0.00025,-0.00012,-0.00025,0,1e-05,-2e-05,0,3e-05,-5e-05,0.00025,0,1e-05,-0,-0.01194,-0.00795,-0.00023,-0.00084,0.0002,-7e-05,0.00011,-0.01542,0.00101,0.00281,-0.02879,-0.00045,-3e-05,-1e-05
39.4,-0.01522,3e-05,0.00015,-0.00183,0,-0,0.00094,0.00029,-0.00013,-0.00016,0,0,-1e-05,-1e-05,3e-05,-6e-05,0.0003,0,1e-05,-0,-0.0086,-0.0068,0.00058,-0.00063,3e-05,-7e-05,0.00012,-0.01522,0.00059,0.00159,-0.03151,-0.00049,-1e-05,0
39.42,-0.01362,1e-05,0.00014,-0.00184,0,-0,0.00087,0.00032,-0.00013,-7e-05,0,0,-1e-05,-2e-05,3e-05,-5e-05,0.00035,0,1e-05,-0,-0.00535,-0.00507,0.00087,-0.00039,-6e-05,-7e-05,0.00011,-0.01459,0.00033,0.00046,-0.03332,-0.00051,-0,1e-05
39.44,-0.01212,-0,0.00012,-0.00181,0,-0,0.0008,0.00035,-0.00011,2e-05,0,0,-1e-05,-3e-05,3e-05,-5e-05,0.00038,0,1e-05,0,-0.00263,-0.00305,0.00071,-0.00018,-8e-05,-7e-05,9e-05,-0.01362,0.00018,-0.00052,-0.03384,-0.0005,0,2e-05
39.46,-0.01069,-1e-05,0.0001,-0.00172,0,-0,0.00072,0.00036,-0.0001,0.0001,0,0,-1e-05,-3e-05,3e-05,-5e-05,0.00041,0,1e-05,0,-0.00065,-0.00113,0.00032,-5e-05,-7e-05,-6e-05,7e-05,-0.01243,0.0001,-0.00136,-0.03279,-0.00047,0,2e-05
39.48,-0.00931,-2e-05,9e-05,-0.00158,0,0,0.00064,0.00035,-8e-05,0.00017,0,0,-1e-05,-4e-05,3e-05,-5e-05,0.00043,0,1e-05,0,0.00059,0.00044,-0.00011,0,-4e-05,-4e-05,4e-05,-0.01099,4e-05,-0.00198,-0.03024,-0.00042,0,2e-05
39.5,-0.00794,-2e-05,7e-05,-0.0014,0,0,0.00055,0.00034,-6e-05,0.00022,0,0,-0,-4e-05,2e-05,-5e-05,0.00043,0,1e-05,0,0.00116,0.00148,-0.00042,-2e-05,-1e-05,-3e-05,2e-05,-0.00925,-2e-05,-0.00233,-0.02628,-0.00037,0,2e-05
39.52,-0.00654,-2e-05,6e-05,-0.00117,0,0,0.00044,0.00031,-5e-05,0.00022,0,0,-0,-4e-05,1e-05,-4e-05,0.0004,0,1e-05,0,0.00119,0.00193,-0.00053,-9e-05,-0,-2e-05,1e-05,-0.00725,-8e-05,-0.00238,-0.02126,-0.00032,0,1e-05
39.54,-0.00511,-1e-05,5e-05,-0.00092,0,0,0.00032,0.00027,-4e-05,0.00019,0,0,-0,-3e-05,1e-05,-4e-05,0.00034,0,1e-05,0,0.00084,0.0019,-0.00045,-0.00017,-0,-1e-05,-0,-0.00516,-0.00015,-0.0023,-0.01585,-0.00027,-0,1e-05
39.56,-0.00362,-0,4e-05,-0.00063,-0,0,0.00021,0.00023,-3e-05,0.00016,0,0,-0,-2e-05,-0,-3e-05,0.00026,0,1e-05,0,0.00025,0.00134,-0.00019,-0.0002,-1e-05,-0,-0,-0.00308,-0.00022,-0.00218,-0.01047,-0.00023,-0,1e-05
39.58,-0.00207,1e-05,3e-05,-0.00032,-0,0,9e-05,0.00018,-3e-05,0.00011,0,0,-0,0,-0,-3e-05,0.00016,0,2e-05,-0,-0.00039,0.00076,6e-05,-0.0002,-2e-05,0,-0,-0.00105,-0.00029,-0.00206,-0.00529,-0.00021,-0,1e-05
39.6,-0.00044,3e-05,3e-05,1e-05,-1e-05,0,-1e-05,0.00013,-2e-05,5e-05,0,1e-05,0,3e-05,-0,-2e-05,3e-05,0,2e-05,0,-0.00105,0.00024,0.00026,-0.00021,-2e-05,-0,0,0.00094,-0.00034,-0.00194,-0.00042,-0.00019,-0,1e-05
39.62,0.00127,5e-05,2e-05,0.00036,-2e-05,0,-0.0001,7e-05,-0,-4e-05,0,1e-05,0,7e-05,-0,-1e-05,-0.00012,0,2e-05,0,-0.00169,-0.00019,0.00041,-0.00023,-3e-05,-1e-05,1e-05,0.00281,-0.00037,-0.00181,0.00407,-0.00017,-0,0
39.64,0.00303,7e-05,2e-05,0.00073,-3e-05,0,-0.00015,1e-05,1e-05,-0.00013,0,1e-05,0,0.00012,0,1e-05,-0.00027,0,3e-05,0,-0.00233,-0.0005,0.00051,-0.00025,-4e-05,-1e-05,1e-05,0.00451,-0.00042,-0.00168,0.00816,-0.00017,-0,0
39.66,0.0049,0.0001,2e-05,0.0011,-4e-05,0,-0.00016,-6e-05,4e-05,-0.00023,0,1e-05,0,0.00019,1e-05,5e-05,-0.00041,0,3e-05,1e-05,-0.00294,-0.00068,0.00056,-0.00028,-4e-05,-2e-05,1e-05,0.00609,-0.00051,-0.00158,0.01191,-0.00017,-0,0
39.68,0.0069,0.00014,3e-05,0.00147,-6e-05,0,-0.00013,-0.00015,7e-05,-0.00035,0,1e-05,0,0.00027,1e-05,9e-05,-0.00057,0,4e-05,1e-05,-0.00353,-0.00074,0.00056,-0.00033,-4e-05,-2e-05,1e-05,0.00756,-0.00066,-0.00148,0.01532,-0.00017,-0,-0
39.7,0.00906,0.00018,4e-05,0.00184,-7e-05,0,-3e-05,-0.00025,0.00011,-0.00046,-0,2e-05,1e-05,0.00036,1e-05,0.00015,-0.00068,0,5e-05,2e-05,-0.00403,-0.00068,0.00053,-0.00041,-3e-05,-1e-05,1e-05,0.00881,-0.00088,-0.0014,0.01839,-0.00017,-0,-1e-05
39.72,0.0114,0.00023,4e-05,0.00219,-8e-05,0,0.00018,-0.00036,0.00015,-0.0005,-0,2e-05,1e-05,0.00052,0,0.00023,-0.00068,0,5e-05,3e-05,-0.00437,-0.00054,0.00048,-0.00053,-3e-05,0,1e-05,0.00959,-0.00117,-0.00132,0.02106,-0.00017,-0,-2e-05
39.74,0.01396,0.00029,5e-05,0.00252,-9e-05,0,0.00049,-0.00046,0.00019,-0.00048,-0,2e-05,1e-05,0.00072,-0,0.00032,-0.0006,-0,6e-05,5e-05,-0.00431,-0.00033,0.00036,-0.00063,-2e-05,1e-05,0,0.00997,-0.00155,-0.00128,0.02331,-0.00017,-1e-05,-3e-05
39.76,0.01682,0.00034,5e-05,0.0028,-9e-05,0,0.00086,-0.00055,0.00022,-0.00044,-0,2e-05,2e-05,0.00093,-1e-05,0.00039,-0.0005,-0,6e-05,6e-05,-0.00345,-8e-05,0.00016,-0.0006,1e-05,2e-05,-1e-05,0.0101,-0.002,-0.00127,0.02522,-0.00016,-1e-05,-4e-05
39.78,0.02008,0.0004,5e-05,0.00303,-8e-05,0,0.00126,-0.00062,0.00025,-0.00039,-0,2e-05,2e-05,0.00113,-0,0.00045,-0.00038,-0,5e-05,8e-05,-0.00187,3e-05,3e-05,-0.00054,3e-05,0,-0,0.01011,-0.00248,-0.00129,0.02679,-0.00013,-2e-05,-5e-05
39.8,0.02372,0.00045,4e-05,0.00321,-7e-05,0,0.00172,-0.00065,0.00025,-0.00029,-0,2e-05,2e-05,0.00134,-0,0.00047,-0.00025,-0,4e-05,0.00011,0.00061,-8e-05,0,-0.00045,5e-05,-4e-05,3e-05,0.0096,-0.003,-0.00133,0.0282,-9e-05,-4e-05,-5e-05
39.82,0.02763,0.0005,3e-05,0.00335,-5e-05,0,0.00227,-0.0006,0.00024,-0.00014,-0,2e-05,3e-05,0.00154,0,0.00046,-8e-05,-0,3e-05,0.00013,0.00408,-0.00044,0.00012,-0.00041,6e-05,-0.00015,0.00014,0.00799,-0.00359,-0.00137,0.02963,-3e-05,-6e-05,-6e-05
39.84,0.03181,0.00054,1e-05,0.00342,-2e-05,-0,0.00282,-0.00049,0.00022,1e-05,-0,1e-05,4e-05,0.00172,1e-05,0.00043,7e-05,-0,2e-05,0.00016,0.00845,-0.001,0.00041,-0.00051,5e-05,-0.00036,0.00035,0.00586,-0.00416,-0.00138,0.0311,5e-05,-9e-05,-6e-05
39.86,0.03627,0.00055,-2e-05,0.00345,1e-05,-0,0.0033,-0.00036,0.00018,0.00014,-0,1e-05,4e-05,0.00184,1e-05,0.00038,0.00017,-0,1e-05,0.00018,0.01351,-0.00166,0.00083,-0.00081,1e-05,-0.00072,0.00073,0.00386,-0.00465,-0.00132,0.03262,0.00016,-0.00013,-6e-05
39.88,0.04086,0.00054,-4e-05,0.00341,4e-05,-0,0.00369,-0.00022,0.00013,0.00024,-0,0,5e-05,0.00194,2e-05,0.00033,0.00025,-0,-0,0.0002,0.01873,-0.00226,0.00133,-0.00136,-9e-05,-0.00129,0.00131,0.0019,-0.00501,-0.00116,0.0344,0.0003,-0.00017,-5e-05
39.9,0.04525,0.00049,-4e-05,0.00332,7e-05,-0,0.00403,-0.0001,9e-05,0.00029,-0,-0,5e-05,0.002,2e-05,0.00027,0.00027,-0,-1e-05,0.0002,0.02379,-0.00263,0.00166,-0.00237,-0.00024,-0.00208,0.00211,-5e-05,-0.00543,-0.00095,0.03657,0.00048,-0.00022,-4e-05
39.92,0.04896,0.00044,-3e-05,0.00318,9e-05,-0,0.0044,-3e-05,5e-05,0.00024,-0,-1e-05,4e-05,0.00201,2e-05,0.00022,0.00023,-0,-2e-05,0.00018,0.02853,-0.0027,0.00137,-0.00389,-0.00046,-0.00302,0.00311,-0.00219,-0.00613,-0.00076,0.03936,0.00068,-0.00025,-2e-05
39.94,0.05185,0.00037,0,0.003,0.0001,-0,0.00471,1e-05,2e-05,0.00017,-0,-1e-05,4e-05,0.002,2e-05,0.00017,0.00017,0,-2e-05,0.00016,0.03209,-0.00242,-5e-05,-0.00584,-0.00073,-0.00405,0.00421,-0.00458,-0.00705,-0.0006,0.04303,0.0009,-0.00028,-1e-05
39.96,0.05399,0.00029,7e-05,0.00279,9e-05,0,0.00491,2e-05,-0,0.00013,-0,-1e-05,3e-05,0.00199,3e-05,0.00014,0.00013,0,-2e-05,0.00013,0.03373,-0.00181,-0.00282,-0.00789,-0.00102,-0.00504,0.00522,-0.00725,-0.00815,-0.00047,0.04786,0.00114,-0.0003,0
39.98,0.05529,0.0002,0.00018,0.00256,7e-05,0,0.00502,1e-05,-2e-05,0.0001,-0,-1e-05,3e-05,0.00198,3e-05,0.00011,0.0001,0,-1e-05,0.00011,0.03308,-0.001,-0.00663,-0.00872,-0.00125,-0.00566,0.006,-0.01046,-0.00957,-0.00041,0.0542,0.00137,-0.00031,1e-05
40,0.05563,0.00011,0.0003,0.00235,5e-05,0,0.00501,-1e-05,-4e-05,6e-05,-0,-0,2e-05,0.00195,3e-05,8e-05,7e-05,0,-1e-05,7e-05,0.03133,-7e-05,-0.0117,-0.01084,-0.00136,-0.00604,0.00609,-0.0141,-0.01134,-0.00039,0.06185,0.00159,-0.00032,2e-05
40.02,0.05488,3e-05,0.00043,0.00217,3e-05,0,0.00485,-4e-05,-6e-05,4e-05,-0,0,2e-05,0.00188,3e-05,5e-05,4e-05,0,-0,4e-05,0.03097,0.0008,-0.01728,-0.01682,-0.00126,-0.0064,0.00519,-0.01803,-0.01346,-0.00042,0.07024,0.00176,-0.00032,4e-05
40.04,0.05315,-6e-05,0.00055,0.00203,1e-05,0,0.00457,-6e-05,-9e-05,2e-05,-0,0,2e-05,0.00178,4e-05,2e-05,1e-05,0,0,1e-05,0.03001,0.0016,-0.02,-0.02069,-0.00095,-0.00572,0.00385,-0.02242,-0.01593,-0.00049,0.07954,0.00187,-0.00034,5e-05
40.06,0.05067,-0.00016,0.00065,0.00194,-0,0,0.00419,-5e-05,-0.00011,0,-0,1e-05,1e-05,0.00166,5e-05,0,-1e-05,0,1e-05,-2e-05,0.02577,0.00249,-0.01875,-0.01946,-0.00054,-0.00373,0.00239,-0.02744,-0.01866,-0.00062,0.08997,0.00192,-0.00039,7e-05
40.08,0.0475,-0.00028,0.00072,0.00188,-1e-05,0,0.00377,-3e-05,-0.00013,-1e-05,-0,1e-05,1e-05,0.0015,4e-05,-1e-05,-2e-05,0,1e-05,-4e-05,0.01912,0.00362,-0.01441,-0.01495,-0.00013,-0.00124,0.00086,-0.03308,-0.02157,-0.00083,0.10112,0.0019,-0.00047,0.0001
40.1,0.04384,-0.00042,0.00075,0.00184,-1e-05,0,0.00328,-1e-05,-0.00014,-2e-05,-0,0,1e-05,0.00135,4e-05,-3e-05,-4e-05,0,2e-05,-6e-05,0.01108,0.00456,-0.00854,-0.00768,0.00012,0.00084,-0.00065,-0.03847,-0.02436,-0.00109,0.11162,0.00183,-0.00061,0.00015
40.12,0.03988,-0.00057,0.00073,0.00179,-0,0,0.00269,1e-05,-0.00013,-3e-05,-0,0,0,0.00121,3e-05,-3e-05,-5e-05,0,2e-05,-8e-05,0.00498,0.00437,-0.00375,-0.00089,0.00023,0.00204,-0.00181,-0.04251,-0.02668,-0.00128,0.11973,0.00171,-0.00082,0.00022
40.14,0.03568,-0.00076,0.00067,0.00171,0,0,0.00211,3e-05,-0.00012,-4e-05,-0,-0,-0,0.00109,1e-05,-4e-05,-6e-05,0,1e-05,-9e-05,0.0017,0.00309,-0.00019,0.00267,0.00019,0.00267,-0.00234,-0.04569,-0.0286,-0.00137,0.12511,0.00154,-0.00112,0.00032
40.16,0.03129,-0.00099,0.00058,0.00161,1e-05,0,0.00162,3e-05,-0.00011,-5e-05,-0,-1e-05,-1e-05,0.00097,-1e-05,-4e-05,-6e-05,-0,1e-05,-0.0001,0.00036,0.00095,0.00242,0.00299,1e-05,0.00301,-0.0024,-0.04856,-0.03031,-0.00136,0.12782,0.00128,-0.00151,0.00046
40.18,0.02685,-0.00126,0.00046,0.00147,2e-05,0,0.00122,3e-05,-9e-05,-6e-05,-0,-1e-05,-2e-05,0.00089,-4e-05,-5e-05,-5e-05,0,0,-0.00011,-1e-05,-0.00194,0.00406,0.0006,-0.00028,0.00322,-0.00208,-0.0508,-0.03173,-0.00123,0.12734,0.00092,-0.00202,0.00063
40.2,0.02252,-0.00156,0.00034,0.00132,3e-05,0,0.00089,2e-05,-7e-05,-7e-05,-0,-2e-05,-3e-05,0.00083,-6e-05,-5e-05,-4e-05,0,-1e-05,-0.00011,-0.00025,-0.00572,0.00541,-0.00353,-0.00059,0.00349,-0.00157,-0.05201,-0.03263,-0.00102,0.12295,0.00046,-0.00263,0.00084
40.22,0.01838,-0.00188,0.00023,0.00116,5e-05,-0,0.0006,1e-05,-5e-05,-8e-05,-0,-2e-05,-4e-05,0.0008,-9e-05,-6e-05,-2e-05,0,-1e-05,-0.00011,-0.00063,-0.0101,0.00853,-0.00668,-0.00072,0.00378,-0.00104,-0.05181,-0.03284,-0.00079,0.11397,-0.0001,-0.0033,0.00109
40.24,0.01449,-0.00219,0.00013,0.00099,6e-05,-0,0.00038,0,-3e-05,-9e-05,0,-2e-05,-4e-05,0.00079,-0.00012,-6e-05,0,0,-2e-05,-0.0001,-0.00062,-0.01353,0.01238,-0.00721,-0.00068,0.00368,-0.00056,-0.05026,-0.03229,-0.00057,0.10106,-0.00075,-0.00397,0.00137
40.26,0.01088,-0.00246,5e-05,0.00084,9e-05,-0,0.00024,-0,-1e-05,-0.0001,0,-2e-05,-4e-05,0.00083,-0.00013,-7e-05,3e-05,0,-2e-05,-9e-05,-0.00025,-0.015,0.01455,-0.00554,-0.00054,0.00316,-0.0002,-0.04741,-0.03083,-0.00041,0.08474,-0.0014,-0.00453,0.00166
40.28,0.00745,-0.00265,-1e-05,0.00069,0.00011,-0,0.00015,-0,1e-05,-0.00011,0,-3e-05,-4e-05,0.00089,-0.00012,-8e-05,6e-05,0,-2e-05,-8e-05,6e-05,-0.01412,0.01466,-0.00153,-0.00026,0.0024,-0,-0.04298,-0.02825,-0.00028,0.06468,-0.00196,-0.00474,0.00199
40.3,0.00459,-0.00271,-4e-05,0.00056,0.00013,-0,0.0001,-0,3e-05,-0.00012,0,-3e-05,-3e-05,0.00096,-0.00011,-9e-05,8e-05,0,-2e-05,-7e-05,-6e-05,-0.01166,0.01197,0.00166,-1e-05,0.0016,1e-05,-0.03678,-0.02393,-0.0002,0.0421,-0.00229,-0.00477,0.00212
40.32,0.00261,-0.00256,-4e-05,0.00045,0.00015,-0,9e-05,-1e-05,4e-05,-0.00013,0,-2e-05,-2e-05,0.00098,-8e-05,-0.00011,0.0001,0,-2e-05,-6e-05,-0.00036,-0.00916,0.00814,0.00259,9e-05,0.001,-5e-05,-0.02872,-0.01752,-0.00017,0.01744,-0.00229,-0.00498,0.00176
40.34,0.0011,-0.00229,-3e-05,0.00037,0.00016,-0,0.0001,-2e-05,5e-05,-0.00012,0,-2e-05,-1e-05,0.00099,-5e-05,-0.00012,0.00012,0,-2e-05,-6e-05,-0.00044,-0.00696,0.00509,0.00285,0.00011,0.0006,-9e-05,-0.01933,-0.00956,-0.00017,-0.00949,-0.00171,-0.00469,0.00117
40.36,-0.00031,-0.00196,-1e-05,0.00029,0.00015,-0,0.00012,-3e-05,5e-05,-0.00011,0,-2e-05,-0,0.00098,-2e-05,-0.00013,0.00012,0,-2e-05,-5e-05,-0.00024,-0.00512,0.00305,0.00298,5e-05,0.00036,-0.0001,-0.00896,-0.00048,-0.00017,-0.03781,-0.00042,-0.00339,0.00061
40.38,-0.0016,-0.0016,1e-05,0.00022,0.00014,-0,0.00012,-4e-05,6e-05,-0.0001,0,-2e-05,0,0.00097,0,-0.00014,0.00012,0,-1e-05,-4e-05,0.00018,-0.00355,0.00154,0.00255,-0.00014,0.0002,-8e-05,0.00192,0.00925,-0.00014,-0.06439,0.00153,-0.0013,0.00014
40.4,-0.00248,-0.00122,0,0.00016,0.00011,-0,0.00012,-5e-05,5e-05,-8e-05,0,-1e-05,1e-05,0.00093,2e-05,-0.00015,0.00011,0,-1e-05,-3e-05,0.00071,-0.00181,0.00026,0.0011,-0.0005,7e-05,-2e-05,0.01264,0.01881,-0.00015,-0.09104,0.0038,0.00141,-6e-05
40.42,-0.00272,-0.00086,-3e-05,0.00012,7e-05,-0,0.0001,-4e-05,5e-05,-3e-05,0,-1e-05,2e-05,0.00085,2e-05,-0.00013,0.0001,0,-1e-05,-2e-05,0.00125,-0.00054,-0.00055,0.00015,-0.00104,-2e-05,7e-05,0.02399,0.02737,-0.00029,-0.12683,0.00538,0.00347,-0.00029
40.44,-0.00273,-0.00055,-9e-05,8e-05,1e-05,0,6e-05,-4e-05,4e-05,3e-05,1e-05,-1e-05,3e-05,0.00076,1e-05,-0.00011,8e-05,0,-1e-05,-0,0.0017,0.00028,-0.00094,5e-05,-0.00173,-7e-05,0.00019,0.03546,0.03384,-0.00045,-0.16537,0.00589,0.00422,-0.00068
40.46,-0.00278,-0.0003,-0.00018,4e-05,-6e-05,0,1e-05,-2e-05,3e-05,9e-05,1e-05,-0,3e-05,0.00067,-1e-05,-9e-05,6e-05,0,-1e-05,1e-05,0.0019,0.00056,-0.0009,0.00072,-0.00253,-9e-05,0.00034,0.04507,0.0373,-0.0005,-0.19411,0.00561,0.00414,-0.001
40.48,-0.00283,-0.0001,-0.0003,0,-0.00013,0,-4e-05,-1e-05,2e-05,0.00014,0,-0,3e-05,0.0006,-4e-05,-6e-05,4e-05,0,-1e-05,2e-05,0.00183,0.00024,-0.00049,0.0018,-0.00336,-7e-05,0.0005,0.05208,0.03767,-0.00044,-0.21015,0.00462,0.00337,-0.00124
40.5,-0.00278,6e-05,-0.00042,-2e-05,-0.0002,0,-9e-05,-0,1e-05,0.00017,0,0,4e-05,0.00053,-7e-05,-2e-05,1e-05,0,-0,2e-05,0.00154,-0.00062,0.00018,0.00296,-0.00416,-0,0.00067,0.0552,0.03414,-0.00026,-0.21107,0.00337,0.00253,-0.0012
40.52,-0.0026,0.00017,-0.00053,-4e-05,-0.00025,0,-0.00014,0,0,0.00017,0,0,3e-05,0.00049,-0.0001,1e-05,-0,0,0,2e-05,0.00117,-0.00178,0.00105,0.00419,-0.00479,9e-05,0.00082,0.05377,0.02666,1e-05,-0.19683,0.00223,0.00198,-0.00081
40.54,-0.00239,0.00023,-0.00061,-5e-05,-0.00027,0,-0.00017,0,-0,0.00014,0,0,3e-05,0.00046,-0.00013,3e-05,-2e-05,0,0,2e-05,0.00083,-0.00288,0.00177,0.00533,-0.00523,0.00022,0.00096,0.04833,0.01808,0.00027,-0.16692,0.00132,0.00144,-0.00045
40.56,-0.00226,0.00025,-0.00065,-6e-05,-0.00028,0,-0.00018,-0,-0,0.0001,0,0,2e-05,0.00045,-0.00015,5e-05,-3e-05,0,0,2e-05,0.00052,-0.00358,0.00199,0.00635,-0.00547,0.00036,0.00108,0.04036,0.0106,0.00041,-0.12669,0.00068,0.00091,-0.00023
40.58,-0.00219,0.0002,-0.00065,-5e-05,-0.00026,0,-0.00019,-1e-05,0,3e-05,0,0,2e-05,0.00046,-0.00016,7e-05,-4e-05,0,1e-05,1e-05,0.0002,-0.00361,0.00167,0.00748,-0.0055,0.00052,0.00118,0.03169,0.00492,0.00035,-0.08589,0.00029,0.0005,-0.0001
40.6,-0.00213,9e-05,-0.00062,-5e-05,-0.00023,0,-0.0002,-3e-05,2e-05,-7e-05,0,-0,1e-05,0.00048,-0.00015,8e-05,-4e-05,0,1e-05,1e-05,-0.00016,-0.00292,0.00085,0.00873,-0.00534,0.00068,0.00127,0.02292,0.0012,9e-05,-0.04893,0.0001,0.00023,-4e-05
40.62,-0.00204,-8e-05,-0.00057,-4e-05,-0.0002,0,-0.0002,-6e-05,4e-05,-0.00013,0,-0,0,0.00052,-0.00014,7e-05,-3e-05,0,1e-05,0,-0.00062,-0.00159,-0.00022,0.00981,-0.00503,0.00085,0.00135,0.01532,-0.00095,-0.00031,-0.0212,3e-05,8e-05,-2e-05
40.64,-0.00196,-0.0003,-0.00051,-3e-05,-0.00017,0,-0.0002,-0.0001,8e-05,-0.00015,0,-1e-05,-1e-05,0.00058,-0.00012,6e-05,-2e-05,0,0,-0,-0.0012,0.0003,-0.00129,0.01063,-0.00461,0.00101,0.00142,0.01007,-0.00197,-0.00078,-0.0055,0,1e-05,-1e-05
40.66,-0.0019,-0.00056,-0.00045,-2e-05,-0.00016,0,-0.0002,-0.00013,0.00011,-0.00014,0,-1e-05,-1e-05,0.00063,-8e-05,5e-05,0,0,0,-0,-0.00196,0.00259,-0.00222,0.01114,-0.00414,0.00115,0.00148,0.00688,-0.00226,-0.00123,0.00071,-0,-1e-05,-1e-05
40.68,-0.00183,-0.00081,-0.00039,-2e-05,-0.00016,0,-0.0002,-0.00015,0.00015,-0.0001,0,-1e-05,-1e-05,0.00068,-4e-05,4e-05,2e-05,0,0,-0,-0.00288,0.00507,-0.00289,0.01123,-0.00364,0.00128,0.00153,0.00688,-0.00187,-0.00136,0.0001,0,-1e-05,-0
40.7,-0.0017,-0.00104,-0.00033,-2e-05,-0.00017,0,-0.00019,-0.00016,0.00017,-5e-05,-0,-1e-05,-2e-05,0.00072,1e-05,3e-05,5e-05,0,-0,-0,-0.00399,0.00757,-0.00334,0.01085,-0.00314,0.00138,0.00156,0.00682,-0.00162,-0.00153,-0.00015,1e-05,-1e-05,-0
40.72,-0.00147,-0.00121,-0.00027,-3e-05,-0.00019,0,-0.00018,-0.00015,0.00018,1e-05,-0,-1e-05,-2e-05,0.00076,5e-05,2e-05,9e-05,0,-1e-05,-0,-0.00534,0.00994,-0.00362,0.01001,-0.00266,0.00144,0.00157,0.00675,-0.00156,-0.00173,-0.00028,1e-05,-1e-05,-0
40.74,-0.00118,-0.0013,-0.00022,-4e-05,-0.00022,0,-0.00016,-0.00012,0.00018,7e-05,-0,-1e-05,-1e-05,0.00078,9e-05,1e-05,0.00013,0,-1e-05,-0,-0.00683,0.01205,-0.00377,0.00886,-0.0022,0.00147,0.00156,0.00651,-0.00163,-0.00194,-0.00049,1e-05,-1e-05,-0
40.76,-0.00085,-0.00135,-0.00018,-6e-05,-0.00024,0,-0.00013,-9e-05,0.00016,0.00012,-0,-1e-05,-1e-05,0.00079,0.00012,0,0.00017,0,-1e-05,-0,-0.00832,0.01374,-0.00379,0.00754,-0.00176,0.00146,0.00153,0.00603,-0.00179,-0.00213,-0.00096,1e-05,-2e-05,-0
40.78,-0.00051,-0.00136,-0.00014,-8e-05,-0.00027,0,-9e-05,-6e-05,0.00014,0.00017,-0,-1e-05,-1e-05,0.00077,0.00015,-0,0.0002,0,-1e-05,-0,-0.00979,0.01496,-0.00368,0.00612,-0.00136,0.00142,0.00148,0.00539,-0.00202,-0.0023,-0.00166,1e-05,-2e-05,-0
40.8,-0.00016,-0.00133,-0.0001,-0.0001,-0.00029,0,-6e-05,-2e-05,0.00012,0.0002,-0,-1e-05,-1e-05,0.00074,0.00017,-0,0.00024,0,-1e-05,-0,-0.01108,0.01566,-0.00353,0.00483,-0.00099,0.00136,0.00142,0.00457,-0.00229,-0.00243,-0.00235,0,-2e-05,0
40.82,0.00015,-0.00124,-7e-05,-0.00013,-0.0003,0,-3e-05,1e-05,0.0001,0.0002,-0,-1e-05,-0,0.00069,0.00018,-0,0.00026,0,-1e-05,0,-0.012,0.01585,-0.00345,0.00382,-0.00065,0.00127,0.00135,0.00362,-0.00255,-0.00255,-0.00269,-1e-05,1e-05,0
40.84,0.00037,-0.00114,-5e-05,-0.00015,-0.00029,0,-1e-05,4e-05,8e-05,0.00019,-0,-1e-05,0,0.00063,0.00019,-0,0.00027,0,-1e-05,0,-0.01257,0.01555,-0.00335,0.00298,-0.00036,0.00117,0.00127,0.00234,-0.00291,-0.00276,0.00219,-3e-05,0.0001,1e-05
40.86,0.0005,-0.00104,-3e-05,-0.00018,-0.00028,0,1e-05,7e-05,6e-05,0.00019,-0,-1e-05,0,0.00056,0.0002,-0,0.00026,0,-1e-05,0,-0.01283,0.01483,-0.0032,0.00227,-0.00013,0.00106,0.00118,0.00107,-0.0035,-0.00314,0.00694,-4e-05,0.00026,1e-05
40.88,0.00054,-0.00091,-1e-05,-0.0002,-0.00025,0,2e-05,0.0001,5e-05,0.00018,-0,-1e-05,1e-05,0.00047,0.0002,-0,0.00024,0,-1e-05,0,-0.01272,0.01381,-0.00303,0.00173,5e-05,0.00093,0.00108,0.00014,-0.00434,-0.00369,0.01022,-6e-05,0.00047,1e-05
40.9,0.00051,-0.00076,1e-05,-0.00021,-0.0002,0,2e-05,0.00013,4e-05,0.00017,-0,-0,1e-05,0.00038,0.0002,-0,0.00021,0,-1e-05,0,-0.0122,0.01278,-0.00289,0.00133,0.00018,0.0008,0.00098,-9e-05,-0.0055,-0.00436,0.01091,-6e-05,0.00074,-2e-05
40.92,0.00044,-0.00057,3e-05,-0.00021,-0.00013,0,1e-05,0.00016,4e-05,0.00016,-0,-0,1e-05,0.00027,0.0002,-0,0.00017,0,-1e-05,0,-0.01128,0.01197,-0.00284,0.00106,0.00024,0.00068,0.00087,0.00062,-0.00701,-0.00502,0.00814,-6e-05,0.00101,-7e-05
40.94,0.00034,-0.00036,5e-05,-0.00021,-6e-05,0,1e-05,0.00018,4e-05,0.00015,-0,-0,0,0.00016,0.0002,-0,0.00012,0,-0,0,-0.01013,0.0114,-0.00286,0.00093,0.00026,0.00057,0.00076,0.00219,-0.00866,-0.00554,0.0022,-4e-05,0.00123,-0.00014
40.96,0.00023,-0.00013,7e-05,-0.0002,3e-05,0,0,0.0002,4e-05,0.00013,-0,-0,0,5e-05,0.00019,-0,7e-05,0,-0,0,-0.00894,0.01103,-0.00291,0.00092,0.00024,0.00048,0.00065,0.00428,-0.01018,-0.00581,-0.00552,-0,0.00132,-0.00021
40.98,0.00012,0.00011,9e-05,-0.00017,0.00011,0,-0,0.0002,5e-05,0.00012,-0,-0,0,-7e-05,0.00018,-0,2e-05,0,-0,0,-0.00781,0.01081,-0.00296,0.00104,0.00021,0.00041,0.00055,0.00652,-0.01146,-0.00567,-0.01405,4e-05,0.00126,-0.00027
41,3e-05,0.00034,0.0001,-0.00013,0.0002,0,0,0.00019,6e-05,0.0001,-0,-0,0,-0.00019,0.00016,0,-2e-05,0,0,0,-0.00682,0.01069,-0.00304,0.00127,0.00017,0.00036,0.00046,0.00801,-0.01223,-0.00532,-0.01795,7e-05,0.00108,-0.00029
41.02,-4e-05,0.00054,0.00011,-7e-05,0.00027,0,1e-05,0.00017,7e-05,8e-05,-0,-0,-0,-0.00033,0.00013,1e-05,-6e-05,0,0,0,-0.00597,0.01056,-0.00312,0.00166,0.00014,0.00032,0.00039,0.00793,-0.01247,-0.00515,-0.01434,5e-05,0.00084,-0.00025
41.04,-0.0001,0.00067,0.0001,0,0.00032,0,1e-05,0.00014,8e-05,6e-05,-0,-0,-0,-0.00048,9e-05,2e-05,-0.0001,0,0,0,-0.00533,0.01024,-0.00308,0.00219,0.00011,0.00028,0.00031,0.00694,-0.01239,-0.00494,-0.00871,3e-05,0.00056,-0.00018
41.06,-0.00016,0.00072,8e-05,9e-05,0.00035,0,1e-05,0.00011,9e-05,5e-05,-0,-0,-0,-0.00066,4e-05,5e-05,-0.00014,0,0,0,-0.00491,0.00959,-0.00278,0.00279,9e-05,0.00024,0.00024,0.00567,-0.01215,-0.00442,-0.00382,0,0.00025,-9e-05
41.08,-0.00019,0.00067,3e-05,0.0002,0.00037,0,2e-05,8e-05,0.0001,4e-05,-0,-0,-0,-0.00088,-2e-05,8e-05,-0.00017,0,0,1e-05,-0.00465,0.00858,-0.00221,0.00347,8e-05,0.00019,0.00017,0.00423,-0.01188,-0.00369,0.00067,-4e-05,-4e-05,0
41.1,-0.00022,0.00048,-4e-05,0.00031,0.00036,0,2e-05,6e-05,0.0001,4e-05,-0,-0,-0,-0.00113,-9e-05,0.00012,-0.00019,-0,-0,1e-05,-0.00455,0.00731,-0.00137,0.00404,7e-05,0.00012,9e-05,0.0028,-0.01154,-0.00284,0.00445,-9e-05,-0.00029,7e-05
41.12,-0.00022,0.00012,-0.00012,0.00041,0.00032,0,1e-05,4e-05,0.0001,4e-05,-0,-0,-0,-0.00136,-0.00016,0.00017,-0.00021,-0,-0,2e-05,-0.00459,0.00592,-0.00032,0.00427,6e-05,3e-05,1e-05,0.00162,-0.01106,-0.00189,0.00643,-0.00016,-0.00049,0.00011
41.14,-0.00022,-0.00038,-0.0002,0.00051,0.00026,0,-1e-05,2e-05,9e-05,6e-05,-0,-0,0,-0.00158,-0.00023,0.00023,-0.00021,-0,-0,2e-05,-0.0047,0.00443,0.00083,0.00415,5e-05,-0.00011,-7e-05,0.00097,-0.01073,-0.00075,0.0065,-0.00025,-0.00063,9e-05
41.16,-0.00019,-0.00098,-0.00026,0.0006,0.00018,0,-3e-05,1e-05,8e-05,8e-05,-0,-0,1e-05,-0.00181,-0.00028,0.00028,-0.0002,-0,-0,3e-05,-0.00481,0.00295,0.00193,0.00377,4e-05,-0.00029,-0.00015,0.00095,-0.01076,0.00059,0.00563,-0.00037,-0.00072,4e-05
41.18,-0.00013,-0.00162,-0.00027,0.00067,7e-05,-0,-5e-05,1e-05,6e-05,0.00011,-0,-1e-05,1e-05,-0.00204,-0.0003,0.00032,-0.00018,-0,0,4e-05,-0.00488,0.00162,0.00285,0.00314,4e-05,-0.0005,-0.00022,0.00159,-0.01109,0.00211,0.00377,-0.0005,-0.00076,-6e-05
41.2,-8e-05,-0.00225,-0.00023,0.00072,-3e-05,-0,-8e-05,0,5e-05,0.00014,-0,-1e-05,2e-05,-0.00223,-0.0003,0.00035,-0.00015,-0,0,5e-05,-0.00487,0.00055,0.00342,0.00226,4e-05,-0.00072,-0.00027,0.00289,-0.01177,0.00371,0.00198,-0.00064,-0.00078,-0.00017
41.22,-5e-05,-0.00277,-0.00012,0.00073,-0.00012,-0,-0.0001,-0,4e-05,0.00017,-0,-1e-05,3e-05,-0.00234,-0.00026,0.00036,-0.00013,-0,1e-05,5e-05,-0.00475,-0.00019,0.00349,0.00124,4e-05,-0.00093,-0.00029,0.00486,-0.01281,0.00509,0.00153,-0.00079,-0.00079,-0.00028
41.24,-4e-05,-0.00316,5e-05,0.00072,-0.00021,-0,-0.00013,-0,3e-05,0.00021,-0,-1e-05,4e-05,-0.00237,-0.00019,0.00034,-9e-05,-0,1e-05,6e-05,-0.00442,-0.00056,0.00313,0.00041,5e-05,-0.00106,-0.00028,0.00747,-0.01412,0.00612,0.00154,-0.00091,-0.00079,-0.00039
41.26,-5e-05,-0.00341,0.00026,0.00067,-0.00029,-0,-0.00014,-1e-05,2e-05,0.00023,-0,-1e-05,5e-05,-0.00234,-9e-05,0.00032,-6e-05,-0,1e-05,6e-05,-0.00383,-0.00064,0.0025,-4e-05,6e-05,-0.00107,-0.00025,0.01054,-0.01553,0.0069,0.00126,-0.00097,-0.00079,-0.00048
41.28,-7e-05,-0.00352,0.00048,0.0006,-0.00037,-0,-0.00015,-0,2e-05,0.00025,-0,-1e-05,6e-05,-0.00225,2e-05,0.00028,-2e-05,-0,1e-05,6e-05,-0.00306,-0.00055,0.00172,-8e-05,6e-05,-0.00098,-0.00019,0.01384,-0.01685,0.00734,0.00095,-0.00096,-0.00078,-0.00055
41.3,-0.00012,-0.00348,0.00068,0.00052,-0.00044,-0,-0.00015,0,1e-05,0.00026,-0,-1e-05,7e-05,-0.00211,0.00014,0.00024,1e-05,-0,1e-05,5e-05,-0.00213,-0.00038,0.00099,0.00013,5e-05,-0.00081,-0.00014,0.01703,-0.01789,0.00747,0.0006,-0.00088,-0.00076,-0.0006
41.32,-0.00022,-0.00329,0.00083,0.00044,-0.00045,-0,-0.00014,1e-05,1e-05,0.00026,0,-1e-05,7e-05,-0.00196,0.00026,0.0002,3e-05,-0,1e-05,4e-05,-0.00113,-0.0002,0.00044,0.00031,3e-05,-0.0006,-8e-05,0.01964,-0.01848,0.00736,0.00018,-0.00072,-0.00075,-0.00064
41.34,-0.00033,-0.00302,0.00091,0.00037,-0.00044,-0,-0.00014,2e-05,1e-05,0.00026,0,-1e-05,6e-05,-0.00178,0.00037,0.00016,6e-05,-0,1e-05,3e-05,-0.00031,-1e-05,4e-05,0.00046,1e-05,-0.00038,-4e-05,0.02141,-0.01832,0.00693,-0.00024,-0.00049,-0.00073,-0.00066
41.36,-0.00043,-0.00271,0.0009,0.00029,-0.00042,-0,-0.00012,3e-05,0,0.00026,0,-1e-05,6e-05,-0.00158,0.00046,0.00014,7e-05,-0,1e-05,1e-05,0.00021,0.0002,-0.00019,0.00063,-1e-05,-0.0002,-1e-05,0.02216,-0.01719,0.00614,-0.00067,-0.00022,-0.00071,-0.00068
41.38,-0.00053,-0.00238,0.00083,0.00022,-0.00039,-0,-0.00011,4e-05,-0,0.00025,0,-1e-05,6e-05,-0.00136,0.00053,0.00013,9e-05,-0,1e-05,1e-05,0.00043,0.00046,-0.00026,0.00077,-2e-05,-7e-05,2e-05,0.02183,-0.01515,0.00501,-0.00111,8e-05,-0.00069,-0.00069
41.4,-0.00063,-0.00206,0.00072,0.00016,-0.00035,-0,-9e-05,5e-05,-0,0.00025,0,-1e-05,5e-05,-0.00116,0.00058,0.00012,0.0001,-0,1e-05,-0,0.00036,0.00075,-0.00022,0.00084,-3e-05,1e-05,3e-05,0.02079,-0.01235,0.00366,-0.00155,0.00041,-0.00068,-0.0007
41.42,-0.00075,-0.00176,0.00058,0.00012,-0.00031,-0,-8e-05,6e-05,-0,0.00025,0,-1e-05,5e-05,-0.00098,0.00062,0.00013,0.0001,-0,1e-05,-1e-05,7e-05,0.00097,-0.00013,0.00108,-1e-05,4e-05,3e-05,0.01948,-0.00907,0.00217,-0.00203,0.00074,-0.00067,-0.0007
41.44,-0.00088,-0.0015,0.00046,8e-05,-0.00028,-0,-7e-05,6e-05,-0,0.00025,0,-1e-05,4e-05,-0.00083,0.00064,0.00014,0.00011,-0,1e-05,-1e-05,-0.0002,0.00118,-5e-05,0.00124,-1e-05,5e-05,2e-05,0.01779,-0.00566,0.00059,-0.0025,0.00106,-0.00065,-0.00071
41.46,-0.00104,-0.00128,0.00035,7e-05,-0.00025,-0,-6e-05,6e-05,0,0.00025,0,-1e-05,3e-05,-0.00068,0.00064,0.00016,0.00012,-0,1e-05,-1e-05,-0.00043,0.00134,2e-05,0.00122,-0,4e-05,2e-05,0.01564,-0.00241,-0.00099,-0.00289,0.00137,-0.00063,-0.0007
41.48,-0.00121,-0.00109,0.00027,6e-05,-0.00023,-0,-4e-05,6e-05,1e-05,0.00026,0,-1e-05,2e-05,-0.00055,0.00063,0.00018,0.00013,-0,1e-05,-2e-05,-0.00061,0.00145,6e-05,0.00111,0,4e-05,1e-05,0.01324,0.00046,-0.00247,-0.00317,0.00166,-0.00061,-0.00069
41.5,-0.00137,-0.00094,0.00022,7e-05,-0.00022,-0,-3e-05,5e-05,1e-05,0.00026,-0,-0,1e-05,-0.00044,0.00061,0.00019,0.00015,-0,1e-05,-2e-05,-0.0007,0.0015,0.0001,0.00093,0,3e-05,1e-05,0.01081,0.00272,-0.00375,-0.00333,0.00193,-0.00057,-0.00067
41.52,-0.00148,-0.0008,0.00019,8e-05,-0.00022,-0,-1e-05,4e-05,1e-05,0.00027,-0,-0,1e-05,-0.00035,0.00057,0.00021,0.00017,-0,1e-05,-2e-05,-0.00067,0.00149,0.00013,0.00069,1e-05,2e-05,1e-05,0.0085,0.0042,-0.00478,-0.00338,0.00215,-0.00053,-0.00065
41.54,-0.00151,-0.00066,0.00019,9e-05,-0.00022,-0,2e-05,2e-05,2e-05,0.00028,-0,-0,0,-0.00029,0.00054,0.00023,0.00018,-0,0,-2e-05,-0.00049,0.00141,0.00017,0.00048,1e-05,2e-05,1e-05,0.00623,0.00478,-0.00546,-0.00328,0.00234,-0.00048,-0.00061
41.56,-0.00146,-0.00052,0.00021,0.00011,-0.00022,-0,4e-05,1e-05,2e-05,0.00029,-0,-0,-0,-0.00024,0.0005,0.00023,0.0002,-0,0,-2e-05,-0.00016,0.00125,0.00023,0.00032,1e-05,1e-05,0,0.0039,0.00443,-0.00576,-0.00306,0.0025,-0.00041,-0.00056
41.58,-0.00131,-0.00035,0.00023,0.00012,-0.00024,-0,6e-05,-0,3e-05,0.0003,-1e-05,-0,-1e-05,-0.00019,0.00047,0.00024,0.00022,-0,0,-2e-05,0.00032,0.00103,0.0003,0.00022,1e-05,1e-05,0,0.0015,0.00325,-0.00578,-0.00283,0.00265,-0.00033,-0.0005
41.6,-0.00102,-0.00014,0.00025,0.00013,-0.00025,-0,9e-05,-2e-05,4e-05,0.00032,-1e-05,-0,-1e-05,-0.00017,0.00044,0.00023,0.00023,-0,0,-2e-05,0.00094,0.00074,0.0004,0.00015,-0,1e-05,0,-0.00099,0.00152,-0.00572,-0.00262,0.00281,-0.00024,-0.00042
41.62,-0.00057,0.00013,0.00025,0.00014,-0.00026,-0,0.0001,-3e-05,6e-05,0.00034,-1e-05,-0,-2e-05,-0.00015,0.0004,0.00022,0.00024,-0,0,-2e-05,0.00169,0.00038,0.00049,9e-05,-1e-05,1e-05,0,-0.00362,-0.00052,-0.0058,-0.00249,0.00303,-0.00014,-0.00034
41.64,-0,0.00045,0.00024,0.00014,-0.00027,-0,0.00012,-5e-05,8e-05,0.00036,-1e-05,-0,-2e-05,-0.00015,0.00036,0.00021,0.00024,-0,0,-2e-05,0.00255,2e-05,0.00057,5e-05,-2e-05,1e-05,0,-0.00637,-0.00264,-0.00628,-0.00265,0.00329,-3e-05,-0.00025
41.66,0.00067,0.00081,0.00019,0.00014,-0.00027,-0,0.00013,-6e-05,0.0001,0.0004,-0,-0,-2e-05,-0.00015,0.00033,0.0002,0.00023,-0,0,-2e-05,0.00345,-0.00034,0.00064,4e-05,-3e-05,1e-05,0,-0.00918,-0.00467,-0.00726,-0.00317,0.00354,8e-05,-0.00015
41.68,0.00144,0.00117,0.00012,0.00014,-0.00026,-0,0.00013,-7e-05,0.00012,0.00045,-0,-0,-2e-05,-0.00014,0.00029,0.00019,0.00022,-0,0,-2e-05,0.00434,-0.00067,0.00067,4e-05,-4e-05,1e-05,1e-05,-0.01168,-0.00656,-0.00856,-0.00391,0.00375,0.0002,-5e-05
41.7,0.00223,0.00145,3e-05,0.00014,-0.00024,-0,0.00014,-6e-05,0.00014,0.00051,-0,0,-2e-05,-0.00014,0.00026,0.00018,0.00021,-0,0,-2e-05,0.00515,-0.00091,0.00065,5e-05,-5e-05,1e-05,1e-05,-0.0143,-0.00836,-0.01003,-0.00471,0.00384,0.00032,6e-05
41.72,0.00275,0.00158,-6e-05,0.00014,-0.00019,-0,0.00013,-5e-05,0.00015,0.00058,-0,0,-3e-05,-0.00014,0.00021,0.00017,0.00019,-0,0,-1e-05,0.00591,-0.00099,0.00057,6e-05,-5e-05,1e-05,1e-05,-0.01814,-0.01015,-0.0115,-0.00547,0.0037,0.00042,0.00018
41.74,0.00298,0.00149,-0.00015,0.00016,-0.00014,-0,0.00011,-3e-05,0.00016,0.00066,-0,0,-3e-05,-0.00013,0.00017,0.00016,0.00017,-0,0,-1e-05,0.00658,-0.00092,0.00045,9e-05,-5e-05,1e-05,1e-05,-0.02239,-0.01192,-0.0124,-0.0059,0.00334,0.00052,0.0003
41.76,0.00299,0.00119,-0.00021,0.00017,-9e-05,-0,0.0001,-0,0.00016,0.00075,-0,0,-3e-05,-0.00012,0.00013,0.00016,0.00014,-0,0,-1e-05,0.00712,-0.00076,0.00029,0.00014,-5e-05,1e-05,1e-05,-0.02561,-0.01349,-0.0122,-0.00575,0.00282,0.00059,0.00041
41.78,0.00278,0.00071,-0.00025,0.00018,-4e-05,-0,0.0001,3e-05,0.00016,0.00084,-0,0,-3e-05,-9e-05,0.0001,0.00016,0.00012,-0,1e-05,-1e-05,0.00756,-0.00054,0.00014,0.00022,-4e-05,1e-05,1e-05,-0.02718,-0.01453,-0.01081,-0.00498,0.00217,0.00063,0.00049
41.8,0.00214,7e-05,-0.00026,0.0002,-0,-0,9e-05,4e-05,0.00016,0.00091,-0,1e-05,-3e-05,-6e-05,7e-05,0.00016,9e-05,0,1e-05,-1e-05,0.008,-0.00032,0,0.00033,-4e-05,0,0,-0.02754,-0.01466,-0.00858,-0.00348,0.00151,0.00062,0.00054
41.82,0.00082,-0.00069,-0.00025,0.00024,2e-05,0,6e-05,5e-05,0.00016,0.00098,-0,1e-05,-3e-05,-4e-05,4e-05,0.00017,7e-05,0,1e-05,-1e-05,0.00855,-0.00014,-9e-05,0.00045,-3e-05,0,0,-0.02685,-0.01361,-0.006,-0.00154,0.00093,0.00057,0.00054
41.84,-0.00099,-0.00145,-0.00022,0.00028,3e-05,0,3e-05,4e-05,0.00016,0.00101,-0,1e-05,-3e-05,-1e-05,1e-05,0.00018,4e-05,0,2e-05,-1e-05,0.0092,-2e-05,-0.00012,0.00058,-3e-05,0,0,-0.02375,-0.01142,-0.0033,0.00017,0.00046,0.00049,0.00048
41.86,-0.003,-0.00209,-0.00018,0.00032,3e-05,0,-0,1e-05,0.00019,0.00101,0,1e-05,-3e-05,1e-05,-1e-05,0.00019,1e-05,0,2e-05,-1e-05,0.00991,6e-05,-0.00012,0.0007,-3e-05,0,0,-0.01839,-0.00852,-0.001,0.00125,0.00013,0.00039,0.0004
41.88,-0.00519,-0.00258,-0.00014,0.00035,2e-05,0,-4e-05,-3e-05,0.00022,0.00098,0,1e-05,-2e-05,2e-05,-4e-05,0.0002,-2e-05,0,2e-05,-1e-05,0.01069,0.00011,-9e-05,0.0008,-3e-05,0,0,-0.01223,-0.00553,0.00044,0.00168,-5e-05,0.00028,0.0003
41.9,-0.00754,-0.00293,-0.00011,0.00039,2e-05,0,-8e-05,-8e-05,0.00027,0.00091,0,1e-05,-2e-05,2e-05,-5e-05,0.00022,-5e-05,0,3e-05,-0,0.01157,0.00015,-7e-05,0.0009,-2e-05,0,0,-0.00671,-0.00298,0.00094,0.00146,-0.00012,0.00019,0.00021
41.92,-0.01002,-0.00314,-8e-05,0.00042,2e-05,0,-0.00012,-0.00012,0.00033,0.0008,0,2e-05,-1e-05,2e-05,-5e-05,0.00024,-8e-05,0,3e-05,0,0.01253,0.0002,-7e-05,0.00098,-2e-05,0,0,-0.0029,-0.00124,0.00069,0.00078,-0.00015,0.00013,0.00014
41.94,-0.0125,-0.00325,-6e-05,0.00045,3e-05,0,-0.00017,-0.00013,0.00038,0.00068,0,2e-05,-0,1e-05,-3e-05,0.00026,-0.0001,0,3e-05,2e-05,0.01357,0.00028,-9e-05,0.00106,-2e-05,-0,0,-0.00086,-0.00047,0.00034,0.00025,-0.00016,0.0001,0.00011
41.96,-0.01483,-0.00328,-5e-05,0.00048,5e-05,0,-0.00023,-0.00013,0.00043,0.00055,0,2e-05,1e-05,-2e-05,-1e-05,0.00028,-0.00012,0,3e-05,3e-05,0.01469,0.00036,-0.0001,0.00112,-2e-05,-0,0,-0.00067,-0.00052,0.0003,-7e-05,-0.00018,9e-05,0.0001
41.98,-0.01702,-0.00324,-4e-05,0.00051,8e-05,0,-0.00032,-0.0001,0.00047,0.00041,0,3e-05,1e-05,-5e-05,2e-05,0.00029,-0.00013,0,3e-05,3e-05,0.01588,0.00046,-0.00011,0.00117,-2e-05,-0,0,-0.00306,-0.00104,0.00054,-0.0005,-0.00024,0.00011,0.00012
42,-0.01907,-0.00311,-4e-05,0.00055,0.00011,0,-0.00041,-4e-05,0.00049,0.00028,0,3e-05,2e-05,-0.0001,6e-05,0.00031,-0.00014,0,3e-05,4e-05,0.01716,0.00057,-0.00013,0.00122,-1e-05,-0,0,-0.00872,-0.00154,0.00091,-0.00083,-0.00032,0.00014,0.00014
42.02,-0.021,-0.00286,-4e-05,0.00058,0.00014,0,-0.00045,4e-05,0.00048,0.00015,0,3e-05,3e-05,-0.00014,0.00011,0.00032,-0.00015,0,3e-05,4e-05,0.01855,0.00071,-0.00015,0.00127,-1e-05,-0,-0,-0.01831,-0.00165,0.00132,-0.00035,-0.0004,0.00017,0.00017
42.04,-0.02287,-0.00251,-4e-05,0.00062,0.00017,0,-0.00048,0.00012,0.00045,4e-05,0,3e-05,3e-05,-0.00019,0.00016,0.00032,-0.00016,0,3e-05,4e-05,0.01998,0.00085,-0.00016,0.00132,-1e-05,-0,-0,-0.03266,-0.00127,0.00154,0.0014,-0.00046,0.00018,0.00019
42.06,-0.02474,-0.00209,-4e-05,0.00065,0.00019,0,-0.00051,0.00022,0.0004,-7e-05,0,3e-05,4e-05,-0.00024,0.00021,0.00032,-0.00016,0,2e-05,4e-05,0.0214,0.00098,-0.00016,0.00136,-1e-05,-0,-0,-0.05173,-0.00057,0.0014,0.00499,-0.00053,0.00019,0.00019
42.08,-0.02662,-0.00164,-4e-05,0.00067,0.0002,0,-0.00054,0.00031,0.00032,-0.00017,0,3e-05,4e-05,-0.00029,0.00026,0.00031,-0.00016,0,2e-05,4e-05,0.02277,0.0011,-0.00016,0.0014,-0,-0,-0,-0.07378,0.00013,0.00089,0.01074,-0.00062,0.00018,0.00018
42.1,-0.02858,-0.00119,-3e-05,0.00068,0.00019,0,-0.00058,0.00041,0.00023,-0.00025,0,3e-05,4e-05,-0.00034,0.0003,0.00029,-0.00016,0,2e-05,4e-05,0.02411,0.00118,-0.00016,0.00144,0,-0,-0,-0.09485,0.00051,0.00017,0.01766,-0.00074,0.00015,0.00016
42.12,-0.03067,-0.00077,-2e-05,0.00066,0.00016,0,-0.00064,0.0005,0.00012,-0.00033,0,3e-05,4e-05,-0.00037,0.00034,0.00027,-0.00016,0,2e-05,3e-05,0.02542,0.00125,-0.00015,0.00149,1e-05,-0,-0,-0.1099,0.0004,-0.00071,0.02316,-0.00086,0.00011,0.00014
42.14,-0.03282,-0.00044,0,0.00063,0.00012,0,-0.00072,0.00059,2e-05,-0.0004,0,3e-05,4e-05,-0.0004,0.00038,0.00023,-0.00015,0,2e-05,3e-05,0.02661,0.00128,-0.00015,0.00154,1e-05,-0,-0,-0.11575,-0.00012,-0.00162,0.02605,-0.00096,8e-05,0.00011
42.16,-0.03501,-0.0002,3e-05,0.00056,6e-05,-0,-0.00078,0.00067,-8e-05,-0.00046,0,3e-05,4e-05,-0.00043,0.00042,0.00017,-0.00015,0,2e-05,4e-05,0.02761,0.0013,-0.00015,0.00159,2e-05,-0,-0,-0.11145,-0.00078,-0.00233,0.02666,-0.00102,5e-05,8e-05
42.18,-0.03725,-5e-05,5e-05,0.00047,-0,-0,-0.00084,0.00072,-0.00016,-0.00051,0,3e-05,5e-05,-0.00046,0.00046,0.00011,-0.00015,0,2e-05,4e-05,0.0284,0.00129,-0.00014,0.00163,2e-05,-0,-0,-0.09797,-0.00125,-0.00273,0.02495,-0.00101,2e-05,6e-05
42.2,-0.03937,3e-05,8e-05,0.00035,-7e-05,-0,-0.00089,0.00077,-0.00024,-0.00056,0,3e-05,5e-05,-0.0005,0.00051,3e-05,-0.00014,0,2e-05,4e-05,0.02899,0.00127,-0.00012,0.0017,3e-05,-0,-0,-0.0778,-0.00135,-0.00279,0.02126,-0.00093,0,4e-05
42.22,-0.04117,5e-05,0.0001,0.00022,-0.00013,-0,-0.00092,0.0008,-0.0003,-0.00058,-0,2e-05,5e-05,-0.00054,0.00057,-5e-05,-0.00013,0,2e-05,5e-05,0.02939,0.00125,-0.0001,0.0018,3e-05,-0,-0,-0.05434,-0.00109,-0.00256,0.01638,-0.00079,-1e-05,3e-05
42.24,-0.04271,2e-05,0.00012,7e-05,-0.00017,-0,-0.00093,0.00082,-0.00035,-0.00059,-0,2e-05,5e-05,-0.00057,0.00063,-0.00014,-0.00012,0,2e-05,5e-05,0.0296,0.00122,-6e-05,0.00193,4e-05,-0,-0,-0.03137,-0.00064,-0.00209,0.01161,-0.00061,-1e-05,2e-05
42.26,-0.04404,-3e-05,0.00013,-8e-05,-0.0002,-0,-0.00093,0.00083,-0.00038,-0.00059,0,2e-05,5e-05,-0.00061,0.0007,-0.00022,-0.0001,0,2e-05,6e-05,0.02963,0.00119,-2e-05,0.00206,4e-05,-0,-0,-0.01121,-0.00024,-0.00142,0.0077,-0.00043,-1e-05,1e-05
42.28,-0.04509,-9e-05,0.00013,-0.00023,-0.0002,-0,-0.00091,0.00082,-0.0004,-0.00056,0,2e-05,5e-05,-0.00064,0.00077,-0.0003,-8e-05,0,2e-05,6e-05,0.0295,0.00116,3e-05,0.00219,4e-05,-0,-0,0.00523,-2e-05,-0.00064,0.00477,-0.00026,-1e-05,0
42.3,-0.04564,-0.00014,0.00013,-0.00038,-0.0002,-0,-0.00087,0.0008,-0.00042,-0.00051,0,1e-05,5e-05,-0.00066,0.00084,-0.00037,-4e-05,0,2e-05,6e-05,0.02923,0.00112,8e-05,0.00233,4e-05,-0,-0,0.0176,-3e-05,0.00015,0.00278,-0.00012,-1e-05,0
42.32,-0.0455,-0.00017,0.00012,-0.0005,-0.00017,-0,-0.00081,0.00074,-0.00041,-0.00045,0,1e-05,5e-05,-0.00066,0.00091,-0.00041,1e-05,0,2e-05,6e-05,0.02884,0.00107,0.00014,0.00249,4e-05,-0,-0,0.02616,-0.00019,0.00088,0.00163,-2e-05,-0,-0
42.34,-0.04486,-0.0002,0.00011,-0.0006,-0.00013,-0,-0.00073,0.00068,-0.0004,-0.00036,0,1e-05,5e-05,-0.00063,0.00096,-0.00044,7e-05,0,1e-05,5e-05,0.02835,0.00102,0.0002,0.00265,4e-05,-0,-0,0.03148,-0.0004,0.00148,0.00112,5e-05,0,0
42.36,-0.04386,-0.00022,0.0001,-0.00067,-9e-05,-0,-0.00064,0.0006,-0.00038,-0.00025,0,0,4e-05,-0.00058,0.00098,-0.00045,0.00014,0,1e-05,4e-05,0.02779,0.00096,0.00025,0.00279,4e-05,-0,-0,0.03085,-0.00051,0.00154,0.00138,5e-05,0,0
42.38,-0.04247,-0.00024,9e-05,-0.00071,-4e-05,-0,-0.00054,0.00052,-0.00035,-0.00013,0,0,4e-05,-0.00051,0.00098,-0.00045,0.00023,1e-05,1e-05,3e-05,0.02718,0.00089,0.00029,0.0029,3e-05,-0,-0,0.02973,-0.00057,0.00155,0.00161,5e-05,0,0
42.4,-0.04065,-0.00025,8e-05,-0.00072,0,-0,-0.00043,0.00042,-0.00031,1e-05,0,-0,3e-05,-0.00041,0.00094,-0.00042,0.00033,1e-05,1e-05,2e-05,0.0265,0.00079,0.00032,0.00298,3e-05,-0,-0,0.02852,-0.00061,0.00157,0.00174,4e-05,0,0
42.42,-0.03842,-0.00025,6e-05,-0.0007,5e-05,-0,-0.00032,0.00032,-0.00028,0.00015,0,-0,2e-05,-0.00031,0.00086,-0.00039,0.00045,1e-05,1e-05,1e-05,0.02573,0.00066,0.00034,0.00303,3e-05,-0,-0,0.02713,-0.00066,0.00159,0.00178,4e-05,0,0
42.44,-0.03593,-0.00023,5e-05,-0.00066,8e-05,-0,-0.00022,0.00022,-0.00025,0.00031,0,-0,2e-05,-0.00019,0.00073,-0.00034,0.00059,2e-05,1e-05,-0,0.02493,0.0005,0.00036,0.00306,2e-05,-0,-0,0.0257,-0.00072,0.00166,0.00179,3e-05,0,0
42.46,-0.03333,-0.00021,4e-05,-0.00061,0.0001,-0,-0.00011,0.00012,-0.00021,0.00047,0,-0,1e-05,-7e-05,0.00056,-0.00028,0.00073,3e-05,1e-05,-1e-05,0.02413,0.00033,0.00039,0.00307,2e-05,-0,-0,0.02428,-0.00079,0.0018,0.00178,3e-05,0,0
42.48,-0.0307,-0.00017,3e-05,-0.00056,0.00012,-0,-1e-05,3e-05,-0.00018,0.00063,0,-0,0,5e-05,0.00036,-0.00022,0.00089,3e-05,1e-05,-2e-05,0.02333,0.00016,0.00044,0.00308,1e-05,-0,-0,0.02285,-0.00085,0.00201,0.00175,3e-05,0,0
42.5,-0.02809,-0.00012,2e-05,-0.00051,0.00012,-0,8e-05,-5e-05,-0.00015,0.00079,0,-0,-1e-05,0.00016,0.00014,-0.00015,0.00105,4e-05,1e-05,-3e-05,0.0225,2e-05,0.0005,0.00307,1e-05,0,0,0.02138,-0.0009,0.00229,0.00171,2e-05,0,0
42.52,-0.0256,-5e-05,1e-05,-0.00049,0.00011,-0,0.00017,-0.00013,-0.00012,0.00097,0,-0,-2e-05,0.00025,-0.0001,-8e-05,0.00123,5e-05,1e-05,-4e-05,0.02166,-7e-05,0.00059,0.00307,1e-05,1e-05,0,0.01988,-0.00092,0.00266,0.00168,1e-05,0,0
42.54,-0.02337,3e-05,1e-05,-0.0005,0.0001,-0,0.00024,-0.0002,-0.0001,0.00115,0,-0,-3e-05,0.00032,-0.00032,-2e-05,0.00141,5e-05,1e-05,-5e-05,0.0208,-0.0001,0.00072,0.00306,1e-05,2e-05,1e-05,0.01835,-0.00093,0.0031,0.00164,1e-05,1e-05,0
42.56,-0.02153,0.00011,0,-0.00054,8e-05,-0,0.00031,-0.00026,-8e-05,0.00133,-0,-0,-3e-05,0.00038,-0.00051,4e-05,0.00159,4e-05,1e-05,-5e-05,0.01991,-5e-05,0.00089,0.00305,0,3e-05,1e-05,0.01679,-0.00094,0.00358,0.00161,0,1e-05,0
42.58,-0.0201,0.0002,0,-0.00063,6e-05,-0,0.00036,-0.00031,-6e-05,0.00151,-0,-0,-4e-05,0.00041,-0.00068,9e-05,0.00176,3e-05,1e-05,-6e-05,0.01896,3e-05,0.0011,0.00305,0,4e-05,2e-05,0.01521,-0.00098,0.00407,0.00158,-0,1e-05,1e-05
42.6,-0.01909,0.00027,0,-0.00077,4e-05,-0,0.00041,-0.00036,-5e-05,0.0017,0,-0,-5e-05,0.00042,-0.00082,0.00013,0.00191,2e-05,0,-6e-05,0.01794,0.00015,0.00137,0.00304,1e-05,5e-05,3e-05,0.0136,-0.00104,0.00458,0.00158,-1e-05,1e-05,1e-05
42.62,-0.01848,0.00031,0,-0.00094,1e-05,-0,0.00045,-0.0004,-3e-05,0.00189,0,-0,-5e-05,0.00042,-0.00091,0.00016,0.00206,1e-05,-0,-6e-05,0.01688,0.00032,0.00176,0.00305,1e-05,7e-05,4e-05,0.01199,-0.00108,0.00514,0.00163,-2e-05,1e-05,1e-05
42.64,-0.01829,0.00031,0,-0.00114,-0,-0,0.00047,-0.00043,-2e-05,0.00208,0,-0,-5e-05,0.00041,-0.00098,0.00019,0.00218,-0,-0,-5e-05,0.01568,0.00046,0.00224,0.00306,1e-05,0.0001,6e-05,0.01042,-0.00114,0.00567,0.00173,-2e-05,1e-05,1e-05
42.66,-0.01847,0.00029,1e-05,-0.00139,-1e-05,-0,0.00049,-0.00046,0,0.00225,0,-0,-5e-05,0.00039,-0.00102,0.0002,0.00226,-0,-1e-05,-5e-05,0.01431,0.00044,0.00276,0.00308,2e-05,0.00012,7e-05,0.00891,-0.00127,0.0061,0.00185,-2e-05,1e-05,1e-05
42.68,-0.01891,0.00024,1e-05,-0.00166,-2e-05,-0,0.00049,-0.00048,2e-05,0.00239,1e-05,-0,-5e-05,0.00038,-0.00104,0.00021,0.00231,-0,-1e-05,-4e-05,0.01279,0.00018,0.0033,0.0031,2e-05,0.00014,8e-05,0.00749,-0.00141,0.00644,0.00201,-2e-05,1e-05,1e-05
42.7,-0.01947,0.00018,1e-05,-0.00196,-1e-05,-0,0.00049,-0.00049,5e-05,0.0025,1e-05,-0,-5e-05,0.00035,-0.00104,0.00022,0.00232,-0,-1e-05,-4e-05,0.01114,-0.00028,0.00386,0.00315,2e-05,0.00015,0.0001,0.00616,-0.0016,0.00668,0.00219,-2e-05,1e-05,1e-05
42.72,-0.01999,9e-05,1e-05,-0.00227,-1e-05,-0,0.00047,-0.0005,8e-05,0.0026,1e-05,-0,-4e-05,0.00032,-0.00103,0.00021,0.00231,0,-1e-05,-3e-05,0.00943,-0.00085,0.00444,0.00328,1e-05,0.00018,0.00013,0.00495,-0.00187,0.00676,0.00238,-1e-05,0,1e-05
42.74,-0.02037,-1e-05,1e-05,-0.00258,-1e-05,-0,0.00044,-0.00051,0.00011,0.00265,2e-05,0,-4e-05,0.00029,-0.00101,0.0002,0.00227,0,-1e-05,-3e-05,0.00774,-0.00157,0.00497,0.00346,-0,0.0002,0.00015,0.00389,-0.0021,0.00677,0.00258,-1e-05,0,1e-05
42.76,-0.02061,-0.0001,1e-05,-0.00288,-0,-0,0.0004,-0.00051,0.00014,0.00263,3e-05,0,-4e-05,0.00027,-0.00098,0.00019,0.00219,1e-05,-1e-05,-3e-05,0.00616,-0.00245,0.00536,0.00367,-3e-05,0.00018,0.00014,0.00298,-0.00222,0.00677,0.00277,-1e-05,0,1e-05
42.78,-0.02081,-0.00019,1e-05,-0.00317,0,-0,0.00036,-0.00051,0.00017,0.00255,3e-05,0,-3e-05,0.00026,-0.00094,0.00017,0.00208,1e-05,-1e-05,-2e-05,0.00473,-0.00331,0.00559,0.00389,-6e-05,0.00013,0.00011,0.00218,-0.00223,0.00673,0.00293,-1e-05,0,0
42.8,-0.0211,-0.00027,1e-05,-0.00342,-0,0,0.0003,-0.00051,0.0002,0.00242,3e-05,0,-3e-05,0.00024,-0.0009,0.00015,0.00195,2e-05,-1e-05,-2e-05,0.00345,-0.00401,0.00556,0.00413,-9e-05,7e-05,7e-05,0.00148,-0.00209,0.00664,0.00306,-1e-05,0,0
42.82,-0.02163,-0.00034,1e-05,-0.00363,-0,0,0.00025,-0.0005,0.00022,0.00224,4e-05,0,-3e-05,0.00023,-0.00085,0.00013,0.00179,2e-05,-1e-05,-2e-05,0.00236,-0.00437,0.00521,0.00437,-9e-05,3e-05,4e-05,0.00083,-0.00175,0.00649,0.00318,-0,-0,-0
42.84,-0.02257,-0.00039,1e-05,-0.00378,-1e-05,0,0.00019,-0.00048,0.00024,0.00203,4e-05,0,-2e-05,0.00022,-0.00079,0.00011,0.00161,3e-05,-1e-05,-1e-05,0.00146,-0.00428,0.00454,0.00456,-7e-05,3e-05,5e-05,0.00022,-0.00129,0.00608,0.00313,-0,-0,-0
42.86,-0.02389,-0.00042,2e-05,-0.00384,-1e-05,0,0.00015,-0.00046,0.00024,0.0018,3e-05,0,-2e-05,0.00021,-0.00072,0.0001,0.00142,3e-05,-0,-1e-05,0.00076,-0.0037,0.00355,0.00465,-4e-05,7e-05,8e-05,-0.00028,-0.00054,0.00232,0.00093,0,0,0
42.88,-0.02535,-0.00043,2e-05,-0.00379,-1e-05,0,0.00012,-0.00043,0.00024,0.00156,3e-05,0,-1e-05,0.0002,-0.00064,9e-05,0.00123,3e-05,-0,-1e-05,0.00027,-0.0027,0.00236,0.00465,-2e-05,0.00013,0.00013,-0.00048,0,-0.00218,-0.00243,-1e-05,1e-05,2e-05
42.9,-0.02651,-0.0004,3e-05,-0.00363,-1e-05,0,0.0001,-0.0004,0.00022,0.00131,2e-05,0,-1e-05,0.00018,-0.00055,9e-05,0.00102,3e-05,-0,-1e-05,-1e-05,-0.00169,0.001,0.0045,-0,0.0002,0.00018,-0.00029,0.00014,-0.00689,-0.00688,-2e-05,3e-05,4e-05
42.92,-0.02686,-0.00033,5e-05,-0.00332,-0,0,8e-05,-0.00036,0.00019,0.00105,1e-05,0,-1e-05,0.00016,-0.00047,9e-05,0.00081,2e-05,-0,-1e-05,-8e-05,-0.00094,-0.00028,0.0042,1e-05,0.00036,0.0003,0.0003,-0.00018,-0.01103,-0.01174,-5e-05,6e-05,8e-05
42.94,-0.02602,-0.00024,6e-05,-0.00286,0,0,6e-05,-0.00032,0.00015,0.00078,0,0,-0,0.00013,-0.00038,9e-05,0.00061,1e-05,-0,-1e-05,7e-05,-0.00037,-0.00126,0.00385,4e-05,0.0006,0.0005,0.00116,-0.00073,-0.01423,-0.01657,-0.0001,9e-05,0.00012
42.96,-0.02383,-0.00015,7e-05,-0.00228,1e-05,0,5e-05,-0.00027,0.0001,0.00052,-0,0,-0,0.0001,-0.00028,9e-05,0.00041,1e-05,-0,-1e-05,0.00041,-3e-05,-0.00189,0.00351,5e-05,0.00085,0.0007,0.00205,-0.00127,-0.01656,-0.02114,-0.00015,0.00013,0.00017
42.98,-0.02041,-6e-05,8e-05,-0.0016,2e-05,0,3e-05,-0.00021,4e-05,0.00027,-0,0,0,5e-05,-0.00018,9e-05,0.00022,0,-0,-1e-05,0.00087,8e-05,-0.00219,0.00317,7e-05,0.00111,0.0009,0.00266,-0.00151,-0.01804,-0.02471,-0.00021,0.00017,0.00022
43,-0.01611,0,9e-05,-0.00087,3e-05,0,1e-05,-0.00016,-3e-05,4e-05,-0,0,0,-0,-8e-05,9e-05,3e-05,0,-0,-1e-05,0.00135,3e-05,-0.00222,0.00283,6e-05,0.00135,0.0011,0.00276,-0.00145,-0.01888,-0.02679,-0.00025,0.0002,0.00026
43.02,-0.01144,5e-05,9e-05,-0.00016,3e-05,0,-1e-05,-9e-05,-9e-05,-0.00018,-0,0,0,-5e-05,1e-05,9e-05,-0.00013,0,-0,-1e-05,0.00175,-9e-05,-0.00209,0.00247,4e-05,0.00156,0.00131,0.00229,-0.00129,-0.01925,-0.02708,-0.00026,0.00022,0.00029
43.04,-0.00685,8e-05,9e-05,0.00048,3e-05,0,-4e-05,-3e-05,-0.00015,-0.00036,-0,0,1e-05,-0.00011,9e-05,9e-05,-0.00029,0,-0,-1e-05,0.002,-0.0002,-0.00184,0.00212,1e-05,0.00169,0.00145,0.00132,-0.00102,-0.01895,-0.02536,-0.00025,0.00024,0.0003
43.06,-0.00265,9e-05,9e-05,0.001,2e-05,0,-6e-05,3e-05,-0.0002,-0.00051,-1e-05,0,0,-0.00015,0.00017,8e-05,-0.00042,0,0,-1e-05,0.00204,-0.00023,-0.00149,0.00176,-2e-05,0.00166,0.00143,8e-05,-0.00066,-0.01777,-0.02183,-0.00021,0.00023,0.00029
43.08,0.00094,7e-05,8e-05,0.00138,2e-05,-0,-7e-05,9e-05,-0.00024,-0.00063,-1e-05,0,0,-0.00019,0.00023,7e-05,-0.00053,0,0,-1e-05,0.00188,-0.00017,-0.0011,0.0014,-5e-05,0.00147,0.00125,-0.00113,-0.00031,-0.01571,-0.01707,-0.00016,0.00022,0.00026
43.1,0.00383,4e-05,8e-05,0.0016,1e-05,-0,-8e-05,0.00015,-0.00027,-0.00071,-1e-05,0,-0,-0.00022,0.00029,5e-05,-0.00063,0,0,-1e-05,0.00156,-5e-05,-0.0007,0.00105,-8e-05,0.00104,0.00083,-0.00206,-7e-05,-0.01288,-0.01177,-0.00011,0.00019,0.00022
43.12,0.00599,1e-05,7e-05,0.00167,0,-0,-9e-05,0.00019,-0.00029,-0.00075,-0,0,-1e-05,-0.00023,0.00033,4e-05,-0.00069,0,0,-1e-05,0.00111,9e-05,-0.00031,0.00074,-9e-05,0.00038,0.0002,-0.00257,8e-05,-0.00958,-0.00672,-7e-05,0.00016,0.00017
43.14,0.00744,-4e-05,7e-05,0.00159,-0,-0,-9e-05,0.00023,-0.0003,-0.00074,-0,0,-2e-05,-0.00023,0.00036,3e-05,-0.00073,0,0,-1e-05,0.0006,0.00021,5e-05,0.00045,-9e-05,-0.00037,-0.00046,-0.00259,0.00019,-0.00617,-0.00262,-3e-05,0.00012,0.00012
43.16,0.00822,-9e-05,6e-05,0.00138,-0,-0,-8e-05,0.00026,-0.00029,-0.00069,0,0,-2e-05,-0.00022,0.00037,2e-05,-0.00074,1e-05,0,-1e-05,7e-05,0.00029,0.00037,0.00022,-8e-05,-0.00114,-0.0011,-0.0022,0.00025,-0.00308,0.00021,0,8e-05,8e-05
43.18,0.00842,-0.00013,5e-05,0.00106,0,-0,-6e-05,0.00027,-0.00028,-0.0006,1e-05,0,-3e-05,-0.00019,0.00036,2e-05,-0.00073,1e-05,0,-1e-05,-0.00045,0.00032,0.00064,3e-05,-7e-05,-0.00194,-0.00172,-0.00159,0.00027,-0.00065,0.00178,2e-05,5e-05,4e-05
43.2,0.00813,-0.00017,4e-05,0.00067,1e-05,-0,-3e-05,0.00026,-0.00026,-0.00046,3e-05,1e-05,-3e-05,-0.00016,0.00034,2e-05,-0.00069,1e-05,0,-1e-05,-0.00094,0.0003,0.00085,-0.00012,-6e-05,-0.0025,-0.00213,-0.00097,0.00028,0.00093,0.00235,2e-05,2e-05,1e-05
43.22,0.00744,-0.00019,2e-05,0.00023,2e-05,-0,1e-05,0.00025,-0.00023,-0.00027,5e-05,1e-05,-3e-05,-0.00013,0.0003,3e-05,-0.00063,1e-05,0,-1e-05,-0.00135,0.00025,0.00098,-0.00022,-5e-05,-0.00227,-0.00202,-0.00049,0.00028,0.00172,0.00227,2e-05,1e-05,-0
43.24,0.00643,-0.00019,1e-05,-0.00023,3e-05,-0,6e-05,0.00022,-0.00021,-5e-05,7e-05,1e-05,-3e-05,-0.0001,0.00025,5e-05,-0.00055,1e-05,-0,-1e-05,-0.00167,0.0002,0.00105,-0.00028,-4e-05,-0.00168,-0.00161,-0.00019,0.00027,0.00194,0.00189,2e-05,-0,-1e-05
43.26,0.00516,-0.00018,1e-05,-0.00071,5e-05,-0,0.0001,0.00019,-0.00018,0.00022,0.0001,1e-05,-2e-05,-6e-05,0.00019,8e-05,-0.00045,1e-05,-0,-1e-05,-0.0019,0.00013,0.00104,-0.00031,-3e-05,-0.00116,-0.00117,-5e-05,0.00025,0.00189,0.00149,2e-05,-1e-05,-1e-05
43.28,0.0037,-0.00015,-0,-0.00117,6e-05,-0,0.00012,0.00016,-0.00015,0.00052,0.00013,0,-2e-05,-3e-05,0.00012,0.00011,-0.00034,1e-05,-0,-0,-0.00202,8e-05,0.00097,-0.00031,-2e-05,-0.00062,-0.00067,-1e-05,0.00023,0.00183,0.00119,1e-05,-1e-05,-1e-05
43.3,0.00214,-0.00012,-0,-0.00162,7e-05,-0,0.00014,0.00013,-0.00013,0.00083,0.00015,0,-1e-05,-0,5e-05,0.00015,-0.00022,1e-05,-0,-0,-0.00206,4e-05,0.00085,-0.00028,-1e-05,-0.00027,-0.00032,-0,0.00021,0.00188,0.00102,1e-05,-1e-05,-1e-05
43.32,0.00056,-7e-05,-1e-05,-0.00202,8e-05,-0,0.00015,0.00011,-0.00011,0.00115,0.00017,-0,-1e-05,2e-05,-2e-05,0.0002,-0.00011,0,0,-0,-0.00203,1e-05,0.00069,-0.00024,0,-0.00021,-0.00023,-0,0.0002,0.00206,0.00091,1e-05,-0,-1e-05
43.34,-0.00095,-2e-05,-0,-0.00237,9e-05,-0,0.00016,9e-05,-0.0001,0.00147,0.00017,-0,-1e-05,4e-05,-9e-05,0.00026,-0,0,0,-0,-0.00194,-1e-05,0.00052,-0.00018,1e-05,-0.00019,-0.00018,-0,0.00019,0.00222,0.00078,1e-05,0,-0
43.36,-0.00234,3e-05,0,-0.00265,9e-05,-0,0.00013,8e-05,-0.0001,0.00177,0.00015,-0,-0,6e-05,-0.00014,0.00031,9e-05,-0,0,-1e-05,-0.0018,-2e-05,0.00036,-0.00012,2e-05,-0.00012,-0.00011,-1e-05,0.00019,0.00218,0.00057,1e-05,1e-05,1e-05
43.38,-0.00355,7e-05,0,-0.00287,9e-05,-0,9e-05,7e-05,-0.00011,0.00204,0.0001,0,-0,7e-05,-0.00019,0.00036,0.00016,-0,1e-05,-1e-05,-0.00162,-4e-05,0.00022,-5e-05,2e-05,-4e-05,-4e-05,-4e-05,0.00019,0.00179,0.00025,1e-05,2e-05,2e-05
43.4,-0.00451,0.00011,1e-05,-0.00304,8e-05,-0,5e-05,8e-05,-0.00012,0.00227,5e-05,0,0,8e-05,-0.00023,0.0004,0.00022,-0,1e-05,-1e-05,-0.00142,-5e-05,0.0001,2e-05,3e-05,3e-05,2e-05,-8e-05,0.00019,0.00109,-0.00015,1e-05,4e-05,4e-05
43.42,-0.00519,0.00015,1e-05,-0.00319,7e-05,-0,2e-05,9e-05,-0.00013,0.00246,-0,1e-05,1e-05,9e-05,-0.00026,0.00044,0.00025,-0,1e-05,-2e-05,-0.0012,-6e-05,1e-05,0.0001,4e-05,9e-05,8e-05,-0.00013,0.00018,0.00028,-0.00052,1e-05,5e-05,5e-05
43.44,-0.00555,0.00019,2e-05,-0.00332,6e-05,-0,1e-05,0.0001,-0.00014,0.00261,-3e-05,1e-05,1e-05,9e-05,-0.00028,0.00047,0.00026,-0,1e-05,-2e-05,-0.00097,-7e-05,-7e-05,0.00018,4e-05,0.00016,0.00013,-0.00015,0.00016,-0.00042,-0.0008,1e-05,5e-05,6e-05
43.46,-0.00559,0.00022,2e-05,-0.00347,5e-05,-0,1e-05,0.00012,-0.00016,0.00272,-3e-05,2e-05,1e-05,0.0001,-0.00029,0.00048,0.00025,-0,1e-05,-2e-05,-0.00074,-7e-05,-0.00012,0.00026,4e-05,0.00018,0.00014,-0.00014,0.00014,-0.00089,-0.00098,-0,5e-05,6e-05
43.48,-0.00535,0.00025,3e-05,-0.00364,4e-05,-0,4e-05,0.00015,-0.00017,0.00278,-1e-05,3e-05,1e-05,0.0001,-0.0003,0.00048,0.00022,-0,1e-05,-2e-05,-0.00051,-7e-05,-0.00016,0.00034,5e-05,0.00017,0.00014,-0.00012,0.00013,-0.00117,-0.0011,-1e-05,5e-05,6e-05
43.5,-0.00487,0.00026,4e-05,-0.00382,3e-05,-0,6e-05,0.00018,-0.00018,0.0028,3e-05,4e-05,-0,0.00011,-0.00029,0.00046,0.00017,0,1e-05,-1e-05,-0.00029,-7e-05,-0.00019,0.00041,5e-05,0.00013,0.0001,-0.00012,0.00011,-0.0014,-0.00125,-2e-05,5e-05,5e-05
43.52,-0.00424,0.00027,5e-05,-0.00402,2e-05,-0,6e-05,0.00022,-0.00018,0.00279,7e-05,5e-05,-1e-05,0.00011,-0.00028,0.00043,0.00012,0,1e-05,-0,-8e-05,-8e-05,-0.00022,0.00048,5e-05,7e-05,5e-05,-0.00021,9e-05,-0.00169,-0.00152,-5e-05,4e-05,5e-05
43.54,-0.00352,0.00027,5e-05,-0.00422,1e-05,-0,6e-05,0.00027,-0.00018,0.00275,0.00013,7e-05,-1e-05,0.00012,-0.00027,0.00038,7e-05,1e-05,2e-05,1e-05,0.00012,-9e-05,-0.00024,0.00054,5e-05,4e-05,2e-05,-0.00044,6e-05,-0.00213,-0.00201,-8e-05,4e-05,5e-05
43.56,-0.00279,0.00026,5e-05,-0.00441,1e-05,-0,6e-05,0.00033,-0.00018,0.00269,0.00019,0.0001,-1e-05,0.00013,-0.00025,0.00032,2e-05,2e-05,2e-05,1e-05,0.00029,-0.0001,-0.00027,0.00058,6e-05,4e-05,2e-05,-0.00092,3e-05,-0.00267,-0.00272,-0.00016,2e-05,4e-05
43.58,-0.00211,0.00025,5e-05,-0.00458,0,-0,4e-05,0.0004,-0.00018,0.00261,0.00024,0.00012,-1e-05,0.00015,-0.00023,0.00026,-2e-05,3e-05,2e-05,1e-05,0.00044,-0.00011,-0.00028,0.00061,6e-05,5e-05,3e-05,-0.00176,1e-05,-0.00316,-0.00363,-0.00028,-2e-05,2e-05
43.6,-0.00155,0.00022,4e-05,-0.00471,0,-0,2e-05,0.00047,-0.00017,0.00251,0.0003,0.00014,-1e-05,0.00016,-0.00021,0.00019,-5e-05,4e-05,3e-05,1e-05,0.00056,-0.00012,-0.00028,0.00062,7e-05,7e-05,4e-05,-0.00307,-1e-05,-0.00338,-0.00466,-0.00046,-0.0001,-4e-05
43.62,-0.00117,0.00017,2e-05,-0.00478,-0,-0,-1e-05,0.00056,-0.00016,0.00239,0.00037,0.00017,-0,0.00018,-0.00019,0.00013,-6e-05,6e-05,4e-05,-0,0.00063,-0.00011,-0.00026,0.00061,0.0001,0.00011,7e-05,-0.00488,1e-05,-0.00309,-0.00568,-0.00071,-0.00024,-0.00014
43.64,-0.00102,0.00012,-0,-0.00476,-0,-0,-4e-05,0.00064,-0.00015,0.00228,0.00042,0.00018,0,0.0002,-0.00017,8e-05,-6e-05,8e-05,5e-05,-0,0.00066,-0.0001,-0.00022,0.00059,0.00014,0.00016,0.0001,-0.00711,6e-05,-0.00217,-0.00651,-0.00101,-0.00044,-0.0003
43.66,-0.00113,6e-05,-3e-05,-0.00468,-0,-0,-7e-05,0.00071,-0.00013,0.00216,0.00041,0.00017,1e-05,0.00021,-0.00015,5e-05,-4e-05,0.0001,5e-05,0,0.00065,-7e-05,-0.00016,0.00055,0.00015,0.00018,0.00012,-0.0095,0.00015,-0.00071,-0.007,-0.00133,-0.00069,-0.00051
43.68,-0.00148,1e-05,-5e-05,-0.00453,-0,-0,-9e-05,0.00076,-0.00011,0.00205,0.00037,0.00016,1e-05,0.00022,-0.00014,3e-05,0,0.00012,6e-05,1e-05,0.0006,-3e-05,-8e-05,0.0005,0.00015,0.00019,0.00013,-0.01164,0.00027,0.00092,-0.00713,-0.00158,-0.00094,-0.00072
43.7,-0.00205,-3e-05,-6e-05,-0.00434,0,-0,-0.0001,0.00079,-8e-05,0.00193,0.0003,0.00013,1e-05,0.00022,-0.00013,3e-05,5e-05,0.00015,6e-05,1e-05,0.00052,-0,1e-05,0.00044,0.00012,0.00015,0.00011,-0.013,0.00039,0.00216,-0.00685,-0.00177,-0.00112,-0.00088
43.72,-0.00281,-5e-05,-7e-05,-0.00416,0,-0,-9e-05,0.0008,-6e-05,0.0018,0.00021,0.0001,1e-05,0.00021,-0.00013,4e-05,0.00011,0.00018,5e-05,1e-05,0.00043,3e-05,8e-05,0.00038,6e-05,9e-05,7e-05,-0.01304,0.00054,0.00234,-0.00617,-0.00192,-0.00117,-0.00092
43.74,-0.00369,-7e-05,-8e-05,-0.00399,-0,-0,-8e-05,0.00079,-3e-05,0.00166,0.00012,7e-05,1e-05,0.0002,-0.00013,5e-05,0.00018,0.00021,5e-05,0,0.00035,4e-05,0.00013,0.00033,1e-05,3e-05,3e-05,-0.01135,0.00064,0.00102,-0.00532,-0.00183,-0.00102,-0.0008
43.76,-0.00463,-7e-05,-8e-05,-0.00384,-0,-0,-6e-05,0.00075,-1e-05,0.00152,7e-05,5e-05,1e-05,0.00019,-0.00014,6e-05,0.00024,0.00026,4e-05,-0,0.00029,5e-05,0.00015,0.00029,-4e-05,-2e-05,-0,-0.00788,0.00062,-0.00188,-0.00448,-0.00136,-0.00064,-0.00049
43.78,-0.00557,-8e-05,-9e-05,-0.00371,-0,-0,-4e-05,0.00068,2e-05,0.00139,3e-05,3e-05,1e-05,0.00018,-0.00015,7e-05,0.00031,0.0003,4e-05,-0,0.00027,5e-05,0.00014,0.00025,-8e-05,-4e-05,-1e-05,-0.00303,0.00047,-0.00599,-0.00366,-0.00055,-6e-05,-4e-05
43.8,-0.00642,-8e-05,-9e-05,-0.0036,-0,-0,-2e-05,0.00059,4e-05,0.00126,1e-05,2e-05,1e-05,0.00018,-0.00016,8e-05,0.00037,0.00035,4e-05,-0,0.00031,5e-05,9e-05,0.00022,-0.0001,-2e-05,1e-05,0.00238,0.00018,-0.01064,-0.00298,0.00053,0.00061,0.00048
43.82,-0.00708,-8e-05,-9e-05,-0.00348,-1e-05,-0,-0,0.00048,6e-05,0.00112,0,2e-05,1e-05,0.00018,-0.00017,8e-05,0.00042,0.00042,4e-05,0,0.00043,4e-05,3e-05,0.00021,-0.0001,3e-05,5e-05,0.00738,-0.00015,-0.01512,-0.00249,0.00148,0.00123,0.00097
43.84,-0.00751,-8e-05,-9e-05,-0.00336,-1e-05,-0,1e-05,0.00038,8e-05,0.001,-0,1e-05,1e-05,0.00019,-0.00018,7e-05,0.00045,0.00046,3e-05,1e-05,0.00063,3e-05,-4e-05,0.0002,-8e-05,0.00011,0.00011,0.01114,-0.00039,-0.01869,-0.0021,0.00203,0.00168,0.00135
43.86,-0.00766,-8e-05,-8e-05,-0.00323,-1e-05,-0,2e-05,0.00029,9e-05,0.00089,-0,1e-05,1e-05,0.00019,-0.00018,7e-05,0.00047,0.00046,3e-05,2e-05,0.00089,2e-05,-0.0001,0.0002,-6e-05,0.0002,0.00017,0.01329,-0.00053,-0.02082,-0.00177,0.00226,0.00194,0.00158
43.88,-0.00755,-8e-05,-8e-05,-0.00307,-1e-05,-0,3e-05,0.00023,9e-05,0.00078,-0,1e-05,1e-05,0.0002,-0.00018,5e-05,0.00048,0.00042,2e-05,2e-05,0.00117,1e-05,-0.00015,0.00021,-3e-05,0.00025,0.00019,0.01383,-0.00056,-0.02148,-0.00151,0.00215,0.00199,0.00164
43.9,-0.00722,-8e-05,-8e-05,-0.00289,-1e-05,-0,3e-05,0.00018,9e-05,0.00067,-0,0,1e-05,0.00021,-0.00018,3e-05,0.00047,0.00035,1e-05,3e-05,0.00141,0,-0.00017,0.00022,-1e-05,0.00031,0.00022,0.01306,-0.00053,-0.02081,-0.0013,0.00189,0.00189,0.00157
43.92,-0.00673,-7e-05,-7e-05,-0.0027,-1e-05,-0,3e-05,0.00014,0.0001,0.00056,-0,0,1e-05,0.00022,-0.00018,1e-05,0.00044,0.00024,1e-05,2e-05,0.00156,0,-0.00015,0.00023,2e-05,0.00051,0.00039,0.01145,-0.00049,-0.0191,-0.00113,0.00166,0.0017,0.00141
43.94,-0.00615,-7e-05,-7e-05,-0.0025,-1e-05,-0,2e-05,0.00012,0.0001,0.00045,-0,0,0,0.00023,-0.00016,-1e-05,0.0004,0.00014,1e-05,1e-05,0.00156,2e-05,-8e-05,0.00024,4e-05,0.00072,0.00057,0.00942,-0.00042,-0.01682,-0.00099,0.00141,0.00146,0.00121
43.96,-0.00552,-6e-05,-6e-05,-0.00228,-1e-05,0,2e-05,0.00011,0.0001,0.00034,-0,0,0,0.00023,-0.00015,-3e-05,0.00035,7e-05,0,1e-05,0.0014,5e-05,3e-05,0.00025,6e-05,0.00078,0.00062,0.00726,-0.00034,-0.0143,-0.00088,0.00114,0.0012,0.001
43.98,-0.00487,-6e-05,-6e-05,-0.00204,-1e-05,0,1e-05,0.00011,0.0001,0.00022,-0,0,-0,0.00023,-0.00013,-5e-05,0.00029,2e-05,0,0,0.0011,9e-05,0.00016,0.00025,8e-05,0.0007,0.00054,0.00522,-0.00026,-0.01178,-0.00079,0.00088,0.00095,0.00079
44,-0.00424,-6e-05,-5e-05,-0.0018,-1e-05,0,1e-05,0.00011,9e-05,0.00011,-0,0,-1e-05,0.00023,-0.00011,-6e-05,0.00023,-1e-05,-0,-0,0.00072,0.00013,0.00031,0.00025,8e-05,0.00037,0.00025,0.00342,-0.00019,-0.0094,-0.00071,0.00065,0.00073,0.00061
44.02,-0.00365,-5e-05,-5e-05,-0.00157,-1e-05,0,0,0.00011,0.0001,0,-0,0,-1e-05,0.00022,-9e-05,-7e-05,0.00017,-3e-05,-0,-1e-05,0.00033,0.00017,0.00045,0.00025,7e-05,-8e-05,-0.00011,0.00195,-0.00012,-0.00729,-0.00065,0.00046,0.00054,0.00046
44.04,-0.00311,-5e-05,-4e-05,-0.00135,-0,0,-0,0.00011,9e-05,-9e-05,-0,0,-1e-05,0.00021,-7e-05,-8e-05,0.00011,-6e-05,-0,-1e-05,-1e-05,0.00019,0.00056,0.00025,6e-05,-0.00035,-0.00033,0.00082,-6e-05,-0.00553,-0.0006,0.00031,0.0004,0.00034
44.06,-0.00263,-5e-05,-4e-05,-0.00114,-0,0,-0,0.00011,9e-05,-0.00016,-0,0,-1e-05,0.00019,-5e-05,-8e-05,5e-05,-8e-05,-0,-1e-05,-0.00025,0.00019,0.00063,0.00025,4e-05,-0.00047,-0.00043,4e-05,-2e-05,-0.00412,-0.00056,0.0002,0.00029,0.00025
44.08,-0.00221,-5e-05,-3e-05,-0.00094,-0,0,-0,0.00011,9e-05,-0.00021,0,0,-0,0.00017,-3e-05,-8e-05,1e-05,-0.0001,-0,-1e-05,-0.00038,0.00018,0.00064,0.00024,3e-05,-0.00045,-0.00041,-0.00044,2e-05,-0.00305,-0.00054,0.00012,0.0002,0.00018
44.1,-0.00185,-5e-05,-3e-05,-0.00076,0,0,-0,0.00011,8e-05,-0.00024,0,0,-0,0.00015,-2e-05,-8e-05,-3e-05,-0.00011,-0,-1e-05,-0.00041,0.00015,0.00062,0.00023,2e-05,-0.00038,-0.00034,-0.00066,4e-05,-0.00229,-0.00051,7e-05,0.00015,0.00014
44.12,-0.00155,-4e-05,-2e-05,-0.00061,0,0,-0,0.0001,8e-05,-0.00025,1e-05,0,-0,0.00013,-1e-05,-7e-05,-5e-05,-8e-05,-1e-05,-1e-05,-0.00037,0.00011,0.00055,0.00022,1e-05,-0.00033,-0.0003,-0.0007,5e-05,-0.00177,-0.00049,3e-05,0.00011,0.0001
44.14,-0.00132,-4e-05,-2e-05,-0.00047,0,-0,-1e-05,9e-05,7e-05,-0.00024,1e-05,0,-0,0.00011,-0,-6e-05,-6e-05,-4e-05,-0,-0,-0.00027,8e-05,0.00046,0.0002,-0,-0.00027,-0.00024,-0.0006,6e-05,-0.00146,-0.00047,1e-05,8e-05,8e-05
44.16,-0.00113,-4e-05,-2e-05,-0.00036,0,-0,-1e-05,7e-05,6e-05,-0.00022,2e-05,0,-0,8e-05,-0,-4e-05,-6e-05,-1e-05,-0,-0,-0.00013,6e-05,0.00036,0.00019,-1e-05,-0.00018,-0.00015,-0.00043,6e-05,-0.00129,-0.00045,-1e-05,6e-05,5e-05
44.18,-0.001,-3e-05,-2e-05,-0.00026,0,-0,-1e-05,5e-05,6e-05,-0.00017,2e-05,-0,-0,6e-05,-0,-3e-05,-5e-05,5e-05,1e-05,-0,3e-05,4e-05,0.00026,0.00017,-2e-05,-7e-05,-4e-05,-0.00023,5e-05,-0.00122,-0.00043,-4e-05,2e-05,2e-05
44.2,-0.00091,-2e-05,-1e-05,-0.00018,0,-0,-2e-05,2e-05,5e-05,-0.00012,2e-05,-0,-0,5e-05,-1e-05,-1e-05,-2e-05,0.00014,2e-05,-0,0.0002,3e-05,0.00015,0.00015,-2e-05,7e-05,8e-05,-3e-05,4e-05,-0.00122,-0.00042,-8e-05,-2e-05,-3e-05
44.22,-0.00085,-1e-05,-1e-05,-0.00012,0,-0,-3e-05,-1e-05,5e-05,-6e-05,1e-05,-0,-0,3e-05,-1e-05,-0,0,0.00033,3e-05,0,0.00038,1e-05,5e-05,0.00013,-3e-05,0.00021,0.00021,0.00012,4e-05,-0.00127,-0.0004,-0.00014,-8e-05,-9e-05
44.24,-0.00081,0,-1e-05,-6e-05,0,-0,-3e-05,-4e-05,5e-05,-0,1e-05,-0,-0,3e-05,-1e-05,1e-05,4e-05,0.00056,4e-05,2e-05,0.00057,-0,-4e-05,0.00011,-4e-05,0.00037,0.00034,0.00022,3e-05,-0.00134,-0.00039,-0.00022,-0.00016,-0.00018
44.26,-0.00079,1e-05,-1e-05,-2e-05,0,-0,-4e-05,-7e-05,5e-05,5e-05,0,-0,-0,2e-05,-1e-05,2e-05,6e-05,0.00072,4e-05,3e-05,0.00075,-2e-05,-0.00011,9e-05,-4e-05,0.00053,0.00048,0.00025,3e-05,-0.00143,-0.00039,-0.00034,-0.00027,-0.00029
44.28,-0.00077,2e-05,-0,2e-05,0,-0,-4e-05,-0.0001,5e-05,0.0001,-0,0,-0,2e-05,-1e-05,2e-05,9e-05,0.00081,4e-05,4e-05,0.0009,-4e-05,-0.00018,7e-05,-5e-05,0.00066,0.00058,0.00021,3e-05,-0.00154,-0.0004,-0.00049,-0.00041,-0.00044
44.3,-0.00072,3e-05,-0,4e-05,0,0,-5e-05,-0.00013,5e-05,0.00014,-0,0,-0,2e-05,-1e-05,3e-05,0.00011,0.00079,3e-05,4e-05,0.00102,-6e-05,-0.00022,5e-05,-6e-05,0.00078,0.00069,0.00011,3e-05,-0.00165,-0.00041,-0.00067,-0.00058,-0.00061
44.32,-0.00064,4e-05,0,4e-05,0,0,-5e-05,-0.00015,5e-05,0.00016,-0,0,-0,1e-05,-1e-05,4e-05,0.00011,0.00062,3e-05,3e-05,0.00109,-8e-05,-0.00024,3e-05,-6e-05,0.00095,0.00086,-2e-05,3e-05,-0.00179,-0.00042,-0.00088,-0.00076,-0.0008
44.34,-0.00052,5e-05,1e-05,3e-05,0,0,-5e-05,-0.00016,4e-05,0.00017,-0,0,-0,0,-1e-05,6e-05,0.00011,0.00045,2e-05,2e-05,0.00107,-8e-05,-0.00024,2e-05,-6e-05,0.00108,0.001,-0.00017,2e-05,-0.00194,-0.00045,-0.00109,-0.00096,-0.001
44.36,-0.00035,5e-05,1e-05,0,0,0,-5e-05,-0.00016,3e-05,0.00016,0,0,-0,-1e-05,-0,8e-05,9e-05,0.00035,2e-05,2e-05,0.00098,-7e-05,-0.00021,1e-05,-6e-05,0.00107,0.00101,-0.00033,0,-0.00209,-0.00047,-0.0013,-0.00115,-0.00118
44.38,-0.00015,5e-05,1e-05,-4e-05,0,0,-4e-05,-0.00016,2e-05,0.00014,0,0,-0,-3e-05,0,0.0001,7e-05,0.00029,2e-05,1e-05,0.00081,-6e-05,-0.00016,-0,-6e-05,0.00093,0.0009,-0.00048,-2e-05,-0.00224,-0.0005,-0.00144,-0.00129,-0.00132
44.4,5e-05,5e-05,2e-05,-9e-05,0,0,-4e-05,-0.00015,0,0.00011,1e-05,0,-1e-05,-5e-05,1e-05,0.00013,3e-05,0.00025,1e-05,1e-05,0.00058,-3e-05,-9e-05,-1e-05,-6e-05,0.0006,0.0006,-0.00062,-5e-05,-0.00234,-0.00053,-0.00152,-0.00136,-0.00138
44.42,0.00021,5e-05,2e-05,-0.00014,-0,0,-3e-05,-0.00014,-1e-05,8e-05,1e-05,0,-1e-05,-7e-05,1e-05,0.00015,0,0.00024,1e-05,1e-05,0.00032,0,-1e-05,-1e-05,-6e-05,0.00011,0.00015,-0.00074,-7e-05,-0.00237,-0.00057,-0.00152,-0.00133,-0.00132
44.44,0.00032,4e-05,2e-05,-0.00018,-0,0,-3e-05,-0.00012,-2e-05,6e-05,1e-05,-0,-0,-8e-05,2e-05,0.00017,-3e-05,0.00021,1e-05,1e-05,4e-05,4e-05,7e-05,-1e-05,-5e-05,-0.00039,-0.00032,-0.00085,-0.0001,-0.0023,-0.0006,-0.00136,-0.00115,-0.0011
44.46,0.00035,4e-05,2e-05,-0.00022,-0,0,-3e-05,-0.00011,-3e-05,5e-05,1e-05,-0,-0,-8e-05,2e-05,0.00017,-5e-05,0.00015,0,0,-0.00023,6e-05,0.00014,-1e-05,-5e-05,-0.00085,-0.00075,-0.00092,-0.00013,-0.00214,-0.00063,-0.00096,-0.00082,-0.00074
44.48,0.00031,3e-05,2e-05,-0.00024,-0,0,-3e-05,-0.0001,-4e-05,5e-05,1e-05,-0,-0,-8e-05,3e-05,0.00017,-6e-05,5e-05,-0,-0,-0.00046,8e-05,0.00021,-1e-05,-5e-05,-0.00126,-0.00114,-0.00097,-0.00014,-0.00189,-0.00066,-0.00038,-0.00037,-0.00026
44.5,0.00021,3e-05,2e-05,-0.00026,-0,0,-3e-05,-9e-05,-4e-05,6e-05,1e-05,-0,-0,-7e-05,3e-05,0.00015,-6e-05,-8e-05,-0,-1e-05,-0.00065,9e-05,0.00026,-0,-4e-05,-0.00146,-0.00135,-0.00099,-0.00015,-0.00159,-0.00068,0.00033,0.00015,0.00026
44.52,6e-05,2e-05,2e-05,-0.00025,-0,0,-3e-05,-8e-05,-4e-05,7e-05,0,-1e-05,-0,-5e-05,4e-05,0.00012,-5e-05,-0.00019,-0,-2e-05,-0.00075,9e-05,0.00029,0,-3e-05,-0.00124,-0.0012,-0.00099,-0.00016,-0.00129,-0.00069,0.00097,0.00063,0.00074
44.54,-0.0001,2e-05,1e-05,-0.00023,-0,0,-3e-05,-9e-05,-4e-05,0.0001,0,-1e-05,-0,-4e-05,4e-05,9e-05,-3e-05,-0.00023,1e-05,-2e-05,-0.00078,8e-05,0.00029,1e-05,-1e-05,-0.00086,-0.00087,-0.00095,-0.00015,-0.00101,-0.00068,0.0014,0.001,0.0011
44.56,-0.00027,2e-05,2e-05,-0.00019,-0,0,-4e-05,-0.0001,-3e-05,0.00013,0,-1e-05,-0,-3e-05,4e-05,5e-05,-0,-0.00021,3e-05,-3e-05,-0.00072,7e-05,0.00027,1e-05,1e-05,-0.00052,-0.00054,-0.00088,-0.00013,-0.00079,-0.00065,0.00162,0.00123,0.00132
44.58,-0.00043,2e-05,2e-05,-0.00013,-0,-0,-4e-05,-0.00012,-2e-05,0.00016,0,-1e-05,0,-2e-05,4e-05,1e-05,3e-05,-0.00013,5e-05,-4e-05,-0.0006,5e-05,0.00023,1e-05,2e-05,-0.00021,-0.00023,-0.00079,-0.0001,-0.00061,-0.0006,0.00163,0.00131,0.00139
44.6,-0.00056,3e-05,2e-05,-6e-05,-0,-0,-5e-05,-0.00014,-0,0.00019,0,-1e-05,0,-1e-05,4e-05,-3e-05,7e-05,5e-05,8e-05,-4e-05,-0.00045,4e-05,0.00018,0,4e-05,-4e-05,-5e-05,-0.00067,-7e-05,-0.00045,-0.00052,0.00151,0.00128,0.00133
44.62,-0.00066,3e-05,3e-05,1e-05,-0,-0,-5e-05,-0.00017,2e-05,0.0002,0,-1e-05,0,-2e-05,4e-05,-6e-05,0.00011,0.00046,0.00011,-2e-05,-0.00032,3e-05,0.00013,0,6e-05,0.0001,6e-05,-0.00052,-3e-05,-0.00029,-0.00042,0.00135,0.00117,0.00119
44.64,-0.00071,4e-05,3e-05,0.0001,-0,-0,-6e-05,-0.00021,4e-05,0.0002,0,-0,0,-3e-05,4e-05,-0.0001,0.00014,0.00086,0.00013,-0,-0.00022,2e-05,0.0001,-1e-05,8e-05,0.00032,0.00024,-0.00036,0,-9e-05,-0.00031,0.00117,0.00102,0.001
44.66,-0.00072,4e-05,4e-05,0.0002,-0,-0,-7e-05,-0.00025,6e-05,0.00018,0,0,0,-5e-05,5e-05,-0.00014,0.00018,0.00108,0.00012,1e-05,-0.00018,2e-05,9e-05,-1e-05,0.0001,0.00054,0.00042,-0.00017,3e-05,0.00018,-0.00018,0.00096,0.00085,0.0008
44.68,-0.00068,5e-05,5e-05,0.0003,0,-0,-8e-05,-0.00029,8e-05,0.00014,0,1e-05,0,-7e-05,6e-05,-0.00018,0.0002,0.00114,0.00011,2e-05,-0.0002,2e-05,0.0001,-2e-05,0.0001,0.00071,0.00056,3e-05,6e-05,0.00055,-6e-05,0.00075,0.00067,0.0006
44.7,-0.00059,6e-05,6e-05,0.00042,0,-0,-9e-05,-0.00033,0.0001,5e-05,0,1e-05,0,-0.0001,7e-05,-0.00023,0.00022,0.00103,8e-05,3e-05,-0.00025,3e-05,0.00012,-3e-05,9e-05,0.00074,0.00058,0.00024,7e-05,0.00105,5e-05,0.00056,0.0005,0.00042
44.72,-0.00046,6e-05,7e-05,0.00054,0,-0,-9e-05,-0.00036,0.00012,-7e-05,0,2e-05,-0,-0.00013,8e-05,-0.00028,0.00023,0.00075,6e-05,2e-05,-0.00032,4e-05,0.00016,-4e-05,7e-05,0.00055,0.00043,0.00044,8e-05,0.0017,0.00013,0.0004,0.00035,0.00026
44.74,-0.0003,7e-05,9e-05,0.00068,0,-0,-9e-05,-0.00039,0.00014,-0.00023,1e-05,2e-05,-0,-0.00015,0.0001,-0.00034,0.00023,0.00047,4e-05,1e-05,-0.00038,4e-05,0.0002,-4e-05,5e-05,0.00027,0.0002,0.00064,9e-05,0.00251,0.00019,0.00027,0.00023,0.00013
44.76,-0.00011,7e-05,0.0001,0.00084,0,-0,-9e-05,-0.00041,0.00015,-0.00044,1e-05,2e-05,-0,-0.00017,0.00012,-0.00041,0.00021,0.00027,2e-05,0,-0.00042,4e-05,0.00023,-5e-05,2e-05,-3e-05,-5e-05,0.00084,9e-05,0.0035,0.0002,0.00017,0.00012,3e-05
44.78,8e-05,7e-05,0.00011,0.001,1e-05,-0,-9e-05,-0.00042,0.00016,-0.0007,1e-05,3e-05,0,-0.00019,0.00015,-0.00048,0.00018,0.00013,1e-05,0,-0.00044,4e-05,0.00025,-5e-05,0,-0.00034,-0.00031,0.00106,9e-05,0.00465,0.00017,0.0001,4e-05,-4e-05
44.8,0.00025,8e-05,0.00013,0.00118,1e-05,-0,-9e-05,-0.00042,0.00016,-0.001,1e-05,2e-05,0,-0.00021,0.00018,-0.00055,0.00014,5e-05,0,0,-0.00044,3e-05,0.00027,-4e-05,-2e-05,-0.00061,-0.00055,0.00133,9e-05,0.00594,0.00011,5e-05,-3e-05,-0.0001
44.82,0.00037,9e-05,0.00014,0.00138,1e-05,-0,-9e-05,-0.00043,0.00017,-0.00131,1e-05,2e-05,1e-05,-0.00022,0.0002,-0.0006,9e-05,1e-05,-0,0,-0.00044,2e-05,0.00027,-4e-05,-4e-05,-0.00077,-0.0007,0.00168,0.00011,0.00731,1e-05,3e-05,-8e-05,-0.00013
44.84,0.00042,0.0001,0.00016,0.00159,2e-05,0,-8e-05,-0.00043,0.00019,-0.00165,1e-05,1e-05,2e-05,-0.00023,0.00023,-0.00063,3e-05,-0,0,0,-0.00044,1e-05,0.00026,-3e-05,-6e-05,-0.00083,-0.00075,0.00212,0.00013,0.0087,-0.00011,1e-05,-0.00011,-0.00016
44.86,0.00041,0.00012,0.00017,0.00181,2e-05,0,-7e-05,-0.00043,0.00021,-0.00202,1e-05,1e-05,2e-05,-0.00024,0.00025,-0.00066,-3e-05,1e-05,1e-05,0,-0.00046,-0,0.00024,-2e-05,-7e-05,-0.00082,-0.00076,0.00263,0.00017,0.01002,-0.00023,0,-0.00013,-0.00017
44.88,0.00036,0.00014,0.00018,0.00203,3e-05,0,-6e-05,-0.00042,0.00023,-0.0024,1e-05,1e-05,3e-05,-0.00025,0.00027,-0.00068,-0.0001,2e-05,3e-05,0,-0.00048,-1e-05,0.0002,-0,-9e-05,-0.00076,-0.0007,0.00317,0.00023,0.01116,-0.00033,0,-0.00015,-0.00017
44.9,0.00031,0.00016,0.0002,0.00226,4e-05,0,-5e-05,-0.00041,0.00027,-0.00279,2e-05,0,4e-05,-0.00026,0.00028,-0.00068,-0.00017,3e-05,4e-05,1e-05,-0.00051,-2e-05,0.00015,1e-05,-0.0001,-0.00067,-0.00061,0.00366,0.00029,0.01197,-0.00039,1e-05,-0.00015,-0.00017
44.92,0.0003,0.00019,0.00021,0.0025,5e-05,0,-3e-05,-0.00038,0.00032,-0.00314,2e-05,0,4e-05,-0.00027,0.0003,-0.00065,-0.00024,3e-05,6e-05,1e-05,-0.00052,-3e-05,9e-05,2e-05,-0.0001,-0.00056,-0.00052,0.00401,0.00035,0.0123,-0.00038,1e-05,-0.00016,-0.00017
44.94,0.00037,0.00023,0.00023,0.00276,7e-05,0,-1e-05,-0.00035,0.00038,-0.00347,2e-05,0,5e-05,-0.00028,0.00031,-0.00061,-0.0003,3e-05,7e-05,1e-05,-0.00052,-3e-05,2e-05,3e-05,-9e-05,-0.00045,-0.00042,0.00415,0.00042,0.01205,-0.00026,1e-05,-0.00015,-0.00016
44.96,0.00052,0.00027,0.00024,0.003,8e-05,0,-0,-0.00031,0.00045,-0.00376,3e-05,0,5e-05,-0.00029,0.00032,-0.00055,-0.00036,2e-05,8e-05,2e-05,-0.00051,-4e-05,-7e-05,3e-05,-8e-05,-0.00034,-0.00031,0.00409,0.00048,0.01122,-5e-05,1e-05,-0.00015,-0.00014
44.98,0.00075,0.00031,0.00025,0.00325,9e-05,0,1e-05,-0.00027,0.00052,-0.004,3e-05,0,4e-05,-0.0003,0.00033,-0.00047,-0.00042,1e-05,9e-05,2e-05,-0.00048,-4e-05,-0.00017,3e-05,-6e-05,-0.00023,-0.00021,0.00385,0.00054,0.00987,0.00025,0,-0.00014,-0.00013
45,0.001,0.00034,0.00025,0.00348,9e-05,0,1e-05,-0.00024,0.00059,-0.00414,4e-05,1e-05,3e-05,-0.0003,0.00035,-0.00038,-0.00048,1e-05,9e-05,3e-05,-0.00047,-5e-05,-0.00029,3e-05,-5e-05,-0.00016,-0.00014,0.0035,0.0006,0.0082,0.00061,-1e-05,-0.00013,-0.00011
45.02,0.00124,0.00036,0.00024,0.00371,0.0001,0,1e-05,-0.00024,0.00066,-0.00412,4e-05,2e-05,1e-05,-0.0003,0.00037,-0.00028,-0.00053,-0,8e-05,4e-05,-0.00048,-6e-05,-0.00042,4e-05,-4e-05,-0.00012,-0.0001,0.00314,0.00067,0.0064,0.001,-2e-05,-0.00011,-9e-05
45.04,0.00142,0.00036,0.00023,0.00392,0.0001,0,0,-0.00026,0.00071,-0.00396,4e-05,3e-05,-1e-05,-0.0003,0.00039,-0.00017,-0.00058,0,7e-05,4e-05,-0.00053,-8e-05,-0.00058,4e-05,-3e-05,-0.0001,-8e-05,0.00285,0.00073,0.00465,0.00139,-4e-05,-0.0001,-8e-05
45.06,0.00152,0.00035,0.0002,0.0041,0.0001,0,-0,-0.0003,0.00074,-0.00368,3e-05,6e-05,-2e-05,-0.00029,0.00042,-5e-05,-0.00063,1e-05,6e-05,5e-05,-0.00061,-0.0001,-0.00073,4e-05,-2e-05,-7e-05,-6e-05,0.00266,0.00079,0.00308,0.00176,-6e-05,-9e-05,-6e-05
45.08,0.00158,0.00033,0.00017,0.00425,0.0001,0,-1e-05,-0.00037,0.00074,-0.00328,3e-05,9e-05,-3e-05,-0.00028,0.00045,8e-05,-0.00067,1e-05,5e-05,5e-05,-0.00073,-0.00014,-0.00088,5e-05,-1e-05,-5e-05,-4e-05,0.00257,0.00083,0.00177,0.00212,-8e-05,-7e-05,-4e-05
45.1,0.00161,0.00029,0.00014,0.00438,0.0001,0,-1e-05,-0.00046,0.00072,-0.00283,1e-05,0.00013,-2e-05,-0.00027,0.00048,0.00021,-0.0007,1e-05,3e-05,5e-05,-0.00084,-0.00018,-0.00101,5e-05,-0,-3e-05,-2e-05,0.00252,0.00087,0.00077,0.00247,-9e-05,-6e-05,-3e-05
45.12,0.00167,0.00022,9e-05,0.00449,9e-05,0,2e-05,-0.00053,0.0007,-0.00238,0,0.00018,2e-05,-0.00026,0.00052,0.00035,-0.00073,1e-05,1e-05,4e-05,-0.00093,-0.0002,-0.00108,5e-05,0,-2e-05,-1e-05,0.00246,0.00094,7e-05,0.00283,-0.00011,-5e-05,-2e-05
45.14,0.0018,0.00013,4e-05,0.0046,8e-05,0,7e-05,-0.00059,0.00066,-0.00192,0,0.00024,9e-05,-0.00025,0.00054,0.00049,-0.00075,1e-05,-1e-05,3e-05,-0.00096,-0.00021,-0.00109,5e-05,1e-05,-1e-05,-1e-05,0.00232,0.00098,-0.00032,0.0032,-0.00011,-4e-05,-1e-05
45.16,0.002,2e-05,1e-05,0.0047,7e-05,0,0.00013,-0.00064,0.00059,-0.00148,1e-05,0.0003,0.00016,-0.00024,0.00056,0.00063,-0.00076,1e-05,-2e-05,2e-05,-0.00093,-0.00021,-0.00104,3e-05,1e-05,-1e-05,-0,0.00207,0.00094,-0.00044,0.00359,-0.0001,-3e-05,-1e-05
45.18,0.00225,-9e-05,0,0.00478,5e-05,0,0.00019,-0.00069,0.0005,-0.00108,5e-05,0.00037,0.00022,-0.00022,0.00055,0.00075,-0.00076,1e-05,-2e-05,2e-05,-0.00084,-0.00019,-0.00093,1e-05,1e-05,-1e-05,-0,0.0017,0.00083,-0.00036,0.00398,-8e-05,-3e-05,-1e-05
45.2,0.00248,-0.00018,0,0.00484,3e-05,0,0.00026,-0.00072,0.00039,-0.00074,0.00011,0.00044,0.00026,-0.0002,0.00053,0.00087,-0.00075,1e-05,-2e-05,1e-05,-0.00071,-0.00016,-0.00078,-1e-05,1e-05,-1e-05,-1e-05,0.00123,0.00064,-0.00013,0.00435,-6e-05,-3e-05,-2e-05
45.22,0.00264,-0.00024,0,0.00486,1e-05,-0,0.00032,-0.00073,0.00027,-0.00049,0.00023,0.00053,0.00027,-0.00018,0.00049,0.00098,-0.00072,1e-05,-1e-05,1e-05,-0.00056,-0.00013,-0.00063,-5e-05,0,-2e-05,-1e-05,0.00068,0.00036,0.00014,0.00468,-2e-05,-3e-05,-2e-05
45.24,0.00267,-0.00027,1e-05,0.00483,-1e-05,-0,0.00037,-0.00072,0.00017,-0.00034,0.00037,0.00062,0.00026,-0.00015,0.00043,0.00108,-0.00068,1e-05,2e-05,0,-0.00042,-0.0001,-0.00047,-8e-05,0,-2e-05,-1e-05,6e-05,0.0001,0.00037,0.00491,1e-05,-3e-05,-3e-05
45.26,0.00256,-0.00025,2e-05,0.00473,-3e-05,-0,0.00039,-0.00071,0.0001,-0.00027,0.00052,0.0007,0.00024,-0.00012,0.00035,0.00114,-0.00063,1e-05,5e-05,0,-0.00029,-7e-05,-0.00032,-0.0001,0,-2e-05,-1e-05,-0.00063,-0.00012,0.00039,0.00497,4e-05,-3e-05,-3e-05
45.28,0.00236,-0.0002,2e-05,0.00457,-4e-05,-0,0.00037,-0.00068,8e-05,-0.00028,0.00064,0.00076,0.00022,-8e-05,0.00027,0.00118,-0.00056,1e-05,7e-05,1e-05,-0.00018,-4e-05,-0.00017,-0.00012,-0,-2e-05,-1e-05,-0.00142,-0.00031,4e-05,0.00483,7e-05,-2e-05,-3e-05
45.3,0.00212,-0.00012,2e-05,0.00437,-6e-05,-0,0.00034,-0.00064,8e-05,-0.00034,0.00072,0.00081,0.00019,-4e-05,0.00016,0.00119,-0.0005,1e-05,0.0001,1e-05,-7e-05,-1e-05,-4e-05,-0.00013,-0,-1e-05,-0,-0.00233,-0.00048,-0.00088,0.00446,9e-05,-1e-05,-2e-05
45.32,0.00194,-1e-05,1e-05,0.00414,-6e-05,-0,0.00032,-0.0006,0.00012,-0.00041,0.00079,0.00085,0.00015,-1e-05,6e-05,0.00117,-0.00042,0,0.00014,1e-05,5e-05,3e-05,0.0001,-0.00013,-0,0,0,-0.00343,-0.00063,-0.00258,0.00379,0.0001,1e-05,-1e-05
45.34,0.00191,9e-05,-1e-05,0.0039,-6e-05,-0,0.00029,-0.00055,0.00018,-0.00046,0.00077,0.00084,0.00011,2e-05,-5e-05,0.00112,-0.00035,0,0.00017,0,0.00018,7e-05,0.00025,-0.00012,0,2e-05,1e-05,-0.00476,-0.0008,-0.00522,0.00283,0.00011,3e-05,1e-05
45.36,0.00212,0.00018,-4e-05,0.00366,-5e-05,-0,0.00025,-0.00048,0.00025,-0.00047,0.00063,0.00075,7e-05,4e-05,-0.00015,0.00104,-0.00026,0,0.00016,0,0.00036,0.00011,0.00042,-9e-05,0,5e-05,3e-05,-0.00636,-0.00095,-0.00892,0.00156,0.00012,6e-05,4e-05
45.38,0.00263,0.00025,-7e-05,0.00343,-4e-05,-0,0.00021,-0.0004,0.00032,-0.00043,0.00044,0.00059,4e-05,6e-05,-0.00025,0.00093,-0.00016,0,0.00014,-1e-05,0.00057,0.00016,0.00061,-3e-05,0,0.00011,5e-05,-0.00826,-0.00112,-0.01365,-1e-05,0.00012,0.0001,7e-05
45.4,0.00349,0.00028,-9e-05,0.00323,-2e-05,-0,0.00015,-0.00033,0.00038,-0.00035,0.00021,0.00037,1e-05,7e-05,-0.00035,0.00078,-3e-05,0,9e-05,-2e-05,0.00081,0.00021,0.00085,4e-05,-0,0.00021,0.00011,-0.01043,-0.00129,-0.01924,-0.00185,0.00013,0.00013,0.0001
45.42,0.00474,0.00028,-0.00011,0.00305,-1e-05,-0,7e-05,-0.00026,0.00044,-0.00021,-1e-05,0.00012,-1e-05,8e-05,-0.00042,0.0006,0.00013,0,3e-05,-3e-05,0.00109,0.00026,0.00113,0.00012,-1e-05,0.00042,0.00022,-0.01276,-0.00148,-0.0254,-0.00389,0.00013,0.00017,0.00013
45.44,0.00637,0.00025,-0.00014,0.00291,0,-0,1e-05,-0.00019,0.00047,-3e-05,-0.00012,-7e-05,-3e-05,9e-05,-0.00048,0.00039,0.00033,0,0,-3e-05,0.00132,0.00029,0.00115,0.00016,-1e-05,0.00057,0.00032,-0.0151,-0.00169,-0.03167,-0.00603,0.00013,0.0002,0.00016
45.46,0.00827,0.00019,-0.00015,0.00278,1e-05,-0,-4e-05,-0.00013,0.00047,0.0002,-0.00015,-0.0002,-4e-05,0.00011,-0.00052,0.00018,0.00056,0,-1e-05,-3e-05,0.0014,0.00031,0.00058,2e-05,-2e-05,0.00046,0.00028,-0.01722,-0.00186,-0.03748,-0.00811,0.00013,0.00022,0.00017
45.48,0.0103,0.00012,-0.00017,0.00265,0,-0,-9e-05,-6e-05,0.00044,0.00045,-0.00013,-0.00027,-5e-05,0.00013,-0.00055,-3e-05,0.0008,0,-1e-05,-3e-05,0.0013,0.00031,-0.00064,-0.00038,-3e-05,1e-05,7e-05,-0.01878,-0.00203,-0.04205,-0.00992,0.00013,0.00023,0.00018
45.5,0.01218,4e-05,-0.00017,0.00251,-1e-05,-0,-0.00013,-1e-05,0.00038,0.00069,-9e-05,-0.00028,-5e-05,0.00017,-0.00056,-0.00023,0.00104,0,-0,-3e-05,0.00098,0.0003,-0.00267,-0.00113,-4e-05,-0.00082,-0.00025,-0.01941,-0.00205,-0.04481,-0.01129,0.00013,0.00024,0.00017
45.52,0.01356,-5e-05,-0.00017,0.00233,-3e-05,-0,-0.00016,3e-05,0.00029,0.00091,-2e-05,-0.00025,-5e-05,0.0002,-0.00055,-0.00038,0.00126,0,0,-3e-05,0.00043,0.00029,-0.00578,-0.00227,-4e-05,-0.0024,-0.00078,-0.01885,-0.00175,-0.04543,-0.01215,0.0001,0.00024,0.00016
45.54,0.01418,-0.00014,-0.00016,0.0021,-4e-05,0,-0.00017,7e-05,0.00021,0.00107,3e-05,-0.0002,-4e-05,0.00023,-0.00052,-0.00048,0.00143,0,0,-3e-05,-0.0003,0.00026,-0.00969,-0.00372,-3e-05,-0.00472,-0.00173,-0.01705,-0.00132,-0.04331,-0.01226,7e-05,0.00024,0.00014
45.56,0.01387,-0.0002,-0.00014,0.00181,-6e-05,0,-0.00015,9e-05,0.00015,0.00113,5e-05,-0.00015,-4e-05,0.00026,-0.00047,-0.00053,0.0015,0,0,-2e-05,-0.00107,0.00021,-0.01356,-0.00524,-1e-05,-0.00695,-0.00295,-0.01427,-0.00094,-0.03855,-0.01154,4e-05,0.00022,0.00012
45.58,0.01264,-0.00024,-0.00013,0.00146,-7e-05,0,-0.00011,9e-05,0.0001,0.00112,5e-05,-0.0001,-3e-05,0.00029,-0.00042,-0.00053,0.00149,0,0,-2e-05,-0.00173,0.00017,-0.01658,-0.00654,1e-05,-0.0078,-0.00405,-0.01103,-0.00058,-0.03216,-0.01024,1e-05,0.0002,0.0001
45.6,0.01064,-0.00024,-0.00012,0.00108,-7e-05,0,-5e-05,9e-05,8e-05,0.00104,3e-05,-7e-05,-2e-05,0.00029,-0.00036,-0.00049,0.0014,0,0,-1e-05,-0.00211,0.00013,-0.01775,-0.00736,-1e-05,-0.00717,-0.00464,-0.00786,-0.00036,-0.0251,-0.00856,-1e-05,0.00018,8e-05
45.62,0.00815,-0.00021,-0.0001,0.0007,-6e-05,0,1e-05,8e-05,7e-05,0.0009,-0,-7e-05,-1e-05,0.00028,-0.00031,-0.00043,0.00123,0,0,-1e-05,-0.00211,7e-05,-0.01668,-0.00756,-5e-05,-0.0071,-0.00463,-0.00516,-0.00032,-0.01829,-0.00673,-1e-05,0.00015,6e-05
45.64,0.0054,-0.00018,-9e-05,0.00033,-5e-05,0,7e-05,6e-05,8e-05,0.00074,-2e-05,-6e-05,-0,0.00025,-0.00026,-0.00034,0.00101,0,-0,-1e-05,-0.00181,3e-05,-0.01391,-0.00713,-0.0001,-0.00645,-0.00398,-0.0031,-0.00027,-0.01239,-0.00504,-1e-05,0.00012,4e-05
45.66,0.00254,-0.00014,-7e-05,-1e-05,-3e-05,0,0.00013,2e-05,9e-05,0.00057,-1e-05,-3e-05,0,0.00021,-0.00021,-0.00024,0.00077,0,0,-0,-0.00131,1e-05,-0.01002,-0.00609,-0.00015,-0.00459,-0.00283,-0.00163,-0.00018,-0.00749,-0.00359,-0,0.0001,3e-05
45.68,-0.00035,-0.00011,-6e-05,-0.00032,-1e-05,0,0.00017,-1e-05,0.0001,0.0004,1e-05,-1e-05,1e-05,0.00015,-0.00016,-0.00013,0.00051,0,0,-0,-0.00069,0,-0.0054,-0.00459,-0.00021,-0.00217,-0.00136,-0.00057,-7e-05,-0.00335,-0.00234,0,7e-05,2e-05
45.7,-0.00328,-9e-05,-4e-05,-0.00062,1e-05,0,0.00018,-5e-05,0.00012,0.00024,3e-05,2e-05,1e-05,0.0001,-0.00011,-3e-05,0.00026,0,0,0,-6e-05,0,-0.00044,-0.00279,-0.00026,0.00052,0.00022,0.00028,5e-05,0.00034,-0.00122,1e-05,4e-05,1e-05
45.72,-0.00628,-7e-05,-2e-05,-0.0009,3e-05,0,0.00017,-8e-05,0.00013,7e-05,5e-05,4e-05,1e-05,4e-05,-8e-05,5e-05,2e-05,0,0,0,0.00053,-1e-05,0.00452,-0.00087,-0.00031,0.00315,0.00176,0.00115,0.00016,0.00394,-0.00015,2e-05,2e-05,1e-05
45.74,-0.00932,-5e-05,-0,-0.00118,4e-05,0,0.00014,-9e-05,0.00014,-8e-05,7e-05,6e-05,2e-05,-1e-05,-5e-05,0.0001,-0.00017,0,-0,1e-05,0.00101,-2e-05,0.00912,0.00097,-0.00035,0.00541,0.00307,0.00226,0.00025,0.00776,0.00096,2e-05,0,0
45.76,-0.01234,-4e-05,1e-05,-0.00146,5e-05,0,8e-05,-9e-05,0.00015,-0.00024,8e-05,6e-05,2e-05,-5e-05,-2e-05,0.00012,-0.00032,0,-0,1e-05,0.00132,-5e-05,0.01288,0.00253,-0.00038,0.00705,0.00401,0.0038,0.0003,0.01204,0.00218,2e-05,-2e-05,0
45.78,-0.01511,-3e-05,3e-05,-0.00172,5e-05,0,2e-05,-8e-05,0.00016,-0.00037,8e-05,7e-05,2e-05,-8e-05,-1e-05,0.00011,-0.00042,0,-0,1e-05,0.00144,-9e-05,0.01533,0.00363,-0.0004,0.00753,0.00442,0.00587,0.0003,0.01686,0.00352,2e-05,-3e-05,-0
45.8,-0.01737,-2e-05,4e-05,-0.00194,5e-05,0,-4e-05,-5e-05,0.00016,-0.00049,8e-05,6e-05,2e-05,-0.0001,1e-05,8e-05,-0.00048,0,-0,1e-05,0.00133,-0.00014,0.01593,0.00414,-0.00035,0.00738,0.00424,0.00837,0.00028,0.02192,0.00492,1e-05,-4e-05,-1e-05
45.82,-0.01884,-1e-05,6e-05,-0.00209,5e-05,0,-0.0001,-2e-05,0.00016,-0.00056,8e-05,6e-05,2e-05,-0.00011,1e-05,4e-05,-0.0005,0,0,1e-05,0.00102,-0.00018,0.01438,0.004,-0.00018,0.00744,0.00357,0.01094,0.00045,0.02647,0.00615,-1e-05,-5e-05,-1e-05
45.84,-0.01927,-0,6e-05,-0.00213,4e-05,0,-0.00013,1e-05,0.00014,-0.0006,8e-05,5e-05,2e-05,-0.00011,2e-05,-1e-05,-0.00049,0,0,2e-05,0.00061,-0.0002,0.0113,0.00335,-2e-05,0.00647,0.00258,0.01308,0.00074,0.02975,0.00703,-3e-05,-6e-05,-2e-05
45.86,-0.01855,-0,7e-05,-0.00206,4e-05,0,-0.00015,4e-05,0.00013,-0.0006,7e-05,4e-05,2e-05,-0.0001,2e-05,-5e-05,-0.00044,0,0,2e-05,0.00019,-0.00021,0.00772,0.00244,6e-05,0.00458,0.00153,0.01432,0.00102,0.03118,0.00742,-5e-05,-7e-05,-3e-05
45.88,-0.01684,0,6e-05,-0.00189,3e-05,0,-0.00016,7e-05,0.0001,-0.00056,6e-05,3e-05,2e-05,-9e-05,2e-05,-8e-05,-0.00038,0,0,2e-05,-0.00014,-0.0002,0.00441,0.00151,0.0001,0.0027,0.0007,0.01426,0.00129,0.03035,0.00719,-8e-05,-9e-05,-5e-05
45.9,-0.01442,0,6e-05,-0.00163,2e-05,0,-0.00016,8e-05,8e-05,-0.00049,4e-05,2e-05,1e-05,-8e-05,2e-05,-0.00011,-0.0003,0,0,1e-05,-0.00034,-0.00018,0.00197,0.00076,0.0001,0.00125,0.00018,0.01292,0.00141,0.02771,0.00646,-0.00011,-0.00012,-8e-05
45.92,-0.01163,0,5e-05,-0.00133,2e-05,0,-0.00015,9e-05,5e-05,-0.00042,3e-05,1e-05,1e-05,-6e-05,1e-05,-0.00012,-0.00023,0,0,1e-05,-0.00041,-0.00015,0.00048,0.00025,8e-05,0.00029,-0.00016,0.01061,0.00124,0.02411,0.00542,-0.00016,-0.00017,-0.00012
45.94,-0.00885,0,3e-05,-0.00102,1e-05,0,-0.00013,9e-05,3e-05,-0.00034,2e-05,0,1e-05,-5e-05,1e-05,-0.00012,-0.00017,0,0,1e-05,-0.00039,-0.00012,-0.00029,-2e-05,7e-05,-0.00026,-0.00032,0.00764,0.00098,0.02015,0.00417,-0.00024,-0.00024,-0.00019
45.96,-0.0063,0,2e-05,-0.00073,0,0,-0.00012,9e-05,2e-05,-0.00028,1e-05,-0,1e-05,-4e-05,1e-05,-0.00011,-0.00012,0,0,0,-0.00033,-9e-05,-0.00056,-0.00012,5e-05,-0.00044,-0.00034,0.00433,0.00077,0.01634,0.00284,-0.00034,-0.00034,-0.00028
45.98,-0.00411,0,2e-05,-0.00047,-0,0,-0.0001,7e-05,1e-05,-0.00022,1e-05,-1e-05,0,-3e-05,1e-05,-0.0001,-9e-05,0,-0,0,-0.00026,-6e-05,-0.00047,-0.0001,3e-05,-0.00036,-0.00025,0.00099,0.00058,0.0132,0.00157,-0.00048,-0.00047,-0.00039
46,-0.00232,0,1e-05,-0.00024,-1e-05,0,-9e-05,6e-05,-0,-0.00017,0,-1e-05,0,-2e-05,1e-05,-8e-05,-7e-05,0,-0,-0,-0.00021,-4e-05,-0.00027,-3e-05,1e-05,-0.00021,-0.00014,-0.0022,0.00043,0.01093,0.00043,-0.00065,-0.00063,-0.00053
46.02,-0.00095,0,1e-05,-7e-05,-1e-05,0,-7e-05,5e-05,-1e-05,-0.00013,0,-1e-05,0,-2e-05,1e-05,-6e-05,-7e-05,0,-0,-0,-0.00018,-3e-05,-0.00012,2e-05,1e-05,-0.00011,-7e-05,-0.0051,0.00035,0.00956,-0.0005,-0.00084,-0.00081,-0.00069
46.04,4e-05,0,1e-05,6e-05,-1e-05,0,-6e-05,3e-05,-1e-05,-0.00011,0,-0,-0,-2e-05,1e-05,-4e-05,-7e-05,0,0,-0,-0.00018,-2e-05,-2e-05,7e-05,0,-4e-05,-3e-05,-0.00758,0.00029,0.00896,-0.0012,-0.00105,-0.001,-0.00085
46.06,0.0007,1e-05,1e-05,0.00015,-1e-05,0,-5e-05,2e-05,-1e-05,-9e-05,0,-0,-0,-2e-05,2e-05,-2e-05,-7e-05,0,0,-1e-05,-0.00019,-1e-05,6e-05,0.0001,0,0,0,-0.00953,0.00027,0.00889,-0.00166,-0.00124,-0.00118,-0.00099
46.08,0.00108,1e-05,1e-05,0.00019,-1e-05,0,-4e-05,1e-05,-2e-05,-7e-05,1e-05,0,0,-3e-05,2e-05,-0,-8e-05,0,0,-1e-05,-0.00021,-1e-05,0.0001,0.00011,-0,3e-05,2e-05,-0.0108,0.00026,0.009,-0.00193,-0.00137,-0.00131,-0.0011
46.1,0.00126,1e-05,1e-05,0.00021,-1e-05,0,-3e-05,-0,-2e-05,-6e-05,1e-05,1e-05,0,-3e-05,3e-05,1e-05,-9e-05,0,0,-1e-05,-0.00024,-1e-05,0.00012,0.00012,-0,5e-05,4e-05,-0.01122,0.00025,0.00886,-0.00201,-0.00144,-0.00137,-0.00114
46.12,0.00128,1e-05,2e-05,0.00021,-1e-05,0,-2e-05,-1e-05,-2e-05,-5e-05,1e-05,1e-05,0,-3e-05,3e-05,2e-05,-9e-05,0,0,-1e-05,-0.00026,-1e-05,0.00013,0.00012,-0,7e-05,4e-05,-0.01063,0.00024,0.00807,-0.00193,-0.0015,-0.00132,-0.00107
46.14,0.0012,1e-05,2e-05,0.00018,-1e-05,0,-2e-05,-1e-05,-3e-05,-4e-05,0,1e-05,0,-4e-05,4e-05,2e-05,-9e-05,0,0,-1e-05,-0.00028,-2e-05,0.00013,0.0001,-0,7e-05,5e-05,-0.00892,0.00018,0.0064,-0.00174,-0.00139,-0.00112,-0.00089
46.16,0.00106,1e-05,2e-05,0.00015,-1e-05,0,-1e-05,-2e-05,-3e-05,-3e-05,0,1e-05,0,-4e-05,5e-05,2e-05,-9e-05,0,0,-1e-05,-0.00029,-2e-05,0.00011,9e-05,0,7e-05,5e-05,-0.00614,3e-05,0.00386,-0.0015,-0.00101,-0.00077,-0.00058
46.18,0.00089,1e-05,2e-05,0.00011,-1e-05,0,-0,-2e-05,-3e-05,-2e-05,0,1e-05,0,-3e-05,5e-05,1e-05,-9e-05,0,0,-1e-05,-0.00028,-2e-05,9e-05,6e-05,0,6e-05,4e-05,-0.00261,-0.00021,0.00066,-0.00123,-0.0004,-0.00029,-0.00019
46.2,0.00073,0,2e-05,8e-05,-0,0,-0,-2e-05,-4e-05,-1e-05,0,1e-05,0,-3e-05,6e-05,0,-9e-05,0,0,-0,-0.00027,-3e-05,7e-05,4e-05,1e-05,6e-05,4e-05,0.00121,-0.00051,-0.00274,-0.00097,0.00038,0.00023,0.00024
46.22,0.00057,0,2e-05,4e-05,-0,0,0,-2e-05,-4e-05,-0,0,1e-05,-0,-2e-05,6e-05,-1e-05,-8e-05,0,-0,-0,-0.00025,-3e-05,5e-05,2e-05,1e-05,5e-05,4e-05,0.00471,-0.00073,-0.00586,-0.00076,0.00107,0.00072,0.00062
46.24,0.00043,0,2e-05,1e-05,-0,0,0,-2e-05,-3e-05,0,0,1e-05,-0,-1e-05,7e-05,-2e-05,-7e-05,0,0,-0,-0.00021,-4e-05,3e-05,0,1e-05,4e-05,3e-05,0.0074,-0.00084,-0.00825,-0.00056,0.00148,0.00109,0.00092
46.26,0.00032,0,1e-05,-0,-0,0,0,-2e-05,-2e-05,1e-05,0,1e-05,0,-0,7e-05,-4e-05,-6e-05,0,0,0,-0.00017,-4e-05,1e-05,-1e-05,1e-05,3e-05,2e-05,0.00905,-0.00087,-0.00963,-0.00039,0.00165,0.00131,0.0011
46.28,0.00023,0,1e-05,-2e-05,-0,0,0,-2e-05,-1e-05,1e-05,0,1e-05,0,1e-05,7e-05,-5e-05,-5e-05,0,0,0,-0.00014,-5e-05,-0,-2e-05,1e-05,2e-05,1e-05,0.00963,-0.00081,-0.00999,-0.00026,0.00158,0.00138,0.00115
46.3,0.00016,-0,1e-05,-2e-05,-0,0,0,-2e-05,-0,1e-05,0,1e-05,0,1e-05,6e-05,-6e-05,-4e-05,0,0,0,-0.0001,-5e-05,-1e-05,-3e-05,1e-05,0,0,0.00933,-0.00071,-0.00946,-0.00017,0.0014,0.00133,0.0011
46.32,0.00011,-0,0,-3e-05,-0,0,-0,-2e-05,1e-05,1e-05,0,1e-05,0,2e-05,5e-05,-7e-05,-3e-05,0,0,0,-9e-05,-5e-05,-1e-05,-3e-05,1e-05,-2e-05,-1e-05,0.00842,-0.00065,-0.00832,-0.00012,0.00124,0.0012,0.00098
46.34,7e-05,-0,0,-3e-05,-0,0,-0,-2e-05,2e-05,1e-05,0,1e-05,1e-05,2e-05,4e-05,-7e-05,-2e-05,0,0,1e-05,-9e-05,-4e-05,-1e-05,-3e-05,0,-5e-05,-3e-05,0.00716,-0.00057,-0.00689,-0.00011,0.00106,0.00103,0.00083
46.36,4e-05,-0,-0,-3e-05,-0,0,-1e-05,-2e-05,2e-05,1e-05,-0,1e-05,1e-05,2e-05,3e-05,-6e-05,-1e-05,0,0,1e-05,-0.00011,-4e-05,0,-3e-05,-1e-05,-8e-05,-6e-05,0.00575,-0.00048,-0.00541,-0.00015,0.00086,0.00085,0.00066
46.38,2e-05,-0,-0,-3e-05,-0,0,-1e-05,-2e-05,2e-05,1e-05,-0,1e-05,0,2e-05,1e-05,-4e-05,0,0,0,1e-05,-0.00015,-3e-05,2e-05,-3e-05,-2e-05,-0.00012,-9e-05,0.00434,-0.00039,-0.00403,-0.00023,0.00066,0.00066,0.0005
46.4,-0,-0,-0,-4e-05,-0,0,-1e-05,-2e-05,2e-05,1e-05,-0,0,0,1e-05,-1e-05,-2e-05,1e-05,0,0,0,-0.0002,-2e-05,4e-05,-2e-05,-3e-05,-0.00017,-0.00013,0.00302,-0.00031,-0.00285,-0.00035,0.00048,0.00049,0.00036
46.42,-2e-05,-0,-0,-6e-05,-0,0,-0,-1e-05,2e-05,1e-05,-1e-05,-0,0,0,-2e-05,0,2e-05,0,0,0,-0.00025,-1e-05,5e-05,-1e-05,-5e-05,-0.00023,-0.00018,0.00184,-0.00024,-0.00192,-0.00052,0.00033,0.00035,0.00025
46.44,-5e-05,-0,-0,-7e-05,-0,0,-0,-1e-05,2e-05,1e-05,-1e-05,-1e-05,0,0,-3e-05,2e-05,3e-05,0,-0,0,-0.00028,-0,6e-05,0,-7e-05,-0.00028,-0.00022,0.00084,-0.00018,-0.00126,-0.00073,0.0002,0.00023,0.00016
46.46,-0.0001,-0,-0,-0.0001,-0,0,-0,-1e-05,1e-05,1e-05,-1e-05,-1e-05,0,-0,-4e-05,3e-05,3e-05,0,-0,0,-0.00031,-0,7e-05,2e-05,-9e-05,-0.00033,-0.00027,3e-05,-0.00014,-0.00086,-0.00097,0.0001,0.00014,9e-05
46.48,-0.00016,-0,-0,-0.00013,-0,0,0,-1e-05,1e-05,1e-05,-2e-05,-1e-05,0,-0,-5e-05,4e-05,4e-05,-0,0,0,-0.00032,0,7e-05,3e-05,-0.00011,-0.00038,-0.00031,-0.00062,-0.0001,-0.00069,-0.00124,3e-05,8e-05,4e-05
46.5,-0.00024,-0,-0,-0.00017,-0,0,0,-0,0,2e-05,-2e-05,-2e-05,0,-0,-5e-05,4e-05,5e-05,-0,0,0,-0.00031,0,7e-05,5e-05,-0.00012,-0.0004,-0.00033,-0.00109,-8e-05,-0.00071,-0.00154,-2e-05,3e-05,1e-05
46.52,-0.00036,-0,-0,-0.00021,-0,0,1e-05,-0,-0,2e-05,-2e-05,-2e-05,0,-0,-4e-05,4e-05,5e-05,-0,0,0,-0.0003,0,7e-05,7e-05,-0.00012,-0.00035,-0.00029,-0.00142,-6e-05,-0.00088,-0.00183,-5e-05,1e-05,-0
46.54,-0.0005,-0,-0,-0.00026,-0,-0,1e-05,-0,-0,2e-05,-2e-05,-2e-05,0,0,-4e-05,3e-05,6e-05,-0,0,0,-0.00027,0,6e-05,9e-05,-0.00011,-0.00026,-0.00022,-0.00161,-5e-05,-0.00117,-0.00212,-7e-05,-1e-05,-1e-05
46.56,-0.00067,-1e-05,-0,-0.00031,-0,-0,1e-05,0,-0,3e-05,-2e-05,-1e-05,1e-05,1e-05,-4e-05,2e-05,7e-05,0,0,-0,-0.00024,0,6e-05,0.00011,-9e-05,-0.00017,-0.00014,-0.00168,-6e-05,-0.00155,-0.00238,-8e-05,-1e-05,-1e-05
46.58,-0.00086,-1e-05,-0,-0.00036,-1e-05,-0,1e-05,-0,-0,4e-05,-2e-05,-1e-05,1e-05,1e-05,-4e-05,2e-05,8e-05,0,0,-0,-0.00021,1e-05,6e-05,0.00012,-7e-05,-6e-05,-5e-05,-0.00167,-7e-05,-0.00203,-0.00261,-8e-05,-1e-05,-0
46.6,-0.00106,-1e-05,0,-0.00041,-1e-05,-0,1e-05,-0,-0,5e-05,-2e-05,-1e-05,1e-05,1e-05,-3e-05,1e-05,9e-05,0,0,-0,-0.00016,1e-05,7e-05,0.00014,-5e-05,3e-05,2e-05,-0.00159,-9e-05,-0.0026,-0.00279,-7e-05,-0,0
46.62,-0.00126,-1e-05,0,-0.00046,-1e-05,-0,1e-05,-1e-05,0,7e-05,-1e-05,-0,1e-05,2e-05,-3e-05,0,0.00011,0,0,-0,-0.0001,1e-05,9e-05,0.00014,-5e-05,0.00015,0.0001,-0.00148,-0.00012,-0.00325,-0.0029,-6e-05,0,1e-05
46.64,-0.00141,-1e-05,0,-0.00049,-1e-05,-0,1e-05,-1e-05,1e-05,0.0001,-1e-05,-0,1e-05,2e-05,-3e-05,0,0.00014,0,0,-0,-3e-05,2e-05,0.00011,0.00014,-4e-05,0.00029,0.0002,-0.00137,-0.00017,-0.00396,-0.0029,-5e-05,0,1e-05
46.66,-0.00148,-1e-05,1e-05,-0.00051,-1e-05,-0,2e-05,-2e-05,1e-05,0.00014,-1e-05,0,1e-05,2e-05,-4e-05,1e-05,0.00017,0,0,-0,6e-05,3e-05,0.00014,0.00013,-3e-05,0.00045,0.00029,-0.00128,-0.00025,-0.00469,-0.00276,-3e-05,0,0
46.68,-0.00141,-2e-05,1e-05,-0.00049,-1e-05,-0,2e-05,-4e-05,2e-05,0.0002,-0,1e-05,0,3e-05,-4e-05,2e-05,0.00021,0,0,0,0.00017,4e-05,0.00017,0.00011,-2e-05,0.00057,0.00034,-0.00125,-0.00034,-0.00534,-0.00241,-1e-05,-1e-05,-1e-05
46.7,-0.00113,-2e-05,1e-05,-0.00042,-2e-05,-0,2e-05,-6e-05,4e-05,0.00025,1e-05,2e-05,-0,3e-05,-4e-05,4e-05,0.00026,0,0,0,0.00029,4e-05,0.00021,6e-05,-1e-05,0.00071,0.00043,-0.00131,-0.00046,-0.00579,-0.00178,1e-05,-3e-05,-4e-05
46.72,-0.00056,-3e-05,1e-05,-0.00028,-2e-05,-0,2e-05,-8e-05,6e-05,0.00032,2e-05,3e-05,-1e-05,2e-05,-4e-05,6e-05,0.00031,0,0,0,0.00044,3e-05,0.00025,-1e-05,1e-05,0.00106,0.00072,-0.00149,-0.0006,-0.00585,-0.0008,3e-05,-7e-05,-7e-05
46.74,0.0004,-4e-05,1e-05,-4e-05,-2e-05,0,1e-05,-0.00011,0.0001,0.00038,4e-05,4e-05,-1e-05,2e-05,-4e-05,0.0001,0.00036,0,0,0,0.00059,2e-05,0.00029,-0.00012,2e-05,0.00138,0.00099,-0.0018,-0.00075,-0.0053,0.00062,5e-05,-0.00012,-0.00013
46.76,0.00189,-5e-05,1e-05,0.00033,-2e-05,0,-1e-05,-0.00014,0.00015,0.00043,6e-05,7e-05,-1e-05,1e-05,-4e-05,0.00014,0.0004,0,0,1e-05,0.00073,0,0.00031,-0.00026,3e-05,0.00141,0.00102,-0.00223,-0.00091,-0.00389,0.00258,8e-05,-0.00019,-0.0002
46.78,0.00401,-6e-05,-0,0.00087,-1e-05,0,-2e-05,-0.00018,0.00021,0.00046,9e-05,0.0001,-1e-05,0,-3e-05,0.00018,0.00042,0,0,1e-05,0.00084,-1e-05,0.00032,-0.00044,4e-05,0.00119,0.00084,-0.00274,-0.00108,-0.00131,0.00512,0.00011,-0.00027,-0.00028
46.8,0.00686,-7e-05,-1e-05,0.0016,-1e-05,0,-5e-05,-0.00021,0.00029,0.00044,0.00013,0.00013,-1e-05,-1e-05,-1e-05,0.00023,0.0004,0,0,1e-05,0.0009,2e-05,0.00029,-0.00065,4e-05,0.00045,0.00029,-0.00325,-0.0012,0.00273,0.0083,0.00013,-0.00038,-0.00038
46.82,0.01054,-8e-05,-3e-05,0.00254,1e-05,0,-8e-05,-0.00024,0.00038,0.00035,0.00018,0.00018,-1e-05,-2e-05,1e-05,0.00028,0.00032,-0,1e-05,2e-05,0.00085,0.00012,0.0002,-0.0009,6e-05,-0.00045,-0.00036,-0.00367,-0.00121,0.00859,0.01214,0.00015,-0.00049,-0.0005
46.84,0.01507,-9e-05,-5e-05,0.00369,4e-05,0,-0.00012,-0.00025,0.00048,0.00018,0.00024,0.00023,-0,-4e-05,5e-05,0.00033,0.00017,-0,1e-05,2e-05,0.00066,0.00034,3e-05,-0.00119,6e-05,-0.00091,-0.00072,-0.00387,-0.00112,0.01662,0.01669,0.00017,-0.00062,-0.00062
46.86,0.02035,-8e-05,-8e-05,0.005,7e-05,0,-0.00017,-0.00024,0.00058,-9e-05,0.0003,0.00028,0,-6e-05,0.0001,0.00037,-6e-05,0,1e-05,3e-05,0.00027,0.00074,-0.00025,-0.00151,6e-05,-0.00107,-0.00088,-0.00365,-0.00092,0.02718,0.02203,0.00018,-0.00076,-0.00074
46.88,0.02616,-6e-05,-0.0001,0.00643,0.00012,0,-0.00023,-0.0002,0.00068,-0.00047,0.00035,0.00032,1e-05,-9e-05,0.00016,0.00039,-0.00039,1e-05,2e-05,4e-05,-0.00037,0.00138,-0.00067,-0.00188,5e-05,-0.00097,-0.00083,-0.0028,-0.00061,0.04055,0.02817,0.00018,-0.00089,-0.00087
46.9,0.03206,-3e-05,-0.00013,0.00784,0.00017,0,-0.0003,-0.00013,0.00077,-0.00096,0.0004,0.00034,2e-05,-0.00012,0.00023,0.00039,-0.00082,2e-05,2e-05,5e-05,-0.00131,0.00224,-0.00128,-0.0023,3e-05,-0.00078,-0.0007,-0.00107,-0.00012,0.05681,0.03529,0.00016,-0.00101,-0.00098
46.92,0.03744,3e-05,-0.00015,0.0078,0.00023,0,-0.00039,-3e-05,0.00085,-0.00154,0.00044,0.00035,2e-05,-0.00017,0.00032,0.00038,-0.00133,4e-05,3e-05,6e-05,-0.00257,0.00323,-0.0021,-0.00279,0,-0.00065,-0.0006,0.00183,0.00034,0.0759,0.04389,0.00012,-0.00112,-0.00107
46.94,0.04191,0.00012,-0.00016,0.0077,0.00028,0,-0.00048,9e-05,0.00088,-0.0022,0.00044,0.00032,3e-05,-0.00025,0.0004,0.00034,-0.00191,7e-05,3e-05,8e-05,-0.00419,0.00418,-0.00315,-0.00336,-1e-05,-0.00053,-0.0005,0.00625,0.0003,0.09744,0.0538,6e-05,-0.00118,-0.00112
46.96,0.04524,0.00026,-0.00017,0.00756,0.00028,0,-0.00059,0.00022,0.00087,-0.0029,0.00041,0.00025,3e-05,-0.00034,0.00049,0.00025,-0.00254,0.0001,4e-05,9e-05,-0.0062,0.00484,-0.00436,-0.00398,-1e-05,-0.0004,-0.00038,0.01244,-0.00044,0.12086,0.06466,-1e-05,-0.00122,-0.00114
46.98,0.04735,0.00047,-0.00017,0.00737,0.00028,0,-0.00072,0.00032,0.00082,-0.00362,0.00033,0.00013,3e-05,-0.00049,0.00056,0.00013,-0.00321,0.00013,4e-05,0.00011,-0.00861,0.00475,-0.00569,-0.00467,-0,-0.00028,-0.00027,0.02058,-0.00222,0.14572,0.07689,-9e-05,-0.00122,-0.00112
47,0.04836,0.00074,-0.00017,0.00713,0.00028,0,-0.00081,0.0004,0.0007,-0.00424,0.00022,-2e-05,3e-05,-0.00063,0.00062,-3e-05,-0.00381,0.00015,4e-05,0.00012,-0.01141,0.00395,-0.00684,-0.00534,0,-0.0002,-0.00018,0.03062,-0.00505,0.16865,0.08897,-0.00017,-0.00118,-0.00107
47.02,0.0485,0.00101,-0.00018,0.00682,0.00027,0,-0.00078,0.00048,0.00053,-0.00458,0.0001,-0.00019,3e-05,-0.00068,0.00065,-0.00022,-0.00413,0.00017,5e-05,0.00014,-0.01469,0.00314,-0.00737,-0.00581,1e-05,-0.00016,-0.00014,0.04223,-0.00837,0.18432,0.09768,-0.00028,-0.00109,-0.00097
47.04,0.04801,0.0013,-0.00017,0.00647,0.00025,0,-0.00071,0.00056,0.00031,-0.00463,-3e-05,-0.00033,3e-05,-0.00071,0.00066,-0.00041,-0.00415,0.00017,5e-05,0.00014,-0.01834,0.00214,-0.00738,-0.00607,3e-05,-0.00014,-0.00011,0.05525,-0.01205,0.19255,0.10327,-0.0004,-0.00098,-0.00086
47.06,0.04715,0.00163,-0.00015,0.0061,0.00023,0,-0.00066,0.00059,8e-05,-0.00448,-0.00012,-0.00045,2e-05,-0.00074,0.00062,-0.0006,-0.00393,0.00013,3e-05,0.00014,-0.02217,0.00078,-0.00705,-0.00623,4e-05,-0.0001,-8e-05,0.06955,-0.01593,0.19494,0.10701,-0.00048,-0.00086,-0.00074
47.08,0.04614,0.00201,-0.00012,0.00572,0.0002,-0,-0.00057,0.00061,-0.0002,-0.00408,-0.00018,-0.00054,1e-05,-0.00073,0.00054,-0.00078,-0.00346,7e-05,0,0.00012,-0.02607,-0.0004,-0.00626,-0.00627,5e-05,-7e-05,-5e-05,0.08466,-0.01922,0.19048,0.10765,-0.00052,-0.00074,-0.00063
47.1,0.04517,0.00234,-7e-05,0.00517,0.00017,-0,-0.00045,0.00056,-0.0005,-0.00354,-0.00018,-0.00055,-0,-0.00068,0.00042,-0.00091,-0.00287,0,-3e-05,0.0001,-0.02969,-0.00141,-0.00521,-0.00633,5e-05,-4e-05,-3e-05,0.09989,-0.02226,0.17964,0.10521,-0.0005,-0.00064,-0.00054
47.12,0.04441,0.00255,-0,0.00402,0.00015,-0,-0.00029,0.00042,-0.00082,-0.00299,-7e-05,-0.00039,-1e-05,-0.00058,0.00026,-0.00092,-0.00233,-3e-05,-4e-05,7e-05,-0.03281,-0.00226,-0.00423,-0.00664,4e-05,-1e-05,-1e-05,0.1142,-0.02554,0.16347,0.09986,-0.00041,-0.00055,-0.00047
47.14,0.04396,0.00264,7e-05,0.00298,0.00013,-0,-1e-05,0.00023,-0.00111,-0.00241,9e-05,-0.00018,-3e-05,-0.0004,9e-05,-0.00083,-0.00183,-1e-05,-3e-05,4e-05,-0.0355,-0.00266,-0.00328,-0.00698,3e-05,0,0,0.12625,-0.02777,0.14329,0.09135,-0.00025,-0.00048,-0.00043
47.16,0.04386,0.00266,0.00015,0.00205,0.00011,-0,0.00034,1e-05,-0.00136,-0.0018,0.00022,-1e-05,-4e-05,-0.00016,-0.0001,-0.0007,-0.00134,3e-05,-2e-05,3e-05,-0.03792,-0.00255,-0.00233,-0.00716,2e-05,1e-05,1e-05,0.13476,-0.02801,0.12085,0.08002,-5e-05,-0.00043,-0.00041
47.18,0.04413,0.00258,0.00022,0.00123,7e-05,-0,0.00067,-0.00023,-0.00157,-0.00122,0.00032,0.00013,-5e-05,0.0001,-0.00028,-0.00052,-0.0009,7e-05,-0,1e-05,-0.04017,-0.00211,-0.00149,-0.00716,1e-05,2e-05,1e-05,0.13844,-0.02633,0.09749,0.06587,0.00017,-0.00039,-0.00039
47.2,0.04455,0.00235,0.00027,0.00053,3e-05,-0,0.00094,-0.00042,-0.00169,-0.00074,0.00034,0.00016,-5e-05,0.00036,-0.00046,-0.00036,-0.00056,9e-05,1e-05,1e-05,-0.04229,-0.00148,-0.00087,-0.00696,-0,2e-05,1e-05,0.13579,-0.02352,0.07598,0.05218,0.00036,-0.00035,-0.00036
47.22,0.04486,0.00196,0.0003,-8e-05,-2e-05,-0,0.00116,-0.00043,-0.00163,-0.00041,0.00027,8e-05,-6e-05,0.00065,-0.00059,-0.00023,-0.00035,8e-05,0,-0,-0.04435,-0.00083,-0.00051,-0.00653,-1e-05,2e-05,1e-05,0.12566,-0.02019,0.05801,0.04189,0.00045,-0.0003,-0.00032
47.24,0.04502,0.00141,0.0003,-0.00057,-9e-05,-0,0.00129,-0.00028,-0.00143,-0.00016,0.00018,-1e-05,-6e-05,0.00096,-0.00069,-0.00011,-0.00018,6e-05,-0,-1e-05,-0.0464,-0.00032,-0.00033,-0.00582,-3e-05,2e-05,1e-05,0.10914,-0.01624,0.04288,0.03289,0.00046,-0.00023,-0.00026
47.26,0.04505,0.00071,0.00028,-0.00097,-0.00017,-0,0.00132,-8e-05,-0.00116,-1e-05,0.00012,-4e-05,-6e-05,0.00126,-0.0008,0,-3e-05,4e-05,-0,-2e-05,-0.04844,-4e-05,-0.00025,-0.00483,-4e-05,2e-05,1e-05,0.08921,-0.01214,0.03061,0.02426,0.00039,-0.00017,-0.00019
47.28,0.0449,-7e-05,0.00024,-0.00129,-0.00026,-0,0.00131,0.00013,-0.00086,6e-05,8e-05,-6e-05,-5e-05,0.00154,-0.00091,9e-05,7e-05,2e-05,-0,-3e-05,-0.05031,2e-05,-0.00022,-0.00364,-6e-05,2e-05,1e-05,0.06955,-0.00862,0.02163,0.01728,0.00029,-0.00011,-0.00012
47.3,0.04402,-0.0009,0.00018,-0.00152,-0.00024,-0,0.00136,0.00031,-0.0005,3e-05,5e-05,-5e-05,-5e-05,0.0018,-0.00102,0.00015,0.00015,1e-05,-0,-4e-05,-0.05181,-8e-05,-0.00025,-0.00244,-8e-05,1e-05,1e-05,0.05389,-0.00595,0.01576,0.01265,0.00019,-6e-05,-7e-05
47.32,0.04197,-0.00171,0.00012,-0.00169,-0.00015,-0,0.00155,0.00044,-3e-05,-6e-05,3e-05,-4e-05,-5e-05,0.00202,-0.00111,0.00016,0.00019,0,-0,-5e-05,-0.05266,-0.00021,-0.00034,-0.00138,-9e-05,1e-05,1e-05,0.04519,-0.00409,0.01252,0.01038,0.0001,-2e-05,-3e-05
47.34,0.03912,-0.00231,6e-05,-0.00179,5e-05,-0,0.00177,0.0005,0.00038,-0.00018,2e-05,-2e-05,-4e-05,0.00218,-0.00119,0.00011,0.0002,0,-0,-6e-05,-0.05255,-0.00023,-0.0004,-0.00054,-0.00011,1e-05,1e-05,0.04548,-0.00281,0.01136,0.00986,1e-05,0,0
47.36,0.03587,-0.00254,-0,-0.00186,0.00035,-0,0.00193,0.00049,0.00061,-0.00032,1e-05,-0,-4e-05,0.0023,-0.00126,1e-05,0.0002,-0,-0,-6e-05,-0.05124,-6e-05,-0.0004,7e-05,-0.00013,1e-05,1e-05,0.05539,-0.00168,0.01171,0.01049,-0.0001,3e-05,4e-05
47.38,0.03231,-0.00233,-7e-05,-0.00187,0.00072,-0,0.00202,0.00044,0.00071,-0.00044,1e-05,1e-05,-3e-05,0.00238,-0.00131,-0.00015,0.00019,-0,-0,-6e-05,-0.04867,0.00029,-0.00037,0.00048,-0.00013,0,1e-05,0.07396,-0.00017,0.01295,0.01185,-0.00027,7e-05,9e-05
47.4,0.0285,-0.00161,-0.00013,-0.00183,0.00103,-0,0.0019,0.00036,0.00068,-0.00055,1e-05,1e-05,-3e-05,0.00244,-0.00133,-0.00035,0.00017,-0,-0,-6e-05,-0.04481,0.00074,-0.00028,0.00075,-0.00013,-1e-05,0,0.09836,0.00212,0.01444,0.01389,-0.00052,0.00012,0.00015
47.42,0.02449,-0.00046,-0.0002,-0.00174,0.00112,-0,0.00142,0.00028,0.00057,-0.00062,1e-05,2e-05,-1e-05,0.0025,-0.00135,-0.00057,0.00014,-0,-0,-5e-05,-0.03975,0.00115,-0.00012,0.00102,-0.00012,-1e-05,-0,0.12414,0.00529,0.01551,0.01701,-0.00082,0.00019,0.00023
47.44,0.02062,0.00097,-0.00029,-0.00162,0.00118,-0,0.00077,0.00022,0.00042,-0.00067,1e-05,2e-05,-0,0.00255,-0.00135,-0.00079,0.00012,-0,-0,-3e-05,-0.03421,0.00144,8e-05,0.00137,-0.0001,-2e-05,-1e-05,0.14691,0.00911,0.0157,0.02063,-0.00114,0.00025,0.00032
47.46,0.01715,0.00252,-0.00038,-0.00147,0.00123,-0,0.00014,0.0002,0.00028,-0.0007,1e-05,1e-05,1e-05,0.00261,-0.00134,-0.00101,0.0001,-0,-0,-2e-05,-0.02883,0.00153,0.00033,0.00184,-8e-05,-2e-05,-1e-05,0.1634,0.01322,0.01482,0.024,-0.00144,0.00032,0.00041
47.48,0.01398,0.00408,-0.00051,-0.00131,0.00126,-0,-0.00041,0.00021,0.00017,-0.0007,1e-05,1e-05,1e-05,0.00267,-0.00133,-0.00124,8e-05,-0,-0,-1e-05,-0.02381,0.00144,0.00062,0.00218,-5e-05,-3e-05,-2e-05,0.17142,0.01703,0.01292,0.02725,-0.00166,0.00039,0.00049
47.5,0.01138,0.00553,-0.00066,-0.00117,0.00127,-0,-0.00076,0.00025,9e-05,-0.00065,1e-05,1e-05,1e-05,0.00276,-0.0013,-0.00141,7e-05,-0,-0,0,-0.02007,0.00115,0.00091,0.00235,-3e-05,-4e-05,-2e-05,0.17168,0.02017,0.01061,0.03024,-0.00179,0.00047,0.00058
47.52,0.00959,0.00675,-0.00085,-0.00108,0.00124,-0,-0.00087,0.0003,2e-05,-0.00057,1e-05,1e-05,1e-05,0.00292,-0.00123,-0.00147,6e-05,-0,-0,1e-05,-0.01812,0.00072,0.00111,0.00244,-1e-05,-4e-05,-3e-05,0.1662,0.02243,0.00846,0.0329,-0.00181,0.00058,0.00068
47.54,0.00829,0.00774,-0.00107,-0.00104,0.00121,-0,-0.00081,0.00035,-1e-05,-0.00044,1e-05,0,1e-05,0.00312,-0.00116,-0.00146,4e-05,0,0,1e-05,-0.01713,0.00035,0.00109,0.00194,0,-4e-05,-3e-05,0.15586,0.02333,0.00653,0.03513,-0.00176,0.0007,0.00081
47.56,0.00721,0.00851,-0.00132,-0.00102,0.00116,-0,-0.00063,0.0004,-2e-05,-0.0003,1e-05,0,0,0.00331,-0.0011,-0.00144,3e-05,0,0,1e-05,-0.01652,0.00014,0.00084,0.00031,2e-05,-4e-05,-3e-05,0.14152,0.02258,0.0049,0.03685,-0.00166,0.00084,0.00095
47.58,0.00632,0.00907,-0.00161,-0.00101,0.00111,-0,-0.0004,0.00043,-0,-0.00016,1e-05,-0,0,0.0035,-0.00104,-0.0014,3e-05,0,0,1e-05,-0.01619,8e-05,0.00038,-0.00251,2e-05,-2e-05,-3e-05,0.12453,0.0204,0.00356,0.0384,-0.00152,0.001,0.0011
47.6,0.00576,0.00938,-0.0019,-0.00102,0.00105,-0,-0.00019,0.00045,2e-05,-6e-05,0,-0,0,0.00372,-0.00098,-0.00137,2e-05,0,0,1e-05,-0.01569,0.00012,-0.00016,-0.00578,3e-05,-0,-3e-05,0.10787,0.01733,0.00229,0.0388,-0.00134,0.00116,0.00125
47.62,0.00566,0.00933,-0.00213,-0.00103,0.00098,-0,-6e-05,0.00043,4e-05,1e-05,0,-0,-0,0.00405,-0.00094,-0.00136,1e-05,0,0,1e-05,-0.01429,0.00018,-0.00059,-0.00817,4e-05,3e-05,-4e-05,0.09377,0.01401,0.00082,0.03701,-0.00114,0.00129,0.00137
47.64,0.00578,0.00898,-0.00228,-0.00103,0.00091,-0,-0,0.00038,4e-05,3e-05,0,-1e-05,-0,0.00437,-0.0009,-0.00135,1e-05,0,0,1e-05,-0.01183,0.00024,-0.00066,-0.00955,5e-05,7e-05,-4e-05,0.08118,0.01089,-0.00105,0.03439,-0.00089,0.0014,0.00146
47.66,0.00589,0.00841,-0.00232,-0.00102,0.00083,-0,-1e-05,0.00029,3e-05,1e-05,0,-1e-05,-0,0.00463,-0.00083,-0.00131,1e-05,0,0,1e-05,-0.00891,0.00037,-0.00041,-0.00981,7e-05,9e-05,-5e-05,0.06922,0.00828,-0.00333,0.03205,-0.00058,0.00146,0.00149
47.68,0.00604,0.00759,-0.00221,-0.001,0.00075,-0,-9e-05,0.00016,2e-05,-3e-05,0,-1e-05,0,0.00482,-0.00073,-0.00124,2e-05,0,0,1e-05,-0.00425,0.00035,-0.00046,-0.00918,6e-05,0.00013,-5e-05,0.05807,0.00643,-0.00571,0.02966,-0.00023,0.00145,0.00145
47.7,0.00615,0.00651,-0.00191,-0.00095,0.00066,-0,-0.00023,1e-05,1e-05,-0.0001,0,-2e-05,0,0.00487,-0.00058,-0.00114,2e-05,0,1e-05,1e-05,0.00241,-0.00024,-0.00083,-0.01114,-1e-05,0.00022,-0,0.0486,0.00546,-0.00792,0.02738,0.00016,0.0014,0.00135
47.72,0.00611,0.00517,-0.00143,-0.00088,0.00055,-0,-0.00042,-0.00013,2e-05,-0.00017,0,-2e-05,1e-05,0.00472,-0.00041,-0.00103,3e-05,0,1e-05,3e-05,0.00818,-0.00144,-0.00128,-0.0124,-0.00014,0.0003,5e-05,0.04116,0.00534,-0.00979,0.02561,0.00055,0.0013,0.0012
47.74,0.00599,0.00367,-0.00082,-0.00078,0.00042,-0,-0.00068,-0.00018,4e-05,-0.00023,0,-2e-05,1e-05,0.00444,-0.0002,-0.00089,4e-05,0,1e-05,5e-05,0.01253,-0.00314,-0.00164,-0.01061,-0.00032,0.00033,0.0001,0.03459,0.00601,-0.01082,0.02389,0.00087,0.00114,0.00099
47.76,0.00584,0.00212,-0.00019,-0.00068,0.00029,-0,-0.001,-0.00013,3e-05,-0.00027,0,-1e-05,2e-05,0.00409,1e-05,-0.00074,6e-05,0,1e-05,7e-05,0.01569,-0.00478,-0.00158,-0.00663,-0.00059,0.00027,0.00012,0.02825,0.00735,-0.01056,0.02186,0.0011,0.00092,0.00074
47.78,0.00559,0.00064,0.00033,-0.00057,0.00014,-0,-0.00134,2e-05,1e-05,-0.0003,0,-1e-05,3e-05,0.00368,0.0002,-0.00058,7e-05,0,2e-05,9e-05,0.01719,-0.00557,-0.00117,-0.00028,-0.00093,8e-05,7e-05,0.02233,0.00925,-0.00919,0.01979,0.00118,0.00065,0.00047
47.8,0.00534,-0.00066,0.00066,-0.00046,-1e-05,-0,-0.00167,0.00026,-2e-05,-0.00028,0,-0,4e-05,0.00325,0.00035,-0.00043,8e-05,0,2e-05,0.00011,0.01724,-0.00458,-0.00053,0.00756,-0.0013,-0.00024,-8e-05,0.01734,0.01148,-0.00689,0.01639,0.00113,0.00037,0.00021
47.82,0.00521,-0.00169,0.00074,-0.00038,-0.00016,-0,-0.00194,0.00058,-6e-05,-0.00017,0,0,5e-05,0.0028,0.00042,-0.0003,9e-05,0,2e-05,0.00013,0.01697,-0.00132,0.00028,0.01297,-0.0016,-0.00068,-0.00034,0.01354,0.01368,-0.00411,0.01104,0.00098,9e-05,-1e-05
47.84,0.00511,-0.00246,0.00061,-0.00032,-0.0003,0,-0.00206,0.00086,-8e-05,-0,0,0,6e-05,0.0024,0.0004,-0.00018,0.00011,-0,2e-05,0.00014,0.01826,0.00366,0.00126,0.01262,-0.00176,-0.00117,-0.0007,0.01042,0.01526,-0.00148,0.00603,0.00077,-0.00016,-0.00016
47.86,0.00495,-0.00302,0.00035,-0.00029,-0.00044,0,-0.00195,0.00104,-8e-05,0.00011,-0,0,7e-05,0.00206,0.00032,-9e-05,0.00013,0,2e-05,0.00014,0.02253,0.00954,0.00227,0.00764,-0.00173,-0.00165,-0.00112,0.00782,0.01563,0.00061,0.00252,0.00053,-0.00034,-0.00024
47.88,0.0048,-0.00341,8e-05,-0.0003,-0.00056,0,-0.00164,0.0011,-6e-05,0.00017,-0,0,7e-05,0.00179,0.00016,-2e-05,0.00015,1e-05,2e-05,0.00013,0.02951,0.01527,0.00333,-0.00147,-0.00149,-0.00205,-0.00154,0.0058,0.01457,0.00197,0.00039,0.00031,-0.00042,-0.00025
47.9,0.00458,-0.00364,-0.00014,-0.00032,-0.00061,0,-0.00114,0.00105,-4e-05,0.0001,0,0,6e-05,0.00157,-2e-05,2e-05,0.00016,4e-05,1e-05,0.00012,0.03802,0.02011,0.00458,-0.01063,-0.00105,-0.00233,-0.00192,0.00415,0.01184,0.00258,-0.00029,0.00014,-0.00042,-0.00021
47.92,0.00414,-0.00373,-0.00026,-0.00035,-0.00059,0,-0.00057,0.00088,-1e-05,-4e-05,0,0,4e-05,0.0014,-0.00019,5e-05,0.00018,8e-05,1e-05,0.0001,0.04642,0.02403,0.00615,-0.01536,-0.0005,-0.00251,-0.00222,0.00269,0.00813,0.00261,-8e-05,3e-05,-0.00035,-0.00014
47.94,0.0036,-0.0037,-0.00028,-0.00039,-0.00053,0,2e-05,0.00069,1e-05,-0.00014,0,0,2e-05,0.00127,-0.00034,5e-05,0.00019,0.00016,1e-05,7e-05,0.05279,0.02652,0.00825,-0.01652,7e-05,-0.00257,-0.00241,0.00136,0.00478,0.00229,0.00052,-2e-05,-0.00024,-6e-05
47.96,0.00308,-0.00356,-0.00021,-0.00042,-0.00045,0,0.00055,0.0005,3e-05,-0.00018,0,0,0,0.00117,-0.00045,4e-05,0.00019,0.00027,1e-05,5e-05,0.05581,0.02729,0.01091,-0.01518,0.00062,-0.0025,-0.00246,7e-05,0.00239,0.00181,0.00129,-3e-05,-0.00013,0
47.98,0.00257,-0.00332,-0.0001,-0.00044,-0.00036,0,0.00099,0.00034,4e-05,-0.00019,-0,0,-2e-05,0.0011,-0.00053,1e-05,0.00018,0.0004,2e-05,2e-05,0.05482,0.02683,0.01381,-0.01156,0.00109,-0.00232,-0.0024,-0.0008,0.00219,0.0018,0.00196,-1e-05,-6e-05,3e-05
48,0.00205,-0.00297,2e-05,-0.00046,-0.00027,0,0.00132,0.0002,3e-05,-0.00014,-0,0,-3e-05,0.00105,-0.00056,-1e-05,0.00016,0.00057,2e-05,-0,0.05139,0.02572,0.01626,-0.00581,0.0015,-0.00207,-0.00223,-0.00145,0.00346,0.00236,0.00239,1e-05,-4e-05,3e-05
48.02,0.00152,-0.00252,0.00013,-0.00046,-0.00019,0,0.00153,0.0001,2e-05,-1e-05,-0,0,-4e-05,0.001,-0.00057,-3e-05,0.00014,0.0008,2e-05,-2e-05,0.04792,0.02453,0.01752,0.00049,0.00189,-0.00178,-0.00199,-0.00266,0.00468,0.00312,0.00264,1e-05,-2e-05,2e-05
48.04,0.001,-0.00202,0.00022,-0.00046,-0.00014,0,0.00163,5e-05,-1e-05,0.00012,-0,0,-4e-05,0.00096,-0.00055,-4e-05,0.00012,0.00103,1e-05,-3e-05,0.04391,0.02373,0.01759,0.00562,0.00228,-0.0015,-0.00173,-0.00449,0.00548,0.00381,0.00262,2e-05,0,1e-05
48.06,0.00056,-0.0015,0.00029,-0.00045,-0.0001,0,0.00164,4e-05,-4e-05,0.0002,-0,0,-4e-05,0.00091,-0.00052,-5e-05,9e-05,0.00116,1e-05,-4e-05,0.0385,0.02344,0.01675,0.00948,0.00263,-0.00124,-0.0015,-0.00678,0.0058,0.00415,0.0023,2e-05,2e-05,1e-05
48.08,0.00017,-0.00099,0.00033,-0.00043,-9e-05,0,0.00157,8e-05,-7e-05,0.00025,-0,0,-3e-05,0.00086,-0.00048,-4e-05,6e-05,0.00122,1e-05,-4e-05,0.03241,0.02355,0.01513,0.01206,0.00298,-0.00101,-0.00128,-0.00949,0.00561,0.0042,0.00183,3e-05,3e-05,1e-05
48.1,-0.00015,-0.00048,0.00035,-0.0004,-9e-05,0,0.00146,0.00013,-9e-05,0.00023,-0,0,-2e-05,0.00079,-0.00045,-3e-05,4e-05,0.00117,1e-05,-3e-05,0.02695,0.02383,0.01319,0.01341,0.00332,-0.00082,-0.0011,-0.0122,0.00515,0.00396,0.00129,4e-05,4e-05,1e-05
48.12,-0.0004,-1e-05,0.00035,-0.00036,-9e-05,0,0.00135,0.0002,-0.0001,0.00013,-0,-0,-1e-05,0.0007,-0.00041,-2e-05,1e-05,0.001,1e-05,-3e-05,0.02288,0.02397,0.01128,0.01369,0.00363,-0.00067,-0.00095,-0.01449,0.00473,0.00343,0.00077,4e-05,4e-05,1e-05
48.14,-0.00061,0.00041,0.00035,-0.00031,-0.0001,0,0.00124,0.00027,-0.0001,4e-05,-0,-0,-0,0.00059,-0.00037,-1e-05,-2e-05,0.0008,1e-05,-3e-05,0.01927,0.02369,0.00944,0.01306,0.00391,-0.00053,-0.00082,-0.01643,0.00425,0.00281,0.00034,4e-05,4e-05,1e-05
48.16,-0.00077,0.00077,0.00034,-0.00025,-0.00011,0,0.00112,0.00035,-0.0001,-3e-05,-0,-0,1e-05,0.00046,-0.00034,1e-05,-4e-05,0.00063,1e-05,-2e-05,0.01542,0.02279,0.0077,0.01172,0.00416,-0.00042,-0.0007,-0.01806,0.00367,0.00224,6e-05,4e-05,4e-05,1e-05
48.18,-0.00093,0.00109,0.00034,-0.00019,-0.00012,0,0.001,0.00042,-9e-05,-0.0001,-0,-0,2e-05,0.0003,-0.00032,2e-05,-7e-05,0.00048,0,-1e-05,0.01146,0.02117,0.00611,0.00984,0.00437,-0.00031,-0.0006,-0.01926,0.0031,0.00175,-5e-05,4e-05,3e-05,1e-05
48.2,-0.001,0.00136,0.00034,-0.00012,-0.00012,0,0.00088,0.00049,-9e-05,-0.00016,-0,-0,3e-05,0.00012,-0.0003,4e-05,-9e-05,0.00036,0,-1e-05,0.00807,0.0191,0.00486,0.00743,0.00455,-0.00022,-0.00051,-0.0199,0.00259,0.00133,-4e-05,4e-05,2e-05,1e-05
48.22,-0.00094,0.00159,0.00033,-6e-05,-0.00013,0,0.00079,0.00054,-9e-05,-0.00017,-0,-0,4e-05,-8e-05,-0.00028,5e-05,-0.0001,0.00025,0,-1e-05,0.00537,0.01686,0.00402,0.00462,0.00469,-0.00014,-0.00043,-0.01989,0.00211,0.00098,8e-05,3e-05,2e-05,1e-05
48.24,-0.00083,0.00178,0.00033,-1e-05,-0.00013,0,0.0007,0.00058,-8e-05,-0.00016,-0,0,5e-05,-0.00028,-0.00026,6e-05,-0.00011,0.00018,0,-0,0.00247,0.01423,0.00341,0.00171,0.00478,-7e-05,-0.00036,-0.01932,0.00169,0.00071,0.00028,3e-05,1e-05,1e-05
48.26,-0.0007,0.00195,0.00033,3e-05,-0.00013,0,0.00062,0.0006,-6e-05,-0.00014,-0,0,6e-05,-0.00047,-0.00024,6e-05,-0.00011,0.00012,0,-0,-0.00078,0.01109,0.0029,-0.00113,0.00478,-2e-05,-0.00029,-0.01819,0.00137,0.0005,0.00044,3e-05,0,0
48.28,-0.00053,0.00212,0.00033,5e-05,-0.00013,0,0.00055,0.0006,-5e-05,-0.00011,-0,0,6e-05,-0.00066,-0.00021,7e-05,-0.00011,8e-05,0,-0,-0.00409,0.00755,0.00244,-0.00378,0.00469,3e-05,-0.00023,-0.01636,0.00116,0.00031,0.0004,3e-05,-0,0
48.3,-0.00026,0.0023,0.00031,5e-05,-0.00012,0,0.00049,0.00059,-3e-05,-9e-05,-0,0,6e-05,-0.00082,-0.00018,7e-05,-0.0001,4e-05,0,-0,-0.0073,0.00402,0.00214,-0.00608,0.0045,5e-05,-0.00018,-0.01569,0.00081,9e-05,0.00175,3e-05,-0,0
48.32,8e-05,0.00249,0.00027,4e-05,-0.00011,0,0.00045,0.00056,-2e-05,-7e-05,-0,0,6e-05,-0.00094,-0.00015,7e-05,-9e-05,1e-05,0,-0,-0.01032,0.00059,0.00211,-0.00784,0.0042,7e-05,-0.00014,-0.01769,0.00021,-0.0001,0.00689,2e-05,0,0
48.34,0.00047,0.00269,0.0002,0,-0.0001,0,0.00042,0.00053,-2e-05,-5e-05,-0,0,6e-05,-0.00103,-0.00011,6e-05,-8e-05,-2e-05,0,-1e-05,-0.01283,-0.00284,0.00213,-0.00893,0.00378,6e-05,-0.0001,-0.02015,-0.00025,-0.0002,0.01438,-0,2e-05,1e-05
48.36,0.0009,0.00286,0.00011,-5e-05,-8e-05,0,0.00039,0.00049,-1e-05,-3e-05,-0,0,5e-05,-0.00108,-8e-05,6e-05,-8e-05,-6e-05,-0,-1e-05,-0.01439,-0.00594,0.002,-0.00931,0.00326,5e-05,-7e-05,-0.02243,-0.00052,-0.00019,0.0238,-6e-05,6e-05,2e-05
48.38,0.00136,0.00295,-1e-05,-0.00013,-6e-05,0,0.00037,0.00045,-1e-05,-0,-0,0,5e-05,-0.00109,-5e-05,6e-05,-8e-05,-0.0001,-0,-1e-05,-0.01484,-0.00829,0.00172,-0.00899,0.00267,3e-05,-5e-05,-0.02404,-0.00052,-8e-05,0.03427,-0.00017,0.00011,4e-05
48.4,0.00176,0.00292,-0.00014,-0.00021,-4e-05,0,0.00034,0.00041,-0,1e-05,-0,0,4e-05,-0.00107,-3e-05,5e-05,-8e-05,-0.00014,0,-1e-05,-0.01415,-0.00967,0.00133,-0.00798,0.00203,1e-05,-4e-05,-0.02404,-0.00017,0.0001,0.0442,-0.00035,0.00017,7e-05
48.42,0.00197,0.0027,-0.00026,-0.00029,-2e-05,0,0.00032,0.00037,-0,-1e-05,-0,0,3e-05,-0.00101,-2e-05,5e-05,-9e-05,-0.00016,0,-1e-05,-0.01244,-0.01012,0.00089,-0.00637,0.00138,-0,-3e-05,-0.02132,0.00053,0.00029,0.0516,-0.00062,0.00025,0.0001
48.44,0.00198,0.0023,-0.00036,-0.00038,-0,0,0.00029,0.00032,-0,-2e-05,-0,0,2e-05,-0.00093,-1e-05,5e-05,-0.00011,-0.00017,0,-1e-05,-0.00968,-0.00952,0.00044,-0.00452,0.00076,-0,-2e-05,-0.01597,0.00152,0.00046,0.05538,-0.00095,0.00034,0.00014
48.46,0.00183,0.00174,-0.00042,-0.00045,1e-05,0,0.00026,0.00027,0,-1e-05,-0,0,1e-05,-0.00081,-2e-05,5e-05,-0.00013,-0.00018,1e-05,-0,-0.0061,-0.00796,6e-05,-0.00272,0.00019,1e-05,-1e-05,-0.00866,0.00276,0.00061,0.05549,-0.0013,0.00042,0.00018
48.48,0.00152,0.00108,-0.00044,-0.00051,1e-05,0,0.00023,0.00022,0,-0,-0,0,1e-05,-0.00067,-2e-05,5e-05,-0.00017,-0.00017,1e-05,-0,-0.00217,-0.00583,-0.00013,-0.00113,-0.00028,3e-05,-0,0.0001,0.00417,0.00072,0.05175,-0.00165,0.00048,0.00022
48.5,0.00112,0.00041,-0.00042,-0.00054,0,0,0.0002,0.00017,0,1e-05,-0,0,1e-05,-0.00053,-2e-05,4e-05,-0.0002,-0.00016,1e-05,0,0.00167,-0.00366,-5e-05,5e-05,-0.00061,4e-05,0,0.0094,0.00571,0.00076,0.04569,-0.00192,0.0005,0.00026
48.52,0.00069,-0.00018,-0.00038,-0.00055,-1e-05,0,0.00016,0.00012,1e-05,3e-05,-0,0,1e-05,-0.00039,-2e-05,4e-05,-0.00022,-0.00014,1e-05,1e-05,0.00437,-0.00185,0.00017,0.0009,-0.00078,4e-05,1e-05,0.01849,0.00739,0.00076,0.03915,-0.00203,0.00049,0.0003
48.54,0.00026,-0.00065,-0.00031,-0.00053,-2e-05,0,0.00012,8e-05,1e-05,5e-05,-0,0,1e-05,-0.00025,-1e-05,3e-05,-0.00024,-0.00011,1e-05,1e-05,0.00538,-0.00046,0.0004,0.00146,-0.0008,3e-05,2e-05,0.02649,0.009,0.00079,0.03206,-0.00201,0.00044,0.00034
48.56,-0.00014,-0.001,-0.00024,-0.00049,-4e-05,-0,8e-05,5e-05,1e-05,7e-05,-0,0,1e-05,-0.00011,0,2e-05,-0.00025,-8e-05,1e-05,2e-05,0.00485,0.00047,0.00061,0.00164,-0.00069,0,2e-05,0.03252,0.01024,0.00093,0.02472,-0.0019,0.00038,0.00036
48.58,-0.00048,-0.00123,-0.00017,-0.00044,-5e-05,-0,4e-05,2e-05,1e-05,9e-05,-0,0,1e-05,0,1e-05,1e-05,-0.00026,-5e-05,1e-05,2e-05,0.00292,0.00087,0.00074,0.00149,-0.00051,-3e-05,1e-05,0.03613,0.01097,0.00124,0.01803,-0.00171,0.00031,0.00037
48.6,-0.00073,-0.00134,-0.00012,-0.00037,-6e-05,-0,0,0,1e-05,9e-05,-0,0,1e-05,0.0001,1e-05,-0,-0.00027,-3e-05,1e-05,3e-05,7e-05,0.0008,0.0007,0.00108,-0.00032,-7e-05,0,0.03733,0.0111,0.00174,0.01238,-0.00146,0.00025,0.00036
48.62,-0.0009,-0.00137,-8e-05,-0.00029,-6e-05,-0,-4e-05,-1e-05,1e-05,0.0001,-0,-0,1e-05,0.00017,1e-05,-1e-05,-0.00026,-2e-05,1e-05,4e-05,-0.00269,0.00046,0.00052,0.00053,-0.00017,-0.00011,-1e-05,0.0365,0.01057,0.00239,0.00785,-0.00117,0.00021,0.00033
48.64,-0.00099,-0.00133,-7e-05,-0.00021,-5e-05,-0,-9e-05,-2e-05,0,0.0001,-0,-0,1e-05,0.00022,1e-05,-2e-05,-0.00025,-1e-05,1e-05,4e-05,-0.00461,6e-05,0.00024,6e-05,-9e-05,-0.00018,-2e-05,0.03396,0.0095,0.00306,0.00437,-0.00088,0.00018,0.00029
48.66,-0.001,-0.00124,-7e-05,-0.00014,-4e-05,-0,-0.00015,-2e-05,-0,9e-05,-0,-0,1e-05,0.00023,-0,-3e-05,-0.00023,-0,1e-05,5e-05,-0.00563,-0.00023,-4e-05,-9e-05,-0.00011,-0.00028,-2e-05,0.0301,0.00804,0.0036,0.00175,-0.00061,0.00016,0.00024
48.68,-0.00096,-0.00111,-7e-05,-7e-05,-2e-05,-0,-0.00021,-3e-05,-0,7e-05,-0,-0,1e-05,0.00022,-1e-05,-3e-05,-0.0002,0,0,5e-05,-0.00576,-0.00028,-0.00018,0.0003,-0.00024,-0.00046,1e-05,0.02544,0.00638,0.00389,-0.00021,-0.00036,0.00014,0.00019
48.7,-0.00091,-0.00095,-0.0001,-1e-05,0,-0,-0.00029,-3e-05,-0,5e-05,-0,-0,1e-05,0.00019,-1e-05,-4e-05,-0.00017,0,0,5e-05,-0.00516,-5e-05,-1e-05,0.00144,-0.0005,-0.00079,9e-05,0.02095,0.00478,0.00388,-0.00166,-0.00013,0.00013,0.00013
48.72,-0.0009,-0.00073,-0.00013,4e-05,3e-05,-0,-0.00036,-4e-05,-0,3e-05,-0,-0,1e-05,0.00015,-1e-05,-4e-05,-0.00013,-0,0,5e-05,-0.00367,0.00044,0.00045,0.00269,-0.00095,-0.00132,0.00026,0.01733,0.00344,0.00358,-0.00275,7e-05,0.00011,9e-05
48.74,-0.0009,-0.00051,-0.00019,9e-05,5e-05,-0,-0.00044,-5e-05,-0,1e-05,-0,-0,1e-05,0.00011,0,-4e-05,-8e-05,-1e-05,0,5e-05,-0.00191,0.00107,0.00076,0.00317,-0.00164,-0.00213,0.00058,0.01436,0.00239,0.00301,-0.00359,0.00024,8e-05,4e-05
48.76,-0.00089,-0.00031,-0.00027,0.00012,7e-05,-0,-0.00051,-6e-05,0,0,-0,-0,0,9e-05,2e-05,-3e-05,-4e-05,-1e-05,0,5e-05,-0.00067,0.00174,0.00044,0.00276,-0.0026,-0.00319,0.00108,0.01192,0.00165,0.00225,-0.00424,0.00038,4e-05,1e-05
48.78,-0.00088,-0.00015,-0.00038,0.00015,8e-05,-0,-0.00059,-7e-05,0,-0,-0,0,0,8e-05,3e-05,-3e-05,0,-1e-05,-0,4e-05,0.00018,0.00237,-0.00131,0.00136,-0.0039,-0.00431,0.00178,0.01007,0.00114,0.00147,-0.0048,0.0005,-0,-1e-05
48.8,-0.00086,-4e-05,-0.0005,0.00016,8e-05,-0,-0.00066,-8e-05,0,-0,-0,0,-1e-05,8e-05,3e-05,-2e-05,2e-05,-1e-05,-0,4e-05,0.00066,0.00292,-0.00415,-0.00114,-0.00531,-0.00558,0.00251,0.00867,0.00082,0.00077,-0.00534,0.00059,-5e-05,-3e-05
48.82,-0.0008,1e-05,-0.00062,0.00016,8e-05,-0,-0.00071,-0.0001,0,-0,-0,0,-1e-05,8e-05,2e-05,-1e-05,1e-05,-1e-05,0,3e-05,0.00143,0.00355,-0.00622,-0.00492,-0.00626,-0.00761,0.00282,0.00751,0.0006,0.00025,-0.00588,0.00064,-9e-05,-4e-05
48.84,-0.0007,1e-05,-0.00071,0.00015,6e-05,-0,-0.00073,-0.00012,-0,0,-0,0,-2e-05,0.0001,1e-05,-0,-1e-05,-1e-05,0,2e-05,0.00235,0.00416,-0.0075,-0.00847,-0.0067,-0.0098,0.00286,0.00652,0.00044,-9e-05,-0.00646,0.00066,-0.00013,-4e-05
48.86,-0.00059,-4e-05,-0.00076,0.00012,4e-05,0,-0.00073,-0.00013,-0,1e-05,-0,0,-2e-05,0.00011,-1e-05,0,-1e-05,-1e-05,0,2e-05,0.00285,0.00468,-0.0086,-0.0106,-0.00675,-0.01121,0.00284,0.00563,0.0003,-0.00027,-0.00707,0.00066,-0.00015,-4e-05
48.88,-0.00046,-0.00012,-0.00076,9e-05,1e-05,0,-0.00069,-0.00015,-0,1e-05,-0,0,-3e-05,0.00013,-5e-05,0,-0,-1e-05,0,1e-05,0.00297,0.00509,-0.00854,-0.01162,-0.00624,-0.0118,0.00274,0.00477,0.00017,-0.00031,-0.00763,0.00064,-0.00018,-5e-05
48.9,-0.00032,-0.00019,-0.0007,5e-05,-1e-05,0,-0.00064,-0.00017,-0,0,-0,0,-4e-05,0.00014,-8e-05,-0,1e-05,-1e-05,0,-0,0.00266,0.00523,-0.00748,-0.01075,-0.00551,-0.01121,0.00257,0.00396,6e-05,-0.00027,-0.0081,0.00062,-0.0002,-5e-05
48.92,-0.00019,-0.00025,-0.0006,1e-05,-3e-05,0,-0.00057,-0.00018,0,1e-05,-0,0,-4e-05,0.00014,-0.00011,-1e-05,3e-05,-1e-05,-0,-1e-05,0.0022,0.00493,-0.00679,-0.0082,-0.00499,-0.00959,0.00219,0.00321,-0,-0.00021,-0.00844,0.00064,-0.00024,-6e-05
48.94,-8e-05,-0.00029,-0.00048,-2e-05,-5e-05,0,-0.0005,-0.00019,1e-05,3e-05,-0,0,-4e-05,0.00014,-0.00013,-2e-05,5e-05,-1e-05,0,-2e-05,0.00182,0.00438,-0.00598,-0.00561,-0.00447,-0.00769,0.00175,0.00248,-3e-05,-0.00015,-0.00852,0.00069,-0.00029,-7e-05
48.96,-1e-05,-0.00029,-0.00034,-5e-05,-6e-05,0,-0.00041,-0.00018,1e-05,4e-05,-0,0,-4e-05,0.00013,-0.00016,-3e-05,7e-05,-1e-05,0,-3e-05,0.00148,0.00377,-0.00479,-0.00355,-0.0038,-0.00587,0.00134,0.00173,-4e-05,-0.00011,-0.0082,0.00079,-0.00036,-9e-05
48.98,3e-05,-0.00027,-0.00021,-6e-05,-6e-05,0,-0.00032,-0.00016,2e-05,6e-05,-0,0,-4e-05,0.00011,-0.00017,-4e-05,9e-05,-1e-05,0,-3e-05,0.00115,0.00308,-0.00354,-0.00183,-0.00311,-0.00419,0.00097,0.00096,-4e-05,-0.00011,-0.00749,0.00092,-0.00043,-0.00011
49,4e-05,-0.00021,-9e-05,-6e-05,-6e-05,0,-0.00024,-0.00014,2e-05,7e-05,-0,0,-4e-05,8e-05,-0.00018,-5e-05,0.0001,-1e-05,0,-3e-05,0.00083,0.00236,-0.00235,-0.00038,-0.0024,-0.0027,0.00063,0.00019,-1e-05,-0.00011,-0.00642,0.00105,-0.0005,-0.00014
49.02,3e-05,-0.00014,1e-05,-5e-05,-5e-05,0,-0.00018,-0.00011,2e-05,8e-05,-0,0,-3e-05,3e-05,-0.00017,-6e-05,0.00011,-1e-05,1e-05,-3e-05,0.00053,0.00166,-0.00123,0.00092,-0.00167,-0.00137,0.00034,-0.00062,2e-05,-0.00011,-0.00503,0.00116,-0.00055,-0.00016
49.04,1e-05,-6e-05,9e-05,-3e-05,-4e-05,0,-0.00012,-8e-05,2e-05,8e-05,-0,0,-3e-05,-4e-05,-0.00015,-7e-05,0.00012,-1e-05,1e-05,-3e-05,0.00024,0.00099,-0.00018,0.00215,-0.00095,-0.00016,6e-05,-0.00149,3e-05,-7e-05,-0.00335,0.00122,-0.00057,-0.00018
49.06,1e-05,1e-05,0.00015,-0,-3e-05,0,-8e-05,-4e-05,2e-05,8e-05,-0,0,-2e-05,-0.00012,-0.00013,-8e-05,0.00012,-1e-05,1e-05,-3e-05,-1e-05,0.00038,0.00082,0.00334,-0.00025,0.00096,-0.00022,-0.00244,2e-05,-0,-0.00143,0.00122,-0.00055,-0.0002
49.08,2e-05,5e-05,0.00019,3e-05,-2e-05,0,-5e-05,-1e-05,2e-05,7e-05,-0,0,-1e-05,-0.00022,-9e-05,-8e-05,0.00012,-1e-05,1e-05,-3e-05,-0.00016,-0.00014,0.00175,0.00446,0.00041,0.00199,-0.00049,-0.00351,-2e-05,0.00011,0.00065,0.00117,-0.0005,-0.0002
49.1,6e-05,6e-05,0.00022,7e-05,-1e-05,0,-3e-05,1e-05,1e-05,5e-05,0,0,-1e-05,-0.00033,-5e-05,-8e-05,0.00012,-0,1e-05,-2e-05,-0.0002,-0.00053,0.00259,0.00537,0.00101,0.00291,-0.00077,-0.00468,-0.0001,0.00025,0.00274,0.00107,-0.00042,-0.0002
49.12,0.00013,2e-05,0.00024,0.0001,0,0,-1e-05,2e-05,0,3e-05,0,0,-0,-0.00044,-2e-05,-8e-05,0.00012,-0,1e-05,-2e-05,-0.00018,-0.00076,0.00327,0.00595,0.00149,0.00367,-0.00104,-0.00594,-0.0002,0.00041,0.00458,0.00095,-0.00035,-0.00018
49.14,0.00023,-6e-05,0.00024,0.00013,-0,0,0,2e-05,-0,1e-05,0,1e-05,-0,-0.00054,-0,-7e-05,0.00011,-0,1e-05,-2e-05,-0.00023,-0.0008,0.00373,0.00602,0.00186,0.00426,-0.00129,-0.00728,-0.00031,0.00058,0.00596,0.00081,-0.00027,-0.00016
49.16,0.00036,-0.00018,0.00023,0.00014,-1e-05,-0,2e-05,1e-05,-1e-05,-1e-05,1e-05,1e-05,-0,-0.00064,-0,-5e-05,0.00011,-0,1e-05,-1e-05,-0.00057,-0.00064,0.00395,0.00553,0.00209,0.0047,-0.0015,-0.00868,-0.00037,0.00071,0.00673,0.00066,-0.00021,-0.00014
49.18,0.0005,-0.0003,0.00022,0.00014,-3e-05,-0,4e-05,-2e-05,-1e-05,-3e-05,1e-05,1e-05,-0,-0.00072,-2e-05,-3e-05,0.00011,-0,1e-05,-1e-05,-0.00143,-0.00033,0.00369,0.0049,0.00218,0.00499,-0.00171,-0.01002,-0.00034,0.00078,0.00679,0.0005,-0.00016,-0.00011
49.2,0.00065,-0.00041,0.00019,0.00014,-6e-05,-0,6e-05,-6e-05,-2e-05,-5e-05,2e-05,2e-05,-1e-05,-0.0008,-7e-05,-1e-05,0.00011,-0,1e-05,-1e-05,-0.00276,0.00017,0.00352,0.00338,0.00221,0.00516,-0.00174,-0.01134,-0.00016,0.00077,0.00618,0.00033,-0.00011,-9e-05
49.22,0.00077,-0.00047,0.00016,0.00013,-0.0001,-0,7e-05,-0.0001,-2e-05,-7e-05,3e-05,2e-05,-1e-05,-0.00084,-0.00014,0,0.00011,-0,1e-05,-1e-05,-0.00293,0.0009,0.00496,0.00032,0.0023,0.00515,-0.00136,-0.01272,0.00019,0.00069,0.00498,0.00015,-7e-05,-6e-05
49.24,0.00085,-0.00045,0.00012,0.00011,-0.00014,-0,9e-05,-0.00014,-2e-05,-8e-05,5e-05,3e-05,-2e-05,-0.00087,-0.00021,1e-05,0.00012,-0,2e-05,-1e-05,-0.0013,0.00143,0.00649,-0.00221,0.00221,0.00465,-0.00091,-0.01403,0.00074,0.00049,0.00322,-5e-05,-4e-05,-3e-05
49.26,0.00086,-0.00034,7e-05,9e-05,-0.00017,-0,9e-05,-0.00018,-2e-05,-0.0001,8e-05,4e-05,-3e-05,-0.00089,-0.00029,2e-05,0.00013,-0,2e-05,-1e-05,0.00034,0.00156,0.00661,-0.00295,0.00187,0.00378,-0.00058,-0.01513,0.00153,0.00016,0.00091,-0.00024,0,1e-05
49.28,0.00082,-0.00014,-1e-05,6e-05,-0.0002,-0,9e-05,-0.00021,-1e-05,-0.00011,0.0001,4e-05,-4e-05,-0.0009,-0.00037,2e-05,0.00014,-0,2e-05,-1e-05,0.00149,0.00133,0.00554,-0.00238,0.00143,0.00278,-0.0003,-0.01606,0.00263,-0.00031,-0.0019,-0.00043,3e-05,5e-05
49.3,0.0007,0.00012,-0.00011,3e-05,-0.00021,-0,9e-05,-0.00022,0,-0.00013,0.00012,5e-05,-4e-05,-0.0009,-0.00044,1e-05,0.00015,0,2e-05,-1e-05,0.00082,0.00099,0.00362,-0.0009,0.001,0.00196,-0.00011,-0.01687,0.00377,-0.00083,-0.00514,-0.0006,6e-05,8e-05
49.32,0.00053,0.00038,-0.00022,-1e-05,-0.00021,-0,8e-05,-0.00022,2e-05,-0.00015,0.00015,5e-05,-4e-05,-0.00088,-0.00048,-0,0.00016,0,2e-05,-1e-05,-0.00085,0.00079,0.00205,0.0002,0.00064,0.00139,-3e-05,-0.01763,0.00433,-0.00124,-0.00873,-0.00072,8e-05,0.00012
49.34,0.00034,0.00061,-0.00034,-4e-05,-0.00019,-0,8e-05,-0.0002,4e-05,-0.00017,0.00017,5e-05,-3e-05,-0.00086,-0.0005,-2e-05,0.00017,0,2e-05,-1e-05,-0.00191,0.00062,0.001,0.00041,0.00041,0.00095,-2e-05,-0.01835,0.00424,-0.0014,-0.01255,-0.00078,9e-05,0.00014
49.36,0.00016,0.00078,-0.00046,-9e-05,-0.00016,-0,8e-05,-0.00017,5e-05,-0.0002,0.00017,5e-05,-2e-05,-0.00082,-0.00049,-3e-05,0.00018,0,2e-05,-1e-05,-0.00221,0.00039,0.00033,0.00016,0.00031,0.00063,-3e-05,-0.01894,0.00374,-0.00133,-0.01647,-0.00077,9e-05,0.00015
49.38,-1e-05,0.00089,-0.00056,-0.00013,-0.00013,-0,8e-05,-0.00013,7e-05,-0.00022,0.00015,4e-05,-1e-05,-0.00077,-0.00046,-4e-05,0.00019,0,1e-05,-0,-0.00196,0.00014,0,-0.00025,0.00025,0.00036,-5e-05,-0.01916,0.00287,-0.00105,-0.0204,-0.00069,9e-05,0.00015
49.4,-0.00013,0.00094,-0.00065,-0.00018,-8e-05,-0,8e-05,-8e-05,8e-05,-0.00024,0.00012,3e-05,-1e-05,-0.00071,-0.0004,-5e-05,0.00019,0,1e-05,0,-0.0012,-6e-05,-0.00011,-0.00069,0.00017,0.00011,-3e-05,-0.01891,0.00152,-0.00065,-0.02435,-0.00052,9e-05,0.00012
49.42,-0.00023,0.00096,-0.0007,-0.00023,-3e-05,-0,7e-05,-4e-05,8e-05,-0.00025,8e-05,2e-05,-0,-0.00066,-0.00031,-6e-05,0.0002,0,0,1e-05,0.00021,-0.0001,-8e-05,-0.0011,-4e-05,-0.00014,9e-05,-0.01808,-0.00036,-0.00027,-0.02837,-0.00029,7e-05,8e-05
49.44,-0.0003,0.00094,-0.00071,-0.00028,1e-05,-0,7e-05,-1e-05,8e-05,-0.00025,4e-05,1e-05,0,-0.0006,-0.00022,-6e-05,0.0002,0,0,1e-05,0.00234,0.00017,0.0001,-0.0014,-0.00043,-0.00036,0.00037,-0.01611,-0.00214,-3e-05,-0.03217,-0,3e-05,3e-05
49.46,-0.00036,0.00089,-0.00068,-0.00032,5e-05,-0,6e-05,0,7e-05,-0.00023,1e-05,-0,1e-05,-0.00054,-0.00013,-5e-05,0.00019,0,-0,2e-05,0.00513,0.0009,0.00038,-0.00164,-0.00104,-0.00052,0.00084,-0.01278,-0.00329,1e-05,-0.03526,0.00031,-2e-05,-2e-05
49.48,-0.00039,0.00078,-0.00061,-0.00037,7e-05,-0,4e-05,-0,5e-05,-0.00021,-0,-1e-05,2e-05,-0.00048,-5e-05,-4e-05,0.00018,0,-0,3e-05,0.00856,0.00216,0.00066,-0.00186,-0.00189,-0.00053,0.00154,-0.00848,-0.00377,-0.00012,-0.03723,0.00063,-8e-05,-8e-05
49.5,-0.0004,0.00057,-0.00052,-0.0004,7e-05,-0,3e-05,-4e-05,3e-05,-0.00017,-1e-05,-1e-05,3e-05,-0.00041,-1e-05,-3e-05,0.00017,0,-1e-05,4e-05,0.01227,0.00389,0.00095,-0.00194,-0.00292,-0.00031,0.00244,-0.00366,-0.00337,-0.0003,-0.03773,0.00089,-0.00015,-0.00012
49.52,-0.00038,0.00022,-0.0004,-0.00044,4e-05,-0,0,-0.0001,2e-05,-0.00014,-2e-05,-1e-05,5e-05,-0.00032,1e-05,-1e-05,0.00016,0,-1e-05,5e-05,0.01516,0.00574,0.00171,-0.0011,-0.00402,0.0002,0.00346,0.00096,-0.00227,-0.0004,-0.03663,0.00104,-0.0002,-0.00014
49.54,-0.00032,-0.00024,-0.00029,-0.00047,-3e-05,-0,-2e-05,-0.00017,0,-0.0001,-2e-05,-1e-05,7e-05,-0.00022,-1e-05,-0,0.00016,0,-1e-05,6e-05,0.01663,0.00732,0.00289,0.00092,-0.00508,0.00103,0.00449,0.00467,-0.00097,-0.00034,-0.03359,0.00107,-0.00023,-0.00015
49.56,-0.00022,-0.00078,-0.00017,-0.0005,-0.00012,0,-4e-05,-0.00026,-1e-05,-6e-05,-2e-05,-1e-05,8e-05,-0.0001,-5e-05,0,0.00016,0,-1e-05,6e-05,0.01674,0.00829,0.00403,0.00406,-0.00598,0.00208,0.00531,0.00706,0.00023,-0.00011,-0.02867,0.00098,-0.00022,-0.00014
49.58,-7e-05,-0.00134,-7e-05,-0.00053,-0.00022,0,-6e-05,-0.00036,-2e-05,-2e-05,-2e-05,-1e-05,8e-05,2e-05,-0.00011,0,0.00017,-0,-1e-05,6e-05,0.01452,0.00841,0.00595,0.01042,-0.00642,0.00327,0.00569,0.00792,0.00115,0.00022,-0.02251,0.00079,-0.0002,-0.00011
49.6,0.00011,-0.00191,1e-05,-0.00055,-0.00034,0,-8e-05,-0.00046,-2e-05,0,-2e-05,-1e-05,7e-05,0.00013,-0.00018,-1e-05,0.00018,-0,-1e-05,5e-05,0.01078,0.00744,0.0059,0.01579,-0.00637,0.00338,0.00482,0.00713,0.00156,0.00055,-0.01565,0.00058,-0.00015,-8e-05
49.62,0.00028,-0.00249,6e-05,-0.00057,-0.00043,0,-0.0001,-0.00055,-2e-05,1e-05,-1e-05,-0,4e-05,0.00023,-0.00024,-3e-05,0.00019,-0,-1e-05,4e-05,0.00858,0.00542,0.00051,0.00787,-0.00585,0.00145,0.00214,0.00496,0.00136,0.00075,-0.00908,0.00038,-0.0001,-5e-05
49.64,0.00041,-0.00301,9e-05,-0.00059,-0.00051,0,-0.00012,-0.00061,-1e-05,1e-05,-1e-05,-0,2e-05,0.00031,-0.0003,-5e-05,0.00019,-0,-1e-05,3e-05,0.0072,0.00304,-0.0041,-0.00903,-0.00395,-0.0002,-0.00109,0.00224,0.00084,0.00079,-0.00395,0.00021,-6e-05,-2e-05
49.66,0.00049,-0.00344,9e-05,-0.00059,-0.00059,0,-0.00014,-0.00064,-1e-05,0,-1e-05,-0,-0,0.00036,-0.00034,-7e-05,0.00019,-0,-1e-05,2e-05,0.00399,0.00036,-0.00366,-0.02569,-3e-05,0.00019,-0.00393,-0.00031,0.00028,0.0007,-0.00072,9e-05,-3e-05,-1e-05
49.68,0.00052,-0.00377,7e-05,-0.00059,-0.00065,0,-0.00017,-0.00063,0,0,-1e-05,-0,-2e-05,0.00038,-0.00036,-9e-05,0.00018,-0,-1e-05,2e-05,-0.00024,-0.00261,0.00221,-0.04638,0.00586,0.00549,-0.00478,-0.00223,-0.0002,0.00052,0.00065,3e-05,-1e-05,-0
49.7,0.00047,-0.00399,2e-05,-0.00058,-0.0007,0,-0.00019,-0.00059,1e-05,-0,-1e-05,-0,-4e-05,0.00038,-0.00036,-0.00011,0.00016,-0,-0,1e-05,-0.00657,-0.00567,0.013,-0.05636,0.01273,0.01057,-0.00566,-0.00315,-0.00052,0.00031,0.00058,-0,0,-0
49.72,0.00034,-0.00406,-5e-05,-0.00056,-0.00074,0,-0.00022,-0.00052,1e-05,-1e-05,-1e-05,-0,-5e-05,0.00036,-0.00034,-0.00012,0.00012,0,-0,0,-0.01143,-0.00811,0.02294,-0.04165,0.01814,-0.00238,-0.01353,-0.00317,-0.00065,0.00013,-9e-05,-1e-05,1e-05,-0
49.74,0.00015,-0.00401,-0.00011,-0.00054,-0.00077,0,-0.00025,-0.00043,1e-05,-1e-05,-1e-05,0,-5e-05,0.00033,-0.0003,-0.00013,7e-05,0,0,-0,-0.01355,-0.00968,0.0281,-0.0213,0.02052,-0.02586,-0.02471,-0.00253,-0.00073,-4e-05,-0.00049,-4e-05,1e-05,0
49.76,-4e-05,-0.00384,-0.00017,-0.00052,-0.00079,0,-0.00028,-0.00031,0,-1e-05,-1e-05,0,-5e-05,0.00029,-0.00024,-0.00013,2e-05,1e-05,1e-05,-1e-05,-0.01322,-0.01034,0.02957,-0.00826,0.02068,-0.04106,-0.03091,-0.00146,-0.00096,-0.00026,0.00024,-0.00011,3e-05,1e-05
49.78,-0.00023,-0.00355,-0.0002,-0.00049,-0.00081,0,-0.00031,-0.00018,-0,-1e-05,-1e-05,0,-5e-05,0.00026,-0.00017,-0.00013,-4e-05,3e-05,1e-05,-1e-05,-0.01079,-0.01009,0.02683,0.00097,0.01889,-0.04645,-0.03152,-0.00049,-0.00148,-0.00055,0.00275,-0.00024,6e-05,3e-05
49.8,-0.00037,-0.00312,-0.00021,-0.00047,-0.00079,0,-0.00033,-5e-05,-1e-05,-1e-05,-0,0,-5e-05,0.00023,-0.0001,-0.00012,-9e-05,6e-05,2e-05,-2e-05,-0.00827,-0.00921,0.01995,0.0042,0.01617,-0.03735,-0.02493,2e-05,-0.00239,-0.00093,0.00741,-0.00043,0.0001,5e-05
49.82,-0.00044,-0.00258,-0.00018,-0.00045,-0.00074,0,-0.00036,6e-05,-2e-05,-1e-05,-0,1e-05,-4e-05,0.00021,-3e-05,-0.00011,-0.00013,0.0001,3e-05,-2e-05,-0.00711,-0.00826,0.01039,0.00275,0.01255,-0.02071,-0.01412,-0.0001,-0.00368,-0.0013,0.01411,-0.00066,0.00015,8e-05
49.84,-0.00045,-0.00198,-0.00012,-0.00044,-0.00068,0,-0.0004,0.00016,-2e-05,-0,-0,1e-05,-4e-05,0.00021,4e-05,-0.0001,-0.00016,0.00017,4e-05,-3e-05,-0.00557,-0.00747,0.00127,0.00013,0.00825,-0.00584,-0.00325,-0.00094,-0.00529,-0.00151,0.02234,-0.00087,0.0002,0.0001
49.86,-0.00044,-0.00138,-2e-05,-0.00042,-0.00061,0,-0.00043,0.00025,-2e-05,0,-0,1e-05,-4e-05,0.00023,9e-05,-8e-05,-0.00018,0.00026,5e-05,-4e-05,-0.00303,-0.00678,-0.00569,-0.00288,0.004,0.00381,0.00544,-0.00237,-0.00708,-0.00144,0.03127,-0.00098,0.00024,0.0001
49.88,-0.00041,-0.00084,0.0001,-0.00041,-0.00054,0,-0.00047,0.00031,-2e-05,1e-05,-0,1e-05,-3e-05,0.00026,0.00013,-7e-05,-0.00018,0.00035,6e-05,-5e-05,0.00025,-0.00611,-0.01013,-0.00625,0.00038,0.00714,0.01082,-0.00398,-0.00889,-0.00096,0.03974,-0.00092,0.00024,9e-05
49.9,-0.00039,-0.0004,0.00024,-0.00042,-0.00046,0,-0.0005,0.00034,-1e-05,1e-05,-0,2e-05,-3e-05,0.00031,0.00016,-6e-05,-0.00017,0.00047,7e-05,-6e-05,0.00411,-0.00558,-0.01165,-0.00886,-0.00212,0.00571,0.01223,-0.00592,-0.01024,-1e-05,0.04735,-0.00067,0.00021,7e-05
49.92,-0.00036,-0.00012,0.0004,-0.00043,-0.00038,0,-0.00052,0.00036,-0,2e-05,-0,2e-05,-3e-05,0.00036,0.00017,-4e-05,-0.00016,0.00062,9e-05,-6e-05,0.00913,-0.00546,-0.01014,-0.00856,-0.00308,0.00366,0.00997,-0.00954,-0.01065,0.0012,0.05442,-0.00026,0.00016,5e-05
49.94,-0.00033,-1e-05,0.00056,-0.00046,-0.0003,0,-0.00052,0.00034,1e-05,2e-05,-0,3e-05,-3e-05,0.0004,0.00016,-3e-05,-0.00014,0.00074,9e-05,-6e-05,0.0159,-0.00523,-0.00706,-0.00693,-0.00281,9e-05,0.00627,-0.01463,-0.01037,0.00237,0.06024,0.0002,9e-05,2e-05
49.96,-0.00027,-4e-05,0.00072,-0.00052,-0.00023,0,-0.00051,0.00031,2e-05,2e-05,-0,3e-05,-2e-05,0.00044,0.00013,-2e-05,-0.00012,0.00078,9e-05,-6e-05,0.0238,-0.00433,-0.00389,-0.00724,-0.00187,-0.00231,0.00355,-0.01995,-0.00959,0.00332,0.06416,0.00062,-1e-05,-0
49.98,-0.00013,-0.00014,0.00087,-0.00059,-0.00017,0,-0.00049,0.00027,3e-05,1e-05,-0,4e-05,-2e-05,0.00046,0.00011,-1e-05,-0.0001,0.00076,8e-05,-5e-05,0.03226,-0.0027,-0.00114,-0.00992,-0.00073,-0.00205,0.00254,-0.0258,-0.00818,0.00386,0.06657,0.00091,-0.00013,-2e-05
50,0.00014,-0.00023,0.001,-0.00068,-0.00012,0,-0.00045,0.00022,4e-05,1e-05,-0,4e-05,-2e-05,0.00046,8e-05,-0,-9e-05,0.00066,7e-05,-4e-05,0.0367,0.00052,0.00057,-0.0166,0.00011,-0.00014,0.00218,-0.03163,-0.0062,0.00396,0.06776,0.00099,-0.00027,-3e-05
50.02,0.00051,-0.00025,0.0011,-0.00078,-8e-05,0,-0.00039,0.00016,5e-05,1e-05,-0,5e-05,-1e-05,0.00045,5e-05,0,-8e-05,0.0005,5e-05,-3e-05,0.03125,0.00553,2e-05,-0.01469,0.00032,0.00014,0.00101,-0.03634,-0.00366,0.00371,0.068,0.00078,-0.00044,-1e-05
50.04,0.00098,-0.00015,0.00115,-0.00089,-5e-05,0,-0.00031,0.00011,5e-05,0,-1e-05,6e-05,0,0.00042,3e-05,0,-8e-05,0.00035,3e-05,-2e-05,0.0247,0.00951,0.00118,-0.00107,0.00017,-8e-05,0.0002,-0.04047,-0.00046,0.00309,0.06783,0.00021,-0.00062,3e-05
50.06,0.00148,9e-05,0.00115,-0.001,-3e-05,0,-0.00024,7e-05,6e-05,1e-05,-1e-05,6e-05,2e-05,0.00037,1e-05,1e-05,-0.0001,0.00023,2e-05,-1e-05,0.02074,0.01153,0.00471,0.01199,8e-05,-4e-05,0,-0.04444,0.00332,0.00219,0.06759,-0.00078,-0.00083,0.0001
50.08,0.00194,0.00044,0.00109,-0.00111,-2e-05,0,-0.00015,5e-05,7e-05,1e-05,-1e-05,6e-05,3e-05,0.00031,0,1e-05,-0.00012,0.00015,0,-0,0.02039,0.01098,0.00856,0.02439,3e-05,3e-05,3e-05,-0.04776,0.00752,0.00117,0.06731,-0.00224,-0.00105,0.00021
50.1,0.00232,0.00085,0.00099,-0.0012,-1e-05,0,-8e-05,4e-05,7e-05,0,-1e-05,6e-05,5e-05,0.00023,-0,1e-05,-0.00015,9e-05,-1e-05,0,0.02028,0.00869,0.00984,0.03109,-0,0.0001,0.00011,-0.05127,0.01168,0.00016,0.06738,-0.00421,-0.00129,0.00033
50.12,0.00263,0.00127,0.00085,-0.00127,-1e-05,0,-3e-05,4e-05,7e-05,0,-1e-05,6e-05,7e-05,0.00015,-0,1e-05,-0.00017,5e-05,-1e-05,1e-05,0.01807,0.00632,0.0086,0.02923,-2e-05,8e-05,0.00012,-0.05628,0.01507,-0.0006,0.06832,-0.00664,-0.00154,0.00045
50.14,0.0028,0.00161,0.00068,-0.00132,-1e-05,0,1e-05,6e-05,6e-05,-0,-1e-05,5e-05,9e-05,9e-05,-0,1e-05,-0.00017,3e-05,-1e-05,3e-05,0.01525,0.00436,0.00647,0.02355,-3e-05,2e-05,7e-05,-0.06166,0.0174,-0.00086,0.0695,-0.00948,-0.00176,0.00055
50.16,0.0028,0.00183,0.00049,-0.00132,-0,-0,3e-05,7e-05,5e-05,-0,-0,4e-05,0.0001,5e-05,-0,1e-05,-0.00015,1e-05,-1e-05,4e-05,0.01249,0.0029,0.00437,0.0167,-3e-05,-2e-05,3e-05,-0.06632,0.01867,-0.00054,0.07015,-0.01264,-0.00188,0.00061
50.18,0.00264,0.0019,0.00031,-0.00128,-0,-0,2e-05,8e-05,3e-05,-1e-05,-0,3e-05,0.0001,2e-05,-0,1e-05,-0.00012,0,-1e-05,4e-05,0.01006,0.00191,0.00277,0.00985,-4e-05,-4e-05,0,-0.07067,0.0188,0.00021,0.07037,-0.01565,-0.00177,0.00058
50.2,0.00239,0.0018,0.00015,-0.00121,-0,-0,-0,7e-05,2e-05,-1e-05,-0,2e-05,8e-05,1e-05,-0,1e-05,-8e-05,-0,-0,5e-05,0.00839,0.00129,0.00176,0.00419,-4e-05,-4e-05,-1e-05,-0.07369,0.01782,0.00187,0.0688,-0.01883,-0.00145,0.00039
50.22,0.00208,0.00157,1e-05,-0.0011,0,-0,-3e-05,5e-05,1e-05,-1e-05,-0,1e-05,5e-05,1e-05,-0,1e-05,-4e-05,-0,-0,4e-05,0.00761,0.00089,0.00118,0.00074,-5e-05,-3e-05,-1e-05,-0.0742,0.01572,0.00562,0.06363,-0.02322,-0.00083,0
50.24,0.00167,0.00126,-0.0001,-0.00098,1e-05,-0,-7e-05,3e-05,1e-05,-1e-05,-0,0,2e-05,2e-05,-0,0,-1e-05,0,-0,4e-05,0.00724,0.00059,0.0008,-0.00055,-6e-05,-2e-05,-1e-05,-0.07358,0.01277,0.01032,0.05631,-0.02734,0.00058,-0.00045
50.26,0.00115,0.00089,-0.00017,-0.00085,2e-05,-0,-0.00011,1e-05,0,-1e-05,-0,-0,0,3e-05,-0,0,1e-05,1e-05,-1e-05,4e-05,0.00688,0.00032,0.00052,-0.00037,-7e-05,-1e-05,-1e-05,-0.07234,0.00949,0.01439,0.04802,-0.02972,0.00297,-0.00088
50.28,0.00053,0.00052,-0.00021,-0.00073,3e-05,-0,-0.00015,-0,0,-1e-05,-0,-0,-1e-05,3e-05,-0,0,3e-05,2e-05,-0,3e-05,0.00631,5e-05,0.00029,0.00058,-7e-05,-0,-0,-0.07029,0.0061,0.01757,0.03798,-0.0307,0.00654,-0.00104
50.3,-0.00016,0.00014,-0.00022,-0.00061,5e-05,0,-0.00018,-2e-05,0,-0,-0,-1e-05,-2e-05,3e-05,0,0,3e-05,3e-05,-0,3e-05,0.00509,-0.00021,9e-05,0.0016,-8e-05,-0,-0,-0.06791,0.0031,0.01872,0.02965,-0.02944,0.01026,-0.00112
50.32,-0.00091,-0.0002,-0.00021,-0.0005,7e-05,0,-0.0002,-3e-05,0,0,-0,-1e-05,-3e-05,3e-05,-0,0,3e-05,4e-05,-0,3e-05,0.0031,-0.00047,-5e-05,0.00201,-8e-05,-0,0,-0.06476,0.00059,0.01825,0.02506,-0.02588,0.01119,-0.00197
50.34,-0.00171,-0.00049,-0.00019,-0.0004,8e-05,0,-0.00022,-4e-05,0,1e-05,-0,-1e-05,-3e-05,2e-05,-0,0,1e-05,5e-05,-0,2e-05,0.00064,-0.00073,-0.00011,0.00145,-8e-05,-0,0,-0.06059,-0.00171,0.01717,0.02085,-0.02155,0.00958,-0.00324
50.36,-0.00251,-0.00073,-0.00017,-0.00031,0.0001,0,-0.00022,-4e-05,0,1e-05,-0,-0,-3e-05,-0,-0,0,-1e-05,5e-05,-0,2e-05,-0.00219,-0.00097,-7e-05,9e-05,-8e-05,-0,0,-0.05595,-0.00378,0.01558,0.01589,-0.01737,0.00724,-0.0042
50.38,-0.0033,-0.00093,-0.00015,-0.00023,0.00011,0,-0.0002,-4e-05,0,1e-05,-0,-0,-3e-05,-2e-05,-0,0,-3e-05,4e-05,-0,2e-05,-0.00534,-0.00117,0.0001,-0.00178,-8e-05,-0,0,-0.0511,-0.00563,0.01374,0.01125,-0.01345,0.00386,-0.00503
50.4,-0.00404,-0.00109,-0.00012,-0.00016,0.00011,0,-0.00018,-4e-05,0,1e-05,-0,-0,-3e-05,-5e-05,-0,0,-5e-05,3e-05,-0,2e-05,-0.00856,-0.00132,0.00039,-0.00387,-7e-05,-1e-05,-0,-0.04628,-0.00729,0.01151,0.00713,-0.00995,0.00111,-0.00531
50.42,-0.00466,-0.0012,-0.0001,-0.0001,0.00012,-0,-0.00015,-3e-05,0,1e-05,-0,0,-3e-05,-8e-05,-0,0,-7e-05,1e-05,-0,2e-05,-0.01136,-0.00144,0.00075,-0.00572,-7e-05,-1e-05,-0,-0.04177,-0.00879,0.00884,0.00371,-0.007,0.00039,-0.00478
50.44,-0.00516,-0.00128,-7e-05,-5e-05,0.00011,0,-0.00013,-2e-05,0,-0,0,0,-3e-05,-0.0001,-0,1e-05,-9e-05,-2e-05,-0,1e-05,-0.01354,-0.00149,0.00114,-0.00684,-6e-05,-0,0,-0.03767,-0.01019,0.00635,0.0011,-0.00478,0.00027,-0.00402
50.46,-0.00553,-0.00133,-5e-05,-1e-05,0.00011,0,-0.0001,-1e-05,0,-1e-05,0,0,-2e-05,-0.00012,-0,1e-05,-0.0001,-6e-05,-0,1e-05,-0.01508,-0.00149,0.00149,-0.007,-5e-05,-0,0,-0.03401,-0.01153,0.00429,-0.00078,-0.0033,0,-0.00333
50.48,-0.00575,-0.00135,-2e-05,2e-05,0.0001,0,-8e-05,0,0,-2e-05,0,0,-2e-05,-0.00014,-0,1e-05,-0.00011,-9e-05,-0,1e-05,-0.0158,-0.00146,0.00174,-0.00618,-4e-05,-0,0,-0.03082,-0.01282,0.00263,-0.00202,-0.00246,-0.00015,-0.00269
50.5,-0.0058,-0.00135,-1e-05,5e-05,8e-05,0,-5e-05,2e-05,0,-3e-05,0,0,-2e-05,-0.00015,0,1e-05,-0.00011,-0.0001,-0,-0,-0.01568,-0.00141,0.00192,-0.0048,-3e-05,-0,0,-0.02796,-0.01403,0.00134,-0.00274,-0.00214,-0.00018,-0.0021
50.52,-0.00563,-0.00132,0,7e-05,7e-05,0,-3e-05,3e-05,0,-4e-05,0,0,-2e-05,-0.00016,0,1e-05,-0.00011,-7e-05,-0,-1e-05,-0.01479,-0.00137,0.00213,-0.00337,-2e-05,-0,0,-0.02538,-0.01508,0.0004,-0.00304,-0.00221,-0.00016,-0.00158
50.54,-0.00529,-0.00125,1e-05,8e-05,5e-05,0,-2e-05,4e-05,0,-4e-05,0,0,-2e-05,-0.00016,1e-05,1e-05,-0.00011,2e-05,0,-2e-05,-0.01328,-0.00137,0.00232,-0.00199,-1e-05,-0,0,-0.02316,-0.01593,-0.00023,-0.00305,-0.00252,-0.00011,-0.00115
50.56,-0.00481,-0.00117,-0,8e-05,3e-05,0,-0,5e-05,0,-4e-05,0,0,-1e-05,-0.00015,1e-05,1e-05,-0.00011,0.00019,1e-05,-2e-05,-0.01141,-0.00139,0.00243,-0.00068,0,-0,-0,-0.02128,-0.0165,-0.0006,-0.00287,-0.00295,-8e-05,-0.00083
50.58,-0.00423,-0.00106,-2e-05,8e-05,1e-05,0,1e-05,6e-05,0,-5e-05,0,-0,-1e-05,-0.00014,1e-05,1e-05,-0.00011,0.0004,2e-05,-3e-05,-0.00937,-0.00143,0.00246,0.00049,1e-05,0,-0,-0.01966,-0.01669,-0.00075,-0.00258,-0.0034,-5e-05,-0.0006
50.6,-0.00357,-0.00093,-5e-05,8e-05,-1e-05,0,2e-05,6e-05,0,-4e-05,0,-0,-1e-05,-0.00012,1e-05,0,-0.0001,0.00069,3e-05,-3e-05,-0.00749,-0.00146,0.0024,0.00109,2e-05,0,0,-0.01809,-0.01637,-0.00075,-0.00224,-0.00379,-3e-05,-0.00046
50.62,-0.00291,-0.00077,-8e-05,7e-05,-3e-05,0,2e-05,6e-05,0,-4e-05,0,-1e-05,-1e-05,-0.0001,1e-05,0,-9e-05,0.0012,3e-05,-4e-05,-0.00598,-0.00143,0.00229,0.00102,2e-05,0,0,-0.01637,-0.01549,-0.00067,-0.00187,-0.00404,-3e-05,-0.00039
50.64,-0.0023,-0.00061,-0.00011,6e-05,-4e-05,0,3e-05,5e-05,-0,-3e-05,0,-1e-05,-1e-05,-8e-05,1e-05,-0,-9e-05,0.00166,4e-05,-3e-05,-0.00485,-0.00135,0.00216,0.0008,3e-05,0,0,-0.0146,-0.01391,-0.00053,-0.0015,-0.00411,-4e-05,-0.00039
50.66,-0.00179,-0.00045,-0.00014,5e-05,-4e-05,0,3e-05,4e-05,-0,-2e-05,0,-1e-05,-1e-05,-5e-05,1e-05,-0,-9e-05,0.00189,4e-05,-3e-05,-0.00412,-0.00124,0.00199,0.00064,4e-05,0,0,-0.01283,-0.01164,-0.00038,-0.00117,-0.00397,-6e-05,-0.00045
50.68,-0.00137,-0.0003,-0.00015,4e-05,-5e-05,0,3e-05,4e-05,-0,-1e-05,0,-1e-05,-1e-05,-3e-05,1e-05,-0,-8e-05,0.00197,4e-05,-2e-05,-0.00382,-0.0011,0.00178,0.00048,4e-05,0,0,-0.01104,-0.00887,-0.00025,-0.00087,-0.00363,-8e-05,-0.00054
50.7,-0.00099,-0.00017,-0.00016,4e-05,-5e-05,0,3e-05,3e-05,-0,-0,0,-1e-05,-0,-1e-05,1e-05,-0,-8e-05,0.00183,3e-05,-2e-05,-0.00384,-0.00094,0.00156,0.00032,5e-05,0,0,-0.00929,-0.00584,-0.00015,-0.00061,-0.00315,-0.00012,-0.00066
50.72,-0.00061,-6e-05,-0.00015,3e-05,-4e-05,0,3e-05,2e-05,-1e-05,-0,0,-1e-05,-0,1e-05,1e-05,-0,-8e-05,0.00143,3e-05,-2e-05,-0.004,-0.00079,0.00133,0.00016,6e-05,0,0,-0.00769,-0.00292,-8e-05,-0.00039,-0.00256,-0.00018,-0.00077
50.74,-0.00021,2e-05,-0.00014,4e-05,-4e-05,0,3e-05,1e-05,-1e-05,-0,0,-1e-05,-0,3e-05,1e-05,-0,-8e-05,0.00103,2e-05,-1e-05,-0.00421,-0.00064,0.00104,3e-05,6e-05,1e-05,0,-0.0063,-0.00047,-3e-05,-0.00021,-0.00194,-0.00025,-0.00087
50.76,0.00025,8e-05,-0.00012,5e-05,-3e-05,0,3e-05,-0,-1e-05,0,0,-1e-05,-0,4e-05,1e-05,-0,-8e-05,0.00075,2e-05,-1e-05,-0.00439,-0.00051,0.00068,-6e-05,6e-05,1e-05,0,-0.00518,0.00134,-0,-7e-05,-0.00133,-0.00032,-0.00093
50.78,0.00077,0.00011,-0.00011,8e-05,-2e-05,0,3e-05,-1e-05,-1e-05,0,0,-1e-05,-0,4e-05,1e-05,-0,-8e-05,0.00053,1e-05,-1e-05,-0.00444,-0.00041,0.00026,-0.00011,6e-05,1e-05,0,-0.00431,0.00247,1e-05,4e-05,-0.00074,-0.00037,-0.00094
50.8,0.00134,0.00012,-0.0001,0.0001,-1e-05,0,3e-05,-1e-05,-0,0,0,-1e-05,-0,4e-05,1e-05,-0,-9e-05,0.00039,1e-05,-1e-05,-0.00431,-0.00038,-0.00019,-0.00012,7e-05,1e-05,1e-05,-0.00365,0.003,2e-05,0.00012,-0.00022,-0.00039,-0.0009
50.82,0.00193,0.00012,-0.0001,0.00014,0,0,3e-05,-2e-05,-0,0,0,-1e-05,-0,4e-05,1e-05,-0,-0.00011,0.0003,1e-05,-1e-05,-0.00394,-0.00044,-0.00062,-8e-05,7e-05,2e-05,1e-05,-0.00313,0.00308,2e-05,0.00018,0.00025,-0.00037,-0.00081
50.84,0.0025,0.00011,-0.00011,0.00017,1e-05,0,3e-05,-2e-05,-0,1e-05,0,-1e-05,0,3e-05,1e-05,-0,-0.00012,0.00024,1e-05,-1e-05,-0.00332,-0.0006,-0.00099,1e-05,7e-05,2e-05,1e-05,-0.00267,0.00285,2e-05,0.00021,0.00064,-0.00033,-0.00069
50.86,0.00302,9e-05,-0.00013,0.00021,1e-05,0,3e-05,-2e-05,-0,1e-05,0,-1e-05,0,2e-05,1e-05,-0,-0.00014,0.00019,1e-05,-1e-05,-0.00248,-0.00087,-0.00129,0.00014,7e-05,2e-05,1e-05,-0.00215,0.00246,3e-05,0.00023,0.00095,-0.00027,-0.00054
50.88,0.00344,8e-05,-0.00014,0.00025,2e-05,0,2e-05,-2e-05,-0,2e-05,0,-1e-05,0,1e-05,0,-0,-0.00017,0.00015,0,-1e-05,-0.00146,-0.00124,-0.00152,0.00014,8e-05,3e-05,1e-05,-0.00146,0.002,4e-05,0.00024,0.0012,-0.00019,-0.00036
50.9,0.00371,5e-05,-0.00016,0.00028,2e-05,0,2e-05,-2e-05,-0,2e-05,0,-1e-05,0,-1e-05,-0,-0,-0.00019,0.00011,0,-1e-05,-0.00032,-0.00166,-0.00171,0.00022,8e-05,3e-05,1e-05,-0.00044,0.00156,5e-05,0.00024,0.00137,-9e-05,-0.00016
50.92,0.00378,2e-05,-0.00018,0.00031,2e-05,0,2e-05,-2e-05,-0,2e-05,-0,-1e-05,0,-2e-05,-1e-05,-0,-0.00021,7e-05,0,-1e-05,0.00087,-0.00208,-0.00189,0.00085,9e-05,4e-05,1e-05,0.00101,0.00117,6e-05,0.00023,0.00148,2e-05,6e-05
50.94,0.00362,-2e-05,-0.00019,0.00033,2e-05,0,2e-05,-2e-05,-0,2e-05,-0,-1e-05,0,-3e-05,-1e-05,-0,-0.00022,4e-05,0,-1e-05,0.00206,-0.0025,-0.00206,0.00168,9e-05,5e-05,2e-05,0.00295,0.00088,7e-05,0.00022,0.00152,0.00014,0.0003
50.96,0.00324,-7e-05,-0.00021,0.00034,2e-05,0,2e-05,-2e-05,-0,2e-05,-0,-1e-05,1e-05,-4e-05,-2e-05,-0,-0.00023,2e-05,0,-1e-05,0.00317,-0.00292,-0.0022,0.00217,9e-05,6e-05,2e-05,0.00539,0.00066,7e-05,0.00021,0.0015,0.00026,0.00054
50.98,0.00269,-0.00012,-0.00021,0.00035,1e-05,0,2e-05,-2e-05,-0,2e-05,-0,-0,1e-05,-4e-05,-2e-05,-0,-0.00024,1e-05,0,-1e-05,0.00411,-0.00329,-0.0023,0.00228,0.0001,6e-05,3e-05,0.00819,0.00051,7e-05,0.00019,0.00143,0.00039,0.00078
51,0.00204,-0.00018,-0.00021,0.00035,2e-05,0,2e-05,-3e-05,-0,1e-05,-0,-0,1e-05,-4e-05,-3e-05,-0,-0.00023,-0,0,-1e-05,0.00481,-0.00352,-0.00238,0.00219,0.0001,6e-05,3e-05,0.01116,0.00038,7e-05,0.00017,0.00134,0.00049,0.00099
51.02,0.00138,-0.00024,-0.00021,0.00034,2e-05,0,2e-05,-3e-05,-0,1e-05,-0,-0,1e-05,-5e-05,-3e-05,-0,-0.00023,-1e-05,-0,-2e-05,0.00516,-0.00349,-0.00246,0.00218,0.00011,5e-05,2e-05,0.01398,0.00022,6e-05,0.00015,0.00122,0.00053,0.00115
51.04,0.00079,-0.00032,-0.00021,0.00033,2e-05,0,2e-05,-3e-05,-0,0,-0,-0,1e-05,-5e-05,-2e-05,-0,-0.00022,-1e-05,-0,-2e-05,0.00513,-0.00314,-0.0025,0.00205,0.00011,3e-05,1e-05,0.01643,2e-05,5e-05,0.00013,0.00109,0.00052,0.00124
51.06,0.00031,-0.00039,-0.0002,0.00032,2e-05,0,3e-05,-3e-05,-0,0,-0,-0,1e-05,-5e-05,-2e-05,-0,-0.00021,-1e-05,-0,-2e-05,0.00473,-0.00248,-0.00247,0.00164,0.00011,2e-05,1e-05,0.01839,-0.00022,4e-05,0.0001,0.00098,0.00048,0.00125
51.08,-3e-05,-0.00047,-0.00019,0.0003,2e-05,0,3e-05,-4e-05,-0,0,-0,-0,0,-6e-05,-2e-05,0,-0.00019,-1e-05,0,-2e-05,0.00403,-0.0016,-0.00239,0.00132,0.0001,0,0,0.01979,-0.00043,3e-05,8e-05,0.00088,0.00041,0.0012
51.1,-0.00022,-0.00053,-0.00018,0.00028,2e-05,0,3e-05,-4e-05,-0,0,-0,0,0,-7e-05,-1e-05,0,-0.00018,-1e-05,0,-2e-05,0.00315,-0.00066,-0.00227,0.00089,0.0001,-1e-05,-1e-05,0.02059,-0.00052,2e-05,5e-05,0.00082,0.00033,0.00109
51.12,-0.0003,-0.00058,-0.00016,0.00025,2e-05,0,2e-05,-4e-05,-0,0,-0,0,0,-7e-05,-1e-05,0,-0.00016,-1e-05,0,-2e-05,0.00223,0.00021,-0.00209,0.0002,9e-05,-1e-05,-1e-05,0.02081,-0.0004,1e-05,3e-05,0.00081,0.00028,0.00094
51.14,-0.00027,-0.00061,-0.00015,0.00023,2e-05,0,2e-05,-4e-05,-0,0,-0,0,0,-8e-05,0,0,-0.00014,-1e-05,0,-2e-05,0.00141,0.00095,-0.00187,-0.00033,8e-05,-2e-05,-1e-05,0.02047,3e-05,0,1e-05,0.00086,0.00023,0.00076
51.16,-0.00016,-0.00062,-0.00014,0.00019,1e-05,0,2e-05,-5e-05,-0,0,-0,0,0,-8e-05,1e-05,1e-05,-0.00012,-0,0,-2e-05,0.00079,0.00151,-0.00162,-0.00047,7e-05,-2e-05,-1e-05,0.01964,0.00082,-1e-05,0,0.00097,0.00018,0.00055
51.18,-2e-05,-0.0006,-0.00012,0.00016,1e-05,0,2e-05,-5e-05,-0,0,-0,0,0,-9e-05,1e-05,1e-05,-0.0001,-0,0,-1e-05,0.00039,0.00187,-0.00134,-0.00033,6e-05,-2e-05,-1e-05,0.01836,0.00195,-2e-05,-0,0.00112,0.00013,0.00033
51.2,0.00016,-0.00056,-0.00011,0.00012,1e-05,0,2e-05,-5e-05,-0,0,-0,0,0,-9e-05,2e-05,1e-05,-8e-05,-0,0,-1e-05,0.0002,0.00205,-0.00107,-0.00015,4e-05,-2e-05,-1e-05,0.01677,0.00336,-3e-05,-0,0.00131,9e-05,0.00013
51.22,0.00033,-0.00052,-0.0001,9e-05,0,0,2e-05,-5e-05,-0,0,-0,0,0,-9e-05,2e-05,1e-05,-6e-05,-1e-05,0,-1e-05,0.00022,0.00209,-0.00083,-8e-05,3e-05,-2e-05,-1e-05,0.01498,0.00494,-4e-05,0,0.00151,6e-05,-5e-05
51.24,0.00048,-0.00046,-9e-05,5e-05,0,0,1e-05,-4e-05,-0,0,0,-0,-0,-8e-05,2e-05,1e-05,-5e-05,-1e-05,0,-1e-05,0.0004,0.00204,-0.00064,-0,2e-05,-2e-05,-1e-05,0.01302,0.00658,-5e-05,1e-05,0.0017,3e-05,-0.00018
51.26,0.0006,-0.0004,-8e-05,1e-05,-0,0,1e-05,-4e-05,-0,0,0,-0,-0,-7e-05,2e-05,1e-05,-3e-05,-2e-05,0,-0,0.00071,0.00191,-0.00048,0.00011,1e-05,-2e-05,-1e-05,0.01093,0.00818,-7e-05,2e-05,0.00185,0,-0.00026
51.28,0.00069,-0.00034,-6e-05,-2e-05,-0,0,1e-05,-4e-05,-0,0,0,-0,-0,-6e-05,1e-05,1e-05,-2e-05,-3e-05,0,-0,0.00114,0.00173,-0.00036,0.00019,-0,-2e-05,-1e-05,0.00877,0.00964,-8e-05,2e-05,0.00195,-2e-05,-0.0003
51.3,0.00076,-0.00028,-5e-05,-6e-05,-0,0,1e-05,-3e-05,-0,0,0,-0,-0,-5e-05,1e-05,1e-05,-1e-05,-4e-05,0,0,0.00164,0.00151,-0.00027,0.00015,-1e-05,-1e-05,-1e-05,0.00665,0.01084,-9e-05,3e-05,0.00197,-5e-05,-0.00029
51.32,0.00081,-0.00023,-4e-05,-9e-05,-0,0,1e-05,-3e-05,-0,-0,0,-0,-0,-4e-05,1e-05,1e-05,-0,-6e-05,0,0,0.00222,0.00128,-0.0002,-1e-05,-2e-05,-1e-05,-0,0.00462,0.01164,-9e-05,3e-05,0.0019,-7e-05,-0.00025
51.34,0.00084,-0.00019,-3e-05,-0.00011,-0,0,1e-05,-2e-05,-0,-0,0,-0,-0,-2e-05,0,1e-05,0,-7e-05,0,1e-05,0.00285,0.00101,-0.00015,-0.00021,-4e-05,-1e-05,-0,0.00272,0.012,-9e-05,3e-05,0.00174,-0.0001,-0.0002
51.36,0.00086,-0.00015,-2e-05,-0.00014,0,0,1e-05,-1e-05,-0,-0,0,0,-0,-1e-05,-0,1e-05,1e-05,-9e-05,0,1e-05,0.00349,0.00073,-0.0001,-0.00047,-5e-05,-1e-05,-0,0.00096,0.01192,-9e-05,2e-05,0.0015,-0.00011,-0.00013
51.38,0.00087,-0.00013,-1e-05,-0.00016,0,0,1e-05,-1e-05,-0,-0,0,0,-0,1e-05,-1e-05,0,1e-05,-0.0001,0,1e-05,0.00412,0.00044,-6e-05,-0.0008,-6e-05,-1e-05,-0,-0.00068,0.01144,-7e-05,1e-05,0.00121,-0.00011,-5e-05
51.4,0.00088,-0.00011,-0,-0.00018,0,0,1e-05,-0,-0,-1e-05,0,0,0,3e-05,-1e-05,0,1e-05,-0.00011,0,2e-05,0.00473,0.00016,-3e-05,-0.00114,-7e-05,-1e-05,-0,-0.00221,0.01073,-5e-05,1e-05,0.00092,-0.0001,2e-05
51.42,0.00089,-0.0001,1e-05,-0.00019,0,0,1e-05,0,-0,-1e-05,0,1e-05,0,4e-05,-2e-05,-0,1e-05,-0.00011,0,2e-05,0.00534,-8e-05,-1e-05,-0.0014,-8e-05,-1e-05,-0,-0.00364,0.00994,-3e-05,0,0.00069,-8e-05,8e-05
51.44,0.0009,-8e-05,3e-05,-0.00021,0,0,1e-05,0,-0,-1e-05,0,1e-05,0,5e-05,-2e-05,-0,1e-05,-0.0001,0,2e-05,0.00591,-0.00026,-1e-05,-0.00158,-0.0001,-1e-05,-0,-0.00498,0.00918,-1e-05,0,0.00057,-5e-05,0.00011
51.46,0.00091,-7e-05,5e-05,-0.00023,0,0,1e-05,1e-05,-0,-1e-05,0,1e-05,0,6e-05,-2e-05,-0,1e-05,-9e-05,0,2e-05,0.00636,-0.00037,-1e-05,-0.00176,-0.00011,-1e-05,-0,-0.00625,0.00853,2e-05,1e-05,0.00056,-3e-05,0.00013
51.48,0.00092,-6e-05,9e-05,-0.00024,0,0,2e-05,1e-05,-0,-1e-05,0,1e-05,0,7e-05,-2e-05,-1e-05,1e-05,-7e-05,0,2e-05,0.00668,-0.00041,-3e-05,-0.00191,-0.00012,-1e-05,-0,-0.00744,0.00802,4e-05,2e-05,0.00065,-2e-05,0.00013
51.5,0.00092,-5e-05,0.00012,-0.00025,0,0,2e-05,1e-05,-0,-1e-05,0,1e-05,0,8e-05,-2e-05,-1e-05,0,-6e-05,0,2e-05,0.00688,-0.00038,-5e-05,-0.00199,-0.00014,-1e-05,-0,-0.00851,0.00765,5e-05,4e-05,0.00083,-0,0.00012
51.52,0.00091,-4e-05,0.00015,-0.00026,-0,0,2e-05,1e-05,-0,-1e-05,0,1e-05,0,8e-05,-2e-05,-0,0,-4e-05,0,2e-05,0.00697,-0.00031,-8e-05,-0.00195,-0.00015,-2e-05,-1e-05,-0.00947,0.00736,6e-05,7e-05,0.00102,0,0.00011
51.54,0.00089,-3e-05,0.00019,-0.00027,0,0,2e-05,1e-05,-0,-1e-05,0,1e-05,0,8e-05,-2e-05,-0,-0,-3e-05,0,1e-05,0.00691,-0.00021,-0.00011,-0.00184,-0.00016,-2e-05,-1e-05,-0.01023,0.00712,6e-05,0.0001,0.00119,1e-05,0.0001
51.56,0.00083,-2e-05,0.00021,-0.00027,0,0,2e-05,1e-05,-0,-1e-05,0,1e-05,0,8e-05,-2e-05,-0,-0,-2e-05,0,1e-05,0.00669,-0.0001,-0.00013,-0.00172,-0.00017,-2e-05,-1e-05,-0.01075,0.00691,6e-05,0.00012,0.00129,2e-05,0.0001
51.58,0.00074,-1e-05,0.00023,-0.00027,0,0,2e-05,1e-05,-0,-1e-05,0,1e-05,-0,8e-05,-2e-05,0,-0,-1e-05,0,1e-05,0.00632,-1e-05,-0.00012,-0.00162,-0.00018,-2e-05,-0,-0.01105,0.00669,5e-05,0.00014,0.00128,2e-05,0.0001
51.6,0.0006,0,0.00024,-0.00026,0,0,1e-05,1e-05,-0,-0,0,0,-0,7e-05,-2e-05,0,0,-0,1e-05,1e-05,0.00579,4e-05,-6e-05,-0.0015,-0.00019,-2e-05,-0,-0.01113,0.00643,4e-05,0.00015,0.00113,3e-05,0.00011
51.62,0.00042,-0,0.00025,-0.00025,0,0,1e-05,0,-0,-0,0,-0,-0,7e-05,-2e-05,1e-05,1e-05,-1e-05,1e-05,1e-05,0.00512,3e-05,5e-05,-0.00129,-0.00018,-2e-05,-0,-0.01102,0.00614,3e-05,0.00015,0.00081,3e-05,0.00011
51.64,0.00019,-1e-05,0.00024,-0.00024,0,0,0,0,-0,0,0,-1e-05,-1e-05,6e-05,-2e-05,1e-05,1e-05,-2e-05,1e-05,1e-05,0.00432,-6e-05,0.00023,-0.00107,-0.00017,-1e-05,-0,-0.01078,0.00579,3e-05,0.00013,0.00033,3e-05,0.00012
51.66,-8e-05,-3e-05,0.00023,-0.00022,0,0,-1e-05,-0,-0,0,0,-2e-05,-1e-05,6e-05,-2e-05,1e-05,1e-05,-4e-05,2e-05,1e-05,0.00341,-0.00022,0.00046,-0.0009,-0.00016,-1e-05,-0,-0.01046,0.00535,3e-05,9e-05,-0.0003,2e-05,0.00011
51.68,-0.00038,-6e-05,0.0002,-0.0002,0,0,-1e-05,-1e-05,-0,1e-05,0,-2e-05,-1e-05,5e-05,-2e-05,1e-05,1e-05,-6e-05,3e-05,1e-05,0.00243,-0.00044,0.00072,-0.00076,-0.00014,-1e-05,-0,-0.01012,0.0048,3e-05,3e-05,-0.00103,2e-05,9e-05
51.7,-0.00069,-0.0001,0.00017,-0.00019,0,0,-2e-05,-1e-05,0,1e-05,0,-3e-05,-2e-05,4e-05,-2e-05,2e-05,1e-05,-6e-05,4e-05,1e-05,0.00144,-0.00069,0.00097,-0.00062,-0.00011,-1e-05,-0,-0.00986,0.00412,3e-05,-3e-05,-0.00181,1e-05,8e-05
51.72,-0.00098,-0.00013,0.00014,-0.00017,0,0,-3e-05,-1e-05,0,1e-05,0,-3e-05,-1e-05,3e-05,-2e-05,2e-05,1e-05,-5e-05,5e-05,1e-05,0.00049,-0.00092,0.0012,-0.00045,-9e-05,-1e-05,-0,-0.00977,0.0033,2e-05,-0.0001,-0.00255,1e-05,5e-05
51.74,-0.00125,-0.00016,0.00011,-0.00016,0,0,-4e-05,-2e-05,0,2e-05,0,-3e-05,-1e-05,2e-05,-2e-05,2e-05,-0,-0,7e-05,0,-0.00035,-0.00111,0.00139,-0.00024,-7e-05,-1e-05,-0,-0.0099,0.00234,1e-05,-0.00016,-0.00321,0,3e-05
51.76,-0.00146,-0.00019,7e-05,-0.00016,0,0,-5e-05,-2e-05,0,2e-05,0,-2e-05,-0,0,-2e-05,2e-05,-1e-05,9e-05,9e-05,-0,-0.00106,-0.00124,0.00152,3e-05,-4e-05,-0,-0,-0.0103,0.00127,-2e-05,-0.00022,-0.00371,-0,2e-05
51.78,-0.00162,-0.00021,5e-05,-0.00016,0,0,-5e-05,-2e-05,0,2e-05,0,-2e-05,-0,-2e-05,-1e-05,2e-05,-2e-05,0.00019,0.0001,-1e-05,-0.00164,-0.00132,0.00159,0.00044,-3e-05,-0,0,-0.01094,0.00014,-6e-05,-0.00027,-0.00407,-0,2e-05
51.8,-0.00172,-0.00021,3e-05,-0.00017,0,0,-6e-05,-2e-05,-0,1e-05,0,-2e-05,0,-4e-05,-1e-05,1e-05,-3e-05,0.00034,0.0001,-2e-05,-0.0021,-0.00135,0.00163,0.0008,-1e-05,-0,0,-0.01179,-0.00097,-0.00012,-0.00032,-0.00428,-0,3e-05
51.82,-0.00175,-0.00021,1e-05,-0.00017,0,0,-6e-05,-1e-05,-0,1e-05,0,-2e-05,0,-7e-05,-1e-05,1e-05,-3e-05,0.00061,9e-05,-2e-05,-0.00246,-0.00132,0.00168,0.00093,-0,-0,0,-0.01281,-0.00195,-0.00018,-0.00036,-0.00435,0,5e-05
51.84,-0.00172,-0.00019,0,-0.00018,0,0,-6e-05,-1e-05,-0,-0,0,-1e-05,-0,-9e-05,-0,1e-05,-4e-05,0.00085,8e-05,-2e-05,-0.00274,-0.00124,0.00168,0.00102,0,-0,-0,-0.01385,-0.00272,-0.00025,-0.0004,-0.00432,1e-05,0.0001
51.86,-0.00164,-0.00017,0,-0.00018,-0,0,-5e-05,-1e-05,-0,-1e-05,0,-1e-05,-0,-0.0001,-0,0,-4e-05,0.00095,6e-05,-2e-05,-0.00297,-0.00109,0.00157,0.00117,1e-05,-0,-0,-0.01482,-0.0032,-0.00032,-0.00043,-0.00421,3e-05,0.00015
51.88,-0.00153,-0.00014,0,-0.00017,-0,0,-4e-05,-1e-05,-0,-2e-05,0,-1e-05,-0,-0.00011,0,-0,-4e-05,0.00095,5e-05,-2e-05,-0.00315,-0.00089,0.00138,0.0013,1e-05,-0,-0,-0.01561,-0.00337,-0.00038,-0.00045,-0.00403,5e-05,0.00021
51.9,-0.0014,-0.00011,-0,-0.00016,-1e-05,0,-3e-05,-1e-05,-0,-3e-05,0,-0,-0,-0.00011,0,-0,-3e-05,0.00083,3e-05,-2e-05,-0.00329,-0.00065,0.00111,0.00129,1e-05,-0,-0,-0.0161,-0.00323,-0.00041,-0.00046,-0.00378,6e-05,0.00026
51.92,-0.0013,-8e-05,-0,-0.00015,-1e-05,0,-2e-05,-0,-0,-3e-05,0,-0,-0,-0.00011,1e-05,-1e-05,-3e-05,0.00058,2e-05,-2e-05,-0.00336,-0.0004,0.00081,0.00112,2e-05,-0,-0,-0.01614,-0.00279,-0.00042,-0.00046,-0.00346,6e-05,0.00028
51.94,-0.00125,-6e-05,-0,-0.00013,-1e-05,0,-1e-05,-0,-0,-3e-05,0,-0,-0,-0.0001,1e-05,-1e-05,-2e-05,0.00036,2e-05,-1e-05,-0.00335,-0.00021,0.00057,0.00088,1e-05,-0,-0,-0.0157,-0.0021,-0.00038,-0.00045,-0.0031,5e-05,0.00026
51.96,-0.00124,-5e-05,-0,-0.0001,-1e-05,0,-0,-0,-0,-3e-05,0,0,-0,-9e-05,1e-05,-1e-05,-2e-05,0.00021,1e-05,-1e-05,-0.00327,-7e-05,0.00042,0.00064,1e-05,-0,-0,-0.0148,-0.00123,-0.00032,-0.00041,-0.00269,4e-05,0.0002
51.98,-0.00127,-6e-05,-1e-05,-7e-05,-1e-05,0,1e-05,-0,-0,-2e-05,0,0,-0,-7e-05,1e-05,-1e-05,-1e-05,0.00011,0,-1e-05,-0.00313,-1e-05,0.00036,0.00041,1e-05,-0,0,-0.01346,-0.0003,-0.00022,-0.00037,-0.00228,2e-05,0.00012
52,-0.00132,-7e-05,-1e-05,-5e-05,-1e-05,0,1e-05,-0,-0,-2e-05,0,0,-0,-6e-05,1e-05,-1e-05,-0,5e-05,0,-0,-0.00295,0,0.00037,0.00022,1e-05,-0,0,-0.01181,0.00053,-0.00013,-0.00032,-0.00189,0,3e-05
52.02,-0.00135,-9e-05,-1e-05,-2e-05,-1e-05,0,1e-05,-0,0,-1e-05,0,0,-0,-4e-05,1e-05,-0,0,2e-05,-0,-0,-0.00277,-3e-05,0.00043,0.0001,0,-0,0,-0.00999,0.00111,-4e-05,-0.00027,-0.00156,-1e-05,-6e-05
52.04,-0.00132,-0.00012,-1e-05,-0,-1e-05,0,1e-05,-0,0,-1e-05,0,0,-0,-3e-05,1e-05,-0,1e-05,0,-0,-0,-0.00263,-8e-05,0.00052,4e-05,0,-0,0,-0.00813,0.00129,3e-05,-0.00023,-0.00134,-4e-05,-0.00014
52.06,-0.00122,-0.00016,-2e-05,1e-05,-0,0,2e-05,-1e-05,0,-0,0,0,-0,-2e-05,0,-0,1e-05,-1e-05,-0,-0,-0.00256,-0.00014,0.00061,5e-05,-0,-0,0,-0.00632,0.00105,7e-05,-0.00019,-0.00124,-6e-05,-0.0002
52.08,-0.00104,-0.00019,-2e-05,2e-05,0,0,2e-05,-1e-05,0,0,0,0,-0,-2e-05,0,0,0,-1e-05,-0,-0,-0.00259,-0.0002,0.00068,0.00011,-0,-0,0,-0.00462,0.00042,0.00011,-0.00016,-0.00125,-8e-05,-0.00025
52.1,-0.00081,-0.00022,-3e-05,3e-05,1e-05,0,2e-05,-2e-05,-0,1e-05,0,0,0,-1e-05,0,0,-0,-1e-05,-0,-0,-0.00273,-0.00025,0.00072,0.0002,-0,-0,0,-0.00304,-0.00051,0.00015,-0.00013,-0.00136,-0.0001,-0.0003
52.12,-0.00054,-0.00023,-4e-05,4e-05,1e-05,-0,2e-05,-2e-05,-0,1e-05,0,0,0,-1e-05,0,0,-1e-05,-1e-05,-0,-0,-0.00297,-0.00029,0.00073,0.00029,-0,-0,0,-0.0016,-0.00158,0.00021,-0.00012,-0.00153,-0.00011,-0.00035
52.14,-0.00027,-0.00023,-5e-05,4e-05,1e-05,-0,2e-05,-2e-05,-0,2e-05,-0,0,0,-1e-05,0,0,-2e-05,-1e-05,-0,-0,-0.00331,-0.00033,0.0007,0.00035,0,0,-0,-0.00033,-0.00266,0.00032,-0.0001,-0.00173,-0.00013,-0.00042
52.16,0,-0.00022,-6e-05,5e-05,2e-05,-0,2e-05,-3e-05,-0,2e-05,-0,0,0,-1e-05,0,0,-3e-05,-1e-05,-0,-0,-0.00372,-0.00035,0.00064,0.00036,1e-05,0,-0,0.00079,-0.00363,0.00047,-8e-05,-0.00194,-0.00015,-0.00051
52.18,0.00027,-0.00019,-6e-05,5e-05,2e-05,-0,2e-05,-3e-05,-0,2e-05,-0,0,0,-0,0,0,-4e-05,-1e-05,-0,-0,-0.00415,-0.00036,0.00054,0.00032,1e-05,0,-0,0.00175,-0.0044,0.00065,-6e-05,-0.00214,-0.00017,-0.00061
52.2,0.00056,-0.00014,-7e-05,6e-05,3e-05,0,2e-05,-3e-05,-0,2e-05,-0,-0,-0,-0,0,-0,-4e-05,-1e-05,-0,-0,-0.00453,-0.00037,0.00041,0.0002,2e-05,0,0,0.00256,-0.0049,0.00083,-5e-05,-0.00232,-0.00019,-0.00071
52.22,0.00087,-8e-05,-7e-05,7e-05,3e-05,0,2e-05,-3e-05,-0,3e-05,-0,-0,-0,0,1e-05,-0,-5e-05,-1e-05,-0,-0,-0.00477,-0.00038,0.00025,3e-05,3e-05,0,0,0.0032,-0.00509,0.00097,-3e-05,-0.00244,-0.00023,-0.00079
52.24,0.00123,-0,-6e-05,8e-05,3e-05,0,3e-05,-2e-05,-0,3e-05,-0,-0,-0,0,1e-05,-0,-5e-05,-1e-05,0,-0,-0.00481,-0.00039,5e-05,-0.00018,4e-05,0,0,0.00366,-0.00492,0.00104,-2e-05,-0.00247,-0.00026,-0.00083
52.26,0.00165,9e-05,-5e-05,0.0001,3e-05,0,3e-05,-2e-05,-0,3e-05,-0,-0,-0,1e-05,1e-05,-0,-5e-05,-0,0,-0,-0.00459,-0.00041,-0.00018,-0.00041,5e-05,0,0,0.00396,-0.00435,0.00098,-1e-05,-0.00235,-0.00027,-0.00078
52.28,0.00214,0.00019,-4e-05,0.00011,3e-05,0,3e-05,-2e-05,-0,3e-05,-0,-0,-0,1e-05,1e-05,-0,-4e-05,-0,0,0,-0.00405,-0.00044,-0.00044,-0.00064,6e-05,1e-05,0,0.00412,-0.00336,0.00074,-2e-05,-0.00201,-0.00024,-0.00061
52.3,0.00269,0.00031,-3e-05,0.00012,3e-05,0,3e-05,-1e-05,-0,3e-05,-0,-1e-05,-0,1e-05,1e-05,0,-4e-05,-0,0,0,-0.00313,-0.00047,-0.00072,-0.00081,8e-05,1e-05,0,0.00416,-0.00195,0.0003,-4e-05,-0.00133,-0.00013,-0.00028
52.32,0.00328,0.00043,-2e-05,0.00012,3e-05,0,3e-05,-0,0,2e-05,0,-1e-05,0,1e-05,1e-05,0,-4e-05,-0,0,0,-0.00177,-0.00051,-0.001,-0.00086,0.0001,1e-05,0,0.00412,-0.00013,-0.0004,-8e-05,-0.00021,6e-05,0.00023
52.34,0.0039,0.00057,-0,0.00012,3e-05,0,2e-05,0,0,2e-05,0,-1e-05,0,1e-05,1e-05,0,-3e-05,0,0,0,2e-05,-0.00055,-0.00126,-0.00076,0.00012,1e-05,0,0.00405,0.00204,-0.0014,-0.00013,0.00147,0.00035,0.00098
52.36,0.00452,0.00071,1e-05,0.00011,2e-05,0,2e-05,1e-05,0,2e-05,0,-1e-05,0,2e-05,1e-05,0,-3e-05,0,0,1e-05,0.00223,-0.00057,-0.0015,-0.00059,0.00015,2e-05,0,0.00398,0.0045,-0.00272,-0.00022,0.00378,0.00077,0.00198
52.38,0.00511,0.00085,2e-05,0.0001,1e-05,0,2e-05,1e-05,0,1e-05,0,-1e-05,0,1e-05,1e-05,1e-05,-3e-05,0,0,1e-05,0.00479,-0.00055,-0.00169,-0.00054,0.00018,2e-05,0,0.004,0.00711,-0.00439,-0.00032,0.00677,0.00134,0.00326
52.4,0.0056,0.00098,2e-05,8e-05,0,0,2e-05,1e-05,0,1e-05,0,-1e-05,0,1e-05,1e-05,1e-05,-3e-05,0,0,1e-05,0.00757,-0.00046,-0.00184,-0.00031,0.00021,2e-05,0,0.00416,0.00969,-0.00641,-0.00046,0.0104,0.00202,0.0048
52.42,0.00592,0.0011,3e-05,6e-05,-1e-05,0,2e-05,2e-05,0,-0,0,-1e-05,0,1e-05,1e-05,1e-05,-2e-05,0,0,1e-05,0.0105,-0.00027,-0.00201,0.00074,0.00022,2e-05,1e-05,0.00453,0.01199,-0.00875,-0.00061,0.01453,0.00287,0.00656
52.44,0.00605,0.00119,2e-05,3e-05,-1e-05,0,2e-05,2e-05,0,-1e-05,0,-1e-05,0,1e-05,1e-05,1e-05,-2e-05,1e-05,0,2e-05,0.01337,1e-05,-0.00213,0.00209,0.00024,2e-05,1e-05,0.00515,0.01383,-0.01129,-0.00078,0.01891,0.00367,0.00839
52.46,0.00599,0.00125,2e-05,0,-2e-05,0,2e-05,2e-05,0,-2e-05,0,-1e-05,0,1e-05,1e-05,0,-1e-05,1e-05,0,2e-05,0.01591,0.0004,-0.00217,0.00297,0.00024,2e-05,1e-05,0.00602,0.01508,-0.0138,-0.00094,0.02315,0.00418,0.0101
52.48,0.00575,0.00128,1e-05,-3e-05,-2e-05,0,1e-05,3e-05,0,-3e-05,0,-1e-05,0,1e-05,1e-05,0,-1e-05,1e-05,-0,2e-05,0.01794,0.00086,-0.00215,0.00331,0.00024,2e-05,0,0.00706,0.01564,-0.01637,-0.00108,0.02695,0.006,0.01199
52.5,0.00536,0.00129,-0,-6e-05,-2e-05,0,1e-05,3e-05,0,-3e-05,-0,-1e-05,0,1e-05,1e-05,0,-1e-05,1e-05,-0,2e-05,0.01923,0.00138,-0.00206,0.00318,0.00022,1e-05,0,0.00823,0.01551,-0.01748,-0.00117,0.02895,0.00437,0.01223
52.52,0.00487,0.00129,-1e-05,-0.0001,-2e-05,0,1e-05,3e-05,0,-4e-05,-0,-0,-0,1e-05,1e-05,0,-0,1e-05,-1e-05,3e-05,0.01959,0.00191,-0.00193,0.00274,0.0002,1e-05,0,0.00956,0.01464,-0.01516,-0.00118,0.02738,-0.00838,0.0078
52.54,0.00431,0.00127,-2e-05,-0.00013,-2e-05,0,-0,3e-05,1e-05,-4e-05,-0,0,-0,0,1e-05,-0,-0,2e-05,-1e-05,3e-05,0.01893,0.00239,-0.00173,0.00183,0.00017,-0,-0,0.01073,0.01292,-0.01159,-0.00106,0.02334,-0.022,0.0017
52.56,0.00372,0.00123,-3e-05,-0.00017,-1e-05,0,-1e-05,3e-05,1e-05,-4e-05,-0,1e-05,-0,-0,1e-05,-0,-0,2e-05,-1e-05,3e-05,0.01733,0.00277,-0.00147,0.00049,0.00014,-1e-05,-0,0.0115,0.01059,-0.00832,-0.00083,0.01832,-0.02728,-0.00242
52.58,0.00313,0.00119,-3e-05,-0.00021,0,0,-2e-05,3e-05,1e-05,-3e-05,-0,1e-05,-0,-1e-05,1e-05,-0,-1e-05,1e-05,-1e-05,3e-05,0.015,0.00302,-0.00117,-0.00076,0.00011,-1e-05,-0,0.01175,0.00788,-0.00526,-0.00053,0.01273,-0.02611,-0.00487
52.6,0.00257,0.00111,-4e-05,-0.00024,1e-05,0,-3e-05,3e-05,1e-05,-3e-05,-0,2e-05,-0,-2e-05,1e-05,-0,-1e-05,1e-05,-1e-05,3e-05,0.01226,0.00312,-0.00087,-0.00191,8e-05,-1e-05,-0,0.01166,0.0052,-0.00284,-0.00028,0.00767,-0.01625,-0.00365
52.62,0.00207,0.001,-6e-05,-0.00027,1e-05,0,-3e-05,3e-05,1e-05,-3e-05,-0,2e-05,1e-05,-2e-05,1e-05,-0,-1e-05,0,-1e-05,3e-05,0.00946,0.00311,-0.00061,-0.00291,6e-05,-1e-05,-0,0.01184,0.00272,-0.00077,-0.00012,0.0036,-0.0047,-0.00088
52.64,0.00164,0.00086,-7e-05,-0.00029,2e-05,0,-3e-05,2e-05,1e-05,-2e-05,-0,3e-05,2e-05,-3e-05,1e-05,-0,-1e-05,-1e-05,-0,3e-05,0.00685,0.00297,-0.00041,-0.00334,4e-05,-1e-05,-0,0.01175,0.0005,0.00059,-1e-05,0.00114,0.00125,0.00011
52.66,0.00126,0.00072,-8e-05,-0.00031,2e-05,0,-3e-05,2e-05,1e-05,-2e-05,-0,3e-05,2e-05,-3e-05,1e-05,-0,-1e-05,-2e-05,1e-05,3e-05,0.00452,0.00271,-0.00025,-0.00304,2e-05,-1e-05,-0,0.01121,-0.00135,0.0011,4e-05,0.0005,0.00202,-6e-05
52.68,0.00095,0.00059,-9e-05,-0.00031,1e-05,0,-2e-05,1e-05,1e-05,-1e-05,-0,3e-05,3e-05,-2e-05,1e-05,-1e-05,-1e-05,-2e-05,1e-05,2e-05,0.00252,0.00237,-0.00013,-0.00223,-0,-1e-05,0,0.01026,-0.00274,0.00065,1e-05,0.00157,0.00054,-0.00022
52.7,0.0007,0.00046,-9e-05,-0.00031,1e-05,0,-2e-05,0,0,-1e-05,-0,3e-05,3e-05,-1e-05,1e-05,-1e-05,-1e-05,-1e-05,2e-05,1e-05,0.0009,0.002,-7e-05,-0.00138,-2e-05,-1e-05,0,0.00913,-0.00362,-0.00057,-5e-05,0.00344,-1e-05,0.00032
52.72,0.0005,0.00035,-8e-05,-0.0003,1e-05,0,-1e-05,-1e-05,0,-1e-05,-0,2e-05,2e-05,0,1e-05,-1e-05,-0,1e-05,2e-05,0,-0.00042,0.00163,-5e-05,-0.00073,-3e-05,-1e-05,0,0.00817,-0.00406,-0.00123,-7e-05,0.00426,-0.00049,0.0005
52.74,0.00036,0.00026,-7e-05,-0.00029,0,0,-0,-1e-05,0,-0,-0,2e-05,2e-05,2e-05,1e-05,-1e-05,-0,6e-05,1e-05,-1e-05,-0.00148,0.00127,-7e-05,-0.00014,-4e-05,-1e-05,0,0.00692,-0.00409,-0.00063,-3e-05,0.00319,-0.00038,6e-05
52.76,0.00026,0.00017,-6e-05,-0.00027,0,0,0,-2e-05,0,-0,-0,1e-05,1e-05,3e-05,0,-1e-05,0,0.00015,1e-05,-2e-05,-0.00231,0.00095,-0.00012,0.0003,-6e-05,-0,0,0.00523,-0.00384,0.00103,0.0001,0.00039,0.00362,0.00021
52.78,0.00018,0.0001,-3e-05,-0.00026,-0,0,1e-05,-2e-05,-0,-0,-0,1e-05,1e-05,5e-05,0,-1e-05,0,0.00024,1e-05,-3e-05,-0.00292,0.00066,-0.00021,0.00049,-7e-05,-0,0,0.00324,-0.00339,0.00344,0.00027,-0.00371,0.01382,0.00222
52.8,0.00014,2e-05,-1e-05,-0.00025,-0,0,1e-05,-2e-05,-0,-0,-0,1e-05,0,6e-05,-0,-1e-05,1e-05,0.00036,1e-05,-3e-05,-0.00335,0.0004,-0.00031,0.00045,-8e-05,-0,0,0.00117,-0.00287,0.00642,0.00044,-0.00846,0.02755,0.0056
52.82,0.00011,-5e-05,1e-05,-0.00023,-0,0,1e-05,-2e-05,0,-0,-0,0,0,7e-05,-0,-1e-05,1e-05,0.00054,1e-05,-4e-05,-0.00369,0.00015,-0.0004,0.00042,-0.0001,-0,0,-0.0009,-0.0024,0.00931,0.0007,-0.01314,0.03508,0.00572
52.84,9e-05,-0.00014,3e-05,-0.00022,-1e-05,0,2e-05,-1e-05,0,0,-0,0,0,8e-05,-1e-05,-1e-05,1e-05,0.0007,1e-05,-3e-05,-0.00396,-0.0001,-0.00048,0.00042,-0.00011,-0,0,-0.00296,-0.00197,0.01241,0.00099,-0.01739,0.03227,0.00185
52.86,8e-05,-0.00023,5e-05,-0.0002,-1e-05,0,2e-05,-1e-05,0,0,0,0,-0,8e-05,-1e-05,-1e-05,1e-05,0.00074,1e-05,-3e-05,-0.00416,-0.00036,-0.00054,0.00034,-0.00012,-0,0,-0.00485,-0.00159,0.01509,0.00118,-0.02039,0.02445,-0.00272
52.88,6e-05,-0.00034,6e-05,-0.00018,-1e-05,0,2e-05,-0,0,0,0,0,-0,8e-05,-1e-05,-1e-05,1e-05,0.00072,1e-05,-2e-05,-0.00437,-0.00063,-0.00055,0.00021,-0.00014,-1e-05,0,-0.0064,-0.00131,0.01751,0.00126,-0.02214,0.01052,-0.00833
52.9,5e-05,-0.00046,7e-05,-0.00017,-1e-05,0,1e-05,0,0,0,0,0,-0,7e-05,-2e-05,-1e-05,1e-05,0.0006,0,-2e-05,-0.00466,-0.0009,-0.00052,0.0001,-0.00015,-1e-05,0,-0.00764,-0.00114,0.01834,0.00124,-0.02173,-0.00102,-0.01174
52.92,2e-05,-0.00059,7e-05,-0.00015,-0,0,1e-05,1e-05,0,-0,0,0,-0,5e-05,-2e-05,-1e-05,0,0.0004,0,-1e-05,-0.0051,-0.00113,-0.00043,5e-05,-0.00016,-1e-05,0,-0.00879,-0.00109,0.0161,0.00117,-0.01871,-0.00258,-0.01091
52.94,-3e-05,-0.00072,7e-05,-0.00013,-0,0,1e-05,1e-05,0,-0,0,1e-05,-0,3e-05,-3e-05,-1e-05,-0,0.00022,0,-1e-05,-0.0057,-0.0013,-0.00028,-2e-05,-0.00016,-1e-05,0,-0.00974,-0.00116,0.0129,0.00108,-0.01478,-0.00147,-0.00888
52.96,-9e-05,-0.00083,6e-05,-0.00011,0,0,0,1e-05,0,-0,0,1e-05,-0,1e-05,-3e-05,-1e-05,-1e-05,0.00011,0,-0,-0.00646,-0.00141,-4e-05,-0.00023,-0.00016,-1e-05,0,-0.01037,-0.00135,0.01004,0.00099,-0.01094,-0.00148,-0.0072
52.98,-0.0002,-0.00093,5e-05,-9e-05,1e-05,0,-1e-05,1e-05,0,-0,0,1e-05,-0,-1e-05,-3e-05,-1e-05,-2e-05,4e-05,-0,0,-0.00734,-0.00146,0.00028,-0.0007,-0.00016,-1e-05,0,-0.01067,-0.00167,0.0074,0.0009,-0.00739,-0.00124,-0.00556
53,-0.00034,-0.00102,4e-05,-7e-05,1e-05,0,-2e-05,1e-05,-0,0,0,1e-05,-0,-4e-05,-3e-05,-1e-05,-3e-05,0,0,0,-0.00827,-0.00146,0.00067,-0.00131,-0.00015,-0,0,-0.01063,-0.0021,0.00513,0.00081,-0.00437,-0.00095,-0.00411
53.02,-0.00053,-0.00108,3e-05,-5e-05,2e-05,0,-3e-05,1e-05,-0,0,0,1e-05,-0,-7e-05,-3e-05,-1e-05,-3e-05,-2e-05,0,0,-0.00913,-0.00144,0.0011,-0.00189,-0.00013,-0,0,-0.0102,-0.00264,0.00329,0.00074,-0.00203,-0.00079,-0.00295
53.04,-0.00078,-0.00113,2e-05,-3e-05,2e-05,0,-4e-05,1e-05,-0,0,0,1e-05,-0,-0.0001,-3e-05,-1e-05,-4e-05,-2e-05,0,0,-0.00979,-0.00142,0.00152,-0.00259,-0.00011,-0,0,-0.00936,-0.00327,0.00184,0.00067,-0.00041,-0.00061,-0.00203
53.06,-0.00107,-0.00116,1e-05,-0,3e-05,0,-5e-05,0,-0,0,0,1e-05,-0,-0.00013,-3e-05,-1e-05,-4e-05,-2e-05,0,0,-0.01014,-0.0014,0.00187,-0.00355,-8e-05,-0,0,-0.00807,-0.00397,0.00075,0.00061,0.00051,-0.00046,-0.00132
53.08,-0.00139,-0.00119,0,3e-05,3e-05,0,-6e-05,0,-0,0,0,1e-05,-0,-0.00016,-3e-05,-0,-4e-05,-2e-05,0,0,-0.01012,-0.0014,0.00208,-0.00461,-6e-05,-0,-0,-0.00637,-0.00468,-1e-05,0.00054,0.00079,-0.00033,-0.0008
53.1,-0.00171,-0.00121,-0,6e-05,2e-05,0,-7e-05,-0,-0,0,0,0,-1e-05,-0.00018,-3e-05,-0,-3e-05,-2e-05,1e-05,-0,-0.00961,-0.0014,0.00218,-0.00558,-3e-05,0,-0,-0.00435,-0.00532,-0.00052,0.00047,0.00053,-0.00023,-0.00042
53.12,-0.00198,-0.00122,-1e-05,0.0001,2e-05,0,-7e-05,-0,-0,0,0,-0,-1e-05,-0.00019,-3e-05,0,-3e-05,-2e-05,1e-05,-0,-0.00854,-0.00143,0.00228,-0.00619,-1e-05,-0,-0,-0.00212,-0.0058,-0.00081,0.0004,-0.00015,-0.00015,-0.00014
53.14,-0.00218,-0.00123,-1e-05,0.00014,1e-05,0,-6e-05,-0,-0,-0,0,-1e-05,-1e-05,-0.0002,-3e-05,0,-2e-05,-2e-05,1e-05,-1e-05,-0.00708,-0.00151,0.00236,-0.0065,0,-0,-0,0.00023,-0.00604,-0.00094,0.00032,-0.00112,-7e-05,7e-05
53.16,-0.00229,-0.00126,-2e-05,0.00019,0,-0,-5e-05,-0,-0,-0,0,-1e-05,-1e-05,-0.0002,-4e-05,0,-1e-05,-2e-05,1e-05,-1e-05,-0.00556,-0.00163,0.00236,-0.00644,1e-05,-0,-0,0.00258,-0.00597,-0.00095,0.00024,-0.00226,-1e-05,0.00024
53.18,-0.00232,-0.0013,-3e-05,0.00023,-0,-0,-4e-05,-0,-0,-1e-05,0,-1e-05,-0,-0.00019,-4e-05,0,-1e-05,-2e-05,2e-05,-1e-05,-0.0042,-0.00181,0.00229,-0.00571,1e-05,0,-0,0.00479,-0.00552,-0.00087,0.00017,-0.00341,5e-05,0.00037
53.2,-0.00226,-0.00135,-3e-05,0.00027,-0,-0,-2e-05,-0,-0,-1e-05,0,-2e-05,-0,-0.00017,-4e-05,1e-05,-0,-2e-05,2e-05,-2e-05,-0.00328,-0.00197,0.00209,-0.00479,1e-05,0,-0,0.00667,-0.00465,-0.00074,0.0001,-0.00441,9e-05,0.00046
53.22,-0.00213,-0.0014,-3e-05,0.00029,-1e-05,-0,-1e-05,-0,-0,-1e-05,0,-2e-05,-0,-0.00016,-4e-05,1e-05,-0,-1e-05,3e-05,-2e-05,-0.00292,-0.00199,0.00182,-0.00401,1e-05,0,0,0.00796,-0.00335,-0.00058,7e-05,-0.00516,0.0001,0.00048
53.24,-0.00194,-0.00145,-2e-05,0.0003,-1e-05,-0,-0,-0,-0,-0,0,-2e-05,0,-0.00015,-4e-05,1e-05,0,-1e-05,4e-05,-2e-05,-0.00301,-0.00189,0.00153,-0.00298,1e-05,0,0,0.00862,-0.00165,-0.00042,7e-05,-0.0055,6e-05,0.00042
53.26,-0.00172,-0.00149,-1e-05,0.0003,-1e-05,-0,0,-0,-0,-0,0,-2e-05,0,-0.00013,-4e-05,1e-05,0,-1e-05,5e-05,-1e-05,-0.0035,-0.00173,0.00124,-0.00174,0,0,0,0.00871,0.00033,-0.00026,0.0001,-0.00537,-0,0.00029
53.28,-0.00148,-0.00152,0,0.00028,-1e-05,-0,1e-05,-0,-0,-0,0,-2e-05,1e-05,-0.00012,-4e-05,2e-05,0,-1e-05,5e-05,-1e-05,-0.00449,-0.00147,0.00093,-0.00059,0,0,0,0.00835,0.00238,-0.00012,0.00017,-0.0048,-7e-05,9e-05
53.3,-0.00125,-0.00156,1e-05,0.00026,-1e-05,-0,0,-0,-0,-0,0,-2e-05,1e-05,-0.00011,-3e-05,2e-05,-0,-1e-05,4e-05,-1e-05,-0.00581,-0.00115,0.00063,0.00028,0,0,0,0.00777,0.00418,-1e-05,0.00025,-0.0039,-0.00014,-0.00013
53.32,-0.00107,-0.00163,1e-05,0.00024,-2e-05,-0,-0,-0,0,0,0,-1e-05,1e-05,-0.0001,-3e-05,3e-05,-1e-05,-1e-05,3e-05,-0,-0.00698,-0.0008,0.00029,0.00094,-0,0,0,0.00727,0.00537,8e-05,0.00034,-0.00279,-0.00023,-0.00036
53.34,-0.00095,-0.00171,0,0.00023,-2e-05,-0,-1e-05,-0,0,0,0,-1e-05,1e-05,-9e-05,-2e-05,3e-05,-1e-05,-1e-05,2e-05,-0,-0.00806,-0.0004,-0.00013,0.00145,-1e-05,1e-05,0,0.00704,0.00572,0.00013,0.00043,-0.00167,-0.00033,-0.00057
53.36,-0.00092,-0.00182,1e-05,0.00023,-3e-05,-0,-2e-05,-0,0,1e-05,0,-1e-05,1e-05,-9e-05,-1e-05,3e-05,-1e-05,-1e-05,1e-05,0,-0.00929,3e-05,-0.00065,0.00173,-1e-05,1e-05,0,0.00719,0.00515,0.00016,0.0005,-0.00064,-0.0004,-0.00074
53.38,-0.00097,-0.00195,1e-05,0.00024,-3e-05,-0,-3e-05,-0,0,1e-05,0,-1e-05,1e-05,-8e-05,-1e-05,2e-05,-1e-05,-0,1e-05,1e-05,-0.01044,0.00039,-0.00122,0.00183,-2e-05,1e-05,0,0.0078,0.00373,0.00015,0.00055,0.00023,-0.00045,-0.00085
53.4,-0.00109,-0.00208,1e-05,0.00025,-3e-05,-0,-4e-05,-0,0,1e-05,0,-1e-05,1e-05,-7e-05,0,2e-05,-1e-05,-0,0,1e-05,-0.01147,0.00061,-0.00175,0.00176,-3e-05,1e-05,0,0.00886,0.00167,0.00011,0.00059,0.0009,-0.00047,-0.00089
53.42,-0.00125,-0.00218,1e-05,0.00027,-3e-05,-0,-5e-05,-0,0,1e-05,0,-1e-05,1e-05,-6e-05,1e-05,1e-05,-1e-05,-0,-0,1e-05,-0.01234,0.00061,-0.00207,0.00152,-3e-05,1e-05,0,0.0103,-0.00076,3e-05,0.00061,0.00133,-0.00043,-0.00085
53.44,-0.00143,-0.00226,1e-05,0.00028,-3e-05,-0,-5e-05,-0,0,1e-05,0,-1e-05,2e-05,-5e-05,2e-05,0,-1e-05,-0,-0,2e-05,-0.01297,0.00037,-0.00219,0.00124,-4e-05,1e-05,0,0.01204,-0.00333,-7e-05,0.00064,0.00154,-0.00037,-0.00073
53.46,-0.00161,-0.00234,0,0.0003,-2e-05,-0,-4e-05,-0,0,1e-05,0,-1e-05,2e-05,-4e-05,3e-05,-1e-05,-1e-05,-0,-1e-05,2e-05,-0.01331,-0.00011,-0.00213,0.00098,-4e-05,1e-05,0,0.01405,-0.00587,-0.00021,0.00066,0.0015,-0.00029,-0.00056
53.48,-0.00179,-0.00241,-2e-05,0.00031,-2e-05,-0,-4e-05,-0,1e-05,1e-05,0,-1e-05,2e-05,-3e-05,4e-05,-2e-05,-0,-0,-1e-05,2e-05,-0.01337,-0.0008,-0.0019,0.00075,-4e-05,1e-05,0,0.01629,-0.00827,-0.00037,0.00069,0.00124,-0.00019,-0.00034
53.5,-0.00196,-0.00246,-5e-05,0.00031,-1e-05,-0,-3e-05,-0,1e-05,1e-05,0,-1e-05,2e-05,-1e-05,5e-05,-2e-05,-0,-0,-1e-05,3e-05,-0.01321,-0.00165,-0.00157,0.00058,-4e-05,1e-05,0,0.01873,-0.01046,-0.00057,0.00074,0.00076,-7e-05,-9e-05
53.52,-0.00212,-0.00247,-9e-05,0.00032,-1e-05,-0,-2e-05,-0,1e-05,0,0,-1e-05,3e-05,1e-05,6e-05,-3e-05,-0,-0,-1e-05,3e-05,-0.0129,-0.00248,-0.0012,0.00047,-4e-05,2e-05,1e-05,0.0213,-0.01238,-0.00078,0.0008,9e-05,7e-05,0.00017
53.54,-0.00226,-0.00246,-0.00014,0.00033,-0,-0,-1e-05,-0,1e-05,-0,0,-1e-05,3e-05,2e-05,6e-05,-4e-05,0,-0,-1e-05,3e-05,-0.01249,-0.00318,-0.00084,0.00037,-4e-05,2e-05,1e-05,0.02401,-0.01403,-0.00099,0.00088,-0.00077,0.00024,0.00042
53.56,-0.00239,-0.00244,-0.0002,0.00033,0,-0,-1e-05,0,1e-05,0,0,-1e-05,3e-05,4e-05,7e-05,-4e-05,0,-0,-0,3e-05,-0.01205,-0.00371,-0.00055,0.00025,-3e-05,2e-05,1e-05,0.02688,-0.01546,-0.0012,0.00098,-0.00178,0.00041,0.00066
53.58,-0.0025,-0.0024,-0.00025,0.00033,1e-05,-0,-0,0,1e-05,0,0,-1e-05,4e-05,6e-05,7e-05,-4e-05,0,-0,-0,3e-05,-0.01159,-0.00401,-0.00038,0.00012,-2e-05,2e-05,2e-05,0.02992,-0.01672,-0.00136,0.0011,-0.00288,0.0006,0.00086
53.6,-0.00256,-0.00234,-0.00031,0.00033,1e-05,-0,0,0,1e-05,0,0,-1e-05,4e-05,8e-05,8e-05,-4e-05,0,-0,-0,3e-05,-0.01107,-0.00411,-0.00033,-4e-05,-0,2e-05,1e-05,0.03307,-0.01784,-0.00145,0.00121,-0.00401,0.00075,0.001
53.62,-0.00256,-0.00225,-0.00037,0.00034,1e-05,-0,1e-05,0,0,0,0,-1e-05,4e-05,0.0001,7e-05,-4e-05,0,-0,-0,3e-05,-0.01046,-0.00406,-0.00041,-0.00021,2e-05,1e-05,1e-05,0.03628,-0.01878,-0.00143,0.0013,-0.00508,0.00077,0.00103
53.64,-0.00248,-0.00214,-0.00043,0.00034,1e-05,-0,1e-05,0,0,1e-05,0,-1e-05,4e-05,0.00011,7e-05,-4e-05,0,-0,-0,3e-05,-0.00982,-0.00392,-0.00059,-0.00038,5e-05,1e-05,1e-05,0.03952,-0.01961,-0.0013,0.00134,-0.00598,0.00069,0.00098
53.66,-0.00233,-0.00199,-0.00048,0.00034,1e-05,-0,1e-05,0,0,0,0,-0,3e-05,0.00012,7e-05,-4e-05,0,-0,-0,3e-05,-0.00925,-0.00373,-0.0009,-0.00058,8e-05,-0,-0,0.04282,-0.02034,-0.00111,0.00128,-0.0066,0.00057,0.00088
53.68,-0.00212,-0.00182,-0.00053,0.00034,1e-05,-0,0,0,0,0,0,-0,3e-05,0.00013,6e-05,-4e-05,0,-0,-0,2e-05,-0.00867,-0.00352,-0.00141,-0.00087,0.00012,-1e-05,-1e-05,0.04625,-0.02091,-0.0009,0.00109,-0.00679,0.00041,0.00075
53.7,-0.00186,-0.00159,-0.00058,0.00034,2e-05,-0,-0,0,-0,0,0,-0,2e-05,0.00013,6e-05,-4e-05,-0,-0,-0,2e-05,-0.00828,-0.00333,-0.00222,-0.00106,0.00015,-3e-05,-2e-05,0.04969,-0.02123,-0.00072,0.0007,-0.00643,0.00027,0.00061
53.72,-0.00155,-0.00132,-0.00062,0.00034,2e-05,-0,-1e-05,-0,-0,0,-0,-0,1e-05,0.00012,5e-05,-3e-05,-0,-0,-0,1e-05,-0.00813,-0.0032,-0.00346,-0.00085,0.00016,-5e-05,-3e-05,0.05298,-0.02124,-0.00063,5e-05,-0.00533,0.00021,0.00052
53.74,-0.00123,-0.00101,-0.00065,0.00034,2e-05,-0,-3e-05,-0,-0,-0,-0,0,1e-05,0.00011,5e-05,-3e-05,-0,-0,-0,1e-05,-0.00795,-0.00306,-0.00513,-0.00031,0.00015,-5e-05,-3e-05,0.05618,-0.02081,-0.00064,-0.0009,-0.00331,0.00018,0.00047
53.76,-0.00092,-0.00068,-0.00068,0.00033,2e-05,-0,-5e-05,-0,-0,-0,-0,0,-0,9e-05,5e-05,-3e-05,-1e-05,-0,-0,1e-05,-0.00745,-0.00283,-0.00707,0.0003,0.00011,-1e-05,-1e-05,0.0594,-0.01986,-0.00076,-0.00221,-0.0002,0.00015,0.00047
53.78,-0.00064,-0.00037,-0.00068,0.00031,3e-05,-0,-8e-05,-1e-05,-0,-0,-0,0,-1e-05,6e-05,5e-05,-3e-05,-1e-05,-0,-0,1e-05,-0.00647,-0.00252,-0.00898,0.00056,1e-05,0.00012,2e-05,0.06259,-0.01838,-0.00097,-0.00391,0.00417,0.00014,0.00051
53.8,-0.0004,-0.0001,-0.00066,0.00028,3e-05,-0,-0.00012,-1e-05,-0,-0,-0,0,-1e-05,2e-05,6e-05,-3e-05,-1e-05,-0,-0,0,-0.00495,-0.00214,-0.00978,0.00114,-8e-05,0.00039,8e-05,0.06539,-0.01638,-0.00126,-0.00598,0.00986,0.00016,0.00062
53.82,-0.00021,8e-05,-0.00062,0.00024,3e-05,-0,-0.00016,-2e-05,0,-0,-0,-0,-1e-05,-0,6e-05,-3e-05,-1e-05,-0,-0,0,-0.0025,-0.00171,-0.00806,0.00296,-8e-05,0.00088,0.00014,0.06729,-0.01384,-0.00166,-0.00832,0.01686,0.00026,0.00081
53.84,-9e-05,0.00015,-0.00054,0.0002,2e-05,0,-0.0002,-3e-05,0,-1e-05,-0,-0,-1e-05,-2e-05,5e-05,-3e-05,-0,-0,-0,0,-0.00037,-0.00127,-0.00495,0.00443,-3e-05,0.00162,0.00011,0.06833,-0.01095,-0.00217,-0.01083,0.02496,0.00045,0.00108
53.86,-1e-05,9e-05,-0.00044,0.00014,-0,0,-0.00024,-4e-05,0,-1e-05,-0,-0,-2e-05,-4e-05,5e-05,-2e-05,0,-0,-0,0,0.00044,-0.0009,-0.00219,0.00495,2e-05,0.00259,-5e-05,0.06855,-0.00783,-0.00276,-0.01342,0.0337,0.00068,0.00139
53.88,3e-05,-7e-05,-0.00032,7e-05,-3e-05,0,-0.00028,-6e-05,0,-1e-05,-0,-0,-2e-05,-4e-05,4e-05,-2e-05,0,-0,0,0,0.00026,-0.00057,-0.00032,0.00542,-5e-05,0.00349,-0.00052,0.06767,-0.00455,-0.00342,-0.01558,0.04265,0.00112,0.00175
53.9,4e-05,-0.0003,-0.00019,-0,-6e-05,0,-0.00032,-7e-05,1e-05,-1e-05,-0,-0,-2e-05,-4e-05,3e-05,-1e-05,1e-05,-0,0,0,-0.00013,-0.00035,-3e-05,0.0052,-0.00021,0.00427,-0.00092,0.06545,-0.00151,-0.0041,-0.01784,0.04974,0.00132,0.002
53.92,3e-05,-0.00052,-6e-05,-8e-05,-9e-05,0,-0.00033,-8e-05,1e-05,-1e-05,-0,-0,-2e-05,-3e-05,3e-05,0,0,-0,0,0,-2e-05,-0.0003,0.00042,0.00384,7e-05,0.00548,-0.00038,0.06214,0.00134,-0.00439,-0.02137,0.05169,0.00039,0.00178
53.94,1e-05,-0.0007,4e-05,-0.00015,-0.00011,0,-0.00033,-8e-05,1e-05,-2e-05,-0,-0,-2e-05,-2e-05,2e-05,1e-05,0,-0,0,0,8e-05,-0.00032,0.0015,0.00241,0.00062,0.00668,0.00058,0.05819,0.00395,-0.00345,-0.02431,0.04885,-0.00113,0.00113
53.96,-2e-05,-0.00082,0.00011,-0.00021,-0.00012,0,-0.00032,-9e-05,1e-05,-2e-05,-0,-0,-2e-05,-1e-05,1e-05,3e-05,-0,-0,0,-0,-2e-05,-0.00034,0.00211,0.00139,0.00112,0.00756,0.0013,0.05269,0.00585,-0.00172,-0.02522,0.0434,-0.00243,0.00037
53.98,-5e-05,-0.00087,0.00016,-0.00025,-0.00012,0,-0.0003,-8e-05,1e-05,-2e-05,-0,-0,-2e-05,-1e-05,1e-05,4e-05,-0,-0,0,-1e-05,-0.00026,-0.00037,0.00236,0.00063,0.0017,0.00863,0.00187,0.04571,0.00682,0.00083,-0.02454,0.0354,-0.00366,-0.00051
54,-8e-05,-0.00084,0.00017,-0.00028,-0.00011,0,-0.00027,-7e-05,2e-05,-3e-05,-0,-0,-2e-05,-1e-05,0,5e-05,-1e-05,-0,0,-1e-05,-0.00048,-0.00036,0.00216,0.00018,0.00216,0.00931,0.00189,0.03735,0.00689,0.00264,-0.02223,0.02777,-0.00422,-0.0011
54.02,-9e-05,-0.00075,0.00017,-0.00029,-9e-05,0,-0.00023,-6e-05,2e-05,-3e-05,-0,-0,-2e-05,-2e-05,-0,6e-05,-1e-05,-0,0,-1e-05,-0.00058,-0.00025,0.00166,1e-05,0.00227,0.00813,0.00114,0.02833,0.00658,0.00228,-0.01876,0.02264,-0.00382,-0.00106
54.04,-7e-05,-0.00062,0.00015,-0.00027,-7e-05,0,-0.00018,-4e-05,1e-05,-2e-05,-0,-0,-2e-05,-4e-05,-0,6e-05,-2e-05,-0,0,-1e-05,-0.00052,-6e-05,0.00126,-4e-05,0.0022,0.00642,0.00025,0.02005,0.00608,0.00139,-0.01532,0.01818,-0.00318,-0.00083
54.06,-3e-05,-0.00049,0.00012,-0.00023,-4e-05,0,-0.00013,-2e-05,1e-05,-2e-05,-0,-0,-1e-05,-7e-05,-0,6e-05,-2e-05,-0,0,-1e-05,-0.00035,0.00017,0.00105,-3e-05,0.00196,0.00502,-0.00044,0.01321,0.00544,0.00083,-0.01253,0.01371,-0.00263,-0.00064
54.08,2e-05,-0.00037,0.0001,-0.00018,-2e-05,0,-8e-05,-0,1e-05,-1e-05,-0,-0,-1e-05,-0.00012,0,6e-05,-3e-05,-0,0,-1e-05,-0.0001,0.00045,0.00092,-1e-05,0.0014,0.0037,-0.00086,0.00801,0.00483,0.00036,-0.01045,0.00979,-0.00207,-0.00046
54.1,7e-05,-0.00026,7e-05,-0.00011,-1e-05,0,-4e-05,2e-05,0,-0,-0,-0,-1e-05,-0.00017,0,4e-05,-3e-05,-0,0,-1e-05,0.00015,0.00078,0.00078,1e-05,0.00047,0.00246,-0.00094,0.00446,0.00432,5e-05,-0.00915,0.00646,-0.00151,-0.0003
54.12,0.00011,-0.00016,6e-05,-4e-05,0,0,0,5e-05,0,0,-0,-0,-0,-0.00021,0,3e-05,-4e-05,-0,0,-1e-05,0.00034,0.00115,0.00056,1e-05,-0.00085,0.00129,-0.00065,0.00234,0.00395,-7e-05,-0.00861,0.00373,-0.001,-0.00018
54.14,0.00011,-8e-05,4e-05,3e-05,1e-05,0,3e-05,7e-05,-0,2e-05,-0,-0,-0,-0.00024,0,1e-05,-4e-05,-0,-0,-1e-05,0.00043,0.00155,0.0002,-0,-0.00252,0.00017,-2e-05,0.0014,0.00373,-0.0001,-0.00863,0.00162,-0.00056,-9e-05
54.16,8e-05,-2e-05,4e-05,0.0001,1e-05,0,6e-05,9e-05,-0,3e-05,-0,0,0,-0.00026,0,-0,-5e-05,-0,0,-1e-05,0.00041,0.00196,-0.00031,-2e-05,-0.00452,-0.00096,0.00095,0.00137,0.00361,-8e-05,-0.00905,7e-05,-0.0002,-3e-05
54.18,0,4e-05,3e-05,0.00016,0,0,7e-05,0.0001,-1e-05,4e-05,0,0,0,-0.00026,0,-1e-05,-6e-05,-0,0,-1e-05,0.0003,0.00236,-0.001,-1e-05,-0.00682,-0.00212,0.00226,0.00206,0.00359,-2e-05,-0.00981,-0.001,7e-05,1e-05
54.2,-0.00011,0.0001,2e-05,0.00021,-0,0,8e-05,0.00012,-1e-05,5e-05,0,0,1e-05,-0.00024,0,-2e-05,-7e-05,-0,0,-0,0.00013,0.00269,-0.00189,2e-05,-0.00939,-0.00332,0.00392,0.0033,0.00365,6e-05,-0.01086,-0.00168,0.00024,3e-05
54.22,-0.00028,0.00016,2e-05,0.00026,-0,0,8e-05,0.00012,-0,5e-05,0,0,1e-05,-0.00021,0,-3e-05,-6e-05,-0,0,-0,-1e-05,0.00293,-0.00301,7e-05,-0.0122,-0.00456,0.00593,0.00497,0.00377,0.00014,-0.01216,-0.00206,0.00034,5e-05
54.24,-0.00048,0.00022,2e-05,0.0003,-0,0,7e-05,0.00013,-0,6e-05,0,0,1e-05,-0.00017,1e-05,-3e-05,-5e-05,-0,0,-0,2e-05,0.00302,-0.00436,8e-05,-0.01506,-0.00577,0.00824,0.00698,0.00392,0.00021,-0.01364,-0.00223,0.00039,5e-05
54.26,-0.00071,0.00028,3e-05,0.00034,-0,0,6e-05,0.00012,-0,5e-05,0,0,1e-05,-0.00012,1e-05,-2e-05,-4e-05,-0,0,-0,0.00038,0.00294,-0.00588,0,-0.0177,-0.00686,0.01068,0.00922,0.00406,0.00028,-0.01522,-0.00226,0.00039,6e-05
54.28,-0.00095,0.00035,4e-05,0.00037,1e-05,0,4e-05,0.00011,0,5e-05,0,0,1e-05,-7e-05,1e-05,-2e-05,-2e-05,-0,0,-1e-05,0.00125,0.00263,-0.00749,-0.0003,-0.01994,-0.00782,0.0132,0.01153,0.00419,0.00033,-0.01674,-0.00219,0.00037,6e-05
54.3,-0.00114,0.00039,6e-05,0.0004,2e-05,0,3e-05,0.0001,1e-05,3e-05,0,0,1e-05,-4e-05,1e-05,-2e-05,1e-05,-0,0,-1e-05,0.00282,0.00211,-0.00872,-0.00085,-0.02077,-0.0082,0.01485,0.01374,0.00427,0.00033,-0.01825,-0.00207,0.00033,5e-05
54.32,-0.00122,0.00039,8e-05,0.00042,3e-05,0,1e-05,7e-05,1e-05,1e-05,-0,0,1e-05,-2e-05,1e-05,-1e-05,3e-05,-0,0,-1e-05,0.00538,0.00133,-0.00892,-0.00116,-0.01918,-0.00838,0.01414,0.01568,0.00425,0.00029,-0.01985,-0.0019,0.00028,5e-05
54.34,-0.00113,0.00033,0.0001,0.00042,4e-05,0,-0,5e-05,2e-05,-0,-0,-0,1e-05,-2e-05,0,0,6e-05,-0,0,-1e-05,0.00848,0.00024,-0.00795,-0.00079,-0.01606,-0.01013,0.01194,0.01717,0.00422,0.00021,-0.02118,-0.00171,0.00022,5e-05
54.36,-0.0008,0.00019,0.00011,0.00042,5e-05,0,-1e-05,2e-05,2e-05,-1e-05,-0,-0,1e-05,-4e-05,-0,1e-05,7e-05,-0,0,-2e-05,0.01116,-0.00096,-0.00604,0,-0.01201,-0.01187,0.00948,0.01811,0.00424,7e-05,-0.02197,-0.0015,0.00016,4e-05
54.38,-0.00017,-1e-05,0.00011,0.00041,5e-05,0,-1e-05,-1e-05,3e-05,-1e-05,-0,-0,1e-05,-7e-05,-1e-05,3e-05,8e-05,-0,0,-2e-05,0.01233,-0.0019,-0.00357,0.00241,-0.00728,-0.01311,0.00703,0.01851,0.0043,-0.0001,-0.02234,-0.00127,0.0001,4e-05
54.4,0.00079,-0.00027,8e-05,0.00039,4e-05,0,1e-05,-2e-05,3e-05,1e-05,-0,-1e-05,0,-0.0001,-3e-05,4e-05,6e-05,-0,0,-2e-05,0.01086,-0.00201,-0.00104,0.00239,-0.00287,-0.01189,0.00485,0.01836,0.00445,-0.0003,-0.02219,-0.00104,4e-05,2e-05
54.42,0.00199,-0.00054,3e-05,0.00037,1e-05,0,5e-05,-1e-05,4e-05,7e-05,-0,-1e-05,0,-0.00013,-5e-05,5e-05,1e-05,-0,-0,-3e-05,0.00718,-0.0005,0.00064,-0.00483,0.00047,-0.0084,0.00264,0.01766,0.00468,-0.00048,-0.02146,-0.00082,-0,1e-05
54.44,0.00334,-0.00072,-4e-05,0.00034,-3e-05,-0,0.00011,3e-05,5e-05,0.00015,-0,-1e-05,-0,-0.00014,-7e-05,7e-05,-5e-05,-0,-0,-3e-05,0.0038,0.00186,0.00187,-0.01227,0.00259,-0.00486,0.00116,0.01653,0.00498,-0.00059,-0.02056,-0.00062,-4e-05,-0
54.46,0.00474,-0.00072,-0.00012,0.00031,-8e-05,-0,0.00021,9e-05,5e-05,0.00025,-0,-1e-05,-1e-05,-0.00014,-9e-05,8e-05,-0.00011,-0,0,-3e-05,0.00078,0.00413,0.00301,-0.01481,0.00332,-0.00236,0.0004,0.01506,0.00535,-0.00056,-0.01982,-0.00043,-6e-05,-2e-05
54.48,0.0061,-0.00047,-0.00021,0.00028,-0.00014,-0,0.00035,0.00017,6e-05,0.00035,-0,-1e-05,-1e-05,-0.00013,-0.00013,9e-05,-0.00019,-0,0,-3e-05,-0.00083,0.00574,0.00402,-0.01373,0.003,-0.00081,7e-05,0.01342,0.00579,-0.00036,-0.01944,-0.00027,-7e-05,-3e-05
54.5,0.00716,6e-05,-0.00028,0.00026,-0.00019,-0,0.00053,0.00029,6e-05,0.00044,-1e-05,-1e-05,-1e-05,-8e-05,-0.00015,0.0001,-0.00025,-0,0,-3e-05,-0.00248,0.00654,0.00457,-0.00885,0.00222,-3e-05,-0,0.01205,0.00617,-0,-0.01983,-0.00012,-7e-05,-5e-05
54.52,0.00757,0.00079,-0.00033,0.00026,-0.00023,-0,0.00077,0.00043,5e-05,0.00054,-1e-05,-1e-05,-1e-05,6e-05,-0.00017,0.00011,-0.00029,-0,0,-3e-05,-0.00461,0.00715,0.00462,-0.00328,0.00138,0.00027,1e-05,0.01161,0.00636,0.0005,-0.02162,1e-05,-7e-05,-7e-05
54.54,0.00735,0.00161,-0.00033,0.00027,-0.00025,-0,0.00106,0.00059,5e-05,0.0006,-1e-05,-1e-05,-1e-05,0.00024,-0.00018,0.00012,-0.00029,-0,1e-05,-3e-05,-0.00531,0.00761,0.00436,-0.00029,0.00063,0.00035,5e-05,0.01292,0.00638,0.00109,-0.0255,0.00013,-7e-05,-9e-05
54.56,0.00672,0.00242,-0.0003,0.00029,-0.00026,-0,0.00138,0.00073,4e-05,0.00063,-1e-05,-1e-05,-1e-05,0.00038,-0.00018,0.00013,-0.00027,-0,1e-05,-2e-05,-0.00459,0.00787,0.00398,-0,7e-05,0.00032,0.0001,0.01689,0.00631,0.00171,-0.03233,0.00024,-7e-05,-0.00011
54.58,0.00575,0.00315,-0.00023,0.00032,-0.00026,-0,0.00171,0.00084,3e-05,0.00061,-1e-05,-1e-05,-1e-05,0.00046,-0.00019,0.00014,-0.00022,-0,1e-05,-2e-05,-0.00273,0.00694,0.00293,-0.0011,-0.00016,0.00021,0.0001,0.02441,0.00621,0.0023,-0.04301,0.00035,-6e-05,-0.00012
54.6,0.00437,0.00368,-0.00012,0.00037,-0.00025,-0,0.00207,0.00091,2e-05,0.00056,-1e-05,-1e-05,-1e-05,0.0005,-0.00018,0.00014,-0.00016,-0,2e-05,-2e-05,-0.0014,0.00585,0.00187,-0.00215,-0.00022,0.00012,8e-05,0.03631,0.00611,0.00277,-0.05832,0.00045,-6e-05,-0.00014
54.62,0.00248,0.00389,-1e-05,0.00045,-0.00022,-0,0.00245,0.00093,2e-05,0.00047,-1e-05,-1e-05,-1e-05,0.00054,-0.00015,0.00013,-0.00012,-0,2e-05,-1e-05,-0.0009,0.00519,0.00124,-0.00285,-0.0002,9e-05,6e-05,0.05318,0.00602,0.00307,-0.07842,0.00056,-6e-05,-0.00015
54.64,0.00033,0.0038,0.00011,0.00055,-0.0002,-0,0.00278,0.00088,3e-05,0.00037,-1e-05,-1e-05,-1e-05,0.00055,-0.0001,0.00012,-9e-05,-0,3e-05,-0,-0.00078,0.00494,0.00099,-0.00315,-0.00013,0.00012,4e-05,0.07502,0.00602,0.00316,-0.10324,0.00067,-6e-05,-0.00015
54.66,-0.00181,0.00347,0.00021,0.00067,-0.00017,-0,0.00302,0.00079,5e-05,0.00025,-1e-05,-1e-05,-0,0.00047,-4e-05,0.00012,-5e-05,-0,3e-05,0,-0.0009,0.00505,0.00094,-0.00328,-4e-05,0.00017,1e-05,0.10098,0.00613,0.00303,-0.13165,0.00078,-6e-05,-0.00015
54.68,-0.00392,0.00293,0.00028,0.00081,-0.00014,-0,0.00312,0.00066,6e-05,0.00013,-1e-05,-1e-05,-0,0.00034,3e-05,0.00011,-3e-05,-0,3e-05,1e-05,-0.00144,0.00233,0.00057,-0.00212,0.00031,0.00012,-9e-05,0.12925,0.00624,0.00271,-0.15949,0.00089,-6e-05,-0.00014
54.7,-0.00617,0.00221,0.00031,0.00097,-9e-05,-0,0.00313,0.0005,9e-05,2e-05,-1e-05,-0,-0,0.00019,0.00011,0.00011,-2e-05,-0,2e-05,1e-05,-0.00289,-0.00165,0.00038,-0.00206,0.00063,4e-05,-0.00018,0.15642,0.00601,0.00226,-0.18694,0.00098,-5e-05,-0.00012
54.72,-0.00875,0.00137,0.00031,0.00113,-3e-05,-0,0.00309,0.00031,0.00012,-8e-05,-0,-0,-0,8e-05,0.00021,0.0001,-0,-0,2e-05,2e-05,-0.00547,-0.00667,0.00014,-0.00228,0.00082,-2e-05,-0.00024,0.17875,0.00499,0.00166,-0.21659,0.001,-4e-05,-9e-05
54.74,-0.01159,0.0004,0.00028,0.00128,5e-05,-0,0.00297,0.00015,0.00014,-0.00016,-0,-0,-0,1e-05,0.00031,9e-05,1e-05,0,1e-05,2e-05,-0.00951,-0.01191,-8e-05,-0.00168,0.00084,-5e-05,-0.00024,0.19183,0.0034,0.00098,-0.23802,0.00096,-1e-05,-6e-05
54.76,-0.0146,-0.00066,0.00023,0.00141,0.00015,0,0.00274,4e-05,0.00014,-0.00022,-0,0,-0,0,0.00038,8e-05,2e-05,0,1e-05,2e-05,-0.01596,-0.01654,-0.00024,0.00049,0.00067,-6e-05,-0.00018,0.19295,0.00165,0.00036,-0.24146,0.0009,3e-05,-2e-05
54.78,-0.01776,-0.00178,0.00017,0.0015,0.00025,0,0.00244,-2e-05,0.00014,-0.00027,-0,0,-0,9e-05,0.00043,7e-05,4e-05,0,0,2e-05,-0.02525,-0.01988,-0.00041,0.00566,0.00035,-3e-05,-9e-05,0.18334,6e-05,-0.00012,-0.22702,0.00079,7e-05,1e-05
54.8,-0.02146,-0.00285,0.00011,0.00155,0.00035,0,0.00209,-3e-05,0.00011,-0.0003,-0,0,-0,0.00019,0.00043,5e-05,8e-05,0,-0,2e-05,-0.0362,-0.02129,-0.00033,0.01351,-9e-05,3e-05,4e-05,0.15782,-0.00121,-0.00043,-0.19498,0.00065,0.00012,4e-05
54.82,-0.02614,-0.00371,7e-05,0.00156,0.00044,0,0.00169,0,7e-05,-0.00026,0,0,-0,0.00023,0.00038,3e-05,0.00013,0,-0,2e-05,-0.04562,-0.02057,0.00063,0.01643,-0.00053,0.00011,0.00016,0.11756,-0.002,-0.00054,-0.15097,0.00048,0.00015,6e-05
54.84,-0.03137,-0.00419,5e-05,0.00151,0.00051,0,0.00128,9e-05,0,-0.00017,0,0,-0,0.00023,0.00029,1e-05,0.0002,0,-0,2e-05,-0.05273,-0.01859,0.00178,0.01089,-0.00088,0.00018,0.00025,0.07787,-0.00188,-0.00043,-0.10327,0.00031,0.00017,6e-05
54.86,-0.03664,-0.00418,6e-05,0.00138,0.00058,0,0.00094,0.0002,-7e-05,-6e-05,0,0,-0,0.00027,0.00017,-1e-05,0.00027,0,-0,1e-05,-0.05845,-0.01636,0.00223,0.00115,-0.00108,0.00023,0.00031,0.04766,-0.00105,-0.00018,-0.06095,0.00017,0.00017,6e-05
54.88,-0.04188,-0.00367,9e-05,0.00118,0.00062,0,0.00073,0.00032,-0.00016,7e-05,0,0,-0,0.00034,2e-05,-4e-05,0.00035,0,-0,1e-05,-0.06136,-0.01432,0.00182,-0.01382,-0.00113,0.00026,0.00034,0.0287,-3e-05,6e-05,-0.03074,7e-05,0.00015,5e-05
54.9,-0.04706,-0.00275,0.00015,0.00092,0.00063,0,0.00057,0.00044,-0.00024,0.00021,0,0,-0,0.00036,-0.00015,-6e-05,0.00042,0,0,1e-05,-0.06231,-0.01278,0.00027,-0.02744,-0.00106,0.00025,0.00033,0.01759,0.00072,0.00016,-0.01205,1e-05,0.00012,3e-05
54.92,-0.05211,-0.00163,0.00022,0.00062,0.00055,0,0.00037,0.00053,-0.00028,0.00036,0,0,-0,0.0003,-0.0003,-7e-05,0.00049,0,0,0,-0.06285,-0.01174,-0.00208,-0.03155,-0.00092,0.00023,0.0003,0.01063,0.00095,0.00011,-0.00326,-2e-05,9e-05,2e-05
54.94,-0.05655,-0.00056,0.00029,0.00028,0.00047,0,0.00026,0.00059,-0.00029,0.00051,0,0,-0,0.00023,-0.00042,-7e-05,0.00054,0,1e-05,0,-0.06216,-0.01077,-0.00471,-0.03137,-0.00074,0.0002,0.00025,0.00692,0.0008,2e-05,-0.00054,-4e-05,6e-05,2e-05
54.96,-0.0599,0.00032,0.00036,-9e-05,0.00041,0,0.00033,0.00061,-0.00028,0.00063,0,1e-05,-0,0.00024,-0.0005,-7e-05,0.00057,0,1e-05,0,-0.05975,-0.00958,-0.00747,-0.0309,-0.00052,0.00017,0.0002,0.00399,0.00048,-3e-05,0.00074,-6e-05,4e-05,2e-05
54.98,-0.06214,0.00094,0.00042,-0.00048,0.00036,0,0.00052,0.00059,-0.00025,0.00073,0,1e-05,-0,0.0003,-0.00056,-5e-05,0.00059,0,1e-05,-0,-0.05589,-0.00814,-0.00998,-0.02897,-0.0003,0.00013,0.00015,-0.00188,0.00016,-3e-05,0.00222,-0.00011,3e-05,4e-05
55,-0.06312,0.00129,0.00047,-0.00086,0.00033,0,0.00074,0.00055,-0.00021,0.00078,-0,1e-05,-0,0.00035,-0.00058,-4e-05,0.00058,0,2e-05,-0,-0.05085,-0.0066,-0.01202,-0.02635,-0.00011,0.0001,0.00011,-0.0113,-1e-05,-1e-05,0.00354,-0.0002,3e-05,6e-05
55.02,-0.06289,0.0014,0.00049,-0.00122,0.00032,0,0.00093,0.00049,-0.00019,0.00075,0,1e-05,-0,0.00035,-0.00058,-3e-05,0.00056,0,2e-05,-0,-0.04477,-0.00516,-0.01355,-0.0236,3e-05,8e-05,7e-05,-0.02069,3e-05,-0,0.00465,-0.00031,3e-05,6e-05
55.04,-0.06191,0.00133,0.0005,-0.00157,0.00031,0,0.00111,0.00044,-0.00017,0.00069,0,1e-05,-0,0.00032,-0.00056,-2e-05,0.00053,0,2e-05,-0,-0.03722,-0.0039,-0.0141,-0.02035,0.00013,5e-05,4e-05,-0.02972,0.00021,-1e-05,0.00457,-0.0004,2e-05,6e-05
55.06,-0.06057,0.00116,0.00049,-0.00191,0.00031,0,0.00128,0.00038,-0.00014,0.00064,0,2e-05,-0,0.00031,-0.00054,-1e-05,0.0005,0,2e-05,-0,-0.02838,-0.00289,-0.01335,-0.01664,0.00017,4e-05,2e-05,-0.04004,0.00045,-4e-05,0.00222,-0.00048,1e-05,4e-05
55.08,-0.05899,0.00094,0.00046,-0.00225,0.0003,0,0.00145,0.00033,-0.00013,0.00059,0,2e-05,-0,0.0003,-0.00051,0,0.00049,0,2e-05,-0,-0.01921,-0.00212,-0.01147,-0.01274,0.00016,2e-05,1e-05,-0.05013,0.00067,-9e-05,-0.00204,-0.00051,-1e-05,1e-05
55.1,-0.05717,0.0007,0.00042,-0.00259,0.0003,0,0.00157,0.00029,-0.00011,0.00053,1e-05,2e-05,-0,0.00029,-0.00049,0,0.00048,0,2e-05,-0,-0.01035,-0.00152,-0.00882,-0.00913,0.00013,1e-05,0,-0.05729,0.00079,-0.00015,-0.0073,-0.00049,-2e-05,-3e-05
55.12,-0.0551,0.00049,0.00037,-0.00297,0.00029,0,0.00161,0.00025,-0.0001,0.00048,1e-05,2e-05,-0,0.00031,-0.00047,0,0.00048,0,2e-05,-1e-05,-0.00244,-0.00098,-0.00583,-0.00601,8e-05,1e-05,-0,-0.0587,0.00079,-0.00021,-0.01322,-0.00041,-4e-05,-6e-05
55.14,-0.0529,0.0003,0.00032,-0.00338,0.00026,0,0.00161,0.00021,-8e-05,0.00043,1e-05,2e-05,-0,0.00033,-0.00045,-0,0.00048,0,2e-05,-1e-05,0.00387,-0.00041,-0.00283,-0.00323,4e-05,0,0,-0.05481,0.00069,-0.00027,-0.01859,-0.00032,-5e-05,-8e-05
55.16,-0.05058,0.00015,0.00029,-0.00385,0.00024,0,0.0016,0.00017,-6e-05,0.00038,2e-05,2e-05,-0,0.00035,-0.00044,-1e-05,0.00049,0,2e-05,-1e-05,0.00843,0.00022,-0.00018,-0.0009,1e-05,0,0,-0.04738,0.00055,-0.0003,-0.02142,-0.00025,-5e-05,-8e-05
55.18,-0.04802,4e-05,0.00026,-0.00438,0.00021,0,0.00156,0.00014,-5e-05,0.00034,3e-05,2e-05,0,0.00037,-0.00043,-3e-05,0.00049,0,1e-05,-1e-05,0.01138,0.00091,0.00187,0.00086,-0,-0,0,-0.03724,0.00038,-0.0003,-0.02147,-0.00019,-4e-05,-7e-05
55.2,-0.04503,-3e-05,0.00023,-0.00496,0.00018,0,0.00149,0.00011,-2e-05,0.0003,3e-05,2e-05,0,0.00037,-0.00041,-5e-05,0.00049,0,1e-05,-1e-05,0.01218,0.00142,0.00275,0.00167,-0,-0,-0,-0.02591,0.00023,-0.00028,-0.01915,-0.00015,-3e-05,-6e-05
55.22,-0.0415,-5e-05,0.0002,-0.00557,0.00016,0,0.00138,0.0001,2e-05,0.00026,4e-05,2e-05,-0,0.00035,-0.00039,-7e-05,0.00048,0,1e-05,-1e-05,0.01122,0.00163,0.00257,0.00163,0,-0,-0,-0.01509,0.00011,-0.00023,-0.01529,-0.00012,-2e-05,-4e-05
55.24,-0.03746,-2e-05,0.00017,-0.00619,0.00014,0,0.00125,8e-05,6e-05,0.00021,5e-05,1e-05,-0,0.00033,-0.00035,-8e-05,0.00045,0,0,-1e-05,0.01019,0.0018,0.00241,0.00151,0,-0,-0,-0.00608,3e-05,-0.00017,-0.01089,-9e-05,-1e-05,-2e-05
55.26,-0.03297,6e-05,0.00013,-0.00677,0.00012,0,0.0011,7e-05,8e-05,0.00016,5e-05,1e-05,-0,0.0003,-0.00031,-8e-05,0.00041,-0,0,-0,0.00915,0.00189,0.00226,0.00136,0,-0,-0,0.0006,-0,-0.00012,-0.00669,-7e-05,-0,-1e-05
55.28,-0.02811,0.00018,9e-05,-0.00726,0.0001,0,0.00093,5e-05,7e-05,0.00011,5e-05,1e-05,-1e-05,0.00026,-0.00026,-8e-05,0.00035,-0,-0,-0,0.00808,0.00191,0.00213,0.00118,0,-0,-0,0.00498,-0,-6e-05,-0.00319,-4e-05,0,-0
55.3,-0.02303,0.00032,5e-05,-0.00757,8e-05,0,0.00072,4e-05,5e-05,5e-05,4e-05,0,-1e-05,0.00022,-0.00022,-8e-05,0.00027,-0,-0,-0,0.00692,0.00187,0.00199,0.001,1e-05,-0,-0,0.00729,2e-05,-0,-0.00057,-1e-05,0,-0
55.32,-0.018,0.00043,2e-05,-0.0076,6e-05,0,0.0005,3e-05,2e-05,-0,3e-05,-0,-0,0.00015,-0.00017,-7e-05,0.00017,0,-0,0,0.00565,0.00179,0.00184,0.00083,1e-05,-0,-0,0.00789,4e-05,7e-05,0.00113,1e-05,0,-0
55.34,-0.01335,0.0005,-0,-0.0073,4e-05,0,0.00029,4e-05,-0,-5e-05,2e-05,-0,0,7e-05,-0.00013,-6e-05,6e-05,0,-0,0,0.00439,0.00169,0.00165,0.00065,1e-05,-0,-0,0.00724,6e-05,0.00014,0.00197,3e-05,-0,-0
55.36,-0.0092,0.00051,-1e-05,-0.00669,2e-05,0,8e-05,4e-05,-1e-05,-9e-05,2e-05,-1e-05,1e-05,0,-8e-05,-5e-05,-4e-05,0,-0,0,0.00318,0.00157,0.00144,0.00047,1e-05,-0,-0,0.0054,6e-05,0.00018,0.00157,3e-05,-0,-0
55.38,-0.00555,0.00047,-1e-05,-0.00577,0,0,-0.00011,5e-05,0,-0.00012,1e-05,-1e-05,1e-05,-7e-05,-3e-05,-4e-05,-0.00013,0,-0,0,0.00201,0.00146,0.00121,0.00028,1e-05,-0,-0,0.0035,6e-05,0.00021,0.00119,3e-05,-0,-0
55.4,-0.00229,0.00039,-1e-05,-0.00468,-2e-05,0,-0.00029,6e-05,3e-05,-0.00016,0,-1e-05,1e-05,-0.00015,1e-05,-3e-05,-0.00022,1e-05,-0,0,0.00089,0.00133,0.00094,7e-05,1e-05,-0,-0,0.00158,6e-05,0.00022,0.00082,3e-05,-0,-0
55.42,0.00071,0.00027,-0,-0.00355,-3e-05,0,-0.00044,5e-05,8e-05,-0.0002,-0,-1e-05,1e-05,-0.00022,6e-05,-3e-05,-0.00029,1e-05,-0,-0,-0.00017,0.00119,0.00067,-0.00015,1e-05,-0,-0,-0.00031,6e-05,0.0002,0.00045,2e-05,-0,-0
55.44,0.00357,0.00015,-0,-0.0024,-5e-05,0,-0.00057,4e-05,0.00014,-0.00025,-0,-1e-05,0,-0.00028,0.0001,-2e-05,-0.00034,1e-05,-0,0,-0.00119,0.00102,0.0004,-0.00038,1e-05,-0,-0,-0.00211,6e-05,0.00016,0.0001,2e-05,-0,-0
55.46,0.00637,2e-05,-0,-0.00126,-7e-05,0,-0.00068,3e-05,0.00019,-0.00031,-1e-05,-1e-05,0,-0.00034,0.00013,-1e-05,-0.00037,1e-05,0,0,-0.00215,0.00083,0.00014,-0.00062,1e-05,-0,-0,-0.00383,8e-05,0.0001,-0.00025,1e-05,-0,0
55.48,0.00914,-0.0001,-1e-05,-0.00019,-8e-05,0,-0.00078,2e-05,0.00024,-0.00037,-1e-05,-1e-05,-0,-0.0004,0.00016,0,-0.0004,1e-05,0,1e-05,-0.00305,0.00061,-9e-05,-0.00086,0,-0,-0,-0.00546,9e-05,3e-05,-0.00059,0,-0,0
55.5,0.01179,-0.00022,-1e-05,0.00076,-9e-05,0,-0.00084,1e-05,0.00028,-0.00043,-1e-05,-1e-05,-1e-05,-0.00044,0.00017,1e-05,-0.0004,0,0,1e-05,-0.00388,0.00037,-0.00031,-0.0011,0,-0,-0,-0.00702,0.0001,-5e-05,-0.00093,-1e-05,-0,0
55.52,0.01422,-0.00032,-1e-05,0.00158,-8e-05,0,-0.00087,-1e-05,0.00029,-0.00047,-0,-1e-05,-1e-05,-0.00047,0.00018,2e-05,-0.00036,0,1e-05,2e-05,-0.00461,0.00013,-0.0005,-0.00135,0,-0,-0,-0.0085,0.00012,-0.00011,-0.00124,-1e-05,0,1e-05
55.54,0.01633,-0.00042,-1e-05,0.00225,-6e-05,0,-0.00087,-3e-05,0.00029,-0.00048,-0,-1e-05,-1e-05,-0.00048,0.00018,3e-05,-0.0003,0,1e-05,3e-05,-0.00524,-0.00011,-0.00068,-0.0016,0,-0,-0,-0.00989,0.00015,-0.00015,-0.00153,-2e-05,0,1e-05
55.56,0.01811,-0.00051,0,0.00276,-4e-05,0,-0.00087,-4e-05,0.00027,-0.00048,-0,-1e-05,-0,-0.00048,0.00018,3e-05,-0.00023,0,1e-05,4e-05,-0.00579,-0.00035,-0.00085,-0.00186,-0,-0,-0,-0.01119,0.00017,-0.00016,-0.00181,-3e-05,0,1e-05
55.58,0.01959,-0.00059,2e-05,0.00312,-1e-05,-0,-0.00088,-5e-05,0.00025,-0.00048,0,-1e-05,0,-0.00046,0.00016,3e-05,-0.00017,0,1e-05,5e-05,-0.00625,-0.00059,-0.00103,-0.00213,-0,-0,-0,-0.01239,0.00019,-0.00015,-0.00209,-3e-05,1e-05,1e-05
55.6,0.02079,-0.00066,3e-05,0.00337,2e-05,-0,-0.00088,-5e-05,0.00021,-0.00044,0,-1e-05,1e-05,-0.00043,0.00014,3e-05,-0.0001,0,2e-05,5e-05,-0.00661,-0.00083,-0.00121,-0.00236,-0,-0,-0,-0.01257,0.00019,-6e-05,-0.0015,-2e-05,1e-05,0
55.62,0.02175,-0.00071,3e-05,0.00352,5e-05,-0,-0.00088,-2e-05,0.00016,-0.00033,-0,-1e-05,1e-05,-0.00036,0.00011,3e-05,-4e-05,0,2e-05,6e-05,-0.00685,-0.00109,-0.00139,-0.00253,-0,-0,-0,-0.01054,0.00012,0.00017,0.00111,2e-05,1e-05,-1e-05
55.64,0.02258,-0.00075,2e-05,0.0036,9e-05,-0,-0.00089,3e-05,0.0001,-0.0002,-0,-1e-05,2e-05,-0.00029,9e-05,2e-05,2e-05,0,3e-05,6e-05,-0.00701,-0.00135,-0.00157,-0.00261,-0,0,0,-0.00691,4e-05,0.00053,0.00512,0.0001,0,-2e-05
55.66,0.02339,-0.00076,0,0.00363,0.00013,-0,-0.00093,9e-05,6e-05,-8e-05,-0,-1e-05,2e-05,-0.0002,6e-05,2e-05,7e-05,1e-05,3e-05,6e-05,-0.00712,-0.0016,-0.00176,-0.00263,-0,0,0,-0.00156,-5e-05,0.00106,0.01067,0.00021,-0,-5e-05
55.68,0.02432,-0.00073,-3e-05,0.00363,0.00017,-0,-0.00099,0.00015,3e-05,3e-05,-0,-1e-05,3e-05,-0.0001,4e-05,2e-05,0.0001,1e-05,4e-05,6e-05,-0.00721,-0.00181,-0.00195,-0.00257,-0,0,0,0.00554,-0.00016,0.00183,0.01778,0.00038,-1e-05,-8e-05
55.7,0.02544,-0.00065,-6e-05,0.00362,0.0002,-0,-0.00105,0.00022,1e-05,0.00012,-0,-1e-05,3e-05,-0,2e-05,1e-05,0.00012,1e-05,4e-05,6e-05,-0.00729,-0.00191,-0.00211,-0.00239,-0,1e-05,1e-05,0.01406,-0.00025,0.00272,0.02631,0.00061,-2e-05,-0.00012
55.72,0.02679,-0.00051,-0.0001,0.00362,0.00024,-0,-0.00111,0.0003,-0,0.00017,-0,-1e-05,2e-05,7e-05,1e-05,1e-05,0.00012,1e-05,4e-05,5e-05,-0.00745,-0.00186,-0.00223,-0.00215,-1e-05,1e-05,1e-05,0.02318,-0.00023,0.00344,0.03588,0.00086,-3e-05,-0.00017
55.74,0.02843,-0.00027,-0.00012,0.00365,0.00029,-0,-0.00114,0.00038,-1e-05,0.0002,-0,-1e-05,2e-05,0.00014,0,0,0.00011,1e-05,4e-05,4e-05,-0.00771,-0.00164,-0.00231,-0.00185,-1e-05,1e-05,1e-05,0.03205,-0.00015,0.0038,0.04579,0.00113,-5e-05,-0.00021
55.76,0.03037,9e-05,-0.00012,0.00369,0.00033,-0,-0.00116,0.00044,-0,0.00021,-0,-1e-05,1e-05,0.00019,-0,-0,0.00011,1e-05,4e-05,3e-05,-0.00806,-0.00126,-0.00234,-0.00151,-2e-05,1e-05,1e-05,0.03988,-6e-05,0.00381,0.05517,0.00136,-6e-05,-0.00025
55.78,0.03249,0.00057,-8e-05,0.00374,0.00037,-0,-0.00113,0.00048,0,0.0002,-0,-0,1e-05,0.00023,0,-1e-05,0.0001,0,3e-05,2e-05,-0.00853,-0.00077,-0.00232,-0.00114,-3e-05,1e-05,2e-05,0.04593,-1e-05,0.00345,0.0633,0.00153,-7e-05,-0.00028
55.8,0.03461,0.00114,-3e-05,0.00377,0.00041,-0,-0.0011,0.0005,0,0.00017,-0,-0,0,0.00026,1e-05,-1e-05,9e-05,0,3e-05,2e-05,-0.00895,-0.00028,-0.00226,-0.0008,-4e-05,1e-05,2e-05,0.04968,-2e-05,0.00269,0.06964,0.00159,-8e-05,-0.00028
55.82,0.03652,0.00171,4e-05,0.00377,0.00044,-0,-0.00108,0.00051,0,0.00013,-0,0,-0,0.00025,1e-05,-2e-05,7e-05,0,3e-05,1e-05,-0.00909,0.00012,-0.00219,-0.00054,-5e-05,1e-05,2e-05,0.05077,-0.00036,0.00157,0.07383,0.00154,-8e-05,-0.00026
55.84,0.03802,0.0022,0.00012,0.0037,0.00046,-0,-0.00105,0.0005,0,8e-05,-0,0,-0,0.00022,1e-05,-3e-05,6e-05,0,2e-05,0,-0.00899,0.00036,-0.00208,-0.00034,-6e-05,1e-05,2e-05,0.04953,-0.00134,0.00057,0.07585,0.00138,-6e-05,-0.00022
55.86,0.03894,0.00258,0.00019,0.00355,0.00047,-0,-0.00097,0.00048,0,5e-05,-0,0,-1e-05,0.00018,1e-05,-3e-05,6e-05,0,2e-05,0,-0.00868,0.00038,-0.00195,-0.00018,-6e-05,1e-05,2e-05,0.04653,-0.00305,-1e-05,0.07579,0.00114,-5e-05,-0.00017
55.88,0.03914,0.00279,0.00024,0.00332,0.00046,-0,-0.00085,0.00044,-0,2e-05,-0,0,-1e-05,0.00013,1e-05,-4e-05,5e-05,0,2e-05,-0,-0.00806,0.00017,-0.00179,-8e-05,-5e-05,1e-05,2e-05,0.04234,-0.00552,-0.00011,0.07376,0.00083,-2e-05,-0.0001
55.9,0.03857,0.00277,0.00028,0.00302,0.00042,-0,-0.00072,0.0004,0,0,-0,0,-1e-05,7e-05,1e-05,-5e-05,5e-05,0,2e-05,-0,-0.00715,-0.00027,-0.00161,-3e-05,-4e-05,1e-05,1e-05,0.03703,-0.00883,0.00027,0.07042,0.00051,-0,-4e-05
55.92,0.03722,0.00249,0.00029,0.00265,0.00036,-0,-0.00059,0.00035,1e-05,-1e-05,-0,0,-1e-05,2e-05,1e-05,-5e-05,6e-05,0,2e-05,0,-0.00605,-0.00089,-0.00142,-2e-05,-2e-05,1e-05,1e-05,0.03074,-0.01312,0.00105,0.06624,0.00022,2e-05,2e-05
55.94,0.03507,0.00198,0.00027,0.00225,0.00028,-0,-0.00044,0.0003,2e-05,-2e-05,-0,0,-1e-05,-3e-05,0,-4e-05,6e-05,0,2e-05,0,-0.00478,-0.00165,-0.00121,0,-1e-05,1e-05,1e-05,0.02452,-0.01775,0.00199,0.06097,-2e-05,4e-05,6e-05
55.96,0.03216,0.00133,0.00023,0.00182,0.00018,-0,-0.00027,0.00025,3e-05,-3e-05,-0,-0,-1e-05,-7e-05,0,-3e-05,7e-05,0,2e-05,0,-0.00332,-0.00226,-0.00088,4e-05,0,0,0,0.01882,-0.02159,0.00262,0.05465,-0.0002,4e-05,8e-05
55.98,0.02862,0.00064,0.00018,0.00138,5e-05,0,-9e-05,0.00021,5e-05,-3e-05,-0,-0,-1e-05,-0.00011,0,-3e-05,8e-05,1e-05,2e-05,1e-05,-0.00188,-0.00216,-0.00044,6e-05,-3e-05,-0,-0,0.01386,-0.02397,0.00254,0.04733,-0.00033,5e-05,9e-05
56,0.02479,5e-05,0.00012,0.00097,-8e-05,0,9e-05,0.00016,7e-05,-3e-05,-0,-0,-1e-05,-0.00013,-0,-1e-05,9e-05,1e-05,3e-05,1e-05,-0.00081,-0.00106,-9e-05,4e-05,-0.00013,-1e-05,-1e-05,0.00895,-0.02436,0.00162,0.03968,-0.00044,4e-05,9e-05
56.02,0.02095,-0.00028,7e-05,0.00059,-0.00021,0,0.00026,0.00012,9e-05,-2e-05,-0,-0,-1e-05,-0.00012,-1e-05,-0,0.0001,1e-05,3e-05,1e-05,-0.00019,0.00135,0.00012,-8e-05,-0.00032,-2e-05,-1e-05,0.00329,-0.02243,-7e-05,0.03241,-0.00055,4e-05,8e-05
56.04,0.01704,-0.00032,2e-05,0.00023,-0.00033,0,0.0004,7e-05,0.00012,-1e-05,-0,-0,-1e-05,-0.0001,-3e-05,1e-05,0.0001,2e-05,4e-05,1e-05,2e-05,0.00512,0.0001,-0.00039,-0.0006,-3e-05,-1e-05,-0.00161,-0.01796,-0.00221,0.02513,-0.00068,4e-05,9e-05
56.06,0.01302,-3e-05,-1e-05,-0.0001,-0.00045,0,0.00052,3e-05,0.00015,0,-0,-0,-0,-8e-05,-5e-05,2e-05,0.00011,3e-05,4e-05,1e-05,-7e-05,0.01017,-0.00015,-0.00094,-0.00097,-4e-05,-1e-05,-0.00487,-0.01122,-0.00421,0.01786,-0.00085,4e-05,0.0001
56.08,0.00894,0.00063,-2e-05,-0.00042,-0.00057,0,0.0006,-1e-05,0.00018,2e-05,-0,-0,-0,-5e-05,-8e-05,2e-05,0.00011,4e-05,5e-05,1e-05,-0.00029,0.01605,-0.00059,-0.0017,-0.00143,-6e-05,-1e-05,-0.00664,-0.00281,-0.00565,0.01127,-0.00106,5e-05,0.00011
56.1,0.00489,0.00161,-0,-0.00073,-0.00059,0,0.00064,-6e-05,0.00019,4e-05,-0,-0,-0,-3e-05,-0.00012,2e-05,0.00011,5e-05,5e-05,1e-05,-0.00034,0.02198,-0.00103,-0.00274,-0.00194,-7e-05,-1e-05,-0.00673,0.00666,-0.00609,0.00606,-0.00125,6e-05,0.00012
56.12,0.0009,0.00278,3e-05,-0.00103,-0.00054,0,0.00065,-0.0001,0.0002,6e-05,-0,-0,-0,-2e-05,-0.00016,2e-05,0.00011,8e-05,5e-05,1e-05,-0,0.02699,-0.00119,-0.00427,-0.00243,-9e-05,0,-0.00554,0.01564,-0.00542,0.00261,-0.0014,6e-05,0.00013
56.14,-0.00303,0.004,9e-05,-0.00132,-0.00045,0,0.00063,-0.00013,0.0002,8e-05,-0,-0,-0,-1e-05,-0.00021,1e-05,0.00012,0.00011,6e-05,0,0.00081,0.03034,-0.00081,-0.00575,-0.00289,-9e-05,2e-05,-0.00353,0.02326,-0.0039,0.00093,-0.00145,7e-05,0.00012
56.16,-0.00683,0.00517,0.00016,-0.00159,-0.00032,0,0.0006,-0.00016,0.00018,0.0001,-0,-0,-0,-0,-0.00026,1e-05,0.00011,0.00015,6e-05,-0,0.00205,0.03181,0.00026,-0.00662,-0.0033,-8e-05,4e-05,-0.00123,0.02975,-0.00178,0.00093,-0.00139,7e-05,0.00011
56.18,-0.01038,0.00617,0.00024,-0.00182,-0.00017,0,0.00055,-0.00018,0.00015,0.00012,-0,0,-0,0,-0.00032,-0,0.00011,0.00018,7e-05,-1e-05,0.00353,0.03138,0.00196,-0.00697,-0.00363,-7e-05,7e-05,0.00108,0.0356,0.00083,0.00241,-0.00121,8e-05,0.00011
56.2,-0.01357,0.00683,0.0003,-0.00201,-1e-05,0,0.00048,-0.00019,0.0001,0.00013,-0,0,-0,-0,-0.00037,-1e-05,0.00011,0.00022,7e-05,-2e-05,0.00498,0.02959,0.00393,-0.00656,-0.0039,-5e-05,0.00011,0.00295,0.03867,0.00371,0.00508,-0.00097,9e-05,0.0001
56.22,-0.01638,0.00697,0.00034,-0.00215,0.00014,0,0.00038,-0.00017,5e-05,0.00013,-0,0,-0,-0,-0.0004,-2e-05,0.00011,0.00026,7e-05,-2e-05,0.00618,0.02701,0.00557,-0.00555,-0.00412,-2e-05,0.00014,0.00227,0.0356,0.0059,0.00824,-0.00073,0.0001,9e-05
56.24,-0.01852,0.00669,0.00036,-0.00222,0.00029,0,0.00028,-0.00013,0,0.00013,-0,0,-0,-1e-05,-0.00041,-3e-05,0.00011,0.00029,7e-05,-2e-05,0.00688,0.02389,0.00651,-0.00485,-0.00424,1e-05,0.00016,-0.00096,0.02873,0.00692,0.01143,-0.00052,0.00011,9e-05
56.26,-0.01974,0.00611,0.00034,-0.00222,0.0004,0,0.00017,-0.0001,-4e-05,0.00013,-0,-0,-0,-1e-05,-0.00042,-4e-05,0.0001,0.00029,7e-05,-2e-05,0.00695,0.02039,0.00671,-0.00491,-0.00419,3e-05,0.00017,-0.00509,0.02106,0.00698,0.01467,-0.00039,0.00014,8e-05
56.28,-0.02004,0.00531,0.0003,-0.00215,0.00049,0,5e-05,-6e-05,-8e-05,0.00012,-0,-0,-0,-3e-05,-0.0004,-5e-05,0.0001,0.00027,7e-05,-2e-05,0.00646,0.01665,0.00614,-0.00575,-0.00401,5e-05,0.00017,-0.00953,0.01258,0.00589,0.01786,-0.00032,0.00018,8e-05
56.3,-0.01944,0.0044,0.00025,-0.00202,0.00054,0,-6e-05,-3e-05,-0.0001,0.00011,-0,-0,0,-5e-05,-0.00037,-5e-05,9e-05,0.00024,7e-05,-1e-05,0.00536,0.01293,0.00504,-0.00751,-0.00368,5e-05,0.00016,-0.01444,0.00405,0.00342,0.01978,-0.00031,0.00021,7e-05
56.32,-0.01804,0.00352,0.00021,-0.00187,0.00055,0,-0.00017,-1e-05,-0.00011,9e-05,-0,-0,0,-6e-05,-0.00033,-5e-05,9e-05,0.00019,6e-05,-1e-05,0.00367,0.00943,0.00375,-0.01042,-0.00321,5e-05,0.00015,-0.02047,-0.00378,-0.00049,0.01835,-0.00033,0.00021,4e-05
56.34,-0.01611,0.00271,0.00018,-0.00173,0.00049,0,-0.00026,-0,-0.00011,8e-05,-0,-0,0,-8e-05,-0.00028,-5e-05,8e-05,0.00015,5e-05,-1e-05,0.00192,0.00608,0.00234,-0.01441,-0.00266,3e-05,0.00014,-0.02576,-0.00961,-0.00486,0.01458,-0.00033,0.0002,0
56.36,-0.0139,0.002,0.00016,-0.0016,0.00042,0,-0.00034,0,-0.0001,6e-05,-0,-0,0,-9e-05,-0.00022,-4e-05,8e-05,0.00011,4e-05,-1e-05,0.00056,0.00291,0.00091,-0.01916,-0.00207,0,0.00011,-0.02841,-0.01265,-0.00863,0.01029,-0.00028,0.00017,-2e-05
56.38,-0.0116,0.00141,0.00014,-0.00149,0.00036,0,-0.00041,-1e-05,-9e-05,5e-05,-0,-0,0,-0.0001,-0.00016,-4e-05,7e-05,9e-05,2e-05,-1e-05,-0.00022,0.0002,-0.00034,-0.02416,-0.00147,-4e-05,9e-05,-0.02889,-0.01301,-0.01157,0.00533,-0.00021,0.00012,-4e-05
56.4,-0.00936,0.00089,0.00013,-0.00141,0.00029,0,-0.00046,-2e-05,-7e-05,4e-05,-0,-0,0,-0.00011,-0.00011,-3e-05,6e-05,7e-05,1e-05,-1e-05,-0.00034,-0.00161,-0.00116,-0.02944,-0.0009,-9e-05,6e-05,-0.02584,-0.01005,-0.01253,0.00201,-0.00012,7e-05,-3e-05
56.42,-0.00736,0.00044,0.00011,-0.00133,0.00022,0,-0.00049,-4e-05,-6e-05,3e-05,-0,-0,0,-0.00011,-7e-05,-2e-05,4e-05,5e-05,-0,-1e-05,0.00025,-0.00223,-0.0015,-0.03503,-0.0004,-0.00014,3e-05,-0.01957,-0.0045,-0.01126,0.00117,-6e-05,2e-05,-1e-05
56.44,-0.00576,0.00013,7e-05,-0.00126,0.00013,0,-0.0005,-5e-05,-5e-05,3e-05,-0,-0,0,-0.00011,-4e-05,-1e-05,3e-05,4e-05,-2e-05,-1e-05,0.00147,-0.00152,-0.00137,-0.0388,-4e-05,-0.00019,0,-0.01338,0.00207,-0.00912,0.00048,-6e-05,-4e-05,2e-05
56.46,-0.00463,-0,2e-05,-0.00119,5e-05,-0,-0.00049,-7e-05,-4e-05,4e-05,-0,0,0,-0.00011,-2e-05,-0,1e-05,3e-05,-3e-05,-1e-05,0.00294,0.00042,-0.00076,-0.0389,0.00017,-0.00023,-2e-05,-0.00885,0.00917,-0.00676,-0.00089,-0.00014,-0.0001,4e-05
56.48,-0.00395,0.00011,-5e-05,-0.00111,-3e-05,-0,-0.00046,-8e-05,-2e-05,4e-05,-0,0,0,-0.00011,-1e-05,1e-05,-2e-05,2e-05,-4e-05,-1e-05,0.00424,0.00328,0.00025,-0.03515,0.00024,-0.00024,-4e-05,-0.00617,0.0167,-0.00406,-0.00254,-0.00027,-0.00013,5e-05
56.5,-0.00366,0.00047,-0.00015,-0.00102,-9e-05,-0,-0.0004,-9e-05,-1e-05,5e-05,-0,0,-0,-0.00012,-0,1e-05,-4e-05,1e-05,-5e-05,-1e-05,0.00484,0.0062,0.00148,-0.02749,0.00019,-0.00023,-5e-05,-0.00525,0.02359,-0.001,-0.00527,-0.00042,-0.00014,5e-05
56.52,-0.00367,0.00097,-0.00024,-0.00092,-0.00013,-0,-0.00033,-9e-05,-0,6e-05,-0,0,-0,-0.00013,-0,2e-05,-7e-05,0,-5e-05,-1e-05,0.00455,0.00809,0.00252,-0.01755,8e-05,-0.00019,-4e-05,-0.00574,0.0276,0.00242,-0.01209,-0.00054,-0.00014,4e-05
56.54,-0.00388,0.00153,-0.00032,-0.0008,-0.00016,-0,-0.00023,-9e-05,0,6e-05,-0,0,-0,-0.00015,0,2e-05,-9e-05,-0,-6e-05,-1e-05,0.00376,0.00926,0.00332,-0.00802,-3e-05,-0.00013,-3e-05,-0.00723,0.02885,0.00613,-0.02175,-0.0006,-0.00012,3e-05
56.56,-0.00419,0.00214,-0.00036,-0.00068,-0.00019,-0,-0.00011,-9e-05,1e-05,6e-05,-0,0,-0,-0.00016,0,3e-05,-0.00011,-1e-05,-6e-05,-1e-05,0.00287,0.01007,0.00405,-0.00116,-0.00013,-8e-05,-2e-05,-0.00936,0.02855,0.00994,-0.03059,-0.00059,-0.0001,2e-05
56.58,-0.00449,0.00271,-0.00037,-0.00054,-0.00021,-0,3e-05,-9e-05,1e-05,4e-05,-0,0,-0,-0.00017,1e-05,3e-05,-0.00013,-2e-05,-6e-05,-1e-05,0.00218,0.01055,0.00472,0.00187,-0.00019,-4e-05,-0,-0.01168,0.02689,0.01368,-0.03868,-0.00052,-8e-05,1e-05
56.6,-0.00469,0.00312,-0.00035,-0.00039,-0.00023,-0,0.00019,-0.0001,1e-05,2e-05,-0,0,-0,-0.00017,1e-05,3e-05,-0.00015,-3e-05,-5e-05,-1e-05,0.00165,0.01069,0.0052,0.00085,-0.00021,-1e-05,1e-05,-0.01398,0.02439,0.01651,-0.04309,-0.00043,-6e-05,-1e-05
56.62,-0.00474,0.00328,-0.00031,-0.0002,-0.00022,-0,0.00035,-0.00012,1e-05,-0,-0,0,-0,-0.00018,1e-05,2e-05,-0.00016,-3e-05,-5e-05,-1e-05,0.00125,0.01026,0.00511,-0.00282,-0.00019,0,1e-05,-0.01636,0.02154,0.01728,-0.04151,-0.00034,-4e-05,-1e-05
56.64,-0.00456,0.00321,-0.00026,1e-05,-0.00021,-0,0.0005,-0.00014,1e-05,-4e-05,-0,0,0,-0.00018,1e-05,2e-05,-0.00016,-4e-05,-5e-05,-1e-05,0.00098,0.00905,0.00437,-0.00646,-0.00018,1e-05,1e-05,-0.01868,0.01894,0.01632,-0.03751,-0.00028,-3e-05,-2e-05
56.66,-0.00412,0.003,-0.0002,0.00025,-0.00019,-0,0.00065,-0.00017,1e-05,-7e-05,-0,0,0,-0.00017,-0,2e-05,-0.00017,-4e-05,-5e-05,-1e-05,0.00078,0.00672,0.0028,-0.00757,-0.00016,1e-05,1e-05,-0.02078,0.01692,0.01441,-0.03342,-0.00023,-1e-05,-1e-05
56.68,-0.00349,0.00265,-0.00014,0.00052,-0.00016,-0,0.00079,-0.00021,1e-05,-0.00011,-0,0,0,-0.00014,-2e-05,2e-05,-0.00017,-4e-05,-4e-05,-1e-05,0.00065,0.00452,0.00142,-0.00797,-0.00013,0,1e-05,-0.02268,0.01526,0.01184,-0.02907,-0.0002,1e-05,2e-05
56.7,-0.00279,0.00218,-0.0001,0.0008,-0.00012,-0,0.00091,-0.00025,1e-05,-0.00015,-0,0,0,-0.00011,-3e-05,2e-05,-0.00017,-4e-05,-4e-05,-1e-05,0.00066,0.00284,0.00051,-0.00793,-0.0001,-0,1e-05,-0.02458,0.01333,0.00926,-0.02484,-0.00015,2e-05,4e-05
56.72,-0.00219,0.00161,-7e-05,0.00109,-8e-05,-0,0.00103,-0.00028,2e-05,-0.00018,-0,0,0,-8e-05,-4e-05,2e-05,-0.00016,-4e-05,-3e-05,-1e-05,0.00077,0.0018,4e-05,-0.00776,-7e-05,-0,0,-0.02663,0.01062,0.00729,-0.02101,-6e-05,3e-05,7e-05
56.74,-0.0018,0.00099,-5e-05,0.00135,-3e-05,-0,0.00113,-0.0003,3e-05,-0.0002,-0,0,0,-5e-05,-5e-05,2e-05,-0.00015,-4e-05,-3e-05,-1e-05,0.00092,0.00124,-7e-05,-0.00709,-4e-05,-0,0,-0.02874,0.0073,0.00604,-0.0174,0.00012,4e-05,9e-05
56.76,-0.0017,0.00035,-5e-05,0.00159,1e-05,-0,0.00122,-0.0003,4e-05,-0.00022,-0,0,0,-1e-05,-4e-05,2e-05,-0.00014,-4e-05,-3e-05,-1e-05,0.00105,0.0009,4e-05,-0.00575,-2e-05,-0,0,-0.03075,0.00382,0.0054,-0.01408,0.00038,4e-05,9e-05
56.78,-0.0019,-0.00033,-6e-05,0.0018,7e-05,0,0.0013,-0.00028,5e-05,-0.00023,-0,0,0,3e-05,-2e-05,2e-05,-0.00012,-4e-05,-2e-05,-1e-05,0.00112,0.00042,0.0002,-0.0039,-1e-05,-0,0,-0.03251,0.00049,0.00517,-0.01102,0.00072,4e-05,6e-05
56.8,-0.00232,-0.00102,-8e-05,0.00198,0.00012,0,0.00136,-0.00024,7e-05,-0.00023,-0,0,-0,7e-05,3e-05,2e-05,-0.00011,-4e-05,-2e-05,-1e-05,0.00128,-0.00048,0.00019,-0.0021,-0,-0,0,-0.03446,-0.00266,0.00481,-0.00803,0.00111,3e-05,2e-05
56.82,-0.00289,-0.00165,-0.00012,0.00212,0.00017,0,0.0014,-0.00017,9e-05,-0.00022,-0,-0,-0,0.0001,0.0001,1e-05,-9e-05,-4e-05,-2e-05,-1e-05,0.00177,-0.00135,5e-05,-0.0005,-0,0,0,-0.03717,-0.00566,0.00354,-0.00507,0.00151,1e-05,-4e-05
56.84,-0.0035,-0.00226,-0.00018,0.00222,0.00022,0,0.00144,-8e-05,0.00011,-0.0002,-0,-0,-0,0.00012,0.00018,1e-05,-7e-05,-4e-05,-2e-05,-1e-05,0.00251,-0.00188,-7e-05,0.00107,0,0,0,-0.04014,-0.00761,0.00144,-0.00231,0.00187,-2e-05,-0.00011
56.86,-0.00409,-0.00286,-0.00024,0.00229,0.00026,0,0.00145,0,0.00014,-0.00018,-0,-0,0,0.00015,0.00026,1e-05,-5e-05,-3e-05,-1e-05,-1e-05,0.00335,-0.00223,-0.00019,0.00239,1e-05,0,0,-0.04272,-0.00795,-0.00106,0.00018,0.00216,-5e-05,-0.00018
56.88,-0.00463,-0.00341,-0.00031,0.00232,0.00029,0,0.00146,8e-05,0.00017,-0.00014,0,-0,0,0.00017,0.00034,1e-05,-4e-05,-3e-05,-1e-05,-1e-05,0.00433,-0.00233,-0.00031,0.00333,1e-05,1e-05,0,-0.04496,-0.00697,-0.00402,0.00229,0.00235,-9e-05,-0.00025
56.9,-0.0051,-0.00389,-0.00039,0.00233,0.00031,0,0.00145,0.00014,0.00019,-0.00011,0,-0,0,0.00019,0.0004,1e-05,-2e-05,-3e-05,-1e-05,-1e-05,0.00537,-0.00227,-0.00045,0.00384,1e-05,1e-05,0,-0.04723,-0.00448,-0.0062,0.00377,0.00241,-0.00013,-0.0003
56.92,-0.00554,-0.0043,-0.00045,0.0023,0.00032,0,0.00143,0.00016,0.00021,-9e-05,0,-0,0,0.00021,0.00043,1e-05,-0,-3e-05,-1e-05,-1e-05,0.00634,-0.00213,-0.00063,0.00391,2e-05,1e-05,0,-0.05013,-0.00135,-0.00637,0.00427,0.00234,-0.00016,-0.00033
56.94,-0.00598,-0.00461,-0.0005,0.00225,0.00032,0,0.0014,0.00016,0.00023,-8e-05,0,0,0,0.00021,0.00044,0,1e-05,-3e-05,-1e-05,-1e-05,0.00732,-0.00184,-0.00081,0.00369,2e-05,1e-05,0,-0.05319,0.00105,-0.00541,0.0036,0.00213,-0.00017,-0.00033
56.96,-0.00643,-0.00478,-0.00053,0.00215,0.00032,0,0.00137,0.00015,0.00023,-6e-05,0,0,0,0.00021,0.00043,0,3e-05,-3e-05,-1e-05,-1e-05,0.00839,-0.00142,-0.00099,0.00338,3e-05,1e-05,0,-0.05577,0.00234,-0.00393,0.00173,0.00178,-0.00016,-0.00029
56.98,-0.00698,-0.0048,-0.00054,0.00201,0.00031,0,0.00134,0.00014,0.00022,-5e-05,0,0,-0,0.00019,0.00039,0,5e-05,-3e-05,-1e-05,-1e-05,0.00948,-0.00093,-0.00115,0.00305,4e-05,0,0,-0.05828,0.00247,-0.00197,-0.00122,0.00133,-0.00013,-0.00023
57,-0.0077,-0.00464,-0.00053,0.00181,0.00031,0,0.00132,0.00013,0.00018,-5e-05,0,0,-0,0.00017,0.00034,0,7e-05,-3e-05,-1e-05,-1e-05,0.01056,-0.00046,-0.00126,0.00275,4e-05,0,-0,-0.05959,0.0015,0.00026,-0.00492,0.00084,-9e-05,-0.00015
57.02,-0.00865,-0.00433,-0.00049,0.00154,0.00031,0,0.00132,0.00014,0.00012,-5e-05,0,0,0,0.00017,0.00028,0,9e-05,-3e-05,-1e-05,-1e-05,0.01158,-7e-05,-0.0013,0.00249,5e-05,0,-0,-0.05799,-0.00019,0.00187,-0.00914,0.00039,-4e-05,-6e-05
57.04,-0.00988,-0.00383,-0.00044,0.0012,0.0003,0,0.00132,0.00016,4e-05,-6e-05,0,0,0,0.00018,0.0002,0,0.00011,-2e-05,-1e-05,-1e-05,0.01241,0.00024,-0.00126,0.00233,5e-05,0,-0,-0.05477,-0.00193,0.00236,-0.01347,3e-05,1e-05,1e-05
57.06,-0.01141,-0.00318,-0.00036,0.00076,0.0003,0,0.00132,0.0002,-5e-05,-7e-05,0,0,0,0.00018,0.00012,0,0.00015,-2e-05,-1e-05,-1e-05,0.01298,0.00044,-0.00116,0.00226,6e-05,-0,-0,-0.05071,-0.00334,0.00214,-0.01725,-0.00022,4e-05,7e-05
57.08,-0.01317,-0.00246,-0.00027,0.00024,0.00029,0,0.00131,0.00025,-0.00016,-9e-05,0,0,0,0.0002,3e-05,0,0.00017,-2e-05,-1e-05,-1e-05,0.01328,0.00053,-0.00098,0.00227,6e-05,-0,-0,-0.04506,-0.00399,0.00137,-0.01994,-0.00035,6e-05,0.00011
57.1,-0.01505,-0.00173,-0.00017,-0.00036,0.00028,0,0.00128,0.00033,-0.00027,-0.0001,0,0,0,0.00022,-7e-05,-0,0.00021,-1e-05,-0,-1e-05,0.01336,0.00054,-0.0008,0.00237,6e-05,-0,-0,-0.03835,-0.00407,0.00076,-0.02106,-0.00037,7e-05,0.00012
57.12,-0.01688,-0.00106,-6e-05,-0.00099,0.00027,0,0.00121,0.00042,-0.00036,-8e-05,0,0,1e-05,0.00026,-0.00017,-1e-05,0.00026,-0,-0,-1e-05,0.01333,0.00049,-0.00067,0.00254,6e-05,-0,-0,-0.03105,-0.00419,0.00058,-0.0203,-0.00033,7e-05,0.00012
57.14,-0.01846,-0.00052,4e-05,-0.00163,0.00026,0,0.00112,0.00053,-0.00041,-5e-05,0,-0,1e-05,0.00031,-0.00026,-1e-05,0.00032,1e-05,-0,-1e-05,0.01317,0.00041,-0.00055,0.00272,5e-05,0,-0,-0.02283,-0.00384,0.00037,-0.01784,-0.00025,6e-05,0.0001
57.16,-0.01964,-0.00015,0.00012,-0.00225,0.00024,0,0.00103,0.00063,-0.00045,0,0,-0,2e-05,0.00036,-0.00034,-2e-05,0.00038,2e-05,-0,-0,0.01285,0.00032,-0.00042,0.00287,5e-05,0,-0,-0.01425,-0.00282,0.00011,-0.01424,-0.00018,5e-05,8e-05
57.18,-0.02034,0.0001,0.00018,-0.00282,0.00022,0,0.00094,0.00072,-0.00047,5e-05,0,-0,3e-05,0.00041,-0.00041,-4e-05,0.00044,4e-05,-0,0,0.01244,0.00023,-0.0003,0.00296,4e-05,0,-0,-0.00632,-0.00158,-4e-05,-0.01022,-0.00011,3e-05,5e-05
57.2,-0.02051,0.00025,0.00022,-0.00332,0.0002,0,0.00087,0.0008,-0.00045,0.00012,0,-0,3e-05,0.00044,-0.00047,-5e-05,0.00049,6e-05,-0,0,0.01192,0.00016,-0.00019,0.00299,4e-05,0,-0,0.00027,-0.00035,-7e-05,-0.00638,-6e-05,2e-05,3e-05
57.22,-0.02014,0.00033,0.00024,-0.00372,0.00018,0,0.00082,0.00088,-0.00034,0.00022,1e-05,-1e-05,4e-05,0.00046,-0.00049,-5e-05,0.00056,0.0001,-0,1e-05,0.01131,0.00011,-0.00011,0.00293,3e-05,0,-0,0.00522,0.00063,0,-0.00313,-3e-05,1e-05,2e-05
57.24,-0.01933,0.00039,0.00025,-0.00399,0.00016,0,0.0008,0.00094,-0.0002,0.00031,1e-05,-1e-05,5e-05,0.00046,-0.00049,-4e-05,0.00062,0.00014,-0,2e-05,0.01061,8e-05,-6e-05,0.00281,3e-05,0,-0,0.00852,0.00122,0.00011,-0.00068,-1e-05,0,1e-05
57.26,-0.01813,0.00043,0.00025,-0.00414,0.00014,0,0.00078,0.00094,-8e-05,0.00038,1e-05,-0,6e-05,0.00045,-0.00047,-3e-05,0.00066,0.00017,-0,2e-05,0.00982,8e-05,-2e-05,0.00262,2e-05,0,0,0.01031,0.0015,0.00019,0.00094,0,-0,-0
57.28,-0.01661,0.00045,0.00024,-0.00415,0.00012,0,0.00075,0.00088,2e-05,0.00044,1e-05,-0,6e-05,0.00043,-0.00045,-2e-05,0.00069,0.00019,-0,2e-05,0.00896,9e-05,-1e-05,0.00239,2e-05,0,0,0.01016,0.00141,0.00019,0.00142,1e-05,-0,-0
57.3,-0.0148,0.00047,0.00021,-0.00403,0.0001,0,0.00069,0.00078,8e-05,0.00045,1e-05,0,6e-05,0.00039,-0.00043,-2e-05,0.00067,0.0002,0,2e-05,0.00797,0.00011,0,0.00212,2e-05,0,-0,0.0089,0.00118,0.00013,0.00127,0,-0,-0
57.32,-0.01278,0.00048,0.00018,-0.00378,8e-05,0,0.0006,0.00063,0.0001,0.00037,1e-05,0,5e-05,0.00031,-0.0004,-1e-05,0.00056,0.00019,0,2e-05,0.00684,0.00012,0,0.00182,1e-05,0,-0,0.0075,0.00101,7e-05,0.00109,0,-0,-0
57.34,-0.01063,0.00047,0.00015,-0.00341,7e-05,0,0.00047,0.00049,9e-05,0.00028,0,1e-05,3e-05,0.00022,-0.00035,-1e-05,0.00042,0.00016,0,1e-05,0.00565,0.00013,0,0.00152,1e-05,0,-0,0.00606,0.00089,2e-05,0.00088,0,-0,-0
57.36,-0.00837,0.00045,0.00012,-0.00292,5e-05,0,0.00033,0.00037,6e-05,0.0002,0,1e-05,2e-05,0.00013,-0.0003,-1e-05,0.00029,0.00013,0,0,0.00445,0.00011,0,0.00122,1e-05,0,-0,0.00462,0.0008,-4e-05,0.00066,0,-0,-0
57.38,-0.00603,0.00042,8e-05,-0.00233,4e-05,0,0.00017,0.00027,4e-05,0.00013,0,1e-05,1e-05,5e-05,-0.00023,-1e-05,0.00015,0.0001,0,-0,0.0032,7e-05,0,0.00091,1e-05,0,-0,0.00318,0.00075,-0.0001,0.00044,0,-0,-0
57.4,-0.00363,0.00038,5e-05,-0.00166,2e-05,0,-1e-05,0.00019,1e-05,5e-05,0,1e-05,0,-1e-05,-0.00016,-1e-05,-1e-05,6e-05,0,-0,0.0019,0,1e-05,0.00059,1e-05,0,-0,0.00172,0.00071,-0.00016,0.00022,0,-0,-0
57.42,-0.0012,0.00035,2e-05,-0.00093,1e-05,0,-0.00018,0.00012,-0,-4e-05,-0,1e-05,-1e-05,-4e-05,-9e-05,-0,-0.00018,2e-05,0,-1e-05,0.00055,-7e-05,1e-05,0.00028,0,0,0,0.00025,0.00068,-0.00022,-1e-05,0,-0,-0
57.44,0.00125,0.00031,-1e-05,-0.00015,-1e-05,0,-0.00034,7e-05,1e-05,-0.00014,-0,0,-2e-05,-1e-05,-3e-05,1e-05,-0.00036,0,-0,-1e-05,-0.00083,-0.00015,2e-05,-3e-05,-0,0,0,-0.0012,0.00062,-0.00027,-0.00023,0,-0,-0
57.46,0.0037,0.00029,-4e-05,0.00064,-3e-05,0,-0.00048,1e-05,5e-05,-0.00025,-0,0,-3e-05,9e-05,3e-05,3e-05,-0.00056,-1e-05,0,-1e-05,-0.00225,-0.00024,3e-05,-0.00033,-0,0,0,-0.00262,0.00054,-0.00031,-0.00045,0,-0,-0
57.48,0.00618,0.00027,-5e-05,0.00142,-5e-05,0,-0.00058,-8e-05,0.00011,-0.00039,-0,0,-4e-05,0.00026,7e-05,6e-05,-0.00079,-2e-05,0,-1e-05,-0.00372,-0.00033,4e-05,-0.00064,-1e-05,0,0,-0.00403,0.00041,-0.00033,-0.00068,0,-0,-0
57.5,0.00864,0.00026,-6e-05,0.00214,-9e-05,0,-0.00061,-0.00019,0.00019,-0.00055,-0,0,-5e-05,0.00053,0.0001,9e-05,-0.001,-1e-05,0,-1e-05,-0.00525,-0.00043,6e-05,-0.00094,-1e-05,0,0,-0.00538,0.00022,-0.00032,-0.00092,0,-0,-0
57.52,0.01104,0.00027,-4e-05,0.00279,-0.00012,0,-0.00052,-0.00034,0.00028,-0.00067,-0,0,-6e-05,0.00095,0.00012,0.00012,-0.0011,-1e-05,0,0,-0.00676,-0.00053,8e-05,-0.00123,-1e-05,0,0,-0.00661,-6e-05,-0.00024,-0.00117,-0,-1e-05,-0
57.54,0.01338,0.0003,2e-05,0.00333,-0.00017,0,-0.00032,-0.00051,0.00038,-0.00076,-0,0,-5e-05,0.0015,0.00012,0.00014,-0.00112,0,1e-05,2e-05,-0.00828,-0.00065,0.00011,-0.00153,-2e-05,0,0,-0.00769,-0.00045,-0.0001,-0.00144,-0,-1e-05,-0
57.56,0.01571,0.00035,0.00011,0.00372,-0.00022,0,-7e-05,-0.0007,0.00045,-0.00082,-0,0,-5e-05,0.00208,0.00012,0.00016,-0.00112,1e-05,1e-05,4e-05,-0.00983,-0.00076,0.00013,-0.00182,-2e-05,0,1e-05,-0.00854,-0.00093,0.0001,-0.00168,-1e-05,-1e-05,-0
57.58,0.01807,0.00043,0.00024,0.00397,-0.00027,0,0.0002,-0.0009,0.00048,-0.00085,-0,-0,-4e-05,0.00264,0.00011,0.00016,-0.00108,2e-05,2e-05,7e-05,-0.01141,-0.00086,0.00015,-0.0021,-3e-05,0,1e-05,-0.00924,-0.00153,0.00037,-0.00194,-1e-05,-0,-0
57.6,0.02048,0.00054,0.0004,0.00408,-0.00033,0,0.00047,-0.00104,0.00047,-0.00079,-0,-0,-3e-05,0.0032,8e-05,0.00014,-0.00097,3e-05,2e-05,9e-05,-0.01296,-0.00093,0.00017,-0.00236,-3e-05,0,1e-05,-0.00976,-0.00218,0.00068,-0.00221,-1e-05,-0,-0
57.62,0.02294,0.00068,0.00054,0.00407,-0.00038,0,0.00077,-0.00105,0.0004,-0.0006,-0,-0,-2e-05,0.00379,4e-05,0.00011,-0.00075,4e-05,3e-05,0.00011,-0.01437,-0.00093,0.0002,-0.00256,-4e-05,0,1e-05,-0.01003,-0.00281,0.00102,-0.00246,-1e-05,-0,-0
57.64,0.02549,0.00086,0.00065,0.00397,-0.00039,0,0.001,-0.00094,0.0003,-0.00036,-0,0,-1e-05,0.0043,-2e-05,8e-05,-0.00052,5e-05,4e-05,0.00013,-0.01561,-0.00086,0.00025,-0.00271,-4e-05,0,1e-05,-0.01006,-0.00337,0.00136,-0.00269,-1e-05,-0,-0
57.66,0.02826,0.00108,0.00071,0.00378,-0.00039,0,0.00109,-0.00077,0.0002,-0.00014,-0,0,0,0.00461,-7e-05,5e-05,-0.00031,6e-05,4e-05,0.00013,-0.01537,-0.0006,0.00018,-0.00168,-2e-05,0,0,-0.00989,-0.00382,0.00165,-0.00287,-1e-05,-0,-0
57.68,0.03127,0.00132,0.00069,0.00355,-0.00039,0,0.00103,-0.00055,0.00011,7e-05,0,1e-05,1e-05,0.00475,-0.00012,3e-05,-0.00012,6e-05,3e-05,0.00013,-0.01243,-0.00011,-0.00011,0.00138,5e-05,-0,-1e-05,-0.00958,-0.00408,0.00186,-0.00297,-1e-05,-0,-0
57.7,0.03444,0.0016,0.0006,0.00328,-0.00039,0,0.00099,-0.00032,4e-05,0.00018,0,1e-05,2e-05,0.00477,-0.00015,1e-05,-1e-05,6e-05,2e-05,0.0001,-0.00734,0.00037,-0.0005,0.00574,0.00015,-1e-05,-2e-05,-0.009,-0.00411,0.00197,-0.00298,-1e-05,-0,-0
57.72,0.03764,0.00191,0.00045,0.00299,-0.00039,0,0.00115,-0.0001,-0,0.00017,0,2e-05,2e-05,0.00474,-0.00015,1e-05,-1e-05,5e-05,1e-05,7e-05,5e-05,0.00074,-0.00095,0.01129,0.00028,-1e-05,-4e-05,-0.0082,-0.00392,0.00198,-0.00292,-1e-05,-0,-0
57.74,0.04086,0.00224,0.00026,0.00271,-0.0004,0,0.00145,7e-05,-1e-05,0.00012,0,3e-05,1e-05,0.00463,-0.00013,-0,-2e-05,4e-05,0,3e-05,0.00956,0.00086,-0.0014,0.01771,0.00043,-2e-05,-5e-05,-0.0074,-0.00347,0.00185,-0.0028,-1e-05,-0,-0
57.76,0.04414,0.00258,7e-05,0.00244,-0.00041,0,0.00178,0.00019,-1e-05,7e-05,0,5e-05,1e-05,0.00441,-0.0001,-1e-05,-1e-05,3e-05,-1e-05,-0,0.02082,0.0006,-0.00174,0.02454,0.00059,-2e-05,-7e-05,-0.00684,-0.00278,0.00158,-0.00259,-0,0,0
57.78,0.04738,0.00289,-9e-05,0.00218,-0.00042,0,0.0022,0.00024,1e-05,2e-05,0,6e-05,1e-05,0.00413,-7e-05,-2e-05,-0,2e-05,-1e-05,-3e-05,0.03309,-0.0001,-0.00189,0.03107,0.00074,-2e-05,-8e-05,-0.00683,-0.00193,0.00123,-0.00231,0,0,0
57.8,0.05037,0.00315,-0.00019,0.00194,-0.00044,0,0.00267,0.00021,2e-05,-2e-05,1e-05,7e-05,0,0.00378,-5e-05,-2e-05,0,1e-05,-1e-05,-5e-05,0.04515,-0.00119,-0.00182,0.03665,0.00087,-2e-05,-8e-05,-0.0072,-0.00105,0.00083,-0.00205,1e-05,1e-05,0
57.82,0.05281,0.00327,-0.0002,0.00171,-0.00046,0,0.00311,0.00011,1e-05,-2e-05,1e-05,7e-05,-0,0.00333,-3e-05,-3e-05,2e-05,1e-05,-1e-05,-6e-05,0.05558,-0.00254,-0.00162,0.0409,0.00097,-1e-05,-7e-05,-0.00747,-0.00025,0.00044,-0.00184,2e-05,1e-05,1e-05
57.84,0.0546,0.00325,-0.00012,0.00149,-0.00048,0,0.00345,1e-05,-1e-05,3e-05,1e-05,7e-05,-0,0.00282,-2e-05,-2e-05,6e-05,0,1e-05,-6e-05,0.06365,-0.00392,-0.00134,0.04353,0.00107,0,-6e-05,-0.00806,0.00042,8e-05,-0.0017,2e-05,1e-05,1e-05
57.86,0.05575,0.00309,1e-05,0.00128,-0.00039,0,0.00369,-4e-05,-4e-05,0.0001,0,6e-05,-0,0.00234,-1e-05,-2e-05,9e-05,0,2e-05,-5e-05,0.06921,-0.00507,-0.00103,0.04458,0.00116,1e-05,-5e-05,-0.00929,0.00092,-0.00022,-0.00161,3e-05,1e-05,1e-05
57.88,0.05614,0.00279,0.00018,0.00106,-0.00024,0,0.00384,-6e-05,-6e-05,0.00019,0,5e-05,-0,0.0019,2e-05,-1e-05,0.00012,0,4e-05,-4e-05,0.07222,-0.00592,-0.0007,0.04426,0.00124,2e-05,-4e-05,-0.01084,0.00126,-0.0005,-0.00159,3e-05,2e-05,1e-05
57.9,0.05565,0.00241,0.00036,0.00083,-5e-05,0,0.0038,-3e-05,-9e-05,0.00026,0,4e-05,0,0.0015,6e-05,-1e-05,0.00016,-0,6e-05,-4e-05,0.07319,-0.00659,-0.0003,0.0432,0.00131,4e-05,-2e-05,-0.01219,0.00146,-0.00073,-0.00162,3e-05,2e-05,1e-05
57.92,0.05422,0.00202,0.0005,0.00059,0.00016,0,0.0035,3e-05,-0.0001,0.0003,0,2e-05,0,0.00115,0.0001,-0,0.0002,-0,7e-05,-3e-05,0.0728,-0.00739,0.00034,0.04214,0.00132,5e-05,0,-0.01268,0.00152,-0.00092,-0.00173,2e-05,2e-05,1e-05
57.94,0.05182,0.00169,0.0006,0.00035,0.00037,0,0.00312,9e-05,-0.00012,0.00032,0,1e-05,0,0.00088,0.00014,0,0.00025,-0,8e-05,-2e-05,0.07135,-0.0086,0.00135,0.04097,0.00127,7e-05,3e-05,-0.01239,0.00139,-0.00098,-0.00177,1e-05,2e-05,1e-05
57.96,0.04857,0.00148,0.00065,0.0001,0.00056,0,0.00276,0.00015,-0.00012,0.00032,0,1e-05,1e-05,0.00071,0.00017,0,0.0003,-0,8e-05,-1e-05,0.06903,-0.01036,0.00272,0.03948,0.00114,9e-05,7e-05,-0.01266,0.00092,-0.0007,-0.00074,-1e-05,1e-05,0
57.98,0.04452,0.00143,0.00068,-0.00013,0.00061,0,0.00245,0.00018,-0.00012,0.00032,0,0,1e-05,0.00062,0.00018,0,0.00036,-0,7e-05,-0,0.066,-0.01261,0.00431,0.0381,0.00095,0.00011,0.00012,-0.01392,0.0004,-0.00024,0.00121,-4e-05,-0,-0
58,0.03999,0.00152,0.00066,-0.00035,0.00058,0,0.00215,0.00019,-0.00012,0.00029,0,-0,1e-05,0.00059,0.00018,0,0.00041,-0,6e-05,1e-05,0.06289,-0.01505,0.00571,0.03593,0.00072,0.00014,0.00016,-0.01684,3e-05,0.00033,0.00434,-8e-05,-1e-05,-0
58.02,0.03533,0.00172,0.0006,-0.00054,0.00055,0,0.00184,0.00018,-0.00011,0.00023,0,-0,1e-05,0.00057,0.00016,1e-05,0.00045,-0,4e-05,1e-05,0.06005,-0.01724,0.00645,0.03178,0.00049,0.00015,0.0002,-0.02113,0.00011,0.00082,0.0085,-0.00012,-2e-05,-1e-05
58.04,0.03051,0.00199,0.00051,-0.0007,0.00049,0,0.00156,0.00015,-0.0001,0.00016,0,-1e-05,2e-05,0.00057,0.00013,2e-05,0.00047,-0,3e-05,2e-05,0.05729,-0.01871,0.00635,0.02648,0.00025,0.00016,0.00022,-0.02642,0.00097,0.00098,0.01339,-0.00014,-3e-05,-1e-05
58.06,0.02555,0.00223,0.00041,-0.00083,0.00043,0,0.00133,0.00012,-9e-05,0.0001,0,-1e-05,2e-05,0.00058,0.0001,2e-05,0.00048,-0,1e-05,2e-05,0.05427,-0.01911,0.00545,0.02094,1e-05,0.00017,0.00023,-0.0328,0.00282,0.00066,0.0188,-0.00012,-4e-05,-1e-05
58.08,0.02058,0.00237,0.00029,-0.00092,0.00036,0,0.00113,9e-05,-7e-05,4e-05,0,-1e-05,3e-05,0.00059,7e-05,4e-05,0.00049,-0,1e-05,3e-05,0.05088,-0.01846,0.00398,0.01508,-0.00021,0.00016,0.00022,-0.03976,0.00567,-0.00022,0.02403,-5e-05,-6e-05,-2e-05
58.1,0.01612,0.00229,0.00017,-0.00099,0.00028,0,0.00096,6e-05,-5e-05,-2e-05,0,-1e-05,3e-05,0.00058,4e-05,4e-05,0.00045,-0,0,3e-05,0.04786,-0.01687,0.00228,0.00911,-0.00044,0.00014,0.00021,-0.0454,0.00917,-0.0015,0.02842,7e-05,-8e-05,-2e-05
58.12,0.01258,0.00193,5e-05,-0.00104,0.00019,0,0.00079,3e-05,-4e-05,-6e-05,0,-1e-05,3e-05,0.00052,1e-05,5e-05,0.00036,-0,-0,3e-05,0.04573,-0.01455,0.00068,0.00339,-0.00067,0.00013,0.0002,-0.0473,0.01241,-0.00275,0.03157,0.00019,-0.00011,-3e-05
58.14,0.00965,0.00132,-4e-05,-0.00107,0.0001,-0,0.00063,-1e-05,-2e-05,-9e-05,0,-1e-05,3e-05,0.00044,-1e-05,5e-05,0.00026,-0,-0,2e-05,0.04358,-0.01183,-0.00058,-0.0016,-0.00092,0.00011,0.00018,-0.04649,0.01467,-0.00355,0.03326,0.00029,-0.00014,-3e-05
58.16,0.00708,0.00058,-0.0001,-0.00107,0,-0,0.00049,-7e-05,-0,-0.0001,0,-1e-05,3e-05,0.00037,-3e-05,4e-05,0.00017,-0,-0,2e-05,0.04082,-0.00894,-0.0014,-0.0056,-0.00119,9e-05,0.00017,-0.04489,0.01568,-0.00376,0.03372,0.00032,-0.00015,-3e-05
58.18,0.00492,-0.00021,-0.00013,-0.00105,-0.0001,-0,0.00034,-0.00014,2e-05,-0.0001,0,-1e-05,3e-05,0.00029,-4e-05,3e-05,9e-05,-0,-0,1e-05,0.03775,-0.00599,-0.0018,-0.00861,-0.00145,8e-05,0.00016,-0.04253,0.01523,-0.00333,0.03321,0.00026,-0.00016,-3e-05
58.2,0.00325,-0.00091,-0.00013,-0.001,-0.00018,-0,0.00022,-0.00022,3e-05,-9e-05,0,-1e-05,2e-05,0.00022,-5e-05,1e-05,1e-05,-0,0,1e-05,0.03433,-0.00305,-0.00184,-0.01035,-0.00168,7e-05,0.00016,-0.03976,0.01371,-0.00255,0.03195,0.00014,-0.00015,-3e-05
58.22,0.00211,-0.0014,-0.00011,-0.00094,-0.00021,-0,0.00015,-0.00028,4e-05,-7e-05,0,-1e-05,1e-05,0.00014,-5e-05,-1e-05,-6e-05,-0,0,0,0.03055,-0.00023,-0.00163,-0.01071,-0.00184,6e-05,0.00017,-0.03702,0.0118,-0.00172,0.03033,-2e-05,-0.00012,-2e-05
58.24,0.00127,-0.00171,-8e-05,-0.00087,-0.0002,-0,9e-05,-0.00035,4e-05,-5e-05,0,-0,1e-05,8e-05,-4e-05,-3e-05,-0.00011,-0,0,0,0.02654,0.00232,-0.00126,-0.01006,-0.0019,6e-05,0.00017,-0.03454,0.00966,-0.00092,0.02872,-0.00018,-9e-05,-1e-05
58.26,0.00057,-0.00189,-7e-05,-0.00078,-0.00013,-0,3e-05,-0.00041,4e-05,-2e-05,0,-0,1e-05,3e-05,-4e-05,-6e-05,-0.00016,-0,0,-0,0.02236,0.00447,-0.00081,-0.00869,-0.00186,6e-05,0.00018,-0.03256,0.00736,-0.00024,0.02734,-0.00032,-6e-05,-1e-05
58.28,-3e-05,-0.00194,-6e-05,-0.00068,-2e-05,-0,-1e-05,-0.00048,3e-05,-1e-05,0,-0,0,0,-3e-05,-7e-05,-0.00019,0,0,-0,0.01816,0.0061,-0.00036,-0.00681,-0.00172,6e-05,0.00019,-0.03105,0.00513,0.0002,0.02624,-0.00043,-3e-05,-0
58.3,-0.00049,-0.00188,-6e-05,-0.00057,0.00014,-0,-4e-05,-0.00053,3e-05,0,0,-0,0,-2e-05,-2e-05,-9e-05,-0.00021,0,0,-0,0.01387,0.00702,-1e-05,-0.00444,-0.00152,6e-05,0.00019,-0.02993,0.00331,0.00037,0.02547,-0.00049,-1e-05,1e-05
58.32,-0.00079,-0.00174,-7e-05,-0.00046,0.0003,-0,-7e-05,-0.00057,2e-05,1e-05,0,-1e-05,0,-3e-05,-1e-05,-9e-05,-0.00021,0,0,-0,0.00966,0.00707,0.00016,-0.002,-0.00127,6e-05,0.00018,-0.02912,0.00212,0.00033,0.02501,-0.00051,1e-05,2e-05
58.34,-0.00102,-0.00154,-8e-05,-0.00036,0.00044,-0,-8e-05,-0.0006,1e-05,2e-05,0,-1e-05,0,-3e-05,-0,-9e-05,-0.00021,0,-0,0,0.00607,0.00631,0.0002,-9e-05,-0.00102,5e-05,0.00015,-0.02856,0.00129,0.00016,0.02477,-0.0005,2e-05,3e-05
58.36,-0.00124,-0.00129,-9e-05,-0.00027,0.00054,-0,-8e-05,-0.00062,0,3e-05,0,-1e-05,1e-05,-3e-05,0,-8e-05,-0.0002,0,-0,0,0.0034,0.00499,0.00013,0.00115,-0.00079,4e-05,0.00012,-0.0281,0.00068,-0.0001,0.02457,-0.00048,2e-05,3e-05
58.38,-0.00143,-0.00102,-0.00011,-0.00019,0.00061,-0,-7e-05,-0.00061,-0,4e-05,0,-1e-05,1e-05,-2e-05,1e-05,-6e-05,-0.00019,0,-0,1e-05,0.00166,0.00346,-4e-05,0.00178,-0.0006,2e-05,9e-05,-0.02754,0.0003,-0.00034,0.02418,-0.00044,2e-05,4e-05
58.4,-0.00156,-0.00072,-0.00012,-0.00012,0.00064,-0,-6e-05,-0.0006,-1e-05,5e-05,0,-2e-05,1e-05,-2e-05,1e-05,-4e-05,-0.00017,0,-0,1e-05,0.0007,0.00211,-0.00026,0.00188,-0.00045,0,7e-05,-0.02678,0.0001,-0.00051,0.02349,-0.0004,2e-05,4e-05
58.42,-0.00161,-0.00042,-0.00014,-7e-05,0.00063,-0,-5e-05,-0.00056,-1e-05,5e-05,-0,-2e-05,1e-05,-1e-05,1e-05,-2e-05,-0.00014,0,-0,1e-05,0.00025,0.00131,-0.00044,0.0016,-0.00036,-1e-05,5e-05,-0.02579,4e-05,-0.00058,0.02238,-0.00036,2e-05,4e-05
58.44,-0.0016,-0.00012,-0.00016,-2e-05,0.00059,-0,-3e-05,-0.00051,-2e-05,4e-05,-0,-2e-05,2e-05,-1e-05,2e-05,0,-0.00011,0,0,1e-05,8e-05,0.00125,-0.00053,0.0011,-0.00032,-2e-05,4e-05,-0.02435,1e-05,-0.00058,0.02054,-0.00032,3e-05,4e-05
58.46,-0.00156,0.00017,-0.00019,1e-05,0.00053,-0,-2e-05,-0.00045,-2e-05,3e-05,-0,-2e-05,2e-05,-1e-05,2e-05,2e-05,-9e-05,0,0,2e-05,-1e-05,0.00188,-0.00051,0.00044,-0.00035,-3e-05,4e-05,-0.02224,0,-0.00053,0.01768,-0.00028,3e-05,4e-05
58.48,-0.00149,0.00043,-0.00022,4e-05,0.00046,-0,-1e-05,-0.00037,-2e-05,2e-05,-0,-2e-05,2e-05,-1e-05,2e-05,4e-05,-6e-05,0,0,2e-05,-0.00013,0.00295,-0.00034,-0.00055,-0.00043,-3e-05,4e-05,-0.01936,0,-0.00044,0.01366,-0.00024,5e-05,5e-05
58.5,-0.00137,0.00067,-0.00025,7e-05,0.00038,-0,0,-0.00029,-2e-05,1e-05,-0,-2e-05,2e-05,-2e-05,2e-05,6e-05,-4e-05,0,0,2e-05,-0.0002,0.00407,-1e-05,-0.00188,-0.00057,-3e-05,5e-05,-0.01573,1e-05,-0.00033,0.00846,-0.0002,7e-05,5e-05
58.52,-0.00118,0.00087,-0.00028,9e-05,0.0003,-0,1e-05,-0.0002,-2e-05,-1e-05,-0,-2e-05,2e-05,-2e-05,2e-05,7e-05,-3e-05,0,-0,2e-05,-0.00011,0.00477,0.00034,-0.00336,-0.00075,-3e-05,5e-05,-0.01141,3e-05,-0.00017,0.00214,-0.00014,0.00012,6e-05
58.54,-0.00097,0.00101,-0.0003,0.00011,0.00023,-0,0,-0.0001,-2e-05,-3e-05,-0,-1e-05,2e-05,-3e-05,2e-05,8e-05,-2e-05,0,-0,1e-05,0.00025,0.00481,0.00062,-0.00477,-0.00094,-3e-05,6e-05,-0.00638,4e-05,-1e-05,-0.00518,-7e-05,0.00017,7e-05
58.56,-0.00077,0.00109,-0.00031,0.00012,0.00015,-0,0,-0,-2e-05,-4e-05,-0,-1e-05,2e-05,-4e-05,2e-05,8e-05,-2e-05,0,-0,1e-05,0.00093,0.0042,0.00079,-0.00585,-0.00111,-3e-05,7e-05,-0.00071,3e-05,0.00015,-0.01329,3e-05,0.00025,8e-05
58.58,-0.00058,0.00109,-0.00029,0.00013,9e-05,-0,-1e-05,0.0001,-2e-05,-6e-05,-0,-1e-05,2e-05,-6e-05,2e-05,7e-05,-1e-05,0,-0,1e-05,0.00186,0.00299,0.00079,-0.00642,-0.00123,-3e-05,7e-05,0.00544,-2e-05,0.0003,-0.02183,0.00016,0.00034,9e-05
58.6,-0.00039,0.00101,-0.00026,0.00014,4e-05,-0,-1e-05,0.00019,-2e-05,-8e-05,-0,-1e-05,2e-05,-7e-05,1e-05,6e-05,-1e-05,0,-0,1e-05,0.00292,0.00159,0.00072,-0.00595,-0.0013,-2e-05,7e-05,0.01185,-0.0001,0.00045,-0.03047,0.00031,0.00043,9e-05
58.62,-0.00022,0.00081,-0.00021,0.00014,-0,-0,-1e-05,0.00027,-2e-05,-9e-05,-0,-0,2e-05,-8e-05,0,5e-05,-1e-05,0,-0,0,0.00403,0.00012,0.0008,-0.00437,-0.00132,-1e-05,7e-05,0.01815,-0.00021,0.00059,-0.03881,0.00049,0.00052,9e-05
58.64,-0.0001,0.00055,-0.00014,0.00012,-3e-05,-0,-1e-05,0.00034,-3e-05,-0.0001,-0,-0,2e-05,-0.0001,0,4e-05,-1e-05,0,0,0,0.00497,-0.00161,0.00084,-0.0025,-0.00127,-1e-05,7e-05,0.02388,-0.00033,0.00074,-0.04613,0.00068,0.00058,9e-05
58.66,-2e-05,0.00028,-8e-05,0.0001,-4e-05,-0,0,0.00039,-3e-05,-0.0001,-0,0,2e-05,-0.00011,-0,2e-05,-1e-05,0,0,-0,0.00551,-0.00348,0.00074,-0.00073,-0.00114,0,5e-05,0.02847,-0.00038,0.00085,-0.05142,0.00086,0.0006,8e-05
58.68,0,6e-05,-2e-05,6e-05,-4e-05,-0,2e-05,0.00041,-3e-05,-9e-05,-0,0,2e-05,-0.00012,0,1e-05,-0,0,0,-1e-05,0.00557,-0.00536,0.00048,0.00086,-0.00097,-0,3e-05,0.03116,-0.00023,0.00087,-0.05314,0.00101,0.00057,6e-05
58.7,-2e-05,-6e-05,-0,0,-3e-05,-0,4e-05,0.00041,-2e-05,-8e-05,-0,0,2e-05,-0.00011,1e-05,-0,1e-05,0,0,-1e-05,0.00518,-0.007,6e-05,0.00215,-0.00076,-1e-05,-1e-05,0.03139,-0.00011,0.00086,-0.05172,0.00108,0.00049,4e-05
58.72,-8e-05,-3e-05,-1e-05,-6e-05,-1e-05,-0,8e-05,0.00037,-2e-05,-7e-05,-0,1e-05,2e-05,-0.0001,3e-05,-2e-05,1e-05,0,1e-05,-1e-05,0.00449,-0.00799,-0.00051,0.00304,-0.00054,-4e-05,-5e-05,0.02932,-0.00037,0.00089,-0.04825,0.00103,0.00038,3e-05
58.74,-0.00015,0.00017,-6e-05,-0.00014,2e-05,0,0.00011,0.00031,-0,-4e-05,-0,1e-05,2e-05,-7e-05,5e-05,-3e-05,2e-05,0,1e-05,-2e-05,0.00353,-0.0082,-0.00117,0.00338,-0.00035,-7e-05,-9e-05,0.02518,-0.00047,0.00082,-0.04081,0.00089,0.00025,2e-05
58.76,-0.0002,0.00051,-0.00014,-0.00022,6e-05,0,0.00015,0.00022,2e-05,-2e-05,-0,1e-05,1e-05,-3e-05,8e-05,-4e-05,3e-05,-0,1e-05,-2e-05,0.00231,-0.00761,-0.00185,0.00305,-0.00019,-0.00011,-0.00014,0.01979,-0.00013,0.0006,-0.03007,0.00071,0.00014,1e-05
58.78,-0.00022,0.00099,-0.00023,-0.0003,9e-05,0,0.00018,0.00011,4e-05,1e-05,-0,1e-05,1e-05,2e-05,0.0001,-5e-05,5e-05,-0,1e-05,-2e-05,0.00099,-0.00624,-0.00247,0.00201,-8e-05,-0.00014,-0.00017,0.01452,0.00052,0.00033,-0.01915,0.00051,6e-05,-0
58.8,-0.00017,0.00155,-0.00032,-0.00037,0.00013,0,0.0002,-1e-05,7e-05,3e-05,-0,0,0,7e-05,0.00013,-5e-05,6e-05,0,1e-05,-2e-05,-0.00029,-0.00432,-0.00295,0.0004,-4e-05,-0.00016,-0.0002,0.00982,0.00108,0.00011,-0.00941,0.00033,1e-05,0
58.82,-6e-05,0.00211,-0.00039,-0.00044,0.00017,0,0.00021,-7e-05,9e-05,8e-05,-0,0,-0,0.00013,0.00015,-5e-05,8e-05,0,2e-05,-2e-05,-0.00146,-0.00217,-0.00328,-0.00161,-6e-05,-0.00017,-0.0002,0.0064,0.00138,1e-05,-0.00244,0.00019,-0,0
58.84,8e-05,0.00266,-0.00043,-0.00049,0.00021,0,0.00019,-9e-05,0.0001,0.00012,-0,0,-0,0.00018,0.00016,-4e-05,0.00011,0,2e-05,-2e-05,-0.0025,-6e-05,-0.00337,-0.00383,-0.00014,-0.00016,-0.00019,0.00477,0.00148,2e-05,0.00108,8e-05,1e-05,1e-05
58.86,0.00022,0.00319,-0.00042,-0.00054,0.00026,0,0.00017,-0.00011,0.0001,0.00017,-0,0,-1e-05,0.00023,0.00017,-3e-05,0.00013,0,2e-05,-1e-05,-0.00348,0.00184,-0.0032,-0.00597,-0.00027,-0.00014,-0.00016,0.00449,0.00125,0.0001,0.00217,0,2e-05,2e-05
58.88,0.00034,0.00367,-0.00037,-0.00057,0.0003,0,0.00013,-0.0001,9e-05,0.00021,-0,0,-1e-05,0.00027,0.00017,-2e-05,0.00016,0,2e-05,-1e-05,-0.00446,0.00347,-0.00281,-0.00782,-0.00044,-0.0001,-0.0001,0.00568,-1e-05,1e-05,0.00139,-4e-05,2e-05,2e-05
58.9,0.0004,0.00404,-0.00029,-0.0006,0.00035,0,8e-05,-7e-05,7e-05,0.00026,-0,0,-1e-05,0.0003,0.00017,-1e-05,0.00019,0,2e-05,-1e-05,-0.00556,0.0048,-0.00229,-0.00923,-0.00062,-6e-05,-4e-05,0.00682,-0.00149,-0.0003,0.00069,-6e-05,2e-05,1e-05
58.92,0.00037,0.00427,-0.0002,-0.00063,0.00038,0,3e-05,-5e-05,5e-05,0.0003,0,0,-1e-05,0.00035,0.00015,0,0.00024,0,2e-05,-0,-0.00693,0.0059,-0.00173,-0.01006,-0.0008,-2e-05,2e-05,0.00769,-0.00282,-0.00077,0.00026,-6e-05,2e-05,1e-05
58.94,0.00027,0.00434,-0.0001,-0.00065,0.0004,0,-1e-05,-3e-05,3e-05,0.00034,0,0,-1e-05,0.00041,0.00014,0,0.00029,0,2e-05,-0,-0.00868,0.00679,-0.00117,-0.0103,-0.00096,2e-05,9e-05,0.00854,-0.00362,-0.00131,9e-05,-5e-05,1e-05,0
58.96,0.00013,0.00427,2e-05,-0.00068,0.0004,0,-3e-05,-1e-05,2e-05,0.00036,0,0,-1e-05,0.00045,0.00012,1e-05,0.00034,0,2e-05,0,-0.01086,0.00754,-0.00065,-0.00995,-0.00108,6e-05,0.00014,0.00962,-0.00357,-0.00181,8e-05,-4e-05,1e-05,0
58.98,2e-05,0.00408,0.00015,-0.00072,0.00038,0,-5e-05,1e-05,1e-05,0.00037,0,0,-1e-05,0.00048,0.00011,1e-05,0.00039,0,1e-05,0,-0.01352,0.00819,-0.00023,-0.00912,-0.00115,8e-05,0.00018,0.01104,-0.00266,-0.00209,0.00018,-4e-05,0,-0
59,-2e-05,0.00373,0.00029,-0.00075,0.00034,0,-5e-05,2e-05,0,0.00036,0,0,-1e-05,0.00048,9e-05,0,0.00042,0,1e-05,0,-0.01666,0.0087,6e-05,-0.00795,-0.00119,0.0001,0.00021,0.01308,-0.00116,-0.0021,0.00035,-3e-05,0,-0
59.02,0.0001,0.00325,0.00045,-0.00078,0.00027,0,-4e-05,2e-05,-0,0.00032,0,0,-2e-05,0.00044,9e-05,-0,0.00042,0,1e-05,1e-05,-0.02021,0.009,0.00019,-0.00661,-0.00118,0.00011,0.00022,0.016,0.00063,-0.00184,0.00064,-3e-05,0,-0
59.04,0.00039,0.00267,0.00061,-0.00081,0.00019,0,-2e-05,1e-05,-0,0.00026,0,0,-2e-05,0.00038,9e-05,-0,0.0004,0,1e-05,0,-0.02402,0.00908,0.00011,-0.00537,-0.00113,0.0001,0.00022,0.01985,0.00229,-0.00124,0.00108,-4e-05,0,-0
59.06,0.00086,0.00207,0.00076,-0.00084,0.00011,0,-1e-05,0,-0,0.00018,0,0,-2e-05,0.0003,9e-05,-1e-05,0.00037,0,1e-05,0,-0.02791,0.00897,-0.00016,-0.00443,-0.00104,0.0001,0.00021,0.02447,0.00321,-0.00039,0.00168,-5e-05,0,-0
59.08,0.0015,0.00146,0.00085,-0.00086,3e-05,0,1e-05,-0,-0,8e-05,0,0,-3e-05,0.0002,0.0001,-1e-05,0.00032,0,0,0,-0.03179,0.00865,-0.00062,-0.00398,-0.00093,8e-05,0.00018,0.02931,0.00272,0.00043,0.00245,-7e-05,0,0
59.1,0.00221,0.0009,0.00087,-0.00089,-4e-05,0,2e-05,-1e-05,-0,-3e-05,0,0,-3e-05,0.0001,0.00012,-0,0.00024,0,0,-0,-0.0352,0.00804,-0.00125,-0.00419,-0.0008,6e-05,0.00015,0.03513,0.00067,0.00086,0.00343,-8e-05,0,0
59.12,0.00287,0.00039,0.00079,-0.00093,-9e-05,0,3e-05,-1e-05,0,-0.00014,0,1e-05,-3e-05,-0,0.00014,-0,0.00014,0,0,-0,-0.03763,0.00709,-0.00198,-0.00518,-0.00067,5e-05,0.00011,0.04286,-0.00241,0.00071,0.00477,-9e-05,0,0
59.14,0.0034,-4e-05,0.00062,-0.00097,-0.00012,0,2e-05,-1e-05,1e-05,-0.00024,-0,1e-05,-3e-05,-8e-05,0.00017,-0,5e-05,0,0,-1e-05,-0.03916,0.00587,-0.00274,-0.00706,-0.00055,3e-05,8e-05,0.05015,-0.00621,-0.00024,0.00632,-8e-05,0,1e-05
59.16,0.00382,-0.00038,0.00039,-0.001,-0.00011,0,2e-05,-1e-05,1e-05,-0.00033,-0,1e-05,-3e-05,-0.00012,0.0002,-0,-3e-05,0,0,-1e-05,-0.03986,0.00447,-0.00351,-0.00982,-0.00045,2e-05,5e-05,0.05453,-0.01029,-0.00218,0.00775,-8e-05,1e-05,1e-05
59.18,0.00415,-0.00061,0.00013,-0.00102,-7e-05,0,1e-05,-2e-05,1e-05,-0.0004,-0,1e-05,-3e-05,-0.00014,0.00022,-0,-9e-05,0,-0,-1e-05,-0.03968,0.00301,-0.0042,-0.01332,-0.00038,1e-05,3e-05,0.05518,-0.01374,-0.00501,0.00901,-6e-05,0,1e-05
59.2,0.00425,-0.00071,-0.00013,-0.00103,-1e-05,0,-1e-05,-2e-05,1e-05,-0.00045,-0,1e-05,-2e-05,-0.00013,0.00024,-0,-0.00014,0,-0,-1e-05,-0.03829,0.00136,-0.00475,-0.01733,-0.00032,-0,1e-05,0.05262,-0.01582,-0.00795,0.00963,-4e-05,0,1e-05
59.22,0.00392,-0.00067,-0.00038,-0.00101,5e-05,-0,-4e-05,-4e-05,1e-05,-0.00045,-0,1e-05,-1e-05,-9e-05,0.00025,-1e-05,-0.00016,0,-1e-05,-1e-05,-0.03547,-0.00074,-0.00515,-0.02154,-0.00028,-0,0,0.04758,-0.01613,-0.0098,0.00925,-2e-05,0,1e-05
59.24,0.00345,-0.00048,-0.00061,-0.00096,0.00012,-0,-7e-05,-6e-05,1e-05,-0.00042,-0,0,1e-05,-5e-05,0.00025,-1e-05,-0.00015,0,-1e-05,-1e-05,-0.03172,-0.00282,-0.00533,-0.02555,-0.00027,-1e-05,0,0.03935,-0.0148,-0.01034,0.00822,-1e-05,0,0
59.26,0.00304,-0.0002,-0.00082,-0.00087,0.00019,-0,-0.0001,-0.0001,1e-05,-0.00037,-0,0,2e-05,-1e-05,0.00023,-1e-05,-0.00013,0,-1e-05,-0,-0.02746,-0.00446,-0.00518,-0.029,-0.00026,-0,0,0.0292,-0.01233,-0.00984,0.00678,-0,-0,0
59.28,0.00257,0.0001,-0.00102,-0.00075,0.00025,-0,-0.00013,-0.00015,1e-05,-0.00029,0,0,3e-05,2e-05,0.00019,-1e-05,-0.0001,0,-1e-05,-0,-0.0228,-0.0058,-0.00474,-0.03152,-0.00025,-0,1e-05,0.01989,-0.00919,-0.00823,0.00497,0,-0,-0
59.3,0.00211,0.00031,-0.00118,-0.00059,0.00031,-0,-0.00015,-0.00021,0,-0.00021,0,0,3e-05,2e-05,0.00015,-1e-05,-7e-05,0,-1e-05,-0,-0.018,-0.00608,-0.00388,-0.03272,-0.00024,0,2e-05,0.01236,-0.00653,-0.00652,0.00316,-0,-0,-0
59.32,0.0017,0.00033,-0.0013,-0.00041,0.00029,-0,-0.00015,-0.00026,0,-0.00017,0,-0,2e-05,-0,0.00012,-1e-05,-5e-05,0,-1e-05,-0,-0.0134,-0.00501,-0.00264,-0.03227,-0.00023,1e-05,3e-05,0.00662,-0.00486,-0.00538,0.00169,-1e-05,-0,-0
59.34,0.00126,0.00026,-0.00133,-0.00023,0.00024,-0,-0.00012,-0.0003,-0,-0.00012,0,-0,1e-05,-3e-05,8e-05,-1e-05,-3e-05,0,-1e-05,0,-0.0092,-0.00359,-0.00129,-0.02983,-0.0002,1e-05,3e-05,0.00317,-0.00359,-0.00422,0.0006,-1e-05,-0,-1e-05
59.36,0.00074,0.00014,-0.00126,-4e-05,0.00018,-0,-0.0001,-0.00035,-0,-7e-05,0,-0,1e-05,-6e-05,4e-05,-1e-05,-1e-05,0,-1e-05,0,-0.00548,-0.0023,5e-05,-0.02526,-0.00015,1e-05,3e-05,0.00171,-0.00241,-0.00289,-0.00015,-2e-05,-0,-1e-05
59.38,0.00019,-1e-05,-0.0011,0.00014,0.00013,-0,-7e-05,-0.00037,-1e-05,-3e-05,0,-0,0,-9e-05,1e-05,0,0,0,-1e-05,0,-0.00231,-0.00109,0.00133,-0.01871,-9e-05,1e-05,2e-05,0.00108,-0.00136,-0.0016,-0.00058,-2e-05,-0,-1e-05
59.4,-0.00038,-0.00016,-0.00086,0.00031,8e-05,-0,-5e-05,-0.00038,-1e-05,0,0,-1e-05,0,-0.00011,-1e-05,1e-05,1e-05,0,-1e-05,0,0.00034,2e-05,0.00248,-0.01037,-2e-05,0,1e-05,0.00022,-0.00042,-0.00058,-0.00079,-2e-05,-0,-1e-05
59.42,-0.001,-0.00026,-0.00058,0.00045,5e-05,-0,-2e-05,-0.00035,-1e-05,3e-05,0,-1e-05,0,-0.00011,-1e-05,1e-05,1e-05,0,-1e-05,1e-05,0.00244,0.00085,0.00335,-0.00086,6e-05,-0,-1e-05,-0.00117,0.00046,0.00017,-0.00093,-1e-05,-0,-1e-05
59.44,-0.00168,-0.0003,-0.0003,0.00057,2e-05,-0,-0,-0.0003,-1e-05,7e-05,0,-1e-05,-0,-0.00011,-1e-05,2e-05,2e-05,0,-1e-05,1e-05,0.00399,0.00132,0.00392,0.00898,0.00014,-0,-2e-05,-0.0031,0.00134,0.00072,-0.00099,-1e-05,-0,-1e-05
59.46,-0.00238,-0.0003,-4e-05,0.00066,1e-05,-0,1e-05,-0.00024,-1e-05,0.00011,0,-1e-05,-0,-0.0001,0,2e-05,2e-05,0,-1e-05,1e-05,0.00505,0.00154,0.00425,0.01878,0.00022,-1e-05,-4e-05,-0.0058,0.0021,0.00101,-0.00096,-1e-05,-0,-1e-05
59.48,-0.00313,-0.00026,0.00016,0.00072,1e-05,-0,0,-0.00017,-1e-05,0.00015,0,-1e-05,-0,-7e-05,2e-05,2e-05,2e-05,0,-1e-05,1e-05,0.00566,0.00158,0.00436,0.02833,0.00029,-1e-05,-5e-05,-0.00927,0.00269,0.00108,-0.00085,-1e-05,-0,-1e-05
59.5,-0.00385,-0.0002,0.00029,0.00076,1e-05,-0,-3e-05,-0.0001,-1e-05,0.00018,0,-1e-05,-0,-5e-05,5e-05,1e-05,1e-05,-0,-1e-05,1e-05,0.00582,0.00152,0.00426,0.03726,0.00034,-2e-05,-6e-05,-0.01331,0.00302,0.00096,-0.00073,-0,-0,-1e-05
59.52,-0.00441,-0.00014,0.00033,0.0008,1e-05,-0,-6e-05,-6e-05,-1e-05,0.0002,0,-1e-05,-0,-2e-05,8e-05,1e-05,-0,-0,-1e-05,1e-05,0.00555,0.00145,0.00401,0.04507,0.00037,-2e-05,-6e-05,-0.01769,0.00299,0.00068,-0.00063,0,-1e-05,-1e-05
59.54,-0.00491,-9e-05,0.00031,0.00081,1e-05,-0,-0.0001,-3e-05,-0,0.0002,0,-1e-05,-0,-0,0.0001,1e-05,-2e-05,-0,-1e-05,1e-05,0.00487,0.00139,0.00365,0.05168,0.00038,-1e-05,-6e-05,-0.02229,0.00269,0.00033,-0.00058,1e-05,-1e-05,-1e-05
59.56,-0.00544,-5e-05,0.00026,0.00082,1e-05,-0,-0.00016,-1e-05,-0,0.00019,0,-1e-05,-0,1e-05,0.00013,0,-3e-05,-0,-1e-05,1e-05,0.00387,0.00136,0.00322,0.05729,0.00035,-1e-05,-3e-05,-0.02709,0.00223,-1e-05,-0.00062,2e-05,-1e-05,-1e-05
59.58,-0.00595,-2e-05,0.0002,0.00083,0,-0,-0.00023,-0,0,0.00016,0,-1e-05,-0,1e-05,0.00014,0,-6e-05,-0,-1e-05,1e-05,0.00263,0.00136,0.00274,0.06182,0.00028,1e-05,0,-0.03223,0.00168,-0.00037,-0.00077,3e-05,-1e-05,-1e-05
59.6,-0.00655,0,0.00014,0.00083,-0,-0,-0.00029,-0,0,0.00011,0,-1e-05,-0,1e-05,0.00015,-0,-8e-05,-0,-1e-05,1e-05,0.00129,0.00135,0.00219,0.06525,0.00019,3e-05,5e-05,-0.03739,0.00119,-0.00069,-0.00104,4e-05,-1e-05,-1e-05
59.62,-0.00735,2e-05,9e-05,0.00083,-1e-05,0,-0.00035,-1e-05,1e-05,4e-05,0,-1e-05,-0,1e-05,0.00016,-0,-0.0001,-0,-1e-05,1e-05,0,0.00123,0.00157,0.06753,7e-05,5e-05,0.0001,-0.04211,0.00091,-0.00089,-0.00144,5e-05,-1e-05,-1e-05
59.64,-0.00825,3e-05,6e-05,0.00083,-2e-05,0,-0.00039,-1e-05,1e-05,-3e-05,0,-1e-05,0,0,0.00015,0,-0.0001,-0,-0,1e-05,-0.00116,0.00102,0.00096,0.06872,-7e-05,8e-05,0.00016,-0.04644,0.0008,-0.00102,-0.00196,6e-05,-1e-05,-1e-05
59.66,-0.00915,3e-05,5e-05,0.00083,-2e-05,0,-0.00043,-2e-05,1e-05,-0.0001,0,-1e-05,0,-1e-05,0.00013,0,-0.00011,-0,-0,1e-05,-0.00209,0.00076,0.0004,0.06894,-0.00022,0.00011,0.00022,-0.05051,0.00077,-0.00112,-0.00254,7e-05,-1e-05,-0
59.68,-0.01002,1e-05,4e-05,0.00083,-3e-05,0,-0.00045,-2e-05,1e-05,-0.00016,0,-1e-05,1e-05,-2e-05,0.00011,0,-0.00011,-0,-0,1e-05,-0.00273,0.00045,-9e-05,0.06818,-0.00037,0.00014,0.00028,-0.05398,0.00081,-0.00118,-0.00317,8e-05,-0,-0
59.7,-0.01091,-4e-05,3e-05,0.00083,-4e-05,0,-0.00046,-2e-05,1e-05,-0.00022,-0,-1e-05,1e-05,-2e-05,8e-05,0,-0.0001,-0,-0,1e-05,-0.00309,9e-05,-0.0005,0.06674,-0.00051,0.00017,0.00033,-0.05664,0.00083,-0.00122,-0.00372,9e-05,-0,-0
59.72,-0.01185,-0.0001,3e-05,0.00082,-5e-05,0,-0.00045,-2e-05,1e-05,-0.00027,-0,-1e-05,1e-05,-2e-05,3e-05,0,-9e-05,-0,-0,1e-05,-0.0032,-0.00031,-0.00076,0.06493,-0.00061,0.0002,0.00037,-0.05833,0.0007,-0.00126,-0.00396,0.0001,-0,-0
59.74,-0.01269,-0.00019,2e-05,0.00079,-6e-05,0,-0.00042,-2e-05,1e-05,-0.00032,-0,-1e-05,1e-05,-1e-05,-1e-05,0,-8e-05,-0,-0,1e-05,-0.00305,-0.0007,-0.00086,0.06258,-0.00067,0.00021,0.00039,-0.05881,0.0005,-0.00131,-0.00389,0.00011,-0,-0
59.76,-0.01329,-0.00028,0,0.00076,-7e-05,0,-0.00037,-2e-05,1e-05,-0.00036,-0,-1e-05,2e-05,-0,-6e-05,0,-7e-05,-0,-0,1e-05,-0.00265,-0.00097,-0.00082,0.0596,-0.00068,0.00022,0.00038,-0.05774,0.00031,-0.00135,-0.00371,0.00011,-0,-0
59.78,-0.01367,-0.00035,-3e-05,0.00072,-7e-05,0,-0.0003,-1e-05,2e-05,-0.00039,-0,-1e-05,2e-05,1e-05,-0.00011,0,-5e-05,-0,-0,1e-05,-0.00207,-0.00109,-0.00068,0.05604,-0.00064,0.00021,0.00035,-0.05472,0.00017,-0.00133,-0.00356,0.0001,-0,-0
59.8,-0.01376,-0.0004,-8e-05,0.00068,-8e-05,0,-0.00023,-1e-05,2e-05,-0.00041,-0,-0,3e-05,2e-05,-0.00017,-0,-3e-05,-0,-0,2e-05,-0.00142,-0.00099,-0.00049,0.05229,-0.00055,0.00018,0.0003,-0.0504,5e-05,-0.00129,-0.00336,9e-05,-0,-0
59.82,-0.01347,-0.0004,-0.00014,0.00063,-8e-05,0,-0.00015,-1e-05,3e-05,-0.00039,-0,-0,4e-05,4e-05,-0.00021,-0,-3e-05,-0,-0,2e-05,-0.00079,-0.00067,-0.00028,0.04874,-0.00043,0.00014,0.00023,-0.04567,-7e-05,-0.00136,-0.00175,5e-05,-0,-0
59.84,-0.01292,-0.00035,-0.0002,0.00057,-9e-05,0,-8e-05,-1e-05,3e-05,-0.00035,-0,-0,4e-05,5e-05,-0.00024,-0,-2e-05,-0,-0,3e-05,-0.00029,-0.00024,-7e-05,0.04512,-0.00027,0.0001,0.00015,-0.04065,-0.00011,-0.00156,0.00268,-1e-05,-0,0
59.86,-0.0122,-0.00028,-0.00026,0.00051,-9e-05,0,-2e-05,-1e-05,3e-05,-0.00028,-0,-0,5e-05,6e-05,-0.00027,-0,-0,-0,-0,4e-05,4e-05,0.00021,0.00013,0.04121,-0.0001,5e-05,7e-05,-0.0355,5e-05,-0.00172,0.00804,-9e-05,0,0
59.88,-0.01135,-0.00018,-0.00031,0.00045,-9e-05,0,3e-05,-0,3e-05,-0.00019,-0,-0,6e-05,5e-05,-0.00028,-0,1e-05,-0,-0,5e-05,0.00016,0.00065,0.00028,0.03712,9e-05,-1e-05,-1e-05,-0.03092,0.00041,-0.00184,0.01415,-0.00019,-0,0
59.9,-0.01036,-6e-05,-0.00033,0.00038,-9e-05,0,5e-05,-0,2e-05,-8e-05,-0,-0,7e-05,5e-05,-0.00028,-1e-05,1e-05,0,-0,6e-05,0.00011,0.00102,0.00035,0.03287,0.00028,-5e-05,-8e-05,-0.0274,0.00101,-0.00188,0.0202,-0.00031,-1e-05,-1e-05
59.92,-0.00922,4e-05,-0.00035,0.00033,-8e-05,0,7e-05,0,3e-05,6e-05,-0,0,8e-05,3e-05,-0.00027,-0,2e-05,0,-0,7e-05,-6e-05,0.00132,0.00034,0.0285,0.00047,-0.0001,-0.00013,-0.02399,0.00175,-0.00182,0.02488,-0.00043,-2e-05,-2e-05
59.94,-0.00805,0.00014,-0.00034,0.00028,-8e-05,0,7e-05,0,4e-05,0.0002,-0,0,8e-05,2e-05,-0.00024,-0,2e-05,1e-05,-0,7e-05,-0.0003,0.00149,0.00025,0.02418,0.00064,-0.00013,-0.00016,-0.02023,0.00248,-0.00163,0.02758,-0.00056,-3e-05,-3e-05
59.96,-0.00692,0.00021,-0.00032,0.00022,-7e-05,0,7e-05,-1e-05,5e-05,0.00032,-0,-0,8e-05,1e-05,-0.00021,0,1e-05,1e-05,-0,8e-05,-0.00055,0.00151,8e-05,0.02009,0.00079,-0.00016,-0.00018,-0.01664,0.00308,-0.00133,0.02825,-0.00067,-4e-05,-5e-05
59.98,-0.00585,0.00025,-0.00028,0.00017,-6e-05,0,7e-05,-3e-05,6e-05,0.00042,-0,-0,8e-05,0,-0.00017,1e-05,0,2e-05,-0,7e-05,-0.00079,0.00139,-0.00011,0.01638,0.00091,-0.00017,-0.00018,-0.01306,0.00343,-0.00095,0.02645,-0.00076,-6e-05,-5e-05
60,-0.00481,0.00026,-0.00023,0.00013,-6e-05,0,5e-05,-5e-05,6e-05,0.00046,-0,-0,7e-05,0,-0.00013,1e-05,-2e-05,4e-05,0,6e-05,-0.001,0.00113,-0.0003,0.01322,0.00098,-0.00017,-0.00017,-0.00971,0.00353,-0.00061,0.02305,-0.0008,-6e-05,-6e-05
60.02,-0.00382,0.00025,-0.00018,8e-05,-5e-05,0,3e-05,-7e-05,5e-05,0.00041,-0,-0,6e-05,0,-9e-05,1e-05,-3e-05,7e-05,0,4e-05,-0.00118,0.00076,-0.00043,0.0107,0.00101,-0.00017,-0.00016,-0.00685,0.00355,-0.00038,0.01936,-0.00078,-6e-05,-5e-05
60.04,-0.00293,0.00023,-0.00013,4e-05,-4e-05,0,1e-05,-8e-05,4e-05,0.00031,-0,-0,5e-05,0,-7e-05,1e-05,-3e-05,0.0001,0,2e-05,-0.00133,0.00032,-0.00049,0.0087,0.00097,-0.00016,-0.00013,-0.00451,0.00352,-0.00018,0.01541,-0.00071,-5e-05,-5e-05
60.06,-0.00214,0.0002,-8e-05,0,-3e-05,0,-1e-05,-8e-05,2e-05,0.00022,0,-0,3e-05,1e-05,-4e-05,1e-05,-3e-05,0.00015,0,-0,-0.00146,-0.00016,-0.00049,0.00713,0.00089,-0.00014,-0.00011,-0.00274,0.00345,-1e-05,0.01142,-0.0006,-5e-05,-4e-05
60.08,-0.00145,0.00018,-4e-05,-3e-05,-2e-05,0,-3e-05,-7e-05,1e-05,0.00013,0,-0,2e-05,1e-05,-2e-05,1e-05,-3e-05,0.0002,0,-3e-05,-0.00158,-0.00065,-0.00042,0.00592,0.00076,-0.00011,-8e-05,-0.00155,0.0034,0.0001,0.00788,-0.00046,-4e-05,-4e-05
60.1,-0.00086,0.00015,-1e-05,-6e-05,-1e-05,0,-4e-05,-5e-05,-0,3e-05,0,-0,0,1e-05,-1e-05,0,-2e-05,0.00025,0,-5e-05,-0.00169,-0.0011,-0.00032,0.00497,0.00062,-8e-05,-6e-05,-0.00084,0.00337,0.00017,0.005,-0.0003,-4e-05,-3e-05
60.12,-0.00039,0.00012,1e-05,-8e-05,-1e-05,0,-4e-05,-3e-05,1e-05,-6e-05,0,-0,-1e-05,1e-05,-0,0,-2e-05,0.00032,0,-6e-05,-0.00178,-0.0015,-0.00022,0.0042,0.00047,-5e-05,-4e-05,-0.00049,0.00329,0.0002,0.00281,-0.00015,-4e-05,-3e-05
60.14,-4e-05,9e-05,1e-05,-0.0001,-0,-0,-4e-05,-1e-05,2e-05,-0.00012,-0,-0,-2e-05,1e-05,0,0,-1e-05,0.00038,0,-6e-05,-0.00183,-0.00179,-0.00013,0.00357,0.00033,-2e-05,-2e-05,-0.00039,0.00317,0.00019,0.00127,-2e-05,-3e-05,-3e-05
60.16,0.0002,7e-05,1e-05,-0.00011,0,-0,-4e-05,-0,4e-05,-0.00017,-0,-0,-2e-05,1e-05,0,0,-1e-05,0.00039,0,-5e-05,-0.00186,-0.00197,-6e-05,0.00307,0.00022,0,-0,-0.00042,0.00299,0.00016,0.00029,7e-05,-3e-05,-4e-05
60.18,0.00035,5e-05,1e-05,-0.00011,1e-05,-0,-3e-05,-0,5e-05,-0.00019,-0,-0,-3e-05,1e-05,0,0,-0,0.00038,0,-4e-05,-0.00186,-0.00203,-1e-05,0.00265,0.00013,2e-05,1e-05,-0.00052,0.00274,0.00013,-0.00027,0.00013,-3e-05,-3e-05
60.2,0.00042,3e-05,0,-0.00011,1e-05,0,-2e-05,0,6e-05,-0.0002,-0,-0,-3e-05,0,-0,-0,0,0.00034,0,-3e-05,-0.00182,-0.00199,1e-05,0.00228,7e-05,2e-05,1e-05,-0.00062,0.00247,9e-05,-0.00053,0.00016,-3e-05,-3e-05
60.22,0.00044,2e-05,-0,-9e-05,1e-05,-0,-2e-05,0,5e-05,-0.00019,-0,-0,-2e-05,0,-1e-05,-0,1e-05,0.00026,0,-3e-05,-0.00174,-0.00186,2e-05,0.00199,2e-05,3e-05,2e-05,-0.00069,0.00221,5e-05,-0.0006,0.00017,-3e-05,-3e-05
60.24,0.00044,0,-1e-05,-7e-05,1e-05,-0,-1e-05,-0,3e-05,-0.00017,-0,-0,-2e-05,0,-1e-05,-0,1e-05,0.00018,0,-2e-05,-0.00164,-0.00168,2e-05,0.00173,-1e-05,3e-05,2e-05,-0.00073,0.00197,0,-0.00056,0.00016,-2e-05,-3e-05
60.26,0.00041,-1e-05,-1e-05,-5e-05,1e-05,-0,-0,-0,2e-05,-0.00015,-0,-0,-2e-05,0,-1e-05,-0,2e-05,0.00012,0,-1e-05,-0.00149,-0.0015,2e-05,0.00147,-5e-05,3e-05,2e-05,-0.00071,0.00175,-4e-05,-0.00048,0.00015,-2e-05,-3e-05
60.28,0.00039,-1e-05,-1e-05,-3e-05,1e-05,0,1e-05,-0,1e-05,-0.00012,0,-0,-1e-05,0,-1e-05,-0,2e-05,8e-05,0,-1e-05,-0.0013,-0.00132,2e-05,0.00121,-8e-05,3e-05,2e-05,-0.00065,0.00155,-7e-05,-0.0004,0.00014,-2e-05,-3e-05
60.3,0.00037,-1e-05,-1e-05,-1e-05,1e-05,-0,2e-05,-0,1e-05,-0.0001,0,-0,-1e-05,0,-1e-05,-0,2e-05,5e-05,0,-0,-0.00107,-0.00116,2e-05,0.00096,-0.00011,3e-05,2e-05,-0.00055,0.00139,-0.0001,-0.00033,0.00014,-2e-05,-3e-05
60.32,0.00036,-1e-05,-1e-05,0,1e-05,-0,2e-05,-0,0,-8e-05,0,-0,-1e-05,0,-1e-05,-0,2e-05,2e-05,0,0,-0.0008,-0.00102,2e-05,0.0007,-0.00014,3e-05,2e-05,-0.00043,0.00125,-0.00012,-0.00028,0.00014,-2e-05,-3e-05
60.34,0.00035,-1e-05,-1e-05,1e-05,1e-05,-0,3e-05,-0,0,-7e-05,0,-0,-1e-05,0,-1e-05,-0,2e-05,1e-05,0,1e-05,-0.00049,-0.0009,2e-05,0.00044,-0.00018,4e-05,3e-05,-0.00029,0.00113,-0.00013,-0.00024,0.00015,-2e-05,-3e-05
60.36,0.00036,-1e-05,-2e-05,2e-05,1e-05,0,4e-05,-0,0,-6e-05,0,0,-1e-05,0,-1e-05,-0,2e-05,0,0,1e-05,-0.00015,-0.00082,3e-05,0.00017,-0.00023,4e-05,4e-05,-0.00016,0.00101,-0.00013,-0.00021,0.00017,-2e-05,-3e-05
60.38,0.00036,-1e-05,-2e-05,3e-05,1e-05,-0,4e-05,0,0,-5e-05,0,0,-1e-05,0,-1e-05,-0,2e-05,-0,0,1e-05,0.00022,-0.00076,4e-05,-0.00011,-0.00027,5e-05,4e-05,-3e-05,0.00089,-0.00012,-0.00019,0.00019,-2e-05,-3e-05
60.4,0.00036,-0,-3e-05,3e-05,1e-05,-0,4e-05,0,0,-5e-05,0,0,-1e-05,0,-1e-05,-0,2e-05,-1e-05,-0,1e-05,0.00061,-0.0007,5e-05,-0.00038,-0.00031,6e-05,5e-05,0.0001,0.00075,-0.0001,-0.00017,0.00023,-3e-05,-3e-05
60.42,0.00035,-0,-3e-05,2e-05,1e-05,-0,4e-05,0,0,-4e-05,0,0,-1e-05,0,-1e-05,-0,2e-05,-1e-05,0,1e-05,0.00099,-0.00065,7e-05,-0.00066,-0.00036,7e-05,6e-05,0.00023,0.0006,-9e-05,-0.00015,0.00026,-3e-05,-3e-05
60.44,0.00032,-0,-4e-05,2e-05,1e-05,-0,3e-05,0,0,-4e-05,0,0,-1e-05,0,-1e-05,-0,2e-05,-1e-05,0,1e-05,0.00135,-0.00059,8e-05,-0.00091,-0.00039,8e-05,7e-05,0.00037,0.00043,-8e-05,-0.00013,0.0003,-3e-05,-3e-05
60.46,0.00028,-0,-4e-05,2e-05,1e-05,-0,3e-05,0,1e-05,-4e-05,0,0,-2e-05,0,-1e-05,-0,2e-05,-1e-05,0,0,0.00168,-0.00051,0.0001,-0.00114,-0.00042,8e-05,7e-05,0.00052,0.00024,-7e-05,-0.00012,0.00033,-3e-05,-3e-05
60.48,0.00022,-0,-4e-05,2e-05,1e-05,-0,2e-05,-0,1e-05,-5e-05,0,0,-2e-05,0,-1e-05,-0,2e-05,-1e-05,0,0,0.00197,-0.00041,0.00011,-0.00135,-0.00043,9e-05,8e-05,0.00067,4e-05,-6e-05,-0.0001,0.00035,-3e-05,-3e-05
60.5,0.00016,-0,-4e-05,1e-05,1e-05,-0,2e-05,-0,1e-05,-5e-05,0,0,-2e-05,0,-2e-05,-0,2e-05,-0,0,0,0.00219,-0.0003,0.00012,-0.00152,-0.00043,9e-05,8e-05,0.00081,-0.00016,-5e-05,-8e-05,0.00037,-3e-05,-3e-05
60.52,0.0001,-0,-4e-05,1e-05,1e-05,-0,1e-05,-0,1e-05,-5e-05,0,0,-2e-05,0,-2e-05,-0,3e-05,-0,0,-0,0.00233,-0.00017,0.00012,-0.00164,-0.00041,8e-05,8e-05,0.00093,-0.00035,-4e-05,-7e-05,0.00037,-3e-05,-3e-05
60.54,5e-05,-0,-3e-05,1e-05,1e-05,-0,1e-05,-0,2e-05,-5e-05,0,0,-2e-05,-0,-2e-05,-0,3e-05,-0,0,-0,0.00238,-3e-05,0.00012,-0.0017,-0.00037,8e-05,7e-05,0.00102,-0.00051,-1e-05,-8e-05,0.00035,-3e-05,-2e-05
60.56,1e-05,-0,-3e-05,0,2e-05,-0,1e-05,-0,2e-05,-5e-05,0,0,-2e-05,-0,-3e-05,-0,3e-05,-0,0,-0,0.00234,0.0001,0.00011,-0.00171,-0.00032,6e-05,6e-05,0.00107,-0.00065,3e-05,-0.00012,0.00031,-2e-05,-2e-05
60.58,-0,-0,-2e-05,0,2e-05,-0,0,-0,2e-05,-5e-05,0,0,-1e-05,-0,-3e-05,-0,3e-05,-0,0,-0,0.00221,0.00022,9e-05,-0.00166,-0.00025,5e-05,5e-05,0.00109,-0.00074,7e-05,-0.0002,0.00026,-2e-05,-1e-05
60.6,1e-05,0,-2e-05,-0,2e-05,-0,-0,-0,2e-05,-4e-05,0,-0,-1e-05,-0,-3e-05,-0,3e-05,-0,0,-0,0.00201,0.00031,5e-05,-0.00156,-0.00019,3e-05,4e-05,0.00107,-0.0008,0.00012,-0.00034,0.0002,-1e-05,-1e-05
60.62,4e-05,0,-1e-05,-1e-05,2e-05,-0,-0,-0,1e-05,-4e-05,0,-0,-1e-05,-0,-3e-05,-0,2e-05,-0,0,-0,0.00174,0.00036,2e-05,-0.00142,-0.00013,2e-05,3e-05,0.00103,-0.00081,0.00017,-0.00055,0.00013,-1e-05,-0
60.64,9e-05,1e-05,-1e-05,-1e-05,1e-05,-0,-1e-05,-0,1e-05,-3e-05,0,-0,-1e-05,-0,-3e-05,-0,2e-05,-0,0,-0,0.00142,0.00035,-1e-05,-0.00124,-9e-05,1e-05,2e-05,0.00097,-0.00076,0.00022,-0.00085,7e-05,-0,-0
60.66,0.00016,2e-05,-1e-05,-2e-05,1e-05,0,-1e-05,0,1e-05,-2e-05,0,-0,-0,-1e-05,-3e-05,0,1e-05,-1e-05,0,0,0.00103,0.00028,-3e-05,-0.00099,-6e-05,1e-05,1e-05,0.00091,-0.00067,0.00025,-0.00127,1e-05,0,0
60.68,0.00024,4e-05,-0,-3e-05,1e-05,-0,-1e-05,0,1e-05,-1e-05,0,-0,-0,-1e-05,-2e-05,0,0,-1e-05,0,0,0.00059,0.00015,-4e-05,-0.00067,-4e-05,0,1e-05,0.00085,-0.00053,0.00027,-0.00182,-5e-05,0,0
60.7,0.00034,6e-05,-0,-4e-05,-0,-0,-2e-05,1e-05,0,-0,0,-0,0,-1e-05,-2e-05,0,-1e-05,-1e-05,0,1e-05,9e-05,-4e-05,-4e-05,-0.00027,-4e-05,0,0,0.00082,-0.00034,0.00028,-0.00251,-0.0001,1e-05,1e-05
60.72,0.00043,8e-05,-0,-5e-05,-1e-05,-0,-2e-05,1e-05,-0,0,0,-0,1e-05,-1e-05,-1e-05,-0,-2e-05,-2e-05,-0,1e-05,-0.00046,-0.00026,-4e-05,0.00022,-5e-05,1e-05,1e-05,0.00081,-0.00013,0.00028,-0.00337,-0.00015,1e-05,1e-05
60.74,0.00052,0.0001,-1e-05,-5e-05,-3e-05,-0,-2e-05,2e-05,-0,1e-05,0,-0,1e-05,-0,1e-05,-0,-3e-05,-2e-05,-0,1e-05,-0.00107,-0.00052,-4e-05,0.00078,-6e-05,1e-05,1e-05,0.00085,0.00012,0.00027,-0.00437,-0.00021,1e-05,1e-05
60.76,0.0006,0.00011,-2e-05,-6e-05,-5e-05,-0,-3e-05,3e-05,-1e-05,2e-05,0,-0,1e-05,-0,3e-05,-0,-3e-05,-3e-05,-0,2e-05,-0.00175,-0.00081,-3e-05,0.00141,-6e-05,1e-05,1e-05,0.00092,0.00038,0.00026,-0.0055,-0.00028,1e-05,1e-05
60.78,0.00065,0.00011,-5e-05,-7e-05,-8e-05,-0,-3e-05,3e-05,-1e-05,3e-05,0,0,1e-05,-0,6e-05,-0,-4e-05,-3e-05,-0,2e-05,-0.00249,-0.00113,-3e-05,0.00209,-5e-05,1e-05,1e-05,0.00103,0.00065,0.00025,-0.00671,-0.00035,1e-05,1e-05
60.8,0.00067,0.0001,-9e-05,-7e-05,-0.00012,-0,-4e-05,4e-05,-1e-05,4e-05,0,0,2e-05,0,0.0001,-1e-05,-5e-05,-3e-05,-0,2e-05,-0.00329,-0.00148,-3e-05,0.00277,-3e-05,1e-05,1e-05,0.00115,0.00093,0.00024,-0.00795,-0.00043,1e-05,1e-05
60.82,0.00065,7e-05,-0.00015,-7e-05,-0.00016,-0,-4e-05,4e-05,-1e-05,5e-05,0,0,2e-05,1e-05,0.00016,-1e-05,-5e-05,-3e-05,-0,3e-05,-0.00414,-0.00188,-4e-05,0.00337,1e-05,1e-05,1e-05,0.00127,0.0012,0.00023,-0.00922,-0.00052,1e-05,1e-05
60.84,0.0006,1e-05,-0.00022,-7e-05,-0.00022,0,-4e-05,4e-05,-1e-05,6e-05,0,0,2e-05,1e-05,0.00024,-1e-05,-5e-05,-3e-05,-0,3e-05,-0.005,-0.00236,-4e-05,0.0038,8e-05,1e-05,0,0.00135,0.00146,0.00023,-0.01038,-0.0006,1e-05,1e-05
60.86,0.00053,-8e-05,-0.00029,-7e-05,-0.00028,0,-4e-05,3e-05,-1e-05,6e-05,0,0,3e-05,1e-05,0.00033,-2e-05,-4e-05,-2e-05,-0,3e-05,-0.00581,-0.00293,-5e-05,0.00395,0.00016,1e-05,0,0.00134,0.00173,0.00023,-0.0113,-0.00069,1e-05,2e-05
60.88,0.00045,-0.00021,-0.00035,-7e-05,-0.00032,0,-4e-05,2e-05,-1e-05,7e-05,0,-0,3e-05,1e-05,0.00043,-2e-05,-3e-05,-0,-0,3e-05,-0.00646,-0.0036,-6e-05,0.00367,0.00028,1e-05,0,0.00118,0.00204,0.00022,-0.01189,-0.00077,0,2e-05
60.9,0.00039,-0.00038,-0.00039,-8e-05,-0.00033,0,-3e-05,-0,-1e-05,7e-05,0,0,3e-05,1e-05,0.00055,-3e-05,-2e-05,3e-05,-0,3e-05,-0.00678,-0.00444,-8e-05,0.00277,0.00042,1e-05,0,0.0008,0.00238,0.00021,-0.01206,-0.00083,-0,2e-05
60.92,0.0004,-0.00058,-0.00037,-9e-05,-0.00034,0,-2e-05,-3e-05,-1e-05,6e-05,0,0,4e-05,1e-05,0.00067,-3e-05,2e-05,7e-05,-0,2e-05,-0.00647,-0.00554,-9e-05,0.00107,0.00059,1e-05,1e-05,0.0001,0.00274,0.00018,-0.01171,-0.00086,-1e-05,1e-05
60.94,0.00052,-0.00081,-0.00028,-0.0001,-0.00035,0,-0,-7e-05,-1e-05,6e-05,0,0,4e-05,1e-05,0.00078,-4e-05,7e-05,0.00013,-0,1e-05,-0.00512,-0.00689,-0.0001,-0.00147,0.00077,2e-05,1e-05,-0.00104,0.00311,0.00015,-0.01067,-0.00088,-1e-05,1e-05
60.96,0.00082,-0.00103,-0.00011,-0.00012,-0.00035,0,2e-05,-0.00012,-1e-05,5e-05,0,0,4e-05,1e-05,0.00088,-5e-05,0.00012,0.00021,0,1e-05,-0.00226,-0.00844,-0.00011,-0.0049,0.00097,3e-05,3e-05,-0.00276,0.00353,0.00013,-0.00881,-0.00086,-2e-05,1e-05
60.98,0.00136,-0.00123,0.00015,-0.00014,-0.00035,0,5e-05,-0.00017,-1e-05,4e-05,0,0,4e-05,0,0.00094,-5e-05,0.00016,0.0003,0,-0,0.0025,-0.01008,-0.00012,-0.00909,0.00118,5e-05,4e-05,-0.00521,0.00401,0.00014,-0.00613,-0.00083,-2e-05,0
61,0.00222,-0.00136,0.0005,-0.00017,-0.00034,0,7e-05,-0.00022,-1e-05,2e-05,0,0,4e-05,1e-05,0.00097,-5e-05,0.00019,0.00039,1e-05,-1e-05,0.00936,-0.01177,-0.00013,-0.01405,0.00137,6e-05,6e-05,-0.00852,0.00442,0.00019,-0.00265,-0.0008,-2e-05,0
61.02,0.00346,-0.00141,0.00092,-0.0002,-0.00033,0,9e-05,-0.00023,-1e-05,-1e-05,0,1e-05,3e-05,2e-05,0.00098,-5e-05,0.00021,0.00052,1e-05,-2e-05,0.01809,-0.01342,-0.00016,-0.01988,0.00153,7e-05,7e-05,-0.01275,0.00451,0.00026,0.00133,-0.00079,-2e-05,0
61.04,0.00514,-0.00133,0.00136,-0.00023,-0.00033,0,0.0001,-0.00021,0,-6e-05,0,1e-05,2e-05,4e-05,0.00095,-5e-05,0.0002,0.00062,1e-05,-2e-05,0.02806,-0.01459,-0.00017,-0.02597,0.00162,8e-05,8e-05,-0.01803,0.00425,0.00027,0.00542,-0.00079,-2e-05,0
61.06,0.00726,-0.00112,0.00177,-0.00026,-0.00032,0,0.0001,-0.00016,1e-05,-0.00011,0,1e-05,0,7e-05,0.00088,-4e-05,0.00017,0.00066,1e-05,-2e-05,0.03822,-0.01482,-0.00013,-0.03118,0.00163,8e-05,9e-05,-0.02446,0.0037,0.00013,0.00934,-0.00082,-1e-05,1e-05
61.08,0.00979,-0.00078,0.00208,-0.0003,-0.00031,0,9e-05,-8e-05,1e-05,-0.00018,0,0,-2e-05,0.00011,0.00077,-4e-05,0.0001,0.00066,1e-05,-2e-05,0.04747,-0.01385,-2e-05,-0.03406,0.00154,7e-05,8e-05,-0.03192,0.00282,-0.00034,0.01284,-0.00086,0,2e-05
61.1,0.01247,-0.00032,0.00223,-0.00035,-0.00028,0,9e-05,3e-05,1e-05,-0.00025,0,0,-4e-05,0.00015,0.00064,-3e-05,-0,0.00059,0,-1e-05,0.05308,-0.01152,0.00016,-0.03493,0.00134,5e-05,7e-05,-0.04011,0.00133,-0.00123,0.01567,-0.00089,1e-05,3e-05
61.12,0.01494,0.00019,0.00217,-0.00042,-0.00018,0,0.00017,0.00013,1e-05,-0.00026,0,0,-6e-05,0.00019,0.00051,-2e-05,-0.00012,0.00046,-0,-1e-05,0.05385,-0.008,0.00054,-0.03383,0.00105,3e-05,4e-05,-0.04844,-0.00116,-0.00251,0.01762,-0.0009,2e-05,4e-05
61.14,0.01703,0.0007,0.00189,-0.00052,-0.0001,0,0.00033,0.0002,-0,-0.00022,0,0,-8e-05,0.00021,0.00039,-1e-05,-0.00021,0.00033,0,-1e-05,0.05174,-0.00395,0.00101,-0.02798,0.00073,1e-05,2e-05,-0.05599,-0.00439,-0.00408,0.01843,-0.00088,2e-05,5e-05
61.16,0.01875,0.00116,0.00143,-0.00063,-4e-05,0,0.00051,0.00023,-1e-05,-0.00016,0,0,-9e-05,0.00022,0.00028,0,-0.00029,0.00022,1e-05,-1e-05,0.04858,-0.00047,0.00104,-0.01885,0.00045,0,0,-0.06184,-0.00796,-0.00576,0.01791,-0.00082,2e-05,5e-05
61.18,0.01995,0.00153,0.00085,-0.00073,2e-05,0,0.00072,0.00023,-2e-05,-7e-05,0,1e-05,-9e-05,0.00022,0.0002,1e-05,-0.00035,0.00012,1e-05,-0,0.04518,0.00151,0.00018,-0.00964,0.00023,-0,-1e-05,-0.06544,-0.0119,-0.00735,0.01597,-0.00073,1e-05,5e-05
61.2,0.02055,0.00174,0.00023,-0.00085,7e-05,0,0.00091,0.00018,-2e-05,3e-05,-0,1e-05,-9e-05,0.0002,0.00013,0,-0.00036,5e-05,2e-05,-1e-05,0.04176,0.00154,-0.00189,-0.00167,8e-05,0,-1e-05,-0.0664,-0.01591,-0.00856,0.01263,-0.00063,1e-05,4e-05
61.22,0.02062,0.00176,-0.00037,-0.001,0.00013,0,0.00101,0.00012,-2e-05,0.00012,-0,2e-05,-7e-05,0.00016,9e-05,-0,-0.00032,-0,3e-05,-1e-05,0.03973,2e-05,-0.00421,0.0028,-1e-05,1e-05,0,-0.06459,-0.01967,-0.00917,0.00802,-0.00053,0,3e-05
61.24,0.02021,0.0016,-0.00088,-0.00115,0.00021,-0,0.001,7e-05,-1e-05,0.0002,-0,2e-05,-5e-05,0.00012,5e-05,-1e-05,-0.00023,-4e-05,3e-05,-1e-05,0.03773,-0.00188,-0.00573,0.00387,-6e-05,2e-05,1e-05,-0.06034,-0.02317,-0.0092,0.0024,-0.00045,0,2e-05
61.26,0.01933,0.00133,-0.00131,-0.00126,0.00031,-0,0.00089,3e-05,-0,0.00029,-0,2e-05,-3e-05,8e-05,2e-05,-2e-05,-0.00012,-8e-05,3e-05,-1e-05,0.03131,-0.0032,-0.0062,0.00289,-8e-05,2e-05,2e-05,-0.05414,-0.02637,-0.00878,-0.00383,-0.00039,-0,2e-05
61.28,0.01799,0.00099,-0.00165,-0.00132,0.00039,-0,0.00068,1e-05,0,0.00037,0,2e-05,-1e-05,3e-05,-1e-05,-4e-05,1e-05,-0.0001,3e-05,-1e-05,0.02297,-0.00358,-0.0058,0.00148,-7e-05,2e-05,2e-05,-0.04662,-0.0292,-0.00795,-0.01005,-0.00038,0,2e-05
61.3,0.01631,0.00066,-0.0019,-0.00131,0.00048,0,0.00034,0,0,0.00044,0,2e-05,1e-05,-1e-05,-5e-05,-4e-05,0.0001,-0.00012,3e-05,-2e-05,0.01394,-0.00316,-0.00485,-0.00042,-6e-05,2e-05,2e-05,-0.03864,-0.03094,-0.00696,-0.01555,-0.00039,1e-05,3e-05
61.32,0.01435,0.00042,-0.00204,-0.00122,0.00054,0,-7e-05,-0,-0,0.00048,0,1e-05,1e-05,-5e-05,-0.00011,-4e-05,0.00012,-0.00014,3e-05,-2e-05,0.00499,-0.00234,-0.00372,-0.00257,-5e-05,2e-05,2e-05,-0.03106,-0.03103,-0.00613,-0.01967,-0.00043,2e-05,4e-05
61.34,0.01216,0.00023,-0.00208,-0.00107,0.0006,0,-0.0005,-1e-05,-0,0.00048,0,1e-05,1e-05,-8e-05,-0.00018,-4e-05,0.00011,-0.00016,2e-05,-1e-05,-0.00195,-0.00131,-0.00247,-0.0047,-4e-05,2e-05,2e-05,-0.02445,-0.02973,-0.00534,-0.02163,-0.00049,4e-05,4e-05
61.36,0.00979,7e-05,-0.00203,-0.00089,0.00066,0,-0.00092,-2e-05,0,0.00044,0,0,1e-05,-0.0001,-0.00028,-3e-05,8e-05,-0.00018,2e-05,-1e-05,-0.00554,-0.00026,-0.00121,-0.00648,-2e-05,2e-05,2e-05,-0.01904,-0.02727,-0.00453,-0.02087,-0.00057,6e-05,5e-05
61.38,0.00727,-8e-05,-0.00188,-0.00068,0.00069,0,-0.00134,-3e-05,1e-05,0.00036,0,0,0,-0.00011,-0.0004,-2e-05,2e-05,-0.0002,2e-05,-1e-05,-0.00598,0.00057,-0.0001,-0.00754,-1e-05,1e-05,2e-05,-0.01475,-0.02359,-0.0038,-0.01743,-0.00065,9e-05,6e-05
61.4,0.00468,-0.00023,-0.00166,-0.00045,0.00054,0,-0.00169,-3e-05,2e-05,0.00022,0,0,0,-0.00011,-0.00052,-1e-05,-6e-05,-0.0002,2e-05,0,-0.00426,0.00117,0.00076,-0.00784,-0,1e-05,2e-05,-0.01145,-0.01847,-0.00297,-0.01153,-0.00072,0.00011,6e-05
61.42,0.00211,-0.00034,-0.00138,-0.00021,0.00034,0,-0.00194,-2e-05,4e-05,3e-05,0,0,-0,-6e-05,-0.0006,-0,-0.00013,-0.00016,2e-05,1e-05,-0.00144,0.002,0.0016,-0.00755,1e-05,1e-05,1e-05,-0.0088,-0.01219,-0.00195,-0.00378,-0.00078,0.00014,6e-05
61.44,-0.00039,-0.00041,-0.00106,2e-05,0.00012,0,-0.00208,-1e-05,7e-05,-0.00016,0,0,-0,-1e-05,-0.00064,1e-05,-0.00017,-0.0001,1e-05,2e-05,0.00153,0.00314,0.00247,-0.00662,1e-05,1e-05,1e-05,-0.00636,-0.00559,-0.00093,0.00499,-0.00082,0.00016,6e-05
61.46,-0.00275,-0.00045,-0.00073,0.00022,-0.00011,0,-0.00211,-0,9e-05,-0.00034,0,0,-0,2e-05,-0.00063,1e-05,-0.00019,-6e-05,1e-05,2e-05,0.0035,0.00428,0.0032,-0.00517,1e-05,1e-05,1e-05,-0.00378,0.00088,8e-05,0.01421,-0.00081,0.00018,6e-05
61.48,-0.00493,-0.00043,-0.00041,0.0004,-0.00033,0,-0.00203,0,0.0001,-0.0005,0,0,-0,3e-05,-0.00059,1e-05,-0.00021,-2e-05,1e-05,3e-05,0.00349,0.00531,0.00379,-0.00355,-0,1e-05,1e-05,-0.00096,0.00703,0.00116,0.02348,-0.00077,0.00018,5e-05
61.5,-0.00685,-0.00033,-0.00011,0.00056,-0.0005,0,-0.00187,-0,0.00011,-0.00062,0,0,-0,1e-05,-0.00051,1e-05,-0.00018,0,1e-05,4e-05,0.00129,0.00609,0.00433,-0.00215,-1e-05,1e-05,1e-05,0.00215,0.01245,0.0023,0.03215,-0.00069,0.00017,5e-05
61.52,-0.00844,-0.00016,0.00013,0.00068,-0.00061,0,-0.00169,-1e-05,0.0001,-0.00068,0,0,-0,-2e-05,-0.00041,1e-05,-3e-05,-0,0,4e-05,-0.00244,0.00648,0.00484,-0.00118,-2e-05,1e-05,1e-05,0.00545,0.0164,0.00336,0.03936,-0.0006,0.00016,5e-05
61.54,-0.00973,0,0.0003,0.00077,-0.00065,0,-0.00148,-2e-05,9e-05,-0.00067,0,0,-0,-6e-05,-0.00032,1e-05,0.00015,-2e-05,0,5e-05,-0.00756,0.00623,0.00517,-0.00063,-4e-05,1e-05,1e-05,0.00884,0.01878,0.00433,0.04488,-0.00048,0.00014,5e-05
61.56,-0.01076,0.00014,0.0004,0.00084,-0.00062,0,-0.00126,-3e-05,8e-05,-0.00062,0,0,-0,-0.00011,-0.00024,0,0.00029,-2e-05,-0,5e-05,-0.01427,0.00531,0.00515,-0.00039,-5e-05,1e-05,1e-05,0.01227,0.01991,0.00525,0.04884,-0.00034,0.00012,5e-05
61.58,-0.01153,0.00022,0.00043,0.00089,-0.00054,0,-0.00103,-4e-05,6e-05,-0.00053,0,1e-05,-0,-0.00017,-0.00019,-0,0.00041,-2e-05,-0,5e-05,-0.02207,0.00397,0.0047,-0.00032,-6e-05,1e-05,1e-05,0.01566,0.01997,0.00604,0.05114,-0.0002,9e-05,4e-05
61.6,-0.01207,0.00024,0.0004,0.00091,-0.00041,0,-0.00083,-5e-05,5e-05,-0.00043,0,1e-05,0,-0.00023,-0.00016,-0,0.00045,-3e-05,-0,5e-05,-0.02981,0.00247,0.00384,-0.00027,-5e-05,1e-05,1e-05,0.01897,0.01909,0.00668,0.05163,-5e-05,6e-05,4e-05
61.62,-0.01239,0.00021,0.00029,0.00092,-0.00026,0,-0.00066,-5e-05,4e-05,-0.00034,0,1e-05,0,-0.00026,-0.00016,-0,0.0004,-3e-05,-0,5e-05,-0.03567,0.00114,0.00271,-0.00025,-2e-05,-0,-0,0.0221,0.01749,0.00716,0.05016,7e-05,4e-05,2e-05
61.64,-0.01247,0.00016,0.00011,0.00092,-0.00011,0,-0.00051,-5e-05,2e-05,-0.00026,0,1e-05,0,-0.00028,-0.00016,-0,0.00031,-2e-05,-0,4e-05,-0.03925,0.0003,0.0015,-0.00033,2e-05,-1e-05,-1e-05,0.0249,0.01567,0.00733,0.04705,0.00016,2e-05,1e-05
61.66,-0.0123,0.00012,-0.00011,0.0009,3e-05,0,-0.00039,-5e-05,2e-05,-0.00019,0,1e-05,0,-0.00028,-0.00018,0,0.0002,-2e-05,-0,4e-05,-0.04087,-8e-05,0.00055,-0.00056,7e-05,-2e-05,-2e-05,0.02729,0.014,0.00712,0.04269,0.00022,1e-05,1e-05
61.68,-0.01187,0.00011,-0.00039,0.00088,0.00015,0,-0.00028,-5e-05,1e-05,-0.00013,0,0,1e-05,-0.00027,-0.0002,0,7e-05,-2e-05,-0,3e-05,-0.03907,-0.00016,4e-05,-0.00129,8e-05,-4e-05,-1e-05,0.02911,0.01261,0.00657,0.03718,0.00025,1e-05,0
61.7,-0.01118,0.00016,-0.0007,0.00085,0.00024,0,-0.00018,-5e-05,-0,-8e-05,0,0,1e-05,-0.00024,-0.00022,-0,-8e-05,-1e-05,-0,2e-05,-0.03561,-0.00012,9e-05,-0.00144,-1e-05,-3e-05,4e-05,0.03047,0.01149,0.00568,0.03126,0.00026,1e-05,0
61.72,-0.01023,0.0003,-0.00101,0.00082,0.00029,0,-0.0001,-4e-05,-1e-05,-5e-05,0,0,2e-05,-0.0002,-0.00023,-1e-05,-0.00021,-1e-05,-0,1e-05,-0.03418,-0.00011,0.00051,0.00049,-0.00028,0,0.00018,0.03163,0.01058,0.00453,0.02558,0.00027,1e-05,0
61.74,-0.00905,0.00045,-0.00131,0.00077,0.0003,0,-4e-05,-3e-05,-1e-05,-2e-05,0,-0,3e-05,-0.00017,-0.00024,-3e-05,-0.00031,-0,-0,1e-05,-0.0339,-0.00014,0.00056,0.00425,-0.00083,6e-05,0.00044,0.03227,0.0099,0.0034,0.01998,0.00028,1e-05,0
61.76,-0.00772,0.00057,-0.00157,0.00071,0.00028,0,-1e-05,-1e-05,-1e-05,0,0,-0,3e-05,-0.00014,-0.00023,-4e-05,-0.00039,-0,0,0,-0.03395,-0.00024,-0.00022,0.00929,-0.00178,0.00019,0.00089,0.03215,0.00944,0.00245,0.01454,0.00031,1e-05,-0
61.78,-0.00634,0.00063,-0.00178,0.00064,0.00025,0,-0,0,-1e-05,2e-05,-0,-1e-05,4e-05,-0.00011,-0.00024,-5e-05,-0.00045,0,0,0,-0.03409,-0.00036,-0.00212,0.01552,-0.00315,0.00044,0.00158,0.03145,0.00902,0.00171,0.0096,0.00036,0,-1e-05
61.8,-0.00496,0.00064,-0.00191,0.00056,0.0002,0,-2e-05,1e-05,-1e-05,4e-05,-0,-1e-05,5e-05,-0.0001,-0.00024,-6e-05,-0.00049,0,1e-05,-0,-0.0337,-0.00041,-0.00461,0.02068,-0.00496,0.00073,0.00237,0.03017,0.00856,0.00119,0.00544,0.00044,-0,-1e-05
61.82,-0.00362,0.00061,-0.00194,0.0005,0.00016,0,-5e-05,1e-05,-0,7e-05,-0,-1e-05,5e-05,-9e-05,-0.00024,-5e-05,-0.00049,0,1e-05,-0,-0.02806,-0.00035,-0.00627,0.01807,-0.00733,0.00045,0.0027,0.02839,0.008,0.00086,0.00223,0.00053,-1e-05,-2e-05
61.84,-0.00248,0.00056,-0.00187,0.00044,0.00013,0,-9e-05,0,0,0.0001,0,-1e-05,5e-05,-9e-05,-0.00025,-4e-05,-0.00047,0,0,-1e-05,-0.01818,0.00034,-0.00722,0.00785,-0.00961,-0.00067,0.00253,0.02642,0.0073,0.00064,-2e-05,0.00062,-2e-05,-2e-05
61.86,-0.00161,0.00051,-0.0017,0.00038,0.0001,0,-0.00014,-0,1e-05,0.0001,0,-0,5e-05,-9e-05,-0.00026,-2e-05,-0.00042,0,0,-1e-05,-0.01013,0.00216,-0.00827,-0.004,-0.0109,-0.00191,0.00222,0.02452,0.00643,0.00048,-0.00135,0.00069,-3e-05,-3e-05
61.88,-0.00096,0.00048,-0.00142,0.00032,8e-05,-0,-0.00018,-1e-05,1e-05,0.0001,0,-0,5e-05,-9e-05,-0.00028,-1e-05,-0.00034,0,0,-1e-05,-0.00506,0.00519,-0.00928,-0.01605,-0.01071,-0.003,0.0018,0.02275,0.00545,0.0003,-0.00189,0.00075,-4e-05,-3e-05
61.9,-0.00052,0.00047,-0.00107,0.00027,6e-05,-0,-0.0002,-2e-05,2e-05,6e-05,0,-0,4e-05,-9e-05,-0.0003,-0,-0.00026,-0,-0,-1e-05,-0.00296,0.00836,-0.00921,-0.0217,-0.00892,-0.00295,0.00137,0.02096,0.00449,0.00013,-0.00179,0.00078,-5e-05,-3e-05
61.92,-0.00024,0.00046,-0.00069,0.00023,6e-05,-0,-0.0002,-2e-05,1e-05,1e-05,0,-0,2e-05,-8e-05,-0.00029,-0,-0.0002,-0,-0,-2e-05,-0.00129,0.00984,-0.00669,-0.01792,-0.006,-0.00164,0.00073,0.01897,0.00363,-3e-05,-0.00117,0.00077,-5e-05,-2e-05
61.94,-9e-05,0.00044,-0.00033,0.00019,6e-05,0,-0.00018,-1e-05,1e-05,-4e-05,0,-0,1e-05,-6e-05,-0.00027,0,-0.00014,-0,0,-2e-05,5e-05,0.00997,-0.00266,-0.01089,-0.00222,7e-05,-3e-05,0.01692,0.00285,-0.00017,-0.0002,0.00073,-6e-05,-2e-05
61.96,-3e-05,0.00041,-1e-05,0.00016,6e-05,-0,-0.00015,-1e-05,0,-8e-05,0,0,-1e-05,-4e-05,-0.00024,0,-8e-05,-1e-05,0,-2e-05,0.00046,0.00946,0.0018,-0.00357,0.00208,0.00186,-0.00078,0.01491,0.00212,-0.00029,0.00099,0.00065,-6e-05,-2e-05
61.98,-3e-05,0.00035,0.00025,0.00013,7e-05,-0,-0.0001,0,-0,-0.00012,0,0,-2e-05,-1e-05,-0.0002,0,-2e-05,-1e-05,0,-2e-05,-0.00014,0.00835,0.006,0.00384,0.00642,0.00367,-0.00144,0.01287,0.00146,-0.00037,0.00226,0.00053,-5e-05,-2e-05
62,-6e-05,0.00027,0.00042,0.00012,7e-05,-0,-6e-05,1e-05,-0,-0.00014,-0,0,-3e-05,2e-05,-0.00015,1e-05,3e-05,-1e-05,1e-05,-2e-05,-0.00181,0.00675,0.00931,0.01038,0.01035,0.00502,-0.00196,0.01083,0.00094,-0.00041,0.00342,0.00039,-4e-05,-1e-05
62.02,-0.00011,0.00018,0.00052,0.00011,7e-05,0,-2e-05,3e-05,-0,-0.00013,-0,0,-3e-05,4e-05,-0.00011,2e-05,6e-05,-1e-05,1e-05,-2e-05,-0.00403,0.00493,0.0115,0.01387,0.01346,0.0049,-0.00249,0.00885,0.00059,-0.0004,0.00428,0.00024,-2e-05,-1e-05
62.04,-0.00018,8e-05,0.00053,0.00012,6e-05,-0,0,4e-05,0,-9e-05,-0,0,-3e-05,6e-05,-8e-05,3e-05,8e-05,-1e-05,2e-05,-2e-05,-0.00556,0.00346,0.01201,0.0141,0.01518,0.00344,-0.00315,0.00698,0.00033,-0.00036,0.0046,8e-05,-0,-0
62.06,-0.00025,-1e-05,0.00047,0.00014,4e-05,-0,1e-05,6e-05,0,-4e-05,0,-0,-2e-05,5e-05,-5e-05,4e-05,9e-05,-1e-05,2e-05,-2e-05,-0.00618,0.00249,0.01106,0.01259,0.01538,0.0016,-0.00377,0.00532,8e-05,-0.00029,0.00413,-4e-05,2e-05,0
62.08,-0.00031,-8e-05,0.00036,0.00017,2e-05,-0,-0,8e-05,0,3e-05,0,-0,-2e-05,2e-05,-2e-05,5e-05,8e-05,-1e-05,2e-05,-1e-05,-0.00598,0.00188,0.00908,0.00918,0.01418,-0.0006,-0.00443,0.00401,-0.00015,-0.00021,0.00258,-0.00011,4e-05,1e-05
62.1,-0.00035,-0.00012,0.0002,0.00021,-0,-0,-2e-05,0.00011,-0,0.0001,0,-1e-05,-1e-05,-3e-05,-0,6e-05,6e-05,-1e-05,1e-05,-1e-05,-0.00549,0.00151,0.00653,0.00542,0.01209,-0.00202,-0.00467,0.00333,-0.0004,-0.00014,-0.00036,-0.0001,6e-05,1e-05
62.12,-0.0004,-0.00012,2e-05,0.00026,-2e-05,0,-4e-05,0.00015,-0,0.00017,-0,-0,-1e-05,-8e-05,1e-05,5e-05,4e-05,-1e-05,1e-05,-0,-0.00495,0.00124,0.00413,0.00327,0.00979,-0.00202,-0.00407,0.00362,-0.00071,-0.0001,-0.00503,3e-05,7e-05,2e-05
62.14,-0.00043,-0.0001,-0.00015,0.00029,-4e-05,0,-6e-05,0.00019,0,0.00025,-0,0,-0,-0.00013,2e-05,4e-05,2e-05,-0,0,0,-0.00405,0.00106,0.00223,0.00155,0.00745,-0.00164,-0.00323,0.00535,-0.00105,-9e-05,-0.01176,0.0003,7e-05,1e-05
62.16,-0.00042,-7e-05,-0.00025,0.00032,-5e-05,0,-6e-05,0.00023,1e-05,0.00032,-0,1e-05,0,-0.00019,2e-05,3e-05,0,0,-0,1e-05,-0.00281,0.00098,0.00087,-0.00069,0.00519,-0.00137,-0.00249,0.00908,-0.00137,-0.00015,-0.02073,0.00071,6e-05,1e-05
62.18,-0.00035,-4e-05,-0.00026,0.00034,-5e-05,-0,-5e-05,0.00027,1e-05,0.00039,-0,2e-05,0,-0.00025,2e-05,1e-05,-0,2e-05,-0,1e-05,-0.00138,0.00096,-3e-05,-0.00303,0.0032,-0.00107,-0.00179,0.01542,-0.00164,-0.00027,-0.03171,0.00124,4e-05,0
62.2,-0.00024,-2e-05,-0.00014,0.00033,-5e-05,0,-2e-05,0.0003,2e-05,0.00045,-0,3e-05,1e-05,-0.0003,2e-05,-1e-05,0,3e-05,-0,1e-05,-0.0001,0.00094,-0.00045,-0.00499,0.00157,-0.00075,-0.00117,0.0249,-0.00183,-0.00043,-0.0447,0.00183,2e-05,-1e-05
62.22,-4e-05,-2e-05,0.00014,0.00031,-4e-05,0,3e-05,0.00031,3e-05,0.00053,-0,3e-05,1e-05,-0.00036,3e-05,-3e-05,2e-05,6e-05,0,1e-05,0.00073,0.0009,-0.00049,-0.00622,0.00032,-0.00046,-0.00065,0.03789,-0.0019,-0.00058,-0.05979,0.00239,1e-05,-2e-05
62.24,0.00031,-5e-05,0.00058,0.00026,-2e-05,0,0.0001,0.0003,4e-05,0.00059,-0,3e-05,1e-05,-0.00043,5e-05,-4e-05,6e-05,9e-05,1e-05,0,0.00088,0.0008,-0.00041,-0.00695,-0.00056,-0.0002,-0.00024,0.05398,-0.00177,-0.00065,-0.0754,0.00283,-0,-3e-05
62.26,0.00087,-8e-05,0.00113,0.00019,-0,-0,0.00019,0.00028,4e-05,0.00062,-0,3e-05,1e-05,-0.00048,6e-05,-6e-05,0.00011,0.00013,1e-05,-0,7e-05,0.00071,-0.00035,-0.00735,-0.00111,1e-05,6e-05,0.07196,-0.00142,-0.00059,-0.08872,0.00308,-1e-05,-4e-05
62.28,0.0017,-0.00012,0.00172,0.00011,2e-05,0,0.00029,0.00025,4e-05,0.00061,-0,2e-05,0,-0.00052,7e-05,-8e-05,0.00016,0.00017,1e-05,-1e-05,-0.00207,0.00074,-0.00032,-0.00733,-0.00136,0.00017,0.00026,0.09014,-0.00087,-0.00035,-0.09637,0.0031,-2e-05,-4e-05
62.3,0.00284,-0.00012,0.00226,1e-05,4e-05,0,0.00039,0.0002,5e-05,0.00057,-0,1e-05,0,-0.00056,8e-05,-0.0001,0.00023,0.00021,1e-05,-2e-05,-0.00568,0.00114,-0.00033,-0.00684,-0.00138,0.00027,0.00036,0.10397,-0.0002,7e-05,-0.09799,0.00283,-2e-05,-4e-05
62.32,0.0043,-8e-05,0.00264,-8e-05,6e-05,0,0.00049,0.00014,6e-05,0.0005,-0,1e-05,-0,-0.00058,9e-05,-0.00011,0.00032,0.00026,1e-05,-3e-05,-0.0103,0.00223,-0.00036,-0.00603,-0.00124,0.00031,0.00037,0.10964,0.00042,0.00071,-0.09399,0.00224,-2e-05,-4e-05
62.34,0.00605,0,0.00275,-0.00018,7e-05,-0,0.00057,7e-05,7e-05,0.0004,-0,-0,-1e-05,-0.00056,0.00011,-0.0001,0.0004,0.00029,0,-4e-05,-0.01549,0.00428,-0.00039,-0.0054,-0.00098,0.00027,0.00031,0.10675,0.00081,0.00152,-0.07951,0.00158,-1e-05,-3e-05
62.36,0.008,9e-05,0.00254,-0.00028,8e-05,0,0.00064,2e-05,8e-05,0.0003,-0,-0,-1e-05,-0.0005,0.00013,-9e-05,0.00044,0.00028,-0,-4e-05,-0.02094,0.0074,-0.00039,-0.00534,-0.00067,0.00018,0.00018,0.09688,0.00086,0.00216,-0.05634,0.00099,-1e-05,-3e-05
62.38,0.01,0.00013,0.00208,-0.00037,7e-05,-0,0.00068,-1e-05,9e-05,0.00018,-0,-0,-2e-05,-0.0004,0.00015,-7e-05,0.00044,0.00025,-0,-4e-05,-0.02555,0.01144,-0.00033,-0.00601,-0.00036,6e-05,3e-05,0.08144,0.00055,0.00225,-0.03098,0.00052,-1e-05,-2e-05
62.4,0.01172,5e-05,0.00145,-0.00048,3e-05,-0,0.00068,-3e-05,0.0001,7e-05,-0,-0,-2e-05,-0.00027,0.00017,-6e-05,0.0004,0.00018,-0,-4e-05,-0.0297,0.01586,-0.00019,-0.00764,-8e-05,-8e-05,-0.00013,0.06108,-7e-05,0.00139,-0.0062,0.00024,-0,-1e-05
62.42,0.01289,-0.00023,0.0008,-0.00065,-2e-05,0,0.00065,-2e-05,9e-05,-4e-05,-0,0,-2e-05,-0.00015,0.00019,-5e-05,0.00031,0.0001,-0,-4e-05,-0.03485,0.01977,3e-05,-0.01048,0.0001,-0.00019,-0.00025,0.04395,-0.00076,-0.0003,0.01198,8e-05,0,0
62.44,0.01349,-0.00072,0.00023,-0.00087,-0.0001,-0,0.00058,-1e-05,8e-05,-0.00013,-0,1e-05,-2e-05,-5e-05,0.0002,-4e-05,0.00022,3e-05,0,-3e-05,-0.03941,0.02268,0.00026,-0.01435,0.00015,-0.00026,-0.00033,0.033,-0.00123,-0.00206,0.02071,-3e-05,0,1e-05
62.46,0.0135,-0.0014,-0.00019,-0.00113,-0.00018,-0,0.0005,3e-05,7e-05,-0.00019,-0,1e-05,-2e-05,-0,0.00022,-3e-05,0.00013,-1e-05,0,-3e-05,-0.04169,0.02451,0.00044,-0.01875,0.0001,-0.00027,-0.00034,0.02155,-0.00133,-0.00344,0.02094,-8e-05,1e-05,1e-05
62.48,0.01298,-0.00217,-0.00047,-0.00142,-0.00026,-0,0.00042,6e-05,6e-05,-0.00024,0,1e-05,-2e-05,-3e-05,0.00023,-2e-05,7e-05,-3e-05,1e-05,-3e-05,-0.04231,0.02498,0.00046,-0.02322,-5e-05,-0.00023,-0.00029,0.00849,-0.00106,-0.00429,0.01789,-8e-05,1e-05,1e-05
62.5,0.012,-0.00285,-0.00065,-0.00172,-0.00032,0,0.00034,0.0001,4e-05,-0.00026,0,2e-05,-1e-05,-0.00014,0.00024,-1e-05,2e-05,-4e-05,1e-05,-2e-05,-0.04116,0.02448,0.00043,-0.02705,-0.00025,-0.00017,-0.0002,-0.00413,-0.00048,-0.00453,0.0138,-5e-05,0,1e-05
62.52,0.0106,-0.00326,-0.00075,-0.00201,-0.00035,-0,0.00028,0.00013,2e-05,-0.00026,0,2e-05,-0,-0.00031,0.00024,-1e-05,0,-4e-05,1e-05,-2e-05,-0.03833,0.02357,0.00071,-0.02949,-0.00044,-8e-05,-8e-05,-0.01573,0.00022,-0.00428,0.00954,-2e-05,0,1e-05
62.54,0.00902,-0.0033,-0.0008,-0.00222,-0.00035,-0,0.00025,0.00015,1e-05,-0.00024,0,1e-05,1e-05,-0.0005,0.00023,-1e-05,-0,-4e-05,0,-1e-05,-0.03487,0.02187,0.0011,-0.02975,-0.00058,1e-05,3e-05,-0.02421,0.00085,-0.00377,0.00581,0,0,0
62.56,0.00739,-0.00298,-0.00082,-0.00232,-0.00032,-0,0.00024,0.00015,-0,-0.00021,0,1e-05,1e-05,-0.0007,0.0002,0,0,-4e-05,-0,-0,-0.03146,0.01926,0.00126,-0.02732,-0.00065,9e-05,0.00014,-0.0272,0.00122,-0.00316,0.00286,1e-05,-0,0
62.58,0.00569,-0.00235,-0.0008,-0.00228,-0.00028,0,0.00023,0.00012,-1e-05,-0.00016,0,1e-05,2e-05,-0.00088,0.00014,2e-05,-0,-3e-05,-1e-05,0,-0.02821,0.01596,0.00127,-0.0223,-0.00063,0.00015,0.00022,-0.02404,0.00117,-0.00246,0.00076,0,-0,-0
62.6,0.00406,-0.00155,-0.00076,-0.00207,-0.00024,-0,0.00022,9e-05,-1e-05,-0.0001,0,1e-05,2e-05,-0.001,5e-05,4e-05,-1e-05,-3e-05,-1e-05,1e-05,-0.02505,0.01266,0.00103,-0.0147,-0.00054,0.0002,0.00028,-0.01662,0.00096,-0.00193,-0.00059,-3e-05,-0,-0
62.62,0.00253,-0.0007,-0.0007,-0.0017,-0.00021,-0,0.00018,9e-05,-1e-05,-2e-05,0,0,2e-05,-0.00106,-6e-05,7e-05,-2e-05,-3e-05,-1e-05,1e-05,-0.02189,0.00988,0.00058,-0.00533,-0.00037,0.00022,0.0003,-0.00631,0.00105,-0.00156,-0.00154,-6e-05,-0,-1e-05
62.64,0.00092,0.00015,-0.00062,-0.00121,-0.00017,-0,0.00011,0.0001,-0,8e-05,0,0,1e-05,-0.00104,-0.00017,9e-05,-3e-05,-2e-05,-1e-05,2e-05,-0.01872,0.00722,0.00013,0.0044,-0.00015,0.00022,0.00029,0.00533,0.00141,-0.00104,-0.00232,-9e-05,-0,-1e-05
62.66,-0.00077,0.00095,-0.00052,-0.00066,-0.00013,0,-1e-05,9e-05,-0,0.00018,0,-0,1e-05,-0.00098,-0.00027,0.00011,-4e-05,-2e-05,-1e-05,3e-05,-0.01554,0.00447,-0.00026,0.0139,0.0001,0.0002,0.00024,0.01496,0.00182,-0.0003,-0.00298,-0.0001,-0,-1e-05
62.68,-0.00246,0.00163,-0.00041,-7e-05,-0.0001,-0,-0.00015,9e-05,0,0.00028,0,-0,0,-0.00086,-0.00035,0.00011,-3e-05,-2e-05,-1e-05,3e-05,-0.01237,0.00184,-0.00058,0.02289,0.00037,0.00016,0.00018,0.01946,0.00234,0.00054,-0.00355,-9e-05,-0,-1e-05
62.7,-0.00409,0.00216,-0.0003,0.00049,-7e-05,-0,-0.0003,0.0001,0,0.00036,0,-0,0,-0.00074,-0.0004,0.0001,-3e-05,-1e-05,-0,4e-05,-0.00941,-0.00047,-0.0008,0.03112,0.0006,0.00012,0.00012,0.01756,0.00299,0.00136,-0.00415,-6e-05,-0,-1e-05
62.72,-0.0056,0.00256,-0.00018,0.00096,-5e-05,-0,-0.00041,9e-05,0,0.00043,0,-0,0,-0.00064,-0.00042,8e-05,-2e-05,-1e-05,-0,4e-05,-0.00694,-0.00251,-0.0008,0.03844,0.00074,8e-05,6e-05,0.0105,0.00366,0.0021,-0.00493,-3e-05,-0,-1e-05
62.74,-0.00697,0.00275,-7e-05,0.00132,-4e-05,0,-0.00046,9e-05,0,0.00045,0,-0,0,-0.00054,-0.00041,6e-05,-1e-05,-0,-0,4e-05,-0.00522,-0.0042,-0.00057,0.04486,0.00076,5e-05,3e-05,-0.00059,0.00398,0.00268,-0.00576,1e-05,-0,-1e-05
62.76,-0.00813,0.00266,3e-05,0.00155,-4e-05,-0,-0.00048,8e-05,-0,0.00041,0,-0,-0,-0.00042,-0.00037,4e-05,0,-0,-0,4e-05,-0.00445,-0.00528,-0.00025,0.0506,0.0006,3e-05,2e-05,-0.01507,0.00379,0.00297,-0.00646,6e-05,-0,-1e-05
62.78,-0.00906,0.00232,0.00011,0.00167,-5e-05,-0,-0.00045,7e-05,-1e-05,0.00032,0,-0,-0,-0.0003,-0.0003,2e-05,1e-05,-0,0,3e-05,-0.00469,-0.00566,0.00018,0.05581,0.00025,2e-05,3e-05,-0.03039,0.00322,0.00293,-0.00701,0.0001,-0,-1e-05
62.8,-0.00983,0.00177,0.00014,0.0017,-8e-05,-0,-0.0004,5e-05,-1e-05,0.00018,0,-0,-0,-0.0002,-0.00022,0,1e-05,-0,1e-05,3e-05,-0.00596,-0.00545,0.00046,0.06072,-0.00034,1e-05,7e-05,-0.0445,0.00237,0.00258,-0.00737,0.00013,-0,-1e-05
62.82,-0.01059,0.00111,0.00012,0.00166,-0.0001,0,-0.00036,3e-05,-1e-05,1e-05,-0,0,0,-0.00011,-0.00013,-1e-05,-0,-0,1e-05,2e-05,-0.00827,-0.00485,0.0004,0.06559,-0.00117,-1e-05,0.00013,-0.05594,0.0014,0.00194,-0.00745,0.00016,-0,-1e-05
62.84,-0.0112,0.00045,4e-05,0.00156,-0.00014,-0,-0.00033,1e-05,-0,-0.00014,-0,0,0,-4e-05,-4e-05,-1e-05,-2e-05,-1e-05,2e-05,2e-05,-0.01145,-0.00393,0.00027,0.07024,-0.00228,-5e-05,0.00019,-0.06354,0.00047,0.00116,-0.00723,0.00017,-0,-1e-05
62.86,-0.01155,-0.00013,-9e-05,0.00144,-0.00016,-0,-0.00029,0,1e-05,-0.00027,-0,1e-05,0,-0,4e-05,-1e-05,-4e-05,-1e-05,2e-05,2e-05,-0.01521,-0.00285,0.00016,0.07425,-0.00369,-0.00011,0.00024,-0.06676,-0.0003,0.00036,-0.00677,0.00017,-0,-1e-05
62.88,-0.01168,-0.00057,-0.00026,0.00131,-0.00019,-0,-0.00026,-0,3e-05,-0.00038,0,1e-05,0,0,0.00012,-1e-05,-6e-05,-1e-05,2e-05,2e-05,-0.01915,-0.00189,1e-05,0.07718,-0.00539,-0.00021,0.00029,-0.06497,-0.00084,-0.00028,-0.00629,0.00015,-0,-1e-05
62.9,-0.01157,-0.00084,-0.00042,0.00117,-0.0002,0,-0.00024,-0,5e-05,-0.00046,0,1e-05,0,-3e-05,0.00019,-1e-05,-9e-05,-1e-05,2e-05,2e-05,-0.02261,-0.0014,-0.00021,0.07735,-0.0074,-0.00033,0.00033,-0.06044,-0.00111,-0.00076,-0.00568,0.00012,-0,-1e-05
62.92,-0.01122,-0.00094,-0.00055,0.00104,-0.0002,-0,-0.0002,0,6e-05,-0.00047,1e-05,1e-05,1e-05,-9e-05,0.00025,-1e-05,-0.00012,-1e-05,1e-05,3e-05,-0.0247,-0.00172,-0.00063,0.07295,-0.00964,-0.00048,0.00037,-0.05577,-0.00102,-0.00105,-0.00466,9e-05,-0,-0
62.94,-0.01063,-0.0009,-0.0006,0.00092,-0.0002,-0,-0.00016,1e-05,7e-05,-0.00042,2e-05,1e-05,1e-05,-0.00018,0.00032,-1e-05,-0.00015,-0,1e-05,4e-05,-0.02426,-0.00315,-0.00133,0.06374,-0.01199,-0.00064,0.00039,-0.04966,-0.0007,-0.00103,-0.00375,4e-05,0,-0
62.96,-0.00983,-0.00077,-0.00057,0.00079,-0.00019,-0,-0.00011,2e-05,5e-05,-0.00033,3e-05,1e-05,2e-05,-0.00029,0.00037,-1e-05,-0.00018,1e-05,1e-05,5e-05,-0.02001,-0.00584,-0.00225,0.04979,-0.01414,-0.00079,0.0004,-0.045,4e-05,-0.00098,0.00363,-4e-05,0,0
62.98,-0.00885,-0.00059,-0.00046,0.00066,-0.00017,0,-6e-05,3e-05,2e-05,-0.00022,6e-05,1e-05,3e-05,-0.00041,0.00042,-1e-05,-0.00022,3e-05,0,5e-05,-0.01078,-0.00975,-0.00334,0.03151,-0.01538,-0.00087,0.00039,-0.0431,0.0011,-0.00073,0.01588,-0.00013,-0,0
63,-0.00758,-0.0004,-0.00031,0.00053,-0.00014,-0,-1e-05,3e-05,1e-05,-9e-05,0.00011,1e-05,4e-05,-0.00051,0.00047,-1e-05,-0.00025,6e-05,0,5e-05,0.00435,-0.01467,-0.0044,0.00902,-0.01589,-0.00089,0.00036,-0.04472,0.00226,-0.00035,0.03196,-0.00022,-1e-05,-0
63.02,-0.00593,-0.00023,-0.00016,0.00041,-0.00011,-0,3e-05,3e-05,7e-05,9e-05,0.00018,2e-05,5e-05,-0.00057,0.00051,-1e-05,-0.00027,0.0001,-0,5e-05,0.02462,-0.02045,-0.00554,-0.01354,-0.01592,-0.00089,0.00032,-0.04728,0.00314,6e-05,0.04883,-0.00034,-3e-05,-1e-05
63.04,-0.00403,-8e-05,-3e-05,0.00029,-7e-05,-0,4e-05,1e-05,0.00018,0.00024,0.00027,2e-05,6e-05,-0.00058,0.00053,-0,-0.00027,0.00014,-0,4e-05,0.04786,-0.02658,-0.00627,-0.02986,-0.01334,-0.00074,0.00026,-0.04885,0.00359,0.00035,0.06402,-0.00047,-4e-05,-2e-05
63.06,-0.0019,2e-05,6e-05,0.00017,-2e-05,0,2e-05,-1e-05,0.00027,0.00034,0.00038,4e-05,6e-05,-0.00056,0.00053,0,-0.00027,0.00018,-0,3e-05,0.07137,-0.03175,-0.00619,-0.03843,-0.00778,-0.00041,0.00018,-0.0507,0.00358,0.00046,0.07677,-0.00058,-6e-05,-3e-05
63.08,0.00053,5e-05,0.0001,6e-05,2e-05,-0,-3e-05,-2e-05,0.00034,0.00041,0.00047,5e-05,6e-05,-0.0005,0.00049,2e-05,-0.00025,0.00021,-0,1e-05,0.09134,-0.03489,-0.00616,-0.03414,-0.00084,-3e-05,8e-05,-0.05231,0.00286,0.00037,0.08411,-0.00065,-7e-05,-4e-05
63.1,0.00324,2e-05,0.0001,-3e-05,6e-05,-0,-8e-05,-1e-05,0.00035,0.00041,0.00056,6e-05,6e-05,-0.00041,0.00043,3e-05,-0.00021,0.00022,-0,-1e-05,0.10337,-0.03416,-0.00425,-0.03091,0.00551,0.0003,-1e-05,-0.05371,0.00159,0.00016,0.08615,-0.00065,-8e-05,-6e-05
63.12,0.00604,-8e-05,7e-05,-0.00011,8e-05,-0,-0.00013,3e-05,0.00029,0.0003,0.00067,6e-05,5e-05,-0.00032,0.00034,5e-05,-0.00016,0.00022,0,-3e-05,0.10501,-0.02795,-0.00095,-0.04745,0.00869,0.0004,-8e-05,-0.05544,0.00024,-7e-05,0.08536,-0.00054,-8e-05,-7e-05
63.14,0.00884,-0.00021,3e-05,-0.0002,6e-05,-0,-0.00018,8e-05,0.0002,0.00018,0.00071,6e-05,4e-05,-0.00022,0.00025,7e-05,-9e-05,0.00017,-0,-4e-05,0.09697,-0.01859,0.00046,-0.0606,0.00855,0.00029,-0.00011,-0.05732,-0.00131,-0.0003,0.08093,-0.00035,-9e-05,-9e-05
63.16,0.0116,-0.00032,0,-0.00029,-0,-0,-0.0002,0.00015,0.00011,0.00011,0.00064,4e-05,2e-05,-0.00012,0.00015,8e-05,-4e-05,6e-05,-0,-5e-05,0.08184,-0.00892,0.00047,-0.05614,0.00674,0.00014,-0.00012,-0.05937,-0.00318,-0.0005,0.07266,-0.00011,-9e-05,-0.00011
63.18,0.01421,-0.00037,-2e-05,-0.0004,-0.00011,-0,-0.00021,0.00021,3e-05,5e-05,0.00051,3e-05,1e-05,-3e-05,6e-05,8e-05,-0,-6e-05,-0,-6e-05,0.06406,-0.00113,0.00022,-0.04307,0.00435,1e-05,-0.0001,-0.06129,-0.00509,-0.00064,0.06212,0.00016,-9e-05,-0.00014
63.2,0.01639,-0.00035,-2e-05,-0.00055,-0.00021,0,-0.00021,0.00025,-0,0,0.00032,1e-05,-0,3e-05,0,7e-05,0,-0.00016,-0,-7e-05,0.04292,0.00322,-5e-05,-0.02206,0.00258,-5e-05,-7e-05,-0.06237,-0.00674,-0.00073,0.05064,0.00043,-0.0001,-0.00016
63.22,0.01785,-0.00026,-0,-0.00078,-0.00032,0,-0.00022,0.00025,1e-05,-3e-05,0.00011,-0,-1e-05,5e-05,-3e-05,5e-05,-1e-05,-0.00013,1e-05,-7e-05,0.02546,0.00367,-0.00028,-0.00271,0.00147,-6e-05,-3e-05,-0.06196,-0.00795,-0.00076,0.03928,0.00065,-0.0001,-0.00018
63.24,0.01847,-0.00011,1e-05,-0.00107,-0.00041,0,-0.00024,0.00023,5e-05,-5e-05,-2e-05,-1e-05,-2e-05,4e-05,-4e-05,3e-05,-3e-05,0,2e-05,-7e-05,0.01756,0.0014,-0.00038,0.00705,0.00061,-5e-05,1e-05,-0.05972,-0.00877,-0.00078,0.02868,0.00081,-0.00011,-0.00019
63.26,0.01828,7e-05,-0,-0.00138,-0.00046,0,-0.00025,0.00021,0.0001,-5e-05,-7e-05,-1e-05,-3e-05,3e-05,-2e-05,1e-05,-5e-05,0.00013,3e-05,-7e-05,0.0146,-0.00173,-0.00028,0.00866,0.00011,-1e-05,3e-05,-0.05563,-0.00928,-0.00078,0.01926,0.00089,-0.00011,-0.00019
63.28,0.01728,0.00021,-6e-05,-0.00167,-0.00048,-0,-0.00026,0.00018,0.00012,-3e-05,-7e-05,-1e-05,-3e-05,2e-05,-1e-05,0,-6e-05,0.00024,4e-05,-6e-05,0.01116,-0.0041,5e-05,0.00619,-6e-05,1e-05,4e-05,-0.04991,-0.00955,-0.00076,0.01146,0.00089,-0.0001,-0.00017
63.3,0.01559,0.00029,-0.00017,-0.00191,-0.00047,-0,-0.00029,0.00016,0.0001,-0,-6e-05,-1e-05,-3e-05,1e-05,0,-1e-05,-6e-05,0.00028,4e-05,-5e-05,0.00789,-0.00515,0.00053,0.00316,-0.00013,2e-05,5e-05,-0.04296,-0.00938,-0.00071,0.00569,0.00082,-9e-05,-0.00014
63.32,0.01343,0.00028,-0.00034,-0.00205,-0.00045,-0,-0.00032,0.00013,6e-05,6e-05,-5e-05,-1e-05,-2e-05,0,-1e-05,-1e-05,-1e-05,0.00022,3e-05,-4e-05,0.00407,-0.00498,0.00103,-7e-05,-0.00014,3e-05,5e-05,-0.03532,-0.0087,-0.00063,0.00218,0.00069,-8e-05,-0.00011
63.34,0.01105,0.00021,-0.00055,-0.00206,-0.00041,-0,-0.00037,0.00011,1e-05,0.00013,-5e-05,-1e-05,-1e-05,-0,-3e-05,-1e-05,5e-05,0.00014,3e-05,-4e-05,-0.00047,-0.0039,0.00138,-0.00316,-0.00011,3e-05,5e-05,-0.02786,-0.00785,-0.0005,0.00098,0.00052,-6e-05,-7e-05
63.36,0.0086,9e-05,-0.00075,-0.00192,-0.00037,-0,-0.00042,9e-05,-4e-05,0.00018,-5e-05,-1e-05,-0,0,-8e-05,-1e-05,0.00011,9e-05,2e-05,-3e-05,-0.00436,-0.00239,0.0015,-0.00617,-7e-05,2e-05,4e-05,-0.02104,-0.00699,-0.00032,0.00197,0.00033,-4e-05,-4e-05
63.38,0.00619,-4e-05,-0.00091,-0.00165,-0.00032,-0,-0.00047,8e-05,-7e-05,0.0002,-5e-05,-1e-05,-0,0,-0.00016,-1e-05,0.00016,5e-05,1e-05,-2e-05,-0.00659,-0.00099,0.00131,-0.00884,-3e-05,2e-05,3e-05,-0.01498,-0.00606,-9e-05,0.00477,0.00013,-2e-05,-1e-05
63.4,0.00402,-0.00015,-0.00098,-0.00126,-0.00028,-0,-0.00052,7e-05,-8e-05,0.00019,-5e-05,-1e-05,-0,1e-05,-0.00026,-1e-05,0.00017,2e-05,1e-05,-1e-05,-0.0076,-0.00016,0.00099,-0.01111,-1e-05,2e-05,2e-05,-0.00988,-0.00492,0.0002,0.00879,-7e-05,1e-05,1e-05
63.42,0.00215,-0.00023,-0.00093,-0.00079,-0.00026,-0,-0.00054,7e-05,-7e-05,0.00015,-5e-05,-1e-05,0,1e-05,-0.00034,-0,0.00013,1e-05,0,-1e-05,-0.00729,0.00021,0.00082,-0.01306,0,1e-05,2e-05,-0.00574,-0.00348,0.0005,0.01329,-0.00024,4e-05,2e-05
63.44,0.00046,-0.00029,-0.00077,-0.00032,-0.00023,-0,-0.00054,8e-05,-4e-05,9e-05,-4e-05,-1e-05,1e-05,0,-0.0004,-0,6e-05,0,-0,-0,-0.00464,0.00046,0.0007,-0.01401,-0,1e-05,1e-05,-0.00232,-0.00189,0.00078,0.01766,-0.00038,6e-05,3e-05
63.46,-0.00109,-0.00034,-0.00051,0.00011,-0.00012,-0,-0.00052,8e-05,-2e-05,3e-05,-4e-05,-1e-05,2e-05,0,-0.00045,0,0,-0,-1e-05,0,-0.00022,0.00072,0.00055,-0.01344,-1e-05,0,0,0.00049,-0.00022,0.00106,0.02154,-0.00048,8e-05,4e-05
63.48,-0.00247,-0.00037,-0.00021,0.00048,1e-05,-0,-0.00047,8e-05,0,-3e-05,-3e-05,-1e-05,3e-05,-1e-05,-0.00048,0,-7e-05,-0,-1e-05,1e-05,0.00448,0.00113,0.00044,-0.01146,-2e-05,-0,-0,0.00277,0.00152,0.00131,0.02469,-0.00055,9e-05,4e-05
63.5,-0.00371,-0.00041,9e-05,0.00076,0.00016,-0,-0.0004,8e-05,2e-05,-9e-05,-2e-05,-1e-05,5e-05,-1e-05,-0.00047,0,-0.00013,-0,-1e-05,1e-05,0.00819,0.00178,0.00036,-0.00867,-3e-05,-0,-1e-05,0.00462,0.00321,0.00153,0.02694,-0.00058,0.0001,5e-05
63.52,-0.00487,-0.00047,0.00035,0.00096,0.00031,-0,-0.00032,7e-05,4e-05,-0.00013,-2e-05,-1e-05,6e-05,-3e-05,-0.00041,0,-0.00013,-0,-1e-05,2e-05,0.01016,0.00259,0.00028,-0.00573,-3e-05,-1e-05,-2e-05,0.00615,0.00468,0.00169,0.02824,-0.00059,0.00011,5e-05
63.54,-0.00592,-0.00057,0.00054,0.00106,0.00037,-0,-0.00022,6e-05,5e-05,-0.00014,-2e-05,-1e-05,7e-05,-4e-05,-0.00033,0,-9e-05,0,-1e-05,3e-05,0.01046,0.00333,0.00016,-0.00307,-2e-05,-2e-05,-2e-05,0.00745,0.00584,0.0018,0.02861,-0.00059,0.00012,5e-05
63.56,-0.00683,-0.0007,0.00064,0.0011,0.0004,-0,-0.00012,5e-05,5e-05,-0.00014,-1e-05,-1e-05,8e-05,-5e-05,-0.00024,0,-5e-05,0,-1e-05,4e-05,0.00843,0.00385,4e-05,-0.0009,-1e-05,-3e-05,-3e-05,0.00862,0.00663,0.00185,0.02815,-0.00059,0.00012,6e-05
63.58,-0.00764,-0.00088,0.00067,0.00109,0.00042,-0,-3e-05,3e-05,5e-05,-0.00011,-1e-05,-0,9e-05,-6e-05,-0.00016,1e-05,1e-05,0,-0,5e-05,0.00411,0.0041,-8e-05,0.00047,1e-05,-4e-05,-3e-05,0.00979,0.00706,0.00182,0.02694,-0.0006,0.00012,7e-05
63.6,-0.00839,-0.00111,0.00062,0.00104,0.00045,-0,6e-05,1e-05,4e-05,-7e-05,-1e-05,-0,9e-05,-6e-05,-9e-05,1e-05,5e-05,0,-0,5e-05,-0.0016,0.00399,-0.0002,0.001,4e-05,-5e-05,-4e-05,0.01106,0.00704,0.00171,0.0252,-0.00062,0.00012,8e-05
63.62,-0.00913,-0.00138,0.00049,0.00099,0.00047,-0,0.00012,-1e-05,4e-05,-3e-05,-1e-05,-0,9e-05,-5e-05,-5e-05,2e-05,7e-05,0,0,6e-05,-0.00749,0.00352,-0.00035,0.00096,6e-05,-6e-05,-4e-05,0.01256,0.00651,0.00149,0.02313,-0.00066,0.00013,9e-05
63.64,-0.00985,-0.00167,0.00031,0.00093,0.00049,-0,0.00017,-3e-05,3e-05,1e-05,-1e-05,-0,8e-05,-4e-05,-2e-05,2e-05,7e-05,0,0,6e-05,-0.01337,0.00287,-0.0006,0.00057,9e-05,-8e-05,-5e-05,0.01437,0.00562,0.00117,0.02079,-0.00072,0.00013,0.00011
63.66,-0.01056,-0.00196,9e-05,0.00087,0.0005,-0,0.00019,-4e-05,1e-05,5e-05,-2e-05,-0,7e-05,-3e-05,-1e-05,3e-05,8e-05,0,0,6e-05,-0.01923,0.00223,-0.001,4e-05,0.00013,-0.0001,-6e-05,0.01657,0.00451,0.00074,0.01819,-0.00078,0.00013,0.00013
63.68,-0.01125,-0.00221,-0.00017,0.00083,0.0005,0,0.00019,-5e-05,1e-05,7e-05,-2e-05,0,6e-05,-2e-05,0,3e-05,8e-05,0,0,6e-05,-0.02438,0.00165,-0.00159,-0.00041,0.00018,-0.00012,-7e-05,0.01923,0.00326,0.00024,0.01536,-0.00085,0.00013,0.00015
63.7,-0.01191,-0.00238,-0.00046,0.00079,0.00049,0,0.00018,-6e-05,-0,6e-05,-2e-05,0,5e-05,-1e-05,0,2e-05,6e-05,0,0,6e-05,-0.02801,0.00114,-0.00236,-0.00068,0.00024,-0.00013,-9e-05,0.02243,0.00195,-0.00031,0.01237,-0.00091,0.00013,0.00017
63.72,-0.01247,-0.00241,-0.00079,0.00077,0.0004,0,0.00015,-6e-05,-0,3e-05,-2e-05,0,3e-05,0,0,1e-05,4e-05,0,0,6e-05,-0.03022,0.00067,-0.00327,-0.00047,0.00032,-0.00015,-0.0001,0.02628,0.00071,-0.00082,0.00923,-0.00094,0.00012,0.00019
63.74,-0.01291,-0.0023,-0.00115,0.00076,0.0003,-0,0.00011,-6e-05,-0,-1e-05,-2e-05,0,2e-05,2e-05,-0,-1e-05,1e-05,0,0,5e-05,-0.03133,0.00013,-0.0042,0.00028,0.00041,-0.00015,-0.0001,0.03073,-0.00031,-0.00122,0.00582,-0.00093,0.00011,0.00019
63.76,-0.0132,-0.00209,-0.00152,0.00075,0.00022,0,6e-05,-6e-05,0,-6e-05,-2e-05,0,0,4e-05,-0,-3e-05,-0,0,0,4e-05,-0.03137,-0.00053,-0.00505,0.00134,0.0005,-0.00014,-0.0001,0.03568,-0.00104,-0.00149,0.00212,-0.00087,9e-05,0.00019
63.78,-0.01334,-0.0018,-0.00187,0.00075,0.00015,0,-0,-6e-05,1e-05,-0.00011,-2e-05,-0,-2e-05,6e-05,-0,-5e-05,-2e-05,0,-0,3e-05,-0.02966,-0.0013,-0.00568,0.00204,0.00056,-0.00012,-8e-05,0.04106,-0.00142,-0.0016,-0.00183,-0.00077,7e-05,0.00016
63.8,-0.01327,-0.00146,-0.00217,0.00073,0.0001,0,-8e-05,-6e-05,3e-05,-0.00016,-2e-05,-0,-3e-05,9e-05,0,-7e-05,-2e-05,0,-0,2e-05,-0.02788,-0.00211,-0.00528,0.00356,0.00059,-4e-05,-2e-05,0.04671,-0.00144,-0.00158,-0.00592,-0.00062,5e-05,0.00013
63.82,-0.01293,-0.00111,-0.00237,0.00071,7e-05,-0,-0.00015,-6e-05,5e-05,-0.00021,-1e-05,-0,-5e-05,0.00014,0,-9e-05,-3e-05,0,-0,1e-05,-0.0271,-0.00274,-0.00319,0.00825,0.00061,4e-05,3e-05,0.05238,-0.00113,-0.00148,-0.01011,-0.00045,3e-05,8e-05
63.84,-0.01237,-0.00078,-0.00243,0.00067,5e-05,-0,-0.00021,-7e-05,7e-05,-0.00024,-1e-05,-0,-6e-05,0.0002,1e-05,-0.0001,-3e-05,0,-0,0,-0.02572,-0.00291,-0.00099,0.01326,0.00052,-5e-05,-3e-05,0.05782,-0.00051,-0.00131,-0.01429,-0.00026,1e-05,3e-05
63.86,-0.01161,-0.00052,-0.00235,0.00062,3e-05,-0,-0.00027,-7e-05,9e-05,-0.00028,-1e-05,-0,-7e-05,0.00026,1e-05,-0.0001,-3e-05,0,-0,-1e-05,-0.02296,-0.00255,7e-05,0.01597,0.00028,-0.00035,-0.00026,0.06279,0.00033,-0.00107,-0.01835,-6e-05,-1e-05,-1e-05
63.88,-0.01068,-0.0003,-0.00213,0.00055,3e-05,-0,-0.00033,-8e-05,0.00011,-0.00031,-1e-05,-0,-8e-05,0.00031,1e-05,-9e-05,-3e-05,0,-0,-1e-05,-0.0188,-0.00172,-5e-05,0.01707,-5e-05,-0.00107,-0.00078,0.06727,0.00127,-0.00079,-0.02226,0.00012,-2e-05,-5e-05
63.9,-0.00949,-0.00015,-0.00179,0.00048,2e-05,-0,-0.00036,-9e-05,0.00013,-0.00033,-1e-05,-1e-05,-8e-05,0.00035,0,-8e-05,-3e-05,0,-0,-1e-05,-0.01335,-0.00099,-0.00031,0.01599,-0.00039,-0.0015,-0.00117,0.07071,0.00215,-0.00045,-0.02592,0.0003,-3e-05,-9e-05
63.92,-0.00801,-6e-05,-0.00141,0.00041,3e-05,-0,-0.00037,-9e-05,0.00013,-0.00032,-1e-05,-1e-05,-8e-05,0.00039,-0,-7e-05,-2e-05,-0,-0,-1e-05,-0.00751,-0.0009,0.00096,0.01282,-0.00057,-0.00012,-0.00052,0.07244,0.00267,-8e-05,-0.02917,0.00046,-4e-05,-0.00012
63.94,-0.00637,-1e-05,-0.00099,0.00035,3e-05,-0,-0.00035,-9e-05,0.00013,-0.0003,-1e-05,-1e-05,-8e-05,0.00042,-1e-05,-5e-05,-0,-0,-0,-1e-05,-0.00305,-0.00125,0.00248,0.00888,-0.00045,0.00212,0.00061,0.07265,0.00277,0.00031,-0.03195,0.0006,-5e-05,-0.00014
63.96,-0.0047,1e-05,-0.00057,0.00028,3e-05,-0,-0.00031,-9e-05,0.00013,-0.00028,-1e-05,-1e-05,-7e-05,0.00042,-2e-05,-4e-05,1e-05,-0,0,-1e-05,-0.0006,-0.00131,0.00347,0.00565,3e-05,0.00343,0.00109,0.07155,0.00251,0.00066,-0.03418,0.00071,-6e-05,-0.00015
63.98,-0.003,1e-05,-0.00019,0.00021,3e-05,0,-0.00025,-9e-05,0.00012,-0.00024,-0,-1e-05,-7e-05,0.00041,-4e-05,-2e-05,2e-05,-0,0,-0,0.00039,-0.00132,0.00407,0.00323,0.00069,0.00424,0.00105,0.06907,0.00195,0.00095,-0.03573,0.00081,-7e-05,-0.00016
64,-0.00132,-1e-05,0.00013,0.00013,2e-05,0,-0.00019,-8e-05,0.00011,-0.00019,-0,-1e-05,-6e-05,0.00039,-5e-05,-1e-05,2e-05,-0,0,0,0.00053,-0.0009,0.00423,0.00173,0.00131,0.00402,0.00016,0.06471,0.00109,0.00111,-0.03639,0.00089,-7e-05,-0.00015
64.02,0.00023,-3e-05,0.00036,6e-05,1e-05,0,-0.00015,-7e-05,9e-05,-0.0001,-0,-1e-05,-6e-05,0.00035,-6e-05,-0,3e-05,0,0,0,0.00039,0.0004,0.00399,0.00087,0.00167,0.00188,-0.00149,0.05813,-8e-05,0.00112,-0.03592,0.00096,-7e-05,-0.00015
64.04,0.00153,-4e-05,0.00051,-3e-05,0,-0,-0.0001,-6e-05,7e-05,-1e-05,-0,-0,-6e-05,0.0003,-7e-05,1e-05,3e-05,0,0,0,0.00028,0.00221,0.00364,0.00032,0.00167,-0.00043,-0.00278,0.05029,-0.00134,0.00096,-0.0344,0.00101,-7e-05,-0.00013
64.06,0.00256,-5e-05,0.00056,-0.00013,-1e-05,-0,-5e-05,-4e-05,5e-05,7e-05,-0,-0,-5e-05,0.00025,-7e-05,3e-05,2e-05,0,0,0,0.00026,0.00408,0.00322,-3e-05,0.00126,-0.00175,-0.00312,0.04211,-0.00244,0.00065,-0.03199,0.00103,-7e-05,-0.00012
64.08,0.00328,-5e-05,0.00056,-0.00025,-2e-05,-0,-2e-05,-2e-05,4e-05,0.00014,-0,-0,-5e-05,0.0002,-7e-05,5e-05,1e-05,0,0,-0,0.00038,0.00579,0.00259,-0.00029,0.00045,-0.00189,-0.00233,0.03404,-0.0034,0.00024,-0.02886,0.00104,-7e-05,-0.0001
64.1,0.00369,-6e-05,0.00051,-0.00039,-3e-05,-0,1e-05,-0,3e-05,0.00017,-0,-0,-4e-05,0.00015,-7e-05,6e-05,-1e-05,0,0,-1e-05,0.0006,0.00715,0.00172,-0.00052,-0.00059,-0.00063,-0.0003,0.02677,-0.004,-0.00015,-0.02535,0.00101,-6e-05,-8e-05
64.12,0.00381,-8e-05,0.00044,-0.00054,-4e-05,-0,2e-05,2e-05,3e-05,0.00014,-0,-0,-4e-05,8e-05,-8e-05,8e-05,-3e-05,0,0,-1e-05,0.00087,0.00808,0.00068,-0.00074,-0.00162,0.00205,0.00281,0.02076,-0.00414,-0.00044,-0.02175,0.00096,-5e-05,-6e-05
64.14,0.00365,-0.0001,0.00036,-0.00068,-5e-05,-0,3e-05,3e-05,2e-05,0.0001,-0,-0,-3e-05,2e-05,-8e-05,9e-05,-5e-05,0,0,-2e-05,0.00117,0.00858,-0.00047,-0.00098,-0.00238,0.00603,0.00672,0.01597,-0.00411,-0.00062,-0.01818,0.00087,-4e-05,-4e-05
64.16,0.00327,-0.00014,0.0003,-0.00078,-5e-05,-0,4e-05,5e-05,2e-05,3e-05,-0,-0,-2e-05,-3e-05,-8e-05,0.0001,-7e-05,0,0,-2e-05,0.00149,0.00866,-0.0016,-0.00123,-0.0027,0.01091,0.01104,0.01225,-0.00407,-0.0007,-0.01474,0.00077,-2e-05,-3e-05
64.18,0.00274,-0.00019,0.00024,-0.00084,-6e-05,-0,3e-05,7e-05,1e-05,-5e-05,-0,-0,-1e-05,-9e-05,-9e-05,0.0001,-0.0001,0,0,-3e-05,0.00182,0.00842,-0.00264,-0.00144,-0.00256,0.01616,0.01539,0.00942,-0.00401,-0.00069,-0.01151,0.00065,-1e-05,-1e-05
64.2,0.00219,-0.00024,0.0002,-0.00084,-6e-05,-0,1e-05,8e-05,1e-05,-0.00016,-0,-0,-1e-05,-0.00014,-9e-05,0.0001,-0.00012,0,0,-3e-05,0.00222,0.00797,-0.00341,-0.0017,-0.00201,0.02113,0.01899,0.00732,-0.00388,-0.00061,-0.0085,0.00053,1e-05,-0
64.22,0.00171,-0.00029,0.00017,-0.00078,-6e-05,-0,0,9e-05,1e-05,-0.00024,-0,-0,-0,-0.00018,-9e-05,8e-05,-0.00013,0,0,-3e-05,0.00279,0.00737,-0.0036,-0.00221,-0.00126,0.02425,0.02048,0.00577,-0.0036,-0.00052,-0.00571,0.00042,2e-05,0
64.24,0.00128,-0.00034,0.00015,-0.00067,-5e-05,-0,-2e-05,0.0001,1e-05,-0.00029,-0,-0,-0,-0.00022,-8e-05,7e-05,-0.00014,0,-0,-3e-05,0.00338,0.00657,-0.00328,-0.00278,-0.00053,0.02386,0.01939,0.00458,-0.00324,-0.00044,-0.00327,0.00034,2e-05,1e-05
64.26,0.00089,-0.00037,0.00013,-0.00054,-5e-05,-0,-5e-05,9e-05,2e-05,-0.00032,-0,0,0,-0.00026,-7e-05,6e-05,-0.00015,0,-0,-3e-05,0.00373,0.00562,-0.00275,-0.00312,1e-05,0.02084,0.01662,0.00362,-0.00281,-0.00043,-0.00122,0.00028,2e-05,1e-05
64.28,0.00054,-0.0004,0.00012,-0.00039,-4e-05,-0,-0.0001,8e-05,3e-05,-0.00033,-0,0,1e-05,-0.0003,-5e-05,6e-05,-0.00016,0,-0,-2e-05,0.00383,0.00459,-0.00202,-0.00323,0.00026,0.01534,0.01221,0.00279,-0.00232,-0.00046,0.00048,0.00025,1e-05,0
64.3,0.00026,-0.00041,0.0001,-0.00024,-3e-05,-0,-0.00016,7e-05,4e-05,-0.00032,-0,0,1e-05,-0.00033,-3e-05,6e-05,-0.00016,0,-0,-2e-05,0.00358,0.00362,-0.00142,-0.003,0.00015,0.01014,0.00817,0.00207,-0.00178,-0.00053,0.00181,0.00023,-0,-0
64.32,5e-05,-0.00041,9e-05,-0.00012,-1e-05,-0,-0.0002,5e-05,6e-05,-0.0003,-0,0,1e-05,-0.00035,-1e-05,6e-05,-0.00015,0,0,-1e-05,0.00303,0.00286,-0.00111,-0.00245,-0.00033,0.00779,0.00625,0.00144,-0.00123,-0.00056,0.00279,0.00021,-1e-05,-1e-05
64.34,-0.00013,-0.00041,9e-05,-2e-05,0,-0,-0.00024,3e-05,7e-05,-0.00027,-0,1e-05,1e-05,-0.00037,1e-05,6e-05,-0.00013,0,0,-1e-05,0.00227,0.00217,-0.0009,-0.00166,-0.0012,0.0061,0.00484,0.00082,-0.00073,-0.00055,0.00341,0.0002,-2e-05,-2e-05
64.36,-0.00026,-0.0004,8e-05,4e-05,2e-05,-0,-0.00026,1e-05,8e-05,-0.00023,-0,1e-05,1e-05,-0.00038,4e-05,7e-05,-0.00011,0,0,0,0.00134,0.00149,-0.0007,-0.00069,-0.00246,0.00403,0.00319,0.0002,-0.00032,-0.0005,0.00368,0.00017,-3e-05,-2e-05
64.38,-0.00036,-0.00039,7e-05,6e-05,3e-05,-0,-0.00026,0,9e-05,-0.00017,-0,1e-05,1e-05,-0.00037,6e-05,7e-05,-8e-05,0,0,1e-05,0.00027,0.00083,-0.00054,0.00043,-0.0041,0.00209,0.00165,-0.00042,-0,-0.00038,0.00364,0.00013,-3e-05,-2e-05
64.4,-0.00041,-0.00037,5e-05,6e-05,4e-05,-0,-0.00024,-0,0.0001,-0.00012,-0,1e-05,1e-05,-0.00036,7e-05,7e-05,-6e-05,0,0,1e-05,-0.00089,0.0002,-0.00043,0.00162,-0.00611,0.00024,0.00021,-0.00103,0.00024,-0.00023,0.00337,8e-05,-3e-05,-2e-05
64.42,-0.00045,-0.00034,4e-05,5e-05,5e-05,-0,-0.00023,-0,9e-05,-8e-05,-0,1e-05,1e-05,-0.00033,9e-05,6e-05,-4e-05,0,0,2e-05,-0.00208,-0.0004,-0.00036,0.00268,-0.00841,-0.0015,-0.00117,-0.00161,0.00044,-6e-05,0.00295,1e-05,-3e-05,-2e-05
64.44,-0.00048,-0.0003,2e-05,4e-05,6e-05,-0,-0.00021,0,8e-05,-5e-05,-0,0,1e-05,-0.0003,0.0001,5e-05,-3e-05,0,0,2e-05,-0.00323,-0.00099,-0.0003,0.0035,-0.01089,-0.0031,-0.00249,-0.00215,0.0006,0.00013,0.00243,-6e-05,-2e-05,-1e-05
64.46,-0.0005,-0.00027,-0,3e-05,6e-05,-0,-0.00018,1e-05,7e-05,-3e-05,-0,0,0,-0.00025,0.0001,4e-05,-2e-05,0,0,2e-05,-0.00424,-0.00154,-0.00022,0.00406,-0.01333,-0.00457,-0.00375,-0.00259,0.00076,0.00033,0.00186,-0.00015,-2e-05,-1e-05
64.48,-0.00053,-0.00022,-2e-05,2e-05,6e-05,-0,-0.00012,1e-05,5e-05,-1e-05,-0,0,0,-0.0002,0.0001,3e-05,-1e-05,0,0,2e-05,-0.00509,-0.00206,-0.0001,0.00441,-0.0153,-0.00569,-0.00482,-0.00291,0.00092,0.00052,0.00125,-0.00024,-2e-05,-1e-05
64.5,-0.00057,-0.00017,-4e-05,3e-05,5e-05,-0,-9e-05,1e-05,4e-05,-0,-0,0,0,-0.00015,9e-05,1e-05,-0,0,0,2e-05,-0.0055,-0.00256,8e-05,0.00421,-0.01662,-0.00688,-0.00596,-0.0031,0.00109,0.0007,0.00066,-0.00034,-1e-05,-0
64.52,-0.00061,-0.00012,-6e-05,5e-05,4e-05,-0,-7e-05,1e-05,2e-05,0,-0,0,0,-0.0001,8e-05,0,-0,0,0,2e-05,-0.00511,-0.00309,0.00039,0.00306,-0.01715,-0.00895,-0.00768,-0.00316,0.00125,0.00084,8e-05,-0.00043,-1e-05,0
64.54,-0.00064,-7e-05,-7e-05,8e-05,3e-05,-0,-5e-05,-0,2e-05,2e-05,-0,0,0,-7e-05,7e-05,-1e-05,-1e-05,0,0,1e-05,-0.00414,-0.00358,0.0009,0.00169,-0.01603,-0.01107,-0.00938,-0.00301,0.00139,0.00095,-0.0005,-0.00052,-0,1e-05
64.56,-0.00064,-2e-05,-7e-05,0.00011,2e-05,-0,-1e-05,-2e-05,3e-05,5e-05,-0,0,0,-6e-05,6e-05,-1e-05,-1e-05,0,-0,0,-0.00271,-0.00397,0.00159,0.00065,-0.01282,-0.01224,-0.01035,-0.00261,0.00152,0.00102,-0.00111,-0.0006,0,1e-05
64.58,-0.00056,1e-05,-8e-05,0.00015,1e-05,-0,4e-05,-3e-05,4e-05,9e-05,-0,0,0,-7e-05,4e-05,-0,-1e-05,0,-0,-0,-0.00076,-0.00424,0.00245,3e-05,-0.00792,-0.01234,-0.01047,-0.00191,0.00163,0.00105,-0.0018,-0.00068,1e-05,2e-05
64.6,-0.00034,1e-05,-8e-05,0.00019,0,-0,0.00013,-3e-05,6e-05,0.00016,-0,-0,0,-0.00011,2e-05,1e-05,-1e-05,0,-1e-05,-1e-05,0.00161,-0.00433,0.00327,6e-05,-0.002,-0.01107,-0.00949,-0.00084,0.00167,0.00103,-0.00263,-0.00075,2e-05,2e-05
64.62,0.00011,-3e-05,-9e-05,0.00022,0,0,0.00025,-1e-05,9e-05,0.00025,-0,0,0,-0.00018,-1e-05,3e-05,1e-05,-0,-1e-05,-2e-05,0.00447,-0.0042,0.00375,-0.00028,0.00374,-0.00848,-0.00746,0.0007,0.00163,0.00096,-0.00371,-0.00081,3e-05,3e-05
64.64,0.00091,-0.00011,-0.00012,0.00023,0,0,0.00042,3e-05,0.00014,0.00037,-0,0,0,-0.00029,-4e-05,6e-05,3e-05,-0,-1e-05,-2e-05,0.00762,-0.0039,0.00383,-0.00163,0.00829,-0.00466,-0.0044,0.00285,0.00148,0.00084,-0.00513,-0.00087,5e-05,4e-05
64.66,0.00215,-0.00022,-0.00015,0.00023,-0,0,0.00065,9e-05,0.00019,0.00052,-0,0,0,-0.00044,-8e-05,0.00011,5e-05,-0,-1e-05,-3e-05,0.01046,-0.0035,0.00353,-0.00346,0.01122,-0.0001,-0.00057,0.00583,0.00123,0.00068,-0.00699,-0.0009,7e-05,5e-05
64.68,0.00395,-0.00033,-0.00021,0.0002,-1e-05,0,0.00095,0.00017,0.00025,0.00069,-0,0,-0,-0.00065,-0.00013,0.00016,7e-05,-0,-1e-05,-3e-05,0.01234,-0.00302,0.003,-0.00526,0.01247,0.00447,0.00353,0.01,0.00087,0.00049,-0.0094,-0.00091,9e-05,7e-05
64.7,0.00622,-0.00036,-0.0003,0.00016,-2e-05,0,0.00135,0.00027,0.00032,0.00087,-0,0,-0,-0.00089,-0.00018,0.00022,9e-05,-0,-1e-05,-4e-05,0.01282,-0.00256,0.0021,-0.00799,0.01219,0.00803,0.00708,0.01547,0.00043,0.00028,-0.01239,-0.00089,0.00012,9e-05
64.72,0.00851,-0.00021,-0.00041,0.00012,-5e-05,0,0.00184,0.00038,0.00041,0.00109,-0,0,-0,-0.00119,-0.00022,0.0003,0.0001,-0,-1e-05,-4e-05,0.01257,-0.00223,0.00103,-0.01358,0.01064,0.00947,0.00898,0.0219,-8e-05,6e-05,-0.01589,-0.00084,0.00014,0.00012
64.74,0.01067,0.00023,-0.00054,8e-05,-8e-05,0,0.00243,0.00049,0.00049,0.00129,-0,0,-0,-0.00152,-0.00026,0.00038,0.0001,-0,-1e-05,-4e-05,0.01145,-0.00188,0.00033,-0.01868,0.00837,0.00859,0.00887,0.02946,-0.00066,-0.00016,-0.01986,-0.00074,0.00017,0.00015
64.76,0.01276,0.00102,-0.00068,4e-05,-0.00011,0,0.00312,0.00058,0.00057,0.00141,-0,0,-1e-05,-0.00187,-0.00028,0.00046,0.0001,-0,-1e-05,-4e-05,0.0091,-0.0015,6e-05,-0.02025,0.006,0.00652,0.00748,0.03864,-0.00125,-0.00038,-0.02426,-0.00061,0.0002,0.0002
64.78,0.01474,0.00219,-0.00084,0,-0.00013,0,0.00387,0.00066,0.00063,0.00143,-0,0,-1e-05,-0.00223,-0.00029,0.00052,8e-05,-0,-1e-05,-4e-05,0.00695,-0.00112,-1e-05,-0.01951,0.00387,0.00391,0.00533,0.04958,-0.0018,-0.00057,-0.02892,-0.00045,0.00023,0.00025
64.8,0.01573,0.00359,-0.00099,-1e-05,-0.00014,0,0.0047,0.0007,0.00068,0.00137,-0,1e-05,-1e-05,-0.00257,-0.00027,0.00057,6e-05,-0,-1e-05,-4e-05,0.00362,-0.00077,-1e-05,-0.01533,0.00231,0.00212,0.00348,0.06029,-0.00223,-0.00072,-0.03322,-0.00028,0.00026,0.0003
64.82,0.01442,0.00491,-0.0011,0,-0.00013,0,0.00561,0.00067,0.0007,0.00122,-0,1e-05,-1e-05,-0.00287,-0.00022,0.0006,3e-05,-0,-1e-05,-4e-05,-0.00099,-0.00057,-2e-05,-0.00931,0.00132,0.0015,0.00247,0.06713,-0.00249,-0.00088,-0.03639,-0.00012,0.00029,0.00036
64.84,0.01133,0.00591,-0.00116,2e-05,-9e-05,0,0.00646,0.0006,0.00072,0.00101,-0,2e-05,-2e-05,-0.00313,-0.00017,0.00061,-0,-0,-1e-05,-4e-05,-0.00386,-0.0005,-3e-05,-0.0052,0.00073,0.00118,0.0018,0.06994,-0.00246,-0.00108,-0.03816,4e-05,0.00032,0.00041
64.86,0.00745,0.00646,-0.00116,3e-05,-5e-05,0,0.00718,0.0005,0.00072,0.00075,0,3e-05,-2e-05,-0.00332,-0.00011,0.00058,-2e-05,-0,-1e-05,-3e-05,-0.00447,-0.00061,-2e-05,-0.00327,0.00038,0.00096,0.00134,0.06993,-0.00204,-0.00134,-0.03863,0.00018,0.00035,0.00045
64.88,0.00283,0.00645,-0.00108,2e-05,-1e-05,0,0.00773,0.0004,0.00072,0.00049,0,4e-05,-2e-05,-0.00343,-6e-05,0.00052,-4e-05,-0,-1e-05,-3e-05,-0.00427,-0.00107,8e-05,-0.00246,0.00019,0.00087,0.0011,0.06689,-0.00119,-0.00168,-0.03801,0.00031,0.00037,0.00047
64.9,-0.00298,0.00557,-0.00092,-0,0,0,0.00806,0.00027,0.00071,0.00025,0,6e-05,-2e-05,-0.00352,-1e-05,0.00043,-4e-05,-0,-1e-05,-2e-05,-0.00455,-0.002,0.00032,-0.00209,5e-05,0.00087,0.00097,0.05872,3e-05,-0.00213,-0.0361,0.00042,0.00037,0.00046
64.92,-0.01065,0.00357,-0.00065,-4e-05,-2e-05,0,0.00806,0.00012,0.00066,4e-05,0,6e-05,-2e-05,-0.00367,1e-05,0.00031,-5e-05,-0,-1e-05,-2e-05,-0.00621,-0.00348,0.00071,-0.00188,-8e-05,0.00086,0.00086,0.04322,0.00157,-0.0027,-0.03271,0.00052,0.00035,0.00042
64.94,-0.01943,0.00095,-0.00031,-0.0001,-0.0001,-0,0.00769,-1e-05,0.00058,-0.00013,0,7e-05,-2e-05,-0.00381,1e-05,0.00021,-4e-05,-0,-0,-1e-05,-0.00945,-0.00554,0.00124,-0.00194,-0.00022,0.0008,0.00073,0.02421,0.00328,-0.00331,-0.02885,0.00059,0.00031,0.00035
64.96,-0.02842,-0.00176,9e-05,-0.00016,-0.00023,-0,0.00703,-0.00011,0.00048,-0.00028,0,7e-05,-2e-05,-0.00386,-1e-05,0.00013,-1e-05,-0,-0,0,-0.01442,-0.00807,0.00188,-0.00233,-0.00037,0.00063,0.00054,0.00572,0.00496,-0.00385,-0.02524,0.00063,0.00025,0.00027
64.98,-0.0377,-0.00435,0.0005,-0.00023,-0.0004,-0,0.00617,-0.00019,0.00033,-0.00044,0,7e-05,-1e-05,-0.00385,-3e-05,8e-05,3e-05,-0,0,1e-05,-0.02186,-0.01085,0.00245,-0.00255,-0.0005,0.00036,0.00029,-0.01196,0.00638,-0.00422,-0.02164,0.00064,0.00018,0.00019
65,-0.04697,-0.00678,0.00087,-0.00029,-0.00048,0,0.00507,-0.00025,0.00012,-0.00061,0,6e-05,-1e-05,-0.00378,-6e-05,5e-05,8e-05,-0,0,3e-05,-0.02993,-0.01341,0.00292,-0.0026,-0.00059,-1e-05,1e-05,-0.02742,0.00733,-0.0043,-0.0184,0.00061,0.00011,0.00011
65.02,-0.05561,-0.00913,0.00113,-0.00033,-0.00055,0,0.00361,-0.00031,-0.00016,-0.0007,1e-05,5e-05,-0,-0.00366,-0.0001,6e-05,0.00014,-0,0,4e-05,-0.03478,-0.01506,0.00336,-0.00443,-0.00064,-0.00041,-0.00027,-0.03984,0.00766,-0.00406,-0.01591,0.00054,6e-05,6e-05
65.04,-0.06346,-0.01115,0.00125,-0.00035,-0.00061,0,0.00197,-0.00037,-0.00053,-0.0007,1e-05,3e-05,-0,-0.00347,-0.00013,9e-05,0.00021,-0,0,5e-05,-0.03751,-0.01573,0.00335,-0.00821,-0.00063,-0.00078,-0.00052,-0.04997,0.00738,-0.0034,-0.01377,0.00044,3e-05,2e-05
65.06,-0.07025,-0.01267,0.00121,-0.00038,-0.00067,0,0.00045,-0.00042,-0.001,-0.00064,2e-05,3e-05,0,-0.00318,-0.00014,0.00013,0.00027,-0,0,5e-05,-0.04013,-0.01567,0.00257,-0.0124,-0.00058,-0.0011,-0.0007,-0.05825,0.00655,-0.00221,-0.01176,0.00034,0,-0
65.08,-0.0758,-0.01377,0.00105,-0.00042,-0.00071,0,-0.00083,-0.00047,-0.00161,-0.00051,4e-05,2e-05,0,-0.0028,-0.00012,0.00019,0.00033,-0,0,5e-05,-0.04137,-0.01493,0.00114,-0.01719,-0.0005,-0.00132,-0.00082,-0.06515,0.00521,-0.0005,-0.01006,0.00024,-1e-05,-2e-05
65.1,-0.07916,-0.01456,0.00078,-0.00052,-0.00077,0,-0.00187,-0.0005,-0.00223,-0.00026,6e-05,1e-05,0,-0.00233,-8e-05,0.00024,0.00038,-0,0,4e-05,-0.0415,-0.01376,-0.00071,-0.0227,-0.0004,-0.00147,-0.00086,-0.06979,0.00353,0.00166,-0.00866,0.00019,-2e-05,-5e-05
65.12,-0.07974,-0.0152,0.00042,-0.00071,-0.00086,0,-0.00266,-0.00052,-0.00262,0.0001,0.0001,1e-05,0,-0.00175,-2e-05,0.00029,0.00043,-0,1e-05,2e-05,-0.04105,-0.01255,-0.00261,-0.0289,-0.00032,-0.00156,-0.00087,-0.07117,0.00159,0.00394,-0.00747,0.00021,-3e-05,-8e-05
65.14,-0.07829,-0.01573,9e-05,-0.00103,-0.00098,0,-0.00292,-0.00054,-0.00277,0.00047,0.00014,-0,0,-0.00109,7e-05,0.00031,0.00048,-0,2e-05,-0,-0.03925,-0.01149,-0.00428,-0.03457,-0.00026,-0.00158,-0.00084,-0.07099,-0.00061,0.006,-0.00647,0.00031,-2e-05,-0.00012
65.16,-0.07537,-0.01611,-0.00012,-0.00148,-0.00109,0,-0.00259,-0.00057,-0.00278,0.00076,0.00019,-1e-05,1e-05,-0.00035,0.00018,0.00029,0.00052,0,4e-05,-1e-05,-0.03592,-0.01057,-0.00538,-0.0384,-0.00022,-0.00149,-0.00076,-0.07021,-0.003,0.00775,-0.00569,0.0005,-1e-05,-0.00017
65.18,-0.07112,-0.01632,-0.00019,-0.00204,-0.00121,0,-0.00186,-0.00058,-0.00266,0.00093,0.00024,-1e-05,2e-05,0.00043,0.00031,0.00023,0.00055,0,5e-05,-2e-05,-0.0315,-0.0097,-0.00583,-0.04028,-0.0002,-0.00134,-0.00066,-0.06835,-0.00549,0.00903,-0.00504,0.00076,1e-05,-0.00023
65.2,-0.0653,-0.01636,-0.00018,-0.00265,-0.00131,0,-0.00098,-0.00058,-0.0022,0.00096,0.00029,-1e-05,2e-05,0.00121,0.00045,0.00013,0.00058,0,7e-05,-3e-05,-0.02593,-0.00877,-0.00561,-0.03949,-0.00018,-0.00114,-0.00055,-0.06492,-0.00811,0.0099,-0.0045,0.00104,1e-05,-0.00029
65.22,-0.05802,-0.01624,-0.00017,-0.00322,-0.00136,0,-0.00022,-0.00056,-0.00128,0.00085,0.00035,0,4e-05,0.00194,0.00058,-1e-05,0.0006,0,8e-05,-2e-05,-0.01942,-0.00763,-0.00481,-0.03581,-0.00013,-0.00091,-0.00043,-0.05965,-0.01099,0.01057,-0.00395,0.0013,-1e-05,-0.00035
65.24,-0.05023,-0.01578,-0.00024,-0.0037,-0.00139,-0,0.00019,-0.00046,-0.00046,0.00066,0.00039,1e-05,5e-05,0.00258,0.0007,-0.00014,0.00063,0,9e-05,-0,-0.01308,-0.00621,-0.00375,-0.0303,-7e-05,-0.00069,-0.00032,-0.05228,-0.01403,0.01093,-0.00342,0.00149,-5e-05,-0.00039
65.26,-0.04248,-0.01487,-0.00034,-0.00403,-0.00141,-0,0.00013,-0.00029,7e-05,0.00046,0.00037,2e-05,5e-05,0.0031,0.0008,-0.00026,0.00065,0,9e-05,2e-05,-0.00758,-0.00465,-0.00269,-0.02391,0,-0.00051,-0.00024,-0.04287,-0.0169,0.01078,-0.00285,0.00158,-9e-05,-0.00039
65.28,-0.0348,-0.01351,-0.00043,-0.00418,-0.00143,-0,-0.00042,-9e-05,0.00038,0.00032,0.00032,1e-05,5e-05,0.00351,0.00088,-0.00036,0.00068,0,8e-05,3e-05,-0.00315,-0.00314,-0.00177,-0.0174,7e-05,-0.00037,-0.00017,-0.03187,-0.01919,0.00997,-0.00183,0.00158,-0.00012,-0.00035
65.3,-0.02721,-0.0117,-0.00046,-0.00415,-0.00144,-0,-0.00123,9e-05,0.00042,0.00019,0.00025,1e-05,5e-05,0.0038,0.00092,-0.00043,0.00071,0,7e-05,5e-05,-0.00015,-0.00191,-0.00106,-0.01134,0.00011,-0.00026,-0.00012,-0.01924,-0.02041,0.00868,-0.00112,0.00146,-0.00012,-0.00028
65.32,-0.01988,-0.00955,-0.00038,-0.00396,-0.00145,-0,-0.00194,0.00019,0.0003,5e-05,0.00015,-0,5e-05,0.00396,0.0009,-0.00047,0.00073,0,5e-05,5e-05,0.00143,-0.00104,-0.00055,-0.00633,0.00012,-0.00017,-8e-05,-0.00692,-0.02009,0.00713,-0.00145,0.00123,-9e-05,-0.0002
65.34,-0.01302,-0.00723,-0.00026,-0.00363,-0.00145,-0,-0.00243,0.00021,0.00018,-1e-05,7e-05,-1e-05,4e-05,0.00402,0.00085,-0.00047,0.00074,0,3e-05,5e-05,0.00199,-0.00048,-0.00024,-0.0028,0.0001,-0.00011,-5e-05,0.00231,-0.01807,0.00532,-0.0018,0.00096,-6e-05,-0.00012
65.36,-0.00661,-0.00484,-0.00014,-0.00315,-0.00139,-0,-0.00276,0.00019,9e-05,-2e-05,2e-05,-1e-05,3e-05,0.00402,0.00077,-0.00046,0.00075,0,2e-05,5e-05,0.00179,-0.00016,-7e-05,-0.00069,6e-05,-6e-05,-2e-05,0.0076,-0.01468,0.00344,-0.00153,0.00069,-3e-05,-6e-05
65.38,-0.00055,-0.00249,-3e-05,-0.00255,-0.00084,-0,-0.00289,0.00014,4e-05,-1e-05,-1e-05,-1e-05,2e-05,0.00396,0.00066,-0.00043,0.00075,0,1e-05,5e-05,0.00105,1e-05,-0,0.00032,2e-05,-2e-05,-1e-05,0.00918,-0.01053,0.00184,-0.00083,0.00047,-1e-05,-3e-05
65.4,0.00526,-0.00033,4e-05,-0.0019,-0.00027,-0,-0.00281,7e-05,1e-05,1e-05,-3e-05,-1e-05,0,0.00385,0.00054,-0.00039,0.00075,0,-0,5e-05,-5e-05,0.00011,-0,0.00056,-2e-05,0,1e-05,0.00734,-0.00634,0.00077,-0.00032,0.00029,0,-1e-05
65.42,0.01088,0.00147,9e-05,-0.00124,0.00029,-0,-0.00258,0,0,3e-05,-3e-05,-1e-05,-2e-05,0.00371,0.0004,-0.00035,0.00072,0,-0,4e-05,-0.00126,0.00015,-3e-05,0.00027,-5e-05,2e-05,1e-05,0.00295,-0.00262,0.00017,-8e-05,0.00015,1e-05,-0
65.44,0.01633,0.0028,0.0001,-0.00057,0.00084,0,-0.00224,-5e-05,-0,6e-05,-4e-05,-1e-05,-3e-05,0.00355,0.00027,-0.0003,0.00068,0,-0,3e-05,-0.00237,0.00015,-6e-05,-0.00014,-7e-05,2e-05,1e-05,-0.00198,0.00049,-5e-05,0.0003,6e-05,0,-0
65.46,0.02163,0.00366,9e-05,7e-05,0.00136,0,-0.00186,-8e-05,-0,8e-05,-4e-05,-1e-05,-3e-05,0.00338,0.00014,-0.00026,0.00063,0,0,3e-05,-0.00338,0.00016,-7e-05,-0.00048,-8e-05,2e-05,1e-05,-0.00633,0.00288,3e-05,0.00062,-1e-05,0,-0
65.48,0.02669,0.00413,5e-05,0.00066,0.00147,0,-0.00144,-9e-05,-0,9e-05,-4e-05,-0,-3e-05,0.0032,2e-05,-0.00021,0.00058,0,1e-05,2e-05,-0.00427,0.00016,-8e-05,-0.0008,-0.0001,2e-05,2e-05,-0.00967,0.00457,0.00031,0.0006,-6e-05,-0,-0
65.5,0.0313,0.00436,-1e-05,0.00116,0.00147,0,-0.00108,-9e-05,-1e-05,9e-05,-4e-05,0,-2e-05,0.00302,-8e-05,-0.00017,0.00052,0,2e-05,2e-05,-0.00503,0.00016,-8e-05,-0.00108,-0.0001,2e-05,2e-05,-0.01127,0.00416,0.00031,0.0001,-6e-05,-0,0
65.52,0.03513,0.00455,-0.0001,0.00159,0.00147,0,-0.00085,-8e-05,-1e-05,0.0001,-3e-05,1e-05,1e-05,0.00284,-0.00017,-0.00014,0.00046,0,2e-05,2e-05,-0.00561,0.00018,-7e-05,-0.00134,-0.00011,2e-05,1e-05,-0.01277,0.00362,0.00026,-0.0003,-6e-05,-0,0
65.54,0.0381,0.00486,-0.0002,0.00191,0.00147,0,-0.00066,-7e-05,-1e-05,0.00011,-3e-05,3e-05,4e-05,0.00266,-0.00024,-0.00012,0.00041,0,2e-05,2e-05,-0.00605,0.00019,-5e-05,-0.00156,-0.00011,2e-05,1e-05,-0.01401,0.00313,0.00019,-0.00052,-6e-05,-1e-05,1e-05
65.56,0.04026,0.00541,-0.0003,0.00212,0.00147,0,-0.00045,-5e-05,-1e-05,0.00011,-3e-05,4e-05,6e-05,0.00248,-0.0003,-0.0001,0.00037,-0,3e-05,1e-05,-0.0064,0.00019,-1e-05,-0.00176,-0.00011,2e-05,1e-05,-0.01472,0.00276,0.00016,-0.00059,-5e-05,-1e-05,1e-05
65.58,0.04161,0.00629,-0.00041,0.00225,0.00147,0,-0.00025,-2e-05,0,0.00011,-2e-05,5e-05,8e-05,0.00229,-0.00035,-8e-05,0.00035,-0,3e-05,2e-05,-0.00669,0.00017,3e-05,-0.00195,-0.0001,2e-05,1e-05,-0.01476,0.00249,0.00015,-0.00054,-5e-05,-1e-05,1e-05
65.6,0.04224,0.00751,-0.00049,0.0023,0.00147,0,-9e-05,0,1e-05,0.0001,-2e-05,6e-05,8e-05,0.00211,-0.00039,-7e-05,0.00033,-0,3e-05,2e-05,-0.0069,0.00014,9e-05,-0.00212,-0.0001,1e-05,1e-05,-0.01423,0.00223,0.00016,-0.00042,-5e-05,-1e-05,1e-05
65.62,0.04221,0.00901,-0.00055,0.00231,0.00146,0,2e-05,2e-05,3e-05,8e-05,-2e-05,6e-05,8e-05,0.00191,-0.00042,-7e-05,0.00033,-0,2e-05,2e-05,-0.00706,0.00011,0.00015,-0.00231,-0.0001,1e-05,1e-05,-0.01326,0.00193,0.00016,-0.00025,-4e-05,-0,1e-05
65.64,0.0416,0.01076,-0.00056,0.00228,0.00145,0,0.0001,4e-05,5e-05,6e-05,-2e-05,5e-05,6e-05,0.00171,-0.00044,-7e-05,0.00033,-0,2e-05,2e-05,-0.00722,8e-05,0.00022,-0.00251,-0.0001,1e-05,1e-05,-0.01172,0.00161,0.00016,-0.0001,-4e-05,-0,1e-05
65.66,0.04054,0.01273,-0.00052,0.00223,0.00143,0,0.00018,5e-05,6e-05,5e-05,-1e-05,4e-05,5e-05,0.00152,-0.00045,-6e-05,0.00034,-0,2e-05,3e-05,-0.00746,4e-05,0.00028,-0.00271,-9e-05,1e-05,1e-05,-0.00963,0.00126,0.00016,-1e-05,-3e-05,0,1e-05
65.68,0.0391,0.01483,-0.00041,0.00217,0.00139,0,0.00027,5e-05,8e-05,4e-05,-1e-05,3e-05,3e-05,0.00133,-0.00046,-6e-05,0.00034,-0,1e-05,3e-05,-0.00786,2e-05,0.00033,-0.00289,-9e-05,1e-05,1e-05,-0.00727,0.00084,0.00013,3e-05,-2e-05,1e-05,1e-05
65.7,0.03749,0.01684,-0.00026,0.00209,0.00134,0,0.00035,5e-05,9e-05,3e-05,-1e-05,2e-05,1e-05,0.00116,-0.00045,-6e-05,0.00034,0,1e-05,4e-05,-0.00838,2e-05,0.00036,-0.00303,-8e-05,0,1e-05,-0.00506,0.00032,5e-05,0.0002,-0,1e-05,0
65.72,0.03591,0.01852,-8e-05,0.002,0.00127,0,0.00044,4e-05,0.00011,2e-05,-1e-05,1e-05,-0,0.001,-0.00043,-6e-05,0.00033,0,1e-05,4e-05,-0.00903,5e-05,0.00037,-0.00319,-7e-05,0,1e-05,-0.00329,-6e-05,1e-05,0.00046,-0,-1e-05,-1e-05
65.74,0.03437,0.01964,0.0001,0.0019,0.00117,-0,0.00055,2e-05,0.00014,1e-05,-1e-05,-0,-1e-05,0.00086,-0.0004,-6e-05,0.00031,0,0,5e-05,-0.00988,0.0001,0.00037,-0.00334,-6e-05,0,1e-05,-0.00189,0.00017,0.00027,-0.00014,-3e-05,-2e-05,-2e-05
65.76,0.03286,0.02003,0.00025,0.0018,0.00106,-0,0.00068,-0,0.00017,0,-1e-05,-1e-05,-1e-05,0.00075,-0.00035,-6e-05,0.00027,0,0,5e-05,-0.01106,0.00019,0.00034,-0.00345,-5e-05,0,1e-05,-0.00101,0.00113,0.00092,-0.00201,-0.00012,-3e-05,-1e-05
65.78,0.03149,0.0195,0.00032,0.0017,0.00091,-0,0.00086,-4e-05,0.00021,-0,-1e-05,-2e-05,-1e-05,0.00067,-0.0003,-6e-05,0.00021,0,0,6e-05,-0.01263,0.00028,0.00031,-0.00352,-4e-05,0,1e-05,-0.00069,0.00292,0.00204,-0.00542,-0.00029,-3e-05,1e-05
65.8,0.03036,0.01782,0.00031,0.0016,0.00075,-0,0.00108,-0.0001,0.00025,0,-1e-05,-2e-05,-0,0.0006,-0.00023,-6e-05,0.00014,0,0,6e-05,-0.01444,0.00039,0.00027,-0.0035,-3e-05,0,0,-0.00084,0.00554,0.00361,-0.01047,-0.00054,-3e-05,4e-05
65.82,0.02954,0.01486,0.0002,0.00152,0.00058,-0,0.00137,-0.00018,0.00029,1e-05,-1e-05,-3e-05,1e-05,0.00055,-0.00017,-6e-05,6e-05,0,-0,6e-05,-0.0163,0.00047,0.0002,-0.00334,-2e-05,0,0,-0.0014,0.00878,0.00541,-0.01718,-0.00084,-1e-05,9e-05
65.84,0.029,0.01089,3e-05,0.00148,0.00039,-0,0.00171,-0.00029,0.00033,4e-05,-1e-05,-3e-05,2e-05,0.00051,-0.00011,-5e-05,-2e-05,0,-0,7e-05,-0.01828,0.0005,0.0001,-0.00296,-2e-05,0,0,-0.0024,0.01242,0.00709,-0.02471,-0.00118,0,0.00015
65.86,0.0286,0.00639,-0.00014,0.00148,0.00012,-0,0.00208,-0.00043,0.00035,7e-05,-1e-05,-4e-05,3e-05,0.00047,-6e-05,-5e-05,-9e-05,0,-0,7e-05,-0.02037,0.00044,-3e-05,-0.00237,-0,0,0,-0.00381,0.01623,0.00829,-0.03125,-0.00151,3e-05,0.00021
65.88,0.02842,0.00172,-0.00028,0.0015,0,0,0.00245,-0.0006,0.00036,0.00011,-1e-05,-4e-05,3e-05,0.00043,-2e-05,-5e-05,-0.00017,0,-0,8e-05,-0.0223,0.00026,-0.00019,-0.00166,1e-05,0,0,-0.00564,0.01981,0.00877,-0.03502,-0.0018,5e-05,0.00028
65.9,0.02808,-0.00248,-0.00035,0.00154,2e-05,0,0.00279,-0.00079,0.00036,0.00015,-1e-05,-4e-05,4e-05,0.00037,0,-5e-05,-0.00024,-0,-0,8e-05,-0.02364,-8e-05,-0.00037,-0.00098,3e-05,0,-0,-0.00826,0.02288,0.00857,-0.03451,-0.00201,8e-05,0.00034
65.92,0.02713,-0.00569,-0.00033,0.00156,0.00014,0,0.003,-0.00096,0.00034,0.00019,-0,-4e-05,4e-05,0.0003,1e-05,-4e-05,-0.0003,-0,-0,8e-05,-0.02384,-0.00057,-0.00055,-0.00046,6e-05,0,-0,-0.01277,0.02528,0.00786,-0.02848,-0.00207,0.00011,0.0004
65.94,0.02567,-0.00786,-0.00023,0.00155,0.00032,0,0.00309,-0.00112,0.00032,0.00023,-0,-4e-05,4e-05,0.00019,1e-05,-4e-05,-0.00034,-0,0,8e-05,-0.02285,-0.0012,-0.00069,-8e-05,8e-05,0,-0,-0.01927,0.02682,0.00683,-0.01532,-0.00204,0.00013,0.00045
65.96,0.02386,-0.00903,-8e-05,0.00151,0.00052,0,0.00305,-0.00126,0.00029,0.00026,-0,-4e-05,4e-05,7e-05,1e-05,-3e-05,-0.00036,-0,0,8e-05,-0.02071,-0.00194,-0.0008,0.00016,0.00011,-0,-0,-0.02705,0.02736,0.00559,0.00572,-0.00194,0.00015,0.00049
65.98,0.02154,-0.00924,0.0001,0.00142,0.00069,0,0.0029,-0.00138,0.00026,0.00027,-0,-3e-05,4e-05,-8e-05,0,-2e-05,-0.00039,-0,0,8e-05,-0.01735,-0.00281,-0.00093,0.00025,0.00012,-0,-0,-0.0362,0.02675,0.00425,0.03451,-0.00176,0.00017,0.00051
66,0.01897,-0.00847,0.00026,0.00129,0.00082,0,0.00264,-0.00148,0.00024,0.00027,-0,-3e-05,3e-05,-0.00023,-1e-05,-2e-05,-0.00039,-0,0,8e-05,-0.01357,-0.0036,-0.00099,0.0002,0.00014,-0,-0,-0.04677,0.02561,0.00288,0.06947,-0.00158,0.00017,0.00053
66.02,0.01646,-0.00689,0.00041,0.00111,0.00089,0,0.00226,-0.00154,0.00021,0.00025,-0,-3e-05,3e-05,-0.00038,-2e-05,-0,-0.00036,-0,0,8e-05,-0.00989,-0.00387,-0.00089,8e-05,0.00014,-0,-0,-0.05887,0.02468,0.00158,0.10639,-0.00144,0.00017,0.00052
66.04,0.01395,-0.00497,0.00053,0.00091,0.00089,0,0.00185,-0.00157,0.00019,0.00021,-0,-3e-05,2e-05,-0.00051,-4e-05,1e-05,-0.00031,-1e-05,0,7e-05,-0.00605,-0.00381,-0.00074,-2e-05,0.00014,0,-0,-0.07222,0.02345,0.00038,0.14287,-0.00131,0.00017,0.00051
66.06,0.01141,-0.00303,0.0006,0.00069,0.00085,0,0.00148,-0.00155,0.00017,0.00017,-0,-2e-05,2e-05,-0.00061,-6e-05,1e-05,-0.00025,-1e-05,0,6e-05,-0.00223,-0.00383,-0.0007,-4e-05,0.00013,-0,-0,-0.08616,0.02134,-0.00065,0.17837,-0.00114,0.00017,0.00048
66.08,0.00895,-0.00119,0.00063,0.00048,0.00079,0,0.00115,-0.00149,0.00015,0.00013,-0,-2e-05,2e-05,-0.00067,-8e-05,1e-05,-0.00018,-1e-05,0,5e-05,0.00101,-0.00394,-0.00075,4e-05,0.00012,-0,-1e-05,-0.10049,0.01827,-0.00139,0.21134,-0.00095,0.00016,0.00044
66.1,0.00686,0.00045,0.00061,0.00028,0.00071,0,0.00087,-0.00139,0.00013,9e-05,-0,-2e-05,1e-05,-0.00071,-0.0001,1e-05,-9e-05,-0,-0,4e-05,0.00336,-0.00361,-0.00073,0.0001,0.00011,-1e-05,-1e-05,-0.11496,0.01537,-0.00182,0.23812,-0.00078,0.00016,0.00039
66.12,0.00537,0.00176,0.00055,0.00011,0.00062,0,0.00062,-0.00126,0.00011,5e-05,-0,-2e-05,1e-05,-0.00073,-0.00011,0,1e-05,-0,-0,2e-05,0.00601,-0.00052,2e-05,-0.00043,5e-05,-2e-05,-0,-0.12897,0.01364,-0.00203,0.25398,-0.00063,0.00017,0.00036
66.14,0.00424,0.0027,0.00044,-4e-05,0.00054,0,0.00043,-0.0011,0.0001,1e-05,-0,-2e-05,1e-05,-0.00073,-0.00011,-0,0.00011,0,-0,1e-05,0.00856,0.00302,0.00078,-0.00111,-3e-05,-3e-05,1e-05,-0.14147,0.01198,-0.002,0.25922,-0.0005,0.0002,0.00034
66.16,0.00328,0.00335,0.00023,-0.00016,0.00048,0,0.00027,-0.00092,8e-05,-1e-05,-0,-2e-05,1e-05,-0.00072,-0.0001,0,0.00019,1e-05,-0,0,0.01038,0.00643,0.00142,-0.00178,-0.00014,-5e-05,3e-05,-0.15135,0.00975,-0.00175,0.25542,-0.00038,0.00023,0.00032
66.18,0.0025,0.00378,-8e-05,-0.00027,0.00043,0,0.00015,-0.00074,6e-05,-3e-05,-0,-2e-05,1e-05,-0.00069,-9e-05,1e-05,0.00026,3e-05,-0,-0,0.01095,0.00908,0.0018,-0.00228,-0.00029,-8e-05,5e-05,-0.15727,0.00714,-0.00131,0.24184,-0.00028,0.00028,0.00031
66.2,0.00192,0.00402,-0.00046,-0.00035,0.0004,-0,6e-05,-0.00057,5e-05,-4e-05,-0,-1e-05,0,-0.00065,-7e-05,2e-05,0.00031,6e-05,-0,-1e-05,0.0093,0.01066,0.00185,-0.00244,-0.00049,-0.00011,8e-05,-0.15929,0.00532,-0.00106,0.21943,-0.00019,0.00036,0.0003
66.22,0.00151,0.00405,-0.00084,-0.00043,0.00037,-0,-0,-0.00041,4e-05,-5e-05,-0,-1e-05,0,-0.00061,-5e-05,5e-05,0.00033,0.00011,-0,-1e-05,0.00377,0.01156,0.00165,-0.00222,-0.00075,-0.00015,0.00012,-0.15754,0.00472,-0.0012,0.19021,-0.0001,0.00046,0.00031
66.24,0.00124,0.00395,-0.00125,-0.00049,0.00034,-0,-4e-05,-0.00027,4e-05,-5e-05,-1e-05,-1e-05,0,-0.00055,-3e-05,7e-05,0.00033,0.00019,-0,-2e-05,-0.0059,0.01152,0.00122,-0.00194,-0.00106,-0.00019,0.00016,-0.15114,0.00398,-0.00125,0.15701,-1e-05,0.00058,0.0003
66.26,0.00106,0.0038,-0.00164,-0.00055,0.00032,-0,-7e-05,-0.00015,4e-05,-5e-05,-0,-1e-05,-0,-0.00047,-1e-05,9e-05,0.00032,0.00031,0,-2e-05,-0.01805,0.01021,0.00067,-0.00191,-0.00136,-0.00021,0.0002,-0.14027,0.00267,-0.00102,0.12291,8e-05,0.0007,0.0003
66.28,0.00095,0.00361,-0.00196,-0.0006,0.00029,-0,-9e-05,-5e-05,5e-05,-4e-05,-0,-1e-05,-0,-0.00036,2e-05,0.0001,0.00032,0.00044,0,-2e-05,-0.03146,0.00791,0.00018,-0.00219,-0.00163,-0.00023,0.00024,-0.12599,0.00117,-0.00063,0.09026,0.00019,0.00082,0.00029
66.3,0.0009,0.0033,-0.00215,-0.00066,0.00024,-0,-9e-05,3e-05,6e-05,-3e-05,-0,-1e-05,-0,-0.00022,5e-05,0.00011,0.0003,0.0006,1e-05,-3e-05,-0.04207,0.00554,-0,-0.00271,-0.00184,-0.00022,0.00027,-0.10993,-0.00021,-0.00022,0.06153,0.0003,0.00093,0.00027
66.32,0.00088,0.0028,-0.0022,-0.00071,0.00017,-0,-9e-05,9e-05,8e-05,-2e-05,-0,-0,-0,-6e-05,8e-05,0.00012,0.00028,0.00082,2e-05,-3e-05,-0.04598,0.00361,-4e-05,-0.00345,-0.00196,-0.00018,0.00031,-0.0929,-0.00135,0.00013,0.03736,0.00041,0.001,0.00026
66.34,0.00089,0.00208,-0.00207,-0.00077,9e-05,-0,-9e-05,0.00012,0.0001,-0,-0,-0,-0,0.00013,0.00011,0.00012,0.00026,0.00101,3e-05,-3e-05,-0.04272,0.00147,-0.00016,-0.00421,-0.002,-0.00011,0.00035,-0.0746,-0.00209,0.00034,0.01729,0.0005,0.00103,0.00025
66.36,0.00088,0.00117,-0.00177,-0.00083,1e-05,-0,-7e-05,0.00014,0.00013,1e-05,-0,0,-0,0.00034,0.00014,0.00012,0.00026,0.00111,3e-05,-3e-05,-0.03215,-0.00099,-0.00029,-0.00467,-0.00201,-2e-05,0.0004,-0.05538,-0.00222,0.00035,0.00133,0.00056,0.00099,0.00022
66.38,0.00085,5e-05,-0.00133,-0.00089,-8e-05,0,-6e-05,0.00015,0.00015,3e-05,-0,1e-05,0,0.00055,0.00015,0.00012,0.00026,0.00114,4e-05,-3e-05,-0.01382,-0.00358,-0.00043,-0.00412,-0.002,8e-05,0.00044,-0.03639,-0.00163,0.0001,-0.01001,0.00058,0.00089,0.00018
66.4,0.00074,-0.00127,-0.00086,-0.00095,-0.00019,0,-3e-05,0.00014,0.00017,5e-05,-0,1e-05,0,0.00076,0.00016,0.00011,0.00025,0.00107,4e-05,-2e-05,0.0127,-0.00617,-0.00061,-0.00412,-0.00192,0.00019,0.00048,-0.0201,-0.00075,-0.00014,-0.01701,0.00055,0.00072,0.00014
66.42,0.00054,-0.00273,-0.00046,-0.00099,-0.00032,0,-1e-05,0.00012,0.00019,7e-05,-0,2e-05,0,0.00097,0.00016,9e-05,0.0002,0.0009,4e-05,-2e-05,0.03875,-0.00853,-0.00082,-0.00793,-0.00174,0.00027,0.00051,-0.00789,-2e-05,-0.00015,-0.02065,0.00046,0.00051,0.00011
66.44,0.00031,-0.00403,-0.00014,-0.00101,-0.00045,0,1e-05,9e-05,0.00019,8e-05,-0,2e-05,0,0.00117,0.00015,6e-05,0.00014,0.00071,4e-05,-1e-05,0.057,-0.0105,-0.00104,-0.01324,-0.00151,0.00032,0.00053,0.0009,0.00117,-0.0001,-0.02033,0.00035,0.0003,8e-05
66.46,0.0001,-0.00485,4e-05,-0.001,-0.00052,0,1e-05,6e-05,0.00019,9e-05,-0,2e-05,0,0.00133,0.00012,4e-05,8e-05,0.00054,3e-05,-0,0.06911,-0.01194,-0.00131,-0.01638,-0.00128,0.00036,0.00054,0.00618,0.00289,-0.00029,-0.01669,0.00022,0.00014,4e-05
66.48,-9e-05,-0.00497,5e-05,-0.00094,-0.00056,0,0,4e-05,0.00017,9e-05,-0,3e-05,0,0.00144,7e-05,1e-05,1e-05,0.00039,2e-05,0,0.0742,-0.01278,-0.00174,-0.01659,-0.00103,0.00035,0.00051,0.00755,0.00477,-0.00059,-0.0113,9e-05,5e-05,1e-05
66.5,-0.00023,-0.00414,-0.00011,-0.00085,-0.00054,0,-3e-05,2e-05,0.00014,8e-05,-0,3e-05,0,0.00153,0,-1e-05,-8e-05,0.00026,1e-05,1e-05,0.07169,-0.01295,-0.00241,-0.01223,-0.00075,0.00031,0.00044,0.00531,0.00632,-0.0009,-0.00513,-2e-05,0,-0
66.52,-0.00032,-0.00236,-0.00041,-0.00071,-0.00048,-0,-7e-05,0,0.0001,6e-05,-0,3e-05,0,0.00162,-9e-05,-3e-05,-0.00014,0.00016,1e-05,2e-05,0.06103,-0.01239,-0.00334,-0.00159,-0.00046,0.00022,0.00031,0.00437,0.00679,-0.00099,-0.00285,-0.0001,-0,-0
66.54,-0.00036,6e-05,-0.00077,-0.00056,-0.00038,-0,-0.00012,-0,5e-05,4e-05,-0,3e-05,-0,0.00167,-0.0002,-4e-05,-0.00016,9e-05,0,3e-05,0.044,-0.01137,-0.00463,0.01692,-0.00017,8e-05,0.00012,0.00324,0.00639,-0.00078,-0.00095,-0.00015,1e-05,1e-05
66.56,-0.00034,0.00285,-0.00115,-0.00041,-0.00026,-0,-0.00017,-0,-0,1e-05,-0,3e-05,-0,0.00167,-0.00032,-4e-05,-0.00018,3e-05,-0,4e-05,0.02364,-0.0101,-0.00636,0.04404,0.0001,-0.00013,-0.00017,0.00062,0.00547,-0.00033,0.00085,-0.00017,3e-05,2e-05
66.58,-0.00025,0.00575,-0.00151,-0.00028,-0.00013,0,-0.0002,-0,-5e-05,-3e-05,-0,2e-05,-0,0.0016,-0.00044,-2e-05,-0.00019,-0,-0,4e-05,-0.00081,-0.00858,-0.0084,0.08059,0.00032,-0.0004,-0.00057,-0.00258,0.0043,0.00026,0.00239,-0.00017,5e-05,3e-05
66.6,-0.00017,0.00838,-0.00179,-0.00016,1e-05,-0,-0.00022,-0,-9e-05,-6e-05,-0,1e-05,-1e-05,0.00151,-0.00054,1e-05,-0.0002,-2e-05,-0,5e-05,-0.02642,-0.00737,-0.01068,0.1224,0.00047,-0.00075,-0.00111,-0.00493,0.00317,0.00087,0.00263,-0.00015,6e-05,4e-05
66.62,-0.00011,0.01031,-0.00199,-8e-05,0.00016,-0,-0.00022,0,-0.00012,-9e-05,-0,1e-05,-1e-05,0.0014,-0.00058,3e-05,-0.00018,-3e-05,-0,5e-05,-0.04915,-0.00683,-0.01261,0.15906,0.00054,-0.00126,-0.00181,-0.00572,0.0023,0.00133,0.00173,-0.00013,6e-05,5e-05
66.64,-5e-05,0.01147,-0.0021,-3e-05,0.00031,-0,-0.0002,0,-0.00013,-0.00011,-0,0,-1e-05,0.00128,-0.00059,6e-05,-0.00017,-3e-05,-0,5e-05,-0.07086,-0.00663,-0.01321,0.18895,0.00049,-0.00192,-0.00268,-0.00597,0.00177,0.0016,0.0005,-0.0001,6e-05,5e-05
66.66,1e-05,0.01197,-0.00212,-0,0.00045,0,-0.00016,0,-0.00013,-0.00011,-0,-0,-1e-05,0.00112,-0.00057,0.0001,-0.00016,-1e-05,0,4e-05,-0.09362,-0.00677,-0.01244,0.21444,0.0003,-0.00266,-0.00367,-0.00636,0.00153,0.00173,-0.00108,-8e-05,5e-05,4e-05
66.68,7e-05,0.01194,-0.00207,0,0.00059,-0,-0.00011,-0,-0.00012,-0.00011,-0,-1e-05,-1e-05,0.00096,-0.00052,0.00013,-0.00016,1e-05,0,3e-05,-0.11528,-0.00738,-0.01024,0.23257,-3e-05,-0.0034,-0.00469,-0.00679,0.00144,0.00164,-0.0031,-5e-05,3e-05,4e-05
66.7,0.00012,0.01153,-0.00197,-1e-05,0.0007,-0,-5e-05,-1e-05,-0.0001,-0.0001,0,-1e-05,-1e-05,0.00081,-0.00046,0.00015,-0.00016,3e-05,0,2e-05,-0.13505,-0.00855,-0.00745,0.23881,-0.00049,-0.00414,-0.00567,-0.00761,0.00141,0.00139,-0.00532,-3e-05,2e-05,4e-05
66.72,0.00016,0.01089,-0.00182,-4e-05,0.00078,-0,0,-1e-05,-8e-05,-8e-05,0,-1e-05,-1e-05,0.00066,-0.00038,0.00015,-0.00017,6e-05,0,1e-05,-0.15245,-0.01035,-0.00487,0.22942,-0.00104,-0.00485,-0.00651,-0.00921,0.00146,0.00113,-0.00738,-1e-05,1e-05,3e-05
66.74,0.0002,0.01023,-0.00165,-9e-05,0.00082,0,5e-05,-2e-05,-6e-05,-5e-05,0,-1e-05,-0,0.00053,-0.00031,0.00015,-0.00017,8e-05,0,-0,-0.16472,-0.01242,-0.00253,0.20811,-0.00164,-0.00539,-0.00702,-0.01098,0.00152,0.00087,-0.0089,-0,1e-05,2e-05
66.76,0.00023,0.00965,-0.00149,-0.00013,0.00083,-0,9e-05,-3e-05,-4e-05,-2e-05,0,-0,0,0.00043,-0.00023,0.00014,-0.00016,0.0001,0,-1e-05,-0.16925,-0.01415,-0.00077,0.17956,-0.00216,-0.0055,-0.00696,-0.01211,0.00158,0.00066,-0.00952,0,0,2e-05
66.78,0.00028,0.00919,-0.00133,-0.00018,0.00081,-0,0.00014,-3e-05,-2e-05,1e-05,0,-0,0,0.00036,-0.00016,0.00013,-0.00012,0.00011,0,-1e-05,-0.16453,-0.01499,-0,0.14484,-0.0025,-0.00468,-0.00602,-0.01228,0.0017,0.00058,-0.00897,-0,0,1e-05
66.8,0.00032,0.00878,-0.00118,-0.00023,0.00076,-0,0.00018,-4e-05,1e-05,3e-05,0,0,1e-05,0.00029,-0.00011,0.00011,-8e-05,0.00011,0,-1e-05,-0.15053,-0.01511,-0.00032,0.10993,-0.00256,-0.00386,-0.00467,-0.01132,0.00186,0.00066,-0.0075,-1e-05,0,0
66.82,0.00032,0.00833,-0.00104,-0.00027,0.0007,0,0.00023,-4e-05,2e-05,5e-05,0,0,1e-05,0.0002,-7e-05,0.0001,-8e-05,0.0001,0,-1e-05,-0.12866,-0.01483,-0.00155,0.07915,-0.00236,-0.00323,-0.00312,-0.00937,0.00137,0.00028,-0.00506,-4e-05,0,0
66.84,0.00031,0.00781,-0.00091,-0.00029,0.00063,-0,0.00028,-4e-05,4e-05,6e-05,0,1e-05,2e-05,0.0001,-6e-05,8e-05,-8e-05,0.0001,0,-0,-0.10205,-0.01322,-0.00325,0.05218,-0.00193,-0.00126,-0.00101,-0.00664,1e-05,-0.00091,-0.00223,-0.00013,2e-05,2e-05
66.86,0.00029,0.00722,-0.00079,-0.00028,0.00056,-0,0.00033,-3e-05,6e-05,7e-05,0,1e-05,3e-05,-4e-05,-7e-05,6e-05,-6e-05,0.0001,0,0,-0.07447,-0.0102,-0.00466,0.03023,-0.00134,0.00085,0.00079,-0.00304,-0.00104,-0.00213,-0.00038,-0.0003,7e-05,8e-05
66.88,0.00027,0.00646,-0.00067,-0.00025,0.00048,-0,0.00038,-1e-05,7e-05,6e-05,0,1e-05,3e-05,-0.00024,-9e-05,5e-05,-4e-05,0.0001,0,0,-0.0487,-0.00635,-0.00547,0.01435,-0.00078,0.0012,0.00127,0.00171,-0.00063,-0.0029,3e-05,-0.00053,0.00017,0.00019
66.9,0.00023,0.00554,-0.00056,-0.0002,0.0004,0,0.00043,1e-05,8e-05,5e-05,0,2e-05,4e-05,-0.00049,-0.00011,3e-05,-2e-05,0.0001,0,1e-05,-0.02754,-0.00319,-0.00484,0.00427,-0.00028,-0.00079,0.0003,0.00808,0.00274,-0.00249,-0.00105,-0.00083,0.00032,0.00034
66.92,0.00016,0.00451,-0.00045,-0.00012,0.00032,-0,0.00047,3e-05,0.0001,3e-05,0,2e-05,5e-05,-0.00075,-0.00014,2e-05,-1e-05,0.00011,0,1e-05,-0.01243,-0.00219,-0.00319,-0.00125,0,-0.00102,-0.00029,0.01462,0.00981,-0.00032,-0.00362,-0.00112,0.00049,0.00053
66.94,8e-05,0.00339,-0.00034,-3e-05,0.00024,-0,0.00049,4e-05,0.00011,1e-05,0,2e-05,5e-05,-0.00101,-0.00015,1e-05,0,0.00011,0,1e-05,-0.00364,-0.00187,-0.00156,-0.00317,-0,-0.00025,-0.00015,0.01855,0.02002,0.00347,-0.00597,-0.00136,0.00062,0.00069
66.96,0,0.00221,-0.00024,6e-05,0.00015,-0,0.00048,3e-05,0.00012,-0,1e-05,2e-05,6e-05,-0.00126,-0.00015,1e-05,1e-05,0.00012,-0,1e-05,-0.00087,-0.00198,-0.00071,-0.00389,-0.00015,0.00089,0.00041,0.01883,0.03247,0.00831,-0.00393,-0.00154,0.00067,0.00079
66.98,-5e-05,0.00107,-0.00014,0.00014,7e-05,0,0.00045,-1e-05,0.00013,-1e-05,1e-05,2e-05,6e-05,-0.00148,-0.00013,0,2e-05,0.00011,-0,1e-05,-0.00011,-0.00219,9e-05,-0.00489,-0.00028,0.00229,0.00124,0.01265,0.04513,0.01338,0.00713,-0.00157,0.00057,0.00073
67,-6e-05,0.00013,-5e-05,0.0002,1e-05,-0,0.00039,-7e-05,0.00013,-2e-05,1e-05,2e-05,6e-05,-0.00164,-0.00011,0,1e-05,9e-05,0,1e-05,0.00043,-0.00097,0.00036,-0.00527,-0.00039,0.00252,0.00132,-0.00158,0.05604,0.01707,0.03127,-0.00146,0.00025,0.0004
67.02,-3e-05,-0.00049,3e-05,0.00025,-4e-05,0,0.00032,-0.00016,0.00013,-2e-05,1e-05,2e-05,5e-05,-0.00171,-7e-05,0,-1e-05,6e-05,0,-0,-0.00018,0.00083,-5e-05,-0.0055,-0.00043,0.00113,0.00056,-0.02447,0.06372,0.01761,0.06761,-0.00125,-0.00032,-0.00027
67.04,1e-05,-0.0008,9e-05,0.00028,-7e-05,0,0.00025,-0.00025,0.00011,-2e-05,1e-05,1e-05,5e-05,-0.00169,-4e-05,0,-2e-05,1e-05,-0,-1e-05,-0.00071,0.00142,0.00049,-0.00541,-0.00043,0.00016,6e-05,-0.05693,0.06722,0.01548,0.11354,-0.00086,-0.00119,-0.00134
67.06,9e-05,-0.0008,0.00013,0.00029,-9e-05,-0,0.00017,-0.00033,8e-05,-2e-05,1e-05,0,4e-05,-0.00161,-1e-05,1e-05,-3e-05,-5e-05,-0,-2e-05,-0.00036,0.00013,0.0015,-0.00485,-0.00039,-0.00013,-6e-05,-0.09712,0.06671,0.01195,0.16694,-0.00028,-0.00233,-0.00285
67.08,0.00018,-0.00052,0.00014,0.00028,-9e-05,0,0.0001,-0.0004,5e-05,-1e-05,1e-05,-0,3e-05,-0.00148,0,1e-05,-4e-05,-0.00013,-0,-3e-05,0.00091,-0.00236,0.00253,-0.00337,-0.0003,-7e-05,3e-05,-0.14399,0.06213,0.00778,0.22486,0.00048,-0.00365,-0.00477
67.1,0.00025,-5e-05,0.00012,0.00027,-7e-05,0,4e-05,-0.00044,1e-05,-1e-05,0,-1e-05,1e-05,-0.00133,-0,2e-05,-4e-05,-0.0002,-0,-4e-05,0.00203,-0.00492,0.00279,-0.00154,-0.00021,0.0001,0.00018,-0.19063,0.05631,0.00357,0.27366,0.00137,-0.00519,-0.00707
67.12,0.00028,0.00052,8e-05,0.00025,-5e-05,0,-1e-05,-0.00043,-3e-05,-1e-05,0,-2e-05,0,-0.00119,-2e-05,3e-05,-0,-0.00025,-0,-4e-05,0.00222,-0.00662,0.00212,-0.00037,-0.00016,0.00012,0.0002,-0.22755,0.05175,0.0002,0.29184,0.00252,-0.00703,-0.00961
67.14,0.00026,0.0011,2e-05,0.00022,-3e-05,-0,-5e-05,-0.0004,-6e-05,-1e-05,0,-2e-05,-1e-05,-0.00105,-5e-05,4e-05,5e-05,-0.00026,-0,-4e-05,0.00121,-0.00741,0.00131,0.00085,-0.0001,9e-05,0.00018,-0.25429,0.04635,-0.00129,0.28471,0.00393,-0.00904,-0.01216
67.16,0.00023,0.0016,-6e-05,0.0002,-0,0,-8e-05,-0.00033,-9e-05,-1e-05,0,-2e-05,-1e-05,-0.00092,-8e-05,6e-05,0.0001,-0.00026,-0,-4e-05,-0.0013,-0.00767,0.00073,0.00229,-5e-05,7e-05,0.00016,-0.27089,0.03936,-0.00103,0.26391,0.00538,-0.01081,-0.01436
67.18,0.00018,0.00202,-0.00016,0.00017,3e-05,0,-0.0001,-0.00024,-0.0001,-1e-05,0,-2e-05,-2e-05,-0.00079,-0.00011,7e-05,0.00013,-0.00025,-0,-4e-05,-0.00531,-0.00746,0.00034,0.00353,-1e-05,6e-05,0.00013,-0.27287,0.03119,0.00043,0.22641,0.00685,-0.01124,-0.0153
67.2,0.00012,0.00233,-0.00026,0.00014,5e-05,0,-0.00011,-0.00014,-0.00011,-0,-0,-2e-05,-2e-05,-0.00069,-0.00012,8e-05,0.00016,-0.00023,-0,-3e-05,-0.00992,-0.00703,9e-05,0.00421,2e-05,5e-05,0.00011,-0.26206,0.02394,0.00191,0.18651,0.00785,-0.01224,-0.01586
67.22,6e-05,0.00252,-0.00035,0.00012,8e-05,-0,-0.00011,-4e-05,-0.00011,-0,-0,-2e-05,-2e-05,-0.00061,-0.00012,9e-05,0.00016,-0.0002,-0,-3e-05,-0.01412,-0.00668,-6e-05,0.00422,4e-05,6e-05,8e-05,-0.24156,0.01921,0.00258,0.15483,0.00784,-0.01609,-0.01726
67.24,2e-05,0.00264,-0.00043,8e-05,0.0001,0,-0.00011,4e-05,-0.00011,-0,-0,-2e-05,-2e-05,-0.00054,-9e-05,9e-05,0.00015,-0.00017,-0,-2e-05,-0.01818,-0.00631,-0.00017,0.00392,5e-05,7e-05,5e-05,-0.21119,0.01497,0.00239,0.12233,0.0073,-0.01749,-0.01671
67.26,0,0.00272,-0.00048,5e-05,0.00012,0,-0.00011,0.00011,-0.0001,0,-0,-2e-05,-3e-05,-0.00048,-7e-05,9e-05,0.00014,-0.00015,-0,-1e-05,-0.01808,-0.00514,-0.00018,0.00233,4e-05,4e-05,1e-05,-0.17402,0.01042,0.00132,0.08811,0.00648,-0.01438,-0.01323
67.28,-0,0.00277,-0.00052,1e-05,0.00015,0,-0.00011,0.00015,-8e-05,1e-05,-0,-1e-05,-3e-05,-0.00041,-3e-05,8e-05,0.00013,-0.00013,-0,-1e-05,-0.01448,-0.0033,-0.0001,1e-05,-1e-05,-0,-3e-05,-0.13436,0.00634,-0.00029,0.05724,0.00549,-0.00901,-0.0084
67.3,0,0.00273,-0.00052,-4e-05,0.00016,-0,-0.00012,0.00018,-7e-05,1e-05,-0,-1e-05,-3e-05,-0.00034,-0,7e-05,0.00011,-0.00011,-0,-0,-0.01251,-0.00167,-3e-05,-0.00181,-6e-05,-2e-05,-5e-05,-0.09751,0.00321,-0.00173,0.03369,0.00411,-0.00337,-0.00365
67.32,1e-05,0.00256,-0.0005,-0.0001,0.00016,0,-0.00013,0.00018,-5e-05,2e-05,-0,-1e-05,-3e-05,-0.00025,2e-05,6e-05,7e-05,-9e-05,-0,0,-0.01234,-0.00026,1e-05,-0.00335,-0.00013,-2e-05,-3e-05,-0.06644,0.00126,-0.00232,0.01756,0.00244,-0.00034,-0.00055
67.34,1e-05,0.00225,-0.00045,-0.00016,0.00015,0,-0.00013,0.00016,-3e-05,3e-05,-0,-0,-2e-05,-0.00015,3e-05,5e-05,4e-05,-6e-05,0,0,-0.01396,0.00094,1e-05,-0.00473,-0.00019,2e-05,3e-05,-0.04096,0.00019,-0.00202,0.00672,0.00115,-0.00019,0.00051
67.36,0,0.00181,-0.00037,-0.00023,0.00011,0,-0.00013,0.00013,-1e-05,5e-05,-0,0,-2e-05,-1e-05,4e-05,4e-05,2e-05,1e-05,0,1e-05,-0.01713,0.00176,-0,-0.0059,-0.00027,9e-05,0.00013,-0.02107,-0.00029,-0.00118,0.00035,0.00041,-0.00193,-4e-05
67.38,-2e-05,0.00126,-0.00027,-0.00031,6e-05,-0,-0.00011,8e-05,1e-05,6e-05,-0,1e-05,-2e-05,0.00014,3e-05,3e-05,1e-05,0.0001,0,1e-05,-0.02066,0.00219,-1e-05,-0.00652,-0.0004,0.0002,0.00028,-0.00698,-0.00041,-0.00023,-0.0023,7e-05,-0.00485,-0.00163
67.4,-5e-05,0.00057,-0.00015,-0.00039,-1e-05,0,-8e-05,2e-05,3e-05,7e-05,0,1e-05,-1e-05,0.00031,2e-05,2e-05,0,0.0002,1e-05,1e-05,-0.01821,0.00222,1e-05,-0.00668,-0.00058,0.00035,0.00047,0.00136,-0.00023,0.00047,-0.00233,-2e-05,-0.00682,-0.00319
67.42,-9e-05,-0.00023,-5e-05,-0.00046,-0.0001,-0,-5e-05,-4e-05,6e-05,9e-05,0,1e-05,-1e-05,0.00049,1e-05,1e-05,-1e-05,0.00034,1e-05,1e-05,-0.00698,0.00185,2e-05,-0.00658,-0.00078,0.00048,0.00066,0.00254,3e-05,0.0005,-0.00265,2e-05,-0.00468,-0.0029
67.44,-0.00014,-0.00106,4e-05,-0.00052,-0.00022,-0,0,-0.0001,8e-05,0.0001,0,2e-05,-0,0.00067,-1e-05,1e-05,-1e-05,0.00049,1e-05,1e-05,0.00596,0.00127,2e-05,-0.00482,-0.00098,0.00057,0.00083,0.00085,-4e-05,0.00011,-0.00484,0.0001,-0.00154,-0.00155
67.46,-0.00021,-0.00182,0.0001,-0.00056,-0.00033,0,6e-05,-0.00016,0.0001,0.00012,0,2e-05,0,0.00082,-3e-05,0,-2e-05,0.00062,1e-05,1e-05,0.01787,0.00063,-4e-05,0.0001,-0.00118,0.00059,0.0009,6e-05,-0.00022,-7e-05,-0.00718,0.00018,0.00043,-0.00042
67.48,-0.00029,-0.00243,0.00011,-0.00058,-0.00045,-0,0.00012,-0.00021,0.00011,0.00013,0,3e-05,0,0.00094,-5e-05,-0,-3e-05,0.0007,2e-05,1e-05,0.02837,7e-05,-0.00017,0.00909,-0.00134,0.0005,0.00081,-0.00053,-0.00021,0.00028,-0.00966,0.00024,0.00185,0.00062
67.5,-0.00038,-0.00275,6e-05,-0.00058,-0.00055,-0,0.00018,-0.00024,0.00012,0.00015,0,3e-05,1e-05,0.001,-7e-05,0,-3e-05,0.00074,2e-05,2e-05,0.03353,-0.00033,-0.00024,0.02333,-0.00143,0.00029,0.00053,-0.00236,0.00038,0.00047,-0.01119,0.00026,0.00217,0.001
67.52,-0.00045,-0.00268,-6e-05,-0.00055,-0.00061,-0,0.00023,-0.00025,0.00011,0.00016,0,3e-05,1e-05,0.00103,-0.0001,0,-5e-05,0.00073,1e-05,2e-05,0.02493,-0.00068,-0.00012,0.04516,-0.00139,-6e-05,-0,-0.00618,0.00178,-1e-05,-0.00984,0.00025,0.00122,0.00054
67.54,-0.00049,-0.00224,-0.00024,-0.0005,-0.00062,0,0.00026,-0.00023,0.0001,0.00016,0,3e-05,1e-05,0.00101,-0.00013,1e-05,-6e-05,0.00066,1e-05,2e-05,0.00382,-0.00108,3e-05,0.0759,-0.00126,-0.00057,-0.00088,-0.0103,0.00336,0.00047,-0.00677,0.00022,0.00038,0.00013
67.56,-0.0005,-0.00147,-0.00049,-0.00043,-0.00058,-0,0.00029,-0.0002,7e-05,0.00016,0,3e-05,1e-05,0.00095,-0.00018,2e-05,-8e-05,0.00056,1e-05,2e-05,-0.02294,-0.00143,-5e-05,0.11493,-0.00107,-0.00126,-0.00215,-0.01389,0.00415,0.00181,-0.00353,0.00019,7e-05,0
67.58,-0.00047,-0.00043,-0.0008,-0.00035,-0.00049,-0,0.00029,-0.00015,4e-05,0.00015,0,2e-05,0,0.00086,-0.00023,2e-05,-9e-05,0.00044,0,2e-05,-0.05701,-0.00172,-0.00064,0.16358,-0.00082,-0.0021,-0.00385,-0.01612,0.004,0.00336,0.00018,0.00016,-0,-0
67.6,-0.00041,0.00076,-0.00115,-0.00026,-0.00035,-0,0.00028,-0.0001,0,0.00012,0,2e-05,0,0.00074,-0.00028,3e-05,-0.00011,0.00029,0,2e-05,-0.09409,-0.00221,-0.00222,0.21525,-0.00057,-0.00321,-0.00602,-0.01756,0.00307,0.00412,0.00306,0.00014,4e-05,6e-05
67.62,-0.00038,0.00192,-0.00151,-0.00019,-0.0002,0,0.00024,-6e-05,-3e-05,8e-05,0,1e-05,-0,0.00062,-0.00032,4e-05,-0.00011,0.00014,0,2e-05,-0.12786,-0.00317,-0.00467,0.25705,-0.00033,-0.00473,-0.00861,-0.01927,0.0019,0.00367,0.00424,0.00014,8e-05,9e-05
67.64,-0.00033,0.00291,-0.00186,-0.00013,-5e-05,-0,0.0002,-2e-05,-7e-05,4e-05,0,0,-1e-05,0.00051,-0.00034,4e-05,-9e-05,2e-05,0,1e-05,-0.15982,-0.0046,-0.00749,0.28896,-6e-05,-0.00671,-0.01152,-0.02103,0.00096,0.0027,0.00475,0.00013,7e-05,0.0001
67.66,-0.00025,0.00369,-0.0022,-9e-05,8e-05,-0,0.00013,1e-05,-9e-05,0,-0,-0,-1e-05,0.00043,-0.00035,5e-05,-8e-05,-8e-05,0,1e-05,-0.19033,-0.00652,-0.01024,0.31435,0.00023,-0.00891,-0.01451,-0.02283,0.00036,0.00171,0.00485,0.00013,5e-05,9e-05
67.68,-0.00016,0.00426,-0.0025,-7e-05,0.00018,-0,5e-05,2e-05,-0.0001,-4e-05,-0,-1e-05,-2e-05,0.00036,-0.00035,5e-05,-5e-05,-0.00016,1e-05,0,-0.21559,-0.00871,-0.01177,0.33088,0.00055,-0.00978,-0.01649,-0.02454,-1e-05,0.00074,0.00432,0.00011,2e-05,8e-05
67.7,-7e-05,0.00465,-0.00279,-7e-05,0.00024,0,-5e-05,3e-05,-0.00011,-7e-05,-0,-1e-05,-2e-05,0.00031,-0.00033,5e-05,-3e-05,-0.00021,1e-05,-0,-0.23014,-0.01259,-0.0122,0.32795,0.0009,-0.01243,-0.01863,-0.02613,-0.00025,-0.00018,0.00313,0.0001,-0,5e-05
67.72,-1e-05,0.00492,-0.00304,-8e-05,0.00027,-0,-0.00017,2e-05,-0.00011,-0.0001,-0,-1e-05,-2e-05,0.00028,-0.0003,5e-05,-2e-05,-0.00023,2e-05,-1e-05,-0.22674,-0.02029,-0.00904,0.29485,0.00138,-0.02093,-0.02241,-0.02806,-0.00045,-0.00096,0.00161,9e-05,-1e-05,3e-05
67.74,3e-05,0.00516,-0.00325,-0.00012,0.00027,-0,-0.00031,0,-0.0001,-0.00012,-0,-1e-05,-2e-05,0.00025,-0.00026,4e-05,-1e-05,-0.00022,2e-05,-2e-05,-0.20531,-0.02923,-0.00136,0.24527,0.00197,-0.02706,-0.02358,-0.03039,-0.00066,-0.0016,0.00023,8e-05,-1e-05,1e-05
67.76,3e-05,0.00542,-0.00342,-0.00016,0.00025,-0,-0.00047,-1e-05,-9e-05,-0.00013,-0,-1e-05,-2e-05,0.00022,-0.00022,4e-05,1e-05,-0.00021,2e-05,-2e-05,-0.17271,-0.03614,0.00591,0.19211,0.00254,-0.02539,-0.01993,-0.03259,-0.00084,-0.0021,-0.00074,7e-05,0,0
67.78,-0,0.00571,-0.00352,-0.00021,0.00022,0,-0.00067,-1e-05,-7e-05,-0.00013,-0,-1e-05,-2e-05,0.0002,-0.00018,3e-05,2e-05,-0.00019,2e-05,-2e-05,-0.13327,-0.03892,0.01004,0.13577,0.00304,-0.01772,-0.01282,-0.02992,-0.00097,-0.00263,-0.00084,4e-05,-0,0
67.8,-7e-05,0.00594,-0.00353,-0.00025,0.00018,-0,-0.00088,-0,-6e-05,-0.00013,-0,-1e-05,-2e-05,0.00016,-0.00014,2e-05,3e-05,-0.00017,3e-05,-3e-05,-0.09237,-0.03801,0.00765,0.09037,0.00314,-0.00569,-0.00403,-0.02391,-0.00097,-0.00319,-0.0002,-6e-05,1e-05,4e-05
67.82,-0.00017,0.00596,-0.00339,-0.00029,0.00013,-0,-0.00108,1e-05,-6e-05,-0.00013,-0,-1e-05,-2e-05,0.00012,-0.0001,1e-05,3e-05,-0.00017,3e-05,-3e-05,-0.05509,-0.03743,0.00216,0.06154,0.00262,0.00522,0.00372,-0.01737,-0.0007,-0.00374,0.00031,-0.00021,4e-05,0.00011
67.84,-0.00034,0.00572,-0.00311,-0.00032,0.0001,-0,-0.00127,3e-05,-6e-05,-0.00013,-0,-1e-05,-1e-05,5e-05,-7e-05,0,2e-05,-0.00017,3e-05,-3e-05,-0.02624,-0.03518,-0.00235,0.03921,0.00186,0.01132,0.00872,-0.01096,-6e-05,-0.00422,0.00016,-0.00038,8e-05,0.0002
67.86,-0.00056,0.00521,-0.00271,-0.00033,7e-05,0,-0.00145,4e-05,-7e-05,-0.00013,-0,-0,-1e-05,-5e-05,-4e-05,-0,0,-0.00017,3e-05,-2e-05,-0.00774,-0.02913,-0.00514,0.02164,0.00117,0.0123,0.01034,-0.00639,0.00113,-0.00446,-0.00078,-0.00059,0.00012,0.00029
67.88,-0.00086,0.00438,-0.0022,-0.00031,5e-05,-0,-0.00158,4e-05,-7e-05,-0.00013,-0,0,-1e-05,-0.00019,-2e-05,1e-05,-2e-05,-0.00017,2e-05,-2e-05,0.00127,-0.02079,-0.00633,0.01027,0.00067,0.00809,0.00871,-0.00458,0.00313,-0.00457,-0.00202,-0.00079,0.00015,0.00035
67.9,-0.00121,0.00318,-0.00164,-0.00027,3e-05,-0,-0.00164,1e-05,-8e-05,-0.00014,-0,0,-1e-05,-0.00037,0,4e-05,-5e-05,-0.00017,2e-05,-1e-05,0.0029,-0.01213,-0.00629,0.00378,0.00036,0.00246,0.00537,-0.00317,0.00595,-0.00407,-0.00284,-0.00092,0.00013,0.00032
67.92,-0.00162,0.00161,-0.0011,-0.0002,2e-05,-0,-0.0016,-5e-05,-9e-05,-0.00013,-0,1e-05,-1e-05,-0.00058,-1e-05,0.0001,-9e-05,-0.00014,2e-05,-1e-05,-6e-05,-0.00413,-0.00554,0.0008,0.00016,0.00227,0.00317,0.0006,0.00844,-0.00254,-0.00253,-0.00088,7e-05,0.00021
67.94,-0.00202,-0.0001,-0.00062,-0.00011,0,0,-0.00145,-0.00015,-9e-05,-0.00013,-0,1e-05,-0,-0.00081,-7e-05,0.00019,-0.00012,-0.0001,1e-05,-0,-0.00499,0.00421,-0.0051,-5e-05,4e-05,0.00224,0.00215,0.00287,0.00979,-0.00098,-8e-05,-0.00072,-1e-05,4e-05
67.96,-0.00232,-0.00167,-0.00026,2e-05,-1e-05,0,-0.00124,-0.00029,-0.0001,-0.00011,-0,1e-05,-0,-0.00105,-0.0002,0.00034,-0.00014,-7e-05,1e-05,-0,-0.01037,0.01111,-0.00501,-7e-05,-0.00011,0.00294,0.00212,0.00188,0.01019,-0,0.0052,-0.0005,-9e-05,-0.00017
67.98,-0.00246,-0.00294,-3e-05,0.00017,-3e-05,0,-0.00096,-0.00045,-0.00011,-0.0001,-0,1e-05,-0,-0.00129,-0.00043,0.00054,-0.00016,-4e-05,0,0,-0.01385,0.01343,-0.00445,-9e-05,-0.00024,0.0069,0.00352,-0.00096,0.0093,0.00038,0.01339,-0.00023,-0.00014,-0.00037
68,-0.0024,-0.00377,8e-05,0.00036,-6e-05,0,-0.00068,-0.00061,-0.00012,-8e-05,-0,1e-05,-0,-0.00149,-0.00076,0.00078,-0.00016,-1e-05,-0,1e-05,-0.01543,0.01234,-0.00282,-0.00017,-0.00026,0.0104,0.00408,-0.00452,0.00731,0.00022,0.0237,3e-05,-0.00016,-0.00054
68.02,-0.00218,-0.00413,9e-05,0.00057,-8e-05,-0,-0.00046,-0.00073,-0.00013,-6e-05,-0,0,-0,-0.00159,-0.00112,0.00106,-0.00015,-1e-05,-1e-05,1e-05,-0.016,0.01041,-0.00069,-0.0002,-0.00019,0.00699,0.00254,-0.00719,0.00468,-0.00036,0.03408,0.00028,-0.00016,-0.00066
68.04,-0.00173,-0.00411,5e-05,0.00081,-0.0001,0,-0.00028,-0.00081,-0.00013,-4e-05,-0,-0,-0,-0.00164,-0.0015,0.00136,-0.00012,-0,-1e-05,1e-05,-0.01571,0.00828,0.00167,-0.00018,-5e-05,0.00233,0.0007,-0.00857,0.0018,-0.00117,0.04331,0.00051,-0.00015,-0.00072
68.06,-0.00107,-0.00383,-3e-05,0.00104,-0.00013,0,-0.00012,-0.00084,-0.00014,-3e-05,-0,-1e-05,-0,-0.00168,-0.00185,0.00167,-7e-05,-0,-1e-05,1e-05,-0.01459,0.00619,0.00339,-0.00016,6e-05,-0.00127,-0.00079,-0.00897,-0.00086,-0.00205,0.05105,0.00069,-0.00013,-0.00074
68.08,-0.00029,-0.00336,-0.00011,0.00127,-0.00017,0,-0,-0.00082,-0.00014,-2e-05,-0,-1e-05,-0,-0.00172,-0.00215,0.00196,-1e-05,-0,-0,0,-0.01286,0.00429,0.00337,-0.00014,0.00015,-0.00434,-0.00209,-0.0087,-0.0031,-0.00301,0.05674,0.00082,-0.0001,-0.00071
68.1,0.0005,-0.00281,-0.00017,0.00148,-0.00021,-0,8e-05,-0.00076,-0.00014,-1e-05,-0,-2e-05,0,-0.00173,-0.0023,0.00224,5e-05,-0,1e-05,0,-0.01076,0.00272,0.00257,-9e-05,0.00023,-0.00559,-0.00269,-0.00814,-0.00449,-0.00394,0.0601,0.00091,-8e-05,-0.00064
68.12,0.00112,-0.00224,-0.00022,0.00162,-0.00025,0,0.00014,-0.00069,-0.00015,-1e-05,-1e-05,-2e-05,0,-0.00165,-0.00223,0.00249,9e-05,-0,2e-05,-0,-0.00858,0.0015,0.00279,-4e-05,0.00034,-0.00296,-0.00162,-0.00774,-0.0049,-0.00477,0.06102,0.00095,-8e-05,-0.00057
68.14,0.00149,-0.0017,-0.00024,0.0017,-0.00031,0,0.00018,-0.0006,-0.00015,-0,-1e-05,-3e-05,0,-0.00149,-0.00198,0.00271,0.00011,-1e-05,3e-05,-1e-05,-0.007,0.00057,0.00179,-1e-05,0.00051,-0.00049,-0.00021,-0.008,-0.00485,-0.00563,0.06012,0.00094,-9e-05,-0.00048
68.16,0.00161,-0.00119,-0.00024,0.00172,-0.00038,0,0.00022,-0.0005,-0.00014,-0,-1e-05,-3e-05,1e-05,-0.00127,-0.00162,0.00287,9e-05,-1e-05,4e-05,-1e-05,-0.00599,-0.0001,0.00058,0,0.00068,0.00055,0.00056,-0.00918,-0.00473,-0.00665,0.05818,0.0009,-9e-05,-0.00039
68.18,0.00151,-0.00075,-0.00021,0.00169,-0.00045,-0,0.00025,-0.00039,-0.00014,-0,-1e-05,-3e-05,1e-05,-0.001,-0.00117,0.003,3e-05,-1e-05,5e-05,-2e-05,-0.00483,-0.00062,0.00019,1e-05,0.0008,0.00091,0.00076,-0.01112,-0.00466,-0.00779,0.05548,0.00083,-0.0001,-0.0003
68.2,0.00126,-0.00036,-0.00018,0.00163,-0.00051,0,0.00028,-0.00028,-0.00013,-0,-1e-05,-3e-05,1e-05,-0.00061,-0.00072,0.00309,-5e-05,-0,6e-05,-2e-05,-0.00353,-0.00102,-0.00118,2e-05,0.00076,-5e-05,-0.00017,-0.01357,-0.00471,-0.00883,0.0528,0.00074,-0.00011,-0.00022
68.22,0.00094,-0,-0.00013,0.00152,-0.00055,0,0.00033,-0.00019,-0.00012,-0,-1e-05,-3e-05,2e-05,-6e-05,-0.0003,0.00314,-0.00014,1e-05,8e-05,-2e-05,-0.00251,-0.00118,-0.00085,1e-05,0.0006,-0.0007,-0.00083,-0.01623,-0.00494,-0.00954,0.05087,0.00064,-0.00011,-0.00015
68.24,0.00063,0.00033,-0.0001,0.0014,-0.00057,0,0.00039,-0.00011,-0.0001,-0,-1e-05,-3e-05,2e-05,0.00052,0.00011,0.00318,-0.00021,3e-05,9e-05,-2e-05,-0.00123,-0.00128,-0.00022,-2e-05,0.00037,0.0001,-0.00026,-0.01871,-0.00547,-0.00993,0.04953,0.00055,-0.00012,-0.0001
68.26,0.00038,0.00068,-7e-05,0.00127,-0.00057,-0,0.00045,-5e-05,-9e-05,-0,-1e-05,-2e-05,2e-05,0.00101,0.00049,0.00323,-0.00025,6e-05,0.00011,-1e-05,-0.00038,-0.00144,-0.00081,-6e-05,0.00019,0.00125,0.00066,-0.02065,-0.00635,-0.01007,0.04851,0.00048,-0.00011,-7e-05
68.28,0.00019,0.00112,-6e-05,0.00113,-0.00054,0,0.00051,-1e-05,-7e-05,-0,-1e-05,-2e-05,3e-05,0.00145,0.00083,0.00327,-0.00026,9e-05,0.00012,-1e-05,-0.0001,-0.00166,-0.00037,-0.00011,5e-05,0.00311,0.00191,-0.02185,-0.00755,-0.00998,0.04769,0.00043,-0.00011,-4e-05
68.3,7e-05,0.00171,-5e-05,0.00099,-0.00049,0,0.00057,3e-05,-6e-05,0,-1e-05,-1e-05,3e-05,0.00176,0.00111,0.00329,-0.00023,0.00011,0.00013,-0,-0.00012,-0.00178,0.00196,-0.00013,-7e-05,0.00455,0.00266,-0.02214,-0.00888,-0.00949,0.04651,0.00042,-0.00011,-2e-05
68.32,-1e-05,0.00247,-7e-05,0.00086,-0.00043,0,0.00061,5e-05,-5e-05,0,-1e-05,-1e-05,3e-05,0.00192,0.00134,0.00328,-0.00018,0.00014,0.00014,-0,-0.00015,-0.00174,0.00114,-0.00013,-0.00015,0.00291,0.00197,-0.02142,-0.01009,-0.00846,0.04424,0.00043,-0.00011,-1e-05
68.34,-6e-05,0.00343,-9e-05,0.00072,-0.00038,-0,0.00066,7e-05,-4e-05,0,-1e-05,-0,3e-05,0.002,0.00151,0.00321,-0.00013,0.00017,0.00015,0,-0.00018,-0.0016,-0.00076,-0.00012,-0.00019,0.00113,0.00105,-0.01954,-0.01109,-0.00715,0.04046,0.00049,-0.00011,-1e-05
68.36,-0.0001,0.00458,-0.00012,0.00059,-0.00035,0,0.0007,8e-05,-4e-05,0,-1e-05,-0,3e-05,0.00205,0.00161,0.00308,-8e-05,0.00017,0.00016,0,-0.00025,-0.00136,-0.00109,-0.00011,-0.0002,0.00017,0.00043,-0.01642,-0.01184,-0.00579,0.03482,0.00058,-0.00012,-0
68.38,-0.00014,0.00587,-0.00016,0.00047,-0.00034,0,0.00074,8e-05,-3e-05,0,-1e-05,0,2e-05,0.00211,0.00163,0.00291,-4e-05,0.00016,0.00016,0,-0.00035,-0.00103,-0.00091,-0.0001,-0.00017,-0.00032,-0,-0.01212,-0.01224,-0.00437,0.02694,0.0007,-0.00013,-0
68.4,-0.00021,0.00711,-0.0002,0.00035,-0.00034,0,0.00076,8e-05,-2e-05,0,-0,0,2e-05,0.00211,0.00158,0.00262,-1e-05,0.00013,0.00016,0,-0.00046,-0.00065,-0.00063,-8e-05,-0.00013,-0.00049,-0.00026,-0.00679,-0.01209,-0.00303,0.01672,0.00085,-0.00015,-1e-05
68.42,-0.00033,0.00797,-0.00025,0.00024,-0.00034,-0,0.00078,7e-05,-0,0,-0,0,1e-05,0.00203,0.00143,0.00215,1e-05,9e-05,0.00016,0,-0.00056,-0.00029,-0.00044,-6e-05,-0.0001,-0.00058,-0.00041,-0.00065,-0.01126,-0.00185,0.00417,0.00102,-0.00016,-2e-05
68.44,-0.00052,0.00833,-0.00029,0.00014,-0.00033,0,0.00078,5e-05,1e-05,0,0,0,-0,0.00195,0.00124,0.00166,1e-05,5e-05,0.00016,0,-0.00064,2e-05,-0.00027,-5e-05,-8e-05,-0.00063,-0.0005,0.00612,-0.00987,-0.00083,-0.01057,0.0012,-0.00017,-3e-05
68.46,-0.00081,0.00814,-0.00033,3e-05,-0.00031,0,0.00077,3e-05,2e-05,0,0,0,-1e-05,0.00192,0.00103,0.00124,0,2e-05,0.00015,0,-0.00069,0.00024,-9e-05,-3e-05,-5e-05,-0.0006,-0.00052,0.01337,-0.00813,-0,-0.02713,0.00139,-0.00017,-5e-05
68.48,-0.0012,0.00729,-0.00036,-9e-05,-0.00026,0,0.00077,1e-05,3e-05,0,0,0,-1e-05,0.00192,0.00083,0.00087,-1e-05,0,0.00014,-0,-0.00071,0.00036,1e-05,-2e-05,-3e-05,-0.00056,-0.00051,0.02091,-0.00621,0.00058,-0.04455,0.00158,-0.00017,-7e-05
68.5,-0.00176,0.00567,-0.00037,-0.00022,-0.0002,-0,0.00075,0,4e-05,1e-05,0,0,-2e-05,0.00192,0.00063,0.00057,-2e-05,-1e-05,0.00012,-0,-0.00072,0.0004,1e-05,-1e-05,-2e-05,-0.00049,-0.00046,0.02853,-0.00434,0.00089,-0.06216,0.00174,-0.00016,-9e-05
68.52,-0.00257,0.00321,-0.00038,-0.0004,-0.00011,0,0.0007,0,4e-05,1e-05,0,0,-2e-05,0.00188,0.00044,0.00032,-3e-05,-2e-05,9e-05,-0,-0.00077,0.00039,-4e-05,-1e-05,-2e-05,-0.00039,-0.00038,0.03613,-0.00281,0.0009,-0.07994,0.00181,-0.00014,-0.00011
68.54,-0.00366,0.00019,-0.00038,-0.00064,-1e-05,0,0.00064,2e-05,3e-05,1e-05,0,-0,-2e-05,0.00182,0.00027,0.00014,-3e-05,-2e-05,7e-05,-0,-0.00082,0.00036,-0.00012,-1e-05,-2e-05,-0.00029,-0.00029,0.0432,-0.00195,0.0006,-0.09569,0.0018,-0.00012,-0.00013
68.56,-0.00497,-0.00303,-0.00037,-0.00092,9e-05,0,0.00058,6e-05,2e-05,0,0,-0,-2e-05,0.00179,0.00014,2e-05,-3e-05,-3e-05,5e-05,-0,-0.00088,0.00032,-0.0002,-1e-05,-1e-05,-0.0002,-0.0002,0.04908,-0.00181,1e-05,-0.10647,0.00172,-9e-05,-0.00013
68.58,-0.00646,-0.00623,-0.00035,-0.00123,0.00018,0,0.00052,0.00013,0,-0,0,-0,-2e-05,0.00176,5e-05,-7e-05,-2e-05,-2e-05,3e-05,-0,-0.00095,0.0003,-0.00025,-1e-05,-1e-05,-0.00011,-0.00012,0.0537,-0.00222,-0.00077,-0.11074,0.00156,-7e-05,-0.00012
68.6,-0.00808,-0.00903,-0.00032,-0.00157,0.00026,-0,0.00045,0.00021,-2e-05,-1e-05,0,-0,-1e-05,0.0017,-1e-05,-0.00011,-2e-05,-2e-05,1e-05,-0,-0.00099,0.00031,-0.00028,-1e-05,-1e-05,-4e-05,-4e-05,0.05523,-0.00297,-0.00164,-0.10714,0.00129,-3e-05,-9e-05
68.62,-0.0098,-0.01107,-0.00029,-0.0019,0.00031,-0,0.00038,0.00033,-4e-05,-2e-05,0,-0,-1e-05,0.00161,-5e-05,-0.00013,-2e-05,-2e-05,-1e-05,0,-0.00097,0.00035,-0.00028,-1e-05,-1e-05,2e-05,2e-05,0.0521,-0.00391,-0.00263,-0.09554,0.00094,-0,-4e-05
68.64,-0.01134,-0.01238,-0.00024,-0.00219,0.00035,-0,0.0003,0.00045,-7e-05,-2e-05,0,-0,-2e-05,0.00149,-9e-05,-0.00013,-2e-05,-2e-05,-2e-05,0,-0.0009,0.00041,-0.00026,-1e-05,-0,0.00011,9e-05,0.04591,-0.00471,-0.00354,-0.07652,0.00057,2e-05,1e-05
68.66,-0.01243,-0.01299,-0.0002,-0.00239,0.00037,0,0.00023,0.00058,-9e-05,-2e-05,0,-0,-2e-05,0.00135,-0.00011,-0.00012,-2e-05,-1e-05,-2e-05,0,-0.00081,0.0005,-0.00022,-1e-05,-0,0.0002,0.00017,0.03859,-0.00504,-0.00406,-0.05307,0.00025,2e-05,5e-05
68.68,-0.01299,-0.01286,-0.00015,-0.0025,0.00037,-0,0.00018,0.0007,-0.00012,-2e-05,0,-0,-2e-05,0.0012,-0.00014,-0.00011,-2e-05,-0,-2e-05,0,-0.00069,0.00058,-0.00018,-1e-05,0,0.00029,0.00024,0.03145,-0.00482,-0.00411,-0.03008,3e-05,1e-05,8e-05
68.7,-0.01289,-0.01197,-9e-05,-0.00251,0.00036,-0,0.00013,0.0008,-0.00014,-2e-05,0,-0,-2e-05,0.00102,-0.00017,-9e-05,-2e-05,0,-2e-05,0,-0.00055,0.00065,-0.00013,-1e-05,0,0.00039,0.00032,0.02396,-0.00415,-0.00362,-0.01083,-8e-05,-1e-05,8e-05
68.72,-0.01211,-0.01043,-2e-05,-0.00243,0.00033,-0,8e-05,0.00086,-0.00015,-2e-05,0,-0,-3e-05,0.00082,-0.00019,-7e-05,-1e-05,0,-2e-05,0,-0.00045,0.00067,-9e-05,-1e-05,0,0.00049,0.0004,0.0167,-0.00325,-0.0027,0.00132,-0.00012,-2e-05,7e-05
68.74,-0.01078,-0.00842,4e-05,-0.00228,0.0003,0,5e-05,0.00089,-0.00015,-1e-05,0,-1e-05,-3e-05,0.00061,-0.0002,-5e-05,1e-05,1e-05,-1e-05,-0,-0.00033,0.00064,-5e-05,-1e-05,1e-05,0.00058,0.00047,0.01183,-0.00226,-0.00172,0.00609,-0.00011,-4e-05,4e-05
68.76,-0.00904,-0.00612,0.0001,-0.00209,0.00026,-0,2e-05,0.00089,-0.00015,-1e-05,-0,-0,-2e-05,0.00039,-0.0002,-3e-05,4e-05,0,-1e-05,-0,-0.00017,0.00054,-1e-05,-1e-05,2e-05,0.00067,0.00054,0.00934,-0.00142,-0.00095,0.00655,-7e-05,-5e-05,2e-05
68.78,-0.00707,-0.00368,0.00016,-0.00187,0.00023,-0,0,0.00087,-0.00015,-1e-05,-0,-0,-2e-05,0.00018,-0.00019,-1e-05,6e-05,0,-0,-1e-05,1e-05,0.00036,1e-05,-1e-05,3e-05,0.00077,0.00061,0.00798,-0.00096,-0.00047,0.006,-4e-05,-6e-05,1e-05
68.8,-0.00505,-0.00124,0.00021,-0.00164,0.00021,-0,-2e-05,0.00082,-0.00013,-0,-0,1e-05,-1e-05,-4e-05,-0.00016,0,9e-05,-0,0,-1e-05,0.00022,0.00012,3e-05,-1e-05,4e-05,0.00087,0.00067,0.00665,-0.00092,-0.00015,0.00689,-4e-05,-6e-05,2e-05
68.82,-0.00325,0.00099,0.00024,-0.00141,0.0002,0,-3e-05,0.00075,-0.00011,-0,-0,2e-05,3e-05,-0.00026,-0.0001,1e-05,0.00013,-1e-05,0,-1e-05,0.00046,-0.00018,3e-05,-1e-05,6e-05,0.00099,0.00074,0.00428,-0.00119,0.00036,0.00997,-4e-05,-4e-05,3e-05
68.84,-0.00192,0.00287,0.00024,-0.00121,0.0002,-0,-3e-05,0.00067,-7e-05,0,-0,3e-05,7e-05,-0.00046,-2e-05,3e-05,0.00018,-2e-05,0,-0,0.00069,-0.00052,2e-05,-1e-05,8e-05,0.00111,0.00081,0.00011,-0.00151,0.00148,0.01366,9e-05,-1e-05,2e-05
68.86,-0.00117,0.00436,0.00024,-0.00104,0.00021,-0,-3e-05,0.00059,-1e-05,1e-05,-0,5e-05,0.0001,-0.00065,8e-05,4e-05,0.00019,-2e-05,0,0,0.00088,-0.00089,-1e-05,-1e-05,0.0001,0.00122,0.00086,-0.00571,-0.00158,0.00355,0.01541,0.00069,2e-05,-5e-05
68.88,-0.00096,0.00547,0.00024,-0.00091,0.00023,-0,-3e-05,0.00051,5e-05,1e-05,-0,8e-05,0.00012,-0.00081,0.00018,5e-05,0.00019,-2e-05,0,1e-05,0.00101,-0.00126,-6e-05,-1e-05,0.00013,0.00132,0.00089,-0.01251,-0.00104,0.00673,0.01102,0.00227,1e-05,-0.00021
68.9,-0.00121,0.00618,0.00024,-0.0008,0.00024,0,-2e-05,0.00043,0.00012,1e-05,-0,0.0001,0.00012,-0.00093,0.00029,5e-05,0.00015,-2e-05,0,1e-05,0.00108,-0.00161,-0.00011,-1e-05,0.00016,0.0014,0.0009,-0.01835,0.00034,0.01073,-0.00197,0.00549,-0.0001,-0.0005
68.92,-0.00181,0.00646,0.00024,-0.00072,0.00025,-0,-1e-05,0.00035,0.00019,1e-05,-0,0.00013,0.0001,-0.00101,0.00042,6e-05,7e-05,-2e-05,-0,1e-05,0.00108,-0.0019,-0.00018,-1e-05,0.00019,0.00144,0.00088,-0.02082,0.00238,0.01485,-0.02261,0.01092,-0.00043,-0.00097
68.94,-0.00268,0.00638,0.00026,-0.00066,0.00024,-0,-1e-05,0.00027,0.00025,1e-05,-0,0.00016,7e-05,-0.00102,0.00055,5e-05,0,-2e-05,-0,1e-05,0.00101,-0.00213,-0.00025,-1e-05,0.00022,0.00143,0.00081,-0.01872,0.00461,0.01819,-0.05019,0.01886,-0.00112,-0.00165
68.96,-0.00376,0.00601,0.00029,-0.00061,0.00022,-0,-0,0.0002,0.00031,1e-05,-0,0.00017,6e-05,-0.00098,0.00063,5e-05,-4e-05,-1e-05,0,1e-05,0.00087,-0.00228,-0.00033,-1e-05,0.00025,0.00133,0.00071,-0.01193,0.0066,0.02005,-0.08292,0.02925,-0.00236,-0.00252
68.98,-0.00505,0.0054,0.00033,-0.00058,0.00019,0,0,0.00014,0.00034,1e-05,-0,0.00017,4e-05,-0.00087,0.00066,3e-05,-5e-05,-0,0,1e-05,0.00068,-0.00235,-0.00041,-1e-05,0.00027,0.00112,0.00055,-0.00137,0.00815,0.02036,-0.11768,0.04179,-0.0033,-0.00302
69,-0.00658,0.00456,0.00039,-0.00055,0.00015,-0,1e-05,8e-05,0.00036,1e-05,-0,0.00016,3e-05,-0.0007,0.00063,-1e-05,-5e-05,1e-05,0,1e-05,0.0005,-0.00233,-0.00049,-1e-05,0.00029,0.00077,0.00033,0.01061,0.00886,0.01771,-0.14628,0.05389,-0.00638,-0.00444
69.02,-0.00848,0.00349,0.00045,-0.00054,0.0001,-0,2e-05,2e-05,0.00036,2e-05,-0,0.00013,3e-05,-0.00048,0.00056,-6e-05,-2e-05,3e-05,0,1e-05,0.00046,-0.00224,-0.00055,-0,0.00031,0.00028,5e-05,0.01954,0.00846,0.01067,-0.16053,0.06098,-0.01769,-0.01005
69.04,-0.01075,0.0023,0.00051,-0.00054,4e-05,0,3e-05,-3e-05,0.00034,4e-05,0,9e-05,3e-05,-0.00022,0.00046,-0.00012,2e-05,4e-05,0,1e-05,0.00059,-0.00208,-0.00059,-0,0.00031,-0.00035,-0.0003,0.02229,0.00764,0.0031,-0.16209,0.06289,-0.03222,-0.01741
69.06,-0.01333,0.0011,0.0006,-0.00054,-2e-05,-0,6e-05,-8e-05,0.00031,7e-05,0,6e-05,3e-05,5e-05,0.00034,-0.00021,5e-05,7e-05,-0,1e-05,0.00091,-0.00184,-0.00061,-0,0.00028,-0.00109,-0.0007,0.01772,0.00696,-0.00207,-0.15514,0.06161,-0.04289,-0.02279
69.08,-0.01614,-0.0001,0.00069,-0.00056,-9e-05,0,0.0001,-0.00011,0.00027,9e-05,0,4e-05,4e-05,0.00032,0.00022,-0.00033,9e-05,8e-05,-0,1e-05,0.00149,-0.00156,-0.00063,0,0.00023,-0.00197,-0.00117,0.00539,0.00648,-0.00478,-0.14051,0.05697,-0.04954,-0.02633
69.1,-0.01918,-0.00111,0.00081,-0.00058,-0.00015,0,0.00014,-0.00014,0.00022,0.00012,1e-05,2e-05,4e-05,0.00055,0.00013,-0.00046,0.00011,0.0001,-0,1e-05,0.0023,-0.00128,-0.0006,0,0.00014,-0.00275,-0.00159,-0.01354,0.00598,-0.0046,-0.11762,0.05105,-0.04845,-0.02609
69.12,-0.02248,-0.00177,0.00097,-0.00062,-0.00019,0,0.00019,-0.00015,0.00016,0.00016,1e-05,1e-05,5e-05,0.00075,7e-05,-0.00061,0.00012,0.00011,-0,1e-05,0.00326,-0.00107,-0.00052,0,5e-05,-0.00284,-0.00177,-0.03635,0.00478,-0.00328,-0.08925,0.04512,-0.04113,-0.02219
69.14,-0.02581,-0.00218,0.00115,-0.00067,-0.00021,0,0.00023,-0.00015,0.00011,0.0002,1e-05,-0,5e-05,0.00091,4e-05,-0.00077,0.00011,0.00012,-0,1e-05,0.00438,-0.00097,-0.00041,0,-1e-05,-0.00249,-0.00175,-0.06027,0.00349,-0.00172,-0.06235,0.03888,-0.03222,-0.01736
69.16,-0.02892,-0.00243,0.00133,-0.00073,-0.00022,0,0.00028,-0.00015,7e-05,0.00023,2e-05,-1e-05,6e-05,0.00102,3e-05,-0.00094,0.00011,0.00011,-0,1e-05,0.00569,-0.00101,-0.0003,1e-05,-3e-05,-0.00207,-0.00164,-0.08351,0.0025,-0.00023,-0.04019,0.03257,-0.02373,-0.01285
69.18,-0.03171,-0.00247,0.00148,-0.0008,-0.00022,0,0.00033,-0.00014,4e-05,0.00025,2e-05,-1e-05,6e-05,0.0011,4e-05,-0.00112,0.0001,0.0001,-0,1e-05,0.00716,-0.00118,-0.00019,1e-05,-2e-05,-0.00155,-0.00145,-0.10411,0.00175,0.00101,-0.02275,0.02672,-0.01588,-0.00876
69.2,-0.03434,-0.0023,0.00157,-0.00087,-0.00019,0,0.00037,-0.00013,1e-05,0.00026,2e-05,-1e-05,6e-05,0.00115,5e-05,-0.00127,9e-05,7e-05,-0,2e-05,0.00863,-0.00142,-0.00011,1e-05,0,-0.00107,-0.00119,-0.12058,0.0012,0.00191,-0.01004,0.0214,-0.00913,-0.00531
69.22,-0.03703,-0.00194,0.00159,-0.00095,-0.00015,0,0.00037,-0.00012,-0,0.00024,2e-05,-1e-05,5e-05,0.00118,5e-05,-0.00135,8e-05,4e-05,-0,2e-05,0.00997,-0.00162,-7e-05,1e-05,3e-05,-0.0007,-0.00089,-0.13182,0.00081,0.0024,-0.00162,0.01662,-0.00378,-0.00262
69.24,-0.03947,-0.00144,0.0015,-0.00102,-0.0001,0,0.00033,-0.00011,-1e-05,0.00022,2e-05,-1e-05,4e-05,0.00119,4e-05,-0.00138,7e-05,2e-05,-0,2e-05,0.01117,-0.00171,-4e-05,1e-05,7e-05,-0.00042,-0.0006,-0.13645,0.00053,0.00255,0.00327,0.01245,8e-05,-0.00071
69.26,-0.04139,-0.00087,0.0013,-0.00106,-5e-05,0,0.00028,-9e-05,-2e-05,0.00019,2e-05,-1e-05,3e-05,0.00117,4e-05,-0.0014,7e-05,1e-05,-0,2e-05,0.01227,-0.00165,-1e-05,1e-05,0.00011,-0.00018,-0.00035,-0.13363,0.00032,0.00245,0.00546,0.00893,0.00247,0.00048
69.28,-0.04282,-0.00031,0.00106,-0.00108,-1e-05,0,0.0002,-8e-05,-2e-05,0.00016,2e-05,-1e-05,1e-05,0.00114,4e-05,-0.00138,6e-05,0,-0,2e-05,0.01323,-0.00141,1e-05,1e-05,0.00016,0,-0.00011,-0.12343,0.00017,0.00218,0.00575,0.00605,0.00353,0.00106
69.3,-0.04382,0.00016,0.00079,-0.00107,1e-05,0,0.00011,-6e-05,-2e-05,0.00012,2e-05,-1e-05,0,0.00109,4e-05,-0.00136,5e-05,0,-0,2e-05,0.01395,-0.00107,2e-05,1e-05,0.0002,8e-05,2e-05,-0.10687,7e-05,0.00181,0.00493,0.00388,0.00352,0.00117
69.32,-0.04445,0.00047,0.00054,-0.00104,3e-05,0,3e-05,-4e-05,-1e-05,7e-05,2e-05,-1e-05,-1e-05,0.00099,4e-05,-0.00135,3e-05,-0,-0,1e-05,0.01435,-0.00068,1e-05,1e-05,0.00023,4e-05,1e-05,-0.08607,1e-05,0.0014,0.00367,0.00238,0.00285,0.00096
69.34,-0.04467,0.0006,0.00035,-0.00097,3e-05,0,-5e-05,-2e-05,-1e-05,3e-05,2e-05,-1e-05,-2e-05,0.00089,3e-05,-0.00134,1e-05,-0,-0,1e-05,0.01448,-0.00028,0,1e-05,0.00026,-0,-1e-05,-0.0636,-0,0.00103,0.00239,0.00143,0.0019,0.00064
69.36,-0.04444,0.00055,0.00022,-0.00088,1e-05,0,-0.00013,1e-05,-0,-1e-05,1e-05,-1e-05,-3e-05,0.0008,2e-05,-0.00133,-2e-05,-0,-0,-0,0.01439,8e-05,-1e-05,1e-05,0.00028,-1e-05,-1e-05,-0.04204,1e-05,0.00071,0.00136,0.00087,0.00098,0.00033
69.38,-0.04387,0.00039,0.00014,-0.00076,-1e-05,-0,-0.00022,3e-05,-0,-6e-05,1e-05,-1e-05,-4e-05,0.0007,-1e-05,-0.00133,-5e-05,-0,-0,-1e-05,0.0141,0.00038,-3e-05,1e-05,0.00028,-1e-05,-1e-05,-0.02337,5e-05,0.00047,0.00065,0.00054,0.00033,0.0001
69.4,-0.0429,0.00015,8e-05,-0.00063,-4e-05,0,-0.00029,6e-05,-0,-0.0001,1e-05,-1e-05,-5e-05,0.00062,-6e-05,-0.00132,-7e-05,-0,-1e-05,-2e-05,0.0136,0.00059,-6e-05,1e-05,0.00027,-1e-05,-1e-05,-0.00853,9e-05,0.00031,0.00023,0.00032,-2e-05,-2e-05
69.42,-0.04154,-0.00013,2e-05,-0.0005,-6e-05,-0,-0.00031,0.0001,-1e-05,-0.00014,0,-1e-05,-5e-05,0.00054,-0.00012,-0.0013,-8e-05,-0,-1e-05,-3e-05,0.01291,0.00072,-9e-05,0,0.00025,-0,-1e-05,0.00227,0.00013,0.00018,2e-05,0.00017,-0.00014,-6e-05
69.44,-0.04002,-0.0004,-3e-05,-0.00038,-8e-05,-0,-0.00031,0.00014,-1e-05,-0.00018,0,-1e-05,-5e-05,0.00047,-0.00019,-0.00126,-7e-05,-0,-1e-05,-3e-05,0.01214,0.00076,-0.00012,0,0.00022,0,-0,0.0094,0.00015,9e-05,-5e-05,5e-05,-0.00012,-6e-05
69.46,-0.03846,-0.00059,-8e-05,-0.00028,-9e-05,-0,-0.00035,0.00019,-2e-05,-0.00021,-0,-1e-05,-5e-05,0.0004,-0.00029,-0.00122,-6e-05,-0,-1e-05,-3e-05,0.0114,0.00073,-0.00015,0,0.00019,0,-0,0.01125,0.00014,8e-05,-5e-05,-3e-05,-6e-05,-4e-05
69.48,-0.03683,-0.0007,-0.00013,-0.00021,-8e-05,0,-0.0004,0.00026,-4e-05,-0.00023,-0,-1e-05,-5e-05,0.00035,-0.0004,-0.00118,-3e-05,0,-1e-05,-3e-05,0.01067,0.00063,-0.00018,0,0.00017,0,-0,0.01058,0.0001,9e-05,-2e-05,-0.00014,-3e-05,-3e-05
69.5,-0.03508,-0.00073,-0.00016,-0.00018,-7e-05,-0,-0.00049,0.00036,-7e-05,-0.00024,-1e-05,-1e-05,-5e-05,0.00031,-0.00051,-0.00112,2e-05,0,-2e-05,-2e-05,0.00997,0.00049,-0.00021,-0,0.00014,0,-0,0.00991,6e-05,0.0001,-0,-0.00025,-2e-05,-2e-05
69.52,-0.03315,-0.00067,-0.00018,-0.00021,-6e-05,-0,-0.0006,0.00048,-0.00012,-0.00022,-0,-2e-05,-5e-05,0.00028,-0.00059,-0.00102,0.0001,1e-05,-2e-05,-2e-05,0.00934,0.00033,-0.00023,-0,0.00012,0,-0,0.00923,2e-05,0.00012,1e-05,-0.0003,-0,-1e-05
69.54,-0.03103,-0.00058,-0.00017,-0.00031,-4e-05,-0,-0.00074,0.00065,-0.00018,-0.00017,0,-2e-05,-5e-05,0.00026,-0.00065,-0.0009,0.00019,1e-05,-2e-05,-1e-05,0.00874,0.00015,-0.00024,-0,0.00011,0,0,0.00857,-3e-05,0.00015,1e-05,-0.00029,5e-05,0
69.56,-0.02874,-0.00048,-0.00015,-0.00046,-2e-05,0,-0.00089,0.00084,-0.00026,-0.0001,1e-05,-2e-05,-4e-05,0.00025,-0.00071,-0.00077,0.00029,2e-05,-1e-05,0,0.00818,-2e-05,-0.00025,-0,0.0001,0,0,0.00792,-7e-05,0.00016,2e-05,-0.00025,0.00013,2e-05
69.58,-0.02626,-0.00039,-0.00011,-0.00066,-0,-0,-0.00103,0.00105,-0.00037,-1e-05,2e-05,-3e-05,-4e-05,0.00025,-0.00075,-0.00064,0.00038,3e-05,-1e-05,1e-05,0.00763,-0.00017,-0.00024,-0,9e-05,0,0,0.00728,-0.0001,0.00016,2e-05,-0.00017,0.00024,5e-05
69.6,-0.02363,-0.0003,-7e-05,-0.00088,2e-05,-0,-0.00111,0.00127,-0.00046,0.00011,4e-05,-3e-05,-3e-05,0.00025,-0.00078,-0.00051,0.00046,3e-05,-1e-05,2e-05,0.00709,-0.00031,-0.00023,-0,8e-05,0,0,0.00664,-0.00013,0.00016,2e-05,-9e-05,0.00036,8e-05
69.62,-0.02092,-0.00023,-2e-05,-0.00108,3e-05,-0,-0.00104,0.00151,-0.00041,0.0003,6e-05,-3e-05,-1e-05,0.00026,-0.00078,-0.00039,0.00049,5e-05,-1e-05,3e-05,0.00653,-0.00041,-0.00022,-0,7e-05,0,0,0.006,-0.00015,0.00013,1e-05,-1e-05,0.00048,0.00011
69.64,-0.01825,-0.00018,2e-05,-0.00126,5e-05,0,-0.00084,0.00169,-0.00028,0.00049,8e-05,-3e-05,2e-05,0.00026,-0.00076,-0.00028,0.0005,5e-05,-0,3e-05,0.00596,-0.00048,-0.0002,-0,7e-05,0,0,0.00537,-0.00016,0.0001,1e-05,5e-05,0.00058,0.00013
69.66,-0.01566,-0.00014,5e-05,-0.00138,5e-05,-0,-0.00062,0.00173,-0.00015,0.00061,9e-05,-2e-05,3e-05,0.00026,-0.00071,-0.0002,0.0005,6e-05,-0,4e-05,0.00538,-0.00052,-0.00018,-0,6e-05,0,0,0.00475,-0.00017,8e-05,1e-05,8e-05,0.00061,0.00013
69.68,-0.01315,-0.00011,7e-05,-0.00144,5e-05,-0,-0.00039,0.00165,-2e-05,0.00069,8e-05,-1e-05,4e-05,0.00025,-0.00064,-0.00013,0.00048,6e-05,0,4e-05,0.00478,-0.00052,-0.00016,-0,5e-05,0,0,0.00415,-0.00016,7e-05,1e-05,9e-05,0.00057,0.00011
69.7,-0.01072,-9e-05,9e-05,-0.00142,5e-05,-0,-0.00024,0.00147,5e-05,0.00069,7e-05,-1e-05,4e-05,0.00023,-0.00054,-9e-05,0.00042,6e-05,0,3e-05,0.00417,-0.0005,-0.00013,-0,4e-05,1e-05,0,0.00355,-0.00015,6e-05,0,5e-05,0.00044,9e-05
69.72,-0.00838,-8e-05,9e-05,-0.00134,4e-05,0,-0.00017,0.00125,4e-05,0.00055,5e-05,-0,3e-05,0.0002,-0.00045,-6e-05,0.00032,5e-05,0,2e-05,0.00354,-0.00046,-0.00011,-0,3e-05,1e-05,0,0.00296,-0.00013,6e-05,0,-1e-05,0.00023,5e-05
69.74,-0.00617,-7e-05,0.0001,-0.0012,3e-05,-0,-0.00013,0.00103,1e-05,0.0004,2e-05,-0,2e-05,0.00017,-0.00036,-3e-05,0.00022,4e-05,0,1e-05,0.00292,-0.0004,-9e-05,-0,2e-05,1e-05,0,0.00237,-0.00011,6e-05,0,-0.00011,-0,-0
69.76,-0.00411,-6e-05,0.0001,-0.001,2e-05,-0,-9e-05,0.00084,-1e-05,0.00028,1e-05,-0,1e-05,0.00015,-0.00027,0,0.00015,3e-05,0,1e-05,0.00233,-0.00035,-7e-05,-0,1e-05,1e-05,0,0.00181,-9e-05,7e-05,0,-0.00021,-0.00024,-5e-05
69.78,-0.00219,-4e-05,0.0001,-0.00076,1e-05,-0,-5e-05,0.00067,-2e-05,0.00019,-0,0,1e-05,0.00012,-0.00019,3e-05,8e-05,2e-05,0,0,0.00176,-0.00029,-5e-05,-0,1e-05,1e-05,0,0.00129,-7e-05,7e-05,0,-0.00032,-0.00048,-9e-05
69.8,-0.00047,-3e-05,0.00011,-0.00051,1e-05,0,-3e-05,0.00052,-1e-05,0.00011,-1e-05,0,1e-05,0.0001,-0.00013,6e-05,3e-05,2e-05,0,0,0.00121,-0.00023,-4e-05,-0,-0,1e-05,0,0.0008,-5e-05,8e-05,0,-0.00041,-0.00067,-0.00013
69.82,0.00099,-2e-05,0.00011,-0.00028,-0,-0,-0,0.00038,-1e-05,6e-05,-1e-05,0,0,8e-05,-8e-05,7e-05,-0,1e-05,0,-0,0.0007,-0.00018,-2e-05,-0,-1e-05,1e-05,0,0.00034,-4e-05,9e-05,0,-0.00045,-0.00079,-0.00016
69.84,0.00217,-2e-05,0.00011,-7e-05,-1e-05,-0,1e-05,0.00026,-0,1e-05,-1e-05,0,0,7e-05,-5e-05,8e-05,-2e-05,1e-05,0,-0,0.00021,-0.00015,-1e-05,-0,-1e-05,2e-05,0,-9e-05,-3e-05,9e-05,0,-0.00046,-0.00082,-0.00017
69.86,0.00307,-1e-05,0.00011,0.00011,-1e-05,-0,3e-05,0.00016,0,-2e-05,-0,0,0,6e-05,-3e-05,9e-05,-4e-05,0,0,-0,-0.00023,-0.00011,-1e-05,-0,-1e-05,1e-05,0,-0.00049,-2e-05,9e-05,0,-0.00044,-0.0008,-0.00017
69.88,0.00372,-2e-05,0.0001,0.00024,-1e-05,0,4e-05,7e-05,1e-05,-3e-05,-0,0,-0,5e-05,-1e-05,9e-05,-5e-05,0,0,-0,-0.00063,-8e-05,-0,-0,-1e-05,1e-05,-0,-0.00086,-1e-05,8e-05,0,-0.00039,-0.00073,-0.00016
69.9,0.00419,-2e-05,0.0001,0.00034,-1e-05,-0,4e-05,-1e-05,1e-05,-5e-05,-0,0,-0,4e-05,0,9e-05,-5e-05,0,0,-0,-0.00097,-5e-05,-0,-0,-1e-05,-0,-0,-0.00117,-0,7e-05,0,-0.00033,-0.00063,-0.00015
69.92,0.00452,-3e-05,0.0001,0.00041,-1e-05,-0,4e-05,-8e-05,1e-05,-5e-05,0,0,-0,3e-05,1e-05,0.0001,-4e-05,0,0,-0,-0.00124,-1e-05,-0,-0,-0,-1e-05,-1e-05,-0.00142,1e-05,6e-05,0,-0.00028,-0.00053,-0.00012
69.94,0.00477,-4e-05,0.0001,0.00045,-2e-05,-0,4e-05,-0.00014,1e-05,-5e-05,0,0,-0,3e-05,1e-05,0.0001,-3e-05,0,0,-0,-0.00143,4e-05,-0,0,0,-2e-05,-1e-05,-0.00159,2e-05,5e-05,0,-0.00023,-0.00044,-0.0001
69.96,0.00496,-6e-05,0.0001,0.00048,-2e-05,0,3e-05,-0.0002,1e-05,-5e-05,1e-05,0,-0,3e-05,0,0.0001,-2e-05,0,0,-0,-0.00153,0.00011,-1e-05,0,1e-05,-2e-05,-1e-05,-0.00169,4e-05,3e-05,0,-0.00018,-0.00034,-8e-05
69.98,0.00511,-7e-05,0.00011,0.00049,-2e-05,-0,3e-05,-0.00025,1e-05,-4e-05,1e-05,0,-0,4e-05,0,0.0001,-1e-05,0,0,-0,-0.00155,0.00019,-1e-05,0,1e-05,-2e-05,-1e-05,-0.00172,6e-05,2e-05,0,-0.00013,-0.00024,-6e-05
70,0.00518,-8e-05,0.00014,0.00049,-2e-05,-0,2e-05,-0.00031,1e-05,-3e-05,1e-05,0,-0,5e-05,-0,0.00011,1e-05,0,0,-0,-0.00152,0.00028,-2e-05,0,2e-05,-1e-05,-0,-0.0017,8e-05,2e-05,0,-8e-05,-0.00016,-4e-05
70.02,0.00515,-9e-05,0.00018,0.00047,-2e-05,-0,2e-05,-0.00036,1e-05,-2e-05,1e-05,0,-0,7e-05,-1e-05,0.00012,2e-05,0,0,-0,-0.00144,0.00038,-3e-05,0,3e-05,-1e-05,-0,-0.00164,0.0001,1e-05,0,-4e-05,-8e-05,-2e-05
70.04,0.00499,-0.0001,0.00024,0.00043,-2e-05,-0,1e-05,-0.00042,0,-1e-05,1e-05,0,0,9e-05,-2e-05,0.00014,3e-05,1e-05,0,-0,-0.00133,0.00048,-3e-05,0,3e-05,-1e-05,-0,-0.00154,0.00012,1e-05,0,1e-05,-1e-05,-0
70.06,0.00467,-0.0001,0.00033,0.00037,-3e-05,0,0,-0.00049,0,1e-05,1e-05,0,0,0.00012,-3e-05,0.00017,4e-05,1e-05,0,-1e-05,-0.00119,0.00059,-4e-05,0,4e-05,-0,0,-0.00143,0.00015,0,0,5e-05,7e-05,2e-05
70.08,0.00418,-0.00011,0.00045,0.0003,-3e-05,0,0,-0.00057,-0,3e-05,1e-05,0,0,0.00017,-3e-05,0.00022,5e-05,1e-05,0,-1e-05,-0.00103,0.0007,-4e-05,0,4e-05,-0,0,-0.00129,0.00017,-0,0,0.0001,0.00015,3e-05
70.1,0.00352,-0.00011,0.00062,0.00022,-4e-05,0,-0,-0.00066,-0,4e-05,1e-05,0,1e-05,0.00022,-4e-05,0.00028,5e-05,2e-05,1e-05,-1e-05,-0.00085,0.00082,-5e-05,0,4e-05,0,0,-0.00113,0.0002,-0,0,0.00015,0.00023,5e-05
70.12,0.00271,-0.00012,0.00082,0.00013,-5e-05,-0,-0,-0.00075,-0,6e-05,0,0,1e-05,0.00029,-5e-05,0.00037,5e-05,2e-05,1e-05,-1e-05,-0.00063,0.00096,-5e-05,0,5e-05,0,-0,-0.00094,0.00024,-1e-05,-0,0.00021,0.00033,7e-05
70.14,0.00176,-0.00014,0.00105,5e-05,-6e-05,0,0,-0.00085,-0,8e-05,0,0,1e-05,0.00038,-6e-05,0.00047,4e-05,3e-05,1e-05,-1e-05,-0.00038,0.00111,-6e-05,0,6e-05,1e-05,-0,-0.00072,0.00028,-2e-05,-0,0.00028,0.00043,0.0001
70.16,0.0007,-0.00018,0.00129,-2e-05,-7e-05,0,0,-0.00096,-0,9e-05,0,0,2e-05,0.00047,-7e-05,0.0006,3e-05,4e-05,1e-05,-1e-05,-9e-05,0.00129,-6e-05,0,6e-05,1e-05,0,-0.00046,0.00032,-2e-05,-0,0.00035,0.00054,0.00012
70.18,-0.00042,-0.00024,0.0015,-8e-05,-8e-05,0,0,-0.00106,0,9e-05,0,-0,2e-05,0.00056,-8e-05,0.00073,1e-05,4e-05,1e-05,-1e-05,0.00024,0.00148,-7e-05,0,7e-05,1e-05,0,-0.00016,0.00038,-3e-05,-0,0.00042,0.00065,0.00015
70.2,-0.00151,-0.00033,0.00168,-0.00013,-0.0001,0,0,-0.00117,1e-05,9e-05,0,-0,3e-05,0.00065,-8e-05,0.00088,-1e-05,5e-05,1e-05,-1e-05,0.00061,0.00168,-7e-05,0,9e-05,1e-05,0,0.00017,0.00045,-4e-05,-0,0.0005,0.00074,0.00017
70.22,-0.00251,-0.00046,0.0018,-0.00016,-0.00013,-0,-0,-0.00126,2e-05,9e-05,1e-05,-0,3e-05,0.00074,-8e-05,0.0011,-2e-05,5e-05,1e-05,-0,0.00099,0.00189,-7e-05,0,0.0001,1e-05,0,0.00052,0.00052,-5e-05,-0,0.00059,0.00082,0.00018
70.24,-0.00335,-0.00061,0.00183,-0.00018,-0.00017,-0,-1e-05,-0.00132,3e-05,8e-05,1e-05,-1e-05,4e-05,0.00082,-8e-05,0.00133,-4e-05,5e-05,1e-05,1e-05,0.00139,0.00208,-8e-05,0,0.00011,1e-05,0,0.00088,0.00059,-6e-05,-0,0.00068,0.00088,0.00019
70.26,-0.004,-0.00077,0.00175,-0.00019,-0.0002,-0,-1e-05,-0.00134,4e-05,7e-05,1e-05,-1e-05,4e-05,0.00086,-7e-05,0.00153,-5e-05,4e-05,1e-05,2e-05,0.00178,0.00223,-8e-05,0,0.00012,1e-05,0,0.00122,0.00065,-6e-05,-0,0.00073,0.00088,0.00018
70.28,-0.00447,-0.00091,0.00156,-0.0002,-0.00023,0,-2e-05,-0.00132,5e-05,6e-05,1e-05,-1e-05,4e-05,0.00088,-6e-05,0.00169,-5e-05,2e-05,1e-05,3e-05,0.00213,0.00233,-8e-05,0,0.00014,0,0,0.00154,0.00071,-6e-05,-0,0.00076,0.00083,0.00017
70.3,-0.00478,-0.00103,0.0013,-0.00021,-0.00026,-0,-2e-05,-0.00124,5e-05,4e-05,1e-05,-1e-05,4e-05,0.00087,-5e-05,0.00178,-5e-05,1e-05,1e-05,3e-05,0.00241,0.00235,-9e-05,0,0.00014,-0,0,0.0018,0.00074,-5e-05,-0,0.00075,0.00074,0.00015
70.32,-0.00499,-0.00114,0.00102,-0.00024,-0.00027,-0,-3e-05,-0.0011,5e-05,3e-05,1e-05,-1e-05,3e-05,0.00082,-3e-05,0.00173,-4e-05,-1e-05,0,3e-05,0.0026,0.00227,-8e-05,0,0.00015,-0,-0,0.00197,0.00074,-4e-05,0,0.00069,0.00059,0.00012
70.34,-0.00512,-0.0012,0.00076,-0.00031,-0.00027,-0,-3e-05,-0.00091,4e-05,2e-05,1e-05,-1e-05,3e-05,0.00075,-1e-05,0.00157,-2e-05,-2e-05,0,2e-05,0.00267,0.00208,-8e-05,0,0.00014,-0,-0,0.00203,0.00069,-3e-05,0,0.0006,0.00045,9e-05
70.36,-0.00518,-0.00121,0.00054,-0.00039,-0.00025,0,-2e-05,-0.00069,4e-05,1e-05,1e-05,-1e-05,2e-05,0.00066,-1e-05,0.00132,0,-2e-05,-0,1e-05,0.00259,0.00178,-7e-05,0,0.00013,-0,-0,0.00197,0.0006,-2e-05,0,0.00051,0.00032,7e-05
70.38,-0.00515,-0.00118,0.00039,-0.0005,-0.00022,-0,-2e-05,-0.00045,3e-05,1e-05,0,-1e-05,1e-05,0.00055,-1e-05,0.00101,3e-05,-3e-05,-0,0,0.00238,0.0014,-6e-05,0,0.00012,-0,0,0.0018,0.00048,-0,0,0.00041,0.00021,5e-05
70.4,-0.00498,-0.00109,0.00028,-0.0006,-0.00016,-0,-1e-05,-0.00024,2e-05,1e-05,0,-0,0,0.00042,-1e-05,0.00059,6e-05,-2e-05,-0,-1e-05,0.00206,0.00098,-5e-05,0,0.0001,0,-0,0.00155,0.00034,1e-05,0,0.0003,0.00013,3e-05
70.42,-0.00461,-0.00095,0.00019,-0.00068,-9e-05,-0,-1e-05,-6e-05,1e-05,1e-05,0,-0,-1e-05,0.00028,-2e-05,0.00015,8e-05,-1e-05,-0,-1e-05,0.00169,0.00058,-4e-05,0,7e-05,0,0,0.00126,0.00021,2e-05,0,0.00021,7e-05,2e-05
70.44,-0.00403,-0.00079,0.0001,-0.0007,-3e-05,-0,-0,8e-05,1e-05,1e-05,0,-0,-1e-05,0.00014,-2e-05,-0.0002,0.00011,-1e-05,-0,-1e-05,0.00131,0.00023,-4e-05,0,5e-05,1e-05,0,0.00097,9e-05,2e-05,0,0.00013,3e-05,1e-05
70.46,-0.00323,-0.00065,-2e-05,-0.00067,2e-05,-0,-0,0.00019,0,1e-05,0,-0,-1e-05,2e-05,-2e-05,-0.00043,0.00012,-0,-0,-0,0.00095,-4e-05,-3e-05,0,4e-05,1e-05,0,0.00069,0,2e-05,0,7e-05,-0,0
70.48,-0.00226,-0.00052,-0.00016,-0.00058,5e-05,-0,0,0.00026,0,1e-05,0,-0,-1e-05,-9e-05,-1e-05,-0.00056,0.00013,-0,-0,0,0.00061,-0.00023,-2e-05,0,2e-05,1e-05,0,0.00045,-6e-05,2e-05,0,3e-05,-1e-05,-0
70.5,-0.00121,-0.0004,-0.00033,-0.00047,6e-05,-0,0,0.00028,-0,0,0,0,-1e-05,-0.0002,-1e-05,-0.00061,0.00012,-0,-0,0,0.0003,-0.00034,-1e-05,0,1e-05,1e-05,0,0.00022,-9e-05,2e-05,-0,1e-05,-1e-05,-0
70.52,-0.00018,-0.00031,-0.00049,-0.00034,7e-05,-0,0,0.00025,0,-1e-05,0,0,-1e-05,-0.00031,0,-0.00061,0.00011,-0,-0,0,1e-05,-0.0004,-1e-05,0,1e-05,1e-05,0,-1e-05,-0.00011,1e-05,-0,0,-1e-05,-0
70.54,0.00074,-0.00022,-0.00061,-0.00023,7e-05,-0,0,0.00019,0,-2e-05,0,0,-1e-05,-0.0004,1e-05,-0.00058,8e-05,-0,0,0,-0.0003,-0.00042,-0,0,0,0,-0,-0.00026,-0.00012,0,-0,1e-05,1e-05,-0
70.56,0.00155,-0.00013,-0.00071,-0.00013,7e-05,-0,1e-05,0.0001,1e-05,-3e-05,0,0,-1e-05,-0.00048,1e-05,-0.0005,5e-05,0,0,-0,-0.00063,-0.00043,0,0,0,-0,-0,-0.00056,-0.00011,-1e-05,-0,2e-05,2e-05,-0
70.58,0.0023,-5e-05,-0.00077,-5e-05,7e-05,-0,2e-05,0,1e-05,-5e-05,0,0,-1e-05,-0.00055,2e-05,-0.00041,1e-05,1e-05,0,0,-0.00101,-0.00042,1e-05,0,0,-1e-05,-0,-0.00091,-0.00011,-2e-05,-0,5e-05,4e-05,0
70.6,0.00307,3e-05,-0.00079,2e-05,8e-05,-0,3e-05,-0.00011,2e-05,-7e-05,-0,1e-05,-1e-05,-0.00062,2e-05,-0.00031,-3e-05,1e-05,0,0,-0.00145,-0.0004,2e-05,0,0,-1e-05,-1e-05,-0.00135,-0.00011,-3e-05,-1e-05,7e-05,6e-05,0
70.62,0.00401,0.0001,-0.00079,9e-05,9e-05,-0,4e-05,-0.00021,2e-05,-9e-05,-0,1e-05,-2e-05,-0.00068,2e-05,-0.00022,-7e-05,1e-05,0,0,-0.00198,-0.00039,3e-05,0,-0,-1e-05,-0,-0.00187,-0.0001,-3e-05,-1e-05,9e-05,7e-05,-0
70.64,0.00528,0.00017,-0.00078,0.00018,0.0001,-0,6e-05,-0.00031,3e-05,-0.00012,-0,1e-05,-2e-05,-0.00074,3e-05,-0.00013,-0.00012,1e-05,-0,1e-05,-0.00258,-0.00037,4e-05,0,-1e-05,-1e-05,-0,-0.00249,-0.0001,-4e-05,-1e-05,0.0001,7e-05,-0
70.66,0.00703,0.00023,-0.00078,0.00029,0.00012,0,9e-05,-0.00039,5e-05,-0.00015,-0,1e-05,-2e-05,-0.00081,3e-05,-4e-05,-0.00016,-0,-0,1e-05,-0.00329,-0.00037,5e-05,0,-2e-05,-1e-05,-0,-0.00318,-9e-05,-5e-05,-1e-05,0.0001,6e-05,-1e-05
70.68,0.00938,0.00029,-0.0008,0.00045,0.00015,-0,0.00012,-0.00045,7e-05,-0.00018,-1e-05,1e-05,-2e-05,-0.00088,5e-05,4e-05,-0.00021,-1e-05,-0,1e-05,-0.0041,-0.00036,6e-05,0,-3e-05,-1e-05,0,-0.00396,-9e-05,-6e-05,-1e-05,8e-05,3e-05,-2e-05
70.7,0.01242,0.00036,-0.00085,0.00067,0.00019,-0,0.00016,-0.0005,9e-05,-0.00021,-1e-05,1e-05,-2e-05,-0.00096,7e-05,0.00011,-0.00026,-2e-05,-0,1e-05,-0.00499,-0.00035,8e-05,0,-4e-05,-1e-05,1e-05,-0.00483,-8e-05,-6e-05,-1e-05,5e-05,-3e-05,-3e-05
70.72,0.01619,0.00044,-0.00091,0.00094,0.00023,-0,0.00022,-0.00054,0.00012,-0.00023,-1e-05,2e-05,-2e-05,-0.00106,9e-05,0.00017,-0.00032,-0,-0,1e-05,-0.00594,-0.00035,9e-05,0,-5e-05,-0,1e-05,-0.00576,-8e-05,-6e-05,-1e-05,-2e-05,-0.00011,-4e-05
70.74,0.02071,0.00053,-0.00101,0.00128,0.00027,0,0.00031,-0.00056,0.00016,-0.00025,-1e-05,2e-05,-2e-05,-0.00117,0.00012,0.00022,-0.00036,2e-05,-0,0,-0.00694,-0.00034,0.00011,0,-7e-05,-0,1e-05,-0.00674,-7e-05,-6e-05,-0,-0.00012,-0.00022,-6e-05
70.76,0.026,0.00065,-0.00112,0.00166,0.00032,-0,0.00041,-0.00056,0.00019,-0.00026,-1e-05,3e-05,-1e-05,-0.00129,0.00016,0.00025,-0.00041,4e-05,-0,0,-0.00799,-0.00033,0.00012,0,-8e-05,-0,1e-05,-0.00778,-7e-05,-6e-05,0,-0.00024,-0.00034,-7e-05
70.78,0.03197,0.00081,-0.00124,0.00208,0.00036,-0,0.00051,-0.00056,0.00023,-0.00027,-1e-05,3e-05,-0,-0.00141,0.00019,0.00027,-0.00046,6e-05,-0,0,-0.00908,-0.00033,0.00013,0,-9e-05,0,1e-05,-0.00889,-6e-05,-5e-05,1e-05,-0.00038,-0.00045,-9e-05
70.8,0.03838,0.00102,-0.00136,0.00249,0.0004,-0,0.00063,-0.00053,0.00025,-0.00027,-1e-05,4e-05,1e-05,-0.00152,0.00022,0.00026,-0.00049,6e-05,-0,1e-05,-0.01018,-0.00035,0.00014,0,-0.00011,0,1e-05,-0.01003,-6e-05,-4e-05,3e-05,-0.0005,-0.00051,-9e-05
70.82,0.0448,0.0013,-0.00146,0.00288,0.00041,0,0.00079,-0.0005,0.00027,-0.00025,-1e-05,4e-05,2e-05,-0.00162,0.00026,0.00022,-0.00045,5e-05,-0,1e-05,-0.01121,-0.00038,0.00014,0,-0.00013,0,2e-05,-0.01114,-7e-05,-3e-05,5e-05,-0.00055,-0.00047,-7e-05
70.84,0.051,0.00164,-0.00152,0.0032,0.00041,-0,0.00097,-0.00045,0.00028,-0.00022,-0,4e-05,3e-05,-0.0017,0.00029,0.00015,-0.00038,4e-05,0,1e-05,-0.01216,-0.00045,0.00015,0,-0.00014,0,2e-05,-0.01223,-8e-05,-2e-05,7e-05,-0.00053,-0.00033,-3e-05
70.86,0.05686,0.00204,-0.00153,0.00342,0.00038,-0,0.00114,-0.00039,0.00027,-0.00018,-0,5e-05,3e-05,-0.00177,0.00031,3e-05,-0.0003,3e-05,0,2e-05,-0.01303,-0.00054,0.00015,0,-0.00016,1e-05,2e-05,-0.0133,-0.0001,-1e-05,0.0001,-0.00048,-0.00013,2e-05
70.88,0.06218,0.00248,-0.0015,0.00352,0.00034,-0,0.00132,-0.00032,0.00025,-0.00015,-0,5e-05,4e-05,-0.00182,0.00031,-0.00012,-0.00022,2e-05,1e-05,2e-05,-0.01377,-0.00066,0.00015,0,-0.00019,1e-05,2e-05,-0.01432,-0.00013,0,0.00013,-0.00041,0.00011,9e-05
70.9,0.06653,0.00292,-0.00141,0.00352,0.00027,0,0.00147,-0.00025,0.00022,-0.00013,-0,5e-05,4e-05,-0.00185,0.00029,-0.00031,-0.00013,1e-05,1e-05,2e-05,-0.01432,-0.00079,0.00015,-0,-0.00021,1e-05,3e-05,-0.01523,-0.00017,1e-05,0.00017,-0.00035,0.00035,0.00015
70.92,0.06938,0.00334,-0.00126,0.00341,0.00019,0,0.00157,-0.00018,0.00017,-0.00011,-0,4e-05,4e-05,-0.00182,0.00025,-0.00047,-5e-05,1e-05,1e-05,2e-05,-0.0146,-0.00093,0.00014,-0,-0.00023,1e-05,3e-05,-0.01245,-0.00019,2e-05,0.00013,-0.00042,0.00053,0.00018
70.94,0.07069,0.00368,-0.00109,0.00322,0.0001,0,0.00163,-0.00011,0.00013,-0.0001,0,4e-05,3e-05,-0.00176,0.0002,-0.00061,2e-05,1e-05,1e-05,2e-05,-0.01461,-0.00105,0.00014,-0,-0.00024,2e-05,2e-05,-0.00333,-0.00018,5e-05,-5e-05,-0.00066,0.00049,0.00014
70.96,0.0706,0.00392,-0.00089,0.00298,2e-05,0,0.00165,-5e-05,9e-05,-9e-05,0,4e-05,2e-05,-0.00168,0.00015,-0.00073,7e-05,0,2e-05,1e-05,-0.01435,-0.00116,0.00013,-0,-0.00026,2e-05,2e-05,0.01002,-0.00014,0.00012,-0.00033,-0.00112,0.00021,3e-05
70.98,0.06907,0.00403,-0.00069,0.00269,-5e-05,0,0.00165,-0,5e-05,-8e-05,0,3e-05,2e-05,-0.0016,0.0001,-0.00082,0.00011,0,2e-05,1e-05,-0.01384,-0.00123,0.00012,-0,-0.00028,2e-05,2e-05,0.02769,-6e-05,0.00022,-0.00065,-0.00197,-0.00017,-0.00011
71,0.06599,0.00396,-0.0005,0.0024,-0.00011,0,0.00158,4e-05,3e-05,-7e-05,0,3e-05,1e-05,-0.00153,5e-05,-0.00086,0.00012,0,2e-05,0,-0.01307,-0.00128,0.00011,-0,-0.00029,2e-05,2e-05,0.04894,6e-05,0.00039,-0.00085,-0.00341,-0.00047,-0.0002
71.02,0.06129,0.00371,-0.00033,0.00211,-0.00013,0,0.00144,8e-05,1e-05,-6e-05,0,2e-05,1e-05,-0.00151,1e-05,-0.00084,0.00012,0,2e-05,-1e-05,-0.01206,-0.00129,0.0001,-0,-0.00029,2e-05,2e-05,0.07177,0.0002,0.00061,-0.00061,-0.00557,-0.00037,-0.0001
71.04,0.0554,0.00328,-0.0002,0.00183,-0.00013,0,0.00124,0.00011,0,-5e-05,0,2e-05,0,-0.00154,-1e-05,-0.00078,0.0001,0,2e-05,-1e-05,-0.01089,-0.00126,8e-05,-0,-0.00029,2e-05,2e-05,0.09349,0.00037,0.00085,0.00055,-0.00859,0.00053,0.00038
71.06,0.04885,0.00273,-0.0001,0.00159,-0.00011,0,0.00102,0.00013,-0,-4e-05,0,1e-05,-0,-0.0016,-1e-05,-0.0007,9e-05,-0,2e-05,-1e-05,-0.00965,-0.00121,6e-05,-0,-0.00028,2e-05,2e-05,0.11104,0.00054,0.00107,0.0032,-0.01249,0.00261,0.00143
71.08,0.04187,0.00209,-4e-05,0.00137,-7e-05,-0,0.00079,0.00015,-0,-3e-05,0,1e-05,-0,-0.00166,1e-05,-0.00061,8e-05,-0,2e-05,-2e-05,-0.00838,-0.00113,4e-05,-0,-0.00027,2e-05,2e-05,0.12124,0.00072,0.00122,0.00787,-0.01711,0.00607,0.00322
71.1,0.03519,0.00143,-1e-05,0.00119,-4e-05,-0,0.00057,0.00016,-0,-2e-05,0,1e-05,-1e-05,-0.00172,3e-05,-0.00051,6e-05,-0,2e-05,-2e-05,-0.0072,-0.00104,2e-05,-0,-0.00025,2e-05,2e-05,0.12296,0.0009,0.00126,0.01492,-0.02219,0.01099,0.0058
71.12,0.02939,0.00083,1e-05,0.00103,-1e-05,-0,0.00039,0.00018,0,-1e-05,0,0,-1e-05,-0.00175,5e-05,-0.00044,2e-05,-0,1e-05,-2e-05,-0.0062,-0.00094,0,-0,-0.00024,1e-05,2e-05,0.11692,0.00106,0.00122,0.02454,-0.02751,0.01727,0.00912
71.14,0.02424,0.00033,3e-05,0.0009,1e-05,0,0.00026,0.00019,-0,0,0,-0,-1e-05,-0.00173,7e-05,-0.00038,-1e-05,-0,1e-05,-1e-05,-0.00533,-0.00084,-1e-05,-0,-0.00022,1e-05,2e-05,0.10379,0.00122,0.00106,0.03645,-0.03273,0.02452,0.01295
71.16,0.01952,-4e-05,4e-05,0.00078,3e-05,0,0.00016,0.0002,-0,1e-05,0,-0,-1e-05,-0.00163,8e-05,-0.0003,-5e-05,-0,0,-1e-05,-0.00457,-0.00075,-3e-05,-0,-0.0002,1e-05,1e-05,0.08501,0.0014,0.0008,0.0498,-0.03746,0.03216,0.017
71.18,0.01523,-0.00028,5e-05,0.00068,3e-05,-0,0.0001,0.00021,-0,1e-05,0,-1e-05,-1e-05,-0.00148,9e-05,-0.00023,-0.0001,-0,-0,-1e-05,-0.0039,-0.00067,-4e-05,-0,-0.00018,1e-05,1e-05,0.0629,0.00153,0.00052,0.06359,-0.04132,0.03981,0.02099
71.2,0.0117,-0.00036,7e-05,0.00059,2e-05,0,6e-05,0.00023,-1e-05,1e-05,0,-1e-05,-1e-05,-0.00128,0.0001,-0.00017,-0.00014,-0,-1e-05,-1e-05,-0.00333,-0.0006,-5e-05,-0,-0.00016,1e-05,0,0.04043,0.00173,0.0002,0.07569,-0.04395,0.04538,0.02383
71.22,0.00906,-0.0003,0.00011,0.00051,1e-05,0,5e-05,0.00024,-1e-05,2e-05,0,-2e-05,-1e-05,-0.00104,0.00011,-0.00012,-0.00018,-0,-1e-05,-1e-05,-0.00287,-0.00056,-6e-05,-0,-0.00014,0,0,0.0199,0.00227,-2e-05,0.08346,-0.04536,0.04487,0.02362
71.24,0.00685,-0.0002,0.00014,0.00045,-1e-05,0,4e-05,0.00025,-1e-05,3e-05,0,-2e-05,-1e-05,-0.0008,0.00011,-7e-05,-0.0002,-0,-1e-05,-1e-05,-0.00246,-0.00054,-8e-05,-0,-0.00012,0,-0,0.0023,0.00295,5e-05,0.08665,-0.04539,0.0386,0.02066
71.26,0.00484,-0.00011,0.00019,0.00038,-3e-05,-0,2e-05,0.00027,-1e-05,4e-05,-0,-2e-05,-1e-05,-0.00057,0.00011,-3e-05,-0.00022,-0,-2e-05,-0,-0.00208,-0.00056,-0.0001,-0,-0.0001,0,-0,-0.01163,0.00354,0.00034,0.08584,-0.04352,0.02991,0.01649
71.28,0.00309,-5e-05,0.00023,0.00031,-5e-05,0,0,0.00029,-0,5e-05,-0,-2e-05,-0,-0.00036,0.0001,1e-05,-0.00023,-0,-2e-05,0,-0.00171,-0.0006,-0.00012,-0,-8e-05,0,-0,-0.02167,0.00416,0.00077,0.08115,-0.04013,0.0188,0.0111
71.3,0.00161,-2e-05,0.00027,0.00025,-6e-05,0,-2e-05,0.00031,0,6e-05,-0,-2e-05,-0,-0.00019,9e-05,5e-05,-0.00022,-0,-2e-05,0,-0.00135,-0.00068,-0.00014,-0,-7e-05,0,-0,-0.02812,0.00459,0.00113,0.07397,-0.0348,0.01011,0.00682
71.32,0.0004,-0,0.00031,0.00021,-8e-05,0,-5e-05,0.00034,1e-05,5e-05,-0,-2e-05,0,-4e-05,8e-05,9e-05,-0.00022,-0,-2e-05,1e-05,-0.00101,-0.0008,-0.00017,-0,-5e-05,0,-0,-0.03151,0.00459,0.0012,0.06581,-0.02772,0.00727,0.00522
71.34,-0.0006,0,0.00033,0.00017,-9e-05,-0,-7e-05,0.00037,2e-05,4e-05,-0,-2e-05,0,8e-05,7e-05,0.00012,-0.0002,-0,-2e-05,1e-05,-0.00066,-0.00094,-0.0002,-0,-4e-05,0,-0,-0.03267,0.00446,0.00112,0.05708,-0.02071,0.00593,0.00427
71.36,-0.00139,-0,0.00035,0.00015,-0.0001,0,-8e-05,0.0004,3e-05,4e-05,-0,-2e-05,1e-05,0.00016,6e-05,0.00014,-0.00018,-0,-2e-05,1e-05,-0.00028,-0.00111,-0.00023,-0,-2e-05,0,-0,-0.03235,0.00441,0.00099,0.04808,-0.01467,0.00419,0.00312
71.38,-0.00199,-1e-05,0.00034,0.00014,-0.00011,0,-8e-05,0.00043,4e-05,3e-05,0,-1e-05,1e-05,0.00021,5e-05,0.00016,-0.00017,-0,-2e-05,1e-05,0.00012,-0.0013,-0.00026,-0,-1e-05,0,0,-0.03112,0.00437,0.00083,0.03934,-0.00962,0.00281,0.00216
71.4,-0.00242,-1e-05,0.00032,0.00014,-0.00011,0,-8e-05,0.00046,5e-05,2e-05,0,-1e-05,1e-05,0.00024,4e-05,0.00018,-0.00015,-0,-2e-05,1e-05,0.00054,-0.0015,-0.00028,-0,0,0,0,-0.02954,0.00432,0.00063,0.03165,-0.00561,0.00174,0.00137
71.42,-0.00274,-0,0.00028,0.00014,-0.00012,-0,-7e-05,0.00049,6e-05,1e-05,0,-0,2e-05,0.00025,3e-05,0.00018,-0.00013,0,-2e-05,1e-05,0.00097,-0.00169,-0.00029,-0,1e-05,0,1e-05,-0.02807,0.00418,0.00043,0.02551,-0.00259,0.00091,0.00073
71.44,-0.00299,2e-05,0.00022,0.00013,-0.00012,0,-5e-05,0.00052,7e-05,0,0,0,3e-05,0.00025,2e-05,0.00017,-0.00011,0,-2e-05,1e-05,0.00142,-0.00184,-0.00029,-0,2e-05,0,1e-05,-0.02693,0.004,0.00026,0.02056,-0.0004,0.00031,0.00025
71.46,-0.00318,5e-05,0.00013,0.0001,-0.00012,0,-2e-05,0.00054,7e-05,0,0,0,3e-05,0.00022,2e-05,0.00015,-0.0001,0,-1e-05,1e-05,0.00183,-0.00197,-0.00029,0,2e-05,0,1e-05,-0.02628,0.0038,0.00014,0.01667,0.00108,-0.00012,-9e-05
71.48,-0.00334,0.00011,2e-05,6e-05,-0.00012,0,1e-05,0.00055,7e-05,0,0,1e-05,3e-05,0.00019,2e-05,0.00011,-8e-05,0,-1e-05,1e-05,0.00221,-0.00206,-0.00027,0,2e-05,0,1e-05,-0.02629,0.00357,0.0001,0.01399,0.00201,-0.0004,-0.00031
71.5,-0.00349,0.00016,-0.0001,0,-0.00011,-0,4e-05,0.00054,7e-05,0,0,1e-05,3e-05,0.00015,2e-05,6e-05,-7e-05,0,-1e-05,1e-05,0.00252,-0.00211,-0.00025,0,2e-05,0,1e-05,-0.02705,0.00331,0.00015,0.01264,0.00252,-0.00055,-0.00045
71.52,-0.00368,0.00019,-0.00023,-8e-05,-0.0001,0,6e-05,0.00054,6e-05,0,0,0,2e-05,0.0001,3e-05,0,-4e-05,0,-1e-05,0,0.00274,-0.00212,-0.00023,0,2e-05,0,1e-05,-0.02867,0.00301,0.0003,0.01271,0.00274,-0.00062,-0.0005
71.54,-0.00387,0.00016,-0.00035,-0.00018,-9e-05,0,9e-05,0.00052,5e-05,0,0,0,2e-05,4e-05,3e-05,-6e-05,-1e-05,0,-1e-05,-0,0.00284,-0.00208,-0.00021,-0,1e-05,0,1e-05,-0.03118,0.00269,0.00056,0.01417,0.00275,-0.00061,-0.00051
71.56,-0.00408,9e-05,-0.00043,-0.00029,-7e-05,0,0.00011,0.00048,4e-05,-0,0,0,1e-05,-1e-05,3e-05,-0.00013,2e-05,-0,-1e-05,-0,0.00282,-0.002,-0.00018,-0,1e-05,0,1e-05,-0.03463,0.00237,0.00089,0.01689,0.00264,-0.00057,-0.00048
71.58,-0.0043,-5e-05,-0.00048,-0.00041,-5e-05,-0,0.00014,0.00043,4e-05,-0,0,-0,1e-05,-6e-05,2e-05,-0.00019,4e-05,-0,-1e-05,-0,0.00267,-0.00187,-0.00015,-0,-1e-05,0,1e-05,-0.03912,0.00206,0.00127,0.02081,0.00245,-0.0005,-0.00042
71.6,-0.00454,-0.00026,-0.0005,-0.00051,-2e-05,0,0.00016,0.00037,3e-05,-0,0,-0,0,-0.00011,2e-05,-0.00024,5e-05,-0,-0,-0,0.0024,-0.00169,-0.00013,-0,-2e-05,0,0,-0.04455,0.00179,0.00161,0.02543,0.00221,-0.00042,-0.00036
71.62,-0.00479,-0.00054,-0.00049,-0.0006,-0,0,0.00018,0.00029,3e-05,-0,0,-0,-0,-0.00014,1e-05,-0.00026,5e-05,-0,-0,-0,0.00204,-0.00148,-0.0001,-0,-3e-05,0,0,-0.05061,0.00158,0.00183,0.0299,0.00193,-0.00033,-0.00029
71.64,-0.00508,-0.00087,-0.00046,-0.00065,1e-05,0,0.00019,0.0002,3e-05,-0,0,-0,-0,-0.00016,0,-0.00026,5e-05,-0,-0,-0,0.00163,-0.00123,-8e-05,-0,-4e-05,-0,-0,-0.05707,0.00142,0.00188,0.03376,0.00163,-0.00025,-0.00023
71.66,-0.00541,-0.0012,-0.00042,-0.00067,2e-05,-0,0.00021,0.00011,3e-05,-0,0,-0,-1e-05,-0.00017,-0,-0.00024,4e-05,-0,-0,-0,0.00121,-0.00095,-6e-05,-0,-5e-05,-0,-0,-0.06348,0.00129,0.00176,0.03663,0.00133,-0.00017,-0.00016
71.68,-0.00582,-0.00149,-0.00037,-0.00064,3e-05,-0,0.00022,1e-05,3e-05,0,0,-0,-1e-05,-0.00016,-1e-05,-0.00023,4e-05,-0,-0,-0,0.00082,-0.00066,-4e-05,-0,-6e-05,-1e-05,-0,-0.06895,0.00117,0.00147,0.03813,0.00106,-0.0001,-0.0001
71.7,-0.00631,-0.00171,-0.00033,-0.00057,4e-05,-0,0.00022,-8e-05,3e-05,1e-05,-0,-0,-1e-05,-0.00013,-1e-05,-0.0002,4e-05,-0,-0,-0,0.00049,-0.00036,-3e-05,-0,-7e-05,-2e-05,-1e-05,-0.07243,0.00102,0.00112,0.03687,0.00083,-3e-05,-4e-05
71.72,-0.0069,-0.00182,-0.0003,-0.00048,5e-05,-0,0.00022,-0.00017,3e-05,1e-05,-0,-0,-1e-05,-8e-05,-1e-05,-0.00019,4e-05,-0,0,-0,0.00025,-8e-05,-2e-05,-0,-7e-05,-2e-05,-1e-05,-0.07275,0.0008,0.00079,0.03146,0.00066,2e-05,1e-05
71.74,-0.00759,-0.00181,-0.00026,-0.00037,6e-05,0,0.0002,-0.00023,3e-05,1e-05,-0,-0,-1e-05,-1e-05,-1e-05,-0.00017,5e-05,-0,0,-0,0.00013,0.00017,-0,-0,-7e-05,-2e-05,-1e-05,-0.06929,0.00056,0.00048,0.02389,0.00058,6e-05,5e-05
71.76,-0.0084,-0.00166,-0.00023,-0.00026,9e-05,-0,0.00017,-0.00027,2e-05,2e-05,-0,-0,-1e-05,7e-05,-0,-0.00016,6e-05,0,0,-0,0.00014,0.00038,2e-05,-0,-6e-05,-2e-05,-1e-05,-0.06201,0.00035,0.00022,0.01613,0.00056,8e-05,7e-05
71.78,-0.0093,-0.00137,-0.0002,-0.00015,0.00012,-0,0.00012,-0.00028,2e-05,3e-05,-0,-0,-0,0.00016,0,-0.00015,7e-05,0,-0,-0,0.00026,0.00053,4e-05,-0,-5e-05,-1e-05,-2e-05,-0.05131,0.00017,5e-05,0.00872,0.00058,9e-05,8e-05
71.8,-0.01033,-0.00096,-0.00016,-6e-05,0.00016,-0,5e-05,-0.00025,1e-05,4e-05,-0,-0,-0,0.00024,1e-05,-0.00014,0.0001,0,-0,-0,0.00049,0.00062,6e-05,-0,-4e-05,-1e-05,-2e-05,-0.03944,7e-05,-3e-05,0.0036,0.00062,9e-05,8e-05
71.82,-0.01156,-0.00047,-0.00011,0,0.00021,0,-3e-05,-0.00018,0,5e-05,-0,-0,-0,0.00032,2e-05,-0.00013,0.00013,0,-0,-0,0.0008,0.00064,8e-05,-0,-2e-05,-1e-05,-2e-05,-0.02837,3e-05,-4e-05,0.00035,0.00066,8e-05,7e-05
71.84,-0.01291,4e-05,-5e-05,3e-05,0.00026,-0,-0.00012,-8e-05,-1e-05,6e-05,-0,-0,-0,0.00038,3e-05,-0.00013,0.00016,0,-0,-0,0.0012,0.00059,9e-05,-0,-0,-1e-05,-3e-05,-0.01863,3e-05,-0,-0.00244,0.00068,7e-05,6e-05
71.86,-0.01432,0.00051,2e-05,2e-05,0.00029,-0,-0.0002,5e-05,-2e-05,8e-05,-0,-0,0,0.00041,4e-05,-0.00013,0.0002,0,-0,-0,0.00167,0.00049,0.0001,-0,1e-05,-0,-3e-05,-0.01095,2e-05,5e-05,-0.0048,0.0007,6e-05,5e-05
71.88,-0.0158,0.0009,0.00011,-3e-05,0.00032,-0,-0.00026,0.00019,-3e-05,0.0001,-0,-0,0,0.00042,5e-05,-0.00014,0.00024,0,-0,-0,0.0022,0.00037,9e-05,0,4e-05,-0,-2e-05,-0.00558,1e-05,0.0001,-0.00676,0.00074,5e-05,4e-05
71.9,-0.01747,0.00115,0.00021,-0.0001,0.00032,0,-0.00032,0.00033,-4e-05,0.00012,-0,-0,0,0.0004,6e-05,-0.00014,0.00027,0,-0,-0,0.00279,0.00024,6e-05,0,6e-05,-0,-2e-05,-0.00193,-4e-05,0.00016,-0.01007,0.00084,5e-05,3e-05
71.92,-0.01954,0.00122,0.00031,-0.00021,0.0003,-0,-0.00037,0.00044,-5e-05,0.00014,0,-0,0,0.00036,6e-05,-0.00014,0.00029,0,-0,-0,0.00345,0.00015,2e-05,0,8e-05,-0,-2e-05,0.00095,-0.00012,0.00019,-0.01839,0.00106,6e-05,3e-05
71.94,-0.02194,0.00113,0.00041,-0.00035,0.00026,-0,-0.0004,0.00052,-5e-05,0.00016,0,-0,1e-05,0.00032,6e-05,-0.00013,0.00031,0,-0,-0,0.00413,0.0001,-2e-05,0,0.0001,-0,-2e-05,0.00324,-0.00018,0.00019,-0.032,0.00137,7e-05,3e-05
71.96,-0.02457,0.00094,0.0005,-0.00051,0.0002,-0,-0.0004,0.00055,-5e-05,0.00017,0,-0,1e-05,0.00029,6e-05,-0.00012,0.00031,0,-0,-0,0.00479,0.00013,-6e-05,0,0.00012,-0,-2e-05,0.0035,-0.00018,0.00017,-0.04817,0.00169,8e-05,3e-05
71.98,-0.02748,0.00069,0.00057,-0.0007,0.00014,0,-0.00038,0.00054,-5e-05,0.00018,1e-05,-0,1e-05,0.00029,5e-05,-0.00011,0.00029,0,-0,-0,0.00542,0.00022,-9e-05,0,0.00014,-0,-2e-05,-0.00068,-6e-05,0.00012,-0.06554,0.00193,9e-05,3e-05
72,-0.03065,0.00044,0.00061,-0.00093,8e-05,0,-0.00034,0.00049,-5e-05,0.00018,1e-05,-0,1e-05,0.0003,4e-05,-0.0001,0.00027,0,-0,-0,0.006,0.00038,-0.00011,0,0.00016,-0,-2e-05,-0.01141,0.00021,5e-05,-0.07561,0.00196,8e-05,2e-05
72.02,-0.03402,0.00022,0.00063,-0.00118,4e-05,0,-0.00031,0.00042,-5e-05,0.00017,1e-05,-0,1e-05,0.0003,3e-05,-9e-05,0.00023,0,-0,-0,0.00651,0.00061,-0.00011,0,0.00017,-1e-05,-2e-05,-0.02853,0.00054,-5e-05,-0.07036,0.0017,7e-05,2e-05
72.04,-0.03737,4e-05,0.00061,-0.00146,1e-05,0,-0.00027,0.00032,-4e-05,0.00016,2e-05,-0,1e-05,0.00032,1e-05,-8e-05,0.00019,0,-0,-0,0.00693,0.0009,-0.0001,0,0.00019,-1e-05,-2e-05,-0.05028,0.00081,-0.0002,-0.05502,0.00122,5e-05,1e-05
72.06,-0.04041,-7e-05,0.00056,-0.00176,-1e-05,-0,-0.00021,0.00021,-4e-05,0.00015,2e-05,0,0,0.00035,0,-6e-05,0.00015,0,-0,-0,0.00722,0.00123,-9e-05,0,0.00019,-1e-05,-2e-05,-0.07477,0.00102,-0.00036,-0.03463,0.00056,3e-05,1e-05
72.08,-0.04296,-0.00013,0.00049,-0.00206,-1e-05,0,-0.00015,0.0001,-3e-05,0.00013,2e-05,0,0,0.0004,-1e-05,-5e-05,0.00012,0,-0,-0,0.00739,0.00157,-6e-05,0,0.0002,-1e-05,-2e-05,-0.0998,0.00112,-0.00054,-0.01047,-0.0002,2e-05,1e-05
72.1,-0.04469,-0.00013,0.0004,-0.00233,-1e-05,0,-9e-05,-0,-3e-05,0.00011,2e-05,0,-0,0.00045,-2e-05,-3e-05,8e-05,0,0,-0,0.00741,0.0019,-3e-05,0,0.00021,-1e-05,-2e-05,-0.1235,0.00107,-0.00073,0.01524,-0.001,-0,1e-05
72.12,-0.04536,-0.0001,0.00029,-0.00256,-0,0,-4e-05,-9e-05,-2e-05,9e-05,2e-05,0,-1e-05,0.00049,-4e-05,-1e-05,5e-05,0,0,-0,0.00727,0.00218,-1e-05,0,0.00021,-1e-05,-2e-05,-0.14445,0.00086,-0.00093,0.04036,-0.00179,-2e-05,1e-05
72.14,-0.04481,-5e-05,0.00019,-0.00271,1e-05,-0,0,-0.00014,-2e-05,7e-05,1e-05,0,-1e-05,0.00053,-5e-05,0,3e-05,0,1e-05,-0,0.00706,0.00239,1e-05,0,0.00022,-1e-05,-2e-05,-0.16206,0.00054,-0.00112,0.06339,-0.00252,-3e-05,1e-05
72.16,-0.04298,-1e-05,0.00011,-0.00279,3e-05,0,5e-05,-0.00018,-1e-05,5e-05,1e-05,0,-2e-05,0.00057,-7e-05,2e-05,1e-05,0,1e-05,-0,0.00683,0.00247,3e-05,0,0.00024,-1e-05,-2e-05,-0.1762,0.00024,-0.00125,0.08383,-0.00317,-5e-05,1e-05
72.18,-0.03998,-1e-05,6e-05,-0.00279,5e-05,0,7e-05,-0.0002,-1e-05,4e-05,0,0,-2e-05,0.00058,-0.0001,4e-05,-1e-05,0,1e-05,-0,0.00658,0.00243,5e-05,-0,0.00026,-1e-05,-2e-05,-0.18644,-1e-05,-0.00132,0.10149,-0.00375,-7e-05,1e-05
72.2,-0.03596,-9e-05,1e-05,-0.00276,8e-05,0,0.0001,-0.00021,-1e-05,2e-05,-0,-0,-3e-05,0.0006,-0.00012,6e-05,-2e-05,0,2e-05,-1e-05,0.00632,0.00228,6e-05,-0,0.00029,-1e-05,-2e-05,-0.19179,-0.00012,-0.00132,0.11445,-0.00423,-8e-05,0
72.22,-0.03122,-0.00025,-2e-05,-0.00273,0.00011,-0,0.00015,-0.0002,-1e-05,1e-05,-1e-05,0,-4e-05,0.00064,-0.00014,8e-05,-2e-05,1e-05,2e-05,-1e-05,0.00608,0.00205,6e-05,-0,0.00032,-1e-05,-2e-05,-0.19121,-0.0001,-0.00129,0.11996,-0.0046,-0.0001,-0
72.24,-0.02633,-0.00046,-3e-05,-0.00272,0.00014,0,0.0002,-0.00019,-0,-0,-1e-05,0,-4e-05,0.00068,-0.00015,9e-05,-2e-05,1e-05,2e-05,-2e-05,0.00582,0.00179,6e-05,-0,0.00036,-1e-05,-1e-05,-0.18473,-1e-05,-0.00118,0.11931,-0.00486,-0.00011,-1e-05
72.26,-0.02162,-0.00065,-2e-05,-0.00273,0.00015,0,0.00024,-0.00019,-0,-1e-05,-1e-05,0,-5e-05,0.0007,-0.00014,0.0001,-1e-05,1e-05,3e-05,-2e-05,0.00551,0.00153,6e-05,-0,0.00041,-1e-05,-1e-05,-0.17307,9e-05,-0.00099,0.11467,-0.00503,-0.00011,-1e-05
72.28,-0.01718,-0.00076,0,-0.00274,0.00015,0,0.00026,-0.00018,0,-2e-05,-1e-05,0,-5e-05,0.00072,-0.00011,0.00011,-1e-05,1e-05,3e-05,-3e-05,0.00517,0.00131,4e-05,-0,0.00045,-0,-0,-0.15733,0.00019,-0.00072,0.10617,-0.00508,-0.00012,-2e-05
72.3,-0.013,-0.00073,2e-05,-0.00269,0.00014,-0,0.00028,-0.00017,0,-3e-05,-1e-05,0,-5e-05,0.00074,-7e-05,0.00011,-0,1e-05,3e-05,-3e-05,0.00485,0.00112,3e-05,0,0.00049,-0,-0,-0.13889,0.00024,-0.00035,0.0953,-0.005,-0.00012,-2e-05
72.32,-0.00904,-0.00053,4e-05,-0.00253,0.00013,0,0.00032,-0.00016,1e-05,-4e-05,-1e-05,1e-05,-3e-05,0.00078,-1e-05,0.00011,1e-05,2e-05,3e-05,-3e-05,0.00458,0.00096,4e-05,0,0.00054,-0,0,-0.11962,0.00023,0.0001,0.08358,-0.00476,-0.00011,-2e-05
72.34,-0.00537,-0.00021,5e-05,-0.00223,0.00011,0,0.00035,-0.00015,1e-05,-4e-05,-0,1e-05,-1e-05,0.00082,5e-05,0.00011,1e-05,2e-05,2e-05,-1e-05,0.00437,0.00084,6e-05,0,0.00057,0,1e-05,-0.10188,0.00016,0.0006,0.0714,-0.00435,-0.0001,-2e-05
72.36,-0.00205,0.00021,5e-05,-0.00183,9e-05,0,0.00037,-0.00014,1e-05,-4e-05,-0,1e-05,1e-05,0.00086,0.00011,0.00011,1e-05,2e-05,2e-05,0,0.0042,0.00075,7e-05,0,0.00056,-0,1e-05,-0.08705,5e-05,0.00114,0.05917,-0.00377,-9e-05,-2e-05
72.38,0.00082,0.00066,5e-05,-0.00135,8e-05,-0,0.00038,-0.00013,1e-05,-4e-05,-0,1e-05,3e-05,0.0009,0.00015,0.00012,1e-05,3e-05,2e-05,1e-05,0.00406,0.00068,9e-05,1e-05,0.00052,-0,1e-05,-0.0753,-8e-05,0.00173,0.04727,-0.00306,-7e-05,-1e-05
72.4,0.00305,0.00108,4e-05,-0.00087,9e-05,0,0.00037,-0.00013,1e-05,-4e-05,-0,1e-05,4e-05,0.00093,0.00019,0.00012,-0,3e-05,2e-05,2e-05,0.00391,0.00061,9e-05,1e-05,0.00044,-1e-05,2e-05,-0.06664,-0.00018,0.00225,0.0372,-0.00229,-5e-05,-1e-05
72.42,0.00447,0.00134,2e-05,-0.00047,9e-05,0,0.00035,-0.00013,1e-05,-5e-05,-0,1e-05,3e-05,0.00094,0.00021,0.00012,-1e-05,3e-05,1e-05,1e-05,0.0037,0.00051,8e-05,1e-05,0.00031,-1e-05,2e-05,-0.06074,-0.00017,0.00248,0.02987,-0.00157,-3e-05,-0
72.44,0.00497,0.0014,-0,-0.00016,0.0001,0,0.0003,-0.00014,0,-5e-05,-0,1e-05,2e-05,0.00095,0.0002,0.00013,-3e-05,2e-05,1e-05,1e-05,0.00345,0.00039,6e-05,1e-05,0.00018,-1e-05,2e-05,-0.05682,-9e-05,0.00247,0.02418,-0.00094,-1e-05,1e-05
72.46,0.00458,0.00123,-1e-05,3e-05,0.0001,-0,0.00024,-0.00015,0,-5e-05,-0,0,2e-05,0.00092,0.00018,0.00015,-4e-05,2e-05,1e-05,0,0.00321,0.00023,6e-05,1e-05,7e-05,-1e-05,2e-05,-0.05422,2e-05,0.00235,0.01961,-0.00045,1e-05,2e-05
72.48,0.00343,0.00081,-1e-05,0.00011,0.0001,0,0.00017,-0.00016,0,-5e-05,-0,0,1e-05,0.00088,0.00015,0.00016,-5e-05,2e-05,1e-05,0,0.00302,4e-05,6e-05,0,-2e-05,-1e-05,2e-05,-0.05251,8e-05,0.00209,0.01629,-0.00012,2e-05,2e-05
72.5,0.00177,0.00018,-1e-05,0.00011,7e-05,0,9e-05,-0.00017,-0,-5e-05,-0,0,1e-05,0.00083,0.00012,0.00019,-6e-05,2e-05,1e-05,-0,0.0029,-0.00016,8e-05,0,-9e-05,-0,2e-05,-0.05119,8e-05,0.00177,0.01383,9e-05,3e-05,3e-05
72.52,-0.00014,-0.00057,2e-05,5e-05,4e-05,0,0,-0.00017,-0,-5e-05,-0,0,1e-05,0.00076,8e-05,0.00021,-7e-05,2e-05,1e-05,-0,0.00289,-0.00035,0.0001,-0,-0.00016,-0,2e-05,-0.04964,2e-05,0.00146,0.01177,0.00019,4e-05,3e-05
72.54,-0.00208,-0.00134,5e-05,-5e-05,-1e-05,-0,-8e-05,-0.00017,-0,-4e-05,-0,0,1e-05,0.00069,5e-05,0.00024,-8e-05,2e-05,1e-05,-1e-05,0.00303,-0.00052,0.00012,-0,-0.00021,-0,3e-05,-0.04717,-7e-05,0.00115,0.00993,0.00023,4e-05,3e-05
72.56,-0.00389,-0.00205,9e-05,-0.00016,-5e-05,-0,-0.00016,-0.00016,-1e-05,-4e-05,-0,-0,1e-05,0.00063,2e-05,0.00028,-9e-05,2e-05,1e-05,-1e-05,0.00337,-0.00066,0.00015,-0,-0.00025,-0,3e-05,-0.04308,-0.00016,0.00085,0.00815,0.00023,3e-05,3e-05
72.58,-0.00543,-0.00261,0.00014,-0.00028,-0.0001,-0,-0.00022,-0.00015,-1e-05,-3e-05,-0,-0,1e-05,0.00059,1e-05,0.0003,-9e-05,2e-05,1e-05,-1e-05,0.00389,-0.00076,0.00016,-0,-0.00027,-0,3e-05,-0.03693,-0.00019,0.00059,0.00634,0.00021,3e-05,2e-05
72.6,-0.00662,-0.00294,0.0002,-0.00041,-0.00013,-0,-0.00027,-0.00012,-1e-05,-2e-05,0,-0,2e-05,0.00056,0,0.00032,-8e-05,3e-05,1e-05,-1e-05,0.00458,-0.00081,0.00017,-1e-05,-0.00029,-0,3e-05,-0.029,-0.00017,0.00037,0.00463,0.00017,2e-05,1e-05
72.62,-0.00739,-0.00302,0.00025,-0.00052,-0.00015,0,-0.0003,-0.0001,-2e-05,-0,0,-0,2e-05,0.00054,-1e-05,0.00034,-6e-05,3e-05,1e-05,-1e-05,0.00544,-0.0008,0.00016,-1e-05,-0.00028,-0,2e-05,-0.02005,-0.0001,0.0002,0.00313,0.00014,1e-05,1e-05
72.64,-0.00766,-0.00293,0.0003,-0.00063,-0.00016,-0,-0.00031,-7e-05,-3e-05,1e-05,0,-0,3e-05,0.00054,-1e-05,0.00034,-2e-05,3e-05,1e-05,-1e-05,0.00636,-0.00073,0.00013,-1e-05,-0.00026,-0,2e-05,-0.01093,-1e-05,9e-05,0.00189,0.0001,1e-05,0
72.66,-0.0074,-0.00277,0.00033,-0.00072,-0.00016,-0,-0.00028,-3e-05,-3e-05,3e-05,0,0,4e-05,0.00056,-2e-05,0.0003,1e-05,4e-05,1e-05,-0,0.00726,-0.00061,9e-05,-1e-05,-0.00023,-0,1e-05,-0.0026,8e-05,3e-05,0.00095,6e-05,0,0
72.68,-0.00669,-0.00253,0.00034,-0.00079,-0.00015,-0,-0.00022,-0,-4e-05,4e-05,0,0,4e-05,0.00059,-3e-05,0.00024,5e-05,4e-05,1e-05,-0,0.00806,-0.00046,4e-05,-1e-05,-0.00019,-0,1e-05,0.00417,0.00014,-0,0.00033,3e-05,0,0
72.7,-0.00567,-0.0023,0.00033,-0.00084,-0.00013,0,-0.00015,3e-05,-4e-05,6e-05,0,0,5e-05,0.0006,-5e-05,0.00015,8e-05,5e-05,0,0,0.00867,-0.00029,-1e-05,-0,-0.00015,-0,1e-05,0.00896,0.00017,-2e-05,-1e-05,0,-0,-0
72.72,-0.00455,-0.0021,0.00031,-0.00089,-0.00011,-0,-8e-05,5e-05,-5e-05,7e-05,0,0,5e-05,0.00058,-6e-05,5e-05,0.00012,6e-05,0,0,0.00902,-0.00014,-6e-05,-0,-0.00012,-0,1e-05,0.01039,0.00015,-2e-05,-9e-05,-1e-05,-0,-0
72.74,-0.00355,-0.00192,0.00028,-0.00091,-9e-05,-0,-1e-05,7e-05,-4e-05,7e-05,-0,0,5e-05,0.00054,-6e-05,-2e-05,0.00015,6e-05,0,0,0.00905,-1e-05,-0.0001,-0,-8e-05,-0,0,0.00964,0.00011,-1e-05,-5e-05,-1e-05,-0,0
72.76,-0.00279,-0.00176,0.00024,-0.00093,-7e-05,-0,5e-05,9e-05,-4e-05,7e-05,-0,0,5e-05,0.00049,-6e-05,-8e-05,0.00017,6e-05,0,1e-05,0.0087,8e-05,-0.00013,-0,-5e-05,-0,0,0.00861,8e-05,-1e-05,-2e-05,-1e-05,-0,0
72.78,-0.00231,-0.00163,0.00019,-0.00092,-4e-05,0,9e-05,0.0001,-4e-05,7e-05,-0,0,5e-05,0.00042,-5e-05,-0.0001,0.00017,6e-05,-0,1e-05,0.00801,0.00011,-0.00015,-0,-3e-05,-0,-0,0.00736,6e-05,-0,0,-1e-05,-0,0
72.8,-0.00207,-0.00152,0.00014,-0.0009,-2e-05,-0,0.00011,9e-05,-3e-05,6e-05,0,0,4e-05,0.00033,-4e-05,-0.00011,0.00017,5e-05,-0,1e-05,0.00699,0.00011,-0.00016,-0,-1e-05,-0,-1e-05,0.00592,4e-05,-1e-05,2e-05,-1e-05,-0,0
72.82,-0.00195,-0.00142,9e-05,-0.00086,1e-05,-0,9e-05,8e-05,-2e-05,4e-05,0,0,3e-05,0.00024,-3e-05,-0.00011,0.00014,4e-05,-0,1e-05,0.00572,7e-05,-0.00016,0,-0,-0,-1e-05,0.00437,3e-05,-1e-05,4e-05,-1e-05,0,0
72.84,-0.00185,-0.00132,4e-05,-0.00079,3e-05,-0,6e-05,6e-05,-1e-05,3e-05,0,0,2e-05,0.00013,-2e-05,-0.0001,0.0001,3e-05,-0,1e-05,0.0043,2e-05,-0.00015,0,0,-0,-1e-05,0.00282,3e-05,-1e-05,5e-05,-1e-05,0,0
72.86,-0.00174,-0.00123,-1e-05,-0.00069,5e-05,0,2e-05,2e-05,0,1e-05,0,0,1e-05,3e-05,-0,-8e-05,6e-05,2e-05,-0,0,0.00279,-3e-05,-0.00014,0,1e-05,-0,-1e-05,0.0013,3e-05,-2e-05,6e-05,-0,0,0
72.88,-0.00161,-0.00112,-5e-05,-0.00058,7e-05,-0,-1e-05,-4e-05,2e-05,-1e-05,0,0,-0,-7e-05,2e-05,-6e-05,1e-05,1e-05,-0,0,0.00122,-9e-05,-0.00012,0,0,-0,-1e-05,-0.00019,3e-05,-2e-05,6e-05,-0,0,0
72.9,-0.00153,-0.00097,-0.0001,-0.00046,8e-05,-0,-4e-05,-0.00011,5e-05,-4e-05,0,0,-1e-05,-0.00016,4e-05,-4e-05,-4e-05,1e-05,-0,-0,-0.0004,-0.00015,-0.0001,0,-0,-0,-1e-05,-0.00166,5e-05,-2e-05,6e-05,-0,0,0
72.92,-0.00157,-0.00078,-0.00014,-0.00035,9e-05,-0,-5e-05,-0.00019,8e-05,-7e-05,0,0,-2e-05,-0.00023,6e-05,-3e-05,-0.00011,-0,-0,-0,-0.00207,-0.00021,-7e-05,0,-1e-05,-0,-1e-05,-0.00314,8e-05,-1e-05,4e-05,-0,-0,-0
72.94,-0.00176,-0.00051,-0.00018,-0.00023,9e-05,0,-3e-05,-0.00029,0.00012,-0.00011,0,0,-3e-05,-0.00029,9e-05,-2e-05,-0.00019,-1e-05,-0,-1e-05,-0.00377,-0.00028,-5e-05,0,-2e-05,-0,-1e-05,-0.00464,0.00012,-0,3e-05,0,-0,-0
72.96,-0.00202,-0.00014,-0.00022,-0.00011,8e-05,-0,4e-05,-0.00041,0.00016,-0.00016,0,0,-4e-05,-0.0003,0.00012,-2e-05,-0.00029,-2e-05,-0,-1e-05,-0.00552,-0.00034,-2e-05,0,-2e-05,-0,-1e-05,-0.00619,0.00018,1e-05,1e-05,0,-0,-0
72.98,-0.00216,0.00036,-0.00026,4e-05,7e-05,-0,0.00015,-0.00056,0.00021,-0.00023,0,1e-05,-6e-05,-0.00029,0.00015,-4e-05,-0.00042,-2e-05,-0,-1e-05,-0.0073,-0.0004,0,-0,-3e-05,0,-1e-05,-0.00778,0.00026,2e-05,-2e-05,1e-05,-0,-0
73,-0.00191,0.00101,-0.0003,0.00024,4e-05,-0,0.00033,-0.00073,0.00027,-0.0003,0,1e-05,-6e-05,-0.00022,0.00018,-7e-05,-0.00053,-3e-05,-0,-0,-0.00906,-0.00044,2e-05,-0,-3e-05,0,-1e-05,-0.00937,0.00036,3e-05,-4e-05,1e-05,-0,-1e-05
73.02,-0.00092,0.00181,-0.00032,0.00053,-1e-05,-0,0.00064,-0.00091,0.00035,-0.00032,0,1e-05,-6e-05,-6e-05,0.00022,-0.0001,-0.00055,-2e-05,0,0,-0.0107,-0.00046,4e-05,-1e-05,-3e-05,-0,-1e-05,-0.01086,0.00047,3e-05,-7e-05,1e-05,-1e-05,-1e-05
73.04,0.00108,0.00276,-0.00034,0.00093,-6e-05,-0,0.00106,-0.00109,0.00043,-0.00029,0,2e-05,-4e-05,0.00015,0.00025,-0.00013,-0.0005,-1e-05,1e-05,2e-05,-0.01218,-0.00046,4e-05,-1e-05,-2e-05,0,-1e-05,-0.01224,0.00057,3e-05,-0.0001,2e-05,-1e-05,-1e-05
73.06,0.00429,0.00383,-0.00034,0.00143,-0.00013,-0,0.00152,-0.00126,0.00048,-0.00025,0,2e-05,-2e-05,0.00036,0.00027,-0.00016,-0.00042,0,1e-05,3e-05,-0.01351,-0.00042,3e-05,-1e-05,-1e-05,0,-1e-05,-0.01352,0.00066,2e-05,-0.00012,2e-05,-1e-05,-1e-05
73.08,0.00875,0.00498,-0.00032,0.002,-0.00021,-0,0.00197,-0.00142,0.00051,-0.00018,0,3e-05,-0,0.00052,0.00028,-0.00018,-0.00033,2e-05,2e-05,4e-05,-0.01465,-0.00034,1e-05,-2e-05,1e-05,0,-2e-05,-0.01469,0.00072,1e-05,-0.00016,3e-05,-1e-05,-2e-05
73.1,0.01429,0.00612,-0.00028,0.0026,-0.00029,-0,0.00244,-0.0015,0.00051,-9e-05,-0,3e-05,2e-05,0.00069,0.00025,-0.00019,-0.00018,5e-05,3e-05,5e-05,-0.01556,-0.00025,-3e-05,-2e-05,2e-05,0,-2e-05,-0.01574,0.00073,-0,-0.00019,3e-05,-1e-05,-2e-05
73.12,0.02057,0.00717,-0.0002,0.0032,-0.00036,-0,0.00298,-0.00147,0.00046,6e-05,0,3e-05,5e-05,0.00103,0.00019,-0.00018,4e-05,8e-05,4e-05,7e-05,-0.01618,-0.00014,-7e-05,-3e-05,4e-05,1e-05,-1e-05,-0.01666,0.0007,-1e-05,-0.0002,4e-05,-1e-05,-2e-05
73.14,0.02724,0.00803,-0.00011,0.00372,-0.00042,-0,0.00347,-0.00134,0.00037,0.00019,0,2e-05,7e-05,0.00141,0.00011,-0.00016,0.00025,0.00012,5e-05,8e-05,-0.0165,-3e-05,-0.00013,-3e-05,6e-05,1e-05,-1e-05,-0.01747,0.00062,-0,-0.00021,5e-05,-1e-05,-2e-05
73.16,0.03404,0.00865,-1e-05,0.00409,-0.00046,0,0.00378,-0.00117,0.00027,0.00028,0,2e-05,8e-05,0.0017,3e-05,-0.00014,0.00037,0.00016,6e-05,7e-05,-0.01651,7e-05,-0.00019,-3e-05,7e-05,1e-05,-1e-05,-0.01819,0.00049,1e-05,-0.00023,6e-05,-1e-05,-2e-05
73.18,0.04066,0.009,7e-05,0.00431,-0.00046,0,0.00397,-0.00097,0.00017,0.00033,0,1e-05,9e-05,0.00194,-4e-05,-0.00013,0.00043,0.00018,6e-05,6e-05,-0.0162,0.00016,-0.00026,-3e-05,8e-05,1e-05,-1e-05,-0.01885,0.00034,2e-05,-0.00024,7e-05,-1e-05,-1e-05
73.2,0.04653,0.00913,0.00011,0.00438,-0.00041,0,0.00405,-0.00078,9e-05,0.00031,0,1e-05,8e-05,0.00211,-9e-05,-0.00012,0.0004,0.0002,5e-05,3e-05,-0.01554,0.00021,-0.00032,-3e-05,9e-05,1e-05,-1e-05,-0.01647,0.00015,3e-05,-0.00011,1e-05,-0,-0
73.22,0.051,0.00911,0.00012,0.00433,-0.00036,0,0.00408,-0.00064,3e-05,0.00021,0,0,6e-05,0.00218,-0.0001,-0.00013,0.00028,0.00021,4e-05,0,-0.01451,0.00022,-0.00038,-1e-05,8e-05,1e-05,-1e-05,-0.0095,2e-05,5e-05,0.00013,-0.00016,0,1e-05
73.24,0.05392,0.00894,8e-05,0.00419,-0.00031,0,0.00406,-0.00054,-1e-05,0.00012,0,0,3e-05,0.0021,-9e-05,-0.00014,0.00016,0.0002,2e-05,-2e-05,-0.01317,0.00016,-0.00043,1e-05,7e-05,1e-05,-1e-05,2e-05,3e-05,6e-05,0.00026,-0.00039,1e-05,2e-05
73.26,0.05544,0.00863,-1e-05,0.00398,-0.00028,0,0.00398,-0.00046,-3e-05,6e-05,0,0,1e-05,0.0019,-7e-05,-0.00014,8e-05,0.00018,1e-05,-3e-05,-0.01161,2e-05,-0.00046,5e-05,5e-05,1e-05,-1e-05,0.01184,0.00021,7e-05,0.00026,-0.00064,-1e-05,1e-05
73.28,0.05548,0.00822,-0.00013,0.00372,-0.00024,0,0.00389,-0.00039,-4e-05,1e-05,0,-0,-0,0.00164,-4e-05,-0.00014,1e-05,0.00015,-1e-05,-3e-05,-0.0099,-0.0002,-0.00048,9e-05,2e-05,0,-1e-05,0.02525,0.00057,7e-05,9e-05,-0.00088,-4e-05,-2e-05
73.3,0.05416,0.00765,-0.00026,0.00344,-0.00021,0,0.0037,-0.00034,-5e-05,-1e-05,0,-0,-2e-05,0.00128,-1e-05,-0.00014,-5e-05,0.0001,-3e-05,-2e-05,-0.00825,-0.00051,-0.00048,0.00015,-2e-05,-0,-1e-05,0.03974,0.00102,7e-05,-8e-05,-0.00106,-0.0001,-8e-05
73.32,0.05169,0.00682,-0.00038,0.00314,-0.00016,0,0.00335,-0.00029,-5e-05,-2e-05,0,-0,-2e-05,0.00077,-0,-0.00012,-9e-05,6e-05,-4e-05,-2e-05,-0.00684,-0.00089,-0.00044,0.00021,-8e-05,-1e-05,-0,0.05529,0.00131,0.00013,-7e-05,-0.00115,-0.00016,-0.00016
73.34,0.04816,0.00578,-0.00047,0.00284,-0.00011,0,0.00295,-0.00024,-5e-05,-2e-05,0,0,-2e-05,0.00028,0,-9e-05,-0.00013,2e-05,-4e-05,-2e-05,-0.00566,-0.00132,-0.00039,0.00027,-0.00014,-1e-05,-0,0.0705,0.00131,0.00018,9e-05,-0.00114,-0.00024,-0.00025
73.36,0.0438,0.00461,-0.00053,0.00254,-7e-05,0,0.00259,-0.00018,-5e-05,-2e-05,-0,0,-2e-05,-8e-05,-0,-7e-05,-0.00016,0,-4e-05,-2e-05,-0.00469,-0.00177,-0.00033,0.00034,-0.00022,-1e-05,-0,0.08364,0.00106,0.00013,0.00045,-0.00101,-0.00029,-0.00032
73.38,0.0388,0.00333,-0.00054,0.00224,-3e-05,0,0.00227,-0.00013,-5e-05,-2e-05,-0,0,-2e-05,-0.0003,-1e-05,-5e-05,-0.00018,-0,-3e-05,-1e-05,-0.00394,-0.00222,-0.00025,0.00039,-0.0003,-1e-05,-0,0.09433,0.0006,-7e-05,0.00111,-0.00079,-0.00031,-0.00036
73.4,0.03373,0.00202,-0.0005,0.00195,-1e-05,0,0.00193,-8e-05,-4e-05,-1e-05,-0,1e-05,-1e-05,-0.00041,-3e-05,-3e-05,-0.00018,-1e-05,-2e-05,-1e-05,-0.00345,-0.00265,-0.00019,0.00043,-0.00038,-1e-05,-1e-05,0.10297,0.00014,-0.00043,0.00203,-0.00053,-0.00029,-0.00036
73.42,0.02908,0.00078,-0.00042,0.00168,0,0,0.00157,-4e-05,-3e-05,-0,-0,1e-05,-0,-0.00045,-5e-05,-1e-05,-0.00019,-1e-05,-1e-05,-1e-05,-0.00325,-0.00298,-0.00014,0.00044,-0.00043,1e-05,-0,0.11038,-0.00011,-0.0009,0.00311,-0.00025,-0.00023,-0.00031
73.44,0.02474,-0.00034,-0.00031,0.00142,-0,0,0.00123,-1e-05,-2e-05,-0,-0,1e-05,0,-0.00042,-8e-05,0,-0.0002,-1e-05,0,-1e-05,-0.0033,-0.00322,-0.0001,0.00043,-0.00044,4e-05,2e-05,0.11693,-0.00026,-0.00135,0.0043,2e-05,-0.00014,-0.00022
73.46,0.02059,-0.00128,-0.00018,0.00116,-1e-05,0,0.00096,0,-1e-05,0,-0,1e-05,1e-05,-0.00033,-0.00012,2e-05,-0.0002,-0,1e-05,-1e-05,-0.00359,-0.00339,-6e-05,0.00039,-0.00045,7e-05,5e-05,0.12267,-0.00041,-0.00171,0.00572,0.00025,-4e-05,-0.00012
73.48,0.01669,-0.00202,-6e-05,0.00092,-1e-05,0,0.00073,1e-05,-1e-05,1e-05,-0,1e-05,1e-05,-0.00019,-0.00016,3e-05,-0.00021,-0,2e-05,-1e-05,-0.00416,-0.00354,-3e-05,0.00031,-0.00044,0.0001,8e-05,0.12773,-0.00059,-0.00191,0.0077,0.00045,7e-05,-0
73.5,0.01333,-0.00245,4e-05,0.0007,0,0,0.00055,-0,-0,2e-05,-0,1e-05,2e-05,-4e-05,-0.0002,4e-05,-0.00021,-0,2e-05,-1e-05,-0.00495,-0.00365,-0,0.00017,-0.00044,0.00013,0.00013,0.13283,-0.00084,-0.0019,0.00905,0.00061,0.00017,0.00011
73.52,0.01073,-0.00253,9e-05,0.0005,2e-05,0,0.0004,-1e-05,-0,4e-05,-0,1e-05,2e-05,0.00011,-0.00023,5e-05,-0.00021,-0,2e-05,-1e-05,-0.00579,-0.00374,1e-05,-6e-05,-0.00048,0.00016,0.00018,0.1387,-0.00114,-0.00168,0.00738,0.00075,0.00026,0.00021
73.54,0.00857,-0.00237,9e-05,0.00032,3e-05,-0,0.00029,-3e-05,0,6e-05,-0,1e-05,2e-05,0.00024,-0.00024,5e-05,-0.00021,-0,1e-05,0,-0.00673,-0.00392,2e-05,-0.00043,-0.00054,0.00018,0.00025,0.14445,-0.0015,-0.00141,0.00349,0.00089,0.00033,0.00028
73.56,0.00662,-0.00204,2e-05,0.00016,3e-05,0,0.0002,-5e-05,0,8e-05,-0,1e-05,2e-05,0.00036,-0.00025,5e-05,-0.0002,-0,1e-05,1e-05,-0.00766,-0.00423,3e-05,-0.00104,-0.00062,0.0002,0.0003,0.14907,-0.00195,-0.00121,-0.00093,0.00109,0.00035,0.00031
73.58,0.00488,-0.00161,-0.00013,2e-05,3e-05,0,0.00014,-7e-05,1e-05,0.0001,-0,0,2e-05,0.00047,-0.00025,5e-05,-0.00019,-0,1e-05,1e-05,-0.00831,-0.00465,4e-05,-0.00196,-0.00073,0.00021,0.00032,0.15243,-0.00249,-0.0011,-0.00596,0.00144,0.00031,0.00027
73.6,0.00348,-0.00111,-0.00033,-0.0001,1e-05,0,9e-05,-8e-05,1e-05,0.00012,-0,0,2e-05,0.00056,-0.00024,4e-05,-0.00017,-0,1e-05,2e-05,-0.00839,-0.00512,5e-05,-0.00328,-0.00083,0.00022,0.00032,0.15479,-0.00312,-0.00107,-0.01257,0.00206,0.00017,0.00013
73.62,0.00251,-0.00064,-0.00057,-0.0002,-2e-05,-0,6e-05,-9e-05,1e-05,0.00013,-0,0,2e-05,0.00063,-0.00023,3e-05,-0.00012,-0,0,2e-05,-0.00754,-0.00543,7e-05,-0.00503,-0.00081,0.00023,0.00028,0.15629,-0.0038,-0.0011,-0.02194,0.00311,-0.0001,-0.00012
73.64,0.00176,-0.00027,-0.00081,-0.00029,-6e-05,0,3e-05,-9e-05,2e-05,0.00015,-0,0,2e-05,0.00068,-0.00022,1e-05,-5e-05,0,0,3e-05,-0.00586,-0.00568,0.00011,-0.00721,-0.00071,0.00021,0.00018,0.15609,-0.00459,-0.00118,-0.0327,0.00476,-0.00053,-0.0005
73.66,0.00112,-4e-05,-0.00102,-0.00035,-9e-05,0,1e-05,-9e-05,2e-05,0.00015,-0,-0,2e-05,0.00072,-0.00021,-2e-05,2e-05,0,0,3e-05,-0.0036,-0.00589,0.00016,-0.00974,-0.00056,0.00013,2e-05,0.15333,-0.00559,-0.0013,-0.04318,0.00721,-0.00117,-0.00105
73.68,0.00057,6e-05,-0.00115,-0.00041,-0.00012,0,-1e-05,-8e-05,2e-05,0.00015,-0,-0,2e-05,0.00073,-0.00019,-5e-05,8e-05,0,-0,4e-05,-0.0011,-0.00584,0.0002,-0.0128,-0.00038,-1e-05,-0.0002,0.14775,-0.00679,-0.00141,-0.05339,0.01065,-0.00204,-0.00178
73.7,0.00021,3e-05,-0.00117,-0.00046,-0.00015,-0,-3e-05,-7e-05,3e-05,0.00014,-0,-0,2e-05,0.00071,-0.00018,-9e-05,0.00013,0,-0,4e-05,0.00098,-0.00563,0.00027,-0.01468,-0.00013,-0.0002,-0.00045,0.13992,-0.00815,-0.00148,-0.06328,0.01525,-0.0032,-0.00268
73.72,7e-05,-8e-05,-0.00104,-0.00052,-0.00016,0,-4e-05,-6e-05,3e-05,0.00011,-0,-0,2e-05,0.00067,-0.00016,-0.00012,0.00014,0,-0,3e-05,0.00254,-0.00528,0.00054,-0.01295,0.00019,-0.00032,-0.00059,0.1304,-0.00967,-0.00152,-0.07276,0.02116,-0.00453,-0.0037
73.74,2e-05,-0.00022,-0.00076,-0.00059,-0.00016,0,-5e-05,-6e-05,3e-05,9e-05,-0,-0,1e-05,0.0006,-0.00015,-0.00014,0.00012,0,-0,3e-05,0.00356,-0.00455,0.001,-0.00995,0.00048,-0.00034,-0.0006,0.11807,-0.01122,-0.00147,-0.08106,0.02827,-0.0061,-0.00483
73.76,-2e-05,-0.00035,-0.00033,-0.00067,-0.00015,0,-5e-05,-5e-05,3e-05,7e-05,-0,-0,1e-05,0.00051,-0.00013,-0.00017,8e-05,0,-0,2e-05,0.00382,-0.00358,0.00141,-0.00737,0.00065,-0.0003,-0.00054,0.10212,-0.01272,-0.0013,-0.08736,0.03622,-0.0079,-0.00604
73.78,-3e-05,-0.00045,0.00019,-0.00074,-0.00014,-0,-6e-05,-5e-05,3e-05,6e-05,-0,-0,1e-05,0.00039,-0.00012,-0.00018,1e-05,0,-0,1e-05,0.00352,-0.00262,0.00171,-0.00479,0.00073,-0.00021,-0.00039,0.08276,-0.01428,-0.00102,-0.09156,0.04477,-0.00874,-0.00666
73.8,-0,-0.00047,0.00073,-0.00082,-0.00011,0,-5e-05,-4e-05,3e-05,5e-05,-0,-0,0,0.00027,-0.0001,-0.00018,-9e-05,0,-0,0,0.00269,-0.00184,0.0017,-0.0031,0.0007,-0.00012,-0.00023,0.06015,-0.01524,-0.00061,-0.09209,0.05174,-0.01116,-0.00795
73.82,-2e-05,-0.0004,0.00123,-0.00093,-8e-05,0,-0,-4e-05,3e-05,6e-05,-0,0,0,0.00013,-8e-05,-0.00018,-0.00018,0,-0,-1e-05,0.00156,-0.00134,0.00142,-0.00224,0.00055,-0.0001,-0.00013,0.035,-0.0146,-0.00015,-0.08765,0.05396,-0.01943,-0.01213
73.84,-0.00016,-0.00026,0.0016,-0.00103,-6e-05,0,5e-05,-4e-05,2e-05,6e-05,-0,0,-0,0,-6e-05,-0.00017,-0.00026,0,-0,-2e-05,0.00042,-0.0009,0.00099,-0.00136,0.0002,-5e-05,-3e-05,0.009,-0.01312,0.00012,-0.07956,0.05241,-0.02739,-0.0164
73.86,-0.00039,-7e-05,0.0018,-0.0011,-3e-05,-0,9e-05,-3e-05,1e-05,7e-05,-0,0,-1e-05,-0.00012,-3e-05,-0.00015,-0.00031,0,-0,-3e-05,-0.00013,-0.00046,0.00048,9e-05,-0.00017,2e-05,7e-05,-0.01612,-0.01155,6e-05,-0.06885,0.04872,-0.02981,-0.01806
73.88,-0.00071,0.00012,0.0018,-0.00115,-2e-05,0,0.00012,-3e-05,1e-05,7e-05,-0,1e-05,-1e-05,-0.00022,-1e-05,-0.00013,-0.00034,0,-0,-3e-05,0.00028,-0.00011,6e-05,0.00286,-0.00027,2e-05,6e-05,-0.03809,-0.00948,-0.00041,-0.05611,0.04304,-0.02761,-0.0176
73.9,-0.00117,0.00025,0.00162,-0.00116,-1e-05,0,0.00013,-2e-05,0,7e-05,-0,1e-05,-2e-05,-0.00028,1e-05,-0.0001,-0.00034,0,0,-4e-05,0.00174,0.00012,-0.0002,0.0073,-2e-05,-0.0001,-0.00013,-0.05467,-0.00782,-0.00107,-0.04234,0.03631,-0.02041,-0.01438
73.92,-0.00189,0.00025,0.00128,-0.00117,-0,0,0.00013,-1e-05,0,6e-05,-0,1e-05,-2e-05,-0.00032,2e-05,-8e-05,-0.00031,-0,0,-4e-05,0.00485,0.00019,-0.00029,0.00995,0.00069,-0.00042,-0.00056,-0.0643,-0.00723,-0.00137,-0.02893,0.02864,-0.0118,-0.0096
73.94,-0.00281,8e-05,0.00086,-0.00116,-0,-0,9e-05,-0,-0,5e-05,-0,1e-05,-2e-05,-0.00032,4e-05,-6e-05,-0.00027,-0,0,-4e-05,0.01012,-6e-05,-0.0001,0.00644,0.00197,-0.00106,-0.00132,-0.06538,-0.0066,-0.00136,-0.01772,0.02094,-0.005,-0.00538
73.96,-0.00379,-0.00025,0.00042,-0.00114,-0,-0,3e-05,0,0,3e-05,-0,1e-05,-2e-05,-0.00029,4e-05,-4e-05,-0.00021,-0,0,-3e-05,0.01712,-0.00081,0.00033,-0.00353,0.00377,-0.00207,-0.00241,-0.05834,-0.00547,-0.00128,-0.00954,0.01421,-0.00074,-0.00243
73.98,-0.00485,-0.0007,1e-05,-0.00111,-1e-05,-0,-6e-05,0,0,1e-05,0,1e-05,-2e-05,-0.00024,5e-05,-3e-05,-0.00014,-0,0,-3e-05,0.02551,-0.00206,0.00075,-0.02158,0.00599,-0.00339,-0.00375,-0.04595,-0.00417,-0.00106,-0.0043,0.00888,0.0012,-0.00069
74,-0.00592,-0.00123,-0.00031,-0.00109,-1e-05,-0,-0.00018,0,1e-05,-2e-05,0,1e-05,-1e-05,-0.00017,5e-05,-1e-05,-8e-05,-0,0,-2e-05,0.03398,-0.0037,0.0007,-0.04683,0.0084,-0.00504,-0.00519,-0.03134,-0.00291,-0.00078,-0.00143,0.00509,0.00143,6e-05
74.02,-0.00691,-0.00177,-0.00052,-0.00108,-0,0,-0.00029,0,1e-05,-5e-05,0,1e-05,-1e-05,-0.0001,5e-05,0,-5e-05,-0,0,-1e-05,0.04057,-0.00587,-6e-05,-0.07624,0.01069,-0.00735,-0.00667,-0.01736,-0.00179,-0.0005,-0.00018,0.00261,0.0008,0.00015
74.04,-0.00776,-0.00224,-0.00063,-0.00107,-0,-0,-0.00041,-0,1e-05,-9e-05,0,1e-05,-1e-05,-3e-05,5e-05,1e-05,-2e-05,-0,0,-1e-05,0.04429,-0.00891,-0.00091,-0.10397,0.01256,-0.00976,-0.00788,-0.00599,-0.00087,-0.00027,0.00014,0.00114,-8e-05,-7e-05
74.06,-0.00842,-0.00255,-0.00066,-0.00107,-0,-0,-0.00051,-0,1e-05,-0.00012,0,1e-05,-1e-05,3e-05,5e-05,2e-05,-1e-05,0,0,-1e-05,0.04469,-0.0127,-0.00154,-0.12393,0.01379,-0.0114,-0.00843,0.00192,-0.00021,-0.0001,4e-05,0.00038,-0.00086,-0.00035
74.08,-0.00885,-0.00267,-0.00062,-0.00107,-0,-0,-0.0006,0,2e-05,-0.00016,0,1e-05,-0,9e-05,5e-05,2e-05,0,0,0,-0,0.04184,-0.01747,-0.00189,-0.13535,0.01432,-0.01218,-0.00829,0.00634,0.00018,0,-0.00017,4e-05,-0.0013,-0.00056
74.1,-0.00885,-0.0026,-0.00055,-0.00105,-1e-05,0,-0.00066,1e-05,2e-05,-0.00019,0,1e-05,-0,0.00013,5e-05,1e-05,0,0,0,-0,0.03658,-0.02222,-0.00197,-0.13113,0.01406,-0.01129,-0.00732,0.00682,0.00016,2e-05,-0.00028,-9e-05,-0.00125,-0.0006
74.12,-0.00827,-0.00238,-0.00048,-0.00102,-2e-05,-0,-0.00067,2e-05,2e-05,-0.00021,0,0,-0,0.00016,4e-05,1e-05,-0,0,0,0,0.03072,-0.02479,-0.00162,-0.10981,0.01306,-0.0086,-0.00562,0.0052,-8e-05,1e-05,-0.00027,-0.00017,-0.00096,-0.00053
74.14,-0.00725,-0.00204,-0.00043,-0.00095,-4e-05,-0,-0.00065,3e-05,2e-05,-0.00021,0,0,-0,0.00018,4e-05,0,-1e-05,0,0,0,0.02583,-0.02555,-0.0011,-0.08406,0.01156,-0.00546,-0.00373,0.00342,-0.00019,0,-0.00024,-0.0002,-0.0007,-0.00041
74.16,-0.00591,-0.00158,-0.0004,-0.00085,-6e-05,-0,-0.0006,4e-05,2e-05,-0.00021,0,0,-0,0.00019,4e-05,0,-1e-05,0,0,0,0.02278,-0.02534,-0.00065,-0.06075,0.00974,-0.00256,-0.00193,0.00158,-0.00012,-2e-05,-0.00019,-0.0002,-0.00044,-0.00027
74.18,-0.00426,-0.00104,-0.00039,-0.00071,-9e-05,0,-0.00054,5e-05,2e-05,-0.0002,0,0,-0,0.0002,4e-05,-0,-1e-05,0,0,0,0.0219,-0.02388,-0.00019,-0.04018,0.00763,1e-05,-0.0003,-0.00025,0.00016,-5e-05,-0.00014,-0.00019,-0.00021,-0.00013
74.2,-0.00232,-0.00042,-0.00039,-0.00052,-0.00012,-0,-0.00046,6e-05,2e-05,-0.00018,0,0,-0,0.00019,3e-05,-0,-1e-05,0,0,0,0.02292,-0.02119,3e-05,-0.02311,0.0053,0.00216,0.00108,-0.00199,0.00067,-8e-05,-8e-05,-0.00017,-2e-05,-2e-05
74.22,-0.00022,0.00026,-0.0004,-0.00029,-0.00018,-0,-0.00037,7e-05,2e-05,-0.00017,0,0,-0,0.00016,3e-05,-0,-1e-05,0,0,1e-05,0.02523,-0.01752,-3e-05,-0.00994,0.00282,0.00392,0.00224,-0.00355,0.00146,-9e-05,-1e-05,-0.00017,0.00011,5e-05
74.24,0.00177,0.00099,-0.0004,-4e-05,-0.00024,-0,-0.00028,8e-05,2e-05,-0.00015,0,0,-0,0.00012,2e-05,1e-05,-1e-05,0,0,1e-05,0.02823,-0.01328,-5e-05,-0.00055,0.00023,0.00532,0.00322,-0.00487,0.0025,-8e-05,6e-05,-0.00019,0.00019,6e-05
74.26,0.00354,0.00175,-0.00036,0.00023,-0.0003,-0,-0.0002,0.0001,2e-05,-0.00014,0,-0,-0,8e-05,2e-05,1e-05,-1e-05,0,0,1e-05,0.03138,-0.0088,1e-05,0.0056,-0.0024,0.0064,0.00401,-0.00592,0.00357,-4e-05,0.00013,-0.00022,0.00016,-0
74.28,0.00499,0.00252,-0.00028,0.00048,-0.00033,-0,-0.00012,0.00011,2e-05,-0.00013,0,-0,-0,4e-05,1e-05,2e-05,-0,0,0,1e-05,0.03422,-0.00428,0.00011,0.00919,-0.00497,0.00722,0.00465,-0.00673,0.0044,3e-05,0.0002,-0.00029,1e-05,-0.00014
74.3,0.00593,0.00325,-0.00016,0.00071,-0.00037,-0,-6e-05,0.00013,2e-05,-0.00012,0,-0,-0,0,-1e-05,3e-05,1e-05,0,0,1e-05,0.03635,5e-05,0.00024,0.01083,-0.00737,0.00778,0.00513,-0.00734,0.00505,0.00012,0.00027,-0.00038,-0.00025,-0.00035
74.32,0.00616,0.00388,-1e-05,0.00088,-0.00042,-0,-2e-05,0.00014,2e-05,-0.00011,0,-0,0,-3e-05,-3e-05,5e-05,1e-05,0,0,1e-05,0.03739,0.00385,0.00044,0.01106,-0.0095,0.00805,0.0054,-0.00785,0.00584,0.00022,0.00034,-0.00048,-0.00056,-0.0006
74.34,0.00573,0.00436,0.00015,0.00099,-0.00047,-0,1e-05,0.00014,1e-05,-0.0001,0,-0,0,-4e-05,-5e-05,6e-05,2e-05,0,0,1e-05,0.03716,0.00684,0.0007,0.01038,-0.01116,0.00809,0.0055,-0.00824,0.00641,0.00033,0.00038,-0.00058,-0.00083,-0.00086
74.36,0.00488,0.00467,0.00032,0.00105,-0.00052,-0,3e-05,0.00014,1e-05,-0.0001,-0,-0,0,-4e-05,-9e-05,7e-05,2e-05,0,-0,1e-05,0.03554,0.0089,0.00099,0.00915,-0.01221,0.00797,0.00547,-0.00852,0.00633,0.0004,0.00039,-0.00068,-0.00107,-0.00113
74.38,0.00372,0.00478,0.00048,0.00105,-0.00057,-0,3e-05,0.00013,1e-05,-0.0001,-0,-0,0,-3e-05,-0.00013,7e-05,2e-05,0,-0,1e-05,0.03239,0.00995,0.00131,0.00766,-0.01255,0.00767,0.00531,-0.0087,0.00573,0.00043,0.00036,-0.00079,-0.00125,-0.0014
74.4,0.00244,0.0047,0.00062,0.00103,-0.00062,-0,3e-05,0.0001,0,-0.0001,-0,-0,0,0,-0.00017,7e-05,1e-05,0,-0,1e-05,0.02781,0.00999,0.00165,0.00608,-0.0121,0.00729,0.00506,-0.00875,0.00486,0.00043,0.00025,-0.00086,-0.00132,-0.00161
74.42,0.00127,0.00445,0.00071,0.00099,-0.00066,-0,2e-05,6e-05,-0,-0.0001,-0,-0,0,2e-05,-0.00021,7e-05,0,0,-0,2e-05,0.02195,0.00908,0.00201,0.00456,-0.01085,0.0069,0.00476,-0.00861,0.00402,0.00039,4e-05,-0.00084,-0.00122,-0.00164
74.44,0.00025,0.00402,0.00075,0.00093,-0.0006,-0,-0,1e-05,-0,-9e-05,-0,-0,1e-05,4e-05,-0.00023,5e-05,-1e-05,0,-0,1e-05,0.01489,0.00737,0.00238,0.00313,-0.00881,0.00645,0.00439,-0.00824,0.00322,0.00032,-0.00028,-0.00076,-0.00103,-0.00154
74.46,-0.00059,0.00343,0.00075,0.00088,-0.00046,-0,-3e-05,-5e-05,-1e-05,-9e-05,-0,-0,1e-05,4e-05,-0.00024,4e-05,-1e-05,0,-0,1e-05,0.00685,0.00506,0.00277,0.00182,-0.00609,0.00592,0.00395,-0.00759,0.00246,0.00023,-0.00073,-0.00067,-0.00083,-0.00137
74.48,-0.00125,0.00275,0.0007,0.00082,-0.0003,-0,-5e-05,-0.00012,-1e-05,-8e-05,-0,-0,1e-05,0,-0.00024,2e-05,-2e-05,-0,-0,1e-05,-0.00168,0.00245,0.00316,0.00064,-0.0029,0.00529,0.00344,-0.00667,0.00202,0.00014,-0.00132,-0.00056,-0.00062,-0.00111
74.5,-0.00157,0.00207,0.00063,0.00077,-0.00013,-0,-8e-05,-0.00018,-1e-05,-7e-05,-0,-0,1e-05,-7e-05,-0.00022,1e-05,-1e-05,-0,0,1e-05,-0.01003,-6e-05,0.00351,-0.00042,0.00042,0.00459,0.00288,-0.00543,0.0016,3e-05,-0.00204,-0.00043,-0.00044,-0.00079
74.52,-0.00148,0.00146,0.00054,0.00072,2e-05,-0,-0.00012,-0.00023,-1e-05,-7e-05,-0,0,1e-05,-0.00016,-0.00018,0,-1e-05,-0,0,0,-0.01757,-0.00209,0.00375,-0.00137,0.00346,0.00381,0.0023,-0.00314,-0.00078,-7e-05,-0.00202,-0.00076,2e-05,-0.00024
74.54,-0.00123,0.00095,0.00043,0.00068,0.00013,-0,-0.00015,-0.00026,-1e-05,-5e-05,-0,0,1e-05,-0.00029,-0.00014,-0,0,-0,1e-05,-0,-0.02356,-0.00335,0.00387,-0.00219,0.00583,0.00295,0.0017,-0.00056,-0.00493,-0.00015,0.00013,-0.0018,0.00071,0.00049
74.56,-0.001,0.00057,0.00032,0.00063,0.00019,-0,-0.00017,-0.00027,-1e-05,-4e-05,-0,1e-05,1e-05,-0.00042,-8e-05,0,1e-05,-0,1e-05,-0,-0.02725,-0.00366,0.00386,-0.00281,0.00732,0.00204,0.00108,0.00059,-0.00889,-0.00022,0.00507,-0.00333,0.00126,0.00116
74.58,-0.0008,0.00032,0.00021,0.00058,0.00022,-0,-0.00018,-0.00026,-1e-05,-2e-05,-0,1e-05,1e-05,-0.00057,-3e-05,0,1e-05,0,1e-05,-1e-05,-0.02827,-0.00308,0.00367,-0.00316,0.00784,0.00116,0.0005,-0.00074,-0.01204,-0.00029,0.01378,-0.00541,0.00154,0.00166
74.6,-0.00059,0.00017,0.00012,0.00052,0.00022,-0,-0.00017,-0.00023,-0,-1e-05,-0,1e-05,1e-05,-0.0007,0,1e-05,1e-05,0,2e-05,-1e-05,-0.02676,-0.00189,0.00332,-0.0032,0.00743,0.00038,1e-05,-0.00514,-0.01332,-0.00031,0.02636,-0.00794,0.00152,0.00187
74.62,-0.00035,8e-05,5e-05,0.00048,0.00018,-0,-0.00016,-0.00018,0,0,-0,2e-05,1e-05,-0.0008,2e-05,1e-05,0,0,2e-05,-2e-05,-0.02324,-0.00048,0.00284,-0.00292,0.00634,-0.0002,-0.00034,-0.01212,-0.01174,-0.00017,0.0401,-0.01064,0.0013,0.00177
74.64,-0.00018,1e-05,-0,0.00043,0.00014,0,-0.00013,-0.00012,1e-05,1e-05,0,3e-05,1e-05,-0.00087,2e-05,1e-05,-0,0,2e-05,-2e-05,-0.01834,0.00073,0.0023,-0.00236,0.00491,-0.00055,-0.00053,-0.02014,-0.00796,-2e-05,0.05165,-0.0131,0.00083,0.00141
74.66,-9e-05,-8e-05,-3e-05,0.00038,8e-05,0,-9e-05,-6e-05,1e-05,1e-05,0,3e-05,1e-05,-0.00089,-1e-05,0,-1e-05,0,3e-05,-2e-05,-0.0128,0.00142,0.00173,-0.00164,0.00345,-0.00065,-0.00054,-0.02672,-0.00322,-1e-05,0.05862,-0.01483,0.00015,0.00081
74.68,-5e-05,-0.00023,-3e-05,0.00033,2e-05,-0,-4e-05,-1e-05,2e-05,1e-05,0,3e-05,0,-0.00086,-6e-05,-1e-05,-1e-05,0,3e-05,-2e-05,-0.00737,0.00139,0.00122,-0.00089,0.00215,-0.00053,-0.00042,-0.02926,0.00148,-0.00013,0.05794,-0.01533,-0.00064,0.0001
74.7,-3e-05,-0.00044,-1e-05,0.00029,-4e-05,-0,0,2e-05,2e-05,1e-05,0,3e-05,0,-0.00079,-0.00013,-3e-05,-1e-05,0,3e-05,-1e-05,-0.00266,0.00064,0.00076,-0.00028,0.00113,-0.00025,-0.00018,-0.0262,0.00524,-0.00026,0.05089,-0.01436,-0.00141,-0.00062
74.72,-2e-05,-0.00069,1e-05,0.00025,-0.0001,-0,3e-05,2e-05,2e-05,0,0,3e-05,0,-0.00069,-0.00019,-5e-05,-1e-05,0,3e-05,-1e-05,0.00097,-0.00059,0.0004,5e-05,0.00041,0.00014,0.00015,-0.01726,0.00772,-0.0001,0.04073,-0.01198,-0.00205,-0.00126
74.74,-2e-05,-0.00093,4e-05,0.0002,-0.00015,-0,4e-05,-0,2e-05,-0,0,3e-05,0,-0.00058,-0.00024,-7e-05,0,0,3e-05,-1e-05,0.00236,-0.00143,0.00019,0,0.00016,0.00044,0.00044,-0.00307,0.00881,0.00054,0.02747,-0.00875,-0.00253,-0.00177
74.76,-2e-05,-0.00112,6e-05,0.00016,-0.00018,-0,4e-05,-3e-05,1e-05,-1e-05,0,2e-05,0,-0.00045,-0.00028,-9e-05,1e-05,0,3e-05,-1e-05,0.00235,-0.00175,8e-05,-0.0002,0.00017,0.00054,0.0006,0.0149,0.00858,0.00188,0.01194,-0.00518,-0.00286,-0.00213
74.78,-1e-05,-0.00122,6e-05,0.00011,-0.00019,-0,2e-05,-7e-05,1e-05,-2e-05,0,1e-05,0,-0.00032,-0.00031,-0.00011,2e-05,0,2e-05,-0,0.00223,-0.00218,6e-05,-0.00051,0.00016,0.00061,0.0007,0.03454,0.00738,0.00426,-0.00353,-0.00159,-0.00308,-0.00237
74.8,0,-0.00121,4e-05,7e-05,-0.00018,-0,-2e-05,-0.00011,-0,-2e-05,0,0,1e-05,-0.00021,-0.00031,-0.00012,2e-05,0,2e-05,-0,0.00194,-0.0025,3e-05,-0.00092,0.00013,0.00065,0.00072,0.0539,0.00567,0.0075,-0.01746,0.00174,-0.00323,-0.0025
74.82,3e-05,-0.0011,2e-05,2e-05,-0.00015,-0,-6e-05,-0.00014,-0,-3e-05,0,-0,1e-05,-0.00011,-0.0003,-0.00013,2e-05,0,1e-05,0,0.00155,-0.00232,-3e-05,-0.00143,7e-05,0.00066,0.00069,0.07201,0.0039,0.01035,-0.0318,0.00471,-0.00338,-0.00257
74.84,5e-05,-0.00091,-2e-05,-2e-05,-0.00011,-0,-0.0001,-0.00016,-1e-05,-3e-05,0,-1e-05,1e-05,-2e-05,-0.00026,-0.00013,1e-05,0,1e-05,0,0.00125,-0.00171,-4e-05,-0.00204,-3e-05,0.00056,0.00054,0.08719,0.00233,0.01205,-0.04667,0.00726,-0.00353,-0.00261
74.86,7e-05,-0.00065,-7e-05,-7e-05,-7e-05,-0,-0.00014,-0.00015,-1e-05,-2e-05,0,-1e-05,1e-05,5e-05,-0.00021,-0.00012,0,0,0,0,0.00114,-0.00087,-0.0001,-0.0028,-0.00018,0.00029,0.00022,0.09775,0.0012,0.01276,-0.0595,0.00935,-0.00367,-0.00263
74.88,9e-05,-0.00033,-0.00012,-0.00011,-1e-05,0,-0.00017,-0.00013,-1e-05,-2e-05,0,-2e-05,1e-05,0.00011,-0.00015,-0.00011,-0,0,0,1e-05,0.00116,0.00015,-0.00029,-0.00381,-0.0004,-0.00014,-0.00025,0.10349,0.0006,0.01209,-0.06867,0.01092,-0.00379,-0.00267
74.9,0.0001,3e-05,-0.00019,-0.00015,5e-05,0,-0.00019,-0.0001,-0,-2e-05,0,-2e-05,1e-05,0.00017,-8e-05,-9e-05,-1e-05,0,-0,1e-05,0.0013,0.00146,-0.00049,-0.00482,-0.00056,-0.0007,-0.00079,0.10476,0.00053,0.00865,-0.07756,0.01216,-0.00383,-0.00267
74.92,0.00011,0.00041,-0.00025,-0.0002,0.0001,-0,-0.00019,-6e-05,0,-1e-05,0,-2e-05,1e-05,0.00021,-3e-05,-8e-05,-1e-05,0,-0,1e-05,0.00157,0.00277,-0.00026,-0.00541,-0.00036,-0.00093,-0.00099,0.10231,0.00092,0.00222,-0.09081,0.01334,-0.00368,-0.00256
74.94,0.00013,0.00078,-0.0003,-0.00024,0.00015,-0,-0.00019,-1e-05,1e-05,-1e-05,0,-2e-05,0,0.00026,1e-05,-6e-05,-0,0,-1e-05,1e-05,0.00182,0.00321,0.00031,-0.00584,7e-05,-0.00078,-0.00084,0.09602,0.0017,-0.0037,-0.10074,0.01417,-0.00336,-0.0024
74.96,0.00015,0.00115,-0.00034,-0.00028,0.00019,-0,-0.00016,4e-05,2e-05,-1e-05,0,-2e-05,0,0.0003,4e-05,-5e-05,1e-05,0,-1e-05,1e-05,0.00181,0.00275,0.00078,-0.00621,0.00046,-0.00056,-0.0006,0.08569,0.00284,-0.00739,-0.1024,0.01451,-0.00292,-0.00224
74.98,0.00016,0.00152,-0.00037,-0.00033,0.00023,-0,-0.00013,8e-05,3e-05,-2e-05,0,-1e-05,0,0.00033,5e-05,-3e-05,2e-05,0,-1e-05,1e-05,0.00149,0.00175,0.00121,-0.00631,0.00083,-0.00025,-0.00026,0.07192,0.0043,-0.00877,-0.0984,0.01458,-0.00237,-0.00208
75,0.00017,0.00185,-0.00038,-0.00037,0.00026,-0,-9e-05,0.00012,3e-05,-2e-05,0,-1e-05,0,0.00035,4e-05,-2e-05,4e-05,0,-1e-05,1e-05,0.00084,0.00063,0.00127,-0.00596,0.00101,-4e-05,-2e-05,0.05612,0.00591,-0.00783,-0.08676,0.01437,-0.00179,-0.00193
75.02,0.00016,0.00212,-0.00038,-0.0004,0.00027,-0,-5e-05,0.00015,3e-05,-2e-05,0,-1e-05,0,0.00036,2e-05,-1e-05,5e-05,0,-1e-05,1e-05,4e-05,-0.00021,0.00075,-0.00541,0.00094,-5e-05,-1e-05,0.04053,0.00718,-0.0066,-0.06838,0.01391,-0.00125,-0.00181
75.04,0.00012,0.00233,-0.00037,-0.00043,0.00026,-0,-1e-05,0.00017,3e-05,-2e-05,0,-0,-0,0.00037,-1e-05,-1e-05,7e-05,0,-1e-05,1e-05,-0.00072,-0.00066,0.00023,-0.00474,0.00083,-0.00011,-5e-05,0.02562,0.00794,-0.00538,-0.04977,0.01348,-0.00086,-0.00172
75.06,5e-05,0.00248,-0.00035,-0.00045,0.00025,-0,2e-05,0.00018,3e-05,-1e-05,0,-0,-0,0.00037,-5e-05,-0,9e-05,0,-1e-05,1e-05,-0.00139,-0.00078,-2e-05,-0.00392,0.00073,-0.00011,-5e-05,0.01176,0.00814,-0.00401,-0.03394,0.01323,-0.00063,-0.00166
75.08,-3e-05,0.00258,-0.00033,-0.00045,0.00023,-0,4e-05,0.00019,2e-05,-1e-05,0,0,-0,0.00037,-9e-05,0,0.0001,0,-1e-05,1e-05,-0.00192,-0.00068,-9e-05,-0.00295,0.00063,-9e-05,-4e-05,-0.00033,0.00759,-0.00273,-0.02099,0.01306,-0.00055,-0.00161
75.1,-0.00014,0.00258,-0.0003,-0.00044,0.0002,-0,5e-05,0.00019,2e-05,-1e-05,0,0,-0,0.00036,-0.00014,0,0.00012,0,-1e-05,1e-05,-0.00232,-0.00049,-6e-05,-0.00206,0.00054,-5e-05,-3e-05,-0.01007,0.00629,-0.00167,-0.01127,0.01281,-0.00056,-0.00155
75.12,-0.00029,0.00245,-0.00028,-0.00042,0.00016,-0,5e-05,0.00018,1e-05,-0,0,0,-1e-05,0.00036,-0.00018,-0,0.00014,0,-1e-05,0,-0.00261,-0.00031,-2e-05,-0.00136,0.00048,-1e-05,-1e-05,-0.01711,0.00437,-0.00086,-0.00463,0.01231,-0.00059,-0.0015
75.14,-0.00047,0.00222,-0.00025,-0.00039,0.00012,-0,4e-05,0.00016,1e-05,-0,0,0,-1e-05,0.00036,-0.0002,-0,0.00016,0,-1e-05,0,-0.00279,-0.00016,1e-05,-0.00072,0.00045,4e-05,0,-0.02118,0.00208,-0.00031,-0.00061,0.01146,-0.00059,-0.00139
75.16,-0.00064,0.00192,-0.00023,-0.00034,8e-05,0,2e-05,0.00014,0,-0,0,0,-1e-05,0.00036,-0.00022,-0,0.00018,0,-1e-05,0,-0.00289,-2e-05,-2e-05,-0.00014,0.00042,8e-05,1e-05,-0.02218,-0.00015,2e-05,0.00136,0.01023,-0.00051,-0.00121
75.18,-0.00079,0.00156,-0.0002,-0.00028,3e-05,0,-0,0.00011,-0,0,0,0,-1e-05,0.00036,-0.00022,-0,0.00018,0,-1e-05,0,-0.0029,0.00012,-9e-05,0.00025,0.0004,0.00011,1e-05,-0.02055,-0.00189,0.00016,0.00193,0.00869,-0.00038,-0.00097
75.2,-0.00095,0.00118,-0.00019,-0.00022,-1e-05,0,-3e-05,9e-05,-0,0,0,0,-0,0.00035,-0.0002,-0,0.00018,0,-1e-05,0,-0.00287,0.00029,-0.00019,0.00043,0.00039,0.00013,0,-0.01702,-0.00281,0.00018,0.00173,0.00697,-0.00023,-0.00069
75.22,-0.00114,0.00082,-0.00017,-0.00016,-4e-05,-0,-4e-05,5e-05,0,0,0,-0,-0,0.00034,-0.00018,-1e-05,0.00016,0,-1e-05,0,-0.00286,0.00052,-0.00026,0.00064,0.00039,0.00015,1e-05,-0.01251,-0.00287,0.00011,0.00122,0.00524,-8e-05,-0.00042
75.24,-0.00134,0.00046,-0.00016,-0.0001,-7e-05,0,-4e-05,2e-05,1e-05,1e-05,0,-0,-0,0.00032,-0.00015,-1e-05,0.00014,0,-1e-05,-0,-0.00281,0.00076,-0.00026,0.00092,0.00038,0.00015,2e-05,-0.00789,-0.00221,3e-05,0.0007,0.00367,2e-05,-0.0002
75.26,-0.00153,0.0001,-0.00016,-5e-05,-9e-05,-0,-5e-05,-0,1e-05,1e-05,0,-0,0,0.00027,-0.00012,-1e-05,0.00013,0,-0,-0,-0.00271,0.00097,-0.0002,0.00112,0.0003,0.00012,2e-05,-0.00381,-0.00109,-5e-05,0.0003,0.00236,6e-05,-5e-05
75.28,-0.0017,-0.00025,-0.00017,-1e-05,-0.00011,-0,-4e-05,-2e-05,2e-05,2e-05,-0,-0,0,0.00021,-9e-05,-1e-05,0.00011,0,-0,-0,-0.0026,0.00112,-9e-05,0.00133,0.00019,8e-05,2e-05,-0.00065,0.00016,-0.00011,4e-05,0.00137,3e-05,0
75.3,-0.00183,-0.00055,-0.00018,2e-05,-0.00011,0,-4e-05,-3e-05,3e-05,2e-05,-0,-0,0,0.00013,-6e-05,-1e-05,0.0001,-0,-0,-0,-0.00252,0.00121,3e-05,0.00151,3e-05,3e-05,1e-05,0.00145,0.00132,-0.00014,-8e-05,0.00068,-7e-05,-4e-05
75.32,-0.00188,-0.00076,-0.0002,5e-05,-8e-05,-0,-4e-05,-3e-05,3e-05,3e-05,-0,-0,0,3e-05,-3e-05,-1e-05,8e-05,-0,-0,-0,-0.00231,0.00105,0.00015,0.0019,-7e-05,-1e-05,-1e-05,0.00199,0.0019,-0.00016,-9e-05,0.00046,-0.00014,-0.00013
75.34,-0.00182,-0.00089,-0.00022,9e-05,-4e-05,-0,-4e-05,-2e-05,4e-05,4e-05,-0,-0,0,-7e-05,-1e-05,-1e-05,7e-05,-0,-0,-0,-0.00179,0.00054,0.00019,0.00268,4e-05,-0,-3e-05,0.00167,0.00202,-0.00016,-6e-05,0.00047,-0.00016,-0.00025
75.36,-0.00164,-0.00092,-0.00024,0.00013,2e-05,-0,-3e-05,-0,4e-05,6e-05,-0,-0,0,-0.00018,1e-05,-0,5e-05,0,-0,-0,-0.00098,-0.00013,0.00016,0.00342,0.00027,2e-05,-3e-05,0.00133,0.00208,-0.00015,-4e-05,0.00046,-0.00017,-0.00036
75.38,-0.00133,-0.00086,-0.00025,0.00019,0.00011,-0,-2e-05,1e-05,3e-05,7e-05,-0,-0,0,-0.0003,3e-05,-0,3e-05,0,-0,-0,0.00026,-0.00091,8e-05,0.00404,0.00043,0,-1e-05,0.00097,0.00207,-0.00014,-2e-05,0.00043,-0.00018,-0.00048
75.4,-0.00086,-0.00072,-0.00025,0.00026,0.0002,-0,-1e-05,3e-05,3e-05,8e-05,-0,-0,0,-0.00041,4e-05,-0,1e-05,-0,-0,0,0.00211,-0.0017,1e-05,0.00422,0.00036,-5e-05,8e-05,0.0006,0.00203,-0.00014,-0,0.00038,-0.00017,-0.00055
75.42,-0.00027,-0.0005,-0.00022,0.00034,0.00031,-0,1e-05,4e-05,2e-05,8e-05,-0,-0,0,-0.0005,5e-05,-0,-2e-05,-0,-1e-05,0,0.0047,-0.00235,-1e-05,0.00311,2e-05,-0.00016,0.00025,0.00024,0.00197,-0.00016,1e-05,0.0003,-0.00012,-0.00052
75.44,0.00038,-0.00025,-0.00018,0.00043,0.0004,-0,3e-05,5e-05,2e-05,8e-05,-0,-0,0,-0.00056,6e-05,-0,-5e-05,-0,-1e-05,0,0.00797,-0.00275,0,0.00083,-0.00052,-0.00036,0.00046,-0.00011,0.00194,-0.00021,1e-05,0.00022,-5e-05,-0.00041
75.46,0.00106,1e-05,-0.00011,0.00053,0.00048,-0,4e-05,6e-05,1e-05,7e-05,-0,-0,-0,-0.00061,6e-05,-0,-9e-05,-0,-1e-05,0,0.01167,-0.00283,-2e-05,-0.00195,-0.00098,-0.00057,0.00066,-0.00044,0.00196,-0.00027,1e-05,0.00013,3e-05,-0.00028
75.48,0.00176,0.00027,-4e-05,0.00064,0.00054,0,6e-05,6e-05,1e-05,6e-05,-0,-0,-0,-0.00064,6e-05,-0,-0.00014,-0,-1e-05,0,0.01546,-0.00253,-0.00013,-0.0051,-0.00097,-0.00075,0.00076,-0.00078,0.00205,-0.00035,1e-05,5e-05,0.00011,-0.00012
75.5,0.00243,0.00051,2e-05,0.00075,0.00059,-0,7e-05,7e-05,1e-05,5e-05,-0,-0,-0,-0.00065,6e-05,-0,-0.00019,-0,-1e-05,0,0.01875,-0.0019,-0.00031,-0.00732,-0.00023,-0.00077,0.00073,-0.00113,0.00221,-0.00045,1e-05,-3e-05,0.00017,4e-05
75.52,0.00297,0.00071,7e-05,0.00084,0.00062,-0,9e-05,7e-05,2e-05,4e-05,-0,-0,-0,-0.00063,6e-05,-1e-05,-0.00021,-0,-1e-05,0,0.02094,-0.00105,-0.00045,-0.00756,0.0012,-0.00057,0.00056,-0.00144,0.00241,-0.00053,1e-05,-0.0001,0.00022,0.00017
75.54,0.00334,0.00088,0.0001,0.00093,0.00062,-0,0.0001,7e-05,3e-05,3e-05,-0,-0,-0,-0.00059,5e-05,-1e-05,-0.00022,-0,-1e-05,-0,0.02205,-0.0001,-0.00051,-0.00657,0.00303,-0.00019,0.00028,-0.00177,0.00266,-0.00061,1e-05,-0.00017,0.00025,0.00028
75.56,0.00361,0.00101,0.0001,0.001,0.00062,0,0.00012,7e-05,4e-05,2e-05,-0,-0,-0,-0.00056,3e-05,-1e-05,-0.00023,-0,-1e-05,-0,0.02222,0.00085,-0.00053,-0.00486,0.00487,0.00029,-6e-05,-0.00214,0.00293,-0.00067,1e-05,-0.00023,0.00026,0.00033
75.58,0.00375,0.00112,8e-05,0.00105,0.0006,-0,0.00014,7e-05,6e-05,2e-05,-0,-0,-0,-0.00052,2e-05,-2e-05,-0.00023,-0,-1e-05,-1e-05,0.02146,0.00172,-0.0005,-0.00244,0.00631,0.00078,-0.00041,-0.00259,0.00322,-0.00072,0,-0.00028,0.00025,0.00034
75.6,0.00375,0.00121,5e-05,0.00109,0.00058,-0,0.00016,8e-05,8e-05,2e-05,-0,-0,0,-0.00047,-0,-2e-05,-0.00022,-0,-1e-05,-1e-05,0.01972,0.00252,-0.00036,0.00064,0.00688,0.00115,-0.00067,-0.00303,0.00347,-0.00075,-0,-0.00032,0.00022,0.00029
75.62,0.00356,0.00126,1e-05,0.00111,0.00054,-0,0.00016,8e-05,0.0001,3e-05,-0,-0,0,-0.00042,-3e-05,-2e-05,-0.0002,-0,-1e-05,-1e-05,0.01705,0.00323,-0.00016,0.00361,0.00617,0.00118,-0.00081,-0.00341,0.00368,-0.00073,-0,-0.00034,0.00015,0.00018
75.64,0.00323,0.0013,-3e-05,0.00112,0.00051,0,0.00015,9e-05,0.00012,4e-05,-0,0,0,-0.00037,-6e-05,-3e-05,-0.00017,-0,-1e-05,-1e-05,0.01372,0.00388,-1e-05,0.00588,0.0042,0.00092,-0.00076,-0.00377,0.00388,-0.00068,-0,-0.00033,9e-05,8e-05
75.66,0.00281,0.00133,-5e-05,0.00111,0.00047,0,0.00014,0.0001,0.00015,6e-05,-0,0,0,-0.00033,-9e-05,-3e-05,-0.00014,-0,-1e-05,-1e-05,0.00989,0.00452,7e-05,0.00761,0.0012,0.00053,-0.00047,-0.0041,0.00404,-0.00061,-1e-05,-0.00031,6e-05,3e-05
75.68,0.0023,0.00136,-6e-05,0.00109,0.00044,0,0.00013,0.00011,0.00017,7e-05,-0,0,0,-0.00028,-0.00012,-3e-05,-0.00011,-0,-1e-05,-1e-05,0.00555,0.00518,8e-05,0.00868,-0.00238,0.0001,0,-0.00435,0.00414,-0.00052,-1e-05,-0.00027,3e-05,0
75.7,0.00173,0.00137,-7e-05,0.00105,0.0004,0,0.00011,0.00012,0.00018,8e-05,-0,0,0,-0.00023,-0.00015,-3e-05,-8e-05,-0,-1e-05,-1e-05,0.00076,0.00581,5e-05,0.00936,-0.00591,-0.00022,0.00055,-0.00442,0.00418,-0.00042,-1e-05,-0.00023,3e-05,-1e-05
75.72,0.00112,0.00137,-7e-05,0.00101,0.00036,0,8e-05,0.00013,0.00019,9e-05,-0,0,0,-0.00019,-0.00018,-3e-05,-6e-05,-0,-1e-05,-1e-05,-0.00446,0.00627,3e-05,0.01021,-0.00911,-0.0006,0.00096,-0.00428,0.00412,-0.00033,-1e-05,-0.00021,3e-05,-0
75.74,0.00051,0.00135,-6e-05,0.00095,0.00032,0,3e-05,0.00014,0.00019,0.00011,-0,0,0,-0.00015,-0.00019,-3e-05,-5e-05,-0,-1e-05,-1e-05,-0.01003,0.00658,1e-05,0.01094,-0.01135,-0.00107,0.0011,-0.00392,0.00396,-0.00023,-1e-05,-0.00019,4e-05,1e-05
75.76,-0.00011,0.00131,-6e-05,0.00088,0.00028,0,-1e-05,0.00015,0.00018,0.00011,-0,0,0,-0.00011,-0.0002,-3e-05,-3e-05,-0,-1e-05,-1e-05,-0.01575,0.00678,-1e-05,0.01124,-0.01195,-0.0014,0.00102,-0.00339,0.00368,-0.00014,-1e-05,-0.00016,5e-05,3e-05
75.78,-0.00072,0.00126,-6e-05,0.0008,0.00024,0,-5e-05,0.00015,0.00017,0.0001,-0,-0,0,-7e-05,-0.0002,-2e-05,-2e-05,-0,-1e-05,-1e-05,-0.02125,0.00679,0,0.01127,-0.01083,-0.00152,0.00076,-0.00271,0.00331,-6e-05,-1e-05,-0.00015,6e-05,5e-05
75.8,-0.0012,0.00118,-7e-05,0.00072,0.0002,0,-0.0001,0.00014,0.00016,9e-05,-0,-0,0,-4e-05,-0.00018,-2e-05,-1e-05,-0,-1e-05,-1e-05,-0.02605,0.00653,3e-05,0.01076,-0.00804,-0.00129,0.00043,-0.00203,0.00283,1e-05,-1e-05,-0.00013,8e-05,6e-05
75.82,-0.00148,0.00106,-9e-05,0.00063,0.00016,0,-0.00013,0.00013,0.00014,7e-05,-0,-0,0,-1e-05,-0.00015,-1e-05,-0,-0,-0,-0,-0.02959,0.00598,0.0001,0.00945,-0.00404,-0.00069,0.00014,-0.00146,0.00227,7e-05,-1e-05,-0.00012,9e-05,8e-05
75.84,-0.00161,0.0009,-0.00012,0.00056,0.00012,0,-0.00014,0.00012,0.00012,5e-05,-0,-0,0,2e-05,-0.00011,-1e-05,0,-0,-0,-0,-0.03138,0.00515,0.0002,0.00775,0.00036,7e-05,-7e-05,-0.00098,0.00172,0.00015,-0,-0.0001,0.0001,9e-05
75.86,-0.00163,0.00069,-0.00014,0.00047,9e-05,0,-0.00014,0.0001,0.0001,3e-05,-0,-0,0,4e-05,-7e-05,-0,-0,-0,-0,0,-0.03115,0.00411,0.00028,0.00599,0.00448,0.00083,-0.00018,-0.00057,0.00123,0.00024,-0,-9e-05,0.0001,9e-05
75.88,-0.00155,0.00042,-0.00016,0.00039,6e-05,-0,-0.00012,7e-05,8e-05,1e-05,-0,-0,0,6e-05,-3e-05,-0,-1e-05,-0,-0,0,-0.0289,0.00298,0.00033,0.00419,0.00767,0.0015,-0.00018,-0.00027,0.00082,0.00032,-0,-7e-05,9e-05,9e-05
75.9,-0.00133,0.0001,-0.00018,0.00032,2e-05,-0,-8e-05,5e-05,7e-05,-1e-05,-0,-0,0,7e-05,1e-05,0,-2e-05,-0,-0,1e-05,-0.02517,0.00197,0.00032,0.00282,0.0094,0.00187,-0.00013,-7e-05,0.0005,0.0004,-0,-6e-05,8e-05,8e-05
75.92,-0.00098,-0.00026,-0.00018,0.00027,-2e-05,0,-5e-05,2e-05,5e-05,-2e-05,-0,0,0,7e-05,3e-05,0,-3e-05,-0,-0,1e-05,-0.02067,0.0012,0.00025,0.00201,0.00942,0.00173,-0.00012,6e-05,0.00026,0.00048,-0,-5e-05,6e-05,6e-05
75.94,-0.00064,-0.00061,-0.00016,0.00022,-6e-05,-0,-1e-05,-1e-05,4e-05,-3e-05,-0,0,0,7e-05,4e-05,0,-4e-05,-0,0,1e-05,-0.01576,0.00065,0.00015,0.00144,0.00807,0.00129,-0.00012,0.00012,0.00011,0.00054,-0,-5e-05,3e-05,4e-05
75.96,-0.00035,-0.0009,-0.00014,0.00017,-9e-05,0,3e-05,-3e-05,3e-05,-3e-05,-0,0,0,6e-05,3e-05,0,-6e-05,-0,0,1e-05,-0.011,0.00032,7e-05,0.00106,0.00603,0.00083,-0.0001,0.00016,3e-05,0.00058,-0,-4e-05,1e-05,2e-05
75.98,-0.00013,-0.00109,-0.00011,0.00012,-0.00013,0,6e-05,-4e-05,3e-05,-4e-05,-0,0,0,5e-05,2e-05,0,-7e-05,-0,0,1e-05,-0.00693,0.00016,1e-05,0.00089,0.00391,0.00043,-7e-05,0.00017,-1e-05,0.0006,-0,-3e-05,-1e-05,1e-05
76,1e-05,-0.00117,-8e-05,7e-05,-0.00015,0,8e-05,-5e-05,3e-05,-4e-05,-0,0,0,3e-05,-1e-05,1e-05,-8e-05,-0,0,1e-05,-0.00375,0.0001,-1e-05,0.00084,0.00219,0.00018,-3e-05,0.00018,-2e-05,0.0006,-0,-2e-05,-2e-05,-0
76.02,7e-05,-0.00116,-5e-05,3e-05,-0.00017,0,7e-05,-5e-05,2e-05,-3e-05,-0,-0,0,1e-05,-4e-05,1e-05,-8e-05,-0,0,1e-05,-0.00147,4e-05,-1e-05,0.0008,0.00102,6e-05,-0,0.00019,-3e-05,0.00057,0,-2e-05,-3e-05,-1e-05
76.04,7e-05,-0.00107,-2e-05,-1e-05,-0.00017,0,4e-05,-5e-05,2e-05,-3e-05,-0,-0,0,0,-6e-05,1e-05,-8e-05,-0,0,1e-05,5e-05,-5e-05,1e-05,0.00067,0.00032,-0,1e-05,0.0002,-6e-05,0.00052,0,-1e-05,-4e-05,-1e-05
76.06,2e-05,-0.00096,-0,-5e-05,-0.00016,0,1e-05,-4e-05,2e-05,-3e-05,-0,-0,0,-1e-05,-8e-05,1e-05,-8e-05,-0,-0,1e-05,0.00102,-0.00022,2e-05,0.0004,-1e-05,-3e-05,1e-05,0.00019,-0.00011,0.00047,0,-1e-05,-3e-05,-0
76.08,-6e-05,-0.00085,1e-05,-7e-05,-0.00014,0,-4e-05,-4e-05,2e-05,-3e-05,-0,-0,0,-1e-05,-0.0001,1e-05,-7e-05,-0,-0,1e-05,0.00133,-0.00038,1e-05,0.00016,-5e-05,-3e-05,1e-05,0.00018,-0.00021,0.00042,0,-0,-3e-05,0
76.1,-0.00014,-0.00076,2e-05,-9e-05,-0.0001,-0,-0.0001,-3e-05,1e-05,-2e-05,-0,-0,0,-2e-05,-0.0001,1e-05,-5e-05,-0,-0,1e-05,0.00127,-0.00048,-2e-05,8e-05,-2e-05,-2e-05,0,0.00016,-0.00033,0.00037,0,0,-2e-05,2e-05
76.12,-0.00024,-0.00071,2e-05,-0.0001,-7e-05,-0,-0.00016,-2e-05,1e-05,-2e-05,-0,-0,0,-2e-05,-0.0001,1e-05,-4e-05,-0,-0,1e-05,0.00114,-0.00053,-6e-05,0.00018,1e-05,-1e-05,0,0.00012,-0.00048,0.00031,0,0,-1e-05,3e-05
76.14,-0.00035,-0.0007,2e-05,-9e-05,-4e-05,-0,-0.00021,-1e-05,1e-05,-2e-05,-0,-0,0,-2e-05,-8e-05,1e-05,-3e-05,-0,-0,1e-05,0.00092,-0.00056,-0.0001,0.00034,3e-05,-0,-0,7e-05,-0.00064,0.00026,0,0,1e-05,3e-05
76.16,-0.00047,-0.00073,2e-05,-8e-05,-1e-05,-0,-0.00025,-1e-05,1e-05,-2e-05,-0,-0,0,-2e-05,-6e-05,1e-05,-2e-05,-0,-0,1e-05,0.00058,-0.00058,-0.00014,0.0004,5e-05,0,-0,2e-05,-0.00081,0.0002,0,0,2e-05,3e-05
76.18,-0.00058,-0.00077,1e-05,-7e-05,-0,-0,-0.00028,-1e-05,1e-05,-2e-05,-0,-0,0,-1e-05,-3e-05,0,-2e-05,-0,-0,1e-05,0.00014,-0.00057,-0.00018,0.00046,6e-05,0,0,-4e-05,-0.00096,0.00014,0,0,3e-05,3e-05
76.2,-0.0007,-0.0008,0,-4e-05,0,-0,-0.00028,-1e-05,0,-2e-05,-0,-0,0,-1e-05,-0,-1e-05,-2e-05,-0,-0,1e-05,-0.00038,-0.00057,-0.00022,0.00045,7e-05,0,0,-9e-05,-0.0011,7e-05,0,-0,3e-05,2e-05
76.22,-0.0008,-0.00079,-1e-05,-2e-05,0,-0,-0.00027,-1e-05,0,-3e-05,-0,-0,0,-1e-05,2e-05,-1e-05,-2e-05,-0,-0,0,-0.00094,-0.00059,-0.00025,0.00036,7e-05,0,0,-0.00014,-0.00119,1e-05,0,-0,4e-05,1e-05
76.24,-0.00087,-0.00073,-2e-05,1e-05,-0,-0,-0.00025,-0,0,-3e-05,-0,-0,0,-0,4e-05,-2e-05,-3e-05,-0,-0,0,-0.00148,-0.00059,-0.00025,0.00027,7e-05,0,0,-0.00017,-0.00124,-4e-05,0,-0,3e-05,0
76.26,-0.00086,-0.00063,-4e-05,4e-05,-1e-05,-0,-0.00022,-0,1e-05,-4e-05,-0,0,0,-0,6e-05,-2e-05,-5e-05,-0,-0,-0,-0.00198,-0.00056,-0.00024,0.00021,6e-05,0,0,-0.00019,-0.00122,-0.0001,0,0,3e-05,-1e-05
76.28,-0.00078,-0.00049,-5e-05,8e-05,-2e-05,-0,-0.00018,-0,1e-05,-4e-05,-0,0,0,0,6e-05,-3e-05,-6e-05,-0,-0,-0,-0.0024,-0.00049,-0.00021,0.00016,6e-05,0,0,-0.00019,-0.00115,-0.00014,0,1e-05,2e-05,-2e-05
76.3,-0.00063,-0.00033,-6e-05,0.00013,-3e-05,-0,-0.00014,-0,1e-05,-5e-05,-0,0,0,-0,5e-05,-3e-05,-7e-05,-0,-0,-1e-05,-0.0027,-0.0004,-0.00017,8e-05,5e-05,0,-0,-0.00018,-0.00103,-0.00018,0,1e-05,2e-05,-2e-05
76.32,-0.00044,-0.00017,-6e-05,0.00021,-4e-05,-0,-0.0001,-0,1e-05,-5e-05,-0,0,0,-0,4e-05,-3e-05,-8e-05,-0,-0,-1e-05,-0.00287,-0.00029,-0.00013,-1e-05,5e-05,0,-0,-0.00016,-0.00087,-0.00021,0,2e-05,1e-05,-2e-05
76.34,-0.00024,-4e-05,-5e-05,0.0003,-5e-05,-0,-8e-05,0,1e-05,-5e-05,-0,0,0,0,2e-05,-2e-05,-8e-05,-0,-0,-1e-05,-0.00289,-0.00017,-9e-05,-9e-05,4e-05,-0,-0,-0.00012,-0.00069,-0.00023,0,3e-05,0,-2e-05
76.36,-7e-05,5e-05,-4e-05,0.00042,-5e-05,-0,-5e-05,0,1e-05,-5e-05,-0,0,0,0,-1e-05,-2e-05,-7e-05,-0,-0,-1e-05,-0.00274,-4e-05,-5e-05,-0.00016,3e-05,-0,-0,-8e-05,-0.0005,-0.00024,0,4e-05,0,-1e-05
76.38,5e-05,0.0001,-2e-05,0.00057,-5e-05,0,-4e-05,-0,1e-05,-4e-05,-0,0,0,1e-05,-4e-05,-1e-05,-6e-05,-0,-0,-1e-05,-0.00244,9e-05,-2e-05,-0.00021,2e-05,0,-0,-4e-05,-0.0003,-0.00025,0,5e-05,0,-1e-05
76.4,0.00011,0.00011,1e-05,0.00073,-4e-05,0,-3e-05,-0,0,-4e-05,-0,0,0,1e-05,-6e-05,-1e-05,-5e-05,-0,-0,-0,-0.00208,0.0002,-0,-0.00026,1e-05,0,0,1e-05,-0.00012,-0.00025,0,6e-05,1e-05,0
76.42,0.0001,8e-05,3e-05,0.00089,-3e-05,0,-2e-05,-1e-05,-0,-4e-05,-0,0,0,2e-05,-8e-05,-1e-05,-4e-05,-0,-0,-0,-0.00171,0.00029,1e-05,-0.00029,1e-05,0,0,7e-05,4e-05,-0.00025,0,7e-05,1e-05,1e-05
76.44,2e-05,3e-05,5e-05,0.00105,-2e-05,0,-1e-05,-1e-05,-1e-05,-4e-05,-0,0,0,2e-05,-9e-05,-0,-3e-05,-0,-0,-0,-0.00134,0.00036,2e-05,-0.00031,0,0,0,0.00014,0.00015,-0.00025,0,9e-05,2e-05,2e-05
76.46,-0.00012,-3e-05,7e-05,0.00119,-1e-05,0,-1e-05,-2e-05,-2e-05,-4e-05,-0,0,0,2e-05,-0.0001,-0,-2e-05,-0,-0,-0,-0.00099,0.0004,3e-05,-0.00032,-0,0,0,0.00022,0.00022,-0.00026,0,0.0001,2e-05,2e-05
76.48,-0.0003,-9e-05,8e-05,0.00131,-1e-05,-0,-1e-05,-2e-05,-2e-05,-5e-05,-0,-0,0,2e-05,-9e-05,0,-2e-05,-0,-0,-0,-0.00068,0.00041,5e-05,-0.0003,-1e-05,0,0,0.00031,0.00025,-0.00026,0,0.00011,2e-05,2e-05
76.5,-0.0005,-0.00014,9e-05,0.00138,-0,-0,-1e-05,-2e-05,-3e-05,-6e-05,-0,-0,0,2e-05,-8e-05,0,-1e-05,-0,-0,0,-0.00042,0.00039,6e-05,-0.00027,-1e-05,0,0,0.00039,0.00023,-0.00026,0,0.00012,2e-05,2e-05
76.52,-0.00074,-0.00017,9e-05,0.00137,0,-0,-1e-05,-2e-05,-4e-05,-8e-05,-0,-0,0,3e-05,-6e-05,0,-1e-05,-0,-0,0,-0.00023,0.00036,8e-05,-0.00024,-1e-05,0,0,0.00045,0.00019,-0.00026,0,0.00012,2e-05,2e-05
76.54,-0.00099,-0.00019,9e-05,0.0013,0,-0,-0,-2e-05,-4e-05,-9e-05,-0,-0,1e-05,3e-05,-5e-05,-0,-0,-0,-0,0,-0.0001,0.00031,9e-05,-0.00021,-1e-05,0,0,0.00049,0.00014,-0.00025,0,0.00011,2e-05,2e-05
76.56,-0.00126,-0.00021,9e-05,0.00119,0,-0,-0,-2e-05,-5e-05,-0.0001,-0,-0,1e-05,3e-05,-3e-05,-0,-0,-0,-0,0,-3e-05,0.00026,0.0001,-0.00018,-0,0,0,0.0005,8e-05,-0.00023,0,0.0001,1e-05,1e-05
76.58,-0.00155,-0.00022,9e-05,0.00104,0,-0,0,-2e-05,-5e-05,-0.00012,-0,-0,1e-05,4e-05,-1e-05,-0,-0,-0,-0,1e-05,-2e-05,0.00022,0.0001,-0.00015,-0,0,0,0.00048,2e-05,-0.0002,0,0.0001,1e-05,1e-05
76.6,-0.00186,-0.00022,9e-05,0.00087,0,-0,1e-05,-1e-05,-6e-05,-0.00013,-0,-0,1e-05,4e-05,1e-05,-0,-0,-0,-0,1e-05,-4e-05,0.00019,0.0001,-0.00013,-0,0,0,0.00043,-2e-05,-0.00017,0,9e-05,1e-05,1e-05
76.62,-0.00222,-0.00022,9e-05,0.00069,0,-0,2e-05,-0,-6e-05,-0.00013,-0,-0,1e-05,4e-05,2e-05,-0,-0,-0,-0,1e-05,-9e-05,0.00016,0.0001,-0.00012,-0,0,0,0.00036,-6e-05,-0.00013,0,8e-05,0,2e-05
76.64,-0.00259,-0.00023,9e-05,0.00053,0,-0,2e-05,0,-6e-05,-0.00013,-0,-0,1e-05,4e-05,3e-05,-0,-0,-0,-0,1e-05,-0.00015,0.00015,8e-05,-0.00011,0,0,0,0.00028,-7e-05,-9e-05,0,7e-05,0,2e-05
76.66,-0.00294,-0.00023,8e-05,0.00037,0,-0,3e-05,1e-05,-6e-05,-0.00012,-0,-0,1e-05,5e-05,4e-05,0,-0,-0,-0,1e-05,-0.00022,0.00015,6e-05,-0.00011,0,0,0,0.00019,-7e-05,-5e-05,0,6e-05,0,2e-05
76.68,-0.00327,-0.00023,8e-05,0.00024,0,-0,3e-05,1e-05,-6e-05,-0.0001,-0,-0,1e-05,5e-05,5e-05,0,-0,-0,-0,1e-05,-0.00029,0.00016,4e-05,-0.0001,0,0,0,0.0001,-6e-05,-1e-05,0,5e-05,1e-05,3e-05
76.7,-0.00354,-0.00023,8e-05,0.00013,-0,-0,3e-05,1e-05,-6e-05,-9e-05,-0,-0,1e-05,4e-05,5e-05,0,-0,-0,-0,1e-05,-0.00036,0.00017,1e-05,-0.0001,0,0,0,2e-05,-3e-05,3e-05,0,4e-05,1e-05,3e-05
76.72,-0.00374,-0.00023,8e-05,6e-05,-0,-0,4e-05,1e-05,-6e-05,-7e-05,-0,-0,1e-05,4e-05,6e-05,0,0,-0,-0,1e-05,-0.00042,0.00018,-1e-05,-0.0001,0,0,0,-6e-05,0,6e-05,0,3e-05,1e-05,4e-05
76.74,-0.00384,-0.00023,8e-05,1e-05,-1e-05,0,4e-05,1e-05,-5e-05,-6e-05,-0,-0,1e-05,4e-05,6e-05,0,0,-0,-0,1e-05,-0.00047,0.00018,-2e-05,-9e-05,1e-05,0,-0,-0.00013,4e-05,9e-05,0,2e-05,2e-05,4e-05
76.76,-0.00383,-0.00023,8e-05,-2e-05,-1e-05,-0,4e-05,1e-05,-5e-05,-5e-05,-0,-0,1e-05,4e-05,6e-05,0,0,-0,-0,1e-05,-0.00051,0.00018,-2e-05,-8e-05,1e-05,-0,-0,-0.00019,8e-05,0.00011,0,1e-05,2e-05,4e-05
76.78,-0.00372,-0.00023,8e-05,-3e-05,-1e-05,-0,3e-05,1e-05,-4e-05,-4e-05,-0,-0,1e-05,4e-05,7e-05,0,1e-05,-0,-0,1e-05,-0.00053,0.00018,-2e-05,-7e-05,1e-05,-0,-0,-0.00024,0.00013,0.00013,0,1e-05,2e-05,4e-05
76.8,-0.00349,-0.00023,7e-05,-3e-05,-1e-05,-0,3e-05,0,-3e-05,-3e-05,-0,-0,0,4e-05,7e-05,0,1e-05,-0,-0,1e-05,-0.00055,0.00016,-1e-05,-6e-05,1e-05,-0,-0,-0.00027,0.00016,0.00013,0,-0,2e-05,3e-05
76.82,-0.00316,-0.00023,6e-05,-3e-05,-1e-05,0,2e-05,-0,-3e-05,-2e-05,-0,-0,0,4e-05,7e-05,-0,1e-05,-0,-0,1e-05,-0.00054,0.00015,-1e-05,-5e-05,1e-05,-0,-0,-0.0003,0.0002,0.00012,0,-1e-05,2e-05,3e-05
76.84,-0.00276,-0.00022,6e-05,-2e-05,-1e-05,-0,2e-05,-1e-05,-2e-05,-2e-05,-0,-0,0,5e-05,7e-05,-0,1e-05,-0,-0,1e-05,-0.00053,0.00013,-1e-05,-3e-05,1e-05,-0,-0,-0.00031,0.00022,0.00011,0,-1e-05,2e-05,2e-05
76.86,-0.00232,-0.00021,5e-05,-1e-05,-1e-05,-0,1e-05,-1e-05,-1e-05,-1e-05,-0,-0,0,5e-05,7e-05,-0,2e-05,-0,-0,1e-05,-0.00049,0.00013,-1e-05,-2e-05,1e-05,-0,-0,-0.0003,0.00024,0.0001,-0,-2e-05,2e-05,1e-05
76.88,-0.00188,-0.0002,4e-05,-0,-1e-05,-0,-0,-2e-05,-1e-05,-1e-05,-0,-0,0,6e-05,7e-05,-0,2e-05,-0,-0,1e-05,-0.00044,0.00012,-2e-05,-0,1e-05,-0,-0,-0.00029,0.00025,8e-05,-0,-2e-05,2e-05,1e-05
76.9,-0.00145,-0.00019,3e-05,-0,-1e-05,0,-2e-05,-2e-05,-1e-05,-1e-05,-0,-0,0,8e-05,7e-05,-0,2e-05,-0,-0,1e-05,-0.00037,0.00011,-3e-05,1e-05,0,-0,-0,-0.00027,0.00025,6e-05,-0,-3e-05,2e-05,0
76.92,-0.00105,-0.00017,3e-05,0,-1e-05,-0,-3e-05,-2e-05,-0,-1e-05,0,-0,0,9e-05,6e-05,-0,3e-05,-0,-0,1e-05,-0.0003,0.00011,-5e-05,2e-05,0,-0,-0,-0.00025,0.00025,4e-05,-1e-05,-4e-05,2e-05,-0
76.94,-0.00071,-0.00015,2e-05,0,-1e-05,-0,-4e-05,-2e-05,0,-1e-05,0,-0,0,0.0001,6e-05,-0,3e-05,-0,-0,0,-0.00021,9e-05,-6e-05,4e-05,0,-0,-0,-0.00022,0.00023,3e-05,-1e-05,-4e-05,2e-05,-1e-05
76.96,-0.00044,-0.00014,1e-05,-0,-1e-05,-0,-5e-05,-2e-05,0,-1e-05,0,-0,0,0.00011,6e-05,-0,3e-05,-0,-0,0,-0.00012,7e-05,-7e-05,5e-05,0,-0,-0,-0.00019,0.00021,1e-05,-1e-05,-5e-05,2e-05,-1e-05
76.98,-0.00026,-0.00012,1e-05,-0,-1e-05,0,-6e-05,-2e-05,0,-1e-05,0,-0,0,0.00013,6e-05,-0,4e-05,-0,-0,0,-2e-05,4e-05,-8e-05,6e-05,0,-0,-0,-0.00015,0.00018,-0,-2e-05,-6e-05,1e-05,-1e-05
77,-0.00014,-0.00011,0,-1e-05,-1e-05,-0,-7e-05,-2e-05,1e-05,-1e-05,-0,-0,0,0.00014,6e-05,-1e-05,4e-05,-0,0,0,8e-05,1e-05,-9e-05,7e-05,0,-0,-0,-0.00012,0.00014,-1e-05,-2e-05,-6e-05,1e-05,-1e-05
77.02,-9e-05,-9e-05,-1e-05,-1e-05,-1e-05,-0,-8e-05,-2e-05,1e-05,-1e-05,-0,-0,0,0.00015,6e-05,-1e-05,4e-05,-0,0,0,0.00018,-4e-05,-9e-05,9e-05,0,-0,-0,-9e-05,9e-05,-1e-05,-2e-05,-7e-05,1e-05,-1e-05
77.04,-9e-05,-8e-05,-1e-05,-1e-05,-1e-05,-0,-8e-05,-2e-05,1e-05,-1e-05,-0,0,0,0.00016,7e-05,-1e-05,4e-05,-0,0,0,0.00028,-9e-05,-0.0001,0.00011,0,-0,-0,-6e-05,4e-05,-0,-3e-05,-8e-05,1e-05,-1e-05
77.06,-0.00013,-7e-05,-3e-05,-1e-05,-1e-05,0,-7e-05,-2e-05,1e-05,-1e-05,-0,0,0,0.00018,8e-05,-1e-05,4e-05,-0,0,0,0.00038,-0.00014,-0.00011,0.00012,0,-0,-0,-3e-05,-3e-05,2e-05,-3e-05,-8e-05,1e-05,-0
77.08,-0.00019,-6e-05,-4e-05,-0,-1e-05,-0,-5e-05,-2e-05,1e-05,-1e-05,-0,0,0,0.00019,0.0001,-1e-05,4e-05,-0,0,0,0.00047,-0.0002,-0.00013,0.00014,1e-05,-0,-0,-2e-05,-0.00012,4e-05,-3e-05,-9e-05,0,-0
77.1,-0.00026,-4e-05,-5e-05,1e-05,-1e-05,-0,-3e-05,-2e-05,1e-05,-1e-05,-0,0,0,0.0002,0.00013,-2e-05,4e-05,-0,0,0,0.00056,-0.00026,-0.00016,0.00017,1e-05,-0,-0,-1e-05,-0.00021,6e-05,-2e-05,-9e-05,0,-0
77.12,-0.00033,-2e-05,-7e-05,3e-05,-1e-05,-0,-1e-05,-2e-05,1e-05,-1e-05,-0,0,-0,0.00021,0.00016,-2e-05,4e-05,-0,0,0,0.00064,-0.00032,-0.00019,0.00019,1e-05,-0,-0,-2e-05,-0.00032,9e-05,-1e-05,-0.0001,0,-0
77.14,-0.00036,0,-9e-05,7e-05,-2e-05,0,2e-05,-3e-05,1e-05,-1e-05,-0,0,-0,0.00022,0.00021,-2e-05,4e-05,-0,0,0,0.00072,-0.00038,-0.00023,0.00022,1e-05,-0,-0,-3e-05,-0.00045,0.00013,0,-9e-05,0,-0
77.16,-0.00033,3e-05,-0.0001,0.00012,-2e-05,-0,5e-05,-3e-05,2e-05,-1e-05,-0,0,-0,0.00023,0.00026,-2e-05,4e-05,-0,0,0,0.00078,-0.00043,-0.00029,0.00025,1e-05,-0,-0,-5e-05,-0.00057,0.00016,3e-05,-9e-05,-0,-1e-05
77.18,-0.00019,6e-05,-0.00012,0.0002,-2e-05,-0,8e-05,-4e-05,2e-05,-0,-0,0,-0,0.00023,0.00032,-2e-05,3e-05,-0,0,0,0.00084,-0.00046,-0.00034,0.00028,1e-05,-0,-0,-7e-05,-0.0007,0.0002,6e-05,-9e-05,-1e-05,-1e-05
77.2,8e-05,0.0001,-0.00013,0.0003,-2e-05,-0,0.0001,-5e-05,2e-05,1e-05,-0,0,-1e-05,0.00024,0.00038,-2e-05,3e-05,-0,0,0,0.00089,-0.00048,-0.0004,0.00031,1e-05,-0,-0,-9e-05,-0.0008,0.00024,0.00011,-9e-05,-1e-05,-1e-05
77.22,0.00055,0.00014,-0.00013,0.00041,-2e-05,-0,0.00013,-5e-05,2e-05,1e-05,-0,0,-1e-05,0.00024,0.00045,-2e-05,2e-05,-0,0,-0,0.00095,-0.00048,-0.00045,0.00035,1e-05,-0,-0,-9e-05,-0.00087,0.00029,0.00016,-8e-05,-1e-05,-1e-05
77.24,0.00124,0.00017,-0.00012,0.00052,-2e-05,-0,0.00014,-6e-05,2e-05,2e-05,-0,1e-05,-1e-05,0.00023,0.00052,-2e-05,2e-05,-0,1e-05,-0,0.001,-0.00046,-0.00049,0.00038,1e-05,-0,-0,-7e-05,-0.0009,0.00034,0.00022,-7e-05,-1e-05,-1e-05
77.26,0.00218,0.00019,-0.00011,0.00063,-1e-05,-0,0.00016,-6e-05,2e-05,4e-05,-0,1e-05,-1e-05,0.00022,0.00058,-1e-05,2e-05,-0,1e-05,-1e-05,0.00107,-0.00041,-0.0005,0.00042,0,-0,-0,-3e-05,-0.00087,0.0004,0.00029,-6e-05,-0,-0
77.28,0.00335,0.00019,-9e-05,0.00072,-0,-0,0.00017,-6e-05,2e-05,5e-05,-0,1e-05,-2e-05,0.0002,0.00062,-0,2e-05,-0,2e-05,-1e-05,0.00116,-0.00035,-0.00048,0.00047,0,-0,-0,1e-05,-0.00078,0.00046,0.00035,-6e-05,1e-05,0
77.3,0.00467,0.00014,-6e-05,0.00076,0,-0,0.00017,-6e-05,2e-05,6e-05,-0,1e-05,-2e-05,0.00018,0.00064,0,2e-05,-0,2e-05,-2e-05,0.00129,-0.00027,-0.00043,0.00052,-0,0,0,4e-05,-0.00064,0.00052,0.00041,-5e-05,2e-05,1e-05
77.32,0.00597,5e-05,-3e-05,0.00068,0,0,0.00018,-5e-05,2e-05,0.0001,0,2e-05,-2e-05,0.00016,0.00065,1e-05,2e-05,0,3e-05,-2e-05,0.00146,-0.00018,-0.00035,0.00058,-1e-05,0,0,4e-05,-0.00046,0.00057,0.00045,-4e-05,3e-05,2e-05
77.34,0.00714,-9e-05,-1e-05,0.00051,-1e-05,0,0.00018,-4e-05,2e-05,0.00017,0,2e-05,-2e-05,0.00013,0.00065,2e-05,2e-05,0,3e-05,-2e-05,0.0017,-9e-05,-0.00023,0.00066,-1e-05,0,0,-0,-0.00025,0.00059,0.00046,-4e-05,4e-05,3e-05
77.36,0.0081,-0.00029,1e-05,0.0003,-3e-05,0,0.00019,-3e-05,1e-05,0.00025,0,3e-05,-1e-05,0.0001,0.00062,2e-05,1e-05,0,4e-05,-2e-05,0.00202,-1e-05,-9e-05,0.00076,-1e-05,0,0,-7e-05,-3e-05,0.00056,0.00042,-4e-05,5e-05,4e-05
77.38,0.00879,-0.00051,2e-05,5e-05,-7e-05,0,0.00019,-2e-05,1e-05,0.00034,0,3e-05,-1e-05,7e-05,0.00059,3e-05,1e-05,0,4e-05,-2e-05,0.0024,6e-05,6e-05,0.00088,-2e-05,0,0,-0.00012,0.00017,0.00047,0.00033,-3e-05,6e-05,4e-05
77.4,0.00897,-0.00074,2e-05,-0.00021,-0.0001,0,0.00018,-1e-05,0,0.00046,0,3e-05,-0,5e-05,0.00055,4e-05,0,0,5e-05,-2e-05,0.00287,0.00012,0.00021,0.00102,-2e-05,0,0,-4e-05,0.00036,0.0003,0.00017,-3e-05,5e-05,4e-05
77.42,0.0083,-0.00094,1e-05,-0.00049,-0.00014,0,0.00018,-1e-05,0,0.00061,0,3e-05,0,2e-05,0.00051,4e-05,0,0,5e-05,-2e-05,0.00346,0.00017,0.00036,0.00118,-2e-05,0,0,0.00033,0.00051,4e-05,-0.00012,-2e-05,4e-05,2e-05
77.44,0.00705,-0.00105,2e-05,-0.00074,-0.00017,0,0.00018,-1e-05,-0,0.00075,0,3e-05,1e-05,0,0.00048,5e-05,-0,0,5e-05,-2e-05,0.00411,0.00022,0.00051,0.00135,-2e-05,0,0,0.00108,0.00049,-0.00028,-0.00045,-6e-05,1e-05,-0
77.46,0.00555,-0.00104,5e-05,-0.00091,-0.00017,-0,0.00021,-1e-05,-0,0.00088,0,2e-05,1e-05,-1e-05,0.00046,7e-05,0,0,5e-05,-1e-05,0.00473,0.00026,0.00064,0.00153,-2e-05,0,0,0.0022,0.00021,-0.0006,-0.00048,-0.00016,-4e-05,-6e-05
77.48,0.0039,-0.00091,0.00012,-0.001,-0.00016,0,0.00027,-0,-0,0.00098,0,2e-05,1e-05,-1e-05,0.00046,9e-05,2e-05,0,6e-05,-0,0.00527,0.00028,0.00074,0.00169,-2e-05,0,0,0.00364,-0.00029,-0.00085,0.00021,-0.00029,-0.00011,-0.00014
77.5,0.00231,-0.00071,0.00026,-0.00099,-0.00012,0,0.00039,1e-05,-0,0.00103,0,2e-05,1e-05,-0,0.00046,0.00012,4e-05,0,5e-05,1e-05,0.00565,0.00028,0.00082,0.00187,-2e-05,0,0,0.00513,-0.00096,-0.00092,0.00228,-0.00051,-0.00021,-0.00028
77.52,0.00097,-0.00048,0.00046,-0.00089,-7e-05,0,0.00058,3e-05,0,0.00103,0,1e-05,1e-05,2e-05,0.00044,0.00015,8e-05,0,5e-05,2e-05,0.00574,0.00024,0.0009,0.00214,-1e-05,0,0,0.00614,-0.00167,-0.00074,0.00664,-0.00084,-0.00032,-0.00048
77.54,-0.00013,-0.00028,0.00075,-0.00073,-2e-05,-0,0.00083,6e-05,0,0.00099,0,1e-05,1e-05,6e-05,0.00042,0.00019,0.00013,0,5e-05,3e-05,0.0055,0.00015,0.00093,0.00243,-0,0,0,0.00593,-0.0022,-0.00016,0.01402,-0.00133,-0.00044,-0.00076
77.56,-0.00101,-0.00014,0.00111,-0.00053,1e-05,0,0.00115,0.00011,1e-05,0.00092,0,1e-05,1e-05,0.00013,0.00039,0.00024,0.0002,1e-05,4e-05,5e-05,0.00494,1e-05,0.0009,0.00268,0,0,0,0.00387,-0.00231,0.00087,0.02445,-0.00197,-0.00056,-0.0011
77.58,-0.00172,-6e-05,0.00155,-0.0003,3e-05,0,0.00151,0.00018,2e-05,0.00084,0,1e-05,1e-05,0.00024,0.00036,0.0003,0.00027,1e-05,4e-05,6e-05,0.00409,-0.00017,0.00082,0.00292,1e-05,0,0,-0.00032,-0.00194,0.00219,0.03872,-0.00269,-0.00064,-0.00149
77.6,-0.0021,-2e-05,0.00204,-3e-05,1e-05,0,0.00189,0.00027,3e-05,0.00073,0,1e-05,1e-05,0.00041,0.00034,0.00036,0.00035,1e-05,3e-05,8e-05,0.00297,-0.0004,0.00065,0.00313,2e-05,0,0,-0.00581,-0.00098,0.00341,0.04919,-0.00318,-0.00074,-0.00187
77.62,-0.00199,2e-05,0.00256,0.00026,-6e-05,-0,0.00231,0.0004,5e-05,0.00063,0,1e-05,2e-05,0.00065,0.00033,0.00041,0.00041,2e-05,3e-05,9e-05,0.00166,-0.00063,0.00037,0.00332,3e-05,0,0,-0.00766,0.00017,0.00212,0.03912,-0.00294,-0.00119,-0.00236
77.64,-0.00161,0.0001,0.00307,0.00056,-0.00018,0,0.00271,0.00057,6e-05,0.00054,0,1e-05,2e-05,0.00098,0.00036,0.00045,0.00046,4e-05,2e-05,0.0001,0.00032,-0.00085,5e-05,0.00352,3e-05,0,0,-0.00258,0.00108,-0.00434,0.01657,-0.00202,-0.00197,-0.00289
77.66,-0.00117,0.00024,0.0035,0.00088,-0.00028,-0,0.00298,0.00077,8e-05,0.00046,0,1e-05,3e-05,0.0014,0.00046,0.00049,0.00048,6e-05,2e-05,0.0001,-0.001,-0.00107,-0.00029,0.00371,3e-05,0,0,0.00388,0.00205,-0.01336,-0.00287,-0.00078,-0.00263,-0.00314
77.68,-0.00066,0.00042,0.00382,0.00122,-0.00037,-0,0.00308,0.00099,0.0001,0.0004,0,1e-05,4e-05,0.00188,0.00062,0.00052,0.00045,9e-05,3e-05,9e-05,-0.0023,-0.0013,-0.00069,0.0039,3e-05,0,-0,0.0092,0.00324,-0.02258,-0.01738,0.00037,-0.00303,-0.00308
77.7,-4e-05,0.00055,0.0039,0.00153,-0.00045,-0,0.00302,0.00121,0.0001,0.00037,0,1e-05,4e-05,0.00239,0.00084,0.00054,0.00039,0.00013,4e-05,7e-05,-0.00359,-0.00155,-0.00112,0.00408,2e-05,0,-0,0.00857,0.00402,-0.02153,-0.01685,0.00105,-0.00279,-0.00253
77.72,0.0005,0.00051,0.00364,0.00177,-0.00051,-0,0.00288,0.00141,0.0001,0.00037,0,1e-05,5e-05,0.00287,0.00112,0.00054,0.0003,0.00019,5e-05,5e-05,-0.00485,-0.00187,-0.0015,0.00425,2e-05,-0,-0,0.00696,0.00357,-0.00926,-0.00641,0.00162,-0.00203,-0.00167
77.74,0.00076,0.0002,0.00302,0.00192,-0.00054,-0,0.00261,0.00152,9e-05,0.00037,0,1e-05,5e-05,0.00322,0.00143,0.00052,0.0002,0.00027,6e-05,3e-05,-0.0061,-0.00228,-0.00182,0.00439,1e-05,-0,-0,0.00817,0.00244,0.00083,0.00043,0.00205,-0.00127,-0.00094
77.76,0.00081,-0.00041,0.00211,0.002,-0.00056,-0,0.00217,0.0015,6e-05,0.00037,0,1e-05,5e-05,0.00332,0.00175,0.0005,0.0001,0.00035,7e-05,0,-0.00739,-0.00279,-0.00212,0.00445,-0,-1e-05,-0,0.01058,0.0011,0.00462,0.00367,0.00197,-0.00067,-0.00045
77.78,0.00085,-0.00126,0.00097,0.002,-0.00055,0,0.00167,0.00137,2e-05,0.00034,0,1e-05,5e-05,0.00306,0.00204,0.00045,3e-05,0.00043,7e-05,-2e-05,-0.00875,-0.00346,-0.00238,0.00435,-1e-05,-1e-05,-1e-05,0.01186,-0.00038,0.00176,0.00586,0.00141,-0.00026,-0.00017
77.8,0.00074,-0.00214,-0.0003,0.00191,-0.00052,0,0.00114,0.00113,-2e-05,0.00029,0,2e-05,4e-05,0.00252,0.00228,0.00039,-1e-05,0.0005,7e-05,-3e-05,-0.01015,-0.00418,-0.00257,0.00399,-2e-05,-1e-05,-1e-05,0.01053,-0.00231,-0.00688,0.00751,0.00067,2e-05,-1e-05
77.82,0.00018,-0.00281,-0.00156,0.00173,-0.00046,0,0.00064,0.00082,-5e-05,0.00021,0,2e-05,3e-05,0.00186,0.00243,0.00035,-1e-05,0.00059,6e-05,-4e-05,-0.01152,-0.00472,-0.00267,0.00326,-2e-05,-1e-05,-1e-05,0.00605,-0.00508,-0.01352,0.00945,0.0005,0.00014,6e-05
77.84,-0.00029,-0.00306,-0.00255,0.0015,-0.00037,0,0.00026,0.00051,-6e-05,0.00012,0,2e-05,2e-05,0.00111,0.00249,0.0003,1e-05,0.00063,5e-05,-4e-05,-0.01294,-0.00506,-0.00268,0.00191,-3e-05,-1e-05,-0,0.00131,-0.00777,-0.012,0.00844,0.00143,0.00011,0.0001
77.86,-6e-05,-0.00281,-0.00302,0.00126,-0.00026,0,4e-05,0.00026,-4e-05,4e-05,0,3e-05,1e-05,0.00032,0.00247,0.00024,1e-05,0.00058,3e-05,-3e-05,-0.01436,-0.00524,-0.00263,-0.00023,-4e-05,-1e-05,-0,-0.00047,-0.00985,-0.00738,0.00595,0.00211,6e-05,0.00013
77.88,0.00088,-0.00205,-0.00283,0.00105,-0.00014,0,-1e-05,8e-05,1e-05,-1e-05,0,3e-05,1e-05,-0.0002,0.00237,0.00017,-3e-05,0.0005,2e-05,-3e-05,-0.01554,-0.00513,-0.0025,-0.00318,-5e-05,-1e-05,-0,-0.00028,-0.00999,-0.00087,0.00372,0.00255,1e-05,0.00012
77.9,0.0018,-0.00094,-0.002,0.00084,-1e-05,0,0.00012,-1e-05,9e-05,-3e-05,0,3e-05,1e-05,-0.00037,0.00221,0.00012,-0.0001,0.00038,1e-05,-2e-05,-0.01609,-0.00467,-0.0023,-0.00638,-8e-05,-0,-0,3e-05,-0.00791,0.00273,0.0023,0.00222,-2e-05,8e-05
77.92,0.00187,0.00025,-0.00063,0.00063,0.00012,0,0.00042,-1e-05,0.0002,0,0,3e-05,0,-0.00023,0.00202,7e-05,-0.00017,0.00025,1e-05,-1e-05,-0.0155,-0.00384,-0.00204,-0.00882,-0.00013,0,0,-0.00029,-0.00569,0.00179,0.00095,0.00098,-4e-05,5e-05
77.94,0.00149,0.00122,0.00111,0.00042,0.00023,0,0.00088,6e-05,0.00032,7e-05,0,3e-05,0,0.00024,0.00178,4e-05,-0.00019,0.00018,1e-05,0,-0.01363,-0.00289,-0.00175,-0.00981,-0.0002,1e-05,-0,-0.00069,-0.00401,0.0005,0.00023,-0.00034,-4e-05,3e-05
77.96,0.00096,0.00175,0.00299,0.00023,0.00032,0,0.00143,0.00016,0.00041,0.00014,0,3e-05,0,0.00087,0.00148,1e-05,-0.00016,0.00018,1e-05,0,-0.01067,-0.00195,-0.00143,-0.00867,-0.00033,1e-05,-0,0.00553,0.00126,-0,-0.00075,-0.00216,-1e-05,-1e-05
77.98,0.00028,0.00171,0.00468,6e-05,0.00039,-0,0.00196,0.00026,0.00045,0.00018,0,2e-05,-0,0.00141,0.00114,0,-7e-05,0.00019,2e-05,0,-0.007,-0.00099,-0.00107,-0.00489,-0.00049,2e-05,-0,0.01824,0.00684,-0.00041,0.00606,-0.00527,4e-05,-2e-05
78,0,0.00124,0.00595,-8e-05,0.00033,-0,0.00242,0.00034,0.00044,0.00019,0,1e-05,-0,0.00118,0.00079,-0,3e-05,0.00023,3e-05,-0,-0.00341,-0.00039,-0.00079,0.00097,-0.00072,3e-05,-0,0.04073,0.01059,-0.00058,0.02238,-0.00969,8e-05,-2e-05
78.02,0.00082,0.00064,0.00678,-0.00019,0.00017,0,0.00276,0.00036,0.00038,0.00017,0,0,-0,8e-05,0.00052,1e-05,8e-05,0.00033,3e-05,1e-05,-0.0001,-0.00033,-0.00079,0.0077,-0.00102,5e-05,-0,0.07621,0.01027,0.00103,0.04722,-0.01545,0.00012,4e-05
78.04,0.00335,0.00037,0.00721,-0.00027,-5e-05,0,0.00284,0.00033,0.00028,0.00012,0,-0,-0,-0.00124,0.00028,2e-05,9e-05,0.00041,3e-05,3e-05,0.00328,-0.00036,-0.00085,0.01328,-0.0014,6e-05,-0,0.12461,0.00816,0.00414,0.07607,-0.02283,0.00016,0.00022
78.06,0.00781,0.00088,0.00723,-0.00027,-0.00028,0,0.00251,0.00025,0.00017,4e-05,0,-1e-05,-0,-0.00255,-3e-05,3e-05,9e-05,0.00035,2e-05,5e-05,0.0072,-0.00032,-0.00076,0.01506,-0.00186,8e-05,0,0.18456,0.00675,0.00667,0.10353,-0.03084,0.00019,0.0005
78.08,0.01426,0.00225,0.00692,-0.00018,-0.00038,0,0.00176,0.00016,8e-05,-3e-05,0,-1e-05,-0,-0.0037,-0.00052,4e-05,9e-05,0.00019,-0,6e-05,0.01226,-0.00034,-0.00052,0.00916,-0.0024,9e-05,1e-05,0.25227,0.00623,0.00732,0.12345,-0.03814,0.00021,0.00086
78.1,0.02185,0.00407,0.00699,-5e-05,-0.00026,0,0.00077,9e-05,2e-05,-0.0001,0,-1e-05,-0,-0.00398,-0.00125,5e-05,6e-05,-6e-05,-2e-05,6e-05,0.0203,-0.0005,-0.00022,-0.00109,-0.00289,0.00011,4e-05,0.31884,0.00658,0.00571,0.13078,-0.04241,0.00022,0.00117
78.12,0.02898,0.00588,0.00821,-7e-05,-0.00013,0,-0.00011,5e-05,-2e-05,-0.00016,0,-1e-05,-0,-0.00248,-0.00215,9e-05,-1e-05,-0.00025,-3e-05,3e-05,0.03354,-0.00113,0.00016,-0.00236,-0.00298,0.00013,0.00013,0.3729,0.00512,0.00533,0.1257,-0.04183,0.00021,0.00123
78.14,0.03525,0.00726,0.0097,-0.00019,1e-05,-0,-0.00089,5e-05,-3e-05,-0.00022,0,-1e-05,-0,0.00019,-0.00308,0.00012,-7e-05,-0.00025,-2e-05,1e-05,0.04869,-0.00234,0.00055,0.00572,-0.00256,0.00011,0.00022,0.40824,0.00241,0.00608,0.11112,-0.03768,0.00021,0.0011
78.16,0.04072,0.00782,0.01071,-0.00034,0.00015,-0,-0.0016,9e-05,-1e-05,-0.0003,0,-1e-05,-0,0.00306,-0.00405,0.00011,-0.00012,-0.00018,-1e-05,-0,0.06026,-0.00398,0.00072,0.01408,-0.00174,2e-05,0.00024,0.42417,0.0004,0.00659,0.09129,-0.03182,0.00021,0.0009
78.18,0.04474,0.00764,0.01116,-0.00052,0.0003,-0,-0.00209,0.00015,-0,-0.00041,0,-1e-05,-1e-05,0.00585,-0.00501,4e-05,-0.00016,-6e-05,-1e-05,-1e-05,0.06166,-0.00683,0.0006,0.02875,-0.00059,-0.00013,0.00017,0.41929,0.00026,0.00778,0.06887,-0.02494,0.0002,0.00065
78.2,0.04595,0.00698,0.01088,-0.00078,0.0004,-0,-0.00236,0.00019,-0,-0.00054,0,-1e-05,-2e-05,0.00817,-0.00592,-5e-05,-0.00017,3e-05,-2e-05,-1e-05,0.05617,-0.00952,0.00036,0.03782,0.0005,-0.0003,-3e-05,0.39682,0.00309,0.00936,0.04772,-0.01793,0.00019,0.00041
78.22,0.04295,0.0063,0.00947,-0.00117,0.00044,-0,-0.00251,0.00019,-1e-05,-0.00067,0,-1e-05,-3e-05,0.00959,-0.00668,-0.00014,-0.00014,7e-05,-4e-05,-0,0.0542,-0.00907,0.00054,0.02602,0.00111,-0.00036,-0.00023,0.36197,0.00812,0.01057,0.03077,-0.01146,0.00018,0.00024
78.24,0.03424,0.00626,0.007,-0.00178,0.0004,-0,-0.00254,0.00016,-2e-05,-0.00078,0,-1e-05,-4e-05,0.00987,-0.00739,-0.00023,-9e-05,6e-05,-5e-05,0,0.04817,-0.00661,0.00098,0.01066,0.00143,-0.00031,-0.00034,0.3173,0.01493,0.01222,0.01618,-0.00578,0.00014,0.00012
78.26,0.02416,0.0071,0.00385,-0.00238,0.00031,-0,-0.00246,0.00012,-2e-05,-0.00086,0,-2e-05,-4e-05,0.00937,-0.00812,-0.00033,-4e-05,5e-05,-7e-05,0,0.03459,-0.00407,0.00147,0.00231,0.00156,-0.00022,-0.00039,0.26704,0.02367,0.01504,0.00244,-0.00105,9e-05,4e-05
78.28,0.01536,0.00794,0.00017,-0.00285,0.00021,-0,-0.00225,7e-05,-2e-05,-0.00088,0,-2e-05,-4e-05,0.00842,-0.00875,-0.00038,0,3e-05,-8e-05,0,0.01845,-0.00059,0.00199,-0.00255,0.00147,-0.00011,-0.00036,0.21632,0.03256,0.01864,-0.01009,0.00268,3e-05,1e-05
78.3,0.00918,0.00917,-0.00356,-0.00314,0.00012,0,-0.00202,2e-05,-2e-05,-0.00087,0,-2e-05,-4e-05,0.00711,-0.00914,-0.00041,1e-05,1e-05,-7e-05,-0,0.00149,0.00335,0.00245,-0.00471,0.00115,-2e-05,-0.00031,0.16816,0.04236,0.0231,-0.02243,0.00538,-2e-05,-0
78.32,0.00628,0.01131,-0.00669,-0.00319,7e-05,-0,-0.0018,-3e-05,-2e-05,-0.00082,0,-2e-05,-4e-05,0.00554,-0.0091,-0.00044,-2e-05,-0,-6e-05,-0,-0.01457,0.00626,0.00283,-0.00495,0.00068,1e-05,-0.00029,0.12456,0.05412,0.02883,-0.03532,0.0069,-7e-05,-1e-05
78.34,0.0054,0.01258,-0.00893,-0.0031,9e-05,-0,-0.00144,-6e-05,-2e-05,-0.00071,0,-2e-05,-4e-05,0.00402,-0.00865,-0.00046,-6e-05,-1e-05,-5e-05,1e-05,-0.02612,0.00796,0.00291,-0.00414,0.00021,1e-05,-0.00026,0.0889,0.06308,0.03442,-0.0468,0.00741,-0.0001,-2e-05
78.36,0.00507,0.01199,-0.01016,-0.00295,0.00018,0,-0.0009,-9e-05,-2e-05,-0.00053,0,-2e-05,-4e-05,0.00275,-0.00782,-0.00045,-0.00011,-1e-05,-3e-05,2e-05,-0.03177,0.00882,0.00258,-0.003,-0.00019,2e-05,-0.00022,0.06145,0.0667,0.03839,-0.05582,0.0072,-0.00011,-4e-05
78.38,0.00388,0.00987,-0.01021,-0.00243,0.0003,0,-0.00025,-9e-05,-3e-05,-0.00029,0,-2e-05,-4e-05,0.00184,-0.00664,-0.00044,-0.00015,-1e-05,-2e-05,4e-05,-0.03246,0.00903,0.00184,-0.00211,-0.00048,2e-05,-0.00017,0.04053,0.0659,0.04023,-0.06247,0.00643,-0.00011,-6e-05
78.4,0.00187,0.00681,-0.00904,-0.0016,0.0004,0,0.00042,-7e-05,-3e-05,-3e-05,0,-2e-05,-3e-05,0.00135,-0.00525,-0.00045,-0.00016,-1e-05,-1e-05,6e-05,-0.02887,0.00713,0.00118,-0.00158,-0.00064,1e-05,-0.00012,0.0255,0.05992,0.03866,-0.06574,0.0054,-0.0001,-8e-05
78.42,-0.0005,0.00405,-0.00696,-0.00077,0.00045,0,0.00107,-4e-05,-3e-05,0.00023,0,-2e-05,-3e-05,0.00109,-0.00357,-0.00045,-0.00014,-1e-05,0,7e-05,-0.02287,0.00418,0.00113,-0.00132,-0.00064,1e-05,-7e-05,0.01424,0.05016,0.03408,-0.06595,0.00428,-8e-05,-0.0001
78.44,-0.00291,0.00212,-0.00456,5e-05,0.00046,0,0.00163,-1e-05,-3e-05,0.00049,0,-1e-05,-2e-05,0.00091,-0.00148,-0.00044,-9e-05,-1e-05,1e-05,8e-05,-0.01551,0.00223,0.00134,-0.00116,-0.00049,-1e-05,-3e-05,0.00555,0.03938,0.02801,-0.06377,0.0031,-7e-05,-9e-05
78.46,-0.00517,0.00099,-0.00219,0.00079,0.00046,0,0.00208,-0,-3e-05,0.0007,-0,-1e-05,-1e-05,0.00077,0.00092,-0.00042,-1e-05,-1e-05,1e-05,9e-05,-0.00724,0.00122,0.00154,-0.00096,-0.00025,-2e-05,1e-05,-0.00083,0.02868,0.02109,-0.05936,0.00191,-6e-05,-9e-05
78.48,-0.00719,0.00035,-0,0.0014,0.00032,0,0.00237,-3e-05,-2e-05,0.00086,-0,-1e-05,-1e-05,0.00064,0.00343,-0.0004,0.0001,-0,-0,0.00011,0.0011,0.00067,0.00195,-0.00064,6e-05,-3e-05,3e-05,-0.00498,0.01834,0.01358,-0.05296,0.00079,-6e-05,-8e-05
78.5,-0.00881,-0.0003,0.00188,0.00183,0.00015,0,0.00258,-0.0001,-0,0.00097,-0,-0,-1e-05,0.00045,0.00588,-0.00036,0.00021,-0,-1e-05,0.00012,0.00859,0.00037,0.00198,-0.00027,0.00038,-4e-05,2e-05,-0.00728,0.00924,0.00604,-0.0437,-0.00016,-6e-05,-6e-05
78.52,-0.00999,-0.00109,0.00358,0.00211,-2e-05,0,0.00282,-0.00017,1e-05,0.00104,-0,-0,-0,0.00016,0.00824,-0.00029,0.00032,-0,-2e-05,0.00014,0.01464,0.00012,0.00127,0.0001,0.00071,-2e-05,0,-0.00881,0.00163,-0.00122,-0.03167,-0.001,-7e-05,-5e-05
78.54,-0.01096,-0.00215,0.00516,0.00215,-0.00014,0,0.00305,-0.00023,2e-05,0.00106,-0,-0,-0,-0.00012,0.01021,-0.00022,0.00043,-0,-3e-05,0.00015,0.01874,-0.00036,0.00052,0.00044,0.00103,1e-05,-3e-05,-0.00967,-0.00482,-0.00802,-0.01894,-0.00177,-8e-05,-4e-05
78.56,-0.01195,-0.00389,0.00647,0.00189,-0.00018,0,0.00319,-0.00028,3e-05,0.00103,-0,-0,-0,-0.00029,0.01145,-0.00013,0.00049,-0,-4e-05,0.00017,0.02037,-0.00128,-0.0001,0.0007,0.00127,4e-05,-7e-05,-0.00954,-0.01007,-0.01408,-0.00638,-0.00242,-0.0001,-3e-05
78.58,-0.01291,-0.00639,0.00745,0.00165,-0.0001,0,0.00328,-0.00032,3e-05,0.00096,-0,-0,-0,-0.00033,0.01179,-5e-05,0.00051,-0,-4e-05,0.00018,0.0193,-0.00281,-0.00073,0.00084,0.00141,6e-05,-0.00013,-0.00891,-0.01407,-0.01895,0.00594,-0.00294,-0.00011,-2e-05
78.6,-0.01381,-0.00961,0.00799,0.00142,-1e-05,0,0.00329,-0.00032,2e-05,0.00085,-0,-0,-0,-0.0002,0.01115,1e-05,0.00046,0,-4e-05,0.00018,0.01567,-0.00513,-0.00128,0.00083,0.00144,6e-05,-0.00016,-0.00778,-0.01724,-0.02283,0.01767,-0.00335,-0.00013,-2e-05
78.62,-0.01465,-0.01323,0.00796,0.00119,6e-05,0,0.00317,-0.00024,1e-05,0.00071,-0,-0,-0,4e-05,0.00965,2e-05,0.00036,0,-3e-05,0.00017,0.00936,-0.00823,-0.00141,0.00061,0.00133,4e-05,-6e-05,-0.00625,-0.02031,-0.02617,0.02832,-0.00367,-0.00014,-2e-05
78.64,-0.01547,-0.01711,0.00722,0.00097,0.00011,0,0.00298,-0.00013,0,0.00056,-0,-0,-0,0.00021,0.00739,-4e-05,0.0002,1e-05,-2e-05,0.00015,0.0002,-0.01194,-0.00118,5e-05,0.00108,2e-05,0.00012,-0.00527,-0.02304,-0.02791,0.03736,-0.00389,-0.00015,-2e-05
78.66,-0.01627,-0.02115,0.00566,0.00075,0.00016,0,0.00273,-1e-05,0,0.00041,-0,-0,-0,-0,0.00458,-0.00019,5e-05,2e-05,0,0.00012,-0.01117,-0.01615,-0.00082,-0.00107,0.00073,-0,0.00029,-0.00507,-0.025,-0.02756,0.04458,-0.00396,-0.00016,-2e-05
78.68,-0.01709,-0.02502,0.00318,0.00052,0.0002,0,0.00243,0.0001,1e-05,0.00028,-0,-0,-0,-0.00102,0.00156,-0.0004,-5e-05,4e-05,3e-05,8e-05,-0.02397,-0.02061,-0.00021,-0.00299,0.00028,-1e-05,0.00046,-0.00582,-0.02643,-0.02577,0.04974,-0.00389,-0.00016,-2e-05
78.7,-0.01801,-0.02873,-0.00012,0.0003,0.00023,-0,0.00205,0.00022,4e-05,0.00017,-0,-0,-0,-0.00307,-0.00108,-0.00058,-3e-05,8e-05,6e-05,4e-05,-0.03666,-0.02497,0.00046,-0.00605,-0.00025,-1e-05,0.00058,-0.0073,-0.0269,-0.02264,0.05236,-0.00369,-0.00016,-2e-05
78.72,-0.01916,-0.03219,-0.00404,0.00014,0.00026,-0,0.00158,0.00033,8e-05,8e-05,-0,-0,0,-0.00594,-0.00278,-0.00057,0.00017,0.00015,0.0001,1e-05,-0.04676,-0.02879,0.00085,-0.01078,-0.00081,1e-05,0.0006,-0.00868,-0.02592,-0.01848,0.05211,-0.00336,-0.00016,-3e-05
78.74,-0.02057,-0.03471,-0.00842,1e-05,0.00029,-0,0.0011,0.00043,0.00013,1e-05,-0,-1e-05,0,-0.00931,-0.00353,-0.00039,0.00052,0.00025,0.00014,-1e-05,-0.05289,-0.03149,0.00123,-0.01721,-0.00132,6e-05,0.00053,-0.01013,-0.02387,-0.01435,0.04932,-0.00295,-0.00015,-3e-05
78.76,-0.02213,-0.03578,-0.01293,-0.00011,0.0003,-0,0.00067,0.00051,0.00021,-3e-05,-0,-1e-05,0,-0.01264,-0.00352,-0.00012,0.00099,0.00039,0.00018,-2e-05,-0.0547,-0.03246,0.00182,-0.02496,-0.00175,0.00012,0.00038,-0.01203,-0.02115,-0.01077,0.04432,-0.00251,-0.00013,-4e-05
78.78,-0.02384,-0.03463,-0.0169,-0.00018,0.00029,-0,0.00029,0.00057,0.00029,-5e-05,-0,-1e-05,0,-0.01361,-0.00325,0.0001,0.00137,0.00052,0.00021,-3e-05,-0.05138,-0.03129,0.00203,-0.03402,-0.00221,0.0002,0.00014,-0.01435,-0.018,-0.00784,0.03726,-0.00204,-0.00011,-4e-05
78.8,-0.02512,-0.03131,-0.01897,-0.0002,0.00028,-0,-2e-05,0.00061,0.00037,-6e-05,-0,-1e-05,0,-0.01159,-0.00278,0.00014,0.00152,0.0007,0.00024,-3e-05,-0.04611,-0.0283,0.00298,-0.04118,-0.00221,0.00028,-0.00016,-0.01661,-0.01401,-0.0054,0.02902,-0.00156,-9e-05,-5e-05
78.82,-0.02503,-0.02706,-0.01806,-0.00017,0.00025,-0,-0.00021,0.00063,0.00046,-5e-05,-0,-1e-05,1e-05,-0.0083,-0.0017,9e-05,0.00141,0.00097,0.00024,-4e-05,-0.04258,-0.02382,0.00688,-0.04145,-0.00094,0.00037,-0.0004,-0.01823,-0.00913,-0.00341,0.02032,-0.00107,-7e-05,-5e-05
78.84,-0.02353,-0.0227,-0.01501,-0.00012,0.00021,0,-0.00027,0.00061,0.00052,-4e-05,-0,-0,1e-05,-0.00431,-0.00059,6e-05,0.00104,0.00122,0.00022,-4e-05,-0.03839,-0.01839,0.01115,-0.03709,0.00056,0.00041,-0.00048,-0.01943,-0.00465,-0.00198,0.01123,-0.00062,-5e-05,-5e-05
78.86,-0.02104,-0.01868,-0.01111,-6e-05,0.00016,0,-0.00024,0.00056,0.00054,-3e-05,-0,-0,1e-05,-0.00011,4e-05,0.00025,0.00054,0.00132,0.00017,-5e-05,-0.03279,-0.01339,0.01284,-0.0305,0.00153,0.00038,-0.00047,-0.02045,-0.00149,-0.00107,0.00215,-0.00021,-4e-05,-5e-05
78.88,-0.01801,-0.01529,-0.00658,1e-05,8e-05,0,-0.00015,0.00048,0.00052,-1e-05,-0,0,1e-05,0.00452,-0.00019,0.00081,4e-05,0.00134,0.00013,-7e-05,-0.02693,-0.00942,0.01254,-0.02143,0.00213,0.00032,-0.00036,-0.02104,9e-05,-0.0005,-0.00618,0.00016,-3e-05,-5e-05
78.9,-0.01495,-0.01244,-0.00297,8e-05,2e-05,-0,-4e-05,0.00038,0.00047,0,-0,1e-05,1e-05,0.00898,-0.00132,0.00163,-0.00025,0.00122,8e-05,-8e-05,-0.02116,-0.00695,0.00988,-0.01372,0.00224,0.00024,-0.00024,-0.02077,0.00026,-0.00014,-0.01307,0.00049,-3e-05,-6e-05
78.92,-0.01261,-0.00956,-0.00223,0.00015,-0,-0,6e-05,0.00026,0.00039,1e-05,-0,1e-05,1e-05,0.01324,-0.00305,0.00228,-0.00024,0.00088,3e-05,-8e-05,-0.01629,-0.00591,0.00616,-0.00926,0.00195,0.00016,-0.00018,-0.01921,-0.00108,0,-0.0181,0.00077,-3e-05,-7e-05
78.94,-0.01099,-0.00654,-0.00345,0.00021,-2e-05,-0,0.00012,0.00015,0.00031,2e-05,-0,1e-05,2e-05,0.01746,-0.00525,0.00264,-9e-05,0.00054,1e-05,-7e-05,-0.0119,-0.0055,0.00334,-0.00565,0.00158,9e-05,-0.00014,-0.01696,-0.00348,-0.00021,-0.0206,0.00098,-3e-05,-8e-05
78.96,-0.00932,-0.00348,-0.00508,0.00025,-3e-05,-0,0.00015,6e-05,0.00024,3e-05,-0,1e-05,2e-05,0.01756,-0.00622,0.00235,5e-05,0.0003,-0,-4e-05,-0.00745,-0.00529,0.00164,-0.00236,0.00126,5e-05,-0.00011,-0.01438,-0.00569,-0.00071,-0.02024,0.00109,-3e-05,-9e-05
78.98,-0.00758,-0.00124,-0.00654,0.00027,-2e-05,-0,0.00016,-2e-05,0.00018,4e-05,-0,1e-05,2e-05,0.01647,-0.00689,0.00192,7e-05,0.00015,-0,-2e-05,-0.00308,-0.00528,0.00062,3e-05,0.00098,3e-05,-9e-05,-0.01124,-0.00683,-0.00132,-0.01745,0.00109,-3e-05,-9e-05
79,-0.00548,-3e-05,-0.00755,0.00027,2e-05,-0,0.00015,-9e-05,0.00013,5e-05,-0,1e-05,1e-05,0.01346,-0.00765,0.00132,-0.0001,6e-05,1e-05,-0,0.00082,-0.00532,0,0.00153,0.00075,2e-05,-6e-05,-0.00873,-0.00654,-0.00178,-0.0131,0.00097,-2e-05,-8e-05
79.02,-0.00323,0.00021,-0.00811,0.00027,8e-05,-0,0.00014,-0.00016,0.0001,5e-05,-0,1e-05,1e-05,0.00828,-0.00922,0.0007,-0.00043,2e-05,1e-05,0,0.00423,-0.00525,-0.00035,0.00235,0.00057,1e-05,-4e-05,-0.0068,-0.00505,-0.00189,-0.0084,0.00075,-1e-05,-7e-05
79.04,-0.00138,-0.00018,-0.00804,0.00026,0.00015,-0,0.00014,-0.00021,8e-05,5e-05,-0,1e-05,1e-05,0.00386,-0.01147,0.0003,-0.00077,-0,1e-05,0,0.00715,-0.00499,-0.00052,0.00264,0.00042,0,-2e-05,-0.00428,-0.00293,-0.00153,-0.00426,0.00049,-1e-05,-4e-05
79.06,-0.00011,-0.00083,-0.00731,0.00024,0.00024,-0,0.00012,-0.00026,9e-05,6e-05,0,1e-05,0,0.00139,-0.01403,8e-05,-0.00096,-1e-05,1e-05,0,0.00917,-0.00459,-0.00057,0.00248,0.00031,0,-1e-05,-0.00129,-0.0009,-0.0008,-0.00136,0.00026,0,-2e-05
79.08,0.00063,-0.0014,-0.00618,0.00022,0.00035,-0,6e-05,-0.00031,0.00011,6e-05,0,1e-05,-0,0.00016,-0.01627,-8e-05,-0.00088,-2e-05,1e-05,0,0.01028,-0.00404,-0.00054,0.00206,0.00021,-0,-0,0.00174,0.00041,-6e-05,1e-05,9e-05,-0,-0
79.1,0.00092,-0.00165,-0.00489,0.00021,0.00047,-0,-5e-05,-0.00035,0.00015,6e-05,0,1e-05,-0,-0.00046,-0.01778,-0.00023,-0.0006,-3e-05,1e-05,-0,0.01006,-0.00183,-0.00022,0.00199,4e-05,0,-0,0.00435,0.00065,0.0004,-8e-05,-2e-05,-1e-05,0
79.12,0.00095,-0.00152,-0.0036,0.0002,0.00059,-0,-0.00017,-0.0004,0.00021,5e-05,0,1e-05,-0,-0.00087,-0.01814,-0.00043,-0.00018,-4e-05,-1e-05,-0,0.00856,0.00118,0.00017,0.00218,-8e-05,1e-05,-2e-05,0.00492,-0.0001,0.00025,-0.00083,-1e-05,-2e-05,-0
79.14,0.00082,-0.00107,-0.0024,0.0002,0.00073,-0,-0.00032,-0.00044,0.00029,4e-05,0,0,-0,-0.00126,-0.01692,-0.00068,0.00032,-8e-05,-2e-05,-0,0.00594,0.00417,0.0005,0.00251,-9e-05,1e-05,-5e-05,0.00504,-0.00103,-2e-05,-0.00152,0,-3e-05,-1e-05
79.16,0.00059,-0.0004,-0.00131,0.00022,0.00086,-0,-0.00057,-0.00047,0.00039,4e-05,0,0,0,-0.00181,-0.01417,-0.00093,0.00076,-0.00012,-4e-05,-1e-05,0.00233,0.00667,0.0008,0.00287,1e-05,1e-05,-9e-05,0.00491,-0.002,-0.00031,-0.00211,1e-05,-4e-05,-2e-05
79.18,0.00034,0.00036,-0.00038,0.00024,0.00094,0,-0.00088,-0.00047,0.00048,5e-05,0,-0,0,-0.00245,-0.01031,-0.00111,0.00101,-0.00019,-5e-05,-3e-05,-0.00199,0.00828,0.00109,0.00314,0.0002,1e-05,-0.00013,0.00449,-0.0029,-0.00061,-0.00256,1e-05,-6e-05,-3e-05
79.2,0.00016,0.00113,0.00038,0.00028,0.00097,0,-0.00121,-0.00043,0.00056,7e-05,0,-0,1e-05,-0.00303,-0.00646,-0.00126,0.00108,-0.00025,-5e-05,-5e-05,-0.00652,0.0088,0.00145,0.00319,0.00042,0,-0.00016,0.00354,-0.0036,-0.00088,-0.00283,0,-6e-05,-5e-05
79.22,7e-05,0.00182,0.00101,0.00032,0.00096,0,-0.0015,-0.00032,0.0006,0.00014,0,-1e-05,1e-05,-0.00341,-0.00339,-0.00145,0.00105,-0.00024,-5e-05,-6e-05,-0.01048,0.00837,0.0019,0.00289,0.00062,-1e-05,-0.00019,0.00209,-0.00401,-0.00106,-0.00291,-0,-6e-05,-5e-05
79.24,2e-05,0.00238,0.00151,0.00036,0.00095,0,-0.00171,-0.00013,0.00058,0.00025,0,-1e-05,1e-05,-0.00362,-0.00077,-0.00157,0.00092,-0.0002,-3e-05,-6e-05,-0.01349,0.00724,0.00239,0.0023,0.0007,-3e-05,-0.00019,0.00042,-0.0041,-0.00112,-0.00269,1e-05,-4e-05,-5e-05
79.26,-2e-05,0.0028,0.00181,0.00042,0.00092,0,-0.00179,0.00014,0.00051,0.00044,0,-1e-05,2e-05,-0.00372,0.00128,-0.00151,0.00071,-0.00016,-2e-05,-6e-05,-0.01547,0.00581,0.00284,0.00153,0.00063,-4e-05,-0.00017,-0.00145,-0.00388,-0.00107,-0.00213,3e-05,0,-5e-05
79.28,-1e-05,0.00309,0.00189,0.00048,0.00089,0,-0.00163,0.00047,0.00038,0.00071,-0,-1e-05,2e-05,-0.00373,0.00257,-0.00134,0.0005,-0.00012,-0,-5e-05,-0.01645,0.00453,0.00312,0.00069,0.00039,-4e-05,-0.00014,-0.0034,-0.00325,-0.00087,-0.00109,5e-05,7e-05,-4e-05
79.3,6e-05,0.00324,0.00176,0.00054,0.00086,0,-0.0013,0.00086,0.00024,0.00107,-0,-0,2e-05,-0.00362,0.00322,-0.00109,0.00037,-8e-05,1e-05,-3e-05,-0.01616,0.00367,0.00329,0.00016,2e-05,-4e-05,-9e-05,-0.00426,-0.00211,-0.00044,0.00041,4e-05,0.00019,-2e-05
79.32,0.0001,0.00326,0.00152,0.00062,0.00082,0,-0.00079,0.00133,9e-05,0.00154,-0,-0,1e-05,-0.00341,0.00352,-0.00083,0.00035,-8e-05,1e-05,-2e-05,-0.01448,0.0033,0.00349,-0.0003,-0.00037,-4e-05,-5e-05,-0.00408,-0.00106,-6e-05,0.00169,1e-05,0.0003,0
79.34,0.00011,0.0032,0.00114,0.0007,0.00078,0,3e-05,0.00187,-5e-05,0.00209,-0,-0,1e-05,-0.00317,0.00353,-0.0006,0.00036,-8e-05,2e-05,-2e-05,-0.01239,0.0033,0.00354,-0.00114,-0.00069,-3e-05,-1e-05,-0.00296,-0.00024,0.00021,0.00263,-3e-05,0.00039,2e-05
79.36,0.00013,0.00309,0.00064,0.00077,0.00074,0,0.0011,0.00246,-0.0002,0.00269,-0,-0,0,-0.00295,0.00323,-0.0004,0.00035,-7e-05,2e-05,-1e-05,-0.01051,0.00356,0.00331,-0.00213,-0.00089,-2e-05,2e-05,-0.00111,0.00025,0.0003,0.00298,-8e-05,0.00042,3e-05
79.38,0.00013,0.00293,8e-05,0.00085,0.00068,0,0.00228,0.00307,-0.00034,0.00325,-0,-0,-0,-0.00277,0.00277,-0.00025,0.00033,-6e-05,1e-05,0,-0.00878,0.00394,0.00287,-0.00319,-0.00096,-1e-05,4e-05,0.00111,0.00033,0.00017,0.0026,-0.00013,0.00039,3e-05
79.4,9e-05,0.00274,-0.0004,0.0009,0.00063,0,0.00345,0.00375,-0.00051,0.00373,-0,-0,-1e-05,-0.00261,0.00226,-0.00014,0.00027,-6e-05,1e-05,1e-05,-0.00736,0.00439,0.00228,-0.00409,-0.00093,0,5e-05,0.00314,1e-05,-0.00013,0.00193,-0.00017,0.00029,2e-05
79.42,-0,0.00252,-0.00065,0.00091,0.00058,0,0.00454,0.00452,-0.00078,0.00412,-1e-05,-0,-1e-05,-0.00247,0.00177,-7e-05,0.00018,-4e-05,0,1e-05,-0.00634,0.0049,0.0016,-0.00459,-0.00084,1e-05,5e-05,0.0045,-0.00066,-0.00054,0.00164,-0.00019,0.00012,1e-05
79.44,-0.00014,0.00224,-0.0007,0.00087,0.00052,-0,0.0054,0.0053,-0.00117,0.00429,-1e-05,-1e-05,-1e-05,-0.00238,0.00131,-3e-05,0.00011,-3e-05,-0,1e-05,-0.00553,0.00543,0.00091,-0.00487,-0.00073,1e-05,5e-05,0.00512,-0.00159,-0.00095,0.00144,-0.0002,-8e-05,-0
79.46,-0.00029,0.00188,-0.0006,0.00081,0.00045,-0,0.00587,0.00603,-0.00165,0.00419,-1e-05,-1e-05,-0,-0.00232,0.0009,-1e-05,6e-05,-2e-05,-0,1e-05,-0.00481,0.00591,0.00024,-0.00507,-0.00061,1e-05,4e-05,0.00515,-0.0027,-0.00123,0.00101,-0.00021,-0.00027,-2e-05
79.48,-0.00047,0.00147,-0.00043,0.00072,0.00037,-0,0.00584,0.00668,-0.00225,0.0039,-1e-05,-1e-05,0,-0.00228,0.00059,-0,4e-05,-0,-0,0,-0.00419,0.00632,-0.00039,-0.00515,-0.00051,1e-05,4e-05,0.00473,-0.00392,-0.0013,0.00049,-0.00022,-0.00043,-3e-05
79.5,-0.00062,0.00105,-0.0002,0.00062,0.00028,-0,0.00591,0.00716,-0.00285,0.00346,-1e-05,-2e-05,0,-0.00228,0.00035,0,4e-05,1e-05,0,-0,-0.00361,0.0066,-0.00096,-0.00516,-0.00042,0,3e-05,0.00395,-0.00514,-0.00115,2e-05,-0.00023,-0.00054,-5e-05
79.52,-0.00066,0.00066,5e-05,0.0005,0.0002,-0,0.0069,0.00728,-0.00314,0.00291,-1e-05,-2e-05,1e-05,-0.00232,0.00016,-0,4e-05,3e-05,2e-05,-1e-05,-0.00303,0.00673,-0.00147,-0.00513,-0.00033,0,2e-05,0.00297,-0.0062,-0.0008,-0.00059,-0.00024,-0.00059,-6e-05
79.54,-0.00092,0.00032,-5e-05,0.00038,0.00012,-0,0.00793,0.00643,-0.0026,0.0023,-1e-05,-2e-05,0,-0.00239,4e-05,-0,4e-05,4e-05,3e-05,-2e-05,-0.00246,0.00663,-0.0019,-0.00497,-0.00025,0,1e-05,0.00209,-0.00699,-0.00027,-0.00148,-0.00024,-0.00058,-7e-05
79.56,-0.00141,9e-05,-0.00032,0.00027,5e-05,-0,0.00888,0.0052,-0.00186,0.00177,-1e-05,-2e-05,0,-0.00245,1e-05,0,3e-05,5e-05,5e-05,-2e-05,-0.00191,0.00623,-0.00217,-0.00461,-0.00018,0,0,0.00144,-0.00742,0.00037,-0.00238,-0.00024,-0.00051,-7e-05
79.58,-0.00201,-5e-05,-0.00051,0.00017,-2e-05,-0,0.0102,0.00398,-0.00129,0.00135,-1e-05,-2e-05,0,-0.00251,5e-05,1e-05,2e-05,4e-05,6e-05,-3e-05,-0.0014,0.00554,-0.00227,-0.0041,-0.00012,0,-0,0.00098,-0.00739,0.00098,-0.00318,-0.00023,-0.00042,-6e-05
79.6,-0.00264,-0.0001,-0.00057,0.0001,-7e-05,-0,0.0119,0.00279,-0.00092,0.00103,-1e-05,-2e-05,0,-0.00252,0.0001,1e-05,0,3e-05,7e-05,-3e-05,-0.00095,0.00461,-0.00217,-0.00347,-7e-05,0,-1e-05,0.00066,-0.00686,0.00143,-0.00363,-0.00022,-0.00033,-5e-05
79.62,-0.00321,-0.00012,-0.00046,5e-05,-0.00012,-0,0.01388,0.00168,-0.00073,0.00078,-0,-2e-05,0,-0.00241,0.00015,1e-05,1e-05,0,8e-05,-3e-05,-0.0006,0.00352,-0.00187,-0.00278,-4e-05,0,-1e-05,0.00043,-0.00583,0.00157,-0.00349,-0.00021,-0.00024,-4e-05
79.64,-0.00369,-0.0001,-0.00025,1e-05,-0.00016,-0,0.01591,0.00081,-0.00066,0.00054,-0,-3e-05,1e-05,-0.00223,0.00019,1e-05,4e-05,-2e-05,8e-05,-3e-05,-0.00033,0.00241,-0.00144,-0.00209,-2e-05,0,-1e-05,0.00024,-0.00444,0.0014,-0.00302,-0.00019,-0.00018,-3e-05
79.66,-0.00406,-7e-05,-1e-05,-1e-05,-0.00019,-0,0.01773,0.00023,-0.00063,0.00028,0,-3e-05,1e-05,-0.00198,0.00022,1e-05,8e-05,-4e-05,8e-05,-3e-05,-0.00013,0.0014,-0.00096,-0.00147,-1e-05,0,-0,8e-05,-0.00296,0.00104,-0.00244,-0.00015,-0.00013,-3e-05
79.68,-0.00434,-4e-05,0.0002,-2e-05,-0.00021,0,0.01916,-8e-05,-0.0005,4e-05,1e-05,-4e-05,2e-05,-0.00167,0.00022,-0,0.00012,-5e-05,7e-05,-3e-05,4e-05,0.00063,-0.00052,-0.00095,-0,0,-0,-4e-05,-0.00165,0.00063,-0.00178,-0.00011,-0.0001,-3e-05
79.7,-0.00445,1e-05,0.00034,-3e-05,-0.00022,-0,0.02017,-0.00013,-0.0002,-0.00017,2e-05,-5e-05,2e-05,-0.00134,0.00016,-2e-05,0.00019,-5e-05,5e-05,-3e-05,0.00018,0.00011,-0.00018,-0.00053,0,0,0,-9e-05,-0.00071,0.00029,-0.00117,-7e-05,-8e-05,-2e-05
79.72,-0.00433,5e-05,0.00037,-3e-05,-0.00023,-0,0.02086,-2e-05,0.00026,-0.00033,3e-05,-5e-05,3e-05,-0.00104,5e-05,-4e-05,0.0003,-3e-05,3e-05,-2e-05,0.00033,-0.00017,3e-05,-0.00022,-0,0,0,-7e-05,-0.00018,9e-05,-0.00068,-4e-05,-5e-05,-2e-05
79.74,-0.00412,9e-05,0.00033,-3e-05,-0.00024,-0,0.02101,0.00014,0.00077,-0.00042,5e-05,-3e-05,4e-05,-0.00075,-0.0001,-6e-05,0.00042,-0,2e-05,-2e-05,0.00048,-0.00026,0.00015,-0,-0,0,0,1e-05,-1e-05,1e-05,-0.00029,-2e-05,-3e-05,-2e-05
79.76,-0.00411,0.0001,0.00028,-3e-05,-0.00025,-0,0.01904,0.00044,0.00131,-0.00041,6e-05,-1e-05,4e-05,-0.00047,-0.00027,-9e-05,0.00051,2e-05,0,-1e-05,0.00061,-0.00022,0.00019,0.00013,-1e-05,0,0,0.00015,-5e-05,0,-0,-1e-05,-1e-05,-1e-05
79.78,-0.00424,0.0001,0.00024,-2e-05,-0.00025,-0,0.01579,0.00082,0.00179,-0.0003,8e-05,2e-05,4e-05,-0.00022,-0.00049,-0.00013,0.00058,4e-05,-1e-05,-1e-05,0.00067,-0.00011,0.00015,0.00017,-1e-05,0,0,0.00031,-0.00018,1e-05,0.00018,-0,0,-0
79.8,-0.00433,7e-05,0.0002,-2e-05,-0.00024,-0,0.01257,0.00107,0.00182,-0.00016,9e-05,5e-05,3e-05,-2e-05,-0.00073,-0.00016,0.0006,4e-05,-1e-05,-0,0.00069,-0,0.0001,0.00017,-1e-05,0,0,0.00046,-0.00031,1e-05,0.00027,0,1e-05,-0
79.82,-0.00426,3e-05,0.00017,-2e-05,-0.00024,-0,0.00987,0.00107,0.00129,-3e-05,0.0001,9e-05,2e-05,0.00014,-0.00092,-0.00019,0.00055,2e-05,-1e-05,-0,0.00069,9e-05,6e-05,0.00016,-0,0,-0,0.00054,-0.00037,-0,0.00026,-0,1e-05,0
79.84,-0.00405,-1e-05,0.00014,-1e-05,-0.00022,-0,0.00772,0.00095,0.00073,8e-05,0.0001,0.00011,1e-05,0.00028,-0.00107,-0.00021,0.00047,1e-05,-1e-05,-0,0.00067,0.00017,1e-05,0.00014,-0,0,-0,0.00056,-0.00036,-3e-05,0.00022,-0,1e-05,0
79.86,-0.00375,-5e-05,0.00012,-1e-05,-0.0002,-0,0.00602,0.00084,0.00032,0.00017,0.0001,0.00012,1e-05,0.00038,-0.00119,-0.00023,0.00038,-0,-0,-0,0.00063,0.00023,-4e-05,0.00013,-0,-0,-0,0.00054,-0.00031,-5e-05,0.00019,-0,1e-05,0
79.88,-0.00335,-8e-05,0.00011,-0,-0.00018,-0,0.00471,0.00073,3e-05,0.00023,9e-05,0.00012,0,0.00045,-0.00127,-0.00024,0.00027,-1e-05,0,0,0.00056,0.00027,-8e-05,0.00012,-0,-0,-0,0.0005,-0.00024,-6e-05,0.00017,-0,1e-05,0
79.9,-0.0029,-0.0001,0.00011,0,-0.00014,-0,0.00374,0.00062,-0.00016,0.00025,9e-05,0.0001,0,0.00051,-0.00131,-0.00025,0.00012,-0,0,0,0.00047,0.00029,-0.00012,0.00012,-0,-0,-0,0.00042,-0.00016,-7e-05,0.00015,-0,1e-05,0
79.92,-0.00244,-0.0001,0.0001,0,-0.00011,-0,0.00305,0.00052,-0.00026,0.00024,7e-05,8e-05,-0,0.00056,-0.00133,-0.00025,-5e-05,1e-05,0,0,0.00037,0.00029,-0.00016,0.00012,0,-0,-0,0.00031,-8e-05,-6e-05,0.00014,0,0,0
79.94,-0.00202,-0.0001,0.0001,1e-05,-8e-05,-0,0.00251,0.00044,-0.0003,0.00021,6e-05,5e-05,-0,0.00061,-0.00132,-0.00023,-0.00022,4e-05,0,1e-05,0.00027,0.00028,-0.00018,0.00012,0,-0,-0,0.0002,-1e-05,-5e-05,0.00014,0,0,0
79.96,-0.00164,-0.0001,0.0001,1e-05,-5e-05,-0,0.00205,0.00037,-0.0003,0.00018,6e-05,3e-05,-0,0.00066,-0.00128,-0.00021,-0.00039,7e-05,0,1e-05,0.00017,0.00025,-0.0002,0.00012,1e-05,-0,-0,0.0001,6e-05,-3e-05,0.00014,0,0,0
79.98,-0.00131,-9e-05,9e-05,1e-05,-3e-05,-0,0.00165,0.00032,-0.00027,0.00014,5e-05,2e-05,-0,0.00069,-0.00122,-0.00018,-0.00056,0.00012,-0,1e-05,9e-05,0.00022,-0.0002,0.00012,1e-05,-0,-0,0,0.00011,-1e-05,0.00013,0,0,0
80,-0.00104,-8e-05,9e-05,0,-1e-05,-0,0.0013,0.00027,-0.00023,9e-05,5e-05,1e-05,-0,0.00073,-0.00114,-0.00016,-0.00073,0.00017,-0,1e-05,1e-05,0.00017,-0.0002,0.00011,1e-05,-0,-0,-7e-05,0.00014,1e-05,0.00013,0,0,0
80.02,-0.00081,-7e-05,8e-05,0,0,-0,0.00098,0.00022,-0.00018,6e-05,4e-05,0,-0,0.00078,-0.00106,-0.00013,-0.00086,0.00023,0,1e-05,-5e-05,0.00013,-0.0002,0.00011,1e-05,-0,-0,-0.00014,0.00018,3e-05,0.00013,0,0,0
80.04,-0.00063,-7e-05,7e-05,0,1e-05,-0,0.00068,0.00017,-0.00013,3e-05,4e-05,0,-0,0.00084,-0.00097,-0.0001,-0.00094,0.0003,0,2e-05,-0.0001,8e-05,-0.00019,0.00011,2e-05,-1e-05,-0,-0.00018,0.00021,5e-05,0.00012,1e-05,0,0
80.06,-0.00047,-6e-05,6e-05,0,2e-05,-0,0.00041,0.00013,-9e-05,0,4e-05,0,0,0.00088,-0.00086,-7e-05,-0.00101,0.00035,0,2e-05,-0.00013,5e-05,-0.00018,0.0001,2e-05,-1e-05,-0,-0.00022,0.00024,6e-05,0.00012,1e-05,0,0
80.08,-0.00034,-5e-05,5e-05,0,3e-05,-0,0.00015,9e-05,-5e-05,-1e-05,4e-05,0,0,0.00092,-0.00073,-4e-05,-0.00105,0.00038,0,3e-05,-0.00017,1e-05,-0.00017,0.0001,2e-05,-1e-05,-0,-0.00024,0.00028,5e-05,0.00011,1e-05,0,0
80.1,-0.00022,-4e-05,3e-05,0,3e-05,-0,-9e-05,5e-05,-3e-05,-2e-05,3e-05,0,-0,0.00094,-0.0006,-2e-05,-0.00105,0.00038,0,3e-05,-0.00019,-1e-05,-0.00016,9e-05,2e-05,-0,-0,-0.00026,0.00032,4e-05,0.00011,1e-05,0,0
80.12,-0.00013,-3e-05,1e-05,0,3e-05,-0,-0.00031,1e-05,-1e-05,-2e-05,3e-05,0,-0,0.00096,-0.00049,-1e-05,-0.00103,0.00036,0,3e-05,-0.00022,-3e-05,-0.00014,9e-05,2e-05,-0,-0,-0.00026,0.00036,1e-05,0.0001,1e-05,0,0
80.14,-4e-05,-2e-05,-0,0,3e-05,-0,-0.00049,-2e-05,-0,-2e-05,3e-05,0,-0,0.00097,-0.00039,1e-05,-0.00098,0.00032,0,2e-05,-0.00024,-5e-05,-0.00012,8e-05,1e-05,-0,-0,-0.00027,0.00041,-2e-05,9e-05,1e-05,0,0
80.16,3e-05,-2e-05,-2e-05,0,3e-05,-0,-0.00065,-4e-05,1e-05,-1e-05,2e-05,0,-0,0.00096,-0.00028,2e-05,-0.00089,0.00028,0,2e-05,-0.00025,-7e-05,-0.0001,7e-05,1e-05,-0,-0,-0.00026,0.00045,-6e-05,8e-05,1e-05,0,-0
80.18,9e-05,-1e-05,-3e-05,0,3e-05,-0,-0.00077,-6e-05,1e-05,-1e-05,2e-05,0,-0,0.00093,-0.00019,2e-05,-0.00077,0.00023,0,2e-05,-0.00026,-8e-05,-8e-05,7e-05,1e-05,-0,-0,-0.00025,0.00049,-0.0001,7e-05,1e-05,-0,-0
80.2,0.00014,-1e-05,-4e-05,0,3e-05,-0,-0.00086,-7e-05,1e-05,-0,1e-05,0,-0,0.0009,-0.00011,2e-05,-0.00066,0.00017,0,1e-05,-0.00027,-9e-05,-6e-05,6e-05,1e-05,-0,-0,-0.00023,0.00052,-0.00015,6e-05,1e-05,-0,-0
80.22,0.00017,-0,-4e-05,1e-05,2e-05,-0,-0.00091,-7e-05,1e-05,0,1e-05,0,-0,0.00083,-5e-05,3e-05,-0.00056,0.00012,0,1e-05,-0.00027,-0.0001,-3e-05,5e-05,1e-05,-0,-0,-0.00021,0.00054,-0.00019,5e-05,1e-05,-0,-0
80.24,0.0002,-0,-4e-05,1e-05,2e-05,-0,-0.00092,-7e-05,1e-05,1e-05,0,0,-0,0.00075,-1e-05,3e-05,-0.00047,7e-05,0,0,-0.00026,-0.0001,-1e-05,5e-05,0,-0,0,-0.00019,0.00054,-0.00022,3e-05,1e-05,-0,-0
80.26,0.00022,0,-4e-05,1e-05,2e-05,-0,-0.0009,-7e-05,1e-05,2e-05,-0,0,-0,0.00066,2e-05,3e-05,-0.00038,4e-05,0,0,-0.00025,-0.0001,2e-05,4e-05,0,0,0,-0.00016,0.00051,-0.00025,2e-05,1e-05,-0,-0
80.28,0.00022,1e-05,-3e-05,1e-05,1e-05,-0,-0.00083,-6e-05,1e-05,2e-05,-1e-05,0,0,0.00056,5e-05,3e-05,-0.00029,2e-05,0,-0,-0.00024,-0.0001,4e-05,3e-05,-0,0,0,-0.00012,0.00046,-0.00026,0,1e-05,-0,-0
80.3,0.00022,1e-05,-2e-05,0,1e-05,-0,-0.00074,-5e-05,2e-05,2e-05,-1e-05,0,0,0.00044,6e-05,2e-05,-0.00021,-0,0,-0,-0.00022,-0.0001,6e-05,3e-05,-0,0,0,-9e-05,0.0004,-0.00026,-1e-05,1e-05,-0,-0
80.32,0.00022,1e-05,-1e-05,0,1e-05,-0,-0.00062,-5e-05,3e-05,3e-05,-2e-05,0,0,0.00029,7e-05,2e-05,-0.00016,-1e-05,0,-0,-0.00021,-0.0001,9e-05,2e-05,-1e-05,0,0,-5e-05,0.00031,-0.00024,-2e-05,1e-05,-0,-0
80.34,0.00021,2e-05,-1e-05,0,1e-05,-0,-0.00048,-4e-05,4e-05,3e-05,-2e-05,0,0,0.00013,7e-05,2e-05,-0.00011,-2e-05,0,-0,-0.00018,-0.00011,0.00011,1e-05,-1e-05,0,0,-2e-05,0.00021,-0.00022,-3e-05,0,-0,-0
80.36,0.0002,2e-05,0,0,1e-05,-0,-0.00033,-3e-05,5e-05,3e-05,-2e-05,0,0,-3e-05,8e-05,2e-05,-7e-05,-3e-05,0,-1e-05,-0.00016,-0.00013,0.00013,1e-05,-1e-05,1e-05,0,1e-05,0.00011,-0.00018,-4e-05,0,-0,-0
80.38,0.00019,2e-05,1e-05,0,0,-0,-0.00018,-2e-05,7e-05,4e-05,-2e-05,0,0,-0.00019,8e-05,2e-05,-3e-05,-3e-05,0,-1e-05,-0.00014,-0.00014,0.00015,1e-05,-1e-05,1e-05,0,4e-05,1e-05,-0.00014,-4e-05,0,-0,-0
80.4,0.00018,2e-05,1e-05,0,0,-0,-3e-05,-1e-05,0.0001,4e-05,-2e-05,0,0,-0.00034,8e-05,1e-05,-0,-4e-05,0,-1e-05,-0.00013,-0.00015,0.00016,0,-1e-05,1e-05,0,6e-05,-8e-05,-0.0001,-5e-05,0,-0,-0
80.42,0.00018,2e-05,2e-05,0,0,-0,0.00011,-0,0.00012,4e-05,-2e-05,1e-05,0,-0.00047,9e-05,1e-05,2e-05,-4e-05,0,-1e-05,-0.00011,-0.00015,0.00017,-0,-1e-05,1e-05,0,7e-05,-0.00014,-7e-05,-5e-05,0,-0,-0
80.44,0.00018,2e-05,2e-05,0,1e-05,-0,0.00023,0,0.00015,4e-05,-2e-05,1e-05,1e-05,-0.00058,9e-05,1e-05,5e-05,-4e-05,0,-1e-05,-0.0001,-0.00013,0.00016,-0,-1e-05,1e-05,0,7e-05,-0.00018,-5e-05,-5e-05,0,-0,-0
80.46,0.00019,2e-05,2e-05,0,1e-05,-0,0.00031,0,0.00018,4e-05,-1e-05,1e-05,1e-05,-0.00066,9e-05,-0,7e-05,-5e-05,0,-1e-05,-9e-05,-9e-05,0.00014,-0,-1e-05,1e-05,0,7e-05,-0.00019,-4e-05,-4e-05,-0,-0,-0
80.48,0.0002,2e-05,1e-05,0,1e-05,-0,0.00036,0,0.0002,4e-05,-1e-05,1e-05,1e-05,-0.00073,9e-05,-1e-05,9e-05,-5e-05,0,-1e-05,-8e-05,-3e-05,0.0001,-0,-1e-05,1e-05,0,6e-05,-0.00018,-4e-05,-4e-05,-0,-0,-0
80.5,0.00022,2e-05,1e-05,0,1e-05,-0,0.00037,1e-05,0.00021,3e-05,-0,1e-05,1e-05,-0.00077,0.0001,-1e-05,0.0001,-6e-05,0,-1e-05,-8e-05,4e-05,5e-05,-0,-1e-05,0,0,4e-05,-0.00014,-5e-05,-3e-05,-0,-0,-0
80.52,0.00024,1e-05,1e-05,0,1e-05,-0,0.00032,1e-05,0.00021,3e-05,-0,1e-05,1e-05,-0.00079,0.0001,-2e-05,0.00012,-6e-05,-0,-1e-05,-7e-05,0.0001,0,-0,-0,0,0,2e-05,-0.0001,-6e-05,-3e-05,-0,-0,-0
80.54,0.00025,1e-05,1e-05,0,1e-05,-0,0.00022,1e-05,0.00018,2e-05,0,0,1e-05,-0.00078,0.0001,-2e-05,0.00014,-7e-05,-0,-1e-05,-7e-05,0.00016,-4e-05,0,-0,0,0,1e-05,-5e-05,-8e-05,-2e-05,-0,-0,-0
80.56,0.00027,1e-05,0,0,1e-05,-0,7e-05,2e-05,0.00011,1e-05,0,0,0,-0.00076,0.0001,-3e-05,0.00016,-7e-05,-0,-1e-05,-6e-05,0.0002,-8e-05,0,0,0,-0,-1e-05,0,-9e-05,-2e-05,-0,-0,-0
80.58,0.00028,1e-05,0,0,1e-05,-0,-0.00011,3e-05,1e-05,0,0,0,0,-0.00073,0.0001,-3e-05,0.00017,-7e-05,-1e-05,-1e-05,-5e-05,0.00023,-0.0001,0,0,-0,-0,-2e-05,5e-05,-9e-05,-1e-05,-0,-0,-0
80.6,0.00029,1e-05,-0,0,1e-05,-0,-0.0003,4e-05,-0.0001,-0,0,-0,-0,-0.00068,0.0001,-3e-05,0.00018,-7e-05,-1e-05,-1e-05,-4e-05,0.00023,-0.00012,-0,0,-0,-0,-3e-05,8e-05,-9e-05,-1e-05,-0,-0,-0
80.62,0.00029,0,-0,0,0,-0,-0.00047,5e-05,-0.0002,-1e-05,-0,-0,-1e-05,-0.00063,0.0001,-3e-05,0.00018,-5e-05,-1e-05,-1e-05,-2e-05,0.00022,-0.00013,-0,0,-0,-0,-3e-05,0.0001,-8e-05,-1e-05,-0,-0,-0
80.64,0.00029,0,-0,0,0,-0,-0.00061,5e-05,-0.00025,-1e-05,-0,-0,-1e-05,-0.00057,0.0001,-3e-05,0.00019,-3e-05,-1e-05,-1e-05,-1e-05,0.00019,-0.00013,-0,0,-0,-0,-3e-05,0.00011,-6e-05,-1e-05,-0,-0,-0
80.66,0.0003,0,-0,0,0,-0,-0.00069,5e-05,-0.00027,-1e-05,-1e-05,-0,-0,-0.0005,9e-05,-3e-05,0.00019,-1e-05,-1e-05,-1e-05,1e-05,0.00016,-0.00012,-1e-05,1e-05,-0,-0,-2e-05,0.00011,-4e-05,-1e-05,-0,0,0
80.68,0.0003,0,-0,0,-0,-0,-0.00072,5e-05,-0.00025,0,-1e-05,-0,-0,-0.00043,8e-05,-4e-05,0.00019,-0,-1e-05,-1e-05,3e-05,0.00012,-0.00011,-1e-05,1e-05,-0,-0,-1e-05,9e-05,-1e-05,-0,-0,0,0
80.7,0.0003,0,-1e-05,0,-0,-0,-0.00068,5e-05,-0.00022,2e-05,-1e-05,-0,-0,-0.00037,7e-05,-4e-05,0.00018,0,-1e-05,-1e-05,5e-05,7e-05,-9e-05,-1e-05,0,-0,-0,-0,6e-05,3e-05,-0,-0,0,0
80.72,0.0003,-0,-1e-05,0,-0,-0,-0.00061,5e-05,-0.00017,5e-05,-1e-05,-0,-0,-0.0003,5e-05,-4e-05,0.00017,1e-05,-1e-05,-1e-05,7e-05,2e-05,-6e-05,-2e-05,0,-0,-0,0,3e-05,7e-05,-0,-0,0,0
80.74,0.0003,-0,-1e-05,0,-1e-05,-0,-0.0005,5e-05,-0.00011,9e-05,-1e-05,-0,-0,-0.00025,4e-05,-4e-05,0.00015,0,-1e-05,-0,9e-05,-4e-05,-3e-05,-2e-05,0,-0,-0,0,-1e-05,0.00011,0,-0,0,0
80.76,0.0003,-1e-05,-1e-05,0,-1e-05,-0,-0.00038,5e-05,-3e-05,0.00015,-1e-05,-0,-0,-0.0002,2e-05,-4e-05,0.00013,-0,-0,-0,0.00011,-9e-05,-0,-2e-05,0,-0,-0,0,-5e-05,0.00014,0,-0,0,0
80.78,0.0003,-1e-05,-1e-05,0,-1e-05,-0,-0.00027,5e-05,7e-05,0.0002,-1e-05,0,-0,-0.00015,-0,-3e-05,0.0001,-0,-0,-0,0.00012,-0.00015,3e-05,-2e-05,0,-0,-0,-0,-9e-05,0.00018,1e-05,-0,0,0
80.8,0.0003,-1e-05,-1e-05,0,-0,-0,-0.00018,4e-05,0.00019,0.00026,-1e-05,0,-0,-0.00011,-3e-05,-3e-05,7e-05,-0,-0,0,0.00014,-0.00019,6e-05,-3e-05,-0,-0,-0,-1e-05,-0.00013,0.0002,1e-05,-0,0,0
80.82,0.00031,-1e-05,-1e-05,0,0,-0,-0.00014,2e-05,0.00032,0.00031,-1e-05,0,0,-9e-05,-4e-05,-2e-05,4e-05,1e-05,-0,0,0.00015,-0.00022,8e-05,-3e-05,-0,-0,-0,-2e-05,-0.00015,0.00022,2e-05,-0,0,0
80.84,0.00031,-0,-1e-05,-0,1e-05,-0,-0.00016,-1e-05,0.00047,0.00033,-0,0,0,-7e-05,-6e-05,-2e-05,0,3e-05,0,0,0.00016,-0.00023,9e-05,-3e-05,-0,-0,-0,-3e-05,-0.00017,0.00022,2e-05,-1e-05,1e-05,0
80.86,0.00032,-0,-1e-05,-0,2e-05,-0,-0.00026,-5e-05,0.00063,0.00031,0,-0,0,-6e-05,-7e-05,-2e-05,-3e-05,6e-05,0,1e-05,0.00017,-0.00021,9e-05,-3e-05,-0,-0,-0,-4e-05,-0.00018,0.00021,3e-05,-1e-05,1e-05,0
80.88,0.00033,0,-1e-05,-0,4e-05,-0,-0.00044,-0.00012,0.00078,0.00026,0,-0,0,-5e-05,-7e-05,-1e-05,-6e-05,8e-05,0,1e-05,0.00018,-0.00018,9e-05,-4e-05,-0,-0,-0,-4e-05,-0.00018,0.00018,3e-05,-0,1e-05,0
80.9,0.00035,0,0,-0,7e-05,-0,-0.00071,-0.00023,0.00091,0.00017,0,-0,0,-5e-05,-7e-05,-1e-05,-0.0001,0.0001,0,1e-05,0.00018,-0.00013,7e-05,-4e-05,-0,-0,-0,-4e-05,-0.00018,0.00015,4e-05,-0,0,0
80.92,0.00036,0,2e-05,-0,0.0001,-0,-0.00104,-0.00041,0.00101,5e-05,-0,-1e-05,-0,-6e-05,-7e-05,-1e-05,-0.00012,0.00011,-0,1e-05,0.00018,-7e-05,5e-05,-4e-05,-0,-0,-0,-4e-05,-0.00018,0.00012,4e-05,-0,0,0
80.94,0.00038,0,5e-05,0,0.00014,-0,-0.00146,-0.0007,0.001,-4e-05,-1e-05,-1e-05,-0,-7e-05,-7e-05,-0,-0.00014,0.00012,-0,1e-05,0.00018,-1e-05,3e-05,-3e-05,-0,-0,-0,-4e-05,-0.00018,8e-05,5e-05,-0,0,0
80.96,0.0004,0,0.0001,0,0.00019,-0,-0.00201,-0.00114,0.00079,-4e-05,-2e-05,-2e-05,-0,-8e-05,-6e-05,-0,-0.00015,0.00013,-0,2e-05,0.00018,5e-05,1e-05,-3e-05,0,-0,-0,-3e-05,-0.0002,6e-05,6e-05,-0,0,0
80.98,0.00042,-0,0.00017,1e-05,0.00024,-0,-0.00282,-0.00175,0.00036,0.00016,-4e-05,-2e-05,-1e-05,-9e-05,-6e-05,0,-0.00016,0.00013,-0,2e-05,0.00016,0.00011,-1e-05,-3e-05,0,-0,-0,-3e-05,-0.00021,3e-05,6e-05,-0,0,0
81,0.00044,0,0.00024,2e-05,0.00029,-0,-0.00432,-0.00241,-0.0003,0.00067,-6e-05,-2e-05,-2e-05,-8e-05,-6e-05,0,-0.00015,0.00014,-0,2e-05,0.00014,0.00017,-2e-05,-2e-05,0,-0,-0,-2e-05,-0.00024,1e-05,7e-05,-0,0,0
81.02,0.00046,0,0.00029,3e-05,0.00032,-0,-0.00723,-0.00286,-0.00102,0.00159,-8e-05,-1e-05,-3e-05,-7e-05,-5e-05,1e-05,-0.00014,0.00015,-0,2e-05,0.00011,0.00021,-3e-05,-1e-05,0,-0,-0,-1e-05,-0.00026,-0,8e-05,-0,0,0
81.04,0.00047,1e-05,0.0003,5e-05,0.00031,0,-0.01173,-0.00296,-0.00156,0.00279,-9e-05,1e-05,-4e-05,-3e-05,-5e-05,1e-05,-0.00012,0.00015,-0,3e-05,7e-05,0.00025,-3e-05,-1e-05,0,-0,-0,-0,-0.00027,-2e-05,8e-05,-0,0,0
81.06,0.00048,1e-05,0.00027,7e-05,0.00029,0,-0.01752,-0.00265,-0.00177,0.00402,-0.0001,4e-05,-5e-05,3e-05,-5e-05,1e-05,-9e-05,0.00014,-0,3e-05,2e-05,0.00027,-4e-05,-0,0,-0,-0,1e-05,-0.00028,-3e-05,9e-05,0,0,0
81.08,0.00056,2e-05,0.00031,0.0001,0.00027,0,-0.02039,-0.00235,-0.00185,0.00448,-9e-05,6e-05,-5e-05,0.00011,-5e-05,1e-05,-6e-05,0.00012,-0,4e-05,-3e-05,0.00029,-3e-05,0,0,-0,-0,1e-05,-0.00029,-5e-05,9e-05,0,0,-0
81.1,0.00071,2e-05,0.00036,0.00013,0.00025,0,-0.02157,-0.00169,-0.00141,0.00429,-6e-05,8e-05,-5e-05,0.00023,-5e-05,1e-05,-3e-05,0.0001,-0,3e-05,-0.0001,0.0003,-3e-05,1e-05,-0,0,0,2e-05,-0.00029,-7e-05,9e-05,0,-0,-0
81.12,0.00091,2e-05,0.00034,0.00014,0.00023,0,-0.02145,-0.00069,0.00011,0.00368,-3e-05,9e-05,-3e-05,0.00038,-6e-05,1e-05,0,6e-05,0,3e-05,-0.00016,0.0003,-2e-05,1e-05,-0,0,0,2e-05,-0.00024,-8e-05,6e-05,0,-0,0
81.14,0.00116,3e-05,0.00025,0.00013,0.00021,0,-0.01971,-4e-05,0.00185,0.00272,-0,9e-05,-1e-05,0.00056,-6e-05,1e-05,3e-05,2e-05,1e-05,2e-05,-0.00022,0.00031,-0,1e-05,-0,0,0,1e-05,-0.00012,-4e-05,-3e-05,-1e-05,0,0
81.16,0.00145,4e-05,0.00011,0.00011,0.00019,0,-0.01682,-0.00019,0.00318,0.00163,3e-05,9e-05,0,0.00077,-7e-05,1e-05,7e-05,-1e-05,1e-05,2e-05,-0.00028,0.00031,1e-05,1e-05,-1e-05,0,0,0,7e-05,3e-05,-0.00014,-3e-05,1e-05,1e-05
81.18,0.00174,5e-05,-3e-05,8e-05,0.00017,0,-0.01301,-0.00128,0.00416,0.0007,4e-05,0.0001,2e-05,0.001,-9e-05,1e-05,0.0001,-4e-05,2e-05,1e-05,-0.00032,0.00031,2e-05,1e-05,-1e-05,0,0,-1e-05,0.00033,0.00013,-0.00028,-8e-05,2e-05,3e-05
81.2,0.00194,7e-05,-8e-05,1e-05,0.00015,0,-0.00919,-0.00318,0.00473,0.0002,4e-05,0.0001,4e-05,0.00125,-0.00011,1e-05,0.00013,-5e-05,2e-05,-0,-0.00034,0.00032,3e-05,-1e-05,-1e-05,0,0,-4e-05,0.00071,0.00025,-0.00042,-0.00013,3e-05,5e-05
81.22,0.00204,0.0001,2e-05,-0.0001,0.00013,-0,-0.00535,-0.00534,0.00478,7e-05,3e-05,9e-05,4e-05,0.00153,-0.00013,1e-05,0.00017,-5e-05,3e-05,-1e-05,-0.00033,0.00034,4e-05,-3e-05,-1e-05,0,0,-9e-05,0.00121,0.00039,-0.00053,-0.00021,5e-05,7e-05
81.24,0.0021,0.00015,0.0003,-0.00024,0.00012,-0,-0.00074,-0.00693,0.00418,-3e-05,1e-05,8e-05,4e-05,0.00183,-0.00016,1e-05,0.0002,-4e-05,4e-05,-1e-05,-0.0003,0.00037,5e-05,-6e-05,-1e-05,0,0,-0.00018,0.00183,0.00056,-0.0006,-0.0003,7e-05,0.0001
81.26,0.00218,0.00022,0.00066,-0.00038,9e-05,-0,0.00417,-0.00749,0.00315,-0.00036,0,6e-05,3e-05,0.00211,-0.0002,1e-05,0.00023,-1e-05,4e-05,-2e-05,-0.00026,0.0004,5e-05,-0.0001,-2e-05,0,0,-0.00033,0.00251,0.00078,-0.00058,-0.00039,9e-05,0.00012
81.28,0.00233,0.00029,0.00099,-0.00052,6e-05,-0,0.00909,-0.00667,0.00179,-0.00117,0,2e-05,2e-05,0.00235,-0.00025,1e-05,0.00025,2e-05,5e-05,-2e-05,-0.0002,0.00044,5e-05,-0.00015,-2e-05,0,0,-0.00056,0.00319,0.00105,-0.00047,-0.00047,0.00011,0.00014
81.3,0.00252,0.00035,0.00119,-0.00063,3e-05,-0,0.01285,-0.00468,0.00042,-0.00254,1e-05,-3e-05,1e-05,0.00256,-0.00029,1e-05,0.00026,6e-05,5e-05,-2e-05,-0.00013,0.00048,5e-05,-0.00021,-2e-05,0,0,-0.00086,0.00374,0.00136,-0.00029,-0.00053,0.00012,0.00015
81.32,0.00265,0.00037,0.00126,-0.00072,2e-05,-0,0.01361,-0.00208,-0.00058,-0.00446,2e-05,-7e-05,-1e-05,0.00279,-0.00031,0,0.00026,0.00013,5e-05,-2e-05,-7e-05,0.00051,5e-05,-0.00028,-2e-05,0,0,-0.0012,0.00405,0.00168,-5e-05,-0.00056,0.00011,0.00015
81.34,0.00279,0.00034,0.00113,-0.00078,1e-05,-0,0.00959,0.00099,-0.00121,-0.00618,2e-05,-8e-05,-1e-05,0.00298,-0.00032,-1e-05,0.00024,0.00018,5e-05,-2e-05,0,0.00053,5e-05,-0.00035,-2e-05,-0,0,-0.00155,0.00405,0.00199,0.00019,-0.00057,0.0001,0.00013
81.36,0.00295,0.00026,0.0009,-0.0008,0,-0,0.00459,0.0034,-0.00151,-0.00739,2e-05,-9e-05,-2e-05,0.00305,-0.00031,-3e-05,0.00021,0.00021,4e-05,-2e-05,7e-05,0.00052,6e-05,-0.00041,-2e-05,-0,-0,-0.00186,0.00369,0.00228,0.0004,-0.00055,8e-05,0.0001
81.38,0.00311,0.00016,0.0007,-0.00079,-0,-0,0.00095,0.00493,-0.00157,-0.0082,1e-05,-8e-05,-1e-05,0.00302,-0.00027,-6e-05,0.00017,0.00022,4e-05,-2e-05,0.00015,0.00048,7e-05,-0.00047,-2e-05,-0,-0,-0.00212,0.00297,0.00251,0.00055,-0.0005,4e-05,5e-05
81.4,0.0032,9e-05,0.00058,-0.00073,0,-0,-0.00093,0.00478,-0.00125,-0.00836,-1e-05,-6e-05,-1e-05,0.00289,-0.00021,-9e-05,0.00012,0.00019,3e-05,-1e-05,0.00025,0.00041,7e-05,-0.0005,-2e-05,-1e-05,-0,-0.00226,0.00192,0.00267,0.00061,-0.00044,-0,-0
81.42,0.0032,4e-05,0.00047,-0.00064,1e-05,-0,-0.00148,0.00287,-0.00064,-0.00799,-1e-05,-3e-05,-1e-05,0.00264,-0.00014,-0.00011,5e-05,0.00014,2e-05,-1e-05,0.00041,0.00029,8e-05,-0.00049,-2e-05,-1e-05,-0,-0.00225,0.00058,0.00276,0.00057,-0.00037,-5e-05,-6e-05
81.44,0.00319,0,0.00035,-0.00054,1e-05,-0,-0.00134,0.00117,-0.00017,-0.00722,1e-05,-1e-05,-3e-05,0.0023,-6e-05,-0.00014,-2e-05,8e-05,1e-05,-0,0.00064,0.00014,9e-05,-0.00044,-2e-05,-1e-05,-1e-05,-0.00209,-0.00099,0.00277,0.00041,-0.00029,-0.0001,-0.00012
81.46,0.00326,-2e-05,0.00025,-0.00043,2e-05,-0,-0.00087,0.00033,5e-05,-0.00612,7e-05,0,-5e-05,0.00188,2e-05,-0.00015,-8e-05,4e-05,-0,0,0.00094,-5e-05,9e-05,-0.00035,-2e-05,-1e-05,-1e-05,-0.00179,-0.00274,0.0027,0.00015,-0.00022,-0.00015,-0.00018
81.48,0.00338,-3e-05,0.00016,-0.00032,3e-05,-0,-0.00041,-0,0.00013,-0.00482,0.00017,0,-7e-05,0.0014,7e-05,-0.00016,-0.00014,1e-05,-1e-05,0,0.00133,-0.00029,9e-05,-0.00025,-2e-05,-1e-05,-1e-05,-0.00135,-0.0046,0.00258,-0.0002,-0.00017,-0.0002,-0.00023
81.5,0.00355,-4e-05,8e-05,-0.00022,4e-05,-0,-7e-05,-3e-05,0.00014,-0.00358,0.00032,0,-9e-05,0.00085,9e-05,-0.00015,-0.00021,0,-2e-05,0,0.00181,-0.00058,8e-05,-0.00014,-2e-05,-2e-05,-1e-05,-0.00077,-0.00649,0.00245,-0.00061,-0.00012,-0.00023,-0.00028
81.52,0.00377,-5e-05,2e-05,-0.00013,5e-05,-0,8e-05,7e-05,0.00011,-0.00264,0.00053,-0,-8e-05,0.00026,8e-05,-0.00014,-0.0003,0,-2e-05,-0,0.00239,-0.00091,7e-05,-5e-05,-2e-05,-2e-05,-1e-05,-7e-05,-0.00837,0.00236,-0.00108,-8e-05,-0.00026,-0.00031
81.54,0.00402,-7e-05,-4e-05,-4e-05,5e-05,-0,6e-05,0.00021,8e-05,-0.00193,0.00078,-1e-05,-4e-05,-0.0003,3e-05,-0.00012,-0.00041,2e-05,-1e-05,-0,0.00302,-0.00128,4e-05,-1e-05,-2e-05,-2e-05,-1e-05,0.0007,-0.01019,0.0023,-0.00158,-4e-05,-0.00028,-0.00033
81.56,0.0043,-9e-05,-0.0001,3e-05,5e-05,-0,-8e-05,0.00032,3e-05,-0.00136,0.00097,-1e-05,0,-0.0008,-6e-05,-9e-05,-0.00053,5e-05,-1e-05,-0,0.00365,-0.00167,1e-05,-1e-05,-2e-05,-1e-05,-1e-05,0.0015,-0.01184,0.00224,-0.0021,-2e-05,-0.00029,-0.00034
81.58,0.00458,-0.00011,-0.00017,0.0001,4e-05,-0,-0.00033,0.00036,-0,-0.00096,0.00109,-0,5e-05,-0.00127,-0.00018,-5e-05,-0.00067,8e-05,0,-0,0.00422,-0.00209,-2e-05,-6e-05,-2e-05,-1e-05,-1e-05,0.00226,-0.01327,0.00217,-0.00264,-0,-0.00028,-0.00033
81.6,0.00481,-0.00011,-0.00025,0.00015,3e-05,-0,-0.00059,0.00036,-3e-05,-0.00067,0.00111,0,9e-05,-0.00165,-0.00032,-2e-05,-0.00082,0.00011,1e-05,-0,0.00466,-0.00248,-7e-05,-0.00012,-3e-05,-1e-05,-0,0.00291,-0.01452,0.00209,-0.0032,1e-05,-0.00027,-0.00032
81.62,0.00492,-7e-05,-0.0003,0.00019,2e-05,-0,-0.00074,0.00033,-4e-05,-0.00046,0.00099,0,9e-05,-0.00172,-0.00044,0,-0.00097,0.00014,1e-05,-0,0.0049,-0.00275,-0.00013,-0.00012,-4e-05,-0,-0,0.00338,-0.0156,0.00202,-0.00379,3e-05,-0.00026,-0.0003
81.64,0.00489,2e-05,-0.00035,0.00022,0,-0,-0.0008,0.00028,-4e-05,-0.0003,0.00079,0,9e-05,-0.0016,-0.00052,1e-05,-0.00108,0.00015,1e-05,-1e-05,0.00485,-0.00289,-0.0002,-1e-05,-5e-05,1e-05,0,0.00363,-0.01643,0.00189,-0.00444,4e-05,-0.00024,-0.00028
81.66,0.00474,0.00018,-0.0004,0.00023,-0,-0,-0.00082,0.00022,-4e-05,-0.00018,0.00056,0,8e-05,-0.00152,-0.00057,-1e-05,-0.00113,0.00014,1e-05,-1e-05,0.00444,-0.0029,-0.00027,0.00026,-7e-05,2e-05,1e-05,0.00369,-0.01692,0.00168,-0.00516,5e-05,-0.00022,-0.00026
81.68,0.00445,0.00043,-0.00046,0.00024,-1e-05,-0,-0.00078,0.00018,-3e-05,-8e-05,0.00032,0,6e-05,-0.00156,-0.00056,-6e-05,-0.00108,0.00011,1e-05,-0,0.00366,-0.00276,-0.00035,0.00074,-9e-05,3e-05,2e-05,0.00357,-0.01706,0.00139,-0.00596,4e-05,-0.0002,-0.00024
81.7,0.0041,0.00075,-0.00051,0.00023,-1e-05,-0,-0.0007,0.00014,-2e-05,-1e-05,0.0001,-0,5e-05,-0.00162,-0.0005,-0.00013,-0.00097,7e-05,0,-0,0.00251,-0.0025,-0.0004,0.00141,-0.00012,5e-05,3e-05,0.00332,-0.017,0.00104,-0.00692,2e-05,-0.00019,-0.00022
81.72,0.00372,0.00113,-0.00051,0.00022,-1e-05,-0,-0.00063,0.0001,-1e-05,4e-05,-7e-05,0,3e-05,-0.00151,-0.00039,-0.00017,-0.00079,3e-05,-0,0,0.00102,-0.00216,-0.00041,0.00231,-0.00016,8e-05,4e-05,0.00294,-0.01687,0.00064,-0.00808,-2e-05,-0.00018,-0.0002
81.74,0.00332,0.00156,-0.00048,0.0002,-0,-0,-0.00056,8e-05,-1e-05,8e-05,-0.00015,1e-05,1e-05,-0.00131,-0.00028,-0.00018,-0.00057,0,-1e-05,1e-05,-0.00072,-0.00172,-0.00035,0.00334,-0.0002,0.00011,6e-05,0.00252,-0.01661,0.00018,-0.00946,-0.00011,-0.00017,-0.00019
81.76,0.00292,0.00201,-0.00045,0.00018,1e-05,-0,-0.00048,6e-05,-1e-05,0.00011,-0.00015,2e-05,0,-0.0012,-0.00019,-0.00016,-0.00032,-0,-1e-05,1e-05,-0.00261,-0.00119,-0.00025,0.00434,-0.00024,0.00015,8e-05,0.00213,-0.01619,-0.00036,-0.01103,-0.00023,-0.00016,-0.00018
81.78,0.00255,0.00247,-0.00041,0.00016,1e-05,0,-0.00041,6e-05,-1e-05,0.00013,-0.0001,3e-05,-0,-0.00113,-0.00013,-0.00011,-6e-05,0,-1e-05,2e-05,-0.00449,-0.00061,-0.00012,0.00503,-0.00028,0.00019,0.0001,0.0018,-0.01569,-0.00094,-0.01276,-0.00039,-0.00015,-0.00016
81.8,0.00222,0.00293,-0.00039,0.00015,2e-05,-0,-0.00037,5e-05,-1e-05,0.00013,-0,4e-05,-1e-05,-0.00106,-9e-05,-6e-05,0.00017,1e-05,-0,2e-05,-0.00607,-5e-05,2e-05,0.00558,-0.00032,0.00023,0.00013,0.00149,-0.01525,-0.00159,-0.01473,-0.00059,-0.00013,-0.00014
81.82,0.00195,0.00333,-0.0004,0.00013,2e-05,0,-0.00035,4e-05,-2e-05,0.00011,0.00018,6e-05,-1e-05,-0.001,-7e-05,0,0.00038,2e-05,-0,2e-05,-0.00688,0.00045,0.00013,0.00664,-0.00032,0.00032,0.00022,0.00117,-0.01503,-0.00232,-0.01702,-0.00082,-0.00011,-0.0001
81.84,0.00175,0.00366,-0.00042,0.00012,2e-05,0,-0.00035,4e-05,-2e-05,8e-05,0.00036,7e-05,-1e-05,-0.00098,-6e-05,8e-05,0.00059,3e-05,-0,2e-05,-0.00672,0.00085,0.0002,0.00769,-0.00027,0.00041,0.00033,0.00086,-0.01502,-0.00312,-0.01942,-0.00103,-9e-05,-6e-05
81.86,0.00162,0.00393,-0.00046,0.00011,1e-05,0,-0.00037,3e-05,-3e-05,4e-05,0.00045,7e-05,-0,-0.00106,-6e-05,0.00019,0.00073,3e-05,-0,2e-05,-0.00572,0.00113,0.00022,0.00812,-0.0002,0.00046,0.00041,0.00054,-0.01516,-0.00397,-0.02165,-0.00123,-6e-05,-1e-05
81.88,0.00152,0.00412,-0.00051,0.0001,1e-05,0,-0.0004,3e-05,-4e-05,-2e-05,0.00048,7e-05,1e-05,-0.00115,-6e-05,0.00031,0.00083,3e-05,-0,2e-05,-0.0041,0.0013,0.00021,0.00837,-0.00011,0.0005,0.00049,0.00018,-0.01538,-0.00486,-0.02349,-0.00135,-2e-05,4e-05
81.9,0.00142,0.00422,-0.00057,9e-05,0,0,-0.00044,3e-05,-5e-05,-8e-05,0.00043,6e-05,1e-05,-0.0013,-7e-05,0.00044,0.00085,3e-05,-0,2e-05,-0.00237,0.00135,0.00017,0.00782,-0,0.00049,0.00052,-0.00037,-0.01568,-0.00586,-0.02491,-0.00137,1e-05,9e-05
81.92,0.00129,0.0042,-0.0006,0.0001,1e-05,0,-0.00047,3e-05,-6e-05,-0.00014,0.0003,5e-05,2e-05,-0.00153,-7e-05,0.00058,0.0008,2e-05,-0,2e-05,-0.0009,0.00127,0.00013,0.00583,0.0001,0.00041,0.00049,-0.0013,-0.01603,-0.00709,-0.0259,-0.00125,4e-05,0.00013
81.94,0.00111,0.00408,-0.00062,0.0001,1e-05,0,-0.00049,3e-05,-6e-05,-0.00018,0.00017,3e-05,3e-05,-0.0017,-7e-05,0.0007,0.00072,2e-05,-0,2e-05,0.00029,0.00107,9e-05,0.00376,0.00018,0.00031,0.00042,-0.00242,-0.01609,-0.00839,-0.02598,-0.00099,6e-05,0.00014
81.96,0.00088,0.00388,-0.0006,0.00011,2e-05,0,-0.00052,2e-05,-6e-05,-0.00021,9e-05,2e-05,3e-05,-0.00169,-6e-05,0.00075,0.00063,1e-05,-0,1e-05,0.00111,0.00076,5e-05,0.00227,0.00022,0.0002,0.00031,-0.00348,-0.0156,-0.00946,-0.02485,-0.00064,7e-05,0.00013
81.98,0.00064,0.00361,-0.00056,0.00012,3e-05,0,-0.00054,1e-05,-6e-05,-0.00022,4e-05,2e-05,3e-05,-0.00149,-4e-05,0.00075,0.00054,0,0,-0,0.00161,0.00033,0,0.00114,0.00022,8e-05,0.00017,-0.00439,-0.01445,-0.01004,-0.02261,-0.00026,7e-05,0.00011
82,0.00042,0.00327,-0.00051,0.00013,5e-05,0,-0.00056,-1e-05,-5e-05,-0.00022,2e-05,1e-05,3e-05,-0.00121,-2e-05,0.00068,0.00046,0,0,-2e-05,0.00186,-0.0002,-3e-05,0.00029,0.00016,-5e-05,-1e-05,-0.00511,-0.01286,-0.00998,-0.01961,7e-05,7e-05,9e-05
82.02,0.00024,0.0029,-0.00047,0.00013,5e-05,0,-0.00057,-2e-05,-4e-05,-0.00021,0,1e-05,3e-05,-0.00095,-1e-05,0.00055,0.00038,-0,1e-05,-3e-05,0.00187,-0.00073,-6e-05,-0.00037,6e-05,-0.00017,-0.00019,-0.00558,-0.01102,-0.00922,-0.0163,0.00029,6e-05,6e-05
82.04,0.00012,0.00249,-0.00044,0.00013,5e-05,0,-0.00057,-3e-05,-3e-05,-0.00019,0,0,2e-05,-0.00064,0,0.0004,0.00032,-0,1e-05,-4e-05,0.00179,-0.00119,-7e-05,-0.00091,-4e-05,-0.00026,-0.00035,-0.00573,-0.00884,-0.00766,-0.0129,0.00037,5e-05,4e-05
82.06,6e-05,0.00205,-0.00039,0.0001,4e-05,0,-0.00055,-3e-05,-3e-05,-0.00016,-0,0,1e-05,-0.00028,-1e-05,0.00024,0.00028,1e-05,0,-3e-05,0.00171,-0.00156,-8e-05,-0.00144,-0.00012,-0.00033,-0.00046,-0.00556,-0.00638,-0.00557,-0.00963,0.00033,4e-05,3e-05
82.08,2e-05,0.00158,-0.00034,7e-05,2e-05,0,-0.0005,-2e-05,-2e-05,-0.00012,-0,-0,0,3e-05,-4e-05,0.00012,0.00024,2e-05,0,-2e-05,0.00162,-0.00183,-0.0001,-0.00209,-0.00018,-0.00039,-0.00053,-0.00511,-0.0039,-0.00337,-0.00669,0.00022,3e-05,2e-05
82.1,0,0.0011,-0.00029,2e-05,1e-05,0,-0.00044,-2e-05,-1e-05,-8e-05,0,-0,-0,0.00024,-0.0001,3e-05,0.00019,5e-05,0,-1e-05,0.00088,-0.00147,-0.00013,-0.00098,-0.00045,-0.00025,-0.00041,-0.00445,-0.00162,-0.00143,-0.00409,8e-05,2e-05,1e-05
82.12,-1e-05,0.00062,-0.00024,-3e-05,-0,0,-0.00036,-0,-1e-05,-5e-05,0,0,-1e-05,0.00049,-0.00018,-0,0.00012,0.00011,-0,0,-0.00075,6e-05,-0.00013,0.00436,-0.00136,0.00025,1e-05,-0.00362,0.00023,1e-05,-0.00184,-5e-05,1e-05,0
82.14,-4e-05,0.00018,-0.00017,-8e-05,-1e-05,-0,-0.00027,0,-1e-05,-2e-05,0,0,-2e-05,0.00081,-0.00028,1e-05,4e-05,0.0002,-0,2e-05,-0.00206,0.00214,-9e-05,0.01168,-0.00288,0.00085,0.00056,-0.0027,0.00141,0.00095,7e-05,-0.00014,-0,0
82.16,-8e-05,-0.00018,-7e-05,-0.00014,-1e-05,-0,-0.00017,0,-1e-05,-0,0,0,-3e-05,0.00108,-0.00038,5e-05,-4e-05,0.00031,-1e-05,3e-05,-0.00213,0.00445,-4e-05,0.01992,-0.005,0.00138,0.0011,-0.002,0.00152,0.00111,0.00088,-0.00016,-0,0
82.18,-0.00014,-0.00045,5e-05,-0.00019,0,-0,-6e-05,-1e-05,-1e-05,2e-05,0,1e-05,-4e-05,0.00131,-0.00048,0.0001,-0.00014,0.00044,-1e-05,4e-05,0.00027,0.00659,-0,0.02764,-0.00751,0.0017,0.00152,-0.0014,0.00102,0.00086,0.00082,-0.00015,-0,0
82.2,-0.00022,-0.00059,0.00019,-0.00023,2e-05,-0,3e-05,-3e-05,-0,3e-05,-0,1e-05,-4e-05,0.00152,-0.00056,0.00016,-0.00024,0.00057,-1e-05,5e-05,0.00618,0.00819,-0,0.03354,-0.01001,0.00178,0.00174,-0.00074,0.00041,0.00063,0.00072,-0.00013,-0,1e-05
82.22,-0.0003,-0.00062,0.00033,-0.00026,3e-05,-0,0.00011,-6e-05,0,4e-05,-0,2e-05,-5e-05,0.00176,-0.00062,0.00019,-0.00033,0.00074,-1e-05,5e-05,0.01584,0.00918,-5e-05,0.03735,-0.01194,0.00178,0.00184,-9e-05,-0.0002,0.00041,0.00057,-0.00011,-0,1e-05
82.24,-0.00038,-0.00054,0.00046,-0.00029,5e-05,-0,0.00016,-9e-05,1e-05,5e-05,-0,2e-05,-5e-05,0.00196,-0.00065,0.0002,-0.0004,0.00088,-1e-05,5e-05,0.02837,0.00928,-0.00013,0.03861,-0.01304,0.00167,0.00179,0.00052,-0.00072,0.00022,0.0004,-9e-05,-0,1e-05
82.26,-0.00046,-0.00039,0.00059,-0.00032,6e-05,-0,0.0002,-0.00013,1e-05,5e-05,-0,3e-05,-5e-05,0.00206,-0.00064,0.0002,-0.00047,0.00092,-1e-05,5e-05,0.04221,0.0084,-0.00027,0.0372,-0.01332,0.00139,0.00157,0.00102,-0.00113,6e-05,0.00023,-8e-05,-0,1e-05
82.28,-0.00053,-0.00018,0.00069,-0.00035,7e-05,-0,0.00021,-0.00017,2e-05,4e-05,0,4e-05,-6e-05,0.0021,-0.0006,0.00019,-0.00052,0.00088,-0,5e-05,0.05548,0.00672,-0.00045,0.03389,-0.01284,0.00105,0.00127,0.00135,-0.00142,-5e-05,0.00011,-6e-05,-0,1e-05
82.3,-0.00056,6e-05,0.00077,-0.00038,8e-05,-0,0.00021,-0.0002,3e-05,2e-05,0,5e-05,-6e-05,0.00207,-0.00054,0.00017,-0.00055,0.00074,-0,5e-05,0.06643,0.00486,-0.00064,0.02948,-0.01182,0.00072,0.00094,0.00152,-0.00162,-9e-05,2e-05,-4e-05,-0,1e-05
82.32,-0.00056,0.00033,0.00082,-0.0004,8e-05,-0,0.00019,-0.00022,4e-05,0,0,6e-05,-5e-05,0.00196,-0.00047,0.00015,-0.00056,0.0005,0,4e-05,0.07383,0.00338,-0.00077,0.02458,-0.0105,0.00042,0.00063,0.00162,-0.00175,-6e-05,0,-3e-05,-0,0
82.34,-0.00053,0.00061,0.00084,-0.00043,7e-05,-0,0.00017,-0.00023,5e-05,-2e-05,1e-05,7e-05,-5e-05,0.00182,-0.00039,0.00013,-0.00054,0.00027,1e-05,4e-05,0.07732,0.00212,-0.00074,0.0196,-0.00908,0.00018,0.00036,0.00162,-0.00186,4e-05,9e-05,-3e-05,0,0
82.36,-0.00044,0.00088,0.0008,-0.00045,6e-05,-0,0.00016,-0.00023,5e-05,-3e-05,1e-05,7e-05,-4e-05,0.0017,-0.00032,0.00011,-0.0005,0.0001,1e-05,4e-05,0.07721,0.00092,-0.00048,0.01472,-0.00772,2e-05,0.00015,0.00145,-0.00199,0.00018,0.00019,-2e-05,0,0
82.38,-0.00033,0.00116,0.00071,-0.00047,5e-05,-0,0.00015,-0.00023,5e-05,-5e-05,1e-05,8e-05,-4e-05,0.0016,-0.00025,9e-05,-0.00043,-2e-05,2e-05,3e-05,0.07401,-0.00021,4e-05,0.00995,-0.00649,-9e-05,-1e-05,0.00116,-0.0022,0.00032,0.00018,-2e-05,-0,-0
82.4,-0.00019,0.0014,0.00055,-0.00049,3e-05,-0,0.00014,-0.00021,4e-05,-7e-05,1e-05,7e-05,-3e-05,0.00151,-0.00019,7e-05,-0.00036,-9e-05,2e-05,2e-05,0.06844,-0.00123,0.00077,0.00529,-0.00543,-0.00015,-0.00011,0.00076,-0.00254,0.00033,3e-05,-3e-05,-0,-0
82.42,-4e-05,0.0016,0.00035,-0.0005,2e-05,-0,0.00014,-0.0002,3e-05,-7e-05,1e-05,7e-05,-3e-05,0.00139,-0.00015,6e-05,-0.00031,-0.0001,3e-05,2e-05,0.06126,-0.00205,0.00152,0.0008,-0.00455,-0.00018,-0.00017,0.00025,-0.00303,3e-05,0.00016,-5e-05,-1e-05,-1e-05
82.44,0.00011,0.00175,9e-05,-0.0005,0,-0,0.00014,-0.00019,2e-05,-7e-05,1e-05,6e-05,-2e-05,0.00128,-0.00012,6e-05,-0.00028,-5e-05,4e-05,1e-05,0.05313,-0.00273,0.00209,-0.00356,-0.00386,-0.00019,-0.0002,-0.00037,-0.00394,-0.00089,0.00032,-8e-05,-3e-05,-2e-05
82.46,0.00024,0.00185,-0.00022,-0.00049,-1e-05,-0,0.00015,-0.00017,1e-05,-7e-05,1e-05,5e-05,-2e-05,0.0012,-0.00011,6e-05,-0.00023,5e-05,4e-05,0,0.04461,-0.00332,0.00236,-0.00782,-0.00334,-0.00017,-0.00019,-0.00103,-0.00535,-0.00265,0.00028,-0.00011,-7e-05,-5e-05
82.48,0.00035,0.0019,-0.00057,-0.00047,-2e-05,-0,0.00015,-0.00015,0,-6e-05,1e-05,4e-05,-2e-05,0.00114,-0.0001,5e-05,-0.00017,0.00015,5e-05,-0,0.03617,-0.00376,0.00221,-0.01181,-0.00294,-0.00013,-0.00015,-0.00164,-0.00703,-0.00538,4e-05,-0.00016,-0.00014,-0.00011
82.5,0.00043,0.00188,-0.00093,-0.00045,-2e-05,-0,0.00016,-0.00013,-0,-5e-05,1e-05,3e-05,-1e-05,0.00109,-0.0001,6e-05,-0.00013,0.0003,5e-05,-1e-05,0.02807,-0.00393,0.00158,-0.01542,-0.00264,-9e-05,-9e-05,-0.00193,-0.00886,-0.0083,0.00036,-0.0002,-0.00022,-0.00018
82.52,0.00045,0.0018,-0.00127,-0.00043,-2e-05,-0,0.00017,-0.00012,-1e-05,-4e-05,1e-05,2e-05,-1e-05,0.00103,-0.00011,6e-05,-0.00011,0.00054,5e-05,-1e-05,0.02053,-0.00379,0.0005,-0.01851,-0.0024,-4e-05,-2e-05,-0.00148,-0.01044,-0.0091,0.00231,-0.0002,-0.00026,-0.00022
82.54,0.00044,0.00165,-0.00158,-0.00041,-1e-05,-0,0.00018,-0.0001,-2e-05,-3e-05,1e-05,0,-0,0.00098,-0.00013,7e-05,-9e-05,0.00075,4e-05,-1e-05,0.01365,-0.00342,-0.00091,-0.02084,-0.00218,1e-05,5e-05,-0.00055,-0.01069,-0.00721,0.00437,-0.00015,-0.00024,-0.00022
82.56,0.00039,0.00144,-0.00183,-0.00038,-0,-0,0.00019,-9e-05,-1e-05,-2e-05,0,-1e-05,-0,0.00093,-0.00015,8e-05,-7e-05,0.00082,3e-05,-0,0.00751,-0.00292,-0.00243,-0.0222,-0.00196,5e-05,0.00011,0.00024,-0.00929,-0.00387,0.00544,-6e-05,-0.00017,-0.00018
82.58,0.00031,0.0012,-0.00201,-0.00036,2e-05,-0,0.00018,-6e-05,-0,-1e-05,0,-1e-05,0,0.00089,-0.00018,9e-05,-6e-05,0.00081,2e-05,0,0.00226,-0.00237,-0.00383,-0.02237,-0.00172,8e-05,0.00015,0.0005,-0.00674,0.00044,0.00625,6e-05,-6e-05,-0.00011
82.6,0.00019,0.00091,-0.00211,-0.00034,4e-05,-0,0.00017,-4e-05,1e-05,-0,0,-2e-05,0,0.00085,-0.00021,9e-05,-5e-05,0.00069,1e-05,1e-05,-0.00227,-0.00184,-0.00474,-0.02153,-0.00144,9e-05,0.00018,0.00061,-0.00413,0.00325,0.00624,0.00019,7e-05,-1e-05
82.62,3e-05,0.00062,-0.00212,-0.00032,7e-05,-0,0.00015,-1e-05,2e-05,0,0,-2e-05,1e-05,0.0008,-0.00025,0.0001,-3e-05,0.00047,0,2e-05,-0.00604,-0.00139,-0.00486,-0.0199,-0.00112,8e-05,0.00017,0.00128,-0.00239,0.00339,0.00453,0.00032,0.0002,0.00012
82.64,-0.00019,0.00035,-0.00205,-0.00029,0.00011,-0,0.00012,3e-05,4e-05,1e-05,0,-2e-05,1e-05,0.00076,-0.00028,0.0001,-3e-05,0.00028,-0,2e-05,-0.00854,-0.00107,-0.0042,-0.01737,-0.0008,7e-05,0.00016,0.00203,-0.00127,0.00289,0.00272,0.00043,0.00027,0.00021
82.66,-0.00048,0.00013,-0.00192,-0.00026,0.00015,-0,9e-05,7e-05,4e-05,2e-05,0,-2e-05,1e-05,0.00074,-0.00031,0.0001,-2e-05,0.00015,-0,3e-05,-0.00961,-0.00082,-0.00309,-0.01417,-0.00052,5e-05,0.00012,0.00242,-0.00052,0.00259,0.00165,0.00046,0.00025,0.00024
82.68,-0.00082,-1e-05,-0.00175,-0.00022,0.0002,-0,5e-05,0.00011,5e-05,3e-05,0,-1e-05,2e-05,0.00072,-0.00033,9e-05,-1e-05,7e-05,-1e-05,3e-05,-0.00939,-0.00058,-0.00184,-0.01072,-0.00029,3e-05,9e-05,0.00253,-6e-05,0.00225,0.00096,0.00044,0.00017,0.00023
82.7,-0.00122,-5e-05,-0.00157,-0.00017,0.00025,-0,2e-05,0.00015,4e-05,4e-05,0,-1e-05,2e-05,0.00069,-0.00034,8e-05,-1e-05,3e-05,-1e-05,3e-05,-0.00829,-0.00028,-0.00073,-0.00731,-0.00013,2e-05,6e-05,0.00222,0.00026,0.00173,0.00053,0.00033,1e-05,0.00014
82.72,-0.0017,3e-05,-0.00137,-0.00012,0.0003,-0,-1e-05,0.00018,3e-05,6e-05,0,-1e-05,1e-05,0.00064,-0.00033,7e-05,-1e-05,1e-05,-0,2e-05,-0.0066,3e-05,3e-05,-0.00413,-4e-05,1e-05,3e-05,0.00151,0.00058,0.00106,0.00027,0.00015,-0.00012,0
82.74,-0.00221,0.00022,-0.00118,-6e-05,0.00034,-0,-4e-05,0.00019,2e-05,8e-05,0,-1e-05,1e-05,0.00056,-0.00029,5e-05,-2e-05,-0,-0,2e-05,-0.00452,0.00025,0.0004,-0.00122,-0,1e-05,1e-05,0.00085,0.00095,0.00044,8e-05,-1e-05,-0.00015,-0.0001
82.76,-0.00265,0.0005,-0.00101,1e-05,0.00037,0,-5e-05,0.00019,0,9e-05,0,-1e-05,1e-05,0.00046,-0.00024,3e-05,-3e-05,-1e-05,0,1e-05,-0.00242,0.00029,0.00044,0.00137,-0,0,0,-0.00019,0.00103,-4e-05,4e-05,-0.00021,-9e-05,-0.00018
82.78,-0.00292,0.0008,-0.00084,8e-05,0.00037,0,-6e-05,0.00017,-2e-05,0.0001,0,-1e-05,1e-05,0.00032,-0.00018,1e-05,-4e-05,-1e-05,1e-05,0,-0.00165,0.0001,0.00023,0.00258,-3e-05,1e-05,-0,0.00019,0.00047,-0.00044,0.00106,-0.00081,4e-05,-0.00021
82.8,-0.00305,0.00107,-0.00067,0.00017,0.00031,0,-6e-05,0.00014,-3e-05,0.0001,0,-1e-05,1e-05,0.00012,-0.00012,-1e-05,-6e-05,-1e-05,1e-05,-1e-05,-0.00181,-0.00023,-9e-05,0.00281,-5e-05,1e-05,-0,0.0047,-0.00049,-0.00078,0.00379,-0.00199,0.00014,-0.00024
82.82,-0.00309,0.00121,-0.0005,0.00025,0.00024,0,-6e-05,0.0001,-4e-05,0.0001,0,-1e-05,1e-05,-0.00015,-6e-05,-2e-05,-8e-05,-1e-05,2e-05,-1e-05,-0.00185,-0.0006,-0.00041,0.00301,-8e-05,1e-05,-0,0.01459,-0.00181,-0.001,0.00888,-0.00388,0.00019,-0.00029
82.84,-0.00294,0.00113,-0.00033,0.00034,0.00015,0,-5e-05,5e-05,-5e-05,0.0001,0,-1e-05,1e-05,-0.00047,-2e-05,-3e-05,-0.0001,-1e-05,2e-05,-2e-05,-0.0018,-0.00092,-0.00063,0.00315,-0.00011,1e-05,-0,0.02945,-0.00325,-0.00096,0.01716,-0.00658,0.00024,-0.00035
82.86,-0.00256,0.00079,-0.00018,0.00043,5e-05,0,-4e-05,0,-6e-05,9e-05,0,-0,1e-05,-0.00086,0,-3e-05,-0.00011,-1e-05,3e-05,-2e-05,-0.00165,-0.00109,-0.00073,0.00319,-0.00014,0,-0,0.04803,-0.00424,-0.00067,0.02959,-0.01008,0.00025,-0.00044
82.88,-0.00206,0.00019,-5e-05,0.00052,-6e-05,-0,-2e-05,-5e-05,-7e-05,9e-05,0,-0,2e-05,-0.00137,0,-2e-05,-0.00012,-1e-05,3e-05,-2e-05,-0.00129,-0.00104,-0.00067,0.00308,-0.00018,-0,0,0.06783,-0.00421,-0.00046,0.04663,-0.01421,0.0003,-0.00051
82.9,-0.00151,-0.00057,2e-05,0.0006,-0.00017,-0,-1e-05,-8e-05,-8e-05,9e-05,0,0,2e-05,-0.0019,-3e-05,-0,-0.00011,-1e-05,3e-05,-2e-05,-0.00086,-0.00077,-0.00047,0.00283,-0.00021,-0,0,0.0858,-0.00245,0.00092,0.06684,-0.01847,0.00017,-0.00072
82.92,-0.00098,-0.0013,3e-05,0.00066,-0.00027,-0,-1e-05,-9e-05,-9e-05,8e-05,0,0,2e-05,-0.00222,-8e-05,2e-05,-2e-05,-1e-05,3e-05,-2e-05,-0.00035,-0.00041,-0.00021,0.00252,-0.00022,-0,0,0.09881,0.00074,0.00478,0.08506,-0.02207,-0.00063,-0.00147
82.94,-0.00051,-0.00189,-4e-05,0.00069,-0.00038,-0,-1e-05,-7e-05,-0.0001,8e-05,0,0,2e-05,-0.0024,-0.00013,3e-05,0.00014,-0,3e-05,-2e-05,0.00036,-6e-05,3e-05,0.00219,-0.00022,0,0,0.1045,0.00429,0.00729,0.09649,-0.02437,-0.00188,-0.00244
82.96,-0.0001,-0.00223,-0.00018,0.00071,-0.00047,-0,-2e-05,-3e-05,-0.00012,7e-05,0,0,2e-05,-0.00261,-0.00019,5e-05,0.00029,-0,3e-05,-2e-05,0.00113,0.00023,0.00022,0.00187,-0.00021,1e-05,1e-05,0.10356,0.00778,0.00681,0.10009,-0.0252,-0.00302,-0.00317
82.98,0.00027,-0.00226,-0.00039,0.00069,-0.00056,-0,-3e-05,3e-05,-0.00013,7e-05,-0,0,2e-05,-0.00284,-0.00025,6e-05,0.00046,-0,2e-05,-3e-05,0.00174,0.00042,0.00031,0.00163,-0.00019,2e-05,1e-05,0.09661,0.01096,0.00376,0.09336,-0.02446,-0.00405,-0.00368
83,0.00063,-0.00191,-0.00064,0.00065,-0.00063,-0,-5e-05,0.0001,-0.00013,6e-05,-0,-0,2e-05,-0.00301,-0.0003,8e-05,0.00052,-0,1e-05,-3e-05,0.00215,0.00044,0.00027,0.00142,-0.00016,3e-05,1e-05,0.08651,0.01345,-0.00012,0.07915,-0.0226,-0.00434,-0.00362
83.02,0.00089,-0.0013,-0.00091,0.0006,-0.00066,-0,-7e-05,0.00016,-0.00012,6e-05,-0,-0,2e-05,-0.00302,-0.00032,9e-05,0.0004,-0,1e-05,-3e-05,0.00252,0.00031,0.00013,0.00119,-0.00013,4e-05,1e-05,0.07588,0.01443,-0.00217,0.06502,-0.0203,-0.00362,-0.00291
83.04,0.00107,-0.00061,-0.00118,0.00054,-0.00066,-0,-9e-05,0.00022,-0.00011,5e-05,-0,-1e-05,2e-05,-0.00294,-0.00031,0.00011,0.00019,-0,0,-3e-05,0.00286,0.00016,1e-05,0.00087,-0.00011,5e-05,2e-05,0.06464,0.01404,-0.00273,0.05002,-0.01772,-0.00266,-0.00206
83.06,0.0012,2e-05,-0.00144,0.00046,-0.00067,-0,-0.0001,0.00024,-8e-05,3e-05,-0,-1e-05,2e-05,-0.00286,-0.00028,0.00013,-6e-05,-0,-0,-2e-05,0.00311,6e-05,-6e-05,0.00048,-8e-05,5e-05,2e-05,0.05285,0.013,-0.00284,0.03326,-0.01503,-0.00184,-0.00132
83.08,0.00129,0.00053,-0.00167,0.00039,-0.00056,0,-0.0001,0.00023,-3e-05,2e-05,-0,-1e-05,2e-05,-0.00274,-0.00024,0.00016,-0.00039,-0,-1e-05,-2e-05,0.00314,-0,-7e-05,0.00018,-5e-05,5e-05,2e-05,0.04135,0.01142,-0.00254,0.01659,-0.01247,-0.00114,-0.00069
83.1,0.00128,0.00088,-0.00187,0.00032,-0.00037,0,-9e-05,0.0002,1e-05,0,-0,-1e-05,3e-05,-0.00262,-0.00021,0.0002,-0.00074,-0,-1e-05,-2e-05,0.00319,-1e-05,-3e-05,-0.0002,-2e-05,5e-05,2e-05,0.03154,0.0097,-0.00201,0.0032,-0.01021,-0.00059,-0.00018
83.12,0.00115,0.00109,-0.00201,0.00026,-0.0002,0,-8e-05,0.00015,5e-05,-2e-05,-0,-1e-05,4e-05,-0.00254,-0.00019,0.00027,-0.00086,-0,-1e-05,-1e-05,0.00343,1e-05,6e-05,-0.00072,0,4e-05,2e-05,0.02429,0.00825,-0.00147,-0.00473,-0.00838,-0.00019,0.00019
83.14,0.00097,0.00117,-0.00209,0.00021,-6e-05,0,-7e-05,0.0001,9e-05,-4e-05,-0,-1e-05,4e-05,-0.00247,-0.00017,0.00036,-0.00076,-0,0,-2e-05,0.00369,5e-05,0.00015,-0.00144,2e-05,3e-05,1e-05,0.01862,0.00709,-0.00104,-0.0099,-0.0069,9e-05,0.00045
83.16,0.00078,0.00115,-0.00209,0.00017,4e-05,0,-5e-05,6e-05,0.00012,-5e-05,-0,-1e-05,4e-05,-0.00235,-0.00015,0.00045,-0.00063,0,1e-05,-2e-05,0.00384,0.0001,0.0002,-0.00254,3e-05,2e-05,1e-05,0.01384,0.00621,-0.00075,-0.01432,-0.00572,0.00027,0.00061
83.18,0.00056,0.00108,-0.002,0.00014,0.00011,0,-3e-05,3e-05,0.00014,-7e-05,-0,-1e-05,4e-05,-0.00214,-0.00011,0.00053,-0.00046,0,2e-05,-2e-05,0.00393,0.00013,0.00017,-0.00405,4e-05,1e-05,1e-05,0.0101,0.00558,-0.00054,-0.01766,-0.00482,0.00037,0.00069
83.2,0.00032,0.00096,-0.00185,0.00011,0.00016,0,-1e-05,2e-05,0.00014,-8e-05,-0,-0,4e-05,-0.0019,-8e-05,0.00059,-0.00024,0,2e-05,-3e-05,0.00398,0.00013,5e-05,-0.00588,4e-05,1e-05,0,0.00717,0.00517,-0.0004,-0.02012,-0.00414,0.00042,0.00073
83.22,7e-05,0.00082,-0.00165,9e-05,0.00019,0,1e-05,0,0.00014,-9e-05,-0,-0,2e-05,-0.00166,-5e-05,0.00063,2e-05,0,2e-05,-4e-05,0.00394,9e-05,-0.00014,-0.00736,4e-05,-0,-0,0.00479,0.00496,-0.00032,-0.02198,-0.00363,0.00043,0.00073
83.24,-0.00019,0.00069,-0.00143,7e-05,0.00021,0,3e-05,0,0.00013,-9e-05,-0,0,1e-05,-0.00137,-3e-05,0.00063,0.00027,0,2e-05,-5e-05,0.00365,-1e-05,-0.00033,-0.00858,4e-05,-0,-0,0.00276,0.0048,-0.00028,-0.02348,-0.00324,0.00042,0.0007
83.26,-0.00045,0.00058,-0.0012,5e-05,0.00022,0,5e-05,-0,0.00012,-0.0001,-0,0,-0,-0.00102,-1e-05,0.0006,0.00045,1e-05,1e-05,-6e-05,0.00316,-0.00017,-0.00049,-0.00968,3e-05,-1e-05,-1e-05,0.00089,0.00454,-0.00025,-0.02479,-0.00294,0.0004,0.00067
83.28,-0.00069,0.0005,-0.00098,4e-05,0.00023,0,7e-05,-0,0.0001,-0.0001,-0,1e-05,-2e-05,-0.00065,0,0.00053,0.0006,1e-05,1e-05,-6e-05,0.00254,-0.00035,-0.00058,-0.01048,2e-05,-1e-05,-1e-05,-0.00104,0.00411,-0.00022,-0.02585,-0.0027,0.00037,0.00063
83.3,-0.00092,0.00044,-0.00079,3e-05,0.00025,0,8e-05,-0,9e-05,-0.0001,-0,1e-05,-3e-05,-0.00034,0,0.00044,0.00066,0,0,-6e-05,0.00179,-0.00052,-0.00061,-0.01095,2e-05,-1e-05,-1e-05,-0.0033,0.00353,-0.0002,-0.02664,-0.00248,0.00035,0.00059
83.32,-0.00114,0.0004,-0.00063,1e-05,0.00026,0,9e-05,-0,7e-05,-0.0001,-0,1e-05,-4e-05,-0.00014,0,0.00033,0.00063,0,-0,-6e-05,0.00094,-0.00062,-0.00058,-0.01101,1e-05,-1e-05,-2e-05,-0.00616,0.00277,-0.00021,-0.02712,-0.00225,0.00034,0.00057
83.34,-0.00135,0.00038,-0.0005,0,0.00028,0,0.0001,-0,6e-05,-0.0001,-0,1e-05,-4e-05,-2e-05,-0,0.00022,0.00057,0,-0,-5e-05,0.00018,-0.00064,-0.00053,-0.01057,0,-1e-05,-2e-05,-0.00955,0.00171,-0.00018,-0.02706,-0.00202,0.00033,0.00056
83.36,-0.00153,0.00039,-0.0004,-1e-05,0.0003,0,0.0001,-0,5e-05,-0.00011,-0,2e-05,-3e-05,3e-05,-0,0.00013,0.00052,0,-0,-4e-05,-0.00036,-0.00058,-0.00045,-0.00956,0,-1e-05,-2e-05,-0.01327,0.00032,-0.00012,-0.02627,-0.00177,0.00033,0.00056
83.38,-0.00167,0.00041,-0.00033,-2e-05,0.00032,0,0.0001,-1e-05,5e-05,-0.00011,-0,2e-05,-3e-05,-3e-05,-0,6e-05,0.00047,-0,-0,-2e-05,-0.00066,-0.00045,-0.00037,-0.00797,-0,-1e-05,-2e-05,-0.01716,-0.00128,-1e-05,-0.02477,-0.00149,0.00032,0.00056
83.4,-0.00179,0.00044,-0.00028,-3e-05,0.00034,0,0.0001,-1e-05,5e-05,-0.00012,-0,2e-05,-2e-05,-0.00015,-0,1e-05,0.00037,0,-0,-1e-05,-0.00079,-0.00028,-0.00028,-0.00623,-0,-1e-05,-2e-05,-0.0209,-0.00292,0.00011,-0.0225,-0.0012,0.00032,0.00055
83.42,-0.00189,0.00048,-0.00025,-4e-05,0.00036,0,9e-05,-2e-05,5e-05,-0.00014,0,2e-05,-2e-05,-0.00025,-0,-1e-05,0.00022,1e-05,0,0,-0.00079,-0.00011,-0.0002,-0.00469,-0,-1e-05,-2e-05,-0.02406,-0.00451,0.00025,-0.01959,-0.00088,0.0003,0.00053
83.44,-0.00196,0.00051,-0.00023,-6e-05,0.00036,0,8e-05,-2e-05,5e-05,-0.00016,0,2e-05,-1e-05,-0.00029,-0,-0,3e-05,2e-05,1e-05,2e-05,-0.00067,4e-05,-0.00011,-0.00315,-0,-1e-05,-2e-05,-0.02597,-0.00579,0.00035,-0.01639,-0.00058,0.00028,0.00049
83.46,-0.00198,0.00054,-0.00022,-8e-05,0.00036,0,7e-05,-3e-05,6e-05,-0.00017,0,1e-05,-0,-0.00029,-0,1e-05,-0.0002,4e-05,2e-05,3e-05,-0.00045,0.00017,-3e-05,-0.00161,-0,-1e-05,-1e-05,-0.02608,-0.00642,0.00036,-0.01325,-0.0003,0.00024,0.00043
83.48,-0.00194,0.00057,-0.00022,-9e-05,0.00034,0,5e-05,-3e-05,7e-05,-0.00019,0,1e-05,1e-05,-0.00024,0,1e-05,-0.0005,8e-05,2e-05,4e-05,-0.00064,0.00019,3e-05,-0.00041,1e-05,-0,-0,-0.02425,-0.00628,0.00027,-0.01042,-9e-05,0.00019,0.00034
83.5,-0.00187,0.00058,-0.00021,-0.00011,0.00031,0,2e-05,-4e-05,7e-05,-0.0002,0,1e-05,2e-05,-5e-05,1e-05,-1e-05,-0.00083,0.00014,3e-05,5e-05,-0.00075,7e-05,3e-05,0.00155,4e-05,2e-05,1e-05,-0.02067,-0.00557,0.00011,-0.00806,5e-05,0.00015,0.00026
83.52,-0.00179,0.00059,-0.0002,-0.00013,0.00026,0,-2e-05,-3e-05,7e-05,-0.0002,0,1e-05,3e-05,0.00035,2e-05,-8e-05,-0.0011,0.0002,3e-05,6e-05,0.00061,-9e-05,2e-05,0.00524,4e-05,3e-05,2e-05,-0.01597,-0.00449,-5e-05,-0.00615,0.00011,0.0001,0.00018
83.54,-0.00168,0.00057,-0.00017,-0.00015,0.00021,0,-6e-05,-3e-05,7e-05,-0.0002,0,0,4e-05,0.00087,4e-05,-0.0002,-0.00127,0.00027,3e-05,6e-05,0.00412,-0.00021,0,0.01015,-1e-05,4e-05,3e-05,-0.01095,-0.00304,-0.00015,-0.00454,0.0001,6e-05,0.00011
83.56,-0.00154,0.0005,-0.00012,-0.00016,0.00015,0,-0.0001,-2e-05,6e-05,-0.00018,0,-0,6e-05,0.00138,5e-05,-0.00036,-0.00139,0.00031,2e-05,6e-05,0.01034,-0.00022,-1e-05,0.0156,-0.00017,3e-05,3e-05,-0.00637,-0.00136,-0.00014,-0.00302,5e-05,3e-05,6e-05
83.58,-0.00137,0.00036,-4e-05,-0.00017,9e-05,0,-0.00014,-1e-05,5e-05,-0.00015,0,-1e-05,8e-05,0.00187,6e-05,-0.00054,-0.00144,0.00029,1e-05,6e-05,0.01952,-2e-05,-0,0.02038,-0.00049,-1e-05,0,-0.00279,0.00029,-2e-05,-0.00142,-3e-05,1e-05,2e-05
83.6,-0.00117,0.00014,4e-05,-0.00018,2e-05,0,-0.00018,-0,3e-05,-0.00011,0,-1e-05,9e-05,0.00224,4e-05,-0.00066,-0.0014,0.00022,-0,5e-05,0.03123,0.00042,2e-05,0.02306,-0.00096,-7e-05,-4e-05,-0.00053,0.00172,0.00019,0.00027,-0.00011,-0,0
83.62,-0.00094,-0.00018,0.00012,-0.00018,-3e-05,0,-0.00022,0,1e-05,-8e-05,0,-1e-05,0.00011,0.00233,-1e-05,-0.00061,-0.00128,0.00014,-0,5e-05,0.04389,0.00106,2e-05,0.02244,-0.00154,-0.00015,-9e-05,4e-05,0.00245,0.00033,0.00126,-0.00016,-0,-0
83.64,-0.00069,-0.00056,0.00018,-0.00018,-8e-05,-0,-0.00024,0,-0,-5e-05,0,-2e-05,0.00012,0.00213,-8e-05,-0.00046,-0.00108,1e-05,-0,4e-05,0.05567,0.00176,-1e-05,0.01859,-0.00214,-0.00024,-0.00016,-2e-05,0.00252,0.00033,0.00125,-0.00017,0,0
83.66,-0.00042,-0.00097,0.00018,-0.00017,-0.00013,-0,-0.00026,-1e-05,-1e-05,-2e-05,0,-2e-05,0.00013,0.00181,-0.00014,-0.00029,-0.00081,-9e-05,1e-05,3e-05,0.06537,0.00241,-8e-05,0.0129,-0.00266,-0.00031,-0.00022,0.0001,0.00249,0.00032,0.00119,-0.00018,0,0
83.68,-0.00011,-0.00139,0.00012,-0.00017,-0.00016,-0,-0.00026,-4e-05,-2e-05,-0,0,-2e-05,0.00012,0.00143,-0.00013,-0.00014,-0.00044,-0.00013,2e-05,2e-05,0.07146,0.00288,-0.00018,0.00655,-0.00301,-0.00036,-0.00027,0.00025,0.00238,0.00031,0.00108,-0.00018,-0,1e-05
83.7,0.00023,-0.00175,3e-05,-0.00016,-0.00019,-0,-0.00025,-9e-05,-1e-05,0,-0,-2e-05,9e-05,0.00127,-4e-05,-7e-05,-0.00018,5e-05,4e-05,1e-05,0.07415,0.00309,-0.00035,0.002,-0.00319,-0.00038,-0.0003,0.00043,0.00213,0.00028,0.00095,-0.00018,-1e-05,1e-05
83.72,0.00058,-0.00201,-7e-05,-0.00015,-0.00019,-0,-0.00024,-0.00016,1e-05,0,-0,-1e-05,6e-05,0.00144,9e-05,-6e-05,-6e-05,0.00107,0.00012,1e-05,0.07488,0.00297,-0.00063,0.00027,-0.00326,-0.00038,-0.00031,0.00096,0.00177,0.00024,0.00084,-0.00017,-1e-05,1e-05
83.74,0.00092,-0.0022,-0.00019,-0.00014,-0.00019,-0,-0.00022,-0.00023,4e-05,1e-05,-0,-1e-05,2e-05,0.00164,0.00027,-4e-05,0.00018,0.00228,0.00018,0,0.07305,0.00259,-0.00097,-7e-05,-0.00322,-0.00036,-0.0003,0.00169,0.00131,0.00019,0.00073,-0.00016,-1e-05,1e-05
83.76,0.00126,-0.00233,-0.00037,-0.00013,-0.00017,-0,-0.0002,-0.00032,7e-05,1e-05,-0,-0,-2e-05,0.00167,0.00043,-1e-05,0.00049,0.00294,0.00019,-0,0.0682,0.00205,-0.00133,0.00051,-0.00306,-0.00033,-0.00029,0.00222,0.00077,0.00014,0.00062,-0.00014,-1e-05,1e-05
83.78,0.00161,-0.00242,-0.00058,-0.00013,-0.00015,-0,-0.00016,-0.00042,0.00012,2e-05,-0,0,-5e-05,0.00163,0.0005,2e-05,0.00085,0.0032,0.00016,-1e-05,0.06121,0.00142,-0.00172,0.00177,-0.00283,-0.00029,-0.00026,0.00254,0.00014,9e-05,0.00052,-0.00012,-1e-05,1e-05
83.8,0.00192,-0.00248,-0.00075,-0.00012,-0.00012,-0,-0.00013,-0.00052,0.00016,3e-05,-0,0,-8e-05,0.00164,0.00045,8e-05,0.00118,0.00283,0.00012,-1e-05,0.05327,0.00082,-0.00214,0.0033,-0.00258,-0.00026,-0.00023,0.00279,-0.00061,2e-05,0.00033,-9e-05,-0,2e-05
83.82,0.00214,-0.00253,-0.00086,-0.00011,-9e-05,-0,-8e-05,-0.0006,0.00019,5e-05,-0,-0,-9e-05,0.00161,0.00039,0.00013,0.00148,0.00171,6e-05,-1e-05,0.04549,0.00035,-0.00253,0.00471,-0.00232,-0.00022,-0.0002,0.0031,-0.00142,-7e-05,4e-05,-8e-05,-0,2e-05
83.84,0.00227,-0.00256,-0.00096,-0.0001,-6e-05,-0,-2e-05,-0.00068,0.00023,7e-05,-0,-0,-0.0001,0.00158,0.00038,0.00018,0.00172,0.0007,2e-05,-2e-05,0.03785,-6e-05,-0.00291,0.00575,-0.00207,-0.00019,-0.00018,0.00328,-0.00231,-0.00018,-0.00031,-6e-05,0,3e-05
83.86,0.00233,-0.00259,-0.00104,-9e-05,-4e-05,-0,4e-05,-0.00074,0.00027,9e-05,-0,0,-0.0001,0.00159,0.00043,0.00021,0.00186,0.00013,0,-2e-05,0.03023,-0.00048,-0.00328,0.0063,-0.00185,-0.00016,-0.00016,0.00316,-0.00332,-0.00031,-0.00079,-5e-05,1e-05,3e-05
83.88,0.00231,-0.00261,-0.00111,-7e-05,-4e-05,-0,0.00012,-0.00081,0.00032,0.00012,-0,0,-0.0001,0.00163,0.00053,0.00023,0.0019,-0.0001,0,-3e-05,0.02302,-0.00097,-0.00361,0.00621,-0.00166,-0.00014,-0.00014,0.00281,-0.00452,-0.00048,-0.00145,-3e-05,1e-05,4e-05
83.9,0.00222,-0.0026,-0.00117,-4e-05,-3e-05,-0,0.00021,-0.00085,0.00038,0.00016,-0,0,-9e-05,0.00163,0.00065,0.00023,0.00188,-8e-05,2e-05,-5e-05,0.01654,-0.00155,-0.00387,0.00549,-0.00148,-0.00012,-0.00013,0.00227,-0.0058,-0.00067,-0.00226,-2e-05,1e-05,4e-05
83.92,0.00208,-0.00254,-0.00121,-1e-05,-4e-05,-0,0.00032,-0.00086,0.00046,0.0002,-0,0,-8e-05,0.00156,0.00074,0.00021,0.00185,0.00013,5e-05,-6e-05,0.01097,-0.00224,-0.00404,0.00419,-0.0013,-0.00011,-0.00012,0.0016,-0.00695,-0.00086,-0.00309,-1e-05,2e-05,4e-05
83.94,0.00189,-0.00242,-0.00122,1e-05,-4e-05,-0,0.00047,-0.00084,0.00055,0.00025,-0,1e-05,-7e-05,0.00148,0.0008,0.00018,0.00177,0.0004,7e-05,-6e-05,0.00613,-0.00306,-0.0041,0.00221,-0.00113,-0.0001,-0.00012,0.00083,-0.00796,-0.00106,-0.00384,-1e-05,2e-05,4e-05
83.96,0.00167,-0.00222,-0.00121,3e-05,-5e-05,-0,0.00064,-0.00082,0.00065,0.0003,-0,1e-05,-6e-05,0.00141,0.00083,0.00015,0.00165,0.0006,9e-05,-6e-05,0.00181,-0.004,-0.00404,-0.00048,-0.00095,-9e-05,-0.00011,8e-05,-0.00887,-0.00128,-0.00444,-0,2e-05,4e-05
83.98,0.00141,-0.00191,-0.00117,5e-05,-5e-05,-0,0.00083,-0.00079,0.00075,0.00036,-0,1e-05,-4e-05,0.00134,0.00083,0.0001,0.00149,0.00072,0.0001,-7e-05,-0.00192,-0.00492,-0.00387,-0.00383,-0.00077,-8e-05,-0.00011,-0.00047,-0.0095,-0.00152,-0.00475,-0,3e-05,3e-05
84,0.00115,-0.00148,-0.00111,6e-05,-4e-05,-0,0.00107,-0.00073,0.00087,0.00043,0,1e-05,-1e-05,0.00125,0.00079,6e-05,0.00134,0.00073,0.0001,-6e-05,-0.00516,-0.00569,-0.00364,-0.00777,-0.00059,-6e-05,-9e-05,-0.00139,-0.00869,-0.00153,-0.00405,-0,2e-05,1e-05
84.02,0.00092,-0.00092,-0.00105,6e-05,-3e-05,-0,0.00137,-0.00064,0.00099,0.00051,0,1e-05,5e-05,0.00113,0.0007,5e-05,0.0012,0.00062,0.0001,-1e-05,-0.00785,-0.00618,-0.00343,-0.0122,-0.00042,-4e-05,-8e-05,-0.00307,-0.00656,-0.00132,-0.00299,-2e-05,-0,-1e-05
84.04,0.00072,-0.00025,-0.00097,5e-05,-1e-05,0,0.00169,-0.00052,0.00109,0.00059,0,1e-05,0.00013,0.00103,0.00058,5e-05,0.00108,0.00046,9e-05,5e-05,-0.00957,-0.00613,-0.0032,-0.01673,-0.00026,-3e-05,-5e-05,-0.00458,-0.00433,-0.00118,-0.00239,-8e-05,-2e-05,-2e-05
84.06,0.00052,0.00046,-0.00087,4e-05,2e-05,0,0.00198,-0.00037,0.00116,0.00066,0,1e-05,0.0002,0.00096,0.00045,6e-05,0.00096,0.00031,8e-05,0.0001,-0.00998,-0.00547,-0.00292,-0.02072,-0.00011,-1e-05,-3e-05,-0.00504,-0.00245,-0.00119,-0.00256,-0.00023,-3e-05,-3e-05
84.08,0.00034,0.00117,-0.00076,2e-05,6e-05,0,0.00223,-0.00022,0.0012,0.00071,0,1e-05,0.00026,0.0009,0.00029,8e-05,0.00085,0.00019,8e-05,0.00014,-0.00898,-0.00434,-0.00257,-0.02333,1e-05,-0,-1e-05,-0.00324,-0.00134,-0.00147,-0.00379,-0.00053,-3e-05,-3e-05
84.1,0.00022,0.00179,-0.00062,-0,9e-05,0,0.00239,-6e-05,0.00118,0.00077,0,1e-05,0.0003,0.00084,0.00013,0.0001,0.00074,9e-05,7e-05,0.00016,-0.00695,-0.00296,-0.00212,-0.02433,9e-05,0,0,0.00244,-0.00075,-0.00191,-0.00492,-0.00099,-4e-05,-2e-05
84.12,0.00014,0.00218,-0.00046,-2e-05,0.00012,0,0.00245,7e-05,0.0011,0.00084,0,1e-05,0.0003,0.00077,-1e-05,0.00012,0.00064,2e-05,7e-05,0.00014,-0.00426,-0.00164,-0.00158,-0.02364,0.00013,0,1e-05,0.01167,-0.0001,-0.00214,-0.00419,-0.00156,-4e-05,-1e-05
84.14,0.0001,0.00228,-0.0003,-4e-05,0.00013,0,0.00242,0.00017,0.00098,0.0009,-0,1e-05,0.00028,0.00064,-0.00013,0.00013,0.00053,-0,8e-05,0.00011,-0.00123,-0.00061,-0.00105,-0.0207,0.00013,0,1e-05,0.02236,0.00022,-0.00213,-0.00272,-0.00217,-4e-05,1e-05
84.16,7e-05,0.00211,-0.00015,-5e-05,0.00013,0,0.00233,0.00023,0.00084,0.00093,-0,1e-05,0.00026,0.00045,-0.0002,0.00014,0.00041,2e-05,9e-05,9e-05,0.00145,5e-05,-0.00062,-0.01555,7e-05,-0,1e-05,0.03357,2e-05,-0.00205,-0.0017,-0.00276,-3e-05,4e-05
84.18,8e-05,0.00168,-4e-05,-5e-05,9e-05,0,0.0022,0.00024,0.00069,0.00093,0,1e-05,0.00023,0.00018,-0.00023,0.00015,0.00029,7e-05,0.0001,8e-05,0.00317,0.00038,-0.0003,-0.00901,-0,-1e-05,0,0.04342,-0.00044,-0.00181,-0.00091,-0.00325,-1e-05,8e-05
84.2,0.00012,0.00105,1e-05,-5e-05,3e-05,-0,0.00204,0.00019,0.00054,0.00092,1e-05,1e-05,0.00019,-0.00013,-0.00022,0.00015,0.00016,0.00014,0.00011,6e-05,0.00369,0.00048,-0.00014,-0.00204,-9e-05,-1e-05,-0,0.0504,-0.00105,-0.00135,-0.00036,-0.00357,2e-05,0.00012
84.22,0.00017,0.00031,0,-4e-05,-6e-05,-0,0.00187,8e-05,0.0004,0.00088,2e-05,2e-05,0.00015,-0.00045,-0.0002,0.00014,3e-05,0.00024,0.00014,5e-05,0.00434,0.00064,-0.00011,0.00159,-0.00013,-1e-05,-0,0.05367,-0.0018,-0.00073,2e-05,-0.00372,6e-05,0.00018
84.24,0.00025,-0.00041,-8e-05,-4e-05,-0.00015,-0,0.0017,-4e-05,0.00027,0.00083,5e-05,3e-05,0.0001,-0.00072,-0.00015,0.00013,-7e-05,0.00036,0.00017,5e-05,0.0054,0.00094,-0.00012,0.00206,-0.00013,-0,-0,0.05316,-0.00266,-0.00013,0.00039,-0.00372,0.00011,0.00024
84.26,0.00033,-0.00106,-0.00023,-4e-05,-0.00023,-0,0.00154,-0.00018,0.00018,0.00078,9e-05,4e-05,5e-05,-0.00092,-0.0001,0.00012,-0.00015,0.00048,0.0002,5e-05,0.00577,0.00115,-7e-05,0.00236,-0.00013,-0,-0,0.04976,-0.00349,0.00036,0.00086,-0.0036,0.00016,0.0003
84.28,0.00041,-0.00156,-0.00044,-4e-05,-0.0003,-0,0.00138,-0.00032,0.0001,0.00072,0.00014,6e-05,1e-05,-0.00105,-5e-05,0.00013,-0.00021,0.00058,0.00023,4e-05,0.00547,0.0012,5e-05,0.00258,-0.00011,-0,-0,0.04392,-0.00422,0.00074,0.00156,-0.00341,0.00021,0.00035
84.3,0.00046,-0.00188,-0.00068,-5e-05,-0.00036,-0,0.00123,-0.00044,5e-05,0.00067,0.00021,9e-05,-4e-05,-0.00109,-2e-05,0.00014,-0.00024,0.00067,0.00026,4e-05,0.00491,0.00112,0.00025,0.00238,-9e-05,-0,-0,0.03712,-0.00494,0.001,0.00237,-0.00317,0.00026,0.00041
84.32,0.00043,-0.00201,-0.00095,-6e-05,-0.00041,-0,0.00111,-0.00053,2e-05,0.00062,0.00032,0.00012,-7e-05,-0.00108,-1e-05,0.00016,-0.00026,0.00076,0.00029,4e-05,0.00457,0.00102,0.00047,0.00171,-7e-05,-0,-0,0.03073,-0.00573,0.00107,0.003,-0.00292,0.00031,0.00046
84.34,0.00033,-0.00202,-0.00122,-7e-05,-0.00044,-0,0.00098,-0.00057,0,0.00056,0.00044,0.00016,-8e-05,-0.00101,-0,0.00017,-0.00026,0.00081,0.00032,4e-05,0.0044,0.00084,0.00066,0.001,-5e-05,-0,-1e-05,0.02448,-0.0064,0.00098,0.00349,-0.00267,0.00036,0.0005
84.36,0.00018,-0.00196,-0.00148,-8e-05,-0.00047,-0,0.00085,-0.00057,-1e-05,0.00051,0.00054,0.00019,-8e-05,-0.0009,-0,0.00017,-0.00026,0.00077,0.00032,3e-05,0.0043,0.00055,0.00072,0.00032,-3e-05,-1e-05,-1e-05,0.01826,-0.00679,0.00077,0.00399,-0.00242,0.0004,0.00054
84.38,-3e-05,-0.00187,-0.00171,-0.0001,-0.0005,-0,0.00072,-0.00054,-3e-05,0.00046,0.00061,0.00022,-7e-05,-0.00078,0,0.00017,-0.00025,0.00071,0.00032,3e-05,0.00435,0.00021,0.00052,-0.00049,-1e-05,-1e-05,-1e-05,0.0124,-0.00689,0.0005,0.00444,-0.00218,0.00045,0.00057
84.4,-0.00026,-0.00175,-0.00189,-0.00011,-0.00053,0,0.00058,-0.00047,-4e-05,0.00041,0.00065,0.00024,-6e-05,-0.00066,1e-05,0.00015,-0.00025,0.0006,0.00029,2e-05,0.00445,-0.0002,-5e-05,-0.00149,0,-1e-05,-1e-05,0.00727,-0.00683,9e-05,0.00472,-0.00196,0.0005,0.00061
84.42,-0.00049,-0.00159,-0.00199,-0.00013,-0.00048,0,0.00042,-0.00039,-5e-05,0.00036,0.00064,0.00025,-5e-05,-0.00058,3e-05,0.00012,-0.00025,0.00047,0.00025,2e-05,0.0043,-0.00089,-0.00105,-0.00251,2e-05,-1e-05,-1e-05,0.00286,-0.00672,-0.00056,0.00473,-0.00178,0.00055,0.00066
84.44,-0.00069,-0.00143,-0.002,-0.00015,-0.00043,0,0.00026,-0.0003,-6e-05,0.00031,0.0006,0.00026,-4e-05,-0.00053,5e-05,0.0001,-0.00025,0.00039,0.00021,2e-05,0.00369,-0.0018,-0.00234,-0.00355,3e-05,-1e-05,-0,-0.0011,-0.00654,-0.00126,0.00461,-0.00163,0.00062,0.00071
84.46,-0.00083,-0.00128,-0.00192,-0.00017,-0.00037,0,0.0001,-0.00021,-6e-05,0.00028,0.00057,0.00027,-4e-05,-0.00053,7e-05,7e-05,-0.00026,0.0004,0.00021,2e-05,0.00278,-0.00265,-0.00362,-0.00475,4e-05,-0,0,-0.00462,-0.00628,-0.00184,0.00454,-0.0015,0.00069,0.00078
84.48,-0.0009,-0.00112,-0.00173,-0.0002,-0.0003,0,-6e-05,-0.00012,-6e-05,0.00024,0.00053,0.00026,-3e-05,-0.00058,9e-05,5e-05,-0.00028,0.00045,0.00022,3e-05,0.00174,-0.0034,-0.00457,-0.00592,5e-05,0,1e-05,-0.00759,-0.00604,-0.00229,0.00457,-0.00135,0.00077,0.00084
84.5,-0.00088,-0.00091,-0.00146,-0.00022,-0.00024,0,-0.00023,-5e-05,-5e-05,0.00021,0.00048,0.00025,-2e-05,-0.00068,0.0001,5e-05,-0.0003,0.00057,0.00024,4e-05,0.0008,-0.00385,-0.00494,-0.00685,5e-05,1e-05,2e-05,-0.01006,-0.00587,-0.00262,0.0046,-0.00116,0.00084,0.00091
84.52,-0.00079,-0.00065,-0.00111,-0.00025,-0.00016,0,-0.00041,1e-05,-3e-05,0.00018,0.00044,0.00024,-1e-05,-0.00083,0.0001,6e-05,-0.0003,0.00079,0.00032,5e-05,0.00018,-0.00381,-0.00465,-0.0076,5e-05,2e-05,2e-05,-0.01216,-0.00581,-0.00291,0.00453,-0.00086,0.0009,0.00095
84.54,-0.00061,-0.00035,-0.00073,-0.00028,-9e-05,0,-0.0006,4e-05,2e-05,0.00013,0.00041,0.00022,-0,-0.00101,8e-05,8e-05,-0.00031,0.00105,0.0004,7e-05,0,-0.00332,-0.00388,-0.00791,5e-05,3e-05,3e-05,-0.01365,-0.00582,-0.00308,0.00443,-0.00043,0.00094,0.00097
84.56,-0.00038,-5e-05,-0.00035,-0.0003,-2e-05,0,-0.00079,5e-05,0.0001,8e-05,0.00037,0.0002,1e-05,-0.00122,6e-05,0.00012,-0.0003,0.0012,0.00044,8e-05,0.00023,-0.00253,-0.00286,-0.00761,4e-05,3e-05,3e-05,-0.0142,-0.00585,-0.00306,0.00444,0.00016,0.00095,0.00095
84.58,-0.00013,0.00022,-2e-05,-0.00033,4e-05,0,-0.00099,4e-05,0.00019,2e-05,0.00035,0.00019,1e-05,-0.00144,3e-05,0.00018,-0.00029,0.00128,0.00046,8e-05,0.00071,-0.00158,-0.00176,-0.00663,4e-05,2e-05,2e-05,-0.01384,-0.00578,-0.00289,0.00472,0.0009,0.00092,0.00089
84.6,0.00011,0.00037,0.00021,-0.00035,8e-05,0,-0.00117,3e-05,0.00031,-4e-05,0.00033,0.00017,2e-05,-0.00164,1e-05,0.00024,-0.00027,0.00122,0.00042,7e-05,0.00122,-0.00078,-0.00096,-0.00535,4e-05,1e-05,1e-05,-0.01312,-0.00553,-0.00251,0.00441,0.00176,0.00083,0.00076
84.62,0.00031,0.00032,0.00032,-0.00038,0.00011,0,-0.0013,1e-05,0.00044,-0.0001,0.00031,0.00015,2e-05,-0.00178,-0,0.0003,-0.00026,0.00101,0.00034,6e-05,0.00159,-0.00034,-0.00057,-0.00416,4e-05,0,0,-0.01262,-0.00498,-0.00191,0.00211,0.00268,0.00068,0.00057
84.64,0.00044,3e-05,0.0003,-0.00039,0.0001,0,-0.00137,-2e-05,0.00057,-0.00014,0.0003,0.00014,2e-05,-0.00185,1e-05,0.00036,-0.00024,0.00075,0.00025,5e-05,0.00177,-0.00012,-0.00033,-0.00297,4e-05,-0,-0,-0.01217,-0.00395,-0.00126,-0.00134,0.0036,0.00047,0.00032
84.66,0.00051,-0.00046,0.00018,-0.0004,8e-05,0,-0.00139,-6e-05,0.00068,-0.00016,0.00029,0.00014,2e-05,-0.00184,4e-05,0.00041,-0.00022,0.00052,0.00017,4e-05,0.00175,-1e-05,-0.00014,-0.00185,3e-05,-0,-0,-0.01175,-0.00237,-0.00066,-0.00471,0.00442,0.0002,3e-05
84.68,0.00053,-0.00111,-1e-05,-0.0004,2e-05,0,-0.00134,-0.0001,0.00078,-0.00017,0.00029,0.00014,2e-05,-0.00176,8e-05,0.00044,-0.0002,0.00033,0.00011,2e-05,0.00157,1e-05,-3e-05,-0.00096,3e-05,0,0,-0.01148,-0.00034,-0.00018,-0.00779,0.00505,-9e-05,-0.00027
84.7,0.0005,-0.00183,-0.00021,-0.00038,-5e-05,-0,-0.00125,-0.00015,0.00085,-0.00017,0.00029,0.00015,2e-05,-0.00161,0.00012,0.00046,-0.00019,0.00017,5e-05,1e-05,0.00126,-2e-05,3e-05,-0.00034,3e-05,1e-05,0,-0.01144,0.0019,0.00015,-0.0107,0.00542,-0.00037,-0.00054
84.72,0.00046,-0.00253,-0.00038,-0.00035,-0.00015,-0,-0.00114,-0.00019,0.00089,-0.00016,0.0003,0.00016,2e-05,-0.00142,0.00015,0.00046,-0.00019,6e-05,2e-05,0,0.00086,-5e-05,6e-05,5e-05,2e-05,2e-05,1e-05,-0.01154,0.00384,0.00026,-0.01343,0.00549,-0.00059,-0.00074
84.74,0.0004,-0.00307,-0.0005,-0.00031,-0.00024,-0,-0.00103,-0.00022,0.00091,-0.00016,0.00031,0.00018,2e-05,-0.0012,0.00016,0.00044,-0.00018,-1e-05,-0,-0,0.00045,-6e-05,7e-05,0.00024,1e-05,3e-05,1e-05,-0.01135,0.00509,0.00014,-0.01475,0.00521,-0.00072,-0.00083
84.76,0.00035,-0.00335,-0.00053,-0.00025,-0.00031,-0,-0.00091,-0.00024,0.0009,-0.00015,0.00031,0.00019,2e-05,-0.00096,0.00013,0.00039,-0.00018,-3e-05,-1e-05,-0,9e-05,-6e-05,8e-05,0.00031,0,3e-05,2e-05,-0.01061,0.00549,-0.00012,-0.01393,0.00458,-0.00075,-0.00081
84.78,0.00028,-0.00334,-0.00049,-0.00019,-0.00036,-0,-0.00079,-0.00024,0.00085,-0.00015,0.00032,0.00019,2e-05,-0.00073,7e-05,0.00032,-0.00017,-2e-05,-0,-0,-0.00021,-4e-05,8e-05,0.0003,-1e-05,3e-05,2e-05,-0.00937,0.005,-0.00044,-0.01146,0.00372,-0.00067,-0.0007
84.8,0.00024,-0.00307,-0.00039,-0.00012,-0.00037,-0,-0.00068,-0.00023,0.00078,-0.00015,0.00031,0.00019,2e-05,-0.00051,-1e-05,0.00024,-0.00017,-0,1e-05,0,-0.00044,-2e-05,8e-05,0.00025,-2e-05,4e-05,2e-05,-0.00771,0.00378,-0.00074,-0.00788,0.00277,-0.00054,-0.00054
84.82,0.00026,-0.00259,-0.00028,-4e-05,-0.00035,-0,-0.00057,-0.00021,0.00068,-0.00014,0.0003,0.00017,2e-05,-0.00034,-0.00011,0.00015,-0.00016,3e-05,2e-05,1e-05,-0.0006,1e-05,9e-05,0.00019,-2e-05,3e-05,2e-05,-0.00584,0.00219,-0.00092,-0.00417,0.00187,-0.00037,-0.00036
84.84,0.00024,-0.00199,-0.00019,2e-05,-0.00031,-0,-0.00046,-0.00018,0.00057,-0.00012,0.00028,0.00015,2e-05,-0.00019,-0.00021,8e-05,-0.00014,6e-05,3e-05,1e-05,-0.00069,6e-05,9e-05,0.00013,-3e-05,3e-05,2e-05,-0.00394,0.00068,-0.00099,-0.00115,0.00111,-0.00022,-0.00021
84.86,0.00017,-0.00136,-0.00014,7e-05,-0.00026,-0,-0.00035,-0.00014,0.00045,-9e-05,0.00024,0.00012,2e-05,-8e-05,-0.00029,1e-05,-0.00012,9e-05,3e-05,1e-05,-0.00073,0.00012,9e-05,8e-05,-3e-05,3e-05,2e-05,-0.00217,-0.00044,-0.00098,0.00062,0.00055,-0.0001,-0.0001
84.88,4e-05,-0.00073,-0.00014,0.00011,-0.00021,-0,-0.00025,-0.00011,0.00033,-5e-05,0.00019,8e-05,2e-05,1e-05,-0.00034,-3e-05,-0.0001,0.00011,3e-05,1e-05,-0.00072,0.00019,9e-05,4e-05,-4e-05,2e-05,2e-05,-0.0006,-0.00102,-0.0009,0.001,0.0002,-3e-05,-3e-05
84.9,-0.00012,-0.00014,-0.0002,0.00014,-0.00015,-0,-0.00015,-7e-05,0.00022,-1e-05,0.00014,4e-05,2e-05,6e-05,-0.00038,-7e-05,-7e-05,0.00011,2e-05,1e-05,-0.00067,0.00028,8e-05,1e-05,-4e-05,2e-05,1e-05,0.00072,-0.0011,-0.00081,0.00013,3e-05,1e-05,1e-05
84.92,-0.00032,0.00038,-0.00029,0.00016,-0.0001,-0,-6e-05,-4e-05,0.00011,3e-05,7e-05,0,2e-05,9e-05,-0.0004,-9e-05,-6e-05,0.0001,1e-05,1e-05,-0.0006,0.00038,5e-05,-1e-05,-4e-05,2e-05,1e-05,0.00127,-0.00075,-0.00076,-0.00054,-0,1e-05,1e-05
84.94,-0.00052,0.00083,-0.0004,0.00019,-6e-05,-0,1e-05,-2e-05,4e-05,5e-05,2e-05,-3e-05,1e-05,8e-05,-0.0004,-9e-05,-4e-05,8e-05,-0,1e-05,-0.00053,0.00048,3e-05,-3e-05,-3e-05,1e-05,1e-05,0.00125,-0.00025,-0.00071,-0.00039,0,0,0
84.96,-0.00071,0.0012,-0.0005,0.00021,-3e-05,-0,6e-05,-0,-1e-05,5e-05,-3e-05,-5e-05,1e-05,6e-05,-0.00038,-9e-05,-3e-05,6e-05,-1e-05,1e-05,-0.00045,0.00056,-0,-3e-05,-3e-05,1e-05,1e-05,0.00121,0.00018,-0.00068,-0.00034,1e-05,0,-0
84.98,-0.00089,0.0015,-0.0006,0.00023,-2e-05,-0,9e-05,1e-05,-3e-05,4e-05,-7e-05,-6e-05,-0,1e-05,-0.00035,-8e-05,-3e-05,4e-05,-2e-05,1e-05,-0.00037,0.00061,-4e-05,-2e-05,-2e-05,1e-05,1e-05,0.00115,0.0005,-0.00066,-0.00038,2e-05,-0,-1e-05
85,-0.00104,0.00173,-0.00065,0.00025,-1e-05,-0,0.00011,2e-05,-3e-05,2e-05,-9e-05,-7e-05,-0,-5e-05,-0.00032,-8e-05,-3e-05,2e-05,-3e-05,0,-0.0003,0.00064,-6e-05,-1e-05,-2e-05,1e-05,1e-05,0.00102,0.00068,-0.00063,-0.00052,2e-05,-0,-1e-05
85.02,-0.00116,0.00187,-0.00067,0.00027,-0,-0,0.00012,3e-05,-3e-05,-1e-05,-9e-05,-6e-05,-1e-05,-0.00012,-0.00028,-7e-05,-3e-05,-1e-05,-3e-05,0,-0.00021,0.00066,-8e-05,0,-2e-05,0,0,0.00084,0.00077,-0.00058,-0.00067,3e-05,-0,-1e-05
85.04,-0.00126,0.00195,-0.00063,0.00029,-1e-05,-0,0.00012,3e-05,-3e-05,-4e-05,-7e-05,-5e-05,-1e-05,-0.00018,-0.00025,-6e-05,-3e-05,-3e-05,-4e-05,-0,-0.00013,0.00066,-9e-05,1e-05,-2e-05,0,0,0.00064,0.0008,-0.00051,-0.00081,4e-05,-0,-1e-05
85.06,-0.00132,0.00198,-0.00055,0.0003,-1e-05,-0,0.00011,4e-05,-2e-05,-6e-05,-4e-05,-4e-05,-0,-0.00022,-0.00021,-5e-05,-3e-05,-6e-05,-4e-05,-0,-7e-05,0.00062,-9e-05,2e-05,-2e-05,0,0,0.00045,0.00077,-0.00044,-0.00094,5e-05,-0,-1e-05
85.08,-0.00135,0.00196,-0.00045,0.0003,-3e-05,-0,0.0001,4e-05,-3e-05,-8e-05,1e-05,-2e-05,0,-0.00025,-0.00018,-4e-05,-3e-05,-8e-05,-5e-05,-1e-05,-2e-05,0.00056,-7e-05,2e-05,-2e-05,0,0,0.00029,0.00072,-0.00037,-0.00099,5e-05,-0,-0
85.1,-0.00134,0.00191,-0.00032,0.0003,-4e-05,-0,8e-05,4e-05,-3e-05,-0.0001,7e-05,-0,1e-05,-0.00025,-0.00015,-3e-05,-2e-05,-0.0001,-6e-05,-1e-05,2e-05,0.00048,-6e-05,2e-05,-2e-05,0,0,0.00016,0.0006,-0.0003,-0.00099,5e-05,-0,-0
85.12,-0.00125,0.00182,-0.00021,0.0003,-6e-05,-0,7e-05,4e-05,-4e-05,-0.00011,0.00013,1e-05,1e-05,-0.00024,-0.00012,-2e-05,-2e-05,-0.00012,-6e-05,-1e-05,5e-05,0.0004,-4e-05,0,-2e-05,1e-05,0,7e-05,0.00041,-0.00023,-0.00099,5e-05,0,-0
85.14,-0.00111,0.00172,-0.00012,0.00029,-8e-05,-0,6e-05,4e-05,-5e-05,-0.00011,0.00018,2e-05,2e-05,-0.0002,-8e-05,-1e-05,-1e-05,-0.00013,-7e-05,-1e-05,7e-05,0.00033,-3e-05,-2e-05,-3e-05,1e-05,1e-05,2e-05,0.00016,-0.00015,-0.00094,5e-05,0,0
85.16,-0.00092,0.00162,-5e-05,0.00028,-0.0001,-0,6e-05,4e-05,-5e-05,-0.00011,0.0002,1e-05,3e-05,-0.00013,-5e-05,-1e-05,1e-05,-0.00014,-8e-05,-1e-05,8e-05,0.00027,-1e-05,-5e-05,-3e-05,1e-05,1e-05,-1e-05,-0.00014,-7e-05,-0.00081,4e-05,0,0
85.18,-0.0007,0.00155,-1e-05,0.00026,-0.00013,-0,5e-05,3e-05,-4e-05,-9e-05,0.00019,-0,3e-05,-3e-05,-0,-1e-05,2e-05,-0.00014,-0.0001,-1e-05,0.0001,0.00023,-0,-8e-05,-3e-05,1e-05,1e-05,-2e-05,-0.00052,2e-05,-0.00064,4e-05,1e-05,0
85.2,-0.00046,0.0015,0,0.00024,-0.00016,-0,5e-05,2e-05,-4e-05,-7e-05,0.00015,-3e-05,3e-05,9e-05,4e-05,-2e-05,4e-05,-0.00016,-0.00012,-1e-05,0.00011,0.0002,0,-0.00011,-4e-05,1e-05,1e-05,-3e-05,-0.00093,0.0001,-0.00047,3e-05,1e-05,1e-05
85.22,-0.00024,0.00149,-1e-05,0.00022,-0.00019,-0,6e-05,1e-05,-4e-05,-3e-05,7e-05,-7e-05,3e-05,0.00024,0.0001,-2e-05,6e-05,-0.00019,-0.00014,-1e-05,0.00012,0.00021,0,-0.00015,-4e-05,1e-05,1e-05,-2e-05,-0.00134,0.00017,-0.00035,3e-05,1e-05,1e-05
85.24,-8e-05,0.00152,-3e-05,0.0002,-0.00022,-0,6e-05,0,-4e-05,4e-05,-3e-05,-0.00012,2e-05,0.00041,0.00017,-4e-05,9e-05,-0.00022,-0.00018,-1e-05,0.00013,0.00025,0,-0.00019,-4e-05,1e-05,1e-05,-2e-05,-0.00172,0.00022,-0.00024,3e-05,1e-05,1e-05
85.26,2e-05,0.0016,-7e-05,0.00018,-0.00025,-0,6e-05,-1e-05,-5e-05,0.00012,-0.00013,-0.00017,2e-05,0.00061,0.00024,-5e-05,0.00011,-0.00027,-0.00021,-1e-05,0.00011,0.00031,0,-0.00022,-4e-05,1e-05,1e-05,-2e-05,-0.00209,0.00025,-0.00016,3e-05,1e-05,1e-05
85.28,5e-05,0.00173,-0.00012,0.00015,-0.00027,0,7e-05,-2e-05,-6e-05,0.00024,-0.00024,-0.00023,1e-05,0.00081,0.00033,-7e-05,0.00014,-0.00032,-0.00025,-2e-05,7e-05,0.00042,0,-0.00025,-4e-05,1e-05,1e-05,-3e-05,-0.00241,0.00025,-0.0001,4e-05,1e-05,1e-05
85.3,3e-05,0.00191,-0.00017,0.00013,-0.00028,-0,7e-05,-3e-05,-8e-05,0.00039,-0.00032,-0.00028,-0,0.00102,0.00043,-9e-05,0.00018,-0.00035,-0.00028,-2e-05,1e-05,0.00056,0,-0.00027,-4e-05,0,1e-05,-7e-05,-0.00266,0.00023,-6e-05,4e-05,1e-05,1e-05
85.32,-5e-05,0.0021,-0.00022,0.00011,-0.00028,-0,6e-05,-3e-05,-0.00012,0.00059,-0.00035,-0.00032,-2e-05,0.00122,0.00054,-0.0001,0.00023,-0.00034,-0.00029,-3e-05,-6e-05,0.00077,-1e-05,-0.00028,-4e-05,0,0,-0.00012,-0.00279,0.00018,-1e-05,5e-05,1e-05,1e-05
85.34,-0.00015,0.00228,-0.00027,0.0001,-0.00026,-0,5e-05,-4e-05,-0.00017,0.00084,-0.00032,-0.00034,-4e-05,0.00141,0.00064,-0.0001,0.00029,-0.00028,-0.00028,-3e-05,-0.00016,0.00102,-2e-05,-0.00027,-4e-05,0,0,-0.00021,-0.00281,0.00011,4e-05,6e-05,1e-05,1e-05
85.36,-0.00027,0.00242,-0.00031,0.0001,-0.00024,0,2e-05,-4e-05,-0.00022,0.00114,-0.00022,-0.00034,-7e-05,0.00155,0.00073,-0.0001,0.00034,-0.00016,-0.00025,-4e-05,-0.00028,0.00131,-3e-05,-0.00023,-4e-05,0,0,-0.00033,-0.00276,3e-05,0.00011,7e-05,1e-05,0
85.38,-0.00038,0.00246,-0.00034,0.0001,-0.0002,-0,-1e-05,-5e-05,-0.00029,0.00147,-0.0001,-0.00033,-0.00011,0.00164,0.00079,-9e-05,0.00037,-2e-05,-0.00022,-5e-05,-0.00043,0.00161,-3e-05,-0.00016,-4e-05,-0,0,-0.00043,-0.00213,-5e-05,2e-05,-0,0,0
85.4,-0.00048,0.00237,-0.00036,0.00011,-0.00016,-0,-5e-05,-4e-05,-0.00035,0.00185,0.00011,-0.00029,-0.00014,0.00166,0.00081,-8e-05,0.00039,0.00018,-0.00017,-6e-05,-0.00057,0.00193,-2e-05,-6e-05,-5e-05,-0,0,-0.00042,-0.00125,-9e-05,-0.00029,-0.00015,-0,0
85.42,-0.00056,0.00213,-0.00035,0.00013,-0.00012,-0,-0.00011,-3e-05,-0.00038,0.0023,0.00052,-0.00018,-0.00018,0.00161,0.0008,-7e-05,0.00036,0.00056,-8e-05,-6e-05,-0.00066,0.00225,2e-05,6e-05,-6e-05,-0,0,-0.00019,-0.00031,-9e-05,-0.00094,-0.00036,-1e-05,1e-05
85.44,-0.00061,0.00174,-0.00033,0.00014,-8e-05,0,-0.00017,1e-05,-0.00037,0.00275,0.00091,-4e-05,-0.0002,0.00147,0.00074,-5e-05,0.00028,0.00089,1e-05,-6e-05,-0.0007,0.00253,0.00011,0.00019,-7e-05,-0,0,0.00033,0.00066,-7e-05,-0.00196,-0.00062,-1e-05,1e-05
85.46,-0.00063,0.00125,-0.00027,0.00016,-4e-05,-0,-0.00024,5e-05,-0.00035,0.00316,0.0011,7e-05,-0.00022,0.00126,0.00063,-4e-05,0.00013,0.00104,6e-05,-5e-05,-0.00068,0.00272,0.00023,0.0003,-8e-05,-0,0,0.00126,0.00159,-8e-05,-0.00317,-0.00092,-1e-05,3e-05
85.48,-0.00063,0.00074,-0.00019,0.00017,-0,-0,-0.00034,0.0001,-0.00033,0.0035,0.00117,0.00017,-0.00022,0.00099,0.00048,-3e-05,-5e-05,0.00108,0.0001,-5e-05,-0.00056,0.00281,0.00038,0.00034,-9e-05,0,0,0.00254,0.00239,-0.00013,-0.00422,-0.00121,-1e-05,4e-05
85.5,-0.00061,0.00031,-9e-05,0.00017,3e-05,-0,-0.00047,0.00013,-0.00031,0.00381,0.00105,0.00021,-0.00021,0.00064,0.0003,-2e-05,-0.00027,0.00096,0.0001,-4e-05,-0.00033,0.00277,0.00055,0.0003,-0.0001,0,1e-05,0.00393,0.00278,-0.00027,-0.00455,-0.00147,-1e-05,5e-05
85.52,-0.00058,4e-05,2e-05,0.00016,7e-05,-0,-0.00057,0.00016,-0.00026,0.00413,0.00073,0.00014,-0.00019,0.00023,0.00013,-3e-05,-0.0005,0.00068,5e-05,-5e-05,1e-05,0.00257,0.00076,0.00021,-0.0001,0,1e-05,0.00485,0.00228,-0.00051,-0.00364,-0.00166,-1e-05,6e-05
85.54,-0.00053,-3e-05,0.00013,0.00015,0.00011,0,-0.00064,0.00016,-0.00019,0.00446,0.00044,7e-05,-0.00016,-0.0002,-3e-05,-4e-05,-0.00074,0.00042,1e-05,-5e-05,0.00046,0.0022,0.00093,7e-05,-0.0001,0,1e-05,0.00468,0.00091,-0.00078,-0.00132,-0.00175,-1e-05,6e-05
85.56,-0.00044,0.00012,0.00024,0.00013,0.00015,0,-0.00072,0.00012,-0.00014,0.00476,0.00026,3e-05,-0.00014,-0.00064,-0.00015,-8e-05,-0.001,0.00025,-0,-7e-05,0.00099,0.0017,0.00094,-0.00013,-9e-05,0,1e-05,0.00317,-0.00096,-0.00096,0.00228,-0.00173,-1e-05,6e-05
85.58,-0.00032,0.00047,0.00033,0.00011,0.0002,0,-0.00081,3e-05,-8e-05,0.00503,0.00013,1e-05,-0.00011,-0.00109,-0.0002,-0.00016,-0.0013,0.00014,-0,-9e-05,0.00148,0.00113,0.00081,-0.00033,-7e-05,0,1e-05,0.00022,-0.00309,-0.00103,0.00674,-0.00162,-0,6e-05
85.6,-0.00015,0.00095,0.00038,9e-05,0.00026,-0,-0.00081,-0.00014,-3e-05,0.00529,6e-05,0,-9e-05,-0.00155,-0.00017,-0.00027,-0.00158,7e-05,-0,-0.00011,0.00191,0.00057,0.00054,-0.00051,-5e-05,0,0,-0.00399,-0.00482,-0.00096,0.01137,-0.00145,0,6e-05
85.62,8e-05,0.00148,0.00039,7e-05,0.0003,0,-0.00059,-0.00036,-2e-05,0.00562,3e-05,0,-8e-05,-0.00194,-4e-05,-0.00041,-0.00179,3e-05,0,-0.00011,0.00235,9e-05,0.00022,-0.00061,-4e-05,-0,-0,-0.00899,-0.00562,-0.00074,0.01535,-0.00125,0,7e-05
85.64,0.00034,0.00197,0.00036,6e-05,0.00033,0,-0.00021,-0.00063,-1e-05,0.00592,1e-05,0,-7e-05,-0.00227,0.0002,-0.00057,-0.00188,1e-05,0,-0.0001,0.0027,-0.00026,-1e-05,-0.00059,-2e-05,-1e-05,-0,-0.01404,-0.00579,-0.00047,0.01806,-0.00104,1e-05,8e-05
85.66,0.00062,0.00231,0.00027,5e-05,0.00035,0,0.00024,-0.00095,0,0.00608,-1e-05,1e-05,-6e-05,-0.00257,0.00049,-0.00075,-0.00187,-0,-0,-7e-05,0.00284,-0.00048,-7e-05,-0.00037,-1e-05,-1e-05,-1e-05,-0.01831,-0.00559,-0.00021,0.01921,-0.00086,1e-05,8e-05
85.68,0.00093,0.00247,0.00014,5e-05,0.00036,-0,0.00078,-0.00132,1e-05,0.0061,-1e-05,1e-05,-6e-05,-0.00282,0.0008,-0.00091,-0.00173,-0,-1e-05,-4e-05,0.0028,-0.00063,2e-05,4e-05,0,-2e-05,-1e-05,-0.02116,-0.00515,1e-05,0.01871,-0.0007,1e-05,9e-05
85.7,0.00123,0.00242,0,6e-05,0.00034,0,0.00143,-0.00167,-0,0.00602,-1e-05,1e-05,-5e-05,-0.00292,0.00106,-0.00097,-0.00153,-0,-1e-05,0,0.00261,-0.00078,0.00012,0.00059,1e-05,-2e-05,-2e-05,-0.02228,-0.0045,0.00017,0.01684,-0.00056,1e-05,9e-05
85.72,0.00145,0.00217,-9e-05,7e-05,0.00031,0,0.00219,-0.00187,-1e-05,0.00587,-2e-05,1e-05,-4e-05,-0.00278,0.00123,-0.00091,-0.0014,0,-1e-05,5e-05,0.00226,-0.00105,-0.0001,0.00133,1e-05,-4e-05,-3e-05,-0.02164,-0.00374,0.00026,0.01406,-0.00043,1e-05,8e-05
85.74,0.00161,0.00178,-0.00013,9e-05,0.00027,0,0.00295,-0.00193,1e-05,0.00558,-2e-05,1e-05,-3e-05,-0.00245,0.00127,-0.00076,-0.00126,1e-05,-1e-05,0.0001,0.00171,-0.0015,-0.00086,0.00223,1e-05,-7e-05,-5e-05,-0.01941,-0.00307,0.00027,0.01088,-0.00033,0,7e-05
85.76,0.00171,0.00129,-0.00014,0.00011,0.00022,-0,0.00363,-0.00192,3e-05,0.00514,-1e-05,0,-2e-05,-0.00205,0.00116,-0.00057,-0.00107,2e-05,-0,0.00013,0.00095,-0.00214,-0.00228,0.00314,-0,-0.00011,-9e-05,-0.01607,-0.0025,0.00024,0.00777,-0.00023,0,6e-05
85.78,0.00175,0.00078,-0.00013,0.00013,0.00017,0,0.00422,-0.00181,4e-05,0.0046,-1e-05,0,-1e-05,-0.0016,0.00096,-0.00036,-0.00086,5e-05,0,0.00015,0.00011,-0.00298,-0.00455,0.0037,-2e-05,-0.00017,-0.00016,-0.01217,-0.00191,0.00017,0.00508,-0.00016,-0,5e-05
85.8,0.00172,0.00027,-0.00012,0.00015,0.00013,0,0.00465,-0.00158,7e-05,0.00398,-1e-05,-0,1e-05,-0.00122,0.00069,-0.0002,-0.00065,9e-05,0,0.00016,-0.00058,-0.00399,-0.00704,0.00412,-5e-05,-0.00023,-0.00023,-0.0083,-0.00123,0.0001,0.00299,-0.0001,-1e-05,3e-05
85.82,0.00159,-0.00017,-0.00011,0.00017,0.0001,0,0.00487,-0.00123,0.00013,0.0033,-1e-05,-1e-05,1e-05,-0.00097,0.00043,-0.0001,-0.00047,0.00017,1e-05,0.00013,-0.00074,-0.005,-0.00776,0.0051,-6e-05,-0.00019,-0.00022,-0.00475,-0.00046,3e-05,0.00149,-5e-05,-1e-05,2e-05
85.84,0.0014,-0.00051,-0.00011,0.00019,8e-05,0,0.0049,-0.0008,0.00018,0.00262,-1e-05,-1e-05,2e-05,-0.00083,0.00023,-4e-05,-0.0003,0.00028,1e-05,0.0001,-0.00036,-0.00545,-0.00615,0.00603,-7e-05,-4e-05,-0.00014,-0.00162,0.00029,-1e-05,0.00048,-2e-05,-1e-05,1e-05
85.86,0.00114,-0.00075,-0.00012,0.00021,6e-05,0,0.00481,-0.00037,0.00022,0.00198,-1e-05,-1e-05,3e-05,-0.00078,9e-05,0,-0.00014,0.00044,2e-05,8e-05,0.00011,-0.00507,-0.00346,0.00622,-7e-05,0.00016,-2e-05,0.00099,0.00091,-1e-05,-0.00014,1e-05,-1e-05,-0
85.88,0.00083,-0.00088,-0.00013,0.00023,6e-05,0,0.00461,6e-05,0.00023,0.0014,-0,-2e-05,4e-05,-0.00078,-0,3e-05,-0,0.0006,3e-05,5e-05,0.00041,-0.00396,-7e-05,0.00642,-6e-05,0.00042,0.00016,0.00254,0.00125,1e-05,-0.0004,2e-05,-1e-05,-1e-05
85.9,0.00048,-0.00092,-0.00015,0.00024,6e-05,0,0.0043,0.00042,0.00021,0.00088,-0,-2e-05,4e-05,-0.00084,-4e-05,5e-05,9e-05,0.0008,4e-05,3e-05,0.00072,-0.00268,0.00194,0.00605,-4e-05,0.00069,0.00036,0.00251,0.00122,5e-05,-0.00034,2e-05,-0,-1e-05
85.92,0.0001,-0.00088,-0.00016,0.00024,6e-05,0,0.00391,0.0006,0.00017,0.00044,-0,-2e-05,4e-05,-0.00094,-5e-05,8e-05,0.00016,0.00106,5e-05,0,0.00137,-0.00182,0.00177,0.00412,-2e-05,0.00091,0.00053,0.00255,0.00111,8e-05,-0.00029,2e-05,-0,-1e-05
85.94,-0.00028,-0.00079,-0.00016,0.00024,6e-05,0,0.00349,0.0007,0.00012,9e-05,-0,-3e-05,4e-05,-0.001,-5e-05,0.00012,0.0002,0.00129,7e-05,-2e-05,0.00198,-0.00129,0.00118,0.00221,-0,0.00102,0.00063,0.00261,0.00089,0.00012,-0.00022,2e-05,0,-1e-05
85.96,-0.00067,-0.00065,-0.00014,0.00023,6e-05,0,0.00303,0.00078,7e-05,-0.00016,-0,-3e-05,4e-05,-0.00097,-5e-05,0.00015,0.00023,0.00137,8e-05,-3e-05,0.0023,-0.00093,0.00079,0.00113,0,0.00099,0.00066,0.00266,0.00054,0.00013,-0.00014,1e-05,0,-1e-05
85.98,-0.00102,-0.00047,-0.00012,0.00021,5e-05,0,0.00253,0.00082,4e-05,-0.00032,-0,-3e-05,4e-05,-0.00086,-4e-05,0.00018,0.00024,0.00135,9e-05,-4e-05,0.00234,-0.00076,0.00038,0.00048,-1e-05,0.00085,0.00059,0.00266,5e-05,0.00011,-2e-05,1e-05,0,-1e-05
86,-0.00135,-0.00027,-9e-05,0.00018,5e-05,0,0.00199,0.0008,1e-05,-0.0004,0,-3e-05,3e-05,-0.00072,-3e-05,0.00019,0.00025,0.00121,9e-05,-5e-05,0.00194,-0.00073,-9e-05,9e-05,-2e-05,0.00052,0.00039,0.00266,-0.00057,4e-05,0.00015,-0,0,-1e-05
86.02,-0.00167,-4e-05,-6e-05,0.00014,4e-05,0,0.00141,0.00072,-1e-05,-0.00041,-0,-3e-05,2e-05,-0.00056,-3e-05,0.00017,0.00029,0.00092,8e-05,-5e-05,-0.00012,-0.00055,-0.00045,0.00026,-0.00014,5e-05,4e-05,0.00271,-0.00126,-8e-05,0.00039,-2e-05,-0,-1e-05
86.04,-0.00196,0.00018,-4e-05,0.0001,3e-05,0,0.00081,0.0006,-1e-05,-0.00035,-0,-3e-05,1e-05,-0.00037,-3e-05,0.00014,0.00033,0.00065,6e-05,-5e-05,-0.00346,-7e-05,-0.00046,0.0034,-0.0006,-0.00022,-0.00027,0.00269,-0.00194,-0.00027,0.0007,-3e-05,-0,-1e-05
86.06,-0.00214,0.00037,-2e-05,5e-05,1e-05,0,0.00022,0.00047,-0,-0.00023,-0,-2e-05,1e-05,-0.00014,-2e-05,0.0001,0.00036,0.00045,5e-05,-4e-05,-0.00594,0.00052,-6e-05,0.01099,-0.00136,-0.0001,-0.00045,0.00254,-0.00256,-0.0005,0.00109,-5e-05,-0,-0
86.08,-0.0022,0.00051,-1e-05,-0,-1e-05,-0,-0.00037,0.00032,1e-05,-6e-05,-0,-2e-05,0,7e-05,-2e-05,7e-05,0.00038,0.00031,4e-05,-4e-05,-0.00638,0.0013,0.00037,0.02431,-0.00242,0.00058,-0.00042,0.00227,-0.00304,-0.00077,0.00154,-8e-05,-0,-0
86.1,-0.00217,0.00056,-1e-05,-6e-05,-3e-05,-0,-0.00093,0.00015,0,0.00013,-0,-2e-05,-0,0.00027,-3e-05,4e-05,0.00039,0.00022,4e-05,-3e-05,-0.00315,0.00219,0.00216,0.04301,-0.00366,0.00172,-0.00022,0.00184,-0.00326,-0.001,0.00202,-0.00011,-0,-0
86.12,-0.00217,0.0005,-2e-05,-0.00011,-5e-05,0,-0.00139,-1e-05,-1e-05,0.00034,-0,-1e-05,-0,0.00049,-3e-05,1e-05,0.00036,0.00018,3e-05,-3e-05,0.00502,0.0031,0.00723,0.06138,-0.00484,0.00197,-0.00056,0.00131,-0.00312,-0.00111,0.00243,-0.00013,-0,0
86.14,-0.00209,0.00031,-4e-05,-0.00015,-7e-05,0,-0.00173,-0.00013,-4e-05,0.00054,-0,-1e-05,-0,0.00073,-3e-05,0,0.00031,0.00016,3e-05,-2e-05,0.01745,0.00449,0.01009,0.0726,-0.00574,0.00017,-0.00203,0.00077,-0.00265,-0.00107,0.00272,-0.00015,-0,0
86.16,-0.00186,-1e-05,-6e-05,-0.0002,-0.0001,0,-0.00195,-0.0002,-7e-05,0.00071,-0,-1e-05,-0,0.00094,-2e-05,0,0.00026,0.00016,3e-05,-1e-05,0.033,0.00672,0.0076,0.07453,-0.00631,-0.00307,-0.00421,0.00027,-0.00196,-0.00089,0.00263,-0.00017,-0,0
86.18,-0.00153,-0.00044,-8e-05,-0.00023,-0.00015,0,-0.00205,-0.00021,-0.00012,0.00082,-0,-0,0,0.00108,-1e-05,1e-05,0.00021,0.00018,3e-05,-0,0.04923,0.01001,-0.0011,0.06268,-0.0064,-0.00776,-0.00705,4e-05,-0.00113,-0.00061,0.00223,-0.00019,0,0
86.2,-0.00108,-0.0009,-8e-05,-0.00027,-0.0002,0,-0.00204,-0.00016,-0.00015,0.00089,-0,-0,0,0.00122,1e-05,2e-05,0.00013,0.00021,4e-05,0,0.06399,0.01404,-0.01105,0.04308,-0.00613,-0.01119,-0.00909,1e-05,-0.00037,-0.00031,0.00175,-0.0002,0,0
86.22,-0.00054,-0.00133,-7e-05,-0.0003,-0.00026,0,-0.00195,-7e-05,-0.00016,0.00088,-0,-0,0,0.00141,3e-05,2e-05,3e-05,0.00026,4e-05,1e-05,0.0749,0.01709,-0.01325,0.02812,-0.00588,-0.01089,-0.0089,0.00033,0.00014,-8e-05,0.00143,-0.00019,1e-05,1e-05
86.24,5e-05,-0.0017,-4e-05,-0.00033,-0.00034,0,-0.0018,5e-05,-0.00016,0.00083,-0,-0,-0,0.00159,5e-05,3e-05,-6e-05,0.00031,4e-05,2e-05,0.07905,0.01876,-0.01165,0.01581,-0.00547,-0.0091,-0.00769,0.00096,0.00042,7e-05,0.00126,-0.00017,1e-05,1e-05
86.26,0.00064,-0.002,-1e-05,-0.00034,-0.00042,0,-0.0016,0.00019,-0.00013,0.00074,-0,-0,-0,0.00168,7e-05,3e-05,-0.00013,0.00036,5e-05,2e-05,0.07596,0.01937,-0.00991,0.00504,-0.00482,-0.00742,-0.00638,0.00151,0.00048,0.0001,0.00117,-0.00014,1e-05,1e-05
86.28,0.00126,-0.00219,-0,-0.00035,-0.00049,0,-0.00139,0.00033,-9e-05,0.00063,-0,0,-1e-05,0.0017,8e-05,2e-05,-0.00021,0.00041,5e-05,3e-05,0.06498,0.01861,-0.00773,-0.00132,-0.00404,-0.00564,-0.00497,0.00168,0.00035,-3e-05,0.00129,-0.0001,1e-05,1e-05
86.3,0.00181,-0.00226,-5e-05,-0.00034,-0.00055,0,-0.00119,0.00045,-4e-05,0.00052,-0,0,-1e-05,0.00169,8e-05,2e-05,-0.00027,0.00045,5e-05,3e-05,0.05071,0.0168,-0.00531,-0.00151,-0.00328,-0.00403,-0.00361,0.00158,8e-05,-0.00034,0.0015,-6e-05,2e-05,1e-05
86.32,0.00204,-0.0022,-0.00015,-0.00034,-0.00059,0,-0.00101,0.00053,-0,0.00041,-0,1e-05,-2e-05,0.00165,7e-05,-0,-0.00028,0.00048,6e-05,3e-05,0.03957,0.01445,-0.00308,0.0024,-0.00263,-0.00271,-0.00241,0.0015,-0.00022,-0.00073,0.00167,-3e-05,2e-05,1e-05
86.34,0.00201,-0.00204,-0.00032,-0.00034,-0.00061,0,-0.00086,0.00058,2e-05,0.00034,-0,2e-05,-2e-05,0.00159,6e-05,-3e-05,-0.00025,0.00051,7e-05,4e-05,0.02905,0.01183,-0.00158,0.00732,-0.00211,-0.00159,-0.00138,0.00104,-0.00045,-0.00113,0.00185,0,2e-05,1e-05
86.36,0.00192,-0.0018,-0.00058,-0.00036,-0.0006,0,-0.00076,0.00055,1e-05,0.00031,0,3e-05,-2e-05,0.00154,4e-05,-6e-05,-0.00023,0.00053,7e-05,4e-05,0.01647,0.00917,-0.00078,0.01316,-0.00175,-0.00064,-0.0005,0.00054,-0.00057,-0.00151,0.00155,3e-05,2e-05,1e-05
86.38,0.00177,-0.00149,-0.00093,-0.00039,-0.00059,0,-0.0007,0.00048,-1e-05,0.00033,0,4e-05,-2e-05,0.0015,2e-05,-0.0001,-0.00018,0.00055,7e-05,4e-05,0.00351,0.00661,-0.00036,0.01944,-0.0016,0.00021,0.00029,-0.00038,-0.00056,-0.00177,0.00101,5e-05,2e-05,1e-05
86.4,0.00159,-0.00112,-0.00133,-0.00044,-0.00055,0,-0.00064,0.00037,-5e-05,0.00037,0,5e-05,-2e-05,0.00146,0,-0.00012,-0.00015,0.00055,7e-05,4e-05,-0.00822,0.00426,-0.00016,0.02537,-0.00168,0.00106,0.00109,-0.00123,-0.00044,-0.00182,5e-05,7e-05,1e-05,1e-05
86.42,0.00141,-0.0007,-0.00177,-0.0005,-0.00049,0,-0.00059,0.00022,-9e-05,0.00043,0,7e-05,-1e-05,0.00143,-1e-05,-0.00011,-0.00015,0.00053,6e-05,4e-05,-0.01757,0.00205,-4e-05,0.0301,-0.00203,0.002,0.00196,-0.00163,-0.00024,-0.0016,-0.00127,8e-05,1e-05,0
86.44,0.00125,-0.00024,-0.00222,-0.00055,-0.00043,0,-0.00053,8e-05,-0.0001,0.0005,0,8e-05,-0,0.00139,-3e-05,-8e-05,-0.00017,0.00049,5e-05,4e-05,-0.02544,-0.0002,5e-05,0.03379,-0.00265,0.00311,0.003,-0.00194,-1e-05,-0.00116,-0.00282,9e-05,0,-0
86.46,0.00112,0.00025,-0.00267,-0.00061,-0.00037,-0,-0.00046,-4e-05,-0.00011,0.00055,0,8e-05,0,0.00134,-5e-05,-4e-05,-0.00017,0.00041,3e-05,3e-05,-0.03279,-0.00268,9e-05,0.03707,-0.00354,0.00443,0.00425,-0.00242,0.00016,-0.00063,-0.00459,9e-05,-0,-1e-05
86.48,0.001,0.00078,-0.00309,-0.00065,-0.00029,-0,-0.00037,-0.00014,-9e-05,0.00058,0,7e-05,0,0.00125,-9e-05,1e-05,-0.00017,0.00031,1e-05,3e-05,-0.03914,-0.00552,2e-05,0.03962,-0.00468,0.00597,0.00573,-0.00287,0.00016,-0.00014,-0.00645,8e-05,-1e-05,-2e-05
86.5,0.00088,0.00134,-0.00348,-0.00066,-0.00021,-0,-0.00027,-0.00021,-8e-05,0.00059,0,5e-05,1e-05,0.00118,-0.00015,5e-05,-0.00017,0.00018,-0,2e-05,-0.04373,-0.00892,-0.00021,0.04117,-0.00602,0.00771,0.0074,-0.00333,-7e-05,0.00013,-0.00817,7e-05,-1e-05,-3e-05
86.52,0.00077,0.0019,-0.00384,-0.00066,-0.00012,-0,-0.00019,-0.00027,-5e-05,0.00058,0,3e-05,0,0.00114,-0.00023,8e-05,-0.00017,4e-05,-1e-05,1e-05,-0.04607,-0.01315,-0.00065,0.04182,-0.0074,0.00967,0.00927,-0.00396,-0.0005,0.0001,-0.00944,6e-05,-1e-05,-3e-05
86.54,0.00064,0.00246,-0.00416,-0.00062,-2e-05,-0,-0.00011,-0.0003,-3e-05,0.00054,0,1e-05,0,0.00112,-0.00033,9e-05,-0.00016,-7e-05,-1e-05,0,-0.04576,-0.01815,-0.0013,0.04096,-0.00868,0.01151,0.01105,-0.00472,-0.00113,-0.00022,-0.01014,4e-05,-0,-3e-05
86.56,0.00048,0.00301,-0.00444,-0.00053,8e-05,-0,-6e-05,-0.00033,-0,0.00048,0,0,-0,0.00111,-0.00046,9e-05,-0.00016,-0.00016,-1e-05,-0,-0.04259,-0.02352,-0.0021,0.03825,-0.00965,0.01282,0.01239,-0.00537,-0.00191,-0.0008,-0.01021,3e-05,0,-3e-05
86.58,0.00031,0.00353,-0.00467,-0.0004,0.00019,-0,-3e-05,-0.00036,2e-05,0.00039,0,-0,-0,0.00111,-0.00062,7e-05,-0.00016,-0.00023,-1e-05,-1e-05,-0.03662,-0.02869,-0.00289,0.03434,-0.00989,0.01388,0.01327,-0.00581,-0.0027,-0.00147,-0.00956,2e-05,1e-05,-3e-05
86.6,0.00013,0.00398,-0.00479,-0.00023,0.0003,-0,-2e-05,-0.00039,4e-05,0.00026,0,-0,0,0.00108,-0.00078,2e-05,-0.00016,-0.00029,0,-1e-05,-0.02689,-0.03296,-0.00316,0.02695,-0.0095,0.01264,0.01245,-0.00608,-0.0032,-0.00196,-0.00843,1e-05,0,-1e-05
86.62,-1e-05,0.0043,-0.00472,0,0.00039,-0,-5e-05,-0.00043,6e-05,8e-05,-0,0,0,0.00101,-0.0009,-3e-05,-0.00016,-0.00034,1e-05,-1e-05,-0.01439,-0.0358,-0.00255,0.01566,-0.0088,0.00713,0.00893,-0.00719,-0.00328,-0.00214,-0.00656,-1e-05,2e-05,2e-05
86.64,-0.0001,0.00442,-0.00444,0.00028,0.00046,-0,-9e-05,-0.00049,7e-05,-0.00015,-0,1e-05,1e-05,0.00087,-0.00097,-8e-05,-0.00016,-0.00038,2e-05,-1e-05,-0.00263,-0.03668,-0.00123,0.00587,-0.00707,0.00169,0.00499,-0.00943,-0.00325,-0.00227,-0.00441,-3e-05,6e-05,7e-05
86.66,-0.00013,0.00431,-0.00396,0.0006,0.00051,-0,-0.00015,-0.00057,8e-05,-0.00046,-0,1e-05,1e-05,0.00067,-0.00097,-0.00011,-0.00017,-0.00042,4e-05,-1e-05,0.00631,-0.03484,0.00067,-1e-05,-0.00425,-0.00064,0.00223,-0.01139,-0.00322,-0.00252,-0.00282,-8e-05,0.0001,0.00011
86.68,-8e-05,0.00392,-0.00328,0.00097,0.00044,-0,-0.00022,-0.00065,9e-05,-0.00085,-0,2e-05,2e-05,0.00044,-0.00088,-0.00011,-0.00019,-0.00046,6e-05,-1e-05,0.01152,-0.03039,0.00285,-0.00197,-0.0013,-0.00071,0.00053,-0.01211,-0.00324,-0.00303,-0.00187,-0.00019,0.00011,0.00013
86.7,1e-05,0.00322,-0.00245,0.00137,0.00036,-0,-0.00027,-0.00072,9e-05,-0.00134,-0,3e-05,2e-05,0.00016,-0.00069,-7e-05,-0.00025,-0.00047,8e-05,-1e-05,0.0129,-0.02372,0.00434,-0.00195,0.00093,0.00031,-0.00027,-0.00947,-0.00311,-0.00363,-0.00107,-0.0004,8e-05,9e-05
86.72,0.00011,0.00215,-0.00156,0.00175,0.00027,-0,-0.0003,-0.00076,8e-05,-0.00195,-0,5e-05,2e-05,-5e-05,-0.00039,-1e-05,-0.00036,-0.00043,0.00011,-1e-05,0.01114,-0.01544,0.0041,-0.00438,0.00178,8e-05,-0.00107,-0.0021,-0.0025,-0.0037,-0.00019,-0.00068,-3e-05,-1e-05
86.74,0.0002,0.00085,-0.00072,0.0021,0.00018,-0,-0.0003,-0.00075,7e-05,-0.00269,-0,7e-05,2e-05,-5e-05,-7e-05,7e-05,-0.00055,-0.00036,0.00015,-1e-05,0.00722,-0.00756,0.00318,-0.00688,0.00149,-0.00076,-0.00163,0.00789,-0.00132,-0.00327,-6e-05,-0.00099,-0.0002,-0.00019
86.76,0.00027,-0.0005,2e-05,0.00242,9e-05,-0,-0.00027,-0.00071,6e-05,-0.00354,0,0.0001,2e-05,0.00025,0.00018,0.00012,-0.00079,-0.00028,0.00017,-1e-05,0.00219,-0.00142,0.0025,-0.00665,0.00079,-0.00104,-0.00154,0.01867,0.00043,-0.00254,-0.00059,-0.00124,-0.0004,-0.00042
86.78,0.0003,-0.00175,0.00057,0.00269,-0,-0,-0.00022,-0.00064,5e-05,-0.00458,0,0.00011,2e-05,0.00086,0.00027,9e-05,-0.00108,-0.00018,0.00018,-1e-05,-0.0029,0.00243,0.00217,-0.00417,0.00013,-0.00053,-0.00088,0.02811,0.00271,-0.00148,-0.00113,-0.00137,-0.00063,-0.00068
86.8,0.0003,-0.00277,0.00091,0.00289,-9e-05,0,-0.00012,-0.00054,4e-05,-0.0056,0,0.00013,2e-05,0.00193,7e-05,-4e-05,-0.00136,-7e-05,0.00017,-1e-05,-0.00714,0.00383,0.00187,0.00025,-0.00024,0.00033,-7e-05,0.03483,0.00521,-0.00013,-0.00073,-0.00134,-0.00082,-0.00092
86.82,0.0003,-0.00345,0.00116,0.003,-0.00019,0,0.00012,-0.00044,5e-05,-0.00626,0,0.00012,1e-05,0.00372,-0.00045,-0.00025,-0.00146,8e-05,0.00013,0,-0.00812,0.00284,0.00143,0.00291,-0.00032,0.00046,0.00021,0.03955,0.00712,0.00116,0.00119,-0.0012,-0.00094,-0.00109
86.84,0.00032,-0.00371,0.00136,0.00303,-0.00029,0,0.00043,-0.00033,6e-05,-0.00681,1e-05,0.0001,1e-05,0.00595,-0.00123,-0.00047,-0.00129,0.00021,7e-05,1e-05,-0.00676,0.00125,0.00079,0.00317,-0.00027,0.00022,0.00018,0.04142,0.0081,0.00201,0.00449,-0.001,-0.00098,-0.00117
86.86,0.00038,-0.00354,0.00145,0.00298,-0.00038,0,0.00067,-0.00022,5e-05,-0.00746,1e-05,8e-05,0,0.0081,-0.00222,-0.00065,-0.00091,0.00029,0,2e-05,-0.00523,-1e-05,0.00015,0.003,-0.00022,0.00011,0.00016,0.03989,0.00834,0.00242,0.009,-0.00077,-0.00095,-0.00118
86.88,0.00047,-0.003,0.00146,0.00288,-0.00047,0,0.00084,-0.00013,0,-0.00815,2e-05,6e-05,-0,0.00983,-0.00334,-0.00069,-0.00037,0.00034,-7e-05,2e-05,-0.00351,-0.00101,-0.00052,0.00261,-0.00018,5e-05,0.00012,0.03558,0.00788,0.00233,0.01433,-0.00055,-0.00088,-0.00111
86.9,0.00057,-0.00214,0.00143,0.0027,-0.00054,0,0.00086,-5e-05,-7e-05,-0.00873,4e-05,4e-05,-1e-05,0.01117,-0.00446,-0.00061,6e-05,0.00034,-0.00012,2e-05,-0.00228,-0.00184,-0.00127,0.00198,-0.00016,3e-05,9e-05,0.02971,0.00695,0.00177,0.01965,-0.00037,-0.00076,-0.001
86.92,0.00063,-0.00107,0.00144,0.0024,-0.00059,0,0.00065,-2e-05,-0.00017,-0.00908,5e-05,2e-05,-1e-05,0.01226,-0.00541,-0.00043,0.00041,0.00033,-0.00014,2e-05,-0.00196,-0.0026,-0.00204,0.00128,-0.00013,4e-05,8e-05,0.02367,0.00587,0.00086,0.02381,-0.00024,-0.00063,-0.00085
86.94,0.00067,0.00011,0.00134,0.00204,-0.00063,0,0.00032,-2e-05,-0.00028,-0.00927,7e-05,0,-2e-05,0.01263,-0.00612,-5e-05,0.00082,0.00032,-0.00014,2e-05,-0.00191,-0.00327,-0.00275,0.00074,-0.00011,5e-05,6e-05,0.01768,0.00477,-0.00016,0.02658,-0.00013,-0.0005,-0.0007
86.96,0.00071,0.00134,0.00104,0.00166,-0.00067,0,-2e-05,-6e-05,-0.00039,-0.00926,0.00011,-0,-2e-05,0.01152,-0.00652,0.00057,0.00107,0.0003,-0.00012,1e-05,-0.00171,-0.00379,-0.0033,0.00035,-9e-05,4e-05,5e-05,0.01173,0.00371,-0.0011,0.02817,-5e-05,-0.00039,-0.00056
86.98,0.00067,0.00254,0.00061,0.00126,-0.00071,0,-0.0003,-0.00012,-0.00051,-0.00888,0.00014,0,-3e-05,0.00961,-0.00666,0.00138,0.00094,0.00028,-8e-05,-1e-05,-0.0013,-0.00411,-0.00359,0,-8e-05,3e-05,3e-05,0.00618,0.0027,-0.00185,0.02848,2e-05,-0.0003,-0.00045
87,0.00064,0.00367,0.00017,0.00089,-0.00074,0,-0.00051,-0.00021,-0.00059,-0.00826,0.00017,1e-05,-3e-05,0.00776,-0.00684,0.00248,0.00089,0.00027,-5e-05,-3e-05,-0.00077,-0.00425,-0.00356,-0.00033,-6e-05,2e-05,2e-05,0.00225,0.00176,-0.00231,0.02757,0.0001,-0.00023,-0.00035
87.02,0.00081,0.00465,-0.00022,0.00056,-0.00076,0,-0.00066,-0.00029,-0.00054,-0.00762,0.00021,2e-05,-3e-05,0.00546,-0.0071,0.00432,0.00149,0.00026,-0,-4e-05,-0.00014,-0.00425,-0.00328,-0.00067,-5e-05,1e-05,1e-05,0.00058,0.0009,-0.00252,0.02558,0.0002,-0.00018,-0.00028
87.04,0.00095,0.00544,-0.00058,0.00029,-0.00076,0,-0.00071,-0.00036,-0.00046,-0.00683,0.00023,2e-05,-2e-05,0.00247,-0.007,0.00658,0.00179,0.00025,5e-05,-5e-05,0.00056,-0.00414,-0.00279,-0.001,-4e-05,-0,0,-0.00016,0.00013,-0.00257,0.02294,0.00033,-0.00014,-0.00024
87.06,0.00085,0.00608,-0.00096,6e-05,-0.00075,0,-0.00066,-0.00042,-0.0004,-0.00581,0.00018,1e-05,-1e-05,-0.00025,-0.00629,0.00839,0.0014,0.00022,0.0001,-7e-05,0.00119,-0.00395,-0.00219,-0.00125,-3e-05,-1e-05,-0,-0.00073,-0.0005,-0.00249,0.02001,0.00049,-0.00012,-0.00021
87.08,0.00056,0.00656,-0.00144,-0.00011,-0.00074,0,-0.00054,-0.00047,-0.00033,-0.00464,0.00011,0,-0,-0.00196,-0.00496,0.00914,0.00079,0.00017,0.00012,-0.0001,0.00164,-0.00374,-0.00156,-0.0014,-3e-05,-1e-05,-0,-0.00102,-0.00098,-0.00236,0.0169,0.00069,-0.0001,-0.0002
87.1,0.00017,0.00686,-0.002,-0.00022,-0.00072,0,-0.00039,-0.00045,-0.00027,-0.00353,0,-0,0,-0.00177,-0.0031,0.0081,0.00021,0.00012,0.0001,-0.00012,0.00188,-0.00351,-0.00098,-0.00144,-2e-05,-1e-05,-0,-0.00111,-0.00111,-0.00215,0.01384,0.00092,-0.0001,-0.00021
87.12,-0.00014,0.00696,-0.00262,-0.00026,-0.00071,0,-0.00024,-0.00038,-0.00022,-0.00264,-4e-05,-0,-0,0.00149,-0.0008,0.00553,-1e-05,8e-05,5e-05,-0.0001,0.00191,-0.00331,-0.00048,-0.00141,-2e-05,-1e-05,-0,-0.00109,-0.00086,-0.00185,0.01099,0.00117,-0.0001,-0.00023
87.14,-0.00019,0.0069,-0.00313,-0.00025,-0.0007,0,-0.00012,-0.00027,-0.00018,-0.00188,4e-05,0,0,0.00798,0.00119,0.00275,0.00033,6e-05,-2e-05,-4e-05,0.00176,-0.00313,-8e-05,-0.00132,-1e-05,-0,0,-0.00102,-0.00048,-0.00155,0.0083,0.00143,-0.0001,-0.00025
87.16,2e-05,0.00671,-0.00335,-0.00023,-0.00068,0,-4e-05,-0.00017,-0.00015,-0.00122,0.00017,1e-05,0,0.01557,0.00222,0.00109,0.00093,3e-05,-8e-05,1e-05,0.00146,-0.003,0.00022,-0.00116,-1e-05,1e-05,0,-0.00092,-7e-05,-0.0013,0.00573,0.0017,-0.00011,-0.00027
87.18,0.00043,0.00639,-0.00322,-0.00019,-0.00067,0,1e-05,-7e-05,-0.00012,-0.00068,0.00031,1e-05,0,0.02273,0.00231,0.00206,0.00155,-3e-05,-0.0001,2e-05,0.00111,-0.00291,0.00044,-0.00096,-1e-05,1e-05,1e-05,-0.00081,0.00037,-0.00109,0.00325,0.00196,-0.00012,-0.0003
87.2,0.00078,0.00594,-0.00293,-0.00014,-0.00065,0,4e-05,-0,-0.0001,-0.00031,0.00042,2e-05,0,0.02624,0.00181,0.00518,0.00193,-0.00012,-8e-05,-2e-05,0.00072,-0.00288,0.00061,-0.00071,-0,2e-05,2e-05,-0.00066,0.00083,-0.0009,0.00077,0.00217,-0.00012,-0.00032
87.22,0.00068,0.00524,-0.00279,-0.0001,-0.00064,0,5e-05,2e-05,-8e-05,-5e-05,0.00046,2e-05,0,0.02426,0.0014,0.00598,0.00229,-0.00011,-5e-05,-5e-05,0.00034,-0.00291,0.00073,-0.00036,0,4e-05,2e-05,-0.00046,0.00121,-0.00072,-0.00177,0.00233,-0.00012,-0.00033
87.24,-2e-05,0.00445,-0.00242,-6e-05,-0.00062,0,5e-05,2e-05,-6e-05,0.00013,0.00047,2e-05,0,0.01787,0.00101,0.0054,0.00341,0,-3e-05,-1e-05,8e-05,-0.003,0.00082,-2e-05,1e-05,5e-05,3e-05,-0.00018,0.0015,-0.00056,-0.0044,0.0024,-0.00012,-0.00033
87.26,-0.00109,0.00376,-0.00169,-4e-05,-0.00062,0,3e-05,1e-05,-4e-05,0.00024,0.00047,3e-05,0,0.01056,0.00044,0.00458,0.00478,0.00011,-1e-05,5e-05,-2e-05,-0.00317,0.0009,0.00023,2e-05,6e-05,3e-05,0.0002,0.00173,-0.00041,-0.00709,0.0024,-0.00011,-0.00032
87.28,-0.00211,0.00313,-0.001,-2e-05,-0.00062,0,1e-05,-0,-2e-05,0.00032,0.00046,3e-05,0,0.00517,-0.0002,0.00324,0.00638,0.00017,1e-05,0.00011,5e-05,-0.00339,0.00095,0.00041,3e-05,7e-05,4e-05,0.00066,0.00192,-0.00025,-0.00968,0.00232,-0.0001,-0.0003
87.3,-0.00266,0.00263,-0.0005,-0,-0.00055,0,-4e-05,-3e-05,-1e-05,0.00036,0.00043,4e-05,0,0.00263,-0.00083,0.00183,0.00709,0.00016,4e-05,0.00013,0.00025,-0.00365,0.00098,0.00044,5e-05,7e-05,4e-05,0.00116,0.00193,-6e-05,-0.01195,0.00218,-9e-05,-0.00026
87.32,-0.00255,0.00228,-0.00024,1e-05,-0.00039,0,-0.00012,-5e-05,-1e-05,0.00038,0.00042,4e-05,-0,0.00221,-0.00131,0.00075,0.00538,8e-05,5e-05,0.0001,0.00053,-0.00389,0.00098,0.00031,6e-05,9e-05,5e-05,0.00158,0.0016,0.00015,-0.01368,0.00198,-7e-05,-0.00023
87.34,-0.00212,0.00197,-0.00011,2e-05,-0.00028,-0,-0.00023,-7e-05,-1e-05,0.00039,0.00037,4e-05,-0,0.00227,-0.00161,-2e-05,0.00335,2e-05,6e-05,6e-05,0.00083,-0.00406,0.00093,0.00013,7e-05,9e-05,6e-05,0.00187,0.00109,0.00032,-0.01455,0.00173,-5e-05,-0.00018
87.36,-0.00161,0.00167,-1e-05,2e-05,-0.00021,0,-0.00038,-9e-05,-2e-05,0.0004,0.00027,4e-05,-0,0.00217,-0.00173,-0.00053,0.00204,0,6e-05,2e-05,0.00104,-0.00411,0.0008,-5e-05,8e-05,7e-05,4e-05,0.002,0.0006,0.00043,-0.01436,0.00145,-4e-05,-0.00014
87.38,-0.00108,0.0014,8e-05,3e-05,-0.00018,0,-0.00058,-0.00011,-3e-05,0.00041,0.00017,3e-05,-1e-05,0.00179,-0.00166,-0.00085,0.00109,4e-05,4e-05,-0,0.00113,-0.00402,0.00061,-0.0002,7e-05,2e-05,1e-05,0.00198,0.00018,0.00043,-0.01316,0.00115,-2e-05,-0.0001
87.4,-0.00062,0.0011,0.0002,3e-05,-0.00018,-0,-0.00075,-0.00013,-3e-05,0.00041,6e-05,2e-05,-2e-05,0.00112,-0.00135,-0.00102,0.00051,0.00013,2e-05,-2e-05,0.00107,-0.00379,0.00039,-0.00029,6e-05,-4e-05,-3e-05,0.00185,-0.00017,0.00034,-0.01119,0.00086,-1e-05,-7e-05
87.42,-0.00025,0.00074,0.00036,4e-05,-0.00018,0,-0.00074,-0.00017,-2e-05,0.0004,-1e-05,1e-05,-2e-05,0.00031,-0.00086,-0.00113,0.00018,0.00031,1e-05,-1e-05,0.00089,-0.0034,0.00015,-0.00027,4e-05,-8e-05,-7e-05,0.00165,-0.00041,0.0002,-0.00873,0.00058,-1e-05,-4e-05
87.44,1e-05,0.00039,0.00052,4e-05,-0.00019,0,-0.00062,-0.00019,0,0.00038,-2e-05,0,-1e-05,-0.00052,-0.0004,-0.0012,-4e-05,0.00053,0,2e-05,0.00065,-0.00294,-6e-05,-0.00014,2e-05,-9e-05,-9e-05,0.0014,-0.00046,8e-05,-0.00607,0.00035,-0,-2e-05
87.46,0.00021,0.00012,0.00062,4e-05,-0.00017,0,-0.00047,-0.00017,2e-05,0.00035,-1e-05,0,1e-05,-0.00123,-8e-05,-0.00122,-0.00021,0.00068,0,4e-05,0.00041,-0.00245,-0.00022,2e-05,1e-05,-9e-05,-9e-05,0.00111,-0.0003,0,-0.00344,0.00017,0,-1e-05
87.48,0.00037,-1e-05,0.00064,4e-05,-0.00015,0,-0.00029,-0.00012,4e-05,0.00031,2e-05,0,2e-05,-0.00175,9e-05,-0.00122,-0.00033,0.00077,1e-05,6e-05,0.00021,-0.00198,-0.00032,0.00019,1e-05,-6e-05,-8e-05,0.0008,-1e-05,-1e-05,-0.00108,6e-05,-0,-0
87.5,0.00051,1e-05,0.00059,4e-05,-0.00013,0,-0.00014,-6e-05,4e-05,0.00026,3e-05,0,2e-05,-0.00207,0.00015,-0.00114,-0.00039,0.00075,5e-05,6e-05,5e-05,-0.00155,-0.00036,0.00033,1e-05,-3e-05,-6e-05,0.00053,0.00036,0,0.00083,-1e-05,-0,0
87.52,0.00065,0.00015,0.00048,3e-05,-0.0001,0,-8e-05,-1e-05,4e-05,0.00021,2e-05,1e-05,2e-05,-0.00223,0.00013,-0.00091,-0.00038,0.0006,0.00017,4e-05,-7e-05,-0.0012,-0.00033,0.00041,1e-05,-2e-05,-6e-05,0.00056,0.00065,2e-05,0.00156,-3e-05,-0,-0
87.54,0.00079,0.00032,0.00035,3e-05,-8e-05,0,-5e-05,3e-05,3e-05,0.00018,0,1e-05,1e-05,-0.0022,8e-05,-0.0006,-0.00033,0.00042,0.0003,3e-05,-0.00012,-0.00091,-0.00027,0.00044,2e-05,-2e-05,-6e-05,0.00081,0.0008,3e-05,0.00144,-2e-05,-0,-0
87.56,0.00092,0.00046,0.00022,2e-05,-6e-05,0,-1e-05,5e-05,2e-05,0.00016,-0,1e-05,1e-05,-0.002,2e-05,-0.00027,-0.00025,0.00028,0.00034,2e-05,-0.00012,-0.0007,-0.0002,0.00042,2e-05,-2e-05,-5e-05,0.00105,0.00083,4e-05,0.00125,-2e-05,-0,-0
87.58,0.00107,0.00052,0.0001,2e-05,-5e-05,0,3e-05,4e-05,1e-05,0.00015,-1e-05,0,0,-0.00165,-4e-05,6e-05,-0.00016,0.00016,0.0003,2e-05,-9e-05,-0.00054,-0.00015,0.00038,2e-05,-2e-05,-4e-05,0.00126,0.00078,5e-05,0.001,-1e-05,-0,-1e-05
87.6,0.00118,0.00048,0,1e-05,-4e-05,0,5e-05,0,-0,0.00016,-1e-05,-0,0,-0.00119,-0.00011,0.00036,-8e-05,7e-05,0.00021,2e-05,-5e-05,-0.00042,-0.00013,0.0003,2e-05,-2e-05,-2e-05,0.00138,0.00062,5e-05,0.00071,-0,-0,-1e-05
87.62,0.0012,0.00037,-8e-05,1e-05,-3e-05,0,5e-05,-6e-05,-1e-05,0.00016,-1e-05,-1e-05,0,-0.00069,-0.00022,0.00065,-1e-05,2e-05,9e-05,2e-05,-2e-05,-0.00034,-0.00013,0.00021,2e-05,-2e-05,-1e-05,0.00136,0.00039,6e-05,0.00041,0,-0,-1e-05
87.64,0.00115,0.0002,-0.00015,1e-05,-2e-05,0,4e-05,-0.00012,-2e-05,0.00015,-1e-05,-1e-05,-0,-0.00026,-0.00035,0.00092,4e-05,-1e-05,3e-05,3e-05,-2e-05,-0.00012,-7e-05,6e-05,-0,0,1e-05,0.00125,0.00017,6e-05,0.0001,1e-05,-1e-05,-1e-05
87.66,0.00104,1e-05,-0.00021,1e-05,-2e-05,0,4e-05,-0.00019,-4e-05,0.00012,-0,-0,-0,5e-05,-0.00045,0.00107,9e-05,-4e-05,1e-05,3e-05,-0,0.00013,-1e-05,-4e-05,-4e-05,2e-05,3e-05,0.00108,-1e-05,8e-05,-0.00023,2e-05,-1e-05,-1e-05
87.68,0.00087,-0.00018,-0.00028,1e-05,-2e-05,0,2e-05,-0.00025,-5e-05,8e-05,-0,-0,-0,0.00026,-0.00052,0.00107,0.00012,-6e-05,0,3e-05,4e-05,0.0004,1e-05,-4e-05,-9e-05,3e-05,4e-05,0.00088,-0.00014,9e-05,-0.00058,2e-05,-1e-05,-1e-05
87.7,0.00066,-0.00036,-0.00034,1e-05,-1e-05,0,1e-05,-0.00029,-7e-05,2e-05,-0,-0,-0,0.00041,-0.0005,0.00088,0.00013,-7e-05,1e-05,2e-05,0.00013,0.00075,-1e-05,5e-05,-0.00016,4e-05,4e-05,0.00067,-0.00023,0.00012,-0.00097,3e-05,-1e-05,-2e-05
87.72,0.00044,-0.00053,-0.00036,1e-05,-0,0,-1e-05,-0.00032,-8e-05,-4e-05,-0,-0,-0,0.00054,-0.00038,0.00044,0.00013,-8e-05,2e-05,1e-05,0.00026,0.00128,-5e-05,0.00021,-0.00024,4e-05,4e-05,0.00046,-0.00029,0.00014,-0.00133,3e-05,-1e-05,-2e-05
87.74,0.00021,-0.00069,-0.00034,-0,0,-0,-3e-05,-0.00033,-8e-05,-0.0001,-0,-0,-0,0.00066,-0.00024,-0.00016,0.00012,-8e-05,2e-05,-0,0.00044,0.00209,-0.00012,0.00037,-0.00034,3e-05,3e-05,0.00028,-0.00032,0.00018,-0.00163,4e-05,-2e-05,-2e-05
87.76,-2e-05,-0.00083,-0.00028,-1e-05,1e-05,0,-5e-05,-0.00033,-9e-05,-0.00016,-0,-0,-0,0.00077,-0.00011,-0.0009,0.00011,-8e-05,1e-05,-1e-05,0.00063,0.00324,-0.00021,0.00047,-0.00046,1e-05,2e-05,0.00014,-0.00032,0.00021,-0.00191,4e-05,-2e-05,-2e-05
87.78,-0.00023,-0.00094,-0.0002,-2e-05,1e-05,0,-8e-05,-0.00032,-8e-05,-0.0002,-0,-0,-0,0.00086,0,-0.00178,7e-05,-7e-05,-1e-05,-1e-05,0.00084,0.00468,-0.00029,0.00043,-0.00061,-1e-05,-0,3e-05,-0.0003,0.00023,-0.0021,4e-05,-2e-05,-2e-05
87.8,-0.00042,-0.00099,-0.00011,-2e-05,1e-05,0,-0.0001,-0.00029,-8e-05,-0.00024,-1e-05,-0,-0,0.00088,9e-05,-0.00274,2e-05,-6e-05,-4e-05,-1e-05,0.00101,0.00624,-0.00036,0.00025,-0.00076,-3e-05,-2e-05,-5e-05,-0.00025,0.00024,-0.00215,3e-05,-2e-05,-1e-05
87.82,-0.0006,-0.00096,-4e-05,-2e-05,-1e-05,0,-0.00011,-0.00025,-8e-05,-0.00028,-0,-0,-0,0.00078,0.00016,-0.00379,-7e-05,-6e-05,-5e-05,-1e-05,0.0011,0.00761,-0.00041,-8e-05,-0.0009,-5e-05,-4e-05,-0.0001,-0.00016,0.00023,-0.00212,2e-05,-2e-05,-1e-05
87.84,-0.00075,-0.00084,1e-05,-2e-05,-4e-05,0,-0.00011,-0.0002,-8e-05,-0.00031,-0,-0,0,0.00057,0.00023,-0.00481,-0.0002,-5e-05,-4e-05,-1e-05,0.00114,0.00846,-0.00041,-0.0006,-0.00101,-5e-05,-4e-05,-0.00013,-4e-05,0.00021,-0.002,2e-05,-1e-05,-1e-05
87.86,-0.00088,-0.00067,2e-05,-2e-05,-5e-05,0,-0.0001,-0.00014,-8e-05,-0.00033,-0,0,0,0.00027,0.00027,-0.00565,-0.00037,-3e-05,-3e-05,-1e-05,0.00116,0.00854,-0.00034,-0.00125,-0.00109,-4e-05,-2e-05,-0.00016,0.00011,0.00016,-0.00177,2e-05,-1e-05,-1e-05
87.88,-0.00098,-0.00045,2e-05,-1e-05,-6e-05,0,-9e-05,-8e-05,-8e-05,-0.00035,0,-0,0,-6e-05,0.00028,-0.00672,-0.00058,-2e-05,-1e-05,-1e-05,0.00115,0.0078,-0.0002,-0.00193,-0.00112,-2e-05,1e-05,-0.00019,0.00029,8e-05,-0.00144,1e-05,-1e-05,-1e-05
87.9,-0.00108,-0.00022,1e-05,-1e-05,-5e-05,0,-8e-05,-1e-05,-8e-05,-0.00036,0,-0,0,-0.00035,0.00022,-0.00648,-0.00072,0,-0,-1e-05,0.00111,0.00643,-5e-05,-0.0025,-0.0011,2e-05,5e-05,-0.00023,0.00045,-1e-05,-0.00109,1e-05,-1e-05,-1e-05
87.92,-0.00122,-2e-05,-0,-1e-05,-3e-05,0,-6e-05,4e-05,-7e-05,-0.00035,1e-05,-0,-0,-0.00051,9e-05,-0.00361,-0.00064,2e-05,-1e-05,-0,0.00102,0.0047,0.0001,-0.00285,-0.00102,5e-05,9e-05,-0.00026,0.00058,-9e-05,-0.00077,1e-05,-1e-05,-1e-05
87.94,-0.00139,0.00014,1e-05,-1e-05,-0,0,-5e-05,9e-05,-6e-05,-0.00033,1e-05,0,-0,-0.00053,-0,-0.00149,-0.00043,4e-05,-1e-05,1e-05,0.0009,0.00287,0.00023,-0.0029,-0.00088,8e-05,0.00012,-0.0003,0.00064,-0.00015,-0.00048,2e-05,-1e-05,-1e-05
87.96,-0.00155,0.00024,2e-05,-1e-05,2e-05,0,-5e-05,0.00012,-5e-05,-0.0003,1e-05,0,0,-0.00045,-2e-05,-0.00057,-0.00018,6e-05,-1e-05,1e-05,0.00074,0.0012,0.00031,-0.00262,-0.00071,0.0001,0.00013,-0.00035,0.00062,-0.00019,-0.00023,2e-05,-1e-05,-0
87.98,-0.00168,0.00028,5e-05,-1e-05,3e-05,0,-5e-05,0.00014,-4e-05,-0.00027,-0,-0,0,-0.00035,-1e-05,-9e-05,8e-05,8e-05,-0,1e-05,0.00057,-5e-05,0.00033,-0.00214,-0.00053,0.0001,0.00013,-0.0004,0.00054,-0.0002,-4e-05,2e-05,-0,-0
88,-0.00182,0.00029,8e-05,-1e-05,5e-05,0,-7e-05,0.00016,-2e-05,-0.00024,-1e-05,-1e-05,0,-0.00032,3e-05,0.00016,0.00029,0.00012,-0,1e-05,0.0004,-0.00077,0.00028,-0.00154,-0.00037,9e-05,0.00011,-0.00043,0.00041,-0.00019,0.0001,2e-05,-0,-0
88.02,-0.002,0.00029,0.00011,-0,8e-05,0,-9e-05,0.00017,-0,-0.00022,1e-05,0,0,-0.0004,0.00016,0.00069,0.00059,0.00016,0,1e-05,0.00027,-0.00099,0.00019,-0.00097,-0.00023,7e-05,9e-05,-0.00045,0.00027,-0.00018,0.00019,3e-05,-0,-0
88.04,-0.0022,0.00027,0.00018,-0,0.00014,0,-0.00014,0.00017,1e-05,-0.00021,7e-05,2e-05,0,-0.00063,0.00028,0.00189,0.00084,0.00021,2e-05,1e-05,0.00018,-0.00084,9e-05,-0.00053,-0.00013,5e-05,6e-05,-0.00045,0.00014,-0.00018,0.00025,3e-05,-0,-0
88.06,-0.0024,0.00024,0.0003,-1e-05,0.00022,0,-0.0002,0.00018,2e-05,-0.00021,0.00015,4e-05,0,-0.00103,0.00015,0.00348,0.00077,0.00028,4e-05,1e-05,0.00012,-0.00047,1e-05,-0.00024,-6e-05,3e-05,3e-05,-0.00043,3e-05,-0.00019,0.00028,3e-05,-0,-0
88.08,-0.0026,0.0002,0.00053,-1e-05,0.00032,0,-0.00027,0.00018,3e-05,-0.00021,0.00027,6e-05,1e-05,-0.00159,-0.00059,0.00591,0.00037,0.00032,7e-05,1e-05,8e-05,-1e-05,-4e-05,-6e-05,-2e-05,1e-05,2e-05,-0.00039,-4e-05,-0.0002,0.00029,3e-05,-0,-0
88.1,-0.0027,0.00016,0.00079,-3e-05,0.00043,0,-0.00034,0.00019,4e-05,-0.00021,0.00041,9e-05,1e-05,-0.00252,-0.00191,0.00825,-0.00033,0.00034,7e-05,-1e-05,4e-05,0.00042,-5e-05,2e-05,0,0,0,-0.00033,-0.00011,-0.0002,0.00029,4e-05,-0,-0
88.12,-0.00254,0.00013,0.0009,-4e-05,0.00041,0,-0.00036,0.00019,3e-05,-0.00019,0.00056,0.0001,2e-05,-0.0047,-0.00334,0.00739,-0.00101,0.00039,3e-05,-2e-05,-0,0.00075,-3e-05,5e-05,1e-05,-0,-0,-0.00025,-0.00017,-0.00018,0.00028,4e-05,0,-0
88.14,-0.00218,9e-05,0.00087,-5e-05,0.00035,0,-0.00033,0.0002,3e-05,-0.00017,0.00073,0.00011,2e-05,-0.00851,-0.00459,0.00526,-0.0014,0.0004,1e-05,-2e-05,-6e-05,0.0008,0,4e-05,0,-0,-0,-0.00017,-0.00024,-0.00014,0.00027,4e-05,0,-0
88.16,-0.00173,5e-05,0.00072,-5e-05,0.0003,0,-0.00027,0.0002,2e-05,-0.00014,0.00091,0.00013,3e-05,-0.01356,-0.00536,0.00333,-0.00151,0.00033,0,-1e-05,-0.00011,0.00086,2e-05,3e-05,0,-0,-0,-0.0001,-0.00032,-0.0001,0.00026,4e-05,0,0
88.18,-0.00142,-1e-05,0.00065,-5e-05,0.00025,0,-0.00018,0.00019,1e-05,-0.00011,0.00107,0.00014,3e-05,-0.01721,-0.0062,0.00128,-0.00158,0.00025,2e-05,-0,-0.00016,0.00093,4e-05,2e-05,-0,-0,-0,-5e-05,-0.0004,-6e-05,0.00025,4e-05,0,0
88.2,-0.00126,-8e-05,0.00065,-4e-05,0.00021,0,-8e-05,0.00018,-0,-8e-05,0.0012,0.00014,4e-05,-0.01823,-0.00668,-0.00082,-0.00076,0.00012,4e-05,-0,-0.0002,0.00099,6e-05,1e-05,-0,-0,-0,-1e-05,-0.00047,-3e-05,0.00024,4e-05,0,0
88.22,-0.00105,-0.00016,0.00047,-1e-05,0.00017,0,-0,0.00017,-0,-5e-05,0.00135,0.00015,4e-05,-0.01905,-0.00506,-0.00273,0.00183,0,7e-05,0,-0.0002,0.00105,8e-05,1e-05,-0,-0,-0,1e-05,-0.0005,-2e-05,0.00023,3e-05,0,1e-05
88.24,-0.00087,-0.00021,0.00019,4e-05,0.00014,0,5e-05,0.00016,-0,-0,0.00141,0.00014,5e-05,-0.01827,-0.00256,-0.00406,0.00394,3e-05,9e-05,1e-05,-0.00019,0.00108,0.00011,1e-05,-0,-0,-0,2e-05,-0.00049,-1e-05,0.00021,3e-05,1e-05,1e-05
88.26,-0.00072,-0.00019,-0.00011,9e-05,0.00011,0,2e-05,0.00013,-0,8e-05,0.00132,0.00012,5e-05,-0.01556,-0.00059,-0.00485,0.00426,0.00012,9e-05,1e-05,-0.00016,0.00108,0.00012,1e-05,-0,-0,-0,1e-05,-0.00036,-1e-05,0.00012,1e-05,1e-05,0
88.28,-0.00057,-0.0001,-0.00015,0.00016,9e-05,0,-0.00011,0.00011,-0,0.0002,0.00113,9e-05,5e-05,-0.01093,-3e-05,-0.00612,0.00319,0.00021,8e-05,1e-05,-0.00012,0.00104,0.00014,1e-05,-0,-0,-0,0,-6e-05,-1e-05,-8e-05,-2e-05,-0,-1e-05
88.3,-0.0004,2e-05,0.00049,0.00022,7e-05,0,-0.00036,7e-05,-1e-05,0.00037,0.00083,5e-05,4e-05,-0.00634,-0.00163,-0.00621,0.00127,0.00026,6e-05,-0,-8e-05,0.00096,0.00015,2e-05,-0,-0,-0,-1e-05,0.00024,-0,-0.00033,-6e-05,-1e-05,-2e-05
88.32,-0.00023,3e-05,0.0021,0.00025,5e-05,0,-0.00067,3e-05,-2e-05,0.00062,0.00043,3e-05,2e-05,-0.0031,-0.00619,-0.00149,-0.00091,0.00022,4e-05,1e-05,-5e-05,0.00085,0.00016,2e-05,0,-0,-0,-1e-05,0.00048,1e-05,-0.00063,-0.0001,-2e-05,-3e-05
88.34,-0.00013,-0.00014,0.00406,0.00023,3e-05,0,-0.00102,0,-4e-05,0.00095,0.00012,1e-05,1e-05,0.00069,-0.01206,0.00346,-0.00225,0.00015,4e-05,3e-05,-3e-05,0.00072,0.00017,3e-05,0,-0,0,-1e-05,0.00063,2e-05,-0.00096,-0.00015,-3e-05,-4e-05
88.36,-0.0001,-0.00043,0.0056,0.00018,1e-05,0,-0.0014,-0,-5e-05,0.00142,-6e-05,-0,0,0.00524,-0.01633,0.00627,-0.00234,0.0001,5e-05,5e-05,-1e-05,0.00057,0.00017,3e-05,0,0,0,-1e-05,0.00069,3e-05,-0.00129,-0.00018,-4e-05,-4e-05
88.38,-0.00011,-0.00082,0.00625,0.00011,-1e-05,0,-0.0017,0,-7e-05,0.00202,-0.00014,0,-0,0.01012,-0.0171,0.00753,-0.00148,7e-05,6e-05,6e-05,0,0.00042,0.00018,4e-05,1e-05,0,0,-3e-05,0.00065,2e-05,-0.00159,-0.00021,-4e-05,-4e-05
88.4,-0.00014,-0.00126,0.00588,1e-05,-2e-05,-0,-0.00187,-2e-05,-7e-05,0.00282,-0.00012,2e-05,0,0.01342,-0.01491,0.00685,-0.00038,6e-05,5e-05,5e-05,2e-05,0.00026,0.00018,4e-05,1e-05,0,0,-7e-05,0.00056,1e-05,-0.00177,-0.00024,-4e-05,-3e-05
88.42,-0.00015,-0.00161,0.00482,-0.00011,-2e-05,-0,-0.00183,-6e-05,-7e-05,0.00384,-3e-05,4e-05,0,0.01276,-0.01254,0.00501,0.00019,8e-05,4e-05,3e-05,5e-05,0.00012,0.00018,4e-05,1e-05,0,0,-0.00013,0.00046,-0,-0.00177,-0.00025,-3e-05,-2e-05
88.44,-0.00012,-0.00167,0.00326,-0.00023,-1e-05,-0,-0.00149,-0.00017,-4e-05,0.00505,9e-05,6e-05,1e-05,0.00738,-0.00893,0.00298,-3e-05,9e-05,3e-05,1e-05,9e-05,-1e-05,0.00017,4e-05,1e-05,0,0,-0.00019,0.00038,-0,-0.00153,-0.00025,-2e-05,-1e-05
88.46,-3e-05,-0.00153,0.00175,-0.00035,1e-05,-0,-0.00083,-0.00037,3e-05,0.00633,0.0002,6e-05,2e-05,0.00222,-0.00531,0.00148,-0.00076,8e-05,1e-05,0,0.00014,-0.00011,0.00016,3e-05,1e-05,0,0,-0.00026,0.00032,-1e-05,-0.00102,-0.00025,-1e-05,0
88.48,0.00016,-0.0013,0.00066,-0.00047,2e-05,-0,5e-05,-0.00068,0.00014,0.0075,0.00026,5e-05,3e-05,-0.00114,-0.00252,0.00056,-0.00165,7e-05,-1e-05,-0,0.00021,-0.00018,0.00014,3e-05,1e-05,1e-05,0,-0.00036,0.0003,0,-0.00025,-0.00024,-0,1e-05
88.5,0.00046,-0.00106,4e-05,-0.00059,3e-05,-0,0.00096,-0.00102,0.00028,0.00854,0.00028,2e-05,4e-05,-0.00263,-0.0012,0.00019,-0.00238,4e-05,-1e-05,-1e-05,0.00028,-0.00024,0.00011,2e-05,1e-05,1e-05,0,-0.00041,0.0003,1e-05,0.00073,-0.00024,1e-05,3e-05
88.52,0.00083,-0.00086,-0.00031,-0.00074,4e-05,-0,0.00173,-0.00122,0.00042,0.00942,0.00027,-0,5e-05,-0.00278,-0.00161,0.00022,-0.00277,2e-05,1e-05,-1e-05,0.00034,-0.00027,8e-05,-0,0,1e-05,0,-0.00038,0.00028,3e-05,0.00186,-0.00024,2e-05,5e-05
88.54,0.00128,-0.0007,-0.00054,-0.00091,5e-05,-0,0.0022,-0.00123,0.00054,0.00975,0.00021,-2e-05,6e-05,-0.0024,-0.00224,0.00029,-0.00283,0,2e-05,-2e-05,0.00039,-0.00028,5e-05,-2e-05,0,1e-05,0,-0.00029,0.00024,5e-05,0.00304,-0.00025,4e-05,7e-05
88.56,0.00181,-0.00055,-0.00067,-0.00107,5e-05,-0,0.00227,-0.00109,0.00063,0.00935,0.00011,-2e-05,5e-05,-0.00181,-0.00218,0.00026,-0.00263,-0,3e-05,-3e-05,0.00039,-0.00028,2e-05,-4e-05,0,1e-05,0,-0.0002,0.00016,7e-05,0.00426,-0.00025,6e-05,0.0001
88.58,0.00243,-0.00044,-0.00074,-0.00114,6e-05,-0,0.0019,-0.00081,0.00066,0.00833,3e-05,-0,3e-05,-0.00119,-0.00163,0.00016,-0.00223,1e-05,2e-05,-4e-05,0.00036,-0.00027,-2e-05,-7e-05,-0,1e-05,0,-0.0001,4e-05,7e-05,0.00549,-0.00026,8e-05,0.00013
88.6,0.00307,-0.00036,-0.00074,-0.00114,6e-05,-0,0.00171,-0.00053,0.00063,0.00691,-0,2e-05,2e-05,-0.00062,-0.00097,3e-05,-0.00174,5e-05,0,-5e-05,0.00029,-0.00025,-5e-05,-0.0001,-0,1e-05,0,1e-05,-0.0001,5e-05,0.0067,-0.00026,0.00011,0.00016
88.62,0.00361,-0.00034,-0.0007,-0.00104,6e-05,-0,0.00254,-0.00034,0.00054,0.00529,4e-05,4e-05,0,-0.00016,-0.0004,-0.00011,-0.00126,0.00012,-2e-05,-3e-05,0.00018,-0.00022,-8e-05,-0.00013,-1e-05,0,0,5e-05,-0.00025,1e-05,0.00782,-0.00026,0.00013,0.0002
88.64,0.00409,-0.00033,-0.00063,-0.00086,7e-05,-0,0.00408,-0.00018,0.00041,0.00357,0.00016,5e-05,0,0.00015,0.00019,-0.00023,-0.00085,0.00024,-3e-05,-0,5e-05,-0.00018,-0.0001,-0.00017,-1e-05,0,0,-4e-05,-0.00038,-4e-05,0.00886,-0.00024,0.00015,0.00023
88.66,0.00455,-0.00031,-0.0005,-0.00061,7e-05,-0,0.00586,-4e-05,0.00027,0.00191,0.0003,6e-05,1e-05,0.00032,0.00063,-0.0003,-0.00052,0.0004,-3e-05,3e-05,-9e-05,-0.00014,-0.00012,-0.0002,-1e-05,0,0,-0.00025,-0.00049,-0.0001,0.00985,-0.00021,0.00017,0.00025
88.68,0.00498,-0.00028,-0.00034,-0.00028,8e-05,-0,0.00787,7e-05,0.00013,0.00046,0.00044,5e-05,2e-05,0.00035,0.0008,-0.00031,-0.00028,0.00058,-1e-05,6e-05,-0.00021,-0.0001,-0.00013,-0.00024,-2e-05,0,0,-0.00054,-0.00053,-0.00014,0.01078,-0.00016,0.00019,0.00026
88.7,0.00524,-0.00022,-0.0002,0.00011,9e-05,-0,0.00964,0.00019,3e-05,-0.0007,0.00055,4e-05,4e-05,0.00021,0.00074,-0.00026,-0.00014,0.0008,1e-05,7e-05,-0.00031,-6e-05,-0.00013,-0.00027,-2e-05,0,0,-0.00101,-0.00049,-0.00017,0.01151,-8e-05,0.00019,0.00026
88.72,0.00512,-0.00015,-0.00023,0.00051,0.0001,0,0.01059,0.00036,1e-05,-0.00159,0.00057,3e-05,5e-05,-9e-05,0.00061,-0.00019,-7e-05,0.00108,3e-05,7e-05,-0.00036,-3e-05,-0.00012,-0.00029,-2e-05,0,0,-0.00182,-0.00034,-0.00018,0.01183,2e-05,0.00018,0.00024
88.74,0.00468,-8e-05,-0.00046,0.00087,0.00011,0,0.0107,0.00055,1e-05,-0.00224,0.00056,2e-05,5e-05,-0.00051,0.00048,-0.0001,-4e-05,0.00133,4e-05,5e-05,-0.00036,1e-05,-0.0001,-0.00031,-3e-05,0,0,-0.00282,-8e-05,-0.00014,0.01182,0.00015,0.00016,0.0002
88.76,0.00407,1e-05,-0.00088,0.0012,0.00012,0,0.01014,0.00069,1e-05,-0.00272,0.00055,2e-05,5e-05,-0.00102,0.00032,0,-4e-05,0.00142,6e-05,4e-05,-0.00033,5e-05,-7e-05,-0.00031,-3e-05,0,0,-0.0038,0.00027,-6e-05,0.01161,0.00031,0.00013,0.00015
88.78,0.00329,0.00011,-0.00149,0.00146,0.00012,0,0.00918,0.00076,0,-0.00314,0.00054,1e-05,5e-05,-0.00163,0.0002,0.00011,-4e-05,0.00142,6e-05,3e-05,-0.00026,8e-05,-2e-05,-0.00031,-3e-05,0,0,-0.00475,0.0007,6e-05,0.01117,0.00048,0.0001,0.0001
88.8,0.00234,0.00022,-0.00223,0.00165,0.00011,0,0.0077,0.00074,-1e-05,-0.00344,0.00053,1e-05,5e-05,-0.00225,0.00013,0.0002,-5e-05,0.00127,6e-05,2e-05,-0.00017,0.00013,4e-05,-0.00029,-4e-05,0,0,-0.00555,0.00114,0.00019,0.01062,0.00064,6e-05,5e-05
88.82,0.0013,0.00032,-0.00296,0.00171,8e-05,0,0.00572,0.00068,-5e-05,-0.00334,0.00053,0,5e-05,-0.00271,0.00012,0.00028,-4e-05,0.00096,4e-05,1e-05,-7e-05,0.00018,0.00012,-0.00027,-4e-05,0,0,-0.00607,0.00154,0.00029,0.01012,0.00076,4e-05,1e-05
88.84,0.00028,0.00039,-0.00351,0.00167,3e-05,-0,0.00422,0.00057,-9e-05,-0.0028,0.00055,-0,5e-05,-0.003,0.00014,0.00034,-2e-05,0.00065,3e-05,1e-05,2e-05,0.00023,0.00021,-0.00023,-4e-05,0,0,-0.00642,0.00183,0.00032,0.0096,0.00083,4e-05,1e-05
88.86,-0.00065,0.0004,-0.00377,0.00154,-5e-05,-0,0.00375,0.00038,-8e-05,-0.00215,0.00055,-0,5e-05,-0.00314,0.00015,0.00039,-0,0.00042,1e-05,1e-05,8e-05,0.0003,0.00029,-0.0002,-4e-05,1e-05,0,-0.00667,0.00203,0.00026,0.00899,0.00083,5e-05,3e-05
88.88,-0.00145,0.00037,-0.00366,0.00134,-0.00014,-0,0.004,0.00018,-4e-05,-0.00133,0.00054,0,5e-05,-0.00312,0.00015,0.00042,1e-05,0.00025,0,1e-05,0.00011,0.00037,0.00037,-0.00016,-5e-05,1e-05,0,-0.00684,0.00214,0.00013,0.00835,0.00077,9e-05,8e-05
88.9,-0.00203,0.0003,-0.0032,0.00109,-0.00024,0,0.00436,3e-05,1e-05,-0.00068,0.0005,0,5e-05,-0.00291,0.0001,0.00044,2e-05,0.00012,-0,1e-05,0.00011,0.00046,0.00043,-0.00012,-5e-05,1e-05,1e-05,-0.00689,0.00217,-7e-05,0.00768,0.00065,0.00014,0.00016
88.92,-0.00234,0.0002,-0.00253,0.00082,-0.00033,-0,0.00424,-4e-05,5e-05,-0.00058,0.00042,-0,3e-05,-0.00253,2e-05,0.00042,5e-05,3e-05,-1e-05,0,8e-05,0.00056,0.00047,-0.0001,-5e-05,1e-05,1e-05,-0.00677,0.00216,-0.0003,0.00703,0.0005,0.00019,0.00024
88.94,-0.00248,0.0001,-0.00172,0.00055,-0.00031,-0,0.0034,5e-05,5e-05,-0.00055,0.0003,-1e-05,1e-05,-0.00204,-2e-05,0.00036,6e-05,-4e-05,-1e-05,0,3e-05,0.00067,0.00048,-9e-05,-5e-05,2e-05,1e-05,-0.00662,0.00211,-0.00053,0.00637,0.00033,0.00025,0.00032
88.96,-0.00245,3e-05,-0.00086,0.00027,-0.0002,-0,0.00183,0.00023,2e-05,-0.00029,0.00015,-2e-05,-0,-0.00147,-0,0.00026,4e-05,-0.0001,-1e-05,-0,-1e-05,0.00078,0.00044,-7e-05,-4e-05,2e-05,1e-05,-0.0065,0.00205,-0.00071,0.00568,0.00015,0.0003,0.00039
88.98,-0.00228,-3e-05,-0.00012,-2e-05,-3e-05,-0,-0.00028,0.00031,-0,-0,-2e-05,-2e-05,-2e-05,-0.00082,3e-05,0.00012,-2e-05,-0.00015,-1e-05,-0,-5e-05,0.00089,0.00036,-6e-05,-4e-05,2e-05,1e-05,-0.00642,0.00198,-0.00084,0.00497,-3e-05,0.00034,0.00044
89,-0.00197,-6e-05,0.00039,-0.0003,0.00014,-0,-0.00253,0.00015,-1e-05,-5e-05,-0.00017,-2e-05,-3e-05,-0.00022,1e-05,-1e-05,-0.00014,-0.00019,-1e-05,-1e-05,-6e-05,0.00098,0.00025,-6e-05,-4e-05,2e-05,1e-05,-0.0063,0.00187,-0.00088,0.0043,-0.00018,0.00036,0.00047
89.02,-0.00152,-9e-05,0.00063,-0.0006,0.00026,-0,-0.00446,-9e-05,-2e-05,0.00124,-0.00022,-1e-05,-3e-05,0.00035,-8e-05,-0.0001,-0.00019,-0.00018,-1e-05,-2e-05,-4e-05,0.00103,0.00014,-5e-05,-3e-05,2e-05,1e-05,-0.00611,0.00163,-0.00086,0.0037,-0.0003,0.00036,0.00048
89.04,-0.00104,-0.00011,0.00069,-0.00092,0.00031,-0,-0.00574,-0.00019,-2e-05,0.00331,-0.00017,-1e-05,-2e-05,0.0009,-0.00023,-0.00012,-0.00016,-0.00016,-0,-2e-05,1e-05,0.00104,4e-05,-4e-05,-3e-05,2e-05,1e-05,-0.00583,0.00133,-0.00076,0.00315,-0.00038,0.00034,0.00046
89.06,-0.0006,-0.00012,0.00064,-0.0012,0.00029,-0,-0.00633,-9e-05,2e-05,0.0045,-7e-05,-0,-2e-05,0.00134,-0.00039,-9e-05,-9e-05,-0.00013,-0,-2e-05,5e-05,0.00099,-3e-05,-3e-05,-2e-05,2e-05,1e-05,-0.00543,0.00103,-0.0006,0.00262,-0.00042,0.0003,0.00041
89.08,-0.00024,-0.00012,0.00056,-0.00142,0.00024,-0,-0.00612,0.00016,0.00019,0.00464,9e-05,2e-05,-1e-05,0.00164,-0.00052,-2e-05,1e-05,-8e-05,0,-3e-05,9e-05,0.0009,-8e-05,-2e-05,-1e-05,1e-05,1e-05,-0.00491,0.00071,-0.00039,0.00211,-0.00041,0.00024,0.00034
89.1,2e-05,-0.00012,0.00043,-0.00151,0.00016,-0,-0.00517,0.00029,0.00057,0.00375,0.00025,6e-05,-1e-05,0.00177,-0.00058,3e-05,0.00012,-2e-05,0,-3e-05,0.0001,0.00077,-0.00012,-2e-05,-1e-05,1e-05,1e-05,-0.0042,0.00044,-0.00014,0.00164,-0.00037,0.00018,0.00026
89.12,0.00018,-0.0001,0.00028,-0.00143,9e-05,-0,-0.00361,0.0002,0.001,0.00239,0.00036,0.00012,-1e-05,0.0017,-0.00055,6e-05,0.00019,4e-05,1e-05,-2e-05,8e-05,0.00065,-0.00015,-2e-05,-1e-05,1e-05,0,-0.0033,0.00026,0.00013,0.00124,-0.00029,0.00011,0.00016
89.14,0.00026,-9e-05,0.00014,-0.00119,3e-05,-0,-0.00172,4e-05,0.00132,0.00099,0.00048,0.00017,0,0.00151,-0.00046,6e-05,0.00025,0.00011,2e-05,-2e-05,5e-05,0.00053,-0.00018,-2e-05,-0,0,0,-0.00226,0.00013,0.0004,0.00086,-0.00019,4e-05,7e-05
89.16,0.00029,-8e-05,4e-05,-0.00082,-3e-05,-0,0.0001,-7e-05,0.00142,-0.00023,0.00066,0.00021,1e-05,0.00124,-0.00034,4e-05,0.00028,0.00018,3e-05,-2e-05,1e-05,0.00044,-0.00021,-2e-05,0,-0,-0,-0.00114,4e-05,0.00065,0.00048,-8e-05,-3e-05,-3e-05
89.18,0.00029,-7e-05,-4e-05,-0.00036,-8e-05,-0,0.00151,-9e-05,0.00128,-0.00113,0.00071,0.00022,3e-05,0.00094,-0.0002,2e-05,0.00029,0.00023,4e-05,-2e-05,-2e-05,0.00039,-0.00025,-2e-05,1e-05,-1e-05,-1e-05,4e-05,-1e-05,0.0009,0.00011,3e-05,-9e-05,-0.00012
89.2,0.00031,-5e-05,-9e-05,0.00012,-0.00013,-0,0.00232,4e-05,0.00082,-0.00173,0.00085,0.00019,3e-05,0.00062,-0.0001,-0,0.00025,0.00025,4e-05,-1e-05,-4e-05,0.00036,-0.00029,-2e-05,1e-05,-1e-05,-1e-05,0.00123,-2e-05,0.00113,-0.00025,0.00013,-0.00015,-0.00021
89.22,0.00037,-4e-05,-5e-05,0.00053,-0.00016,-0,0.00264,0.0005,7e-05,-0.00188,0.00127,0.00012,3e-05,0.0003,-4e-05,-1e-05,0.00018,0.00024,4e-05,-1e-05,-3e-05,0.00036,-0.00033,-1e-05,2e-05,-1e-05,-1e-05,0.00232,-1e-05,0.00132,-0.00062,0.00019,-0.0002,-0.00027
89.24,0.00049,-3e-05,3e-05,0.00081,-0.00017,-0,0.00274,0.00097,-0.00034,-0.00176,0.00123,4e-05,3e-05,1e-05,1e-05,-0,0.0001,0.0002,4e-05,-1e-05,-1e-05,0.00039,-0.00036,0,2e-05,-1e-05,-1e-05,0.00324,-1e-05,0.00149,-0.00102,0.00022,-0.00023,-0.00031
89.26,0.00069,-1e-05,-6e-05,0.00094,-0.00013,-0,0.00246,0.00084,-0.00023,-0.0014,0.00074,1e-05,3e-05,-0.00023,5e-05,1e-05,5e-05,0.00016,3e-05,-1e-05,-0,0.00043,-0.00038,1e-05,2e-05,-1e-05,-1e-05,0.004,-1e-05,0.00163,-0.00144,0.00019,-0.00025,-0.00033
89.28,0.00092,0,-0.00029,0.00094,-4e-05,-0,0.00151,0.00024,-0,-0.0005,0.00024,1e-05,2e-05,-0.00043,7e-05,2e-05,0,0.0001,3e-05,-1e-05,-1e-05,0.00047,-0.00039,2e-05,2e-05,-1e-05,-1e-05,0.00462,0,0.00173,-0.00188,0.00011,-0.00024,-0.00032
89.3,0.00108,1e-05,-0.00037,0.00085,0.00012,-0,-8e-05,-0.00018,3e-05,0.0003,-0.00023,-1e-05,-0,-0.00059,7e-05,2e-05,-3e-05,3e-05,2e-05,-1e-05,-5e-05,0.00051,-0.00037,2e-05,3e-05,-1e-05,-1e-05,0.00508,2e-05,0.00177,-0.00234,-2e-05,-0.00022,-0.00028
89.32,0.00115,-1e-05,-0.00015,0.00071,0.00029,-0,-0.00155,-0.0001,-1e-05,0.00011,0,3e-05,-2e-05,-0.00069,6e-05,2e-05,-6e-05,-3e-05,2e-05,-2e-05,-9e-05,0.00054,-0.00034,2e-05,3e-05,-1e-05,-0,0.00537,2e-05,0.00173,-0.00288,-0.0002,-0.00017,-0.00021
89.34,0.00115,-3e-05,0.00012,0.00056,0.00044,-0,-0.00239,4e-05,-1e-05,-0.0002,0.00089,0.00016,-3e-05,-0.00076,4e-05,1e-05,-8e-05,-0.0001,1e-05,-2e-05,-0.00012,0.00056,-0.00029,4e-05,3e-05,-1e-05,-0,0.00554,1e-05,0.00159,-0.00346,-0.00041,-0.00011,-0.00013
89.36,0.00113,-6e-05,0.00035,0.0004,0.00041,-0,-0.00273,5e-05,4e-05,-0.0005,0.00162,0.00033,-5e-05,-0.0008,2e-05,0,-0.0001,-0.00015,-0,-2e-05,-0.00012,0.00056,-0.00023,6e-05,3e-05,-0,-0,0.00563,0,0.00134,-0.00404,-0.00064,-4e-05,-3e-05
89.38,0.00113,-8e-05,0.0005,0.00025,0.00038,-0,-0.003,-0.00011,0.00014,-0.00064,0.00209,0.0005,-6e-05,-0.00082,-0,-2e-05,-0.00011,-0.0002,-1e-05,-2e-05,-8e-05,0.00053,-0.00016,9e-05,3e-05,0,0,0.00561,0,0.00099,-0.00461,-0.00089,4e-05,7e-05
89.4,0.00118,-9e-05,0.00052,0.00013,0.00035,-0,-0.00342,-0.00042,0.00025,-1e-05,0.00199,0.00057,-5e-05,-0.00083,-2e-05,-5e-05,-0.00011,-0.00023,-2e-05,-2e-05,1e-05,0.00049,-9e-05,0.00014,2e-05,0,0,0.00544,2e-05,0.00057,-0.00518,-0.00112,0.00011,0.00018
89.42,0.00124,-6e-05,0.00048,3e-05,0.0003,-0,-0.00392,-0.00062,0.00032,0.00189,0.00118,0.00049,-4e-05,-0.00085,-2e-05,-7e-05,-0.0001,-0.00021,-2e-05,-2e-05,0.00017,0.00043,-4e-05,0.00021,2e-05,1e-05,0,0.00506,4e-05,0.00013,-0.00576,-0.00132,0.00018,0.00027
89.44,0.00127,-0,0.00045,-3e-05,0.00026,-0,-0.00502,-0.00048,0.00027,0.00401,0.00048,0.00033,-2e-05,-0.00087,-2e-05,-7e-05,-7e-05,-0.00016,-2e-05,-2e-05,0.00036,0.00036,-1e-05,0.00029,2e-05,1e-05,1e-05,0.00451,6e-05,-0.00032,-0.0063,-0.00146,0.00023,0.00036
89.46,0.00125,9e-05,0.00043,-6e-05,0.00022,0,-0.00688,-0.00011,0.0001,0.00537,0.00015,0.00017,-1e-05,-0.00088,-0,-8e-05,-5e-05,-0.00012,-1e-05,-3e-05,0.00054,0.00028,0,0.00037,2e-05,1e-05,1e-05,0.00384,6e-05,-0.00076,-0.00673,-0.00155,0.00027,0.00042
89.48,0.00116,0.0002,0.00039,-7e-05,0.00018,-0,-0.00917,0.00028,-0.0001,0.00584,1e-05,6e-05,-0,-0.00088,1e-05,-9e-05,-2e-05,-8e-05,-0,-3e-05,0.00069,0.00021,-0,0.00044,2e-05,1e-05,1e-05,0.00311,3e-05,-0.00117,-0.00709,-0.00158,0.00029,0.00046
89.5,0.00092,0.00031,0.00028,-4e-05,0.00015,-0,-0.01055,0.0004,-0.00017,0.00511,0,0,0,-0.00086,2e-05,-9e-05,0,-6e-05,1e-05,-3e-05,0.00077,0.00014,-2e-05,0.00049,2e-05,1e-05,1e-05,0.00242,-3e-05,-0.00152,-0.00734,-0.00156,0.0003,0.00048
89.52,0.0006,0.00041,0.00017,1e-05,0.00012,-0,-0.01044,0.00024,-8e-05,0.00371,2e-05,0,0,-0.00081,4e-05,-9e-05,3e-05,-7e-05,1e-05,-3e-05,0.00079,7e-05,-6e-05,0.00051,1e-05,1e-05,1e-05,0.00188,-0.00012,-0.00178,-0.00746,-0.00151,0.0003,0.00048
89.54,0.00023,0.00048,0.0001,8e-05,9e-05,0,-0.009,1e-05,4e-05,0.00202,4e-05,2e-05,-0,-0.00072,5e-05,-7e-05,5e-05,-8e-05,2e-05,-3e-05,0.00076,2e-05,-9e-05,0.00051,1e-05,1e-05,1e-05,0.0015,-0.00024,-0.00194,-0.00752,-0.00142,0.00028,0.00046
89.56,-0.00015,0.00051,7e-05,0.00016,5e-05,-0,-0.00687,-0.00018,0.00013,0.00027,5e-05,5e-05,0,-0.00061,4e-05,-5e-05,5e-05,-8e-05,2e-05,-2e-05,0.00069,-3e-05,-0.00012,0.0005,1e-05,1e-05,0,0.00127,-0.00039,-0.00199,-0.00758,-0.00131,0.00025,0.00041
89.58,-0.00048,0.00051,7e-05,0.00023,1e-05,-0,-0.00431,-0.00029,0.00017,-0.00137,5e-05,7e-05,-0,-0.00047,3e-05,-3e-05,5e-05,-8e-05,3e-05,-2e-05,0.00061,-7e-05,-0.00015,0.00049,2e-05,1e-05,0,0.00118,-0.00052,-0.00192,-0.00761,-0.00118,0.0002,0.00035
89.6,-0.00069,0.00048,8e-05,0.00029,-2e-05,-0,-0.00227,-0.00026,0.00017,-0.0028,6e-05,7e-05,-0,-0.00034,1e-05,-1e-05,5e-05,-7e-05,3e-05,-2e-05,0.00051,-0.00011,-0.00017,0.00046,2e-05,0,0,0.00119,-0.00066,-0.00169,-0.00763,-0.00104,0.00015,0.00027
89.62,-0.00073,0.00042,6e-05,0.00032,-4e-05,0,-0.00168,-8e-05,0.00013,-0.00392,8e-05,7e-05,-0,-0.00021,-1e-05,-1e-05,4e-05,-7e-05,3e-05,-2e-05,0.00042,-0.00015,-0.00018,0.00042,2e-05,-0,-0,0.00122,-0.0008,-0.0013,-0.00763,-0.00089,0.0001,0.00018
89.64,-0.00073,0.00035,2e-05,0.00033,-4e-05,-0,-0.00181,0.00024,8e-05,-0.00463,0.0001,6e-05,0,-9e-05,-2e-05,-0,4e-05,-6e-05,3e-05,-2e-05,0.00034,-0.00019,-0.00018,0.00037,2e-05,-0,-0,0.00126,-0.00089,-0.00079,-0.00758,-0.00074,4e-05,8e-05
89.66,-0.00072,0.00026,-1e-05,0.00031,-3e-05,-0,-0.00192,0.00062,3e-05,-0.00487,0.0001,5e-05,1e-05,4e-05,-2e-05,0,3e-05,-6e-05,2e-05,-2e-05,0.00029,-0.00024,-0.00016,0.00034,2e-05,-0,-0,0.00127,-0.00088,-0.00022,-0.00745,-0.00059,-2e-05,-3e-05
89.68,-0.0007,0.00018,-4e-05,0.00027,-2e-05,-0,-0.00201,0.00102,-3e-05,-0.00444,0.0001,4e-05,1e-05,0.00016,-1e-05,1e-05,3e-05,-6e-05,2e-05,-2e-05,0.00025,-0.0003,-0.00012,0.0003,2e-05,-0,-0,0.00125,-0.00077,0.00035,-0.00723,-0.00044,-8e-05,-0.00013
89.7,-0.00066,0.0001,-8e-05,0.00022,-2e-05,-0,-0.00197,0.00131,-6e-05,-0.00365,8e-05,3e-05,1e-05,0.00028,-1e-05,1e-05,2e-05,-5e-05,1e-05,-1e-05,0.00021,-0.00035,-7e-05,0.00028,2e-05,-0,-0,0.00118,-0.00057,0.00081,-0.00693,-0.00031,-0.00013,-0.00021
89.72,-0.00061,6e-05,-0.00013,0.00016,-1e-05,-0,-0.00182,0.00138,-6e-05,-0.00312,7e-05,1e-05,1e-05,0.00039,-1e-05,2e-05,2e-05,-5e-05,1e-05,-1e-05,0.00018,-0.00039,-1e-05,0.00025,2e-05,-0,-0,0.00109,-0.00036,0.00114,-0.00655,-0.0002,-0.00018,-0.00028
89.74,-0.0006,3e-05,-0.00019,0.00011,-1e-05,-0,-0.00159,0.00126,-3e-05,-0.00258,5e-05,1e-05,0,0.0005,-1e-05,2e-05,1e-05,-4e-05,0,-1e-05,0.00015,-0.00042,5e-05,0.00023,1e-05,-0,-0,0.00097,-0.0002,0.00127,-0.00611,-0.00011,-0.00021,-0.00033
89.76,-0.00063,1e-05,-0.00029,4e-05,-1e-05,-0,-0.00129,0.00104,1e-05,-0.00186,3e-05,0,-0,0.00058,-1e-05,1e-05,1e-05,-4e-05,0,-1e-05,0.0001,-0.00045,0.00011,0.00021,1e-05,-0,-0,0.00082,-0.00013,0.00122,-0.00564,-5e-05,-0.00023,-0.00034
89.78,-0.00071,0,-0.0004,-1e-05,-1e-05,0,-0.00093,0.00077,6e-05,-0.00114,2e-05,0,-0,0.00064,-2e-05,1e-05,0,-4e-05,-0,-0,5e-05,-0.00046,0.00016,0.00019,1e-05,-0,-0,0.00066,-0.00016,0.00102,-0.00515,-1e-05,-0.00022,-0.00033
89.8,-0.00082,-0,-0.00052,-6e-05,-2e-05,0,-0.00061,0.00051,9e-05,-0.0006,1e-05,0,-0,0.00067,-2e-05,0,0,-3e-05,-0,-0,-2e-05,-0.00047,0.00019,0.00017,1e-05,-0,-0,0.00052,-0.00028,0.00075,-0.00464,2e-05,-0.00021,-0.0003
89.82,-0.00096,-0,-0.0006,-9e-05,-2e-05,0,-0.00037,0.00031,0.00011,-0.00023,0,0,-0,0.00067,-2e-05,-0,-0,-3e-05,-0,0,-9e-05,-0.00048,0.00021,0.00014,1e-05,-0,-0,0.00041,-0.00046,0.00047,-0.00412,3e-05,-0.00018,-0.00026
89.84,-0.0011,0,-0.00062,-0.00011,-2e-05,0,-0.00019,0.00018,0.00011,5e-05,0,-0,0,0.00063,-2e-05,-0,-0,-2e-05,-0,0,-0.00016,-0.00049,0.00022,0.00013,1e-05,-0,-0,0.00031,-0.00066,0.00024,-0.00364,6e-05,-0.00016,-0.00023
89.86,-0.00121,1e-05,-0.0006,-0.0001,-2e-05,0,-6e-05,0.00011,9e-05,0.00025,-0,-0,0,0.00055,-1e-05,0,-0,-2e-05,-0,0,-0.00023,-0.00052,0.00022,0.00011,1e-05,-0,-0,0.00022,-0.00087,8e-05,-0.00321,8e-05,-0.00014,-0.0002
89.88,-0.00128,2e-05,-0.00051,-8e-05,-1e-05,0,2e-05,8e-05,5e-05,0.00037,-0,0,0,0.00045,-0,1e-05,0,-2e-05,-0,0,-0.00029,-0.00055,0.00022,9e-05,1e-05,-0,-0,0.00015,-0.00105,-1e-05,-0.00282,0.00011,-0.00012,-0.00019
89.9,-0.00128,2e-05,-0.0004,-4e-05,-0,0,7e-05,5e-05,2e-05,0.00043,0,0,0,0.00033,-0,1e-05,2e-05,-1e-05,-0,0,-0.00034,-0.00058,0.0002,8e-05,1e-05,-0,-0,0.0001,-0.0012,-4e-05,-0.00245,0.00014,-0.00011,-0.00019
89.92,-0.00119,3e-05,-0.00027,-1e-05,1e-05,0,0.00012,1e-05,-0,0.00045,0,1e-05,0,0.0002,-0,0,8e-05,-1e-05,-0,0,-0.00036,-0.0006,0.00018,6e-05,1e-05,-0,-0,7e-05,-0.00132,-3e-05,-0.00208,0.00018,-0.00011,-0.00019
89.94,-0.00105,3e-05,-0.00016,2e-05,2e-05,0,0.0002,-2e-05,-1e-05,0.00047,0,1e-05,0,0.0001,0,0,0.0002,-1e-05,-0,0,-0.00036,-0.0006,0.00015,4e-05,1e-05,-1e-05,-0,6e-05,-0.00141,0,-0.00169,0.00021,-0.00011,-0.0002
89.96,-0.00087,3e-05,-7e-05,4e-05,4e-05,0,0.00031,-7e-05,-1e-05,0.00054,0,1e-05,-0,3e-05,0,0,0.00042,-1e-05,-0,-0,-0.00032,-0.00058,0.00011,2e-05,1e-05,-1e-05,-0,5e-05,-0.00148,4e-05,-0.00126,0.00023,-0.00011,-0.0002
89.98,-0.00065,2e-05,-2e-05,4e-05,6e-05,0,0.00046,-0.00016,1e-05,0.00066,0,2e-05,-0,-1e-05,-1e-05,1e-05,0.00074,-1e-05,0,-0,-0.00026,-0.00053,6e-05,1e-05,1e-05,-1e-05,-0,6e-05,-0.00152,7e-05,-0.00079,0.00025,-0.00011,-0.0002
90,-0.00038,2e-05,-0,3e-05,8e-05,0,0.00064,-0.00029,5e-05,0.00085,0,3e-05,-1e-05,1e-05,-6e-05,6e-05,0.0012,-1e-05,0,-0,-0.00017,-0.00048,1e-05,-1e-05,1e-05,-1e-05,-1e-05,6e-05,-0.00153,9e-05,-0.00026,0.00025,-0.0001,-0.0002
90.02,-8e-05,1e-05,-0,0,0.0001,0,0.00086,-0.00048,0.00013,0.00111,0,5e-05,-1e-05,7e-05,-0.00017,0.00018,0.00182,-0,0,-0,-5e-05,-0.00041,-4e-05,-3e-05,1e-05,-1e-05,-1e-05,0.0001,-0.00149,0.0001,0.00029,0.00026,-0.0001,-0.00019
90.04,0.00027,-0,0,-3e-05,0.0001,-0,0.00111,-0.00074,0.00025,0.00142,-0,7e-05,-1e-05,0.00018,-0.00038,0.00041,0.00253,0,0,0,9e-05,-0.00034,-7e-05,-5e-05,1e-05,-1e-05,-1e-05,0.00015,-0.00142,9e-05,0.00087,0.00025,-9e-05,-0.00017
90.06,0.00067,-1e-05,2e-05,-8e-05,9e-05,-0,0.0014,-0.00106,0.00042,0.00173,0,9e-05,-0,0.00028,-0.0007,0.00078,0.0032,1e-05,-0,1e-05,0.00026,-0.00027,-9e-05,-7e-05,1e-05,-1e-05,-0,0.00023,-0.00131,7e-05,0.00147,0.00025,-8e-05,-0.00015
90.08,0.00114,-2e-05,5e-05,-0.00012,8e-05,-0,0.00166,-0.00143,0.00065,0.00194,0,0.00011,-0,0.00032,-0.00113,0.00131,0.00366,2e-05,-1e-05,1e-05,0.00043,-0.00021,-9e-05,-8e-05,1e-05,-1e-05,-0,0.00031,-0.00118,5e-05,0.0021,0.00024,-8e-05,-0.00014
90.1,0.00166,-2e-05,9e-05,-0.00017,6e-05,0,0.00187,-0.00175,0.00094,0.00208,0,0.00011,-0,0.00017,-0.00155,0.00198,0.00393,3e-05,-2e-05,1e-05,0.00061,-0.00014,-9e-05,-9e-05,1e-05,-1e-05,-0,0.00042,-0.00103,2e-05,0.00276,0.00026,-7e-05,-0.00012
90.12,0.00218,-3e-05,0.00014,-0.00024,3e-05,0,0.00202,-0.0018,0.00125,0.00221,0,9e-05,0,-0.00032,-0.00163,0.00271,0.00405,4e-05,-2e-05,2e-05,0.00075,-8e-05,-9e-05,-0.0001,0,-1e-05,-0,0.0006,-0.00088,-1e-05,0.00344,0.00029,-6e-05,-0.00011
90.14,0.00269,-5e-05,0.00018,-0.00031,-0,0,0.00207,-0.00157,0.00151,0.00211,0,6e-05,0,-0.00109,-0.00132,0.00328,0.00381,5e-05,-2e-05,2e-05,0.00085,-3e-05,-0.0001,-0.00011,0,-1e-05,-0,0.0008,-0.00073,-3e-05,0.00412,0.00034,-6e-05,-0.0001
90.16,0.00319,-9e-05,0.00022,-0.00038,-4e-05,0,0.00205,-0.00115,0.00164,0.00173,0,2e-05,0,-0.0019,-0.0008,0.00351,0.00321,6e-05,-1e-05,1e-05,0.00088,3e-05,-0.00011,-0.00011,-0,-1e-05,-0,0.00097,-0.00061,-4e-05,0.0048,0.00044,-6e-05,-0.00011
90.18,0.00374,-0.00014,0.00029,-0.00042,-8e-05,0,0.00199,-0.0006,0.00152,0.00116,0,-2e-05,0,-0.00253,-0.00019,0.00335,0.00247,6e-05,-0,1e-05,0.00083,8e-05,-0.00013,-0.00011,-1e-05,-1e-05,-0,0.00106,-0.0005,-3e-05,0.00545,0.00056,-7e-05,-0.00012
90.2,0.00415,-0.00022,0.00038,-0.00044,-9e-05,0,0.00262,-0.00013,0.00115,0.00049,0,-4e-05,-0,-0.00222,0.00021,0.00286,0.00173,7e-05,1e-05,1e-05,0.00068,0.00013,-0.00015,-0.0001,-1e-05,-1e-05,-0,0.00113,-0.00037,-1e-05,0.006,0.00072,-8e-05,-0.00014
90.22,0.00411,-0.00033,0.00051,-0.00044,-9e-05,0,0.00482,0.00011,0.00063,-0.0002,0,1e-05,0,-0.00019,0.00032,0.00224,0.00104,8e-05,1e-05,2e-05,0.00045,0.00019,-0.00017,-8e-05,-1e-05,-1e-05,-0,0.00124,-0.00022,3e-05,0.00635,0.00091,-0.0001,-0.00017
90.24,0.00375,-0.00043,0.00067,-0.00039,-7e-05,0,0.00789,0.0001,0.00012,-0.00081,0,0.00012,1e-05,0.00286,0.00023,0.00164,0.00036,0.0001,2e-05,2e-05,0.00017,0.00024,-0.00019,-4e-05,-2e-05,-1e-05,-0,0.00121,-4e-05,9e-05,0.00648,0.00112,-0.00012,-0.00021
90.26,0.00331,-0.00053,0.0008,-0.0003,-4e-05,0,0.01099,-0.00014,-0.0003,-0.00128,0,0.00026,1e-05,0.00594,6e-05,0.00119,-0.00037,0.00012,2e-05,3e-05,-0.00013,0.0003,-0.0002,-0,-2e-05,-1e-05,-0,0.00091,0.00018,0.00017,0.00639,0.00134,-0.00014,-0.00024
90.28,0.00277,-0.0006,0.00086,-0.00017,-1e-05,0,0.01405,-0.00054,-0.00054,-0.00163,1e-05,0.00042,1e-05,0.00891,-0.0001,0.00101,-0.00117,0.00015,2e-05,3e-05,-0.00039,0.00036,-0.00021,4e-05,-3e-05,-1e-05,-0,0.00032,0.00043,0.00025,0.00607,0.00155,-0.00016,-0.00028
90.3,0.00208,-0.00064,0.00081,-3e-05,3e-05,0,0.01613,-0.00088,-0.00035,-0.00183,1e-05,0.00056,-0,0.01078,-0.00019,0.00091,-0.00203,0.00019,2e-05,2e-05,-0.00058,0.00041,-0.00021,9e-05,-3e-05,-1e-05,-0,-0.00051,0.00066,0.00032,0.00549,0.00175,-0.00018,-0.00031
90.32,0.00117,-0.00064,0.00061,0.0001,7e-05,0,0.01637,-0.0008,0.00044,-0.00176,2e-05,0.00065,-1e-05,0.01081,-0.00013,0.0006,-0.00278,0.00023,2e-05,0,-0.0006,0.00045,-0.0002,0.00013,-3e-05,-1e-05,-0,-0.0018,0.00084,0.00038,0.0046,0.0019,-0.00019,-0.00033
90.34,0.00028,-0.00063,0.00032,0.00019,0.0001,0,0.01507,-0.00021,0.00131,-0.00146,3e-05,0.00066,-2e-05,0.00975,1e-05,0.0003,-0.00322,0.00025,3e-05,-2e-05,-0.00045,0.00048,-0.00019,0.00016,-3e-05,-1e-05,-0,-0.00364,0.00093,0.00041,0.00353,0.002,-0.0002,-0.00033
90.36,-0.00039,-0.00061,0,0.00023,0.00014,0,0.0128,0.00071,0.0017,-0.00103,4e-05,0.0006,-1e-05,0.00843,0.00017,2e-05,-0.00333,0.00026,4e-05,-4e-05,-0.0002,0.00048,-0.00015,0.00017,-3e-05,-1e-05,-0,-0.00578,0.00095,0.0004,0.00241,0.00202,-0.00019,-0.00032
90.38,-0.00086,-0.00059,-0.00031,0.00023,0.00017,0,0.00999,0.00182,0.00141,-0.00041,4e-05,0.00048,-1e-05,0.00697,0.00033,-0.00029,-0.00309,0.00023,3e-05,-6e-05,0.00014,0.00047,-0.00011,0.00017,-3e-05,-0,-0,-0.00816,0.00089,0.00034,0.00131,0.00198,-0.00018,-0.0003
90.4,-0.00108,-0.00057,-0.00055,0.00019,0.00019,0,0.00722,0.00266,-8e-05,0.00018,3e-05,0.00033,-1e-05,0.00571,0.00043,-0.00058,-0.00258,0.00017,3e-05,-6e-05,0.00048,0.00043,-6e-05,0.00017,-3e-05,-0,-0,-0.01044,0.00079,0.00025,0.00035,0.00187,-0.00016,-0.00026
90.42,-0.00115,-0.00051,-0.00067,0.00014,0.0002,-0,0.00528,0.00296,-0.00167,0.00046,2e-05,0.00019,-0,0.00489,0.00039,-0.00084,-0.00194,0.0001,3e-05,-4e-05,0.00076,0.00037,-1e-05,0.00016,-3e-05,-0,-0,-0.01212,0.00068,0.00014,-0.00042,0.00171,-0.00013,-0.00022
90.44,-0.00119,-0.00045,-0.00068,7e-05,0.0002,0,0.00418,0.0029,-0.00226,0.00051,1e-05,9e-05,0,0.0044,0.00029,-0.00103,-0.00128,1e-05,3e-05,-0,0.00096,0.0003,4e-05,0.00014,-3e-05,-0,0,-0.01327,0.00057,3e-05,-0.00097,0.00152,-0.0001,-0.00018
90.46,-0.00125,-0.00037,-0.00062,-1e-05,0.00019,-0,0.00352,0.00262,-0.00232,0.00046,-0,1e-05,1e-05,0.00417,0.00017,-0.00111,-0.00068,-6e-05,1e-05,3e-05,0.00111,0.00021,9e-05,0.00012,-2e-05,0,0,-0.014,0.00044,-5e-05,-0.00129,0.00132,-7e-05,-0.00013
90.48,-0.0013,-0.00027,-0.0005,-0.0001,0.00016,-0,0.003,0.00219,-0.00198,0.00034,1e-05,-4e-05,0,0.00409,4e-05,-0.00115,-0.00014,-0.0001,-1e-05,6e-05,0.0012,0.00012,0.00012,0.0001,-2e-05,0,0,-0.0143,0.00032,-0.00012,-0.00143,0.00112,-5e-05,-9e-05
90.5,-0.00131,-0.00015,-0.00035,-0.00019,0.00014,-0,0.00245,0.0016,-0.00145,0.00014,3e-05,-8e-05,-0,0.00399,-7e-05,-0.00104,0.0001,-5e-05,-4e-05,7e-05,0.0012,3e-05,0.00015,7e-05,-2e-05,0,0,-0.01404,0.0002,-0.00016,-0.00146,0.00093,-3e-05,-6e-05
90.52,-0.00125,-3e-05,-0.00018,-0.00026,0.00011,0,0.00185,0.00094,-0.00086,0,7e-05,-6e-05,2e-05,0.00373,-0.0001,-0.00068,-3e-05,0.00025,-5e-05,5e-05,0.0011,-5e-05,0.00016,6e-05,-1e-05,0,0,-0.01318,9e-05,-0.00018,-0.00146,0.00075,-1e-05,-3e-05
90.54,-0.00119,7e-05,-4e-05,-0.00032,9e-05,-0,0.00134,0.00042,-0.00041,6e-05,0.00011,-1e-05,6e-05,0.00333,-9e-05,-0.00033,-7e-05,0.0006,-4e-05,4e-05,0.00097,-0.0001,0.00015,5e-05,-1e-05,0,0,-0.01207,-1e-05,-0.00018,-0.00149,0.0006,0,-1e-05
90.56,-0.00115,0.00015,9e-05,-0.00035,6e-05,-0,0.00103,2e-05,-0.00017,0.00022,0.00013,5e-05,9e-05,0.00289,-5e-05,-0.00012,6e-05,0.00077,-3e-05,3e-05,0.00087,-0.00014,0.00014,5e-05,-1e-05,0,0,-0.01096,-9e-05,-0.00016,-0.00161,0.00046,1e-05,0
90.58,-0.00112,0.00021,0.00019,-0.00037,5e-05,-0,0.00096,-0.00031,-5e-05,0.00041,0.00012,0.00011,0.0001,0.00244,-1e-05,-1e-05,0.00029,0.00081,-2e-05,2e-05,0.00077,-0.00015,0.00011,6e-05,-1e-05,0,0,-0.00988,-0.00014,-0.00011,-0.00182,0.00034,1e-05,1e-05
90.6,-0.00111,0.00025,0.00027,-0.00036,4e-05,0,0.00106,-0.00058,-2e-05,0.00052,8e-05,0.00012,9e-05,0.002,0,1e-05,0.00054,0.00067,-1e-05,1e-05,0.00069,-0.00014,8e-05,7e-05,-0,0,0,-0.00883,-0.00017,-5e-05,-0.00216,0.00025,1e-05,1e-05
90.62,-0.00109,0.00027,0.00032,-0.00034,3e-05,-0,0.00126,-0.00078,2e-05,0.0005,5e-05,6e-05,6e-05,0.00159,-1e-05,-1e-05,0.00071,0.00035,-2e-05,1e-05,0.00063,-0.00011,5e-05,0.0001,-0,-0,-0,-0.0078,-0.00018,2e-05,-0.00263,0.00017,1e-05,0
90.64,-0.00104,0.00028,0.00035,-0.00032,2e-05,-0,0.00145,-0.00088,0.00012,0.00041,1e-05,-0,3e-05,0.00125,-2e-05,-1e-05,0.00078,0.00012,-2e-05,0,0.00057,-7e-05,2e-05,0.00013,-0,-0,-0,-0.00684,-0.00015,9e-05,-0.0032,0.00011,-0,-1e-05
90.66,-0.00096,0.00027,0.00035,-0.0003,2e-05,-0,0.00155,-0.0009,0.00024,0.00031,-2e-05,-1e-05,1e-05,0.00098,-1e-05,-3e-05,0.00075,2e-05,-2e-05,0,0.00049,-2e-05,-1e-05,0.00016,0,0,0,-0.00595,-8e-05,0.00016,-0.00381,6e-05,-1e-05,-2e-05
90.68,-0.00083,0.00027,0.00034,-0.00027,2e-05,0,0.00152,-0.00085,0.00036,0.00022,-3e-05,3e-05,-0,0.00073,-0,-0.00011,0.00066,-0,-4e-05,0,0.0004,3e-05,-3e-05,0.00019,0,0,0,-0.00505,2e-05,0.00023,-0.00438,2e-05,-2e-05,-2e-05
90.7,-0.00065,0.00025,0.00031,-0.00024,2e-05,-0,0.00131,-0.00077,0.00044,0.00015,7e-05,9e-05,-1e-05,0.00047,0,-0.00024,0.00055,1e-05,-6e-05,1e-05,0.0003,8e-05,-4e-05,0.00021,0,0,0,-0.00404,0.00014,0.00028,-0.00488,-4e-05,-2e-05,-3e-05
90.72,-0.00041,0.00022,0.00027,-0.0002,2e-05,-0,0.00093,-0.00068,0.00038,0.00012,0.00064,0.00017,-1e-05,0.00019,0,-0.00022,0.00046,2e-05,-5e-05,1e-05,0.00018,0.00013,-6e-05,0.00024,1e-05,0,0,-0.00282,0.00025,0.00033,-0.00529,-0.0001,-2e-05,-3e-05
90.74,-0.00013,0.00019,0.00024,-0.00013,1e-05,-0,0.00039,-0.00062,0.00028,0.00012,0.00129,0.00021,-1e-05,-0.00015,1e-05,-0.00013,0.0004,3e-05,-3e-05,1e-05,4e-05,0.00017,-6e-05,0.00026,1e-05,0,0,-0.00136,0.00032,0.00036,-0.00545,-0.00019,-2e-05,-3e-05
90.76,0.00017,0.00015,0.00021,-4e-05,1e-05,0,-0.00029,-0.0006,0.00016,0.00014,0.00157,0.00021,-0,-0.00055,2e-05,-7e-05,0.00038,3e-05,-1e-05,2e-05,-0.0001,0.00021,-6e-05,0.00025,1e-05,0,0,0.00039,0.00037,0.00036,-0.00524,-0.0003,-1e-05,-1e-05
90.78,0.00051,0.00012,0.0002,7e-05,1e-05,0,-0.00105,-0.00063,4e-05,0.00016,0.00158,0.00017,-0,-0.001,2e-05,-2e-05,0.0004,3e-05,1e-05,2e-05,-0.00024,0.00023,-6e-05,0.00023,1e-05,0,0,0.0024,0.00039,0.00032,-0.0046,-0.00043,1e-05,1e-05
90.8,0.00086,9e-05,0.00019,0.00021,1e-05,0,-0.00188,-0.00068,-8e-05,0.00018,0.00124,0.00012,0,-0.0015,-1e-05,-0,0.00045,2e-05,1e-05,1e-05,-0.00038,0.00023,-5e-05,0.00017,1e-05,0,0,0.00456,0.00038,0.00025,-0.00354,-0.00058,2e-05,4e-05
90.82,0.00121,6e-05,0.00017,0.00036,2e-05,0,-0.00269,-0.00076,-0.00013,0.00027,0.00062,6e-05,0,-0.00199,-5e-05,-0,0.00052,2e-05,1e-05,1e-05,-0.0005,0.00022,-3e-05,9e-05,1e-05,1e-05,0,0.00665,0.00036,0.00015,-0.00207,-0.00072,5e-05,8e-05
90.84,0.00155,5e-05,0.00016,0.00051,2e-05,0,-0.00344,-0.00085,-0.00013,0.00041,0.00017,2e-05,0,-0.00244,-9e-05,4e-05,0.00061,1e-05,0,0,-0.0006,0.00018,-1e-05,-1e-05,1e-05,1e-05,0,0.0085,0.00033,1e-05,-0.00019,-0.00087,7e-05,0.00012
90.86,0.00187,3e-05,0.00014,0.00066,2e-05,0,-0.00412,-0.00097,-9e-05,0.00056,-3e-05,-1e-05,-0,-0.00288,-0.00013,0.00011,0.00069,1e-05,-0,-1e-05,-0.00068,0.00013,2e-05,-0.00014,1e-05,1e-05,0,0.01008,0.00029,-0.00015,0.00201,-0.001,0.0001,0.00016
90.88,0.0022,3e-05,0.00013,0.0008,2e-05,0,-0.00472,-0.00116,-4e-05,0.00072,-3e-05,-1e-05,-1e-05,-0.00333,-0.00016,0.00019,0.00078,1e-05,-0,-1e-05,-0.00077,6e-05,5e-05,-0.00028,1e-05,1e-05,0,0.01129,0.00024,-0.00032,0.0044,-0.00112,0.00013,0.00021
90.9,0.00249,2e-05,0.00011,0.0009,2e-05,0,-0.00522,-0.00133,1e-05,0.00095,9e-05,0,-2e-05,-0.00377,-0.00019,0.00025,0.00087,1e-05,-0,-2e-05,-0.00082,-2e-05,9e-05,-0.00043,1e-05,1e-05,0,0.01196,0.0002,-0.00047,0.0067,-0.00122,0.00015,0.00025
90.92,0.00269,2e-05,9e-05,0.00095,2e-05,0,-0.00566,-0.00128,5e-05,0.00136,0.00023,2e-05,-3e-05,-0.00417,-0.00022,0.00028,0.00096,0,-0,-2e-05,-0.00075,-9e-05,0.00012,-0.00054,1e-05,1e-05,0,0.01191,0.00016,-0.00061,0.00846,-0.00133,0.00017,0.00028
90.94,0.0028,3e-05,5e-05,0.00093,1e-05,-0,-0.00622,-0.00104,7e-05,0.00179,0.00038,3e-05,-4e-05,-0.00457,-0.00024,0.00027,0.00104,1e-05,-0,-2e-05,-0.00062,-0.00015,0.00015,-0.00061,1e-05,1e-05,0,0.01123,0.00014,-0.0007,0.00952,-0.00144,0.00019,0.00031
90.96,0.00288,4e-05,1e-05,0.00088,0,-0,-0.00704,-0.00073,6e-05,0.00212,0.00049,4e-05,-4e-05,-0.00504,-0.00025,0.00023,0.0011,1e-05,-0,-1e-05,-0.00049,-0.00018,0.00016,-0.00064,1e-05,1e-05,0,0.01013,0.00014,-0.00072,0.00986,-0.00153,0.0002,0.00032
90.98,0.00291,6e-05,-3e-05,0.00079,-0,-0,-0.00819,-0.00033,0,0.00232,0.00056,3e-05,-4e-05,-0.00558,-0.00025,0.00016,0.00112,1e-05,-0,-1e-05,-0.00033,-0.00019,0.00017,-0.00064,1e-05,1e-05,0,0.00876,0.00015,-0.00068,0.00941,-0.00163,0.0002,0.00033
91,0.00279,8e-05,-6e-05,0.00067,-1e-05,-0,-0.00939,-0,-5e-05,0.00233,0.00059,2e-05,-3e-05,-0.00608,-0.00025,8e-05,0.00108,1e-05,-0,-0,-0.00016,-0.00018,0.00016,-0.0006,1e-05,1e-05,0,0.00724,0.00017,-0.00058,0.00838,-0.00171,0.0002,0.00034
91.02,0.00243,0.0001,-8e-05,0.00053,-2e-05,-0,-0.01008,0.00018,-4e-05,0.00212,0.00059,0,-3e-05,-0.00636,-0.00022,0,0.00096,1e-05,-0,-0,3e-05,-0.00014,0.00015,-0.00056,2e-05,1e-05,0,0.00574,0.0002,-0.00045,0.00701,-0.00177,0.00019,0.00034
91.04,0.00189,0.00012,-9e-05,0.00039,-3e-05,-0,-0.0103,0.00026,7e-05,0.00175,0.00055,-1e-05,-2e-05,-0.00643,-0.00018,-6e-05,0.00078,1e-05,-0,-0,0.00022,-9e-05,0.00012,-0.00049,2e-05,1e-05,0,0.00443,0.00021,-0.00032,0.00522,-0.00181,0.00019,0.00033
91.06,0.00127,0.00015,-0.0001,0.00027,-3e-05,-0,-0.0102,0.00026,0.00024,0.00126,0.00045,-2e-05,-2e-05,-0.00638,-0.00013,-0.0001,0.00055,1e-05,-0,0,0.00039,-2e-05,9e-05,-0.0004,2e-05,1e-05,0,0.0034,0.00022,-0.00021,0.00309,-0.00182,0.00018,0.00033
91.08,0.00059,0.00018,-0.0001,0.00016,-3e-05,-0,-0.00967,0.00019,0.00047,0.00069,0.00034,-3e-05,-1e-05,-0.00615,-8e-05,-0.00012,0.00028,1e-05,-0,0,0.00056,4e-05,5e-05,-0.0003,2e-05,1e-05,0,0.00262,0.00021,-0.00012,0.00079,-0.00181,0.00017,0.00032
91.1,-2e-05,0.00021,-0.0001,8e-05,-3e-05,-0,-0.00876,5e-05,0.0007,9e-05,0.00021,-2e-05,-1e-05,-0.00575,-4e-05,-0.00014,-0,1e-05,-0,0,0.00068,8e-05,3e-05,-0.00019,2e-05,1e-05,0,0.00207,0.00019,-7e-05,-0.00146,-0.00176,0.00017,0.0003
91.12,-0.00045,0.00022,-0.0001,2e-05,-3e-05,-0,-0.0077,-0.00011,0.00086,-0.00047,8e-05,-2e-05,-0,-0.00528,-0,-0.00012,-0.00027,1e-05,0,0,0.00074,0.0001,1e-05,-8e-05,2e-05,1e-05,0,0.00167,0.00016,-4e-05,-0.00353,-0.00167,0.00016,0.00029
91.14,-0.00078,0.00022,-0.0001,-2e-05,-2e-05,-0,-0.00655,-0.00021,0.00095,-0.00093,1e-05,-1e-05,-0,-0.00476,2e-05,-9e-05,-0.00049,1e-05,0,1e-05,0.00078,7e-05,1e-05,2e-05,2e-05,1e-05,0,0.00138,0.00012,-3e-05,-0.00526,-0.00155,0.00015,0.00027
91.16,-0.00102,0.00021,-9e-05,-6e-05,-2e-05,-0,-0.00539,-0.00026,0.001,-0.00129,-0,0,-0,-0.00423,5e-05,-8e-05,-0.00066,1e-05,0,1e-05,0.0008,1e-05,2e-05,0.00011,2e-05,1e-05,0,0.00115,7e-05,-5e-05,-0.00648,-0.0014,0.00013,0.00025
91.18,-0.00118,0.00019,-9e-05,-0.0001,-1e-05,-0,-0.00422,-0.00026,0.00099,-0.00152,1e-05,1e-05,-0,-0.00369,7e-05,-6e-05,-0.0008,1e-05,0,1e-05,0.00082,-8e-05,4e-05,0.00019,2e-05,1e-05,0,0.00091,1e-05,-7e-05,-0.0072,-0.00123,0.00012,0.00023
91.2,-0.00122,0.00017,-9e-05,-0.00013,-1e-05,-0,-0.00323,-0.00019,0.00095,-0.00166,4e-05,2e-05,-0,-0.00317,8e-05,-5e-05,-0.00091,1e-05,0,1e-05,0.00081,-0.00017,7e-05,0.00025,1e-05,1e-05,0,0.0007,-4e-05,-8e-05,-0.00741,-0.00105,0.00011,0.0002
91.22,-0.00112,0.00013,-8e-05,-0.00016,-0,0,-0.00256,-2e-05,0.00089,-0.00177,7e-05,3e-05,-0,-0.00269,9e-05,-3e-05,-0.00102,1e-05,1e-05,1e-05,0.00076,-0.00027,0.0001,0.00028,1e-05,1e-05,0,0.00059,-9e-05,-9e-05,-0.00714,-0.00089,9e-05,0.00018
91.24,-0.001,8e-05,-8e-05,-0.00017,-0,0,-0.00205,0.0002,0.00079,-0.00184,9e-05,3e-05,-0,-0.00223,9e-05,-3e-05,-0.00113,1e-05,1e-05,2e-05,0.00068,-0.00033,0.00012,0.0003,0,1e-05,0,0.00049,-0.00012,-8e-05,-0.00667,-0.00074,8e-05,0.00015
91.26,-0.0009,4e-05,-8e-05,-0.00017,-0,0,-0.00159,0.00042,0.00066,-0.00184,0.0001,4e-05,-0,-0.00177,0.0001,-3e-05,-0.00124,1e-05,1e-05,2e-05,0.00058,-0.00037,0.00013,0.0003,0,1e-05,0,0.00037,-0.00014,-6e-05,-0.00621,-0.00061,7e-05,0.00012
91.28,-0.00084,-0,-8e-05,-0.00016,-0,0,-0.00116,0.00063,0.00051,-0.00179,0.0001,4e-05,-0,-0.0013,0.0001,-4e-05,-0.00136,1e-05,1e-05,2e-05,0.00047,-0.00037,0.00013,0.0003,0,1e-05,0,0.00025,-0.00015,-2e-05,-0.00578,-0.00051,6e-05,0.0001
91.3,-0.00078,-3e-05,-7e-05,-0.00013,-1e-05,0,-0.00085,0.00078,0.00037,-0.00172,0.0001,4e-05,-0,-0.00088,0.00011,-5e-05,-0.00146,1e-05,2e-05,1e-05,0.00034,-0.00035,0.00012,0.00028,0,1e-05,0,0.00014,-0.00017,2e-05,-0.0054,-0.00042,4e-05,7e-05
91.32,-0.0007,-5e-05,-7e-05,-9e-05,-1e-05,0,-0.00068,0.00085,0.00026,-0.00163,9e-05,4e-05,-0,-0.00059,0.00011,-6e-05,-0.00152,1e-05,2e-05,1e-05,0.00022,-0.00031,0.0001,0.00027,0,0,0,7e-05,-0.00019,4e-05,-0.00503,-0.00035,3e-05,5e-05
91.34,-0.0006,-6e-05,-6e-05,-4e-05,-1e-05,0,-0.00055,0.00086,0.00017,-0.00153,7e-05,4e-05,-0,-0.00036,0.00012,-8e-05,-0.00155,1e-05,1e-05,0,0.00012,-0.00026,7e-05,0.00024,0,0,0,2e-05,-0.00023,4e-05,-0.00463,-0.0003,3e-05,4e-05
91.36,-0.00048,-6e-05,-6e-05,0,-1e-05,0,-0.0004,0.00082,0.0001,-0.0014,5e-05,4e-05,0,-0.00014,0.00013,-9e-05,-0.00153,1e-05,1e-05,-0,5e-05,-0.00021,4e-05,0.00021,0,0,0,0,-0.00029,3e-05,-0.00414,-0.00025,2e-05,3e-05
91.38,-0.00033,-5e-05,-5e-05,4e-05,-1e-05,0,-0.00026,0.00074,5e-05,-0.00123,4e-05,4e-05,0,4e-05,0.00015,-0.0001,-0.00146,0,1e-05,-1e-05,1e-05,-0.00017,1e-05,0.00018,0,0,-0,-0,-0.00038,-1e-05,-0.00359,-0.0002,2e-05,2e-05
91.4,-0.00017,-4e-05,-4e-05,7e-05,-1e-05,0,-0.00014,0.00061,3e-05,-0.00105,2e-05,3e-05,0,0.00012,0.00016,-0.00011,-0.00133,0,1e-05,-2e-05,-2e-05,-0.00013,-1e-05,0.00015,1e-05,-0,-0,0,-0.00046,-4e-05,-0.00297,-0.00016,2e-05,2e-05
91.42,-2e-05,-2e-05,-4e-05,9e-05,-1e-05,0,-7e-05,0.00042,3e-05,-0.00083,0,3e-05,1e-05,0.00011,0.00017,-0.0001,-0.00109,0,0,-2e-05,-4e-05,-0.0001,-4e-05,0.00012,1e-05,-0,-0,0,-0.00054,-8e-05,-0.00233,-0.00012,1e-05,2e-05
91.44,8e-05,-1e-05,-3e-05,0.0001,-1e-05,0,-2e-05,0.00025,3e-05,-0.0006,-0,2e-05,2e-05,7e-05,0.00018,-9e-05,-0.00077,0,0,-0,-6e-05,-8e-05,-5e-05,9e-05,1e-05,-0,-0,0,-0.00058,-9e-05,-0.00174,-7e-05,1e-05,1e-05
91.46,0.00013,0,-2e-05,0.0001,-1e-05,0,1e-05,0.00013,2e-05,-0.00038,0,1e-05,4e-05,6e-05,0.00016,-7e-05,-0.00043,0,0,1e-05,-9e-05,-7e-05,-6e-05,7e-05,1e-05,-0,-0,1e-05,-0.00059,-9e-05,-0.00122,-3e-05,1e-05,0
91.48,0.00013,1e-05,-2e-05,9e-05,-1e-05,-0,1e-05,4e-05,1e-05,-0.00016,3e-05,-0,5e-05,4e-05,0.00014,-5e-05,-5e-05,0,0,3e-05,-0.00012,-6e-05,-6e-05,5e-05,1e-05,-0,-0,2e-05,-0.00056,-6e-05,-0.00079,2e-05,-0,-1e-05
91.5,9e-05,1e-05,-1e-05,7e-05,-1e-05,0,-1e-05,-3e-05,-0,-2e-05,8e-05,-1e-05,7e-05,4e-05,0.0001,-3e-05,0.00023,0,-0,5e-05,-0.00016,-6e-05,-6e-05,3e-05,1e-05,-0,-0,4e-05,-0.00049,-1e-05,-0.00045,6e-05,-1e-05,-3e-05
91.52,2e-05,1e-05,-0,6e-05,-0,0,-4e-05,-0.0001,1e-05,1e-05,0.00016,-1e-05,0.0001,3e-05,6e-05,-1e-05,0.00027,0,-0,7e-05,-0.0002,-7e-05,-5e-05,2e-05,1e-05,-0,-0,6e-05,-0.00038,6e-05,-0.00019,0.00011,-2e-05,-5e-05
91.54,-6e-05,1e-05,1e-05,5e-05,-0,0,-7e-05,-0.00017,3e-05,0,0.00027,-0,0.00013,3e-05,3e-05,-0,0.00023,-0,-0,8e-05,-0.00024,-8e-05,-4e-05,1e-05,0,-0,-0,8e-05,-0.00024,0.00015,0,0.00016,-4e-05,-7e-05
91.56,-0.00014,1e-05,1e-05,3e-05,-0,-0,-9e-05,-0.00025,7e-05,-2e-05,0.00042,2e-05,0.00013,3e-05,1e-05,-0,0.00018,-0,-0,9e-05,-0.00028,-9e-05,-3e-05,0,0,-0,-0,0.00011,-9e-05,0.00024,0.00013,0.0002,-5e-05,-0.0001
91.58,-0.0002,1e-05,1e-05,2e-05,-0,0,-0.00012,-0.00032,0.00011,-6e-05,0.00056,4e-05,0.00011,3e-05,0,-0,0.00012,-0,-0,8e-05,-0.00031,-0.0001,-2e-05,-0,0,-0,-0,0.00013,6e-05,0.00034,0.00022,0.00024,-7e-05,-0.00012
91.6,-0.00025,1e-05,1e-05,2e-05,-0,0,-0.00013,-0.00038,0.00015,-0.0001,0.00071,6e-05,6e-05,3e-05,-0,-0,1e-05,0,-0,7e-05,-0.00033,-0.00011,-1e-05,-1e-05,0,-0,-0,0.00015,0.00018,0.00041,0.00029,0.00026,-8e-05,-0.00014
91.62,-0.00028,1e-05,0,1e-05,0,0,-0.00015,-0.0004,0.00017,-0.00011,0.0009,8e-05,1e-05,2e-05,-1e-05,1e-05,-0.0001,0,-0,4e-05,-0.00033,-0.00011,0,-1e-05,0,-0,-0,0.00016,0.00026,0.00045,0.00034,0.00027,-9e-05,-0.00014
91.64,-0.00028,1e-05,-0,1e-05,0,-0,-0.00016,-0.00039,0.00017,-9e-05,0.00103,8e-05,-3e-05,-1e-05,-3e-05,3e-05,-0.00016,0,0,1e-05,-0.00032,-0.00011,1e-05,-1e-05,0,-0,-0,0.00015,0.00028,0.00044,0.00039,0.00026,-9e-05,-0.00014
91.66,-0.00026,1e-05,-0,1e-05,0,0,-0.00018,-0.00035,0.00016,-6e-05,0.001,7e-05,-5e-05,-5e-05,-4e-05,6e-05,-0.0002,0,0,-1e-05,-0.0003,-0.00011,1e-05,-1e-05,0,-0,-0,0.00014,0.00023,0.00038,0.00044,0.00024,-8e-05,-0.00013
91.68,-0.00023,1e-05,-1e-05,2e-05,1e-05,0,-0.0002,-0.00029,0.00013,-3e-05,0.00088,6e-05,-5e-05,-0.00012,-6e-05,8e-05,-0.00023,0,0,-2e-05,-0.00027,-0.0001,1e-05,-1e-05,0,-0,-0,0.00012,0.00013,0.00029,0.0005,0.0002,-7e-05,-0.0001
91.7,-0.00018,1e-05,-1e-05,2e-05,1e-05,0,-0.00023,-0.00022,0.0001,-1e-05,0.00065,4e-05,-5e-05,-0.0002,-7e-05,0.0001,-0.00023,0,0,-3e-05,-0.00023,-8e-05,1e-05,-2e-05,-0,-0,-0,0.0001,-0,0.00016,0.00055,0.00015,-5e-05,-6e-05
91.72,-0.00014,1e-05,-1e-05,3e-05,1e-05,-0,-0.00025,-0.00015,6e-05,-0,0.00035,2e-05,-5e-05,-0.00029,-7e-05,0.00011,-0.00022,0,0,-4e-05,-0.00019,-7e-05,0,-2e-05,-0,-0,-0,7e-05,-0.00016,2e-05,0.00059,0.0001,-3e-05,-2e-05
91.74,-0.00011,1e-05,-1e-05,4e-05,1e-05,0,-0.00027,-9e-05,3e-05,0,0.00011,1e-05,-4e-05,-0.00037,-7e-05,0.0001,-0.00019,0,0,-4e-05,-0.00015,-5e-05,-0,-2e-05,-0,-0,-0,5e-05,-0.0003,-0.0001,0.00062,5e-05,-1e-05,1e-05
91.76,-0.0001,0,-0,5e-05,1e-05,0,-0.00029,-3e-05,2e-05,0,-2e-05,0,-3e-05,-0.00046,-6e-05,9e-05,-0.00016,0,0,-4e-05,-0.00011,-4e-05,-1e-05,-1e-05,-0,-0,-0,4e-05,-0.00042,-0.0002,0.00062,0,1e-05,5e-05
91.78,-0.0001,0,0,5e-05,1e-05,0,-0.0003,1e-05,1e-05,1e-05,-8e-05,-0,-2e-05,-0.00054,-5e-05,8e-05,-0.00014,0,0,-3e-05,-8e-05,-2e-05,-2e-05,-1e-05,-0,-0,-0,2e-05,-0.00052,-0.00028,0.0006,-4e-05,3e-05,7e-05
91.8,-0.00013,0,0,6e-05,1e-05,-0,-0.00031,5e-05,0,1e-05,-9e-05,-0,-1e-05,-0.00062,-3e-05,7e-05,-0.00011,0,-0,-3e-05,-5e-05,-1e-05,-2e-05,-1e-05,-0,-0,-0,1e-05,-0.00057,-0.00033,0.00056,-7e-05,4e-05,9e-05
91.82,-0.00016,0,1e-05,7e-05,1e-05,0,-0.00031,7e-05,0,0,-9e-05,0,-0,-0.00066,-3e-05,6e-05,-0.0001,0,-0,-2e-05,-2e-05,-0,-3e-05,-0,-0,-0,0,1e-05,-0.0006,-0.00035,0.00051,-9e-05,5e-05,0.0001
91.84,-0.0002,0,1e-05,7e-05,1e-05,0,-0.00029,9e-05,0,0,-9e-05,0,1e-05,-0.00068,-2e-05,5e-05,-9e-05,0,-0,-2e-05,-0,-0,-3e-05,0,-0,-0,0,0,-0.0006,-0.00035,0.00044,-0.0001,5e-05,0.0001
91.86,-0.00024,0,1e-05,7e-05,1e-05,0,-0.00027,0.0001,0,0,-8e-05,-0,1e-05,-0.00069,-2e-05,4e-05,-8e-05,0,-0,-2e-05,1e-05,-1e-05,-3e-05,0,-0,-0,0,-0,-0.00057,-0.00032,0.00036,-0.0001,5e-05,9e-05
91.88,-0.00028,0,1e-05,7e-05,1e-05,-0,-0.00024,0.0001,0,0,-7e-05,-0,2e-05,-0.00067,-1e-05,3e-05,-6e-05,0,-0,-1e-05,2e-05,-3e-05,-3e-05,0,-0,-0,0,-0,-0.00052,-0.00028,0.00028,-9e-05,5e-05,8e-05
91.9,-0.00032,0,1e-05,7e-05,1e-05,0,-0.00021,0.0001,0,0,-7e-05,-0,2e-05,-0.00064,-1e-05,3e-05,-5e-05,0,-0,-1e-05,3e-05,-4e-05,-3e-05,1e-05,-0,-0,-0,-0,-0.00046,-0.00022,0.0002,-7e-05,4e-05,6e-05
91.92,-0.00035,1e-05,1e-05,7e-05,1e-05,0,-0.00018,9e-05,1e-05,0,-6e-05,-0,3e-05,-0.0006,-1e-05,3e-05,-4e-05,0,0,-1e-05,3e-05,-6e-05,-2e-05,1e-05,-0,-0,-0,-0,-0.00039,-0.00015,0.00012,-5e-05,3e-05,4e-05
91.94,-0.00037,1e-05,1e-05,7e-05,1e-05,0,-0.00015,8e-05,1e-05,0,-6e-05,-0,3e-05,-0.00055,-1e-05,2e-05,-3e-05,0,0,-1e-05,2e-05,-8e-05,-2e-05,1e-05,-0,-0,-0,-1e-05,-0.00032,-9e-05,4e-05,-3e-05,2e-05,1e-05
91.96,-0.00038,1e-05,1e-05,6e-05,0,-0,-0.00012,8e-05,1e-05,0,-6e-05,-0,3e-05,-0.00048,-0,2e-05,-2e-05,0,0,-0,2e-05,-9e-05,-1e-05,0,-0,-0,-0,-1e-05,-0.00025,-3e-05,-2e-05,-0,1e-05,-1e-05
91.98,-0.00037,1e-05,1e-05,6e-05,0,0,-9e-05,7e-05,1e-05,0,-5e-05,-0,3e-05,-0.0004,-0,2e-05,-0,0,0,-0,1e-05,-0.0001,-0,0,-0,-0,-0,-1e-05,-0.00019,3e-05,-8e-05,2e-05,-0,-3e-05
92,-0.00035,1e-05,0,5e-05,0,0,-6e-05,6e-05,1e-05,-0,-5e-05,-0,3e-05,-0.00032,-0,2e-05,1e-05,0,0,-0,-1e-05,-0.0001,0,-0,-0,-0,-0,-1e-05,-0.00013,7e-05,-0.00013,5e-05,-2e-05,-5e-05
92.02,-0.00032,1e-05,0,4e-05,0,0,-4e-05,6e-05,1e-05,-0,-4e-05,-0,3e-05,-0.00025,-0,2e-05,1e-05,0,0,-0,-2e-05,-0.00011,1e-05,-1e-05,-0,-0,-0,-1e-05,-9e-05,0.00011,-0.00015,7e-05,-3e-05,-7e-05
92.04,-0.00027,2e-05,0,4e-05,0,-0,-2e-05,6e-05,0,-1e-05,-4e-05,-0,3e-05,-0.00018,-0,2e-05,2e-05,0,0,0,-3e-05,-0.00011,1e-05,-1e-05,-0,-0,-0,-1e-05,-7e-05,0.00013,-0.00016,8e-05,-3e-05,-8e-05
92.06,-0.00021,2e-05,-0,3e-05,0,0,-1e-05,6e-05,0,-1e-05,-4e-05,-0,3e-05,-0.00012,-0,2e-05,2e-05,0,0,0,-4e-05,-0.0001,1e-05,-1e-05,0,-0,-0,-1e-05,-7e-05,0.00013,-0.00016,9e-05,-4e-05,-8e-05
92.08,-0.00015,2e-05,-0,3e-05,0,0,0,5e-05,0,-1e-05,-4e-05,-0,3e-05,-6e-05,-0,1e-05,2e-05,-0,0,0,-5e-05,-0.0001,1e-05,-2e-05,0,-0,-0,-1e-05,-0.0001,0.00012,-0.00014,9e-05,-4e-05,-8e-05
92.1,-7e-05,2e-05,-0,2e-05,0,0,1e-05,6e-05,0,-2e-05,-3e-05,-0,3e-05,-1e-05,0,1e-05,1e-05,-0,0,1e-05,-6e-05,-9e-05,1e-05,-2e-05,0,-0,-0,-1e-05,-0.00015,9e-05,-0.0001,9e-05,-4e-05,-8e-05
92.12,-0,1e-05,-0,2e-05,0,-0,2e-05,6e-05,-0,-2e-05,-3e-05,-0,4e-05,4e-05,0,1e-05,0,-0,0,1e-05,-7e-05,-8e-05,0,-2e-05,0,-0,-0,-1e-05,-0.00022,5e-05,-6e-05,8e-05,-4e-05,-7e-05
92.14,7e-05,1e-05,-0,1e-05,0,0,2e-05,6e-05,-0,-2e-05,-2e-05,-0,4e-05,8e-05,0,1e-05,-1e-05,0,0,1e-05,-7e-05,-7e-05,-1e-05,-2e-05,0,-0,-0,-1e-05,-0.00032,-1e-05,-2e-05,6e-05,-3e-05,-5e-05
92.16,0.00013,1e-05,-0,1e-05,0,0,3e-05,6e-05,-0,-2e-05,-1e-05,0,4e-05,0.00011,0,1e-05,-2e-05,0,0,1e-05,-8e-05,-5e-05,-2e-05,-2e-05,0,-0,-0,-1e-05,-0.00044,-9e-05,1e-05,4e-05,-2e-05,-3e-05
92.18,0.00018,1e-05,-0,1e-05,0,0,3e-05,6e-05,-0,-2e-05,1e-05,0,4e-05,0.00013,1e-05,1e-05,-3e-05,0,0,1e-05,-8e-05,-3e-05,-4e-05,-3e-05,0,-0,-0,-0,-0.00055,-0.00016,5e-05,1e-05,-1e-05,-0
92.2,0.00022,1e-05,-0,0,0,-0,3e-05,5e-05,-0,-2e-05,4e-05,0,3e-05,0.00015,1e-05,1e-05,-4e-05,0,-0,2e-05,-8e-05,-1e-05,-5e-05,-3e-05,0,-0,-0,0,-0.00065,-0.00023,7e-05,-2e-05,-0,2e-05
92.22,0.00026,1e-05,-0,-0,0,0,3e-05,5e-05,-0,-2e-05,0.0001,0,2e-05,0.00016,1e-05,1e-05,-5e-05,0,-0,2e-05,-8e-05,1e-05,-6e-05,-2e-05,0,-0,-0,0,-0.00072,-0.00027,9e-05,-4e-05,1e-05,4e-05
92.24,0.00029,1e-05,-0,-0,0,0,3e-05,4e-05,0,-3e-05,0.00017,-0,1e-05,0.00017,1e-05,0,-5e-05,0,-0,2e-05,-8e-05,2e-05,-7e-05,-2e-05,0,-0,-0,1e-05,-0.00074,-0.00029,0.0001,-6e-05,2e-05,5e-05
92.26,0.00033,1e-05,-0,-1e-05,1e-05,0,2e-05,3e-05,1e-05,-3e-05,0.00028,0,0,0.00017,1e-05,0,-6e-05,0,0,2e-05,-7e-05,3e-05,-7e-05,-2e-05,0,-0,-0,1e-05,-0.0007,-0.00027,0.0001,-6e-05,2e-05,5e-05
92.28,0.00036,1e-05,0,-1e-05,1e-05,0,2e-05,2e-05,1e-05,-3e-05,0.00039,0,-1e-05,0.00017,0,0,-6e-05,-0,-0,2e-05,-7e-05,4e-05,-7e-05,-2e-05,0,-0,-0,1e-05,-0.00062,-0.00022,0.0001,-6e-05,2e-05,4e-05
92.3,0.00039,1e-05,0,-2e-05,1e-05,0,1e-05,1e-05,2e-05,-4e-05,0.00053,0,-3e-05,0.00016,-0,-0,-6e-05,0,-0,2e-05,-6e-05,4e-05,-6e-05,-2e-05,0,-0,-0,0,-0.00049,-0.00016,0.00011,-5e-05,2e-05,3e-05
92.32,0.00043,2e-05,0,-2e-05,1e-05,0,1e-05,0,3e-05,-4e-05,0.00069,1e-05,-4e-05,0.00016,-1e-05,0,-6e-05,0,-0,2e-05,-4e-05,3e-05,-5e-05,-3e-05,0,-0,-0,0,-0.00036,-0.0001,0.00012,-3e-05,1e-05,1e-05
92.34,0.00048,2e-05,1e-05,-3e-05,0,0,1e-05,-1e-05,4e-05,-4e-05,0.00084,1e-05,-5e-05,0.00014,-2e-05,1e-05,-6e-05,0,-0,2e-05,-3e-05,2e-05,-4e-05,-3e-05,0,-0,-0,0,-0.00024,-4e-05,0.00016,-0,1e-05,0
92.36,0.00052,3e-05,1e-05,-3e-05,0,0,0,-1e-05,6e-05,-3e-05,0.00088,1e-05,-6e-05,0.00013,-3e-05,3e-05,-4e-05,1e-05,-0,1e-05,-1e-05,1e-05,-2e-05,-3e-05,0,-0,-0,-0,-0.00015,1e-05,0.00022,3e-05,0,-1e-05
92.38,0.00057,5e-05,1e-05,-3e-05,0,0,0,0,8e-05,-2e-05,0.00085,2e-05,-6e-05,0.00012,-3e-05,6e-05,-3e-05,1e-05,-0,1e-05,0,-0,-1e-05,-4e-05,0,-0,-0,-0,-0.0001,4e-05,0.00033,8e-05,0,-1e-05
92.4,0.00062,7e-05,1e-05,-4e-05,-0,0,0,3e-05,0.00011,-1e-05,0.00073,3e-05,-7e-05,0.00012,-2e-05,0.00012,-0,2e-05,-0,0,2e-05,-2e-05,1e-05,-5e-05,-0,-0,-0,-0,-8e-05,4e-05,0.0005,0.00013,0,-1e-05
92.42,0.00065,8e-05,1e-05,-4e-05,-1e-05,0,0,8e-05,0.00015,1e-05,0.00051,4e-05,-8e-05,0.00011,2e-05,0.00021,3e-05,4e-05,-0,-1e-05,3e-05,-3e-05,2e-05,-7e-05,-0,-0,-0,-0,-0.00011,3e-05,0.00073,0.0002,1e-05,-1e-05
92.44,0.00066,0.0001,1e-05,-4e-05,-1e-05,0,0,0.00016,0.0002,4e-05,0.00028,5e-05,-9e-05,0.0001,9e-05,0.00033,7e-05,7e-05,0,-1e-05,4e-05,-3e-05,3e-05,-0.0001,-1e-05,-0,-0,-0,-0.00016,-1e-05,0.00104,0.00027,1e-05,0
92.46,0.00065,0.00012,1e-05,-4e-05,-2e-05,0,1e-05,0.00026,0.00026,9e-05,9e-05,7e-05,-0.0001,0.0001,0.00021,0.00047,0.00012,0.00011,1e-05,-2e-05,4e-05,-3e-05,4e-05,-0.00012,-1e-05,-0,-0,-0,-0.00023,-6e-05,0.00144,0.00037,2e-05,2e-05
92.48,0.00062,0.00014,1e-05,-3e-05,-3e-05,0,1e-05,0.00037,0.00031,0.00014,-7e-05,0.0001,-0.00011,9e-05,0.00036,0.0006,0.00017,0.00014,2e-05,-4e-05,2e-05,-3e-05,5e-05,-0.00016,-1e-05,-0,-0,-0,-0.00031,-0.00012,0.00193,0.00047,4e-05,4e-05
92.5,0.00054,0.00015,1e-05,-1e-05,-4e-05,0,3e-05,0.00049,0.00037,0.00022,-0.00017,0.00013,-0.00011,9e-05,0.00056,0.00074,0.00023,0.00018,4e-05,-4e-05,-1e-05,-2e-05,7e-05,-0.00019,-2e-05,-0,-0,-0,-0.00038,-0.00019,0.00251,0.00058,5e-05,6e-05
92.52,0.00042,0.00014,1e-05,1e-05,-5e-05,0,3e-05,0.00068,0.00043,0.00042,-0.0002,0.00017,-9e-05,9e-05,0.00079,0.00087,0.00034,0.00021,6e-05,-4e-05,-6e-05,-1e-05,9e-05,-0.00023,-2e-05,-0,-0,-1e-05,-0.00042,-0.00025,0.00316,0.00069,7e-05,8e-05
92.54,0.00027,0.00013,1e-05,5e-05,-6e-05,0,4e-05,0.00085,0.00047,0.0007,-0.00018,0.00023,-5e-05,8e-05,0.001,0.00094,0.00049,0.00023,9e-05,-2e-05,-0.00012,-0,0.00011,-0.00026,-2e-05,-0,-0,-2e-05,-0.00043,-0.00029,0.00384,0.0008,8e-05,9e-05
92.56,8e-05,0.00011,0,0.0001,-6e-05,-0,5e-05,0.0009,0.00045,0.001,-0.00013,0.00027,-1e-05,6e-05,0.00112,0.00087,0.00064,0.0002,0.0001,-0,-0.00019,0,0.00013,-0.00028,-3e-05,-0,-0,-4e-05,-0.00039,-0.00031,0.00453,0.00089,9e-05,0.00011
92.58,-0.00012,8e-05,0,0.00015,-7e-05,0,5e-05,0.00078,0.00036,0.00125,-9e-05,0.00031,2e-05,3e-05,0.00104,0.00069,0.00077,0.00016,0.0001,2e-05,-0.00026,1e-05,0.00015,-0.0003,-3e-05,-0,-0,-5e-05,-0.00031,-0.00032,0.00516,0.00097,9e-05,0.00012
92.6,-0.00031,6e-05,0,0.00019,-8e-05,0,4e-05,0.00055,0.00024,0.0015,-5e-05,0.00031,3e-05,-0,0.00087,0.00048,0.00086,9e-05,8e-05,3e-05,-0.00032,2e-05,0.00016,-0.0003,-3e-05,-0,-0,-8e-05,-0.00019,-0.00029,0.00563,0.00102,0.0001,0.00012
92.62,-0.00049,4e-05,1e-05,0.00021,-9e-05,0,9e-05,0.0003,0.00011,0.00179,-5e-05,0.00026,2e-05,-4e-05,0.00084,0.00029,0.0009,3e-05,5e-05,3e-05,-0.00036,2e-05,0.00017,-0.00029,-3e-05,-0,-0,-0.0002,-5e-05,-0.00025,0.0058,0.00105,0.0001,0.00012
92.64,-0.00062,3e-05,1e-05,0.00022,-9e-05,-0,0.00016,8e-05,0,0.00193,-6e-05,0.0002,1e-05,-0.0001,0.00083,0.00014,0.00087,-0,1e-05,2e-05,-0.00037,3e-05,0.00016,-0.00027,-3e-05,-0,-0,-0.00037,9e-05,-0.00019,0.00566,0.00104,9e-05,0.00011
92.66,-0.0007,2e-05,1e-05,0.0002,-9e-05,0,0.00023,-9e-05,-5e-05,0.00183,-6e-05,0.00013,1e-05,-0.00018,0.00074,3e-05,0.00077,-1e-05,-1e-05,2e-05,-0.00036,3e-05,0.00014,-0.00024,-3e-05,-0,-0,-0.00051,0.00023,-0.00011,0.00525,0.00098,8e-05,9e-05
92.68,-0.00071,1e-05,0,0.00018,-9e-05,0,0.00028,-0.00013,-4e-05,0.00159,-7e-05,7e-05,0,-0.00028,0.00071,-1e-05,0.00064,0,-2e-05,1e-05,-0.00033,4e-05,0.00011,-0.0002,-3e-05,-0,-0,-0.00065,0.00035,-3e-05,0.00458,0.00089,6e-05,8e-05
92.7,-0.00065,-0,-1e-05,0.00014,-8e-05,0,0.00028,-0.00012,1e-05,0.00123,-8e-05,1e-05,-0,-0.00039,0.00064,-2e-05,0.00049,1e-05,-3e-05,1e-05,-0.00029,5e-05,8e-05,-0.00016,-2e-05,-0,-0,-0.00072,0.00043,6e-05,0.00379,0.00077,5e-05,6e-05
92.72,-0.00055,-1e-05,-2e-05,0.00011,-6e-05,-0,0.00021,-0.00017,8e-05,0.00084,-9e-05,-4e-05,-0,-0.00045,0.00043,0,0.00036,2e-05,-4e-05,0,-0.00024,6e-05,4e-05,-0.00012,-2e-05,-0,-0,-0.00068,0.00047,0.00012,0.00298,0.00063,3e-05,4e-05
92.74,-0.00042,-1e-05,-3e-05,9e-05,-5e-05,0,0.00011,-0.0002,0.00015,0.00052,-0.0001,-8e-05,-0,-0.00046,0.00026,5e-05,0.00025,3e-05,-4e-05,0,-0.00019,6e-05,1e-05,-8e-05,-1e-05,-0,-0,-0.00059,0.00047,0.00014,0.0022,0.00047,2e-05,4e-05
92.76,-0.00027,-1e-05,-3e-05,6e-05,-3e-05,0,1e-05,-0.00015,0.00018,0.0003,-0.00011,-0.00011,-1e-05,-0.00044,0.00019,0.0001,0.00018,4e-05,-4e-05,-0,-0.00013,7e-05,-1e-05,-4e-05,-1e-05,-0,0,-0.00049,0.00043,0.00014,0.00148,0.0003,2e-05,3e-05
92.78,-0.00013,-1e-05,-2e-05,4e-05,-1e-05,0,-8e-05,-9e-05,0.00016,0.00014,-0.00012,-0.00012,-1e-05,-0.00038,0.00016,0.00014,0.00012,4e-05,-4e-05,-0,-8e-05,7e-05,-3e-05,-2e-05,-0,-0,0,-0.00038,0.00037,0.00011,0.00085,0.00014,1e-05,3e-05
92.8,0,-0,-1e-05,2e-05,0,-0,-0.00015,-0,9e-05,4e-05,-0.00012,-0.00011,-0,-0.00031,0.00012,0.00016,9e-05,5e-05,-3e-05,-0,-3e-05,7e-05,-4e-05,1e-05,0,0,0,-0.00026,0.0003,7e-05,0.00032,-2e-05,1e-05,3e-05
92.82,0.0001,1e-05,-0,1e-05,2e-05,0,-0.00022,8e-05,-1e-05,-4e-05,-7e-05,-8e-05,0,-0.00024,6e-05,0.00017,6e-05,6e-05,-2e-05,-0,1e-05,7e-05,-5e-05,3e-05,0,0,0,-0.00013,0.00026,4e-05,-0.00013,-0.00016,1e-05,3e-05
92.84,0.00016,1e-05,1e-05,-1e-05,4e-05,0,-0.00027,6e-05,-0.00011,-0.00013,-2e-05,-5e-05,1e-05,-0.00016,-3e-05,0.00016,4e-05,6e-05,-1e-05,0,5e-05,7e-05,-5e-05,4e-05,1e-05,0,0,-3e-05,0.00025,2e-05,-0.0005,-0.00029,0,2e-05
92.86,0.00018,2e-05,1e-05,-3e-05,5e-05,0,-0.00031,-8e-05,-0.00018,-0.00022,6e-05,-2e-05,1e-05,-7e-05,-0.00015,0.00012,3e-05,5e-05,0,-0,7e-05,7e-05,-4e-05,6e-05,1e-05,0,0,4e-05,0.0003,3e-05,-0.00084,-0.00041,-1e-05,0
92.88,0.00016,2e-05,1e-05,-6e-05,7e-05,0,-0.00032,-0.00037,-0.00017,-0.00034,0.00016,-1e-05,0,3e-05,-0.00031,7e-05,3e-05,3e-05,1e-05,-0,8e-05,6e-05,-3e-05,8e-05,1e-05,0,0,0.0001,0.0004,7e-05,-0.00115,-0.00051,-2e-05,-2e-05
92.9,0.00012,3e-05,0,-8e-05,8e-05,0,-0.00033,-0.00071,-9e-05,-0.00044,0.00033,-0,0,0.00012,-0.0005,2e-05,4e-05,1e-05,2e-05,-1e-05,8e-05,5e-05,-1e-05,0.0001,1e-05,0,0,0.00013,0.00052,0.00013,-0.00147,-0.0006,-4e-05,-5e-05
92.92,6e-05,3e-05,0,-0.00012,9e-05,0,-0.00037,-0.0009,2e-05,-0.00053,0.00069,-0,3e-05,0.00021,-0.00067,-4e-05,5e-05,-0,2e-05,-0,7e-05,4e-05,0,0.00012,1e-05,0,0,0.00016,0.00064,0.00021,-0.0018,-0.00068,-5e-05,-8e-05
92.94,-1e-05,3e-05,0,-0.00016,9e-05,0,-0.0004,-0.00091,0.00013,-0.0006,0.0011,1e-05,7e-05,0.0003,-0.00082,-9e-05,6e-05,1e-05,2e-05,0,6e-05,3e-05,1e-05,0.00014,2e-05,0,0,0.00017,0.00074,0.00028,-0.00214,-0.00075,-6e-05,-0.0001
92.96,-0.0001,2e-05,0,-0.0002,9e-05,0,-0.00041,-0.00085,0.0002,-0.00063,0.00136,0,0.0001,0.00039,-0.00095,-0.00012,8e-05,4e-05,2e-05,1e-05,5e-05,2e-05,3e-05,0.00016,2e-05,1e-05,0,0.00017,0.00082,0.00035,-0.00249,-0.00081,-8e-05,-0.00012
92.98,-0.00019,2e-05,0,-0.00024,9e-05,0,-0.0004,-0.0007,0.00024,-0.00064,0.00149,-1e-05,0.00013,0.00047,-0.00106,-0.00015,0.0001,8e-05,1e-05,2e-05,4e-05,1e-05,4e-05,0.00018,2e-05,1e-05,0,0.00017,0.00088,0.00041,-0.0028,-0.00086,-8e-05,-0.00013
93,-0.00028,1e-05,1e-05,-0.00028,8e-05,0,-0.00035,-0.00058,0.00026,-0.00061,0.00139,-4e-05,0.00015,0.00054,-0.00115,-0.00017,0.00012,0.00013,1e-05,3e-05,3e-05,-0,5e-05,0.00019,2e-05,1e-05,0,0.00016,0.00093,0.00046,-0.00303,-0.00088,-9e-05,-0.00013
93.02,-0.00036,1e-05,1e-05,-0.00033,7e-05,0,-0.00027,-0.00064,0.00027,-0.00052,0.00101,-5e-05,0.00014,0.0006,-0.00122,-0.00018,0.00012,0.00019,0,4e-05,3e-05,-2e-05,7e-05,0.0002,2e-05,1e-05,0,0.00012,0.00099,0.00049,-0.00312,-0.00087,-9e-05,-0.00013
93.04,-0.00043,0,2e-05,-0.00038,5e-05,0,-0.00015,-0.00074,0.00027,-0.00041,0.00062,-4e-05,0.00012,0.00066,-0.00126,-0.00017,0.00012,0.00023,-0,6e-05,4e-05,-4e-05,8e-05,0.00019,2e-05,1e-05,0,9e-05,0.00105,0.00052,-0.00303,-0.00082,-9e-05,-0.00013
93.06,-0.00046,0,2e-05,-0.0004,4e-05,0,-3e-05,-0.00079,0.00026,-0.0003,0.00033,-2e-05,0.00011,0.00069,-0.00128,-0.00015,0.0001,0.00023,-0,7e-05,4e-05,-5e-05,0.0001,0.00018,1e-05,1e-05,0,6e-05,0.00111,0.00055,-0.00273,-0.00073,-9e-05,-0.00012
93.08,-0.00046,-0,3e-05,-0.00041,2e-05,0,0.0001,-0.00083,0.00025,-0.00018,0.00013,1e-05,9e-05,0.0007,-0.00127,-0.00013,6e-05,0.0002,-0,7e-05,5e-05,-6e-05,0.00011,0.00015,1e-05,1e-05,0,3e-05,0.00117,0.00057,-0.00227,-0.0006,-8e-05,-0.00011
93.1,-0.00042,-0,4e-05,-0.00039,1e-05,0,0.00021,-0.00083,0.00023,-0.00012,-0,3e-05,7e-05,0.0007,-0.00123,-0.0001,0,0.00014,-0,7e-05,5e-05,-6e-05,0.00012,0.00012,0,1e-05,0,1e-05,0.00119,0.00057,-0.00173,-0.00047,-8e-05,-0.0001
93.12,-0.00034,-1e-05,4e-05,-0.00035,1e-05,-0,0.00032,-0.00075,0.00022,-0.00012,-7e-05,3e-05,4e-05,0.00071,-0.00113,-7e-05,-6e-05,7e-05,-0,5e-05,5e-05,-4e-05,0.00012,8e-05,0,1e-05,0,-1e-05,0.00115,0.00056,-0.00121,-0.00034,-7e-05,-9e-05
93.14,-0.00024,-1e-05,4e-05,-0.0003,0,-0,0.00042,-0.00064,0.0002,-0.00014,-9e-05,2e-05,3e-05,0.00071,-0.001,-5e-05,-0.00015,2e-05,-0,4e-05,4e-05,-0,0.0001,5e-05,-0,1e-05,0,-2e-05,0.00105,0.00051,-0.00082,-0.00023,-6e-05,-8e-05
93.16,-0.00012,-1e-05,3e-05,-0.00024,0,-0,0.00047,-0.00052,0.00018,-0.00015,-8e-05,2e-05,2e-05,0.00066,-0.00085,-3e-05,-0.00023,-1e-05,-0,3e-05,2e-05,6e-05,6e-05,3e-05,-0,0,0,-4e-05,0.00089,0.00041,-0.00061,-0.00015,-5e-05,-6e-05
93.18,0,-2e-05,2e-05,-0.00018,-0,-0,0.00047,-0.00041,0.00015,-0.00018,-4e-05,1e-05,1e-05,0.0006,-0.00066,-2e-05,-0.00033,-2e-05,-0,2e-05,0,0.00014,2e-05,1e-05,-0,0,0,-4e-05,0.00067,0.00027,-0.00058,-0.0001,-3e-05,-4e-05
93.2,0.00012,-2e-05,1e-05,-0.00013,-0,-0,0.00044,-0.00031,0.00012,-0.00023,1e-05,0,1e-05,0.00052,-0.0005,-2e-05,-0.00041,-1e-05,-0,1e-05,-2e-05,0.00022,-4e-05,1e-05,0,0,0,-4e-05,0.00043,0.00011,-0.0007,-8e-05,-2e-05,-2e-05
93.22,0.00021,-2e-05,1e-05,-8e-05,-1e-05,-0,0.00036,-0.00026,9e-05,-0.00026,7e-05,0,1e-05,0.00039,-0.0004,-2e-05,-0.00047,-1e-05,-0,1e-05,-3e-05,0.00031,-0.0001,1e-05,0,-0,-0,-3e-05,0.0002,-7e-05,-0.0009,-9e-05,-1e-05,0
93.24,0.00027,-1e-05,-0,-4e-05,-0,-0,0.00028,-0.00024,6e-05,-0.00028,0.00014,0,1e-05,0.00028,-0.00031,-2e-05,-0.0005,-1e-05,-0,1e-05,-4e-05,0.00038,-0.00015,1e-05,1e-05,-0,-0,-1e-05,-3e-05,-0.00022,-0.00114,-0.0001,0,2e-05
93.26,0.00031,-1e-05,-1e-05,-1e-05,-0,-0,0.00019,-0.00021,3e-05,-0.00029,0.00019,0,0,0.0002,-0.00021,-2e-05,-0.00049,-1e-05,-0,1e-05,-3e-05,0.00044,-0.0002,2e-05,1e-05,-1e-05,-0,1e-05,-0.00023,-0.00035,-0.00136,-0.00012,2e-05,4e-05
93.28,0.00032,-1e-05,-1e-05,-1e-05,0,-0,0.00011,-0.00017,1e-05,-0.00025,0.00021,1e-05,0,0.00013,-0.00013,-2e-05,-0.00042,-1e-05,-0,1e-05,-1e-05,0.00047,-0.00025,2e-05,1e-05,-1e-05,-0,2e-05,-0.00038,-0.00045,-0.00153,-0.00014,2e-05,5e-05
93.3,0.00031,-1e-05,-0,-1e-05,1e-05,-0,3e-05,-0.00014,-2e-05,-0.00015,0.0002,1e-05,-0,9e-05,-6e-05,-2e-05,-0.0003,-1e-05,-0,1e-05,1e-05,0.00049,-0.00028,3e-05,1e-05,-1e-05,-0,3e-05,-0.00049,-0.00051,-0.00162,-0.00015,3e-05,6e-05
93.32,0.0003,-1e-05,-0,-2e-05,1e-05,-0,-6e-05,-0.0001,-4e-05,3e-05,0.00014,0,-1e-05,5e-05,-2e-05,-2e-05,-0.00012,-1e-05,-0,0,4e-05,0.00049,-0.0003,3e-05,1e-05,-1e-05,-1e-05,3e-05,-0.00056,-0.00053,-0.00163,-0.00015,4e-05,7e-05
93.34,0.00028,-1e-05,0,-5e-05,2e-05,0,-0.00015,-5e-05,-6e-05,0.00035,5e-05,0,-1e-05,2e-05,1e-05,-2e-05,0.00015,-1e-05,-0,0,7e-05,0.00048,-0.0003,4e-05,1e-05,-1e-05,-0,3e-05,-0.00057,-0.00052,-0.00155,-0.00014,4e-05,6e-05
93.36,0.00027,-1e-05,0,-8e-05,2e-05,0,-0.00023,1e-05,-6e-05,0.00081,-7e-05,0,-2e-05,1e-05,2e-05,-2e-05,0.00052,-0,0,0,9e-05,0.00046,-0.00029,4e-05,1e-05,-1e-05,-0,3e-05,-0.00053,-0.00048,-0.00136,-0.00011,4e-05,6e-05
93.38,0.00026,-1e-05,0,-0.00011,3e-05,-0,-0.0003,6e-05,-1e-05,0.00136,-0.00019,0,-3e-05,-0,-0,-1e-05,0.00097,0,0,-0,0.0001,0.00043,-0.00027,4e-05,1e-05,-1e-05,-0,1e-05,-0.00045,-0.00043,-0.00108,-8e-05,3e-05,5e-05
93.4,0.00026,-1e-05,0,-0.00015,3e-05,0,-0.00032,5e-05,9e-05,0.00203,-0.00029,0,-4e-05,0,-4e-05,0,0.00148,1e-05,1e-05,-0,0.0001,0.00039,-0.00023,4e-05,1e-05,-1e-05,-0,1e-05,-0.00034,-0.00037,-0.00069,-3e-05,2e-05,3e-05
93.42,0.00027,-0,0,-0.00019,4e-05,0,-0.00024,-5e-05,0.00024,0.00296,-0.0003,1e-05,-3e-05,2e-05,-9e-05,2e-05,0.00205,1e-05,1e-05,-0,9e-05,0.00035,-0.00019,3e-05,1e-05,-0,-0,0,-0.00023,-0.00032,-0.00021,3e-05,1e-05,1e-05
93.44,0.00028,-0,1e-05,-0.00022,4e-05,0,-8e-05,-0.00021,0.00041,0.00394,-0.00023,1e-05,-1e-05,3e-05,-0.00013,6e-05,0.00261,2e-05,2e-05,-1e-05,7e-05,0.00029,-0.00015,1e-05,1e-05,-0,-0,1e-05,-0.00013,-0.00028,0.00038,9e-05,0,-0
93.46,0.00031,0,3e-05,-0.00024,4e-05,-0,0.00012,-0.00039,0.00055,0.00471,-0.00011,1e-05,-0,3e-05,-0.00016,9e-05,0.00306,3e-05,2e-05,-1e-05,3e-05,0.00024,-0.0001,-1e-05,0,-0,-0,0,-7e-05,-0.00024,0.00105,0.00017,-1e-05,-2e-05
93.48,0.00035,-0,5e-05,-0.00025,4e-05,0,0.00024,-0.00054,0.00063,0.00514,-0,1e-05,1e-05,-4e-05,-0.00017,0.00012,0.0033,4e-05,3e-05,-1e-05,-3e-05,0.00017,-6e-05,-3e-05,0,-0,-0,-0,-3e-05,-0.00022,0.0018,0.00025,-2e-05,-5e-05
93.5,0.0004,-1e-05,8e-05,-0.00023,4e-05,0,0.00022,-0.00057,0.0006,0.00536,0.00011,0,1e-05,-0.00018,-0.00015,0.00015,0.00337,5e-05,4e-05,-1e-05,-0.00011,0.00011,-2e-05,-7e-05,-0,-0,-0,-0,-2e-05,-0.0002,0.0026,0.00033,-3e-05,-7e-05
93.52,0.00044,-3e-05,0.00011,-0.00019,3e-05,-0,0.00022,-0.0004,0.00042,0.00555,0.00023,-1e-05,2e-05,-0.00032,-0.00011,0.00016,0.00335,7e-05,4e-05,-1e-05,-0.00021,5e-05,1e-05,-0.0001,-0,-0,-0,0,-3e-05,-0.0002,0.0034,0.00042,-5e-05,-0.0001
93.54,0.00049,-7e-05,0.00014,-0.0001,2e-05,0,0.00034,-0.00016,0.00017,0.00535,0.00031,-1e-05,3e-05,-0.00047,-6e-05,0.00016,0.0031,7e-05,3e-05,-1e-05,-0.00033,-0,3e-05,-0.00014,-0,-0,-0,-0,-8e-05,-0.00019,0.00415,0.00051,-7e-05,-0.00013
93.56,0.00054,-0.00011,0.00015,4e-05,1e-05,-0,0.00059,2e-05,-3e-05,0.00469,0.00032,-1e-05,3e-05,-0.00063,-2e-05,0.00015,0.00258,6e-05,2e-05,-0,-0.00045,-6e-05,4e-05,-0.00018,-1e-05,-0,-0,-2e-05,-0.00015,-0.0002,0.00483,0.00061,-9e-05,-0.00016
93.58,0.00062,-0.00015,0.00016,0.00022,-1e-05,-0,0.00097,0.00012,-0.00016,0.00378,0.00029,-1e-05,3e-05,-0.0008,-0,0.00013,0.00193,4e-05,1e-05,-0,-0.00058,-0.00012,5e-05,-0.00021,-1e-05,-0,-0,-4e-05,-0.00025,-0.00021,0.00537,0.0007,-0.00011,-0.0002
93.6,0.00069,-0.0002,0.00013,0.00042,-3e-05,-0,0.00177,0.00015,-0.00021,0.00272,0.00022,-1e-05,2e-05,-0.0008,0,0.00013,0.00119,2e-05,0,-0,-0.0007,-0.00018,6e-05,-0.00025,-1e-05,-0,-0,-7e-05,-0.00041,-0.00023,0.00569,0.00078,-0.00013,-0.00024
93.62,0.0007,-0.00024,0.0001,0.00062,-5e-05,0,0.00343,0.00014,-0.00024,0.00162,0.00012,-0,1e-05,-0.00043,-0,0.00013,0.00045,0,-0,-0,-0.00078,-0.00026,6e-05,-0.00027,-1e-05,-1e-05,-0,-0.00013,-0.0006,-0.00029,0.00568,0.00086,-0.00016,-0.00028
93.64,0.00066,-0.00027,5e-05,0.00078,-7e-05,-0,0.00542,0.00012,-0.00028,0.00063,5e-05,1e-05,-0,-0,0,0.00014,-0.00015,-1e-05,-1e-05,-0,-0.00083,-0.00037,7e-05,-0.00028,-1e-05,-1e-05,-0,-0.00019,-0.00083,-0.00038,0.00532,0.00092,-0.00018,-0.00031
93.66,0.00058,-0.00028,1e-05,0.00091,-8e-05,-0,0.00715,0.0001,-0.00032,-0.00013,1e-05,3e-05,-1e-05,0.00025,1e-05,0.00015,-0.00056,-1e-05,-1e-05,-0,-0.00084,-0.0005,9e-05,-0.00028,-1e-05,-1e-05,-0,-0.00022,-0.00111,-0.00049,0.00464,0.00097,-0.00021,-0.00035
93.68,0.00046,-0.00027,-2e-05,0.001,-8e-05,-0,0.00877,6e-05,-0.00038,-0.00063,0,5e-05,-2e-05,0.00044,1e-05,0.00017,-0.00081,-1e-05,-1e-05,0,-0.00081,-0.00067,0.0001,-0.00026,-1e-05,-1e-05,-1e-05,-0.00021,-0.00142,-0.00062,0.00361,0.001,-0.00023,-0.00037
93.7,0.00032,-0.00025,-2e-05,0.00104,-9e-05,-0,0.01,2e-05,-0.00045,-0.00081,-0,7e-05,-2e-05,0.00045,-1e-05,0.00019,-0.0009,-0,-0,1e-05,-0.00074,-0.00085,0.00012,-0.00024,-1e-05,-1e-05,-1e-05,-0.00011,-0.00176,-0.00075,0.00232,0.00103,-0.00025,-0.0004
93.72,0.00021,-0.00021,3e-05,0.00103,-0.00012,-0,0.01046,-4e-05,-0.00046,-0.00067,-0,9e-05,-2e-05,0.00023,-4e-05,0.0002,-0.00087,-1e-05,0,1e-05,-0.00064,-0.00105,0.00013,-0.00021,-1e-05,-1e-05,-1e-05,5e-05,-0.0022,-0.00084,0.00083,0.00105,-0.00027,-0.00043
93.74,0.00011,-0.00017,0.00014,0.00097,-0.00017,-0,0.01046,-0.0001,-0.00042,-0.00025,-0,0.0001,-1e-05,6e-05,-9e-05,0.0002,-0.00078,-1e-05,1e-05,2e-05,-0.00051,-0.00126,0.00014,-0.00017,-0,-2e-05,-1e-05,0.00022,-0.00268,-0.00088,-0.00087,0.00108,-0.00029,-0.00046
93.76,4e-05,-0.00014,0.00032,0.00088,-0.00021,-0,0.01025,-0.00016,-0.00032,0.00036,-0,0.00012,-1e-05,3e-05,-0.00015,0.00018,-0.00069,-2e-05,1e-05,2e-05,-0.00037,-0.00147,0.00015,-0.00013,-0,-2e-05,-1e-05,0.0004,-0.00312,-0.00088,-0.00273,0.00111,-0.00031,-0.00049
93.78,0,-0.00012,0.00057,0.00077,-0.00026,-0,0.00982,-0.00023,-0.00016,0.00105,0,0.00013,-0,7e-05,-0.00023,0.00014,-0.0006,-2e-05,2e-05,2e-05,-0.00022,-0.00166,0.00016,-8e-05,-0,-2e-05,-1e-05,0.00062,-0.00351,-0.00084,-0.00467,0.00116,-0.00033,-0.00052
93.8,0,-0.0001,0.00084,0.00064,-0.00031,-0,0.00915,-0.00028,0.00019,0.00168,1e-05,0.00012,0,5e-05,-0.00026,9e-05,-0.00055,-1e-05,3e-05,1e-05,-5e-05,-0.00183,0.00015,-3e-05,-0,-2e-05,-1e-05,0.00079,-0.00386,-0.00075,-0.00667,0.00122,-0.00035,-0.00055
93.82,-2e-05,-6e-05,0.00104,0.00051,-0.00037,-0,0.00822,-0.00026,0.00091,0.00216,3e-05,0.00011,-0,-5e-05,-0.00018,4e-05,-0.00055,3e-05,4e-05,0,0.00012,-0.00194,0.00014,1e-05,0,-2e-05,-1e-05,0.00063,-0.00422,-0.00062,-0.00885,0.00128,-0.00037,-0.00058
93.84,-0.00012,-3e-05,0.00113,0.00038,-0.00042,-0,0.00734,-0.00022,0.00181,0.00239,7e-05,9e-05,-0,-0.00019,-2e-05,0,-0.00059,8e-05,4e-05,-0,0.00029,-0.002,0.00013,5e-05,0,-2e-05,-1e-05,0.00019,-0.0045,-0.00046,-0.01106,0.00134,-0.00038,-0.00061
93.86,-0.00029,2e-05,0.00106,0.00026,-0.00047,0,0.0068,-0.00019,0.0026,0.00235,9e-05,7e-05,-1e-05,-0.00036,0.00013,-0,-0.00066,0.00011,4e-05,-0,0.00043,-0.00201,0.00011,8e-05,0,-2e-05,-1e-05,-0.00036,-0.00461,-0.0003,-0.0131,0.00142,-0.00038,-0.00063
93.88,-0.0005,7e-05,0.00082,0.00017,-0.00052,0,0.00662,-0.00017,0.00336,0.00207,0.0001,6e-05,-2e-05,-0.00053,0.00026,1e-05,-0.00078,0.00013,4e-05,-0,0.00054,-0.00197,8e-05,0.00011,0,-2e-05,-1e-05,-0.00105,-0.00458,-0.00014,-0.01491,0.0015,-0.00039,-0.00064
93.9,-0.00076,0.00012,0.00043,9e-05,-0.00055,0,0.00673,-0.00013,0.00381,0.00166,0.0001,5e-05,-3e-05,-0.00063,0.00033,3e-05,-0.00094,0.00012,4e-05,0,0.0006,-0.0019,5e-05,0.00012,0,-2e-05,-0,-0.00196,-0.00434,1e-05,-0.01651,0.00158,-0.00038,-0.00064
93.92,-0.00108,0.00017,-7e-05,4e-05,-0.00057,0,0.00692,-8e-05,0.00352,0.00116,8e-05,3e-05,-3e-05,-0.00062,0.00032,6e-05,-0.00107,8e-05,3e-05,0,0.00062,-0.00178,2e-05,0.00014,0,-1e-05,-0,-0.00326,-0.00383,0.00015,-0.01794,0.00164,-0.00037,-0.00063
93.94,-0.00143,0.0002,-0.00063,1e-05,-0.00048,0,0.00709,-3e-05,0.00291,0.00063,6e-05,1e-05,-4e-05,-0.00053,0.00026,8e-05,-0.00118,4e-05,2e-05,1e-05,0.00059,-0.00163,-1e-05,0.00015,0,-1e-05,-0,-0.00473,-0.00316,0.00028,-0.01904,0.0017,-0.00035,-0.00062
93.96,-0.00177,0.0002,-0.0012,-1e-05,-0.00031,0,0.00725,-1e-05,0.00234,0.00014,4e-05,-2e-05,-4e-05,-0.00039,0.00017,9e-05,-0.00128,1e-05,1e-05,1e-05,0.00052,-0.00147,-3e-05,0.00016,1e-05,-1e-05,0,-0.00612,-0.00243,0.00038,-0.01966,0.00173,-0.00033,-0.0006
93.98,-0.00207,0.00017,-0.00172,-2e-05,-0.00016,0,0.00738,0,0.00181,-0.00024,2e-05,-5e-05,-4e-05,-0.00021,7e-05,9e-05,-0.00133,0,0,2e-05,0.00041,-0.0013,-5e-05,0.00017,1e-05,-1e-05,0,-0.00745,-0.00167,0.00041,-0.01985,0.00173,-0.0003,-0.00057
94,-0.0023,8e-05,-0.00213,-2e-05,-4e-05,0,0.00747,-0,0.00126,-0.0004,1e-05,-8e-05,-4e-05,-5e-05,-2e-05,8e-05,-0.00133,2e-05,-1e-05,3e-05,0.00027,-0.00113,-7e-05,0.00019,1e-05,-0,0,-0.00846,-0.00095,0.0004,-0.01952,0.00169,-0.00027,-0.00053
94.02,-0.00241,-5e-05,-0.00236,-1e-05,4e-05,0,0.00763,4e-05,0.00068,-0.00031,1e-05,-0.00012,-4e-05,0,-9e-05,7e-05,-0.0013,7e-05,-1e-05,4e-05,0.00012,-0.00097,-8e-05,0.00021,1e-05,-0,0,-0.0089,-0.00035,0.00043,-0.01864,0.00159,-0.00023,-0.00048
94.04,-0.00245,-0.00022,-0.00239,-0,0.0001,-0,0.00795,0.00013,0.00025,2e-05,0,-0.00017,-3e-05,2e-05,-0.00013,5e-05,-0.00123,0.00015,-1e-05,5e-05,-2e-05,-0.00082,-9e-05,0.00024,1e-05,-0,0,-0.0089,8e-05,0.00047,-0.01733,0.00143,-0.0002,-0.00041
94.06,-0.00244,-0.0004,-0.00221,0,0.00013,-0,0.00852,0.00026,3e-05,0.00056,0,-0.00022,-2e-05,4e-05,-0.00014,4e-05,-0.0011,0.00028,-1e-05,5e-05,-0.00012,-0.00067,-9e-05,0.00026,2e-05,-0,0,-0.00858,0.00029,0.00046,-0.01567,0.00121,-0.00016,-0.00034
94.08,-0.0024,-0.0006,-0.00182,1e-05,0.00015,-0,0.00939,0.0004,-3e-05,0.00127,0,-0.00028,-0,6e-05,-0.00014,2e-05,-0.00091,0.00043,-1e-05,5e-05,-0.0002,-0.00052,-8e-05,0.00027,2e-05,-0,0,-0.00793,0.00032,0.00045,-0.01372,0.00096,-0.00012,-0.00026
94.1,-0.00227,-0.00078,-0.00126,1e-05,0.00015,-0,0.01077,0.00059,7e-05,0.00202,0,-0.00033,1e-05,5e-05,-0.00013,1e-05,-0.00071,0.0006,0,5e-05,-0.00024,-0.00038,-7e-05,0.00027,2e-05,0,0,-0.00688,0.00019,0.00038,-0.0115,0.0007,-8e-05,-0.00018
94.12,-0.00202,-0.00094,-0.00061,0,0.00015,0,0.01287,0.00085,0.00039,0.00254,0,-0.00036,1e-05,3e-05,-0.00013,1e-05,-0.00057,0.00083,1e-05,3e-05,-0.00024,-0.00025,-5e-05,0.00026,2e-05,0,-0,-0.00551,-2e-05,0.00024,-0.00911,0.00046,-4e-05,-0.0001
94.14,-0.0017,-0.00107,1e-05,-1e-05,0.00014,0,0.01562,0.00112,0.00103,0.00255,0,-0.00034,1e-05,1e-05,-0.00011,1e-05,-0.00044,0.00104,2e-05,2e-05,-0.00019,-0.00013,-3e-05,0.00024,2e-05,0,-0,-0.00402,-0.00024,0.00011,-0.00676,0.00026,-2e-05,-3e-05
94.16,-0.00138,-0.00116,0.0005,-2e-05,0.00013,-0,0.01872,0.00131,0.00209,0.00193,-1e-05,-0.00027,-0,-1e-05,-8e-05,0,-0.00031,0.00115,3e-05,0,-0.00013,-2e-05,1e-05,0.00021,1e-05,0,-0,-0.00259,-0.00042,4e-05,-0.00461,0.00011,1e-05,2e-05
94.18,-0.00108,-0.00121,0.00076,-4e-05,0.00013,0,0.02163,0.00142,0.00374,0.0006,-4e-05,-0.00015,-3e-05,-3e-05,-4e-05,-0,-0.00019,0.00118,4e-05,-1e-05,-7e-05,7e-05,5e-05,0.00016,1e-05,0,-0,-0.00133,-0.0005,1e-05,-0.0028,1e-05,2e-05,6e-05
94.2,-0.00081,-0.00121,0.00072,-6e-05,0.00012,0,0.02384,0.00143,0.00571,-0.00125,-7e-05,2e-05,-5e-05,-5e-05,1e-05,-0,-0.0001,0.00111,4e-05,-2e-05,-1e-05,0.00015,9e-05,0.00011,0,0,-0,-0.00033,-0.00049,-0,-0.0014,-4e-05,3e-05,7e-05
94.22,-0.0006,-0.00116,0.00048,-7e-05,0.00012,-0,0.02385,0.00117,0.00588,-0.0026,-6e-05,0.00018,-4e-05,-8e-05,6e-05,-0,-5e-05,0.00091,5e-05,-3e-05,4e-05,0.00022,0.00013,5e-05,-0,1e-05,-0,0.0003,-0.0004,0,-0.00047,-6e-05,3e-05,8e-05
94.24,-0.00055,-0.00113,0.00026,-8e-05,0.00012,0,0.01912,0.00064,0.0022,-0.00176,-3e-05,0.00023,-2e-05,-9e-05,0.00012,-0,-1e-05,0.0007,5e-05,-3e-05,7e-05,0.00027,0.00016,-1e-05,-1e-05,1e-05,-0,0.00056,-0.00027,1e-05,2e-05,-5e-05,3e-05,7e-05
94.26,-0.00057,-0.00116,0.00021,-9e-05,0.00012,-0,0.01053,8e-05,-0.00485,0.00137,2e-05,0.0001,-0,-0.0001,0.00018,-0,2e-05,0.00053,5e-05,-3e-05,0.0001,0.00031,0.00018,-7e-05,-1e-05,1e-05,0,0.00053,-0.00013,1e-05,0.0002,-3e-05,2e-05,5e-05
94.28,-0.00053,-0.00125,0.00055,-8e-05,0.00014,-0,0.00059,-0.00047,-0.01638,0.00595,5e-05,-0.00021,1e-05,-9e-05,0.00023,0,3e-05,0.0004,5e-05,-3e-05,0.00011,0.00035,0.00019,-0.00013,-2e-05,1e-05,0,0.00031,-2e-05,0,0.00017,-2e-05,1e-05,3e-05
94.3,-0.00036,-0.00126,0.00165,-7e-05,0.00016,-0,-0.0065,-0.00127,-0.02107,0.00911,8e-05,-0.00048,0,-7e-05,0.00027,1e-05,4e-05,0.00029,4e-05,-3e-05,0.00013,0.00038,0.00018,-0.00018,-2e-05,1e-05,0,-2e-05,4e-05,-1e-05,6e-05,-1e-05,-0,1e-05
94.32,-7e-05,-0.00089,0.00349,-5e-05,0.00019,0,-0.00603,-0.00304,-0.00913,0.00834,0.00014,-0.00042,-1e-05,-2e-05,0.00029,2e-05,5e-05,0.00021,4e-05,-2e-05,0.00014,0.00041,0.00016,-0.00021,-2e-05,1e-05,0,-0.00033,6e-05,-1e-05,-8e-05,0,-1e-05,-0
94.34,0.00019,-0.00046,0.00465,-2e-05,0.00021,-0,-0.00369,-0.00462,-0.00371,0.0075,0.00019,-0.00032,-5e-05,3e-05,0.00029,2e-05,5e-05,0.00015,3e-05,-2e-05,0.00015,0.00043,0.00012,-0.00023,-2e-05,1e-05,0,-0.00045,4e-05,-1e-05,-0.00013,0,-1e-05,-1e-05
94.36,0.00035,-9e-05,0.00459,1e-05,0.00025,-0,-3e-05,-0.00549,-0.00196,0.00648,0.00019,-0.00024,-9e-05,7e-05,0.00029,2e-05,6e-05,0.0001,3e-05,-2e-05,0.00015,0.00045,7e-05,-0.00023,-2e-05,1e-05,0,-0.00041,3e-05,-0,-0.00012,0,-1e-05,-1e-05
94.38,0.00038,0.00017,0.0034,4e-05,0.00028,-0,0.00452,-0.00548,-0.00118,0.00538,0.00016,-0.00016,-0.00014,9e-05,0.00027,2e-05,7e-05,6e-05,3e-05,-2e-05,0.00016,0.00046,2e-05,-0.00021,-2e-05,1e-05,0,-0.00034,2e-05,-0,-0.00011,0,-0,-1e-05
94.4,0.00031,0.00024,0.00148,6e-05,0.00027,0,0.00826,-0.00446,-0.0002,0.00444,9e-05,-0.00011,-0.00015,5e-05,0.00025,0,9e-05,2e-05,2e-05,-2e-05,0.00017,0.00046,-3e-05,-0.00017,-1e-05,1e-05,0,-0.00027,2e-05,-1e-05,-9e-05,1e-05,-0,-1e-05
94.42,0.00024,0.00016,-0.00012,7e-05,0.00025,0,0.00962,-0.00309,0.00152,0.00388,1e-05,-0.00012,-0.0001,-2e-05,0.00025,-1e-05,0.0001,-0,2e-05,-2e-05,0.00017,0.00043,-7e-05,-0.00013,-1e-05,1e-05,0,-0.00019,3e-05,-1e-05,-7e-05,1e-05,-0,-1e-05
94.44,0.00019,5e-05,-0.00108,4e-05,0.00023,0,0.00945,-0.00172,0.00348,0.00332,1e-05,-0.0001,-2e-05,-0.0001,0.00025,-1e-05,0.00011,-2e-05,2e-05,-2e-05,0.00018,0.00038,-9e-05,-8e-05,-0,1e-05,0,-0.00011,4e-05,-2e-05,-5e-05,1e-05,-0,-1e-05
94.46,0.00018,0,-0.00146,1e-05,0.00022,0,0.00793,-0.00043,0.00453,0.00256,3e-05,-4e-05,5e-05,-0.00018,0.00026,-2e-05,0.00011,-3e-05,1e-05,-2e-05,0.00018,0.00031,-0.0001,-3e-05,0,0,0,-6e-05,5e-05,-4e-05,-5e-05,1e-05,-0,-1e-05
94.48,0.00024,8e-05,-0.00119,-4e-05,0.0002,0,0.00528,0.0002,0.00539,0.00217,2e-05,-1e-05,7e-05,-0.00024,0.00026,-1e-05,0.0001,-3e-05,1e-05,-1e-05,0.00018,0.00022,-0.00011,1e-05,1e-05,0,0,-1e-05,7e-05,-6e-05,-4e-05,1e-05,-0,-1e-05
94.5,0.00035,0.00025,-0.00069,-9e-05,0.00018,0,0.0028,0.00032,0.00274,0.00178,-3e-05,0,3e-05,-0.00029,0.00025,-0,8e-05,-3e-05,1e-05,-1e-05,0.00016,0.00013,-0.00011,6e-05,1e-05,0,0,1e-05,8e-05,-8e-05,-5e-05,1e-05,-0,-1e-05
94.52,0.0004,0.00043,-0.00034,-0.00014,0.00017,0,0.00139,0.00034,-0.00327,0.00114,-9e-05,-0,-3e-05,-0.00031,0.00025,-0,6e-05,-4e-05,1e-05,-1e-05,0.00014,3e-05,-0.0001,9e-05,2e-05,0,0,0,9e-05,-9e-05,-6e-05,1e-05,-0,-0
94.54,0.00037,0.00056,-0.00013,-0.00019,0.00016,0,0.00063,0.0004,-0.00683,0.00049,-0.0001,-1e-05,-8e-05,-0.00031,0.00023,0,5e-05,-4e-05,1e-05,-1e-05,0.0001,-5e-05,-9e-05,0.00012,2e-05,0,0,-0,9e-05,-0.0001,-8e-05,2e-05,-0,-0
94.56,0.00028,0.00063,-2e-05,-0.00023,0.00015,0,0.00017,0.00052,-0.00824,-0.00017,-5e-05,-2e-05,-0.00011,-0.00028,0.00019,0,6e-05,-4e-05,1e-05,-1e-05,6e-05,-0.00011,-7e-05,0.00013,2e-05,0,0,-1e-05,8e-05,-9e-05,-0.0001,2e-05,-0,-0
94.58,0.00015,0.0006,4e-05,-0.00026,0.00014,0,-0.00022,0.00067,-0.01039,-0.001,2e-05,-2e-05,-0.00013,-0.00024,0.00015,-0,8e-05,-6e-05,0,-0,2e-05,-0.00016,-5e-05,0.00014,2e-05,0,0,-1e-05,5e-05,-8e-05,-0.00012,2e-05,-0,-0
94.6,-1e-05,0.00046,7e-05,-0.00027,0.00013,0,-0.00102,0.00067,-0.00575,-0.00202,0.00011,1e-05,-0.00011,-0.00018,0.0001,-1e-05,0.00012,-7e-05,0,0,-2e-05,-0.00019,-3e-05,0.00015,3e-05,1e-05,0,-2e-05,2e-05,-6e-05,-0.00015,2e-05,-0,-0
94.62,-0.00011,0.00015,5e-05,-0.00026,0.00011,0,-0.00301,-0.00114,0.00446,-0.00368,0.00028,0.0001,7e-05,-0.00013,4e-05,-1e-05,0.00016,-9e-05,-0,0,-5e-05,-0.0002,-1e-05,0.00014,3e-05,1e-05,0,-4e-05,-2e-05,-4e-05,-0.00018,2e-05,-0,-0
94.64,-0.0002,-9e-05,-0.00015,-0.00025,9e-05,-0,-0.00449,-0.00601,0.00777,-0.00548,0.00034,0.00031,0.00032,-9e-05,-1e-05,-0,0.00021,-0.00011,-1e-05,1e-05,-7e-05,-0.00019,-0,0.00014,2e-05,1e-05,0,-5e-05,-7e-05,-2e-05,-0.0002,2e-05,-0,-0
94.66,-0.00032,-9e-05,-0.0006,-0.00024,6e-05,-0,-0.00252,-0.01223,0.00953,-0.00634,0.0002,0.00058,0.00049,-3e-05,-7e-05,0,0.00025,-0.00013,-1e-05,1e-05,-8e-05,-0.00018,0,0.00014,2e-05,1e-05,0,-6e-05,-0.0001,-1e-05,-0.00022,2e-05,-0,-1e-05
94.68,-0.0004,5e-05,-0.00122,-0.00022,4e-05,0,0.00639,-0.01637,0.01411,-0.00608,-9e-05,0.00083,0.00056,2e-05,-0.00013,1e-05,0.00028,-0.00015,-1e-05,1e-05,-9e-05,-0.00015,-0,0.00014,2e-05,1e-05,0,-7e-05,-0.00014,1e-05,-0.00025,2e-05,-0,-1e-05
94.7,-0.00029,6e-05,-0.00148,-0.0002,1e-05,0,0.01878,-0.01401,0.03034,-0.0058,-0.0005,0.00092,0.00044,7e-05,-0.0002,1e-05,0.0003,-0.00016,-2e-05,1e-05,-9e-05,-0.00012,-2e-05,0.00015,2e-05,1e-05,0,-7e-05,-0.00017,2e-05,-0.00026,2e-05,-0,-1e-05
94.72,-3e-05,6e-05,-0.00123,-0.00019,-2e-05,0,0.01304,-0.01054,0.02773,-0.00224,-0.00037,0.00099,0.00014,0.00012,-0.00026,2e-05,0.00032,-0.00015,-1e-05,1e-05,-9e-05,-9e-05,-5e-05,0.00015,2e-05,1e-05,0,-3e-05,-0.00021,5e-05,-0.00027,2e-05,-0,-1e-05
94.74,0.00017,0.00024,-0.00093,-0.00017,-5e-05,0,-0.00058,-0.00852,0.01354,0.00396,0.00015,0.00084,-1e-05,0.00017,-0.00031,3e-05,0.00033,-0.00012,-1e-05,1e-05,-9e-05,-7e-05,-8e-05,0.00016,2e-05,1e-05,0,3e-05,-0.00023,9e-05,-0.00028,2e-05,-1e-05,-1e-05
94.76,0.00027,0.0005,-0.00067,-0.00015,-9e-05,0,-0.01331,-0.0062,0.00398,0.00887,0.00055,0.0004,-0,0.0002,-0.00036,3e-05,0.00031,-8e-05,-1e-05,0,-9e-05,-5e-05,-0.00011,0.00017,2e-05,1e-05,0,0.00017,-0.0002,0.00011,-0.00015,1e-05,-0,0
94.78,0.00033,0.00073,-0.00057,-0.00011,-0.00013,0,-0.02191,-0.00413,-0.00055,0.01081,0.00102,-3e-05,2e-05,0.00021,-0.00042,3e-05,0.00027,-5e-05,0,-1e-05,-9e-05,-4e-05,-0.00013,0.00018,2e-05,1e-05,0,0.00038,-9e-05,8e-05,0.00012,-2e-05,0,1e-05
94.8,0.00045,0.00076,-0.00059,-7e-05,-0.00017,0,-0.02501,-0.00181,-0.00019,0.00936,0.00141,-0.0002,-0,0.00021,-0.00046,3e-05,0.00022,-3e-05,1e-05,-1e-05,-9e-05,-3e-05,-0.00015,0.00018,2e-05,1e-05,0,0.00058,7e-05,0,0.00048,-7e-05,1e-05,2e-05
94.82,0.00063,0.00049,-0.00049,-2e-05,-0.00021,0,-0.0235,-1e-05,0.00471,0.00559,0.0013,-0.00018,-3e-05,0.00019,-0.00048,1e-05,0.00014,-1e-05,1e-05,-2e-05,-9e-05,-3e-05,-0.00015,0.00016,1e-05,1e-05,0,0.00074,0.00028,-0.00012,0.00091,-0.00013,2e-05,4e-05
94.84,0.00081,0.00014,-0.00017,4e-05,-0.00021,0,-0.018,-0.00111,0.00873,0.00146,0.00101,-0.00011,-4e-05,0.00017,-0.00048,1e-05,7e-05,0,1e-05,-2e-05,-9e-05,-3e-05,-0.00013,0.00014,1e-05,1e-05,0,0.00081,0.00053,-0.00027,0.00135,-0.00021,4e-05,6e-05
94.86,0.00091,-7e-05,0.00012,0.0001,-0.00016,0,-0.01115,-0.00415,0.00987,-0.00105,0.00076,-5e-05,-3e-05,0.00015,-0.00047,0,-0,1e-05,2e-05,-2e-05,-8e-05,-3e-05,-0.0001,0.00011,1e-05,0,0,0.00076,0.00079,-0.00046,0.00175,-0.0003,6e-05,8e-05
94.88,0.00089,-0.00013,0.00019,0.00016,-9e-05,-0,-0.00422,-0.00733,0.00959,-0.00145,0.00053,-1e-05,0,0.00014,-0.00046,-0,-7e-05,1e-05,2e-05,-2e-05,-7e-05,-2e-05,-5e-05,8e-05,0,0,0,0.00055,0.00104,-0.00066,0.00204,-0.0004,7e-05,0.00011
94.9,0.0008,-6e-05,-7e-05,0.0002,-1e-05,0,0.00171,-0.00899,0.00791,-0.00022,0.00032,1e-05,6e-05,0.00013,-0.00044,-1e-05,-0.00012,1e-05,1e-05,-1e-05,-5e-05,-1e-05,-0,4e-05,0,0,0,0.00025,0.0013,-0.00084,0.0022,-0.0005,9e-05,0.00013
94.92,0.00072,2e-05,-0.00053,0.00022,7e-05,0,0.0077,-0.01006,0.00492,0.00071,0.00016,1e-05,0.0001,0.00014,-0.00043,-1e-05,-0.00015,-0,1e-05,-1e-05,-3e-05,0,4e-05,1e-05,-0,0,-0,-0,0.0016,-0.00097,0.00225,-0.00057,0.00011,0.00015
94.94,0.00067,2e-05,-0.00097,0.00023,0.00015,0,0.01263,-0.0105,0.00241,0.00017,5e-05,-3e-05,0.00011,0.00015,-0.00041,-2e-05,-0.00016,-1e-05,1e-05,-0,-1e-05,1e-05,8e-05,-1e-05,-0,0,-0,-0.00022,0.00199,-0.00105,0.00224,-0.00062,0.00012,0.00017
94.96,0.00069,-7e-05,-0.00117,0.00021,0.00021,-0,0.01407,-0.00962,0.0011,-0.00144,-0,-6e-05,0.0001,0.00017,-0.00038,-2e-05,-0.00016,-1e-05,0,-0,0,0,0.0001,-1e-05,0,0,-0,-0.0004,0.00255,-0.00106,0.00219,-0.00065,0.00013,0.00018
94.98,0.00082,-0.00015,-0.00088,0.00019,0.00024,0,0.00852,-0.00578,0.00013,-0.00329,-1e-05,-7e-05,7e-05,0.0002,-0.00033,-2e-05,-0.00014,-1e-05,0,0,1e-05,-0,0.0001,0,0,0,-0,-0.00052,0.00332,-0.00102,0.00218,-0.00065,0.00014,0.00019
95,0.00088,-0.00019,-0.00057,0.00015,0.00026,0,0.00377,-0.00282,-0.00013,-0.00484,-1e-05,-6e-05,4e-05,0.00023,-0.00028,-2e-05,-0.00011,-1e-05,0,1e-05,3e-05,-1e-05,8e-05,2e-05,1e-05,0,-0,-0.00052,0.00431,-0.00094,0.00221,-0.00062,0.00014,0.00019
95.02,0.00085,-0.00022,-0.00033,0.00011,0.00024,0,0.00063,-0.00186,0.0001,-0.00581,2e-05,-2e-05,5e-05,0.00027,-0.00026,-3e-05,-9e-05,-1e-05,0,1e-05,5e-05,-1e-05,5e-05,4e-05,1e-05,0,-0,-0.0004,0.00546,-0.00085,0.00229,-0.00058,0.00013,0.00018
95.04,0.00077,-0.00023,-0.00015,7e-05,0.00021,-0,-0.00124,-0.00265,0.0005,-0.00602,4e-05,4e-05,6e-05,0.00031,-0.00024,-3e-05,-7e-05,-1e-05,0,1e-05,9e-05,2e-05,2e-05,4e-05,1e-05,0,-0,-0.00023,0.00671,-0.00076,0.0024,-0.00051,0.00012,0.00016
95.06,0.00067,-0.0002,-4e-05,1e-05,0.00016,0,-0.00202,-0.00368,0.00083,-0.00549,4e-05,8e-05,7e-05,0.00034,-0.00022,-3e-05,-6e-05,-1e-05,0,1e-05,0.00014,9e-05,0,2e-05,1e-05,0,-0,-2e-05,0.00799,-0.0007,0.00252,-0.00044,0.0001,0.00014
95.08,0.00055,-0.00014,0,-4e-05,0.00012,-0,-0.00219,-0.00436,0.00101,-0.00434,3e-05,0.0001,7e-05,0.00037,-0.0002,-2e-05,-6e-05,-1e-05,0,1e-05,0.00021,0.00019,-0,-2e-05,0,0,-0,0.0002,0.00914,-0.00063,0.00262,-0.00036,8e-05,0.00011
95.1,0.00041,-8e-05,0,-0.0001,8e-05,-0,-0.00196,-0.00444,0.00104,-0.0031,1e-05,0.0001,6e-05,0.0004,-0.00019,-1e-05,-8e-05,-1e-05,0,0,0.00027,0.00032,-0,-7e-05,0,0,0,0.00043,0.00993,-0.00052,0.00267,-0.00029,6e-05,9e-05
95.12,0.00029,-4e-05,-1e-05,-0.00015,6e-05,0,-0.00154,-0.00403,0.00106,-0.00229,-0,7e-05,3e-05,0.00044,-0.00017,-0,-0.0001,-1e-05,0,-0,0.00033,0.00047,1e-05,-0.00013,-0,0,0,0.00063,0.01008,-0.00034,0.00268,-0.00024,5e-05,7e-05
95.14,0.00017,-1e-05,-1e-05,-0.0002,4e-05,-0,-0.00109,-0.00316,0.00101,-0.0016,-1e-05,4e-05,1e-05,0.00049,-0.00016,1e-05,-0.00014,-1e-05,0,-0,0.00038,0.00061,3e-05,-0.00018,-1e-05,0,0,0.00079,0.00959,-0.0001,0.00261,-0.00022,5e-05,7e-05
95.16,7e-05,1e-05,-0,-0.00023,2e-05,-0,-0.00067,-0.00199,0.00084,-0.00095,-1e-05,1e-05,-0,0.00051,-0.00013,3e-05,-0.00018,-1e-05,0,-0,0.0004,0.00074,4e-05,-0.00022,-1e-05,0,0,0.00091,0.00857,0.00017,0.00247,-0.00022,6e-05,8e-05
95.18,-1e-05,4e-05,0,-0.00024,1e-05,0,-0.0003,-0.00091,0.00062,-0.00048,1e-05,-1e-05,-0,0.00051,-0.0001,4e-05,-0.00022,-0,0,-0,0.0004,0.00083,6e-05,-0.00025,-1e-05,0,0,0.001,0.00713,0.00042,0.00226,-0.00025,8e-05,0.0001
95.2,-7e-05,6e-05,1e-05,-0.00024,1e-05,-0,-5e-05,-0.00022,0.00039,-0.00017,6e-05,-2e-05,-1e-05,0.00047,-6e-05,4e-05,-0.00026,-0,0,-0,0.00037,0.00088,7e-05,-0.00026,-1e-05,0,0,0.00103,0.00555,0.00061,0.00202,-0.00029,0.0001,0.00013
95.22,-0.00012,6e-05,0,-0.0002,0,0,6e-05,9e-05,0.0002,-0,0.00014,-2e-05,-1e-05,0.00038,-3e-05,4e-05,-0.00028,-0,0,0,0.00033,0.00088,7e-05,-0.00026,-1e-05,0,0,0.00098,0.00409,0.00075,0.00178,-0.00032,0.00011,0.00015
95.24,-0.00014,7e-05,-0,-0.00016,0,0,8e-05,0.00019,7e-05,6e-05,0.00025,-1e-05,-1e-05,0.00028,-0,3e-05,-0.00028,-0,0,1e-05,0.00027,0.00083,8e-05,-0.00025,-1e-05,0,0,0.00088,0.00285,0.0008,0.00157,-0.00033,0.00011,0.00015
95.26,-0.00016,7e-05,-1e-05,-0.0001,0,0,5e-05,0.0001,-1e-05,7e-05,0.00039,-0,-2e-05,0.00017,1e-05,2e-05,-0.00026,-0,0,1e-05,0.00021,0.00076,9e-05,-0.00023,-1e-05,0,0,0.00079,0.0019,0.00077,0.0014,-0.00032,0.0001,0.00014
95.28,-0.00016,7e-05,-1e-05,-5e-05,0,-0,-3e-05,-0.0001,-4e-05,5e-05,0.00054,1e-05,-2e-05,6e-05,2e-05,1e-05,-0.00022,-0,0,1e-05,0.00015,0.00066,0.00011,-0.00021,-1e-05,-0,-0,0.0007,0.00125,0.00067,0.00127,-0.00028,9e-05,0.00012
95.3,-0.00016,6e-05,-0,1e-05,0,0,-0.00013,-0.00032,-3e-05,3e-05,0.0007,3e-05,-3e-05,-5e-05,1e-05,0,-0.00017,-0,0,2e-05,0.0001,0.00055,0.00012,-0.00019,-1e-05,-0,-0,0.00061,0.00086,0.00054,0.00118,-0.00022,6e-05,8e-05
95.32,-0.00016,6e-05,-0,5e-05,1e-05,0,-0.00023,-0.00052,-1e-05,1e-05,0.0009,4e-05,-3e-05,-0.00016,-1e-05,-1e-05,-0.00014,-0,0,2e-05,6e-05,0.00042,0.00014,-0.00017,-1e-05,-0,-0,0.00053,0.00065,0.00042,0.00111,-0.00015,4e-05,4e-05
95.34,-0.00016,6e-05,-0,8e-05,1e-05,0,-0.00032,-0.00065,2e-05,0,0.00106,5e-05,-3e-05,-0.00026,-3e-05,-1e-05,-0.00011,-0,0,2e-05,4e-05,0.0003,0.00016,-0.00015,-1e-05,-0,0,0.00047,0.00053,0.0003,0.00106,-9e-05,1e-05,1e-05
95.36,-0.00018,5e-05,-0,0.0001,1e-05,-0,-0.00039,-0.00071,5e-05,-1e-05,0.00108,5e-05,-3e-05,-0.00035,-5e-05,-1e-05,-7e-05,-0,0,2e-05,2e-05,0.00018,0.00018,-0.00012,-1e-05,0,0,0.00041,0.00044,0.00021,0.001,-4e-05,-1e-05,-2e-05
95.38,-0.00019,4e-05,0,0.0001,1e-05,0,-0.00044,-0.00069,7e-05,-1e-05,0.00102,5e-05,-3e-05,-0.00043,-7e-05,-2e-05,-3e-05,-0,0,2e-05,1e-05,6e-05,0.00019,-0.0001,-1e-05,0,0,0.00036,0.00035,0.00014,0.00094,-1e-05,-2e-05,-4e-05
95.4,-0.00022,2e-05,0,9e-05,1e-05,0,-0.00047,-0.00062,8e-05,-2e-05,0.00086,4e-05,-3e-05,-0.0005,-8e-05,-2e-05,-0,-0,0,2e-05,1e-05,-4e-05,0.0002,-8e-05,-1e-05,0,0,0.00031,0.00023,8e-05,0.00087,2e-05,-3e-05,-5e-05
95.42,-0.00026,2e-05,0,8e-05,1e-05,0,-0.00048,-0.00051,8e-05,-3e-05,0.00058,3e-05,-3e-05,-0.00056,-9e-05,-2e-05,2e-05,-0,0,1e-05,1e-05,-0.00015,0.00021,-6e-05,-1e-05,0,0,0.00028,9e-05,5e-05,0.0008,3e-05,-4e-05,-5e-05
95.44,-0.0003,1e-05,0,6e-05,1e-05,-0,-0.00048,-0.00038,8e-05,-3e-05,0.00034,1e-05,-2e-05,-0.0006,-9e-05,-2e-05,3e-05,-0,-0,0,1e-05,-0.00025,0.00021,-4e-05,-1e-05,0,0,0.00025,-8e-05,3e-05,0.00072,4e-05,-4e-05,-5e-05
95.46,-0.00034,0,0,5e-05,0,0,-0.00048,-0.00023,7e-05,-3e-05,0.00015,1e-05,-2e-05,-0.00064,-9e-05,-3e-05,4e-05,-0,-0,-0,1e-05,-0.00035,0.00022,-2e-05,-1e-05,0,0,0.00022,-0.00029,2e-05,0.00064,5e-05,-4e-05,-5e-05
95.48,-0.00039,-0,0,3e-05,0,0,-0.00047,-8e-05,7e-05,-3e-05,3e-05,0,-2e-05,-0.00067,-9e-05,-3e-05,5e-05,-0,-0,-0,1e-05,-0.00045,0.00022,-0,-1e-05,0,0,0.00019,-0.00053,1e-05,0.00057,5e-05,-4e-05,-4e-05
95.5,-0.00044,-1e-05,0,2e-05,0,0,-0.00046,3e-05,6e-05,-3e-05,-6e-05,-0,-2e-05,-0.00068,-8e-05,-3e-05,5e-05,-0,-0,-1e-05,1e-05,-0.00054,0.00023,1e-05,-1e-05,0,0,0.00017,-0.0008,0,0.0005,5e-05,-3e-05,-4e-05
95.52,-0.00048,-1e-05,0,1e-05,0,-0,-0.00045,0.00012,5e-05,-3e-05,-0.00012,-1e-05,-1e-05,-0.00068,-7e-05,-3e-05,4e-05,-0,-0,-1e-05,1e-05,-0.00064,0.00023,2e-05,-1e-05,0,0,0.00014,-0.00111,-0,0.00043,5e-05,-3e-05,-3e-05
95.54,-0.00052,-0,0,0,0,0,-0.00044,0.00019,5e-05,-3e-05,-0.00016,-1e-05,-1e-05,-0.00065,-6e-05,-3e-05,4e-05,-0,-0,-1e-05,1e-05,-0.00072,0.00022,2e-05,-1e-05,1e-05,0,0.00012,-0.00144,-1e-05,0.00037,5e-05,-2e-05,-3e-05
95.56,-0.00055,-0,0,0,1e-05,0,-0.00043,0.00022,5e-05,-3e-05,-0.00018,-1e-05,-0,-0.00061,-5e-05,-3e-05,4e-05,-0,-0,-1e-05,1e-05,-0.0008,0.00021,3e-05,-1e-05,1e-05,0,0.00011,-0.00178,-1e-05,0.00031,6e-05,-2e-05,-2e-05
95.58,-0.00057,0,-0,0,1e-05,0,-0.0004,0.00023,5e-05,-2e-05,-0.0002,-1e-05,0,-0.00054,-3e-05,-2e-05,4e-05,-0,-0,-1e-05,1e-05,-0.00086,0.0002,3e-05,-1e-05,1e-05,0,9e-05,-0.00209,-1e-05,0.00026,6e-05,-1e-05,-1e-05
95.6,-0.00057,1e-05,-0,0,1e-05,-0,-0.00037,0.00022,4e-05,-2e-05,-0.0002,-1e-05,1e-05,-0.00046,-2e-05,-2e-05,4e-05,-0,-0,-1e-05,2e-05,-0.00089,0.00018,3e-05,-1e-05,1e-05,0,8e-05,-0.00235,-2e-05,0.00021,6e-05,-1e-05,-1e-05
95.62,-0.00057,1e-05,-0,0,1e-05,0,-0.00033,0.0002,4e-05,-1e-05,-0.00019,-1e-05,2e-05,-0.00037,-1e-05,-1e-05,4e-05,-0,-0,-1e-05,2e-05,-0.00087,0.00015,3e-05,-1e-05,1e-05,0,7e-05,-0.00251,-2e-05,0.00016,7e-05,-1e-05,-1e-05
95.64,-0.00054,2e-05,-0,1e-05,1e-05,0,-0.00027,0.00017,3e-05,-0,-0.00017,-0,2e-05,-0.00026,-0,-1e-05,4e-05,-0,-0,-0,2e-05,-0.00082,0.00012,2e-05,-1e-05,0,0,7e-05,-0.00254,-3e-05,0.00011,7e-05,-1e-05,-1e-05
95.66,-0.00051,2e-05,0,1e-05,1e-05,0,-0.00019,0.00014,2e-05,1e-05,-0.00014,-0,3e-05,-0.00014,0,-1e-05,5e-05,-0,-0,-0,2e-05,-0.00072,8e-05,2e-05,-1e-05,0,0,7e-05,-0.00243,-4e-05,7e-05,8e-05,-1e-05,-2e-05
95.68,-0.00045,2e-05,0,1e-05,1e-05,-0,-0.00011,0.0001,2e-05,2e-05,-0.00012,-0,3e-05,-2e-05,0,-0,6e-05,-0,-0,-0,2e-05,-0.0006,4e-05,2e-05,-0,0,0,8e-05,-0.00219,-4e-05,2e-05,9e-05,-1e-05,-3e-05
95.7,-0.00037,2e-05,0,1e-05,1e-05,0,-3e-05,7e-05,1e-05,5e-05,-0.0001,-0,3e-05,7e-05,-1e-05,-0,7e-05,-0,-0,-0,2e-05,-0.00045,0,2e-05,-0,0,0,0.0001,-0.00185,-5e-05,-2e-05,9e-05,-2e-05,-3e-05
95.72,-0.00028,2e-05,0,0,1e-05,0,4e-05,5e-05,-0,0.0001,-9e-05,-0,2e-05,0.00013,-2e-05,-0,9e-05,-0,0,-0,3e-05,-0.0003,-3e-05,1e-05,0,-0,-0,0.00012,-0.00145,-5e-05,-6e-05,9e-05,-2e-05,-4e-05
95.74,-0.00017,1e-05,-0,0,1e-05,0,6e-05,2e-05,-1e-05,0.00018,-8e-05,0,2e-05,0.00013,-4e-05,-0,0.00013,0,0,-0,3e-05,-0.00015,-6e-05,1e-05,0,-0,-0,0.00016,-0.00105,-4e-05,-0.0001,8e-05,-2e-05,-4e-05
95.76,-5e-05,-0,-0,-0,1e-05,-0,3e-05,0,-1e-05,0.00032,-7e-05,0,1e-05,9e-05,-5e-05,-1e-05,0.0002,0,0,-0,4e-05,-1e-05,-9e-05,1e-05,0,-0,-0,0.0002,-0.00067,-3e-05,-0.00013,7e-05,-2e-05,-4e-05
95.78,0.0001,-2e-05,-0,-1e-05,1e-05,0,-7e-05,-2e-05,-1e-05,0.00057,-5e-05,0,0,-2e-05,-4e-05,-2e-05,0.00035,0,0,-0,6e-05,0.00012,-0.00011,1e-05,1e-05,-0,-0,0.00025,-0.00031,-1e-05,-0.00014,5e-05,-2e-05,-3e-05
95.8,0.00025,-4e-05,-0,-2e-05,0,0,-0.00022,-6e-05,-1e-05,0.00096,-3e-05,0,-0,-0.00015,-1e-05,-4e-05,0.0006,1e-05,0,-0,8e-05,0.00023,-0.00012,1e-05,1e-05,-0,-0,0.00032,2e-05,1e-05,-0.00014,3e-05,-1e-05,-1e-05
95.82,0.00041,-7e-05,-1e-05,-2e-05,0,0,-0.00039,-0.00012,1e-05,0.00155,-1e-05,1e-05,-1e-05,-0.00026,5e-05,-7e-05,0.001,1e-05,0,0,0.0001,0.00034,-0.00013,1e-05,1e-05,-0,-0,0.00038,0.00035,3e-05,-0.00011,2e-05,0,1e-05
95.84,0.00057,-0.0001,-1e-05,-3e-05,-0,-0,-0.0005,-0.00023,5e-05,0.00236,1e-05,1e-05,-1e-05,-0.00026,0.00015,-0.00011,0.0016,1e-05,0,1e-05,0.00013,0.00044,-0.00014,1e-05,1e-05,-0,-0,0.00045,0.00067,5e-05,-3e-05,1e-05,2e-05,3e-05
95.86,0.00071,-0.00014,-1e-05,-3e-05,-0,-0,-0.00042,-0.00042,0.00013,0.00339,2e-05,3e-05,-0,-5e-05,0.00028,-0.00015,0.0024,2e-05,0,2e-05,0.00016,0.00053,-0.00015,1e-05,1e-05,-0,-0,0.00052,0.001,7e-05,0.0001,1e-05,3e-05,5e-05
95.88,0.00083,-0.00018,-1e-05,-2e-05,-0,-0,-2e-05,-0.00074,0.00029,0.00454,3e-05,5e-05,1e-05,0.00045,0.00038,-0.00018,0.00337,2e-05,1e-05,3e-05,0.00019,0.0006,-0.00016,1e-05,1e-05,-0,-0,0.00058,0.00131,8e-05,0.0003,1e-05,5e-05,7e-05
95.9,0.00092,-0.00022,-1e-05,-1e-05,-1e-05,-0,0.0008,-0.0012,0.00055,0.00573,4e-05,7e-05,3e-05,0.00128,0.00042,-0.00016,0.00446,3e-05,2e-05,4e-05,0.00023,0.00065,-0.00016,1e-05,0,-0,-0,0.00062,0.00157,0.0001,0.00057,3e-05,7e-05,9e-05
95.92,0.00096,-0.00025,-1e-05,2e-05,-1e-05,-0,0.00192,-0.00169,0.00095,0.00687,4e-05,0.0001,5e-05,0.00234,0.00039,-0.00011,0.00561,3e-05,3e-05,5e-05,0.00025,0.00068,-0.00016,0,0,-0,-0,0.00066,0.00175,0.00011,0.00093,6e-05,9e-05,0.00012
95.94,0.00095,-0.00025,-0,7e-05,-1e-05,-0,0.00299,-0.0021,0.00149,0.0076,3e-05,0.00012,7e-05,0.00337,0.0003,2e-05,0.00658,4e-05,4e-05,6e-05,0.00027,0.00068,-0.00015,-1e-05,-0,-0,-0,0.00067,0.00183,0.00012,0.00137,9e-05,0.00011,0.00015
95.96,0.00089,-0.00024,-0,0.00013,-1e-05,-0,0.00361,-0.00237,0.00215,0.00772,2e-05,0.00014,8e-05,0.00401,0.00016,0.00027,0.0072,4e-05,5e-05,7e-05,0.00028,0.00064,-0.00013,-2e-05,-0,-0,-0,0.00064,0.00179,0.00013,0.00188,0.00013,0.00013,0.00017
95.98,0.00081,-0.0002,0,0.0002,-1e-05,-0,0.00302,-0.00238,0.00289,0.00727,1e-05,0.00015,9e-05,0.00364,0,0.00067,0.00738,3e-05,6e-05,6e-05,0.00027,0.00057,-0.00011,-3e-05,-1e-05,-0,0,0.00058,0.00164,0.00014,0.00245,0.00018,0.00015,0.0002
96,0.00066,-0.00014,1e-05,0.00028,-0,-0,0.00168,-0.00209,0.00354,0.00652,-1e-05,0.00015,8e-05,0.0024,0.00011,0.00111,0.00719,2e-05,6e-05,5e-05,0.00026,0.00049,-9e-05,-5e-05,-1e-05,0,0,0.00051,0.00143,0.00014,0.00301,0.00024,0.00017,0.00022
96.02,0.00041,-6e-05,3e-05,0.00034,-0,0,0.0015,-0.00151,0.00388,0.00571,-1e-05,0.00013,7e-05,0.00128,0.00085,0.00137,0.00674,1e-05,4e-05,4e-05,0.00025,0.00039,-7e-05,-7e-05,-1e-05,0,0,0.00046,0.0012,0.00013,0.00348,0.0003,0.00018,0.00023
96.04,0.00018,3e-05,6e-05,0.00038,0,0,0.00263,-0.00086,0.00389,0.00467,-1e-05,0.0001,5e-05,0.00058,0.00186,0.00146,0.00593,0,2e-05,3e-05,0.00023,0.0003,-6e-05,-9e-05,-2e-05,0,0,0.00042,0.00099,0.00011,0.00383,0.00037,0.00018,0.00023
96.06,1e-05,0.00012,9e-05,0.00039,0,0,0.00451,-0.00036,0.00343,0.00311,-1e-05,7e-05,2e-05,0.00061,0.00256,0.00142,0.00469,-0,1e-05,1e-05,0.00022,0.00022,-6e-05,-0.00011,-2e-05,0,0,0.00039,0.00084,8e-05,0.00404,0.00043,0.00018,0.00022
96.08,-0.00011,0.00018,0.00012,0.00038,0,0,0.00704,-6e-05,0.00265,0.00164,-0,4e-05,1e-05,0.00179,0.00285,0.00112,0.00322,-0,-0,0,0.00021,0.00016,-6e-05,-0.00012,-2e-05,0,0,0.00038,0.00076,5e-05,0.00409,0.00049,0.00016,0.0002
96.1,-0.00021,0.0002,0.00015,0.00033,0,0,0.01014,-0,0.00192,0.00041,1e-05,2e-05,0,0.00409,0.00271,0.00071,0.00198,-0,-0,-0,0.00021,0.00012,-7e-05,-0.00013,-2e-05,0,0,0.00041,0.00074,2e-05,0.00399,0.00054,0.00014,0.00017
96.12,-0.00027,0.00019,0.00015,0.00026,0,0,0.01367,3e-05,0.00145,-0.00059,3e-05,1e-05,-0,0.00746,0.00215,0.00047,0.00101,-0,-0,-1e-05,0.00021,0.0001,-7e-05,-0.00014,-2e-05,-0,0,0.00047,0.00075,-0,0.00377,0.00056,0.00012,0.00014
96.14,-0.00028,0.00016,0.00013,0.00017,-0,0,0.01698,0.00017,0.0012,-0.00138,6e-05,0,0,0.01094,0.00144,0.00042,0.00029,-0,0,-1e-05,0.00022,9e-05,-8e-05,-0.00015,-2e-05,-0,0,0.00054,0.00078,-2e-05,0.00342,0.00054,0.0001,0.00011
96.16,-0.00024,0.00013,8e-05,8e-05,-0,0,0.01956,0.00034,0.00117,-0.00194,9e-05,-0,1e-05,0.01385,0.00075,0.00055,-0.0002,-0,0,-1e-05,0.00023,8e-05,-8e-05,-0.00015,-2e-05,-0,0,0.00061,0.0008,-3e-05,0.00296,0.00051,8e-05,9e-05
96.18,-0.00018,0.00011,2e-05,1e-05,-1e-05,0,0.02156,0.00048,0.00144,-0.00224,0.00012,-0,1e-05,0.01633,0.00016,0.001,-0.00051,-0,-0,-1e-05,0.00025,7e-05,-7e-05,-0.00014,-2e-05,-0,0,0.00066,0.00079,-3e-05,0.00242,0.00044,6e-05,6e-05
96.2,-0.00011,0.00011,-4e-05,-3e-05,-1e-05,0,0.02236,0.00061,0.00183,-0.00235,0.00012,0,2e-05,0.01783,-0.00027,0.00151,-0.0007,0,-1e-05,-1e-05,0.00028,6e-05,-6e-05,-0.00014,-2e-05,-0,0,0.00065,0.00074,-2e-05,0.00185,0.00036,4e-05,4e-05
96.22,-8e-05,0.00011,-8e-05,-3e-05,-1e-05,0,0.02164,0.00074,0.00192,-0.00239,0.0001,0,2e-05,0.01744,-0.00055,0.00153,-0.00081,1e-05,-1e-05,-1e-05,0.00031,5e-05,-5e-05,-0.00012,-2e-05,0,0,0.00056,0.00065,-1e-05,0.0013,0.00026,3e-05,3e-05
96.24,-0.00012,9e-05,-0.00011,-2e-05,-1e-05,0,0.01794,0.00069,0.00182,-0.00173,8e-05,0,2e-05,0.01452,-0.0007,0.0014,-0.0006,0,-1e-05,-1e-05,0.00035,2e-05,-3e-05,-0.00011,-2e-05,0,0,0.0004,0.00052,0,0.00083,0.00018,2e-05,1e-05
96.26,-0.00012,7e-05,-0.00011,2e-05,-1e-05,0,0.01381,0.00046,0.00167,-0.00069,7e-05,0,3e-05,0.01171,-0.00076,0.00128,-0.00023,0,-1e-05,-1e-05,0.00038,-1e-05,-1e-05,-8e-05,-2e-05,0,0,0.00021,0.00036,2e-05,0.00046,0.00011,1e-05,1e-05
96.28,-3e-05,4e-05,-9e-05,7e-05,-1e-05,0,0.01041,0.00023,0.00142,0.00034,5e-05,-0,3e-05,0.00923,-0.00076,0.00109,0.0002,-0,-0,-1e-05,0.00042,-5e-05,1e-05,-6e-05,-2e-05,0,0,2e-05,0.00018,4e-05,0.0002,5e-05,0,0
96.3,0.00018,1e-05,-7e-05,0.00012,-1e-05,0,0.00787,2e-05,0.00108,0.00108,4e-05,-0,3e-05,0.00722,-0.00072,0.00086,0.00059,-0,0,-0,0.00047,-0.0001,3e-05,-2e-05,-2e-05,0,0,-0.00017,1e-05,5e-05,4e-05,2e-05,0,-0
96.32,0.0005,-2e-05,-4e-05,0.00017,-1e-05,0,0.00612,-0.00015,0.00069,0.00135,3e-05,-0,3e-05,0.00572,-0.00062,0.00062,0.00082,-0,1e-05,-0,0.00051,-0.00015,5e-05,1e-05,-2e-05,1e-05,0,-0.00032,-0.00013,7e-05,-2e-05,-0,-0,-0
96.34,0.00089,-3e-05,-1e-05,0.0002,-1e-05,0,0.0049,-0.00017,0.00037,0.00131,3e-05,-0,3e-05,0.00465,-0.00041,0.00044,0.00091,-0,1e-05,-0,0.00055,-0.00021,6e-05,5e-05,-2e-05,1e-05,0,-0.00039,-0.00018,6e-05,-1e-05,-1e-05,-0,0
96.36,0.00132,-4e-05,2e-05,0.00022,-1e-05,-0,0.004,-7e-05,0.00012,0.00114,4e-05,-0,3e-05,0.00392,-9e-05,0.00035,0.00089,0,1e-05,0,0.0006,-0.00027,7e-05,0.0001,-2e-05,1e-05,1e-05,-0.0004,-0.00017,5e-05,1e-05,-1e-05,-0,-0
96.38,0.00174,-5e-05,4e-05,0.00022,-0,-0,0.0033,6e-05,-5e-05,0.00088,6e-05,0,3e-05,0.00339,0.00028,0.00031,0.00078,1e-05,0,0,0.00064,-0.00031,6e-05,0.00016,-2e-05,1e-05,1e-05,-0.00042,-0.00016,7e-05,4e-05,-0,-0,-0
96.4,0.00205,-4e-05,5e-05,0.00019,-0,-0,0.00271,0.00013,-0.00017,0.00057,8e-05,0,3e-05,0.00298,0.00064,0.00032,0.00059,2e-05,0,0,0.00068,-0.00035,5e-05,0.00022,-2e-05,1e-05,1e-05,-0.00038,-0.00011,9e-05,4e-05,-0,-0,0
96.42,0.00216,-4e-05,6e-05,0.0001,-0,-0,0.0022,0.00011,-0.00026,0.00028,0.0001,1e-05,3e-05,0.00263,0.0009,0.00036,0.00038,3e-05,-0,0,0.00071,-0.00036,3e-05,0.0003,-1e-05,1e-05,1e-05,-0.0002,0,7e-05,-9e-05,0,0,0
96.44,0.00208,-3e-05,7e-05,-2e-05,0,-0,0.00174,-6e-05,-0.00031,8e-05,0.00012,1e-05,3e-05,0.00231,0.00098,0.00042,0.00017,3e-05,-0,0,0.00072,-0.00034,0,0.00039,-1e-05,1e-05,1e-05,8e-05,0.00011,6e-05,-0.00041,0,1e-05,1e-05
96.46,0.0019,-2e-05,8e-05,-0.00017,0,0,0.00134,-0.00043,-0.00035,-1e-05,0.00014,1e-05,3e-05,0.00204,0.00085,0.00047,-0,4e-05,-0,0,0.00071,-0.0003,-3e-05,0.00049,-1e-05,1e-05,1e-05,0.00042,0.00021,4e-05,-0.00099,-1e-05,2e-05,3e-05
96.48,0.00165,-1e-05,9e-05,-0.00032,0,0,0.00099,-0.001,-0.00039,-1e-05,0.00014,1e-05,3e-05,0.00178,0.00049,0.00052,-0.00013,4e-05,-0,0,0.00069,-0.00023,-6e-05,0.0006,-1e-05,1e-05,1e-05,0.00078,0.00029,2e-05,-0.0019,-2e-05,3e-05,4e-05
96.5,0.00136,0,0.00011,-0.00048,0,0,0.00068,-0.00168,-0.00041,7e-05,0.00013,1e-05,3e-05,0.00153,-1e-05,0.00053,-0.00022,4e-05,-0,0,0.00065,-0.00016,-9e-05,0.0007,-0,1e-05,0,0.0011,0.00037,-1e-05,-0.00311,-4e-05,4e-05,5e-05
96.52,0.00105,2e-05,0.00012,-0.00063,0,0,0.00043,-0.0023,-0.00042,0.0002,0.00011,1e-05,3e-05,0.00127,-0.00056,0.00049,-0.00027,4e-05,-0,0,0.00057,-9e-05,-0.00012,0.0008,-0,1e-05,0,0.00131,0.00047,-3e-05,-0.00456,-6e-05,5e-05,6e-05
96.54,0.0008,3e-05,0.00012,-0.00074,0,0,0.00021,-0.00281,-0.00043,0.00032,8e-05,1e-05,3e-05,0.00101,-0.00107,0.00041,-0.00029,3e-05,0,-0,0.00048,-3e-05,-0.00013,0.00088,0,0,0,0.00137,0.00064,-6e-05,-0.00604,-8e-05,4e-05,5e-05
96.56,0.00068,4e-05,0.00011,-0.00079,-0,-0,1e-05,-0.00316,-0.00045,0.0004,5e-05,2e-05,3e-05,0.00072,-0.00146,0.0003,-0.00029,2e-05,1e-05,-0,0.00038,2e-05,-0.00014,0.00093,0,0,0,0.00124,0.00087,-0.0001,-0.0073,-9e-05,3e-05,4e-05
96.58,0.00063,5e-05,0.0001,-0.00078,-0,-0,-0.0002,-0.00324,-0.0005,0.00043,1e-05,3e-05,3e-05,0.0004,-0.00165,0.00014,-0.00026,1e-05,1e-05,-0,0.00028,5e-05,-0.00014,0.00095,0,0,0,0.00093,0.00115,-0.00014,-0.00816,-0.0001,0,1e-05
96.6,0.00064,6e-05,8e-05,-0.0007,-0,0,-0.00044,-0.00308,-0.0006,0.00039,-3e-05,4e-05,3e-05,4e-05,-0.00161,-9e-05,-0.00022,0,2e-05,-0,0.00018,8e-05,-0.00014,0.00094,0,0,0,0.00047,0.00142,-0.00017,-0.0086,-9e-05,-2e-05,-3e-05
96.62,0.00067,6e-05,6e-05,-0.00056,0,0,-0.00074,-0.00272,-0.0008,0.00032,-6e-05,5e-05,3e-05,-0.00038,-0.00134,-0.0004,-0.00019,-0,4e-05,-0,8e-05,0.0001,-0.00013,0.0009,0,0,0,-9e-05,0.00161,-0.00023,-0.00868,-9e-05,-4e-05,-5e-05
96.64,0.00067,7e-05,3e-05,-0.00039,0,0,-0.00113,-0.00217,-0.00109,0.00025,-8e-05,7e-05,3e-05,-0.00087,-0.00088,-0.00081,-0.00015,0,5e-05,-0,-2e-05,0.00011,-0.00012,0.00085,0,0,0,-0.00067,0.00166,-0.00027,-0.00839,-9e-05,-6e-05,-6e-05
96.66,0.00064,7e-05,1e-05,-0.00022,1e-05,0,-0.00161,-0.00147,-0.00147,0.00019,-8e-05,9e-05,3e-05,-0.00143,-0.0003,-0.00132,-0.00011,1e-05,7e-05,-0,-9e-05,0.00013,-0.0001,0.00079,0,0,0,-0.00122,0.00151,-0.00026,-0.00779,-0.0001,-6e-05,-5e-05
96.68,0.00059,7e-05,-1e-05,-7e-05,1e-05,0,-0.00218,-0.00072,-0.00198,0.00017,-7e-05,0.00011,3e-05,-0.00204,0.0003,-0.00197,-6e-05,2e-05,9e-05,-0,-0.00015,0.00014,-9e-05,0.00072,0,0,0,-0.00168,0.00119,-0.00022,-0.00707,-0.00013,-4e-05,-2e-05
96.7,0.00054,7e-05,-3e-05,5e-05,1e-05,0,-0.00282,-3e-05,-0.00246,0.00017,-6e-05,0.00013,3e-05,-0.00269,0.00084,-0.00263,-2e-05,3e-05,0.0001,-0,-0.00018,0.00015,-8e-05,0.00066,0,0,0,-0.00198,0.00073,-0.00012,-0.00635,-0.00017,-1e-05,2e-05
96.72,0.0005,6e-05,-4e-05,0.00013,2e-05,0,-0.0035,0.00049,-0.00256,0.00018,-3e-05,0.00014,3e-05,-0.00337,0.00117,-0.00304,2e-05,3e-05,0.00012,0,-0.00018,0.00016,-7e-05,0.0006,0,0,0,-0.00204,0.00021,1e-05,-0.00574,-0.00022,2e-05,7e-05
96.74,0.00052,6e-05,-4e-05,0.00017,2e-05,0,-0.00422,0.00078,-0.00237,0.00019,1e-05,0.00016,2e-05,-0.00404,0.00123,-0.00319,6e-05,3e-05,0.00012,1e-05,-0.00015,0.00017,-7e-05,0.00056,0,0,0,-0.0018,-0.00033,0.00012,-0.00547,-0.00029,6e-05,0.00012
96.76,0.00061,5e-05,-4e-05,0.00016,2e-05,0,-0.00498,0.00081,-0.00202,0.00018,5e-05,0.00016,2e-05,-0.00467,0.00097,-0.00316,7e-05,2e-05,0.00012,2e-05,-9e-05,0.00017,-6e-05,0.00054,1e-05,0,0,-0.00121,-0.00086,0.0002,-0.00564,-0.00037,9e-05,0.00016
96.78,0.00075,5e-05,-4e-05,0.00014,3e-05,0,-0.00579,0.00063,-0.00157,0.00013,0.0001,0.00017,1e-05,-0.00527,0.00044,-0.00308,5e-05,1e-05,0.00011,3e-05,-1e-05,0.00016,-7e-05,0.00054,1e-05,0,0,-0.00023,-0.0014,0.00025,-0.0062,-0.00047,0.00012,0.00019
96.8,0.00091,4e-05,-2e-05,9e-05,3e-05,0,-0.00667,0.00029,-0.00075,8e-05,0.00015,0.00018,0,-0.00588,-0.00039,-0.0023,-0,-0,0.0001,4e-05,9e-05,0.00015,-7e-05,0.00056,1e-05,0,0,0.00115,-0.00197,0.00028,-0.00712,-0.00058,0.00015,0.00021
96.82,0.00103,2e-05,-0,3e-05,3e-05,0,-0.00756,-9e-05,0.00059,9e-05,0.00022,0.00018,-1e-05,-0.00653,-0.00144,-0.00024,-4e-05,-0,8e-05,5e-05,0.0002,0.00013,-9e-05,0.00059,2e-05,0,-0,0.00293,-0.0026,0.00031,-0.00837,-0.0007,0.00017,0.00023
96.84,0.00108,1e-05,2e-05,-3e-05,2e-05,0,-0.00851,-0.00035,0.00172,0.00021,0.0003,0.00018,-2e-05,-0.00728,-0.00231,0.00175,-3e-05,1e-05,6e-05,6e-05,0.00032,0.00011,-0.0001,0.00063,2e-05,-0,-0,0.00504,-0.00331,0.00033,-0.00983,-0.00082,0.00019,0.00025
96.86,0.001,-0,2e-05,-9e-05,2e-05,0,-0.00967,-0.00042,0.00228,0.00041,0.00038,0.00017,-3e-05,-0.00824,-0.00278,0.00299,8e-05,4e-05,4e-05,6e-05,0.00045,8e-05,-0.00013,0.00067,3e-05,-0,-0,0.00738,-0.00406,0.00035,-0.01135,-0.00094,0.0002,0.00026
96.88,0.00072,-2e-05,2e-05,-0.00016,1e-05,-0,-0.01103,-0.00034,0.00237,0.00071,0.00045,0.00016,-3e-05,-0.00943,-0.00284,0.00362,0.00029,8e-05,2e-05,5e-05,0.00059,5e-05,-0.00015,0.00071,3e-05,-0,-0,0.00982,-0.00475,0.00036,-0.0128,-0.00105,0.0002,0.00025
96.9,0.00025,-2e-05,-0,-0.00025,1e-05,0,-0.01254,-0.00022,0.00207,0.00101,0.00051,0.00015,-2e-05,-0.01078,-0.00262,0.00358,0.00054,0.00012,0,3e-05,0.00074,1e-05,-0.00017,0.00075,4e-05,-0,-0,0.0119,-0.00531,0.00035,-0.01418,-0.00113,0.00018,0.00024
96.92,-0.00026,-2e-05,-4e-05,-0.00035,-0,0,-0.01389,-0.00014,0.00165,0.00121,0.00056,0.00013,-2e-05,-0.01199,-0.00226,0.00316,0.00075,0.00017,-1e-05,2e-05,0.00091,-2e-05,-0.00019,0.00078,4e-05,-0,-0,0.01296,-0.00568,0.00033,-0.01556,-0.00115,0.00015,0.00019
96.94,-0.00069,-1e-05,-8e-05,-0.00046,-0,0,-0.01477,-7e-05,0.00124,0.0013,0.00056,0.00011,-1e-05,-0.01282,-0.0018,0.0026,0.00087,0.00022,-2e-05,1e-05,0.00105,-6e-05,-0.0002,0.0008,4e-05,-0,-0,0.01303,-0.00563,0.00025,-0.01664,-0.00112,9e-05,0.00013
96.96,-0.00097,0,-0.00012,-0.00056,-0,0,-0.01505,-2e-05,0.00085,0.00131,0.0005,8e-05,1e-05,-0.01312,-0.0013,0.00199,0.00092,0.00022,-2e-05,0,0.00111,-9e-05,-0.0002,0.0008,4e-05,-0,-0,0.01233,-0.00502,0.0001,-0.01712,-0.00102,3e-05,4e-05
96.98,-0.00101,1e-05,-0.00014,-0.00063,-0,0,-0.01463,0,0.00051,0.00124,0.00041,6e-05,2e-05,-0.0128,-0.00081,0.00138,0.00087,0.0002,-2e-05,0,0.00108,-0.00012,-0.00018,0.00078,4e-05,-0,-0,0.01086,-0.00396,-9e-05,-0.01699,-0.00086,-5e-05,-6e-05
97,-0.0009,1e-05,-0.00014,-0.00065,-0,-0,-0.01353,-2e-05,0.00029,0.00109,0.0003,3e-05,2e-05,-0.01189,-0.00043,0.0009,0.00073,0.00015,-1e-05,-0,0.00095,-0.00014,-0.00016,0.00073,4e-05,-0,-0,0.00899,-0.00261,-0.0003,-0.01612,-0.00066,-0.00012,-0.00017
97.02,-0.00074,1e-05,-0.00013,-0.00062,0,-0,-0.01191,-4e-05,0.00017,0.00089,0.00018,2e-05,3e-05,-0.01051,-0.00019,0.0006,0.00053,8e-05,-1e-05,-0,0.00072,-0.00016,-0.00013,0.00065,3e-05,-0,-0,0.00706,-0.00122,-0.00055,-0.0145,-0.00044,-0.00019,-0.00027
97.04,-0.00054,-0,-0.00011,-0.00054,0,-0,-0.00997,-8e-05,0.0001,0.0007,8e-05,2e-05,3e-05,-0.00889,-3e-05,0.0004,0.00033,2e-05,-0,0,0.00047,-0.00018,-0.0001,0.00052,2e-05,-0,-0,0.0051,2e-05,-0.00084,-0.01212,-0.00022,-0.00025,-0.00036
97.06,-0.00031,-2e-05,-9e-05,-0.00042,0,-0,-0.00787,-0.00012,7e-05,0.00053,3e-05,1e-05,3e-05,-0.00718,5e-05,0.00024,0.00015,-1e-05,0,0,0.00024,-0.00021,-6e-05,0.00036,2e-05,-0,-0,0.00317,0.00101,-0.0011,-0.00907,-0,-0.00029,-0.00041
97.08,-0.00012,-5e-05,-7e-05,-0.00027,0,0,-0.00579,-0.00015,7e-05,0.00039,-0,1e-05,3e-05,-0.00553,6e-05,0.00015,2e-05,-1e-05,1e-05,1e-05,6e-05,-0.00023,-2e-05,0.00018,1e-05,-0,-0,0.00142,0.00171,-0.00134,-0.00555,0.00018,-0.00031,-0.00044
97.1,-2e-05,-7e-05,-5e-05,-0.0001,0,0,-0.00397,-0.00013,8e-05,0.00027,-2e-05,0,3e-05,-0.00408,2e-05,8e-05,-7e-05,1e-05,1e-05,1e-05,-7e-05,-0.00027,4e-05,-1e-05,0,-0,-0,-0.00013,0.00215,-0.00147,-0.00178,0.00033,-0.0003,-0.00043
97.12,-1e-05,-0.0001,-3e-05,7e-05,-0,0,-0.00255,-6e-05,6e-05,0.00019,-2e-05,-0,3e-05,-0.00294,-0,4e-05,-0.00011,4e-05,1e-05,1e-05,-0.00016,-0.00032,9e-05,-0.00019,-0,0,0,-0.00144,0.00237,-0.0014,0.00177,0.00045,-0.00028,-0.0004
97.14,-9e-05,-0.00012,-2e-05,0.00021,-0,-0,-0.00154,0.00012,1e-05,0.00013,-2e-05,-0,2e-05,-0.00209,3e-05,1e-05,-0.0001,7e-05,1e-05,2e-05,-0.00021,-0.00038,0.00015,-0.00032,-1e-05,0,0,-0.00251,0.00242,-0.00122,0.00462,0.00052,-0.00024,-0.00035
97.16,-0.00022,-0.00014,-1e-05,0.00032,-1e-05,0,-0.00092,0.00042,-6e-05,0.0001,-0,0,1e-05,-0.00153,0.00016,-2e-05,-6e-05,9e-05,0,2e-05,-0.00023,-0.00045,0.0002,-0.0004,-2e-05,0,0,-0.00333,0.00236,-0.001,0.00661,0.00054,-0.0002,-0.00028
97.18,-0.00037,-0.00016,-0,0.0004,-1e-05,0,-0.00064,0.00081,-0.00014,8e-05,2e-05,1e-05,1e-05,-0.00121,0.00038,-4e-05,2e-05,0.0001,-0,2e-05,-0.00022,-0.00052,0.00023,-0.00043,-2e-05,1e-05,0,-0.00391,0.00225,-0.00077,0.00761,0.00051,-0.00015,-0.00021
97.2,-0.00047,-0.00018,-0,0.00044,-1e-05,0,-0.00063,0.00128,-0.00021,8e-05,6e-05,3e-05,0,-0.00108,0.00068,-5e-05,0.00013,9e-05,0,2e-05,-0.00019,-0.00057,0.00024,-0.0004,-3e-05,1e-05,0,-0.00424,0.00211,-0.00054,0.00757,0.00044,-0.0001,-0.00015
97.22,-0.00046,-0.00019,-0,0.00045,-1e-05,-0,-0.0008,0.00182,-0.00025,8e-05,0.00013,5e-05,0,-0.00112,0.0011,-4e-05,0.00028,6e-05,0,1e-05,-0.00016,-0.00058,0.00027,-0.00033,-3e-05,1e-05,1e-05,-0.00436,0.00195,-0.00032,0.00649,0.00034,-6e-05,-9e-05
97.24,-0.00034,-0.0002,-0,0.00043,-1e-05,0,-0.00109,0.00235,-0.00023,9e-05,0.00021,7e-05,-0,-0.00129,0.00154,-2e-05,0.00046,4e-05,1e-05,1e-05,-0.00013,-0.00052,0.00028,-0.00022,-3e-05,1e-05,1e-05,-0.00424,0.00181,-0.00016,0.00448,0.00021,-3e-05,-4e-05
97.26,-0.00016,-0.00022,-0,0.0004,-1e-05,0,-0.00147,0.00274,-0.00016,0.00011,0.00031,9e-05,-0,-0.00153,0.00181,1e-05,0.00069,2e-05,2e-05,1e-05,-0.00012,-0.0004,0.00026,-6e-05,-2e-05,1e-05,1e-05,-0.00392,0.00171,-6e-05,0.00173,6e-05,-1e-05,-0
97.28,0,-0.00023,0,0.00036,-1e-05,0,-0.00192,0.00288,-5e-05,0.00012,0.0004,0.00011,-1e-05,-0.00185,0.00183,3e-05,0.00094,1e-05,2e-05,1e-05,-0.00011,-0.00022,0.00022,0.00013,-2e-05,1e-05,1e-05,-0.00346,0.00163,-1e-05,-0.00154,-0.0001,0,2e-05
97.3,8e-05,-0.00024,1e-05,0.00032,-1e-05,-0,-0.00239,0.00285,5e-05,0.00013,0.00048,0.00011,-1e-05,-0.0022,0.00166,3e-05,0.00121,1e-05,2e-05,1e-05,-0.0001,1e-05,0.00015,0.00034,-1e-05,1e-05,0,-0.00289,0.00156,1e-05,-0.00504,-0.00026,1e-05,2e-05
97.32,2e-05,-0.00024,1e-05,0.0003,-0,0,-0.00283,0.00287,9e-05,0.00013,0.00057,9e-05,-1e-05,-0.00253,0.00148,-2e-05,0.0015,0,2e-05,0,-0.0001,0.00024,7e-05,0.00056,-0,0,0,-0.00229,0.00147,1e-05,-0.00863,-0.00041,0,2e-05
97.34,-0.00018,-0.00022,2e-05,0.00028,1e-05,0,-0.00317,0.00287,7e-05,0.0001,0.00061,6e-05,-1e-05,-0.00278,0.00133,-0.00011,0.00174,0,1e-05,0,-9e-05,0.00044,-0,0.00075,1e-05,0,0,-0.00175,0.00134,1e-05,-0.01205,-0.00053,-1e-05,2e-05
97.36,-0.00042,-0.0002,2e-05,0.00026,1e-05,0,-0.00334,0.00276,-4e-05,5e-05,0.00057,2e-05,-0,-0.00292,0.00118,-0.00024,0.00189,-0,1e-05,1e-05,-9e-05,0.00058,-5e-05,0.00091,1e-05,-0,-0,-0.00131,0.00118,0,-0.01487,-0.00062,-1e-05,0
97.38,-0.00063,-0.00016,1e-05,0.00025,2e-05,-0,-0.0033,0.00271,-0.0002,-4e-05,0.0005,-1e-05,1e-05,-0.00291,0.00117,-0.00038,0.00193,-0,0,1e-05,-9e-05,0.00067,-9e-05,0.00102,2e-05,-0,-0,-0.00095,0.00099,1e-05,-0.01681,-0.00068,-2e-05,-1e-05
97.4,-0.00075,-0.00012,-1e-05,0.00026,3e-05,0,-0.00306,0.00256,-0.0004,-0.00015,0.00037,-3e-05,2e-05,-0.00276,0.00125,-0.0005,0.00186,0,-1e-05,1e-05,-9e-05,0.0007,-0.00011,0.00105,2e-05,-0,-0,-0.00059,0.0008,1e-05,-0.01764,-0.00069,-3e-05,-2e-05
97.42,-0.0008,-7e-05,-4e-05,0.00028,4e-05,0,-0.00269,0.00207,-0.00065,-0.00026,0.00021,-4e-05,1e-05,-0.0025,0.00131,-0.00059,0.0017,2e-05,-1e-05,1e-05,-8e-05,0.00067,-0.00012,0.00101,2e-05,-0,-0,-0.00019,0.00062,2e-05,-0.01718,-0.00066,-4e-05,-3e-05
97.44,-0.00072,-3e-05,-7e-05,0.00032,4e-05,0,-0.00223,0.00155,-0.00084,-0.00034,8e-05,-4e-05,1e-05,-0.00218,0.00136,-0.00062,0.00149,4e-05,-2e-05,1e-05,-5e-05,0.00062,-0.00012,0.00086,2e-05,-0,-0,0.00029,0.0005,4e-05,-0.01502,-0.00058,-4e-05,-4e-05
97.46,-0.0005,-0,-9e-05,0.00038,3e-05,0,-0.00175,0.00116,-0.00088,-0.00039,1e-05,-2e-05,1e-05,-0.00182,0.00142,-0.00056,0.00127,5e-05,-2e-05,1e-05,0,0.00054,-0.00011,0.00059,1e-05,-0,-0,0.00086,0.00044,5e-05,-0.01094,-0.00045,-4e-05,-4e-05
97.48,-0.00019,1e-05,-0.0001,0.00046,3e-05,0,-0.00131,0.00086,-0.00076,-0.0004,-2e-05,-1e-05,0,-0.00146,0.00147,-0.00044,0.00104,6e-05,-2e-05,1e-05,7e-05,0.00046,-0.0001,0.00021,1e-05,-0,-0,0.00148,0.00045,7e-05,-0.00501,-0.00029,-4e-05,-5e-05
97.5,0.00017,2e-05,-9e-05,0.00056,2e-05,0,-0.00097,0.00051,-0.00051,-0.00038,-3e-05,1e-05,0,-0.00116,0.00116,-0.00027,0.00084,6e-05,-1e-05,1e-05,0.00015,0.00036,-7e-05,-0.00025,1e-05,-0,-0,0.00209,0.00054,8e-05,0.00257,-0.00011,-3e-05,-5e-05
97.52,0.00048,1e-05,-8e-05,0.00066,1e-05,0,-0.00079,0.00012,-0.00021,-0.00033,-3e-05,2e-05,0,-0.00096,0.00049,-0.0001,0.00066,4e-05,-1e-05,0,0.00024,0.00027,-3e-05,-0.00075,0,-0,-0,0.0026,0.00069,9e-05,0.01103,9e-05,-3e-05,-4e-05
97.54,0.00064,-0,-5e-05,0.00074,0,0,-0.00076,-0.00022,0.00011,-0.00026,-2e-05,2e-05,-0,-0.00082,-0.00015,8e-05,0.0005,3e-05,0,0,0.00032,0.00017,3e-05,-0.00125,-0,-0,-0,0.00294,0.0009,9e-05,0.01957,0.0003,-2e-05,-4e-05
97.56,0.00064,-2e-05,-1e-05,0.00081,-0,0,-0.00086,-0.00055,0.00038,-0.00018,-2e-05,1e-05,-0,-0.00074,-0.00073,0.00024,0.00034,1e-05,1e-05,0,0.00037,8e-05,9e-05,-0.00171,-1e-05,-0,-0,0.00304,0.00114,0.0001,0.02786,0.0005,-1e-05,-3e-05
97.58,0.00045,-4e-05,3e-05,0.00085,-1e-05,0,-0.00105,-0.00097,0.00055,-8e-05,-1e-05,1e-05,-0,-0.00073,-0.00134,0.00035,0.00019,-0,2e-05,0,0.00038,-1e-05,0.00017,-0.00213,-2e-05,-0,0,0.00288,0.00139,0.00011,0.03556,0.00067,1e-05,-2e-05
97.6,6e-05,-5e-05,6e-05,0.00085,-1e-05,0,-0.0013,-0.00146,0.0006,-0,-1e-05,-0,-1e-05,-0.00079,-0.0019,0.00041,5e-05,-1e-05,2e-05,0,0.00034,-9e-05,0.00024,-0.00244,-2e-05,0,0,0.0025,0.00159,0.00012,0.04163,0.0008,2e-05,1e-05
97.62,-0.00053,-6e-05,8e-05,0.00078,-1e-05,0,-0.00154,-0.00186,0.00056,7e-05,-1e-05,-1e-05,-1e-05,-0.00094,-0.00219,0.00042,-7e-05,-1e-05,2e-05,0,0.00029,-0.00016,0.0003,-0.00259,-3e-05,0,0,0.00195,0.00173,0.00014,0.04456,0.00089,5e-05,4e-05
97.64,-0.00129,-6e-05,9e-05,0.00066,-1e-05,-0,-0.00177,-0.00227,0.00043,0.00011,-1e-05,-1e-05,-1e-05,-0.00116,-0.00231,0.00037,-0.00016,0,2e-05,0,0.0002,-0.00021,0.00035,-0.00258,-3e-05,0,0,0.00117,0.00175,0.00013,0.04474,0.00091,8e-05,8e-05
97.66,-0.00214,-5e-05,9e-05,0.00052,-1e-05,-0,-0.002,-0.00283,0.00026,0.00012,-2e-05,-0,-2e-05,-0.00143,-0.00245,0.00027,-0.00022,2e-05,1e-05,0,0.00011,-0.00024,0.00038,-0.00246,-4e-05,1e-05,0,0.00017,0.00166,0.0001,0.04311,0.00086,0.00011,0.00013
97.68,-0.00303,-4e-05,9e-05,0.00037,-1e-05,-0,-0.00226,-0.0035,0.0001,0.0001,-3e-05,-0,-2e-05,-0.00176,-0.00255,0.00014,-0.00023,3e-05,1e-05,1e-05,1e-05,-0.00025,0.00038,-0.00223,-4e-05,1e-05,1e-05,-0.00098,0.00147,3e-05,0.0396,0.00074,0.00015,0.00018
97.7,-0.00387,-3e-05,8e-05,0.00023,-1e-05,-0,-0.00255,-0.00403,-3e-05,6e-05,-5e-05,0,-2e-05,-0.00211,-0.00261,0,-0.00022,4e-05,-0,1e-05,-8e-05,-0.00024,0.00037,-0.00196,-4e-05,1e-05,1e-05,-0.00217,0.00123,-0.00011,0.03517,0.00058,0.00018,0.00023
97.72,-0.00458,-1e-05,6e-05,0.00012,-1e-05,-0,-0.00285,-0.00408,-0.0001,1e-05,-3e-05,1e-05,-0,-0.00242,-0.00261,-0.00013,-0.00019,4e-05,-1e-05,2e-05,-0.00016,-0.0002,0.00037,-0.00173,-4e-05,1e-05,1e-05,-0.00324,0.00099,-0.00029,0.03073,0.00039,0.00021,0.00027
97.74,-0.0051,-0,5e-05,5e-05,-0,-0,-0.00319,-0.00388,-0.00012,-4e-05,1e-05,1e-05,1e-05,-0.00273,-0.0025,-0.00023,-0.00014,4e-05,-1e-05,3e-05,-0.00022,-0.00012,0.00036,-0.00151,-3e-05,1e-05,1e-05,-0.00409,0.00079,-0.00047,0.02613,0.0002,0.00022,0.00029
97.76,-0.00538,1e-05,3e-05,0,-0,-0,-0.00363,-0.00355,-0.00012,-8e-05,5e-05,1e-05,2e-05,-0.00308,-0.00228,-0.00029,-7e-05,4e-05,-1e-05,3e-05,-0.00028,0,0.00032,-0.00127,-3e-05,1e-05,1e-05,-0.00471,0.00065,-0.00061,0.02134,5e-05,0.00022,0.0003
97.78,-0.00537,1e-05,2e-05,-2e-05,-0,-0,-0.00416,-0.00295,-0.00011,-0.0001,7e-05,2e-05,3e-05,-0.00348,-0.00192,-0.00031,-0,3e-05,-1e-05,4e-05,-0.00033,0.00016,0.00026,-0.00105,-2e-05,1e-05,0,-0.00507,0.00056,-0.00072,0.01662,-8e-05,0.00021,0.00028
97.8,-0.00505,1e-05,1e-05,-1e-05,-0,-0,-0.00467,-0.00232,-0.00011,-0.0001,7e-05,2e-05,3e-05,-0.00388,-0.00152,-0.00029,8e-05,3e-05,0,4e-05,-0.00037,0.00033,0.00018,-0.00083,-1e-05,0,0,-0.00516,0.0005,-0.00073,0.01252,-0.00017,0.00018,0.00025
97.82,-0.00444,1e-05,0,0,-0,0,-0.00501,-0.00183,-0.00011,-5e-05,5e-05,2e-05,3e-05,-0.00415,-0.00117,-0.00025,0.00016,2e-05,1e-05,4e-05,-0.00039,0.00048,9e-05,-0.00064,-0,0,0,-0.00494,0.00045,-0.00066,0.00932,-0.00021,0.00016,0.00022
97.84,-0.00366,0,-0,1e-05,-0,0,-0.00525,-0.00132,-0.00011,3e-05,3e-05,3e-05,2e-05,-0.00433,-0.00082,-0.00019,0.00023,2e-05,2e-05,4e-05,-0.00039,0.0006,1e-05,-0.00047,0,-0,-0,-0.00452,0.00037,-0.00055,0.00666,-0.00022,0.00013,0.00018
97.86,-0.00278,-0,-1e-05,0,-0,0,-0.0054,-0.00075,-0.0001,0.00016,1e-05,3e-05,1e-05,-0.00444,-0.00049,-0.00012,0.00031,2e-05,3e-05,3e-05,-0.00038,0.00066,-6e-05,-0.00033,1e-05,-0,-0,-0.00395,0.00026,-0.00045,0.00443,-0.0002,0.0001,0.00014
97.88,-0.00189,-1e-05,-1e-05,-2e-05,-0,-0,-0.00538,-0.00026,-7e-05,0.00031,-0,2e-05,1e-05,-0.0044,-0.00022,-6e-05,0.00037,1e-05,3e-05,2e-05,-0.00035,0.00067,-0.00011,-0.00022,1e-05,-0,-0,-0.00329,0.00011,-0.00035,0.00269,-0.00016,7e-05,0.0001
97.9,-0.00099,-2e-05,-2e-05,-4e-05,-0,0,-0.00526,3e-05,-3e-05,0.00047,-1e-05,2e-05,-0,-0.00425,-5e-05,-1e-05,0.00042,1e-05,3e-05,1e-05,-0.00031,0.00064,-0.00016,-0.00014,2e-05,-1e-05,-0,-0.0026,-7e-05,-0.00027,0.00139,-0.00011,4e-05,6e-05
97.92,-0.00018,-2e-05,-3e-05,-7e-05,-0,0,-0.00511,0.00019,1e-05,0.00063,0,1e-05,-1e-05,-0.00407,2e-05,0,0.00047,0,3e-05,0,-0.00027,0.00057,-0.00019,-8e-05,2e-05,-1e-05,-0,-0.00197,-0.00027,-0.00019,0.00047,-6e-05,2e-05,3e-05
97.94,0.00047,-2e-05,-4e-05,-9e-05,-0,0,-0.00481,0.00025,4e-05,0.00076,2e-05,1e-05,-1e-05,-0.00378,5e-05,-0,0.0005,-0,3e-05,-0,-0.00022,0.00047,-0.00021,-4e-05,2e-05,-1e-05,-1e-05,-0.00139,-0.00047,-0.00012,-0.00013,-0,0,1e-05
97.96,0.00095,-2e-05,-5e-05,-0.0001,0,0,-0.00424,0.00021,8e-05,0.00081,4e-05,0,-2e-05,-0.00333,3e-05,-3e-05,0.00051,-1e-05,3e-05,-1e-05,-0.00018,0.00037,-0.00023,-1e-05,2e-05,-1e-05,-1e-05,-0.00089,-0.00067,-7e-05,-0.0005,4e-05,-1e-05,-2e-05
97.98,0.00129,-2e-05,-7e-05,-0.0001,0,0,-0.00343,0.0001,0.00011,0.00077,5e-05,-0,-2e-05,-0.00275,-2e-05,-8e-05,0.00048,-1e-05,3e-05,-2e-05,-0.00015,0.00026,-0.00023,0,2e-05,-1e-05,-1e-05,-0.00049,-0.00087,-4e-05,-0.00069,8e-05,-2e-05,-3e-05
98,0.00149,-1e-05,-8e-05,-9e-05,0,0,-0.0025,-4e-05,0.00015,0.00063,6e-05,-0,-2e-05,-0.00212,-7e-05,-0.00013,0.00039,-1e-05,2e-05,-3e-05,-0.00013,0.00016,-0.00022,1e-05,2e-05,-1e-05,-1e-05,-0.00018,-0.00107,-2e-05,-0.00077,0.00012,-2e-05,-4e-05
98.02,0.00157,-0,-9e-05,-5e-05,-0,0,-0.00156,-0.00019,0.0002,0.00039,6e-05,-0,-2e-05,-0.00151,-0.00011,-0.00018,0.00025,-0,1e-05,-3e-05,-0.00011,7e-05,-0.0002,1e-05,2e-05,-1e-05,-0,3e-05,-0.00127,-3e-05,-0.00076,0.00016,-2e-05,-4e-05
98.04,0.00155,1e-05,-9e-05,-0,-0,0,-0.00061,-0.00031,0.00028,6e-05,6e-05,-0,-1e-05,-0.00087,-0.00013,-0.00019,2e-05,2e-05,0,-3e-05,-0.0001,-2e-05,-0.00018,0,2e-05,-1e-05,-0,0.00017,-0.00148,-6e-05,-0.00069,0.0002,-2e-05,-3e-05
98.06,0.00146,2e-05,-9e-05,5e-05,-0,0,0.00029,-0.00038,0.00039,-0.00033,6e-05,-0,-1e-05,-0.00023,-0.00011,-0.00015,-0.00027,3e-05,-1e-05,-3e-05,-0.00011,-8e-05,-0.00015,-1e-05,1e-05,-1e-05,-0,0.00021,-0.00169,-0.00011,-0.00057,0.00025,-1e-05,-2e-05
98.08,0.00131,4e-05,-8e-05,0.00011,-0,0,0.001,-0.00038,0.00053,-0.00074,5e-05,-0,-0,0.00037,-7e-05,-4e-05,-0.00064,4e-05,-1e-05,-3e-05,-0.00011,-0.00013,-0.00011,-3e-05,1e-05,-1e-05,-0,0.00016,-0.00187,-0.00016,-0.0004,0.00033,0,-0
98.1,0.0011,6e-05,-7e-05,0.00018,-0,0,0.00146,-0.00034,0.00068,-0.00113,4e-05,-0,-0,0.0009,-2e-05,0.00016,-0.00107,3e-05,-1e-05,-3e-05,-0.00013,-0.00017,-8e-05,-4e-05,1e-05,-1e-05,-0,-2e-05,-0.00202,-0.00022,-0.00019,0.00044,2e-05,2e-05
98.12,0.00083,8e-05,-5e-05,0.00023,-1e-05,0,0.00173,-0.0003,0.00082,-0.00144,4e-05,-0,-0,0.00135,3e-05,0.00046,-0.00153,2e-05,-1e-05,-2e-05,-0.00016,-0.00019,-4e-05,-7e-05,0,-1e-05,-0,-0.00034,-0.00211,-0.00027,8e-05,0.00059,3e-05,3e-05
98.14,0.00051,0.0001,-3e-05,0.00028,-1e-05,0,0.00179,-0.00022,0.00094,-0.00164,3e-05,-0,-0,0.0017,8e-05,0.00083,-0.002,0,1e-05,-2e-05,-0.00021,-0.0002,1e-05,-9e-05,-0,-1e-05,-0,-0.00082,-0.00211,-0.0003,0.00042,0.00079,4e-05,4e-05
98.16,0.00016,0.00013,-2e-05,0.00032,-1e-05,0,0.00159,-0.00012,0.00101,-0.00172,1e-05,0,-0,0.00186,0.00011,0.00125,-0.00243,0,3e-05,-1e-05,-0.00026,-0.0002,5e-05,-0.00012,-1e-05,-0,-0,-0.00148,-0.00199,-0.00031,0.00081,0.00102,4e-05,4e-05
98.18,-0.0002,0.00015,-0,0.00035,-2e-05,0,0.00122,-1e-05,0.00102,-0.00167,0,-0,-0,0.00178,0.00011,0.00164,-0.00277,4e-05,7e-05,-1e-05,-0.00032,-0.00019,0.0001,-0.00015,-1e-05,-0,-0,-0.00231,-0.00174,-0.0003,0.00124,0.00129,5e-05,3e-05
98.2,-0.00056,0.00017,1e-05,0.00036,-2e-05,0,0.00081,5e-05,0.00099,-0.0015,-1e-05,-0,-0,0.00147,9e-05,0.00192,-0.00292,0.00015,0.00011,-0,-0.00038,-0.00017,0.00015,-0.00017,-2e-05,-0,-0,-0.00327,-0.00138,-0.00027,0.0017,0.00158,4e-05,2e-05
98.22,-0.00093,0.00017,3e-05,0.00035,-3e-05,0,0.0005,5e-05,0.00097,-0.00125,-1e-05,-0,-0,0.00102,6e-05,0.00199,-0.0027,0.00036,0.00014,-0,-0.00044,-0.00014,0.0002,-0.0002,-3e-05,-0,-0,-0.00433,-0.00091,-0.00024,0.00214,0.00184,4e-05,1e-05
98.24,-0.00131,0.00014,5e-05,0.00033,-4e-05,0,0.0003,2e-05,0.00094,-0.00095,0,0,-0,0.00048,2e-05,0.00186,-0.00215,0.00063,0.00017,0,-0.0005,-0.00011,0.00025,-0.00021,-3e-05,-0,0,-0.0054,-0.00039,-0.0002,0.00252,0.00206,3e-05,-1e-05
98.26,-0.0017,0.0001,8e-05,0.00029,-5e-05,0,0.00018,-2e-05,0.0009,-0.00064,3e-05,1e-05,-0,0,0,0.00164,-0.0015,0.00089,0.0002,1e-05,-0.00055,-7e-05,0.0003,-0.00023,-4e-05,0,0,-0.00636,0.00015,-0.00016,0.00279,0.00222,3e-05,-2e-05
98.28,-0.00208,5e-05,0.0001,0.00025,-6e-05,0,0.0001,-5e-05,0.00083,-0.00033,7e-05,2e-05,-0,-0.00025,-0,0.00141,-0.00084,0.00102,0.00021,2e-05,-0.00058,-3e-05,0.00033,-0.00023,-5e-05,0,0,-0.00711,0.00069,-0.00011,0.00294,0.00228,2e-05,-3e-05
98.3,-0.00248,-0,0.00012,0.0002,-7e-05,0,-5e-05,-8e-05,0.00073,-3e-05,0.00013,4e-05,0,-0.00024,-0,0.00121,-0.00045,0.00105,0.00023,2e-05,-0.0006,2e-05,0.00035,-0.00023,-5e-05,0,0,-0.00749,0.00116,-7e-05,0.00291,0.00224,2e-05,-4e-05
98.32,-0.0029,-5e-05,0.00011,0.00014,-8e-05,0,-0.00022,-0.00011,0.00059,0.0003,0.00024,8e-05,0,-1e-05,0,0.00098,-0.00052,0.00107,0.00028,3e-05,-0.0006,8e-05,0.00037,-0.00023,-5e-05,0,0,-0.00742,0.00151,-1e-05,0.00268,0.00208,1e-05,-5e-05
98.34,-0.00328,-6e-05,8e-05,9e-05,-0.0001,0,-0.00039,-0.00014,0.00042,0.00069,0.00036,0.00012,0,0.00012,2e-05,0.00077,-0.00068,0.00087,0.00026,3e-05,-0.00059,0.00015,0.00036,-0.00022,-5e-05,0,0,-0.00683,0.0017,5e-05,0.00228,0.00183,-1e-05,-6e-05
98.36,-0.00354,-6e-05,8e-05,5e-05,-0.00012,0,-0.00065,-0.00017,0.00026,0.00108,0.00046,0.00017,0,-0.0001,0.00012,0.0006,-0.00065,0.00046,0.00016,2e-05,-0.00056,0.00022,0.00032,-0.0002,-4e-05,0,0,-0.00581,0.00173,0.00013,0.00178,0.0015,-2e-05,-7e-05
98.38,-0.00368,-4e-05,9e-05,2e-05,-0.00012,0,-0.00096,-0.0002,0.00014,0.00142,0.00052,0.0002,0,-0.00057,0.00036,0.00044,-0.00045,5e-05,6e-05,2e-05,-0.00052,0.0003,0.00027,-0.00017,-4e-05,0,0,-0.00451,0.00161,0.00021,0.00124,0.00114,-3e-05,-8e-05
98.4,-0.0037,-1e-05,0.0001,-0,-0.00011,0,-0.00126,-0.0002,5e-05,0.00164,0.00053,0.00021,0,-0.00111,0.00057,0.00019,-0.00014,-0.00026,-1e-05,2e-05,-0.00047,0.00038,0.0002,-0.00014,-3e-05,0,0,-0.00313,0.00136,0.00026,0.00077,0.0008,-3e-05,-8e-05
98.42,-0.00361,1e-05,4e-05,-1e-05,-9e-05,0,-0.00146,-0.00018,1e-05,0.00171,0.00048,0.00021,0,-0.00163,0.0006,-0,0.00012,-0,4e-05,1e-05,-0.00041,0.00044,0.00011,-0.00011,-2e-05,0,0,-0.00188,0.00105,0.00028,0.00041,0.00051,-4e-05,-7e-05
98.44,-0.00337,4e-05,1e-05,-0,-6e-05,0,-0.00154,-0.00015,-0,0.00165,0.0004,0.0002,0,-0.00184,0.00047,5e-05,0.00029,0.00071,0.00019,-0,-0.00034,0.00049,3e-05,-8e-05,-1e-05,0,0,-0.00094,0.00072,0.00027,0.00018,0.00029,-3e-05,-6e-05
98.46,-0.00297,5e-05,0,-0,-4e-05,0,-0.00151,-0.0001,-0,0.00152,0.00033,0.00017,-0,-0.00177,0.0004,0.00013,0.00036,0.00132,0.00033,-0,-0.00025,0.00051,-4e-05,-5e-05,-1e-05,-0,-0,-0.00033,0.00042,0.00024,5e-05,0.00015,-2e-05,-4e-05
98.48,-0.00245,6e-05,1e-05,0,-2e-05,0,-0.00136,-5e-05,0,0.00132,0.00025,0.00014,-0,-0.00154,0.00049,8e-05,0.00039,0.00173,0.00038,-0,-0.00015,0.00052,-9e-05,-2e-05,-0,-0,-0,-1e-05,0.00016,0.0002,-0,6e-05,-1e-05,-3e-05
98.5,-0.00186,6e-05,0,1e-05,-1e-05,0,-0.00117,-1e-05,1e-05,0.00108,0.00019,0.0001,-0,-0.00144,0.00059,-3e-05,0.0004,0.0018,0.00036,-0,-5e-05,0.00051,-0.00014,1e-05,0,-0,-0,9e-05,-3e-05,0.00015,-0,2e-05,-0,-1e-05
98.52,-0.00127,6e-05,-1e-05,0,1e-05,0,-0.00102,-0,0,0.00084,0.00013,7e-05,-0,-0.00146,0.00053,-0.0001,0.00039,0.00143,0.00028,0,4e-05,0.00048,-0.00018,3e-05,1e-05,-0,-0,7e-05,-0.00015,0.00012,1e-05,-0,0,-0
98.54,-0.00075,6e-05,-3e-05,-1e-05,1e-05,0,-0.00086,0,0,0.00062,9e-05,5e-05,-0,-0.00139,0.00041,-0.00013,0.00035,0.00096,0.00019,0,0.00013,0.00044,-0.0002,4e-05,1e-05,-0,-0,1e-05,-0.00018,7e-05,3e-05,-0,0,0
98.56,-0.00034,5e-05,-3e-05,-2e-05,2e-05,0,-0.00067,0,-0,0.00042,6e-05,3e-05,-0,-0.00118,0.00028,-0.00014,0.00029,0.0006,0.00011,0,0.00019,0.00039,-0.0002,5e-05,1e-05,-0,-0,-4e-05,-0.00014,2e-05,3e-05,0,0,0
98.58,-4e-05,5e-05,-4e-05,-2e-05,2e-05,0,-0.00047,0,-1e-05,0.00026,4e-05,2e-05,-0,-0.00088,0.00012,-0.00013,0.00022,0.00034,6e-05,0,0.00024,0.00034,-0.00019,5e-05,1e-05,-0,-0,-6e-05,-0.00011,0,3e-05,0,0,0
98.6,0.00017,5e-05,-4e-05,-3e-05,2e-05,0,-0.0003,0,-1e-05,0.00014,3e-05,1e-05,-0,-0.00056,-5e-05,-0.0001,0.00014,0.00017,2e-05,0,0.00025,0.00029,-0.00017,5e-05,1e-05,-0,-0,-7e-05,-7e-05,0,2e-05,0,0,0
98.62,0.0003,4e-05,-3e-05,-2e-05,2e-05,0,-0.00017,-0,-2e-05,5e-05,2e-05,1e-05,-0,-0.00025,-0.00023,-5e-05,7e-05,7e-05,0,0,0.00024,0.00025,-0.00015,5e-05,1e-05,-0,-0,-6e-05,-4e-05,-0,1e-05,1e-05,-0,-0
98.64,0.00036,4e-05,-3e-05,-2e-05,2e-05,0,-6e-05,-0,-2e-05,-1e-05,2e-05,1e-05,-0,3e-05,-0.00038,0,1e-05,2e-05,-0,0,0.00022,0.00022,-0.00013,4e-05,1e-05,-0,-0,-3e-05,-1e-05,0,0,1e-05,-0,-0
98.66,0.00038,4e-05,-2e-05,-1e-05,1e-05,0,2e-05,-0,-3e-05,-5e-05,2e-05,1e-05,-0,0.00026,-0.0005,5e-05,-4e-05,-0,0,0,0.00018,0.00019,-0.0001,3e-05,0,-0,-0,-1e-05,1e-05,0,-1e-05,1e-05,-0,-1e-05
98.68,0.00037,4e-05,-2e-05,0,1e-05,0,8e-05,-0,-3e-05,-6e-05,2e-05,1e-05,0,0.00043,-0.00058,7e-05,-8e-05,-1e-05,0,0,0.00013,0.00018,-8e-05,1e-05,0,0,0,3e-05,3e-05,-0,-1e-05,1e-05,-0,-1e-05
98.7,0.00035,4e-05,-1e-05,1e-05,1e-05,0,0.0001,-0,-2e-05,-6e-05,3e-05,1e-05,0,0.00053,-0.0006,8e-05,-0.00011,-1e-05,1e-05,0,7e-05,0.00017,-6e-05,0,0,0,0,6e-05,4e-05,-1e-05,-2e-05,1e-05,-0,-1e-05
98.72,0.00031,4e-05,-0,1e-05,0,0,0.00011,0,-1e-05,-5e-05,3e-05,1e-05,0,0.00059,-0.00057,7e-05,-0.00013,-1e-05,1e-05,-0,2e-05,0.00017,-5e-05,-1e-05,-0,0,0,9e-05,5e-05,-1e-05,-3e-05,1e-05,-0,-1e-05
98.74,0.00029,4e-05,0,2e-05,0,0,0.00012,0,-0,-4e-05,3e-05,1e-05,0,0.0006,-0.00048,3e-05,-0.00015,-1e-05,1e-05,-0,-2e-05,0.00018,-5e-05,-2e-05,-0,0,0,0.00012,5e-05,-2e-05,-3e-05,1e-05,-0,-1e-05
98.76,0.00027,3e-05,1e-05,2e-05,-0,0,0.00012,1e-05,1e-05,-3e-05,2e-05,0,-0,0.00056,-0.00032,-3e-05,-0.00015,-1e-05,1e-05,0,-6e-05,0.00019,-4e-05,-2e-05,-0,0,0,0.00015,5e-05,-2e-05,-3e-05,1e-05,-0,-1e-05
98.78,0.00026,3e-05,1e-05,1e-05,-0,0,0.00012,1e-05,2e-05,-2e-05,1e-05,-0,-0,0.00049,-0.0001,-0.0001,-0.00016,-1e-05,1e-05,0,-0.0001,0.0002,-5e-05,-3e-05,-0,0,0,0.00017,4e-05,-2e-05,-4e-05,0,-0,-1e-05
98.8,0.00026,3e-05,1e-05,1e-05,-0,0,0.00011,1e-05,3e-05,-4e-05,-1e-05,-1e-05,-0,0.0004,0.00015,-0.00018,-0.00016,-1e-05,1e-05,0,-0.00012,0.00021,-5e-05,-4e-05,-0,-0,-0,0.00019,4e-05,-3e-05,-4e-05,0,-0,-1e-05
98.82,0.00028,2e-05,2e-05,1e-05,-0,0,0.00011,1e-05,3e-05,-7e-05,-4e-05,-1e-05,-0,0.00029,0.00041,-0.00025,-0.00016,-1e-05,0,-0,-0.00014,0.00023,-6e-05,-4e-05,-0,-0,-0,0.0002,4e-05,-4e-05,-4e-05,0,-0,-1e-05
98.84,0.0003,2e-05,2e-05,1e-05,0,0,0.0001,1e-05,4e-05,-0.00013,-7e-05,-2e-05,-0,0.00018,0.00066,-0.00032,-0.00016,-1e-05,0,-0,-0.00016,0.00025,-7e-05,-4e-05,0,-0,-0,0.00021,3e-05,-6e-05,-4e-05,0,-0,-0
98.86,0.00032,2e-05,2e-05,0,1e-05,0,0.0001,1e-05,5e-05,-0.00021,-0.0001,-2e-05,-0,8e-05,0.00085,-0.00036,-0.00015,-1e-05,0,-0,-0.00018,0.00028,-8e-05,-4e-05,0,-0,-0,0.00021,3e-05,-9e-05,-3e-05,1e-05,-0,-0
98.88,0.00034,2e-05,2e-05,0,1e-05,0,0.00011,1e-05,5e-05,-0.00033,-0.00011,-1e-05,-0,-0,0.00094,-0.00036,-0.00016,-1e-05,0,-0,-0.00019,0.00031,-9e-05,-4e-05,1e-05,-0,-0,0.00018,2e-05,-0.0001,-2e-05,0,-0,0
98.9,0.00035,3e-05,2e-05,-0,2e-05,0,0.0001,1e-05,6e-05,-0.00047,-9e-05,1e-05,-0,-6e-05,0.00096,-0.00035,-0.00016,-1e-05,0,-0,-0.0002,0.00034,-0.0001,-3e-05,1e-05,-0,-0,0.0001,0,-0.00011,1e-05,-2e-05,0,0
98.92,0.00036,5e-05,2e-05,-0,3e-05,0,7e-05,0,6e-05,-0.00063,-3e-05,5e-05,-0,-9e-05,0.00102,-0.00035,-0.00015,-1e-05,1e-05,-0,-0.00021,0.00037,-0.00011,-2e-05,1e-05,-1e-05,-0,2e-05,-1e-05,-0.00012,4e-05,-5e-05,0,0
98.94,0.00035,7e-05,2e-05,-1e-05,4e-05,0,1e-05,0,6e-05,-0.00079,9e-05,0.00012,-0,-0.00011,0.00103,-0.00034,-0.00015,0,1e-05,-0,-0.00023,0.0004,-0.00011,-1e-05,2e-05,-1e-05,-0,-7e-05,-1e-05,-0.00013,5e-05,-0.00013,-0,0
98.96,0.00031,0.0001,2e-05,-1e-05,5e-05,0,-7e-05,0,6e-05,-0.00093,0.00026,0.00022,-0,-0.00011,0.0009,-0.0003,-0.00015,3e-05,3e-05,-0,-0.00024,0.00043,-0.00011,0,2e-05,-1e-05,-0,-0.00015,1e-05,-0.00013,2e-05,-0.00026,-1e-05,-1e-05
98.98,0.00025,0.00015,2e-05,-1e-05,5e-05,0,-0.00019,-0,5e-05,-0.00104,0.00039,0.0003,-0,-0.00011,0.00069,-0.00025,-0.00015,7e-05,4e-05,-0,-0.00026,0.00045,-0.00011,2e-05,3e-05,-1e-05,-0,-0.00023,5e-05,-0.00013,-8e-05,-0.00046,-2e-05,-3e-05
99,0.00015,0.00021,1e-05,-1e-05,4e-05,0,-0.00032,-1e-05,2e-05,-0.00109,0.00056,0.00039,0,-0.0001,0.00039,-0.00017,-0.00013,0.00013,5e-05,-0,-0.00029,0.00047,-0.0001,3e-05,3e-05,-1e-05,-0,-0.00029,0.00012,-0.00013,-0.00028,-0.00075,-5e-05,-6e-05
99.02,2e-05,0.00029,1e-05,-1e-05,2e-05,-0,-0.00037,-3e-05,-1e-05,-0.00105,0.00093,0.00054,1e-05,-0.0001,8e-05,-0.00012,-0.00011,0.00025,8e-05,0,-0.00031,0.00049,-8e-05,5e-05,3e-05,-1e-05,-0,-0.00036,0.00019,-0.00013,-0.0006,-0.00111,-7e-05,-9e-05
99.04,-0.00015,0.00038,-0,-2e-05,-1e-05,-0,-0.00032,-6e-05,-3e-05,-0.00103,0.00111,0.00063,1e-05,-0.00011,-0.00012,-8e-05,-6e-05,0.00036,9e-05,0,-0.00035,0.00052,-6e-05,6e-05,3e-05,-0,-0,-0.00045,0.00028,-0.00014,-0.00107,-0.00151,-0.0001,-0.00012
99.06,-0.00035,0.00048,-1e-05,-2e-05,-4e-05,-0,-0.00023,-8e-05,-4e-05,-0.00108,0.00096,0.00058,2e-05,-0.00011,-0.00022,-5e-05,-0,0.00039,9e-05,0,-0.00038,0.00055,-4e-05,7e-05,3e-05,-0,-0,-0.00056,0.00035,-0.00016,-0.00165,-0.00192,-0.00013,-0.00015
99.08,-0.00056,0.00059,-2e-05,-2e-05,-7e-05,-0,-0.00014,-8e-05,-8e-05,-0.00112,0.00068,0.00049,2e-05,-0.00012,-0.00026,-5e-05,6e-05,0.00037,8e-05,1e-05,-0.00041,0.00058,-1e-05,7e-05,3e-05,-0,-0,-0.00069,0.00042,-0.0002,-0.00229,-0.00228,-0.00015,-0.00017
99.1,-0.00077,0.00069,-3e-05,-3e-05,-9e-05,-0,-0.0001,-6e-05,-0.00017,-0.00097,0.00031,0.00032,2e-05,-0.00011,-0.00028,-6e-05,0.00013,0.0003,6e-05,1e-05,-0.00042,0.00063,1e-05,5e-05,3e-05,-0,-0,-0.00079,0.00046,-0.00028,-0.00291,-0.00255,-0.00017,-0.00019
99.12,-0.00096,0.00075,-3e-05,-4e-05,-0.00011,-0,-1e-05,-5e-05,-0.00022,-0.00064,2e-05,0.0001,4e-05,-4e-05,-0.00035,-6e-05,0.0002,0.00018,3e-05,1e-05,-0.0004,0.00068,5e-05,3e-05,3e-05,-0,-0,-0.0008,0.00047,-0.00039,-0.00349,-0.00269,-0.00018,-0.00019
99.14,-0.00108,0.00079,-4e-05,-6e-05,-0.00013,-0,0.00019,-4e-05,-0.0002,-0.00032,0,-2e-05,7e-05,9e-05,-0.00047,-7e-05,0.00026,9e-05,1e-05,1e-05,-0.00036,0.00075,8e-05,-1e-05,2e-05,-0,-0,-0.00068,0.00045,-0.00056,-0.00391,-0.00269,-0.00018,-0.00019
99.16,-0.0011,0.00079,-3e-05,-8e-05,-0.00015,-0,0.00045,-1e-05,-0.00018,-0.00012,0.00011,-3e-05,0.0001,0.00022,-0.00065,-9e-05,0.00031,4e-05,-0,1e-05,-0.0003,0.00083,0.0001,-6e-05,2e-05,-0,-0,-0.00044,0.00041,-0.00076,-0.00406,-0.00256,-0.00017,-0.00018
99.18,-0.001,0.00076,-1e-05,-0.00011,-0.00017,-0,0.00064,2e-05,-0.00013,0,0.00023,-0,0.00012,0.0003,-0.00093,-0.00012,0.00033,1e-05,-0,0,-0.00022,0.00093,0.00012,-0.00012,1e-05,-0,-0,-9e-05,0.00037,-0.00098,-0.00396,-0.00232,-0.00016,-0.00017
99.2,-0.00078,0.0007,1e-05,-0.00015,-0.00018,-0,0.00072,4e-05,-0.0001,1e-05,0.00026,3e-05,0.00013,0.00037,-0.00125,-0.00014,0.00032,-0,-0,-0,-0.00015,0.00103,0.00014,-0.00016,0,-0,-0,0.00032,0.00032,-0.0012,-0.00368,-0.00201,-0.00015,-0.00016
99.22,-0.00043,0.00063,2e-05,-0.0002,-0.00017,-0,0.00083,9e-05,-0.00012,-2e-05,0.00017,3e-05,0.00011,0.00052,-0.00143,-0.00014,0.00027,-1e-05,-1e-05,-0,-0.0001,0.00116,0.00014,-0.00018,-0,-0,-0,0.00073,0.00023,-0.0014,-0.0033,-0.00166,-0.00014,-0.00015
99.24,3e-05,0.00055,4e-05,-0.00026,-0.00016,-0,0.00092,0.00013,-0.00015,-2e-05,6e-05,1e-05,9e-05,0.00068,-0.00148,-0.00012,0.00017,-1e-05,-0,-1e-05,-8e-05,0.0013,0.00014,-0.00015,-0,-1e-05,-0,0.00109,0.00011,-0.00153,-0.00297,-0.00133,-0.00014,-0.00016
99.26,0.00061,0.00045,6e-05,-0.00029,-0.00013,0,0.00088,0.00013,-0.00016,-2e-05,0,-0,7e-05,0.00076,-0.00144,-9e-05,0,-1e-05,-0,-1e-05,-6e-05,0.00144,0.00012,-0.0001,-1e-05,-1e-05,-0,0.00137,-3e-05,-0.00154,-0.00276,-0.00104,-0.00014,-0.00018
99.28,0.00126,0.00035,8e-05,-0.00032,-9e-05,0,0.00084,0.00011,-0.00013,-8e-05,2e-05,-0,5e-05,0.00083,-0.00127,-5e-05,-0.00023,-1e-05,0,-0,-5e-05,0.00157,0.0001,-3e-05,-1e-05,-1e-05,-0,0.00156,-0.00017,-0.00145,-0.00273,-0.0008,-0.00015,-0.00021
99.3,0.00193,0.00026,0.00011,-0.00033,-6e-05,0,0.00079,0.0001,-7e-05,-0.0002,0.0001,1e-05,3e-05,0.00085,-0.00102,-2e-05,-0.00048,-0,0,-0,2e-05,0.00166,8e-05,5e-05,-1e-05,-1e-05,-0,0.00163,-0.00036,-0.00131,-0.0029,-0.00062,-0.00016,-0.00024
99.32,0.00251,0.00016,0.00014,-0.00032,-4e-05,0,0.00069,8e-05,2e-05,-0.00032,0.00025,3e-05,1e-05,0.00075,-0.00082,-1e-05,-0.00067,-0,1e-05,-0,0.00018,0.0017,6e-05,0.0001,-1e-05,-1e-05,-0,0.00152,-0.00063,-0.00117,-0.00328,-0.0005,-0.00017,-0.00027
99.34,0.00298,7e-05,0.00018,-0.0003,-1e-05,0,0.00058,8e-05,0.0001,-0.0004,0.00043,7e-05,-0,0.00062,-0.00063,-0,-0.00076,-0,1e-05,0,0.0005,0.00167,3e-05,0.0001,-1e-05,-1e-05,-0,0.00125,-0.00087,-0.00107,-0.00385,-0.00043,-0.00017,-0.00029
99.36,0.00337,-2e-05,0.00025,-0.00027,1e-05,0,0.0005,9e-05,0.00016,-0.00043,0.00063,0.0001,-2e-05,0.00052,-0.00042,-1e-05,-0.00079,-0,1e-05,0,0.00101,0.00153,2e-05,3e-05,-1e-05,-1e-05,-0,0.00086,-0.00096,-0.00104,-0.00455,-0.00041,-0.00017,-0.0003
99.38,0.00368,-0.00012,0.00032,-0.00025,2e-05,0,0.00043,0.00011,0.00018,-0.0004,0.00074,0.00012,-3e-05,0.00045,-0.00022,-3e-05,-0.00073,-0,1e-05,1e-05,0.00169,0.00126,-0,-0.00017,-2e-05,-0,-0,0.00038,-0.00086,-0.0011,-0.00532,-0.00043,-0.00016,-0.0003
99.4,0.00394,-0.00022,0.00041,-0.00023,4e-05,0,0.00034,0.0001,0.00018,-0.00034,0.00078,0.00012,-4e-05,0.00039,-8e-05,-5e-05,-0.00063,-0,0,1e-05,0.00261,0.00084,-2e-05,-0.00044,-2e-05,-0,-0,-0.00024,-0.00049,-0.00127,-0.00609,-0.00048,-0.00015,-0.0003
99.42,0.00418,-0.00035,0.0005,-0.00022,5e-05,0,0.00022,6e-05,0.00016,-0.00029,0.0008,0.0001,-4e-05,0.00032,-4e-05,-8e-05,-0.00054,-0,-0,3e-05,0.00389,0.00028,-5e-05,-0.00065,-2e-05,-0,-0,-0.00107,0.00013,-0.0015,-0.00681,-0.00054,-0.00014,-0.00028
99.44,0.00441,-0.00046,0.00059,-0.00022,5e-05,-0,0.00013,0,0.00012,-0.00025,0.00066,7e-05,-5e-05,0.00026,-1e-05,-9e-05,-0.00046,-0,-0,5e-05,0.00531,-0.00041,-9e-05,-0.00081,-3e-05,0,0,-0.00206,0.00095,-0.00178,-0.00737,-0.00061,-0.00012,-0.00027
99.46,0.00463,-0.00055,0.00065,-0.00023,5e-05,-0,7e-05,-2e-05,8e-05,-0.00019,0.00034,3e-05,-5e-05,0.00022,0,-0.0001,-0.00036,-0,-1e-05,8e-05,0.00658,-0.00122,-0.00016,-0.00093,-3e-05,-0,0,-0.00317,0.00193,-0.00207,-0.00769,-0.00066,-0.00011,-0.00025
99.48,0.00482,-0.00061,0.00067,-0.00024,5e-05,-0,4e-05,-1e-05,4e-05,-0.00011,0,-1e-05,-5e-05,0.00019,-3e-05,-0.0001,-0.00025,0,-1e-05,0.00011,0.00756,-0.00219,-0.00025,-0.00093,-4e-05,-0,0,-0.00439,0.00303,-0.00234,-0.00779,-0.0007,-0.0001,-0.00024
99.5,0.00499,-0.00063,0.00067,-0.00025,5e-05,-0,3e-05,2e-05,-0,-4e-05,-0.00024,-2e-05,-4e-05,0.00016,-0.00012,-8e-05,-0.00018,0,-1e-05,0.00014,0.00822,-0.00325,-0.00037,-0.00084,-5e-05,-0,0,-0.00578,0.00412,-0.00251,-0.00774,-0.00071,-9e-05,-0.00023
99.52,0.00513,-0.00063,0.00068,-0.00027,5e-05,-0,2e-05,5e-05,-3e-05,-2e-05,3e-05,0,-3e-05,0.00012,-0.00024,-7e-05,-0.00014,0,-1e-05,0.00016,0.00861,-0.00427,-0.0005,-0.00067,-5e-05,-0,1e-05,-0.00741,0.00496,-0.00248,-0.00768,-0.00068,-8e-05,-0.00022
99.54,0.00518,-0.0006,0.00066,-0.00027,5e-05,-0,1e-05,6e-05,-4e-05,-0,0.00083,5e-05,-2e-05,9e-05,-0.00038,-5e-05,-0.00011,-0,-1e-05,0.00018,0.00853,-0.00524,-0.00062,-0.00042,-6e-05,-0,1e-05,-0.00916,0.0055,-0.00226,-0.00775,-0.0006,-8e-05,-0.00023
99.56,0.00511,-0.00055,0.00056,-0.00027,5e-05,-0,-1e-05,7e-05,-5e-05,-0,0.00176,0.0001,-1e-05,5e-05,-0.00054,-3e-05,-9e-05,-0,-1e-05,0.00019,0.00791,-0.00623,-0.00077,-0.00016,-6e-05,1e-05,2e-05,-0.01087,0.00579,-0.00187,-0.00814,-0.00047,-9e-05,-0.00024
99.58,0.00491,-0.00048,0.00036,-0.00026,6e-05,-0,-3e-05,9e-05,-6e-05,-2e-05,0.00262,0.00013,-0,2e-05,-0.00072,-1e-05,-9e-05,-0,-0,0.00019,0.00695,-0.00722,-0.00093,-0,-6e-05,2e-05,2e-05,-0.01254,0.00579,-0.00136,-0.00906,-0.0003,-0.0001,-0.00026
99.6,0.00453,-0.00039,5e-05,-0.00024,7e-05,-0,-5e-05,0.00011,-8e-05,-2e-05,0.00317,0.00014,1e-05,-1e-05,-0.00088,0,-0.00011,-0,-0,0.00017,0.00573,-0.00809,-0.00109,-5e-05,-6e-05,3e-05,3e-05,-0.01416,0.00548,-0.00079,-0.01075,-0.0001,-0.00011,-0.00028
99.62,0.00392,-0.00028,-0.00034,-0.00021,9e-05,-0,-7e-05,0.00012,-9e-05,4e-05,0.0033,0.00013,3e-05,-5e-05,-0.00099,1e-05,-0.00014,1e-05,-0,0.00013,0.00437,-0.00873,-0.00117,-0.00027,-6e-05,5e-05,3e-05,-0.01567,0.00489,-0.00028,-0.01341,0.0001,-0.00013,-0.0003
99.64,0.00321,-0.00013,-0.00074,-0.00017,0.0001,0,-7e-05,0.0001,-9e-05,0.00014,0.003,9e-05,5e-05,-0.00011,-0.00107,1e-05,-0.00017,2e-05,0,0.0001,0.00308,-0.00915,-0.0012,-0.00056,-6e-05,6e-05,3e-05,-0.01706,0.00412,0.00011,-0.01729,0.00029,-0.00016,-0.00031
99.66,0.00248,5e-05,-0.00113,-0.00012,0.00011,0,-5e-05,7e-05,-6e-05,0.00022,0.00235,6e-05,8e-05,-0.0002,-0.00113,1e-05,-0.00019,5e-05,0,7e-05,0.00135,-0.00766,-0.00097,-0.00064,-1e-05,7e-05,2e-05,-0.0182,0.0033,0.00033,-0.02256,0.00047,-0.00018,-0.00031
99.68,0.00177,0.00027,-0.00144,-6e-05,0.00012,0,-4e-05,4e-05,-3e-05,0.00026,0.00156,3e-05,0.0001,-0.00035,-0.00115,-1e-05,-0.00019,0.0001,1e-05,4e-05,-0.00033,-0.00532,-0.00072,-0.0009,7e-05,6e-05,1e-05,-0.01881,0.00247,0.00037,-0.02911,0.00063,-0.00021,-0.00029
99.7,0.00117,0.00053,-0.00162,-0,0.00014,0,-5e-05,1e-05,-0,0.00025,0.00069,1e-05,0.00011,-0.00054,-0.00113,-3e-05,-0.00017,0.00016,1e-05,2e-05,-0.00146,-0.00262,-0.00054,-0.00171,0.00016,6e-05,-0,-0.01904,0.00174,0.00026,-0.03702,0.00076,-0.00022,-0.00027
99.72,0.00073,0.0008,-0.00166,6e-05,0.00015,0,-6e-05,0,3e-05,0.00021,-1e-05,0,0.0001,-0.00078,-0.00105,-5e-05,-0.00012,0.00024,1e-05,-0,-0.00138,0.00016,-0.0004,-0.00326,0.00023,4e-05,-1e-05,-0.01889,0.00119,5e-05,-0.04629,0.00086,-0.00022,-0.00023
99.74,0.0004,0.00108,-0.00156,0.00011,0.00016,0,-0.0001,-0,5e-05,0.00017,-0.00019,3e-05,8e-05,-0.00104,-0.00093,-5e-05,-5e-05,0.00031,2e-05,-3e-05,0.00056,0.00266,-0.00029,-0.00537,0.00023,2e-05,-1e-05,-0.01764,0.00083,-0.00018,-0.05598,0.00093,-0.0002,-0.00019
99.76,0.00017,0.00133,-0.00135,0.00016,0.00016,0,-0.00015,-0,8e-05,0.00011,0.00016,9e-05,6e-05,-0.00132,-0.00077,-5e-05,1e-05,0.00036,3e-05,-6e-05,0.00492,0.00441,-0.00018,-0.00739,0.00012,0,-0,-0.01484,0.00067,-0.00039,-0.06462,0.00096,-0.00016,-0.00014
99.78,0,0.00156,-0.00106,0.00021,0.00016,0,-0.00021,-1e-05,0.0001,6e-05,0.00082,0.00016,5e-05,-0.00161,-0.00059,-4e-05,5e-05,0.00033,3e-05,-9e-05,0.01234,0.00508,-2e-05,-0.00874,-0.00018,-1e-05,2e-05,-0.0106,0.00066,-0.00054,-0.07075,0.00096,-0.0001,-9e-05
99.8,-0.00011,0.00172,-0.00072,0.00025,0.00015,0,-0.0003,-1e-05,0.00011,1e-05,0.00182,0.00025,3e-05,-0.00183,-0.00042,-2e-05,3e-05,0.00026,3e-05,-0.00012,0.02257,0.00489,0.00019,-0.00739,-0.00068,-1e-05,6e-05,-0.00529,0.00073,-0.00059,-0.07375,0.00089,-3e-05,-5e-05
99.82,-0.00022,0.00174,-0.00037,0.00028,0.00012,0,-0.0004,-0,0.00011,-2e-05,0.0033,0.00032,1e-05,-0.00188,-0.00026,2e-05,-2e-05,0.00019,2e-05,-0.00013,0.03294,0.00429,0.00035,-0.00334,-0.00132,2e-05,0.00012,0.00053,0.00082,-0.00054,-0.07314,0.00076,4e-05,-2e-05
99.84,-0.00034,0.00163,-0.00011,0.0003,6e-05,0,-0.00048,2e-05,8e-05,-2e-05,0.00413,0.00036,0,-0.0018,-0.00013,6e-05,-7e-05,5e-05,1e-05,-0.00013,0.04231,0.00307,0.00039,-8e-05,-0.00198,6e-05,0.00019,0.00611,0.00091,-0.00043,-0.06747,0.00058,8e-05,-0
99.86,-0.00046,0.00141,4e-05,0.00031,-1e-05,0,-0.00052,3e-05,5e-05,-2e-05,0.00478,0.00035,-0,-0.00166,-5e-05,8e-05,-9e-05,-9e-05,-1e-05,-0.00012,0.05125,0.00125,0.00035,0.00125,-0.00263,0.00013,0.00028,0.01041,0.00098,-0.00033,-0.05679,0.00038,0.0001,1e-05
99.88,-0.00058,0.0011,9e-05,0.0003,-9e-05,-0,-0.00051,3e-05,2e-05,-1e-05,0.00517,0.00031,-1e-05,-0.00146,-0,0.0001,-0.0001,-0.0002,-3e-05,-0.0001,0.0579,-0.00082,0.00021,0.00101,-0.00314,0.00021,0.00037,0.01266,0.00103,-0.00024,-0.04289,0.0002,9e-05,1e-05
99.9,-0.00066,0.0007,6e-05,0.0003,-0.00018,-0,-0.00049,2e-05,0,-1e-05,0.00455,0.00025,-1e-05,-0.00125,-0,8e-05,-5e-05,-7e-05,-3e-05,-9e-05,0.06195,-0.00288,6e-05,0.00027,-0.00352,0.00029,0.00047,0.01247,0.00106,-0.00019,-0.02793,4e-05,7e-05,1e-05
99.92,-0.00069,0.00021,-2e-05,0.00028,-0.00027,-0,-0.0005,0,-1e-05,-1e-05,0.00325,0.00018,-1e-05,-0.00107,-1e-05,4e-05,5e-05,0.00101,4e-05,-7e-05,0.06424,-0.00469,4e-05,-0.0002,-0.00381,0.00038,0.00055,0.01049,0.00104,-0.00016,-0.01404,-8e-05,4e-05,0
99.94,-0.00066,-0.00029,-0.00015,0.00026,-0.00035,-0,-0.00052,-2e-05,-2e-05,-1e-05,0.00199,0.00011,-1e-05,-0.0009,-1e-05,1e-05,0.00018,0.00233,0.00013,-6e-05,0.06369,-0.00616,8e-05,-0.00058,-0.00397,0.00047,0.00062,0.00769,0.00101,-0.00014,-0.00297,-0.00012,2e-05,0
99.96,-0.00057,-0.00074,-0.00034,0.00023,-0.00042,-0,-0.00055,-4e-05,-2e-05,-0,0.00108,5e-05,-1e-05,-0.0007,-3e-05,-1e-05,0.00034,0.00308,0.00018,-6e-05,0.05993,-0.00731,0.00012,-0.00066,-0.00399,0.00055,0.00067,0.00548,0.00104,-0.00012,0.00217,-0.00011,1e-05,0
99.98,-0.00042,-0.00113,-0.00056,0.00019,-0.00049,-0,-0.00058,-8e-05,-2e-05,0,0.00046,2e-05,-2e-05,-0.00048,-5e-05,-2e-05,0.00056,0.00337,0.0002,-5e-05,0.05356,-0.00804,0.00022,-0.00049,-0.0039,0.00061,0.00072,0.00493,0.00116,-7e-05,0.00169,-9e-05,0,0
100,-0.00021,-0.00146,-0.00076,0.00016,-0.00055,-0,-0.0006,-0.00011,-2e-05,0,8e-05,-1e-05,-2e-05,-0.0003,-5e-05,0,0.00075,0.003,0.00017,-4e-05,0.04602,-0.00857,0.00033,-0.00023,-0.00374,0.00067,0.00075,0.00431,0.00126,5e-05,0.00101,-6e-05,0,0
100.02,2e-05,-0.00172,-0.00089,0.00013,-0.00059,-0,-0.00062,-0.00015,-1e-05,1e-05,-0.00011,-2e-05,-3e-05,-0.00021,-3e-05,5e-05,0.00084,0.00187,0.00011,-4e-05,0.03861,-0.00917,0.00038,-0.00012,-0.00354,0.00071,0.00077,0.00388,0.00143,0.00025,0.00021,-5e-05,0,1e-05
100.04,0.00022,-0.00194,-0.00094,0.0001,-0.00061,-0,-0.00063,-0.00017,0,1e-05,-0.00016,-2e-05,-4e-05,-0.00015,-1e-05,0.00011,0.00085,0.00083,5e-05,-4e-05,0.03102,-0.00963,0.0004,-9e-05,-0.00333,0.00075,0.00079,0.00363,0.00156,0.0005,-0.00055,-3e-05,0,1e-05
100.06,0.00037,-0.00215,-0.00093,6e-05,-0.0006,-0,-0.00063,-0.00019,2e-05,0,-0.00014,-2e-05,-5e-05,-0.00011,-1e-05,0.00014,0.00081,0.0002,1e-05,-5e-05,0.02314,-0.00976,0.00045,1e-05,-0.00311,0.00076,0.00079,0.00347,0.00152,0.00073,-0.00147,-2e-05,0,1e-05
100.08,0.00046,-0.00237,-0.00087,3e-05,-0.00059,-0,-0.00062,-0.0002,3e-05,0,-0.0001,-2e-05,-6e-05,-7e-05,-1e-05,0.00014,0.00074,-0.0001,-1e-05,-6e-05,0.01549,-0.00963,0.00052,5e-05,-0.00291,0.00076,0.00079,0.00341,0.00134,0.0008,-0.00273,-1e-05,0,0
100.1,0.00049,-0.00256,-0.00077,0,-0.00056,-0,-0.0006,-0.00019,3e-05,1e-05,-7e-05,-1e-05,-6e-05,-4e-05,-2e-05,0.0001,0.00064,-0.00013,-1e-05,-8e-05,0.0084,-0.0094,0.00052,0.00014,-0.00269,0.00076,0.00079,0.00338,0.00096,0.00056,-0.00428,-0,-0,-0
100.12,0.00044,-0.0027,-0.00066,-3e-05,-0.00051,-0,-0.0006,-0.00018,3e-05,3e-05,-7e-05,-1e-05,-6e-05,-2e-05,-3e-05,3e-05,0.0005,3e-05,1e-05,-8e-05,0.00209,-0.00922,0.00028,0.00029,-0.00244,0.00076,0.00079,0.0032,0.00019,-9e-05,-0.00577,0,-1e-05,-1e-05
100.14,0.00033,-0.00277,-0.00055,-5e-05,-0.00044,-0,-0.0006,-0.00016,2e-05,5e-05,-8e-05,-1e-05,-6e-05,-0,-2e-05,-4e-05,0.00037,0.00024,2e-05,-9e-05,-0.00328,-0.00903,-0.00012,0.00031,-0.00217,0.00077,0.00081,0.0028,-0.00084,-0.00107,-0.00702,1e-05,-1e-05,-1e-05
100.16,0.00019,-0.0028,-0.00045,-6e-05,-0.00037,-0,-0.00061,-0.00014,1e-05,6e-05,-9e-05,-1e-05,-5e-05,1e-05,-1e-05,-0.00011,0.00027,0.00038,4e-05,-8e-05,-0.00766,-0.00876,-0.00053,0.0002,-0.00188,0.00079,0.00082,0.00227,-0.00185,-0.00211,-0.00801,2e-05,-1e-05,-2e-05
100.18,5e-05,-0.00276,-0.00035,-6e-05,-0.0003,-0,-0.00061,-0.0001,1e-05,5e-05,-9e-05,-1e-05,-4e-05,3e-05,0,-0.00017,0.00018,0.00044,4e-05,-8e-05,-0.01086,-0.00852,-0.00097,9e-05,-0.00154,0.0008,0.00083,0.00171,-0.00271,-0.00291,-0.00841,2e-05,-0,-2e-05
100.2,-6e-05,-0.0026,-0.00026,-5e-05,-0.00021,-0,-0.00062,-7e-05,1e-05,3e-05,-9e-05,-0,-3e-05,4e-05,2e-05,-0.0002,9e-05,0.00037,4e-05,-6e-05,-0.01315,-0.00844,-0.00141,5e-05,-0.00118,0.00082,0.00084,0.00115,-0.00313,-0.00321,-0.00826,4e-05,0,-3e-05
100.22,-0.00013,-0.00227,-0.00017,-1e-05,-0.00011,-0,-0.00063,-3e-05,1e-05,-0,-8e-05,-0,-3e-05,6e-05,3e-05,-0.00023,0,0.0002,2e-05,-5e-05,-0.01524,-0.00861,-0.00179,0.00015,-0.0008,0.00083,0.00082,0.00057,-0.00324,-0.00326,-0.00698,4e-05,2e-05,-3e-05
100.24,-0.00012,-0.00184,-0.0001,4e-05,-1e-05,-0,-0.00062,1e-05,2e-05,-3e-05,-7e-05,-0,-2e-05,8e-05,4e-05,-0.00024,-8e-05,6e-05,1e-05,-3e-05,-0.01679,-0.00913,-0.00211,0.00036,-0.00041,0.00083,0.00078,-0.0002,-0.0038,-0.00368,-0.00454,3e-05,6e-05,-1e-05
100.26,-5e-05,-0.00136,-3e-05,0.00012,0.0001,-0,-0.0006,5e-05,3e-05,-5e-05,-7e-05,-0,-1e-05,0.0001,5e-05,-0.00025,-0.00017,-1e-05,0,-1e-05,-0.01726,-0.00998,-0.00234,0.00065,-3e-05,0.0008,0.00072,-0.00095,-0.00439,-0.00395,-0.00327,-1e-05,0.00011,2e-05
100.28,6e-05,-0.00086,1e-05,0.00021,0.0002,-0,-0.00056,9e-05,3e-05,-7e-05,-6e-05,-0,0,0.00012,5e-05,-0.00026,-0.00026,2e-05,-1e-05,-0,-0.0168,-0.01101,-0.00247,0.00094,0.00031,0.00074,0.00062,-0.00161,-0.00487,-0.00389,-0.00372,-6e-05,0.00014,6e-05
100.3,0.0002,-0.00041,2e-05,0.00031,0.0003,-0,-0.00049,0.00013,4e-05,-9e-05,-5e-05,-0,1e-05,0.00014,6e-05,-0.00027,-0.00034,0.00013,-1e-05,0,-0.01582,-0.01215,-0.00249,0.00108,0.00058,0.00065,0.00049,-0.00191,-0.00484,-0.00357,-0.00466,-0.00014,0.00015,8e-05
100.32,0.00031,-9e-05,-0,0.00041,0.00036,0,-0.00038,0.00016,4e-05,-8e-05,-4e-05,0,2e-05,0.00016,6e-05,-0.00027,-0.00039,0.00034,-1e-05,2e-05,-0.01466,-0.01333,-0.00242,0.0009,0.00075,0.00052,0.00035,-0.00155,-0.00364,-0.00315,-0.00369,-0.00023,0.00011,7e-05
100.34,0.00041,-1e-05,-5e-05,0.00052,0.00039,0,-0.00025,0.00019,3e-05,-6e-05,-4e-05,0,4e-05,0.00017,6e-05,-0.00027,-0.00041,0.00062,-1e-05,4e-05,-0.01318,-0.01403,-0.00224,0.00053,0.00082,0.00036,0.00021,-0.00065,-0.0008,-0.00238,-0.00188,-0.00035,3e-05,3e-05
100.36,0.00049,-0.00025,-0.00011,0.00062,0.00031,0,-0.00012,0.00021,3e-05,-5e-05,-3e-05,0,5e-05,0.00017,6e-05,-0.00027,-0.00044,0.00089,-2e-05,7e-05,-0.01124,-0.01385,-0.00196,0.00013,0.0008,0.00018,8e-05,0.00067,0.00387,-0.00122,-0.00076,-0.0005,-0.00011,-6e-05
100.38,0.00054,-0.00081,-0.00017,0.00072,0.00023,0,-2e-05,0.00022,3e-05,-3e-05,-3e-05,0,6e-05,0.00015,5e-05,-0.00024,-0.00045,0.0011,-2e-05,0.0001,-0.00899,-0.01276,-0.00158,-0.00023,0.0007,0,-2e-05,0.00244,0.01027,9e-05,-0.00011,-0.0007,-0.00027,-0.00018
100.4,0.00054,-0.00164,-0.00022,0.0008,0.00015,-0,1e-05,0.00022,2e-05,-1e-05,-2e-05,0,7e-05,0.00012,3e-05,-0.00021,-0.00047,0.00124,-1e-05,0.00012,-0.0066,-0.01067,-0.00112,-0.00048,0.00055,-0.00013,-8e-05,0.00457,0.01777,0.00138,-5e-05,-0.00093,-0.00045,-0.00032
100.42,0.00047,-0.00259,-0.00024,0.00085,7e-05,-0,-4e-05,0.0002,1e-05,2e-05,-2e-05,0,8e-05,7e-05,1e-05,-0.00016,-0.0005,0.0013,-1e-05,0.00013,-0.00428,-0.00782,-0.00064,-0.00067,0.00038,-0.0002,-0.0001,0.00701,0.02527,0.0025,-0.0006,-0.00119,-0.00061,-0.00047
100.44,0.00037,-0.00353,-0.00024,0.00088,-1e-05,-0,-0.00014,0.00017,-0,8e-05,-2e-05,-0,9e-05,3e-05,-1e-05,-0.0001,-0.00052,0.00123,-1e-05,0.00013,-0.00202,-0.00487,-0.00023,-0.0008,0.00023,-0.00021,-9e-05,0.00954,0.03162,0.00336,-0.00169,-0.00144,-0.00074,-0.0006
100.46,0.00026,-0.00431,-0.0002,0.00088,-7e-05,-0,-0.00029,0.00012,-1e-05,0.00015,-1e-05,-0,9e-05,-2e-05,-3e-05,-2e-05,-0.00053,0.00103,-1e-05,0.00013,-5e-05,-0.00232,1e-05,-0.00086,0.0001,-0.00018,-6e-05,0.01196,0.03608,0.00395,-0.00309,-0.00165,-0.00081,-0.00068
100.48,0.00017,-0.0048,-0.00012,0.00087,-0.00013,-0,-0.00048,5e-05,-0,0.00021,2e-05,-1e-05,8e-05,-7e-05,-4e-05,6e-05,-0.00051,0.00076,-1e-05,0.00012,0.00134,-0.00045,1e-05,-0.00087,2e-05,-0.00012,-3e-05,0.01393,0.03815,0.00426,-0.00463,-0.0018,-0.00083,-0.00072
100.5,0.00011,-0.00498,0,0.00085,-0.00018,-0,-0.00066,-3e-05,4e-05,0.00025,7e-05,-2e-05,7e-05,-0.00013,-2e-05,0.00017,-0.00048,0.00043,-0,9e-05,0.00206,0.00065,-0.00023,-0.00088,-3e-05,-6e-05,-0,0.01525,0.038,0.00436,-0.00606,-0.00187,-0.00081,-0.00071
100.52,0.00011,-0.00485,0.00017,0.00082,-0.00021,-0,-0.00079,-0.00013,0.00014,0.00024,0.00016,-2e-05,6e-05,-0.00021,1e-05,0.00032,-0.00046,0.0001,0,6e-05,0.00203,0.00103,-0.00058,-0.00077,-4e-05,-2e-05,1e-05,0.01595,0.03619,0.00434,-0.00708,-0.00186,-0.00077,-0.00068
100.54,0.00016,-0.00446,0.00036,0.00079,-0.00024,-0,-0.00084,-0.00024,0.00035,0.00018,0.00031,-1e-05,4e-05,-0.00034,4e-05,0.00053,-0.00042,-0.00011,1e-05,2e-05,0.00135,0.00092,-0.00095,-0.00054,-4e-05,1e-05,2e-05,0.01586,0.03303,0.00421,-0.00775,-0.00175,-0.0007,-0.00062
100.56,0.00024,-0.00386,0.00057,0.00076,-0.00027,-0,-0.00081,-0.00033,0.00067,9e-05,0.00053,-1e-05,2e-05,-0.00054,7e-05,0.00076,-0.00033,-0.0002,1e-05,-0,0.00029,0.00055,-0.00121,-0.00035,-3e-05,3e-05,2e-05,0.0149,0.02887,0.00397,-0.00817,-0.00157,-0.00063,-0.00056
100.58,0.0003,-0.00313,0.00076,0.00074,-0.00029,0,-0.00068,-0.00039,0.00109,-3e-05,0.00078,0,-1e-05,-0.00085,9e-05,0.00098,-0.00018,-0.00022,1e-05,-2e-05,-0.00082,0.00017,-0.0014,-0.00018,-3e-05,3e-05,2e-05,0.01331,0.02418,0.00366,-0.00835,-0.00132,-0.00055,-0.00049
100.6,0.00031,-0.00235,0.00091,0.00072,-0.0003,0,-0.00049,-0.00039,0.00157,-0.00014,0.00109,2e-05,-3e-05,-0.00125,0.00011,0.00118,4e-05,-0.0002,0,-4e-05,-0.00175,-0.00017,-0.00134,-3e-05,-2e-05,3e-05,2e-05,0.01144,0.01951,0.00335,-0.0083,-0.00106,-0.00048,-0.00042
100.62,0.00022,-0.00161,0.00101,0.00069,-0.0003,-0,-0.00029,-0.00031,0.002,-0.00023,0.00152,4e-05,-4e-05,-0.00162,0.00017,0.00139,0.00033,-0.00014,-0,-5e-05,-0.00221,-0.00037,-0.0011,0.00023,-1e-05,2e-05,1e-05,0.00962,0.01523,0.00306,-0.00804,-0.00081,-0.00041,-0.00035
100.64,4e-05,-0.00095,0.00102,0.00065,-0.00029,0,-0.00014,-0.00018,0.0023,-0.0003,0.0019,7e-05,-5e-05,-0.00184,0.00024,0.00155,0.00062,-9e-05,-0,-5e-05,-0.00219,-0.00042,-0.00079,0.00061,-1e-05,1e-05,1e-05,0.00793,0.0114,0.0028,-0.00775,-0.0006,-0.00035,-0.00029
100.66,-0.00018,-0.0004,0.00095,0.00062,-0.00029,0,-4e-05,-6e-05,0.00248,-0.00034,0.00206,9e-05,-6e-05,-0.00191,0.00027,0.00167,0.00086,-7e-05,0,-5e-05,-0.0019,-0.00036,-0.00049,0.00096,-0,1e-05,0,0.00639,0.00807,0.00255,-0.00755,-0.00044,-0.00028,-0.00022
100.68,-0.00043,3e-05,0.0008,0.00058,-0.00028,0,-0,1e-05,0.00251,-0.00034,0.00204,0.00011,-5e-05,-0.00177,0.00023,0.00181,0.00099,-5e-05,1e-05,-5e-05,-0.00145,-0.00024,-0.00025,0.00116,-0,0,0,0.00511,0.0053,0.0023,-0.00743,-0.00033,-0.00021,-0.00016
100.7,-0.00065,0.00035,0.00064,0.00053,-0.00026,-0,-0,1e-05,0.00243,-0.00033,0.0018,0.00011,-5e-05,-0.0015,0.00014,0.002,0.00101,0,2e-05,-4e-05,-0.00107,-0.00013,-9e-05,0.00116,-0,0,-0,0.00409,0.00318,0.00206,-0.0074,-0.00027,-0.00015,-0.0001
100.72,-0.0008,0.00057,0.00049,0.00048,-0.00024,0,0,9e-05,0.00235,-0.0003,0.00134,9e-05,-4e-05,-0.00118,3e-05,0.00224,0.00095,0.00013,4e-05,-3e-05,-0.00091,-4e-05,1e-05,0.00106,-0,-0,-0,0.00329,0.00168,0.00186,-0.00745,-0.00024,-8e-05,-5e-05
100.74,-0.00091,0.0007,0.00036,0.00042,-0.00022,0,1e-05,0.00034,0.00224,-0.00024,0.00083,7e-05,-5e-05,-0.00084,-0,0.00244,0.0008,0.00036,5e-05,-3e-05,-0.00089,1e-05,7e-05,0.00086,-0,0,0,0.00268,0.00071,0.00166,-0.0075,-0.00023,-3e-05,-0
100.76,-0.00099,0.00076,0.00024,0.00036,-0.00021,0,0,0.00071,0.00203,-0.00012,0.0004,4e-05,-5e-05,-0.00045,7e-05,0.00254,0.00055,0.0006,6e-05,-2e-05,-0.00089,6e-05,0.00011,0.0006,-0,0,0,0.00219,0.00021,0.00142,-0.0075,-0.00024,2e-05,4e-05
100.78,-0.00104,0.00078,0.00013,0.00029,-0.0002,-0,0,0.00115,0.00177,4e-05,6e-05,2e-05,-6e-05,2e-05,0.00024,0.00249,0.0003,0.00083,5e-05,-1e-05,-0.0009,0.00013,0.00016,0.00037,-0,0,0,0.00173,0.0001,0.00118,-0.00743,-0.00025,5e-05,7e-05
100.8,-0.00109,0.00076,3e-05,0.00023,-0.00019,0,5e-05,0.00151,0.00141,0.0002,-0.0002,1e-05,-6e-05,0.00056,0.00046,0.00228,2e-05,0.00098,4e-05,-1e-05,-0.00089,0.00021,0.0002,0.00019,-0,0,0,0.00128,0.0003,0.00094,-0.00724,-0.00026,8e-05,0.0001
100.82,-0.00114,0.00071,-5e-05,0.00017,-0.00018,0,0.00013,0.00161,0.00091,0.00041,-0.00027,1e-05,-5e-05,0.00114,0.00067,0.00197,-0.00013,0.00099,4e-05,-0,-0.00086,0.00029,0.00022,7e-05,-0,0,-0,0.00086,0.00071,0.00072,-0.00691,-0.00026,9e-05,0.00012
100.84,-0.00117,0.00065,-0.00011,0.00011,-0.00016,0,0.00019,0.00145,0.00046,0.00063,-0.00018,1e-05,-3e-05,0.0016,0.00089,0.00151,-4e-05,0.00088,4e-05,-0,-0.00079,0.00037,0.00024,1e-05,-0,0,0,0.00041,0.00122,0.00052,-0.00651,-0.00025,9e-05,0.00012
100.86,-0.00118,0.00058,-0.00012,7e-05,-0.00014,0,0.00021,0.00115,0.00019,0.00079,-9e-05,1e-05,-1e-05,0.00178,0.00111,0.00094,0.00018,0.0007,4e-05,-0,-0.0007,0.00043,0.00026,-1e-05,-0,0,0,-0.00013,0.00176,0.00035,-0.00609,-0.00023,9e-05,0.00012
100.88,-0.00118,0.00051,-0.0001,3e-05,-0.00011,0,0.0002,0.00081,4e-05,0.0009,0,1e-05,-0,0.00164,0.0013,0.00034,0.00045,0.00048,4e-05,-1e-05,-0.00059,0.00047,0.00026,1e-05,-0,0,0,-0.00074,0.00225,0.00021,-0.00568,-0.0002,8e-05,0.00011
100.9,-0.00117,0.00044,-5e-05,0,-8e-05,0,0.00017,0.00055,-1e-05,0.00095,3e-05,1e-05,0,0.00127,0.00141,-0.00022,0.00063,0.00024,4e-05,-1e-05,-0.00047,0.00049,0.00026,4e-05,-0,0,0,-0.00132,0.00263,0.0001,-0.0053,-0.00017,6e-05,9e-05
100.92,-0.00114,0.00035,-1e-05,-1e-05,-5e-05,0,0.00015,0.00039,-2e-05,0.00091,-1e-05,2e-05,0,0.00088,0.00134,-0.00056,0.00061,2e-05,4e-05,-2e-05,-0.00034,0.00048,0.00024,8e-05,-0,0,0,-0.00175,0.00283,2e-05,-0.00499,-0.00015,5e-05,7e-05
100.94,-0.0011,0.00027,1e-05,-1e-05,-2e-05,-0,0.00013,0.00033,-2e-05,0.00083,-4e-05,3e-05,-0,0.00061,0.00103,-0.00055,0.00047,-0.00014,2e-05,-2e-05,-0.00021,0.00045,0.00022,0.00011,-0,0,0,-0.00208,0.00285,-2e-05,-0.00479,-0.00015,4e-05,6e-05
100.96,-0.00105,0.00019,1e-05,-1e-05,0,-0,0.00012,0.00035,-2e-05,0.00072,-4e-05,4e-05,-0,0.00051,0.00051,-0.0003,0.00028,-0.00024,-1e-05,-3e-05,-9e-05,0.0004,0.00019,0.00013,-0,0,0,-0.00238,0.00266,-4e-05,-0.00473,-0.00018,3e-05,5e-05
100.98,-0.00099,0.00012,-0,-1e-05,2e-05,-0,0.00011,0.00043,-2e-05,0.00061,-3e-05,5e-05,-0,0.00061,-0.00019,-1e-05,9e-05,-0.00029,-4e-05,-4e-05,0,0.00035,0.00016,0.00015,-0,0,0,-0.0026,0.0023,-3e-05,-0.00477,-0.00022,3e-05,5e-05
101,-0.00092,7e-05,1e-05,-0,3e-05,-0,0.00012,0.00047,-3e-05,0.00048,-0,5e-05,-0,0.00096,-0.0008,0.00041,-6e-05,-0.00027,-8e-05,-6e-05,7e-05,0.0003,0.00013,0.00016,0,0,0,-0.00271,0.00182,-1e-05,-0.00487,-0.00028,3e-05,6e-05
101.02,-0.00083,4e-05,4e-05,-0,4e-05,-0,0.00014,0.00045,-4e-05,0.00033,1e-05,4e-05,-0,0.00153,-0.00076,0.00106,-0.00012,-7e-05,-8e-05,-6e-05,0.00012,0.00025,0.0001,0.00017,0,0,0,-0.00271,0.00129,2e-05,-0.00498,-0.00035,4e-05,7e-05
101.04,-0.00073,2e-05,7e-05,0,4e-05,-0,0.00014,0.0004,-6e-05,0.00019,2e-05,3e-05,-0,0.0018,-0.00011,0.0012,-0.0001,0.00019,-5e-05,-6e-05,0.00014,0.0002,8e-05,0.00017,0,0,0,-0.00261,0.00071,7e-05,-0.00505,-0.00043,5e-05,9e-05
101.06,-0.00063,1e-05,6e-05,0,3e-05,-0,0.00014,0.00037,-7e-05,6e-05,2e-05,2e-05,0,0.00159,0.00061,0.00086,-6e-05,0.00038,-1e-05,-5e-05,0.00015,0.00015,5e-05,0.00018,1e-05,0,0,-0.00243,0.00011,0.00012,-0.00505,-0.0005,6e-05,0.00011
101.08,-0.00053,-1e-05,2e-05,0,3e-05,-0,0.00013,0.00033,-0.0001,-5e-05,1e-05,0,0,0.00113,0.00113,0.00041,-2e-05,0.00052,4e-05,-2e-05,0.00014,0.00011,3e-05,0.00018,1e-05,0,0,-0.00219,-0.00047,0.00017,-0.00499,-0.00056,7e-05,0.00013
101.1,-0.00043,-2e-05,-4e-05,0,2e-05,-0,9e-05,0.00029,-0.00013,-0.00015,-1e-05,-2e-05,0,0.00062,0.00107,9e-05,-0,0.00056,7e-05,-1e-05,0.00013,7e-05,1e-05,0.00018,1e-05,0,0,-0.00188,-0.001,0.00022,-0.00491,-0.00063,8e-05,0.00015
101.12,-0.00035,-2e-05,-7e-05,0,2e-05,-0,3e-05,0.00024,-0.00014,-0.00026,-4e-05,-3e-05,0,0.00021,0.00064,-9e-05,-0,0.00045,7e-05,-0,0.0001,3e-05,-1e-05,0.00018,1e-05,0,0,-0.00151,-0.00145,0.00028,-0.00482,-0.00069,8e-05,0.00016
101.14,-0.0003,-2e-05,-8e-05,0,2e-05,-0,-4e-05,0.0002,-0.00014,-0.00035,-5e-05,-3e-05,0,-5e-05,0.00022,-0.00016,-1e-05,0.00033,6e-05,-0,8e-05,0,-3e-05,0.00018,1e-05,0,0,-0.00115,-0.00182,0.00032,-0.00481,-0.00075,8e-05,0.00017
101.16,-0.00029,-3e-05,-8e-05,0,2e-05,-0,-0.00012,0.00018,-0.00017,-0.00044,-6e-05,-3e-05,1e-05,-0.00022,-0.00012,-0.00016,-1e-05,0.00024,5e-05,0,6e-05,-2e-05,-6e-05,0.00018,2e-05,1e-05,0,-0.00084,-0.00208,0.00035,-0.00494,-0.00081,8e-05,0.00017
101.18,-0.00032,-3e-05,-6e-05,0,2e-05,-0,-0.00024,0.00016,-0.00023,-0.0005,-6e-05,-2e-05,1e-05,-0.00034,-0.0004,-0.00015,0,0.00017,5e-05,-0,4e-05,-4e-05,-8e-05,0.00019,2e-05,1e-05,0,-0.00057,-0.00224,0.00037,-0.00522,-0.00086,8e-05,0.00016
101.2,-0.00039,-3e-05,-4e-05,0,2e-05,-0,-0.00036,0.00016,-0.0003,-0.00053,-5e-05,1e-05,1e-05,-0.00044,-0.00062,-0.00015,3e-05,0.00012,4e-05,-0,3e-05,-6e-05,-0.0001,0.0002,2e-05,1e-05,0,-0.00037,-0.00232,0.00037,-0.00562,-0.00091,7e-05,0.00015
101.22,-0.00049,-4e-05,-2e-05,-0,2e-05,-0,-0.00044,0.00014,-0.00032,-0.00048,-0,5e-05,1e-05,-0.00048,-0.00077,-0.00014,8e-05,0.0001,4e-05,0,2e-05,-7e-05,-0.00012,0.00021,3e-05,1e-05,0,-0.00024,-0.00233,0.00036,-0.00614,-0.00096,6e-05,0.00013
101.24,-0.00063,-5e-05,-1e-05,-1e-05,3e-05,0,-0.00046,9e-05,-0.00029,-0.00037,5e-05,9e-05,2e-05,-0.00047,-0.00086,-0.00012,0.00012,9e-05,3e-05,0,2e-05,-9e-05,-0.00013,0.00023,3e-05,1e-05,0,-0.0002,-0.00229,0.00034,-0.00671,-0.001,5e-05,0.00012
101.26,-0.00079,-7e-05,-0,-2e-05,3e-05,0,-0.00045,-1e-05,-0.00023,-0.00025,8e-05,0.00011,2e-05,-0.00038,-0.0009,-0.0001,0.00015,7e-05,2e-05,0,1e-05,-0.00011,-0.00013,0.00025,3e-05,1e-05,0,-0.00024,-0.00221,0.00032,-0.00727,-0.00103,4e-05,0.0001
101.28,-0.00096,-8e-05,-0,-3e-05,3e-05,0,-0.00038,-0.00014,-0.00011,-0.00011,9e-05,0.00012,2e-05,-0.00017,-0.00088,-6e-05,0.00012,6e-05,2e-05,0,1e-05,-0.00015,-0.00011,0.00026,3e-05,1e-05,0,-0.00037,-0.0021,0.0003,-0.00775,-0.00104,3e-05,9e-05
101.3,-0.00113,-0.0001,-0,-4e-05,3e-05,0,-0.00029,-0.00027,5e-05,0,7e-05,0.0001,3e-05,0.00015,-0.00082,1e-05,7e-05,4e-05,1e-05,-0,2e-05,-0.00019,-7e-05,0.00028,3e-05,1e-05,0,-0.0006,-0.00197,0.00028,-0.00808,-0.00103,2e-05,7e-05
101.32,-0.00132,-0.00012,-0,-9e-05,3e-05,0,-0.00016,-0.00037,0.00018,8e-05,4e-05,6e-05,4e-05,0.0006,-0.00072,0.00011,0.00014,3e-05,0,-0,2e-05,-0.00026,-1e-05,0.00029,3e-05,1e-05,0,-0.00094,-0.00182,0.00026,-0.00819,-0.00098,2e-05,6e-05
101.34,-0.00148,-0.00013,1e-05,-0.00014,2e-05,0,4e-05,-0.00042,0.0003,0.00017,1e-05,3e-05,4e-05,0.00118,-0.00065,0.00023,0.00029,2e-05,-0,-0,3e-05,-0.00036,7e-05,0.00029,3e-05,1e-05,0,-0.00138,-0.00166,0.00024,-0.008,-0.00091,1e-05,6e-05
101.36,-0.00158,-0.00013,1e-05,-0.00019,2e-05,0,0.00034,-0.00043,0.0004,0.00025,-0,1e-05,3e-05,0.00181,-0.00063,0.00029,0.00044,1e-05,0,-0,5e-05,-0.00047,0.00018,0.00029,2e-05,1e-05,1e-05,-0.00189,-0.00147,0.00022,-0.00746,-0.00081,1e-05,5e-05
101.38,-0.00161,-0.00012,0,-0.00025,1e-05,0,0.00073,-0.0004,0.00049,0.00028,0,-0,1e-05,0.00239,-0.00065,0.00027,0.00064,0,1e-05,-1e-05,8e-05,-0.0006,0.00029,0.00027,1e-05,1e-05,1e-05,-0.00244,-0.00125,0.00018,-0.00664,-0.00068,1e-05,5e-05
101.4,-0.00158,-0.0001,-2e-05,-0.0003,0,0,0.0012,-0.00036,0.0005,0.00037,1e-05,0,-2e-05,0.00286,-0.0007,0.00015,0.00088,0,1e-05,-1e-05,0.0001,-0.00073,0.00041,0.00025,1e-05,1e-05,1e-05,-0.00298,-0.001,0.00012,-0.00565,-0.00054,2e-05,4e-05
101.42,-0.0015,-7e-05,-4e-05,-0.00034,0,0,0.00174,-0.00031,0.00034,0.00065,2e-05,1e-05,-5e-05,0.00319,-0.00074,-5e-05,0.00115,0,0,-1e-05,0.00014,-0.00085,0.00051,0.00023,-0,1e-05,1e-05,-0.00342,-0.0007,3e-05,-0.00463,-0.0004,2e-05,4e-05
101.44,-0.00138,-5e-05,-5e-05,-0.00037,-0,-0,0.00222,-0.00023,0.00012,0.00106,3e-05,1e-05,-6e-05,0.00334,-0.00074,-0.00026,0.0014,0,-0,0,0.00017,-0.00093,0.00058,0.0002,-1e-05,1e-05,1e-05,-0.00371,-0.00037,-7e-05,-0.00375,-0.00027,2e-05,3e-05
101.46,-0.00124,-3e-05,-5e-05,-0.0004,-0,-0,0.00251,-0.00011,-7e-05,0.00144,2e-05,1e-05,-5e-05,0.00333,-0.00069,-0.00041,0.0016,-0,-0,1e-05,0.00021,-0.00098,0.00061,0.00019,-1e-05,1e-05,1e-05,-0.00382,-0,-0.0002,-0.00308,-0.00017,1e-05,3e-05
101.48,-0.00108,-2e-05,-5e-05,-0.00042,-0,-0,0.00262,5e-05,-0.0002,0.00182,1e-05,1e-05,-4e-05,0.00321,-0.00057,-0.00045,0.00174,-0,-0,2e-05,0.00024,-0.00099,0.00061,0.00018,-1e-05,1e-05,1e-05,-0.00375,0.00036,-0.00033,-0.00263,-9e-05,1e-05,2e-05
101.5,-0.00092,-2e-05,-3e-05,-0.00043,-1e-05,-0,0.00258,0.00024,-0.00028,0.00212,-1e-05,1e-05,-3e-05,0.00308,-0.00041,-0.0004,0.00177,-0,-0,2e-05,0.00027,-0.00095,0.00056,0.00017,-2e-05,1e-05,1e-05,-0.00349,0.00068,-0.00045,-0.00235,-3e-05,1e-05,2e-05
101.52,-0.00077,-1e-05,-2e-05,-0.00044,-1e-05,-0,0.00246,0.00042,-0.00032,0.00228,-2e-05,-0,-2e-05,0.00299,-0.00024,-0.00034,0.00166,-0,-0,2e-05,0.0003,-0.00087,0.00049,0.00017,-2e-05,1e-05,1e-05,-0.00308,0.00091,-0.00053,-0.00218,-0,2e-05,2e-05
101.54,-0.00062,-1e-05,-1e-05,-0.00044,-1e-05,-0,0.00232,0.00059,-0.00029,0.00234,-0,-0,-1e-05,0.00292,-5e-05,-0.00024,0.00151,0,0,2e-05,0.00033,-0.00074,0.0004,0.00016,-2e-05,1e-05,1e-05,-0.00256,0.00101,-0.00057,-0.00203,0,3e-05,4e-05
101.56,-0.00047,-1e-05,-0,-0.00043,-2e-05,-0,0.0022,0.0007,-0.00019,0.00235,2e-05,-0,0,0.00283,0.00012,-0.00014,0.0014,0,0,3e-05,0.00034,-0.00058,0.00029,0.00016,-1e-05,1e-05,1e-05,-0.00198,0.00096,-0.00054,-0.00184,-2e-05,4e-05,6e-05
101.58,-0.00032,-1e-05,-0,-0.00041,-2e-05,-0,0.00211,0.00076,-8e-05,0.00232,5e-05,0,1e-05,0.00274,0.00025,-6e-05,0.00131,0,0,3e-05,0.00034,-0.00039,0.00018,0.00016,-1e-05,1e-05,1e-05,-0.00137,0.00076,-0.00045,-0.00158,-6e-05,6e-05,9e-05
101.6,-0.00016,-0,0,-0.00037,-2e-05,-0,0.00208,0.00078,-0,0.00222,7e-05,1e-05,2e-05,0.0026,0.00033,-1e-05,0.00121,1e-05,0,4e-05,0.00033,-0.00018,6e-05,0.00015,-1e-05,1e-05,0,-0.00074,0.00045,-0.00031,-0.00126,-0.0001,8e-05,0.00013
101.62,3e-05,-0,0,-0.00033,-3e-05,-0,0.00213,0.00077,5e-05,0.00203,8e-05,1e-05,2e-05,0.00237,0.00038,1e-05,0.00111,1e-05,0,5e-05,0.00031,2e-05,-5e-05,0.00013,-0,1e-05,0,-0.00014,7e-05,-0.00014,-0.00089,-0.00016,0.00011,0.00017
101.64,0.00025,0,0,-0.00028,-3e-05,-0,0.00217,0.00073,7e-05,0.00183,9e-05,1e-05,2e-05,0.0021,0.00041,1e-05,0.00102,2e-05,0,7e-05,0.00028,0.00021,-0.00015,0.00012,-0,0,0,0.0004,-0.00034,6e-05,-0.00051,-0.0002,0.00013,0.00021
101.66,0.00051,1e-05,0,-0.00023,-4e-05,-0,0.00218,0.00066,6e-05,0.00165,9e-05,1e-05,2e-05,0.0018,0.0004,0,0.00093,4e-05,-0,9e-05,0.00025,0.00039,-0.00024,0.0001,0,0,0,0.00086,-0.00073,0.00026,-0.00014,-0.00025,0.00015,0.00024
101.68,0.00082,1e-05,0,-0.00018,-4e-05,0,0.00215,0.00056,3e-05,0.00148,9e-05,1e-05,2e-05,0.00147,0.00036,-0,0.00083,8e-05,0,0.00011,0.00022,0.00053,-0.00033,9e-05,1e-05,0,-0,0.00126,-0.00107,0.00044,0.00021,-0.00028,0.00017,0.00026
101.7,0.00115,1e-05,0,-0.00014,-4e-05,0,0.00203,0.00046,1e-05,0.00129,9e-05,1e-05,3e-05,0.00107,0.00032,0,0.00072,0.00013,0,0.00013,0.00018,0.00064,-0.0004,7e-05,1e-05,-0,-0,0.00157,-0.00134,0.0006,0.00052,-0.0003,0.00018,0.00028
101.72,0.00148,1e-05,0,-0.0001,-4e-05,0,0.00178,0.00037,-1e-05,0.00109,9e-05,1e-05,3e-05,0.00058,0.00027,3e-05,0.00059,0.00021,1e-05,0.00016,0.00015,0.00071,-0.00046,6e-05,1e-05,-0,-0,0.0018,-0.0015,0.0007,0.00078,-0.00032,0.00018,0.00029
101.74,0.00179,1e-05,0,-6e-05,-4e-05,-0,0.00142,0.00029,-1e-05,0.00087,9e-05,1e-05,4e-05,1e-05,0.00022,6e-05,0.00043,0.00033,2e-05,0.00018,0.00012,0.00074,-0.00049,5e-05,1e-05,-0,-0,0.00197,-0.00155,0.00074,0.00098,-0.00032,0.00019,0.00029
101.76,0.0021,1e-05,0,-4e-05,-4e-05,0,0.00095,0.00022,0,0.00062,8e-05,1e-05,5e-05,-0.00065,0.00018,0.00011,0.00024,0.0005,4e-05,0.00019,0.0001,0.00073,-0.0005,4e-05,1e-05,-0,-0,0.00207,-0.00149,0.00072,0.00113,-0.00032,0.00018,0.00028
101.78,0.00239,1e-05,0,-2e-05,-4e-05,0,0.00037,0.00015,4e-05,0.00035,7e-05,1e-05,6e-05,-0.00141,0.00015,0.00016,4e-05,0.00069,7e-05,0.00019,8e-05,0.00069,-0.00049,3e-05,1e-05,-0,-0,0.00214,-0.00134,0.00065,0.00122,-0.00031,0.00018,0.00027
101.8,0.00264,1e-05,0,0,-3e-05,0,-0.00033,9e-05,8e-05,9e-05,6e-05,1e-05,8e-05,-0.00217,0.00013,0.00023,-0.00017,0.00092,0.0001,0.00017,6e-05,0.00062,-0.00045,3e-05,1e-05,-0,-0,0.00218,-0.00113,0.00053,0.00128,-0.0003,0.00017,0.00025
101.82,0.00284,0,0,2e-05,-3e-05,0,-0.00102,2e-05,0.00013,-0.00017,4e-05,1e-05,0.00011,-0.0027,0.00011,0.00028,-0.00037,0.00124,0.00017,0.00014,4e-05,0.00053,-0.0004,2e-05,1e-05,-0,-0,0.00218,-0.00089,0.00038,0.00129,-0.00029,0.00016,0.00024
101.84,0.00297,-0,-0,4e-05,-3e-05,0,-0.0016,-3e-05,0.00018,-0.00042,2e-05,1e-05,0.00014,-0.00301,0.0001,0.00034,-0.00053,0.00157,0.00024,0.0001,3e-05,0.00044,-0.00034,2e-05,1e-05,-0,-0,0.00218,-0.00067,0.00023,0.00129,-0.00027,0.00015,0.00022
101.86,0.00305,-0,-0,6e-05,-3e-05,0,-0.00211,-8e-05,0.00024,-0.00063,1e-05,2e-05,0.00017,-0.00322,0.0001,0.00039,-0.00066,0.00182,0.00032,8e-05,2e-05,0.00035,-0.00028,2e-05,1e-05,-0,-0,0.0022,-0.00046,9e-05,0.00128,-0.00026,0.00014,0.00021
101.88,0.00306,-1e-05,0,9e-05,-3e-05,0,-0.00253,-0.00012,0.00029,-0.00081,-0,3e-05,0.0002,-0.00328,0.00011,0.00043,-0.00075,0.00199,0.00039,6e-05,1e-05,0.00027,-0.00023,2e-05,1e-05,-0,-0,0.00224,-0.00029,-4e-05,0.00128,-0.00024,0.00013,0.00019
101.9,0.003,-1e-05,0,0.00012,-3e-05,0,-0.00281,-0.00014,0.00035,-0.00094,1e-05,4e-05,0.00022,-0.00325,0.00013,0.00048,-0.00079,0.00208,0.00044,5e-05,-1e-05,0.0002,-0.00018,2e-05,0,-0,0,0.00232,-0.00014,-0.00015,0.00132,-0.00022,0.00012,0.00018
101.92,0.00287,-1e-05,-0,0.00016,-3e-05,0,-0.0029,-0.00014,0.0004,-0.001,5e-05,5e-05,0.00026,-0.00317,0.00016,0.00053,-0.00078,0.00203,0.00048,5e-05,-3e-05,0.00015,-0.00014,1e-05,0,-0,0,0.00245,-1e-05,-0.00024,0.00143,-0.00019,0.00012,0.00017
101.94,0.00267,-1e-05,-0,0.0002,-3e-05,0,-0.00283,-0.00012,0.00046,-0.00099,0.00014,8e-05,0.00029,-0.00301,0.0002,0.00058,-0.00074,0.00193,0.0005,5e-05,-6e-05,0.0001,-0.00011,0,0,0,0,0.00262,0.00011,-0.0003,0.00161,-0.00016,0.00011,0.00015
101.96,0.00242,-1e-05,-0,0.00024,-3e-05,0,-0.00265,-7e-05,0.0005,-0.00093,0.00029,0.00012,0.00028,-0.00275,0.00024,0.00062,-0.00068,0.00181,0.0005,5e-05,-9e-05,8e-05,-9e-05,-1e-05,-0,0,0,0.00281,0.00023,-0.00035,0.00184,-0.00012,0.0001,0.00013
101.98,0.00212,-0,-0,0.00028,-3e-05,0,-0.00235,-1e-05,0.00052,-0.00084,0.00047,0.00016,0.00025,-0.00242,0.00027,0.00066,-0.00061,0.00168,0.00049,6e-05,-0.00013,6e-05,-8e-05,-2e-05,-0,0,0,0.00301,0.00035,-0.00039,0.00212,-7e-05,9e-05,0.00012
102,0.00182,-0,-1e-05,0.00031,-3e-05,0,-0.00201,6e-05,0.00053,-0.00073,0.00071,0.00022,0.00019,-0.00207,0.00029,0.00067,-0.00053,0.00153,0.00046,6e-05,-0.00016,6e-05,-8e-05,-4e-05,-0,0,0,0.00318,0.00046,-0.00041,0.00238,-3e-05,7e-05,0.0001
102.02,0.00153,-0,-1e-05,0.00033,-3e-05,0,-0.00173,0.00012,0.00054,-0.00063,0.00106,0.00031,0.0001,-0.00174,0.00029,0.00068,-0.00047,0.00136,0.00043,7e-05,-0.00018,7e-05,-8e-05,-5e-05,-0,0,0,0.00325,0.00057,-0.00042,0.00256,1e-05,6e-05,8e-05
102.04,0.00127,0,-1e-05,0.00033,-2e-05,0,-0.00146,0.00017,0.00055,-0.00053,0.00142,0.00042,3e-05,-0.00143,0.00027,0.00065,-0.00042,0.00119,0.00038,7e-05,-0.0002,9e-05,-9e-05,-5e-05,-0,0,0,0.00321,0.00066,-0.00043,0.00264,4e-05,5e-05,6e-05
102.06,0.00103,0,-2e-05,0.00031,-2e-05,0,-0.00119,0.0002,0.00055,-0.00043,0.00165,0.00049,-1e-05,-0.00112,0.00024,0.0006,-0.00037,0.001,0.00033,7e-05,-0.0002,0.00011,-0.0001,-6e-05,-0,-0,-0,0.00308,0.00072,-0.00042,0.00259,7e-05,4e-05,4e-05
102.08,0.00082,0,-3e-05,0.00028,-1e-05,0,-0.00095,0.0002,0.00053,-0.00035,0.00179,0.00054,-3e-05,-0.00085,0.00019,0.00053,-0.00033,0.0008,0.00028,6e-05,-0.00019,0.00012,-0.0001,-5e-05,-0,-0,-0,0.00284,0.00075,-0.00041,0.00242,8e-05,3e-05,3e-05
102.1,0.00064,-0,-3e-05,0.00023,-1e-05,0,-0.00075,0.00019,0.0005,-0.00028,0.00178,0.00055,-3e-05,-0.00061,0.00014,0.00043,-0.00029,0.0006,0.00022,5e-05,-0.00018,0.00014,-0.00011,-4e-05,0,-0,-0,0.00256,0.00074,-0.0004,0.00217,8e-05,2e-05,2e-05
102.12,0.00051,-0,-4e-05,0.00019,-0,0,-0.00058,0.00017,0.00043,-0.00023,0.00158,0.0005,-3e-05,-0.00042,7e-05,0.00031,-0.00027,0.00039,0.00017,3e-05,-0.00016,0.00014,-0.00011,-4e-05,0,-0,-0,0.00228,0.00069,-0.00038,0.00188,8e-05,1e-05,1e-05
102.14,0.0004,-0,-4e-05,0.00014,0,0,-0.00045,0.00014,0.00036,-0.00019,0.00132,0.00043,-2e-05,-0.00025,1e-05,0.00019,-0.00024,0.0002,0.00012,2e-05,-0.00014,0.00013,-0.0001,-3e-05,0,-0,-0,0.00199,0.00059,-0.00036,0.00158,7e-05,1e-05,1e-05
102.16,0.00031,-0,-4e-05,9e-05,1e-05,0,-0.00035,0.00011,0.0003,-0.00016,0.00106,0.00036,-2e-05,-0.00012,-4e-05,8e-05,-0.00022,5e-05,7e-05,0,-0.00011,0.00011,-9e-05,-1e-05,0,-0,-0,0.00166,0.00045,-0.00033,0.00128,6e-05,1e-05,1e-05
102.18,0.00023,-0,-3e-05,5e-05,1e-05,0,-0.00027,8e-05,0.00023,-0.00014,0.00082,0.0003,-1e-05,-1e-05,-9e-05,-1e-05,-0.0002,-9e-05,3e-05,-1e-05,-9e-05,8e-05,-7e-05,-1e-05,0,-0,-0,0.00133,0.00027,-0.00029,0.001,4e-05,1e-05,1e-05
102.2,0.00016,-0,-3e-05,2e-05,1e-05,0,-0.00021,5e-05,0.00018,-0.00012,0.0006,0.00023,-0,7e-05,-0.00013,-8e-05,-0.00017,-0.00019,-0,-3e-05,-7e-05,4e-05,-6e-05,0,0,-0,-0,0.00102,6e-05,-0.00024,0.00074,3e-05,1e-05,1e-05
102.22,0.00011,-0,-2e-05,-0,2e-05,0,-0.00016,3e-05,0.00012,-0.0001,0.0004,0.00016,0,0.00014,-0.00015,-0.00012,-0.00015,-0.00025,-3e-05,-3e-05,-4e-05,-1e-05,-3e-05,1e-05,0,0,0,0.00075,-0.00019,-0.00018,0.0005,1e-05,1e-05,2e-05
102.24,5e-05,-0,-1e-05,-2e-05,2e-05,0,-0.00011,1e-05,8e-05,-8e-05,0.00023,0.00011,0,0.00018,-0.00017,-0.00015,-0.00012,-0.00027,-4e-05,-4e-05,-2e-05,-5e-05,-1e-05,2e-05,0,0,0,0.0005,-0.00045,-0.0001,0.00029,-1e-05,2e-05,3e-05
102.26,0,-0,0,-3e-05,2e-05,0,-7e-05,0,4e-05,-6e-05,0.00012,6e-05,0,0.00021,-0.00016,-0.00016,-0.0001,-0.00027,-5e-05,-4e-05,-0,-8e-05,0,3e-05,-0,0,0,0.00028,-0.00072,-1e-05,8e-05,-3e-05,3e-05,4e-05
102.28,-4e-05,0,1e-05,-3e-05,2e-05,0,-4e-05,-1e-05,1e-05,-5e-05,3e-05,2e-05,0,0.00022,-0.00015,-0.00015,-7e-05,-0.00023,-5e-05,-3e-05,1e-05,-0.00011,2e-05,3e-05,-0,0,0,9e-05,-0.00098,9e-05,-0.00013,-4e-05,3e-05,5e-05
102.3,-9e-05,-0,2e-05,-2e-05,2e-05,0,-1e-05,-1e-05,-1e-05,-3e-05,-4e-05,-1e-05,-0,0.00021,-0.00013,-0.00013,-4e-05,-0.00018,-4e-05,-2e-05,3e-05,-0.00014,3e-05,4e-05,-0,0,0,-8e-05,-0.00124,0.0002,-0.00035,-6e-05,4e-05,6e-05
102.32,-0.00013,-0,2e-05,-1e-05,2e-05,0,1e-05,-1e-05,-3e-05,-1e-05,-8e-05,-3e-05,-1e-05,0.00019,-0.0001,-0.00011,-2e-05,-0.00012,-3e-05,-1e-05,4e-05,-0.00015,4e-05,5e-05,-0,0,0,-0.00023,-0.00147,0.00031,-0.00058,-8e-05,4e-05,6e-05
102.34,-0.00016,-0,2e-05,-0,1e-05,0,2e-05,-1e-05,-4e-05,0,-0.00012,-5e-05,-1e-05,0.00016,-7e-05,-9e-05,-0,-4e-05,-2e-05,-0,6e-05,-0.00016,5e-05,5e-05,-0,0,0,-0.00038,-0.00166,0.0004,-0.00083,-0.0001,5e-05,7e-05
102.36,-0.00019,-0,2e-05,0,1e-05,0,3e-05,-1e-05,-4e-05,1e-05,-0.00015,-6e-05,-2e-05,0.00013,-4e-05,-6e-05,1e-05,4e-05,-0,1e-05,7e-05,-0.00016,5e-05,6e-05,-0,0,0,-0.00053,-0.0018,0.00048,-0.00109,-0.00011,5e-05,7e-05
102.38,-0.00021,-0,2e-05,1e-05,1e-05,0,3e-05,-1e-05,-4e-05,2e-05,-0.00016,-7e-05,-2e-05,9e-05,-2e-05,-3e-05,1e-05,0.00012,2e-05,2e-05,8e-05,-0.00016,5e-05,6e-05,-0,0,0,-0.00066,-0.00188,0.00054,-0.00134,-0.00012,5e-05,7e-05
102.4,-0.00022,-0,1e-05,2e-05,1e-05,0,2e-05,-1e-05,-4e-05,2e-05,-0.00017,-8e-05,-2e-05,5e-05,-0,-1e-05,1e-05,0.0002,3e-05,3e-05,9e-05,-0.00015,6e-05,7e-05,-0,0,0,-0.00079,-0.00189,0.00057,-0.00157,-0.00013,5e-05,7e-05
102.42,-0.00023,-0,1e-05,2e-05,1e-05,0,2e-05,-1e-05,-4e-05,2e-05,-0.00016,-7e-05,-2e-05,1e-05,1e-05,1e-05,1e-05,0.00026,5e-05,4e-05,0.0001,-0.00015,6e-05,7e-05,0,0,0,-0.00091,-0.00182,0.00056,-0.00175,-0.00013,4e-05,6e-05
102.44,-0.00023,-0,1e-05,2e-05,0,0,1e-05,-1e-05,-4e-05,2e-05,-0.00014,-7e-05,-2e-05,-1e-05,2e-05,2e-05,1e-05,0.00029,6e-05,4e-05,0.00011,-0.00014,6e-05,7e-05,0,0,0,-0.00101,-0.00168,0.00051,-0.00187,-0.00012,4e-05,5e-05
102.46,-0.00023,-0,1e-05,2e-05,0,0,1e-05,-1e-05,-4e-05,2e-05,-0.00011,-6e-05,-2e-05,-3e-05,2e-05,3e-05,0,0.0003,6e-05,4e-05,0.00011,-0.00014,6e-05,7e-05,0,0,0,-0.00108,-0.00146,0.00043,-0.00191,-0.00011,2e-05,3e-05
102.48,-0.00022,-0,1e-05,3e-05,0,0,2e-05,-1e-05,-4e-05,2e-05,-7e-05,-4e-05,-1e-05,-4e-05,1e-05,2e-05,-0,0.00028,6e-05,3e-05,0.00011,-0.00014,6e-05,7e-05,0,0,0,-0.00111,-0.0012,0.00031,-0.00188,-9e-05,1e-05,1e-05
102.5,-0.00021,-0,0,3e-05,0,0,2e-05,-1e-05,-4e-05,2e-05,-3e-05,-3e-05,-1e-05,-3e-05,0,1e-05,-1e-05,0.00023,5e-05,2e-05,0.0001,-0.00014,6e-05,7e-05,0,0,0,-0.0011,-0.00091,0.00017,-0.00179,-7e-05,-0,-1e-05
102.52,-0.0002,0,0,3e-05,0,0,3e-05,-2e-05,-5e-05,1e-05,0,-2e-05,-0,-2e-05,-1e-05,-1e-05,-1e-05,0.00017,4e-05,1e-05,0.0001,-0.00013,5e-05,6e-05,0,0,0,-0.00105,-0.00064,3e-05,-0.00168,-5e-05,-2e-05,-2e-05
102.54,-0.0002,0,0,3e-05,0,0,4e-05,-2e-05,-6e-05,1e-05,3e-05,-1e-05,0,0,-3e-05,-3e-05,-1e-05,0.0001,3e-05,0,9e-05,-0.00012,4e-05,6e-05,0,0,0,-0.00098,-0.00042,-0.0001,-0.00158,-3e-05,-3e-05,-4e-05
102.56,-0.00019,0,0,3e-05,0,0,5e-05,-3e-05,-7e-05,1e-05,4e-05,-0,0,3e-05,-4e-05,-5e-05,-2e-05,4e-05,2e-05,-1e-05,8e-05,-0.0001,3e-05,6e-05,0,-0,-0,-0.00091,-0.00028,-0.00019,-0.00149,-2e-05,-4e-05,-5e-05
102.58,-0.00019,0,0,3e-05,0,0,6e-05,-4e-05,-7e-05,-0,4e-05,-0,0,7e-05,-6e-05,-8e-05,-2e-05,-0,1e-05,-2e-05,7e-05,-8e-05,1e-05,5e-05,0,-0,-0,-0.00084,-0.00021,-0.00025,-0.00142,-0,-5e-05,-6e-05
102.6,-0.00019,0,0,3e-05,0,0,7e-05,-5e-05,-8e-05,-1e-05,3e-05,-0,0,0.0001,-8e-05,-0.0001,-2e-05,-3e-05,1e-05,-2e-05,6e-05,-6e-05,-1e-05,5e-05,0,-0,-0,-0.00077,-0.00023,-0.00026,-0.00139,0,-5e-05,-7e-05
102.62,-0.00019,0,0,3e-05,0,0,8e-05,-6e-05,-9e-05,-1e-05,2e-05,-0,0,0.00014,-9e-05,-0.00012,-2e-05,-4e-05,1e-05,-2e-05,4e-05,-3e-05,-2e-05,4e-05,0,-0,-0,-0.0007,-0.00032,-0.00024,-0.00137,1e-05,-5e-05,-7e-05
102.64,-0.00019,0,0,3e-05,0,0,9e-05,-7e-05,-9e-05,-1e-05,1e-05,-0,1e-05,0.00018,-0.0001,-0.00014,-2e-05,-3e-05,1e-05,-2e-05,3e-05,-1e-05,-3e-05,4e-05,1e-05,-0,-0,-0.00064,-0.00048,-0.00017,-0.00137,1e-05,-5e-05,-6e-05
102.66,-0.0002,0,0,3e-05,0,0,0.0001,-7e-05,-0.0001,-1e-05,2e-05,0,1e-05,0.00021,-0.00011,-0.00015,-1e-05,-1e-05,1e-05,-2e-05,2e-05,0,-4e-05,4e-05,1e-05,-0,-0,-0.00058,-0.00069,-7e-05,-0.00136,0,-5e-05,-5e-05
102.68,-0.0002,0,0,3e-05,0,0,0.00011,-8e-05,-9e-05,-1e-05,2e-05,0,1e-05,0.00024,-0.00011,-0.00016,-1e-05,0,1e-05,-1e-05,1e-05,1e-05,-5e-05,4e-05,1e-05,-0,-0,-0.00053,-0.00092,5e-05,-0.00135,-0,-4e-05,-4e-05
102.7,-0.0002,0,0,3e-05,1e-05,0,0.00013,-8e-05,-9e-05,1e-05,2e-05,0,1e-05,0.00028,-0.00011,-0.00015,1e-05,-0,-0,0,-0,1e-05,-4e-05,3e-05,1e-05,-0,-0,-0.00048,-0.00115,0.00019,-0.00132,-1e-05,-3e-05,-3e-05
102.72,-0.0002,0,-0,3e-05,1e-05,0,0.00015,-7e-05,-8e-05,3e-05,0,-0,1e-05,0.00032,-0.00011,-0.00015,3e-05,-5e-05,-2e-05,1e-05,-1e-05,2e-05,-4e-05,3e-05,0,-0,-0,-0.00043,-0.00133,0.00032,-0.00125,-2e-05,-2e-05,-2e-05
102.74,-0.00019,-0,0,3e-05,1e-05,0,0.00017,-6e-05,-7e-05,6e-05,-3e-05,-1e-05,1e-05,0.00036,-9e-05,-0.00013,6e-05,-0.00014,-6e-05,2e-05,-1e-05,2e-05,-4e-05,3e-05,0,-0,-0,-0.00038,-0.00145,0.00043,-0.00114,-3e-05,-1e-05,-0
102.76,-0.00018,-0,0,3e-05,2e-05,0,0.0002,-4e-05,-5e-05,0.0001,-9e-05,-4e-05,1e-05,0.00041,-7e-05,-0.00011,0.0001,-0.00029,-0.00012,2e-05,-2e-05,2e-05,-3e-05,2e-05,0,-0,-0,-0.00034,-0.00149,0.00051,-0.00098,-3e-05,0,1e-05
102.78,-0.00016,-0,0,3e-05,3e-05,0,0.00024,-1e-05,-3e-05,0.00015,-0.00017,-7e-05,-0,0.00046,-3e-05,-8e-05,0.00014,-0.00046,-0.00019,2e-05,-2e-05,2e-05,-3e-05,2e-05,0,-0,-0,-0.0003,-0.00144,0.00055,-0.00077,-4e-05,1e-05,2e-05
102.8,-0.00014,-0,0,4e-05,4e-05,0,0.00027,4e-05,0,0.00021,-0.00024,-0.00011,-2e-05,0.00051,3e-05,-4e-05,0.0002,-0.00061,-0.00026,2e-05,-1e-05,2e-05,-2e-05,1e-05,0,-0,-0,-0.00029,-0.0013,0.00056,-0.00053,-3e-05,2e-05,3e-05
102.82,-0.00012,-0,0,4e-05,5e-05,0,0.0003,0.00011,4e-05,0.00027,-0.00025,-0.00013,-3e-05,0.00056,0.00012,0,0.00027,-0.00068,-0.0003,1e-05,-0,2e-05,-1e-05,1e-05,0,-0,-0,-0.0003,-0.0011,0.00053,-0.00027,-2e-05,2e-05,3e-05
102.84,-9e-05,-0,1e-05,6e-05,7e-05,0,0.00031,0.0002,7e-05,0.00034,-0.00019,-0.00015,-5e-05,0.0006,0.00025,4e-05,0.00034,-0.00062,-0.00029,-0,1e-05,2e-05,-1e-05,0,0,-0,-0,-0.00035,-0.00086,0.00046,0,-1e-05,2e-05,3e-05
102.86,-7e-05,0,1e-05,8e-05,9e-05,0,0.00031,0.00031,0.00011,0.0004,-9e-05,-0.00016,-6e-05,0.00062,0.00042,7e-05,0.00041,-0.00043,-0.00023,-1e-05,3e-05,1e-05,-0,-0,-0,-0,-0,-0.00046,-0.0006,0.00038,0.00026,2e-05,2e-05,2e-05
102.88,-5e-05,0,1e-05,0.00011,0.00011,0,0.00028,0.00044,0.00013,0.00044,3e-05,-0.00016,-8e-05,0.00062,0.00064,7e-05,0.00048,-0.00035,-0.00016,-3e-05,5e-05,0,-0,-1e-05,-0,-0,-0,-0.00064,-0.00037,0.00028,0.00049,4e-05,1e-05,1e-05
102.9,-3e-05,1e-05,1e-05,0.00015,0.00013,0,0.00021,0.00059,0.00014,0.00046,0.00018,-0.00016,-9e-05,0.00058,0.00089,4e-05,0.00054,-4e-05,-2e-05,-5e-05,8e-05,-1e-05,-0,-2e-05,-0,-0,-0,-0.0009,-0.00023,0.00019,0.00064,7e-05,0,-1e-05
102.92,-2e-05,1e-05,2e-05,0.0002,0.00012,0,0.00012,0.00075,0.00013,0.00044,0.00037,-0.00013,-0.0001,0.00047,0.00111,1e-05,0.00068,0.00102,0.00035,-7e-05,0.00011,-2e-05,-0,-2e-05,-0,-0,-0,-0.00123,-0.00021,0.00011,0.00071,0.0001,-1e-05,-2e-05
102.94,-2e-05,1e-05,2e-05,0.00027,0.0001,0,1e-05,0.00092,8e-05,0.00037,0.00053,-9e-05,-0.00011,0.00035,0.00123,1e-05,0.00078,0.0018,0.00069,-9e-05,0.00014,-3e-05,-1e-05,-3e-05,-0,-0,-0,-0.00162,-0.00035,7e-05,0.00066,0.00013,-2e-05,-4e-05
102.96,-4e-05,1e-05,1e-05,0.00034,8e-05,0,-9e-05,0.00107,1e-05,0.00023,0.00058,-8e-05,-0.00011,0.00026,0.00134,2e-05,0.00073,0.0018,0.00078,-9e-05,0.00017,-5e-05,-1e-05,-3e-05,-0,-0,-0,-0.00207,-0.00062,5e-05,0.00051,0.00015,-4e-05,-6e-05
102.98,-7e-05,1e-05,0,0.00043,7e-05,0,-0.00018,0.00118,-5e-05,4e-05,0.00056,-7e-05,-0.00012,0.00014,0.00147,1e-05,0.00055,0.00151,0.00073,-8e-05,0.0002,-6e-05,-2e-05,-3e-05,-0,-0,-0,-0.00251,-0.00097,5e-05,0.00027,0.00018,-5e-05,-8e-05
103,-0.00012,1e-05,-1e-05,0.00052,6e-05,0,-0.00019,0.00124,-8e-05,-0.0002,0.00046,-7e-05,-0.00012,-0,0.0016,-2e-05,0.00034,0.00082,0.00045,-6e-05,0.00023,-6e-05,-3e-05,-4e-05,0,-0,-0,-0.00294,-0.00131,3e-05,-2e-05,0.0002,-7e-05,-0.00011
103.02,-0.00018,0,-1e-05,0.00059,3e-05,-0,-8e-05,0.00126,1e-05,-0.00048,0.00029,-0.0001,-0.0001,-0.00011,0.00166,-0,0.00013,0.00012,0.00012,-7e-05,0.00025,-6e-05,-5e-05,-4e-05,0,-1e-05,-0,-0.00342,-0.00153,-2e-05,-0.00032,0.00022,-9e-05,-0.00013
103.04,-0.00026,-0,-1e-05,0.00065,0,-0,0.00018,0.00117,0.00026,-0.00079,0.00014,-0.00013,-8e-05,-0.00015,0.0016,0.00012,-0.00013,2e-05,-5e-05,-0.00011,0.00025,-5e-05,-6e-05,-4e-05,0,-1e-05,-0,-0.00383,-0.00157,-0.00013,-0.00058,0.00024,-0.00011,-0.00016
103.06,-0.00037,-0,-1e-05,0.00068,-2e-05,-0,0.0005,0.00091,0.00073,-0.00113,6e-05,-0.00014,-5e-05,-0.00011,0.00143,0.00038,-0.00048,0.00021,-8e-05,-0.00016,0.00024,-4e-05,-7e-05,-4e-05,0,-1e-05,-0,-0.00406,-0.00137,-0.0003,-0.00078,0.00027,-0.00013,-0.00019
103.08,-0.00051,0,1e-05,0.0007,-5e-05,-0,0.00079,0.0005,0.00135,-0.00151,1e-05,-0.00013,-3e-05,-2e-05,0.00114,0.0008,-0.00089,0.00042,-2e-05,-0.00022,0.00021,-2e-05,-9e-05,-3e-05,0,-1e-05,-0,-0.00412,-0.00098,-0.00052,-0.00092,0.00029,-0.00015,-0.00022
103.1,-0.00072,0,2e-05,0.00068,-8e-05,-0,0.00093,-7e-05,0.00211,-0.00182,-0,-0.0001,-2e-05,8e-05,0.00076,0.0014,-0.00133,0.00044,4e-05,-0.00026,0.00017,0,-9e-05,-3e-05,1e-05,-1e-05,-0,-0.00401,-0.00046,-0.00074,-0.00101,0.00031,-0.00016,-0.00024
103.12,-0.00104,1e-05,5e-05,0.00063,-0.00011,-0,0.00065,-0.00076,0.00293,-0.00175,-0,-7e-05,-1e-05,0.0002,0.00028,0.00213,-0.00169,0.00021,2e-05,-0.00025,0.00013,2e-05,-9e-05,-2e-05,1e-05,-1e-05,-0,-0.00373,0.0001,-0.00092,-0.00106,0.00033,-0.00017,-0.00026
103.14,-0.00148,1e-05,0.0001,0.00055,-0.00011,-0,-0.00029,-0.00148,0.00339,-0.00117,1e-05,-4e-05,1e-05,0.00012,-0.00029,0.0028,-0.00186,3e-05,-1e-05,-0.0002,0.0001,3e-05,-8e-05,-2e-05,1e-05,-1e-05,-0,-0.00337,0.00061,-0.00103,-0.00107,0.00033,-0.00017,-0.00026
103.16,-0.00202,2e-05,0.00018,0.00045,-8e-05,-0,-0.00178,-0.00206,0.00329,-0.00023,2e-05,-1e-05,2e-05,-0.00037,-0.00089,0.00322,-0.00184,-5e-05,-1e-05,-0.00014,6e-05,3e-05,-6e-05,-2e-05,0,-1e-05,-0,-0.00299,0.00102,-0.00105,-0.00107,0.00033,-0.00016,-0.00025
103.18,-0.00266,4e-05,0.00026,0.00035,-5e-05,-0,-0.00354,-0.00238,0.00252,0.00101,4e-05,1e-05,4e-05,-0.00127,-0.00143,0.00314,-0.00153,-4e-05,0,-7e-05,4e-05,2e-05,-3e-05,-1e-05,0,-1e-05,-0,-0.00261,0.0013,-0.00098,-0.00102,0.00032,-0.00015,-0.00023
103.2,-0.00328,7e-05,0.00033,0.00025,-1e-05,-0,-0.00501,-0.00234,0.00207,0.00206,7e-05,2e-05,4e-05,-0.0025,-0.00177,0.00281,-0.00092,1e-05,1e-05,-1e-05,2e-05,0,0,-2e-05,0,-0,-0,-0.00224,0.00147,-0.00084,-0.00092,0.00031,-0.00013,-0.0002
103.22,-0.00376,0.0001,0.00031,0.00017,2e-05,-0,-0.00544,-0.00181,0.00275,0.0023,8e-05,2e-05,4e-05,-0.00371,-0.00165,0.0026,-0.00014,4e-05,0,2e-05,0,-1e-05,4e-05,-2e-05,-0,-0,-0,-0.00188,0.00154,-0.00067,-0.00072,0.0003,-0.00011,-0.00017
103.24,-0.00411,0.00011,0.00021,9e-05,5e-05,-0,-0.00463,-0.00114,0.0035,0.00185,9e-05,2e-05,3e-05,-0.00427,-0.0012,0.00232,0.00046,5e-05,-0,4e-05,-1e-05,-3e-05,8e-05,-3e-05,-0,-0,-0,-0.00154,0.00154,-0.00046,-0.00041,0.0003,-8e-05,-0.00013
103.26,-0.0043,0.0001,7e-05,2e-05,7e-05,-0,-0.00302,-0.00063,0.00392,0.00107,0.0001,3e-05,2e-05,-0.00394,-0.00073,0.00213,0.00067,8e-05,-0,5e-05,-2e-05,-4e-05,0.00011,-4e-05,-1e-05,-0,-0,-0.00122,0.00147,-0.00024,1e-05,0.00031,-6e-05,-0.0001
103.28,-0.00429,8e-05,-5e-05,-5e-05,9e-05,-0,-0.00105,-0.00017,0.00408,0.00016,0.00012,3e-05,1e-05,-0.00277,-0.00032,0.00216,0.00049,0.00011,0,4e-05,-4e-05,-5e-05,0.00013,-5e-05,-1e-05,0,0,-0.0009,0.00134,-3e-05,0.00052,0.00032,-4e-05,-8e-05
103.3,-0.00408,5e-05,-0.0001,-0.00011,9e-05,-0,0.00028,0.00046,0.00397,-0.00046,0.00015,4e-05,0,-0.00155,7e-05,0.00235,0.00017,0.00015,0,3e-05,-6e-05,-6e-05,0.00014,-7e-05,-1e-05,0,0,-0.00055,0.00114,0.00016,0.00109,0.00034,-2e-05,-5e-05
103.32,-0.00369,4e-05,-0.00012,-0.00017,8e-05,-0,0.00067,0.00137,0.00364,-0.00065,0.0002,5e-05,0,-0.00102,0.00068,0.00252,0,0.00021,1e-05,2e-05,-8e-05,-7e-05,0.00014,-8e-05,-1e-05,0,0,-0.00016,0.00088,0.00032,0.00164,0.00036,-1e-05,-4e-05
103.34,-0.00322,2e-05,-0.00014,-0.00022,7e-05,-0,0.00076,0.00239,0.00307,-0.00064,0.00026,6e-05,-0,-0.00075,0.0015,0.00253,-7e-05,0.00027,1e-05,1e-05,-0.00011,-8e-05,0.00013,-9e-05,-1e-05,0,0,0.00027,0.00054,0.00044,0.00213,0.00038,-1e-05,-3e-05
103.36,-0.00271,2e-05,-0.00014,-0.00025,6e-05,-0,0.00077,0.0033,0.00243,-0.00055,0.00031,8e-05,-0,-0.00047,0.00237,0.0024,-0.00011,0.00033,2e-05,1e-05,-0.00015,-0.0001,0.00012,-0.0001,-1e-05,0,0,0.00074,0.00015,0.0005,0.00253,0.00038,-0,-2e-05
103.38,-0.0022,1e-05,-0.00013,-0.00028,4e-05,-0,0.00069,0.00393,0.00182,-0.00042,0.00036,0.0001,-0,-0.00025,0.00317,0.00213,-0.0001,0.00036,3e-05,1e-05,-0.0002,-0.00012,0.0001,-0.00011,-1e-05,0,0,0.00125,-0.00028,0.00052,0.00283,0.00038,-0,-2e-05
103.4,-0.00168,1e-05,-0.0001,-0.00028,3e-05,-0,0.00053,0.00425,0.00132,-0.00029,0.0004,0.00012,-0,-7e-05,0.0038,0.0018,-0.00012,0.00036,3e-05,0,-0.00025,-0.00015,9e-05,-0.00011,-1e-05,-0,0,0.00177,-0.0007,0.0005,0.00301,0.00038,-0,-2e-05
103.42,-0.00118,1e-05,-7e-05,-0.00026,2e-05,-0,0.00032,0.00427,0.00093,-0.00018,0.00043,0.00012,-0,9e-05,0.00426,0.00146,-0.0002,0.00034,2e-05,1e-05,-0.0003,-0.00019,9e-05,-0.00011,-1e-05,-0,-0,0.00225,-0.00106,0.00046,0.00309,0.00036,-1e-05,-3e-05
103.44,-0.00071,1e-05,-3e-05,-0.00022,1e-05,-0,0.00013,0.00405,0.00064,-0.00011,0.00045,0.00013,-0,0.00015,0.00454,0.00107,-0.00023,0.00028,2e-05,1e-05,-0.00033,-0.00023,9e-05,-0.0001,-1e-05,-0,-0,0.00266,-0.00133,0.00039,0.00307,0.00034,-1e-05,-3e-05
103.46,-0.00029,1e-05,-0,-0.00018,1e-05,-0,-3e-05,0.0037,0.00044,-6e-05,0.00047,0.00013,0,9e-05,0.00467,0.00066,-0.00019,0.00017,1e-05,0,-0.00036,-0.00028,0.00011,-0.0001,-1e-05,-0,-0,0.003,-0.00147,0.0003,0.00297,0.00032,-1e-05,-4e-05
103.48,0.0001,1e-05,1e-05,-0.00012,0,-0,-0.00017,0.00328,0.0003,-2e-05,0.00047,0.00013,0,-9e-05,0.00465,0.00031,-0.00011,6e-05,0,0,-0.00037,-0.00033,0.00013,-9e-05,-1e-05,-0,0,0.00325,-0.00147,0.00019,0.00282,0.0003,-2e-05,-4e-05
103.5,0.00045,1e-05,2e-05,-6e-05,-0,-0,-0.0003,0.00284,0.00019,2e-05,0.00046,0.00013,0,-0.00036,0.00436,1e-05,0,-4e-05,0,-0,-0.00037,-0.00037,0.00015,-9e-05,-1e-05,0,0,0.00341,-0.00133,7e-05,0.00264,0.00028,-2e-05,-5e-05
103.52,0.00077,1e-05,1e-05,-0,-0,-0,-0.00046,0.0024,9e-05,6e-05,0.00045,0.00012,0,-0.00056,0.00374,-0.00014,0.00011,-5e-05,-0,-0,-0.00036,-0.00038,0.00017,-8e-05,-1e-05,0,0,0.00349,-0.00105,-8e-05,0.00245,0.00026,-3e-05,-6e-05
103.54,0.00104,1e-05,1e-05,5e-05,-1e-05,-0,-0.00065,0.002,-1e-05,0.00013,0.00038,0.0001,1e-05,-0.00059,0.00297,-0.00011,0.00017,2e-05,-0,0,-0.00034,-0.00038,0.00018,-8e-05,-1e-05,0,0,0.0035,-0.00067,-0.00025,0.00227,0.00024,-3e-05,-7e-05
103.56,0.00128,1e-05,0,0.0001,-1e-05,-0,-0.00087,0.00165,-0.00013,0.00021,0.00024,6e-05,0,-0.00052,0.00222,-2e-05,0.00019,0.0001,-1e-05,0,-0.00032,-0.00035,0.00017,-8e-05,-1e-05,0,0,0.00345,-0.0002,-0.00043,0.00212,0.00023,-4e-05,-8e-05
103.58,0.00146,1e-05,1e-05,0.00013,-1e-05,-0,-0.00116,0.00132,-0.00025,0.00031,8e-05,3e-05,0,-0.0003,0.0015,9e-05,0.00017,0.00019,-1e-05,1e-05,-0.00029,-0.0003,0.00015,-7e-05,-1e-05,0,0,0.00337,0.00033,-0.00062,0.00199,0.00022,-5e-05,-9e-05
103.6,0.00158,1e-05,2e-05,0.00014,-1e-05,-0,-0.00135,0.00099,-0.00034,0.00042,-9e-05,-1e-05,-0,1e-05,0.00084,0.00016,0.00013,0.00023,-1e-05,1e-05,-0.00026,-0.00024,0.00012,-7e-05,-1e-05,0,0,0.00327,0.00086,-0.00081,0.00187,0.00021,-6e-05,-0.00011
103.62,0.00163,1e-05,2e-05,0.00013,-0,0,-0.00103,0.00062,-0.00027,0.0005,-0.00016,-3e-05,-1e-05,0.00026,0.00027,0.00018,0.00017,0.00021,-0,1e-05,-0.00023,-0.00017,9e-05,-6e-05,-0,0,0,0.00315,0.00134,-0.00096,0.00175,0.0002,-7e-05,-0.00012
103.64,0.0016,2e-05,1e-05,0.0001,0,-0,-0.00033,0.00027,-0.00011,0.00051,-9e-05,-5e-05,-1e-05,0.00052,-0.0002,0.00017,0.00027,0.00017,-0,0,-0.00021,-0.00011,6e-05,-6e-05,-0,0,0,0.00305,0.00171,-0.00107,0.00163,0.00019,-8e-05,-0.00013
103.66,0.00152,2e-05,0,5e-05,0,-0,0.00044,-6e-05,2e-05,0.00049,1e-05,-6e-05,-1e-05,0.00085,-0.00057,0.00016,0.00036,0.00014,-0,-0,-0.00019,-6e-05,3e-05,-5e-05,-0,0,0,0.003,0.00196,-0.00112,0.00148,0.00016,-8e-05,-0.00013
103.68,0.00137,3e-05,-0,-2e-05,1e-05,-0,0.00131,-0.00034,0.00013,0.0004,0.00013,-5e-05,-1e-05,0.00119,-0.00088,0.00014,0.00044,0.00011,0,-0,-0.00018,-2e-05,1e-05,-4e-05,0,0,-0,0.003,0.00206,-0.00112,0.00132,0.00013,-9e-05,-0.00013
103.7,0.00118,3e-05,0,-0.0001,1e-05,0,0.00201,-0.0006,0.0002,0.00033,0.00022,-4e-05,-1e-05,0.00164,-0.00114,0.00012,0.00052,9e-05,0,-0,-0.00017,1e-05,-1e-05,-3e-05,0,0,-0,0.00306,0.002,-0.00105,0.00112,8e-05,-9e-05,-0.00013
103.72,0.00095,3e-05,-1e-05,-0.0002,2e-05,-0,0.00224,-0.00083,0.00021,0.0004,0.00025,-3e-05,-1e-05,0.00227,-0.00136,9e-05,0.00061,7e-05,1e-05,-0,-0.00017,5e-05,-3e-05,-2e-05,0,0,-0,0.00319,0.00179,-0.00091,0.00091,3e-05,-9e-05,-0.00012
103.74,0.00071,4e-05,-2e-05,-0.0003,2e-05,-0,0.00227,-0.00108,0.00016,0.00058,0.00024,-1e-05,-1e-05,0.00296,-0.00162,2e-05,0.00073,6e-05,1e-05,-0,-0.00017,8e-05,-5e-05,-1e-05,1e-05,-0,-0,0.00337,0.00146,-0.00073,0.00067,-3e-05,-8e-05,-0.0001
103.76,0.00046,4e-05,-4e-05,-0.0004,2e-05,-0,0.00228,-0.00139,1e-05,0.00077,0.00024,1e-05,-1e-05,0.00356,-0.002,-0.00012,0.00088,5e-05,1e-05,-0,-0.00018,0.00011,-7e-05,-0,1e-05,-0,-0,0.00359,0.00102,-0.00049,0.00042,-0.0001,-7e-05,-8e-05
103.78,0.0002,5e-05,-5e-05,-0.0005,2e-05,0,0.00225,-0.0018,-0.00022,0.00099,0.00022,3e-05,-1e-05,0.00406,-0.00255,-0.00036,0.00106,4e-05,1e-05,-0,-0.00019,0.00016,-9e-05,1e-05,1e-05,-0,-0,0.0038,0.00053,-0.00024,0.00018,-0.00017,-6e-05,-5e-05
103.8,-5e-05,5e-05,-5e-05,-0.00058,2e-05,0,0.00217,-0.00234,-0.00053,0.00125,0.00021,5e-05,-0,0.00436,-0.00328,-0.0007,0.00134,3e-05,1e-05,0,-0.00019,0.00021,-0.00012,1e-05,1e-05,-0,-0,0.00399,6e-05,2e-05,-6e-05,-0.00024,-4e-05,-2e-05
103.82,-0.0003,4e-05,-4e-05,-0.00064,2e-05,0,0.00204,-0.00301,-0.00092,0.00159,0.0002,8e-05,-0,0.00436,-0.00412,-0.00111,0.00179,3e-05,1e-05,1e-05,-0.0002,0.00027,-0.00015,2e-05,2e-05,-0,-0,0.0041,-0.00034,0.00025,-0.00027,-0.00029,-2e-05,0
103.84,-0.00057,4e-05,-3e-05,-0.00067,2e-05,0,0.00189,-0.00382,-0.00135,0.00193,0.00019,0.0001,0,0.00414,-0.00501,-0.00156,0.00225,2e-05,-0,2e-05,-0.00019,0.00033,-0.00018,3e-05,2e-05,-0,-0,0.0041,-0.00061,0.00044,-0.00042,-0.00033,-1e-05,3e-05
103.86,-0.00083,3e-05,-1e-05,-0.00069,1e-05,0,0.00177,-0.00471,-0.00178,0.00218,0.00017,0.00011,0,0.0038,-0.00585,-0.002,0.00258,2e-05,-1e-05,2e-05,-0.00018,0.0004,-0.00022,3e-05,2e-05,-0,-0,0.00397,-0.00071,0.00058,-0.00053,-0.00035,1e-05,4e-05
103.88,-0.00107,1e-05,0,-0.0007,1e-05,0,0.00165,-0.00565,-0.00215,0.00235,0.00015,0.00011,0,0.00339,-0.00652,-0.00238,0.00275,1e-05,-3e-05,3e-05,-0.00017,0.00047,-0.00025,3e-05,2e-05,-0,-0,0.0037,-0.00066,0.00066,-0.00057,-0.00035,2e-05,6e-05
103.9,-0.0013,1e-05,0,-0.00068,1e-05,0,0.00157,-0.00646,-0.00235,0.0024,0.00012,0.00011,0,0.00302,-0.00684,-0.00256,0.00269,1e-05,-3e-05,3e-05,-0.00015,0.00053,-0.00027,3e-05,2e-05,-1e-05,-0,0.00337,-0.00047,0.00069,-0.00055,-0.00033,3e-05,7e-05
103.92,-0.00152,0,-1e-05,-0.00065,1e-05,0,0.00161,-0.00694,-0.00231,0.0023,9e-05,0.0001,0,0.00274,-0.00676,-0.00247,0.0024,1e-05,-4e-05,3e-05,-0.00013,0.00057,-0.00029,3e-05,2e-05,-1e-05,-0,0.00303,-0.00018,0.00068,-0.00048,-0.00031,4e-05,8e-05
103.94,-0.00169,-0,-1e-05,-0.0006,1e-05,-0,0.00172,-0.00708,-0.00206,0.0021,6e-05,8e-05,-0,0.00255,-0.00632,-0.0022,0.00199,0,-4e-05,3e-05,-0.00012,0.0006,-0.00029,3e-05,2e-05,-1e-05,-0,0.00268,0.00017,0.00064,-0.00035,-0.00028,5e-05,9e-05
103.96,-0.00178,0,-2e-05,-0.00054,1e-05,-0,0.00188,-0.0069,-0.00166,0.00183,4e-05,6e-05,-1e-05,0.00247,-0.00557,-0.00181,0.00157,0,-3e-05,3e-05,-9e-05,0.00059,-0.00028,2e-05,2e-05,-0,-0,0.00231,0.00054,0.00059,-0.00018,-0.00026,6e-05,0.0001
103.98,-0.0018,0,-2e-05,-0.00048,1e-05,-0,0.00208,-0.0063,-0.00115,0.00153,2e-05,5e-05,-1e-05,0.00249,-0.0045,-0.00133,0.00117,0,-2e-05,2e-05,-7e-05,0.00057,-0.00025,2e-05,1e-05,-0,-0,0.00196,0.00092,0.00053,2e-05,-0.00024,7e-05,0.00011
104,-0.00173,0,-1e-05,-0.00042,1e-05,-0,0.00233,-0.00544,-0.00066,0.00124,1e-05,3e-05,-1e-05,0.00253,-0.00344,-0.00089,0.00085,-0,-1e-05,2e-05,-4e-05,0.00051,-0.00019,2e-05,1e-05,-0,-0,0.00163,0.00126,0.00047,0.00021,-0.00022,8e-05,0.00013
104.02,-0.0016,0,-1e-05,-0.00035,1e-05,-0,0.00256,-0.00447,-0.0003,0.001,1e-05,2e-05,-0,0.00248,-0.00264,-0.00058,0.00062,-0,-1e-05,1e-05,-0,0.00043,-0.00012,2e-05,0,-0,-0,0.00132,0.00156,0.0004,0.00036,-0.00021,9e-05,0.00014
104.04,-0.0014,0,-1e-05,-0.00027,1e-05,-0,0.00269,-0.00338,-5e-05,0.00084,0,1e-05,-0,0.00232,-0.00188,-0.00037,0.00047,-0,-0,1e-05,3e-05,0.00033,-4e-05,2e-05,0,0,0,0.00105,0.00179,0.00034,0.00046,-0.0002,0.0001,0.00015
104.06,-0.00114,0,-1e-05,-0.00019,1e-05,-0,0.00267,-0.0022,5e-05,0.00074,0,1e-05,-0,0.00209,-0.00109,-0.00022,0.00038,-0,-0,1e-05,7e-05,0.00021,5e-05,2e-05,-0,0,0,0.00082,0.00195,0.00029,0.0005,-0.00019,0.00011,0.00015
104.08,-0.00083,0,0,-0.0001,1e-05,-0,0.00255,-0.00108,5e-05,0.00069,0,0,0,0.00178,-0.00041,-0.00016,0.00035,-0,-0,0,0.0001,8e-05,0.00014,2e-05,-1e-05,1e-05,0,0.00061,0.00206,0.00023,0.00049,-0.00017,0.00011,0.00015
104.1,-0.00047,0,1e-05,-1e-05,1e-05,-0,0.00227,-0.00035,-1e-05,0.00069,0,-0,-0,0.00136,3e-05,-0.00014,0.00034,-0,-0,0,0.00013,-5e-05,0.00022,2e-05,-1e-05,1e-05,0,0.00041,0.00212,0.00017,0.00045,-0.00016,0.00011,0.00015
104.12,-9e-05,0,2e-05,8e-05,1e-05,-0,0.00182,2e-05,-8e-05,0.00071,0,-0,0,0.00085,0.00029,-0.00013,0.00035,-0,-0,-0,0.00015,-0.00016,0.00029,2e-05,-1e-05,1e-05,0,0.00021,0.00215,0.0001,0.00041,-0.00014,0.0001,0.00014
104.14,0.00031,1e-05,3e-05,0.00017,1e-05,-0,0.00136,0.00026,-0.00011,0.00076,0,-0,1e-05,0.00034,0.00047,-0.00012,0.00036,-0,-0,-0,0.00016,-0.00024,0.00033,2e-05,-2e-05,1e-05,1e-05,-0,0.00218,3e-05,0.00038,-0.00011,9e-05,0.00012
104.16,0.0007,1e-05,3e-05,0.00026,1e-05,-0,0.00092,0.00035,-0.0001,0.00081,0,-0,1e-05,-0.00016,0.00052,-8e-05,0.00038,-0,-0,0,0.00017,-0.0003,0.00035,1e-05,-2e-05,1e-05,1e-05,-0.00022,0.0022,-6e-05,0.00039,-8e-05,8e-05,0.0001
104.18,0.00107,0,3e-05,0.00033,0,-0,0.00049,0.00031,-3e-05,0.00085,0,0,2e-05,-0.00065,0.00047,0,0.00038,-0,0,0,0.00017,-0.00033,0.00035,1e-05,-2e-05,1e-05,1e-05,-0.00043,0.0022,-0.00015,0.00042,-4e-05,6e-05,8e-05
104.2,0.00137,0,2e-05,0.0004,0,-0,5e-05,0.0002,7e-05,0.00088,0,0,2e-05,-0.00113,0.00037,0.0001,0.00036,-0,0,0,0.00017,-0.00034,0.00033,0,-1e-05,1e-05,1e-05,-0.00063,0.00217,-0.00023,0.00047,-1e-05,4e-05,5e-05
104.22,0.00159,-0,1e-05,0.00044,-0,-0,-0.00039,8e-05,0.00019,0.00088,0,0,2e-05,-0.00159,0.00026,0.00022,0.00032,0,0,1e-05,0.00015,-0.00033,0.0003,-1e-05,-1e-05,1e-05,1e-05,-0.00079,0.00208,-0.00028,0.00051,1e-05,2e-05,2e-05
104.24,0.00169,-0,-0,0.00047,-0,-0,-0.00083,-1e-05,0.0003,0.00084,0,0,2e-05,-0.00201,0.00017,0.00033,0.00026,1e-05,1e-05,1e-05,0.00013,-0.00031,0.00026,-1e-05,-1e-05,1e-05,0,-0.00091,0.00191,-0.00031,0.00053,3e-05,1e-05,-0
104.26,0.00172,-1e-05,-1e-05,0.00048,-1e-05,-0,-0.00127,-5e-05,0.00039,0.00076,1e-05,0,2e-05,-0.00242,0.00011,0.00043,0.00018,3e-05,1e-05,2e-05,0.00011,-0.00029,0.00023,-1e-05,-1e-05,1e-05,0,-0.00097,0.00166,-0.0003,0.00052,4e-05,-0,-2e-05
104.28,0.00168,-1e-05,-1e-05,0.00048,-1e-05,-0,-0.00171,-3e-05,0.00045,0.00064,1e-05,0,2e-05,-0.0028,0.0001,0.00052,7e-05,6e-05,1e-05,3e-05,9e-05,-0.00026,0.00019,-1e-05,-1e-05,0,0,-0.00099,0.00132,-0.00027,0.00046,3e-05,-1e-05,-2e-05
104.3,0.0016,-1e-05,-1e-05,0.00047,-1e-05,0,-0.00214,0,0.00049,0.00049,1e-05,-0,2e-05,-0.00311,0.00011,0.00058,-5e-05,0.00012,2e-05,4e-05,8e-05,-0.00022,0.00015,-0,-1e-05,0,0,-0.00099,0.0009,-0.00021,0.00036,1e-05,-1e-05,-3e-05
104.32,0.00152,-1e-05,-1e-05,0.00046,-2e-05,-0,-0.0025,2e-05,0.0005,0.0003,1e-05,-0,2e-05,-0.0033,0.0001,0.00063,-0.00018,0.00021,3e-05,5e-05,6e-05,-0.00019,0.00011,0,-0,0,0,-0.00097,0.00043,-0.00014,0.00023,-2e-05,-2e-05,-2e-05
104.34,0.00146,-0,-1e-05,0.00045,-2e-05,-0,-0.0028,4e-05,0.0005,9e-05,2e-05,-0,3e-05,-0.00338,0.0001,0.00065,-0.00032,0.00034,4e-05,7e-05,6e-05,-0.00014,7e-05,1e-05,-0,0,0,-0.00098,-7e-05,-6e-05,7e-05,-5e-05,-1e-05,-2e-05
104.36,0.00142,-0,-0,0.00045,-2e-05,-0,-0.00307,7e-05,0.0005,-0.00014,2e-05,-0,4e-05,-0.00339,0.00012,0.00066,-0.00046,0.00053,5e-05,9e-05,6e-05,-0.0001,2e-05,1e-05,0,0,0,-0.00103,-0.00058,0,-9e-05,-8e-05,-1e-05,-1e-05
104.38,0.00141,-0,-0,0.00044,-2e-05,-0,-0.00328,0.00011,0.00049,-0.00038,3e-05,-0,5e-05,-0.00333,0.00014,0.00065,-0.00061,0.00075,7e-05,0.00011,7e-05,-5e-05,-4e-05,2e-05,0,-0,-0,-0.00111,-0.00106,5e-05,-0.00023,-0.0001,-1e-05,-0
104.4,0.00144,-0,0,0.00044,-3e-05,-0,-0.00339,0.00013,0.00049,-0.00061,3e-05,0,7e-05,-0.0032,0.00014,0.00063,-0.00073,0.00102,9e-05,0.00013,8e-05,-1e-05,-9e-05,2e-05,1e-05,-0,-0,-0.00123,-0.00148,8e-05,-0.00032,-0.00012,-1e-05,1e-05
104.42,0.00149,-0,0,0.00044,-3e-05,-0,-0.00332,0.00013,0.0005,-0.00076,3e-05,0,9e-05,-0.00304,0.00012,0.0006,-0.00082,0.00138,0.00012,0.00017,9e-05,3e-05,-0.00013,2e-05,1e-05,-0,-0,-0.00139,-0.00181,9e-05,-0.00031,-0.00013,-1e-05,1e-05
104.44,0.00156,-0,0,0.00043,-3e-05,-0,-0.00314,0.00014,0.00052,-0.00085,2e-05,1e-05,0.00012,-0.00284,0.0001,0.00058,-0.00086,0.00172,0.00016,0.0002,0.0001,4e-05,-0.00015,2e-05,1e-05,-0,-0,-0.00157,-0.002,8e-05,-0.0002,-0.00011,-1e-05,1e-05
104.46,0.00162,0,0,0.00042,-2e-05,-0,-0.00288,0.00015,0.00053,-0.00087,2e-05,1e-05,0.00015,-0.0026,8e-05,0.00056,-0.00086,0.00198,0.00019,0.00022,0.00012,4e-05,-0.00016,1e-05,1e-05,-0,-0,-0.00176,-0.00206,4e-05,2e-05,-9e-05,-1e-05,0
104.48,0.00167,0,0,0.00041,-2e-05,-0,-0.00252,0.00017,0.00054,-0.00083,1e-05,2e-05,0.00017,-0.00234,8e-05,0.00055,-0.00082,0.00215,0.00022,0.00023,0.00013,3e-05,-0.00016,-1e-05,1e-05,-0,-0,-0.00196,-0.00199,-2e-05,0.00033,-5e-05,-1e-05,-0
104.5,0.0017,0,-0,0.0004,-2e-05,-0,-0.00216,0.00019,0.00055,-0.00076,-0,3e-05,0.00018,-0.00208,8e-05,0.00055,-0.00077,0.00219,0.00023,0.00023,0.00015,1e-05,-0.00014,-2e-05,1e-05,-0,-0,-0.00215,-0.00182,-8e-05,0.00068,0,-2e-05,-1e-05
104.52,0.00169,0,-0,0.00038,-2e-05,-0,-0.00185,0.00022,0.00056,-0.00067,-0,4e-05,0.00018,-0.00186,0.0001,0.00057,-0.00069,0.00209,0.00024,0.0002,0.00015,-2e-05,-0.00012,-4e-05,0,-0,-0,-0.00231,-0.00159,-0.00014,0.00102,6e-05,-2e-05,-3e-05
104.54,0.00165,0,-1e-05,0.00035,-1e-05,-0,-0.00154,0.00024,0.00055,-0.00057,1e-05,5e-05,0.00017,-0.00166,0.00012,0.00059,-0.00061,0.00189,0.00023,0.00018,0.00016,-5e-05,-8e-05,-5e-05,0,-0,-0,-0.00244,-0.00134,-0.00019,0.00131,0.0001,-2e-05,-3e-05
104.56,0.00157,0,-1e-05,0.00032,-1e-05,-0,-0.00124,0.00026,0.00054,-0.00047,3e-05,5e-05,0.00015,-0.00146,0.00015,0.00061,-0.00052,0.00166,0.00021,0.00015,0.00016,-7e-05,-5e-05,-6e-05,0,-0,-0,-0.00254,-0.0011,-0.00022,0.00151,0.00014,-3e-05,-4e-05
104.58,0.00144,0,-1e-05,0.00028,-0,-0,-0.00096,0.00026,0.00051,-0.00036,5e-05,6e-05,0.00012,-0.00127,0.00017,0.00062,-0.00043,0.00139,0.00019,0.00012,0.00016,-8e-05,-3e-05,-7e-05,-0,-0,-0,-0.0026,-0.00087,-0.00023,0.00162,0.00017,-3e-05,-5e-05
104.6,0.0013,0,-1e-05,0.00024,1e-05,-0,-0.00072,0.00026,0.00047,-0.00027,9e-05,7e-05,9e-05,-0.0011,0.00019,0.00062,-0.00034,0.00109,0.00015,9e-05,0.00016,-9e-05,-0,-7e-05,-0,-0,-0,-0.00264,-0.00069,-0.00022,0.00165,0.00019,-2e-05,-5e-05
104.62,0.00115,0,-1e-05,0.0002,1e-05,-0,-0.00052,0.00023,0.00042,-0.00019,0.00013,8e-05,5e-05,-0.00093,0.0002,0.00059,-0.00027,0.00075,0.00011,7e-05,0.00016,-9e-05,1e-05,-8e-05,-0,-0,-0,-0.0027,-0.00054,-0.0002,0.00164,0.0002,-2e-05,-4e-05
104.64,0.001,0,-1e-05,0.00016,1e-05,-0,-0.00037,0.0002,0.00036,-0.00013,0.00017,9e-05,1e-05,-0.00079,0.0002,0.00054,-0.0002,0.00043,5e-05,5e-05,0.00016,-8e-05,2e-05,-8e-05,-0,-0,-0,-0.00275,-0.00044,-0.00017,0.00161,0.0002,-2e-05,-4e-05
104.66,0.00085,0,-1e-05,0.00012,2e-05,-0,-0.00024,0.00016,0.0003,-9e-05,0.00017,8e-05,-2e-05,-0.00065,0.0002,0.00049,-0.00014,0.00013,0,2e-05,0.00016,-5e-05,1e-05,-8e-05,-0,-0,-0,-0.00279,-0.00038,-0.00012,0.00155,0.0002,-1e-05,-3e-05
104.68,0.00071,0,-1e-05,8e-05,2e-05,-0,-0.00015,0.00012,0.00024,-7e-05,0.00015,8e-05,-4e-05,-0.00052,0.00019,0.00043,-8e-05,-0.00013,-5e-05,0,0.00016,-3e-05,0,-7e-05,-0,-0,-0,-0.00285,-0.00037,-7e-05,0.00149,0.00018,-1e-05,-2e-05
104.7,0.00057,0,-1e-05,6e-05,2e-05,-0,-9e-05,8e-05,0.00018,-6e-05,0.00011,6e-05,-5e-05,-0.0004,0.00017,0.00036,-4e-05,-0.00032,-9e-05,-2e-05,0.00016,1e-05,-1e-05,-7e-05,-0,-0,-0,-0.0029,-0.0004,1e-05,0.00141,0.00016,0,-1e-05
104.72,0.00046,0,-1e-05,4e-05,2e-05,-0,-4e-05,4e-05,0.00012,-6e-05,5e-05,4e-05,-6e-05,-0.00029,0.00015,0.00028,-1e-05,-0.00042,-0.00011,-4e-05,0.00016,4e-05,-3e-05,-6e-05,-0,-0,-0,-0.00295,-0.00048,9e-05,0.00131,0.00013,1e-05,0
104.74,0.00035,0,-1e-05,2e-05,2e-05,-0,-0,0,7e-05,-7e-05,1e-05,2e-05,-7e-05,-0.00019,0.00014,0.0002,2e-05,-0.00038,-0.00011,-7e-05,0.00017,6e-05,-4e-05,-5e-05,-0,-0,-0,-0.003,-0.00059,0.0002,0.00117,0.0001,2e-05,2e-05
104.76,0.00025,-0,-0,1e-05,2e-05,-0,2e-05,-3e-05,3e-05,-7e-05,-1e-05,0,-7e-05,-9e-05,0.00013,0.00013,5e-05,-0.00018,-8e-05,-9e-05,0.00017,8e-05,-5e-05,-5e-05,-0,-0,-0,-0.00305,-0.00073,0.00032,0.00099,5e-05,3e-05,4e-05
104.78,0.00016,-0,-0,1e-05,2e-05,-0,2e-05,-5e-05,0,-8e-05,-1e-05,-1e-05,-7e-05,-1e-05,0.00012,7e-05,7e-05,8e-05,-2e-05,-0.00011,0.00017,9e-05,-6e-05,-4e-05,-0,-0,-0,-0.0031,-0.00089,0.00045,0.00075,0,4e-05,5e-05
104.8,6e-05,-0,-0,0,2e-05,-0,1e-05,-5e-05,-1e-05,-8e-05,-1e-05,-2e-05,-7e-05,5e-05,0.00012,3e-05,8e-05,0.00055,8e-05,-0.00013,0.00017,0.0001,-6e-05,-2e-05,0,-0,-0,-0.00312,-0.00105,0.00058,0.00045,-5e-05,5e-05,7e-05
104.82,-4e-05,-0,0,0,2e-05,-0,-3e-05,-5e-05,-1e-05,-9e-05,0,-2e-05,-5e-05,9e-05,0.00011,1e-05,0.0001,0.00149,0.00028,-0.00013,0.00017,0.0001,-5e-05,-1e-05,0,0,-0,-0.00313,-0.00119,0.00071,7e-05,-0.00011,6e-05,9e-05
104.84,-0.00016,-0,1e-05,-0,1e-05,-0,-8e-05,-3e-05,0,-9e-05,1e-05,-2e-05,-3e-05,0.00011,0.00011,0,0.00011,0.00242,0.00047,-0.00012,0.00017,9e-05,-5e-05,1e-05,0,0,-0,-0.00308,-0.00128,0.00083,-0.00039,-0.00018,7e-05,0.0001
104.86,-0.0003,0,2e-05,0,1e-05,-0,-0.00015,-0,2e-05,-0.0001,1e-05,-2e-05,-0,0.00011,0.0001,1e-05,0.0001,0.00286,0.00055,-9e-05,0.00017,8e-05,-4e-05,3e-05,0,-0,0,-0.00296,-0.00131,0.00092,-0.00092,-0.00026,8e-05,0.00011
104.88,-0.00047,-0,2e-05,0,1e-05,-0,-0.00025,4e-05,6e-05,-0.00011,-0,-1e-05,3e-05,0.0001,8e-05,2e-05,7e-05,0.00284,0.00055,-5e-05,0.00017,7e-05,-2e-05,5e-05,0,-0,0,-0.00277,-0.00128,0.00097,-0.00151,-0.00033,8e-05,0.00012
104.9,-0.00067,-0,4e-05,1e-05,1e-05,-0,-0.00035,9e-05,0.0001,-0.00011,1e-05,0,5e-05,8e-05,7e-05,5e-05,1e-05,0.00231,0.00044,-2e-05,0.00017,6e-05,-1e-05,7e-05,1e-05,0,0,-0.00251,-0.00116,0.00099,-0.00213,-0.0004,8e-05,0.00013
104.92,-0.0009,-1e-05,5e-05,1e-05,1e-05,-0,-0.00045,0.00014,0.00014,-0.00012,6e-05,2e-05,9e-05,4e-05,6e-05,8e-05,-5e-05,0.00145,0.00027,1e-05,0.00017,4e-05,1e-05,0.0001,1e-05,0,0,-0.00218,-0.00096,0.00096,-0.00274,-0.00047,8e-05,0.00013
104.94,-0.00115,-2e-05,6e-05,2e-05,1e-05,-0,-0.00054,0.0002,0.00019,-0.00012,0.00019,5e-05,0.00013,-1e-05,4e-05,0.00011,-0.00011,0.00057,8e-05,3e-05,0.00016,2e-05,2e-05,0.0001,0,1e-05,0,-0.00182,-0.00069,0.00088,-0.00328,-0.00053,7e-05,0.00012
104.96,-0.00142,-3e-05,8e-05,3e-05,1e-05,-0,-0.00061,0.00024,0.00023,-0.00012,0.0004,8e-05,0.00016,-6e-05,1e-05,0.00013,-0.00018,0,-7e-05,5e-05,0.00011,0,3e-05,5e-05,-0,1e-05,0,-0.00144,-0.00035,0.00075,-0.00369,-0.00057,6e-05,0.0001
104.98,-0.00168,-5e-05,9e-05,5e-05,1e-05,-0,-0.00067,0.00027,0.00026,-0.00012,0.00066,0.00012,0.00018,-0.0001,-4e-05,0.00014,-0.00025,-0.00014,-0.00018,6e-05,6e-05,-0,1e-05,-5e-05,-2e-05,1e-05,-0,-0.00109,2e-05,0.00058,-0.00392,-0.00059,5e-05,9e-05
105,-0.00191,-8e-05,0.0001,6e-05,0,-0,-0.00068,0.00029,0.00028,-0.00011,0.00096,0.00016,0.00018,-0.00013,-9e-05,0.00015,-0.00033,0.00026,-0.00015,6e-05,1e-05,0,-1e-05,-0.0002,-3e-05,2e-05,-0,-0.0008,0.0004,0.00037,-0.00389,-0.00059,4e-05,7e-05
105.02,-0.00209,-0.0001,0.0001,7e-05,-0,0,-0.00064,0.00029,0.00028,-0.00011,0.00136,0.00022,0.00016,-0.00014,-0.00012,0.00014,-0.00046,0.00212,0.00033,6e-05,-6e-05,2e-05,-4e-05,-0.0004,-5e-05,2e-05,-1e-05,-0.00061,0.00072,0.00015,-0.00359,-0.00057,2e-05,4e-05
105.04,-0.00217,-0.00013,0.0001,8e-05,-1e-05,0,-0.00057,0.00026,0.00025,-0.00011,0.0017,0.00028,0.00013,-0.00011,-0.00015,0.0001,-0.00056,0.00449,0.00103,6e-05,-0.00014,5e-05,-6e-05,-0.0006,-6e-05,3e-05,-1e-05,-0.00052,0.00098,-7e-05,-0.00301,-0.00052,0,3e-05
105.06,-0.00214,-0.00015,8e-05,8e-05,-1e-05,0,-0.00047,0.00021,0.00019,-0.00012,0.00184,0.00031,0.0001,-8e-05,-0.0002,6e-05,-0.00054,0.00551,0.00155,4e-05,-0.00026,8e-05,-6e-05,-0.00074,-7e-05,3e-05,-2e-05,-0.00051,0.00113,-0.00026,-0.00223,-0.00044,-1e-05,1e-05
105.08,-0.00198,-0.00016,5e-05,9e-05,-2e-05,0,-0.00034,0.00014,0.00011,-0.00012,0.00185,0.00032,7e-05,-6e-05,-0.00026,3e-05,-0.00042,0.00672,0.00192,3e-05,-0.00041,0.0001,-2e-05,-0.00078,-7e-05,3e-05,-2e-05,-0.00055,0.00118,-0.00042,-0.00137,-0.00035,-3e-05,-0
105.1,-0.00172,-0.00016,0,8e-05,-2e-05,0,-0.00022,5e-05,1e-05,-0.00012,0.00167,0.0003,5e-05,-5e-05,-0.00028,0,-0.0003,0.00734,0.00195,2e-05,-0.00059,9e-05,6e-05,-0.00066,-6e-05,3e-05,-2e-05,-0.0006,0.00113,-0.00053,-0.00055,-0.00025,-3e-05,-1e-05
105.12,-0.00137,-0.00014,-2e-05,7e-05,-2e-05,0,-0.00012,-3e-05,-6e-05,-0.00013,0.00128,0.00024,3e-05,-3e-05,-0.00025,-2e-05,-0.00025,0.0059,0.0016,1e-05,-0.00076,6e-05,0.00018,-0.00041,-4e-05,3e-05,-2e-05,-0.0006,0.00099,-0.00057,0.00013,-0.00015,-4e-05,-1e-05
105.14,-0.00097,-0.00012,-2e-05,5e-05,-3e-05,0,-3e-05,-8e-05,-0.0001,-0.00012,0.00088,0.00018,2e-05,-3e-05,-0.00021,-3e-05,-0.00022,0.00421,0.00117,1e-05,-0.0009,0,0.00034,-7e-05,-3e-05,2e-05,-1e-05,-0.00058,0.00078,-0.00054,0.00063,-7e-05,-4e-05,-1e-05
105.16,-0.00057,-8e-05,-2e-05,3e-05,-3e-05,0,4e-05,-0.0001,-0.00011,-0.00012,0.00057,0.00013,1e-05,-5e-05,-0.00017,-3e-05,-0.00019,0.00293,0.00084,1e-05,-0.00098,-8e-05,0.00051,0.00029,-2e-05,1e-05,-1e-05,-0.00053,0.00052,-0.00045,0.00097,-0,-4e-05,-1e-05
105.18,-0.00018,-4e-05,-1e-05,1e-05,-3e-05,0,8e-05,-9e-05,-9e-05,-0.00011,0.00034,9e-05,0,-0.0001,-0.00013,-2e-05,-0.00016,0.00195,0.00057,1e-05,-0.00099,-0.00018,0.00068,0.00062,-2e-05,1e-05,-0,-0.00046,0.00023,-0.00033,0.00118,4e-05,-3e-05,-1e-05
105.2,0.00016,-1e-05,0,-0,-3e-05,0,0.0001,-6e-05,-6e-05,-0.0001,0.00017,6e-05,-0,-0.00016,-9e-05,1e-05,-0.00014,0.00126,0.00038,1e-05,-0.00092,-0.00029,0.00084,0.00089,-2e-05,-0,0,-0.00039,-5e-05,-0.00019,0.00131,8e-05,-2e-05,-0
105.22,0.00045,3e-05,2e-05,-1e-05,-2e-05,0,9e-05,-3e-05,-2e-05,-0.0001,5e-05,3e-05,-0,-0.00023,-5e-05,5e-05,-0.00013,0.00081,0.00025,1e-05,-0.00077,-0.00042,0.001,0.0011,-4e-05,-1e-05,1e-05,-0.00032,-0.00028,-9e-05,0.0014,0.0001,-1e-05,-0
105.24,0.00066,5e-05,3e-05,-2e-05,-2e-05,0,6e-05,0,3e-05,-0.00012,-2e-05,2e-05,-0,-0.0003,-2e-05,0.0001,-0.00012,0.00052,0.00016,2e-05,-0.00057,-0.00056,0.00116,0.00125,-5e-05,-2e-05,2e-05,-0.00024,-0.00044,-3e-05,0.00146,0.00011,-1e-05,-0
105.26,0.00081,7e-05,5e-05,-3e-05,-2e-05,0,1e-05,2e-05,8e-05,-0.00015,-6e-05,2e-05,-0,-0.00037,1e-05,0.00015,-0.00011,0.00035,0.00011,3e-05,-0.00036,-0.00069,0.0013,0.00134,-7e-05,-2e-05,2e-05,-0.00015,-0.0005,-6e-05,0.00152,0.00013,-0,-0
105.28,0.00091,8e-05,6e-05,-3e-05,-3e-05,0,-5e-05,3e-05,0.00012,-0.00019,-7e-05,2e-05,0,-0.00044,4e-05,0.00019,-0.00011,0.00025,8e-05,3e-05,-0.00013,-0.00081,0.00142,0.00139,-8e-05,-2e-05,2e-05,-5e-05,-0.00047,-0.00016,0.00159,0.00014,-0,-0
105.3,0.00098,8e-05,7e-05,-3e-05,-3e-05,0,-0.00012,3e-05,0.00017,-0.00023,-7e-05,3e-05,1e-05,-0.00049,6e-05,0.00024,-0.00011,0.00021,7e-05,4e-05,0.0001,-0.00089,0.0015,0.00143,-9e-05,-2e-05,2e-05,7e-05,-0.00034,-0.00035,0.00169,0.00015,-1e-05,-1e-05
105.32,0.00103,8e-05,7e-05,-3e-05,-3e-05,0,-0.00018,1e-05,0.00021,-0.00027,-5e-05,4e-05,1e-05,-0.00052,7e-05,0.00027,-0.00011,0.00019,7e-05,4e-05,0.00032,-0.00091,0.00155,0.00145,-9e-05,-2e-05,2e-05,0.00019,-0.00012,-0.00061,0.0018,0.00016,-2e-05,-1e-05
105.34,0.0011,8e-05,7e-05,-2e-05,-4e-05,0,-0.00022,-1e-05,0.00025,-0.0003,-3e-05,5e-05,1e-05,-0.00053,8e-05,0.0003,-0.00011,0.00018,7e-05,4e-05,0.00052,-0.00087,0.00154,0.00147,-7e-05,-2e-05,2e-05,0.00031,0.00019,-0.00093,0.00194,0.00018,-3e-05,-2e-05
105.36,0.00119,7e-05,7e-05,-2e-05,-5e-05,0,-0.00024,-2e-05,0.00027,-0.00032,0,7e-05,0,-0.00051,9e-05,0.00031,-0.0001,0.00016,7e-05,4e-05,0.0007,-0.00078,0.00147,0.00151,-5e-05,-2e-05,2e-05,0.00043,0.00057,-0.0013,0.00212,0.00019,-5e-05,-3e-05
105.38,0.00131,5e-05,7e-05,-2e-05,-5e-05,0,-0.00025,-4e-05,0.00029,-0.00033,4e-05,8e-05,-0,-0.00048,9e-05,0.00031,-9e-05,0.00013,6e-05,3e-05,0.00086,-0.00064,0.00137,0.00157,-3e-05,-1e-05,2e-05,0.00056,0.00101,-0.0017,0.00232,0.00021,-8e-05,-4e-05
105.4,0.00145,4e-05,6e-05,-2e-05,-6e-05,0,-0.00025,-5e-05,0.00029,-0.00032,8e-05,9e-05,-1e-05,-0.00044,8e-05,0.00028,-8e-05,8e-05,6e-05,2e-05,0.001,-0.00051,0.00126,0.00165,-1e-05,-1e-05,1e-05,0.00067,0.00149,-0.00212,0.00253,0.00023,-0.00011,-6e-05
105.42,0.0016,3e-05,6e-05,-2e-05,-6e-05,0,-0.00024,-5e-05,0.00029,-0.00031,0.00011,0.0001,-2e-05,-0.00039,7e-05,0.00025,-7e-05,2e-05,4e-05,1e-05,0.00113,-0.00041,0.00116,0.00177,1e-05,-1e-05,1e-05,0.00076,0.002,-0.00252,0.00275,0.00025,-0.00015,-7e-05
105.44,0.00176,2e-05,6e-05,-2e-05,-7e-05,0,-0.00023,-6e-05,0.00027,-0.00029,0.00013,0.00011,-2e-05,-0.00034,6e-05,0.0002,-6e-05,-6e-05,3e-05,-0,0.00124,-0.00038,0.00111,0.00191,3e-05,-0,1e-05,0.00083,0.0025,-0.0029,0.00295,0.00026,-0.00018,-8e-05
105.46,0.00192,1e-05,6e-05,-2e-05,-7e-05,0,-0.0002,-6e-05,0.00025,-0.00026,0.00015,0.00011,-2e-05,-0.00028,4e-05,0.00014,-5e-05,-0.00013,1e-05,-2e-05,0.00133,-0.00044,0.00113,0.00208,3e-05,-0,0,0.00089,0.00297,-0.00322,0.00315,0.00027,-0.00021,-9e-05
105.48,0.00208,0,7e-05,-2e-05,-7e-05,0,-0.00017,-6e-05,0.00023,-0.00024,0.00015,0.0001,-2e-05,-0.00022,3e-05,8e-05,-4e-05,-0.0002,-0,-3e-05,0.0014,-0.00059,0.0012,0.00229,4e-05,-0,0,0.00094,0.00339,-0.00346,0.00331,0.00027,-0.00023,-9e-05
105.5,0.00226,0,7e-05,-2e-05,-7e-05,0,-0.00013,-6e-05,0.00019,-0.00021,0.00014,9e-05,-2e-05,-0.00017,1e-05,3e-05,-3e-05,-0.00026,-2e-05,-4e-05,0.00145,-0.00082,0.00132,0.00254,3e-05,-0,0,0.00097,0.0037,-0.00355,0.00345,0.00027,-0.00024,-9e-05
105.52,0.00243,-0,8e-05,-2e-05,-6e-05,0,-9e-05,-5e-05,0.00016,-0.00017,0.00012,8e-05,-2e-05,-0.00013,-0,-2e-05,-2e-05,-0.00029,-3e-05,-5e-05,0.00146,-0.00111,0.00146,0.00282,3e-05,-0,0,0.00098,0.00388,-0.00346,0.00354,0.00025,-0.00022,-8e-05
105.54,0.0026,-0,9e-05,-2e-05,-6e-05,0,-5e-05,-5e-05,0.00012,-0.00014,9e-05,7e-05,-2e-05,-0.00011,-0,-4e-05,-1e-05,-0.00031,-4e-05,-5e-05,0.00142,-0.00145,0.00161,0.00312,3e-05,0,0,0.00096,0.0039,-0.00314,0.00356,0.00022,-0.00017,-6e-05
105.56,0.0028,0,0.0001,-3e-05,-5e-05,0,-1e-05,-4e-05,9e-05,-0.00011,7e-05,6e-05,-2e-05,-0.0001,0,-4e-05,0,-0.0003,-4e-05,-5e-05,0.00131,-0.0018,0.00171,0.00345,3e-05,0,0,0.00092,0.00376,-0.00261,0.00349,0.00019,-9e-05,-3e-05
105.58,0.00301,0,0.00011,-3e-05,-4e-05,0,3e-05,-3e-05,5e-05,-7e-05,5e-05,5e-05,-2e-05,-0.0001,2e-05,-3e-05,1e-05,-0.00028,-4e-05,-5e-05,0.00111,-0.00216,0.00175,0.00376,3e-05,0,-0,0.00086,0.00351,-0.00187,0.0033,0.00015,2e-05,0
105.6,0.00324,-0,0.00012,-3e-05,-4e-05,0,6e-05,-2e-05,2e-05,-3e-05,2e-05,3e-05,-1e-05,-0.00011,5e-05,0,2e-05,-0.00025,-4e-05,-4e-05,0.00083,-0.00252,0.00171,0.00403,3e-05,-0,-0,0.00076,0.00318,-0.00097,0.00295,0.00011,0.00016,4e-05
105.62,0.00346,-1e-05,0.00012,-4e-05,-3e-05,0,9e-05,-1e-05,-1e-05,1e-05,-0,2e-05,-1e-05,-0.00012,8e-05,4e-05,4e-05,-0.00022,-4e-05,-3e-05,0.00043,-0.00286,0.00155,0.00418,4e-05,-0,-0,0.0006,0.00283,1e-05,0.0024,8e-05,0.00033,8e-05
105.64,0.00366,-2e-05,0.00013,-5e-05,-3e-05,0,0.00011,1e-05,-3e-05,5e-05,-2e-05,2e-05,-1e-05,-0.00014,0.00012,8e-05,5e-05,-0.00018,-4e-05,-3e-05,-8e-05,-0.00318,0.00127,0.00416,4e-05,-0,-1e-05,0.0004,0.00252,0.001,0.00168,6e-05,0.00051,0.00012
105.66,0.00385,-4e-05,0.00013,-6e-05,-2e-05,0,0.00013,2e-05,-5e-05,0.0001,-4e-05,1e-05,-1e-05,-0.00016,0.00016,0.00013,6e-05,-0.00014,-4e-05,-2e-05,-0.00069,-0.00349,0.00086,0.00388,5e-05,-1e-05,-1e-05,0.00019,0.00232,0.00194,0.00085,4e-05,0.0007,0.00016
105.68,0.00398,-6e-05,0.00013,-8e-05,-2e-05,0,0.00014,3e-05,-7e-05,0.00014,-6e-05,1e-05,-1e-05,-0.00017,0.0002,0.00018,7e-05,-0.00011,-4e-05,-1e-05,-0.00136,-0.00384,0.00034,0.00323,6e-05,-1e-05,-2e-05,-3e-05,0.00226,0.00277,-5e-05,2e-05,0.00088,0.0002
105.7,0.00403,-8e-05,0.00013,-0.0001,-1e-05,0,0.00014,4e-05,-7e-05,0.00017,-7e-05,1e-05,-1e-05,-0.00019,0.00024,0.00022,8e-05,-8e-05,-4e-05,-1e-05,-0.00202,-0.00426,-0.00022,0.00216,7e-05,-1e-05,-2e-05,-0.00024,0.00237,0.00343,-0.00095,-0,0.00106,0.00023
105.72,0.00398,-0.0001,0.00012,-0.00012,-1e-05,0,0.00014,5e-05,-7e-05,0.00019,-8e-05,1e-05,-1e-05,-0.00019,0.00026,0.00026,9e-05,-5e-05,-4e-05,-0,-0.00262,-0.00482,-0.00078,0.00058,8e-05,-1e-05,-3e-05,-0.00041,0.00267,0.00388,-0.00177,-3e-05,0.00122,0.00027
105.74,0.00381,-0.0001,0.00011,-0.00014,-1e-05,0,0.00014,5e-05,-5e-05,0.00018,-8e-05,1e-05,-1e-05,-0.0002,0.00028,0.00029,9e-05,-2e-05,-5e-05,0,-0.00304,-0.00552,-0.00128,-0.00166,9e-05,-1e-05,-3e-05,-0.00053,0.00317,0.00405,-0.00247,-6e-05,0.00135,0.0003
105.76,0.00351,-9e-05,9e-05,-0.00016,-1e-05,0,0.00012,4e-05,-1e-05,0.00016,-8e-05,2e-05,-0,-0.0002,0.00029,0.00031,0.0001,0,-5e-05,1e-05,-0.0031,-0.0063,-0.00168,-0.00457,0.0001,-0,-3e-05,-0.00056,0.00389,0.00394,-0.00303,-0.0001,0.00143,0.00033
105.78,0.00311,-7e-05,7e-05,-0.00018,-1e-05,0,8e-05,3e-05,3e-05,0.00012,-7e-05,3e-05,-0,-0.00019,0.00029,0.00032,0.0001,2e-05,-5e-05,1e-05,-0.00272,-0.00708,-0.00194,-0.00803,0.00011,0,-3e-05,-0.00048,0.00478,0.00359,-0.00346,-0.00016,0.00147,0.00036
105.8,0.0027,-4e-05,4e-05,-0.00019,-0,0,2e-05,2e-05,9e-05,7e-05,-7e-05,5e-05,0,-0.00019,0.00028,0.0003,0.00011,3e-05,-5e-05,1e-05,-0.00192,-0.00772,-0.0021,-0.01185,0.00011,1e-05,-3e-05,-0.00022,0.00581,0.00305,-0.00384,-0.00024,0.00146,0.00039
105.82,0.00237,-2e-05,1e-05,-0.00019,-0,0,-7e-05,1e-05,0.00016,1e-05,-5e-05,6e-05,1e-05,-0.00017,0.00026,0.00028,0.00012,4e-05,-5e-05,1e-05,-0.00075,-0.00811,-0.0022,-0.01578,0.00011,2e-05,-3e-05,0.0002,0.0069,0.00241,-0.00432,-0.00033,0.00139,0.00042
105.84,0.00207,0,-3e-05,-0.00018,0,0,-0.00017,-1e-05,0.00023,-4e-05,-4e-05,7e-05,1e-05,-0.00016,0.00025,0.00024,0.00012,4e-05,-5e-05,1e-05,0.0007,-0.00804,-0.0022,-0.01925,9e-05,2e-05,-2e-05,0.00065,0.00796,0.00177,-0.00488,-0.00043,0.00128,0.00045
105.86,0.00177,1e-05,-7e-05,-0.00016,0,0,-0.00029,-3e-05,0.00031,-0.0001,-3e-05,9e-05,2e-05,-0.00014,0.00023,0.00021,0.00014,4e-05,-5e-05,1e-05,0.00214,-0.0074,-0.00207,-0.02143,7e-05,2e-05,-2e-05,0.00112,0.00888,0.00121,-0.00548,-0.00053,0.00114,0.00047
105.88,0.0015,1e-05,-0.0001,-0.00014,0,0,-0.00041,-5e-05,0.00039,-0.00014,-2e-05,9e-05,2e-05,-0.00013,0.00022,0.00017,0.00015,3e-05,-5e-05,1e-05,0.0032,-0.0062,-0.0018,-0.02153,6e-05,2e-05,-1e-05,0.00157,0.00957,0.00074,-0.00613,-0.00062,0.00098,0.00049
105.9,0.00127,-1e-05,-0.00014,-0.00011,0,0,-0.00054,-7e-05,0.00046,-0.00018,-1e-05,0.0001,2e-05,-0.00011,0.0002,0.00013,0.00016,2e-05,-5e-05,1e-05,0.00358,-0.00455,-0.00147,-0.01979,3e-05,2e-05,-1e-05,0.00194,0.00993,0.0004,-0.00678,-0.0007,0.00082,0.00049
105.92,0.00108,-3e-05,-0.00016,-9e-05,-0,0,-0.00063,-9e-05,0.00052,-0.0002,-0,0.0001,3e-05,-0.0001,0.00019,9e-05,0.00017,1e-05,-5e-05,1e-05,0.00331,-0.00268,-0.00114,-0.01672,-0,1e-05,-0,0.00219,0.00984,0.00018,-0.00738,-0.00074,0.00066,0.00048
105.94,0.00093,-4e-05,-0.00017,-6e-05,-0,0,-0.00068,-0.0001,0.00056,-0.00021,0,0.0001,3e-05,-9e-05,0.00018,6e-05,0.00017,0,-5e-05,1e-05,0.00254,-0.00088,-0.00075,-0.01216,-3e-05,1e-05,0,0.0023,0.00932,6e-05,-0.00777,-0.00075,0.00051,0.00046
105.96,0.00081,-5e-05,-0.00016,-4e-05,-0,0,-0.00069,-0.00011,0.00057,-0.00021,1e-05,0.0001,3e-05,-7e-05,0.00017,4e-05,0.00017,-0,-4e-05,1e-05,0.00153,0.00061,-0.00032,-0.00683,-4e-05,1e-05,0,0.00225,0.00841,0,-0.00784,-0.00072,0.00039,0.00042
105.98,0.0007,-5e-05,-0.00014,-2e-05,-1e-05,0,-0.00065,-0.0001,0.00054,-0.00019,1e-05,9e-05,3e-05,-6e-05,0.00015,2e-05,0.00015,-1e-05,-4e-05,0,0.00061,0.00163,6e-05,-0.00193,-4e-05,1e-05,0,0.00206,0.00717,-1e-05,-0.00752,-0.00066,0.00029,0.00037
106,0.0006,-4e-05,-0.00012,-0,-1e-05,0,-0.0006,-0.0001,0.00052,-0.00018,1e-05,8e-05,2e-05,-5e-05,0.00014,0,0.00014,-1e-05,-3e-05,0,-0.0001,0.00223,0.00034,0.00185,-3e-05,0,0,0.00184,0.00598,-0,-0.00709,-0.00058,0.00021,0.00031
